14 1 0 0 0 2 0 1 1 1 1 2171    0 
14 1 0 2 0 0 0 0 1 1 1 1307    1 
14 1 0 1 1 1 1 1 2 2 1 1133    0 
14 1 0 1 3 3 0 0 4 4 1  727    0 
14 1 1 2 0 2 1 0 3 3 1 4576    0 
14 1 0 2 0 2 1 0 1 1 1 1041    0 
14 1 1 0 2 0 1 0 1 1 1 1606    1 
14 1 1 2 2 0 0 1 3 3 1 1700    0 
14 1 0 1 1 1 1 1 2 2 1 1583    0 
14 1 0 3 3 3 1 1 4 4 1  783    0 
14 1 0 1 3 1 1 0 4 4 1  934    0 
14 1 0 3 3 3 1 1 4 4 1  487    0 
14 1 0 0 0 0 1 1 1 1 1 1667    0 
14 1 0 3 1 3 1 0 2 2 1 1110    0 
14 1 0 3 1 3 1 0 2 2 1  929    0 
14 1 0 3 3 3 1 1 4 4 1  987    0 
14 1 0 0 0 0 1 1 1 1 1 1706    1 
14 1 0 1 1 3 0 1 2 2 1 1557    1 
14 1 0 1 3 1 1 0 4 4 1  814    1 
14 1 1 0 2 0 1 0 1 1 1 1780    0 
14 1 0 1 1 1 1 1 2 2 1 1316    0 
14 1 0 1 3 3 0 0 4 4 1  966    0 
14 1 0 3 3 1 0 1 4 4 1  598    0 
14 1 1 2 2 2 1 1 3 3 1 2341    0 
14 1 0 3 3 1 0 1 4 4 1 1150    1 
14 1 0 3 3 3 1 1 4 4 1  567    0 
14 1 0 0 0 0 1 1 1 1 1  879    0 
14 1 1 1 3 3 0 0 2 2 1 1987    0 
14 1 0 0 0 2 0 1 1 1 1 1362    0 
14 1 1 1 1 3 0 1 2 2 1 3099    1 
14 1 0 3 1 1 0 0 2 2 1 1518    0 
14 1 0 0 2 0 1 0 3 3 1 1688    0 
14 1 1 1 1 1 1 1 2 2 1 1611    0 
14 1 1 0 2 0 1 0 1 1 1 1722    0 
14 1 0 0 2 0 1 0 3 3 1 1308    1 
14 1 0 2 2 2 1 1 3 3 1 1078    0 
14 1 1 3 1 1 0 0 4 2 0 1570    0 
14 1 0 3 1 1 0 0 2 2 1 2160    0 
14 1 1 2 2 0 0 1 3 3 1 1401    0 
14 1 0 0 2 2 0 0 3 3 1 1128    1 
14 1 0 1 3 3 0 0 4 4 1 1202    0 
14 1 1 2 0 0 0 0 3 3 1 1608    0 
14 1 1 2 2 2 1 1 3 3 1 1199    1 
14 1 0 2 2 0 0 1 3 3 1 1334    0 
14 1 0 2 0 0 0 0 1 1 1 1503    0 
14 1 0 0 2 0 1 0 3 3 1 1130    0 
14 1 0 3 3 1 0 1 4 4 1  740    0 
14 1 0 3 1 1 0 0 2 2 1 1077    1 
14 1 1 3 3 1 0 1 4 4 1 1649    0 
14 1 0 0 0 0 1 1 1 1 1  934    0 
14 1 0 2 2 2 1 1 3 3 1 2239    0 
14 1 0 3 3 1 0 1 4 4 1  900    0 
14 1 0 3 1 1 0 0 2 2 1 1263    1 
14 1 0 1 3 1 1 0 4 4 1 1580    1 
14 1 0 3 1 1 0 0 2 2 1 1124    1 
14 1 1 2 2 2 1 1 3 3 1 1318    0 
14 1 1 3 1 3 1 0 4 4 1 1968    0 
14 1 0 0 0 2 0 1 1 1 1  895    0 
14 1 1 3 1 3 1 0 4 4 1 1355    0 
14 1 1 0 0 2 0 1 1 1 1 2692    1 
14 1 0 0 2 0 1 0 3 3 1 1015    1 
14 1 0 0 2 0 1 0 3 3 1  790    0 
14 1 0 0 0 2 0 1 1 1 1  957    0 
14 1 1 2 0 2 1 0 3 3 1 1574    1 
14 1 1 2 2 2 1 1 3 3 1 2941    0 
14 1 0 0 0 2 0 1 1 1 1  791    1 
14 1 0 2 2 2 1 1 3 3 1  630    0 
14 1 0 0 0 2 0 1 1 1 1 1156    1 
14 1 0 1 1 1 1 1 2 2 1 1661    0 
14 1 0 3 1 1 0 0 2 2 1 1425    1 
14 1 1 2 2 2 1 1 3 3 1 1375    0 
14 1 0 1 3 3 0 0 4 4 1 2095    0 
14 1 0 0 2 0 1 0 3 3 1  931    0 
14 1 0 3 3 3 1 1 4 4 1  909    1 
14 1 0 2 2 2 1 1 3 3 1  855    0 
14 1 1 3 1 1 0 0 4 4 1 1580    0 
14 1 0 2 2 2 1 1 3 3 1 1084    0 
14 1 0 0 2 0 1 0 3 3 1  759    1 
14 1 0 0 2 0 1 0 3 3 1  768    1 
14 1 0 0 0 0 1 1 1 1 1 2248    0 
14 1 1 3 1 3 1 0 4 4 1 1477    1 
14 1 0 0 0 0 1 1 1 1 1  809  101 
14 1 1 2 0 2 1 0 3 3 1 2048    0 
14 1 0 2 0 2 1 0 1 1 1  973    1 
14 1 1 3 1 1 0 0 4 4 1 1469    0 
14 1 1 1 3 3 0 0 2 2 1 2601    0 
14 1 0 1 3 1 1 0 4 4 1 1072    0 
14 1 0 3 1 3 1 0 2 2 1 1380    1 
14 1 0 3 3 1 0 1 4 4 1 3188    1 
14 1 0 1 3 3 0 0 4 4 1  763    0 
14 1 0 0 0 0 1 1 1 1 1 1140    0 
14 1 0 1 3 3 0 0 4 4 1  597    0 
14 1 0 1 1 3 0 1 2 2 1  749    0 
14 1 0 2 0 0 0 0 1 1 1  693    0 
14 1 1 0 2 0 1 0 1 1 1 1217    0 
14 1 1 2 2 2 1 1 3 3 1 1463    0 
14 1 0 2 2 2 1 1 3 3 1 2291    0 
14 1 0 2 2 2 1 1 3 3 1  599    0 
14 1 0 1 1 3 0 1 2 2 1 1365    0 
14 1 0 0 0 2 0 1 1 1 1 1357    0 
14 1 0 1 1 1 1 1 2 2 1 1454    0 
14 1 1 2 2 0 0 1 3 3 1 1371    1 
14 1 0 2 2 2 1 1 3 3 1 1243    1 
14 1 0 2 0 0 0 0 1 1 1 1368    0 
14 1 0 1 1 1 1 1 2 2 1  912    0 
14 1 0 0 0 0 1 1 1 1 1  923    1 
14 1 0 2 2 0 0 1 3 3 1  749    0 
14 1 0 2 0 2 1 0 1 1 1  813    0 
14 1 0 0 2 2 0 0 3 3 1 1564    1 
14 1 0 1 3 3 0 0 4 4 1  917    1 
14 1 0 1 1 3 0 1 2 2 1  903    0 
14 1 1 3 3 1 0 1 4 4 1 1233    0 
14 1 0 2 0 0 0 0 1 1 1  775  130 
14 1 0 0 2 0 1 0 3 3 1 1039    0 
14 1 0 1 3 3 0 0 4 2 0  972    0 
14 1 0 3 1 3 1 0 2 2 1 2186    0 
14 1 0 3 3 1 0 1 4 4 1 1889    1 
14 1 0 2 2 0 0 1 3 3 1 1789    0 
14 1 0 3 1 3 1 0 2 2 1 1188    0 
14 1 0 1 3 1 1 0 4 4 1  755    1 
14 1 1 3 1 1 0 0 4 4 1 1772    0 
14 1 0 0 0 2 0 1 1 1 1  820    1 
14 1 0 2 0 2 1 0 1 1 1 1138    0 
14 1 0 3 3 1 0 1 4 4 1  715    1 
14 1 1 2 2 0 0 1 3 3 1 1293    0 
14 1 0 1 1 3 0 1 2 2 1 2456    1 
14 1 0 3 3 3 1 1 4 4 1  733    1 
14 1 0 2 2 2 1 1 3 3 1  702    0 
14 1 1 2 0 2 1 0 3 3 1 1305    0 
14 1 0 2 0 2 1 0 1 1 1 1220    0 
14 1 1 1 3 1 1 0 2 4 0 2098    1 
14 1 0 3 3 3 1 1 4 4 1 1594    0 
14 1 0 1 3 1 1 0 4 4 1 1002    1 
14 1 0 3 3 1 0 1 4 4 1  904    1 
14 1 0 1 1 3 0 1 2 2 1  827    0 
14 1 0 1 3 3 0 0 4 4 1  633    0 
14 1 0 2 2 2 1 1 3 3 1 1838    1 
14 1 1 1 1 1 1 1 2 2 1 1828    0 
14 1 0 0 2 0 1 0 3 3 1  922    0 
14 1 0 0 0 2 0 1 1 1 1 1092    0 
14 1 0 0 0 2 0 1 1 1 1 1263    0 
14 1 0 1 1 1 1 1 2 2 1 1820    0 
14 1 0 2 0 2 1 0 1 1 1 1722    0 
14 1 0 2 2 2 1 1 3 3 1  732    1 
14 1 1 3 1 3 1 0 4 4 1 2501    0 
14 1 0 1 3 3 0 0 4 4 1 1328    0 
14 1 0 3 1 1 0 0 2 2 1  826    1 
14 1 1 1 1 3 0 1 2 2 1 1760    1 
14 1 0 3 1 1 0 0 2 2 1 1216    1 
14 1 1 3 1 1 0 0 4 4 1 1350    0 
14 1 0 1 3 3 0 0 4 4 1  847    0 
14 1 1 3 3 3 1 1 4 4 1 1236    0 
14 1 0 0 0 2 0 1 1 1 1  850    0 
14 1 0 3 1 1 0 0 2 2 1 1758    0 
14 1 1 2 0 0 0 0 3 3 1 2455    0 
14 1 0 1 3 3 0 0 4 4 1  924    0 
14 1 0 2 0 2 1 0 1 1 1  870    1 
14 1 0 0 0 2 0 1 1 1 1  634    0 
14 1 1 3 3 1 0 1 4 4 1 1287    0 
14 1 0 0 2 2 0 0 3 3 1 2402    0 
14 1 0 1 1 1 1 1 2 2 1  993    1 
14 1 1 3 1 3 1 0 4 4 1 3560    1 
14 1 1 1 1 3 0 1 2 2 1 1905    1 
14 1 0 2 2 2 1 1 3 3 1 1076    0 
14 1 0 0 0 0 1 1 1 1 1  664    0 
14 1 0 3 3 1 0 1 4 4 1  708    0 
14 1 0 0 2 2 0 0 3 3 1 1215    0 
14 1 0 0 2 0 1 0 3 3 1  902    0 
14 1 0 1 3 3 0 0 4 4 1  944    1 
14 1 0 2 2 0 0 1 3 3 1  826    0 
14 1 0 1 3 1 1 0 4 2 0  864    1 
14 1 1 2 0 2 1 0 3 3 1 2178    1 
14 1 0 3 1 1 0 0 2 2 1 4018    1 
14 1 0 0 0 2 0 1 1 1 1 2224    0 
14 1 0 1 3 3 0 0 4 4 1 1270    0 
14 1 0 1 3 1 1 0 4 4 1  578    1 
14 1 0 0 0 2 0 1 1 1 1 1690    0 
14 1 0 0 2 0 1 0 3 3 1  829   84 
14 1 0 3 1 1 0 0 2 2 1 3571    0 
14 1 0 0 0 2 0 1 1 1 1  827    1 
14 1 0 1 3 3 0 0 4 4 1  689    0 
14 1 1 1 1 3 0 1 2 2 1 1349    0 
14 1 1 0 0 0 1 1 1 1 1 1325    1 
14 1 0 1 1 1 1 1 2 2 1 1727    1 
14 1 0 2 0 0 0 0 1 1 1 1305    0 
14 1 0 2 0 0 0 0 1 1 1  636    0 
14 1 0 3 3 1 0 1 4 4 1  721    0 
14 1 1 0 0 2 0 1 1 1 1 1139    1 
14 1 0 0 2 0 1 0 3 3 1  933    0 
14 1 1 1 1 1 1 1 2 2 1 1438    0 
14 1 0 3 1 1 0 0 2 2 1 1235    1 
14 1 0 2 0 0 0 0 1 1 1  753    0 
14 2 0 0 0 0 1 1 1 1 1 2635    0 
14 2 0 2 0 3 0 0 1 1 1  921    0 
14 2 1 1 3 1 1 0 2 2 1 2315    1 
14 2 0 0 0 1 0 1 1 1 1  813    0 
14 2 0 2 2 2 1 1 3 3 1  796    1 
14 2 0 1 1 1 1 1 2 2 1  939    0 
14 2 0 0 2 0 1 0 3 3 1  821    1 
14 2 0 3 1 0 0 0 2 2 1  827    0 
14 2 0 1 3 2 0 0 4 4 1  673    1 
14 2 0 1 3 1 1 0 4 4 1  717    0 
14 2 0 3 1 0 0 0 2 2 1  911    0 
14 2 0 0 0 0 1 1 1 1 1  705    1 
14 2 0 3 3 0 0 1 4 4 1  900    0 
14 2 0 0 2 0 1 0 3 3 1  799    0 
14 2 0 1 3 2 0 0 4 4 1  637    0 
14 2 0 3 1 3 1 0 2 2 1 1066    0 
14 2 0 1 1 1 1 1 2 2 1 1398    0 
14 2 0 1 1 2 0 1 2 2 1  669    0 
14 2 1 0 2 0 1 0 1 1 1 2057    0 
14 2 0 3 1 0 0 0 2 2 1  982    1 
14 2 1 2 0 3 0 0 3 3 1 2845    1 
14 2 0 2 2 3 0 1 3 3 1 1138    0 
14 2 0 1 3 1 1 0 4 4 1 1260    0 
14 2 0 0 0 1 0 1 1 1 1 2032    0 
14 2 1 2 0 3 0 0 3 3 1 1182    1 
14 2 0 2 2 3 0 1 3 3 1  997    0 
14 2 1 0 0 0 1 1 1 1 1 1316    1 
14 2 0 3 1 3 1 0 2 2 1 2878    1 
14 2 1 0 0 1 0 1 1 1 1 1402    0 
14 2 0 1 1 2 0 1 2 2 1 1033    0 
14 2 0 2 2 3 0 1 3 3 1  894    0 
14 2 1 3 1 3 1 0 4 4 1 2042    0 
14 2 1 2 0 3 0 0 3 3 1 1655    1 
14 2 0 0 2 0 1 0 3 3 1 1588    1 
14 2 0 2 0 2 1 0 1 1 1 1195    0 
14 2 0 3 1 0 0 0 2 2 1 1410    1 
14 2 0 2 0 3 0 0 1 1 1  873  102 
14 2 0 3 3 3 1 1 4 4 1 1141    0 
14 2 0 1 3 2 0 0 4 4 1 1110    1 
14 2 1 0 0 1 0 1 1 1 1 1193    0 
14 2 0 0 2 1 0 0 3 3 1 1504    0 
14 2 0 2 2 2 1 1 3 3 1 1371    1 
14 2 0 1 3 1 1 0 4 4 1  827    0 
14 2 0 3 3 0 0 1 4 4 1  529    1 
14 2 0 2 0 2 1 0 1 1 1  651   98 
14 2 1 2 2 2 1 1 3 3 1 1136    1 
14 2 0 3 1 3 1 0 2 2 1  809    0 
14 2 0 0 0 1 0 1 1 1 1 4056    0 
14 2 0 3 1 0 0 0 2 2 1  996    0 
14 2 0 2 0 3 0 0 1 1 1 1268    0 
14 2 0 2 0 3 0 0 1 1 1  616    0 
14 2 0 3 3 0 0 1 4 4 1  782    1 
14 2 1 1 1 1 1 1 2 2 1 1205    0 
14 2 1 0 2 1 0 0 1 1 1 1516    1 
14 2 0 0 2 1 0 0 3 3 1 1742    0 
14 2 1 3 3 0 0 1 4 4 1 1263    0 
14 2 0 0 0 0 1 1 1 1 1 3020    0 
14 2 0 1 1 1 1 1 2 2 1  834    0 
14 2 0 3 1 3 1 0 2 2 1  967    0 
14 2 1 0 0 1 0 1 1 1 1 1215    1 
14 2 1 1 1 2 0 1 2 2 1  982    0 
14 2 0 3 1 0 0 0 2 1 0 1070    0 
14 2 0 0 2 1 0 0 3 3 1 4192    0 
14 2 0 3 1 0 0 0 2 2 1 1543    0 
14 2 1 3 3 3 1 1 4 4 1 1080    0 
14 2 0 0 0 1 0 1 1 1 1 1036    0 
14 2 0 3 3 0 0 1 4 4 1 3290    0 
14 2 0 0 0 1 0 1 1 1 1  957    0 
14 2 0 2 2 2 1 1 3 3 1  886    0 
14 2 0 0 2 0 1 0 3 3 1 1361    0 
14 2 0 0 2 1 0 0 3 3 1  834    0 
14 2 0 1 1 2 0 1 2 2 1 2047    0 
14 2 0 1 1 1 1 1 2 2 1 2244    1 
14 2 1 1 3 1 1 0 2 2 1 2113    0 
14 2 0 1 1 2 0 1 2 2 1 1020    0 
14 2 0 2 0 3 0 0 1 1 1 1226    1 
14 2 0 3 1 0 0 0 2 2 1  904    0 
14 2 1 1 1 1 1 1 2 2 1 1483    0 
14 2 0 0 0 1 0 1 1 1 1  918    0 
14 2 1 0 0 0 1 1 1 1 1 1640    1 
14 2 0 0 0 1 0 1 1 1 1 1141    0 
14 2 0 1 3 2 0 0 4 4 1  823    0 
14 2 1 2 2 3 0 1 3 3 1 2469    1 
14 2 0 2 0 2 1 0 1 1 1 1649    0 
14 2 0 3 3 3 1 1 4 4 1  741    1 
14 2 0 3 1 3 1 0 2 2 1  855    0 
14 2 0 3 3 3 1 1 4 4 1  483    1 
14 2 1 2 0 2 1 0 3 3 1 1679    1 
14 2 1 2 2 2 1 1 3 3 1  931    0 
14 2 0 0 0 0 1 1 1 1 1  925    1 
14 2 0 0 0 1 0 1 1 1 1  743    0 
14 2 0 1 3 2 0 0 4 4 1 1056    1 
14 2 0 0 0 1 0 1 1 1 1  837    0 
14 2 1 1 3 1 1 0 2 2 1 2058    0 
14 2 0 3 3 3 1 1 4 4 1  863    0 
14 2 0 0 0 0 1 1 1 1 1  771    1 
14 2 1 0 2 0 1 0 1 1 1 2219    0 
14 2 1 2 0 2 1 0 3 3 1 1297    0 
14 2 0 0 2 1 0 0 3 3 1 1509    1 
14 2 0 1 3 2 0 0 4 4 1  623    1 
14 2 0 2 0 2 1 0 1 1 1  861    0 
14 2 0 0 0 1 0 1 1 1 1  786    0 
14 2 0 0 0 1 0 1 1 1 1  537    0 
14 2 0 3 1 0 0 0 2 2 1  859    0 
14 2 0 3 1 0 0 0 2 2 1  455    1 
14 2 0 1 1 1 1 1 2 2 1  460    0 
14 2 1 2 2 2 1 1 3 3 1 1193    0 
14 2 1 2 2 3 0 1 3 3 1 2064    1 
14 2 1 0 0 1 0 1 1 1 1 1613    0 
14 2 1 2 2 2 1 1 3 3 1 1219    0 
14 2 1 3 3 3 1 1 4 4 1 1289    1 
14 2 0 2 2 3 0 1 3 3 1 1661    0 
14 2 0 1 3 1 1 0 4 4 1 1401    0 
14 2 0 2 0 2 1 0 1 1 1 1280    1 
14 2 0 2 2 2 1 1 3 3 1  820    1 
14 2 1 0 2 0 1 0 1 1 1 1546    1 
14 2 0 2 0 2 1 0 1 1 1 1203    1 
14 2 0 3 3 0 0 1 4 4 1 3978    1 
14 2 0 1 1 2 0 1 2 2 1 1106    0 
14 2 0 3 3 0 0 1 4 4 1  949    0 
14 2 0 2 0 2 1 0 1 1 1  725    1 
14 2 0 3 1 3 1 0 2 2 1  879    0 
14 2 0 2 2 2 1 1 3 3 1  731    0 
14 2 0 1 3 2 0 0 4 4 1  645    0 
14 2 0 2 0 2 1 0 1 1 1 2547    0 
14 2 0 3 3 0 0 1 4 4 1 1044    0 
14 2 0 1 3 1 1 0 4 4 1 1193    0 
14 2 1 3 1 3 1 0 4 4 1 2025    1 
14 2 0 3 1 3 1 0 2 2 1 1079    0 
14 2 0 1 1 2 0 1 2 2 1 1051    0 
14 2 0 0 2 0 1 0 3 3 1  831    1 
14 2 0 1 3 1 1 0 4 4 1  717    1 
14 2 0 2 2 2 1 1 3 3 1  775    1 
14 2 1 1 1 2 0 1 2 2 1 1239    0 
14 2 1 1 1 2 0 1 2 2 1 1300    1 
14 2 0 2 0 2 1 0 1 1 1 1687    1 
14 2 0 1 3 1 1 0 4 4 1 1050    0 
14 2 0 3 1 0 0 0 2 1 0  679    0 
14 2 0 2 0 3 0 0 1 1 1 1073    1 
14 2 0 3 1 0 0 0 2 2 1  965    1 
14 2 0 3 3 0 0 1 4 4 1  837    0 
14 2 0 1 3 1 1 0 4 4 1 1674    0 
14 2 0 1 3 1 1 0 4 4 1  622    0 
14 2 0 0 0 0 1 1 1 1 1 3196    0 
14 2 1 1 3 2 0 0 2 2 1 3116    0 
14 2 1 3 1 3 1 0 4 4 1 1926    0 
14 2 0 0 0 0 1 1 1 1 1 2304    1 
14 2 1 2 0 2 1 0 3 3 1 2082    0 
14 2 1 2 2 3 0 1 3 3 1 1174    1 
14 2 0 1 3 2 0 0 4 4 1 2166    1 
14 2 1 3 1 0 0 0 4 4 1 2246    0 
14 2 0 1 1 2 0 1 2 2 1  995  106 
14 2 0 3 3 3 1 1 4 4 1  738    1 
14 2 0 0 2 0 1 0 3 3 1  900    0 
14 2 1 3 3 0 0 1 4 4 1 1254    0 
14 2 0 1 3 2 0 0 4 4 1  907    0 
14 2 0 0 0 1 0 1 1 1 1 1134    0 
14 2 0 2 0 2 1 0 1 1 1 1215    0 
14 2 1 0 0 0 1 1 1 1 1 1501    0 
14 2 1 1 1 1 1 1 2 2 1 1552    1 
14 2 0 3 3 3 1 1 4 4 1 1176    0 
14 2 0 1 3 2 0 0 4 4 1 1320    0 
14 2 1 0 0 0 1 1 1 1 1 1130    0 
14 2 0 3 3 3 1 1 4 4 1  724    1 
14 2 0 2 0 3 0 0 1 1 1 1070    0 
14 2 0 1 3 1 1 0 4 4 1  730    0 
14 2 1 0 0 1 0 1 1 1 1 1244    0 
14 2 0 3 3 3 1 1 4 4 1  706    1 
14 2 0 0 0 1 0 1 1 1 1  812    1 
14 2 1 2 2 3 0 1 3 3 1 1083    0 
14 2 0 0 0 0 1 1 1 1 1 1806    0 
14 2 1 3 3 0 0 1 4 4 1  925    0 
14 2 0 1 3 2 0 0 4 4 1 1367    1 
14 2 0 1 3 1 1 0 4 4 1  703    1 
14 2 0 1 1 1 1 1 2 2 1  930    0 
14 2 1 2 0 2 1 0 3 1 0 1436    0 
14 2 0 2 0 3 0 0 1 1 1 1975    0 
14 2 0 2 0 2 1 0 1 1 1  943    1 
14 2 0 1 3 1 1 0 4 4 1  904    0 
14 2 0 1 3 2 0 0 4 4 1  891  114 
14 2 0 2 2 3 0 1 3 3 1  878    0 
14 2 1 2 0 3 0 0 3 3 1 1386    0 
14 2 0 3 1 0 0 0 2 2 1 2401    0 
14 2 0 3 3 3 1 1 4 4 1 1048    0 
14 2 0 2 2 2 1 1 3 3 1 1198    0 
14 2 0 0 2 0 1 0 3 3 1  669    1 
14 2 0 0 0 0 1 1 1 1 1  665    0 
14 2 0 0 0 1 0 1 1 1 1  509    0 
14 2 0 3 1 0 0 0 2 2 1 1160    1 
14 2 0 1 1 1 1 1 2 2 1 1217    0 
14 2 0 2 2 2 1 1 3 3 1 1383    0 
14 2 0 3 3 0 0 1 4 4 1  822    1 
14 3 1 2 3 2 1 0 3 4 0 2718    0 
14 3 0 1 2 2 0 0 3 3 1 3934    1 
14 3 1 2 2 3 0 1 3 3 1 1879    1 
14 3 0 3 3 3 1 1 4 4 1 1011    0 
14 3 0 1 2 2 0 0 3 3 1 1730    1 
14 3 0 2 2 3 0 1 3 3 1  860    0 
14 3 0 1 1 2 0 1 2 2 1 1537    0 
14 3 0 1 2 1 1 0 3 3 1  690    0 
14 3 1 2 3 2 1 0 3 3 1 2749    1 
14 3 0 2 2 2 1 1 3 3 1  918    0 
14 3 0 2 3 3 0 0 4 4 1 1352    0 
14 3 0 1 2 1 1 0 3 3 1 1256    0 
14 3 0 0 1 0 1 0 2 2 1 1077    0 
14 3 0 3 3 3 1 1 4 4 1 1033    1 
14 3 0 3 3 3 1 1 4 4 1  534    0 
14 3 0 2 3 3 0 0 4 4 1  688    0 
14 3 0 0 1 1 0 0 2 2 1 1011    0 
14 3 1 3 0 0 0 0 4 4 1 1730    0 
14 3 0 1 2 2 0 0 3 3 1 1236    0 
14 3 1 1 2 1 1 0 2 2 1 1825    0 
14 3 0 1 2 2 0 0 3 3 1 1207    1 
14 3 0 2 2 2 1 1 3 3 1  878    0 
14 3 0 2 2 2 1 1 3 3 1  682    0 
14 3 0 0 1 1 0 0 2 2 1 1701    0 
14 3 0 2 2 3 0 1 3 3 1 2432    0 
14 3 0 3 3 3 1 1 4 4 1  525    1 
14 3 0 2 2 2 1 1 3 3 1  511    1 
14 3 1 3 0 0 0 0 4 4 1 1666    0 
14 3 1 3 0 0 0 0 4 4 1 1358    0 
14 3 0 0 1 1 0 0 2 2 1 1174    1 
14 3 1 1 2 1 1 0 2 2 1 1518    1 
14 3 0 3 0 3 1 0 1 1 1 1792    0 
14 3 1 3 0 3 1 0 4 4 1 1720    0 
14 3 1 0 0 0 1 1 1 1 1 2162    0 
14 3 0 3 3 0 0 1 4 4 1  866    0 
14 3 0 2 2 3 0 1 3 3 1  702    0 
14 3 0 0 1 0 1 0 2 2 1  961    0 
14 3 1 1 2 1 1 0 2 2 1 1474    0 
14 3 0 0 0 1 0 1 1 1 1  822    0 
14 3 0 1 1 1 1 1 2 2 1  972    0 
14 3 0 1 1 2 0 1 2 2 1 1268    0 
14 3 0 1 1 1 1 1 2 2 1  600    0 
14 3 0 2 3 2 1 0 4 4 1  718    0 
14 3 0 1 2 1 1 0 3 3 1 1224    0 
14 3 1 3 0 3 1 0 4 4 1 2166    0 
14 3 0 0 0 0 1 1 1 1 1 1254    0 
14 3 0 2 3 2 1 0 4 4 1 1771    0 
14 3 1 0 1 1 0 0 1 1 1 1411    1 
14 3 1 3 3 3 1 1 4 4 1 1258    1 
14 3 0 0 1 1 0 0 2 2 1  806    0 
14 3 0 1 2 2 0 0 3 3 1 1061  109 
14 3 0 0 0 0 1 1 1 1 1  586    0 
14 3 1 2 3 3 0 0 3 3 1 1537    0 
14 3 0 1 1 1 1 1 2 2 1 1042    0 
14 3 0 2 2 2 1 1 3 3 1  952    0 
14 3 0 2 2 2 1 1 3 3 1  568    0 
14 3 0 0 1 1 0 0 2 2 1  896    1 
14 3 0 1 1 1 1 1 2 2 1  508    1 
14 3 1 0 0 0 1 1 1 1 1 1238    0 
14 3 0 1 2 2 0 0 3 3 1  916    1 
14 3 0 0 1 0 1 0 2 2 1 1022    0 
14 3 1 3 0 3 1 0 4 4 1 1196    1 
14 3 0 0 0 0 1 1 1 1 1  907    1 
14 3 0 1 2 2 0 0 3 3 1  886    0 
14 3 0 3 3 3 1 1 4 4 1  705    1 
14 3 1 0 0 0 1 1 1 1 1 1147    0 
14 3 0 2 3 3 0 0 4 4 1  909    1 
14 3 0 3 3 0 0 1 4 4 1  672    1 
14 3 0 0 1 1 0 0 2 3 0  820    1 
14 3 0 2 3 2 1 0 4 4 1 3135    0 
14 3 0 3 0 3 1 0 1 1 1 1521    0 
14 3 0 0 1 1 0 0 2 2 1 2907    0 
14 3 0 1 2 2 0 0 3 3 1  741    0 
14 3 0 1 1 1 1 1 2 2 1 1327    0 
14 3 0 1 2 2 0 0 3 3 1  537    0 
14 3 0 3 3 3 1 1 4 4 1  650    1 
14 3 0 1 1 1 1 1 2 2 1 1255    0 
14 3 1 2 2 2 1 1 3 3 1 1131    0 
14 3 0 0 1 0 1 0 2 2 1  765    0 
14 3 0 3 3 3 1 1 4 4 1  573    1 
14 3 0 3 0 3 1 0 1 1 1 1037    0 
14 3 0 2 3 3 0 0 4 4 1  707    0 
14 3 1 0 0 1 0 1 1 1 1 1141    0 
14 3 1 0 1 0 1 0 1 1 1 2703    0 
14 3 0 2 3 3 0 0 4 4 1 1265    0 
14 3 0 0 0 0 1 1 1 1 1 1373    1 
14 3 1 2 3 3 0 0 3 3 1 1317    0 
14 3 0 2 2 3 0 1 3 3 1  839    0 
14 3 0 2 2 3 0 1 3 3 1  661    0 
14 3 0 1 1 1 1 1 2 2 1  761    1 
14 3 0 3 0 3 1 0 1 1 1  762    0 
14 3 0 1 1 2 0 1 2 2 1  747    1 
14 3 1 3 3 0 0 1 4 4 1 1308    0 
14 3 1 0 0 1 0 1 1 1 1 1119    0 
14 3 0 3 0 0 0 0 1 1 1  809    0 
14 3 0 2 3 2 1 0 4 4 1  639    0 
14 3 0 0 0 1 0 1 1 1 1  765    1 
14 3 0 1 2 2 0 0 3 3 1  869    0 
14 3 0 2 2 3 0 1 3 3 1  593    0 
14 3 0 0 0 1 0 1 1 1 1  601    1 
14 3 0 3 3 0 0 1 4 4 1  671    0 
14 3 0 1 2 2 0 0 3 3 1  755    1 
14 3 0 3 3 3 1 1 4 4 1  764    0 
14 3 0 1 2 1 1 0 3 3 1 1261    1 
14 3 0 2 3 3 0 0 4 4 1  641    1 
14 3 0 2 3 2 1 0 4 4 1  791    0 
14 3 0 3 3 0 0 1 4 4 1  550    1 
14 3 1 0 1 1 0 0 1 1 1 1591    0 
14 3 0 2 2 3 0 1 3 3 1 1054    0 
14 3 0 1 1 2 0 1 2 2 1 1419    0 
14 3 0 3 3 0 0 1 4 4 1  561    0 
14 3 0 3 0 0 0 0 1 1 1  673   97 
14 3 1 3 3 3 1 1 4 4 1  965    1 
14 3 0 2 2 2 1 1 3 3 1  837    1 
14 3 1 2 3 3 0 0 3 3 1 1539    0 
14 3 0 0 0 1 0 1 1 1 1  740    0 
14 3 0 3 3 3 1 1 4 4 1  789    1 
14 3 0 1 2 2 0 0 3 3 1  805    1 
14 3 0 3 0 3 1 0 1 1 1  787    1 
14 3 0 1 1 2 0 1 2 2 1  859    1 
14 3 0 0 0 1 0 1 1 1 1  567    1 
14 3 0 0 0 0 1 1 1 1 1  431    0 
14 3 0 2 2 3 0 1 3 3 1  685    0 
14 3 0 3 3 0 0 1 4 4 1  769    1 
14 3 0 0 1 0 1 0 2 1 0  761    0 
14 3 0 2 3 3 0 0 4 4 1 1319    0 
14 3 0 2 3 3 0 0 4 4 1  969    0 
14 3 1 1 2 1 1 0 2 2 1 2777    0 
14 3 0 0 0 1 0 1 1 1 1 1217    1 
14 3 1 3 3 0 0 1 4 4 1 1359    0 
14 3 0 3 3 3 1 1 4 4 1 2264    0 
14 3 0 0 0 0 1 1 1 1 1 1765    0 
14 3 0 2 3 3 0 0 4 4 1  685    1 
14 3 1 0 1 0 1 0 1 1 1 1760    0 
14 3 0 3 3 3 1 1 4 4 1  777    1 
14 3 0 2 3 2 1 0 4 4 1  889    0 
14 3 1 2 2 3 0 1 3 3 1 1092    0 
14 3 1 1 2 2 0 0 2 2 1 1424  102 
14 3 0 0 0 0 1 1 1 1 1 1198    0 
14 3 0 2 2 2 1 1 3 3 1  773    1 
14 3 1 3 0 0 0 0 4 4 1 2029    1 
14 3 1 2 3 3 0 0 3 3 1 1643    0 
14 3 0 0 0 1 0 1 1 2 0 1688    0 
14 3 0 2 3 2 1 0 4 4 1 4066    1 
14 3 0 1 1 2 0 1 2 2 1 1022    0 
14 3 0 1 1 1 1 1 2 2 1  540    0 
14 3 1 0 1 0 1 0 1 1 1 1453    1 
14 3 1 1 2 1 1 0 2 2 1 1994    1 
14 3 0 1 1 1 1 1 2 2 1  841    1 
14 3 0 3 0 3 1 0 1 1 1  854    0 
14 3 1 3 0 3 1 0 4 4 1 1251    1 
14 3 1 0 0 1 0 1 1 1 1 1352    1 
14 3 0 0 0 1 0 1 1 1 1  816    0 
14 3 0 0 0 1 0 1 1 1 1  606    0 
14 3 0 1 1 1 1 1 2 2 1 1021  106 
14 3 1 0 0 1 0 1 1 1 1 1131    0 
14 3 0 0 1 1 0 0 2 2 1 2253    0 
14 3 1 1 2 2 0 0 2 2 1 1738    1 
14 3 0 3 3 3 1 1 4 4 1  915    0 
14 3 0 1 1 1 1 1 2 2 1 1069    1 
14 3 0 3 3 3 1 1 4 4 1  625    0 
14 3 0 0 0 0 1 1 1 1 1  703    1 
14 3 0 1 1 1 1 1 2 2 1  866    0 
14 3 0 3 3 0 0 1 4 4 1  734    1 
14 3 1 1 2 1 1 0 2 2 1 1791    0 
14 3 1 2 3 3 0 0 3 3 1 1622    0 
14 3 1 0 0 1 0 1 1 1 1 1196    1 
14 3 0 0 1 0 1 0 2 2 1 1796    0 
14 3 0 2 2 2 1 1 3 3 1 1395    0 
14 3 0 0 0 0 1 1 1 1 1  658    0 
14 3 0 3 0 0 0 0 1 1 1 1175    0 
14 3 0 1 1 2 0 1 2 2 1  895    0 
14 3 0 2 3 3 0 0 4 4 1  938    1 
14 3 0 3 0 0 0 0 1 1 1  836    1 
14 3 0 2 2 2 1 1 3 3 1 1169    0 
14 3 0 2 3 3 0 0 4 4 1 1169    1 
14 3 0 1 1 2 0 1 2 2 1  873    0 
14 3 0 3 0 3 1 0 1 1 1  861    1 
14 3 1 0 0 0 1 1 1 1 1 1290    0 
14 3 0 3 0 0 0 0 1 1 1  805    1 
14 3 1 1 2 1 1 0 2 2 1 2076    1 
14 3 1 1 2 2 0 0 2 2 1 1960    0 
14 3 0 1 2 2 0 0 3 3 1 1184    0 
14 3 0 0 0 1 0 1 1 1 1 2832    0 
14 3 1 0 0 0 1 1 1 1 1 1189    1 
14 3 0 2 2 2 1 1 3 3 1  876    0 
14 3 0 3 0 3 1 0 1 1 1 1976    0 
14 3 0 2 2 3 0 1 3 3 1 1264    1 
14 3 0 3 0 3 1 0 1 1 1  973    0 
14 3 0 3 0 3 1 0 1 1 1  733    1 
14 3 1 1 2 2 0 0 2 2 1 1270    1 
14 3 0 3 0 0 0 0 1 1 1 1018    0 
14 4 1 0 0 1 0 1 1 1 1 2633    1 
14 4 0 2 1 3 0 0 2 2 1 2270    0 
14 4 1 2 2 3 0 1 3 3 1 1386    0 
14 4 0 2 1 2 1 0 2 2 1 1169    1 
14 4 0 2 1 3 0 0 2 2 1 1145    0 
14 4 0 2 1 2 1 0 2 2 1  835    0 
14 4 1 1 0 2 0 0 2 2 1 1296    0 
14 4 0 2 2 2 1 1 3 3 1 1427    0 
14 4 0 0 0 0 1 1 1 1 1  689    0 
14 4 1 1 0 1 1 0 2 2 1 1173    1 
14 4 0 2 2 2 1 1 3 3 1  789    0 
14 4 1 1 0 1 1 0 2 2 1 1292    0 
14 4 0 1 0 1 1 0 1 1 1 1119    0 
14 4 0 3 3 0 0 1 4 4 1  833    0 
14 4 0 3 2 0 0 0 3 3 1  799    0 
14 4 0 2 2 2 1 1 3 3 1  821    0 
14 4 1 2 2 2 1 1 3 3 1 1243    0 
14 4 0 3 3 0 0 1 4 4 1 3833    0 
14 4 0 1 0 1 1 0 1 1 1  846    0 
14 4 0 3 3 0 0 1 4 4 1  771    0 
14 4 0 2 1 3 0 0 2 2 1 1651  107 
14 4 0 2 1 3 0 0 2 2 1 1040    0 
14 4 1 3 2 0 0 0 4 4 1 1701    0 
14 4 0 3 3 0 0 1 4 4 1  920    1 
14 4 0 1 0 2 0 0 1 1 1  714    0 
14 4 0 2 1 2 1 0 2 2 1 1005    1 
14 4 0 0 0 0 1 1 1 1 1  971    1 
14 4 1 0 0 0 1 1 1 1 1 1491    0 
14 4 0 3 3 0 0 1 4 4 1  703    0 
14 4 0 0 0 1 0 1 1 1 1 1281    0 
14 4 0 2 2 2 1 1 3 3 1 1757    1 
14 4 1 2 2 2 1 1 3 3 1 1694    0 
14 4 0 2 1 3 0 0 2 2 1 1585    0 
14 4 0 3 2 3 1 0 3 3 1 1105    0 
14 4 0 1 0 2 0 0 1 1 1 1907    0 
14 4 0 1 1 1 1 1 2 2 1 1998    0 
14 4 1 2 2 2 1 1 3 3 1 2693    0 
14 4 0 2 2 2 1 1 3 3 1  585    1 
14 4 0 2 2 3 0 1 3 3 1  536    0 
14 4 0 3 3 3 1 1 4 4 1  545    0 
14 4 0 3 2 3 1 0 3 3 1  739    0 
14 4 0 2 1 3 0 0 2 2 1 2028    1 
14 4 0 1 1 1 1 1 2 2 1  978    0 
14 4 0 3 3 3 1 1 4 4 1 1258    0 
14 4 1 3 2 3 1 0 4 4 1 1607    1 
14 4 0 3 2 0 0 0 3 3 1 1373    0 
14 4 1 0 0 0 1 1 1 1 1 1325    0 
14 4 0 0 3 1 0 0 4 4 1 1183    1 
14 4 1 0 3 1 0 0 1 1 1 2262    0 
14 4 0 1 0 1 1 0 1 1 1 1267    1 
14 4 0 2 1 3 0 0 2 2 1 1447    0 
14 4 0 0 3 0 1 0 4 4 1  764    1 
14 4 1 3 2 3 1 0 4 4 1 1597    0 
14 4 0 2 2 3 0 1 3 3 1  684    0 
14 4 1 2 1 3 0 0 3 3 1 2120    1 
14 4 0 3 3 0 0 1 4 4 1  698    1 
14 4 1 2 1 3 0 0 3 3 1 1197    0 
14 4 0 3 2 0 0 0 3 3 1 1020    0 
14 4 0 0 0 1 0 1 1 1 1 1018    0 
14 4 0 3 3 3 1 1 4 4 1 2560    0 
14 4 0 0 3 1 0 0 4 4 1  465    0 
14 4 1 0 3 1 0 0 1 1 1 1213    0 
14 4 0 2 1 3 0 0 2 2 1 1364    0 
14 4 0 1 1 2 0 1 2 2 1  644    1 
14 4 0 2 1 3 0 0 2 2 1  594    0 
14 4 0 1 1 1 1 1 2 2 1  553  105 
14 4 0 1 1 1 1 1 2 2 1  442    0 
14 4 0 3 2 0 0 0 3 3 1  735    0 
14 4 0 3 3 0 0 1 4 4 1  616   88 
14 4 0 0 3 1 0 0 4 4 1  822    1 
14 4 0 1 1 1 1 1 2 2 1 1020    1 
14 4 0 2 2 3 0 1 3 3 1  770    0 
14 4 0 2 1 2 1 0 2 2 1  714    0 
14 4 1 2 1 2 1 0 3 3 1 2853    0 
14 4 0 1 1 2 0 1 2 2 1 1146    1 
14 4 0 3 3 3 1 1 4 4 1  875    0 
14 4 1 3 3 3 1 1 4 4 1 1743    0 
14 4 0 0 0 1 0 1 1 1 1  840    0 
14 4 1 1 0 2 0 0 2 2 1 1350    0 
14 4 1 1 0 2 0 0 2 2 1 1150    0 
14 4 0 2 1 2 1 0 2 3 0 1455    0 
14 4 0 2 1 2 1 0 2 2 1 1194    0 
14 4 0 0 3 1 0 0 4 4 1 3689    0 
14 4 0 2 2 2 1 1 3 3 1 1340    0 
14 4 0 3 3 0 0 1 4 4 1  790    1 
14 4 0 1 0 2 0 0 1 1 1 1381    0 
14 4 1 3 2 3 1 0 4 4 1 1333    0 
14 4 1 0 0 1 0 1 1 1 1 1246    0 
14 4 0 0 3 1 0 0 4 4 1 1308    0 
14 4 0 1 1 2 0 1 2 2 1 2910    0 
14 4 0 3 3 0 0 1 4 4 1  769    1 
14 4 0 1 1 1 1 1 2 2 1 1057    1 
14 4 1 1 0 1 1 0 2 2 1 1542    0 
14 4 1 0 3 1 0 0 1 1 1 1839    1 
14 4 0 1 0 2 0 0 1 1 1 1700    0 
14 4 0 0 0 0 1 1 1 1 1  911    1 
14 4 0 2 2 3 0 1 3 3 1 1610    0 
14 4 0 3 2 3 1 0 3 3 1  512    1 
14 4 1 3 3 3 1 1 4 4 1 1163    0 
14 4 0 3 3 3 1 1 4 4 1  651    0 
14 4 0 0 3 0 1 0 4 4 1  568    0 
14 4 1 1 0 1 1 0 2 2 1 1784    1 
14 4 0 1 1 2 0 1 2 2 1  896    0 
14 4 0 2 1 3 0 0 2 2 1 1011    0 
14 4 1 2 2 3 0 1 3 3 1 1817    0 
14 4 0 0 3 0 1 0 4 4 1 1543    0 
14 4 0 1 1 2 0 1 2 2 1 1057    0 
14 4 0 3 2 3 1 0 3 3 1  933    0 
14 4 0 0 3 1 0 0 4 4 1 2919    1 
14 4 1 3 3 0 0 1 4 4 1 1089    0 
14 4 0 2 2 2 1 1 3 0 0 5000    0 
14 4 1 3 3 0 0 1 4 4 1 1297    0 
14 4 1 3 2 0 0 0 4 4 1 2452    1 
14 4 0 2 1 2 1 0 2 2 1 1825    0 
14 4 0 2 1 3 0 0 2 2 1  607    1 
14 4 0 1 0 2 0 0 1 1 1  685    1 
14 4 0 0 0 0 1 1 1 1 1  473  104 
14 4 1 2 1 2 1 0 3 3 1 1229    0 
14 4 0 2 1 3 0 0 2 3 0  627   90 
14 4 0 0 3 0 1 0 4 4 1 3327    0 
14 4 1 1 0 1 1 0 2 2 1 1401    0 
14 4 0 0 0 1 0 1 1 1 1 1111    0 
14 4 1 0 3 1 0 0 1 1 1 1810    0 
14 4 0 2 2 2 1 1 3 3 1  881  103 
14 4 0 3 2 3 1 0 3 3 1  909    0 
14 4 1 0 0 0 1 1 1 1 1 1463    0 
14 4 0 3 2 3 1 0 3 3 1 1396    0 
14 4 0 0 0 0 1 1 1 1 1  827    0 
14 4 0 1 1 1 1 1 2 2 1  865    0 
14 4 0 3 3 0 0 1 4 4 1 1229    0 
14 4 0 1 0 1 1 0 1 1 1  915    1 
14 4 0 0 0 1 0 1 1 1 1 2045    0 
14 4 0 0 3 1 0 0 4 4 1 1291    1 
14 4 0 2 2 2 1 1 3 3 1  742    1 
14 4 0 1 0 2 0 0 1 1 1  935    3 
14 4 1 1 0 2 0 0 2 2 1 1449    0 
14 4 1 0 3 1 0 0 1 1 1 1397    0 
14 4 0 2 2 2 1 1 3 3 1  757    1 
14 4 0 3 3 3 1 1 4 4 1 3861    0 
14 4 0 0 3 0 1 0 4 4 1 1314    0 
14 4 0 0 3 1 0 0 4 4 1  445    1 
14 4 0 1 0 2 0 0 1 1 1  722    1 
14 4 1 0 3 0 1 0 1 1 1 1500    0 
14 4 0 2 2 2 1 1 3 3 1 1639    1 
14 4 0 2 1 3 0 0 2 2 1  980    0 
14 4 0 0 3 1 0 0 4 4 1  964    0 
14 4 0 1 1 1 1 1 2 2 1 2197    0 
14 4 0 1 1 2 0 1 2 2 1  604    0 
14 4 0 1 1 1 1 1 2 2 1  482    0 
14 4 0 3 3 0 0 1 4 4 1 1022    0 
14 4 1 0 3 0 1 0 1 1 1 1724    0 
14 4 0 2 2 2 1 1 3 3 1  734    0 
14 4 0 1 0 2 0 0 1 1 1 1807    1 
14 4 1 0 3 0 1 0 1 1 1 1102    0 
14 4 0 3 2 0 0 0 3 3 1  904    1 
14 4 0 2 2 2 1 1 3 3 1  587    0 
14 4 0 1 1 1 1 1 2 2 1  763    0 
14 4 0 1 0 1 1 0 1 1 1  747    1 
14 4 0 3 3 3 1 1 4 4 1  517    1 
14 4 0 1 1 2 0 1 2 2 1  822   94 
14 4 1 3 3 3 1 1 4 4 1 1109    0 
14 4 0 2 1 3 0 0 2 2 1 2399    0 
14 4 0 1 1 2 0 1 2 2 1  654    0 
14 4 0 0 3 0 1 0 4 4 1 1602    0 
14 4 0 0 0 1 0 1 1 1 1  905    0 
14 4 0 3 3 3 1 1 4 4 1  660    0 
14 4 0 1 1 1 1 1 2 2 1 1168    0 
14 4 1 3 3 3 1 1 4 4 1 1512    0 
14 4 0 3 2 3 1 0 3 3 1 1371    1 
14 4 0 0 3 0 1 0 4 4 1  859    0 
14 4 0 0 0 1 0 1 1 1 1 1888    0 
14 4 0 0 3 1 0 0 4 4 1  755    0 
14 4 0 0 0 1 0 1 1 1 1  836    1 
14 4 1 3 2 3 1 0 4 4 1 1233    0 
14 4 1 0 3 1 0 0 1 1 1 2398    0 
14 4 0 1 1 2 0 1 2 2 1  965    0 
14 4 0 3 3 3 1 1 4 4 1  749    1 
14 4 0 3 3 3 1 1 4 4 1  470    0 
14 4 0 1 0 2 0 0 1 1 1 1178    1 
14 4 0 0 3 0 1 0 4 4 1 1018    0 
14 4 0 0 3 1 0 0 4 4 1  544    1 
14 4 1 1 1 1 1 1 2 2 1 1449    0 
14 4 0 0 0 1 0 1 1 1 1  814    0 
14 4 0 1 1 1 1 1 2 1 0  684    0 
14 4 0 0 0 1 0 1 1 1 1  662    1 
14 4 1 3 2 3 1 0 4 4 1 1282    1 
14 4 0 1 1 1 1 1 2 2 1 2414    0 
14 4 0 1 1 2 0 1 2 2 1 1204    1 
14 4 1 3 3 3 1 1 4 4 1  947    0 
14 4 0 3 3 3 1 1 4 4 1  580    1 
14 4 0 2 2 3 0 1 3 3 1  884    1 
14 4 1 1 0 2 0 0 2 2 1 2176    1 
