6 1 0 3 1 1 0 0 2 2 1 2955    1 
6 1 0 3 3 3 1 1 4 4 1 1108    1 
6 1 0 0 2 0 1 0 3 3 1 1407    1 
6 1 1 3 1 1 0 0 4 4 1 3557    0 
6 1 1 2 2 2 1 1 3 3 1 1646    0 
6 1 0 3 3 3 1 1 4 4 1 1619    1 
6 1 1 3 3 1 0 1 4 4 1  969    0 
6 1 1 2 0 0 0 0 3 3 1 1609    1 
6 1 1 2 2 2 1 1 3 3 1 1248    0 
6 1 0 2 0 2 1 0 1 1 1 1013    1 
6 1 0 2 0 0 0 0 1 1 1  748    0 
6 1 0 0 2 2 0 0 3 3 1 1437    0 
6 1 0 3 3 3 1 1 4 4 1  683    1 
6 1 0 3 3 3 1 1 4 4 1  806    1 
6 1 0 2 0 2 1 0 1 1 1  837    0 
6 1 1 1 3 1 1 0 2 2 1 1170    0 
6 1 0 3 1 3 1 0 2 2 1 2514    0 
6 1 0 0 0 0 1 1 1 1 1 1733    1 
6 1 0 0 0 2 0 1 1 1 1  598    0 
6 1 0 3 3 1 0 1 4 4 1  861    1 
6 1 1 1 3 3 0 0 2 2 1 1354    0 
6 1 0 1 3 3 0 0 4 4 1 3859    0 
6 1 0 1 1 3 0 1 2 2 1 1423    0 
6 1 0 0 0 0 1 1 1 1 1 1189    1 
6 1 0 3 1 3 1 0 2 2 1 1581    0 
6 1 0 3 3 1 0 1 4 4 1 1629    0 
6 1 0 3 1 1 0 0 2 2 1  939    1 
6 1 0 0 0 0 1 1 1 1 1  748    1 
6 1 0 0 0 0 1 1 1 1 1  701    1 
6 1 0 3 1 1 0 0 2 2 1  944    0 
6 1 0 0 0 2 0 1 1 1 1  785    0 
6 1 0 2 2 2 1 1 3 3 1 1241    0 
6 1 0 1 1 1 1 1 2 2 1  790    0 
6 1 0 2 0 2 1 0 1 1 1  901    0 
6 1 1 3 3 3 1 1 4 4 1 1392    0 
6 1 0 0 0 2 0 1 1 1 1  919    0 
6 1 0 0 2 2 0 0 3 3 1  961    0 
6 1 1 2 0 0 0 0 3 3 1 2098    0 
6 1 0 2 0 2 1 0 1 1 1 1357    0 
6 1 0 1 3 1 1 0 4 4 1 1694    0 
6 1 0 2 0 0 0 0 1 1 1  769    0 
6 1 1 0 2 0 1 0 1 1 1 1481    1 
6 1 1 1 1 3 0 1 2 2 1 1517    0 
6 1 0 0 2 0 1 0 3 3 1  935    0 
6 1 0 0 0 2 0 1 1 1 1  801    1 
6 1 0 1 3 3 0 0 4 4 1 1527    0 
6 1 0 3 1 1 0 0 2 2 1 1393    0 
6 1 0 0 2 0 1 0 3 3 1 1264    1 
6 1 0 1 1 1 1 1 2 2 1  917    0 
6 1 0 1 1 1 1 1 2 2 1  847    1 
6 1 0 1 1 3 0 1 2 2 1  748    1 
6 1 0 1 3 1 1 0 4 4 1  837    0 
6 1 0 1 1 1 1 1 2 2 1  906    1 
6 1 0 1 3 1 1 0 4 4 1  997    1 
6 1 1 3 1 1 0 0 4 4 1 1356    0 
6 1 0 1 3 3 0 0 4 4 1 2125    0 
6 1 0 1 1 3 0 1 2 2 1  839    0 
6 1 0 0 0 0 1 1 1 1 1  940    0 
6 1 1 3 1 3 1 0 4 4 1 1110    0 
6 1 0 0 0 2 0 1 1 1 1 1128    0 
6 1 1 0 2 2 0 0 1 1 1 1346    1 
6 1 0 2 2 0 0 1 3 3 1 1780    0 
6 1 0 1 3 1 1 0 4 4 1 2244    1 
6 1 0 1 1 3 0 1 2 2 1  865    0 
6 1 0 0 2 0 1 0 3 3 1 1645    0 
6 1 1 0 0 2 0 1 1 1 1 1178    0 
6 1 0 1 3 3 0 0 4 4 1  858    0 
6 1 0 0 2 0 1 0 3 3 1 2191    0 
6 1 0 0 2 0 1 0 3 3 1  686    1 
6 1 0 2 0 2 1 0 1 1 1 2002    1 
6 1 0 2 2 2 1 1 3 3 1  984    0 
6 1 0 2 2 2 1 1 3 3 1  712    0 
6 1 0 2 0 2 1 0 1 1 1  946    1 
6 1 0 0 0 0 1 1 1 1 1  668    0 
6 1 0 0 2 2 0 0 3 3 1 1176    0 
6 1 0 1 1 3 0 1 2 2 1 2208    0 
6 1 0 2 0 2 1 0 1 1 1  894    0 
6 1 0 2 2 0 0 1 3 3 1 1898    1 
6 1 1 2 2 2 1 1 3 3 1 1253    0 
6 1 0 0 0 2 0 1 1 1 1  866    1 
6 1 1 0 0 0 1 1 1 1 1 1046    0 
6 1 0 3 3 3 1 1 4 4 1 1003    0 
6 1 0 2 2 2 1 1 3 3 1 1250    1 
6 1 0 2 2 2 1 1 3 3 1  662    0 
6 1 0 3 3 1 0 1 4 4 1  763    0 
6 1 0 0 2 2 0 0 3 3 1 1060    0 
6 1 0 2 0 0 0 0 1 1 1 1248    1 
6 1 1 2 0 2 1 0 3 3 1 4861    0 
6 1 1 3 1 1 0 0 4 2 0 1970    0 
6 1 1 1 3 1 1 0 2 2 1 3448    0 
6 1 0 1 3 3 0 0 4 4 1 1557    1 
6 1 1 1 3 3 0 0 2 2 1 2086    1 
6 1 0 3 1 1 0 0 2 2 1 1385    0 
6 1 1 0 2 2 0 0 1 1 1 1184    0 
6 1 1 3 1 3 1 0 4 4 1 2232    0 
6 1 0 0 2 0 1 0 3 3 1 1661    1 
6 1 1 0 0 2 0 1 1 1 1 2978    0 
6 1 0 3 1 1 0 0 2 2 1 1194    0 
6 1 0 1 1 1 1 1 2 2 1 1289    0 
6 1 0 2 0 0 0 0 1 1 1  901    0 
6 1 0 2 0 2 1 0 1 1 1  863    0 
6 1 1 1 3 3 0 0 2 2 1 1460    0 
6 1 0 2 2 0 0 1 3 3 1 1249    0 
6 1 0 0 2 0 1 0 3 3 1 1109    0 
6 1 0 0 0 0 1 1 1 1 1  792    0 
6 1 0 3 3 3 1 1 4 4 1 3431    0 
6 1 0 3 1 3 1 0 2 2 1  805    1 
6 1 0 2 2 0 0 1 3 3 1 1068    0 
6 1 1 2 2 0 0 1 3 3 1 1192    1 
6 1 0 2 2 0 0 1 3 3 1 1135    1 
6 1 0 2 0 0 0 0 1 1 1  801    1 
6 1 0 0 2 2 0 0 3 3 1  999    0 
6 1 0 3 1 1 0 0 2 2 1 3086    0 
6 1 1 1 1 3 0 1 2 2 1 2257    0 
6 1 1 1 1 1 1 1 2 2 1 1310    0 
6 1 0 2 0 2 1 0 1 1 1 2137    0 
6 1 1 1 1 1 1 1 2 2 1 1546    0 
6 1 1 3 3 1 0 1 4 4 1 1883    0 
6 1 0 1 3 1 1 0 4 4 1 1391    0 
6 1 0 0 0 0 1 1 1 1 1 1342    0 
6 1 0 3 3 1 0 1 4 4 1 1151    0 
6 1 0 0 2 0 1 0 3 3 1 1064    1 
6 1 0 0 2 0 1 0 3 3 1  605    0 
6 1 1 3 3 1 0 1 4 4 1 1763    0 
6 1 0 3 1 1 0 0 2 2 1 1988    1 
6 1 1 3 3 3 1 1 4 4 1 1179    1 
6 1 1 3 3 1 0 1 4 4 1  883    0 
6 1 0 1 3 1 1 0 4 4 1 1695    0 
6 1 1 1 3 1 1 0 2 2 1 1250  123 
6 1 0 3 3 3 1 1 4 4 1 1111    0 
6 1 0 3 3 1 0 1 4 4 1  977    0 
6 1 0 2 0 0 0 0 1 1 1 1569    0 
6 1 0 2 2 2 1 1 3 3 1  801    0 
6 1 1 1 1 3 0 1 2 2 1 1480    0 
6 1 0 2 0 0 0 0 1 1 1 1180    0 
6 1 1 2 2 2 1 1 3 3 1 1076    1 
6 1 0 2 2 0 0 1 3 3 1  888    1 
6 1 0 1 3 1 1 0 4 4 1 1323    0 
6 1 0 3 3 3 1 1 4 4 1  749    0 
6 1 1 0 2 0 1 0 1 1 1 2358    0 
6 1 0 3 3 3 1 1 4 4 1 1055    0 
6 1 0 2 2 0 0 1 3 3 1  883    1 
6 1 0 2 0 0 0 0 1 1 1 1239    0 
6 1 0 3 3 3 1 1 4 4 1  820    0 
6 1 0 3 3 3 1 1 4 4 1  722    0 
6 1 0 1 3 3 0 0 4 4 1 1324    1 
6 1 0 1 3 1 1 0 4 4 1  998    0 
6 1 0 1 3 3 0 0 4 4 1  741    0 
6 1 0 1 3 3 0 0 4 4 1  623    0 
6 1 0 2 0 2 1 0 1 1 1 4660    0 
6 1 0 2 2 0 0 1 3 3 1 1249    1 
6 1 0 0 0 0 1 1 1 1 1  758    0 
6 1 1 1 3 1 1 0 2 2 1 1366    0 
6 1 0 1 3 3 0 0 4 4 1  926    0 
6 1 1 1 3 3 0 0 2 2 1 1376    0 
6 1 0 2 2 2 1 1 3 3 1  752    1 
6 1 0 1 1 3 0 1 2 2 1 2977    0 
6 1 0 3 1 3 1 0 2 2 1  857    1 
6 1 0 3 1 1 0 0 2 2 1  630    1 
6 1 1 0 2 2 0 0 1 1 1 1388    0 
6 1 0 1 3 1 1 0 4 4 1 4523    0 
6 1 0 0 0 2 0 1 1 1 1 1557    1 
6 1 0 1 1 3 0 1 2 2 1 2038    0 
6 1 0 1 1 3 0 1 2 2 1  683    1 
6 1 1 0 0 2 0 1 1 1 1 1150    0 
6 1 0 2 2 0 0 1 3 3 1 2055    0 
6 1 0 3 3 1 0 1 4 4 1  828    1 
6 1 0 0 2 0 1 0 3 3 1 1234    1 
6 1 0 0 0 2 0 1 1 1 1  927    0 
6 1 0 3 1 3 1 0 2 2 1 4425    0 
6 1 0 2 2 2 1 1 3 3 1  999    1 
6 1 1 1 3 1 1 0 2 2 1 1302    0 
6 1 1 0 2 0 1 0 1 1 1 1408    1 
6 1 0 2 0 0 0 0 1 1 1 1279    0 
6 1 1 3 3 3 1 1 4 4 1 3227    1 
6 1 1 0 0 2 0 1 1 1 1 1193    1 
6 1 0 3 3 3 1 1 4 4 1  976    0 
6 1 1 3 1 1 0 0 4 4 1 1776    0 
6 1 0 1 1 3 0 1 2 2 1 1192    0 
6 1 1 0 2 0 1 0 1 1 1 4696    0 
6 1 0 3 3 1 0 1 4 4 1  819    0 
6 1 0 3 3 3 1 1 4 4 1  657    0 
6 1 0 3 3 1 0 1 4 4 1  710    1 
6 1 1 2 0 0 0 0 3 3 1 1696    1 
6 1 0 2 2 2 1 1 3 3 1  660    0 
6 1 0 2 0 2 1 0 1 1 1 1608    0 
6 1 0 1 1 3 0 1 2 2 1 1367    0 
6 1 0 2 0 0 0 0 1 1 1  839  109 
6 1 0 0 0 0 1 1 1 1 1  732    1 
6 1 0 0 0 2 0 1 1 1 1  758    0 
6 1 0 1 1 1 1 1 2 2 1  718    0 
6 1 0 0 2 2 0 0 3 3 1  864    0 
6 2 1 0 0 2 0 1 1 0 0 5000    1 
6 2 1 2 2 2 1 1 3 3 1  909    0 
6 2 0 0 0 0 1 1 1 1 1 1328    1 
6 2 0 1 1 3 0 1 2 2 1  946    1 
6 2 0 1 1 1 1 1 2 2 1  979    0 
6 2 0 1 0 3 0 0 1 1 1  995    0 
6 2 0 2 2 0 0 1 3 3 1 1699    1 
6 2 0 2 2 2 1 1 3 3 1  733    0 
6 2 1 1 1 1 1 1 2 2 1  959   10 
6 2 0 0 0 0 1 1 1 1 1 1039    0 
6 2 0 2 2 0 0 1 3 3 1  997    0 
6 2 1 1 1 3 0 1 2 2 1  876    1 
6 2 0 0 3 2 0 0 4 4 1  904    0 
6 2 1 3 3 3 1 1 4 4 1  947    0 
6 2 0 2 2 2 1 1 3 3 1  692    0 
6 2 0 1 0 1 1 0 1 1 1 2519    0 
6 2 0 3 2 3 1 0 3 3 1 1081    0 
6 2 0 2 2 2 1 1 3 3 1  741    0 
6 2 0 3 2 1 0 0 3 3 1  831    0 
6 2 0 3 2 3 1 0 3 3 1  637    1 
6 2 0 3 3 3 1 1 4 4 1  706    0 
6 2 1 1 0 3 0 0 2 2 1 1821    0 
6 2 0 3 2 3 1 0 3 3 1  987  121 
6 2 0 3 3 1 0 1 4 4 1  730    1 
6 2 1 1 0 1 1 0 2 2 1 1116    1 
6 2 0 3 3 3 1 1 4 4 1 1110    0 
6 2 0 3 2 3 1 0 3 3 1  969    0 
6 2 0 0 0 0 1 1 1 1 1  793    1 
6 2 0 1 0 1 1 0 1 1 1  880    0 
6 2 1 1 1 1 1 1 2 2 1 2124    1 
6 2 0 0 3 0 1 0 4 4 1  982    0 
6 2 0 2 2 0 0 1 3 3 1  893    1 
6 2 0 2 1 2 1 0 2 2 1 2065    0 
6 2 1 2 2 0 0 1 3 3 1 1637    0 
6 2 1 2 1 2 1 0 3 3 1 1699    0 
6 2 0 0 3 0 1 0 4 4 1 1005    1 
6 2 0 2 1 2 1 0 2 2 1 1756    0 
6 2 0 3 2 3 1 0 3 3 1 2613    1 
6 2 1 2 2 2 1 1 3 3 1 1651    0 
6 2 1 2 2 2 1 1 3 3 1  800    1 
6 2 0 2 2 0 0 1 3 3 1 1135    0 
6 2 1 2 2 0 0 1 3 3 1  976    0 
6 2 0 0 0 0 1 1 1 1 1 2512    0 
6 2 1 0 3 0 1 0 1 1 1 1523    1 
6 2 0 0 3 0 1 0 4 4 1 1405    1 
6 2 0 2 2 2 1 1 3 3 1 1051    0 
6 2 1 3 2 1 0 0 4 4 1 1872    0 
6 2 0 3 2 1 0 0 3 3 1 1076    0 
6 2 0 3 3 1 0 1 4 4 1 1728    0 
6 2 0 1 0 1 1 0 1 1 1 1434    0 
6 2 0 0 0 0 1 1 1 1 1 1135    1 
6 2 1 3 2 1 0 0 4 4 1 1217    0 
6 2 0 0 0 0 1 1 1 1 1  966    0 
6 2 0 3 3 1 0 1 4 4 1  711    0 
6 2 0 1 0 3 0 0 1 1 1 1481    0 
6 2 0 0 0 2 0 1 1 1 1  789    0 
6 2 0 1 0 1 1 0 1 1 1 1196    1 
6 2 1 1 1 1 1 1 2 2 1 1228    0 
6 2 0 3 3 3 1 1 4 4 1  690    0 
6 2 1 0 0 2 0 1 1 1 1 1293    1 
6 2 0 2 2 2 1 1 3 3 1  768    0 
6 2 0 1 1 3 0 1 2 1 0 1120    1 
6 2 1 0 0 2 0 1 1 1 1 3184    0 
6 2 1 0 0 2 0 1 1 1 1  648    0 
6 2 0 1 0 1 1 0 1 1 1 1021    0 
6 2 0 1 0 1 1 0 1 1 1  611    0 
6 2 0 3 3 1 0 1 4 4 1 1818    1 
6 2 0 0 3 2 0 0 4 4 1  672    0 
6 2 0 0 0 2 0 1 1 1 1 1660    0 
6 2 0 0 0 2 0 1 1 1 1  512    0 
6 2 0 2 2 2 1 1 3 3 1  747    0 
6 2 0 3 2 1 0 0 3 3 1  908    1 
6 2 0 0 3 2 0 0 4 4 1 1543    0 
6 2 0 2 2 0 0 1 3 3 1 1088    0 
6 2 0 0 3 2 0 0 4 4 1 1660    1 
6 2 0 3 2 1 0 0 3 3 1 1192    1 
6 2 0 2 1 2 1 0 2 2 1  960    0 
6 2 1 2 2 2 1 1 3 3 1 1136    0 
6 2 0 2 2 2 1 1 3 3 1  674    0 
6 2 0 1 1 1 1 1 2 2 1  942    0 
6 2 0 1 0 3 0 0 1 1 1 1527    0 
6 2 0 1 0 3 0 0 1 1 1  953    1 
6 2 1 0 0 0 1 1 1 1 1 1098    0 
6 2 0 1 0 3 0 0 1 1 1 1173    0 
6 2 0 0 0 0 1 1 1 1 1  677    1 
6 2 0 3 3 1 0 1 4 4 1 2929    0 
6 2 0 3 2 1 0 0 3 3 1 1275    0 
6 2 0 1 0 3 0 0 1 1 1  927    0 
6 2 0 1 0 1 1 0 1 1 1 1353    0 
6 2 1 3 3 1 0 1 4 4 1 1338    1 
6 2 0 1 0 1 1 0 1 1 1  915    1 
6 2 0 2 1 2 1 0 2 2 1 3085    0 
6 2 0 0 0 0 1 1 1 1 1  768    0 
6 2 0 3 3 3 1 1 4 4 1  696    1 
6 2 0 3 2 1 0 0 3 3 1  988    0 
6 2 0 2 2 0 0 1 3 3 1  603    1 
6 2 1 1 0 1 1 0 2 2 1 1770    0 
6 2 1 3 3 1 0 1 4 4 1 1578    1 
6 2 0 2 1 0 0 0 2 3 0 2706    0 
6 2 0 2 2 2 1 1 3 3 1 1018    0 
6 2 1 3 2 3 1 0 4 4 1 1544    0 
6 2 0 0 0 0 1 1 1 1 1  930    1 
6 2 0 3 2 1 0 0 3 3 1 1372    0 
6 2 0 2 1 0 0 0 2 2 1 1036    1 
6 2 0 3 2 1 0 0 3 3 1  889    0 
6 2 0 3 3 1 0 1 4 4 1  700    0 
6 2 0 3 2 3 1 0 3 3 1 1039    0 
6 2 0 0 3 0 1 0 4 4 1 2516    1 
6 2 0 1 0 3 0 0 1 1 1  934    0 
6 2 0 2 1 0 0 0 2 2 1  943    0 
6 2 0 3 2 3 1 0 3 3 1  817    1 
6 2 0 3 3 3 1 1 4 4 1  695    1 
6 2 1 2 1 0 0 0 3 3 1 1242    1 
6 2 0 1 0 1 1 0 1 1 1 1160    0 
6 2 0 1 1 1 1 1 2 2 1  800    0 
6 2 1 1 1 1 1 1 2 2 1 1063    0 
6 2 0 1 1 3 0 1 2 2 1  779    0 
6 2 0 3 2 1 0 0 3 3 1 1283    0 
6 2 0 1 1 3 0 1 2 2 1 1303    0 
6 2 0 2 2 2 1 1 3 3 1  841    0 
6 2 0 2 1 0 0 0 2 2 1  711    0 
6 2 0 1 0 1 1 0 1 1 1  913    0 
6 2 1 2 1 2 1 0 3 3 1 1188    0 
6 2 0 3 3 1 0 1 4 4 1 1083    0 
6 2 0 2 2 2 1 1 3 3 1 1423    0 
6 2 1 1 0 3 0 0 2 2 1 1149    0 
6 2 1 0 3 0 1 0 1 1 1 2277    0 
6 2 0 3 3 3 1 1 4 4 1  817    0 
6 2 0 1 1 1 1 1 2 2 1 1047    0 
6 2 1 2 1 2 1 0 3 3 1 1445    0 
6 2 1 2 2 0 0 1 3 3 1 1138    0 
6 2 0 0 0 2 0 1 1 1 1 1123    0 
6 2 0 3 3 3 1 1 4 4 1  701    0 
6 2 0 0 3 2 0 0 4 4 1  800    0 
6 2 1 0 0 2 0 1 1 1 1 1215    0 
6 2 0 0 3 2 0 0 4 4 1  933    1 
6 2 0 1 1 3 0 1 2 2 1 1047    1 
6 2 0 2 2 2 1 1 3 3 1  756    1 
6 2 1 3 2 3 1 0 4 4 1 1597    0 
6 2 0 1 0 1 1 0 1 1 1 1740    0 
6 2 0 2 1 2 1 0 2 2 1 1085    0 
6 2 1 1 1 3 0 1 2 2 1 1633    1 
6 2 0 0 0 0 1 1 1 1 1  950    0 
6 2 0 3 3 1 0 1 4 4 1 1655    0 
6 2 0 3 3 3 1 1 4 4 1  723    1 
6 2 0 0 3 0 1 0 4 4 1 1117    0 
6 2 1 2 1 0 0 0 3 3 1 1039    0 
6 2 0 2 2 2 1 1 3 3 1  941    1 
6 2 0 3 3 1 0 1 4 4 1  846    1 
6 2 0 1 1 3 0 1 2 2 1  803    0 
6 2 0 1 0 3 0 0 1 1 1 1530    0 
6 2 1 0 3 0 1 0 1 1 1 1380    0 
6 2 1 1 1 3 0 1 2 2 1 1380    0 
6 2 0 3 2 1 0 0 3 3 1 1108    1 
6 2 0 0 3 0 1 0 4 4 1  927    1 
6 2 1 2 2 2 1 1 3 3 1 1657    0 
6 2 1 0 0 2 0 1 1 1 1 1165    1 
6 2 0 3 2 1 0 0 3 3 1 1125    0 
6 2 0 2 1 0 0 0 2 2 1  967    0 
6 2 1 1 0 3 0 0 2 2 1 1175    1 
6 2 1 2 1 0 0 0 3 3 1 1279    0 
6 2 0 0 0 0 1 1 1 1 1  915    1 
6 2 0 2 1 0 0 0 2 2 1 1005    0 
6 2 0 1 0 1 1 0 1 1 1  972    1 
6 2 0 2 1 0 0 0 2 2 1 1196    1 
6 2 1 1 1 3 0 1 2 2 1 1187    1 
6 2 0 3 2 1 0 0 3 3 1 1763    0 
6 2 0 2 2 0 0 1 3 3 1  835    1 
6 2 0 1 1 1 1 1 2 2 1 1025    0 
6 2 0 2 1 0 0 0 2 2 1  854    0 
6 2 0 0 0 2 0 1 1 1 1  899    0 
6 2 0 3 2 1 0 0 3 3 1 1182    0 
6 2 0 0 0 0 1 1 1 1 1  909    0 
6 2 1 1 1 1 1 1 2 2 1 1400    1 
6 2 0 0 3 0 1 0 4 4 1  815    1 
6 2 0 0 3 2 0 0 4 4 1  949    0 
6 2 0 0 0 0 1 1 1 1 1  734    0 
6 2 0 1 0 3 0 0 1 1 1  783    0 
6 2 1 3 3 3 1 1 4 4 1 1062    1 
6 2 1 3 2 3 1 0 4 4 1 1635    1 
6 2 0 0 3 2 0 0 4 4 1 1152    0 
6 2 0 1 1 3 0 1 2 2 1 1121    1 
6 2 1 2 1 0 0 0 3 3 1 1371    1 
6 2 0 3 2 1 0 0 3 3 1 1963    0 
6 2 0 0 3 0 1 0 4 4 1 1764    1 
6 2 0 0 0 2 0 1 1 1 1  748    0 
6 2 0 2 1 0 0 0 2 2 1 1045    0 
6 2 0 0 3 2 0 0 4 4 1 1018    0 
6 2 0 0 3 0 1 0 4 4 1  560    0 
6 2 0 1 1 3 0 1 2 2 1 1009    0 
6 2 0 0 3 2 0 0 4 4 1 1136    0 
6 2 0 3 2 3 1 0 3 3 1 1265    0 
6 3 0 0 1 1 0 0 2 2 1 1409    1 
6 3 0 1 1 2 0 1 2 2 1  720    1 
6 3 0 3 3 0 0 1 4 4 1  778    0 
6 3 0 3 3 0 0 1 4 4 1  666    1 
6 3 0 2 2 2 1 1 3 3 1  854    1 
6 3 1 1 2 1 1 0 2 2 1 1770    1 
6 3 1 3 0 3 1 0 4 4 1 1194    0 
6 3 0 0 1 0 1 0 2 2 1  938    0 
6 3 0 1 2 1 1 0 3 3 1 1003    0 
6 3 0 1 1 2 0 1 2 2 1  882    1 
6 3 0 3 3 0 0 1 4 4 1 1157    0 
6 3 0 3 3 0 0 1 4 4 1  598    0 
6 3 1 2 3 2 1 0 3 3 1 1453    1 
6 3 0 2 3 3 0 0 4 4 1  834    1 
6 3 0 3 3 3 1 1 4 4 1  487    0 
6 3 0 1 2 2 0 0 3 3 1  986    0 
6 3 1 0 1 1 0 0 1 1 1 1242    0 
6 3 1 2 3 3 0 0 3 3 1 1471    0 
6 3 0 3 0 3 1 0 1 1 1  859    0 
6 3 0 2 3 2 1 0 4 4 1 1824    0 
6 3 0 1 2 1 1 0 3 3 1 1046    1 
6 3 1 2 2 3 0 1 3 3 1 1563    0 
6 3 0 1 2 2 0 0 3 3 1 1300    1 
6 3 0 3 0 0 0 0 1 1 1 1574    0 
6 3 0 3 3 0 0 1 4 4 1  718    0 
6 3 0 2 3 3 0 0 4 4 1  792    0 
6 3 0 3 0 0 0 0 1 1 1  736    0 
6 3 0 1 2 2 0 0 3 3 1 1593    0 
6 3 0 0 0 0 1 1 1 1 1  800    1 
6 3 0 3 0 3 1 0 1 1 1  991    0 
6 3 1 2 2 3 0 1 3 3 1 1070    0 
6 3 0 1 1 2 0 1 2 2 1  786    0 
6 3 1 2 3 3 0 0 3 3 1  970    1 
6 3 0 3 0 3 1 0 1 1 1  945    0 
6 3 0 3 3 3 1 1 4 4 1  739    0 
6 3 0 2 3 2 1 0 4 4 1 1964    0 
6 3 1 0 0 0 1 1 1 1 1 1165    0 
6 3 0 1 2 1 1 0 3 3 1 1357    0 
6 3 0 1 1 1 1 1 2 2 1 1038  103 
6 3 1 3 3 3 1 1 4 4 1 1019    1 
6 3 0 3 3 3 1 1 4 4 1  553    0 
6 3 0 2 3 2 1 0 4 4 1  858    0 
6 3 0 2 2 2 1 1 3 3 1  719    0 
6 3 0 0 0 1 0 1 1 1 1  945    1 
6 3 1 2 2 3 0 1 3 3 1 1346    1 
6 3 0 2 3 2 1 0 4 4 1 1355    1 
6 3 0 0 0 0 1 1 1 1 1 1036    0 
6 3 0 0 0 1 0 1 1 1 1  753    0 
6 3 0 3 0 0 0 0 1 1 1 1114    0 
6 3 0 1 1 1 1 1 2 2 1  885    1 
6 3 0 1 1 2 0 1 2 2 1  928    0 
6 3 1 0 1 0 1 0 1 1 1  986    0 
6 3 0 0 0 1 0 1 1 1 1  897    0 
6 3 0 2 3 2 1 0 4 4 1 1013    0 
6 3 0 2 2 2 1 1 3 3 1  675    0 
6 3 0 3 3 0 0 1 4 4 1  615    0 
6 3 0 2 3 3 0 0 4 4 1  877    1 
6 3 0 3 0 0 0 0 1 1 1 1001    1 
6 3 0 2 3 2 1 0 4 4 1  744    0 
6 3 0 2 3 3 0 0 4 4 1  609    1 
6 3 1 0 1 0 1 0 1 1 1 1040    0 
6 3 0 3 3 3 1 1 4 4 1  669    0 
6 3 0 2 3 3 0 0 4 4 1  521    1 
6 3 0 2 3 2 1 0 4 4 1  427    0 
6 3 1 1 2 1 1 0 2 2 1 1401    0 
6 3 1 0 0 0 1 1 1 1 1 1064  113 
6 3 1 1 2 2 0 0 2 2 1 1693    1 
6 3 0 1 2 1 1 0 3 2 0 1112    1 
6 3 0 2 2 3 0 1 3 3 1  849    0 
6 3 0 3 3 3 1 1 4 4 1  821    0 
6 3 0 3 0 3 1 0 1 1 1 1275    1 
6 3 0 1 2 2 0 0 3 3 1 1735    1 
6 3 0 3 0 3 1 0 1 1 1  969    0 
6 3 0 0 1 0 1 0 2 2 1 1953    0 
6 3 1 0 0 0 1 1 1 1 1 1081  112 
6 3 1 3 0 0 0 0 4 4 1 1461    0 
6 3 0 0 1 0 1 0 2 2 1 3386    0 
6 3 0 1 2 1 1 0 3 3 1  873    1 
6 3 0 0 0 0 1 1 1 1 1  653    1 
6 3 1 1 1 1 1 1 2 2 1 1370    0 
6 3 0 2 2 3 0 1 3 3 1  922    1 
6 3 0 2 3 3 0 0 4 4 1 1300    0 
6 3 0 1 1 2 0 1 2 2 1  895    0 
6 3 1 2 2 2 1 1 3 3 1 2298    0 
6 3 0 2 3 3 0 0 4 4 1 1133    0 
6 3 0 1 2 1 1 0 3 3 1  847    0 
6 3 0 0 1 1 0 0 2 2 1  836    1 
6 3 1 3 0 3 1 0 4 4 1 1041    0 
6 3 1 0 0 1 0 1 1 1 1 1855    1 
6 3 1 0 1 0 1 0 1 1 1 1131    0 
6 3 0 2 2 3 0 1 3 3 1 1557    0 
6 3 0 2 3 2 1 0 4 4 1 1014    1 
6 3 1 0 0 1 0 1 1 1 1 1572    0 
6 3 1 1 1 2 0 1 2 2 1 1060    0 
6 3 0 1 1 1 1 1 2 2 1 1001    0 
6 3 0 1 1 2 0 1 2 2 1  776    0 
6 3 0 3 0 0 0 0 1 1 1 2528    0 
6 3 0 3 0 3 1 0 1 1 1  690    1 
6 3 1 1 1 2 0 1 2 2 1 1437    1 
6 3 0 1 1 2 0 1 2 2 1  579    0 
6 3 0 3 3 3 1 1 4 4 1  778    0 
6 3 0 2 2 3 0 1 3 3 1 1194    0 
6 3 1 0 1 0 1 0 1 1 1 1994    0 
6 3 0 3 3 0 0 1 4 4 1  705    0 
6 3 0 0 1 0 1 0 2 2 1  892    0 
6 3 0 2 2 2 1 1 3 3 1  663    0 
6 3 0 3 3 0 0 1 4 4 1  812    1 
6 3 0 0 0 0 1 1 1 1 1  826    0 
6 3 0 0 1 0 1 0 2 2 1 1776    0 
6 3 0 2 3 2 1 0 4 4 1  840    0 
6 3 1 2 3 2 1 0 3 3 1 1246    0 
6 3 0 3 3 3 1 1 4 4 1 1051    0 
6 3 0 1 1 1 1 1 2 2 1 2976    0 
6 3 1 0 1 0 1 0 1 1 1 1048    0 
6 3 0 1 2 1 1 0 3 3 1 1141    1 
6 3 0 0 0 0 1 1 1 1 1  918    0 
6 3 0 1 1 1 1 1 2 2 1 1240    0 
6 3 0 2 3 3 0 0 4 4 1 1166    1 
6 3 0 3 3 0 0 1 4 4 1  590    0 
6 3 0 2 2 2 1 1 3 3 1 1325    0 
6 3 0 3 0 0 0 0 1 1 1  855    0 
6 3 0 3 0 0 0 0 1 1 1  868    0 
6 3 0 2 3 3 0 0 4 4 1  720    0 
6 3 0 0 1 0 1 0 2 2 1 1378    1 
6 3 0 0 1 0 1 0 2 2 1 1066    1 
6 3 0 3 0 0 0 0 1 1 1 1862    1 
6 3 1 2 2 2 1 1 3 3 1 1186    0 
6 3 0 0 0 1 0 1 1 1 1  986    1 
6 3 1 3 3 0 0 1 4 4 1 2777    1 
6 3 1 2 2 3 0 1 3 3 1 1049    0 
6 3 0 1 2 1 1 0 3 3 1 1654    0 
6 3 1 1 2 2 0 0 2 2 1 1346    0 
6 3 0 2 2 2 1 1 3 3 1  804    1 
6 3 0 2 2 3 0 1 3 3 1  818    0 
6 3 0 3 3 0 0 1 4 4 1  920    1 
6 3 0 3 0 0 0 0 1 1 1  746    0 
6 3 0 0 0 0 1 1 1 1 1  660    0 
6 3 0 0 0 1 0 1 1 1 1  728    1 
6 3 0 1 1 2 0 1 2 2 1  706    1 
6 3 0 1 1 2 0 1 2 2 1  573    0 
6 3 0 2 2 3 0 1 3 3 1  973    0 
6 3 0 3 3 3 1 1 4 4 1  893    0 
6 3 0 3 3 0 0 1 4 4 1  760    0 
6 3 0 2 2 2 1 1 3 3 1  777    0 
6 3 0 0 1 1 0 0 2 2 1 1153    0 
6 3 1 3 0 0 0 0 4 4 1 1289    0 
6 3 0 0 1 0 1 0 2 2 1 1189    0 
6 3 0 1 1 1 1 1 2 2 1  788    1 
6 3 0 3 0 0 0 0 1 1 1  836    0 
6 3 0 0 1 1 0 0 2 2 1 1089    0 
6 3 1 2 2 2 1 1 3 3 1 1052    0 
6 3 1 1 1 1 1 1 2 2 1 1833    0 
6 3 0 3 0 0 0 0 1 1 1 1382    0 
6 3 0 1 1 1 1 1 2 2 1  854    1 
6 3 0 1 1 2 0 1 2 2 1  730    0 
6 3 1 0 1 0 1 0 1 1 1 1172    0 
6 3 1 0 0 0 1 1 1 1 1 1228    0 
6 3 0 2 3 3 0 0 4 4 1 1410    0 
6 3 0 1 1 2 0 1 2 2 1  961    0 
6 3 0 1 2 2 0 0 3 3 1 1337    1 
6 3 0 2 3 3 0 0 4 4 1 1083    0 
6 3 0 3 3 3 1 1 4 4 1  870    0 
6 3 1 0 0 1 0 1 1 1 1 1026    0 
6 3 0 1 2 1 1 0 3 3 1 1552    1 
6 3 1 2 2 3 0 1 3 3 1 1113    1 
6 3 0 0 0 0 1 1 1 1 1  747    0 
6 3 0 2 2 3 0 1 3 3 1  765    0 
6 3 1 1 1 2 0 1 2 2 1 2117    1 
6 3 0 1 2 1 1 0 3 3 1  951    1 
6 3 1 1 1 2 0 1 2 2 1  952    0 
6 3 0 1 2 2 0 0 3 3 1 1057    0 
6 3 0 2 2 2 1 1 3 3 1 2109    0 
6 3 0 0 0 0 1 1 1 1 1  792    1 
6 3 1 0 1 1 0 0 1 1 1 1471    0 
6 3 1 0 1 1 0 0 1 1 1  963    1 
6 3 0 0 1 0 1 0 2 2 1 1652    0 
6 3 0 3 0 3 1 0 1 1 1 1033    0 
6 3 0 0 0 1 0 1 1 1 1  694    1 
6 3 1 3 0 3 1 0 4 4 1 1001    0 
6 3 0 2 3 3 0 0 4 4 1  872    1 
6 3 0 0 1 0 1 0 2 2 1 1764    1 
6 3 1 0 1 0 1 0 1 1 1 1341    0 
6 3 0 3 0 0 0 0 1 1 1 1782    1 
6 3 1 3 3 3 1 1 4 4 1 1085    1 
6 3 1 0 0 1 0 1 1 1 1 1545    1 
6 3 0 1 1 1 1 1 2 2 1  818    1 
6 3 0 1 2 1 1 0 3 3 1  992    0 
6 3 0 3 3 3 1 1 4 4 1 1591    0 
6 3 0 1 2 2 0 0 3 3 1  759    1 
6 3 0 0 0 1 0 1 1 1 1  831    0 
6 3 0 1 2 2 0 0 3 3 1  861    1 
6 3 0 0 0 1 0 1 1 1 1 1306    0 
6 4 0 2 2 1 0 1 3 3 1 1323    0 
6 4 1 1 2 1 1 0 2 2 1 2101    0 
6 4 0 3 0 3 1 0 1 1 1 1152    0 
6 4 0 2 2 2 1 1 3 3 1 1337    1 
6 4 0 1 1 1 1 1 2 2 1 1458    1 
6 4 0 0 1 0 1 0 2 2 1 1391    0 
6 4 1 1 1 0 0 1 2 2 1 1086    0 
6 4 0 2 2 2 1 1 3 3 1  721    0 
6 4 0 0 0 0 1 1 1 1 1  899    1 
6 4 0 0 1 3 0 0 2 2 1 1286    0 
6 4 0 1 1 0 0 1 2 2 1  689    0 
6 4 1 1 2 1 1 0 2 2 1 1236    0 
6 4 0 1 2 1 1 0 3 3 1 1074    0 
6 4 0 2 3 1 0 0 4 4 1  662    0 
6 4 0 3 0 3 1 0 1 1 1 1506    0 
6 4 0 0 1 3 0 0 2 2 1  957    0 
6 4 0 3 0 2 0 0 1 1 1  894   93 
6 4 1 3 0 3 1 0 4 4 1 1265    0 
6 4 1 0 0 3 0 1 1 1 1 1053    1 
6 4 0 2 2 2 1 1 3 3 1 2282    0 
6 4 0 0 0 3 0 1 1 1 1  717    0 
6 4 0 1 1 1 1 1 2 2 1  855    1 
6 4 0 3 0 3 1 0 1 1 1 2284    0 
6 4 0 1 1 0 0 1 2 2 1  999    1 
6 4 0 0 1 0 1 0 2 2 1  966    1 
6 4 0 2 2 1 0 1 3 3 1  958    1 
6 4 0 3 3 3 1 1 4 4 1  646    0 
6 4 0 0 0 0 1 1 1 1 1  996    0 
6 4 0 3 0 2 0 0 1 1 1 1107    1 
6 4 1 3 3 3 1 1 4 4 1 1102    0 
6 4 1 0 1 0 1 0 1 1 1 1000    0 
6 4 0 0 1 3 0 0 2 2 1 1159    0 
6 4 0 1 1 1 1 1 2 2 1  912   88 
6 4 0 1 2 0 0 0 3 3 1 1498    1 
6 4 1 3 3 3 1 1 4 4 1  821    1 
6 4 1 3 0 2 0 0 4 4 1 2651    0 
6 4 0 1 1 0 0 1 2 2 1 1912    1 
6 4 0 3 0 3 1 0 1 1 1  986    1 
6 4 0 2 3 2 1 0 4 4 1 1026    0 
6 4 1 1 2 1 1 0 2 2 1 1080    0 
6 4 0 1 2 0 0 0 3 3 1 1780    0 
6 4 1 2 3 1 0 0 3 3 1 1620    0 
6 4 1 3 0 2 0 0 4 4 1 1042    0 
6 4 0 3 3 3 1 1 4 4 1 1103    0 
6 4 1 2 2 2 1 1 3 3 1  986    1 
6 4 0 0 0 0 1 1 1 1 1  849    1 
6 4 0 1 1 1 1 1 2 2 1  726    0 
6 4 0 1 1 0 0 1 2 2 1  704    1 
6 4 0 0 1 3 0 0 2 2 1 1666    1 
6 4 0 0 0 0 1 1 1 1 1  710    0 
6 4 0 1 2 0 0 0 3 3 1 1033    0 
6 4 0 1 2 0 0 0 3 3 1  550    1 
6 4 0 0 0 3 0 1 1 2 0  663    1 
6 4 0 0 0 0 1 1 1 1 1  962    1 
6 4 0 0 0 0 1 1 1 1 1  682    1 
6 4 1 3 0 3 1 0 4 4 1 1174    0 
6 4 0 2 3 1 0 0 4 4 1 2342    0 
6 4 1 1 2 1 1 0 2 2 1  975    0 
6 4 0 3 0 2 0 0 1 1 1 1055    0 
6 4 0 1 2 0 0 0 3 3 1  972    0 
6 4 0 1 2 1 1 0 3 3 1  804    0 
6 4 0 1 1 0 0 1 2 2 1 3042    0 
6 4 1 2 2 1 0 1 3 3 1  840    0 
6 4 0 1 1 0 0 1 2 2 1  781    0 
6 4 1 3 0 3 1 0 4 4 1 1333    0 
6 4 0 0 1 3 0 0 2 2 1 1414    1 
6 4 1 0 1 0 1 0 1 1 1 1229    1 
6 4 0 2 2 1 0 1 3 3 1 1043    1 
6 4 0 0 1 3 0 0 2 2 1 2456    1 
6 4 0 3 0 3 1 0 1 1 1 1085    1 
6 4 0 2 3 1 0 0 4 4 1  944  106 
6 4 0 1 1 0 0 1 2 2 1 1209    0 
6 4 0 0 1 0 1 0 2 2 1 1216    0 
6 4 1 0 1 3 0 0 1 1 1 4078    1 
6 4 0 2 2 1 0 1 3 3 1  770    0 
6 4 0 3 3 3 1 1 4 4 1 1226    0 
6 4 0 1 1 1 1 1 2 2 1 1088    0 
6 4 1 2 2 1 0 1 3 3 1 1284    0 
6 4 0 2 3 1 0 0 4 4 1  895    1 
6 4 0 3 0 3 1 0 1 1 1 3594    0 
6 4 0 2 3 2 1 0 4 4 1 1417    0 
6 4 1 2 3 1 0 0 3 3 1 1111    0 
6 4 0 0 0 3 0 1 1 1 1 1650    0 
6 4 1 1 2 0 0 0 2 2 1 1575    1 
6 4 0 0 1 0 1 0 2 2 1  767    0 
6 4 1 2 2 1 0 1 3 3 1  967    0 
6 4 0 0 1 0 1 0 2 2 1  895    0 
6 4 0 3 3 2 0 1 4 4 1  746    1 
6 4 0 2 3 2 1 0 4 4 1  715    1 
6 4 1 2 3 1 0 0 3 3 1 1109    0 
6 4 0 2 3 2 1 0 4 4 1 1016    0 
6 4 0 1 1 1 1 1 2 2 1  790    1 
6 4 0 2 2 2 1 1 3 3 1 1933    1 
6 4 1 0 0 3 0 1 1 1 1  903    1 
6 4 0 3 3 3 1 1 4 4 1 1937    0 
6 4 0 2 2 2 1 1 3 3 1 1275    0 
6 4 0 1 2 0 0 0 3 3 1  847    0 
6 4 0 0 0 0 1 1 1 1 1  716   88 
6 4 0 2 2 1 0 1 3 3 1 1806    0 
6 4 0 1 2 0 0 0 3 3 1 1253    0 
6 4 1 2 2 2 1 1 3 3 1 2713    0 
6 4 0 1 1 0 0 1 2 2 1  716    1 
6 4 1 1 2 0 0 0 2 2 1 1390    0 
6 4 0 0 0 3 0 1 1 1 1  861    0 
6 4 0 0 1 0 1 0 2 2 1 1130    1 
6 4 0 2 2 1 0 1 3 3 1  884    0 
6 4 0 3 3 2 0 1 4 4 1  703    1 
6 4 0 1 2 1 1 0 3 3 1 1898    0 
6 4 0 0 0 0 1 1 1 1 1  805    0 
6 4 1 0 1 0 1 0 1 1 1 2276    0 
6 4 0 0 0 0 1 1 1 1 1 1376    0 
6 4 0 1 1 1 1 1 2 2 1  872    1 
6 4 1 2 2 2 1 1 3 3 1 2380    0 
6 4 0 2 2 1 0 1 3 3 1 1076    0 
6 4 0 2 2 2 1 1 3 3 1  656    0 
6 4 1 1 2 1 1 0 2 2 1 1109    0 
6 4 0 1 2 1 1 0 3 3 1 1191    0 
6 4 0 3 3 3 1 1 4 4 1  991    1 
6 4 0 0 0 3 0 1 1 1 1 1382    0 
6 4 1 2 2 2 1 1 3 3 1 2181    0 
6 4 0 2 2 1 0 1 3 3 1  733    0 
6 4 0 3 3 3 1 1 4 4 1  743    0 
6 4 1 3 3 2 0 1 4 4 1 1112    0 
6 4 1 2 3 1 0 0 3 3 1 1051    0 
6 4 0 0 1 3 0 0 2 2 1 1127    0 
6 4 0 3 0 2 0 0 1 1 1 1081    0 
6 4 0 2 3 1 0 0 4 3 0 1061    1 
6 4 0 0 1 0 1 0 2 2 1 3872    1 
6 4 0 1 2 1 1 0 3 3 1 1820    1 
6 4 1 3 0 2 0 0 4 4 1 1506    1 
6 4 0 1 1 0 0 1 2 2 1 1796    0 
6 4 0 3 3 3 1 1 4 4 1 1068    0 
6 4 0 0 1 0 1 0 2 2 1 1120    1 
6 4 0 1 2 1 1 0 3 3 1  938    1 
6 4 0 0 0 3 0 1 1 1 1  843    0 
6 4 0 3 0 3 1 0 1 1 1  776    0 
6 4 0 0 0 0 1 1 1 1 1  904    0 
6 4 0 0 1 3 0 0 2 2 1 1507    0 
6 4 0 1 1 0 0 1 2 2 1  910    0 
6 4 0 0 1 0 1 0 2 2 1  744    0 
6 4 0 0 1 3 0 0 2 2 1  850    1 
6 4 1 3 0 3 1 0 4 4 1 1070    0 
6 4 0 3 3 2 0 1 4 4 1  810    0 
6 4 1 0 1 3 0 0 1 1 1 1137    0 
6 4 0 1 2 0 0 0 3 3 1 1418    0 
6 4 0 2 2 2 1 1 3 3 1  552    0 
6 4 1 3 3 3 1 1 4 4 1 1409    0 
6 4 0 3 3 3 1 1 4 4 1  624    1 
6 4 0 3 3 3 1 1 4 4 1  494    0 
6 4 0 1 2 1 1 0 3 3 1 1353    1 
6 4 0 2 2 2 1 1 3 3 1  594    1 
6 4 1 2 2 1 0 1 3 3 1 1209    0 
6 4 0 2 2 1 0 1 3 3 1  656    0 
6 4 0 2 2 2 1 1 3 3 1  580    0 
6 4 1 2 3 1 0 0 3 3 1 1868    0 
6 4 0 3 3 2 0 1 4 4 1  960    0 
6 4 0 0 0 0 1 1 1 1 1  689    0 
6 4 0 3 3 2 0 1 4 3 0  684    1 
6 4 0 0 1 0 1 0 2 2 1 1470    0 
6 4 0 3 0 2 0 0 1 1 1 3002    0 
6 4 1 1 1 0 0 1 2 2 1 1360    1 
6 4 0 2 3 2 1 0 4 4 1 1369    1 
6 4 0 3 0 3 1 0 1 1 1 1769    0 
6 4 1 3 3 2 0 1 4 4 1 1257    0 
6 4 0 0 1 0 1 0 2 2 1 3118    0 
6 4 0 1 2 1 1 0 3 3 1  968    0 
6 4 1 3 3 2 0 1 4 4 1 1160    0 
6 4 0 2 3 1 0 0 4 4 1 1184    1 
6 4 0 3 3 3 1 1 4 4 1  656    0 
6 4 0 3 3 3 1 1 4 4 1  572    1 
6 4 1 1 2 1 1 0 2 2 1 1572    0 
6 4 1 1 2 1 1 0 2 2 1 1252    0 
6 4 0 0 1 3 0 0 2 2 1 1073    1 
6 4 0 3 0 2 0 0 1 1 1 2885    0 
6 4 0 2 3 1 0 0 4 4 1  920    1 
6 4 0 2 3 1 0 0 4 4 1  650    0 
6 4 0 1 2 0 0 0 3 3 1 1455    0 
6 4 0 0 0 3 0 1 1 1 1  916    1 
6 4 0 2 2 1 0 1 3 3 1 1045    0 
6 4 1 3 0 2 0 0 4 4 1 1059    0 
6 4 1 0 1 3 0 0 1 1 1 1360    1 
6 4 0 1 2 0 0 0 3 3 1 4472    0 
6 4 0 3 3 3 1 1 4 4 1  844    0 
6 4 1 1 1 0 0 1 2 2 1 1369    1 
6 4 0 3 3 2 0 1 4 4 1 1002    0 
6 4 1 3 3 3 1 1 4 4 1 1584    0 
6 4 0 2 2 2 1 1 3 3 1 1527    1 
6 4 0 0 1 3 0 0 2 2 1  985    0 
6 4 0 2 2 2 1 1 3 3 1  865    0 
6 4 0 3 3 2 0 1 4 4 1  757    1 
6 4 0 1 2 0 0 0 3 3 1  982    0 
6 4 0 2 2 2 1 1 3 3 1  989    1 
