15 1 0 3 3 3 1 1 4 4 1 2728    1 
15 1 0 1 2 3 0 0 3 3 1  962    1 
15 1 0 1 2 3 0 0 3 3 1  779    1 
15 1 0 0 0 2 0 1 1 1 1  683    1 
15 1 1 3 0 3 1 0 4 4 1 2406    1 
15 1 0 0 0 2 0 1 1 1 1  757    1 
15 1 0 1 2 1 1 0 3 3 1 1710    1 
15 1 0 2 3 0 0 0 4 4 1  801    1 
15 1 1 2 3 0 0 0 3 3 1  992    1 
15 1 0 3 3 1 0 1 4 4 1  663    1 
15 1 0 0 1 0 1 0 2 2 1  716    1 
15 1 0 1 1 1 1 1 2 2 1  558    1 
15 1 0 0 0 2 0 1 1 1 1  655    1 
15 1 0 3 0 3 1 0 1 1 1  588    1 
15 1 1 3 0 1 0 0 4 4 1  843    1 
15 1 1 0 0 0 1 1 1 1 1 1025    1 
15 1 0 1 2 1 1 0 3 3 1 1567    0 
15 1 0 2 3 0 0 0 4 4 1 1351    1 
15 1 0 3 3 3 1 1 4 4 1 1144    1 
15 1 0 0 0 2 0 1 1 1 1 1066    1 
15 1 0 1 1 1 1 1 2 2 1 1214    1 
15 1 0 0 1 2 0 0 2 2 1 1157    1 
15 1 0 3 0 3 1 0 1 1 1 1222    1 
15 1 1 3 3 3 1 1 4 4 1 1596    1 
15 1 0 2 3 2 1 0 4 4 1  995    1 
15 1 0 2 3 2 1 0 4 4 1  555    1 
15 1 1 3 0 1 0 0 4 4 1 3212    1 
15 1 1 1 1 1 1 1 2 2 1  995    1 
15 1 0 1 1 3 0 1 2 2 1 1058    1 
15 1 0 2 2 2 1 1 3 3 1  855    1 
15 1 0 0 0 0 1 1 1 1 1  676    1 
15 1 1 1 1 3 0 1 2 2 1 1272    1 
15 1 1 1 2 3 0 0 2 2 1 1372    1 
15 1 0 2 2 0 0 1 3 3 1 1052    1 
15 1 0 3 3 1 0 1 4 4 1  601    1 
15 1 1 2 2 2 1 1 3 3 1  960    1 
15 1 0 2 3 0 0 0 4 4 1 1209    1 
15 1 0 3 3 1 0 1 4 4 1  768    1 
15 1 0 2 3 0 0 0 4 4 1  936    1 
15 1 0 1 1 1 1 1 2 2 1  769    1 
15 1 0 3 3 3 1 1 4 4 1 1809    1 
15 1 0 0 1 2 0 0 2 2 1 1632    1 
15 1 0 0 1 2 0 0 2 2 1  662    1 
15 1 0 3 0 1 0 0 1 1 1 1739    1 
15 1 0 1 2 3 0 0 3 3 1 1260    1 
15 1 0 2 2 2 1 1 3 3 1  617    1 
15 1 1 3 0 3 1 0 4 4 1  959    1 
15 1 0 2 3 2 1 0 4 4 1 1408    1 
15 1 0 2 2 2 1 1 3 3 1 1239    1 
15 1 0 0 1 2 0 0 2 2 1  829    1 
15 1 0 2 2 0 0 1 3 3 1 1091    1 
15 1 0 2 3 2 1 0 4 4 1 1478    1 
15 1 0 3 3 1 0 1 4 4 1  514    1 
15 1 1 3 0 3 1 0 4 4 1  925    1 
15 1 1 2 2 2 1 1 3 3 1 2431    1 
15 1 0 0 1 0 1 0 2 2 1 1502    1 
15 1 1 1 1 3 0 1 2 2 1 1032    1 
15 1 1 0 1 0 1 0 1 1 1  918    1 
15 1 0 0 0 0 1 1 1 1 1  576    1 
15 1 0 0 1 0 1 0 2 2 1  984    1 
15 1 0 2 2 0 0 1 3 3 1  608    1 
15 1 0 1 2 1 1 0 3 3 1  615    1 
15 1 1 1 2 3 0 0 2 3 0  493    1 
15 1 0 0 0 0 1 1 1 1 1  823    1 
15 1 0 1 2 1 1 0 3 3 1 1653    1 
15 1 0 0 1 0 1 0 2 2 1 1538    1 
15 1 0 1 2 1 1 0 3 3 1 1011    1 
15 1 0 2 2 0 0 1 3 3 1  650    1 
15 1 0 2 2 0 0 1 3 3 1  503    1 
15 1 1 3 0 1 0 0 4 4 1 1010    1 
15 1 0 0 0 2 0 1 1 1 1  993    1 
15 1 0 0 1 0 1 0 2 2 1 1600    1 
15 1 0 3 0 1 0 0 1 4 0  815    1 
15 1 1 0 1 2 0 0 1 1 1 1371    1 
15 1 1 2 3 0 0 0 3 3 1 1627    1 
15 1 0 3 0 3 1 0 1 1 1 1794    1 
15 1 1 2 2 0 0 1 3 3 1 1209    1 
15 1 0 0 0 0 1 1 1 1 1  688    1 
15 1 0 1 2 3 0 0 3 3 1  780    1 
15 1 0 3 3 3 1 1 4 4 1  724    1 
15 1 1 3 0 3 1 0 4 4 1 1262    1 
15 1 0 3 3 3 1 1 4 4 1 1099    1 
15 1 1 2 2 2 1 1 3 3 1 1094    1 
15 1 1 2 2 2 1 1 3 3 1 1017    1 
15 1 0 1 2 3 0 0 3 3 1  959    1 
15 1 1 3 3 1 0 1 4 4 1 1208    1 
15 1 0 2 2 0 0 1 3 3 1  671    1 
15 1 0 3 0 1 0 0 1 1 1  611    1 
15 1 0 3 3 1 0 1 4 3 0  626    1 
15 1 1 0 0 2 0 1 1 1 1 1598    1 
15 1 0 2 2 0 0 1 3 3 1  990    1 
15 1 0 3 3 3 1 1 4 4 1  493    1 
15 1 0 1 1 1 1 1 2 2 1  929    1 
15 1 1 1 2 3 0 0 2 2 1 1251    1 
15 1 0 3 3 3 1 1 4 4 1  696    1 
15 1 0 0 1 2 0 0 2 2 1 1107    1 
15 1 0 0 0 2 0 1 1 1 1  926    1 
15 1 1 0 0 2 0 1 1 1 1 1144    1 
15 1 0 1 1 3 0 1 2 2 1 1170    1 
15 1 0 2 3 0 0 0 4 3 0  714    1 
15 1 1 1 1 3 0 1 2 2 1 2715    1 
15 1 1 1 1 1 1 1 2 2 1  862    0 
15 1 0 2 3 0 0 0 4 4 1 1058    1 
15 1 0 0 0 0 1 1 1 1 1  743    1 
15 1 0 0 1 0 1 0 2 2 1  865    1 
15 1 0 1 2 1 1 0 3 3 1 1046    1 
15 1 0 1 1 1 1 1 2 2 1  955    1 
15 1 1 0 1 0 1 0 1 1 1 2924    1 
15 1 1 2 2 0 0 1 3 3 1  870    0 
15 1 0 1 1 3 0 1 2 2 1 2162    1 
15 1 0 2 2 0 0 1 3 3 1  931    1 
15 1 0 1 2 1 1 0 3 2 0  718    1 
15 1 0 1 2 3 0 0 3 3 1 1462    1 
15 1 0 1 1 3 0 1 2 2 1  915    1 
15 1 0 2 2 0 0 1 3 3 1 1085    1 
15 1 0 3 3 3 1 1 4 4 1 1697    1 
15 1 0 0 0 2 0 1 1 1 1  884   51 
15 1 0 0 0 2 0 1 1 1 1  888    1 
15 1 0 3 3 1 0 1 4 4 1 1115    1 
15 1 0 3 0 1 0 0 1 1 1  702    1 
15 1 0 2 3 0 0 0 4 1 0  864    1 
15 1 0 2 3 2 1 0 4 4 1  987    1 
15 1 0 1 2 1 1 0 3 3 1  914    1 
15 1 0 1 1 1 1 1 2 2 1 1029    1 
15 1 1 3 0 3 1 0 4 4 1 1315    1 
15 1 0 1 2 1 1 0 3 3 1  862    1 
15 1 0 0 1 0 1 0 2 2 1 1147    1 
15 1 0 0 0 2 0 1 1 1 1 1588    1 
15 1 0 0 1 0 1 0 2 2 1 2004    1 
15 1 1 1 2 1 1 0 2 3 0 1107    1 
15 1 0 2 2 0 0 1 3 3 1 1636    1 
15 1 0 1 2 3 0 0 3 3 1 1257   53 
15 1 0 2 2 0 0 1 3 3 1  462    0 
15 1 0 3 3 3 1 1 4 4 1  707    1 
15 1 1 2 2 2 1 1 3 3 1 1030    1 
15 1 0 1 1 1 1 1 2 2 1  852    1 
15 1 0 2 2 2 1 1 3 3 1  721    1 
15 1 1 1 1 1 1 1 2 2 1 1059    1 
15 1 1 1 2 1 1 0 2 2 1 1408    1 
15 1 0 0 1 0 1 0 2 2 1 1079    1 
15 1 0 1 2 3 0 0 3 3 1 1091    1 
15 1 0 1 1 1 1 1 2 2 1  694    1 
15 1 0 1 1 1 1 1 2 2 1  938    1 
15 1 1 0 1 2 0 0 1 2 0 2859   72 
15 1 1 1 1 1 1 1 2 2 1  806    0 
15 1 0 1 1 1 1 1 2 2 1  893    1 
15 1 0 3 3 3 1 1 4 4 1  648    1 
15 1 0 0 1 0 1 0 2 2 1  822    1 
15 1 1 0 0 0 1 1 1 1 1 1804    1 
15 1 0 1 1 3 0 1 2 2 1 1483    1 
15 1 1 2 2 0 0 1 3 3 1 1767    0 
15 1 0 2 3 2 1 0 4 4 1  727    1 
15 1 0 2 3 0 0 0 4 4 1  593    1 
15 1 0 3 0 1 0 0 1 1 1 1920    1 
15 1 0 2 2 2 1 1 3 3 1 1275    1 
15 1 0 2 3 2 1 0 4 4 1 1295    1 
15 1 1 1 2 3 0 0 2 2 1 3474    1 
15 1 0 1 2 1 1 0 3 3 1  999    1 
15 1 1 0 0 2 0 1 1 1 1 1286    1 
15 1 0 3 0 3 1 0 1 1 1 1425    1 
15 1 0 3 0 1 0 0 1 1 1  607    1 
15 1 0 2 2 0 0 1 3 3 1 1350    0 
15 1 0 1 1 1 1 1 2 2 1  791    1 
15 1 1 0 1 2 0 0 1 1 1 3231    1 
15 1 0 3 0 1 0 0 1 1 1 1189    1 
15 1 0 0 1 0 1 0 2 2 1 2236    1 
15 1 0 1 2 3 0 0 3 3 1 1986    1 
15 1 0 3 0 1 0 0 1 1 1 2610    1 
15 1 0 3 0 1 0 0 1 1 1  769    1 
15 1 0 3 0 1 0 0 1 1 1  561    1 
15 1 0 3 0 3 1 0 1 1 1  465    1 
15 1 0 2 3 0 0 0 4 4 1  574    1 
15 1 0 2 2 2 1 1 3 3 1  846    1 
15 1 0 3 0 3 1 0 1 1 1  683    1 
15 1 0 2 2 2 1 1 3 3 1  935    1 
15 1 0 0 0 2 0 1 1 1 1 2208    1 
15 1 0 0 0 2 0 1 1 1 1  575    1 
15 1 0 3 0 3 1 0 1 1 1  455    1 
15 1 1 0 1 0 1 0 1 1 1  956    0 
15 1 0 3 3 3 1 1 4 4 1  637    1 
15 1 1 2 3 0 0 0 3 3 1 1634    1 
15 1 1 3 0 1 0 0 4 1 0 1504    1 
15 1 0 0 0 0 1 1 1 1 1  561    1 
15 1 0 3 3 1 0 1 4 4 1  818    1 
15 1 0 3 0 1 0 0 1 1 1 1160    1 
15 1 0 2 2 0 0 1 3 3 1  737    1 
15 1 0 0 1 0 1 0 2 2 1 1482    1 
15 1 0 0 0 0 1 1 1 1 1  878    1 
15 1 0 2 3 0 0 0 4 4 1  666    1 
15 1 0 0 1 2 0 0 2 2 1  998    1 
15 1 1 3 3 3 1 1 4 4 1 1053    1 
15 1 1 0 0 0 1 1 1 1 1 1570    1 
15 2 0 3 0 3 1 0 1 1 1 2260    1 
15 2 0 2 3 0 0 0 4 4 1 1329    1 
15 2 0 3 3 3 1 1 4 4 1  499    0 
15 2 0 2 3 0 0 0 4 4 1  430    1 
15 2 0 3 0 1 0 0 1 1 1  788    1 
15 2 0 0 0 2 0 1 1 1 1 1227    1 
15 2 0 0 0 0 1 1 1 1 1  521    1 
15 2 0 3 0 1 0 0 1 1 1  452    1 
15 2 0 2 2 2 1 1 3 3 1 1096    1 
15 2 0 0 0 2 0 1 1 1 1  828    1 
15 2 0 3 3 3 1 1 4 4 1  706    1 
15 2 0 0 1 0 1 0 2 2 1 1733    1 
15 2 1 2 2 2 1 1 3 3 1  766    1 
15 2 1 1 1 1 1 1 2 2 1 1079    1 
15 2 0 2 3 2 1 0 4 4 1  691    1 
15 2 0 2 3 0 0 0 4 4 1  494    1 
15 2 1 2 3 2 1 0 3 3 1 1194    1 
15 2 1 0 0 0 1 1 1 2 0 1377    1 
15 2 0 2 2 2 1 1 3 3 1  592    1 
15 2 0 0 1 2 0 0 2 2 1  807    1 
15 2 0 0 1 2 0 0 2 2 1 1022    1 
15 2 0 3 0 1 0 0 1 1 1 1492    1 
15 2 1 3 0 3 1 0 4 4 1 1335    1 
15 2 1 3 3 3 1 1 4 4 1 1289    1 
15 2 0 3 3 3 1 1 4 4 1 1444    1 
15 2 0 2 3 2 1 0 4 4 1  458    1 
15 2 1 0 1 2 0 0 1 1 1  999    1 
15 2 0 2 3 0 0 0 4 3 0  790    1 
15 2 0 3 0 3 1 0 1 1 1 1811    1 
15 2 0 2 3 0 0 0 4 4 1 1394    1 
15 2 0 3 0 1 0 0 1 3 0 1258    1 
15 2 0 1 2 1 1 0 3 3 1  893    1 
15 2 0 1 2 1 1 0 3 3 1  640    1 
15 2 0 3 0 3 1 0 1 1 1 1173    1 
15 2 1 2 2 0 0 1 3 3 1 1022    1 
15 2 0 3 3 3 1 1 4 4 1 2196    1 
15 2 1 1 2 1 1 0 2 3 0 2275    1 
15 2 0 1 2 3 0 0 3 3 1 1030    1 
15 2 0 3 0 3 1 0 1 1 1 1284    1 
15 2 1 0 0 2 0 1 1 1 1  983    1 
15 2 0 2 3 0 0 0 4 4 1 1143    1 
15 2 0 0 1 0 1 0 2 2 1 1056    1 
15 2 0 2 3 0 0 0 4 4 1  773    1 
15 2 0 0 1 2 0 0 2 2 1 2277    1 
15 2 0 0 0 0 1 1 1 1 1 2442    1 
15 2 0 0 0 2 0 1 1 1 1  719    1 
15 2 0 1 2 1 1 0 3 2 0 1657    1 
15 2 0 2 2 2 1 1 3 3 1  916    1 
15 2 0 2 2 0 0 1 3 3 1  975    1 
15 2 0 3 3 1 0 1 4 4 1 2255    1 
15 2 0 3 3 3 1 1 4 4 1  644    1 
15 2 0 0 0 0 1 1 1 1 1  841    1 
15 2 0 2 2 0 0 1 3 3 1  863    1 
15 2 1 0 1 2 0 0 1 1 1 1259    1 
15 2 0 3 3 1 0 1 4 4 1 1088    1 
15 2 0 1 1 1 1 1 2 2 1 1404    1 
15 2 0 3 3 1 0 1 4 4 1  819    1 
15 2 0 3 3 3 1 1 4 4 1  673    1 
15 2 0 1 2 3 0 0 3 3 1 2421    1 
15 2 1 3 0 3 1 0 4 4 1  995    1 
15 2 1 3 0 1 0 0 4 4 1 1475    1 
15 2 1 0 1 2 0 0 1 1 1 1575    0 
15 2 0 2 3 2 1 0 4 4 1 1143    1 
15 2 0 1 1 1 1 1 2 2 1  993    1 
15 2 0 3 0 1 0 0 1 1 1 4360    1 
15 2 0 0 0 0 1 1 1 1 1  537    1 
15 2 1 0 1 0 1 0 1 1 1  803    1 
15 2 0 0 0 2 0 1 1 1 1  666    1 
15 2 1 1 1 1 1 1 2 2 1 1038    1 
15 2 0 0 0 0 1 1 1 1 1  787    1 
15 2 0 1 2 1 1 0 3 3 1 1155    1 
15 2 0 3 3 1 0 1 4 4 1 1420    1 
15 2 1 1 1 3 0 1 2 2 1 1234    1 
15 2 0 0 1 2 0 0 2 2 1 1631    1 
15 2 1 0 1 2 0 0 1 1 1 1182    1 
15 2 0 1 2 1 1 0 3 3 1  950    1 
15 2 0 0 0 0 1 1 1 2 0 1127    1 
15 2 0 3 3 1 0 1 4 4 1 1255    1 
15 2 1 2 3 0 0 0 3 3 1  964    1 
15 2 0 0 0 2 0 1 1 1 1 1908    1 
15 2 1 1 2 3 0 0 2 2 1  935    1 
15 2 0 1 1 1 1 1 2 3 0 1281    1 
15 2 0 0 1 0 1 0 2 2 1 1939    1 
15 2 0 3 3 3 1 1 4 4 1  645    1 
15 2 0 0 1 0 1 0 2 1 0  882    1 
15 2 0 1 1 1 1 1 2 2 1 1044    1 
15 2 0 1 2 1 1 0 3 3 1  929    1 
15 2 0 2 2 0 0 1 3 3 1  723    1 
15 2 0 1 2 1 1 0 3 3 1  485    0 
15 2 1 1 1 1 1 1 2 2 1 1801    1 
15 2 0 2 3 0 0 0 4 4 1  584    1 
15 2 1 0 0 0 1 1 1 1 1 1311    1 
15 2 1 2 3 2 1 0 3 3 1 1018    1 
15 2 0 2 2 0 0 1 3 3 1  992    1 
15 2 0 1 1 1 1 1 2 2 1 1376    1 
15 2 1 3 3 3 1 1 4 4 1 2144    1 
15 2 0 1 1 3 0 1 2 2 1  914    1 
15 2 0 3 0 3 1 0 1 4 0  908    1 
15 2 0 2 2 2 1 1 3 3 1  637    1 
15 2 0 1 1 1 1 1 2 2 1 1771    1 
15 2 0 0 0 0 1 1 1 1 1 1251    1 
15 2 1 0 1 2 0 0 1 1 1 3496   25 
15 2 0 0 0 2 0 1 1 1 1  971    1 
15 2 1 2 2 2 1 1 3 3 1 1180    1 
15 2 0 2 2 2 1 1 3 3 1  724    1 
15 2 1 1 2 3 0 0 2 2 1 2238    1 
15 2 0 3 3 1 0 1 4 4 1  828    1 
15 2 0 1 2 3 0 0 3 3 1 3090    1 
15 2 0 0 0 2 0 1 1 1 1  710    1 
15 2 0 2 2 0 0 1 3 3 1  776    1 
15 2 0 2 3 0 0 0 4 4 1  856    1 
15 2 0 0 1 0 1 0 2 1 0  917    1 
15 2 0 3 0 3 1 0 1 1 1 1621    1 
15 2 1 0 0 0 1 1 1 1 1 1076    1 
15 2 1 3 3 1 0 1 4 4 1 1360    1 
15 2 0 0 1 0 1 0 2 2 1 1417    1 
15 2 0 1 2 1 1 0 3 3 1 1303    1 
15 2 0 3 0 1 0 0 1 1 1 1170    1 
15 2 0 3 3 1 0 1 4 4 1  650    1 
15 2 1 1 1 3 0 1 2 2 1  863    1 
15 2 0 2 2 0 0 1 3 3 1  924    1 
15 2 0 3 0 3 1 0 1 1 1 1278    1 
15 2 0 0 0 0 1 1 1 1 1  882    1 
15 2 1 2 3 0 0 0 3 3 1 2461    1 
15 2 0 1 2 1 1 0 3 3 1 1746    1 
15 2 0 1 1 1 1 1 2 2 1 1068    1 
15 2 0 3 0 3 1 0 1 4 0  920    1 
15 2 1 3 0 1 0 0 4 4 1  848    1 
15 2 0 0 0 2 0 1 1 1 1  830    1 
15 2 0 2 2 0 0 1 3 3 1 1436    1 
15 2 1 2 2 2 1 1 3 3 1 1338    1 
15 2 1 0 1 2 0 0 1 1 1 1691    0 
15 2 0 2 2 2 1 1 3 3 1 1023    1 
15 2 0 1 2 3 0 0 3 3 1 1109    1 
15 2 1 3 3 3 1 1 4 4 1 2208    1 
15 2 0 0 1 2 0 0 2 2 1 1751    1 
15 2 0 1 1 1 1 1 2 2 1 1343    1 
15 2 0 1 1 3 0 1 2 2 1 1257    1 
15 2 0 2 2 0 0 1 3 3 1  798    1 
15 2 1 2 2 2 1 1 3 3 1 1373    1 
15 2 0 1 1 3 0 1 2 2 1 1358    1 
15 2 0 2 2 0 0 1 3 3 1  686    1 
15 2 1 2 3 2 1 0 3 3 1 1362    1 
15 2 0 1 1 3 0 1 2 2 1 1627    1 
15 2 0 3 0 3 1 0 1 1 1 1393    1 
15 2 0 1 2 3 0 0 3 3 1 1080    1 
15 2 0 3 0 1 0 0 1 1 1 1237    1 
15 2 0 1 1 1 1 1 2 2 1  954    1 
15 2 0 1 2 1 1 0 3 3 1 1187    1 
15 2 0 0 0 0 1 1 1 1 1 1059    1 
15 2 0 1 2 3 0 0 3 3 1 1567    1 
15 2 0 2 3 2 1 0 4 4 1 1656    1 
15 2 1 0 1 0 1 0 1 1 1 1404    1 
15 2 0 1 1 3 0 1 2 2 1 1787    0 
15 2 1 2 3 0 0 0 3 3 1  915    1 
15 2 1 3 3 3 1 1 4 4 1 1926    1 
15 2 1 0 1 2 0 0 1 1 1 1112    1 
15 2 0 0 1 2 0 0 2 2 1 1251    1 
15 2 0 1 1 1 1 1 2 3 0 1360    1 
15 2 0 1 2 3 0 0 3 3 1 1255    1 
15 2 1 3 0 3 1 0 4 4 1 2515    0 
15 2 0 3 0 1 0 0 1 1 1 1454    1 
15 2 1 3 0 1 0 0 4 4 1 1411    1 
15 2 0 3 3 1 0 1 4 4 1 2233    1 
15 2 0 1 1 1 1 1 2 2 1 1887    1 
15 2 0 2 3 2 1 0 4 4 1 1395    1 
15 2 1 3 0 3 1 0 4 4 1 1186    1 
15 2 0 2 2 0 0 1 3 3 1 1914    1 
15 2 0 0 0 2 0 1 1 1 1  765    1 
15 2 0 1 2 1 1 0 3 3 1 1861    1 
15 2 0 3 0 1 0 0 1 1 1 2818    1 
15 2 1 2 2 2 1 1 3 3 1 1041    1 
15 2 0 1 2 3 0 0 3 3 1 2542    1 
15 2 0 0 0 2 0 1 1 1 1  816    1 
15 2 0 1 1 1 1 1 2 3 0 1006    1 
15 2 0 1 1 3 0 1 2 2 1 1123    1 
15 2 0 0 1 2 0 0 2 1 0 1061    1 
15 2 0 2 2 0 0 1 3 3 1  720    0 
15 2 0 2 3 2 1 0 4 4 1 1274    1 
15 2 1 0 1 0 1 0 1 1 1 1206    1 
15 2 0 1 1 3 0 1 2 2 1 2085    0 
15 2 0 0 0 2 0 1 1 1 1  913    1 
15 2 1 2 2 0 0 1 3 3 1 1148    1 
15 2 0 1 1 1 1 1 2 2 1 2189    1 
15 2 0 2 3 0 0 0 4 4 1 1285    1 
15 2 0 2 2 0 0 1 3 3 1 2392    1 
15 2 0 3 3 3 1 1 4 4 1  888    1 
15 2 0 3 0 1 0 0 1 1 1 1035    1 
15 2 1 3 0 1 0 0 4 4 1 1129    1 
15 2 0 0 1 0 1 0 2 3 0 1163    1 
15 2 0 2 3 2 1 0 4 4 1 1138    1 
15 2 0 1 1 3 0 1 2 2 1  867    0 
15 3 0 3 2 3 1 0 3 3 1 1617    1 
15 3 1 0 3 1 0 0 1 1 1 1479    1 
15 3 0 3 2 0 0 0 3 3 1  899    1 
15 3 0 2 1 2 1 0 2 2 1 1878    1 
15 3 1 0 3 0 1 0 1 1 1 1018    1 
15 3 0 1 1 2 0 1 2 2 1  752    0 
15 3 1 0 3 0 1 0 1 1 1  913    1 
15 3 1 1 1 2 0 1 2 2 1 1188    1 
15 3 0 1 0 2 0 0 1 1 1 1779    1 
15 3 0 1 0 2 0 0 1 1 1  660    1 
15 3 0 0 3 1 0 0 4 4 1 2392    1 
15 3 0 2 2 3 0 1 3 3 1 2664    1 
15 3 1 0 0 0 1 1 1 1 1 1317    1 
15 3 0 1 1 2 0 1 2 2 1  839    1 
15 3 0 3 2 3 1 0 3 3 1 1509    1 
15 3 0 0 3 1 0 0 4 4 1  728    1 
15 3 0 1 0 2 0 0 1 1 1  906    1 
15 3 1 3 3 0 0 1 4 4 1 1565    1 
15 3 0 0 3 0 1 0 4 4 1 1157    1 
15 3 0 2 2 2 1 1 3 3 1 1102    1 
15 3 1 2 1 2 1 0 3 3 1 2089    1 
15 3 0 1 1 2 0 1 2 2 1  861    1 
15 3 1 0 3 1 0 0 1 1 1 2290    1 
15 3 1 1 0 1 1 0 2 1 0 2117    1 
15 3 0 2 1 2 1 0 2 2 1 1533    1 
15 3 0 1 1 2 0 1 2 2 1  783    1 
15 3 0 0 0 1 0 1 1 1 1  686    1 
15 3 0 0 0 1 0 1 1 1 1  842    1 
15 3 0 2 2 2 1 1 3 3 1 1343    1 
15 3 1 1 1 1 1 1 2 2 1 1393    1 
15 3 0 3 3 0 0 1 4 4 1 1057    1 
15 3 0 1 0 1 1 0 1 1 1 2037    1 
15 3 0 3 3 0 0 1 4 4 1 1299    1 
15 3 0 0 3 1 0 0 4 4 1 1270    1 
15 3 0 2 1 3 0 0 2 2 1 2202    1 
15 3 0 3 2 3 1 0 3 3 1 3441    1 
15 3 0 2 1 2 1 0 2 2 1 1255    1 
15 3 0 0 0 0 1 1 1 1 1  636    1 
15 3 1 0 3 0 1 0 1 1 1 1017    1 
15 3 0 3 2 3 1 0 3 4 0  951    1 
15 3 0 0 0 1 0 1 1 1 1  910    1 
15 3 0 2 2 3 0 1 3 3 1  889    1 
15 3 1 3 3 3 1 1 4 4 1 1348    1 
15 3 0 1 1 1 1 1 2 2 1  750    1 
15 3 0 3 2 0 0 0 3 3 1 1359    1 
15 3 0 3 2 0 0 0 3 3 1  712    1 
15 3 0 0 3 0 1 0 4 4 1 1698    1 
15 3 0 1 1 2 0 1 2 2 1  814    1 
15 3 0 1 0 2 0 0 1 3 0 1093    0 
15 3 1 0 3 1 0 0 1 1 1 1310    1 
15 3 0 1 1 2 0 1 2 2 1  833    1 
15 3 0 3 3 3 1 1 4 4 1 1015    1 
15 3 0 1 0 1 1 0 1 2 0 1349    1 
15 3 1 2 2 2 1 1 3 3 1  868    1 
15 3 0 1 1 2 0 1 2 2 1 1584    1 
15 3 0 3 3 3 1 1 4 4 1  688    1 
15 3 1 3 2 0 0 0 4 4 1 1212    1 
15 3 1 1 1 1 1 1 2 2 1 3530    1 
15 3 1 1 1 1 1 1 2 2 1  765    1 
15 3 0 2 2 3 0 1 3 3 1 1430    1 
15 3 0 2 2 3 0 1 3 3 1  716    1 
15 3 1 2 2 3 0 1 3 3 1  814    1 
15 3 0 2 1 2 1 0 2 2 1 1493    1 
15 3 1 3 2 3 1 0 4 4 1 1240    1 
15 3 0 2 1 3 0 0 2 3 0  982    1 
15 3 0 3 2 3 1 0 3 3 1 1411    1 
15 3 0 1 0 1 1 0 1 1 1 1554    1 
15 3 0 0 0 0 1 1 1 1 1  643    1 
15 3 0 3 3 3 1 1 4 4 1  961    1 
15 3 0 2 2 2 1 1 3 3 1  689    1 
15 3 0 3 2 3 1 0 3 4 0 1213    1 
15 3 0 3 2 0 0 0 3 4 0  874    1 
15 3 0 2 2 3 0 1 3 3 1  892    1 
15 3 0 1 0 1 1 0 1 1 1  983    1 
15 3 0 1 0 1 1 0 1 1 1  623    1 
15 3 1 3 3 3 1 1 4 4 1 2173    1 
15 3 0 3 2 0 0 0 3 3 1  965    1 
15 3 0 1 1 1 1 1 2 2 1 2358    1 
15 3 1 1 0 2 0 0 2 2 1 2254    1 
15 3 0 3 3 0 0 1 4 4 1  915    1 
15 3 0 2 1 3 0 0 2 2 1 1526    1 
15 3 0 0 3 1 0 0 4 4 1 1312    1 
15 3 0 2 1 3 0 0 2 2 1 3203    0 
15 3 0 0 3 0 1 0 4 4 1 1490    0 
15 3 0 1 1 1 1 1 2 2 1  677    1 
15 3 0 2 1 3 0 0 2 2 1 1137    0 
15 3 0 0 3 0 1 0 4 4 1  875    1 
15 3 0 3 3 0 0 1 4 4 1  895    1 
15 3 0 3 3 0 0 1 4 4 1  610    1 
15 3 0 0 3 1 0 0 4 4 1  473    1 
15 3 0 2 2 3 0 1 3 3 1 1253    1 
15 3 0 0 3 1 0 0 4 4 1  786    0 
15 3 0 2 1 3 0 0 2 2 1  914    1 
15 3 0 2 1 3 0 0 2 2 1  869    1 
15 3 0 2 2 2 1 1 3 3 1 1265    0 
15 3 0 0 0 1 0 1 1 1 1 1022    1 
15 3 0 1 1 2 0 1 2 2 1  980    1 
15 3 0 0 0 0 1 1 1 1 1  892    1 
15 3 1 0 3 0 1 0 1 1 1 1447    1 
15 3 0 3 2 3 1 0 3 3 1 1301    1 
15 3 1 2 1 2 1 0 3 3 1 1320    1 
15 3 0 2 2 2 1 1 3 3 1 1738    1 
15 3 0 1 1 1 1 1 2 2 1  940    1 
15 3 1 1 1 1 1 1 2 2 1  869    1 
15 3 0 1 1 1 1 1 2 2 1  601    1 
15 3 0 3 2 3 1 0 3 4 0 1056    0 
15 3 1 3 3 0 0 1 4 4 1 1443    1 
15 3 1 0 0 1 0 1 1 1 1 1096    1 
15 3 1 0 3 1 0 0 1 1 1  756    1 
15 3 1 0 3 0 1 0 1 1 1  493    1 
15 3 0 1 0 1 1 0 1 1 1 1088    1 
15 3 0 3 3 0 0 1 4 4 1 1212    1 
15 3 0 2 2 2 1 1 3 3 1  899    1 
15 3 0 1 1 1 1 1 2 2 1  749    1 
15 3 0 1 1 2 0 1 2 2 1  534    1 
15 3 0 2 2 2 1 1 3 3 1 1504    0 
15 3 0 2 2 2 1 1 3 3 1  587    1 
15 3 0 3 2 0 0 0 3 3 1  810    1 
15 3 0 2 1 2 1 0 2 2 1 1369    1 
15 3 0 1 0 1 1 0 1 1 1  977    1 
15 3 0 2 2 3 0 1 3 3 1  713    0 
15 3 0 2 2 2 1 1 3 3 1  524    1 
15 3 1 2 1 3 0 0 3 3 1 2014    0 
15 3 1 2 1 3 0 0 3 3 1  485    1 
15 3 1 3 2 3 1 0 4 4 1 1785    1 
15 3 1 2 1 3 0 0 3 3 1  920    1 
15 3 1 0 0 0 1 1 1 1 1 1106    1 
15 3 1 0 0 1 0 1 1 1 1 1077    1 
15 3 0 0 0 1 0 1 1 1 1  945    1 
15 3 0 1 1 2 0 1 2 2 1  883    0 
15 3 0 0 0 0 1 1 1 1 1  638    1 
15 3 0 2 2 2 1 1 3 3 1  684    0 
15 3 1 1 1 1 1 1 2 2 1 1087    1 
15 3 0 3 3 3 1 1 4 4 1  731    1 
15 3 0 1 0 1 1 0 1 1 1 1229    1 
15 3 1 0 3 1 0 0 1 1 1  899    1 
15 3 0 2 2 3 0 1 3 3 1  670    0 
15 3 0 0 3 1 0 0 4 1 0 1394    1 
15 3 0 3 2 0 0 0 3 3 1 1280    1 
15 3 0 0 0 1 0 1 1 1 1  692    1 
15 3 0 1 0 1 1 0 1 1 1 1351    1 
15 3 0 3 2 0 0 0 3 3 1 1344    1 
15 3 0 1 1 2 0 1 2 2 1 2682    1 
15 3 0 2 2 3 0 1 3 3 1  685    1 
15 3 0 0 0 1 0 1 1 1 1  633    1 
15 3 1 0 3 1 0 0 1 1 1 3334    1 
15 3 1 1 0 1 1 0 2 2 1 1720    1 
15 3 0 0 3 1 0 0 4 4 1 1978    1 
15 3 0 3 2 0 0 0 3 3 1 1202    1 
15 3 0 3 3 0 0 1 4 4 1 1353    0 
15 3 0 2 2 3 0 1 3 3 1 1322    1 
15 3 0 0 3 1 0 0 4 4 1 2004    1 
15 3 1 2 1 3 0 0 3 3 1  891    1 
15 3 0 3 2 3 1 0 3 3 1 1351    1 
15 3 0 0 3 1 0 0 4 4 1 1312    1 
15 3 0 3 3 3 1 1 4 4 1  547    1 
15 3 0 1 1 1 1 1 2 2 1 1060    1 
15 3 0 2 2 3 0 1 3 3 1 1041    1 
15 3 1 0 0 0 1 1 1 1 1  798    1 
15 3 0 1 1 1 1 1 2 2 1  822    1 
15 3 0 3 3 3 1 1 4 4 1 1100    1 
15 3 0 3 3 3 1 1 4 4 1  775    1 
15 3 0 1 0 2 0 0 1 1 1 2287    1 
15 3 0 3 2 0 0 0 3 3 1 1595    1 
15 3 0 0 3 0 1 0 4 4 1 1130    1 
15 3 0 3 2 0 0 0 3 3 1 4468    1 
15 3 0 1 1 1 1 1 2 2 1  689    1 
15 3 0 1 1 2 0 1 2 2 1  692    1 
15 3 1 2 1 2 1 0 3 3 1 3352    1 
15 3 0 2 2 2 1 1 3 3 1  737    1 
15 3 1 0 0 1 0 1 1 1 1  962    1 
15 3 0 0 3 0 1 0 4 4 1 1419    1 
15 3 0 1 0 1 1 0 1 2 0 1001    1 
15 3 0 3 2 3 1 0 3 3 1 1270    1 
15 3 0 2 2 2 1 1 3 3 1  650    1 
15 3 0 2 2 3 0 1 3 3 1  639    1 
15 3 0 1 1 2 0 1 2 2 1 1573    1 
15 3 1 3 2 3 1 0 4 4 1 1349    1 
15 3 0 3 2 3 1 0 3 3 1 1246    1 
15 3 0 0 3 1 0 0 4 4 1 1643    1 
15 3 1 3 3 3 1 1 4 4 1 1265    1 
15 3 0 2 2 2 1 1 3 3 1  830    1 
15 3 1 2 2 2 1 1 3 3 1 2164    1 
15 3 0 0 0 1 0 1 1 1 1  789    0 
15 3 0 1 0 1 1 0 1 1 1 1268    1 
15 3 1 3 3 3 1 1 4 4 1 1856    1 
15 3 1 0 0 1 0 1 1 1 1  749    1 
15 3 1 2 1 3 0 0 3 3 1 1118    1 
15 3 0 3 2 3 1 0 3 3 1 1880    0 
15 3 0 0 3 1 0 0 4 4 1 1381    1 
15 3 0 3 2 3 1 0 3 3 1 1333    1 
15 3 0 1 1 1 1 1 2 2 1 1078    1 
15 4 0 3 0 3 1 0 1 1 1 1759    1 
15 4 0 2 3 0 0 0 4 3 0  792    1 
15 4 0 2 2 2 1 1 3 3 1  621    1 
15 4 1 1 1 1 1 1 2 2 1 1955    1 
15 4 0 2 3 0 0 0 4 4 1 1620    1 
15 4 0 1 2 1 1 0 3 3 1 1362    1 
15 4 0 0 0 2 0 1 1 1 1  779    1 
15 4 0 1 2 3 0 0 3 3 1  788    1 
15 4 0 0 0 2 0 1 1 1 1  779    1 
15 4 0 1 2 1 1 0 3 3 1  779    1 
15 4 0 0 1 0 1 0 2 2 1 1563    1 
15 4 0 1 2 3 0 0 3 3 1 1100    1 
15 4 1 2 3 0 0 0 3 3 1 1503    1 
15 4 1 2 2 0 0 1 3 3 1  698    0 
15 4 0 1 1 1 1 1 2 2 1  941    1 
15 4 0 2 3 0 0 0 4 4 1  967    1 
15 4 0 0 0 0 1 1 1 1 1  663    1 
15 4 0 1 1 3 0 1 2 2 1 1044    1 
15 4 0 0 0 0 1 1 1 1 1  633    1 
15 4 1 2 3 2 1 0 3 3 1 1207    1 
15 4 0 2 3 2 1 0 4 4 1 1278    1 
15 4 0 3 3 1 0 1 4 4 1 1458    1 
15 4 0 2 3 2 1 0 4 4 1 1679    1 
15 4 1 3 0 1 0 0 4 4 1 1219    1 
15 4 0 0 1 2 0 0 2 2 1 2617    1 
15 4 0 3 3 1 0 1 4 4 1  799    1 
15 4 0 3 3 1 0 1 4 4 1 1174    1 
15 4 0 3 3 1 0 1 4 4 1 1398    1 
15 4 0 3 0 3 1 0 1 1 1  757    1 
15 4 0 3 3 3 1 1 4 4 1  942    1 
15 4 0 3 0 1 0 0 1 1 1 1656    1 
15 4 0 3 0 1 0 0 1 1 1 1581    1 
15 4 0 2 3 2 1 0 4 4 1 1933    1 
15 4 0 1 1 3 0 1 2 2 1  734    1 
15 4 0 0 0 2 0 1 1 1 1  632    1 
15 4 0 3 3 1 0 1 4 4 1 1078    1 
15 4 0 1 1 1 1 1 2 2 1  730    1 
15 4 1 0 0 2 0 1 1 1 1 1372    1 
15 4 0 2 3 0 0 0 4 4 1  924    1 
15 4 1 2 2 2 1 1 3 3 1 1391    1 
15 4 0 0 1 2 0 0 2 2 1  974    1 
15 4 0 3 0 3 1 0 1 1 1  918    1 
15 4 0 0 1 2 0 0 2 2 1  824    1 
15 4 1 3 3 1 0 1 4 4 1 1015    1 
15 4 1 3 0 1 0 0 4 2 0 1445    1 
15 4 0 1 2 1 1 0 3 3 1 1385    1 
15 4 0 0 0 0 1 1 1 1 1  873    1 
15 4 0 0 0 0 1 1 1 1 1 1053    1 
15 4 1 2 3 0 0 0 3 3 1 2146    0 
15 4 1 1 2 1 1 0 2 2 1 1059    1 
15 4 0 0 1 2 0 0 2 2 1 1944    1 
15 4 1 2 3 2 1 0 3 3 1  970    1 
15 4 0 0 1 0 1 0 2 1 0  650    1 
15 4 0 0 0 2 0 1 1 1 1  621    1 
15 4 0 2 3 2 1 0 4 4 1 1003    1 
15 4 0 0 0 2 0 1 1 1 1 1546    1 
15 4 0 1 2 3 0 0 3 3 1 1211    1 
15 4 0 0 0 0 1 1 1 1 1  882    1 
15 4 0 0 1 0 1 0 2 2 1 1309    0 
15 4 0 0 0 0 1 1 1 1 1 1000    1 
15 4 0 1 2 1 1 0 3 3 1 1735    1 
15 4 0 1 2 1 1 0 3 3 1 1009    1 
15 4 1 2 2 0 0 1 3 3 1 1504    1 
15 4 1 1 2 3 0 0 2 2 1 1890    1 
15 4 0 3 0 3 1 0 1 1 1 1246    1 
15 4 0 3 0 3 1 0 1 1 1  812    1 
15 4 0 1 2 1 1 0 3 3 1 1850    1 
15 4 0 2 2 2 1 1 3 3 1  959    1 
15 4 1 2 2 0 0 1 3 3 1 1320    1 
15 4 0 3 0 3 1 0 1 1 1 1658    0 
15 4 0 0 1 0 1 0 2 2 1 1871    1 
15 4 0 1 1 1 1 1 2 2 1  795    1 
15 4 0 0 1 2 0 0 2 2 1 1659    1 
15 4 0 3 3 3 1 1 4 4 1 2512    1 
15 4 1 1 2 3 0 0 2 2 1 2307    1 
15 4 1 0 1 0 1 0 1 1 1 1470    1 
15 4 1 3 3 1 0 1 4 4 1 1082    1 
15 4 1 1 1 3 0 1 2 2 1 2165    1 
15 4 0 2 3 2 1 0 4 4 1 1014    1 
15 4 1 2 2 2 1 1 3 3 1 2549    1 
15 4 0 3 3 3 1 1 4 4 1 1981    1 
15 4 0 1 1 3 0 1 2 2 1 1326    1 
15 4 1 3 0 1 0 0 4 4 1 1096    1 
15 4 0 3 0 3 1 0 1 1 1 1611    1 
15 4 0 2 3 0 0 0 4 3 0  834    1 
15 4 0 0 1 0 1 0 2 2 1 1182    1 
15 4 0 2 3 2 1 0 4 3 0  821    1 
15 4 1 0 1 2 0 0 1 1 1 1058    1 
15 4 0 3 3 3 1 1 4 4 1  862    1 
15 4 0 0 1 0 1 0 2 2 1 1107    1 
15 4 0 2 3 0 0 0 4 3 0  710    1 
15 4 0 2 3 2 1 0 4 4 1  951    1 
15 4 0 1 2 3 0 0 3 3 1 2112    1 
15 4 0 0 1 0 1 0 2 2 1 1027    1 
15 4 0 3 3 1 0 1 4 4 1  913    1 
15 4 1 1 2 1 1 0 2 2 1 1220    1 
15 4 1 0 1 0 1 0 1 1 1 1026    1 
15 4 0 2 2 0 0 1 3 3 1  824    1 
15 4 1 2 2 0 0 1 3 3 1 1054    1 
15 4 0 2 3 2 1 0 4 4 1 1659    1 
15 4 0 2 2 0 0 1 3 3 1 1024    1 
15 4 0 1 2 3 0 0 3 3 1  926    1 
15 4 1 0 0 2 0 1 1 1 1 1608    1 
15 4 0 2 3 0 0 0 4 4 1 1015    1 
15 4 1 1 2 3 0 0 2 2 1 1182    1 
15 4 0 3 0 3 1 0 1 1 1 1221    1 
15 4 0 3 3 1 0 1 4 4 1 1012    1 
15 4 0 3 0 3 1 0 1 1 1 1258    1 
15 4 0 1 1 1 1 1 2 2 1 1191    1 
15 4 1 1 1 1 1 1 2 2 1  855    1 
15 4 0 0 1 0 1 0 2 2 1 1068    1 
15 4 0 2 2 0 0 1 3 3 1 1360    1 
15 4 0 3 3 3 1 1 4 4 1  793    1 
15 4 0 0 1 0 1 0 2 2 1  680    1 
15 4 0 2 3 2 1 0 4 4 1 2844    1 
15 4 0 3 0 3 1 0 1 1 1 1026    1 
15 4 1 1 1 3 0 1 2 2 1 1408    1 
15 4 0 1 1 3 0 1 2 2 1  879    1 
15 4 0 2 2 0 0 1 3 3 1  731    1 
15 4 1 0 1 0 1 0 1 1 1 1365    1 
15 4 0 0 0 0 1 1 1 1 1  782    1 
15 4 0 0 1 2 0 0 2 1 0  958    1 
15 4 1 3 3 1 0 1 4 4 1 1045    1 
15 4 0 2 3 0 0 0 4 3 0 1226    1 
15 4 0 0 1 0 1 0 2 2 1 1062    1 
15 4 0 0 0 2 0 1 1 1 1  691    0 
15 4 0 2 2 0 0 1 3 3 1  855    0 
15 4 0 0 0 0 1 1 1 1 1  835    1 
15 4 1 3 3 1 0 1 4 4 1 3801    1 
15 4 0 1 1 3 0 1 2 2 1 2656    1 
15 4 0 1 2 1 1 0 3 3 1 2181    1 
15 4 0 3 0 1 0 0 1 4 0  701    1 
15 4 0 1 2 3 0 0 3 2 0  886    1 
15 4 0 2 3 2 1 0 4 4 1 1520    0 
15 4 0 3 3 3 1 1 4 4 1 1586    1 
15 4 1 0 0 2 0 1 1 1 1 1809    1 
15 4 0 1 2 1 1 0 3 3 1 2040    1 
15 4 0 2 2 0 0 1 3 3 1  934    1 
15 4 0 0 1 2 0 0 2 2 1 1279    1 
15 4 0 3 0 1 0 0 1 1 1 1556    1 
15 4 0 1 2 1 1 0 3 3 1 1348    1 
15 4 1 2 2 0 0 1 3 3 1 1062    1 
15 4 0 0 0 2 0 1 1 1 1  843    1 
15 4 1 1 1 3 0 1 2 2 1 1280    1 
15 4 1 0 0 2 0 1 1 1 1  988    1 
15 4 0 2 2 2 1 1 3 3 1 1020    1 
15 4 1 1 1 3 0 1 2 2 1 1058    1 
15 4 0 3 3 1 0 1 4 4 1  895    1 
15 4 0 3 3 1 0 1 4 4 1 1354    1 
15 4 0 1 1 1 1 1 2 2 1 1979    1 
15 4 0 1 1 3 0 1 2 2 1  876    1 
15 4 0 1 2 1 1 0 3 3 1 1328    1 
15 4 0 1 2 1 1 0 3 3 1  770    1 
15 4 1 2 3 0 0 0 3 3 1 1482    1 
15 4 0 2 2 2 1 1 3 3 1 1406    1 
15 4 0 0 0 0 1 1 1 1 1  653    1 
15 4 1 2 2 0 0 1 3 3 1  937    1 
15 4 1 0 0 2 0 1 1 1 1 1499    1 
15 4 0 3 0 1 0 0 1 1 1 1222    1 
15 4 0 0 1 2 0 0 2 2 1 1980    1 
15 4 1 1 2 1 1 0 2 2 1 1636    1 
15 4 0 3 3 3 1 1 4 4 1 1074    0 
15 4 0 2 2 2 1 1 3 3 1  798    1 
15 4 0 1 2 1 1 0 3 3 1 1917    1 
15 4 1 2 2 0 0 1 3 3 1 1352    1 
15 4 1 3 3 1 0 1 4 4 1 1369    1 
15 4 0 1 2 1 1 0 3 3 1 1305    1 
15 4 0 0 0 2 0 1 1 1 1 1124    1 
15 4 0 1 1 3 0 1 2 2 1  966    1 
15 4 0 3 3 1 0 1 4 4 1 1654    1 
15 4 0 3 0 3 1 0 1 1 1  691    1 
15 4 0 3 0 3 1 0 1 1 1  606    1 
15 4 0 3 0 1 0 0 1 1 1  589    1 
15 4 0 1 2 1 1 0 3 3 1 1317    1 
15 4 1 1 1 1 1 1 2 2 1 2383    1 
15 4 0 0 0 2 0 1 1 1 1  854    1 
15 4 1 1 1 3 0 1 2 2 1 1227    1 
15 4 0 2 2 0 0 1 3 3 1 1369    1 
15 4 0 0 0 0 1 1 1 1 1  770    1 
15 4 0 2 2 2 1 1 3 3 1 1402    1 
15 4 0 3 3 3 1 1 4 2 0 1121    1 
15 4 0 2 2 2 1 1 3 3 1 1633    1 
15 4 0 1 1 1 1 1 2 2 1  870    1 
15 4 0 2 3 2 1 0 4 4 1 1114    1 
15 4 0 3 0 1 0 0 1 1 1 2149    1 
15 4 0 3 3 1 0 1 4 4 1 1870    1 
15 4 1 0 1 0 1 0 1 1 1 1355    1 
15 4 1 0 0 2 0 1 1 1 1 1027    1 
15 4 0 2 2 2 1 1 3 3 1  810    1 
15 4 0 3 3 3 1 1 4 4 1  616    1 
15 4 1 1 2 1 1 0 2 2 1 1446    1 
15 4 0 3 3 3 1 1 4 4 1 1284    1 
