3 1 1 2 0 2 1 0 3 3 1 3144    0 
3 1 0 2 0 2 1 0 1 1 1 1754    0 
3 1 0 0 0 0 1 1 1 1 1  770    0 
3 1 1 3 3 3 1 1 4 4 1  882    0 
3 1 0 3 3 2 0 1 4 4 1  654    0 
3 1 1 1 3 0 0 0 2 2 1 1043    0 
3 1 0 3 1 3 1 0 2 2 1 1032    0 
3 1 0 3 1 3 1 0 2 2 1 1222    0 
3 1 0 1 3 1 1 0 4 4 1 1124    0 
3 1 1 1 1 1 1 1 2 2 1 1598    0 
3 1 1 1 1 0 0 1 2 2 1 1053    0 
3 1 0 3 1 3 1 0 2 2 1 1018    0 
3 1 0 1 3 0 0 0 4 4 1 1136    0 
3 1 0 1 3 1 1 0 4 4 1  633    0 
3 1 0 0 0 0 1 1 1 1 1  775    0 
3 1 0 3 3 2 0 1 4 4 1  703    0 
3 1 0 0 0 3 0 1 1 1 1 1297    0 
3 1 0 1 1 0 0 1 2 2 1 1149    0 
3 1 1 0 0 3 0 1 1 1 1 1550    0 
3 1 0 3 1 3 1 0 2 2 1 1135    0 
3 1 1 0 2 3 0 0 1 1 1 1976    0 
3 1 0 2 2 2 1 1 3 3 1 1136    0 
3 1 0 3 1 3 1 0 2 2 1 1033    0 
3 1 0 2 2 1 0 1 3 3 1  791    0 
3 1 0 3 1 2 0 0 2 2 1 1038    0 
3 1 0 3 3 3 1 1 4 4 1 1091   17 
3 1 0 0 0 0 1 1 1 1 1  686    0 
3 1 0 3 1 2 0 0 2 2 1 1386    0 
3 1 0 2 0 1 0 0 1 1 1  913    0 
3 1 0 0 0 0 1 1 1 1 1  612    0 
3 1 1 3 3 3 1 1 4 4 1  970    0 
3 1 0 2 0 2 1 0 1 1 1  898    0 
3 1 1 1 3 1 1 0 2 2 1 1278    0 
3 1 0 3 1 2 0 0 2 2 1  890    0 
3 1 0 3 3 3 1 1 4 4 1  613    0 
3 1 0 0 0 0 1 1 1 1 1  588    0 
3 1 1 2 2 1 0 1 3 3 1 1219    0 
3 1 1 2 0 1 0 0 3 1 0  937    0 
3 1 1 1 1 1 1 1 2 2 1 1368    0 
3 1 0 3 3 2 0 1 4 4 1  592    0 
3 1 0 1 3 1 1 0 4 4 1  760    0 
3 1 0 0 0 3 0 1 1 1 1 1072    0 
3 1 1 3 1 2 0 0 4 4 1 1492    0 
3 1 0 0 2 3 0 0 3 3 1  968    0 
3 1 0 2 0 2 1 0 1 1 1  944    0 
3 1 0 0 0 0 1 1 1 1 1  921    0 
3 1 0 3 3 2 0 1 4 4 1  619    0 
3 1 1 0 2 3 0 0 1 1 1 1137    0 
3 1 0 0 2 0 1 0 3 3 1 1194    0 
3 1 0 3 3 2 0 1 4 4 1  569    0 
3 1 0 1 1 0 0 1 2 2 1  809    0 
3 1 0 2 0 1 0 0 1 1 1  808    0 
3 1 0 1 3 0 0 0 4 4 1  583    0 
3 1 1 2 2 2 1 1 3 3 1 1350    0 
3 1 0 1 1 1 1 1 2 2 1 1271    0 
3 1 0 0 2 0 1 0 3 3 1 1147    0 
3 1 0 2 2 1 0 1 3 3 1  836    0 
3 1 0 3 1 3 1 0 2 2 1 1441    0 
3 1 0 0 0 3 0 1 1 1 1  751    0 
3 1 1 2 0 1 0 0 3 3 1 1007    0 
3 1 1 2 2 2 1 1 3 3 1 1278    0 
3 1 0 2 0 1 0 0 1 1 1 1026    0 
3 1 0 3 3 2 0 1 4 4 1  600    0 
3 1 0 3 1 2 0 0 2 2 1 1127    0 
3 1 0 0 2 0 1 0 3 3 1 1097    0 
3 1 0 3 3 2 0 1 4 4 1  564    0 
3 1 1 3 3 2 0 1 4 4 1 1365    0 
3 1 0 2 0 1 0 0 1 1 1 1573    0 
3 1 0 1 1 0 0 1 2 4 0 2013    0 
3 1 0 2 2 1 0 1 3 3 1 1018    0 
3 1 1 0 0 0 1 1 1 1 1 1712    0 
3 1 1 1 3 0 0 0 2 2 1 1194    0 
3 1 1 0 0 3 0 1 1 1 1  922    0 
3 1 1 3 1 2 0 0 4 4 1 1524    0 
3 1 1 2 0 1 0 0 3 3 1 1318   18 
3 1 1 1 1 1 1 1 2 2 1  856    0 
3 1 1 1 1 1 1 1 2 2 1  996    0 
3 1 0 3 1 2 0 0 2 2 1 1652    0 
3 1 0 2 0 1 0 0 1 1 1  800    0 
3 1 0 0 2 3 0 0 3 3 1 1063    0 
3 1 0 2 2 2 1 1 3 3 1  564    0 
3 1 0 0 2 3 0 0 3 3 1  580    0 
3 1 0 1 1 1 1 1 2 2 1  900    0 
3 1 0 1 3 0 0 0 4 4 1  471    0 
3 1 1 0 2 3 0 0 1 1 1 1507    0 
3 1 0 0 0 0 1 1 1 1 1  790    0 
3 1 0 1 3 1 1 0 4 4 1 2189    0 
3 1 0 0 2 0 1 0 3 1 0  836    0 
3 1 0 2 2 1 0 1 3 3 1  696    0 
3 1 1 3 1 3 1 0 4 4 1 1235    0 
3 1 0 3 1 3 1 0 2 2 1 1128    0 
3 1 0 2 0 2 1 0 1 1 1 1058    0 
3 1 0 0 0 3 0 1 1 1 1  647    0 
3 1 1 3 3 2 0 1 4 4 1  948    0 
3 1 0 2 2 2 1 1 3 3 1  717    0 
3 1 0 0 2 0 1 0 3 3 1  855    0 
3 1 1 0 2 3 0 0 1 1 1  900    0 
3 1 1 1 1 0 0 1 2 2 1 1087    0 
3 1 0 2 0 1 0 0 1 1 1  858    0 
3 1 0 1 1 0 0 1 2 2 1  951    0 
3 1 0 1 1 0 0 1 2 2 1  935    0 
3 1 0 0 0 3 0 1 1 1 1  993    0 
3 1 0 3 1 3 1 0 2 2 1  784    0 
3 1 0 2 2 1 0 1 3 3 1  823    0 
3 1 1 2 0 1 0 0 3 3 1 1069    0 
3 1 0 3 1 2 0 0 2 2 1 1153    0 
3 1 0 2 0 2 1 0 1 1 1  858    0 
3 1 1 1 1 1 1 1 2 2 1  951    0 
3 1 0 1 1 1 1 1 2 2 1  823    0 
3 1 0 2 2 1 0 1 3 3 1  741    0 
3 1 0 2 0 2 1 0 1 1 1  687    0 
3 1 0 1 3 0 0 0 4 2 0  682    0 
3 1 0 1 3 0 0 0 4 4 1 1252    0 
3 1 0 2 2 2 1 1 3 3 1  897    0 
3 1 1 0 0 3 0 1 1 1 1 1188    0 
3 1 0 1 3 1 1 0 4 4 1  787    0 
3 1 0 0 0 3 0 1 1 2 0  666    0 
3 1 0 2 2 1 0 1 3 3 1  732    0 
3 1 1 2 0 2 1 0 3 1 0 1854    0 
3 1 1 2 2 1 0 1 3 3 1 1041    0 
3 1 0 0 0 3 0 1 1 1 1  830    0 
3 1 0 1 1 0 0 1 2 2 1  812    0 
3 1 1 1 1 0 0 1 2 2 1 1115    0 
3 1 0 3 1 2 0 0 2 2 1 1438    0 
3 1 0 3 3 3 1 1 4 4 1  755    0 
3 1 1 2 2 1 0 1 3 3 1 1036    0 
3 1 1 1 3 0 0 0 2 2 1 1641   18 
3 1 0 1 3 1 1 0 4 4 1  766    0 
3 1 0 3 3 3 1 1 4 4 1  646    0 
3 1 1 0 0 0 1 1 1 1 1  988    0 
3 1 0 1 1 1 1 1 2 2 1  859    0 
3 1 0 1 1 1 1 1 2 2 1  688    0 
3 1 0 1 3 0 0 0 4 4 1  779    0 
3 1 1 1 1 0 0 1 2 2 1  963    0 
3 1 0 0 2 0 1 0 3 3 1  860    0 
3 1 0 1 3 0 0 0 4 4 1  920    0 
3 1 0 0 2 3 0 0 3 3 1 1610    0 
3 1 1 3 3 2 0 1 4 4 1 1329    0 
3 1 0 2 0 2 1 0 1 1 1  971    0 
3 1 0 1 1 1 1 1 2 2 1  755    0 
3 1 0 3 1 3 1 0 2 2 1  739    0 
3 1 0 2 0 1 0 0 1 1 1 1077    0 
3 1 0 1 3 1 1 0 4 4 1  561   11 
3 1 1 2 0 2 1 0 3 3 1 1521    0 
3 1 0 3 1 2 0 0 2 2 1  867    0 
3 1 0 1 3 1 1 0 4 4 1  599    0 
3 1 0 2 0 2 1 0 1 1 1  591    0 
3 1 0 0 0 0 1 1 1 1 1  574    0 
3 1 0 1 3 1 1 0 4 4 1  558    0 
3 1 0 1 3 0 0 0 4 4 1  543    0 
3 1 0 0 2 0 1 0 3 3 1  992    0 
3 1 0 2 0 2 1 0 1 1 1  711    0 
3 1 0 2 2 2 1 1 3 3 1 1482    0 
3 1 0 1 1 1 1 1 2 2 1  854    0 
3 1 0 0 0 3 0 1 1 1 1  747    0 
3 1 0 3 3 3 1 1 4 4 1  532    0 
3 1 0 2 2 2 1 1 3 3 1  718    0 
3 1 1 0 2 0 1 0 1 1 1 1488    0 
3 1 0 2 2 2 1 1 3 3 1  875    0 
3 1 0 3 3 3 1 1 4 4 1  543    0 
3 1 0 2 0 2 1 0 1 1 1  777    0 
3 1 0 2 0 2 1 0 1 1 1  529    0 
3 1 0 0 0 3 0 1 1 1 1  595    0 
3 1 0 2 2 2 1 1 3 3 1  682    0 
3 1 0 1 3 0 0 0 4 4 1  918    0 
3 1 0 0 2 0 1 0 3 1 0  680    0 
3 1 0 3 3 3 1 1 4 4 1 1194    0 
3 1 0 2 2 1 0 1 3 3 1 1041    0 
3 1 1 0 0 0 1 1 1 1 1  838    0 
3 1 0 1 1 1 1 1 2 2 1  932    0 
3 1 0 2 0 2 1 0 1 1 1  606    0 
3 1 0 0 0 0 1 1 1 1 1  532    0 
3 1 1 3 3 3 1 1 4 4 1 1110    0 
3 1 0 2 2 1 0 1 3 3 1  857    0 
3 1 0 3 1 2 0 0 2 2 1  838    0 
3 1 0 3 1 2 0 0 2 2 1  619    0 
3 1 1 0 2 3 0 0 1 1 1 1289    0 
3 1 1 1 3 0 0 0 2 2 1 1668    0 
3 1 0 1 3 1 1 0 4 4 1 1408    0 
3 1 0 1 1 1 1 1 2 2 1  695    0 
3 1 0 3 1 2 0 0 2 2 1 2074    0 
3 1 0 3 3 2 0 1 4 4 1  534    0 
3 1 0 3 1 2 0 0 2 2 1  872    0 
3 1 0 0 2 0 1 0 3 3 1 1156    0 
3 1 0 3 3 3 1 1 4 4 1  772    0 
3 1 0 0 0 0 1 1 1 1 1 2332    0 
3 1 1 0 0 3 0 1 1 1 1 1294    0 
3 1 0 3 1 3 1 0 2 2 1  729    0 
3 1 0 0 2 0 1 0 3 3 1  859    0 
3 1 0 3 3 2 0 1 4 4 1  680    0 
3 1 0 0 0 3 0 1 1 1 1 1500    0 
3 1 0 0 2 3 0 0 3 3 1  823    0 
3 2 0 2 3 2 1 0 4 4 1 1954    0 
3 2 1 2 2 2 1 1 3 3 1 1203    0 
3 2 0 0 1 1 0 0 2 2 1  777    0 
3 2 0 0 1 0 1 0 2 2 1  585    0 
3 2 0 2 3 2 1 0 4 4 1  977    0 
3 2 0 3 0 3 1 0 1 1 1 1136    0 
3 2 0 0 1 0 1 0 2 2 1  994    0 
3 2 0 3 3 0 0 1 4 4 1  865    0 
3 2 0 2 3 2 1 0 4 4 1  702    0 
3 2 0 3 3 3 1 1 4 4 1  600    0 
3 2 1 0 1 1 0 0 1 1 1 1151    0 
3 2 0 1 1 2 0 1 2 2 1  720    0 
3 2 0 1 2 1 1 0 3 3 1  962    0 
3 2 0 1 2 2 0 0 3 3 1  586    0 
3 2 0 0 1 1 0 0 2 2 1 1266    0 
3 2 0 0 0 0 1 1 1 1 1  734    0 
3 2 0 3 3 3 1 1 4 4 1  696    0 
3 2 0 2 2 3 0 1 3 3 1  771    0 
3 2 0 3 3 0 0 1 4 4 1  827    0 
3 2 0 2 2 3 0 1 3 3 1  721    0 
3 2 0 3 3 0 0 1 4 4 1  891    0 
3 2 0 2 2 2 1 1 3 3 1  718    0 
3 2 1 1 2 2 0 0 2 2 1 1000    0 
3 2 0 2 2 2 1 1 3 3 1  879    0 
3 2 1 1 2 1 1 0 2 2 1 1275    0 
3 2 0 1 2 1 1 0 3 4 0  815    0 
3 2 0 1 1 1 1 1 2 2 1  803    0 
3 2 0 2 3 2 1 0 4 4 1 1298    0 
3 2 0 3 3 3 1 1 4 4 1  485    0 
3 2 0 3 0 0 0 0 1 1 1  609    0 
3 2 0 0 1 0 1 0 2 2 1  775    0 
3 2 0 0 0 0 1 1 1 1 1  679    0 
3 2 0 3 0 3 1 0 1 1 1  675    0 
3 2 0 1 1 1 1 1 2 2 1  719    0 
3 2 0 2 3 3 0 0 4 4 1  513    0 
3 2 0 1 1 2 0 1 2 2 1 1436    0 
3 2 0 2 3 2 1 0 4 4 1  553    0 
3 2 1 3 3 0 0 1 4 4 1  970    0 
3 2 1 1 2 2 0 0 2 2 1 1546    0 
3 2 0 0 1 1 0 0 2 2 1  755    0 
3 2 1 0 0 0 1 1 1 2 0 1092    0 
3 2 1 1 1 1 1 1 2 2 1 1101    0 
3 2 1 1 2 2 0 0 2 2 1  760    0 
3 2 0 1 1 2 0 1 2 2 1  881    0 
3 2 0 3 3 0 0 1 4 4 1  597    0 
3 2 1 0 0 1 0 1 1 1 1 1020    0 
3 2 0 2 2 3 0 1 3 3 1 1042    0 
3 2 0 2 3 3 0 0 4 4 1  863    0 
3 2 1 3 0 0 0 0 4 4 1 1124    0 
3 2 0 3 3 3 1 1 4 4 1  662    0 
3 2 1 1 1 2 0 1 2 2 1  906    0 
3 2 0 3 0 0 0 0 1 1 1 1333    0 
3 2 0 1 2 2 0 0 3 3 1  910    0 
3 2 0 3 3 0 0 1 4 4 1  673    0 
3 2 0 0 1 1 0 0 2 2 1 1285    0 
3 2 1 2 2 2 1 1 3 3 1 1456    0 
3 2 0 2 3 2 1 0 4 4 1 1437    0 
3 2 0 0 0 1 0 1 1 2 0 1898    0 
3 2 0 2 2 2 1 1 3 3 1  988    0 
3 2 1 1 1 1 1 1 2 2 1 1683    0 
3 2 0 3 0 3 1 0 1 1 1  710    0 
3 2 0 3 3 3 1 1 4 4 1  593    0 
3 2 0 3 0 0 0 0 1 1 1  880    0 
3 2 0 2 2 2 1 1 3 3 1  860    0 
3 2 0 3 0 3 1 0 1 1 1 1121    0 
3 2 0 1 2 1 1 0 3 3 1  811    0 
3 2 0 2 2 2 1 1 3 3 1  770    0 
3 2 0 2 2 3 0 1 3 3 1  546    0 
3 2 1 3 0 0 0 0 4 4 1 1027    0 
3 2 1 2 3 3 0 0 3 3 1 1385    0 
3 2 0 3 0 3 1 0 1 1 1  728    0 
3 2 0 1 2 2 0 0 3 3 1 1178    0 
3 2 0 0 1 0 1 0 2 2 1 2866    0 
3 2 1 1 1 1 1 1 2 2 1 1294    0 
3 2 0 0 1 0 1 0 2 2 1 1433    0 
3 2 0 1 1 2 0 1 2 2 1  543    0 
3 2 1 2 3 2 1 0 3 3 1 2648    0 
3 2 0 2 2 3 0 1 3 3 1 1621    0 
3 2 0 2 2 2 1 1 3 3 1  643    0 
3 2 1 1 2 2 0 0 2 2 1 1009    0 
3 2 0 0 1 1 0 0 2 2 1  815    0 
3 2 0 0 1 1 0 0 2 2 1  710    0 
3 2 0 2 3 3 0 0 4 4 1  737    0 
3 2 0 0 0 0 1 1 1 1 1  698    0 
3 2 1 0 1 1 0 0 1 1 1 1117    0 
3 2 0 2 2 3 0 1 3 3 1  751    0 
3 2 0 1 2 1 1 0 3 3 1  792    0 
3 2 0 1 1 2 0 1 2 2 1 1655    0 
3 2 1 1 1 2 0 1 2 2 1 1156    0 
3 2 1 3 3 3 1 1 4 4 1  925    0 
3 2 0 2 3 3 0 0 4 4 1  799    0 
3 2 0 3 3 3 1 1 4 4 1  646    0 
3 2 0 2 3 3 0 0 4 4 1  467    0 
3 2 0 2 2 2 1 1 3 3 1  631    0 
3 2 0 2 3 3 0 0 4 4 1  469    0 
3 2 1 0 1 0 1 0 1 1 1  913    0 
3 2 0 0 1 0 1 0 2 2 1 1020    0 
3 2 0 3 0 0 0 0 1 1 1 1354    0 
3 2 0 3 3 0 0 1 4 4 1  634    0 
3 2 0 0 1 1 0 0 2 2 1  728    0 
3 2 1 0 0 0 1 1 1 1 1 1058    0 
3 2 0 0 0 1 0 1 1 1 1 1062    0 
3 2 0 3 3 0 0 1 4 4 1  675    0 
3 2 0 0 1 1 0 0 2 2 1 1143    0 
3 2 0 2 3 3 0 0 4 4 1  648    0 
3 2 0 2 3 2 1 0 4 4 1  510    0 
3 2 0 0 1 0 1 0 2 2 1 1248    0 
3 2 1 1 2 1 1 0 2 3 0 1446   11 
3 2 0 0 0 1 0 1 1 1 1  849    0 
3 2 0 1 1 2 0 1 2 2 1 1910    0 
3 2 0 3 3 0 0 1 4 4 1  657    0 
3 2 0 2 2 3 0 1 3 3 1  750    0 
3 2 0 3 3 3 1 1 4 4 1  558    0 
3 2 0 3 0 0 0 0 1 1 1  671    0 
3 2 1 0 0 1 0 1 1 1 1  955    0 
3 2 0 1 1 1 1 1 2 4 0  588    0 
3 2 0 1 1 1 1 1 2 2 1  505    0 
3 2 1 3 3 3 1 1 4 4 1 1460    0 
3 2 0 3 3 3 1 1 4 4 1  592    0 
3 2 0 0 0 0 1 1 1 1 1  495    0 
3 2 1 1 2 2 0 0 2 2 1 1003    0 
3 2 0 1 2 1 1 0 3 3 1  930    0 
3 2 0 2 3 3 0 0 4 4 1  675    0 
3 2 0 1 1 2 0 1 2 2 1  871    0 
3 2 0 2 2 3 0 1 3 4 0  715    0 
3 2 0 3 0 3 1 0 1 1 1  812    0 
3 2 1 2 3 2 1 0 3 3 1  931    0 
3 2 0 3 3 3 1 1 4 4 1  661    0 
3 2 0 1 2 1 1 0 3 3 1 1833    0 
3 2 0 1 2 2 0 0 3 3 1 1199    0 
3 2 0 1 1 1 1 1 2 2 1 1206    0 
3 2 0 1 1 2 0 1 2 2 1  717    0 
3 2 0 1 1 1 1 1 2 2 1  639    0 
3 2 0 2 3 2 1 0 4 4 1 1148    0 
3 2 0 0 0 0 1 1 1 1 1  637    0 
3 2 0 1 1 1 1 1 2 2 1  707    0 
3 2 1 0 1 1 0 0 1 1 1 1789    0 
3 2 0 3 0 3 1 0 1 1 1  941    0 
3 2 1 1 1 2 0 1 2 2 1 1030    0 
3 2 1 2 3 3 0 0 3 3 1 1508   17 
3 2 0 2 2 2 1 1 3 3 1 1110    0 
3 2 1 0 0 1 0 1 1 1 1 1049    0 
3 2 0 3 3 3 1 1 4 4 1  590    0 
3 2 0 0 0 0 1 1 1 1 1  710    0 
3 2 0 0 0 1 0 1 1 1 1  928    0 
3 2 0 0 0 0 1 1 1 1 1  570    0 
3 2 0 0 1 1 0 0 2 2 1  738    0 
3 2 1 0 0 0 1 1 1 1 1 1012    0 
3 2 1 2 2 2 1 1 3 3 1  842    0 
3 2 0 1 1 2 0 1 2 2 1  912    0 
3 2 0 0 0 0 1 1 1 1 1  610    0 
3 2 0 0 1 1 0 0 2 2 1  865    0 
3 2 0 2 3 2 1 0 4 3 0  718    0 
3 2 0 2 2 3 0 1 3 3 1  886    0 
3 2 0 0 0 1 0 1 1 1 1  849    0 
3 2 0 0 1 0 1 0 2 2 1  998    0 
3 2 1 0 0 1 0 1 1 1 1 1038    0 
3 2 0 2 2 3 0 1 3 3 1 1523    0 
3 2 1 1 1 1 1 1 2 2 1 1093    0 
3 2 0 3 0 0 0 0 1 3 0 1360    0 
3 2 1 3 0 3 1 0 4 4 1 2135    0 
3 2 0 2 3 2 1 0 4 4 1 1248    0 
3 2 1 2 3 2 1 0 3 3 1 1166    0 
3 2 1 3 3 0 0 1 4 4 1 2326    0 
3 2 1 1 2 1 1 0 2 2 1 1784    0 
3 2 0 1 2 2 0 0 3 3 1 1679    0 
3 2 0 0 0 0 1 1 1 1 1  739    0 
3 2 0 1 2 2 0 0 3 3 1  685    0 
3 2 0 0 0 0 1 1 1 1 1  592    0 
3 2 0 2 3 3 0 0 4 4 1 1703    0 
3 2 1 2 3 2 1 0 3 3 1  922    0 
3 2 0 1 1 2 0 1 2 2 1  596    0 
3 2 0 0 0 0 1 1 1 1 1  667    0 
3 2 0 2 2 3 0 1 3 3 1  927    0 
3 2 0 3 0 0 0 0 1 1 1 1385    0 
3 2 0 3 3 0 0 1 4 4 1  601    0 
3 2 0 0 1 0 1 0 2 2 1 1023    0 
3 2 0 3 0 3 1 0 1 1 1 1093    0 
3 2 0 3 3 3 1 1 4 4 1  545    0 
3 2 0 3 0 0 0 0 1 1 1  786    0 
3 2 1 0 0 0 1 1 1 1 1 1097    0 
3 2 0 3 0 0 0 0 1 1 1  949    0 
3 2 0 1 2 1 1 0 3 3 1  798    0 
3 2 0 3 0 0 0 0 1 1 1  805    0 
3 2 1 1 2 2 0 0 2 2 1  836    0 
3 2 0 3 0 0 0 0 1 1 1  641    0 
3 2 0 2 3 3 0 0 4 4 1  550    0 
3 2 0 0 1 0 1 0 2 2 1  743    0 
3 2 1 1 1 2 0 1 2 2 1  912    0 
3 2 1 1 2 2 0 0 2 2 1 1747    0 
3 2 1 3 3 3 1 1 4 4 1  940    0 
3 2 1 3 0 3 1 0 4 4 1 1214    0 
3 3 0 2 2 2 1 1 3 3 1 2386    0 
3 3 1 0 1 0 1 0 1 1 1 1089    0 
3 3 0 0 1 0 1 0 2 2 1  917    0 
3 3 0 0 0 2 0 1 1 1 1  695    0 
3 3 0 1 1 1 1 1 2 2 1  786    0 
3 3 0 0 1 2 0 0 2 2 1  865    0 
3 3 1 0 0 2 0 1 1 1 1  870    0 
3 3 0 2 2 2 1 1 3 3 1  786    0 
3 3 0 0 1 0 1 0 2 2 1 1081    0 
3 3 1 3 3 3 1 1 4 4 1 1109    0 
3 3 1 1 2 1 1 0 2 2 1 1264    0 
3 3 0 2 2 0 0 1 3 3 1  709    0 
3 3 0 1 2 3 0 0 3 3 1  823    0 
3 3 1 1 2 1 1 0 2 2 1 1157    0 
3 3 0 1 1 3 0 1 2 2 1 1094    0 
3 3 0 0 1 2 0 0 2 2 1 1105    0 
3 3 0 2 2 2 1 1 3 3 1  996    0 
3 3 0 1 2 3 0 0 3 3 1  755    0 
3 3 0 0 0 2 0 1 1 1 1  756    0 
3 3 0 0 0 0 1 1 1 1 1  532    0 
3 3 0 1 2 1 1 0 3 3 1  870    0 
3 3 0 2 3 0 0 0 4 4 1  690    0 
3 3 0 1 2 3 0 0 3 3 1 1014    0 
3 3 1 0 1 0 1 0 1 2 0 1140    0 
3 3 0 1 1 1 1 1 2 2 1  884    0 
3 3 0 2 3 0 0 0 4 4 1  895    0 
3 3 0 0 1 2 0 0 2 2 1 1770    0 
3 3 0 3 0 3 1 0 1 1 1  762    0 
3 3 0 2 3 2 1 0 4 4 1  651    0 
3 3 1 0 1 0 1 0 1 1 1 1728    0 
3 3 0 1 2 1 1 0 3 3 1  978    0 
3 3 0 3 3 3 1 1 4 4 1  698    0 
3 3 0 2 2 2 1 1 3 3 1 1021    0 
3 3 0 0 0 0 1 1 1 1 1  667    0 
3 3 0 3 0 3 1 0 1 1 1  671    0 
3 3 1 2 2 2 1 1 3 3 1 1915    0 
3 3 0 2 3 0 0 0 4 4 1  918    0 
3 3 1 2 3 0 0 0 3 3 1 1704    0 
3 3 1 3 3 3 1 1 4 4 1 1250    0 
3 3 0 1 2 1 1 0 3 3 1 1039    0 
3 3 0 3 0 3 1 0 1 1 1  708    0 
3 3 0 2 2 2 1 1 3 3 1  935    0 
3 3 1 2 3 2 1 0 3 3 1  872    0 
3 3 0 0 0 0 1 1 1 1 1  636    0 
3 3 0 0 1 2 0 0 2 2 1 1009    0 
3 3 0 2 2 2 1 1 3 3 1  704    0 
3 3 0 3 3 3 1 1 4 4 1  539    0 
3 3 0 1 1 1 1 1 2 2 1  628    0 
3 3 0 2 3 2 1 0 4 4 1  610    0 
3 3 0 3 3 1 0 1 4 4 1 1169    0 
3 3 0 0 0 2 0 1 1 1 1  553    0 
3 3 0 3 0 3 1 0 1 1 1  641    0 
3 3 0 2 2 0 0 1 3 3 1  655    0 
3 3 0 3 0 1 0 0 1 2 0  683    0 
3 3 0 2 2 0 0 1 3 3 1  797    0 
3 3 0 3 3 3 1 1 4 4 1  524    0 
3 3 0 2 3 0 0 0 4 4 1  694    0 
3 3 1 2 3 2 1 0 3 3 1  953    0 
3 3 0 0 0 2 0 1 1 1 1  626    0 
3 3 1 0 1 2 0 0 1 1 1 1784    0 
3 3 1 3 0 1 0 0 4 4 1 1167    0 
3 3 0 3 3 1 0 1 4 4 1  823   17 
3 3 0 3 3 3 1 1 4 4 1  501    0 
3 3 1 2 2 0 0 1 3 3 1  960    0 
3 3 0 0 0 0 1 1 1 1 1  608    0 
3 3 0 0 0 2 0 1 1 1 1  551    0 
3 3 0 3 3 1 0 1 4 4 1  608    0 
3 3 0 3 3 3 1 1 4 4 1  582    0 
3 3 0 3 3 1 0 1 4 4 1  566    0 
3 3 0 3 0 1 0 0 1 1 1  622    0 
3 3 1 0 0 2 0 1 1 1 1  844    0 
3 3 1 1 2 3 0 0 2 2 1 1066    0 
3 3 0 0 1 0 1 0 2 2 1  910    0 
3 3 0 2 2 0 0 1 3 3 1  769    0 
3 3 0 1 1 3 0 1 2 2 1  889    0 
3 3 0 0 1 0 1 0 2 2 1  660    0 
3 3 1 3 3 1 0 1 4 4 1 1137   17 
3 3 0 0 0 0 1 1 1 1 1  682    0 
3 3 0 1 2 3 0 0 3 3 1  662    0 
3 3 0 0 1 2 0 0 2 2 1 1115    0 
3 3 1 1 1 3 0 1 2 2 1 1030    0 
3 3 1 3 0 1 0 0 4 4 1 2180    0 
3 3 0 1 2 1 1 0 3 3 1 1012    0 
3 3 0 3 0 1 0 0 1 1 1 1610    0 
3 3 0 2 2 0 0 1 3 3 1  913    0 
3 3 0 3 3 1 0 1 4 4 1  700    0 
3 3 1 2 2 0 0 1 3 3 1 2118    0 
3 3 0 3 0 1 0 0 1 1 1 1472    0 
3 3 1 1 2 1 1 0 2 2 1  988    0 
3 3 0 1 1 3 0 1 2 2 1  755    0 
3 3 0 3 3 3 1 1 4 4 1  612    0 
3 3 0 1 2 3 0 0 3 3 1  787    0 
3 3 1 1 2 1 1 0 2 2 1  914    0 
3 3 0 2 2 2 1 1 3 3 1  901    0 
3 3 0 2 3 2 1 0 4 4 1  567    0 
3 3 0 3 0 3 1 0 1 1 1 1007    0 
3 3 0 0 1 0 1 0 2 2 1  790    0 
3 3 1 3 0 3 1 0 4 4 1 1101    0 
3 3 0 1 2 3 0 0 3 3 1 1000    0 
3 3 0 1 2 3 0 0 3 3 1  583    0 
3 3 0 3 0 3 1 0 1 1 1  775    0 
3 3 1 0 1 2 0 0 1 1 1 1015    0 
3 3 0 0 1 2 0 0 2 2 1 1085    0 
3 3 1 2 3 2 1 0 3 3 1 2145    0 
3 3 0 3 3 3 1 1 4 4 1 2354    0 
3 3 1 0 0 0 1 1 1 1 1 1611    0 
3 3 1 1 2 1 1 0 2 2 1  945    0 
3 3 0 2 2 2 1 1 3 3 1  699    0 
3 3 0 3 0 1 0 0 1 1 1  910    0 
3 3 1 1 2 1 1 0 2 2 1  880    0 
3 3 0 3 0 1 0 0 1 1 1  588    0 
3 3 0 0 0 2 0 1 1 1 1  844    0 
3 3 0 0 0 0 1 1 1 1 1  449    0 
3 3 0 1 2 1 1 0 3 3 1 1158    0 
3 3 0 1 2 1 1 0 3 3 1  527    0 
3 3 1 2 3 2 1 0 3 3 1  857    0 
3 3 0 1 1 1 1 1 2 2 1  918    0 
3 3 0 2 3 0 0 0 4 4 1  648    0 
3 3 0 1 2 3 0 0 3 3 1  957    0 
3 3 0 0 1 2 0 0 2 2 1 1294    0 
3 3 1 3 0 1 0 0 4 4 1 1009    0 
3 3 0 1 2 3 0 0 3 3 1  848    0 
3 3 0 0 0 2 0 1 1 1 1  701    0 
3 3 0 1 1 1 1 1 2 2 1  992    0 
3 3 0 1 2 1 1 0 3 3 1 1199    0 
3 3 0 3 0 3 1 0 1 1 1 1398    0 
3 3 0 1 2 3 0 0 3 3 1 1670    0 
3 3 0 1 1 3 0 1 2 2 1 1442    0 
3 3 0 1 1 1 1 1 2 2 1  551    0 
3 3 0 1 1 1 1 1 2 2 1  504    0 
3 3 0 2 3 0 0 0 4 4 1  866    0 
3 3 0 2 3 2 1 0 4 4 1  518   17 
3 3 0 3 0 1 0 0 1 1 1  856    0 
3 3 0 2 3 0 0 0 4 4 1  605    0 
3 3 0 0 1 0 1 0 2 2 1 1531    0 
3 3 0 2 2 2 1 1 3 3 1  805    0 
3 3 0 1 2 3 0 0 3 3 1  644    0 
3 3 1 1 1 3 0 1 2 2 1 1281    0 
3 3 0 3 3 1 0 1 4 4 1  653    0 
3 3 0 1 1 1 1 1 2 2 1 2026    0 
3 3 0 1 2 3 0 0 3 4 0  640    0 
3 3 0 2 3 2 1 0 4 4 1  683    0 
3 3 0 0 0 2 0 1 1 1 1 1127    0 
3 3 0 3 0 3 1 0 1 1 1  497    0 
3 3 0 3 0 3 1 0 1 1 1  564    0 
3 3 0 0 0 0 1 1 1 1 1 1061    0 
3 3 0 2 3 2 1 0 4 2 0  697    0 
3 3 1 3 3 1 0 1 4 4 1 1003    0 
3 3 0 2 3 0 0 0 4 4 1  761    0 
3 3 0 2 2 0 0 1 3 3 1  802    0 
3 3 1 2 2 2 1 1 3 3 1 1201    0 
3 3 0 0 0 2 0 1 1 1 1  607    0 
3 3 0 1 1 3 0 1 2 2 1 1398    0 
3 3 0 0 1 2 0 0 2 2 1  749    0 
3 3 1 3 3 3 1 1 4 4 1 1127    0 
3 3 0 1 2 3 0 0 3 3 1  680    0 
3 3 0 1 2 3 0 0 3 3 1  940    0 
3 3 0 2 3 2 1 0 4 4 1  662    0 
3 3 1 3 3 3 1 1 4 4 1 1042    0 
3 3 1 0 0 0 1 1 1 1 1 1696    0 
3 3 0 2 3 2 1 0 4 4 1  547    0 
3 3 1 0 1 2 0 0 1 1 1 1772    0 
3 3 0 2 3 2 1 0 4 4 1 1116    0 
3 3 0 3 3 3 1 1 4 4 1  454    0 
3 3 0 1 2 1 1 0 3 3 1 1179    0 
3 3 1 2 2 0 0 1 3 3 1  939    0 
3 3 0 3 3 1 0 1 4 4 1  652    0 
3 3 0 0 0 2 0 1 1 1 1  633    0 
3 3 1 2 2 0 0 1 3 3 1  894    0 
3 3 1 1 1 3 0 1 2 2 1 1018    0 
3 3 0 2 3 2 1 0 4 4 1  976    0 
3 3 0 2 3 0 0 0 4 4 1  672    0 
3 3 0 2 3 2 1 0 4 4 1  460    0 
3 3 0 3 3 1 0 1 4 4 1  496    0 
3 3 1 3 3 1 0 1 4 4 1 1372    0 
3 3 0 3 3 3 1 1 4 4 1  612    0 
3 3 0 3 3 3 1 1 4 4 1  450    0 
3 3 0 0 0 2 0 1 1 2 0  807    0 
3 3 0 1 1 3 0 1 2 2 1  987    0 
3 3 0 3 3 3 1 1 4 4 1  699    0 
3 3 0 1 1 1 1 1 2 2 1  670    0 
3 3 1 0 0 2 0 1 1 1 1 1610    0 
3 3 0 0 0 2 0 1 1 1 1  537    0 
3 3 0 1 1 1 1 1 2 2 1  890    0 
3 3 0 0 1 2 0 0 2 2 1 2077    0 
3 3 1 2 2 0 0 1 3 3 1 1249    0 
3 3 1 0 0 2 0 1 1 1 1 1119    0 
3 3 0 2 2 0 0 1 3 3 1  865    0 
3 3 1 0 1 0 1 0 1 1 1  981    0 
3 3 1 0 0 2 0 1 1 1 1  613    0 
3 3 0 3 3 3 1 1 4 4 1  548    0 
3 3 1 3 3 3 1 1 4 4 1  957    0 
3 4 0 1 3 2 0 0 4 4 1 1495    0 
3 4 1 1 1 1 1 1 2 2 1 1050    0 
3 4 0 2 2 2 1 1 3 3 1  735    0 
3 4 0 0 2 1 0 0 3 3 1  896    0 
3 4 0 3 3 0 0 1 4 4 1  643    0 
3 4 0 2 0 3 0 0 1 1 1  777    0 
3 4 0 2 2 3 0 1 3 3 1  793    0 
3 4 1 3 1 0 0 0 4 4 1 1312    0 
3 4 0 3 1 3 1 0 2 2 1 1043    0 
3 4 1 1 3 1 1 0 2 2 1 2144    0 
3 4 0 3 1 3 1 0 2 3 0  569    0 
3 4 1 2 2 3 0 1 3 3 1  895    0 
3 4 0 1 3 2 0 0 4 4 1  955    0 
3 4 0 1 3 1 1 0 4 4 1  571    0 
3 4 0 1 3 1 1 0 4 4 1  443    0 
3 4 0 0 0 0 1 1 1 1 1  537    0 
3 4 0 1 1 1 1 1 2 2 1  682    0 
3 4 0 0 0 0 1 1 1 1 1  518    0 
3 4 0 0 2 0 1 0 3 3 1  696    0 
3 4 1 2 0 3 0 0 3 3 1 1651    0 
3 4 0 0 2 0 1 0 3 4 0 1072    0 
3 4 0 2 2 3 0 1 3 3 1  962    0 
3 4 1 0 2 1 0 0 1 1 1 1011    0 
3 4 1 0 0 1 0 1 1 1 1 1481    0 
3 4 0 1 3 2 0 0 4 4 1  573    0 
3 4 0 2 0 3 0 0 1 1 1  989    0 
3 4 0 0 0 1 0 1 1 1 1  716    0 
3 4 1 3 1 3 1 0 4 4 1 1758    0 
3 4 0 1 1 1 1 1 2 2 1 1047    0 
3 4 0 3 1 0 0 0 2 2 1  836    0 
3 4 0 1 1 1 1 1 2 2 1  658    0 
3 4 0 3 3 3 1 1 4 4 1  518    0 
3 4 1 3 3 0 0 1 4 4 1 1016    0 
3 4 0 2 0 2 1 0 1 1 1  838    0 
3 4 0 2 0 3 0 0 1 1 1  620    0 
3 4 0 2 0 2 1 0 1 1 1  522    0 
3 4 0 1 1 2 0 1 2 2 1  676    0 
3 4 0 3 1 0 0 0 2 2 1  976    0 
3 4 0 1 3 2 0 0 4 4 1  544    0 
3 4 0 3 1 0 0 0 2 2 1 1297    0 
3 4 0 1 1 2 0 1 2 2 1  588    0 
3 4 1 3 3 0 0 1 4 4 1  820    0 
3 4 0 2 0 2 1 0 1 1 1  898    0 
3 4 0 0 2 1 0 0 3 3 1  877    0 
3 4 1 2 2 2 1 1 3 3 1  993    0 
3 4 0 2 2 3 0 1 3 3 1  656    0 
3 4 0 1 3 2 0 0 4 4 1  821    0 
3 4 0 0 0 0 1 1 1 1 1  475    0 
3 4 0 1 3 2 0 0 4 4 1  695    0 
3 4 0 1 3 2 0 0 4 3 0  466    0 
3 4 0 3 3 3 1 1 4 4 1  508    0 
3 4 1 1 1 1 1 1 2 2 1 1007    0 
3 4 0 1 3 1 1 0 4 4 1  573    0 
3 4 1 0 0 0 1 1 1 1 1  853    0 
3 4 0 0 0 0 1 1 1 1 1  570    0 
3 4 1 0 0 1 0 1 1 1 1  898    0 
3 4 0 2 0 2 1 0 1 1 1  805    0 
3 4 1 1 3 1 1 0 2 2 1 1124    0 
3 4 0 1 1 2 0 1 2 1 0  894    0 
3 4 0 1 1 2 0 1 2 2 1 1335    0 
3 4 0 1 1 2 0 1 2 2 1  569    0 
3 4 0 2 0 3 0 0 1 1 1  721    0 
3 4 0 0 0 1 0 1 1 1 1  635    0 
3 4 0 2 0 2 1 0 1 1 1  512    0 
3 4 1 0 2 0 1 0 1 1 1 1179    0 
3 4 0 2 0 2 1 0 1 1 1  611    0 
3 4 1 2 2 3 0 1 3 3 1 1009    0 
3 4 0 1 1 1 1 1 2 2 1  688    0 
3 4 0 1 1 2 0 1 2 2 1  899    0 
3 4 0 1 1 1 1 1 2 2 1  583    0 
3 4 0 0 2 1 0 0 3 3 1  943    0 
3 4 0 1 3 2 0 0 4 4 1  664    0 
3 4 0 3 3 3 1 1 4 4 1  533    0 
3 4 0 3 1 3 1 0 2 2 1  718    0 
3 4 0 1 1 1 1 1 2 2 1  632   18 
3 4 1 2 2 2 1 1 3 3 1 1606    0 
3 4 0 2 2 3 0 1 3 3 1  805   18 
3 4 0 1 1 1 1 1 2 2 1  644    0 
3 4 0 0 2 0 1 0 3 3 1  937    0 
3 4 1 3 1 3 1 0 4 4 1 1234    0 
3 4 0 0 2 1 0 0 3 3 1  808    0 
3 4 0 0 0 0 1 1 1 1 1  654    0 
3 4 0 3 3 3 1 1 4 4 1  787    0 
3 4 0 2 2 2 1 1 3 3 1  610    0 
3 4 1 0 0 0 1 1 1 1 1  929    0 
3 4 0 2 0 3 0 0 1 1 1  675    0 
3 4 0 2 2 3 0 1 3 4 0  559    0 
3 4 1 0 2 1 0 0 1 1 1 1254    0 
3 4 1 3 3 3 1 1 4 4 1  706    0 
3 4 1 0 0 1 0 1 1 1 1  725    0 
3 4 1 0 2 1 0 0 1 1 1 1047    0 
3 4 0 1 3 2 0 0 4 4 1  684    0 
3 4 1 3 3 0 0 1 4 4 1  976    0 
3 4 0 3 3 3 1 1 4 4 1  552    0 
3 4 0 0 0 0 1 1 1 1 1  488    0 
3 4 1 0 2 1 0 0 1 1 1 1908    0 
3 4 0 1 1 2 0 1 2 4 0  854    0 
3 4 0 0 0 0 1 1 1 1 1  681    0 
3 4 1 2 2 2 1 1 3 3 1  917    0 
3 4 0 3 1 3 1 0 2 2 1  879    0 
3 4 0 3 3 3 1 1 4 4 1  531    0 
3 4 1 0 0 0 1 1 1 1 1  869    0 
3 4 0 1 3 2 0 0 4 4 1  537    0 
3 4 0 3 1 3 1 0 2 2 1 1050    0 
3 4 1 2 2 3 0 1 3 3 1 1087    0 
3 4 0 0 0 1 0 1 1 1 1  706    0 
3 4 0 2 2 3 0 1 3 3 1  989    0 
3 4 1 2 0 3 0 0 3 3 1 1052    0 
3 4 0 1 3 2 0 0 4 4 1  689    0 
3 4 0 2 0 3 0 0 1 1 1  988    0 
3 4 0 1 3 1 1 0 4 4 1  611    0 
3 4 0 3 3 3 1 1 4 4 1  594    0 
3 4 1 0 2 1 0 0 1 1 1 1865    0 
3 4 0 1 1 1 1 1 2 2 1  710    0 
3 4 0 2 2 2 1 1 3 3 1  665    0 
3 4 0 1 1 1 1 1 2 2 1  741    0 
3 4 0 3 3 0 0 1 4 4 1  583    0 
3 4 1 0 0 1 0 1 1 1 1  719    0 
3 4 0 0 0 1 0 1 1 1 1  601    0 
3 4 0 2 2 3 0 1 3 3 1 1135    0 
3 4 0 2 0 2 1 0 1 1 1  929    0 
3 4 1 3 3 3 1 1 4 4 1  890    0 
3 4 1 0 2 1 0 0 1 1 1 1190    0 
3 4 0 3 1 0 0 0 2 4 0  661    0 
3 4 0 1 1 2 0 1 2 2 1 1024    0 
3 4 0 3 3 3 1 1 4 4 1  638    0 
3 4 0 3 3 0 0 1 4 4 1  651    0 
3 4 0 2 0 2 1 0 1 1 1  824    0 
3 4 1 3 3 3 1 1 4 4 1  886    0 
3 4 0 2 2 3 0 1 3 3 1  865    0 
3 4 1 0 0 0 1 1 1 1 1  926    0 
3 4 0 1 3 1 1 0 4 4 1 1256    0 
3 4 0 0 2 1 0 0 3 3 1  796    0 
3 4 0 0 0 0 1 1 1 1 1  700    0 
3 4 0 3 1 0 0 0 2 2 1 1150    0 
3 4 0 2 2 3 0 1 3 3 1  807    0 
3 4 1 2 0 2 1 0 3 3 1 1910    0 
3 4 0 0 0 0 1 1 1 1 1  656    0 
3 4 0 1 3 1 1 0 4 4 1  525    0 
3 4 1 3 3 0 0 1 4 4 1  783    0 
3 4 0 1 3 2 0 0 4 4 1  590    0 
3 4 0 0 2 1 0 0 3 3 1  750    0 
3 4 0 3 1 0 0 0 2 2 1 1262    0 
3 4 1 3 1 3 1 0 4 4 1  979    0 
3 4 0 2 2 2 1 1 3 3 1  747    0 
3 4 1 2 2 2 1 1 3 3 1 1124    0 
3 4 0 3 1 3 1 0 2 4 0  598    0 
3 4 0 3 1 3 1 0 2 2 1  739    0 
3 4 0 2 0 2 1 0 1 1 1  805    0 
3 4 0 3 3 3 1 1 4 4 1  619    0 
3 4 0 3 1 3 1 0 2 2 1  729    0 
3 4 0 2 2 3 0 1 3 3 1  795    0 
3 4 1 0 0 0 1 1 1 1 1  859    0 
3 4 0 3 1 3 1 0 2 2 1  767    0 
3 4 0 1 1 2 0 1 2 2 1  751    0 
3 4 1 1 1 2 0 1 2 2 1 1488    0 
3 4 0 3 1 3 1 0 2 2 1  803    0 
3 4 0 2 0 2 1 0 1 1 1  666    0 
3 4 0 1 1 1 1 1 2 2 1  743    0 
3 4 0 3 1 3 1 0 2 2 1  504    0 
3 4 1 1 3 2 0 0 2 2 1 1267    0 
3 4 1 1 3 2 0 0 2 2 1  727    0 
3 4 0 3 1 0 0 0 2 2 1  673    0 
3 4 0 2 0 2 1 0 1 1 1  949    0 
3 4 1 2 0 2 1 0 3 3 1 1150    0 
3 4 0 2 2 3 0 1 3 3 1  775    0 
3 4 0 1 3 2 0 0 4 4 1  607    0 
3 4 0 0 0 0 1 1 1 1 1  581    0 
3 4 0 3 3 0 0 1 4 1 0  477    0 
3 4 0 0 2 1 0 0 3 3 1 1199    0 
3 4 0 0 2 0 1 0 3 3 1  446    0 
3 4 1 0 0 0 1 1 1 1 1 1260    0 
3 4 0 3 1 3 1 0 2 2 1  848    0 
3 4 0 2 0 2 1 0 1 1 1  918    0 
3 4 0 3 3 0 0 1 4 4 1  576    0 
3 4 0 0 0 1 0 1 1 1 1  680    0 
3 4 0 2 0 3 0 0 1 1 1  724    0 
3 4 0 0 0 1 0 1 1 1 1 1054    0 
3 4 0 2 0 3 0 0 1 1 1  546    0 
3 4 0 0 2 0 1 0 3 3 1  716    0 
3 4 0 1 3 1 1 0 4 4 1  766    0 
3 4 1 1 3 2 0 0 2 2 1  950    0 
3 4 0 3 3 0 0 1 4 4 1  575    0 
3 4 0 3 1 0 0 0 2 2 1 1039    0 
3 4 0 1 3 1 1 0 4 4 1  508    0 
3 4 0 0 0 1 0 1 1 2 0  487    0 
3 4 0 3 1 3 1 0 2 2 1  704    0 
3 4 0 2 2 2 1 1 3 3 1  699    0 
3 4 0 3 1 0 0 0 2 2 1  894    0 
3 4 0 2 2 3 0 1 3 3 1  770    0 
3 4 1 0 2 1 0 0 1 1 1 1066    0 
3 4 0 0 0 0 1 1 1 1 1  630    0 
