22 1 0 2 0 0 0 0 1 1 1 2466    0 
22 1 0 2 0 0 0 0 1 1 1  774    0 
22 1 1 0 2 0 1 0 1 1 1 2262    0 
22 1 0 1 1 3 0 1 2 2 1 1235    0 
22 1 0 2 0 0 0 0 1 1 1 1856  119 
22 1 0 1 1 1 1 1 2 2 1 1725    0 
22 1 0 0 2 0 1 0 3 3 1 2079    1 
22 1 0 0 2 0 1 0 3 3 1  659    1 
22 1 0 3 3 3 1 1 4 4 1 1048    1 
22 1 0 0 2 2 0 0 3 3 1 3069    0 
22 1 0 1 3 1 1 0 4 4 1 1473    0 
22 1 0 2 2 0 0 1 3 3 1 4845    1 
22 1 0 2 0 2 1 0 1 1 1  970    0 
22 1 0 3 3 3 1 1 4 4 1 3602    0 
22 1 1 0 0 2 0 1 1 1 1 1777    0 
22 1 1 0 2 2 0 0 1 1 1 1329  113 
22 1 1 0 0 2 0 1 1 1 1 1715    0 
22 1 0 0 0 2 0 1 1 1 1 1222    1 
22 1 0 1 1 1 1 1 2 2 1 1068    1 
22 1 0 0 0 2 0 1 1 1 1  952    0 
22 1 0 2 0 0 0 0 1 1 1  752   88 
22 1 0 3 1 1 0 0 2 2 1 1073    0 
22 1 0 0 2 0 1 0 3 3 1 3429    0 
22 1 0 1 3 1 1 0 4 4 1  955    0 
22 1 1 2 2 0 0 1 3 3 1 1772    0 
22 1 0 0 0 2 0 1 1 1 1 1035    1 
22 1 0 2 0 0 0 0 1 3 0 1009    0 
22 1 0 2 0 2 1 0 1 1 1  709    0 
22 1 1 3 1 1 0 0 4 4 1 1576    0 
22 1 1 3 3 1 0 1 4 4 1 1288    0 
22 1 1 0 2 0 1 0 1 1 1 1571    0 
22 1 0 1 1 3 0 1 2 2 1 1475    1 
22 1 0 0 2 0 1 0 3 3 1 3159    0 
22 1 0 0 0 2 0 1 1 2 0 1288    1 
22 1 0 0 2 2 0 0 3 3 1 1345    1 
22 1 0 3 3 1 0 1 4 4 1  915    0 
22 1 0 0 0 2 0 1 1 1 1  749    0 
22 1 0 3 3 3 1 1 4 4 1 1158    0 
22 1 0 2 2 0 0 1 3 3 1  863    0 
22 1 0 0 0 0 1 1 1 1 1  755    0 
22 1 0 3 1 3 1 0 2 2 1 2524    0 
22 1 0 1 3 1 1 0 4 4 1  830    0 
22 1 0 1 1 3 0 1 2 2 1 1228    0 
22 1 0 3 3 3 1 1 4 4 1  730    0 
22 1 1 2 2 0 0 1 3 3 1 1444    0 
22 1 1 0 2 0 1 0 1 1 1  961    1 
22 1 1 2 0 0 0 0 3 3 1 1042  103 
22 1 0 2 2 2 1 1 3 3 1 2567    1 
22 1 0 2 2 2 1 1 3 3 1  615    1 
22 1 0 1 1 3 0 1 2 2 1 1181    0 
22 1 0 1 3 3 0 0 4 4 1  709    0 
22 1 1 2 2 0 0 1 3 3 1 1376    0 
22 1 1 3 3 1 0 1 4 4 1 3784    0 
22 1 0 3 1 3 1 0 2 2 1 1047    0 
22 1 0 3 1 1 0 0 2 2 1 1165    0 
22 1 0 0 2 0 1 0 3 3 1 1293    1 
22 1 0 1 1 3 0 1 2 2 1  929    1 
22 1 0 3 3 1 0 1 4 4 1  923    0 
22 1 0 2 0 2 1 0 1 1 1  901    1 
22 1 0 1 1 3 0 1 2 2 1 1327    0 
22 1 0 3 1 3 1 0 2 2 1  761    0 
22 1 0 0 0 0 1 1 1 1 1  658    0 
22 1 0 1 1 3 0 1 2 2 1  863    0 
22 1 0 1 1 1 1 1 2 2 1 1435    0 
22 1 0 1 3 3 0 0 4 4 1 1729    1 
22 1 0 3 3 1 0 1 4 4 1  611    0 
22 1 0 2 2 2 1 1 3 3 1  833    0 
22 1 1 3 1 1 0 0 4 4 1 1967    1 
22 1 1 0 0 2 0 1 1 3 0 1687    1 
22 1 0 2 0 0 0 0 1 1 1 2408    0 
22 1 1 1 1 3 0 1 2 2 1 1647    0 
22 1 0 3 3 1 0 1 4 4 1 1332  112 
22 1 0 2 2 2 1 1 3 3 1 1285    1 
22 1 0 0 2 2 0 0 3 3 1 1105    1 
22 1 0 1 3 1 1 0 4 4 1 1523    1 
22 1 0 3 3 3 1 1 4 4 1  717    0 
22 1 0 2 2 0 0 1 3 3 1 1039    0 
22 1 1 0 2 0 1 0 1 1 1 1149    1 
22 1 0 2 2 0 0 1 3 3 1  973    1 
22 1 1 0 2 2 0 0 1 1 1 1445    0 
22 1 0 3 1 1 0 0 2 2 1 2218    0 
22 1 1 1 1 3 0 1 2 2 1 1305    1 
22 1 0 2 2 0 0 1 3 3 1 1179    0 
22 1 0 1 3 3 0 0 4 4 1 1011    0 
22 1 1 0 0 2 0 1 1 1 1 1386    0 
22 1 0 1 3 1 1 0 4 4 1 3081    0 
22 1 1 2 0 2 1 0 3 3 1 1989    1 
22 1 0 2 2 2 1 1 3 3 1  612    0 
22 1 0 1 3 1 1 0 4 4 1 1587    1 
22 1 0 1 1 3 0 1 2 0 0 5000    0 
22 1 0 0 2 2 0 0 3 3 1 1471    1 
22 1 0 0 2 0 1 0 3 3 1  923    0 
22 1 0 3 1 1 0 0 2 2 1  877    0 
22 1 0 3 1 1 0 0 2 2 1  609    0 
22 1 0 1 1 1 1 1 2 2 1  568    1 
22 1 1 3 1 3 1 0 4 4 1 1464    1 
22 1 1 0 2 0 1 0 1 1 1 1108    0 
22 1 0 3 3 3 1 1 4 4 1  887   87 
22 1 0 2 0 0 0 0 1 1 1  882    0 
22 1 0 3 3 3 1 1 4 4 1 1382    0 
22 1 1 1 1 1 1 1 2 2 1 1125    1 
22 1 0 1 3 1 1 0 4 4 1  919    1 
22 1 1 1 1 1 1 1 2 2 1 1153    0 
22 1 0 1 3 1 1 0 4 4 1  994    0 
22 1 1 2 0 2 1 0 3 3 1 1089    1 
22 1 1 0 0 2 0 1 1 3 0 1412    0 
22 1 1 0 2 0 1 0 1 1 1 1561    1 
22 1 1 1 1 1 1 1 2 2 1 1706    0 
22 1 0 3 3 3 1 1 4 4 1 1212    0 
22 1 0 1 1 3 0 1 2 2 1 1123    1 
22 1 0 2 0 0 0 0 1 1 1  925   97 
22 1 0 0 2 2 0 0 3 3 1 1823    0 
22 1 1 0 2 2 0 0 1 1 1 1061    1 
22 1 1 1 1 1 1 1 2 2 1 1818    0 
22 1 0 0 0 0 1 1 1 1 1  960    1 
22 1 0 2 2 0 0 1 3 3 1 1584    0 
22 1 0 2 0 2 1 0 1 1 1  800    0 
22 1 0 3 3 1 0 1 4 4 1 2086    0 
22 1 0 0 2 0 1 0 3 3 1 1442    0 
22 1 1 0 0 2 0 1 1 1 1 1015    0 
22 1 0 3 1 3 1 0 2 2 1 2933    0 
22 1 0 2 0 2 1 0 1 1 1  814    1 
22 1 0 3 1 1 0 0 2 2 1 1565    1 
22 1 0 2 0 2 1 0 1 1 1 1254  101 
22 1 0 0 2 2 0 0 3 3 1  866    1 
22 1 0 1 1 1 1 1 2 2 1 2510    1 
22 1 0 3 1 3 1 0 2 2 1  641    0 
22 1 1 2 2 0 0 1 3 3 1 2502    1 
22 1 1 2 2 2 1 1 3 3 1 1257    0 
22 1 0 2 0 2 1 0 1 1 1 2182    0 
22 1 0 0 0 0 1 1 1 1 1  582    0 
22 1 0 0 0 2 0 1 1 1 1  709    0 
22 1 0 3 1 3 1 0 2 2 1  928    0 
22 1 0 0 0 2 0 1 1 1 1  874    1 
22 1 0 1 3 1 1 0 4 4 1  838    0 
22 1 0 3 1 3 1 0 2 2 1 1019    0 
22 1 1 1 1 1 1 1 2 2 1 1089    0 
22 1 0 1 3 1 1 0 4 4 1 1012    0 
22 1 0 0 0 2 0 1 1 1 1  699    1 
22 1 1 2 0 0 0 0 3 3 1 1173    0 
22 1 0 3 1 1 0 0 2 2 1 1301    0 
22 1 0 0 2 2 0 0 3 3 1 1720    0 
22 1 1 3 3 3 1 1 4 4 1 1890    0 
22 1 1 1 3 1 1 0 2 2 1 1901    0 
22 1 0 2 2 2 1 1 3 3 1 1408    1 
22 1 1 1 3 3 0 0 2 2 1 1007    0 
22 1 1 2 0 2 1 0 3 1 0 1805    0 
22 1 0 2 2 2 1 1 3 3 1 3682    1 
22 1 0 3 1 1 0 0 2 2 1 1061    1 
22 1 0 0 2 0 1 0 3 3 1 1410    1 
22 1 0 1 1 1 1 1 2 2 1 3921    0 
22 1 1 3 3 3 1 1 4 4 1 1051    0 
22 1 0 3 1 3 1 0 2 2 1 1255    0 
22 1 1 2 2 2 1 1 3 3 1  988    1 
22 1 0 0 2 2 0 0 3 1 0  891    0 
22 1 0 1 1 1 1 1 2 2 1 3549    0 
22 1 0 0 2 2 0 0 3 0 0 5000    0 
22 1 0 3 1 3 1 0 2 2 1 1626    1 
22 1 0 3 1 1 0 0 2 2 1  776    1 
22 1 1 3 3 3 1 1 4 4 1 1344    0 
22 1 0 2 2 0 0 1 3 3 1 1153    0 
22 1 0 0 2 0 1 0 3 3 1  730    0 
22 1 0 3 3 1 0 1 4 4 1 1012    0 
22 1 1 2 2 0 0 1 3 3 1 4387    0 
22 1 0 0 2 0 1 0 3 1 0 1346    1 
22 1 0 2 0 2 1 0 1 1 1 1793    1 
22 1 0 1 3 1 1 0 4 4 1  929  114 
22 1 0 1 1 3 0 1 2 2 1 1403    1 
22 1 0 3 1 1 0 0 2 2 1  793    1 
22 1 0 2 2 0 0 1 3 3 1  865    1 
22 1 1 3 3 3 1 1 4 4 1 2221    0 
22 1 1 3 1 3 1 0 4 2 0 4331    0 
22 1 0 1 3 1 1 0 4 4 1 1059  112 
22 1 0 3 3 1 0 1 4 4 1  551    0 
22 1 0 3 1 3 1 0 2 2 1  848    0 
22 1 0 0 0 2 0 1 1 1 1 1053  108 
22 1 0 1 3 3 0 0 4 4 1 1666    0 
22 1 0 1 1 1 1 1 2 2 1 1158    0 
22 1 0 0 0 2 0 1 1 1 1  799    1 
22 1 0 1 3 3 0 0 4 4 1  829    0 
22 1 1 2 2 0 0 1 3 3 1 1283    0 
22 1 0 1 3 1 1 0 4 4 1 1142    0 
22 1 0 2 2 0 0 1 3 3 1 1416    0 
22 1 0 1 1 1 1 1 2 2 1  942    1 
22 1 1 2 2 2 1 1 3 3 1 1055    0 
22 1 0 2 0 2 1 0 1 1 1  844    0 
22 1 0 3 1 1 0 0 2 2 1 1145    1 
22 1 0 3 3 3 1 1 4 4 1  738    0 
22 1 0 2 2 0 0 1 3 3 1  964    0 
22 1 0 1 1 3 0 1 2 2 1 3020    0 
22 1 0 1 3 1 1 0 4 4 1  770    0 
22 1 0 3 3 1 0 1 4 4 1 1106    0 
22 2 1 1 1 1 1 1 2 2 1 3866    0 
22 2 0 3 3 3 1 1 4 4 1 3326    0 
22 2 0 1 2 0 0 0 3 3 1 1768    0 
22 2 1 3 3 2 0 1 4 4 1 1624    0 
22 2 0 1 2 0 0 0 3 3 1 1678    0 
22 2 1 0 1 3 0 0 1 1 1 1634    1 
22 2 0 0 1 3 0 0 2 4 0 1287  109 
22 2 0 2 2 2 1 1 3 3 1 3608    0 
22 2 0 3 0 2 0 0 1 1 1  695    1 
22 2 1 2 3 2 1 0 3 3 1 1018    0 
22 2 0 2 2 1 0 1 3 3 1 1064    0 
22 2 0 3 0 3 1 0 1 1 1  885    0 
22 2 0 1 1 0 0 1 2 2 1  888    0 
22 2 1 3 3 3 1 1 4 4 1 1004    0 
22 2 1 2 2 1 0 1 3 3 1  930    1 
22 2 0 2 3 2 1 0 4 4 1 1028    0 
22 2 1 1 1 0 0 1 2 2 1 1178    0 
22 2 0 0 0 3 0 1 1 1 1  794    0 
22 2 0 2 2 2 1 1 3 3 1 2330    1 
22 2 1 3 0 3 1 0 4 4 1 1476    0 
22 2 0 0 0 3 0 1 1 3 0 1752    0 
22 2 0 2 3 2 1 0 4 4 1 1598    0 
22 2 0 1 2 0 0 0 3 3 1  950    1 
22 2 1 2 2 1 0 1 3 3 1  662    0 
22 2 0 2 2 2 1 1 3 3 1 1211    0 
22 2 0 2 2 2 1 1 3 3 1  642  105 
22 2 0 1 1 1 1 1 2 2 1  823    1 
22 2 0 3 0 2 0 0 1 1 1  845    1 
22 2 0 0 0 3 0 1 1 1 1  506    0 
22 2 1 2 2 1 0 1 3 3 1  893    1 
22 2 0 0 1 0 1 0 2 2 1  888    0 
22 2 1 1 2 0 0 0 2 3 0 1828    0 
22 2 0 2 2 2 1 1 3 3 1  656    1 
22 2 0 2 3 2 1 0 4 4 1 1396    1 
22 2 0 2 2 2 1 1 3 3 1  756    0 
22 2 1 1 2 1 1 0 2 2 1 1404    0 
22 2 1 3 3 2 0 1 4 4 1 2275    1 
22 2 0 1 2 0 0 0 3 3 1 1423    1 
22 2 0 1 1 0 0 1 2 2 1  933    0 
22 2 0 1 1 1 1 1 2 2 1  742    0 
22 2 0 2 2 1 0 1 3 3 1  696    1 
22 2 0 0 1 3 0 0 2 2 1  875    0 
22 2 0 1 2 0 0 0 3 3 1  807    1 
22 2 1 3 0 2 0 0 4 4 1 3173    1 
22 2 0 1 2 0 0 0 3 3 1 1381    1 
22 2 0 2 3 2 1 0 4 4 1 3357    1 
22 2 0 1 2 1 1 0 3 3 1 1134    0 
22 2 0 0 0 3 0 1 1 1 1  607    0 
22 2 0 1 1 0 0 1 2 2 1 1014    0 
22 2 0 2 2 1 0 1 3 3 1 1293    0 
22 2 1 0 1 3 0 0 1 1 1 1080  113 
22 2 0 2 3 2 1 0 4 4 1  868    0 
22 2 0 3 0 3 1 0 1 1 1 1608    1 
22 2 0 2 3 2 1 0 4 4 1 1063    0 
22 2 0 2 3 1 0 0 4 4 1  867    0 
22 2 1 0 1 0 1 0 1 1 1 1151  112 
22 2 0 3 3 2 0 1 4 4 1  848    0 
22 2 0 3 0 2 0 0 1 1 1  805    0 
22 2 0 1 1 1 1 1 2 4 0  892    1 
22 2 0 0 1 0 1 0 2 2 1  669    1 
22 2 1 0 0 3 0 1 1 1 1 1193    0 
22 2 0 1 2 1 1 0 3 3 1  833    0 
22 2 0 0 0 0 1 1 1 3 0  670    1 
22 2 0 2 3 2 1 0 4 4 1  984    1 
22 2 1 0 1 0 1 0 1 2 0 2751    1 
22 2 0 3 0 3 1 0 1 1 1 3302    1 
22 2 0 3 0 3 1 0 1 1 1  625    1 
22 2 0 3 3 2 0 1 4 4 1  775    0 
22 2 0 2 2 2 1 1 3 3 1  871    0 
22 2 1 0 1 3 0 0 1 1 1 1019    0 
22 2 1 2 3 1 0 0 3 3 1  985    1 
22 2 0 0 1 0 1 0 2 1 0 1048  108 
22 2 0 1 1 0 0 1 2 2 1 1323    1 
22 2 1 2 3 1 0 0 3 3 1 1565    0 
22 2 0 0 1 0 1 0 2 2 1 1229  105 
22 2 0 0 0 0 1 1 1 1 1  795    1 
22 2 0 1 1 1 1 1 2 2 1  955    0 
22 2 1 2 2 1 0 1 3 3 1 1035    0 
22 2 0 3 3 3 1 1 4 2 0 1073    0 
22 2 1 0 0 3 0 1 1 1 1 1371    0 
22 2 1 3 3 2 0 1 4 4 1 1859    0 
22 2 0 3 3 3 1 1 4 4 1  543    0 
22 2 0 2 3 2 1 0 4 4 1  553   85 
22 2 0 2 2 2 1 1 3 3 1  969    0 
22 2 0 0 1 3 0 0 2 1 0  873    1 
22 2 1 0 1 0 1 0 1 1 1 1803    0 
22 2 0 2 2 1 0 1 3 3 1  922    1 
22 2 0 2 2 2 1 1 3 3 1  716    1 
22 2 0 1 1 1 1 1 2 3 0  550    0 
22 2 1 3 3 3 1 1 4 4 1 1413    0 
22 2 0 3 0 3 1 0 1 1 1 3227    0 
22 2 0 2 3 1 0 0 4 4 1  785  117 
22 2 1 3 0 2 0 0 4 4 1 1513    0 
22 2 1 2 2 2 1 1 3 3 1 1219    0 
22 2 0 3 3 2 0 1 4 4 1 2121    0 
22 2 0 0 1 0 1 0 2 1 0  755    0 
22 2 0 0 1 0 1 0 2 2 1 1306    0 
22 2 0 0 1 3 0 0 2 1 0  749    0 
22 2 0 3 3 2 0 1 4 4 1 1107    0 
22 2 0 2 2 1 0 1 3 3 1 2318    0 
22 2 0 1 2 1 1 0 3 3 1  632    0 
22 2 0 3 0 2 0 0 1 1 1  653    1 
22 2 0 3 3 2 0 1 4 4 1 2050    0 
22 2 1 3 3 3 1 1 4 4 1  926    1 
22 2 0 0 0 0 1 1 1 1 1  792    0 
22 2 0 3 0 2 0 0 1 1 1  648    0 
22 2 0 2 3 2 1 0 4 4 1  837    1 
22 2 0 3 0 3 1 0 1 1 1  866    0 
22 2 0 2 2 2 1 1 3 3 1  870    0 
22 2 0 2 2 2 1 1 3 3 1  562    0 
22 2 1 0 1 0 1 0 1 1 1 1235    0 
22 2 0 0 0 0 1 1 1 1 1  960    1 
22 2 0 3 3 2 0 1 4 4 1  761    0 
22 2 0 1 2 1 1 0 3 3 1 1402    1 
22 2 1 1 2 0 0 0 2 2 1 1256    0 
22 2 0 2 3 2 1 0 4 4 1  893    0 
22 2 0 0 1 3 0 0 2 2 1 1928    1 
22 2 1 1 2 1 1 0 2 2 1 1130    0 
22 2 0 3 3 2 0 1 4 4 1  956    0 
22 2 0 3 3 2 0 1 4 4 1  589    0 
22 2 0 1 1 0 0 1 2 0 0 5000    0 
22 2 0 1 2 0 0 0 3 3 1 1649    0 
22 2 0 3 3 2 0 1 4 2 0 1110    1 
22 2 1 3 0 2 0 0 4 4 1 1542    0 
22 2 0 2 2 1 0 1 3 3 1  856    1 
22 2 0 0 0 0 1 1 1 1 1 1060    1 
22 2 0 0 1 3 0 0 2 2 1 1713    1 
22 2 0 3 3 3 1 1 4 4 1 2844    1 
22 2 1 0 0 3 0 1 1 1 1 1961    1 
22 2 0 0 0 0 1 1 1 1 1 1138    0 
22 2 0 3 3 2 0 1 4 4 1  763  111 
22 2 0 3 3 2 0 1 4 4 1  500    0 
22 2 0 2 2 1 0 1 3 3 1 1086    0 
22 2 1 0 1 0 1 0 1 1 1 1330  115 
22 2 0 0 1 3 0 0 2 2 1 1484    1 
22 2 0 0 0 0 1 1 1 1 1  919    0 
22 2 0 1 2 1 1 0 3 3 1 1113    1 
22 2 0 2 2 1 0 1 3 3 1  436    0 
22 2 0 2 2 1 0 1 3 3 1  433    0 
22 2 0 1 1 0 0 1 2 2 1 1190    0 
22 2 1 2 3 2 1 0 3 3 1 1174    1 
22 2 1 1 1 1 1 1 2 2 1 1446    0 
22 2 0 1 1 1 1 1 2 2 1  683    0 
22 2 1 1 2 0 0 0 2 2 1 2862    0 
22 2 0 0 0 3 0 1 1 1 1  795    0 
22 2 0 3 3 3 1 1 4 4 1  690    0 
22 2 0 1 1 0 0 1 2 2 1 1606    1 
22 2 0 3 0 3 1 0 1 1 1  804    1 
22 2 0 1 1 1 1 1 2 2 1  819    1 
22 2 0 0 1 0 1 0 2 2 1 1073    0 
22 2 0 3 0 2 0 0 1 1 1  909    0 
22 2 0 3 0 3 1 0 1 1 1 1104    0 
22 2 0 2 2 1 0 1 3 3 1 1226    0 
22 2 1 2 2 2 1 1 3 3 1 1016    1 
22 2 0 0 1 0 1 0 2 2 1  998    1 
22 2 0 0 1 0 1 0 2 2 1  773   83 
22 2 0 0 0 3 0 1 1 1 1  709    1 
22 2 1 3 0 2 0 0 4 4 1 1440    0 
22 2 0 3 3 2 0 1 4 4 1  893    0 
22 2 0 1 2 1 1 0 3 3 1  857    1 
22 2 0 1 1 0 0 1 2 2 1  901    0 
22 2 0 2 3 2 1 0 4 4 1  968    0 
22 2 0 1 2 1 1 0 3 3 1  880    1 
22 2 1 1 2 1 1 0 2 2 1 1140    0 
22 2 0 1 1 0 0 1 2 2 1  989  117 
22 2 1 3 0 3 1 0 4 4 1 1565    0 
22 2 0 0 1 3 0 0 2 3 0 1141    1 
22 2 0 0 0 0 1 1 1 1 1  885    0 
22 2 0 3 3 2 0 1 4 4 1  824    0 
22 2 1 2 3 1 0 0 3 3 1 1006    0 
22 2 1 0 1 0 1 0 1 2 0 1197    1 
22 2 0 2 2 1 0 1 3 3 1 1474    1 
22 2 0 1 2 1 1 0 3 3 1  694    0 
22 2 0 1 2 0 0 0 3 3 1  673    0 
22 2 0 2 2 1 0 1 3 3 1  469    1 
22 2 0 0 1 0 1 0 2 2 1 1025    0 
22 2 0 3 3 3 1 1 4 4 1 1071    1 
22 2 0 1 2 0 0 0 3 3 1  851    0 
22 2 0 3 3 2 0 1 4 4 1 1224    0 
22 2 0 0 1 0 1 0 2 2 1  998    1 
22 2 0 3 3 3 1 1 4 4 1  661    1 
22 2 1 1 2 1 1 0 2 2 1 1778    1 
22 2 0 1 2 0 0 0 3 3 1 1114    0 
22 2 1 1 2 1 1 0 2 3 0  589    1 
22 2 0 3 3 3 1 1 4 4 1  906    1 
22 2 0 1 1 0 0 1 2 2 1 1205    0 
22 2 0 1 2 0 0 0 3 3 1  843  110 
22 2 0 1 1 0 0 1 2 3 0  601    0 
22 2 1 0 1 0 1 0 1 1 1 1029    0 
22 2 0 0 1 0 1 0 2 2 1 1747    0 
22 2 1 2 2 1 0 1 3 3 1 1093  112 
22 2 0 0 1 3 0 0 2 2 1 3744    1 
22 3 0 2 2 3 0 1 3 2 0 2979    1 
22 3 0 2 3 3 0 0 4 4 1 1737    0 
22 3 1 3 0 0 0 0 4 1 0 1410    0 
22 3 0 0 0 1 0 1 1 1 1  903    0 
22 3 1 0 1 0 1 0 1 1 1  697    0 
22 3 0 3 0 0 0 0 1 1 1  725    0 
22 3 1 1 2 1 1 0 2 3 0 2135    0 
22 3 1 1 1 1 1 1 2 2 1 1238    0 
22 3 0 1 1 1 1 1 2 2 1  667    1 
22 3 1 2 3 3 0 0 3 4 0 2023    1 
22 3 0 3 0 0 0 0 1 1 1 2531    0 
22 3 0 3 0 0 0 0 1 1 1  469    0 
22 3 0 1 1 1 1 1 2 2 1  729    1 
22 3 0 2 2 3 0 1 3 3 1  803    0 
22 3 0 1 1 2 0 1 2 2 1  922    0 
22 3 0 3 0 0 0 0 1 1 1  916    0 
22 3 1 0 1 1 0 0 1 1 1 1342    1 
22 3 0 3 3 0 0 1 4 4 1 1487    0 
22 3 0 0 1 0 1 0 2 2 1 1466    1 
22 3 0 2 2 2 1 1 3 3 1 1230    1 
22 3 0 3 3 3 1 1 4 4 1  740    0 
22 3 0 3 0 3 1 0 1 1 1  758    0 
22 3 0 2 3 2 1 0 4 4 1  894    0 
22 3 0 0 1 0 1 0 2 2 1 1066    1 
22 3 0 1 2 2 0 0 3 3 1  902    0 
22 3 0 1 1 1 1 1 2 2 1 1168    1 
22 3 0 1 1 1 1 1 2 2 1  456    0 
22 3 1 3 3 3 1 1 4 4 1 1149    0 
22 3 0 2 3 2 1 0 4 4 1  694   82 
22 3 0 1 2 2 0 0 3 3 1 1089    1 
22 3 1 0 0 0 1 1 1 1 1 1980    1 
22 3 0 0 0 1 0 1 1 1 1 1076    0 
22 3 0 2 3 3 0 0 4 4 1  656    0 
22 3 0 3 0 0 0 0 1 1 1  717    0 
22 3 0 0 1 0 1 0 2 2 1  727    0 
22 3 0 0 1 1 0 0 2 1 0  577    0 
22 3 0 2 3 3 0 0 4 4 1 2535    0 
22 3 0 1 1 1 1 1 2 2 1  712    0 
22 3 0 0 0 0 1 1 1 1 1  811    1 
22 3 0 1 1 2 0 1 2 1 0 2146    0 
22 3 0 1 2 1 1 0 3 3 1 2161    0 
22 3 0 3 3 0 0 1 4 1 0  706    0 
22 3 0 2 3 3 0 0 4 4 1  674    0 
22 3 0 0 1 1 0 0 2 3 0 1014    0 
22 3 1 0 0 0 1 1 1 1 1 1586    1 
22 3 1 3 3 0 0 1 4 4 1  866    0 
22 3 0 1 2 1 1 0 3 3 1 1582    0 
22 3 0 3 0 3 1 0 1 1 1  790    0 
22 3 0 3 0 0 0 0 1 1 1  749    1 
22 3 0 0 0 1 0 1 1 1 1  646    0 
22 3 0 3 0 0 0 0 1 1 1  571    0 
22 3 0 2 2 3 0 1 3 3 1 1267    1 
22 3 1 2 2 3 0 1 3 3 1  751    0 
22 3 0 3 3 3 1 1 4 4 1 1304    1 
22 3 0 2 2 2 1 1 3 3 1  962    0 
22 3 1 0 0 0 1 1 1 1 1  899    0 
22 3 0 1 1 1 1 1 2 2 1  958    0 
22 3 0 3 0 0 0 0 1 1 1  870    1 
22 3 0 0 0 0 1 1 1 1 1 1482    1 
22 3 0 1 1 1 1 1 2 2 1  886    0 
22 3 0 1 1 2 0 1 2 2 1 1001    0 
22 3 0 2 2 3 0 1 3 3 1  952    0 
22 3 0 2 2 3 0 1 3 3 1  488    1 
22 3 0 2 3 3 0 0 4 4 1  828    0 
22 3 0 2 3 3 0 0 4 4 1  450    1 
22 3 0 3 3 3 1 1 4 4 1  454    0 
22 3 0 3 0 3 1 0 1 1 1  843    1 
22 3 0 0 1 0 1 0 2 2 1 1032    0 
22 3 0 3 0 3 1 0 1 1 1  878    1 
22 3 0 2 3 3 0 0 4 4 1  905    1 
22 3 0 0 1 1 0 0 2 3 0  924    1 
22 3 0 1 1 1 1 1 2 2 1  540    0 
22 3 0 2 3 3 0 0 4 4 1  654    1 
22 3 0 2 3 3 0 0 4 4 1  658    0 
22 3 1 1 1 1 1 1 2 2 1 1271    0 
22 3 0 1 1 2 0 1 2 2 1 1531    0 
22 3 0 0 0 0 1 1 1 1 1  749  105 
22 3 0 1 1 1 1 1 2 2 1  733    1 
22 3 0 2 3 2 1 0 4 4 1 1183    0 
22 3 0 0 0 1 0 1 1 1 1  614    0 
22 3 0 0 0 0 1 1 1 1 1  533    0 
22 3 1 0 1 1 0 0 1 1 1 1046    0 
22 3 1 3 0 0 0 0 4 1 0  787    1 
22 3 0 3 0 3 1 0 1 1 1 1161    0 
22 3 0 3 3 0 0 1 4 4 1  937    1 
22 3 0 3 0 3 1 0 1 1 1  651    0 
22 3 1 3 3 3 1 1 4 4 1 1063    0 
22 3 1 2 3 3 0 0 3 3 1 1060    0 
22 3 0 0 1 0 1 0 2 2 1  937    1 
22 3 0 2 3 2 1 0 4 4 1  978    1 
22 3 0 3 0 3 1 0 1 3 0 1114    1 
22 3 1 1 1 1 1 1 2 2 1  858    0 
22 3 0 3 0 0 0 0 1 1 1  815    0 
22 3 1 1 1 2 0 1 2 2 1 3277    1 
22 3 0 2 2 3 0 1 3 3 1  889    0 
22 3 0 1 2 2 0 0 3 3 1  621    1 
22 3 0 0 0 0 1 1 1 3 0  595    0 
22 3 0 1 2 2 0 0 3 3 1  808    1 
22 3 0 0 1 1 0 0 2 2 1 1511    1 
22 3 0 2 2 2 1 1 3 3 1  729  114 
22 3 1 1 1 2 0 1 2 2 1 1139    0 
22 3 0 2 2 2 1 1 3 2 0  901    1 
22 3 0 3 0 0 0 0 1 1 1  717    0 
22 3 0 3 3 3 1 1 4 4 1  847    1 
22 3 0 0 0 1 0 1 1 1 1 1037    1 
22 3 0 3 0 3 1 0 1 1 1  506    1 
22 3 1 2 3 3 0 0 3 3 1 2357    0 
22 3 1 0 0 0 1 1 1 1 1  797    1 
22 3 1 2 2 2 1 1 3 3 1 1981    1 
22 3 0 3 0 0 0 0 1 1 1  845    0 
22 3 0 0 1 0 1 0 2 2 1 1098    1 
22 3 0 3 3 0 0 1 4 4 1  693    0 
22 3 0 3 0 0 0 0 1 1 1  929    0 
22 3 0 1 1 1 1 1 2 2 1  995    0 
22 3 1 3 0 3 1 0 4 4 1 1066    0 
22 3 0 0 1 0 1 0 2 2 1 1470    0 
22 3 1 0 0 1 0 1 1 1 1 1050    0 
22 3 0 3 3 3 1 1 4 4 1 1615    1 
22 3 0 1 2 2 0 0 3 3 1  837    0 
22 3 0 1 1 1 1 1 2 2 1 1267    0 
22 3 0 1 1 2 0 1 2 2 1  615    1 
22 3 0 0 0 1 0 1 1 1 1  533    0 
22 3 0 2 2 3 0 1 3 1 0  591    0 
22 3 0 3 3 3 1 1 4 4 1  748    0 
22 3 1 2 2 2 1 1 3 3 1 1453    1 
22 3 1 1 1 1 1 1 2 2 1 1514    0 
22 3 1 3 0 0 0 0 4 4 1 1573    1 
22 3 0 0 0 0 1 1 1 1 1 1149    0 
22 3 0 3 3 3 1 1 4 4 1  605    0 
22 3 1 2 2 2 1 1 3 3 1  956    0 
22 3 0 1 2 1 1 0 3 3 1 1237    0 
22 3 0 3 0 3 1 0 1 1 1 1786    0 
22 3 1 1 1 2 0 1 2 2 1 1209  115 
22 3 0 0 1 1 0 0 2 2 1 1280    0 
22 3 0 1 1 2 0 1 2 2 1  604    0 
22 3 1 1 1 2 0 1 2 2 1 1002    1 
22 3 0 1 2 2 0 0 3 3 1  793    0 
22 3 0 2 3 3 0 0 4 4 1 2992    0 
22 3 0 2 3 3 0 0 4 4 1  776    0 
22 3 0 2 3 2 1 0 4 4 1  560    1 
22 3 0 1 1 1 1 1 2 2 1 1072    0 
22 3 0 0 0 0 1 1 1 2 0  460    0 
22 3 0 1 1 1 1 1 2 2 1  471    1 
22 3 1 1 2 2 0 0 2 2 1 1179    0 
22 3 0 0 1 0 1 0 2 2 1  707    1 
22 3 0 2 3 3 0 0 4 4 1 1238    0 
22 3 0 1 1 2 0 1 2 2 1  939    0 
22 3 1 0 1 0 1 0 1 1 1 1436    0 
22 3 0 0 1 0 1 0 2 1 0  690    1 
22 3 1 1 2 1 1 0 2 2 1 1579    1 
22 3 0 2 2 3 0 1 3 3 1  875    1 
22 3 0 1 1 1 1 1 2 2 1  847    1 
22 3 1 2 3 3 0 0 3 3 1 1276    1 
22 3 0 2 2 2 1 1 3 3 1 1208    0 
22 3 1 2 3 3 0 0 3 3 1 1055    0 
22 3 1 0 0 0 1 1 1 1 1  908    0 
22 3 0 2 3 2 1 0 4 4 1  974    0 
22 3 1 1 1 2 0 1 2 2 1 1542    0 
22 3 0 3 0 0 0 0 1 1 1 2808    0 
22 3 0 2 3 3 0 0 4 4 1 1174    0 
22 3 0 2 2 3 0 1 3 3 1  902    0 
22 3 1 2 2 2 1 1 3 3 1 3905    0 
22 3 0 1 1 2 0 1 2 2 1  988    0 
22 3 0 2 3 2 1 0 4 4 1  907    0 
22 3 0 3 0 3 1 0 1 1 1  974    0 
22 3 0 3 0 3 1 0 1 1 1  502    0 
22 3 0 0 1 1 0 0 2 3 0 1176    1 
22 3 0 0 1 0 1 0 2 2 1  518    1 
22 3 1 3 3 3 1 1 4 4 1 1096    0 
22 3 0 1 2 2 0 0 3 3 1  892    0 
22 3 1 3 3 3 1 1 4 4 1  911    0 
22 3 0 2 3 2 1 0 4 4 1  586    1 
22 3 1 0 1 1 0 0 1 1 1 1393    0 
22 3 0 0 1 1 0 0 2 2 1 1160    1 
22 3 1 2 2 3 0 1 3 4 0 1089    0 
22 3 0 2 3 2 1 0 4 4 1 3882    0 
22 3 0 3 0 0 0 0 1 1 1  654    0 
22 3 0 0 1 1 0 0 2 2 1 1082    0 
22 3 1 0 0 0 1 1 1 1 1 1198    0 
22 3 0 1 1 1 1 1 2 2 1  845    0 
22 3 0 3 3 3 1 1 4 4 1  730    0 
22 3 0 0 0 0 1 1 1 1 1  948    1 
22 3 1 3 0 0 0 0 4 4 1 1830    1 
22 3 0 1 1 2 0 1 2 2 1 1804    0 
22 3 1 2 3 3 0 0 3 3 1 1658    0 
22 3 1 0 0 1 0 1 1 1 1 1167    1 
22 3 0 0 1 0 1 0 2 2 1  991    0 
22 3 0 0 0 1 0 1 1 1 1  726    0 
22 3 0 0 0 1 0 1 1 1 1  480    1 
22 3 0 1 2 1 1 0 3 3 1  780    0 
22 3 0 1 1 1 1 1 2 2 1  844    1 
22 3 1 3 3 3 1 1 4 4 1 1826    0 
22 4 0 3 1 3 1 0 2 4 0 4103    0 
22 4 0 2 2 0 0 1 3 3 1 1496    0 
22 4 0 1 3 1 1 0 4 4 1 1939    0 
22 4 0 3 3 3 1 1 4 4 1  501   75 
22 4 1 1 1 3 0 1 2 2 1 1247    0 
22 4 1 1 1 3 0 1 2 2 1  541    1 
22 4 1 3 1 1 0 0 4 4 1 1550    1 
22 4 0 0 2 0 1 0 3 3 1 1375    1 
22 4 0 0 2 0 1 0 3 3 1  463    1 
22 4 0 3 3 3 1 1 4 4 1  755    0 
22 4 0 1 3 1 1 0 4 4 1  428    0 
22 4 1 2 2 0 0 1 3 3 1 1610    0 
22 4 0 0 2 0 1 0 3 3 1  849    0 
22 4 0 2 0 0 0 0 1 1 1 1085    1 
22 4 0 0 0 2 0 1 1 1 1  633    0 
22 4 0 2 0 2 1 0 1 1 1  478    1 
22 4 0 3 1 1 0 0 2 2 1  970   99 
22 4 1 3 3 3 1 1 4 3 0 1042    1 
22 4 1 0 0 0 1 1 1 1 1  813    0 
22 4 0 2 2 0 0 1 3 3 1  732    0 
22 4 1 1 3 3 0 0 2 2 1 1397    0 
22 4 0 3 1 1 0 0 2 2 1 1965    0 
22 4 0 0 0 0 1 1 1 1 1  741    0 
22 4 0 2 0 0 0 0 1 1 1  503    0 
22 4 0 0 0 2 0 1 1 1 1  417    0 
22 4 0 1 1 3 0 1 2 2 1  727    0 
22 4 0 3 3 3 1 1 4 4 1  705    0 
22 4 0 1 3 1 1 0 4 4 1  556    0 
22 4 1 2 2 0 0 1 3 3 1 1229    0 
22 4 0 1 1 1 1 1 2 2 1  707    1 
22 4 0 1 1 1 1 1 2 2 1  429    1 
22 4 0 1 3 1 1 0 4 3 0  691    0 
22 4 0 2 0 0 0 0 1 1 1  821    0 
22 4 0 2 2 2 1 1 3 3 1  723    0 
22 4 0 0 2 2 0 0 3 3 1  477    1 
22 4 0 2 2 0 0 1 3 3 1  529    0 
22 4 0 2 0 2 1 0 1 1 1 2355    0 
22 4 0 3 1 3 1 0 2 2 1  771    0 
22 4 1 1 1 3 0 1 2 2 1  971    1 
22 4 0 0 2 0 1 0 3 3 1 2787    0 
22 4 0 0 2 0 1 0 3 3 1  491    0 
22 4 0 0 0 0 1 1 1 1 1 1702    0 
22 4 0 2 2 2 1 1 3 3 1  681    0 
22 4 0 3 3 3 1 1 4 4 1  757    1 
22 4 1 3 1 1 0 0 4 4 1  973    0 
22 4 0 1 3 3 0 0 4 4 1 1349    0 
22 4 1 3 3 1 0 1 4 4 1  686    0 
22 4 0 1 1 3 0 1 2 2 1 1049    0 
22 4 0 0 2 2 0 0 3 3 1 1934    1 
22 4 1 0 0 2 0 1 1 1 1 1183    0 
22 4 0 2 0 0 0 0 1 1 1  783    0 
22 4 0 2 2 2 1 1 3 3 1  814    1 
22 4 0 3 3 3 1 1 4 4 1 1069    0 
22 4 1 2 0 2 1 0 3 3 1 1344    0 
22 4 0 3 3 1 0 1 4 4 1  946    1 
22 4 0 0 0 0 1 1 1 1 1  867    1 
22 4 0 1 1 1 1 1 2 2 1  807    1 
22 4 0 3 3 3 1 1 4 4 1 2286    0 
22 4 0 2 0 2 1 0 1 1 1  737    1 
22 4 0 3 1 1 0 0 2 2 1  930    0 
22 4 0 2 2 0 0 1 3 3 1  940    0 
22 4 0 2 2 0 0 1 3 3 1  854    0 
22 4 0 0 0 0 1 1 1 1 1  882    0 
22 4 0 3 3 1 0 1 4 4 1  854   82 
22 4 0 2 0 2 1 0 1 3 0 2234    1 
22 4 0 3 1 3 1 0 2 2 1 4054    1 
22 4 0 1 1 3 0 1 2 2 1  490    0 
22 4 1 2 2 0 0 1 3 3 1 1934    1 
22 4 0 1 3 1 1 0 4 4 1 1007    0 
22 4 0 2 0 2 1 0 1 2 0 1950    1 
22 4 0 0 2 0 1 0 3 3 1 1100    0 
22 4 0 3 3 3 1 1 4 4 1  823    0 
22 4 0 3 1 3 1 0 2 2 1 1613    1 
22 4 0 1 3 3 0 0 4 1 0 1068    0 
22 4 1 1 1 3 0 1 2 2 1 1294    0 
22 4 0 3 1 1 0 0 2 2 1 1449    0 
22 4 0 1 1 3 0 1 2 2 1  566    0 
22 4 1 3 1 1 0 0 4 4 1 1782    0 
22 4 0 3 1 3 1 0 2 2 1 1461    0 
22 4 0 3 3 3 1 1 4 2 0  882    1 
22 4 0 1 1 1 1 1 2 4 0 2627    1 
22 4 0 2 0 0 0 0 1 1 1  743    1 
22 4 1 0 0 2 0 1 1 1 1 1088    0 
22 4 0 1 1 1 1 1 2 1 0  596    0 
22 4 0 2 0 0 0 0 1 1 1  857    0 
22 4 0 2 0 0 0 0 1 1 1  446    0 
22 4 0 1 1 3 0 1 2 2 1  947    0 
22 4 0 1 3 3 0 0 4 4 1  796    0 
22 4 0 3 1 3 1 0 2 1 0  828    1 
22 4 0 2 0 2 1 0 1 1 1  680    0 
22 4 0 3 1 3 1 0 2 2 1  732    0 
22 4 0 1 3 3 0 0 4 4 1  774    1 
22 4 1 1 1 1 1 1 2 2 1 1326    0 
22 4 0 2 0 0 0 0 1 1 1  752    0 
22 4 0 3 3 3 1 1 4 4 1  936    0 
22 4 0 3 1 1 0 0 2 2 1  970    1 
22 4 1 1 1 1 1 1 2 2 1  770    1 
22 4 0 1 1 1 1 1 2 2 1  434    1 
22 4 0 2 0 2 1 0 1 1 1  583    0 
22 4 1 3 3 1 0 1 4 4 1  702    0 
22 4 1 2 0 2 1 0 3 3 1 1201    0 
22 4 0 1 3 3 0 0 4 4 1 1752    0 
22 4 0 1 1 3 0 1 2 2 1  744    1 
22 4 0 2 0 0 0 0 1 1 1  594    0 
22 4 0 3 3 1 0 1 4 4 1  913    1 
22 4 1 2 0 2 1 0 3 3 1 1180    0 
22 4 0 0 2 2 0 0 3 1 0  844    0 
22 4 0 1 1 3 0 1 2 2 1  927    0 
22 4 1 3 1 3 1 0 4 4 1 1001   98 
22 4 1 2 0 2 1 0 3 3 1 1264    0 
22 4 0 0 2 2 0 0 3 3 1 2564    0 
22 4 1 2 2 0 0 1 3 3 1 1029  111 
22 4 0 1 3 1 1 0 4 4 1  947    0 
22 4 0 0 0 2 0 1 1 1 1  916    0 
22 4 0 0 0 0 1 1 1 1 1  438    0 
22 4 1 3 1 3 1 0 4 4 1 1068    1 
22 4 0 1 3 1 1 0 4 4 1  976    1 
22 4 0 3 3 3 1 1 4 4 1  407    0 
22 4 0 3 3 3 1 1 4 4 1  358    0 
22 4 0 1 1 1 1 1 2 2 1  959    0 
22 4 0 3 3 3 1 1 4 4 1  599    1 
22 4 1 3 3 1 0 1 4 4 1  822    0 
22 4 1 3 1 1 0 0 4 4 1 4244    1 
22 4 0 2 2 2 1 1 3 3 1  825  117 
22 4 0 0 2 0 1 0 3 3 1  591    0 
22 4 1 0 0 0 1 1 1 1 1 1535    0 
22 4 0 1 1 3 0 1 2 2 1  920    1 
22 4 0 2 0 2 1 0 1 1 1  810    0 
22 4 1 0 2 2 0 0 1 1 1 1201    0 
22 4 0 0 0 0 1 1 1 1 1  855    0 
22 4 0 0 0 0 1 1 1 1 1  468    0 
22 4 1 0 0 0 1 1 1 1 1  712    1 
22 4 0 1 1 3 0 1 2 2 1  787    0 
22 4 0 0 0 0 1 1 1 1 1  626    0 
22 4 0 0 2 2 0 0 3 3 1 1816    0 
22 4 0 2 0 0 0 0 1 1 1  846  103 
22 4 0 1 3 1 1 0 4 4 1  795    0 
22 4 1 0 0 0 1 1 1 1 1 1339    1 
22 4 1 0 0 2 0 1 1 1 1  596    0 
22 4 0 1 3 1 1 0 4 4 1  971    0 
22 4 1 0 0 2 0 1 1 1 1 1139    0 
22 4 1 0 2 0 1 0 1 1 1 1013    0 
22 4 0 2 0 0 0 0 1 1 1  603    0 
22 4 0 3 1 1 0 0 2 2 1 1482    1 
22 4 0 2 0 0 0 0 1 1 1 1509    1 
22 4 0 0 0 2 0 1 1 1 1  568    1 
22 4 0 0 0 0 1 1 1 1 1  440    0 
22 4 0 0 0 0 1 1 1 1 1  397    0 
22 4 0 2 2 0 0 1 3 3 1  645    1 
22 4 0 0 2 2 0 0 3 3 1  626    1 
22 4 1 0 0 2 0 1 1 1 1  920    0 
22 4 1 0 2 2 0 0 1 1 1 1050  111 
22 4 0 3 3 1 0 1 4 4 1 1791    0 
22 4 1 0 2 0 1 0 1 1 1  814    0 
22 4 0 1 3 3 0 0 4 2 0 1549    1 
22 4 1 3 3 1 0 1 4 4 1 1163    1 
22 4 0 0 0 0 1 1 1 1 1  612    0 
22 4 0 2 0 2 1 0 1 1 1  523    1 
22 4 1 2 2 2 1 1 3 3 1 1037    0 
22 4 0 1 3 1 1 0 4 4 1  882    1 
22 4 1 0 0 2 0 1 1 1 1  973    1 
22 4 1 0 2 2 0 0 1 1 1  885    0 
22 4 0 1 3 1 1 0 4 4 1  737    0 
22 4 0 2 2 0 0 1 3 3 1 1322    1 
22 4 0 1 1 3 0 1 2 2 1  820    1 
22 4 1 2 0 2 1 0 3 3 1 1858    0 
22 4 0 1 3 1 1 0 4 4 1  999    0 
22 4 1 0 0 2 0 1 1 1 1 1829    1 
22 4 0 2 2 0 0 1 3 3 1  731    0 
22 4 1 0 2 2 0 0 1 1 1  997    0 
22 4 0 1 3 1 1 0 4 4 1  773    0 
22 4 0 3 1 3 1 0 2 2 1 1429    0 
22 4 1 3 3 3 1 1 4 4 1  939    0 
22 4 0 1 3 3 0 0 4 4 1  676    0 
22 4 0 0 2 2 0 0 3 3 1 1120    0 
22 4 1 3 1 1 0 0 4 2 0 1506    0 
22 4 0 2 0 0 0 0 1 1 1 1811    0 
22 4 0 3 1 1 0 0 2 2 1  857    0 
22 4 0 0 2 0 1 0 3 3 1  934    1 
22 4 1 3 1 1 0 0 4 4 1 1023    1 
22 4 0 1 1 1 1 1 2 2 1  957    0 
22 4 0 0 0 0 1 1 1 2 0  582    0 
22 4 0 1 3 1 1 0 4 4 1 1611    1 
22 4 0 1 1 3 0 1 2 2 1  954    0 
22 4 0 2 2 2 1 1 3 3 1 2450    0 
22 4 0 3 3 3 1 1 4 4 1 1247    0 
22 4 0 2 0 0 0 0 1 1 1 1196    0 
22 4 0 3 3 1 0 1 4 4 1  924    0 
22 4 0 2 2 0 0 1 3 3 1  766    1 
22 4 0 3 1 1 0 0 2 2 1 1070    0 
22 4 0 1 1 1 1 1 2 2 1  466    1 
22 4 0 2 0 0 0 0 1 1 1  734    0 
