24 1 0 3 2 3 1 0 3 3 1 2520    1 
24 1 0 1 0 3 0 0 1 1 1 1075    1 
24 1 0 1 0 3 0 0 1 1 1  559    1 
24 1 0 1 1 1 1 1 2 2 1  592    0 
24 1 0 0 3 0 1 0 4 4 1  831    1 
24 1 0 2 1 0 0 0 2 2 1 1125    1 
24 1 0 2 1 2 1 0 2 2 1  647    1 
24 1 0 2 2 2 1 1 3 3 1  877    1 
24 1 0 2 1 2 1 0 2 2 1  753    0 
24 1 0 3 3 1 0 1 4 4 1  778    1 
24 1 1 2 2 2 1 1 3 3 1 1410    1 
24 1 0 3 3 3 1 1 4 4 1  697    1 
24 1 1 2 1 0 0 0 3 2 0 2076    1 
24 1 0 0 0 2 0 1 1 1 1 1095    1 
24 1 0 3 2 3 1 0 3 3 1 1282    1 
24 1 1 2 1 2 1 0 3 3 1 2534    0 
24 1 0 0 3 2 0 0 4 4 1 1631    0 
24 1 0 0 3 0 1 0 4 4 1  670    1 
24 1 0 0 3 2 0 0 4 4 1  602    1 
24 1 0 1 1 3 0 1 2 2 1  816    1 
24 1 0 1 1 3 0 1 2 2 1  439    1 
24 1 0 3 3 1 0 1 4 4 1  772    1 
24 1 1 3 3 3 1 1 4 4 1 1260    1 
24 1 0 3 2 1 0 0 3 3 1 1097    1 
24 1 0 2 1 0 0 0 2 1 0  813    1 
24 1 0 0 3 2 0 0 4 4 1  969    0 
24 1 0 2 2 0 0 1 3 3 1  906    1 
24 1 1 1 0 3 0 0 2 2 1 2116    1 
24 1 0 0 0 2 0 1 1 1 1 1143    1 
24 1 1 3 2 1 0 0 4 3 0 1528    1 
24 1 1 0 3 2 0 0 1 4 0 1096    1 
24 1 0 3 3 3 1 1 4 4 1  642    1 
24 1 0 1 0 1 1 0 1 1 1 1015    1 
24 1 0 2 2 2 1 1 3 3 1 1862    1 
24 1 0 1 1 3 0 1 2 2 1  771    1 
24 1 1 0 0 2 0 1 1 1 1 1123    1 
24 1 0 1 1 3 0 1 2 2 1  557    1 
24 1 0 0 3 0 1 0 4 3 0 1158    1 
24 1 0 2 1 2 1 0 2 2 1 1164    1 
24 1 0 1 1 3 0 1 2 2 1  597    1 
24 1 0 3 3 1 0 1 4 2 0 1149    1 
24 1 0 2 1 0 0 0 2 2 1 1252    1 
24 1 0 2 1 2 1 0 2 2 1 1161    1 
24 1 0 1 0 3 0 0 1 1 1  945    1 
24 1 0 1 1 1 1 1 2 2 1  923    1 
24 1 1 2 1 0 0 0 3 3 1 1357    1 
24 1 1 1 1 1 1 1 2 2 1 1670    1 
24 1 0 3 3 1 0 1 4 4 1  714    1 
24 1 1 3 2 1 0 0 4 4 1 1461    1 
24 1 0 3 3 1 0 1 4 4 1  634    1 
24 1 1 0 3 2 0 0 1 1 1 1127    1 
24 1 0 3 2 3 1 0 3 3 1 1233    1 
24 1 1 1 1 3 0 1 2 2 1 1391    1 
24 1 1 2 1 2 1 0 3 2 0  791    1 
24 1 0 2 2 2 1 1 3 3 1  940    1 
24 1 0 0 0 0 1 1 1 1 1 1286    1 
24 1 0 0 0 2 0 1 1 1 1  657    1 
24 1 0 2 1 2 1 0 2 3 0 1822    1 
24 1 0 1 1 3 0 1 2 2 1 1386    1 
24 1 0 3 2 3 1 0 3 3 1  914    0 
24 1 0 1 1 1 1 1 2 2 1  956    1 
24 1 0 2 2 0 0 1 3 3 1 3181    1 
24 1 0 3 2 1 0 0 3 3 1  742    1 
24 1 0 2 2 2 1 1 3 3 1  639    1 
24 1 0 3 3 1 0 1 4 4 1  669    1 
24 1 0 0 0 0 1 1 1 2 0  873    1 
24 1 0 3 3 1 0 1 4 4 1  979    1 
24 1 0 0 3 0 1 0 4 4 1  555    1 
24 1 0 2 2 2 1 1 3 3 1 1220    1 
24 1 1 3 3 1 0 1 4 4 1 1538    1 
24 1 0 0 3 2 0 0 4 4 1  532    1 
24 1 0 0 3 0 1 0 4 4 1  462    1 
24 1 0 0 3 0 1 0 4 4 1  427    0 
24 1 0 0 3 0 1 0 4 4 1  489    1 
24 1 0 3 3 3 1 1 4 4 1  388    1 
24 1 0 1 1 1 1 1 2 2 1  764    1 
24 1 0 3 3 3 1 1 4 4 1  828    1 
24 1 1 2 1 0 0 0 3 3 1 2083    1 
24 1 0 2 1 2 1 0 2 4 0  926    1 
24 1 1 1 1 1 1 1 2 2 1 1702    1 
24 1 1 0 3 0 1 0 1 1 1 1225    1 
24 1 0 2 1 2 1 0 2 3 0 1247    1 
24 1 0 2 2 2 1 1 3 3 1 1179    1 
24 1 0 3 3 3 1 1 4 4 1  507    1 
24 1 0 0 3 0 1 0 4 4 1  518    1 
24 1 1 0 3 0 1 0 1 1 1 1032    1 
24 1 0 0 3 0 1 0 4 4 1  910    1 
24 1 0 1 1 3 0 1 2 2 1  800    1 
24 1 0 2 1 0 0 0 2 2 1  623    1 
24 1 0 2 1 0 0 0 2 2 1  517    1 
24 1 0 0 3 2 0 0 4 4 1 1112    1 
24 1 0 2 1 2 1 0 2 2 1 2674    1 
24 1 0 0 3 0 1 0 4 4 1  903    1 
24 1 1 1 1 3 0 1 2 0 0 5000    1 
24 1 1 1 0 3 0 0 2 2 1 3383    1 
24 1 0 0 0 2 0 1 1 1 1 1054    1 
24 1 0 2 1 2 1 0 2 3 0 1059    1 
24 1 0 3 3 3 1 1 4 4 1  742    1 
24 1 0 3 3 3 1 1 4 4 1  592    1 
24 1 0 0 0 2 0 1 1 1 1  839    1 
24 1 1 1 1 1 1 1 2 2 1  981    0 
24 1 0 3 3 3 1 1 4 4 1  821    1 
24 1 1 1 1 1 1 1 2 2 1 1067    1 
24 1 0 3 3 1 0 1 4 4 1  703    1 
24 1 1 3 3 3 1 1 4 4 1  818    1 
24 1 0 3 2 3 1 0 3 3 1 1408    1 
24 1 0 0 3 0 1 0 4 4 1 1167    1 
24 1 0 3 2 3 1 0 3 3 1 1903    1 
24 1 0 0 3 0 1 0 4 4 1  738    1 
24 1 0 1 0 1 1 0 1 1 1 1211    1 
24 1 1 3 3 3 1 1 4 4 1 1338    1 
24 1 0 0 0 0 1 1 1 2 0 1276    1 
24 1 0 1 1 1 1 1 2 2 1 1494    1 
24 1 0 3 3 1 0 1 4 4 1 1370    1 
24 1 0 0 0 2 0 1 1 1 1  738    1 
24 1 0 1 1 3 0 1 2 2 1  723    1 
24 1 1 0 0 0 1 1 1 1 1  949    1 
24 1 0 3 3 1 0 1 4 4 1  782    1 
24 1 1 3 2 3 1 0 4 4 1 2590    1 
24 1 1 2 1 0 0 0 3 3 1 1885    1 
24 1 1 2 2 0 0 1 3 3 1  793    1 
24 1 0 3 3 1 0 1 4 4 1  680    1 
24 1 0 1 0 3 0 0 1 1 1  701    1 
24 1 0 0 0 2 0 1 1 1 1  503    1 
24 1 0 2 1 0 0 0 2 2 1 1370    1 
24 1 1 2 1 0 0 0 3 3 1 1298    1 
24 1 1 2 2 0 0 1 3 3 1 1206    1 
24 1 1 0 3 2 0 0 1 1 1 1269    0 
24 1 0 2 1 0 0 0 2 3 0 1065    1 
24 1 0 0 0 0 1 1 1 1 1 1195    1 
24 1 0 1 0 1 1 0 1 1 1  691    1 
24 1 0 2 1 0 0 0 2 2 1 2110    1 
24 1 0 1 1 1 1 1 2 2 1  585    1 
24 1 1 1 0 3 0 0 2 1 0  945    1 
24 1 0 1 0 3 0 0 1 1 1  744    1 
24 1 1 3 2 3 1 0 4 4 1 1642    1 
24 1 0 2 2 2 1 1 3 3 1 1359    1 
24 1 0 1 0 1 1 0 1 1 1 2432    1 
24 1 0 2 2 0 0 1 3 3 1 1062    1 
24 1 0 3 2 1 0 0 3 3 1  594    1 
24 1 0 2 1 0 0 0 2 1 0 1074    1 
24 1 0 0 3 2 0 0 4 4 1  772    1 
24 1 0 0 3 2 0 0 4 4 1  340    1 
24 1 1 0 3 2 0 0 1 4 0  382    1 
24 1 0 0 0 0 1 1 1 1 1  571    1 
24 1 0 1 1 1 1 1 2 2 1  659    1 
24 1 1 0 3 2 0 0 1 1 1 1808    0 
24 1 1 3 3 1 0 1 4 4 1  935    1 
24 1 1 1 0 3 0 0 2 2 1 1153    1 
24 1 0 0 3 2 0 0 4 4 1 1617    1 
24 1 1 3 3 1 0 1 4 4 1 1056    1 
24 1 0 1 1 1 1 1 2 2 1 1148    1 
24 1 0 1 0 3 0 0 1 1 1 1542    1 
24 1 1 3 2 3 1 0 4 4 1 2079    1 
24 1 0 1 1 1 1 1 2 2 1 1772    1 
24 1 0 0 3 0 1 0 4 1 0  804    1 
24 1 0 2 1 0 0 0 2 2 1 1393    1 
24 1 0 3 3 3 1 1 4 4 1 1296    1 
24 1 0 3 3 3 1 1 4 4 1  700    1 
24 1 0 0 0 0 1 1 1 1 1 1719    1 
24 1 0 1 0 1 1 0 1 1 1  633    1 
24 1 0 2 2 0 0 1 3 3 1  878    1 
24 1 0 3 2 1 0 0 3 3 1  979    1 
24 1 0 2 2 0 0 1 3 3 1  467    1 
24 1 0 0 3 2 0 0 4 4 1 1359    1 
24 1 0 1 1 3 0 1 2 2 1  744    1 
24 1 0 3 3 3 1 1 4 4 1  897    1 
24 1 0 3 2 3 1 0 3 3 1  901    1 
24 1 0 0 3 2 0 0 4 4 1 1456    1 
24 1 0 1 0 1 1 0 1 1 1  828    1 
24 1 0 1 1 3 0 1 2 2 1  643    1 
24 1 1 3 3 3 1 1 4 4 1 1768    1 
24 1 0 1 0 1 1 0 1 2 0  760    1 
24 1 0 3 3 3 1 1 4 4 1 1143    0 
24 1 0 1 0 1 1 0 1 1 1 1281    1 
24 1 0 2 1 2 1 0 2 2 1 1085    1 
24 1 1 1 0 1 1 0 2 2 1 1048    1 
24 1 1 1 0 1 1 0 2 2 1  526    1 
24 1 1 2 2 2 1 1 3 3 1 1288    1 
24 1 1 3 3 1 0 1 4 4 1  899    1 
24 1 0 0 0 0 1 1 1 1 1  734    1 
24 1 1 0 0 2 0 1 1 1 1  784    1 
24 1 0 2 1 2 1 0 2 2 1 1671    1 
24 1 0 3 2 1 0 0 3 3 1 1203    1 
24 1 0 1 0 3 0 0 1 1 1 1906    1 
24 1 0 2 2 0 0 1 3 3 1 1149    1 
24 1 1 1 1 1 1 1 2 2 1  950    1 
24 1 0 2 2 0 0 1 3 3 1 1199    1 
24 1 0 0 0 2 0 1 1 1 1 1030    1 
24 1 1 2 2 0 0 1 3 3 1 1316    0 
24 1 0 1 1 1 1 1 2 2 1  806    1 
24 1 0 2 2 0 0 1 3 3 1 1157    1 
24 2 0 1 1 2 0 1 2 2 1 1365    1 
24 2 0 1 2 2 0 0 3 3 1 1005    1 
24 2 0 1 2 2 0 0 3 3 1  380    1 
24 2 0 2 2 2 1 1 3 3 1  380    1 
24 2 0 3 0 3 1 0 1 1 1  716    1 
24 2 1 3 3 3 1 1 4 4 1 1271    1 
24 2 0 0 0 0 1 1 1 1 1  523    1 
24 2 1 1 1 1 1 1 2 2 1  829    1 
24 2 0 0 1 0 1 0 2 1 0  467    1 
24 2 0 1 2 2 0 0 3 3 1 1093    1 
24 2 0 0 1 1 0 0 2 2 1 1233    1 
24 2 0 2 3 2 1 0 4 1 0  974    1 
24 2 1 0 1 1 0 0 1 1 1 1084    1 
24 2 0 1 1 1 1 1 2 2 1  632    1 
24 2 0 3 3 0 0 1 4 3 0 1085    1 
24 2 0 1 2 2 0 0 3 3 1 1495    1 
24 2 0 3 3 0 0 1 4 4 1  634    1 
24 2 0 3 0 0 0 0 1 1 1  880    1 
24 2 0 1 1 1 1 1 2 2 1  556    1 
24 2 1 1 1 1 1 1 2 2 1  469    1 
24 2 0 3 0 0 0 0 1 1 1 1265    0 
24 2 0 0 0 1 0 1 1 1 1  630    1 
24 2 1 2 2 3 0 1 3 3 1 1236    1 
24 2 0 1 2 2 0 0 3 3 1  890    1 
24 2 0 0 1 1 0 0 2 2 1  885    1 
24 2 0 3 0 3 1 0 1 1 1 1065    1 
24 2 0 2 3 2 1 0 4 4 1 1149    1 
24 2 0 3 0 0 0 0 1 1 1  790    1 
24 2 1 3 3 3 1 1 4 4 1  854    1 
24 2 0 2 3 3 0 0 4 4 1  403    1 
24 2 0 1 2 2 0 0 3 3 1 1009    1 
24 2 0 3 0 3 1 0 1 1 1  672    1 
24 2 0 2 2 3 0 1 3 3 1  708    1 
24 2 1 0 0 1 0 1 1 1 1  671    1 
24 2 1 2 3 2 1 0 3 3 1 1739    1 
24 2 0 3 3 0 0 1 4 3 0  653    1 
24 2 1 1 1 1 1 1 2 2 1  960    1 
24 2 0 3 3 3 1 1 4 4 1 1000    1 
24 2 0 0 0 1 0 1 1 1 1  631    1 
24 2 0 3 0 3 1 0 1 1 1  533    1 
24 2 0 2 3 2 1 0 4 4 1 1607    0 
24 2 1 1 2 1 1 0 2 2 1 1054    1 
24 2 0 2 2 2 1 1 3 3 1 1459    1 
24 2 0 2 2 3 0 1 3 3 1  431    1 
24 2 0 3 0 3 1 0 1 2 0  870    1 
24 2 0 2 3 3 0 0 4 4 1 1816    1 
24 2 0 3 0 0 0 0 1 1 1  742    1 
24 2 1 1 1 2 0 1 2 2 1 1128    1 
24 2 0 2 2 2 1 1 3 3 1 1194    1 
24 2 0 2 3 2 1 0 4 4 1  625    1 
24 2 0 1 1 1 1 1 2 2 1  711    0 
24 2 0 2 2 2 1 1 3 3 1  978    1 
24 2 1 1 1 2 0 1 2 2 1 1274    1 
24 2 1 1 2 1 1 0 2 2 1 1071    1 
24 2 1 0 1 1 0 0 1 2 0 4355    1 
24 2 0 2 2 2 1 1 3 3 1 2058    1 
24 2 1 1 1 1 1 1 2 2 1 1079    1 
24 2 0 2 2 3 0 1 3 3 1  795    1 
24 2 0 2 3 2 1 0 4 4 1 1451    1 
24 2 1 3 3 3 1 1 4 4 1  839    1 
24 2 0 2 2 2 1 1 3 3 1 1685    1 
24 2 1 1 2 2 0 0 2 3 0 1536    1 
24 2 1 3 3 0 0 1 4 4 1 1920    1 
24 2 0 1 2 2 0 0 3 3 1 1858    1 
24 2 0 0 1 1 0 0 2 2 1 2359    1 
24 2 0 2 2 3 0 1 3 3 1  696    1 
24 2 0 2 3 3 0 0 4 4 1  612    1 
24 2 0 1 2 2 0 0 3 3 1 1266    1 
24 2 0 1 2 2 0 0 3 3 1  463    1 
24 2 0 0 1 1 0 0 2 2 1  875    1 
24 2 0 0 1 0 1 0 2 2 1 1320    1 
24 2 1 1 1 1 1 1 2 2 1  938    1 
24 2 1 1 2 2 0 0 2 3 0 1523    1 
24 2 0 0 0 0 1 1 1 1 1 1451    1 
24 2 0 1 1 2 0 1 2 2 1  752    1 
24 2 0 3 0 0 0 0 1 1 1 1049    1 
24 2 0 0 0 0 1 1 1 1 1  486    1 
24 2 1 2 2 2 1 1 3 3 1 1201    1 
24 2 1 0 1 0 1 0 1 1 1  904    1 
24 2 0 1 2 1 1 0 3 3 1 1243    1 
24 2 0 0 1 0 1 0 2 2 1 1457    1 
24 2 0 0 1 0 1 0 2 2 1  493    1 
24 2 0 3 0 0 0 0 1 1 1 1305    1 
24 2 0 1 2 2 0 0 3 3 1  924    1 
24 2 1 2 3 3 0 0 3 2 0 2270    1 
24 2 1 2 2 2 1 1 3 3 1  984    1 
24 2 0 1 1 1 1 1 2 2 1  872    1 
24 2 0 0 1 0 1 0 2 2 1  524    1 
24 2 1 3 0 3 1 0 4 4 1 1966    1 
24 2 0 0 0 0 1 1 1 1 1 1374   47 
24 2 0 0 0 1 0 1 1 1 1  446    1 
24 2 0 1 2 1 1 0 3 3 1 1140    1 
24 2 1 1 1 2 0 1 2 2 1 1413    1 
24 2 0 3 3 3 1 1 4 3 0  780    1 
24 2 0 1 1 2 0 1 2 2 1  658    1 
24 2 0 2 3 3 0 0 4 4 1 1671    1 
24 2 0 0 1 1 0 0 2 2 1  948    1 
24 2 0 2 3 3 0 0 4 4 1  925    1 
24 2 0 3 3 3 1 1 4 4 1  423    1 
24 2 0 0 1 0 1 0 2 2 1  717    1 
24 2 0 0 1 1 0 0 2 2 1  479    1 
24 2 0 2 2 2 1 1 3 3 1  820    1 
24 2 1 3 0 0 0 0 4 1 0 1122    1 
24 2 0 3 3 0 0 1 4 4 1  762    1 
24 2 0 2 2 2 1 1 3 3 1 1107    0 
24 2 0 1 2 2 0 0 3 3 1  502    1 
24 2 1 2 3 2 1 0 3 3 1 1344    1 
24 2 0 0 1 1 0 0 2 2 1 1026    1 
24 2 0 0 1 0 1 0 2 2 1  792    1 
24 2 0 1 1 2 0 1 2 2 1  472    1 
24 2 0 1 1 2 0 1 2 2 1  484    1 
24 2 0 3 3 3 1 1 4 4 1  919    1 
24 2 0 2 3 2 1 0 4 4 1  353    1 
24 2 0 0 0 0 1 1 1 1 1  882    0 
24 2 1 0 0 0 1 1 1 1 1  598    1 
24 2 0 3 3 0 0 1 4 4 1  829    1 
24 2 0 3 3 0 0 1 4 4 1  443    1 
24 2 0 0 1 1 0 0 2 2 1 1521    1 
24 2 0 1 1 1 1 1 2 2 1  547    1 
24 2 0 3 3 3 1 1 4 4 1 1204    1 
24 2 0 2 3 3 0 0 4 4 1  371    1 
24 2 0 0 1 0 1 0 2 2 1 1739    1 
24 2 1 1 2 1 1 0 2 2 1 1037    1 
24 2 0 2 2 3 0 1 3 3 1 1034    1 
24 2 0 2 3 2 1 0 4 4 1  952    1 
24 2 0 0 0 0 1 1 1 1 1 1673    1 
24 2 0 1 2 2 0 0 3 3 1  885    1 
24 2 0 3 3 3 1 1 4 4 1  624    1 
24 2 1 3 0 3 1 0 4 1 0 1015    1 
24 2 0 2 2 3 0 1 3 3 1  683    1 
24 2 0 0 0 0 1 1 1 1 1  918    1 
24 2 0 2 3 3 0 0 4 4 1  976    1 
24 2 0 1 2 1 1 0 3 3 1 1425    1 
24 2 0 1 2 2 0 0 3 3 1 1615    0 
24 2 0 3 3 3 1 1 4 4 1 1430    1 
24 2 0 3 3 3 1 1 4 4 1  572    1 
24 2 0 0 0 1 0 1 1 1 1 1196    1 
24 2 0 1 2 2 0 0 3 2 0  636    1 
24 2 0 3 3 0 0 1 4 4 1  671    1 
24 2 1 2 2 3 0 1 3 3 1 1827    1 
24 2 1 3 3 3 1 1 4 4 1  729    1 
24 2 0 0 0 0 1 1 1 1 1 1252    1 
24 2 0 2 3 3 0 0 4 4 1  752    1 
24 2 0 1 2 2 0 0 3 3 1 1209    1 
24 2 0 2 2 3 0 1 3 3 1  496    1 
24 2 0 0 1 1 0 0 2 2 1 1132    1 
24 2 0 3 0 3 1 0 1 1 1 1526    1 
24 2 1 3 3 3 1 1 4 4 1  920    1 
24 2 0 0 0 0 1 1 1 1 1  634    1 
24 2 0 2 2 3 0 1 3 3 1  864    1 
24 2 1 0 0 1 0 1 1 1 1 2476    1 
24 2 0 0 0 1 0 1 1 1 1  433    0 
24 2 0 2 3 3 0 0 4 4 1  894    1 
24 2 0 1 1 1 1 1 2 2 1  674    1 
24 2 1 3 0 3 1 0 4 4 1 1366    1 
24 2 0 1 2 1 1 0 3 3 1 2294    1 
24 2 1 0 0 0 1 1 1 1 1 1626    1 
24 2 0 3 0 3 1 0 1 1 1 1096    1 
24 2 0 2 3 3 0 0 4 4 1 1307    1 
24 2 0 1 1 1 1 1 2 2 1 1222    1 
24 2 0 3 3 3 1 1 4 4 1 1292    1 
24 2 0 2 3 3 0 0 4 4 1 1096    1 
24 2 0 2 2 3 0 1 3 3 1 1635    1 
24 2 0 0 0 0 1 1 1 2 0  977    1 
24 2 1 2 2 2 1 1 3 3 1 1479    1 
24 2 0 2 3 2 1 0 4 4 1  875    1 
24 2 1 3 0 0 0 0 4 2 0 1112    1 
24 2 0 0 0 1 0 1 1 1 1  760    1 
24 2 0 0 1 1 0 0 2 2 1 1113    1 
24 2 1 3 0 0 0 0 4 4 1  900    1 
24 2 0 3 3 0 0 1 4 4 1  615    1 
24 2 0 2 2 2 1 1 3 3 1 1286    1 
24 2 1 1 1 2 0 1 2 2 1  913    1 
24 2 1 2 3 2 1 0 3 3 1 1524    1 
24 2 0 3 0 0 0 0 1 1 1  982    1 
24 2 0 1 1 1 1 1 2 2 1  702    1 
24 2 0 0 0 0 1 1 1 2 0  713    1 
24 2 0 0 0 1 0 1 1 1 1  849    1 
24 2 1 3 0 0 0 0 4 4 1  934    1 
24 2 0 3 3 0 0 1 4 4 1  616    1 
24 2 0 3 0 3 1 0 1 1 1 1198    1 
24 2 0 0 1 0 1 0 2 2 1 1781   81 
24 2 1 0 1 1 0 0 1 1 1 2406    1 
24 2 1 3 0 3 1 0 4 4 1 1677    1 
24 2 0 0 0 1 0 1 1 1 1  865    1 
24 2 1 2 3 2 1 0 3 3 1 1790    1 
24 2 1 0 0 1 0 1 1 1 1  653    1 
24 2 1 1 1 1 1 1 2 2 1  602    1 
24 2 0 1 2 1 1 0 3 3 1 1681   52 
24 2 0 0 0 1 0 1 1 1 1  741    1 
24 2 0 3 0 3 1 0 1 1 1 1471    1 
24 2 0 2 2 3 0 1 3 3 1  875    1 
24 3 0 0 0 3 0 1 1 3 0  704    1 
24 3 0 3 1 2 0 0 2 3 0  225    1 
24 3 0 3 3 3 1 1 4 4 1  773    1 
24 3 0 1 1 1 1 1 2 2 1  653    1 
24 3 0 1 3 0 0 0 4 4 1 1410    1 
24 3 0 2 2 2 1 1 3 3 1  641   11 
24 3 0 2 0 2 1 0 1 1 1  847  209 
24 3 1 3 3 3 1 1 4 4 1  852   11 
24 3 0 0 2 0 1 0 3 1 0  577    1 
24 3 1 0 2 3 0 0 1 1 1 1535    1 
24 3 0 2 0 2 1 0 1 1 1 1793    1 
24 3 0 2 0 1 0 0 1 1 1  448    1 
24 3 0 1 1 0 0 1 2 2 1  606    1 
24 3 1 1 1 1 1 1 2 2 1  996    1 
24 3 1 0 0 3 0 1 1 1 1  708    0 
24 3 1 2 0 2 1 0 3 1 0 1831    1 
24 3 0 1 3 1 1 0 4 4 1 1147  143 
24 3 0 1 3 0 0 0 4 4 1  437    1 
24 3 0 2 2 2 1 1 3 3 1  522    1 
24 3 1 0 0 0 1 1 1 1 1  724    1 
24 3 0 2 2 1 0 1 3 3 1  878    1 
24 3 1 2 2 1 0 1 3 3 1  778    1 
24 3 0 1 1 0 0 1 2 2 1  939    0 
24 3 0 0 2 0 1 0 3 3 1  588    1 
24 3 0 3 1 2 0 0 2 2 1 1956    1 
24 3 0 2 2 2 1 1 3 3 1  660    1 
24 3 1 3 3 2 0 1 4 4 1  641    1 
24 3 0 0 2 3 0 0 3 3 1 1047    0 
24 3 0 1 3 0 0 0 4 4 1 1348    1 
24 3 1 0 0 0 1 1 1 1 1  806    0 
24 3 0 2 2 2 1 1 3 3 1  741    1 
24 3 1 0 2 3 0 0 1 3 0  646   37 
24 3 0 1 3 0 0 0 4 4 1  890    1 
24 3 1 1 3 1 1 0 2 4 0  517    1 
24 3 0 3 1 3 1 0 2 4 0  885    0 
24 3 0 1 1 1 1 1 2 2 1 1143    1 
24 3 1 1 3 0 0 0 2 4 0 1312    1 
24 3 0 2 0 2 1 0 1 3 0 1081    1 
24 3 0 3 1 2 0 0 2 2 1 1395    1 
24 3 0 2 2 1 0 1 3 3 1  802    1 
24 3 0 1 1 0 0 1 2 3 0  753    1 
24 3 0 2 0 1 0 0 1 1 1  856    1 
24 3 0 0 2 3 0 0 3 3 1 1741    1 
24 3 0 1 1 0 0 1 2 2 1 1070    1 
24 3 1 1 1 1 1 1 2 2 1  626    1 
24 3 0 0 0 0 1 1 1 1 1 1320    1 
24 3 0 3 3 2 0 1 4 4 1  787    0 
24 3 0 0 2 3 0 0 3 3 1  578   73 
24 3 1 2 2 2 1 1 3 3 1  858    1 
24 3 0 1 1 0 0 1 2 2 1  735    1 
24 3 0 3 3 3 1 1 4 4 1 1001    1 
24 3 1 0 0 3 0 1 1 1 1 1151    1 
24 3 0 3 3 3 1 1 4 4 1  680    1 
24 3 1 0 2 0 1 0 1 3 0 2508    1 
24 3 0 1 3 1 1 0 4 4 1 1181    1 
24 3 0 0 0 3 0 1 1 1 1  710    1 
24 3 0 3 3 3 1 1 4 4 1 1448    1 
24 3 1 2 2 2 1 1 3 3 1 1014    1 
24 3 0 1 1 0 0 1 2 2 1 1205    1 
24 3 0 3 1 3 1 0 2 2 1  964    1 
24 3 0 0 2 3 0 0 3 3 1 1837    1 
24 3 1 0 0 3 0 1 1 1 1 1338    1 
24 3 0 3 1 2 0 0 2 2 1  868    1 
24 3 0 3 3 3 1 1 4 4 1 1696    1 
24 3 0 1 3 0 0 0 4 4 1  387    1 
24 3 0 2 0 2 1 0 1 1 1 1099    1 
24 3 0 1 3 0 0 0 4 4 1 1134    1 
24 3 0 3 3 3 1 1 4 4 1  631    1 
24 3 0 3 3 3 1 1 4 4 1  261    1 
24 3 0 3 1 2 0 0 2 1 0  634    1 
24 3 0 2 2 1 0 1 3 3 1  710    1 
24 3 1 1 3 0 0 0 2 2 1 1312    1 
24 3 0 0 2 3 0 0 3 3 1  859    1 
24 3 1 3 3 3 1 1 4 4 1  912    1 
24 3 1 3 3 3 1 1 4 4 1  435    1 
24 3 0 3 3 3 1 1 4 4 1  472    1 
24 3 1 0 0 0 1 1 1 1 1  980    1 
24 3 0 3 1 3 1 0 2 2 1  789    1 
24 3 0 2 0 2 1 0 1 1 1 1148    1 
24 3 0 2 0 2 1 0 1 1 1  438    0 
24 3 1 0 2 0 1 0 1 1 1  875    1 
24 3 0 0 2 0 1 0 3 1 0  575    1 
24 3 0 3 3 2 0 1 4 4 1  677    1 
24 3 1 0 2 0 1 0 1 1 1  857    1 
24 3 0 3 1 2 0 0 2 2 1 1310    1 
24 3 0 3 3 2 0 1 4 4 1  865    0 
24 3 0 3 1 3 1 0 2 2 1  854    1 
24 3 0 2 0 1 0 0 1 1 1 1467    1 
24 3 0 2 2 1 0 1 3 3 1  727    1 
24 3 1 3 3 2 0 1 4 4 1 1289    1 
24 3 0 1 1 1 1 1 2 2 1  629    1 
24 3 1 1 3 1 1 0 2 2 1 1891    1 
24 3 1 0 2 0 1 0 1 1 1 1118   24 
24 3 0 0 0 3 0 1 1 1 1  953    1 
24 3 0 2 0 1 0 0 1 1 1  425    1 
24 3 0 1 1 0 0 1 2 2 1  656    1 
24 3 1 3 1 3 1 0 4 4 1 1540    1 
24 3 0 2 0 1 0 0 1 1 1 1126    1 
24 3 0 0 0 3 0 1 1 1 1  528    1 
24 3 1 0 2 0 1 0 1 1 1 1586    1 
24 3 0 3 1 3 1 0 2 2 1  778    1 
24 3 0 2 0 2 1 0 1 1 1 1410    0 
24 3 1 2 2 2 1 1 3 3 1 1353    1 
24 3 0 1 3 0 0 0 4 4 1 1218    1 
24 3 0 2 2 1 0 1 3 2 0 1872    1 
24 3 0 1 1 1 1 1 2 2 1  762    1 
24 3 1 2 0 2 1 0 3 1 0 1227    1 
24 3 0 0 0 3 0 1 1 1 1  607    1 
24 3 1 3 3 2 0 1 4 4 1 1558    1 
24 3 0 1 1 1 1 1 2 2 1  815    1 
24 3 0 2 0 1 0 0 1 2 0  390    8 
24 3 0 1 3 0 0 0 4 4 1  659    1 
24 3 0 0 2 3 0 0 3 3 1 1512    1 
24 3 0 2 2 2 1 1 3 3 1  467    0 
24 3 0 1 1 1 1 1 2 2 1  623    1 
24 3 0 2 2 2 1 1 3 3 1  749    1 
24 3 0 1 1 1 1 1 2 2 1  718    1 
24 3 0 1 3 0 0 0 4 4 1  832    1 
24 3 1 1 3 1 1 0 2 4 0  526    1 
24 3 1 0 2 3 0 0 1 1 1  774    1 
24 3 0 0 0 0 1 1 1 1 1  766   56 
24 3 0 2 0 1 0 0 1 1 1  422    1 
24 3 0 2 0 1 0 0 1 1 1  372    1 
24 3 1 0 2 3 0 0 1 1 1  852    1 
24 3 0 0 0 3 0 1 1 1 1  401    1 
24 3 0 3 1 2 0 0 2 2 1 1008    1 
24 3 0 3 3 2 0 1 4 4 1  575    0 
24 3 0 3 1 3 1 0 2 2 1  999    1 
24 3 0 3 1 3 1 0 2 2 1  438    1 
24 3 0 3 3 3 1 1 4 4 1  531    1 
24 3 0 1 3 1 1 0 4 4 1  829    1 
24 3 1 0 2 0 1 0 1 1 1 1267    1 
24 3 0 3 3 3 1 1 4 4 1 1288    1 
24 3 0 2 2 1 0 1 3 3 1  763    1 
24 3 0 0 0 0 1 1 1 1 1 1852    0 
24 3 1 3 1 2 0 0 4 2 0 2057    1 
24 3 0 1 1 1 1 1 2 2 1 2180    1 
24 3 0 2 2 2 1 1 3 3 1  748    1 
24 3 1 0 2 0 1 0 1 3 0 1006    1 
24 3 0 3 3 3 1 1 4 4 1  370    1 
24 3 0 2 0 1 0 0 1 1 1 1018    1 
24 3 0 0 2 0 1 0 3 3 1 1889    1 
24 3 0 1 3 1 1 0 4 1 0 1612    0 
24 3 0 1 1 1 1 1 2 2 1  841    1 
24 3 0 2 0 2 1 0 1 1 1 1207   76 
24 3 0 2 2 1 0 1 3 3 1 1357    1 
24 3 0 2 0 1 0 0 1 1 1 1974    1 
24 3 1 3 3 3 1 1 4 4 1  735    1 
24 3 0 1 1 0 0 1 2 2 1  832    1 
24 3 0 0 2 3 0 0 3 1 0  622    1 
24 3 1 3 3 2 0 1 4 4 1  978    1 
24 3 0 2 2 2 1 1 3 3 1  914    1 
24 3 1 1 1 0 0 1 2 2 1 1461    1 
24 3 0 0 2 3 0 0 3 1 0  610    1 
24 3 0 0 0 3 0 1 1 1 1  646    7 
24 3 1 1 1 0 0 1 2 2 1  844    1 
24 3 0 1 3 1 1 0 4 4 1  881    7 
24 3 1 3 1 2 0 0 4 2 0 1334    1 
24 3 0 2 0 2 1 0 1 1 1 1173    1 
24 3 0 1 3 0 0 0 4 3 0  765    0 
24 3 1 0 0 0 1 1 1 1 1  747    1 
24 3 0 0 0 0 1 1 1 1 1  405    1 
24 3 0 2 2 2 1 1 3 3 1  916    1 
24 3 0 1 3 0 0 0 4 4 1  966    1 
24 3 0 3 1 2 0 0 2 2 1 1358    1 
24 3 0 0 0 3 0 1 1 1 1  623    1 
24 3 0 3 1 2 0 0 2 1 0  725    1 
24 3 0 3 3 2 0 1 4 4 1  645    1 
24 3 0 2 2 2 1 1 3 3 1  787    1 
24 3 0 3 1 2 0 0 2 2 1 1282    1 
24 3 0 0 2 3 0 0 3 3 1 1406    1 
24 3 0 1 3 0 0 0 4 4 1  533    1 
24 3 1 2 2 1 0 1 3 3 1  758    1 
24 3 0 0 0 3 0 1 1 1 1  734    1 
24 3 0 0 0 0 1 1 1 1 1 1208    1 
24 3 0 0 2 0 1 0 3 3 1 1087    1 
24 3 0 0 0 0 1 1 1 1 1  802    1 
24 3 0 2 0 2 1 0 1 1 1  609    1 
24 3 0 2 0 2 1 0 1 1 1  544    1 
24 3 0 2 0 2 1 0 1 1 1  449    1 
24 3 0 1 3 0 0 0 4 4 1  758    1 
24 3 1 3 1 2 0 0 4 4 1 1503    1 
24 3 0 3 3 3 1 1 4 4 1  562    1 
24 3 0 1 3 0 0 0 4 4 1  610    1 
24 3 0 1 1 0 0 1 2 2 1  753    1 
24 3 0 3 3 3 1 1 4 4 1  602   91 
24 3 0 1 3 0 0 0 4 4 1  481    1 
24 3 0 0 0 3 0 1 1 1 1  637    1 
24 3 1 1 1 0 0 1 2 2 1 1162    1 
24 3 0 2 2 2 1 1 3 3 1  699    1 
24 3 0 3 3 3 1 1 4 4 1  670    1 
24 3 1 2 0 2 1 0 3 3 1 1746    1 
24 4 0 3 3 2 0 1 4 4 1 1987    1 
24 4 0 2 2 2 1 1 3 3 1  731    1 
24 4 0 2 1 2 1 0 2 3 0 1157    1 
24 4 1 0 0 0 1 1 1 1 1 1028    1 
24 4 0 2 2 1 0 1 3 4 0 1034    1 
24 4 0 3 3 3 1 1 4 4 1  477    1 
24 4 0 2 2 2 1 1 3 3 1  689    0 
24 4 1 1 1 1 1 1 2 2 1  749    1 
24 4 1 1 0 1 1 0 2 1 0  710    1 
24 4 0 0 0 3 0 1 1 1 1  582    1 
24 4 1 2 1 2 1 0 3 3 1 1574    1 
24 4 0 0 3 3 0 0 4 4 1  694    1 
24 4 0 1 1 0 0 1 2 2 1 1754    1 
24 4 0 2 1 2 1 0 2 2 1  411    1 
24 4 0 3 2 3 1 0 3 3 1  841    1 
24 4 0 3 3 2 0 1 4 4 1 1247    1 
24 4 0 3 2 3 1 0 3 3 1 1140    1 
24 4 0 3 2 3 1 0 3 3 1  438    1 
24 4 0 1 0 1 1 0 1 1 1  723    1 
24 4 0 0 0 0 1 1 1 1 1 1317    1 
24 4 0 1 1 1 1 1 2 1 0  528    1 
24 4 1 3 3 3 1 1 4 4 1  736    1 
24 4 0 1 1 0 0 1 2 2 1  945    1 
24 4 0 2 2 1 0 1 3 4 0  587   44 
24 4 0 2 1 1 0 0 2 2 1  648    1 
24 4 0 3 3 3 1 1 4 4 1  662    1 
24 4 0 1 0 1 1 0 1 1 1  683    0 
24 4 1 3 3 3 1 1 4 4 1  766    1 
24 4 0 3 3 3 1 1 4 4 1  374    1 
24 4 0 1 0 0 0 0 1 1 1  758    0 
24 4 0 1 1 1 1 1 2 2 1  703    1 
24 4 0 2 1 2 1 0 2 2 1 1930    4 
24 4 0 1 1 1 1 1 2 2 1  532    1 
24 4 0 2 1 2 1 0 2 2 1  438    1 
24 4 0 1 0 1 1 0 1 1 1  907    1 
24 4 1 0 0 3 0 1 1 1 1  478    1 
24 4 0 0 3 3 0 0 4 4 1  658    1 
24 4 0 1 1 0 0 1 2 2 1  783    1 
24 4 0 2 1 2 1 0 2 2 1  742    1 
24 4 0 0 3 0 1 0 4 4 1  720    1 
24 4 1 1 0 1 1 0 2 2 1 1322    1 
24 4 0 1 1 0 0 1 2 2 1  684    1 
24 4 0 3 3 2 0 1 4 4 1  544    1 
24 4 0 3 2 3 1 0 3 3 1  673    1 
24 4 0 0 3 3 0 0 4 4 1  333    1 
24 4 1 0 0 3 0 1 1 1 1 1047    1 
24 4 0 3 3 2 0 1 4 4 1  580    1 
24 4 0 0 0 3 0 1 1 2 0  948    1 
24 4 0 1 1 1 1 1 2 2 1 1099    1 
24 4 1 3 2 3 1 0 4 3 0  422    1 
24 4 1 0 3 3 0 0 1 1 1 1162    1 
24 4 0 3 3 2 0 1 4 4 1  851    1 
24 4 0 0 3 0 1 0 4 4 1  560    1 
24 4 0 0 3 3 0 0 4 4 1  377    1 
24 4 0 2 1 1 0 0 2 2 1 1041    1 
24 4 0 0 0 0 1 1 1 1 1 1726    1 
24 4 0 3 3 3 1 1 4 4 1  584    1 
24 4 0 2 2 1 0 1 3 3 1  640    1 
24 4 0 0 0 3 0 1 1 2 0 1005    1 
24 4 0 0 0 0 1 1 1 1 1  970    1 
24 4 0 0 0 0 1 1 1 1 1  442    1 
24 4 0 1 0 1 1 0 1 1 1  376    1 
24 4 0 2 1 1 0 0 2 2 1  896    1 
24 4 0 2 2 1 0 1 3 3 1  500    1 
24 4 0 3 3 3 1 1 4 4 1  334    1 
24 4 0 1 1 0 0 1 2 2 1 1400    1 
24 4 0 3 3 2 0 1 4 4 1  591    1 
24 4 0 1 1 1 1 1 2 2 1  838    1 
24 4 0 3 3 2 0 1 4 4 1  836    1 
24 4 1 3 3 2 0 1 4 4 1 1217    1 
24 4 1 0 0 0 1 1 1 1 1  919    1 
24 4 0 3 2 2 0 0 3 3 1 1433    1 
24 4 0 3 2 2 0 0 3 3 1  447    1 
24 4 0 1 1 1 1 1 2 4 0  732    1 
24 4 1 2 1 2 1 0 3 3 1 1076    1 
24 4 0 0 3 0 1 0 4 4 1  984    1 
24 4 1 3 3 3 1 1 4 4 1  408    1 
24 4 0 0 3 3 0 0 4 1 0 1062    1 
24 4 0 1 1 1 1 1 2 4 0 1345    1 
24 4 0 2 1 1 0 0 2 2 1  849    1 
24 4 0 2 2 2 1 1 3 3 1  750    1 
24 4 1 1 1 0 0 1 2 2 1 1414    1 
24 4 1 0 0 0 1 1 1 1 1  989    1 
24 4 1 3 2 2 0 0 4 4 1  981    1 
24 4 0 1 1 0 0 1 2 2 1  973    0 
24 4 0 1 1 0 0 1 2 2 1  485    1 
24 4 1 1 1 0 0 1 2 2 1  497    1 
24 4 0 3 2 3 1 0 3 3 1 1700    0 
24 4 1 2 2 2 1 1 3 3 1  943    1 
24 4 0 3 2 2 0 0 3 3 1  505    1 
24 4 1 3 3 2 0 1 4 4 1  931    1 
24 4 0 0 0 3 0 1 1 1 1  637    1 
24 4 1 0 0 3 0 1 1 1 1  379    1 
24 4 1 1 1 1 1 1 2 2 1  923    1 
24 4 0 2 2 1 0 1 3 3 1  821    1 
24 4 1 3 2 3 1 0 4 4 1 1011    1 
24 4 0 3 2 2 0 0 3 3 1  538    1 
24 4 0 3 3 2 0 1 4 4 1  524    1 
24 4 1 3 3 2 0 1 4 4 1 1070    1 
24 4 0 1 1 1 1 1 2 2 1  778    1 
24 4 0 1 0 1 1 0 1 1 1  586    1 
24 4 0 2 2 2 1 1 3 3 1  690    1 
24 4 1 3 2 3 1 0 4 4 1 1117    1 
24 4 0 1 1 1 1 1 2 2 1  839    1 
24 4 1 2 2 1 0 1 3 3 1 1093    1 
24 4 0 2 1 1 0 0 2 2 1  896    1 
24 4 1 0 0 0 1 1 1 1 1  868    1 
24 4 1 2 1 1 0 0 3 3 1 1856    1 
24 4 0 2 2 1 0 1 3 2 0  717    1 
24 4 0 0 3 0 1 0 4 4 1 1773    1 
24 4 0 3 3 2 0 1 4 4 1  549    1 
24 4 0 1 0 1 1 0 1 1 1  806    1 
24 4 0 2 1 2 1 0 2 2 1 1141    1 
24 4 0 3 2 2 0 0 3 3 1  798    1 
24 4 0 0 0 0 1 1 1 1 1 1230    1 
24 4 1 1 0 1 1 0 2 2 1 1236    1 
24 4 0 2 2 2 1 1 3 3 1  890    1 
24 4 0 2 1 1 0 0 2 2 1 1181    0 
24 4 1 0 3 3 0 0 1 1 1 1461    1 
24 4 0 0 3 3 0 0 4 4 1  954    0 
24 4 0 0 3 0 1 0 4 4 1  971    1 
24 4 0 1 1 1 1 1 2 2 1  707    1 
24 4 0 3 2 3 1 0 3 3 1  910    1 
24 4 1 1 1 0 0 1 2 2 1 1225    1 
24 4 0 3 2 2 0 0 3 3 1  855    1 
24 4 0 3 2 2 0 0 3 3 1  676    1 
24 4 0 2 1 1 0 0 2 2 1 1088    1 
24 4 0 0 0 0 1 1 1 2 0  563    1 
24 4 0 1 0 0 0 0 1 1 1 1426    1 
24 4 0 0 0 3 0 1 1 1 1  640    1 
24 4 0 0 3 3 0 0 4 4 1 1742    1 
24 4 0 3 3 3 1 1 4 4 1  367    1 
24 4 0 1 0 1 1 0 1 2 0  752    1 
24 4 0 2 1 2 1 0 2 2 1  910    1 
24 4 0 3 3 2 0 1 4 4 1  825    1 
24 4 1 3 2 2 0 0 4 4 1 1455    1 
24 4 0 0 0 0 1 1 1 1 1  668    1 
24 4 1 1 0 1 1 0 2 2 1 1896    1 
24 4 0 2 2 2 1 1 3 3 1  700    1 
24 4 1 2 1 1 0 0 3 3 1 2071    1 
24 4 0 0 3 3 0 0 4 4 1 2323    1 
24 4 1 1 0 1 1 0 2 2 1 1165    1 
24 4 0 3 2 2 0 0 3 3 1  757    1 
24 4 0 1 1 1 1 1 2 2 1  766    1 
24 4 0 2 1 1 0 0 2 2 1 1214    1 
24 4 0 0 3 3 0 0 4 4 1  837    1 
24 4 0 2 1 2 1 0 2 4 0  427    1 
24 4 1 2 1 1 0 0 3 3 1 1511    1 
24 4 0 2 2 1 0 1 3 3 1  954    1 
24 4 1 3 3 3 1 1 4 4 1  955    1 
24 4 1 1 0 1 1 0 2 1 0  996    1 
24 4 0 2 2 1 0 1 3 3 1  809    1 
24 4 1 2 1 1 0 0 3 3 1 1512    0 
24 4 1 0 0 0 1 1 1 1 1  819    1 
24 4 0 1 0 1 1 0 1 1 1 1281    0 
24 4 0 3 2 2 0 0 3 3 1  813    1 
24 4 0 0 3 3 0 0 4 4 1 1572    1 
24 4 0 2 1 1 0 0 2 2 1  948    1 
24 4 0 3 2 3 1 0 3 3 1  782    1 
24 4 0 0 3 3 0 0 4 4 1 1086    1 
24 4 0 3 2 2 0 0 3 3 1  785    1 
24 4 0 1 0 1 1 0 1 1 1 1393    1 
24 4 1 1 1 1 1 1 2 2 1  792    1 
24 4 1 0 0 0 1 1 1 1 1 1568    1 
24 4 1 0 0 0 1 1 1 1 1 1376    1 
24 4 0 2 2 1 0 1 3 3 1 1136    1 
24 4 0 2 2 2 1 1 3 3 1  722    1 
24 4 0 2 2 2 1 1 3 3 1 1100    1 
24 4 0 1 0 0 0 0 1 1 1 1175    1 
24 4 0 0 3 0 1 0 4 4 1 1455    1 
24 4 1 0 0 3 0 1 1 1 1  900    1 
24 4 0 0 0 0 1 1 1 1 1  911    1 
24 4 0 1 1 0 0 1 2 2 1 1169    1 
24 4 0 2 2 1 0 1 3 3 1 1058    1 
24 4 1 3 2 3 1 0 4 3 0  662    1 
24 4 0 3 2 2 0 0 3 3 1  833    1 
24 4 0 3 2 2 0 0 3 3 1  479    1 
24 4 0 0 0 3 0 1 1 1 1 1659    1 
24 4 0 1 0 0 0 0 1 1 1  704    1 
24 4 0 2 1 2 1 0 2 1 0  627    1 
24 4 1 2 1 2 1 0 3 2 0 1487    1 
24 4 0 0 3 0 1 0 4 4 1 2184    1 
24 4 0 1 0 0 0 0 1 1 1 1288    1 
24 4 0 2 1 1 0 0 2 2 1 1339    1 
24 4 0 0 3 3 0 0 4 4 1 1005    1 
24 4 0 0 0 3 0 1 1 1 1  668    1 
24 4 0 1 0 1 1 0 1 1 1 1112    1 
24 4 1 0 3 3 0 0 1 1 1 1051    1 
24 4 0 1 0 0 0 0 1 1 1 1272    1 
24 4 0 1 1 1 1 1 2 2 1  652    1 
24 4 0 2 2 1 0 1 3 3 1  713    1 
24 4 0 2 1 2 1 0 2 2 1  979    1 
