4 1 0 1 2 1 1 0 3 3 1 1344    1 
4 1 0 1 2 1 1 0 3 3 1  961    1 
4 1 1 0 1 0 1 0 1 1 1 4482    1 
4 1 0 3 3 2 0 1 4 4 1  726    1 
4 1 0 2 3 2 1 0 4 3 0  384    0 
4 1 1 2 2 1 0 1 3 3 1 1085    1 
4 1 0 2 3 2 1 0 4 4 1  993    1 
4 1 0 1 2 0 0 0 3 3 1  720    1 
4 1 0 1 2 0 0 0 3 3 1  530    1 
4 1 0 2 3 1 0 0 4 4 1 1044    1 
4 1 0 3 3 2 0 1 4 4 1  586    1 
4 1 0 3 3 3 1 1 4 4 1  441    1 
4 1 1 1 1 0 0 1 2 2 1 1047    1 
4 1 0 0 0 0 1 1 1 1 1 1660    1 
4 1 0 0 1 3 0 0 2 2 1 1865    1 
4 1 1 3 3 3 1 1 4 4 1  974    1 
4 1 0 0 1 3 0 0 2 1 0  846    1 
4 1 0 2 3 1 0 0 4 3 0  729    1 
4 1 1 2 3 1 0 0 3 3 1 1297    1 
4 1 1 1 2 0 0 0 2 3 0 1629    1 
4 1 1 0 1 3 0 0 1 1 1 1193    1 
4 1 1 3 0 3 1 0 4 4 1 2713    1 
4 1 0 3 3 2 0 1 4 4 1  956    1 
4 1 0 0 1 3 0 0 2 2 1 1212    1 
4 1 1 1 1 0 0 1 2 2 1 2611    1 
4 1 0 1 2 1 1 0 3 3 1 1090    1 
4 1 1 2 3 1 0 0 3 4 0 1142    1 
4 1 0 0 0 0 1 1 1 1 1 1261    1 
4 1 0 1 2 0 0 0 3 3 1 1698    1 
4 1 1 1 1 0 0 1 2 2 1 2518    1 
4 1 1 2 3 2 1 0 3 3 1 2048    0 
4 1 0 3 3 2 0 1 4 3 0  614    1 
4 1 1 2 3 2 1 0 3 3 1  986    1 
4 1 0 1 2 0 0 0 3 2 0 1074    1 
4 1 0 1 2 0 0 0 3 3 1 2260    1 
4 1 0 0 0 0 1 1 1 1 1 1073    1 
4 1 0 0 1 3 0 0 2 1 0  925    1 
4 1 0 3 0 3 1 0 1 1 1 1093    1 
4 1 1 2 3 1 0 0 3 4 0 2241    0 
4 1 0 3 3 3 1 1 4 4 1  933    1 
4 1 0 3 3 2 0 1 4 4 1  950    0 
4 1 0 3 3 2 0 1 4 0 0 5000    1 
4 1 0 2 3 2 1 0 4 0 0 5000    1 
4 1 0 2 3 1 0 0 4 0 0 5000    1 
4 1 1 0 1 0 1 0 1 0 0 5000    1 
4 1 0 3 0 3 1 0 1 0 0 5000    1 
4 1 0 2 3 2 1 0 4 0 0 5000    1 
4 1 0 0 0 3 0 1 1 1 1 4358    1 
4 1 0 0 0 0 1 1 1 1 1 1031    1 
4 1 0 1 2 1 1 0 3 3 1  797    1 
4 1 0 2 3 1 0 0 4 4 1  805    1 
4 1 1 0 1 3 0 0 1 1 1 1324    0 
4 1 0 0 1 0 1 0 2 2 1 1198    0 
4 1 0 0 0 3 0 1 1 1 1  637    1 
4 1 0 1 1 0 0 1 2 2 1 1363    1 
4 1 0 2 3 2 1 0 4 4 1  932    1 
4 1 0 2 2 2 1 1 3 3 1  502    1 
4 1 0 2 2 2 1 1 3 3 1  425    0 
4 1 0 0 1 0 1 0 2 2 1 1623    1 
4 1 1 1 1 1 1 1 2 2 1 1677    1 
4 1 0 3 3 3 1 1 4 4 1  657    1 
4 1 1 1 2 1 1 0 2 2 1 1206    0 
4 1 1 3 0 2 0 0 4 4 1 1453    1 
4 1 0 1 1 0 0 1 2 2 1 1458    1 
4 1 0 0 1 0 1 0 2 2 1 1383    1 
4 1 0 0 0 0 1 1 1 0 0 5000    1 
4 1 1 1 1 0 0 1 2 2 1 1483    1 
4 1 0 2 2 2 1 1 3 3 1 1679    1 
4 1 0 1 2 1 1 0 3 3 1  875    1 
4 1 0 1 1 0 0 1 2 2 1  967    1 
4 1 0 3 0 2 0 0 1 1 1 1255    1 
4 1 0 3 3 2 0 1 4 4 1  628    1 
4 1 1 1 1 0 0 1 2 2 1 1242    1 
4 1 0 1 2 0 0 0 3 3 1  696    1 
4 1 0 0 1 3 0 0 2 2 1 1219    1 
4 1 1 1 2 1 1 0 2 2 1 1266    1 
4 1 0 3 0 2 0 0 1 1 1  886    1 
4 1 0 2 3 2 1 0 4 4 1 1145    1 
4 1 0 3 0 3 1 0 1 1 1 1083    1 
4 1 0 1 1 0 0 1 2 2 1 1462    1 
4 1 0 1 1 0 0 1 2 2 1 1259    1 
4 1 1 0 0 3 0 1 1 1 1 1392    1 
4 1 0 2 2 2 1 1 3 3 1 1000    1 
4 1 0 3 3 2 0 1 4 4 1  902    1 
4 1 0 2 2 2 1 1 3 3 1  785    1 
4 1 0 1 2 1 1 0 3 3 1  977    1 
4 1 0 2 2 2 1 1 3 3 1  961    1 
4 1 0 2 3 2 1 0 4 4 1 1154    1 
4 1 0 3 3 3 1 1 4 4 1 1051    1 
4 1 0 3 3 3 1 1 4 4 1 1655    1 
4 1 0 0 1 0 1 0 2 2 1 1004    1 
4 1 0 3 0 3 1 0 1 1 1 1027    1 
4 1 1 2 3 1 0 0 3 3 1 2033    1 
4 1 1 0 1 3 0 0 1 1 1 1391    1 
4 1 0 0 0 3 0 1 1 1 1  958    1 
4 1 0 1 1 0 0 1 2 2 1  727    1 
4 1 0 2 2 2 1 1 3 3 1  393    1 
4 1 0 3 3 2 0 1 4 4 1  385    1 
4 1 0 2 2 2 1 1 3 3 1  544    1 
4 1 0 0 0 0 1 1 1 1 1  610    1 
4 1 0 2 3 1 0 0 4 4 1  553    1 
4 1 1 3 3 2 0 1 4 3 0  545    1 
4 1 0 1 2 0 0 0 3 3 1 4161    1 
4 1 1 0 0 3 0 1 1 1 1 1146    1 
4 1 0 3 3 3 1 1 4 4 1  587    1 
4 1 0 0 1 0 1 0 2 2 1  747    1 
4 1 0 3 0 2 0 0 1 1 1 1460    1 
4 1 1 3 3 2 0 1 4 4 1 1241    1 
4 1 0 1 1 1 1 1 2 2 1  703    1 
4 1 1 0 0 3 0 1 1 1 1 1290    1 
4 1 0 1 1 1 1 1 2 2 1  685    1 
4 1 1 1 1 1 1 1 2 2 1 1217    1 
4 1 1 1 2 1 1 0 2 3 0  663    1 
4 1 0 2 2 1 0 1 3 3 1  850    1 
4 1 0 2 3 2 1 0 4 4 1  934    0 
4 1 0 3 0 3 1 0 1 1 1 1440    1 
4 1 0 3 0 3 1 0 1 1 1  605    1 
4 1 0 3 3 3 1 1 4 3 0  588    1 
4 1 0 0 0 3 0 1 1 1 1 1026    1 
4 1 1 1 2 1 1 0 2 2 1 1224    1 
4 1 0 3 3 3 1 1 4 4 1 1030    1 
4 1 0 2 3 2 1 0 4 4 1  420    0 
4 1 1 2 3 2 1 0 3 3 1 1146    1 
4 1 1 2 2 2 1 1 3 3 1  612    1 
4 1 0 1 1 0 0 1 2 2 1  507    1 
4 1 0 0 1 0 1 0 2 1 0  694    0 
4 1 0 0 1 0 1 0 2 2 1 1415    1 
4 1 0 0 0 0 1 1 1 1 1  814    1 
4 1 0 1 2 1 1 0 3 3 1 1541    1 
4 1 0 2 2 2 1 1 3 3 1  974    1 
4 1 0 0 1 3 0 0 2 2 1  934    0 
4 1 0 3 0 3 1 0 1 1 1 1896    1 
4 1 0 0 1 0 1 0 2 2 1  740    1 
4 1 0 0 1 0 1 0 2 2 1  533    1 
4 1 1 3 3 3 1 1 4 4 1 1222    0 
4 1 1 1 1 1 1 1 2 2 1  965    1 
4 1 1 3 3 2 0 1 4 4 1 1037    1 
4 1 0 3 3 3 1 1 4 4 1  931    1 
4 1 0 2 2 1 0 1 3 3 1  829    1 
4 1 0 2 2 2 1 1 3 3 1 1123    1 
4 1 0 1 2 0 0 0 3 3 1 1133    1 
4 1 0 0 0 3 0 1 1 1 1  639    1 
4 1 1 3 3 2 0 1 4 4 1 1692    1 
4 1 0 0 1 3 0 0 2 2 1 2016    1 
4 1 0 0 0 3 0 1 1 1 1  566    1 
4 1 0 1 2 0 0 0 3 4 0  758    1 
4 1 1 1 2 1 1 0 2 3 0 1061    1 
4 1 0 0 0 0 1 1 1 1 1  896    1 
4 1 0 0 1 3 0 0 2 2 1 1932    1 
4 1 0 1 2 1 1 0 3 3 1 1174    1 
4 1 1 3 0 3 1 0 4 4 1 1246    1 
4 1 0 2 3 2 1 0 4 4 1 1252    1 
4 1 0 2 2 1 0 1 3 3 1  696    1 
4 1 0 2 3 2 1 0 4 4 1 3308    1 
4 1 0 0 0 3 0 1 1 1 1  615    1 
4 1 0 3 3 2 0 1 4 4 1  606    1 
4 1 0 0 0 0 1 1 1 1 1  661    1 
4 1 1 3 3 2 0 1 4 4 1 1921    1 
4 1 0 2 3 2 1 0 4 3 0  684    1 
4 1 1 2 3 1 0 0 3 3 1 2181    1 
4 1 0 3 3 2 0 1 4 4 1  781    1 
4 1 0 3 3 2 0 1 4 4 1  389    1 
4 1 0 2 2 2 1 1 3 3 1  669    1 
4 1 0 2 2 1 0 1 3 3 1  505    1 
4 1 0 1 2 1 1 0 3 3 1  460    1 
4 1 0 3 3 2 0 1 4 4 1  601    0 
4 1 0 3 0 2 0 0 1 1 1  655   50 
4 1 0 1 1 0 0 1 2 2 1  724    1 
4 1 0 3 3 3 1 1 4 3 0  558    1 
4 1 0 3 3 2 0 1 4 4 1  493    1 
4 1 0 0 0 3 0 1 1 1 1 1153    1 
4 1 1 1 1 0 0 1 2 2 1 1266    1 
4 1 1 2 3 1 0 0 3 3 1 1518    1 
4 1 0 0 0 0 1 1 1 1 1 1296    1 
4 1 0 0 1 0 1 0 2 2 1 2915    1 
4 1 0 0 1 3 0 0 2 2 1 3494    1 
4 1 0 1 2 1 1 0 3 3 1 1354    1 
4 1 0 2 3 1 0 0 4 4 1 1690    1 
4 1 0 1 2 0 0 0 3 3 1 2182    1 
4 1 1 3 3 2 0 1 4 4 1 1886    1 
4 1 0 1 2 1 1 0 3 0 0 5000    1 
4 1 0 1 1 0 0 1 2 0 0 5000    1 
4 1 1 2 3 2 1 0 3 0 0 5000    1 
4 1 0 2 3 2 1 0 4 0 0 5000    1 
4 1 0 2 2 2 1 1 3 0 0 5000    1 
4 1 1 0 1 3 0 0 1 0 0 5000    1 
4 1 0 1 1 0 0 1 2 2 1 4848    1 
4 1 0 0 0 3 0 1 1 1 1  950    1 
4 1 0 3 3 2 0 1 4 4 1  614    1 
4 1 0 0 0 0 1 1 1 1 1  581    1 
4 1 1 3 0 3 1 0 4 4 1 1373    1 
4 1 0 2 2 1 0 1 3 3 1  597    1 
4 2 0 3 3 1 0 1 4 4 1 1611    1 
4 2 0 3 3 3 1 1 4 4 1  922    1 
4 2 0 0 0 2 0 1 1 1 1  780    1 
4 2 1 0 0 0 1 1 1 1 1 1644    1 
4 2 0 0 0 0 1 1 1 1 1  409    1 
4 2 0 2 1 0 0 0 2 2 1 1168    1 
4 2 0 0 0 0 1 1 1 1 1  664    1 
4 2 1 3 3 3 1 1 4 4 1 1285    1 
4 2 0 3 2 1 0 0 3 3 1  601    1 
4 2 0 0 3 0 1 0 4 4 1 1527    1 
4 2 0 3 2 1 0 0 3 3 1  770    1 
4 2 0 3 2 1 0 0 3 3 1  714    1 
4 2 0 1 0 1 1 0 1 1 1 1141    1 
4 2 0 1 1 3 0 1 2 2 1 2918    1 
4 2 1 3 3 1 0 1 4 4 1 1320    1 
4 2 1 1 1 1 1 1 2 2 1 1971    1 
4 2 0 1 0 3 0 0 1 1 1 1051    1 
4 2 0 1 0 1 1 0 1 1 1 2256    1 
4 2 0 0 0 2 0 1 1 1 1  413    1 
4 2 1 1 1 3 0 1 2 2 1 1299    1 
4 2 0 2 1 0 0 0 2 2 1 1454    1 
4 2 0 3 3 1 0 1 4 4 1 1515    1 
4 2 1 3 3 1 0 1 4 4 1 1429    0 
4 2 0 0 0 2 0 1 1 1 1  940    1 
4 2 1 0 3 2 0 0 1 1 1 1157    1 
4 2 0 1 0 1 1 0 1 1 1  998    1 
4 2 0 2 1 2 1 0 2 2 1  934    1 
4 2 1 0 0 2 0 1 1 3 0  599    1 
4 2 0 1 1 1 1 1 2 2 1  604    1 
4 2 0 0 0 2 0 1 1 2 0  539    1 
4 2 1 0 0 2 0 1 1 1 1  706    1 
4 2 1 3 2 3 1 0 4 3 0  693    1 
4 2 0 1 0 1 1 0 1 1 1 1550    1 
4 2 0 2 2 0 0 1 3 3 1 1167    1 
4 2 1 2 2 0 0 1 3 3 1  807    0 
4 2 0 2 2 0 0 1 3 4 0 3502    0 
4 2 0 1 0 1 1 0 1 0 0 5000    1 
4 2 0 0 3 2 0 0 4 4 1 2388    1 
4 2 0 2 2 2 1 1 3 3 1 1180    1 
4 2 0 1 1 1 1 1 2 2 1 1796    1 
4 2 1 0 3 0 1 0 1 4 0 1652    1 
4 2 0 3 3 3 1 1 4 4 1  703    1 
4 2 0 3 3 1 0 1 4 4 1  466    1 
4 2 0 0 3 2 0 0 4 4 1  406    0 
4 2 0 3 3 1 0 1 4 4 1  413    1 
4 2 1 3 3 1 0 1 4 4 1 1251    1 
4 2 0 0 3 2 0 0 4 4 1  488    1 
4 2 0 0 0 2 0 1 1 1 1 1004    1 
4 2 0 2 1 2 1 0 2 2 1  938    1 
4 2 0 1 0 1 1 0 1 1 1  660    1 
4 2 0 1 1 1 1 1 2 2 1  673    1 
4 2 0 0 3 2 0 0 4 4 1 1549    1 
4 2 0 3 3 1 0 1 4 4 1  630    1 
4 2 1 1 0 3 0 0 2 1 0 2068    1 
4 2 1 0 3 0 1 0 1 0 0 5000    1 
4 2 0 3 3 3 1 1 4 4 1 1139    1 
4 2 0 1 1 1 1 1 2 2 1 1981    1 
4 2 0 0 0 2 0 1 1 1 1  717    1 
4 2 0 1 0 3 0 0 1 1 1 1615    1 
4 2 1 0 0 0 1 1 1 1 1 1070    1 
4 2 0 3 2 3 1 0 3 3 1 1322    1 
4 2 0 3 3 1 0 1 4 4 1 1012    1 
4 2 0 3 3 3 1 1 4 4 1 1875    1 
4 2 0 2 2 2 1 1 3 3 1 1135    1 
4 2 0 1 0 1 1 0 1 1 1 1968    1 
4 2 0 2 1 0 0 0 2 2 1 1121    1 
4 2 0 1 0 3 0 0 1 1 1  923    1 
4 2 1 3 3 3 1 1 4 4 1 1437    1 
4 2 0 2 1 2 1 0 2 2 1 2099    1 
4 2 1 2 1 0 0 0 3 3 1 1822    1 
4 2 0 1 0 1 1 0 1 1 1 2044    1 
4 2 1 3 2 3 1 0 4 4 1 1625    1 
4 2 0 0 0 0 1 1 1 1 1 2424    1 
4 2 0 2 2 0 0 1 3 3 1 1902    1 
4 2 0 0 3 0 1 0 4 4 1 1393    1 
4 2 0 0 0 2 0 1 1 0 0 5000    1 
4 2 0 1 0 3 0 0 1 0 0 5000    1 
4 2 0 2 1 2 1 0 2 0 0 5000    1 
4 2 1 1 1 1 1 1 2 0 0 5000    1 
4 2 1 2 1 2 1 0 3 0 0 5000    1 
4 2 0 2 2 2 1 1 3 3 1  602    1 
4 2 0 3 3 1 0 1 4 4 1  833    1 
4 2 0 2 2 0 0 1 3 3 1  559    1 
4 2 0 0 3 2 0 0 4 4 1  943    1 
4 2 0 3 2 1 0 0 3 3 1  489    1 
4 2 0 2 1 0 0 0 2 2 1 1124    1 
4 2 0 2 1 0 0 0 2 2 1 2038    1 
4 2 0 1 1 3 0 1 2 2 1  580    1 
4 2 0 3 3 1 0 1 4 4 1  916    1 
4 2 0 2 2 0 0 1 3 3 1  926    1 
4 2 0 0 3 2 0 0 4 4 1  825    1 
4 2 1 1 1 1 1 1 2 2 1 1135    1 
4 2 0 2 2 0 0 1 3 4 0  600    1 
4 2 0 3 3 1 0 1 4 4 1  685    1 
4 2 0 1 1 1 1 1 2 2 1  601    1 
4 2 1 0 3 0 1 0 1 1 1 1799    1 
4 2 0 0 0 0 1 1 1 1 1 1822    1 
4 2 0 1 1 1 1 1 2 2 1 2932    1 
4 2 0 2 1 0 0 0 2 2 1 1286    1 
4 2 1 1 1 3 0 1 2 2 1 2578    0 
4 2 0 0 3 0 1 0 4 4 1 2010    1 
4 2 1 2 2 0 0 1 3 3 1  953    1 
4 2 1 0 0 0 1 1 1 1 1 1722    1 
4 2 1 1 1 1 1 1 2 2 1 1700    1 
4 2 0 1 0 1 1 0 1 1 1 1303    1 
4 2 1 1 1 3 0 1 2 2 1 1154    1 
4 2 0 3 2 3 1 0 3 3 1 1051    1 
4 2 0 3 3 3 1 1 4 4 1 1183    0 
4 2 0 1 0 1 1 0 1 1 1 1087    1 
4 2 0 1 0 1 1 0 1 1 1  802    1 
4 2 0 3 2 3 1 0 3 3 1 1297    1 
4 2 0 2 2 2 1 1 3 3 1  677    1 
4 2 1 0 0 2 0 1 1 1 1 1209    1 
4 2 0 2 1 0 0 0 2 2 1  880    1 
4 2 1 3 3 3 1 1 4 4 1 1020    1 
4 2 0 1 1 1 1 1 2 2 1  618    1 
4 2 1 0 3 0 1 0 1 4 0 1656    1 
4 2 0 2 2 2 1 1 3 3 1  643    0 
4 2 0 2 1 2 1 0 2 2 1  929    1 
4 2 0 1 0 3 0 0 1 1 1 1267    1 
4 2 0 3 2 1 0 0 3 3 1  671    1 
4 2 0 2 1 0 0 0 2 2 1 1259    1 
4 2 1 3 3 1 0 1 4 4 1 1248    1 
4 2 0 0 3 0 1 0 4 4 1 1293    1 
4 2 0 2 2 2 1 1 3 3 1 1081    0 
4 2 0 2 1 0 0 0 2 0 0 5000    1 
4 2 1 0 0 0 1 1 1 1 1 1490    1 
4 2 0 2 1 0 0 0 2 0 0 5000    1 
4 2 1 0 0 2 0 1 1 0 0 5000    0 
4 2 1 3 2 1 0 0 4 0 0 5000    1 
4 2 0 2 2 2 1 1 3 3 1 1797    1 
4 2 0 0 3 0 1 0 4 4 1 1245    1 
4 2 0 3 2 1 0 0 3 3 1  499    1 
4 2 0 2 2 2 1 1 3 3 1  397    1 
4 2 0 2 2 2 1 1 3 3 1  741    1 
4 2 0 0 0 2 0 1 1 1 1  606    1 
4 2 1 0 3 2 0 0 1 1 1 1021    1 
4 2 0 2 2 2 1 1 3 3 1  579    1 
4 2 0 1 1 3 0 1 2 2 1 1339    1 
4 2 1 2 1 0 0 0 3 3 1 2237    1 
4 2 0 0 3 2 0 0 4 4 1 1971    1 
4 2 1 3 3 1 0 1 4 4 1 1179    1 
4 2 0 0 3 0 1 0 4 4 1 1203    1 
4 2 0 3 2 1 0 0 3 3 1 1290    1 
4 2 0 1 0 1 1 0 1 1 1 2517    1 
4 2 0 0 0 0 1 1 1 1 1 1120    1 
4 2 1 1 0 3 0 0 2 0 0 5000    1 
4 2 1 3 3 3 1 1 4 0 0 5000    1 
4 2 1 1 1 3 0 1 2 0 0 5000    1 
4 2 0 2 1 0 0 0 2 0 0 5000    1 
4 2 0 3 3 1 0 1 4 0 0 5000    1 
4 2 0 2 1 2 1 0 2 0 0 5000    1 
4 2 0 2 2 2 1 1 3 0 0 5000    1 
4 2 0 1 0 3 0 0 1 0 0 5000    1 
4 2 0 2 1 2 1 0 2 0 0 5000    1 
4 2 1 3 2 3 1 0 4 3 0 1097    1 
4 2 0 0 3 2 0 0 4 4 1 1226    1 
4 2 0 1 0 1 1 0 1 1 1 1896    1 
4 2 0 2 2 0 0 1 3 3 1 1148    1 
4 2 1 0 3 0 1 0 1 1 1 1085    1 
4 2 0 1 0 3 0 0 1 1 1 2369    1 
4 2 0 3 3 3 1 1 4 4 1  761    1 
4 2 1 3 3 3 1 1 4 4 1  514    1 
4 2 0 3 3 3 1 1 4 4 1  517    1 
4 2 1 0 3 0 1 0 1 1 1  711    1 
4 2 1 1 0 1 1 0 2 2 1 1714    1 
4 2 0 2 2 2 1 1 3 3 1  653    1 
4 2 0 0 0 0 1 1 1 1 1  713    1 
4 2 0 1 0 1 1 0 1 1 1 1092    1 
4 2 0 1 0 1 1 0 1 1 1  464    1 
4 2 1 0 3 2 0 0 1 1 1 1076   37 
4 2 0 2 1 0 0 0 2 2 1  713    1 
4 2 0 2 1 0 0 0 2 2 1  476    1 
4 2 0 3 2 1 0 0 3 3 1  672    1 
4 2 0 1 0 1 1 0 1 1 1  604    1 
4 2 0 2 1 2 1 0 2 2 1 2003    1 
4 2 0 3 2 3 1 0 3 3 1  561    1 
4 2 0 0 0 2 0 1 1 1 1  986    1 
4 2 0 2 2 2 1 1 3 3 1 1058    1 
4 2 0 0 3 2 0 0 4 4 1 1111    1 
4 2 0 2 1 2 1 0 2 2 1 1009    1 
4 2 0 1 0 1 1 0 1 1 1  808    1 
4 2 0 0 3 2 0 0 4 2 0  703    1 
4 2 1 3 3 1 0 1 4 4 1  952    1 
4 2 0 3 2 1 0 0 3 3 1  793    1 
4 2 0 3 3 1 0 1 4 4 1  816    1 
4 2 0 2 2 2 1 1 3 3 1  502    1 
4 2 0 1 0 3 0 0 1 2 0  633    1 
4 2 0 1 1 1 1 1 2 2 1  709    1 
4 2 0 3 3 1 0 1 4 4 1  872    1 
4 2 0 3 3 1 0 1 4 4 1  484    1 
4 2 0 1 0 1 1 0 1 1 1 1967    1 
4 3 0 3 0 0 0 0 1 1 1 1496    1 
4 3 1 1 2 2 0 0 2 3 0 1131    1 
4 3 0 1 2 2 0 0 3 3 1  539    1 
4 3 1 3 3 0 0 1 4 4 1  756    1 
4 3 0 3 3 0 0 1 4 4 1  445    1 
4 3 1 3 0 3 1 0 4 4 1 2027    1 
4 3 1 0 0 0 1 1 1 1 1 1017    1 
4 3 0 2 3 3 0 0 4 4 1  671    1 
4 3 0 2 2 2 1 1 3 3 1  595    1 
4 3 0 2 2 3 0 1 3 3 1  603    1 
4 3 1 0 1 0 1 0 1 2 0  753    1 
4 3 0 0 0 0 1 1 1 1 1  552    1 
4 3 0 3 3 3 1 1 4 4 1  569    1 
4 3 1 0 0 1 0 1 1 1 1 1257    1 
4 3 0 2 3 2 1 0 4 4 1  862    1 
4 3 1 1 2 1 1 0 2 3 0  691    1 
4 3 0 0 1 0 1 0 2 2 1 1084    1 
4 3 0 2 2 3 0 1 3 3 1  736    1 
4 3 0 0 0 1 0 1 1 2 0  673    1 
4 3 0 3 0 3 1 0 1 4 0  684    1 
4 3 0 3 0 3 1 0 1 1 1  869    1 
4 3 0 0 0 0 1 1 1 1 1  577    1 
4 3 0 1 1 1 1 1 2 2 1 1089    1 
4 3 0 2 3 3 0 0 4 4 1  581    1 
4 3 0 2 3 2 1 0 4 4 1  589    0 
4 3 0 2 2 3 0 1 3 3 1  548    1 
4 3 1 0 1 0 1 0 1 1 1 1262    1 
4 3 0 2 3 2 1 0 4 4 1 1003    1 
4 3 0 3 3 0 0 1 4 4 1 1282    1 
4 3 0 1 2 1 1 0 3 3 1  678    1 
4 3 0 2 3 2 1 0 4 4 1  682    1 
4 3 0 3 0 0 0 0 1 3 0  621    1 
4 3 0 0 0 1 0 1 1 1 1  618    1 
4 3 0 0 0 0 1 1 1 1 1  680    1 
4 3 0 3 3 3 1 1 4 3 0  516    1 
4 3 0 0 0 0 1 1 1 1 1  644    1 
4 3 0 1 2 2 0 0 3 3 1  729    1 
4 3 1 2 3 3 0 0 3 4 0  932    1 
4 3 0 0 0 0 1 1 1 1 1  699    1 
4 3 0 3 3 0 0 1 4 4 1 1646    1 
4 3 1 2 2 3 0 1 3 3 1 1131    1 
4 3 1 2 2 3 0 1 3 3 1  918    1 
4 3 0 1 2 2 0 0 3 3 1  632    1 
4 3 1 1 2 1 1 0 2 2 1 1446    1 
4 3 0 1 1 1 1 1 2 2 1 1211    1 
4 3 0 1 1 1 1 1 2 2 1  594    1 
4 3 0 1 2 1 1 0 3 3 1  858    1 
4 3 0 2 2 3 0 1 3 3 1  487    1 
4 3 0 3 0 0 0 0 1 3 0  650    1 
4 3 0 3 0 3 1 0 1 1 1  437    1 
4 3 1 2 3 3 0 0 3 3 1 1090    1 
4 3 1 2 2 2 1 1 3 3 1  526    1 
4 3 0 3 3 0 0 1 4 4 1  920    1 
4 3 0 3 0 0 0 0 1 1 1 1082    1 
4 3 1 1 2 1 1 0 2 2 1 1070    1 
4 3 0 0 1 1 0 0 2 2 1 2226    1 
4 3 0 3 0 3 1 0 1 1 1 1416    1 
4 3 0 0 1 1 0 0 2 2 1 1230    1 
4 3 0 2 2 2 1 1 3 3 1 3036    1 
4 3 0 0 1 1 0 0 2 2 1 1642    1 
4 3 0 2 2 2 1 1 3 3 1 1144    1 
4 3 1 0 1 0 1 0 1 2 0 1473    1 
4 3 0 3 0 0 0 0 1 1 1 1468    1 
4 3 0 1 2 1 1 0 3 3 1 1096    1 
4 3 0 3 0 3 1 0 1 1 1 2603    1 
4 3 0 1 1 2 0 1 2 2 1  826    1 
4 3 1 0 0 1 0 1 1 1 1 2680    1 
4 3 0 0 1 0 1 0 2 2 1 1685    1 
4 3 1 1 2 1 1 0 2 3 0  624    1 
4 3 0 3 0 3 1 0 1 1 1 1332    1 
4 3 0 2 2 2 1 1 3 3 1  774    1 
4 3 0 0 0 0 1 1 1 1 1 1582    1 
4 3 1 3 3 0 0 1 4 4 1 2190    1 
4 3 0 0 0 0 1 1 1 1 1  613    1 
4 3 0 3 3 0 0 1 4 4 1  604    1 
4 3 0 1 1 1 1 1 2 2 1  963    1 
4 3 0 1 2 2 0 0 3 3 1  580    1 
4 3 0 0 0 0 1 1 1 1 1  644    1 
4 3 1 3 3 0 0 1 4 3 0 1113    1 
4 3 0 2 3 3 0 0 4 4 1  586    1 
4 3 0 1 2 1 1 0 3 3 1  474    1 
4 3 1 2 3 2 1 0 3 3 1  934    1 
4 3 0 3 0 3 1 0 1 1 1  943    1 
4 3 0 1 2 2 0 0 3 3 1  737    1 
4 3 0 1 2 2 0 0 3 3 1  930    1 
4 3 0 3 3 0 0 1 4 4 1 1068    1 
4 3 0 2 2 2 1 1 3 0 0 5000    1 
4 3 0 1 1 2 0 1 2 0 0 5000    1 
4 3 0 3 0 3 1 0 1 0 0 5000    1 
4 3 0 2 3 2 1 0 4 4 1 1920    1 
4 3 0 0 0 1 0 1 1 1 1 1338    0 
4 3 0 2 2 3 0 1 3 3 1 1188    1 
4 3 1 1 2 2 0 0 2 0 0 5000    1 
4 3 0 0 1 1 0 0 2 2 1 3833    1 
4 3 1 0 0 0 1 1 1 1 1 1326    1 
4 3 0 2 3 3 0 0 4 4 1 1160    1 
4 3 0 0 1 0 1 0 2 2 1 1073    1 
4 3 1 2 2 2 1 1 3 3 1 1045    1 
4 3 1 1 2 1 1 0 2 2 1 3307    1 
4 3 1 1 2 2 0 0 2 2 1 1710    1 
4 3 1 1 1 2 0 1 2 2 1  897    1 
4 3 1 1 2 1 1 0 2 3 0  636    0 
4 3 0 0 0 1 0 1 1 1 1 1280    1 
4 3 1 2 2 3 0 1 3 3 1  564    1 
4 3 0 0 0 0 1 1 1 2 0  869    1 
4 3 1 2 3 3 0 0 3 3 1  783    1 
4 3 1 1 2 1 1 0 2 2 1 2719    1 
4 3 1 0 1 1 0 0 1 1 1 2329    0 
4 3 0 0 1 1 0 0 2 0 0 5000    1 
4 3 0 0 1 1 0 0 2 0 0 5000    1 
4 3 0 1 1 2 0 1 2 2 1  974    1 
4 3 1 0 0 1 0 1 1 1 1 2838    1 
4 3 0 2 2 3 0 1 3 3 1  851    1 
4 3 1 0 0 0 1 1 1 1 1 1064    1 
4 3 0 3 0 0 0 0 1 1 1  653    1 
4 3 0 0 0 1 0 1 1 1 1  442    1 
4 3 0 2 2 2 1 1 3 3 1  471    1 
4 3 0 3 3 3 1 1 4 4 1  699    1 
4 3 0 0 0 0 1 1 1 1 1  446    1 
4 3 0 2 3 3 0 0 4 4 1  636    1 
4 3 0 3 3 0 0 1 4 4 1  601    1 
4 3 0 1 1 1 1 1 2 1 0 1064    1 
4 3 0 0 1 1 0 0 2 2 1 1171    1 
4 3 0 0 0 0 1 1 1 1 1  763    1 
4 3 0 0 0 1 0 1 1 1 1 1348    1 
4 3 0 1 1 2 0 1 2 2 1  789    1 
4 3 1 3 0 0 0 0 4 1 0 1101    1 
4 3 0 3 3 3 1 1 4 4 1 1070    1 
4 3 0 2 3 2 1 0 4 4 1 1050    1 
4 3 1 3 0 3 1 0 4 4 1 1287    1 
4 3 0 3 3 0 0 1 4 4 1 1050    1 
4 3 0 1 1 1 1 1 2 2 1  927    1 
4 3 0 1 2 1 1 0 3 3 1 1993    1 
4 3 0 2 3 3 0 0 4 4 1 1265    1 
4 3 1 1 2 2 0 0 2 3 0  758    1 
4 3 0 0 0 0 1 1 1 1 1  629    1 
4 3 0 3 3 3 1 1 4 4 1  683    1 
4 3 0 0 1 1 0 0 2 2 1 2334    1 
4 3 0 2 3 3 0 0 4 3 0 1776    1 
4 3 0 2 2 2 1 1 3 3 1  670    1 
4 3 1 0 1 0 1 0 1 1 1 1818    1 
4 3 0 0 1 1 0 0 2 1 0  504    1 
4 3 0 0 0 0 1 1 1 1 1  441    1 
4 3 0 2 2 3 0 1 3 4 0  671    1 
4 3 0 3 3 0 0 1 4 4 1  513    0 
4 3 0 3 0 0 0 0 1 1 1 1276    1 
4 3 0 3 3 0 0 1 4 4 1  720    1 
4 3 0 1 2 1 1 0 3 3 1 1034    1 
4 3 0 3 3 3 1 1 4 4 1  703    1 
4 3 0 0 1 0 1 0 2 0 0 5000    1 
4 3 0 3 3 3 1 1 4 0 0 5000    0 
4 3 0 1 1 2 0 1 2 2 1 1141    1 
4 3 0 2 2 3 0 1 3 3 1 1014    1 
4 3 0 1 2 2 0 0 3 3 1 1893    1 
4 3 1 2 2 3 0 1 3 3 1  577    1 
4 3 0 3 3 0 0 1 4 4 1  753    1 
4 3 1 1 1 1 1 1 2 2 1 1106    1 
4 3 0 2 3 2 1 0 4 3 0  772    1 
4 3 0 1 2 1 1 0 3 3 1 1051    1 
4 3 0 2 2 3 0 1 3 3 1  471    1 
4 3 1 3 0 0 0 0 4 4 1  924    1 
4 3 0 3 3 0 0 1 4 4 1  598    1 
4 3 1 1 1 1 1 1 2 2 1  629    1 
4 3 0 2 3 3 0 0 4 3 0  675    1 
4 3 1 1 1 1 1 1 2 2 1 1605    1 
4 3 0 1 1 2 0 1 2 2 1 1676    1 
4 3 0 2 3 2 1 0 4 4 1 1649    1 
4 3 0 1 1 1 1 1 2 2 1 3685    1 
4 3 0 2 2 3 0 1 3 3 1 2953    1 
4 3 0 0 0 0 1 1 1 1 1  762    0 
4 3 0 3 3 0 0 1 4 4 1  603    0 
4 3 0 1 1 1 1 1 2 2 1  570    1 
4 3 0 1 2 2 0 0 3 3 1  570    1 
4 3 0 2 3 2 1 0 4 4 1  546    1 
4 3 0 1 1 1 1 1 2 2 1  604    1 
4 3 1 3 0 3 1 0 4 4 1 1034    1 
4 3 0 2 3 2 1 0 4 4 1  568    1 
4 3 0 0 1 1 0 0 2 2 1  968    1 
4 3 1 3 3 3 1 1 4 4 1 1152    1 
4 3 0 2 2 3 0 1 3 4 0  841    1 
4 3 0 3 0 3 1 0 1 1 1 2036    1 
4 3 0 3 3 0 0 1 4 4 1  986    1 
4 3 1 1 2 2 0 0 2 3 0  618    1 
4 3 0 1 1 2 0 1 2 2 1 2926    1 
4 3 0 0 1 1 0 0 2 2 1 2384    1 
4 3 0 2 3 2 1 0 4 0 0 5000    1 
4 3 1 3 0 0 0 0 4 1 0 3645    1 
4 3 1 2 3 2 1 0 3 3 1 1617    1 
4 3 0 0 1 0 1 0 2 2 1 1407    1 
4 3 0 0 0 1 0 1 1 1 1  798    1 
4 3 0 3 0 3 1 0 1 1 1 1293    1 
4 3 0 1 2 1 1 0 3 2 0 1985    1 
4 4 0 3 3 3 1 1 4 0 0 5000    1 
4 4 0 3 1 3 1 0 2 2 1 4348    1 
4 4 0 3 1 2 0 0 2 2 1 1046    1 
4 4 0 0 2 3 0 0 3 3 1 1259    1 
4 4 1 0 2 0 1 0 1 3 0 1800    1 
4 4 0 3 1 3 1 0 2 0 0 5000    1 
4 4 0 1 3 0 0 0 4 0 0 5000    1 
4 4 1 2 0 2 1 0 3 1 0 2791    0 
4 4 1 1 1 0 0 1 2 2 1 1789    1 
4 4 0 2 0 1 0 0 1 1 1 1653    1 
4 4 0 3 1 3 1 0 2 2 1 1138    0 
4 4 0 1 3 1 1 0 4 4 1 1363    0 
4 4 1 2 2 1 0 1 3 3 1 1476    1 
4 4 0 2 2 2 1 1 3 3 1 1152    1 
4 4 0 3 3 2 0 1 4 4 1 4409    1 
4 4 0 2 2 1 0 1 3 3 1 1200    1 
4 4 0 2 0 1 0 0 1 1 1 1055    1 
4 4 1 0 0 0 1 1 1 1 1 1140    0 
4 4 0 2 0 1 0 0 1 3 0  653    1 
4 4 0 2 2 2 1 1 3 3 1  408    1 
4 4 1 1 3 1 1 0 2 2 1 1255    1 
4 4 1 2 0 2 1 0 3 3 1  788    1 
4 4 0 1 1 1 1 1 2 2 1  659    1 
4 4 0 0 0 0 1 1 1 1 1  840    1 
4 4 1 2 0 1 0 0 3 3 1 1358    1 
4 4 1 3 3 2 0 1 4 4 1  910    1 
4 4 1 2 2 2 1 1 3 3 1  634    1 
4 4 0 0 0 3 0 1 1 1 1  599    1 
4 4 0 3 1 2 0 0 2 2 1  405    1 
4 4 0 1 3 1 1 0 4 4 1  516    1 
4 4 0 3 1 2 0 0 2 2 1  638    1 
4 4 0 1 3 1 1 0 4 4 1 1068    1 
4 4 0 3 1 3 1 0 2 2 1  904    1 
4 4 0 3 1 3 1 0 2 0 0 5000    1 
4 4 0 3 3 3 1 1 4 4 1 2064    1 
4 4 0 3 3 3 1 1 4 4 1  453    1 
4 4 0 1 3 1 1 0 4 4 1  514    1 
4 4 0 3 1 2 0 0 2 2 1 1597    1 
4 4 0 0 2 3 0 0 3 3 1  628    1 
4 4 0 3 1 3 1 0 2 2 1  538    1 
4 4 0 0 0 3 0 1 1 1 1  484    0 
4 4 0 1 3 0 0 0 4 4 1  511    1 
4 4 1 3 1 2 0 0 4 4 1  986    1 
4 4 1 2 0 1 0 0 3 1 0  625    1 
4 4 0 3 3 2 0 1 4 4 1  606    1 
4 4 1 1 1 0 0 1 2 2 1  916    1 
4 4 1 1 1 1 1 1 2 2 1  519    1 
4 4 0 0 2 3 0 0 3 3 1  673    1 
4 4 0 1 1 0 0 1 2 2 1  717    1 
4 4 0 1 3 1 1 0 4 4 1  631    1 
4 4 0 3 1 3 1 0 2 2 1 1413    1 
4 4 0 3 1 2 0 0 2 2 1  908    1 
4 4 0 1 3 1 1 0 4 4 1  991    1 
4 4 0 3 3 2 0 1 4 4 1  854    1 
4 4 1 0 2 0 1 0 1 3 0  755    0 
4 4 0 0 0 0 1 1 1 1 1  754    1 
4 4 0 3 3 3 1 1 4 4 1  755    1 
4 4 0 1 3 0 0 0 4 4 1  980    1 
4 4 1 2 2 1 0 1 3 3 1  796    1 
4 4 0 1 3 1 1 0 4 2 0  547    1 
4 4 1 0 0 3 0 1 1 1 1  675    1 
4 4 1 3 1 3 1 0 4 2 0 1623    1 
4 4 0 0 2 3 0 0 3 3 1 1955    1 
4 4 1 3 3 3 1 1 4 4 1  836    1 
4 4 0 1 3 1 1 0 4 4 1 2026    1 
4 4 1 2 2 2 1 1 3 3 1 1632    1 
4 4 0 1 3 0 0 0 4 4 1 4797    1 
4 4 0 1 3 1 1 0 4 0 0 5000    1 
4 4 1 1 3 1 1 0 2 2 1 3114    1 
4 4 0 1 1 0 0 1 2 2 1  877    1 
4 4 0 2 2 1 0 1 3 3 1  650    1 
4 4 0 2 0 2 1 0 1 2 0  494    1 
4 4 1 0 2 0 1 0 1 1 1  944    1 
4 4 1 3 1 3 1 0 4 4 1  865    1 
4 4 0 0 2 0 1 0 3 3 1  797    1 
4 4 0 2 0 1 0 0 1 3 0  885    1 
4 4 0 0 0 3 0 1 1 1 1  566    1 
4 4 0 1 3 0 0 0 4 4 1  543    1 
4 4 1 0 0 3 0 1 1 1 1 1216    1 
4 4 0 3 1 3 1 0 2 2 1  622    1 
4 4 0 0 0 0 1 1 1 1 1  676    1 
4 4 1 2 2 2 1 1 3 3 1  697    1 
4 4 0 0 0 0 1 1 1 1 1 1068    1 
4 4 1 1 3 1 1 0 2 4 0 1296    1 
4 4 0 0 2 3 0 0 3 3 1  658    1 
4 4 1 2 2 2 1 1 3 3 1  607    1 
4 4 0 3 1 3 1 0 2 2 1 1165    1 
4 4 0 2 2 1 0 1 3 3 1  614    1 
4 4 0 2 2 1 0 1 3 3 1  468    1 
4 4 0 3 1 3 1 0 2 4 0  769    1 
4 4 0 0 0 3 0 1 1 1 1  671    1 
4 4 0 3 3 3 1 1 4 4 1  827    1 
4 4 0 0 2 0 1 0 3 3 1  633    1 
4 4 0 0 0 0 1 1 1 1 1 1582    1 
4 4 0 2 2 1 0 1 3 3 1  550    1 
4 4 1 2 0 1 0 0 3 1 0  719    1 
4 4 0 1 1 0 0 1 2 2 1  647    1 
4 4 1 2 0 1 0 0 3 3 1  588    1 
4 4 0 2 2 2 1 1 3 3 1 1124    1 
4 4 0 2 2 1 0 1 3 3 1  470    1 
4 4 1 3 1 2 0 0 4 4 1 1786    1 
4 4 0 2 0 2 1 0 1 1 1 1002    1 
4 4 0 2 0 1 0 0 1 1 1 1217    1 
4 4 0 1 3 1 1 0 4 2 0 1487    1 
4 4 1 3 3 3 1 1 4 4 1 1376    1 
4 4 0 3 1 3 1 0 2 2 1  760    1 
4 4 1 1 1 0 0 1 2 2 1 1089    1 
4 4 0 0 2 0 1 0 3 3 1 1509    1 
4 4 0 1 3 1 1 0 4 2 0  776    1 
4 4 1 1 1 0 0 1 2 2 1 1414    1 
4 4 0 1 3 0 0 0 4 4 1 1069    1 
4 4 0 2 2 1 0 1 3 3 1  585    1 
4 4 0 2 0 1 0 0 1 1 1  728    1 
4 4 0 0 0 3 0 1 1 1 1  483    1 
4 4 1 2 2 1 0 1 3 3 1 1486    1 
4 4 0 0 0 3 0 1 1 1 1 1298    1 
4 4 0 3 3 2 0 1 4 4 1 1125    1 
4 4 0 0 0 0 1 1 1 1 1 1191    1 
4 4 1 2 0 2 1 0 3 3 1 1583    1 
4 4 0 0 0 0 1 1 1 1 1 1286    1 
4 4 0 1 1 0 0 1 2 2 1 1034    1 
4 4 1 2 0 1 0 0 3 3 1 1407    1 
4 4 0 3 1 2 0 0 2 0 0 5000    1 
4 4 0 2 2 1 0 1 3 0 0 5000    1 
4 4 0 0 2 0 1 0 3 0 0 5000    1 
4 4 0 1 3 0 0 0 4 0 0 5000    1 
4 4 1 0 2 3 0 0 1 1 1 2371    1 
4 4 0 3 3 2 0 1 4 4 1  947    1 
4 4 0 1 1 1 1 1 2 2 1  893    1 
4 4 0 3 3 2 0 1 4 4 1 1040    1 
4 4 0 1 3 1 1 0 4 4 1  526    1 
4 4 0 2 0 2 1 0 1 3 0  744    1 
4 4 0 3 3 3 1 1 4 4 1  551    1 
4 4 0 2 2 1 0 1 3 3 1  624    1 
4 4 0 2 2 2 1 1 3 3 1  814    1 
4 4 0 0 2 3 0 0 3 1 0  581    1 
4 4 0 1 1 0 0 1 2 2 1  923    1 
4 4 0 1 3 1 1 0 4 3 0  717    0 
4 4 1 2 2 2 1 1 3 3 1  629    1 
4 4 0 1 3 0 0 0 4 2 0  867    1 
4 4 0 0 0 0 1 1 1 1 1 2005    1 
4 4 0 0 0 3 0 1 1 0 0 5000    1 
4 4 0 2 0 2 1 0 1 4 0 1193    0 
4 4 0 0 0 0 1 1 1 1 1 1247    1 
4 4 0 0 0 0 1 1 1 1 1 1268    1 
4 4 0 2 2 1 0 1 3 0 0 5000    1 
4 4 0 0 2 0 1 0 3 3 1  510    1 
4 4 0 3 1 2 0 0 2 2 1 1705    1 
4 4 1 1 1 1 1 1 2 2 1 1572    1 
4 4 0 3 3 2 0 1 4 4 1  868    1 
4 4 1 2 0 1 0 0 3 3 1 1456    1 
4 4 0 0 0 3 0 1 1 1 1  901    1 
4 4 0 2 0 2 1 0 1 3 0 1464    1 
4 4 0 0 0 0 1 1 1 1 1 1091    1 
4 4 0 3 3 3 1 1 4 4 1  830    1 
4 4 0 2 0 1 0 0 1 1 1  900    1 
4 4 0 1 3 0 0 0 4 4 1  543    1 
4 4 0 1 3 1 1 0 4 4 1 4024    1 
4 4 1 3 3 3 1 1 4 4 1 1055    1 
4 4 0 1 1 1 1 1 2 2 1 1588    1 
4 4 0 0 2 3 0 0 3 3 1  635    1 
4 4 0 1 1 0 0 1 2 2 1  753    1 
4 4 0 1 3 1 1 0 4 4 1  650    1 
4 4 1 2 2 2 1 1 3 3 1  638    1 
4 4 0 3 1 3 1 0 2 2 1 1044    1 
4 4 0 3 1 2 0 0 2 2 1 1857    1 
4 4 0 1 1 1 1 1 2 2 1 4558    1 
4 4 0 1 1 0 0 1 2 2 1 1159    1 
4 4 0 0 2 0 1 0 3 3 1  984    1 
4 4 0 0 2 0 1 0 3 3 1 1088    1 
4 4 0 0 0 0 1 1 1 1 1  939    1 
4 4 1 1 1 0 0 1 2 1 0 1077    1 
4 4 0 2 0 1 0 0 1 3 0 1103    1 
4 4 0 3 1 3 1 0 2 2 1 1408    1 
4 4 0 1 1 0 0 1 2 2 1 1719    1 
4 4 0 3 1 2 0 0 2 2 1  521    1 
4 4 0 2 2 2 1 1 3 3 1  595    1 
4 4 0 0 0 3 0 1 1 1 1  786    1 
4 4 1 0 2 0 1 0 1 1 1  674    1 
4 4 1 0 0 3 0 1 1 1 1 1022    1 
4 4 0 2 2 2 1 1 3 3 1  660    1 
4 4 0 0 0 3 0 1 1 3 0  489    1 
4 4 0 3 1 3 1 0 2 4 0  731    1 
4 4 1 1 1 1 1 1 2 4 0  683    1 
4 4 0 1 3 1 1 0 4 4 1  660    1 
4 4 0 3 3 2 0 1 4 4 1  417    1 
4 4 0 3 3 2 0 1 4 4 1  383    1 
4 4 0 0 0 3 0 1 1 1 1  679    1 
4 4 1 3 3 2 0 1 4 4 1  675    0 
4 4 1 2 2 1 0 1 3 3 1  775    1 
4 4 0 0 0 3 0 1 1 1 1  791    1 
4 4 0 0 0 3 0 1 1 1 1  759    1 
