19 1 0 0 0 0 1 1 1 1 1 1174    1 
19 1 0 2 2 2 1 1 3 3 1 1502    1 
19 1 0 2 2 2 1 1 3 3 1  793    1 
19 1 1 1 1 0 0 1 2 2 1 1913    1 
19 1 0 2 1 2 1 0 2 2 1 1124    1 
19 1 1 0 0 3 0 1 1 1 1 1982    1 
19 1 0 2 1 1 0 0 2 2 1  829    1 
19 1 0 3 3 3 1 1 4 4 1  916    0 
19 1 0 0 0 3 0 1 1 1 1  494    1 
19 1 0 3 2 3 1 0 3 3 1 1265    0 
19 1 0 2 2 2 1 1 3 3 1  709    0 
19 1 0 3 2 2 0 0 3 3 1 1200    1 
19 1 0 3 2 2 0 0 3 3 1  471    1 
19 1 0 0 0 3 0 1 1 1 1  627    1 
19 1 0 0 3 3 0 0 4 4 1 1121    1 
19 1 0 1 0 1 1 0 1 1 1  884    1 
19 1 0 0 0 3 0 1 1 1 1  503    1 
19 1 0 3 3 2 0 1 4 4 1  914    1 
19 1 1 2 2 2 1 1 3 3 1  941    1 
19 1 1 1 1 0 0 1 2 2 1 1038    1 
19 1 0 0 3 3 0 0 4 4 1 1588    1 
19 1 0 2 2 2 1 1 3 3 1  491    1 
19 1 0 1 0 1 1 0 1 1 1  543    1 
19 1 0 1 1 0 0 1 2 2 1  696    1 
19 1 0 0 3 0 1 0 4 4 1  828    1 
19 1 0 0 0 0 1 1 1 1 1  546    1 
19 1 1 0 0 3 0 1 1 1 1 1427    1 
19 1 1 3 2 3 1 0 4 4 1 3641    1 
19 1 0 3 3 2 0 1 4 4 1  575    1 
19 1 0 1 1 0 0 1 2 2 1  751    1 
19 1 1 3 2 2 0 0 4 4 1 1792    1 
19 1 0 1 0 0 0 0 1 1 1  432    1 
19 1 1 2 2 1 0 1 3 3 1 1086    1 
19 1 0 0 0 0 1 1 1 1 1  609    1 
19 1 1 2 1 2 1 0 3 3 1 1360    0 
19 1 0 1 1 0 0 1 2 2 1  665    1 
19 1 0 0 0 0 1 1 1 1 1  430    1 
19 1 1 3 3 3 1 1 4 4 1 1188    1 
19 1 1 3 2 2 0 0 4 4 1 1043    1 
19 1 0 2 1 1 0 0 2 2 1 1009    1 
19 1 0 1 1 0 0 1 2 2 1  616    1 
19 1 0 3 3 3 1 1 4 3 0  702    1 
19 1 0 2 1 1 0 0 2 2 1 1119    1 
19 1 0 0 0 3 0 1 1 1 1  617    1 
19 1 0 3 2 2 0 0 3 3 1 1279    1 
19 1 0 1 1 0 0 1 2 2 1  635    1 
19 1 0 1 0 1 1 0 1 1 1  953    1 
19 1 0 1 1 1 1 1 2 2 1  626    1 
19 1 1 2 2 1 0 1 3 3 1 1400    1 
19 1 0 0 3 3 0 0 4 4 1  855    1 
19 1 0 1 1 1 1 1 2 2 1  619    1 
19 1 0 0 0 3 0 1 1 1 1  418    1 
19 1 1 1 0 0 0 0 2 2 1 1496    1 
19 1 1 2 2 2 1 1 3 3 1  739    1 
19 1 1 2 1 2 1 0 3 3 1 1429    1 
19 1 1 2 2 2 1 1 3 3 1  563    1 
19 1 0 0 3 3 0 0 4 4 1 1556    1 
19 1 0 2 1 2 1 0 2 2 1 1109    1 
19 1 1 2 2 2 1 1 3 3 1  567    1 
19 1 0 1 1 0 0 1 2 2 1  760    1 
19 1 0 3 3 3 1 1 4 4 1  712    1 
19 1 0 2 1 2 1 0 2 2 1 1603    1 
19 1 0 1 0 1 1 0 1 1 1  554    1 
19 1 0 0 0 0 1 1 1 1 1  371    1 
19 1 0 2 2 2 1 1 3 3 1  627    1 
19 1 0 2 2 1 0 1 3 3 1  649    1 
19 1 0 0 3 3 0 0 4 4 1 1150    1 
19 1 0 1 1 1 1 1 2 2 1  663    1 
19 1 0 0 3 3 0 0 4 2 0 1028    1 
19 1 1 0 3 3 0 0 1 1 1 1160    1 
19 1 0 1 0 0 0 0 1 1 1  849    1 
19 1 0 3 2 2 0 0 3 3 1  773    1 
19 1 1 3 3 2 0 1 4 4 1  950    1 
19 1 1 3 2 3 1 0 4 4 1  998    1 
19 1 0 2 1 1 0 0 2 2 1 1222    1 
19 1 0 3 3 2 0 1 4 4 1  796    1 
19 1 0 0 0 3 0 1 1 3 0  604    1 
19 1 1 0 3 0 1 0 1 1 1  832    1 
19 1 0 0 3 3 0 0 4 1 0  510    1 
19 1 1 1 1 1 1 1 2 2 1 1295    1 
19 1 1 0 3 0 1 0 1 1 1  978    0 
19 1 0 2 1 2 1 0 2 2 1 1346    1 
19 1 0 0 3 3 0 0 4 4 1  964   65 
19 1 0 3 3 2 0 1 4 4 1  549    1 
19 1 0 0 3 0 1 0 4 4 1  765    1 
19 1 0 3 3 2 0 1 4 4 1  502    1 
19 1 1 1 1 1 1 1 2 2 1 1040    1 
19 1 1 3 3 3 1 1 4 4 1  742    1 
19 1 0 0 0 3 0 1 1 1 1  511    1 
19 1 1 0 3 3 0 0 1 1 1 1218    1 
19 1 1 2 1 1 0 0 3 3 1  856    1 
19 1 0 2 2 1 0 1 3 3 1  637    1 
19 1 0 3 2 3 1 0 3 3 1  467    1 
19 1 0 2 2 1 0 1 3 3 1  463    1 
19 1 0 1 1 0 0 1 2 2 1  644    1 
19 1 0 3 2 2 0 0 3 3 1 1249    0 
19 1 0 3 2 3 1 0 3 3 1  446    1 
19 1 0 3 2 3 1 0 3 3 1  443    1 
19 1 0 2 1 1 0 0 2 2 1 1145    1 
19 1 0 0 3 0 1 0 4 1 0  650    1 
19 1 0 3 2 2 0 0 3 3 1 1045    1 
19 1 0 1 0 1 1 0 1 1 1  891    1 
19 1 0 1 1 1 1 1 2 2 1  654    1 
19 1 0 2 1 2 1 0 2 2 1  683    0 
19 1 0 3 3 3 1 1 4 4 1  743    1 
19 1 0 1 0 0 0 0 1 1 1  744    1 
19 1 0 1 0 0 0 0 1 1 1  353    1 
19 1 1 1 1 1 1 1 2 2 1 1106    1 
19 1 0 0 3 3 0 0 4 4 1  973    1 
19 1 0 3 3 3 1 1 4 4 1  469    1 
19 1 0 2 2 1 0 1 3 3 1  697    1 
19 1 1 0 3 0 1 0 1 1 1  797    1 
19 1 0 3 2 3 1 0 3 3 1 1076    1 
19 1 0 2 2 1 0 1 3 3 1  505    1 
19 1 1 2 2 1 0 1 3 3 1  659    1 
19 1 0 0 3 0 1 0 4 4 1  872    1 
19 1 0 1 1 1 1 1 2 2 1  620    1 
19 1 0 1 0 0 0 0 1 1 1  738    1 
19 1 0 3 3 3 1 1 4 2 0  700    1 
19 1 0 0 3 0 1 0 4 1 0  701   51 
19 1 0 2 2 1 0 1 3 3 1  614    1 
19 1 0 0 3 0 1 0 4 4 1 1196    1 
19 1 0 0 3 3 0 0 4 4 1  436    1 
19 1 0 1 0 0 0 0 1 1 1  361    1 
19 1 0 2 1 1 0 0 2 2 1  626    1 
19 1 1 3 3 2 0 1 4 4 1  704    1 
19 1 0 3 3 2 0 1 4 4 1  507    1 
19 1 1 2 1 1 0 0 3 3 1 1086    1 
19 1 0 3 2 2 0 0 3 3 1 1025    1 
19 1 1 0 3 0 1 0 1 1 1  648    1 
19 1 0 3 2 2 0 0 3 3 1  597   64 
19 1 1 3 2 3 1 0 4 4 1  845    1 
19 1 0 2 2 2 1 1 3 3 1  530    1 
19 1 1 0 3 3 0 0 1 1 1 1684    1 
19 1 0 3 3 3 1 1 4 4 1 1088    1 
19 1 0 1 0 1 1 0 1 1 1  611    1 
19 1 0 3 2 3 1 0 3 3 1  586    0 
19 1 0 1 1 0 0 1 2 2 1  617    1 
19 1 0 1 0 0 0 0 1 1 1  528    1 
19 1 0 2 1 1 0 0 2 2 1 1058    1 
19 1 0 2 1 2 1 0 2 2 1  999    0 
19 1 0 1 0 0 0 0 1 1 1  773  131 
19 1 1 1 1 1 1 1 2 2 1  990    1 
19 1 0 1 1 0 0 1 2 2 1  525    1 
19 1 0 1 0 0 0 0 1 1 1  607    1 
19 1 0 0 0 3 0 1 1 1 1  558    1 
19 1 1 3 3 2 0 1 4 2 0 1015    1 
19 1 1 3 3 3 1 1 4 4 1  643    1 
19 1 0 0 3 3 0 0 4 4 1 1000    1 
19 1 0 0 0 3 0 1 1 1 1  463    1 
19 1 1 2 1 2 1 0 3 3 1 1260    0 
19 1 1 1 1 1 1 1 2 2 1  785    1 
19 1 0 0 3 0 1 0 4 4 1  952    1 
19 1 0 2 1 2 1 0 2 2 1 1073    0 
19 1 1 1 1 1 1 1 2 2 1  685    1 
19 1 0 3 3 2 0 1 4 4 1  593    1 
19 1 0 1 1 1 1 1 2 2 1  560    1 
19 1 0 1 0 1 1 0 1 1 1  441    1 
19 1 0 0 0 3 0 1 1 1 1  407   80 
19 1 0 1 0 1 1 0 1 1 1  381    1 
19 1 0 3 2 3 1 0 3 3 1  742    1 
19 1 0 0 0 0 1 1 1 1 1  551    1 
19 1 0 1 0 0 0 0 1 1 1  376    1 
19 1 0 3 3 3 1 1 4 3 0  656    1 
19 1 0 2 1 2 1 0 2 2 1 1347    1 
19 1 0 2 2 1 0 1 3 3 1  612    1 
19 1 0 1 0 0 0 0 1 1 1  483    1 
19 1 0 1 0 1 1 0 1 1 1  383    1 
19 1 0 0 0 0 1 1 1 1 1  358    1 
19 1 0 2 2 2 1 1 3 3 1  543    1 
19 1 0 0 3 0 1 0 4 2 0  960    1 
19 1 1 3 2 3 1 0 4 4 1  967    1 
19 1 0 2 2 1 0 1 3 3 1  759    1 
19 1 1 0 3 0 1 0 1 1 1  944    1 
19 1 0 3 3 2 0 1 4 4 1  682    1 
19 1 0 2 2 2 1 1 3 3 1  614    1 
19 1 0 0 3 0 1 0 4 4 1 1021    1 
19 1 0 3 3 3 1 1 4 4 1  491    1 
19 1 0 3 2 2 0 0 3 3 1  622    1 
19 1 1 2 2 2 1 1 3 3 1  700    1 
19 1 0 2 2 2 1 1 3 3 1  471    1 
19 1 1 1 0 1 1 0 2 2 1 1419    1 
19 1 1 2 1 1 0 0 3 3 1 1593    1 
19 1 0 3 3 2 0 1 4 4 1 1001    1 
19 1 0 2 1 2 1 0 2 3 0  640    1 
19 1 1 0 0 0 1 1 1 1 1  683    1 
19 1 0 2 1 2 1 0 2 2 1 1167    1 
19 1 0 1 1 1 1 1 2 2 1  535    1 
19 1 0 1 1 0 0 1 2 2 1  488    1 
19 1 0 1 1 0 0 1 2 2 1  396    1 
19 1 0 3 3 2 0 1 4 4 1  611    1 
19 1 1 3 2 3 1 0 4 4 1 1098    0 
19 2 1 1 1 1 1 1 2 2 1 2300    1 
19 2 0 1 2 2 0 0 3 3 1 1263    0 
19 2 0 0 0 1 0 1 1 1 1  571    1 
19 2 0 3 0 0 0 0 1 1 1  604    1 
19 2 1 1 2 1 1 0 2 2 1 1010    1 
19 2 0 3 0 3 1 0 1 1 1 1009    1 
19 2 0 1 1 1 1 1 2 2 1  544    1 
19 2 0 0 1 1 0 0 2 2 1  482    1 
19 2 0 1 2 2 0 0 3 3 1  830    1 
19 2 1 0 1 1 0 0 1 1 1 1228    1 
19 2 1 2 2 2 1 1 3 3 1  794    1 
19 2 0 2 2 2 1 1 3 3 1  602    1 
19 2 0 3 3 3 1 1 4 4 1 2288    1 
19 2 0 0 1 0 1 0 2 2 1  788    1 
19 2 0 1 1 1 1 1 2 2 1  811    1 
19 2 0 0 0 0 1 1 1 1 1  490   51 
19 2 0 1 2 2 0 0 3 3 1 2118   10 
19 2 0 2 2 3 0 1 3 3 1  432    1 
19 2 0 0 1 0 1 0 2 2 1 1517    1 
19 2 1 0 0 1 0 1 1 1 1  568    1 
19 2 0 3 0 0 0 0 1 1 1  664    1 
19 2 1 0 1 0 1 0 1 1 1  949    1 
19 2 1 1 2 1 1 0 2 2 1  837    1 
19 2 1 3 3 3 1 1 4 4 1  995    1 
19 2 1 3 3 0 0 1 4 4 1  578    1 
19 2 1 3 0 0 0 0 4 1 0 1147    0 
19 2 0 1 2 1 1 0 3 2 0  786    1 
19 2 0 0 1 1 0 0 2 2 1  984    1 
19 2 0 1 2 2 0 0 3 3 1  799    1 
19 2 0 1 2 1 1 0 3 3 1  446    1 
19 2 0 1 1 2 0 1 2 2 1  699    1 
19 2 1 1 1 1 1 1 2 2 1  710    1 
19 2 1 3 3 3 1 1 4 4 1  649    1 
19 2 0 0 1 1 0 0 2 2 1  886    1 
19 2 0 3 0 3 1 0 1 1 1  721    1 
19 2 0 2 3 3 0 0 4 4 1 1275    1 
19 2 0 2 2 3 0 1 3 3 1  592    1 
19 2 0 3 3 0 0 1 4 4 1 1495    1 
19 2 0 0 1 1 0 0 2 2 1  475    1 
19 2 0 2 3 3 0 0 4 4 1  863    1 
19 2 0 1 2 2 0 0 3 3 1  884    1 
19 2 0 3 3 0 0 1 4 4 1 1495    1 
19 2 0 2 2 3 0 1 3 3 1 1259    1 
19 2 1 2 2 2 1 1 3 3 1  759    1 
19 2 0 2 2 2 1 1 3 3 1  400    1 
19 2 0 2 2 3 0 1 3 3 1  447    1 
19 2 0 1 1 1 1 1 2 2 1  557    0 
19 2 1 0 1 1 0 0 1 1 1  733    1 
19 2 0 1 1 1 1 1 2 2 1  647    1 
19 2 1 3 0 0 0 0 4 1 0  588    0 
19 2 0 1 2 1 1 0 3 2 0  554    1 
19 2 1 1 1 1 1 1 2 2 1  753    1 
19 2 1 0 1 0 1 0 1 1 1 1369    1 
19 2 1 3 0 3 1 0 4 4 1  842    1 
19 2 1 3 0 3 1 0 4 4 1  487    1 
19 2 1 2 2 2 1 1 3 3 1  603    1 
19 2 0 0 1 0 1 0 2 2 1 1017    1 
19 2 0 2 2 3 0 1 3 3 1  599    1 
19 2 0 2 2 3 0 1 3 3 1  518    1 
19 2 0 0 1 1 0 0 2 2 1 1056    1 
19 2 1 0 1 0 1 0 1 1 1  749    1 
19 2 1 0 1 0 1 0 1 1 1  438    1 
19 2 0 1 2 1 1 0 3 3 1  812    1 
19 2 0 1 2 1 1 0 3 3 1  402    1 
19 2 0 0 1 0 1 0 2 2 1 1041    1 
19 2 0 0 0 1 0 1 1 1 1  743   84 
19 2 0 1 2 2 0 0 3 3 1  784    1 
19 2 0 0 0 0 1 1 1 1 1  568    1 
19 2 1 0 0 0 1 1 1 1 1  768    1 
19 2 1 3 0 3 1 0 4 1 0 1168    1 
19 2 1 3 0 0 0 0 4 4 1  798    1 
19 2 1 1 1 2 0 1 2 2 1  774    1 
19 2 0 1 2 1 1 0 3 3 1 1934    1 
19 2 0 0 0 1 0 1 1 1 1  671    1 
19 2 0 2 2 2 1 1 3 3 1  683    1 
19 2 0 3 3 0 0 1 4 4 1  719    1 
19 2 0 1 1 2 0 1 2 2 1 1121    1 
19 2 0 1 2 1 1 0 3 3 1  971    1 
19 2 0 3 0 0 0 0 1 1 1  843    1 
19 2 0 2 3 2 1 0 4 3 0  641    1 
19 2 1 2 2 2 1 1 3 3 1  628    1 
19 2 1 0 1 1 0 0 1 1 1 1267    1 
19 2 1 3 0 0 0 0 4 4 1  719    1 
19 2 0 1 1 2 0 1 2 2 1  625    1 
19 2 1 3 0 0 0 0 4 4 1  895    1 
19 2 0 0 0 0 1 1 1 1 1  627    1 
19 2 0 0 0 1 0 1 1 1 1  449    1 
19 2 1 1 1 1 1 1 2 2 1  997    1 
19 2 0 0 0 1 0 1 1 1 1  629    1 
19 2 0 1 1 1 1 1 2 4 0  987    1 
19 2 0 3 0 0 0 0 1 1 1 1161    1 
19 2 0 2 3 3 0 0 4 4 1  769    1 
19 2 0 3 3 0 0 1 4 4 1  434    0 
19 2 0 1 1 2 0 1 2 2 1  743    1 
19 2 0 1 1 2 0 1 2 2 1  393    1 
19 2 0 0 1 1 0 0 2 2 1  696    1 
19 2 0 2 3 3 0 0 4 4 1  819    1 
19 2 0 2 3 3 0 0 4 4 1  754    1 
19 2 1 3 0 3 1 0 4 4 1  954    1 
19 2 0 3 3 3 1 1 4 4 1  563    1 
19 2 0 2 3 2 1 0 4 4 1  556    1 
19 2 0 1 2 1 1 0 3 3 1  933   21 
19 2 0 3 3 3 1 1 4 4 1  502    1 
19 2 1 3 3 0 0 1 4 4 1  809    1 
19 2 0 0 0 1 0 1 1 1 1  608   73 
19 2 0 3 0 0 0 0 1 1 1  359    1 
19 2 1 3 3 3 1 1 4 4 1  744    1 
19 2 0 2 3 3 0 0 4 4 1  393    1 
19 2 0 1 2 2 0 0 3 2 0  649   68 
19 2 0 0 0 0 1 1 1 1 1  467    1 
19 2 1 1 1 2 0 1 2 4 0 1567   36 
19 2 0 3 0 0 0 0 1 1 1  486    1 
19 2 1 3 0 0 0 0 4 1 0  705    1 
19 2 0 3 3 0 0 1 4 4 1  570    1 
19 2 0 2 2 2 1 1 3 3 1  594    1 
19 2 0 2 2 3 0 1 3 3 1  570    1 
19 2 0 2 2 3 0 1 3 3 1  426    1 
19 2 0 3 3 3 1 1 4 4 1 1272    1 
19 2 0 0 1 0 1 0 2 2 1 1348    1 
19 2 1 1 2 1 1 0 2 2 1  966    1 
19 2 0 2 2 3 0 1 3 3 1  758    1 
19 2 0 0 1 0 1 0 2 2 1  991    0 
19 2 0 2 3 2 1 0 4 4 1  966   78 
19 2 0 3 0 0 0 0 1 1 1  670    1 
19 2 0 3 3 3 1 1 4 4 1  530    1 
19 2 0 1 1 2 0 1 2 2 1  621    1 
19 2 0 2 2 2 1 1 3 3 1  643    1 
19 2 0 0 1 1 0 0 2 2 1  928    1 
19 2 0 3 3 3 1 1 4 4 1  706    1 
19 2 1 1 2 1 1 0 2 2 1 1445    1 
19 2 0 0 1 0 1 0 2 2 1  675    1 
19 2 0 2 3 3 0 0 4 4 1  551    1 
19 2 0 1 2 2 0 0 3 3 1  608    1 
19 2 1 0 0 1 0 1 1 1 1  702    1 
19 2 0 0 1 0 1 0 2 4 0 1673    1 
19 2 0 3 3 0 0 1 4 4 1  371    1 
19 2 0 2 2 3 0 1 3 3 1  572    1 
19 2 0 1 2 1 1 0 3 3 1  476    1 
19 2 0 0 0 0 1 1 1 1 1  800    1 
19 2 1 0 0 0 1 1 1 1 1  399    1 
19 2 0 2 3 3 0 0 4 4 1  677    1 
19 2 0 3 0 3 1 0 1 1 1  682    1 
19 2 1 3 3 3 1 1 4 4 1  846    1 
19 2 0 2 3 3 0 0 4 4 1  691    0 
19 2 0 3 0 3 1 0 1 1 1  591   62 
19 2 1 0 1 1 0 0 1 1 1 1382    1 
19 2 0 3 3 0 0 1 4 4 1  638    1 
19 2 0 0 0 0 1 1 1 1 1  491    1 
19 2 0 2 2 2 1 1 3 3 1  543    1 
19 2 0 2 2 3 0 1 3 3 1  448    1 
19 2 0 2 2 3 0 1 3 3 1  446    1 
19 2 1 2 3 2 1 0 3 3 1 1187    1 
19 2 0 0 1 0 1 0 2 2 1  971    1 
19 2 0 2 2 3 0 1 3 3 1  619    1 
19 2 0 3 3 0 0 1 4 4 1  689    1 
19 2 0 2 2 3 0 1 3 3 1  596    1 
19 2 0 2 2 3 0 1 3 3 1  372    1 
19 2 0 0 0 0 1 1 1 1 1  452    1 
19 2 0 0 1 0 1 0 2 2 1  745    0 
19 2 0 0 1 1 0 0 2 2 1  466    1 
19 2 1 1 1 2 0 1 2 2 1  790    1 
19 2 0 2 2 2 1 1 3 3 1  582    1 
19 2 0 3 0 3 1 0 1 1 1 1118    1 
19 2 0 3 3 3 1 1 4 4 1  760    1 
19 2 0 2 3 3 0 0 4 4 1  489    1 
19 2 0 2 3 3 0 0 4 4 1  476    1 
19 2 0 1 2 1 1 0 3 3 1 1096    1 
19 2 0 1 2 2 0 0 3 3 1  412    1 
19 2 1 3 0 0 0 0 4 4 1 1059    1 
19 2 0 0 1 1 0 0 2 2 1 1176    1 
19 2 0 2 2 2 1 1 3 3 1  464    1 
19 2 0 3 3 0 0 1 4 4 1 1141    1 
19 2 0 2 2 2 1 1 3 3 1  638    1 
19 2 1 2 2 3 0 1 3 3 1 1011    1 
19 2 0 1 1 1 1 1 2 2 1  602    1 
19 2 1 1 2 1 1 0 2 2 1 1393    1 
19 2 0 0 0 0 1 1 1 1 1  657    1 
19 2 0 2 2 2 1 1 3 3 1  702    1 
19 2 0 1 1 2 0 1 2 2 1 1240    1 
19 2 0 1 1 1 1 1 2 2 1  494    1 
19 2 0 0 0 1 0 1 1 1 1  553    1 
19 2 0 0 1 1 0 0 2 2 1 1034    1 
19 2 0 1 2 1 1 0 3 3 1  760    1 
19 2 0 3 3 3 1 1 4 4 1 1168    1 
19 2 0 0 1 0 1 0 2 2 1 1281    1 
19 2 1 2 3 2 1 0 3 3 1 1525    1 
19 2 0 1 2 1 1 0 3 3 1 1575    1 
19 2 0 3 3 3 1 1 4 4 1 1455    1 
19 2 0 2 2 2 1 1 3 3 1  476    1 
19 2 0 1 1 1 1 1 2 2 1 1296    1 
19 2 0 2 3 3 0 0 4 4 1  772    1 
19 2 0 3 0 0 0 0 1 1 1  380    1 
19 3 0 1 2 1 1 0 3 3 1 1673    1 
19 3 1 0 1 0 1 0 1 1 1  805    1 
19 3 0 0 1 0 1 0 2 1 0  436    1 
19 3 1 0 1 0 1 0 1 1 1  656    1 
19 3 0 2 2 2 1 1 3 3 1  804    1 
19 3 0 2 3 0 0 0 4 4 1 1115    1 
19 3 0 2 3 0 0 0 4 4 1  470    1 
19 3 0 1 1 3 0 1 2 2 1  754    1 
19 3 0 0 0 0 1 1 1 1 1  531    1 
19 3 0 0 0 0 1 1 1 1 1  365    1 
19 3 1 2 3 2 1 0 3 3 1 1422    1 
19 3 0 1 2 1 1 0 3 3 1 1060    1 
19 3 1 2 2 2 1 1 3 3 1  721    1 
19 3 0 3 3 3 1 1 4 4 1  611    1 
19 3 0 3 3 3 1 1 4 4 1  410    0 
19 3 0 0 0 2 0 1 1 3 0  513    1 
19 3 0 0 1 2 0 0 2 2 1 1081    1 
19 3 0 1 2 3 0 0 3 3 1  622    1 
19 3 0 2 3 0 0 0 4 4 1  812    1 
19 3 0 1 2 3 0 0 3 3 1  811    1 
19 3 0 2 2 0 0 1 3 3 1  417    1 
19 3 0 1 2 1 1 0 3 3 1  431    1 
19 3 0 3 0 1 0 0 1 1 1  694    1 
19 3 1 1 1 3 0 1 2 2 1 1305   73 
19 3 0 3 3 1 0 1 4 3 0  772    1 
19 3 1 2 2 2 1 1 3 3 1  586    1 
19 3 0 0 1 0 1 0 2 2 1 1570    1 
19 3 0 0 1 2 0 0 2 2 1  434    1 
19 3 0 1 2 3 0 0 3 3 1  967    1 
19 3 1 0 1 0 1 0 1 1 1  871    1 
19 3 0 0 1 2 0 0 2 1 0  628    1 
19 3 0 0 1 0 1 0 2 2 1 1072    1 
19 3 1 0 1 2 0 0 1 1 1  716    1 
19 3 1 0 0 0 1 1 1 1 1  862    1 
19 3 1 3 0 1 0 0 4 4 1  947    1 
19 3 0 0 0 0 1 1 1 1 1  908    1 
19 3 0 0 1 0 1 0 2 2 1  663    1 
19 3 1 3 3 1 0 1 4 4 1  996    1 
19 3 0 3 3 3 1 1 4 4 1  524    1 
19 3 0 3 0 1 0 0 1 1 1  542    1 
19 3 0 0 0 2 0 1 1 1 1  383    1 
19 3 0 2 2 0 0 1 3 3 1  679    1 
19 3 1 3 3 1 0 1 4 4 1 1435    1 
19 3 0 1 1 1 1 1 2 2 1  808    1 
19 3 0 1 2 1 1 0 3 3 1  703    1 
19 3 0 1 1 3 0 1 2 2 1  706    1 
19 3 0 0 0 2 0 1 1 1 1  389    1 
19 3 1 3 0 1 0 0 4 4 1  868    1 
19 3 1 3 3 1 0 1 4 4 1  592    1 
19 3 0 2 2 2 1 1 3 3 1  592    1 
19 3 0 3 3 1 0 1 4 4 1  751    1 
19 3 1 0 1 2 0 0 1 1 1  832    1 
19 3 0 1 2 1 1 0 3 3 1 1022    1 
19 3 1 0 0 2 0 1 1 1 1  908    1 
19 3 1 3 0 1 0 0 4 4 1  743    1 
19 3 0 2 2 2 1 1 3 3 1  600    1 
19 3 0 2 2 0 0 1 3 3 1  695    1 
19 3 1 3 3 3 1 1 4 4 1 1202    1 
19 3 0 1 1 1 1 1 2 2 1  641    1 
19 3 0 2 3 2 1 0 4 3 0  583    1 
19 3 0 0 1 2 0 0 2 2 1  788    1 
19 3 0 1 1 3 0 1 2 2 1  556    1 
19 3 0 3 0 3 1 0 1 1 1  884    1 
19 3 0 2 2 0 0 1 3 3 1  552    1 
19 3 0 3 3 1 0 1 4 4 1 1113    1 
19 3 1 2 3 0 0 0 3 3 1  820    1 
19 3 0 3 3 1 0 1 4 4 1 1434    1 
19 3 0 0 1 0 1 0 2 2 1  975    1 
19 3 0 2 2 2 1 1 3 3 1  471    1 
19 3 0 1 1 1 1 1 2 2 1 1268    1 
19 3 0 1 2 1 1 0 3 3 1  848    1 
19 3 0 1 2 3 0 0 3 3 1  397    1 
19 3 0 2 3 0 0 0 4 4 1 1269    1 
19 3 0 3 3 1 0 1 4 4 1  385    1 
19 3 0 2 3 2 1 0 4 4 1  368    1 
19 3 1 2 3 2 1 0 3 4 0  384    1 
19 3 0 0 1 2 0 0 2 2 1  726    0 
19 3 1 1 2 1 1 0 2 2 1 2152    1 
19 3 0 2 2 2 1 1 3 3 1  593    1 
19 3 0 1 2 1 1 0 3 3 1  464    1 
19 3 0 1 2 3 0 0 3 3 1  365    1 
19 3 0 2 2 0 0 1 3 3 1  477    1 
19 3 0 1 2 1 1 0 3 3 1  409    1 
19 3 0 2 3 0 0 0 4 4 1 2568    1 
19 3 0 0 1 0 1 0 2 2 1 1145    1 
19 3 0 3 0 1 0 0 1 1 1  594    1 
19 3 1 3 3 1 0 1 4 4 1  794    1 
19 3 0 0 0 2 0 1 1 3 0  465    0 
19 3 0 2 2 0 0 1 3 3 1  619    1 
19 3 0 2 3 0 0 0 4 4 1  985    1 
19 3 1 1 2 3 0 0 2 2 1 1041   82 
19 3 0 2 2 2 1 1 3 3 1  662    1 
19 3 1 0 0 0 1 1 1 1 1  675    1 
19 3 0 0 0 2 0 1 1 1 1  415    1 
19 3 0 3 0 3 1 0 1 1 1  421    1 
19 3 0 2 3 2 1 0 4 4 1 1067    1 
19 3 0 0 0 2 0 1 1 1 1  520    1 
19 3 0 1 2 3 0 0 3 2 0  818    1 
19 3 0 0 0 0 1 1 1 1 1  478    1 
19 3 0 2 3 0 0 0 4 4 1  834    0 
19 3 0 0 0 0 1 1 1 1 1  496    1 
19 3 0 3 3 3 1 1 4 4 1  851    1 
19 3 1 3 0 1 0 0 4 4 1  856    1 
19 3 0 2 2 0 0 1 3 3 1  573    1 
19 3 0 0 1 2 0 0 2 2 1  757    1 
19 3 0 3 3 3 1 1 4 4 1  598    1 
19 3 0 3 3 1 0 1 4 4 1  469    1 
19 3 0 1 1 3 0 1 2 2 1  649    1 
19 3 0 3 3 1 0 1 4 4 1  565    1 
19 3 1 0 0 0 1 1 1 1 1  654    1 
19 3 1 1 2 1 1 0 2 2 1 2442    1 
19 3 1 0 1 0 1 0 1 1 1  760    1 
19 3 0 2 3 2 1 0 4 4 1 1129    1 
19 3 1 1 2 1 1 0 2 2 1  843    1 
19 3 1 1 1 3 0 1 2 2 1  600   58 
19 3 0 1 1 3 0 1 2 2 1  519    1 
19 3 0 0 1 2 0 0 2 2 1  585    1 
19 3 0 2 3 0 0 0 4 4 1  545    1 
19 3 1 3 0 3 1 0 4 4 1  874    1 
19 3 0 0 1 0 1 0 2 2 1 1070   86 
19 3 0 3 3 1 0 1 4 4 1  579    1 
19 3 0 2 3 2 1 0 4 4 1  419    1 
19 3 1 1 2 1 1 0 2 2 1  913   75 
19 3 1 0 1 2 0 0 1 1 1 1180    1 
19 3 0 2 2 2 1 1 3 3 1  716    1 
19 3 0 3 0 1 0 0 1 1 1  926    1 
19 3 0 3 3 1 0 1 4 2 0 1328    1 
19 3 0 2 3 0 0 0 4 4 1  576    1 
19 3 0 2 3 0 0 0 4 4 1  424    1 
19 3 1 2 3 2 1 0 3 3 1 1127    1 
19 3 0 3 3 3 1 1 4 4 1  417    1 
19 3 0 2 2 0 0 1 3 3 1  695    1 
19 3 1 0 1 0 1 0 1 1 1  874    1 
19 3 0 1 2 1 1 0 3 3 1 1063    1 
19 3 1 1 2 1 1 0 2 2 1  947    1 
19 3 1 1 1 3 0 1 2 2 1 1197    1 
19 3 0 3 3 1 0 1 4 4 1  637    1 
19 3 0 3 0 1 0 0 1 1 1 1130    1 
19 3 1 3 0 3 1 0 4 1 0  364    1 
19 3 0 1 1 3 0 1 2 2 1  827    0 
19 3 1 1 2 1 1 0 2 2 1  857    1 
19 3 0 1 1 1 1 1 2 2 1  414    1 
19 3 0 2 2 0 0 1 3 3 1  749    1 
19 3 0 1 1 3 0 1 2 2 1  750    1 
19 3 1 1 2 1 1 0 2 2 1 1574  101 
19 3 0 3 0 3 1 0 1 1 1  903    1 
19 3 0 0 1 2 0 0 2 2 1  665    1 
19 3 0 3 3 1 0 1 4 4 1  581    1 
19 3 0 3 0 1 0 0 1 1 1  486    1 
19 3 0 3 0 3 1 0 1 1 1  377    1 
19 3 0 3 3 3 1 1 4 4 1 1681    1 
19 3 0 1 1 3 0 1 2 2 1  590    1 
19 3 0 2 3 0 0 0 4 4 1 1005    1 
19 3 0 0 1 2 0 0 2 4 0 1060    1 
19 3 0 3 3 1 0 1 4 4 1  511    1 
19 3 1 1 2 1 1 0 2 2 1  849    1 
19 3 0 1 1 1 1 1 2 2 1  510    1 
19 3 0 0 0 0 1 1 1 1 1  513    1 
19 3 1 3 3 1 0 1 4 2 0  924    0 
19 3 1 0 1 2 0 0 1 1 1  692    1 
19 3 0 1 2 1 1 0 3 2 0  624    1 
19 3 0 2 3 2 1 0 4 4 1 1116    1 
19 3 0 1 2 3 0 0 3 3 1  734    1 
19 3 0 1 1 1 1 1 2 2 1  743    1 
19 3 0 0 0 2 0 1 1 1 1  521    1 
19 3 0 1 1 3 0 1 2 2 1  635    1 
19 3 0 3 3 3 1 1 4 4 1  576    1 
19 3 0 0 0 2 0 1 1 1 1  529   10 
19 3 0 2 2 2 1 1 3 3 1  811    1 
19 3 0 2 3 2 1 0 4 4 1 1186    1 
19 3 0 0 0 2 0 1 1 1 1  513    1 
19 3 0 1 1 1 1 1 2 2 1  580    0 
19 3 1 0 1 0 1 0 1 1 1  684    1 
19 3 0 3 0 3 1 0 1 1 1  663    1 
19 3 0 1 1 1 1 1 2 2 1  532    1 
19 3 0 0 1 0 1 0 2 2 1  558   28 
19 3 0 2 2 2 1 1 3 3 1  527    1 
19 3 1 0 1 2 0 0 1 1 1  777    1 
19 3 0 0 0 0 1 1 1 1 1  497    1 
19 3 0 3 3 3 1 1 4 4 1 1004    1 
19 3 0 2 2 0 0 1 3 3 1  675    1 
19 3 0 3 3 3 1 1 4 4 1  655    1 
19 3 0 2 2 2 1 1 3 3 1  588    1 
19 3 0 2 2 2 1 1 3 3 1  419    1 
19 3 0 1 2 3 0 0 3 3 1  434    1 
19 3 0 3 3 3 1 1 4 4 1 1191    1 
19 3 1 3 3 1 0 1 4 4 1  887    1 
19 3 0 3 3 3 1 1 4 4 1  370    1 
19 3 1 2 3 0 0 0 3 3 1 1146    1 
19 3 1 2 2 2 1 1 3 3 1 1484    1 
19 3 0 2 3 2 1 0 4 4 1 1543    1 
19 3 0 1 1 1 1 1 2 2 1  705    1 
19 4 0 0 0 1 0 1 1 1 1 1044    1 
19 4 1 2 2 3 0 1 3 3 1  666    1 
19 4 0 1 1 1 1 1 2 2 1  614    1 
19 4 0 1 2 2 0 0 3 3 1  700    1 
19 4 0 1 1 1 1 1 2 2 1  567    1 
19 4 0 1 1 1 1 1 2 2 1  447    1 
19 4 0 1 2 2 0 0 3 3 1  461    1 
19 4 1 3 0 0 0 0 4 4 1  898    1 
19 4 1 1 2 2 0 0 2 2 1  741    1 
19 4 1 0 0 0 1 1 1 1 1  527    1 
19 4 0 1 1 1 1 1 2 2 1  601    1 
19 4 0 2 3 3 0 0 4 4 1 1720    1 
19 4 0 3 3 0 0 1 4 4 1  530  154 
19 4 0 2 2 3 0 1 3 3 1  388    1 
19 4 0 2 2 2 1 1 3 3 1  395    1 
19 4 0 2 3 3 0 0 4 4 1  995    1 
19 4 0 0 0 1 0 1 1 1 1  474    1 
19 4 1 3 3 0 0 1 4 4 1  766    1 
19 4 0 1 1 1 1 1 2 2 1  575    1 
19 4 1 2 3 3 0 0 3 3 1 1311    1 
19 4 0 3 3 0 0 1 4 4 1  690    1 
19 4 0 1 1 2 0 1 2 2 1  661    1 
19 4 0 3 0 3 1 0 1 1 1  402    1 
19 4 0 3 0 3 1 0 1 1 1  353    1 
19 4 0 0 0 1 0 1 1 1 1  377    1 
19 4 1 0 1 0 1 0 1 1 1 1130    1 
19 4 0 0 1 1 0 0 2 1 0  476    1 
19 4 0 2 2 2 1 1 3 3 1  574    1 
19 4 1 2 2 2 1 1 3 3 1  830    1 
19 4 0 2 2 3 0 1 3 3 1  532    1 
19 4 0 2 3 3 0 0 4 4 1 1086    1 
19 4 0 1 2 1 1 0 3 3 1 1241    1 
19 4 0 1 1 1 1 1 2 2 1  671    1 
19 4 0 0 1 1 0 0 2 1 0  683    1 
19 4 0 0 0 1 0 1 1 1 1  516    1 
19 4 1 3 3 0 0 1 4 4 1  934    1 
19 4 1 0 0 1 0 1 1 1 1  680    1 
19 4 0 1 1 2 0 1 2 2 1  916    1 
19 4 0 3 0 3 1 0 1 1 1 1350    1 
19 4 1 2 3 3 0 0 3 3 1 1415    1 
19 4 0 3 3 0 0 1 4 3 0  798    1 
19 4 1 3 0 3 1 0 4 1 0 1187    1 
19 4 0 3 0 3 1 0 1 1 1  464    1 
19 4 0 0 1 1 0 0 2 2 1 1061    1 
19 4 1 3 0 3 1 0 4 4 1  962    1 
19 4 0 1 2 1 1 0 3 3 1  675    1 
19 4 1 1 1 1 1 1 2 2 1  791    1 
19 4 1 1 1 1 1 1 2 2 1  582    1 
19 4 0 3 3 0 0 1 4 4 1  934    1 
19 4 0 0 1 1 0 0 2 2 1 1279    1 
19 4 0 0 1 0 1 0 2 2 1  476    1 
19 4 1 3 3 0 0 1 4 4 1  704    1 
19 4 0 3 0 0 0 0 1 1 1  539    1 
19 4 1 0 1 0 1 0 1 1 1 1100    1 
19 4 0 3 0 3 1 0 1 1 1  615    1 
19 4 0 1 1 1 1 1 2 2 1  662    1 
19 4 1 1 2 1 1 0 2 2 1  786    1 
19 4 0 0 1 0 1 0 2 2 1 1010    1 
19 4 0 3 0 0 0 0 1 1 1  497    1 
19 4 0 1 1 2 0 1 2 2 1  668    1 
19 4 1 2 3 2 1 0 3 3 1 1168    1 
19 4 1 0 1 1 0 0 1 1 1  809    1 
19 4 0 2 2 3 0 1 3 3 1  607    1 
19 4 0 2 3 2 1 0 4 4 1 1270    1 
19 4 0 0 0 0 1 1 1 1 1  434    1 
19 4 0 2 2 3 0 1 3 3 1  736    0 
19 4 0 3 0 0 0 0 1 1 1  489    1 
19 4 0 1 2 1 1 0 3 3 1 1021    1 
19 4 0 2 3 2 1 0 4 4 1 1155    1 
19 4 0 0 1 0 1 0 2 2 1  788    0 
19 4 0 3 3 3 1 1 4 4 1  627    1 
19 4 0 0 0 0 1 1 1 1 1  505    1 
19 4 0 3 0 3 1 0 1 1 1  724    1 
19 4 0 3 3 3 1 1 4 4 1  630    1 
19 4 0 3 3 3 1 1 4 4 1  373    1 
19 4 0 3 3 3 1 1 4 4 1  421    1 
19 4 1 2 2 3 0 1 3 3 1  651    1 
19 4 0 3 3 0 0 1 4 4 1  664    0 
19 4 0 0 0 0 1 1 1 1 1  596    1 
19 4 0 3 3 3 1 1 4 4 1  580    1 
19 4 0 2 3 3 0 0 4 4 1  468    1 
19 4 1 1 2 2 0 0 2 2 1 1104   38 
19 4 0 0 0 0 1 1 1 1 1  491    1 
19 4 0 2 2 2 1 1 3 3 1  806    1 
19 4 0 2 2 3 0 1 3 3 1  565    1 
19 4 1 2 2 2 1 1 3 3 1  766    1 
19 4 1 2 3 3 0 0 3 3 1 1110    1 
19 4 1 0 0 1 0 1 1 1 1  737    1 
19 4 1 1 1 2 0 1 2 2 1  722    1 
19 4 0 1 1 2 0 1 2 2 1  517    1 
19 4 0 2 3 3 0 0 4 4 1 1015    0 
19 4 0 1 2 2 0 0 3 3 1  750    1 
19 4 0 1 2 1 1 0 3 3 1  470    1 
19 4 0 1 1 1 1 1 2 2 1  770    1 
19 4 0 0 1 0 1 0 2 2 1  435    1 
19 4 0 2 2 2 1 1 3 3 1  544    1 
19 4 0 3 0 0 0 0 1 1 1  666    1 
19 4 1 3 3 3 1 1 4 4 1 1438    0 
19 4 0 3 0 0 0 0 1 1 1  611    1 
19 4 0 0 1 1 0 0 2 2 1 1058    1 
19 4 0 2 3 2 1 0 4 3 0  623    1 
19 4 0 0 1 0 1 0 2 2 1 1347    1 
19 4 0 0 1 0 1 0 2 2 1  381    1 
19 4 1 3 3 3 1 1 4 4 1  893    1 
19 4 0 1 2 1 1 0 3 3 1  720    1 
19 4 0 1 1 1 1 1 2 2 1  690    1 
19 4 0 2 3 2 1 0 4 4 1  870    1 
19 4 0 0 1 1 0 0 2 2 1  978    1 
19 4 0 3 0 0 0 0 1 1 1  482    1 
19 4 1 1 1 1 1 1 2 2 1  958    1 
19 4 0 2 2 3 0 1 3 3 1  574    1 
19 4 0 2 3 3 0 0 4 4 1 1079    0 
19 4 0 0 1 1 0 0 2 2 1 1435    1 
19 4 0 0 1 0 1 0 2 2 1  512    1 
19 4 0 2 2 3 0 1 3 3 1  659    1 
19 4 1 2 3 2 1 0 3 3 1  872    1 
19 4 1 1 2 2 0 0 2 3 0 1196    1 
19 4 0 1 2 2 0 0 3 3 1  650    1 
19 4 0 3 3 0 0 1 4 4 1  734    1 
19 4 1 2 3 2 1 0 3 3 1  752    1 
19 4 0 3 3 3 1 1 4 4 1  953    1 
19 4 0 0 1 1 0 0 2 2 1  986    1 
19 4 0 0 1 0 1 0 2 2 1  449    1 
19 4 1 2 2 2 1 1 3 3 1  678    1 
19 4 0 1 1 1 1 1 2 2 1  610    1 
19 4 0 2 3 2 1 0 4 4 1  705    1 
19 4 0 0 0 1 0 1 1 1 1  596    1 
19 4 0 0 0 0 1 1 1 1 1  387    1 
19 4 1 1 2 2 0 0 2 3 0 1187    1 
19 4 0 1 2 2 0 0 3 3 1 1000    1 
19 4 1 2 3 3 0 0 3 3 1 1127    1 
19 4 0 0 0 0 1 1 1 1 1  481    1 
19 4 0 0 1 1 0 0 2 2 1  677    1 
19 4 0 0 1 1 0 0 2 2 1  465    1 
19 4 1 2 2 3 0 1 3 3 1 1365    1 
19 4 0 0 0 0 1 1 1 1 1  542    1 
19 4 1 0 0 0 1 1 1 1 1  471    1 
19 4 0 3 0 3 1 0 1 1 1  379    1 
19 4 1 2 3 3 0 0 3 3 1  635    1 
19 4 0 2 3 2 1 0 4 4 1  393    1 
19 4 0 2 3 2 1 0 4 4 1  368   47 
19 4 0 0 0 1 0 1 1 1 1  584    1 
19 4 0 2 3 3 0 0 4 4 1  528    1 
19 4 0 3 3 3 1 1 4 4 1  482    1 
19 4 0 1 2 2 0 0 3 3 1  565    1 
19 4 1 1 1 2 0 1 2 2 1  822    1 
19 4 0 0 1 1 0 0 2 2 1  852    1 
19 4 0 0 1 1 0 0 2 2 1  401    1 
19 4 1 3 3 3 1 1 4 4 1 1143    1 
19 4 1 3 3 0 0 1 4 4 1  441    1 
19 4 0 2 3 2 1 0 4 4 1  358    1 
19 4 0 1 1 1 1 1 2 2 1  679    1 
19 4 1 1 1 2 0 1 2 4 0  587    1 
19 4 1 3 0 3 1 0 4 4 1 1673    1 
19 4 0 3 3 0 0 1 4 4 1  517    1 
19 4 0 0 0 1 0 1 1 1 1  479    1 
19 4 0 1 2 1 1 0 3 3 1 1219    1 
19 4 0 0 0 1 0 1 1 1 1  809    1 
19 4 0 0 1 0 1 0 2 2 1  808    1 
19 4 1 3 3 3 1 1 4 4 1  767    1 
19 4 0 1 1 1 1 1 2 4 0  551    1 
19 4 0 2 2 3 0 1 3 3 1  614    1 
19 4 0 0 0 0 1 1 1 1 1  525    1 
19 4 1 1 1 1 1 1 2 2 1  863    1 
19 4 0 0 0 1 0 1 1 1 1  692    1 
19 4 1 1 2 1 1 0 2 2 1  959    1 
19 4 0 2 3 2 1 0 4 4 1  552    1 
19 4 0 0 1 1 0 0 2 2 1  569    1 
19 4 0 2 2 2 1 1 3 3 1  369    1 
19 4 0 1 1 1 1 1 2 2 1  585    1 
19 4 0 1 1 2 0 1 2 2 1  665    1 
19 4 0 2 2 2 1 1 3 3 1  629    1 
19 4 0 3 0 3 1 0 1 1 1 1180    1 
19 4 0 0 1 0 1 0 2 4 0 1300    1 
19 4 0 0 1 1 0 0 2 2 1  509    1 
19 4 0 3 3 0 0 1 4 4 1  607    1 
19 4 0 1 2 2 0 0 3 3 1  662    1 
19 4 0 2 3 2 1 0 4 4 1 1267    1 
19 4 0 2 3 3 0 0 4 4 1  583    1 
19 4 1 1 1 1 1 1 2 2 1  831    1 
19 4 1 2 2 3 0 1 3 3 1  645    1 
19 4 0 3 3 3 1 1 4 4 1 1266    1 
19 4 0 1 2 1 1 0 3 3 1  775    1 
19 4 0 2 3 3 0 0 4 4 1  711    1 
19 4 0 3 0 0 0 0 1 1 1 1033    1 
19 4 0 3 0 0 0 0 1 1 1  335    1 
19 4 0 1 2 2 0 0 3 3 1  888    1 
19 4 0 3 3 3 1 1 4 4 1  508    1 
19 4 0 3 3 0 0 1 4 4 1  399    1 
19 4 0 1 1 2 0 1 2 2 1 1893    1 
19 4 0 3 0 3 1 0 1 1 1  657    1 
19 4 0 3 3 0 0 1 4 4 1 1574    1 
