7 1 1 0 2 2 5 2 1 3 3 1 1.690368 0.000000 
7 1 2 0 5 2 4 2 2 3 3 1 0.739250 0.000000 
7 1 3 1 2 1 4 2 2 3 2 0 1.225599 0.000000 
7 1 4 0 3 1 4 2 0 2 3 0 2.432272 0.000000 
7 1 5 0 2 2 2 1 1 3 3 1 2.064025 0.000000 
7 1 6 0 1 1 4 2 1 2 2 1 1.170573 0.000000 
7 1 7 0 0 2 4 2 0 3 3 1 1.376325 0.000000 
7 1 8 1 2 0 4 2 0 3 3 1 1.158111 0.000000 
7 1 9 0 3 1 1 0 0 2 2 1 1.596585 0.000000 
7 1 10 0 2 2 0 0 1 3 3 1 1.000797 0.000000 
7 1 11 0 3 1 1 0 0 2 3 0 1.485110 0.000000 
7 1 12 0 3 1 5 2 0 2 2 1 1.290136 0.000000 
7 1 13 1 0 0 0 1 1 1 1 1 1.059024 0.000000 
7 1 14 0 0 0 2 0 1 1 1 1 0.805421 0.000000 
7 1 15 1 2 1 5 2 2 3 2 0 1.041609 0.000000 
7 1 16 0 5 3 0 2 2 4 4 1 0.775539 0.000000 
7 1 17 0 3 1 1 1 0 2 2 1 1.156871 0.000000 
7 1 18 1 1 1 3 0 1 2 2 1 1.883286 0.000000 
7 1 19 1 2 2 2 1 1 3 3 1 0.860605 0.000000 
7 1 20 0 3 3 1 0 1 4 4 1 0.758933 0.000000 
7 1 21 0 1 1 0 2 1 2 2 1 1.052243 0.000000 
7 1 22 1 2 2 2 1 1 3 3 1 1.247566 0.000000 
7 1 23 0 4 3 1 0 2 4 4 1 0.761510 0.000000 
7 1 24 0 1 3 3 1 0 4 4 1 1.423261 0.000000 
7 1 25 0 0 2 2 1 0 3 3 1 0.899096 0.000000 
7 1 26 0 5 0 1 0 2 1 1 1 0.875916 0.000000 
7 1 27 0 4 2 2 1 2 3 3 1 0.973012 0.000000 
7 1 28 1 0 0 0 1 1 1 1 1 1.034724 0.000000 
7 1 29 0 4 1 1 1 2 2 3 0 0.645646 0.000000 
7 1 30 1 0 2 4 2 0 1 3 0 0.915412 0.000000 
7 1 31 0 1 1 4 2 1 2 2 1 1.199293 0.000000 
7 1 32 0 1 1 1 1 1 2 2 1 1.235983 0.000000 
7 1 33 0 0 2 2 1 0 3 3 1 1.350592 0.000000 
7 1 34 0 5 1 4 2 2 2 2 1 1.085067 0.000000 
7 1 35 0 4 2 2 1 2 3 3 1 0.926121 0.000000 
7 1 36 0 3 1 1 1 0 2 2 1 1.340733 0.000000 
7 1 37 0 3 1 1 0 0 2 2 1 0.683893 0.000000 
7 1 38 0 1 3 3 1 0 4 4 1 0.748796 0.000000 
7 1 39 0 4 3 0 2 2 4 4 1 1.163737 0.000000 
7 1 40 0 2 2 2 1 1 3 3 1 1.074081 0.000000 
7 1 41 0 3 3 1 0 1 4 4 1 0.611773 0.000000 
7 1 42 0 5 3 1 0 2 4 4 1 0.703069 0.000000 
7 1 43 0 4 2 1 0 2 3 3 1 0.767174 0.000000 
7 1 44 0 0 2 2 1 0 3 3 1 0.980875 0.000000 
7 1 45 0 4 1 4 2 2 2 2 1 0.898467 0.000000 
7 1 46 0 2 2 5 2 1 3 3 1 0.771492 0.000000 
7 1 47 0 4 3 3 1 2 4 4 1 0.513077 0.000000 
7 1 48 1 0 2 2 0 0 1 1 1 0.969225 0.000000 
7 1 49 0 4 2 5 2 2 3 3 1 0.782897 0.000000 
7 1 50 1 0 0 4 2 1 1 1 1 0.724076 0.000000 
7 1 51 0 4 1 1 1 2 2 2 1 1.082432 0.000000 
7 1 52 1 3 3 1 0 1 4 4 1 1.619988 0.000000 
7 1 53 0 3 1 1 0 0 2 4 0 0.847393 0.000000 
7 1 54 0 5 1 4 2 2 2 2 1 0.958403 0.000000 
7 1 55 0 4 1 5 2 2 2 2 1 0.612232 0.000000 
7 1 56 0 5 0 0 2 2 1 1 1 0.704422 0.000000 
7 1 57 0 1 3 3 0 0 4 4 1 0.840642 0.000000 
7 1 58 0 2 2 2 1 1 3 3 1 1.018572 0.000000 
7 1 59 0 4 2 1 0 2 3 3 1 0.678301 0.000000 
7 1 60 0 1 3 3 0 0 4 4 1 0.847845 0.000000 
7 1 61 1 3 3 3 1 1 4 4 1 0.930791 0.000000 
7 1 62 1 1 1 5 2 1 2 2 1 1.690455 0.000000 
7 1 63 0 3 3 3 1 1 4 4 1 1.195750 0.000000 
7 1 64 0 5 3 5 2 2 4 4 1 0.552828 0.000000 
7 1 65 0 3 1 0 2 0 2 2 1 1.093984 0.000000 
7 1 66 1 0 2 2 0 0 1 1 1 1.407065 0.000000 
7 1 67 0 0 2 2 0 0 3 3 1 1.683549 0.000000 
7 1 68 0 5 0 0 2 2 1 1 1 0.780861 0.000000 
7 1 69 1 0 2 2 1 2 1 1 1 1.298463 0.000000 
7 1 70 0 2 2 0 0 1 3 3 1 0.954636 0.000000 
7 1 71 0 1 1 1 1 1 2 2 1 0.864911 0.000000 
7 1 72 0 5 0 4 2 2 1 1 1 0.883224 0.000000 
7 1 73 0 0 0 2 0 1 1 1 1 0.868127 0.000000 
7 1 74 0 2 2 0 0 1 3 1 0 0.885798 0.000000 
7 1 75 0 2 0 0 1 0 1 1 1 1.458823 0.000000 
7 1 76 0 5 0 1 0 2 1 1 1 0.956870 0.000000 
7 1 77 1 1 1 1 1 1 2 2 1 1.106182 0.000000 
7 1 78 0 2 2 2 1 1 3 3 1 0.906794 0.000000 
7 1 79 0 1 3 4 2 0 4 4 1 0.858875 0.000000 
7 1 80 0 2 0 4 2 0 1 1 1 1.357206 0.000000 
7 1 81 1 0 0 0 1 2 1 1 1 0.987663 0.000000 
7 1 82 1 2 0 0 1 0 3 3 1 2.456718 0.000000 
7 1 83 0 0 0 0 1 1 1 1 1 0.787610 0.000000 
7 1 84 0 5 2 1 0 2 3 3 1 0.903509 0.000000 
7 1 85 1 0 2 2 0 0 1 1 1 0.991812 0.000000 
7 1 86 1 3 1 0 2 0 4 4 1 2.188929 0.000000 
7 1 87 1 2 1 1 1 2 3 3 1 1.202364 0.000000 
7 1 88 1 0 0 0 1 1 1 1 1 0.870796 0.000000 
7 1 89 0 4 2 2 1 2 3 3 1 0.848448 0.000000 
7 1 90 1 2 0 4 2 0 3 3 1 1.483395 0.000000 
7 1 91 0 4 2 5 2 2 3 3 1 0.795602 0.000000 
7 1 92 0 5 0 0 1 2 1 1 1 0.696525 0.000000 
7 1 93 0 1 1 5 2 1 2 2 1 1.425461 0.000000 
7 1 94 1 1 1 3 0 1 2 2 1 1.333277 0.000000 
7 1 95 0 4 0 4 2 2 1 1 1 0.940382 0.000000 
7 1 96 1 2 2 0 0 1 3 3 1 1.667416 0.000000 
7 1 97 1 1 1 1 1 1 2 2 1 1.484363 0.000000 
7 1 98 1 1 0 4 2 2 2 2 1 1.261598 0.000000 
7 1 99 1 2 2 0 0 2 3 3 1 1.456022 0.000000 
7 1 100 1 1 3 4 2 0 2 2 1 1.706550 0.000000 
7 1 101 1 1 1 0 2 1 2 2 1 0.843179 0.000000 
7 1 102 0 0 0 4 2 1 1 1 1 1.389264 0.000000 
7 1 103 0 2 0 0 1 0 1 1 1 1.099326 0.000000 
7 1 104 0 3 1 1 1 0 2 2 1 1.570946 0.000000 
7 1 105 0 3 3 3 1 1 4 4 1 0.736652 0.000000 
7 1 106 0 1 3 0 2 0 4 4 1 0.623528 0.000000 
7 1 107 0 2 2 0 0 1 3 3 1 0.691073 0.000000 
7 1 108 0 3 3 3 1 1 4 4 1 0.707973 0.000000 
7 1 109 1 3 1 1 0 0 4 2 0 1.868240 0.000000 
7 1 110 1 1 3 3 0 2 2 2 1 1.913055 0.000000 
7 1 111 1 0 2 2 0 0 1 1 1 1.729534 0.000000 
7 1 112 0 5 1 1 0 2 2 2 1 1.185493 0.000000 
7 1 113 1 0 2 2 1 0 1 1 1 1.118566 0.000000 
7 1 114 0 0 2 2 1 0 3 3 1 1.398338 0.000000 
7 1 115 0 3 3 3 1 1 4 4 1 0.763478 0.000000 
7 1 116 0 5 2 4 2 2 3 3 1 0.881741 0.000000 
7 1 117 1 0 2 2 0 2 1 1 1 1.018357 0.000000 
7 1 118 0 5 1 1 1 2 2 2 1 0.854051 0.000000 
7 1 119 0 4 1 5 2 2 2 2 1 0.872339 0.000000 
7 1 120 0 2 0 0 0 0 1 1 1 2.514032 0.000000 
7 1 121 1 0 3 4 2 2 1 1 1 0.874891 0.000000 
7 1 122 0 5 0 1 0 2 1 1 1 1.044570 0.000000 
7 1 123 0 4 2 1 0 2 3 3 1 1.654607 0.000000 
7 1 124 0 0 2 2 0 0 3 3 1 0.945207 0.000000 
7 1 125 0 3 1 0 2 0 2 2 1 1.088211 0.000000 
7 1 126 0 0 0 0 2 1 1 1 1 0.593225 0.000000 
7 1 127 1 2 2 0 0 1 3 3 1 1.430085 0.000000 
7 1 128 0 0 0 0 1 1 1 1 1 0.593907 0.000000 
7 1 129 0 0 2 2 0 0 3 3 1 0.941769 0.000000 
7 1 130 0 5 1 0 2 2 2 2 1 0.764795 0.000000 
7 1 131 0 0 0 4 2 1 1 1 1 0.835077 0.000000 
7 1 132 0 2 2 4 2 1 3 3 1 1.133983 0.000000 
7 1 133 1 0 1 5 2 2 1 1 1 1.197064 0.000000 
7 1 134 0 5 1 1 0 2 2 3 0 0.794163 0.000000 
7 1 135 0 3 3 3 1 1 4 4 1 0.643129 0.000000 
7 1 136 1 1 3 3 1 0 2 2 1 1.261506 0.000000 
7 1 137 0 3 1 4 2 0 2 2 1 1.022955 0.000000 
7 1 138 0 5 2 4 2 2 3 3 1 0.826669 0.000000 
7 1 139 0 3 3 0 2 1 4 4 1 0.686246 0.000000 
7 1 140 0 0 2 2 0 0 3 3 1 1.295189 0.000000 
7 1 141 0 4 3 1 0 2 4 3 0 0.808282 0.000000 
7 1 142 1 1 3 3 0 2 2 2 1 1.216609 0.000000 
7 1 143 1 1 1 0 2 1 2 2 1 1.667085 0.000000 
7 1 144 0 1 3 3 1 0 4 4 1 1.564869 0.000000 
7 1 145 0 0 2 0 2 0 3 3 1 1.059423 0.000000 
7 1 146 0 1 3 3 1 0 4 4 1 1.093782 0.000000 
7 1 147 0 4 2 4 2 2 3 3 1 1.006837 0.000000 
7 1 148 0 3 3 1 0 1 4 4 1 0.947117 0.000000 
7 1 149 0 1 1 1 1 1 2 2 1 1.082181 0.000000 
7 1 150 0 1 3 0 2 0 4 4 1 0.826822 0.000000 
7 1 151 0 0 0 4 2 1 1 1 1 1.286519 0.000000 
7 1 152 0 1 1 3 0 1 2 2 1 1.095577 0.000000 
7 1 153 0 4 2 2 1 2 3 3 1 0.992690 0.000000 
7 1 154 0 0 0 2 0 1 1 1 1 0.765699 0.000000 
7 1 155 0 2 2 5 2 1 3 3 1 0.891923 0.000000 
7 1 156 0 1 3 3 0 0 4 4 1 0.748898 0.000000 
7 1 157 1 3 1 1 0 0 4 4 1 0.994816 0.000000 
7 1 158 0 5 3 1 0 2 4 4 1 0.999746 0.000000 
7 1 159 0 1 3 3 0 0 4 4 1 0.700177 0.000000 
7 1 160 0 0 2 2 0 0 3 3 1 1.164427 0.000000 
7 1 161 0 2 2 0 0 1 3 3 1 0.850823 0.000000 
7 1 162 0 0 0 0 1 1 1 1 1 0.749107 0.000000 
7 1 163 0 0 0 0 1 1 1 1 1 0.466981 0.000000 
7 1 164 0 3 3 3 1 1 4 4 1 0.613490 0.000000 
7 1 165 0 4 1 1 0 2 2 2 1 0.992696 0.000000 
7 1 166 0 5 1 5 2 2 2 2 1 0.645697 0.000000 
7 1 167 0 1 3 3 1 0 4 4 1 0.944584 0.000000 
7 1 168 0 1 3 5 2 0 4 4 1 0.543549 0.000000 
7 1 169 1 0 1 2 0 2 1 1 1 1.238405 0.000000 
7 1 170 0 5 1 1 1 2 2 2 1 1.049540 0.000000 
7 1 171 0 3 1 1 1 0 2 2 1 0.748096 0.000000 
7 1 172 0 3 3 1 0 1 4 4 1 0.601729 0.000000 
7 1 173 0 1 3 3 1 0 4 4 1 0.853975 0.000000 
7 1 174 1 2 0 4 2 0 3 3 1 1.640277 0.000000 
7 1 175 0 2 2 2 1 1 3 3 1 1.075539 0.000000 
7 1 176 0 3 1 0 2 0 2 2 1 0.957264 0.000000 
7 1 177 0 4 2 2 1 2 3 3 1 0.851579 0.000000 
7 1 178 1 1 1 3 0 1 2 2 1 1.325891 0.000000 
7 1 179 0 4 2 2 1 2 3 3 1 1.164724 0.000000 
7 1 180 0 5 2 1 0 2 3 3 1 0.803065 0.000000 
7 1 181 0 4 2 2 1 2 3 3 1 0.767384 0.000000 
7 1 182 1 0 2 2 1 0 1 1 1 0.796930 0.000000 
7 1 183 0 4 1 4 2 2 2 2 1 0.889878 0.000000 
7 1 184 0 2 2 2 1 1 3 3 1 0.938858 0.000000 
7 1 185 0 3 1 4 2 0 2 2 1 1.361874 0.000000 
7 1 186 0 1 3 0 2 0 4 4 1 1.063366 0.000000 
7 1 187 0 4 3 1 0 2 4 4 1 0.657721 0.000000 
7 1 188 0 2 2 2 1 1 3 3 1 0.803920 0.000000 
7 1 189 1 0 2 2 0 0 1 1 1 1.160198 0.000000 
7 1 190 0 2 0 0 0 0 1 1 1 1.486574 0.000000 
7 1 191 0 3 1 1 0 0 2 2 1 1.103838 0.000000 
7 1 192 0 5 2 1 0 2 3 3 1 1.432255 0.000000 
7 2 1 0 0 3 3 1 0 4 1 0 1.488171 0.000000 
7 2 2 0 0 0 4 2 1 1 1 1 1.477333 0.000000 
7 2 3 0 3 2 2 1 0 3 3 1 1.406843 0.000000 
7 2 4 1 3 2 2 0 0 4 4 1 1.355439 0.000000 
7 2 5 0 1 1 0 0 1 2 2 1 0.769926 0.000000 
7 2 6 0 3 2 2 1 0 3 3 1 0.926539 0.000000 
7 2 7 0 3 3 3 1 1 4 4 1 0.527164 0.000000 
7 2 8 1 3 1 2 0 2 4 2 0 0.965647 0.000000 
7 2 9 1 0 0 3 0 2 1 1 1 0.904045 0.000000 
7 2 10 0 2 2 5 2 1 3 3 1 0.767842 0.000000 
7 2 11 0 2 2 1 2 1 3 3 1 0.781425 0.000000 
7 2 12 0 3 3 4 2 1 4 4 1 0.578994 0.000000 
7 2 13 0 4 3 4 2 2 4 4 1 0.744497 0.000000 
7 2 14 1 1 1 1 1 1 2 2 1 0.846381 0.000000 
7 2 15 0 4 2 2 0 2 3 3 1 0.657394 0.000000 
7 2 16 0 5 0 2 0 2 1 1 1 0.515604 0.000000 
7 2 17 0 4 0 0 1 2 1 1 1 0.723761 0.000000 
7 2 18 1 3 2 3 2 0 4 3 0 0.755316 0.000000 
7 2 19 0 4 3 4 2 2 4 4 1 0.741611 0.000000 
7 2 20 1 0 0 0 1 1 1 1 1 0.571983 0.000000 
7 2 21 1 0 0 3 0 2 1 1 1 1.329564 0.000000 
7 2 22 1 1 1 4 2 2 2 2 1 1.416339 0.000000 
7 2 23 1 2 1 1 0 0 3 3 1 1.244202 0.000000 
7 2 24 0 1 1 5 2 1 2 3 0 0.791316 0.000000 
7 2 25 0 2 1 4 2 0 2 2 1 0.920030 0.000000 
7 2 26 0 1 0 0 0 0 1 1 1 1.367428 0.000000 
7 2 27 1 1 0 0 0 0 2 2 1 1.197278 0.000000 
7 2 28 0 5 2 2 0 2 3 3 1 0.777329 0.000000 
7 2 29 0 4 0 2 0 2 1 1 1 0.790980 0.000000 
7 2 30 0 1 1 0 0 1 2 2 1 1.027902 0.000000 
7 2 31 0 0 0 4 2 1 1 1 1 0.671585 0.000000 
7 2 32 0 1 1 0 0 1 2 2 1 0.721139 0.000000 
7 2 33 0 4 3 2 0 2 4 4 1 0.616706 0.000000 
7 2 34 1 1 3 0 0 2 2 2 1 0.940223 0.000000 
7 2 35 0 4 0 2 0 2 1 1 1 0.770252 0.000000 
7 2 36 0 0 3 1 2 0 4 4 1 1.399855 0.000000 
7 2 37 0 4 3 2 0 2 4 4 1 0.484322 0.000000 
7 2 38 0 1 1 1 1 1 2 2 1 0.661134 0.000000 
7 2 39 0 1 1 5 2 1 2 2 1 0.575346 0.000000 
7 2 40 1 3 2 2 1 2 4 4 1 0.724849 0.000000 
7 2 41 1 3 3 5 2 1 4 4 1 0.500357 0.000000 
7 2 42 1 2 2 1 0 1 3 3 1 0.684563 0.000000 
7 2 43 0 2 2 4 2 1 3 3 1 0.853468 0.000000 
7 2 44 1 0 3 2 2 0 1 1 1 1.390799 0.000000 
7 2 45 0 2 1 1 0 0 2 2 1 0.955937 0.000000 
7 2 46 1 1 3 5 2 2 2 2 1 0.986252 0.000000 
7 2 47 0 1 1 5 2 1 2 2 1 1.279316 0.000000 
7 2 48 0 2 1 1 0 0 2 2 1 0.881035 0.000000 
7 2 49 0 2 2 4 2 1 3 3 1 0.618678 0.000000 
7 2 50 0 5 2 4 2 2 3 3 1 0.590240 0.000000 
7 2 51 0 4 0 2 0 2 1 1 1 0.674065 0.000000 
7 2 52 0 3 3 2 0 1 4 4 1 0.579626 0.000000 
7 2 53 0 4 0 0 1 2 1 1 1 1.057149 0.000000 
7 2 54 0 5 1 4 2 2 2 2 1 0.675518 0.000000 
7 2 55 0 3 3 2 0 1 4 4 1 0.693046 0.000000 
7 2 56 1 3 2 2 1 0 4 4 1 1.269978 0.000000 
7 2 57 1 3 2 2 1 0 4 4 1 1.935757 0.000000 
7 2 58 0 0 0 5 2 1 1 1 1 0.614138 0.000000 
7 2 59 1 1 1 5 2 1 2 2 1 0.634297 0.000000 
7 2 60 0 3 3 3 1 1 4 4 1 0.757211 0.000000 
7 2 61 0 1 0 5 2 0 1 1 1 1.027434 0.000000 
7 2 62 1 1 0 4 2 0 2 2 1 1.103155 0.000000 
7 2 63 0 1 0 0 0 0 1 2 0 0.735538 0.000000 
7 2 64 0 5 3 3 1 2 4 4 1 0.777536 0.000000 
7 2 65 0 4 0 0 1 2 1 1 1 0.574526 0.000000 
7 2 66 0 3 3 4 2 1 4 4 1 0.644088 0.000000 
7 2 67 1 2 2 2 1 2 3 3 1 0.958857 0.000000 
7 2 68 1 3 2 2 0 2 4 4 1 1.373238 0.000000 
7 2 69 0 0 3 3 1 0 4 4 1 1.155137 0.000000 
7 2 70 0 2 2 2 1 1 3 3 1 1.417570 0.000000 
7 2 71 0 1 1 1 1 1 2 2 1 0.957359 0.000000 
7 2 72 0 2 1 1 1 0 2 2 1 0.851720 0.000000 
7 2 73 0 4 0 2 0 2 1 1 1 0.797023 0.000000 
7 2 74 0 2 1 1 1 0 2 2 1 1.041947 0.000000 
7 2 75 0 1 0 4 2 0 1 1 1 0.780967 0.000000 
7 2 76 0 5 2 2 1 2 3 3 1 0.818589 0.000000 
7 2 77 0 0 3 3 1 0 4 4 1 0.774173 0.000000 
7 2 78 0 3 3 2 0 1 4 4 1 0.547774 0.000000 
7 2 79 0 2 1 1 1 0 2 3 0 0.682592 0.000000 
7 2 80 0 1 0 5 2 0 1 1 1 1.334956 0.000000 
7 2 81 0 4 2 2 1 2 3 3 1 0.813855 0.000000 
7 2 82 1 2 2 5 2 1 3 3 1 1.266083 0.000000 
7 2 83 1 3 3 3 1 1 4 4 1 0.643867 0.000000 
7 2 84 0 0 3 3 1 0 4 4 1 0.934807 0.000000 
7 2 85 1 1 1 0 0 1 2 2 1 0.956837 0.000000 
7 2 86 1 3 3 4 2 1 4 4 1 0.659026 0.000000 
7 2 87 1 1 1 1 1 1 2 2 1 1.541314 0.000000 
7 2 88 0 1 1 1 1 1 2 2 1 0.860535 0.000000 
7 2 89 0 0 0 0 1 1 1 1 1 0.614853 0.000000 
7 2 90 0 5 2 4 2 2 3 3 1 0.747038 0.000000 
7 2 91 0 0 0 0 1 1 1 1 1 0.649968 0.000000 
7 2 92 0 5 0 0 1 2 1 1 1 0.636131 0.000000 
7 2 93 0 4 2 5 2 2 3 3 1 0.662998 0.000000 
7 2 94 0 5 1 4 2 2 2 2 1 0.641234 0.000000 
7 2 95 1 2 3 4 2 2 3 3 1 1.403128 0.000000 
7 2 96 0 0 0 0 1 1 1 1 1 0.727614 0.000000 
7 2 97 1 3 2 2 1 0 4 4 1 0.863194 0.000000 
7 2 98 0 2 1 1 0 0 2 2 1 1.017458 0.000000 
7 2 99 0 1 1 1 1 1 2 2 1 0.621164 0.000000 
7 2 100 0 1 0 0 0 0 1 1 1 0.664674 0.000000 
7 2 101 0 0 3 3 0 0 4 4 1 0.890910 0.000000 
7 2 102 0 0 0 0 1 1 1 1 1 0.626876 0.000000 
7 2 103 0 4 0 2 0 2 1 1 1 0.734411 0.000000 
7 2 104 0 0 3 3 1 0 4 4 1 0.637327 0.000000 
7 2 105 0 4 3 4 2 2 4 4 1 0.544177 0.000000 
7 2 106 0 0 3 4 2 0 4 4 1 0.470960 0.000000 
7 2 107 0 4 0 0 2 2 1 1 1 0.840504 0.000000 
7 2 108 0 5 2 2 0 2 3 4 0 0.579433 0.000000 
7 2 109 0 3 2 2 1 0 3 3 1 0.652996 0.000000 
7 2 110 0 0 0 0 1 1 1 1 1 0.557655 0.000000 
7 2 111 0 3 2 4 2 0 3 3 1 0.755893 0.000000 
7 2 112 1 3 2 2 1 2 4 4 1 1.034119 0.000000 
7 2 113 1 3 3 2 0 1 4 3 0 0.709146 0.000000 
7 2 114 0 5 3 5 2 2 4 4 1 1.289423 0.000000 
7 2 115 0 4 2 4 2 2 3 3 1 0.778064 0.000000 
7 2 116 0 2 2 2 1 1 3 3 1 0.815650 0.000000 
7 2 117 1 3 3 4 2 1 4 4 1 0.922921 0.000000 
7 2 118 0 5 1 1 1 2 2 2 1 0.930472 0.000000 
7 2 119 0 0 3 4 2 0 4 4 1 1.178249 0.000000 
7 2 120 0 1 0 0 1 0 1 1 1 0.799808 0.000000 
7 2 121 0 0 0 0 1 1 1 1 1 0.484024 0.000000 
7 2 122 0 5 2 5 2 2 3 3 1 0.668548 0.000000 
7 2 123 0 3 2 2 1 0 3 3 1 0.965958 0.000000 
7 2 124 0 0 3 3 0 0 4 4 1 0.779092 0.000000 
7 2 125 0 2 1 5 2 0 2 2 1 0.744148 0.000000 
7 2 126 1 3 2 4 2 0 4 4 1 1.455148 0.000000 
7 2 127 0 2 2 4 2 1 3 3 1 1.153666 0.000000 
7 2 128 0 5 1 2 0 2 2 2 1 0.656062 0.000000 
7 2 129 0 1 1 0 0 1 2 2 1 0.586218 0.000000 
7 2 130 0 0 3 3 1 0 4 1 0 0.606191 0.000000 
7 2 131 0 2 1 4 2 0 2 3 0 0.926345 0.000000 
7 2 132 0 0 0 3 0 1 1 1 1 0.737546 0.000000 
7 2 133 0 4 0 4 2 2 1 1 1 1.384006 0.000000 
7 2 134 1 0 3 3 0 0 1 1 1 1.141146 0.000000 
7 2 135 0 3 3 2 0 1 4 4 1 0.644227 0.000000 
7 2 136 1 0 3 5 2 0 1 4 0 0.663050 0.000000 
7 2 137 0 4 1 1 1 2 2 2 1 1.117350 0.000000 
7 2 138 1 0 0 4 2 1 1 1 1 0.763545 0.000000 
7 2 139 0 3 3 5 2 1 4 4 1 0.617808 0.000000 
7 2 140 0 2 2 1 0 1 3 3 1 0.685318 0.000000 
7 2 141 0 4 3 1 2 2 4 4 1 0.654244 0.000000 
7 2 142 0 2 2 2 1 1 3 4 0 0.792374 0.000000 
7 2 143 0 1 1 1 1 1 2 2 1 0.801172 0.000000 
7 2 144 1 0 3 3 0 0 1 1 1 1.245213 0.000000 
7 2 145 0 4 1 4 2 2 2 2 1 0.808294 0.000000 
7 2 146 1 3 3 2 0 1 4 4 1 1.147564 0.000000 
7 2 147 1 1 0 0 1 0 2 2 1 1.034597 0.000000 
7 2 148 0 1 1 1 1 1 2 2 1 0.845687 0.000000 
7 2 149 0 3 2 2 0 0 3 3 1 0.704631 0.000000 
7 2 150 0 2 2 0 2 1 3 3 1 1.304877 0.000000 
7 2 151 0 4 2 2 1 2 3 3 1 0.641328 0.000000 
7 2 152 0 0 0 3 0 1 1 1 1 0.508177 0.000000 
7 2 153 0 2 1 1 1 0 2 2 1 0.779351 0.000000 
7 2 154 0 5 1 2 0 2 2 2 1 0.768964 0.000000 
7 2 155 1 2 1 1 1 2 3 3 1 1.038510 0.000000 
7 2 156 0 3 2 2 0 0 3 3 1 0.753584 0.000000 
7 2 157 0 3 2 4 2 0 3 3 1 0.551827 0.000000 
7 2 158 1 0 3 3 0 0 1 1 1 0.621980 0.000000 
7 2 159 0 4 0 2 0 2 1 1 1 0.793529 0.000000 
7 2 160 0 5 1 2 0 2 2 2 1 0.790465 0.000000 
7 2 161 0 4 2 5 2 2 3 3 1 0.954339 0.000000 
7 2 162 0 5 0 0 2 2 1 1 1 0.608724 0.000000 
7 2 163 0 2 1 4 2 0 2 2 1 0.700899 0.000000 
7 2 164 1 2 1 5 2 0 3 3 1 1.253063 0.000000 
7 2 165 0 1 0 4 2 0 1 1 1 0.823593 0.000000 
7 2 166 0 1 0 0 1 0 1 1 1 0.507183 0.000000 
7 2 167 1 1 0 0 0 0 2 2 1 1.083348 0.000000 
7 2 168 0 1 1 1 1 1 2 2 1 0.987423 0.000000 
7 2 169 0 4 1 2 0 2 2 2 1 0.528409 0.000000 
7 2 170 0 3 2 2 0 0 3 3 1 0.895915 0.000000 
7 2 171 1 3 2 1 2 0 4 3 0 0.720811 0.000000 
7 2 172 1 3 1 2 0 2 4 4 1 1.204495 0.000000 
7 2 173 1 2 2 1 0 1 3 3 1 0.792384 0.000000 
7 2 174 1 1 0 4 2 2 2 2 1 0.653325 0.000000 
7 2 175 0 4 1 1 1 2 2 2 1 0.902572 0.000000 
7 2 176 0 0 3 5 2 0 4 1 0 0.998889 0.000000 
7 2 177 0 2 1 1 0 0 2 2 1 0.727918 0.000000 
7 2 178 0 3 3 3 1 1 4 4 1 0.558983 0.000000 
7 2 179 0 4 3 4 2 2 4 4 1 0.557165 0.000000 
7 2 180 0 2 2 2 1 1 3 3 1 0.667286 0.000000 
7 2 181 0 4 3 2 0 2 4 4 1 0.644869 0.000000 
7 2 182 0 5 1 1 1 2 2 2 1 1.319786 0.000000 
7 2 183 0 3 3 2 0 1 4 4 1 0.566555 0.000000 
7 2 184 0 0 3 3 1 0 4 4 1 1.580141 0.000000 
7 2 185 0 4 1 1 1 2 2 2 1 1.842016 0.000000 
7 2 186 0 5 1 1 1 2 2 2 1 0.773334 0.000000 
7 2 187 0 2 2 1 0 1 3 3 1 0.858926 0.000000 
7 2 188 1 0 3 3 0 0 1 1 1 0.669190 0.000000 
7 2 189 0 2 2 1 0 1 3 3 1 0.773718 0.000000 
7 2 190 0 5 2 2 1 2 3 3 1 0.651379 0.000000 
7 2 191 0 1 0 0 0 0 1 1 1 1.693634 0.000000 
7 2 192 0 3 2 2 0 0 3 3 1 1.054887 0.000000 
7 3 1 0 4 1 5 2 2 2 2 1 1.122296 0.000000 
7 3 2 0 5 1 1 1 2 2 2 1 0.681572 0.000000 
7 3 3 0 4 0 0 1 2 1 1 1 0.747120 0.000000 
7 3 4 0 5 2 2 2 2 3 3 1 0.817022 0.000000 
7 3 5 0 4 2 2 1 2 3 3 1 0.660594 0.000000 
7 3 6 0 3 3 0 0 1 4 4 1 0.614861 0.000000 
7 3 7 0 3 0 3 2 0 1 1 1 0.923065 0.000000 
7 3 8 0 0 0 4 2 1 1 1 1 1.026688 0.000000 
7 3 9 0 0 1 1 0 0 2 2 1 0.838380 0.000000 
7 3 10 0 1 1 1 1 1 2 2 1 0.657318 0.000000 
7 3 11 1 2 2 3 0 1 3 3 1 1.099537 0.000000 
7 3 12 0 5 1 1 1 2 2 2 1 0.818947 0.000000 
7 3 13 0 4 0 0 0 2 1 1 1 0.678553 0.000000 
7 3 14 0 5 3 3 1 2 4 4 1 0.680084 0.000000 
7 3 15 0 2 2 3 0 1 3 3 1 0.617627 0.000000 
7 3 16 0 2 3 3 0 0 4 4 1 1.085191 0.000000 
7 3 17 0 2 3 3 1 0 4 4 1 0.550204 0.000000 
7 3 18 1 2 3 3 0 0 3 3 1 1.260384 0.000000 
7 3 19 0 0 0 1 0 1 1 1 1 0.645851 0.000000 
7 3 20 0 5 2 2 1 2 3 3 1 0.696715 0.000000 
7 3 21 0 4 3 3 1 2 4 4 1 0.641613 0.000000 
7 3 22 0 1 1 5 2 1 2 2 1 1.732531 0.000000 
7 3 23 0 2 3 3 0 0 4 4 1 0.851969 0.000000 
7 3 24 0 3 0 0 1 0 1 1 1 0.566075 0.000000 
7 3 25 0 3 3 3 1 1 4 4 1 0.644082 0.000000 
7 3 26 1 1 1 0 2 2 2 2 1 1.166460 0.000000 
7 3 27 0 2 2 2 1 1 3 3 1 0.763165 0.000000 
7 3 28 1 3 0 0 1 2 4 1 0 0.921448 0.000000 
7 3 29 1 3 0 4 2 0 4 4 1 0.645133 0.000000 
7 3 30 0 3 3 0 0 1 4 4 1 0.959540 0.000000 
7 3 31 0 1 1 2 0 1 2 2 1 0.669874 0.000000 
7 3 32 1 2 2 5 2 1 3 3 1 0.623402 0.000000 
7 3 33 0 4 0 2 2 2 1 1 1 0.641956 0.000000 
7 3 34 0 3 3 3 1 1 4 4 1 0.732807 0.000000 
7 3 35 0 1 2 4 2 0 3 3 1 0.875974 0.000000 
7 3 36 0 5 2 1 2 2 3 3 1 0.581360 0.000000 
7 3 37 1 0 0 0 1 1 1 1 1 0.538857 0.000000 
7 3 38 0 1 1 4 2 1 2 2 1 0.705646 0.000000 
7 3 39 0 0 0 4 2 1 1 1 1 0.601930 0.000000 
7 3 40 0 2 3 3 0 0 4 4 1 0.990069 0.000000 
7 3 41 0 3 0 5 2 0 1 1 1 1.170113 0.000000 
7 3 42 1 1 3 4 2 2 2 2 1 1.031865 0.000000 
7 3 43 0 4 1 1 1 2 2 2 1 0.851557 0.000000 
7 3 44 0 0 1 1 0 0 2 2 1 0.493820 0.000000 
7 3 45 0 4 2 4 2 2 3 3 1 0.662655 0.000000 
7 3 46 1 0 0 1 0 1 1 1 1 0.616880 0.000000 
7 3 47 0 2 2 5 2 1 3 3 1 0.764429 0.000000 
7 3 48 0 0 1 1 0 0 2 3 0 0.905754 0.000000 
7 3 49 0 4 3 4 2 2 4 4 1 0.662014 0.000000 
7 3 50 0 5 2 4 2 2 3 3 1 0.575702 0.000000 
7 3 51 1 2 2 3 0 1 3 3 1 0.773155 0.000000 
7 3 52 0 5 1 0 0 2 2 2 1 0.834807 0.000000 
7 3 53 0 3 0 0 1 0 1 4 0 1.173801 0.000000 
7 3 54 0 3 0 0 1 0 1 1 1 0.871312 0.000000 
7 3 55 0 3 0 0 1 0 1 1 1 0.528676 0.000000 
7 3 56 1 3 3 3 1 1 4 4 1 0.671149 0.000000 
7 3 57 0 1 2 2 1 0 3 3 1 1.880795 0.000000 
7 3 58 1 0 1 5 2 0 1 1 1 1.866820 0.000000 
7 3 59 0 1 2 5 2 0 3 3 1 1.324845 0.000000 
7 3 60 1 0 1 1 1 0 1 2 0 0.932573 0.000000 
7 3 61 0 2 2 4 2 1 3 3 1 0.768010 0.000000 
7 3 62 0 5 0 0 1 2 1 1 1 1.045449 0.000000 
7 3 63 0 0 0 4 2 1 1 1 1 1.767483 0.000000 
7 3 64 0 2 3 5 2 0 4 4 1 0.717419 0.000000 
7 3 65 1 1 1 4 2 1 2 2 1 1.293003 0.000000 
7 3 66 0 2 3 3 1 0 4 4 1 0.742124 0.000000 
7 3 67 1 2 3 4 2 2 3 3 1 1.149037 0.000000 
7 3 68 0 5 1 1 1 2 2 2 1 0.867949 0.000000 
7 3 69 0 1 2 2 1 0 3 3 1 1.613159 0.000000 
7 3 70 0 1 1 1 1 1 2 2 1 0.616619 0.000000 
7 3 71 0 2 2 2 1 1 3 3 1 0.644210 0.000000 
7 3 72 1 0 1 1 0 0 1 1 1 0.831039 0.000000 
7 3 73 0 3 0 0 0 0 1 1 1 1.554747 0.000000 
7 3 74 0 5 1 4 2 2 2 2 1 0.817288 0.000000 
7 3 75 0 4 2 2 1 2 3 3 1 0.716828 0.000000 
7 3 76 1 2 3 3 1 0 3 3 1 0.971405 0.000000 
7 3 77 1 1 1 1 1 1 2 2 1 0.681297 0.000000 
7 3 78 0 3 0 4 2 0 1 4 0 0.962692 0.000000 
7 3 79 0 0 1 4 2 0 2 2 1 1.340784 0.000000 
7 3 80 1 0 0 1 0 1 1 1 1 0.651702 0.000000 
7 3 81 0 2 2 2 1 1 3 3 1 0.845913 0.000000 
7 3 82 0 2 3 4 2 0 4 4 1 1.088877 0.000000 
7 3 83 0 0 0 0 1 1 1 1 1 0.656905 0.000000 
7 3 84 0 5 0 0 0 2 1 1 1 0.587058 0.000000 
7 3 85 0 2 2 5 2 1 3 3 1 0.687929 0.000000 
7 3 86 1 3 0 0 1 0 4 4 1 0.960797 0.000000 
7 3 87 1 2 2 2 1 1 3 3 1 1.095198 0.000000 
7 3 88 0 1 2 2 0 0 3 3 1 0.912253 0.000000 
7 3 89 0 3 3 3 1 1 4 4 1 1.016582 0.000000 
7 3 90 0 3 3 0 0 1 4 4 1 0.675279 0.000000 
7 3 91 0 4 2 0 0 2 3 3 1 0.708788 0.000000 
7 3 92 0 5 3 3 1 2 4 4 1 0.708968 0.000000 
7 3 93 0 1 1 2 0 1 2 2 1 0.781233 0.000000 
7 3 94 0 1 1 2 0 1 2 2 1 0.546851 0.000000 
7 3 95 0 3 3 4 2 1 4 4 1 0.585684 0.000000 
7 3 96 1 1 1 5 2 1 2 2 1 1.246553 0.000000 
7 3 97 1 0 2 2 2 2 1 1 1 0.881600 0.000000 
7 3 98 0 0 0 4 2 1 1 1 1 1.083304 0.000000 
7 3 99 0 3 3 0 0 1 4 4 1 0.787335 0.000000 
7 3 100 0 0 0 1 0 1 1 1 1 0.896277 0.000000 
7 3 101 0 4 1 4 2 2 2 2 1 0.745239 0.000000 
7 3 102 0 5 0 0 0 2 1 1 1 0.768126 0.000000 
7 3 103 0 4 1 2 2 2 2 2 1 1.125772 0.000000 
7 3 104 1 3 3 5 2 2 4 4 1 0.661458 0.000000 
7 3 105 1 0 0 0 1 1 1 1 1 0.638641 0.000000 
7 3 106 0 3 3 0 0 1 4 4 1 0.689510 0.000000 
7 3 107 0 2 2 2 1 1 3 3 1 0.642410 0.000000 
7 3 108 1 3 3 3 1 2 4 4 1 0.869333 0.000000 
7 3 109 1 0 0 0 1 2 1 1 1 0.598851 0.000000 
7 3 110 0 5 3 4 2 2 4 4 1 0.787820 0.000000 
7 3 111 0 4 1 1 1 2 2 2 1 0.656707 0.000000 
7 3 112 1 3 3 5 2 1 4 4 1 0.626865 0.000000 
7 3 113 1 1 2 2 0 0 2 2 1 1.198468 0.000000 
7 3 114 0 2 2 3 0 1 3 3 1 0.930487 0.000000 
7 3 115 0 3 0 0 1 0 1 1 1 0.802211 0.000000 
7 3 116 0 5 0 0 0 2 1 1 1 0.478474 0.000000 
7 3 117 1 0 0 5 2 1 1 1 1 0.567951 0.000000 
7 3 118 0 5 1 0 0 2 2 2 1 1.181675 0.000000 
7 3 119 0 3 3 0 0 1 4 4 1 0.619198 0.000000 
7 3 120 0 3 0 0 0 0 1 1 1 1.190717 0.000000 
7 3 121 0 4 3 0 0 2 4 4 1 0.618794 0.000000 
7 3 122 0 5 0 0 0 2 1 1 1 0.598368 0.000000 
7 3 123 0 4 2 2 1 2 3 3 1 0.643176 0.000000 
7 3 124 0 5 2 0 0 2 3 3 1 0.638118 0.000000 
7 3 125 0 1 2 2 0 0 3 3 1 0.616957 0.000000 
7 3 126 1 0 1 1 0 0 1 1 1 1.108467 0.000000 
7 3 127 1 3 0 4 2 0 4 4 1 1.100873 0.000000 
7 3 128 0 5 0 0 0 2 1 1 1 0.876250 0.000000 
7 3 129 0 4 0 0 2 2 1 1 1 0.669915 0.000000 
7 3 130 0 0 1 1 0 0 2 2 1 0.751479 0.000000 
7 3 131 1 2 3 3 1 0 3 3 1 1.053641 0.000000 
7 3 132 0 5 1 4 2 2 2 2 1 0.912095 0.000000 
7 3 133 0 3 0 0 0 0 1 4 0 0.624350 0.000000 
7 3 134 1 0 1 1 0 0 1 1 1 0.807944 0.000000 
7 3 135 0 2 3 3 0 0 4 3 0 0.715723 0.000000 
7 3 136 1 3 2 2 1 2 4 4 1 1.527047 0.000000 
7 3 137 1 2 2 2 1 1 3 3 1 0.838375 0.000000 
7 3 138 1 2 2 2 1 1 3 3 1 0.625325 0.000000 
7 3 139 0 1 2 4 2 0 3 3 1 0.740867 0.000000 
7 3 140 0 5 3 5 2 2 4 4 1 0.659777 0.000000 
7 3 141 0 4 0 0 0 2 1 1 1 0.574007 0.000000 
7 3 142 0 0 1 4 2 0 2 2 1 0.843538 0.000000 
7 3 143 1 2 3 3 0 0 3 4 0 1.334460 0.000000 
7 3 144 0 1 2 5 2 0 3 3 1 0.720656 0.000000 
7 3 145 0 4 2 4 2 2 3 3 1 0.559742 0.000000 
7 3 146 0 5 2 2 1 2 3 3 1 0.477916 0.000000 
7 3 147 0 3 0 0 0 0 1 1 1 0.855331 0.000000 
7 3 148 0 5 3 4 2 2 4 4 1 0.713627 0.000000 
7 3 149 0 2 2 3 0 1 3 3 1 0.729880 0.000000 
7 3 150 0 0 0 0 1 1 1 1 1 0.609477 0.000000 
7 3 151 0 0 1 1 1 0 2 1 0 0.501656 0.000000 
7 3 152 0 5 3 3 2 2 4 4 1 0.712550 0.000000 
7 3 153 0 2 3 3 1 0 4 4 1 0.904590 0.000000 
7 3 154 0 2 3 3 1 0 4 4 1 0.600872 0.000000 
7 3 155 0 4 2 2 1 2 3 3 1 0.797095 0.000000 
7 3 156 1 3 2 2 1 2 4 4 1 0.914003 0.000000 
7 3 157 0 1 1 2 0 1 2 2 1 1.002346 0.000000 
7 3 158 0 3 0 4 2 0 1 1 1 1.102701 0.000000 
7 3 159 0 2 3 2 2 0 4 4 1 1.006071 0.000000 
7 3 160 0 2 2 3 0 1 3 3 1 0.866401 0.000000 
7 3 161 0 2 2 3 0 1 3 3 1 0.724038 0.000000 
7 3 162 1 0 0 1 0 1 1 1 1 0.571562 0.000000 
7 3 163 0 1 2 2 1 0 3 3 1 1.345164 0.000000 
7 3 164 1 1 1 4 2 1 2 2 1 1.096300 0.000000 
7 3 165 1 0 1 4 2 2 1 1 1 1.040281 0.000000 
7 3 166 0 1 2 2 0 0 3 3 1 0.939359 0.000000 
7 3 167 0 0 1 1 1 0 2 2 1 0.866392 0.000000 
7 3 168 0 3 0 0 0 0 1 4 0 0.683975 0.000000 
7 3 169 0 2 3 3 0 0 4 4 1 0.456899 0.000000 
7 3 170 0 5 2 2 1 2 3 3 1 0.858567 0.000000 
7 3 171 0 1 1 1 1 1 2 2 1 0.836840 0.000000 
7 3 172 0 5 0 0 0 2 1 1 1 0.686832 0.000000 
7 3 173 1 0 1 1 2 0 1 1 1 1.023679 0.000000 
7 3 174 0 5 0 0 0 2 1 1 1 0.739395 0.000000 
7 3 175 0 1 1 1 2 1 2 2 1 0.618287 0.000000 
7 3 176 1 3 0 0 1 0 4 4 1 0.581804 0.000000 
7 3 177 0 1 1 1 1 1 2 2 1 0.899351 0.000000 
7 3 178 0 5 2 2 1 2 3 3 1 0.684132 0.000000 
7 3 179 0 1 2 2 1 0 3 3 1 0.716530 0.000000 
7 3 180 0 5 2 2 2 2 3 3 1 0.508101 0.000000 
7 3 181 0 2 2 2 2 1 3 3 1 0.467129 0.000000 
7 3 182 0 2 2 3 0 1 3 3 1 0.780701 0.000000 
7 3 183 0 0 1 1 0 0 2 2 1 0.994349 0.000000 
7 3 184 0 5 3 3 2 2 4 4 1 0.767335 0.000000 
7 3 185 1 1 1 2 0 1 2 2 1 1.132933 0.000000 
7 3 186 1 1 0 1 2 2 2 1 0 0.883958 0.000000 
7 3 187 1 2 3 3 1 0 3 3 1 1.153027 0.000000 
7 3 188 0 5 2 5 2 2 3 3 1 0.773915 0.000000 
7 3 189 0 1 2 2 0 0 3 3 1 0.875530 0.000000 
7 3 190 0 1 1 2 2 1 2 2 1 0.749123 0.000000 
7 3 191 0 1 1 5 2 1 2 2 1 0.555927 0.000000 
7 3 192 1 1 2 2 0 0 2 2 1 0.626216 0.000000 
7 4 1 0 4 1 1 1 2 2 2 1 1.220056 0.000000 
7 4 2 1 3 3 4 2 1 4 4 1 0.783343 0.000000 
7 4 3 0 2 0 0 1 0 1 1 1 1.668334 0.000000 
7 4 4 0 3 1 2 2 0 2 2 1 0.886238 0.000000 
7 4 5 0 2 2 0 0 1 3 3 1 0.703191 0.000000 
7 4 6 0 5 2 2 1 2 3 3 1 0.615396 0.000000 
7 4 7 1 3 3 3 1 1 4 4 1 0.842699 0.000000 
7 4 8 0 5 2 4 2 2 3 3 1 0.630604 0.000000 
7 4 9 0 4 1 1 1 2 2 2 1 0.849120 0.000000 
7 4 10 0 0 2 2 1 0 3 1 0 0.731938 0.000000 
7 4 11 0 4 1 5 2 2 2 2 1 0.767691 0.000000 
7 4 12 0 5 0 1 0 2 1 1 1 0.852807 0.000000 
7 4 13 0 3 1 1 0 0 2 2 1 0.863059 0.000000 
7 4 14 0 5 0 4 2 2 1 1 1 0.649372 0.000000 
7 4 15 1 1 3 3 0 0 2 2 1 1.108095 0.000000 
7 4 16 0 1 3 3 0 0 4 4 1 0.850937 0.000000 
7 4 17 0 2 2 4 2 1 3 3 1 0.709224 0.000000 
7 4 18 0 5 2 4 2 2 3 3 1 0.701501 0.000000 
7 4 19 1 0 0 0 1 1 1 1 1 0.757721 0.000000 
7 4 20 0 2 2 0 0 1 3 3 1 0.891978 0.000000 
7 4 21 0 1 3 5 2 0 4 4 1 0.796940 0.000000 
7 4 22 1 3 1 1 1 0 4 4 1 1.265879 0.000000 
7 4 23 0 4 3 1 0 2 4 4 1 0.827932 0.000000 
7 4 24 0 5 3 3 1 2 4 4 1 0.558232 0.000000 
7 4 25 0 4 1 1 1 2 2 2 1 0.716416 0.000000 
7 4 26 0 5 0 4 2 2 1 1 1 0.796008 0.000000 
7 4 27 0 4 0 1 0 2 1 1 1 0.616942 0.000000 
7 4 28 1 0 2 2 0 0 1 1 1 0.636467 0.000000 
7 4 29 1 0 0 2 0 2 1 1 1 0.615340 0.000000 
7 4 30 0 0 2 0 2 0 3 3 1 0.803544 0.000000 
7 4 31 1 3 1 1 0 0 4 4 1 0.910740 0.000000 
7 4 32 0 5 3 3 1 2 4 4 1 0.623128 0.000000 
7 4 33 0 4 2 1 0 2 3 3 1 0.650643 0.000000 
7 4 34 1 1 3 3 1 0 2 2 1 0.772850 0.000000 
7 4 35 0 3 1 1 1 0 2 2 1 1.354495 0.000000 
7 4 36 0 3 1 1 2 0 2 2 1 0.576876 0.000000 
7 4 37 0 0 0 2 0 1 1 1 1 0.702466 0.000000 
7 4 38 0 2 2 4 2 1 3 3 1 0.621739 0.000000 
7 4 39 0 4 2 2 1 2 3 3 1 0.657169 0.000000 
7 4 40 0 5 1 1 1 2 2 2 1 0.699459 0.000000 
7 4 41 0 1 3 3 0 0 4 4 1 1.387939 0.000000 
7 4 42 0 1 1 3 0 1 2 2 1 0.592815 0.000000 
7 4 43 1 3 3 5 2 1 4 4 1 0.637671 0.000000 
7 4 44 0 3 1 1 1 0 2 2 1 1.328582 0.000000 
7 4 45 0 2 2 2 1 1 3 3 1 1.175423 0.000000 
7 4 46 1 1 0 3 0 2 2 1 0 1.005091 0.000000 
7 4 47 0 4 2 5 2 2 3 3 1 0.805513 0.000000 
7 4 48 0 5 0 1 0 2 1 1 1 0.737300 0.000000 
7 4 49 0 0 0 2 0 1 1 1 1 0.696140 0.000000 
7 4 50 0 2 0 0 0 0 1 1 1 1.305050 0.000000 
7 4 51 0 4 1 1 1 2 2 2 1 0.681485 0.000000 
7 4 52 0 0 0 0 1 1 1 1 1 0.579117 0.000000 
7 4 53 0 2 2 4 2 1 3 3 1 1.335572 0.000000 
7 4 54 0 2 0 0 1 0 1 1 1 0.782708 0.000000 
7 4 55 0 4 1 1 1 2 2 3 0 0.875914 0.000000 
7 4 56 1 1 3 4 2 0 2 2 1 1.169391 0.000000 
7 4 57 0 4 1 1 1 2 2 3 0 0.574623 0.000000 
7 4 58 0 0 2 5 2 0 3 3 1 0.960180 0.000000 
7 4 59 0 4 2 1 0 2 3 3 1 0.750024 0.000000 
7 4 60 1 0 0 2 0 1 1 1 1 1.083281 0.000000 
7 4 61 0 1 1 3 0 1 2 2 1 1.140314 0.000000 
7 4 62 1 1 0 3 0 2 2 2 1 0.763349 0.000000 
7 4 63 0 3 3 3 1 1 4 4 1 0.697649 0.000000 
7 4 64 0 5 0 1 0 2 1 1 1 0.906507 0.000000 
7 4 65 1 0 1 4 2 2 1 1 1 0.738818 0.000000 
7 4 66 1 1 1 1 1 1 2 2 1 0.705756 0.000000 
7 4 67 0 4 1 1 0 2 2 2 1 0.761997 0.000000 
7 4 68 0 2 0 4 2 0 1 1 1 0.807241 0.000000 
7 4 69 0 1 3 2 2 0 4 4 1 0.771480 0.000000 
7 4 70 1 2 2 2 1 1 3 3 1 1.641082 0.000000 
7 4 71 1 1 1 2 2 1 2 2 1 0.788358 0.000000 
7 4 72 1 3 0 1 0 2 4 4 1 1.369320 0.000000 
7 4 73 1 3 3 1 0 1 4 4 1 0.734176 0.000000 
7 4 74 0 3 3 4 2 1 4 4 1 0.774054 0.000000 
7 4 75 1 1 1 1 1 1 2 2 1 1.066654 0.000000 
7 4 76 0 3 3 5 2 1 4 4 1 1.020370 0.000000 
7 4 77 0 1 3 3 0 0 4 4 1 0.752030 0.000000 
7 4 78 0 2 2 4 2 1 3 3 1 0.854247 0.000000 
7 4 79 0 3 3 3 1 1 4 4 1 0.664597 0.000000 
7 4 80 0 3 1 1 0 0 2 2 1 0.994812 0.000000 
7 4 81 0 0 0 2 0 1 1 1 1 0.663812 0.000000 
7 4 82 1 2 0 4 2 0 3 3 1 1.024977 0.000000 
7 4 83 1 2 2 2 1 1 3 3 1 1.140703 0.000000 
7 4 84 0 1 1 4 2 1 2 2 1 0.771784 0.000000 
7 4 85 0 1 3 3 1 0 4 4 1 0.841366 0.000000 
7 4 86 0 3 3 3 1 1 4 4 1 0.652318 0.000000 
7 4 87 0 3 1 2 2 0 2 2 1 1.022556 0.000000 
7 4 88 0 3 3 5 2 1 4 4 1 0.642216 0.000000 
7 4 89 0 4 3 5 2 2 4 4 1 0.493102 0.000000 
7 4 90 0 3 3 4 2 1 4 4 1 0.484900 0.000000 
7 4 91 0 0 2 2 0 0 3 3 1 0.941741 0.000000 
7 4 92 0 5 2 2 1 2 3 3 1 0.548679 0.000000 
7 4 93 0 0 2 2 1 0 3 3 1 0.683558 0.000000 
7 4 94 0 0 2 2 1 0 3 3 1 0.812389 0.000000 
7 4 95 0 4 1 1 0 2 2 2 1 0.816713 0.000000 
7 4 96 1 0 2 2 1 0 1 1 1 1.076313 0.000000 
7 4 97 0 2 0 0 0 0 1 3 0 0.702011 0.000000 
7 4 98 0 0 0 2 0 1 1 1 1 0.641240 0.000000 
7 4 99 0 0 2 2 1 0 3 1 0 0.715666 0.000000 
7 4 100 0 5 0 1 0 2 1 1 1 0.847697 0.000000 
7 4 101 0 0 2 2 1 0 3 3 1 0.682364 0.000000 
7 4 102 0 0 0 2 0 1 1 1 1 0.763946 0.000000 
7 4 103 0 4 1 4 2 2 2 2 1 0.858157 0.000000 
7 4 104 0 1 3 5 2 0 4 4 1 0.788489 0.000000 
7 4 105 0 2 2 5 2 1 3 3 1 0.696391 0.000000 
7 4 106 0 5 1 5 2 2 2 2 1 0.937321 0.000000 
7 4 107 0 4 0 4 2 2 1 1 1 0.712295 0.000000 
7 4 108 1 0 2 2 1 0 1 1 1 1.016535 0.000000 
7 4 109 0 3 3 1 0 1 4 4 1 0.788171 0.000000 
7 4 110 0 3 1 1 1 0 2 4 0 0.553041 0.000000 
7 4 111 0 0 0 2 0 1 1 1 1 0.843366 0.000000 
7 4 112 0 5 3 1 0 2 4 4 1 0.588747 0.000000 
7 4 113 1 3 3 2 2 1 4 4 1 0.633635 0.000000 
7 4 114 1 1 0 4 2 2 2 2 1 1.228492 0.000000 
7 4 115 0 1 3 3 0 0 4 4 1 0.968304 0.000000 
7 4 116 0 5 2 2 1 2 3 3 1 0.893971 0.000000 
7 4 117 1 1 1 1 1 1 2 2 1 0.702929 0.000000 
7 4 118 0 1 3 4 2 0 4 4 1 0.934244 0.000000 
7 4 119 1 2 0 0 0 0 3 3 1 1.621202 0.000000 
7 4 120 1 3 1 1 0 2 4 4 1 0.793084 0.000000 
7 4 121 1 0 1 4 2 2 1 1 1 0.630037 0.000000 
7 4 122 1 2 2 2 1 1 3 3 1 0.689530 0.000000 
7 4 123 0 2 2 0 0 1 3 3 1 1.018475 0.000000 
7 4 124 1 2 2 5 2 1 3 3 1 0.702054 0.000000 
7 4 125 0 1 3 3 0 0 4 4 1 0.966400 0.000000 
7 4 126 1 1 3 3 1 2 2 4 0 0.396002 0.000000 
7 4 127 0 2 0 0 1 0 1 1 1 1.211628 0.000000 
7 4 128 1 0 2 2 1 0 1 1 1 1.375792 0.000000 
7 4 129 0 2 2 5 2 1 3 3 1 0.645622 0.000000 
7 4 130 0 1 1 1 2 1 2 2 1 0.688445 0.000000 
7 4 131 0 3 1 1 1 0 2 2 1 1.417447 0.000000 
7 4 132 0 3 1 1 0 0 2 2 1 0.645240 0.000000 
7 4 133 0 4 3 4 2 2 4 4 1 0.728121 0.000000 
7 4 134 0 5 3 1 0 2 4 4 1 0.614689 0.000000 
7 4 135 0 2 0 0 1 0 1 1 1 0.706871 0.000000 
7 4 136 0 5 2 1 0 2 3 3 1 0.643124 0.000000 
7 4 137 0 1 3 3 1 0 4 4 1 0.597972 0.000000 
7 4 138 0 5 2 5 2 2 3 3 1 0.746814 0.000000 
7 4 139 0 1 3 5 2 0 4 4 1 0.793754 0.000000 
7 4 140 0 5 1 1 0 2 2 2 1 0.702684 0.000000 
7 4 141 0 0 2 0 2 0 3 3 1 0.758913 0.000000 
7 4 142 1 2 2 4 2 1 3 3 1 0.980086 0.000000 
7 4 143 0 2 0 4 2 0 1 1 1 0.801719 0.000000 
7 4 144 0 3 1 1 0 0 2 3 0 0.662079 0.000000 
7 4 145 0 2 0 5 2 0 1 1 1 0.924358 0.000000 
7 4 146 1 3 3 1 0 1 4 4 1 0.675475 0.000000 
7 4 147 0 2 2 0 0 1 3 3 1 1.213059 0.000000 
7 4 148 0 1 1 3 0 1 2 2 1 1.241507 0.000000 
7 4 149 1 0 2 4 2 2 1 1 1 0.875583 0.000000 
7 4 150 0 2 0 0 0 0 1 1 1 1.181235 0.000000 
7 4 151 0 0 0 2 0 1 1 1 1 0.738986 0.000000 
7 4 152 1 0 2 2 1 0 1 1 1 1.497909 0.000000 
7 4 153 0 3 3 3 1 1 4 4 1 0.643097 0.000000 
7 4 154 0 0 0 0 1 1 1 1 1 0.653935 0.000000 
7 4 155 0 3 3 5 2 1 4 3 0 1.080152 0.000000 
7 4 156 0 3 3 2 2 1 4 4 1 0.820941 0.000000 
7 4 157 0 4 1 1 1 2 2 2 1 0.856006 0.000000 
7 4 158 0 3 1 1 1 0 2 2 1 0.650308 0.000000 
7 4 159 0 3 1 1 1 0 2 2 1 0.604501 0.000000 
7 4 160 0 5 2 2 1 2 3 3 1 0.616750 0.000000 
7 4 161 1 0 0 2 0 1 1 1 1 0.660267 0.000000 
7 4 162 0 5 0 0 1 2 1 1 1 1.134435 0.000000 
7 4 163 1 0 0 0 1 1 1 1 1 0.757520 0.000000 
7 4 164 1 2 2 0 0 1 3 3 1 0.930772 0.000000 
7 4 165 0 4 1 1 0 2 2 2 1 0.994473 0.000000 
7 4 166 1 1 0 2 2 2 2 2 1 1.247463 0.000000 
7 4 167 1 2 0 1 2 2 3 2 0 1.242507 0.000000 
7 4 168 0 5 1 5 2 2 2 2 1 1.361462 0.000000 
7 4 169 0 4 3 4 2 2 4 4 1 0.815748 0.000000 
7 4 170 0 3 3 3 1 1 4 4 1 0.594894 0.000000 
7 4 171 1 0 0 0 1 1 1 1 1 0.655832 0.000000 
7 4 172 0 1 3 3 0 0 4 4 1 1.330040 0.000000 
7 4 173 0 4 2 5 2 2 3 3 1 0.777888 0.000000 
7 4 174 0 3 1 1 0 0 2 2 1 1.511474 0.000000 
7 4 175 0 4 0 1 0 2 1 1 1 0.743957 0.000000 
7 4 176 0 5 2 1 0 2 3 2 0 0.910921 0.000000 
7 4 177 0 4 0 0 1 2 1 1 1 0.898015 0.000000 
7 4 178 0 1 1 2 2 1 2 2 1 0.786708 0.000000 
7 4 179 0 3 1 2 2 0 2 2 1 0.791707 0.000000 
7 4 180 0 1 1 1 1 1 2 2 1 0.756570 0.000000 
7 4 181 0 2 2 5 2 1 3 3 1 0.634832 0.000000 
7 4 182 0 2 2 0 0 1 3 3 1 0.557663 0.000000 
7 4 183 0 4 0 4 2 2 1 1 1 0.731910 0.000000 
7 4 184 0 5 2 3 2 2 3 3 1 0.731499 0.000000 
7 4 185 0 3 1 4 2 0 2 2 1 0.746044 0.000000 
7 4 186 1 0 0 0 1 1 1 1 1 0.792918 0.000000 
7 4 187 0 2 0 0 0 0 1 1 1 0.813871 0.000000 
7 4 188 1 0 2 2 1 0 1 1 1 0.698157 0.000000 
7 4 189 0 3 1 5 2 0 2 3 0 0.843018 0.000000 
7 4 190 0 2 0 0 0 0 1 1 1 1.482025 0.000000 
7 4 191 1 2 3 3 1 2 3 3 1 1.418369 0.000000 
7 4 192 0 2 2 2 1 1 3 3 1 1.198226 0.000000 
7 5 1 0 0 2 2 0 0 3 3 1 1.285855 0.000000 
7 5 2 0 2 2 2 1 1 3 3 1 0.526437 0.000000 
7 5 3 0 2 2 0 0 1 3 3 1 0.549935 0.000000 
7 5 4 1 3 0 1 0 2 4 1 0 0.971076 0.000000 
7 5 5 0 3 3 4 2 1 4 4 1 1.020600 0.000000 
7 5 6 0 1 1 1 1 1 2 2 1 0.719995 0.000000 
7 5 7 0 1 1 3 0 1 2 2 1 0.759595 0.000000 
7 5 8 0 0 0 0 1 1 1 1 1 0.597850 0.000000 
7 5 9 1 1 3 3 1 0 2 2 1 0.962691 0.000000 
7 5 10 0 0 2 2 0 0 3 3 1 0.937050 0.000000 
7 5 11 0 3 3 3 1 1 4 4 1 0.863031 0.000000 
7 5 12 0 5 1 1 0 2 2 2 1 1.001339 0.000000 
7 5 13 1 0 2 2 1 2 1 1 1 0.957675 0.000000 
7 5 14 0 5 1 1 1 2 2 2 1 0.811988 0.000000 
7 5 15 1 2 1 1 1 2 3 3 1 0.976241 0.000000 
7 5 16 0 3 3 1 0 1 4 4 1 0.637934 0.000000 
7 5 17 0 4 2 2 1 2 3 3 1 0.760820 0.000000 
7 5 18 1 2 0 0 1 0 3 3 1 1.070008 0.000000 
7 5 19 0 3 1 5 2 0 2 2 1 0.967768 0.000000 
7 5 20 1 2 0 0 1 0 3 3 1 1.229444 0.000000 
7 5 21 0 4 2 5 2 2 3 3 1 0.825176 0.000000 
7 5 22 0 2 0 0 1 0 1 1 1 1.172826 0.000000 
7 5 23 0 1 3 3 1 0 4 4 1 0.994601 0.000000 
7 5 24 0 5 0 4 2 2 1 1 1 1.350579 0.000000 
7 5 25 1 0 3 1 2 2 1 1 1 0.925058 0.000000 
7 5 26 0 3 3 4 2 1 4 3 0 0.876742 0.000000 
7 5 27 0 0 2 2 0 0 3 3 1 0.714407 0.000000 
7 5 28 0 3 3 5 2 1 4 4 1 0.586126 0.000000 
7 5 29 0 0 2 5 2 0 3 3 1 0.750963 0.000000 
7 5 30 0 1 3 3 1 0 4 4 1 0.949256 0.000000 
7 5 31 1 2 0 4 2 2 3 3 1 0.747113 0.000000 
7 5 32 0 5 1 3 2 2 2 2 1 0.985516 0.000000 
7 5 33 0 0 2 2 1 0 3 3 1 0.830517 0.000000 
7 5 34 0 0 2 2 1 0 3 3 1 0.538131 0.000000 
7 5 35 1 2 1 1 1 2 3 3 1 0.792862 0.000000 
7 5 36 0 5 3 3 1 2 4 4 1 0.717882 0.000000 
7 5 37 0 0 2 2 1 0 3 3 1 0.885441 0.000000 
7 5 38 0 0 0 0 1 1 1 1 1 0.694418 0.000000 
7 5 39 0 0 0 2 0 1 1 1 1 0.582327 0.000000 
7 5 40 0 5 3 3 1 2 4 4 1 0.859846 0.000000 
7 5 41 0 4 1 1 0 2 2 2 1 0.774106 0.000000 
7 5 42 0 5 1 4 2 2 2 2 1 0.523717 0.000000 
7 5 43 0 2 2 5 2 1 3 3 1 0.683127 0.000000 
7 5 44 1 1 1 3 0 1 2 2 1 0.604041 0.000000 
7 5 45 0 0 2 5 2 0 3 3 1 1.112302 0.000000 
7 5 46 0 3 1 5 2 0 2 2 1 1.136698 0.000000 
7 5 47 0 4 1 1 0 2 2 2 1 0.647714 0.000000 
7 5 48 0 5 0 4 2 2 1 1 1 0.729613 0.000000 
7 5 49 0 0 2 2 0 0 3 3 1 0.689196 0.000000 
7 5 50 0 3 3 0 2 1 4 4 1 0.658065 0.000000 
7 5 51 0 1 1 1 2 1 2 2 1 1.316298 0.000000 
7 5 52 0 1 1 4 2 1 2 2 1 0.476043 0.000000 
7 5 53 1 0 0 0 1 1 1 1 1 0.893566 0.000000 
7 5 54 1 0 2 0 2 0 1 1 1 0.966462 0.000000 
7 5 55 1 3 1 1 2 0 4 1 0 0.707167 0.000000 
7 5 56 0 1 3 3 0 0 4 4 1 0.799235 0.000000 
7 5 57 1 0 2 2 0 2 1 1 1 0.819872 0.000000 
7 5 58 0 1 1 1 1 1 2 2 1 0.631518 0.000000 
7 5 59 0 3 3 3 1 1 4 4 1 0.595038 0.000000 
7 5 60 0 1 3 3 0 0 4 4 1 0.423855 0.000000 
7 5 61 0 4 2 2 1 2 3 3 1 0.651359 0.000000 
7 5 62 1 1 1 1 1 1 2 2 1 0.917546 0.000000 
7 5 63 0 1 1 3 0 1 2 2 1 0.652206 0.000000 
7 5 64 0 3 3 3 1 1 4 4 1 0.534424 0.000000 
7 5 65 1 0 3 3 1 2 1 1 1 0.589238 0.000000 
7 5 66 0 0 2 2 0 0 3 3 1 1.162141 0.000000 
7 5 67 0 4 3 4 2 2 4 4 1 0.648506 0.000000 
7 5 68 0 5 3 5 2 2 4 4 1 0.499330 0.000000 
7 5 69 0 1 1 4 2 1 2 2 1 0.596028 0.000000 
7 5 70 0 5 3 1 0 2 4 4 1 0.648366 0.000000 
7 5 71 0 0 0 4 2 1 1 1 1 0.722228 0.000000 
7 5 72 0 3 1 5 2 0 2 3 0 0.665829 0.000000 
7 5 73 0 2 0 0 1 0 1 3 0 0.776084 0.000000 
7 5 74 0 2 2 4 2 1 3 3 1 0.568934 0.000000 
7 5 75 0 2 2 2 1 1 3 3 1 0.502198 0.000000 
7 5 76 0 5 0 4 2 2 1 1 1 0.582328 0.000000 
7 5 77 1 2 2 2 1 1 3 3 1 0.979881 0.000000 
7 5 78 1 2 2 0 0 1 3 3 1 0.560452 0.000000 
7 5 79 0 2 0 0 1 0 1 1 1 1.382738 0.000000 
7 5 80 0 5 3 5 2 2 4 4 1 0.636137 0.000000 
7 5 81 0 0 0 4 2 1 1 1 1 0.646718 0.000000 
7 5 82 0 1 1 4 2 1 2 2 1 0.625573 0.000000 
7 5 83 0 3 3 3 1 1 4 4 1 0.653158 0.000000 
7 5 84 0 5 0 1 0 2 1 1 1 0.775391 0.000000 
7 5 85 0 4 2 1 0 2 3 3 1 0.764982 0.000000 
7 5 86 0 1 3 3 0 0 4 4 1 0.698211 0.000000 
7 5 87 0 4 1 1 1 2 2 2 1 0.915114 0.000000 
7 5 88 1 3 3 5 2 2 4 4 1 0.963417 0.000000 
7 5 89 1 2 2 2 1 1 3 3 1 0.865735 0.000000 
7 5 90 0 2 2 2 1 1 3 3 1 0.707919 0.000000 
7 5 91 0 4 2 1 0 2 3 3 1 0.596276 0.000000 
7 5 92 0 5 2 2 1 2 3 3 1 0.601074 0.000000 
7 5 93 0 2 0 0 0 0 1 1 1 0.829336 0.000000 
7 5 94 0 3 1 1 1 0 2 2 1 0.759847 0.000000 
7 5 95 0 3 3 3 1 1 4 4 1 0.590180 0.000000 
7 5 96 1 3 3 1 0 2 4 4 1 0.859026 0.000000 
7 5 97 0 1 1 3 0 1 2 2 1 0.629234 0.000000 
7 5 98 1 1 1 4 2 1 2 2 1 0.856839 0.000000 
7 5 99 0 2 0 4 2 0 1 1 1 0.867128 0.000000 
7 5 100 0 1 1 1 1 1 2 2 1 0.867827 0.000000 
7 5 101 1 0 3 2 0 2 1 1 1 0.669343 0.000000 
7 5 102 0 3 3 1 0 1 4 4 1 0.726964 0.000000 
7 5 103 1 1 1 4 2 1 2 2 1 0.654487 0.000000 
7 5 104 0 5 1 1 0 2 2 2 1 0.560739 0.000000 
7 5 105 1 0 3 5 2 2 1 1 1 0.574879 0.000000 
7 5 106 0 0 2 2 1 0 3 3 1 0.732432 0.000000 
7 5 107 0 0 0 4 2 1 1 1 1 0.619867 0.000000 
7 5 108 1 3 2 2 2 2 4 4 1 1.119529 0.000000 
7 5 109 1 2 2 2 1 1 3 3 1 1.974254 0.000000 
7 5 110 1 0 0 2 0 1 1 1 1 0.628266 0.000000 
7 5 111 1 2 3 3 1 2 3 3 1 0.703838 0.000000 
7 5 112 1 2 0 5 2 0 3 3 1 0.560045 0.000000 
7 5 113 0 4 0 2 2 2 1 1 1 1.086283 0.000000 
7 5 114 0 5 1 4 2 2 2 2 1 0.655264 0.000000 
7 5 115 0 3 1 4 2 0 2 2 1 0.817518 0.000000 
7 5 116 0 2 0 4 2 0 1 1 1 0.876091 0.000000 
7 5 117 0 2 2 0 0 1 3 3 1 0.749746 0.000000 
7 5 118 0 5 1 1 1 2 2 2 1 0.684005 0.000000 
7 5 119 1 2 3 0 0 2 3 3 1 1.156879 0.000000 
7 5 120 1 3 1 1 0 0 4 2 0 0.611231 0.000000 
7 5 121 0 4 0 4 2 2 1 1 1 0.739280 0.000000 
7 5 122 0 5 0 1 0 2 1 2 0 0.649900 0.000000 
7 5 123 0 1 3 0 2 0 4 4 1 1.031950 0.000000 
7 5 124 0 5 3 3 1 2 4 4 1 0.594350 0.000000 
7 5 125 0 4 1 1 1 2 2 2 1 0.759266 0.000000 
7 5 126 0 3 3 1 0 1 4 4 1 0.597442 0.000000 
7 5 127 1 0 2 5 2 0 1 1 1 1.274355 0.000000 
7 5 128 1 2 0 0 0 0 3 3 1 0.996128 0.000000 
7 5 129 0 0 2 2 1 0 3 3 1 1.065182 0.000000 
7 5 130 0 0 2 2 1 0 3 3 1 0.747522 0.000000 
7 5 131 0 3 3 1 2 1 4 4 1 1.209464 0.000000 
7 5 132 1 1 1 5 2 1 2 2 1 1.573872 0.000000 
7 5 133 1 2 0 0 1 0 3 3 1 0.851751 0.000000 
7 5 134 1 2 0 0 0 0 3 3 1 0.557987 0.000000 
7 5 135 0 1 1 0 2 1 2 2 1 0.692260 0.000000 
7 5 136 0 5 3 1 0 2 4 4 1 0.701177 0.000000 
7 5 137 0 1 1 3 2 1 2 2 1 1.397386 0.000000 
7 5 138 0 3 3 1 0 1 4 4 1 0.729519 0.000000 
7 5 139 0 0 2 5 2 0 3 3 1 0.825108 0.000000 
7 5 140 0 3 3 1 0 1 4 4 1 0.764739 0.000000 
7 5 141 1 1 3 5 2 0 2 2 1 1.859018 0.000000 
7 5 142 0 5 1 4 2 2 2 2 1 0.909677 0.000000 
7 5 143 0 3 1 1 1 0 2 2 1 0.637981 0.000000 
7 5 144 0 3 3 3 1 1 4 4 1 0.552805 0.000000 
7 5 145 0 4 2 1 0 2 3 3 1 0.629990 0.000000 
7 5 146 0 5 0 4 2 2 1 1 1 0.665566 0.000000 
7 5 147 0 0 2 2 1 0 3 2 0 0.755770 0.000000 
7 5 148 0 5 1 1 1 2 2 2 1 0.645808 0.000000 
7 5 149 0 3 3 3 1 1 4 4 1 0.536443 0.000000 
7 5 150 1 2 0 4 2 0 3 3 1 0.951245 0.000000 
7 5 151 0 2 0 0 0 0 1 1 1 1.733572 0.000000 
7 5 152 0 3 3 3 1 1 4 3 0 0.764861 0.000000 
7 5 153 0 1 1 3 0 1 2 2 1 0.749949 0.000000 
7 5 154 0 3 1 4 2 0 2 2 1 0.835942 0.000000 
7 5 155 1 1 1 1 1 1 2 2 1 0.830884 0.000000 
7 5 156 0 5 0 4 2 2 1 1 1 0.762454 0.000000 
7 5 157 0 4 2 5 2 2 3 3 1 0.968768 0.000000 
7 5 158 0 2 2 2 1 1 3 3 1 0.694403 0.000000 
7 5 159 0 1 3 3 1 0 4 2 0 0.975334 0.000000 
7 5 160 0 2 0 0 0 0 1 1 1 0.696038 0.000000 
7 5 161 0 2 0 0 0 0 1 1 1 1.176452 0.000000 
7 5 162 0 5 2 4 2 2 3 3 1 0.726194 0.000000 
7 5 163 0 4 0 1 0 2 1 1 1 0.901718 0.000000 
7 5 164 0 5 3 1 0 2 4 4 1 0.702074 0.000000 
7 5 165 0 4 0 1 0 2 1 1 1 0.910309 0.000000 
7 5 166 1 2 2 0 0 1 3 3 1 1.094608 0.000000 
7 5 167 0 1 3 3 1 0 4 4 1 1.622699 0.000000 
7 5 168 1 2 0 0 0 0 3 3 1 1.002568 0.000000 
7 5 169 1 0 3 2 0 2 1 1 1 1.062951 0.000000 
7 5 170 0 5 3 1 0 2 4 4 1 0.857328 0.000000 
7 5 171 0 0 2 4 2 0 3 3 1 2.083631 0.000000 
7 5 172 0 2 0 3 2 0 1 1 1 0.805053 0.000000 
7 5 173 1 0 1 1 1 2 1 1 1 1.153280 0.000000 
7 5 174 0 5 1 1 1 2 2 2 1 0.958741 0.000000 
7 5 175 1 0 0 0 1 1 1 1 1 0.653062 0.000000 
7 5 176 0 2 0 4 2 0 1 1 1 0.783294 0.000000 
7 5 177 0 1 3 4 2 0 4 4 1 1.100252 0.000000 
7 5 178 0 2 0 0 0 0 1 1 1 0.892583 0.000000 
7 5 179 1 0 2 2 0 0 1 1 1 0.613579 0.000000 
7 5 180 0 0 0 2 0 1 1 1 1 0.969804 0.000000 
7 5 181 0 0 2 5 2 0 3 3 1 0.766476 0.000000 
7 5 182 0 2 2 0 0 1 3 3 1 0.660024 0.000000 
7 5 183 1 2 0 0 0 0 3 1 0 0.790230 0.000000 
7 5 184 0 2 2 0 0 1 3 3 1 1.118984 0.000000 
7 5 185 0 0 0 0 1 1 1 1 1 0.758394 0.000000 
7 5 186 0 1 3 3 0 0 4 4 1 0.852704 0.000000 
7 5 187 0 4 1 4 2 2 2 2 1 0.990996 0.000000 
7 5 188 0 5 0 0 1 2 1 1 1 0.722952 0.000000 
7 5 189 0 2 2 0 0 1 3 3 1 1.066582 0.000000 
7 5 190 1 1 3 3 0 2 2 4 0 0.988299 0.000000 
7 5 191 0 1 3 3 0 0 4 4 1 0.573332 0.000000 
7 5 192 0 3 1 1 0 0 2 2 1 1.098384 0.000000 
7 6 1 0 2 1 1 1 0 2 2 1 1.283415 0.000000 
7 6 2 0 3 2 2 0 0 3 3 1 0.996010 0.000000 
7 6 3 0 3 3 3 1 1 4 4 1 0.569010 0.000000 
7 6 4 1 0 0 4 2 1 1 1 1 0.958490 0.000000 
7 6 5 0 0 3 4 2 0 4 4 1 0.932870 0.000000 
7 6 6 0 2 2 2 1 1 3 3 1 0.667993 0.000000 
7 6 7 0 4 3 3 1 2 4 4 1 0.933421 0.000000 
7 6 8 0 2 2 5 2 1 3 3 1 0.595336 0.000000 
7 6 9 1 2 1 1 0 0 3 3 1 1.264215 0.000000 
7 6 10 0 1 1 1 1 1 2 2 1 0.658669 0.000000 
7 6 11 0 4 1 2 0 2 2 2 1 0.764862 0.000000 
7 6 12 0 5 1 1 1 2 2 2 1 0.491110 0.000000 
7 6 13 0 1 0 4 2 0 1 1 1 0.707997 0.000000 
7 6 14 1 1 0 0 1 2 2 2 1 0.940142 0.000000 
7 6 15 0 4 3 4 2 2 4 4 1 0.738149 0.000000 
7 6 16 0 3 2 2 0 0 3 3 1 0.680869 0.000000 
7 6 17 1 3 3 2 0 1 4 4 1 1.098598 0.000000 
7 6 18 1 0 0 4 2 1 1 1 1 0.675639 0.000000 
7 6 19 0 2 2 2 1 1 3 3 1 0.789236 0.000000 
7 6 20 0 2 2 5 2 1 3 3 1 0.674174 0.000000 
7 6 21 0 4 2 2 0 2 3 3 1 0.507689 0.000000 
7 6 22 0 5 0 0 1 2 1 1 1 0.603859 0.000000 
7 6 23 0 3 3 3 1 1 4 4 1 0.631028 0.000000 
7 6 24 0 0 3 4 2 0 4 4 1 0.698624 0.000000 
7 6 25 0 4 0 4 2 2 1 1 1 1.059536 0.000000 
7 6 26 0 2 2 2 1 1 3 3 1 0.637865 0.000000 
7 6 27 0 4 2 2 0 2 3 3 1 0.584744 0.000000 
7 6 28 1 2 2 1 0 1 3 3 1 1.229611 0.000000 
7 6 29 0 0 3 5 2 0 4 4 1 1.201382 0.000000 
7 6 30 0 5 0 3 2 2 1 1 1 1.133823 0.000000 
7 6 31 0 4 0 0 1 2 1 1 1 0.556062 0.000000 
7 6 32 0 2 1 5 2 0 2 2 1 0.826050 0.000000 
7 6 33 1 0 3 2 2 0 1 1 1 1.269639 0.000000 
7 6 34 0 5 0 0 1 2 1 1 1 0.791469 0.000000 
7 6 35 1 3 2 2 0 0 4 4 1 0.868365 0.000000 
7 6 36 0 3 2 2 0 0 3 3 1 1.157080 0.000000 
7 6 37 1 0 1 3 0 2 1 2 0 1.140449 0.000000 
7 6 38 1 1 2 2 1 2 2 2 1 0.934565 0.000000 
7 6 39 0 1 0 4 2 0 1 1 1 1.445056 0.000000 
7 6 40 0 1 1 4 2 1 2 2 1 0.776184 0.000000 
7 6 41 0 2 2 1 0 1 3 3 1 0.765824 0.000000 
7 6 42 0 0 3 3 1 0 4 4 1 0.851934 0.000000 
7 6 43 0 4 0 4 2 2 1 1 1 0.918386 0.000000 
7 6 44 1 1 0 0 0 0 2 2 1 0.972960 0.000000 
7 6 45 1 1 0 0 1 0 2 2 1 0.746628 0.000000 
7 6 46 0 1 0 4 2 0 1 1 1 1.057623 0.000000 
7 6 47 0 2 1 4 2 0 2 2 1 0.723921 0.000000 
7 6 48 0 3 3 5 2 1 4 4 1 0.739545 0.000000 
7 6 49 1 2 2 2 2 1 3 3 1 0.834442 0.000000 
7 6 50 1 0 3 5 2 0 1 1 1 1.437430 0.000000 
7 6 51 0 2 1 1 0 0 2 2 1 0.959531 0.000000 
7 6 52 0 2 1 5 2 0 2 2 1 1.461961 0.000000 
7 6 53 0 4 2 4 2 2 3 3 1 0.792485 0.000000 
7 6 54 0 5 2 2 0 2 3 3 1 0.781404 0.000000 
7 6 55 0 3 3 3 1 1 4 4 1 0.538898 0.000000 
7 6 56 1 3 3 2 0 1 4 4 1 1.097828 0.000000 
7 6 57 0 1 0 4 2 0 1 1 1 0.770871 0.000000 
7 6 58 0 3 3 3 1 1 4 4 1 0.816466 0.000000 
7 6 59 0 0 3 3 0 0 4 4 1 0.811104 0.000000 
7 6 60 0 3 2 2 0 0 3 3 1 0.999350 0.000000 
7 6 61 0 4 2 2 1 2 3 3 1 0.483934 0.000000 
7 6 62 0 0 3 5 2 0 4 4 1 0.764516 0.000000 
7 6 63 0 3 2 4 2 0 3 3 1 0.858778 0.000000 
7 6 64 0 0 0 0 1 1 1 1 1 0.597049 0.000000 
7 6 65 0 3 2 2 1 0 3 3 1 0.961918 0.000000 
7 6 66 1 0 0 3 0 1 1 1 1 0.696229 0.000000 
7 6 67 0 0 0 0 1 1 1 1 1 0.856098 0.000000 
7 6 68 0 2 1 1 1 0 2 2 1 1.386406 0.000000 
7 6 69 1 0 0 4 2 1 1 1 1 0.855530 0.000000 
7 6 70 0 5 0 4 2 2 1 1 1 0.785902 0.000000 
7 6 71 1 1 1 1 1 1 2 2 1 1.118818 0.000000 
7 6 72 0 5 1 4 2 2 2 2 1 0.702532 0.000000 
7 6 73 1 2 1 0 2 0 3 3 1 1.438776 0.000000 
7 6 74 1 0 0 0 1 1 1 1 1 0.656961 0.000000 
7 6 75 1 3 3 3 1 1 4 4 1 0.883176 0.000000 
7 6 76 0 5 3 4 2 2 4 4 1 0.484156 0.000000 
7 6 77 0 4 0 0 1 2 1 1 1 0.708960 0.000000 
7 6 78 0 3 3 3 1 1 4 4 1 0.565134 0.000000 
7 6 79 0 3 2 2 1 0 3 3 1 0.587335 0.000000 
7 6 80 1 3 2 2 0 0 4 3 0 0.688192 0.000000 
7 6 81 0 1 1 1 1 1 2 2 1 0.684891 0.000000 
7 6 82 0 1 0 4 2 0 1 1 1 1.084550 0.000000 
7 6 83 1 1 1 5 2 1 2 2 1 1.245585 0.000000 
7 6 84 0 2 2 1 2 1 3 3 1 0.912638 0.000000 
7 6 85 0 1 1 1 1 1 2 2 1 0.936984 0.000000 
7 6 86 0 5 0 2 0 2 1 1 1 1.048021 0.000000 
7 6 87 0 4 0 2 0 2 1 1 1 0.698970 0.000000 
7 6 88 0 0 3 3 1 0 4 4 1 0.739934 0.000000 
7 6 89 0 3 2 2 0 0 3 3 1 0.961842 0.000000 
7 6 90 0 5 2 2 0 2 3 3 1 0.584168 0.000000 
7 6 91 0 4 2 2 1 2 3 3 1 0.549027 0.000000 
7 6 92 0 1 0 0 1 0 1 1 1 0.979867 0.000000 
7 6 93 1 1 0 0 0 0 2 1 0 1.177549 0.000000 
7 6 94 0 2 2 2 1 1 3 3 1 0.723306 0.000000 
7 6 95 1 1 1 0 0 1 2 2 1 0.914387 0.000000 
7 6 96 0 2 2 4 2 1 3 3 1 0.801693 0.000000 
7 6 97 0 0 3 3 0 0 4 4 1 0.837993 0.000000 
7 6 98 0 5 3 2 0 2 4 4 1 0.544927 0.000000 
7 6 99 1 2 1 4 2 2 3 3 1 1.023720 0.000000 
7 6 100 0 0 0 1 2 1 1 1 1 0.659394 0.000000 
7 6 101 0 2 2 5 2 1 3 3 1 0.637638 0.000000 
7 6 102 0 5 2 2 0 2 3 3 1 0.648462 0.000000 
7 6 103 0 3 3 5 2 1 4 4 1 0.619396 0.000000 
7 6 104 0 2 2 1 0 1 3 3 1 0.581859 0.000000 
7 6 105 1 0 0 3 0 1 1 1 1 0.915432 0.000000 
7 6 106 0 1 1 0 0 1 2 2 1 0.779762 0.000000 
7 6 107 1 3 3 3 1 1 4 4 1 0.625305 0.000000 
7 6 108 0 3 2 4 2 0 3 3 1 0.772863 0.000000 
7 6 109 1 3 2 2 0 0 4 3 0 0.738452 0.000000 
7 6 110 0 5 2 2 2 2 3 3 1 1.061438 0.000000 
7 6 111 0 4 0 0 1 2 1 1 1 0.830230 0.000000 
7 6 112 0 3 3 2 0 1 4 4 1 0.841904 0.000000 
7 6 113 1 1 0 0 0 0 2 2 1 0.988841 0.000000 
7 6 114 0 3 2 2 1 0 3 3 1 1.081885 0.000000 
7 6 115 0 3 2 2 1 0 3 3 1 0.715566 0.000000 
7 6 116 0 5 2 2 0 2 3 3 1 0.683820 0.000000 
7 6 117 0 2 2 2 1 1 3 3 1 0.604621 0.000000 
7 6 118 1 0 0 0 1 1 1 1 1 0.887837 0.000000 
7 6 119 1 1 0 5 2 0 2 2 1 2.008866 0.000000 
7 6 120 0 1 1 1 1 1 2 2 1 0.941590 0.000000 
7 6 121 1 3 3 4 2 1 4 4 1 1.004609 0.000000 
7 6 122 1 0 3 3 0 0 1 1 1 0.936936 0.000000 
7 6 123 1 0 3 3 0 0 1 1 1 0.519886 0.000000 
7 6 124 0 1 1 3 2 1 2 2 1 0.647435 0.000000 
7 6 125 0 4 3 3 1 2 4 4 1 0.874321 0.000000 
7 6 126 0 5 3 3 1 2 4 4 1 0.498944 0.000000 
7 6 127 0 4 3 5 2 2 4 4 1 0.579768 0.000000 
7 6 128 0 5 0 2 0 2 1 1 1 0.697209 0.000000 
7 6 129 0 4 0 2 0 2 1 1 1 1.162090 0.000000 
7 6 130 1 0 3 3 0 0 1 1 1 1.168577 0.000000 
7 6 131 0 1 1 5 2 1 2 2 1 0.758312 0.000000 
7 6 132 0 1 1 1 1 1 2 2 1 0.771593 0.000000 
7 6 133 1 3 2 2 1 0 4 4 1 1.073160 0.000000 
7 6 134 0 0 3 3 0 0 4 4 1 1.058895 0.000000 
7 6 135 1 2 1 1 1 0 3 3 1 0.773225 0.000000 
7 6 136 0 3 2 2 0 0 3 3 1 1.074818 0.000000 
7 6 137 1 0 2 3 2 2 1 1 1 0.876529 0.000000 
7 6 138 0 3 3 3 1 1 4 4 1 0.734171 0.000000 
7 6 139 0 2 1 1 1 0 2 2 1 1.412172 0.000000 
7 6 140 0 0 0 3 0 1 1 1 1 0.728606 0.000000 
7 6 141 0 4 2 2 0 2 3 3 1 1.256195 0.000000 
7 6 142 0 2 1 1 0 0 2 2 1 1.762618 0.000000 
7 6 143 0 4 1 4 2 2 2 2 1 0.681276 0.000000 
7 6 144 1 3 2 2 1 0 4 4 1 0.898818 0.000000 
7 6 145 0 4 1 2 0 2 2 2 1 0.699819 0.000000 
7 6 146 0 3 2 2 0 0 3 2 0 1.116042 0.000000 
7 6 147 1 3 2 2 0 0 4 4 1 1.006938 0.000000 
7 6 148 0 0 3 3 1 0 4 1 0 1.307292 0.000000 
7 6 149 0 2 1 4 2 0 2 2 1 0.975792 0.000000 
7 6 150 0 5 0 5 2 2 1 1 1 0.717004 0.000000 
7 6 151 0 1 1 0 0 1 2 2 1 0.764572 0.000000 
7 6 152 0 5 1 1 1 2 2 2 1 0.714841 0.000000 
7 6 153 1 0 3 5 2 2 1 1 1 1.723031 0.000000 
7 6 154 0 1 0 0 1 0 1 1 1 1.346034 0.000000 
7 6 155 0 3 3 2 0 1 4 4 1 0.657181 0.000000 
7 6 156 0 5 1 1 1 2 2 2 1 0.763410 0.000000 
7 6 157 0 4 2 2 1 2 3 3 1 0.937665 0.000000 
7 6 158 0 2 1 4 2 0 2 2 1 0.776623 0.000000 
7 6 159 0 4 3 4 2 2 4 4 1 0.614249 0.000000 
7 6 160 0 5 1 2 0 2 2 2 1 0.730437 0.000000 
7 6 161 0 0 0 3 0 1 1 1 1 0.584976 0.000000 
7 6 162 0 3 2 2 1 0 3 3 1 0.725839 0.000000 
7 6 163 0 3 3 5 2 1 4 4 1 0.621417 0.000000 
7 6 164 0 0 0 3 0 1 1 1 1 0.560939 0.000000 
7 6 165 1 0 3 3 0 2 1 1 1 0.911143 0.000000 
7 6 166 1 1 2 0 0 2 2 3 0 1.151418 0.000000 
7 6 167 0 4 3 4 2 2 4 4 1 0.745827 0.000000 
7 6 168 0 5 0 4 2 2 1 1 1 0.744298 0.000000 
7 6 169 1 0 0 4 2 1 1 1 1 0.726204 0.000000 
7 6 170 1 1 1 1 1 2 2 2 1 0.669751 0.000000 
7 6 171 1 2 2 1 0 2 3 4 0 0.703254 0.000000 
7 6 172 0 5 0 0 1 2 1 1 1 0.851600 0.000000 
7 6 173 0 4 2 2 1 2 3 3 1 0.781392 0.000000 
7 6 174 0 2 2 1 0 1 3 3 1 0.930983 0.000000 
7 6 175 0 1 1 4 2 1 2 2 1 0.617571 0.000000 
7 6 176 0 5 3 3 1 2 4 4 1 0.837193 0.000000 
7 6 177 0 2 2 5 2 1 3 3 1 0.808108 0.000000 
7 6 178 0 1 1 0 0 1 2 2 1 0.684388 0.000000 
7 6 179 0 4 3 3 1 2 4 4 1 0.741226 0.000000 
7 6 180 0 5 3 2 0 2 4 4 1 0.548200 0.000000 
7 6 181 0 1 1 0 0 1 2 2 1 0.827021 0.000000 
7 6 182 0 5 2 4 2 2 3 3 1 0.990653 0.000000 
7 6 183 0 0 3 3 1 0 4 4 1 0.747671 0.000000 
7 6 184 0 0 3 0 2 0 4 4 1 0.801575 0.000000 
7 6 185 0 4 1 4 2 2 2 2 1 0.749844 0.000000 
7 6 186 0 3 3 2 0 1 4 4 1 0.628071 0.000000 
7 6 187 0 4 0 2 0 2 1 1 1 0.703595 0.000000 
7 6 188 0 5 1 0 2 2 2 2 1 0.807846 0.000000 
7 6 189 1 0 3 3 0 0 1 1 1 0.844103 0.000000 
7 6 190 0 2 2 2 1 1 3 3 1 0.687044 0.000000 
7 6 191 0 4 1 1 1 2 2 2 1 0.918938 0.000000 
7 6 192 0 1 0 4 2 0 1 1 1 0.598595 0.000000 
