18 1 1 0 3 1 2 0 0 2 2 1 2.692294 0.000000 
18 1 2 1 3 1 1 1 0 4 2 0 0.885720 0.000000 
18 1 3 1 3 3 3 1 1 4 4 1 0.778501 0.000000 
18 1 4 1 3 1 0 2 2 4 4 1 1.400002 0.000000 
18 1 5 0 3 3 3 1 1 4 4 1 0.683505 0.000000 
18 1 6 0 1 1 4 2 1 2 2 1 1.124398 0.000000 
18 1 7 1 3 1 0 2 0 4 4 1 1.404236 0.000000 
18 1 8 0 0 0 3 0 1 1 1 1 1.504789 0.000000 
18 1 9 0 2 0 0 1 0 1 1 1 0.633365 0.000000 
18 1 10 0 5 2 2 1 2 3 3 1 0.788139 0.000000 
18 1 11 0 0 2 2 1 0 3 3 1 0.880576 0.000000 
18 1 12 0 0 2 4 2 0 3 3 1 0.785244 0.000000 
18 1 13 1 0 2 2 1 2 1 1 1 1.214206 0.000000 
18 1 14 1 3 3 3 1 1 4 4 1 1.210692 0.000000 
18 1 15 0 4 0 0 1 2 1 1 1 0.983087 0.000000 
18 1 16 0 5 1 2 0 2 2 2 1 0.963857 0.000000 
18 1 17 0 3 1 1 1 0 2 2 1 1.097940 0.000000 
18 1 18 0 5 1 2 0 2 2 2 1 0.763009 0.000000 
18 1 19 1 2 2 2 1 1 3 3 1 1.144310 0.000000 
18 1 20 0 2 2 1 0 1 3 3 1 0.655441 0.000000 
18 1 21 0 4 1 5 2 2 2 2 1 0.713690 0.000000 
18 1 22 0 0 2 2 1 0 3 3 1 0.985936 0.000000 
18 1 23 1 2 0 5 2 0 3 3 1 0.966936 0.000000 
18 1 24 1 3 2 0 2 2 4 4 1 0.836671 0.000000 
18 1 25 0 2 0 0 2 0 1 1 1 0.775744 0.000000 
18 1 26 0 1 1 4 2 1 2 2 1 0.685351 0.000000 
18 1 27 0 1 1 0 2 1 2 2 1 0.597356 0.000000 
18 1 28 0 5 2 2 0 2 3 3 1 0.658218 0.000000 
18 1 29 0 4 1 4 2 2 2 2 1 0.668438 0.000000 
18 1 30 0 3 3 2 0 1 4 4 1 0.758028 0.000000 
18 1 31 0 4 2 2 1 2 3 3 1 0.716309 0.000000 
18 1 32 0 1 1 0 0 1 2 2 1 0.723909 0.000000 
18 1 33 0 3 1 5 2 0 2 2 1 0.747522 0.000000 
18 1 34 0 2 0 1 0 0 1 1 1 0.762421 0.000000 
18 1 35 0 0 2 4 2 0 3 3 1 0.719720 0.000000 
18 1 36 0 5 3 4 2 2 4 4 1 0.695351 0.000000 
18 1 37 0 1 1 0 2 1 2 2 1 0.736302 0.000000 
18 1 38 0 3 1 1 1 0 2 2 1 0.815232 0.000000 
18 1 39 0 1 3 0 0 0 4 4 1 0.963514 0.000000 
18 1 40 0 1 3 0 0 0 4 4 1 1.377946 0.000000 
18 1 41 0 2 2 5 2 1 3 3 1 0.903781 0.000000 
18 1 42 1 1 3 4 2 2 2 2 1 1.447134 0.000000 
18 1 43 0 3 3 2 0 1 4 4 1 1.002459 0.000000 
18 1 44 0 2 2 5 2 1 3 3 1 0.806771 0.000000 
18 1 45 0 4 2 5 2 2 3 3 1 0.739137 0.000000 
18 1 46 0 5 0 5 2 2 1 1 1 0.738071 0.000000 
18 1 47 0 2 2 1 0 1 3 3 1 0.720992 0.000000 
18 1 48 0 5 1 2 0 2 2 2 1 1.040653 0.000000 
18 1 49 0 1 1 0 0 1 2 2 1 0.730690 0.000000 
18 1 50 1 1 0 0 0 2 2 2 1 1.450321 0.000000 
18 1 51 0 0 0 3 0 1 1 1 1 0.684879 0.000000 
18 1 52 0 0 2 3 0 0 3 3 1 0.685810 0.000000 
18 1 53 1 2 2 0 2 1 3 3 1 1.246728 0.000000 
18 1 54 0 3 1 1 1 0 2 2 1 0.809905 0.000000 
18 1 55 1 2 2 5 2 2 3 3 1 0.878193 0.000000 
18 1 56 1 3 3 3 1 2 4 4 1 0.702815 0.000000 
18 1 57 0 3 3 3 1 1 4 4 1 0.663107 0.000000 
18 1 58 1 1 3 3 1 2 2 2 1 1.081371 0.000000 
18 1 59 0 4 1 2 0 2 2 2 1 0.827191 0.000000 
18 1 60 1 0 0 0 1 1 1 1 1 1.094785 0.000000 
18 1 61 0 1 3 0 2 0 4 4 1 1.095883 0.000000 
18 1 62 0 2 0 4 2 0 1 1 1 0.768972 0.000000 
18 1 63 0 3 3 0 2 1 4 4 1 0.718608 0.000000 
18 1 64 0 5 2 2 0 2 3 3 1 0.757159 0.000000 
18 1 65 0 0 0 0 1 1 1 1 1 0.651464 0.000000 
18 1 66 0 5 0 2 0 2 1 1 1 0.757755 0.000000 
18 1 67 0 3 3 2 0 1 4 4 1 0.652044 0.000000 
18 1 68 0 5 2 2 1 2 3 3 1 1.054299 0.000000 
18 1 69 0 1 3 4 2 0 4 4 1 1.272744 0.000000 
18 1 70 0 1 1 0 0 1 2 2 1 0.786545 0.000000 
18 1 71 1 1 3 3 1 0 2 2 1 1.862480 0.000000 
18 1 72 0 3 1 1 1 0 2 2 1 0.713286 0.000000 
18 1 73 0 1 1 1 1 1 2 2 1 0.505531 0.000000 
18 1 74 0 2 2 1 0 1 3 3 1 0.761700 0.000000 
18 1 75 1 2 0 4 2 0 3 3 1 1.287982 0.000000 
18 1 76 0 0 0 3 0 1 1 1 1 0.609164 0.000000 
18 1 77 0 1 3 0 0 0 4 4 1 1.005421 0.000000 
18 1 78 0 1 3 3 1 0 4 4 1 0.776798 0.000000 
18 1 79 0 0 0 4 2 1 1 1 1 0.630511 0.000000 
18 1 80 0 5 0 0 1 2 1 1 1 0.633990 0.000000 
18 1 81 0 0 2 4 2 0 3 3 1 0.772946 0.000000 
18 1 82 0 0 0 3 0 1 1 1 1 0.658529 0.000000 
18 1 83 0 4 1 1 1 2 2 2 1 0.692816 0.000000 
18 1 84 0 1 1 4 2 1 2 2 1 0.813722 0.000000 
18 1 85 0 1 3 0 2 0 4 4 1 0.657025 0.000000 
18 1 86 1 2 0 0 1 0 3 3 1 1.115280 0.000000 
18 1 87 0 3 1 4 2 0 2 2 1 0.827727 0.000000 
18 1 88 1 3 2 2 0 2 4 4 1 0.839328 0.000000 
18 1 89 0 4 1 2 0 2 2 2 1 0.786353 0.000000 
18 1 90 0 2 2 2 1 1 3 3 1 0.911319 0.000000 
18 1 91 1 0 0 0 2 1 1 1 1 1.119646 0.000000 
18 1 92 0 1 1 5 2 1 2 2 1 0.839453 0.000000 
18 1 93 0 4 0 0 1 2 1 1 1 0.706414 0.000000 
18 1 94 0 3 1 4 2 0 2 2 1 0.761696 0.000000 
18 1 95 0 4 0 0 1 2 1 1 1 0.672024 0.000000 
18 1 96 0 1 3 4 2 0 4 4 1 0.721616 0.000000 
18 1 97 1 0 2 2 1 2 1 1 1 0.929159 0.000000 
18 1 98 0 2 2 2 1 1 3 3 1 0.768892 0.000000 
18 1 99 0 4 0 2 0 2 1 1 1 0.710535 0.000000 
18 1 100 1 3 1 1 1 0 4 4 1 0.846792 0.000000 
18 1 101 1 2 2 0 2 1 3 3 1 1.008743 0.000000 
18 1 102 1 1 3 3 1 0 2 2 1 1.245170 0.000000 
18 1 103 0 0 0 0 1 1 1 1 1 0.616352 0.000000 
18 1 104 0 5 0 0 1 2 1 1 1 0.707924 0.000000 
18 1 105 1 0 3 4 2 2 1 4 0 0.836197 0.000000 
18 1 106 1 0 2 2 1 0 1 1 1 1.835012 0.000000 
18 1 107 1 0 2 5 2 0 1 2 0 1.053132 0.000000 
18 1 108 1 3 1 2 0 0 4 4 1 1.091384 0.000000 
18 1 109 1 3 3 4 2 1 4 4 1 1.052195 0.000000 
18 1 110 0 1 1 1 1 1 2 2 1 0.774574 0.000000 
18 1 111 0 3 3 3 1 1 4 4 1 0.692186 0.000000 
18 1 112 0 5 2 2 1 2 3 3 1 1.213200 0.000000 
18 1 113 1 0 2 2 1 2 1 1 1 0.905626 0.000000 
18 1 114 1 3 3 2 0 1 4 4 1 1.048957 0.000000 
18 1 115 0 1 1 1 1 1 2 2 1 0.667924 0.000000 
18 1 116 1 2 2 5 2 1 3 3 1 1.332973 0.000000 
18 1 117 0 4 1 2 0 2 2 2 1 0.772170 0.000000 
18 1 118 0 0 0 5 2 1 1 1 1 0.641832 0.000000 
18 1 119 0 4 2 2 0 2 3 3 1 0.748762 0.000000 
18 1 120 0 5 0 0 1 2 1 1 1 0.683659 0.000000 
18 1 121 0 4 2 0 2 2 3 3 1 0.923697 0.000000 
18 1 122 0 5 1 1 1 2 2 2 1 0.723368 0.000000 
18 1 123 0 1 3 4 2 0 4 4 1 0.730870 0.000000 
18 1 124 0 5 1 1 1 2 2 2 1 0.890522 0.000000 
18 1 125 0 2 2 1 0 1 3 3 1 0.899532 0.000000 
18 1 126 0 0 0 3 0 1 1 1 1 0.612047 0.000000 
18 1 127 0 3 1 2 0 0 2 2 1 1.040040 0.000000 
18 1 128 0 2 2 1 0 1 3 3 1 0.659189 0.000000 
18 1 129 0 3 3 0 2 1 4 4 1 0.621401 0.000000 
18 1 130 0 3 3 2 0 1 4 4 1 0.591922 0.000000 
18 1 131 0 2 2 4 2 1 3 3 1 0.956867 0.000000 
18 1 132 0 0 2 2 1 0 3 3 1 0.691279 0.000000 
18 1 133 1 3 1 4 2 0 4 4 1 1.292187 0.000000 
18 1 134 1 1 1 1 1 1 2 2 1 0.781348 0.000000 
18 1 135 1 2 1 1 0 2 3 3 1 0.930976 0.000000 
18 1 136 0 3 1 2 0 0 2 4 0 0.746656 0.000000 
18 1 137 1 1 3 5 2 0 2 2 1 2.412757 0.000000 
18 1 138 0 1 1 1 1 1 2 2 1 1.049150 0.000000 
18 1 139 0 2 0 0 1 0 1 1 1 1.220103 0.000000 
18 1 140 0 1 3 0 2 0 4 4 1 0.951447 0.000000 
18 1 141 0 4 2 2 0 2 3 3 1 0.773774 0.000000 
18 1 142 0 2 2 4 2 1 3 3 1 0.859446 0.000000 
18 1 143 0 3 1 0 2 0 2 2 1 0.908757 0.000000 
18 1 144 1 3 3 2 0 2 4 4 1 1.005059 0.000000 
18 1 145 0 1 3 0 0 0 4 4 1 0.689462 0.000000 
18 1 146 0 0 2 3 0 0 3 2 0 0.866389 0.000000 
18 1 147 0 4 3 0 2 2 4 4 1 0.991914 0.000000 
18 1 148 0 1 1 0 0 1 2 2 1 0.844660 0.000000 
18 1 149 0 3 1 2 0 0 2 2 1 0.911714 0.000000 
18 1 150 0 0 2 0 2 0 3 3 1 0.927086 0.000000 
18 1 151 1 2 2 4 2 2 3 3 1 1.198749 0.000000 
18 1 152 0 0 0 0 2 1 1 1 1 0.643866 0.000000 
18 1 153 0 3 3 2 0 1 4 4 1 0.638752 0.000000 
18 1 154 0 3 3 3 1 1 4 4 1 0.649679 0.000000 
18 1 155 0 4 2 2 0 2 3 3 1 0.787952 0.000000 
18 1 156 1 3 2 5 2 2 4 4 1 0.888843 0.000000 
18 1 157 0 2 0 5 2 0 1 2 0 0.921919 0.000000 
18 1 158 0 2 0 0 1 0 1 1 1 1.508433 0.000000 
18 1 159 0 0 2 2 1 0 3 3 1 0.772779 0.000000 
18 1 160 1 1 3 5 2 0 2 4 0 0.882386 0.000000 
18 1 161 0 3 3 2 0 1 4 4 1 0.727871 0.000000 
18 1 162 0 1 1 5 2 1 2 2 1 0.759258 0.000000 
18 1 163 0 2 0 1 0 0 1 1 1 0.853476 0.000000 
18 1 164 0 5 1 1 1 2 2 2 1 0.935882 0.000000 
18 1 165 0 0 2 3 0 0 3 3 1 0.797841 0.000000 
18 1 166 0 5 1 0 2 2 2 2 1 0.810810 0.000000 
18 1 167 0 4 1 2 0 2 2 2 1 0.783169 0.000000 
18 1 168 0 1 3 4 2 0 4 4 1 0.692100 0.000000 
18 1 169 0 4 2 4 2 2 3 3 1 0.781103 0.000000 
18 1 170 1 1 2 2 1 2 2 2 1 0.986661 0.000000 
18 1 171 0 1 3 3 1 0 4 4 1 0.831729 0.000000 
18 1 172 0 0 0 0 1 1 1 1 1 0.771402 0.000000 
18 1 173 1 0 2 3 0 2 1 1 1 1.304043 0.000000 
18 1 174 0 0 2 3 0 0 3 3 1 1.392590 0.000000 
18 1 175 0 0 2 3 0 0 3 3 1 0.845761 0.000000 
18 1 176 1 1 3 0 0 0 2 2 1 1.144759 0.000000 
18 1 177 0 4 1 2 0 2 2 2 1 0.847912 0.000000 
18 1 178 0 5 0 4 2 2 1 1 1 0.786879 0.000000 
18 1 179 0 1 1 1 1 1 2 2 1 0.694781 0.000000 
18 1 180 0 2 2 1 0 1 3 3 1 0.831742 0.000000 
18 1 181 0 3 3 2 0 1 4 4 1 0.707411 0.000000 
18 1 182 1 1 3 3 1 0 2 2 1 0.987687 0.000000 
18 1 183 1 0 2 2 1 0 1 1 1 1.184726 0.000000 
18 1 184 0 5 3 3 1 2 4 4 1 0.725893 0.000000 
18 1 185 1 0 2 2 1 2 1 1 1 0.997437 0.000000 
18 1 186 0 5 3 2 0 2 4 4 1 0.778536 0.000000 
18 1 187 0 4 2 2 1 2 3 3 1 0.823204 0.000000 
18 1 188 0 0 0 0 1 1 1 1 1 0.570803 0.000000 
18 1 189 0 1 3 0 0 0 4 4 1 0.960358 0.000000 
18 1 190 1 1 3 4 2 2 2 2 1 1.238685 0.000000 
18 1 191 0 4 1 2 0 2 2 2 1 0.977894 0.000000 
18 1 192 0 5 0 2 0 2 1 1 1 0.791628 0.000000 
18 2 1 1 1 2 2 1 0 2 2 1 2.757881 0.000000 
18 2 2 1 0 1 3 0 0 1 2 0 0.868732 0.000000 
18 2 3 0 4 3 2 0 2 4 4 1 0.665173 0.000000 
18 2 4 0 5 3 3 1 2 4 4 1 0.579243 0.000000 
18 2 5 0 1 2 2 1 0 3 3 1 1.704793 0.000000 
18 2 6 0 1 1 0 0 1 2 2 1 0.801387 0.000000 
18 2 7 0 4 1 2 0 2 2 2 1 0.709756 0.000000 
18 2 8 0 0 1 3 0 0 2 2 1 0.829948 0.000000 
18 2 9 0 4 2 4 2 2 3 3 1 0.737648 0.000000 
18 2 10 0 5 3 2 0 2 4 4 1 0.656569 0.000000 
18 2 11 0 1 2 0 0 0 3 3 1 1.241871 0.000000 
18 2 12 1 0 0 0 1 1 1 1 1 0.740960 0.000000 
18 2 13 0 4 0 0 1 2 1 1 1 0.659936 0.000000 
18 2 14 0 1 1 0 0 1 2 2 1 0.694168 0.000000 
18 2 15 1 3 0 2 0 0 4 1 0 0.911108 0.000000 
18 2 16 0 5 2 2 0 2 3 3 1 0.763318 0.000000 
18 2 17 0 1 2 0 0 0 3 3 1 0.769327 0.000000 
18 2 18 0 5 0 4 2 2 1 1 1 0.653947 0.000000 
18 2 19 0 0 0 3 0 1 1 1 1 0.696208 0.000000 
18 2 20 0 1 1 0 0 1 2 2 1 0.665121 0.000000 
18 2 21 0 4 1 2 0 2 2 2 1 0.723352 0.000000 
18 2 22 0 5 0 2 2 2 1 1 1 0.739002 0.000000 
18 2 23 0 4 0 5 2 2 1 1 1 1.321920 0.000000 
18 2 24 0 3 3 2 0 1 4 4 1 0.817815 0.000000 
18 2 25 1 3 3 5 2 1 4 4 1 1.036449 0.000000 
18 2 26 0 1 2 0 0 0 3 3 1 0.903511 0.000000 
18 2 27 0 1 2 4 2 0 3 3 1 0.767896 0.000000 
18 2 28 0 5 2 4 2 2 3 3 1 0.637469 0.000000 
18 2 29 0 0 1 1 1 0 2 2 1 0.992432 0.000000 
18 2 30 0 5 0 0 1 2 1 1 1 0.645430 0.000000 
18 2 31 0 3 3 2 0 1 4 4 1 0.736377 0.000000 
18 2 32 0 5 3 2 0 2 4 4 1 0.566413 0.000000 
18 2 33 0 4 3 2 0 2 4 4 1 0.563850 0.000000 
18 2 34 0 5 0 2 0 2 1 1 1 0.858125 0.000000 
18 2 35 0 3 0 2 0 0 1 1 1 0.876437 0.000000 
18 2 36 0 5 1 2 0 2 2 2 1 0.798095 0.000000 
18 2 37 0 4 0 2 0 2 1 1 1 0.651033 0.000000 
18 2 38 0 0 0 0 1 1 1 1 1 0.645270 0.000000 
18 2 39 0 4 3 2 0 2 4 4 1 0.768220 0.000000 
18 2 40 0 0 0 5 2 1 1 1 1 0.781838 0.000000 
18 2 41 0 2 3 1 0 0 4 4 1 0.810474 0.000000 
18 2 42 0 2 3 3 1 0 4 4 1 0.734729 0.000000 
18 2 43 0 1 1 0 0 1 2 2 1 0.773675 0.000000 
18 2 44 0 2 2 4 2 1 3 3 1 0.779342 0.000000 
18 2 45 0 4 1 5 2 2 2 2 1 0.832963 0.000000 
18 2 46 0 1 2 2 1 0 3 3 1 1.171953 0.000000 
18 2 47 0 2 2 2 1 1 3 3 1 0.833769 0.000000 
18 2 48 0 2 3 2 2 0 4 4 1 0.739730 0.000000 
18 2 49 0 3 0 0 1 0 1 1 1 0.738704 0.000000 
18 2 50 0 0 0 5 2 1 1 1 1 0.697724 0.000000 
18 2 51 0 3 3 3 1 1 4 4 1 0.658590 0.000000 
18 2 52 0 2 3 3 1 0 4 4 1 0.516800 0.000000 
18 2 53 0 4 0 5 2 2 1 1 1 0.636326 0.000000 
18 2 54 0 1 1 1 1 1 2 2 1 0.631258 0.000000 
18 2 55 1 0 1 1 1 0 1 1 1 1.033919 0.000000 
18 2 56 0 5 0 4 2 2 1 1 1 0.668910 0.000000 
18 2 57 1 0 1 3 0 0 1 1 1 1.038472 0.000000 
18 2 58 0 1 2 3 2 0 3 3 1 1.265588 0.000000 
18 2 59 0 4 0 0 1 2 1 1 1 0.643876 0.000000 
18 2 60 0 5 0 2 0 2 1 1 1 0.638344 0.000000 
18 2 61 1 0 1 1 1 2 1 1 1 1.361240 0.000000 
18 2 62 0 2 3 1 0 0 4 4 1 0.687752 0.000000 
18 2 63 0 4 1 1 1 2 2 2 1 1.231724 0.000000 
18 2 64 0 0 0 4 2 1 1 1 1 0.979529 0.000000 
18 2 65 0 1 1 5 2 1 2 2 1 0.705226 0.000000 
18 2 66 1 0 0 0 1 1 1 1 1 0.809526 0.000000 
18 2 67 0 4 1 1 1 2 2 2 1 0.677827 0.000000 
18 2 68 1 0 1 3 0 0 1 1 1 0.767336 0.000000 
18 2 69 0 2 3 5 2 0 4 4 1 0.581019 0.000000 
18 2 70 0 0 0 0 2 1 1 1 1 0.514521 0.000000 
18 2 71 0 4 3 4 2 2 4 4 1 0.601727 0.000000 
18 2 72 0 1 1 4 2 1 2 2 1 0.637925 0.000000 
18 2 73 0 4 2 2 1 2 3 3 1 0.736911 0.000000 
18 2 74 0 5 2 2 1 2 3 3 1 0.519836 0.000000 
18 2 75 1 3 3 4 2 1 4 4 1 0.967356 0.000000 
18 2 76 0 5 0 0 1 2 1 1 1 0.597091 0.000000 
18 2 77 0 2 3 3 1 0 4 4 1 0.545899 0.000000 
18 2 78 0 2 2 2 1 1 3 3 1 0.528788 0.000000 
18 2 79 1 2 2 1 0 2 3 3 1 1.327352 0.000000 
18 2 80 0 5 1 2 0 2 2 2 1 1.375226 0.000000 
18 2 81 0 0 0 4 2 1 1 1 1 0.669073 0.000000 
18 2 82 0 5 1 1 1 2 2 2 1 0.846653 0.000000 
18 2 83 1 0 1 3 0 0 1 1 1 1.025655 0.000000 
18 2 84 1 0 1 4 2 0 1 1 1 0.989335 0.000000 
18 2 85 0 2 3 1 0 0 4 4 1 0.802396 0.000000 
18 2 86 0 2 2 4 2 1 3 3 1 0.973781 0.000000 
18 2 87 1 3 3 3 1 1 4 4 1 0.779479 0.000000 
18 2 88 0 2 2 4 2 1 3 3 1 0.905068 0.000000 
18 2 89 1 2 2 4 2 1 3 3 1 0.849442 0.000000 
18 2 90 0 3 3 4 2 1 4 4 1 0.707982 0.000000 
18 2 91 0 2 3 3 1 0 4 4 1 0.620026 0.000000 
18 2 92 0 2 2 1 0 1 3 3 1 0.999633 0.000000 
18 2 93 1 3 3 2 0 1 4 4 1 0.682951 0.000000 
18 2 94 0 3 3 4 2 1 4 4 1 0.667951 0.000000 
18 2 95 1 2 1 4 2 2 3 3 1 1.421510 0.000000 
18 2 96 1 1 1 5 2 1 2 2 1 1.281407 0.000000 
18 2 97 0 1 2 4 2 0 3 3 1 1.275311 0.000000 
18 2 98 0 2 3 1 0 0 4 4 1 0.709117 0.000000 
18 2 99 1 3 0 0 1 0 4 4 1 0.965400 0.000000 
18 2 100 1 0 1 3 0 0 1 1 1 1.218842 0.000000 
18 2 101 0 0 0 4 2 1 1 1 1 1.390634 0.000000 
18 2 102 0 5 3 3 1 2 4 4 1 0.699850 0.000000 
18 2 103 0 3 0 2 0 0 1 1 1 0.900107 0.000000 
18 2 104 1 3 2 4 2 2 4 4 1 1.012416 0.000000 
18 2 105 1 0 0 0 1 2 1 1 1 0.952827 0.000000 
18 2 106 0 2 3 3 1 0 4 4 1 0.823146 0.000000 
18 2 107 0 4 3 3 1 2 4 4 1 0.505818 0.000000 
18 2 108 0 5 0 2 0 2 1 1 1 0.753985 0.000000 
18 2 109 0 2 2 4 2 1 3 3 1 0.904328 0.000000 
18 2 110 0 5 2 2 1 2 3 3 1 0.624689 0.000000 
18 2 111 1 1 2 2 1 0 2 2 1 1.124201 0.000000 
18 2 112 0 1 1 4 2 1 2 2 1 0.787944 0.000000 
18 2 113 1 1 2 5 2 0 2 3 0 1.048917 0.000000 
18 2 114 0 0 1 2 2 0 2 2 1 2.486977 0.000000 
18 2 115 0 4 0 0 1 2 1 1 1 0.744291 0.000000 
18 2 116 0 1 2 4 2 0 3 3 1 0.911268 0.000000 
18 2 117 0 0 1 2 2 0 2 1 0 0.647572 0.000000 
18 2 118 0 5 2 2 1 2 3 3 1 1.406358 0.000000 
18 2 119 1 2 3 5 2 2 3 3 1 1.194600 0.000000 
18 2 120 1 2 2 2 1 1 3 3 1 0.839725 0.000000 
18 2 121 0 0 0 0 2 1 1 1 1 0.561741 0.000000 
18 2 122 0 2 2 1 0 1 3 3 1 0.759951 0.000000 
18 2 123 0 2 2 2 1 1 3 3 1 0.526254 0.000000 
18 2 124 0 3 3 3 1 1 4 4 1 0.493849 0.000000 
18 2 125 0 2 3 1 0 0 4 4 1 0.510539 0.000000 
18 2 126 0 2 3 3 1 0 4 4 1 0.422776 0.000000 
18 2 127 0 4 0 0 1 2 1 1 1 0.626309 0.000000 
18 2 128 0 1 2 5 2 0 3 2 0 0.645812 0.000000 
18 2 129 0 2 3 3 1 0 4 4 1 0.651507 0.000000 
18 2 130 0 1 1 1 1 1 2 2 1 0.597523 0.000000 
18 2 131 1 2 0 4 2 2 3 3 1 1.266455 0.000000 
18 2 132 1 0 0 4 2 1 1 1 1 1.036264 0.000000 
18 2 133 0 0 0 3 0 1 1 1 1 0.831393 0.000000 
18 2 134 0 3 0 5 2 0 1 1 1 0.618992 0.000000 
18 2 135 1 2 3 3 1 0 3 3 1 1.158558 0.000000 
18 2 136 0 2 3 3 1 0 4 4 1 1.124993 0.000000 
18 2 137 0 0 0 3 0 1 1 1 1 0.539781 0.000000 
18 2 138 0 3 0 0 1 0 1 1 1 0.946694 0.000000 
18 2 139 0 4 1 4 2 2 2 2 1 0.641687 0.000000 
18 2 140 0 2 3 1 0 0 4 4 1 0.796606 0.000000 
18 2 141 1 0 1 1 1 2 1 1 1 0.913580 0.000000 
18 2 142 1 3 3 5 2 1 4 4 1 0.857935 0.000000 
18 2 143 1 2 2 1 0 1 3 3 1 0.964218 0.000000 
18 2 144 0 3 3 2 2 1 4 4 1 0.625594 0.000000 
18 2 145 0 3 0 0 2 0 1 1 1 0.573209 0.000000 
18 2 146 1 1 1 0 0 2 2 2 1 0.682738 0.000000 
18 2 147 1 2 0 0 1 2 3 3 1 0.731878 0.000000 
18 2 148 0 5 2 2 1 2 3 3 1 0.675280 0.000000 
18 2 149 0 4 1 1 1 2 2 2 1 0.988856 0.000000 
18 2 150 0 5 1 2 0 2 2 2 1 0.937917 0.000000 
18 2 151 0 3 3 4 2 1 4 4 1 0.591976 0.000000 
18 2 152 0 5 0 0 1 2 1 1 1 0.612833 0.000000 
18 2 153 1 0 1 3 0 2 1 1 1 0.761037 0.000000 
18 2 154 0 0 0 4 2 1 1 1 1 0.639340 0.000000 
18 2 155 1 2 2 1 0 1 3 3 1 0.850213 0.000000 
18 2 156 1 0 0 3 0 1 1 1 1 0.764599 0.000000 
18 2 157 1 2 3 1 0 0 3 3 1 0.898855 0.000000 
18 2 158 1 1 1 0 2 2 2 2 1 0.795940 0.000000 
18 2 159 0 3 3 3 1 1 4 4 1 0.599846 0.000000 
18 2 160 0 0 0 0 1 1 1 1 1 0.620125 0.000000 
18 2 161 1 0 1 1 1 0 1 1 1 1.031686 0.000000 
18 2 162 0 2 2 1 0 1 3 3 1 0.755393 0.000000 
18 2 163 1 0 1 3 0 0 1 2 0 0.857681 0.000000 
18 2 164 0 5 1 4 2 2 2 2 1 0.719838 0.000000 
18 2 165 0 1 1 1 1 1 2 2 1 0.535193 0.000000 
18 2 166 1 1 2 2 1 0 2 2 1 1.053981 0.000000 
18 2 167 0 2 2 1 0 1 3 3 1 0.711441 0.000000 
18 2 168 0 2 3 4 2 0 4 4 1 0.447724 0.000000 
18 2 169 0 1 2 5 2 0 3 3 1 0.850533 0.000000 
18 2 170 1 3 0 2 0 0 4 1 0 0.996815 0.000000 
18 2 171 0 3 3 3 1 1 4 4 1 0.549740 0.000000 
18 2 172 0 5 2 2 0 2 3 3 1 1.660019 0.000000 
18 2 173 0 0 0 3 0 1 1 1 1 0.653412 0.000000 
18 2 174 0 0 0 0 1 1 1 1 1 0.519602 0.000000 
18 2 175 0 1 2 2 1 0 3 2 0 0.655141 0.000000 
18 2 176 0 1 2 0 0 0 3 3 1 0.877161 0.000000 
18 2 177 0 1 2 2 1 0 3 3 1 1.454650 0.000000 
18 2 178 0 3 3 5 2 1 4 4 1 0.729183 0.000000 
18 2 179 1 1 2 0 0 0 2 3 0 1.152877 0.000000 
18 2 180 0 0 1 1 1 0 2 2 1 0.891031 0.000000 
18 2 181 0 4 0 0 1 2 1 1 1 0.570768 0.000000 
18 2 182 1 1 1 4 2 2 2 1 0 0.976439 0.000000 
18 2 183 1 0 0 3 0 1 1 1 1 0.865888 0.000000 
18 2 184 0 5 2 5 2 2 3 3 1 0.787939 0.000000 
18 2 185 0 2 2 5 2 1 3 3 1 0.624888 0.000000 
18 2 186 0 0 0 3 0 1 1 1 1 1.084536 0.000000 
18 2 187 0 2 3 1 0 0 4 4 1 0.677603 0.000000 
18 2 188 1 3 0 4 2 0 4 4 1 1.150211 0.000000 
18 2 189 0 4 3 5 2 2 4 4 1 0.852650 0.000000 
18 2 190 0 5 1 2 0 2 2 2 1 0.767018 0.000000 
18 2 191 0 4 2 5 2 2 3 3 1 0.684573 0.000000 
18 2 192 0 2 3 5 2 0 4 4 1 0.573524 0.000000 
18 3 1 0 2 1 3 0 0 2 2 1 2.144120 0.000000 
18 3 2 1 1 0 0 1 2 2 2 1 1.703097 0.000000 
18 3 3 1 3 3 4 2 1 4 4 1 0.871730 0.000000 
18 3 4 0 3 2 3 2 0 3 3 1 1.017392 0.000000 
18 3 5 1 3 2 4 2 0 4 3 0 1.549187 0.000000 
18 3 6 0 0 0 0 1 1 1 1 1 0.622940 0.000000 
18 3 7 0 3 3 2 2 1 4 4 1 1.066568 0.000000 
18 3 8 0 1 0 2 0 0 1 1 1 0.660274 0.000000 
18 3 9 0 4 2 2 1 2 3 3 1 1.022544 0.000000 
18 3 10 0 5 1 1 1 2 2 2 1 0.682257 0.000000 
18 3 11 0 1 1 1 1 1 2 2 1 0.651882 0.000000 
18 3 12 0 1 1 4 2 1 2 2 1 0.494096 0.000000 
18 3 13 0 1 1 2 0 1 2 2 1 0.654951 0.000000 
18 3 14 0 0 3 3 1 0 4 4 1 0.616165 0.000000 
18 3 15 1 2 2 2 2 1 3 1 0 0.915957 0.000000 
18 3 16 1 3 3 0 0 2 4 4 1 0.943926 0.000000 
18 3 17 1 2 2 5 2 1 3 3 1 1.390698 0.000000 
18 3 18 1 1 1 1 1 2 2 2 1 0.667914 0.000000 
18 3 19 0 2 2 2 1 1 3 3 1 0.621476 0.000000 
18 3 20 0 0 0 0 1 1 1 1 1 1.353091 0.000000 
18 3 21 1 0 1 4 2 2 1 1 1 1.062631 0.000000 
18 3 22 0 3 2 0 0 0 3 2 0 0.841045 0.000000 
18 3 23 0 3 3 3 1 1 4 4 1 0.439826 0.000000 
18 3 24 1 3 3 0 0 1 4 4 1 0.570384 0.000000 
18 3 25 0 0 3 4 2 0 4 4 1 0.551924 0.000000 
18 3 26 0 2 1 3 0 0 2 2 1 0.910155 0.000000 
18 3 27 1 0 0 1 0 1 1 1 1 0.694492 0.000000 
18 3 28 0 5 0 0 1 2 1 1 1 1.006479 0.000000 
18 3 29 0 4 1 1 1 2 2 3 0 0.626878 0.000000 
18 3 30 0 5 1 0 0 2 2 2 1 0.594187 0.000000 
18 3 31 1 2 2 4 2 1 3 3 1 1.174872 0.000000 
18 3 32 0 1 0 2 2 0 1 1 1 0.716616 0.000000 
18 3 33 0 2 2 2 1 1 3 3 1 0.764282 0.000000 
18 3 34 0 0 3 4 2 0 4 4 1 0.546501 0.000000 
18 3 35 1 2 2 2 1 1 3 1 0 0.825407 0.000000 
18 3 36 1 3 2 0 0 2 4 4 1 1.255861 0.000000 
18 3 37 0 4 1 1 1 2 2 2 1 0.690124 0.000000 
18 3 38 0 3 2 2 1 0 3 2 0 0.571006 0.000000 
18 3 39 0 2 2 2 1 1 3 3 1 0.980402 0.000000 
18 3 40 0 1 0 4 2 0 1 1 1 1.001868 0.000000 
18 3 41 0 1 1 2 0 1 2 2 1 0.782234 0.000000 
18 3 42 0 3 2 4 2 0 3 3 1 1.363906 0.000000 
18 3 43 0 0 3 1 0 0 4 4 1 0.761416 0.000000 
18 3 44 0 3 2 0 0 0 3 3 1 0.831692 0.000000 
18 3 45 1 0 3 3 1 0 1 1 1 0.987372 0.000000 
18 3 46 0 2 1 3 0 0 2 2 1 0.808390 0.000000 
18 3 47 0 4 2 2 1 2 3 3 1 1.004782 0.000000 
18 3 48 0 0 3 3 1 0 4 1 0 1.073130 0.000000 
18 3 49 0 1 1 1 1 1 2 2 1 0.718708 0.000000 
18 3 50 1 2 1 5 2 0 3 3 1 1.429036 0.000000 
18 3 51 0 4 3 3 1 2 4 4 1 0.560944 0.000000 
18 3 52 0 5 2 2 1 2 3 3 1 0.631153 0.000000 
18 3 53 0 0 0 0 1 1 1 1 1 0.546721 0.000000 
18 3 54 0 1 0 2 0 0 1 1 1 0.897542 0.000000 
18 3 55 0 1 0 1 2 0 1 1 1 0.834606 0.000000 
18 3 56 0 3 3 4 2 1 4 4 1 0.573550 0.000000 
18 3 57 0 1 0 3 2 0 1 1 1 0.626119 0.000000 
18 3 58 0 1 1 2 0 1 2 2 1 0.685698 0.000000 
18 3 59 0 1 0 5 2 0 1 1 1 0.694618 0.000000 
18 3 60 0 5 0 0 0 2 1 1 1 0.551544 0.000000 
18 3 61 1 0 2 4 2 2 1 1 1 1.053716 0.000000 
18 3 62 0 2 1 3 0 0 2 2 1 0.824186 0.000000 
18 3 63 0 2 2 2 1 1 3 3 1 0.907829 0.000000 
18 3 64 0 5 1 4 2 2 2 2 1 0.964169 0.000000 
18 3 65 0 1 0 0 1 0 1 1 1 1.361580 0.000000 
18 3 66 0 2 2 3 0 1 3 3 1 0.712038 0.000000 
18 3 67 0 0 0 0 1 1 1 1 1 0.560348 0.000000 
18 3 68 1 3 1 0 0 2 4 4 1 1.150571 0.000000 
18 3 69 1 0 2 2 1 2 1 3 0 0.909023 0.000000 
18 3 70 0 3 3 0 0 1 4 4 1 0.961215 0.000000 
18 3 71 0 0 3 3 1 0 4 4 1 0.895337 0.000000 
18 3 72 0 0 3 3 1 0 4 4 1 0.535334 0.000000 
18 3 73 0 4 2 4 2 2 3 3 1 1.102235 0.000000 
18 3 74 0 0 0 4 2 1 1 2 0 0.566606 0.000000 
18 3 75 1 2 3 4 2 2 3 3 1 1.511931 0.000000 
18 3 76 0 2 1 1 1 0 2 3 0 1.000299 0.000000 
18 3 77 1 3 2 0 0 0 4 4 1 1.088485 0.000000 
18 3 78 0 5 3 0 0 2 4 4 1 0.840371 0.000000 
18 3 79 1 0 3 1 0 0 1 4 0 1.323360 0.000000 
18 3 80 0 2 2 2 1 1 3 3 1 0.759006 0.000000 
18 3 81 0 4 2 5 2 2 3 3 1 0.717038 0.000000 
18 3 82 0 5 2 4 2 2 3 3 1 0.652588 0.000000 
18 3 83 0 3 2 0 0 0 3 3 1 0.558908 0.000000 
18 3 84 0 5 0 0 1 2 1 1 1 0.573103 0.000000 
18 3 85 0 1 1 1 1 1 2 2 1 0.841704 0.000000 
18 3 86 1 0 0 4 2 1 1 1 1 0.604600 0.000000 
18 3 87 1 3 3 4 2 1 4 4 1 0.936744 0.000000 
18 3 88 0 3 3 0 0 1 4 4 1 0.551213 0.000000 
18 3 89 1 0 0 5 2 2 1 1 1 0.837457 0.000000 
18 3 90 0 5 2 0 0 2 3 3 1 1.040435 0.000000 
18 3 91 0 0 0 0 1 1 1 1 1 0.579413 0.000000 
18 3 92 1 0 3 3 1 0 1 1 1 1.049086 0.000000 
18 3 93 1 1 1 5 2 1 2 2 1 0.907013 0.000000 
18 3 94 0 0 0 4 2 1 1 1 1 0.730849 0.000000 
18 3 95 0 2 2 5 2 1 3 3 1 0.690423 0.000000 
18 3 96 0 0 0 1 0 1 1 1 1 0.635387 0.000000 
18 3 97 0 0 3 4 2 0 4 4 1 0.838258 0.000000 
18 3 98 0 2 2 3 0 1 3 3 1 0.657227 0.000000 
18 3 99 0 2 2 2 1 1 3 3 1 0.643502 0.000000 
18 3 100 0 1 0 2 0 0 1 1 1 0.630429 0.000000 
18 3 101 0 4 3 3 1 2 4 4 1 0.545964 0.000000 
18 3 102 0 3 3 4 2 1 4 4 1 0.639867 0.000000 
18 3 103 0 0 0 0 1 1 1 1 1 0.610746 0.000000 
18 3 104 0 5 0 0 0 2 1 1 1 0.526998 0.000000 
18 3 105 0 2 1 3 0 0 2 2 1 0.918496 0.000000 
18 3 106 0 3 2 3 2 0 3 3 1 0.830199 0.000000 
18 3 107 0 4 0 5 2 2 1 1 1 0.633825 0.000000 
18 3 108 0 0 0 4 2 1 1 1 1 0.596744 0.000000 
18 3 109 0 3 2 2 1 0 3 3 1 0.872659 0.000000 
18 3 110 1 3 2 5 2 0 4 4 1 0.978308 0.000000 
18 3 111 0 4 1 1 1 2 2 2 1 0.879991 0.000000 
18 3 112 1 1 1 4 2 1 2 2 1 1.385689 0.000000 
18 3 113 1 0 3 3 1 2 1 1 1 0.574918 0.000000 
18 3 114 0 1 1 2 0 1 2 2 1 0.796501 0.000000 
18 3 115 0 4 0 5 2 2 1 1 1 0.889451 0.000000 
18 3 116 1 2 2 3 0 1 3 3 1 1.097470 0.000000 
18 3 117 0 3 3 0 0 1 4 4 1 0.514520 0.000000 
18 3 118 0 5 3 4 2 2 4 4 1 0.554744 0.000000 
18 3 119 0 1 0 0 1 0 1 1 1 0.720950 0.000000 
18 3 120 0 2 1 5 2 0 2 2 1 1.072503 0.000000 
18 3 121 0 0 0 1 0 1 1 1 1 0.642317 0.000000 
18 3 122 1 1 1 1 1 2 2 2 1 0.781163 0.000000 
18 3 123 0 0 3 2 2 0 4 4 1 0.714849 0.000000 
18 3 124 0 1 1 1 1 1 2 2 1 0.858095 0.000000 
18 3 125 0 3 2 2 1 0 3 3 1 0.948405 0.000000 
18 3 126 1 3 3 0 0 1 4 4 1 0.835456 0.000000 
18 3 127 0 3 2 0 0 0 3 2 0 0.838511 0.000000 
18 3 128 0 5 2 0 0 2 3 3 1 0.701302 0.000000 
18 3 129 1 3 3 0 0 1 4 4 1 0.869244 0.000000 
18 3 130 1 1 0 2 0 0 2 2 1 1.406938 0.000000 
18 3 131 0 3 2 0 0 0 3 4 0 1.346513 0.000000 
18 3 132 1 3 2 2 1 2 4 4 1 1.029541 0.000000 
18 3 133 1 2 1 1 1 0 3 3 1 0.856961 0.000000 
18 3 134 0 3 2 0 0 0 3 3 1 0.723314 0.000000 
18 3 135 0 4 2 4 2 2 3 3 1 0.602953 0.000000 
18 3 136 0 5 0 3 2 2 1 1 1 0.559205 0.000000 
18 3 137 0 4 1 1 1 2 2 2 1 0.789373 0.000000 
18 3 138 1 0 0 1 0 1 1 1 1 0.825314 0.000000 
18 3 139 0 1 1 2 0 1 2 2 1 0.732964 0.000000 
18 3 140 0 5 2 2 1 2 3 3 1 0.715944 0.000000 
18 3 141 1 0 2 2 1 2 1 1 1 0.916088 0.000000 
18 3 142 1 1 1 1 1 1 2 2 1 0.691870 0.000000 
18 3 143 0 0 3 1 0 0 4 4 1 0.828823 0.000000 
18 3 144 0 5 2 5 2 2 3 3 1 0.664522 0.000000 
18 3 145 0 4 3 0 0 2 4 4 1 0.722748 0.000000 
18 3 146 1 1 1 4 2 1 2 2 1 0.753336 0.000000 
18 3 147 0 3 2 0 0 0 3 3 1 1.015662 0.000000 
18 3 148 0 3 3 0 0 1 4 4 1 0.515921 0.000000 
18 3 149 0 1 1 2 0 1 2 2 1 0.756048 0.000000 
18 3 150 0 0 3 3 1 0 4 1 0 0.721874 0.000000 
18 3 151 0 1 0 2 0 0 1 2 0 0.645273 0.000000 
18 3 152 0 5 0 0 1 2 1 1 1 0.979731 0.000000 
18 3 153 0 4 3 3 2 2 4 4 1 1.200188 0.000000 
18 3 154 1 3 2 0 0 0 4 4 1 1.036597 0.000000 
18 3 155 0 2 2 4 2 1 3 3 1 0.823660 0.000000 
18 3 156 0 1 0 2 0 0 1 1 1 0.683390 0.000000 
18 3 157 0 4 2 2 1 2 3 3 1 1.404336 0.000000 
18 3 158 0 5 3 0 0 2 4 4 1 0.640889 0.000000 
18 3 159 0 4 0 0 0 2 1 1 1 0.571780 0.000000 
18 3 160 0 5 3 0 2 2 4 4 1 0.657313 0.000000 
18 3 161 0 3 2 0 0 0 3 3 1 0.754608 0.000000 
18 3 162 1 2 1 3 0 0 3 4 0 0.768785 0.000000 
18 3 163 0 4 2 2 1 2 3 3 1 1.098338 0.000000 
18 3 164 0 5 2 4 2 2 3 3 1 0.491165 0.000000 
18 3 165 0 4 3 4 2 2 4 4 1 0.499941 0.000000 
18 3 166 0 2 2 4 2 1 3 4 0 0.476155 0.000000 
18 3 167 0 4 1 1 2 2 2 2 1 0.937519 0.000000 
18 3 168 1 2 2 4 2 1 3 3 1 0.999233 0.000000 
18 3 169 0 3 2 4 2 0 3 3 1 0.779876 0.000000 
18 3 170 0 5 3 3 1 2 4 4 1 0.585280 0.000000 
18 3 171 0 3 2 2 1 0 3 3 1 1.486242 0.000000 
18 3 172 0 5 0 4 2 2 1 1 1 0.679407 0.000000 
18 3 173 0 1 0 3 2 0 1 1 1 0.552995 0.000000 
18 3 174 0 5 2 0 0 2 3 3 1 0.663221 0.000000 
18 3 175 1 0 3 4 2 0 1 1 1 1.049493 0.000000 
18 3 176 0 0 0 0 1 1 1 1 1 0.611141 0.000000 
18 3 177 0 3 2 2 1 0 3 3 1 1.255165 0.000000 
18 3 178 0 5 1 1 1 2 2 2 1 1.289690 0.000000 
18 3 179 0 4 2 2 1 2 3 3 1 0.794815 0.000000 
18 3 180 0 2 1 1 2 0 2 2 1 0.903770 0.000000 
18 3 181 0 0 0 1 0 1 1 1 1 0.624102 0.000000 
18 3 182 1 1 3 2 0 2 2 2 1 0.994705 0.000000 
18 3 183 0 1 1 2 0 1 2 2 1 0.743751 0.000000 
18 3 184 1 3 2 5 2 0 4 4 1 1.318676 0.000000 
18 3 185 0 4 0 0 0 2 1 1 1 0.686538 0.000000 
18 3 186 0 0 3 3 1 0 4 4 1 1.287495 0.000000 
18 3 187 1 2 1 4 2 2 3 3 1 1.152687 0.000000 
18 3 188 0 1 1 1 1 1 2 2 1 0.687161 0.000000 
18 3 189 0 2 1 4 2 0 2 2 1 0.560024 0.000000 
18 3 190 0 5 1 5 2 2 2 2 1 0.597279 0.000000 
18 3 191 0 4 2 0 0 2 3 3 1 0.714111 0.000000 
18 3 192 1 3 3 0 0 1 4 4 1 1.202383 0.000000 
18 4 1 0 4 1 2 0 2 2 2 1 2.152481 0.000000 
18 4 2 0 0 2 2 1 0 3 3 1 1.382719 0.000000 
18 4 3 0 2 0 0 1 0 1 1 1 0.971999 0.000000 
18 4 4 0 3 1 1 1 0 2 2 1 0.617717 0.000000 
18 4 5 0 2 2 2 1 1 3 3 1 0.677234 0.000000 
18 4 6 0 1 1 1 1 1 2 2 1 0.662860 0.000000 
18 4 7 0 4 3 3 1 2 4 4 1 0.489119 0.000000 
18 4 8 1 3 1 2 0 0 4 4 1 0.944910 0.000000 
18 4 9 0 2 2 2 2 1 3 3 1 1.135960 0.000000 
18 4 10 0 1 3 0 0 0 4 4 1 1.063110 0.000000 
18 4 11 1 0 0 1 2 1 1 1 1 0.729483 0.000000 
18 4 12 0 0 0 4 2 1 1 1 1 0.697107 0.000000 
18 4 13 0 4 2 2 1 2 3 3 1 0.690072 0.000000 
18 4 14 0 5 3 2 0 2 4 4 1 0.586966 0.000000 
18 4 15 0 3 1 1 1 0 2 2 1 0.623843 0.000000 
18 4 16 0 5 0 2 0 2 1 2 0 0.770410 0.000000 
18 4 17 0 3 1 1 1 0 2 2 1 0.691810 0.000000 
18 4 18 1 1 1 0 0 1 2 2 1 0.660468 0.000000 
18 4 19 0 2 2 5 2 1 3 4 0 0.830738 0.000000 
18 4 20 0 3 3 5 2 1 4 4 1 0.582208 0.000000 
18 4 21 0 3 1 1 1 0 2 2 1 0.651542 0.000000 
18 4 22 0 5 0 2 0 2 1 1 1 0.645757 0.000000 
18 4 23 0 1 1 4 2 1 2 2 1 0.695707 0.000000 
18 4 24 0 2 2 4 2 1 3 3 1 0.816622 0.000000 
18 4 25 0 1 3 3 1 0 4 4 1 0.780273 0.000000 
18 4 26 0 5 0 2 0 2 1 1 1 0.777949 0.000000 
18 4 27 1 2 2 4 2 2 3 3 1 0.823507 0.000000 
18 4 28 1 0 2 5 2 0 1 1 1 0.835181 0.000000 
18 4 29 0 4 3 3 1 2 4 4 1 0.494126 0.000000 
18 4 30 0 1 3 0 0 0 4 4 1 0.543023 0.000000 
18 4 31 0 1 1 5 2 1 2 2 1 0.805880 0.000000 
18 4 32 0 5 0 2 0 2 1 1 1 0.681185 0.000000 
18 4 33 1 3 1 2 0 0 4 4 1 0.682758 0.000000 
18 4 34 0 0 2 3 0 0 3 1 0 0.771975 0.000000 
18 4 35 0 4 2 2 0 2 3 3 1 1.021171 0.000000 
18 4 36 0 2 2 2 1 1 3 3 1 0.528572 0.000000 
18 4 37 0 4 0 0 1 2 1 1 1 0.504124 0.000000 
18 4 38 0 5 0 2 0 2 1 1 1 0.543375 0.000000 
18 4 39 0 3 3 3 1 1 4 4 1 0.510146 0.000000 
18 4 40 0 1 3 4 2 0 4 4 1 0.654394 0.000000 
18 4 41 0 4 3 4 2 2 4 4 1 0.648604 0.000000 
18 4 42 0 1 3 3 1 0 4 4 1 0.587492 0.000000 
18 4 43 0 4 1 4 2 2 2 1 0 0.528389 0.000000 
18 4 44 0 5 1 1 1 2 2 2 1 0.499737 0.000000 
18 4 45 1 0 2 4 2 2 1 1 1 0.635937 0.000000 
18 4 46 1 2 0 5 2 0 3 4 0 0.638525 0.000000 
18 4 47 0 2 2 2 1 1 3 3 1 1.196315 0.000000 
18 4 48 0 3 1 3 2 0 2 2 1 0.921143 0.000000 
18 4 49 0 3 3 4 2 1 4 4 1 0.640884 0.000000 
18 4 50 0 2 2 1 0 1 3 3 1 0.643738 0.000000 
18 4 51 1 2 3 3 2 2 3 4 0 0.798652 0.000000 
18 4 52 1 1 1 1 1 1 2 2 1 0.831478 0.000000 
18 4 53 0 3 3 2 0 1 4 4 1 0.642906 0.000000 
18 4 54 0 5 1 4 2 2 2 2 1 0.572793 0.000000 
18 4 55 0 1 3 1 2 0 4 4 1 0.650331 0.000000 
18 4 56 0 5 1 2 0 2 2 3 0 0.572588 0.000000 
18 4 57 1 0 3 3 0 2 1 1 1 1.061826 0.000000 
18 4 58 0 5 1 1 1 2 2 2 1 0.576112 0.000000 
18 4 59 0 2 2 4 2 1 3 3 1 0.717588 0.000000 
18 4 60 0 0 2 3 0 0 3 3 1 0.661252 0.000000 
18 4 61 0 1 1 1 1 1 2 2 1 0.895465 0.000000 
18 4 62 0 3 3 4 2 1 4 4 1 0.623468 0.000000 
18 4 63 0 0 2 3 0 0 3 3 1 0.987043 0.000000 
18 4 64 0 5 0 2 0 2 1 2 0 0.616108 0.000000 
18 4 65 0 1 3 0 2 0 4 3 0 0.607879 0.000000 
18 4 66 0 1 1 0 0 1 2 2 1 0.695905 0.000000 
18 4 67 1 0 0 0 2 1 1 1 1 0.784562 0.000000 
18 4 68 0 3 3 2 0 1 4 4 1 0.549553 0.000000 
18 4 69 0 4 3 4 2 2 4 4 1 0.578988 0.000000 
18 4 70 1 1 1 0 0 1 2 1 0 0.888280 0.000000 
18 4 71 0 4 3 4 2 2 4 4 1 0.749112 0.000000 
18 4 72 0 0 2 4 2 0 3 2 0 0.779859 0.000000 
18 4 73 0 0 0 4 2 1 1 1 1 0.629249 0.000000 
18 4 74 1 2 0 1 0 0 3 1 0 0.816514 0.000000 
18 4 75 1 2 2 2 1 1 3 3 1 1.039957 0.000000 
18 4 76 0 1 3 5 2 0 4 4 1 0.633841 0.000000 
18 4 77 0 0 0 0 1 1 1 1 1 0.580759 0.000000 
18 4 78 0 1 3 0 0 0 4 3 0 0.578314 0.000000 
18 4 79 1 2 0 4 2 2 3 3 1 1.107656 0.000000 
18 4 80 1 1 3 3 1 0 2 2 1 1.307844 0.000000 
18 4 81 1 2 0 0 1 0 3 3 1 1.604377 0.000000 
18 4 82 0 0 0 4 2 1 1 1 1 0.776962 0.000000 
18 4 83 1 1 1 1 1 1 2 2 1 0.670614 0.000000 
18 4 84 1 3 1 1 1 2 4 4 1 0.679208 0.000000 
18 4 85 0 3 3 3 1 1 4 4 1 0.568793 0.000000 
18 4 86 0 5 2 2 1 2 3 3 1 0.606368 0.000000 
18 4 87 0 3 1 5 2 0 2 2 1 0.842565 0.000000 
18 4 88 0 2 2 1 0 1 3 3 1 1.069504 0.000000 
18 4 89 0 1 3 0 0 0 4 4 1 0.975309 0.000000 
18 4 90 0 0 2 5 2 0 3 2 0 0.789078 0.000000 
18 4 91 0 0 2 0 2 0 3 2 0 0.685093 0.000000 
18 4 92 1 2 0 4 2 0 3 3 1 1.081321 0.000000 
18 4 93 0 0 2 2 1 0 3 3 1 0.498812 0.000000 
18 4 94 0 0 2 3 0 0 3 3 1 0.507676 0.000000 
18 4 95 0 1 1 1 1 1 2 2 1 0.739798 0.000000 
18 4 96 0 5 1 1 1 2 2 2 1 0.954781 0.000000 
18 4 97 0 1 1 1 1 1 2 2 1 0.689141 0.000000 
18 4 98 0 1 1 1 1 1 2 2 1 0.489061 0.000000 
18 4 99 0 3 3 3 1 1 4 4 1 0.513922 0.000000 
18 4 100 0 3 1 2 0 0 2 2 1 0.858160 0.000000 
18 4 101 0 2 2 4 2 1 3 3 1 0.748434 0.000000 
18 4 102 1 1 3 0 0 0 2 2 1 1.155435 0.000000 
18 4 103 0 4 1 4 2 2 2 2 1 1.601877 0.000000 
18 4 104 0 3 1 2 0 0 2 2 1 0.742463 0.000000 
18 4 105 0 3 1 2 0 0 2 2 1 0.701469 0.000000 
18 4 106 0 5 1 2 0 2 2 2 1 0.780719 0.000000 
18 4 107 0 1 3 5 2 0 4 4 1 0.994332 0.000000 
18 4 108 1 3 1 5 2 2 4 4 1 0.807425 0.000000 
18 4 109 0 3 3 3 1 1 4 4 1 0.547710 0.000000 
18 4 110 1 2 2 5 2 1 3 3 1 0.770547 0.000000 
18 4 111 0 2 2 2 1 1 3 3 1 0.512200 0.000000 
18 4 112 0 0 2 3 0 0 3 3 1 0.456473 0.000000 
18 4 113 0 4 0 5 2 2 1 1 1 0.745572 0.000000 
18 4 114 1 1 2 0 0 2 2 2 1 1.160570 0.000000 
18 4 115 0 0 2 2 1 0 3 1 0 0.798972 0.000000 
18 4 116 0 5 0 4 2 2 1 1 1 0.783748 0.000000 
18 4 117 0 3 1 1 1 0 2 2 1 1.068475 0.000000 
18 4 118 1 1 3 4 2 0 2 2 1 1.150168 0.000000 
18 4 119 1 1 3 0 0 0 2 2 1 0.724672 0.000000 
18 4 120 1 3 0 5 2 2 4 4 1 0.755304 0.000000 
18 4 121 0 4 0 2 0 2 1 2 0 0.625561 0.000000 
18 4 122 0 5 3 2 0 2 4 4 1 0.664993 0.000000 
18 4 123 0 1 3 3 1 0 4 4 1 0.450904 0.000000 
18 4 124 0 3 3 3 1 1 4 4 1 0.669133 0.000000 
18 4 125 0 0 0 5 2 1 1 1 1 0.622677 0.000000 
18 4 126 0 2 2 2 1 1 3 3 1 1.002234 0.000000 
18 4 127 0 0 0 0 1 1 1 1 1 0.550700 0.000000 
18 4 128 0 0 0 3 0 1 1 1 1 0.491883 0.000000 
18 4 129 0 2 2 5 2 1 3 3 1 0.612671 0.000000 
18 4 130 0 2 2 2 1 1 3 3 1 0.440912 0.000000 
18 4 131 0 1 1 0 0 1 2 2 1 0.595722 0.000000 
18 4 132 0 5 3 3 1 2 4 4 1 0.512625 0.000000 
18 4 133 0 0 2 4 2 0 3 3 1 1.160812 0.000000 
18 4 134 0 2 0 0 2 0 1 1 1 0.655286 0.000000 
18 4 135 0 1 3 4 2 0 4 4 1 0.657486 0.000000 
18 4 136 0 2 0 0 1 0 1 1 1 0.995736 0.000000 
18 4 137 1 0 2 5 2 2 1 3 0 0.751841 0.000000 
18 4 138 0 5 3 2 0 2 4 4 1 0.697899 0.000000 
18 4 139 0 0 2 3 0 0 3 4 0 0.418618 0.000000 
18 4 140 0 1 3 3 1 0 4 4 1 0.713841 0.000000 
18 4 141 0 3 1 1 1 0 2 2 1 1.561923 0.000000 
18 4 142 0 5 3 5 2 2 4 4 1 0.912546 0.000000 
18 4 143 1 1 1 0 0 1 2 2 1 1.040931 0.000000 
18 4 144 1 3 2 2 0 2 4 4 1 1.010942 0.000000 
18 4 145 1 0 2 4 2 2 1 1 1 1.239302 0.000000 
18 4 146 0 5 1 4 2 2 2 2 1 0.730518 0.000000 
18 4 147 0 0 2 3 0 0 3 3 1 1.314179 0.000000 
18 4 148 1 0 0 0 1 1 1 1 1 0.610571 0.000000 
18 4 149 1 0 0 0 1 1 1 1 1 0.494837 0.000000 
18 4 150 0 3 3 2 0 1 4 4 1 0.655682 0.000000 
18 4 151 0 0 2 3 0 0 3 3 1 1.096940 0.000000 
18 4 152 0 3 1 4 2 0 2 2 1 0.762091 0.000000 
18 4 153 1 0 0 5 2 1 1 1 1 0.640341 0.000000 
18 4 154 1 1 1 4 2 2 2 2 1 0.979270 0.000000 
18 4 155 1 3 1 1 1 0 4 4 1 0.592918 0.000000 
18 4 156 1 3 1 4 2 2 4 4 1 0.613859 0.000000 
18 4 157 0 4 0 2 0 2 1 1 1 0.922168 0.000000 
18 4 158 0 3 3 3 1 1 4 4 1 0.584766 0.000000 
18 4 159 0 4 1 1 1 2 2 2 1 0.861663 0.000000 
18 4 160 0 3 1 1 1 0 2 4 0 0.824034 0.000000 
18 4 161 0 0 0 0 1 1 1 1 1 0.607451 0.000000 
18 4 162 0 5 0 0 1 2 1 1 1 0.699417 0.000000 
18 4 163 0 4 1 1 1 2 2 1 0 0.491953 0.000000 
18 4 164 0 5 2 2 0 2 3 3 1 0.936329 0.000000 
18 4 165 0 2 0 1 0 0 1 1 1 1.014221 0.000000 
18 4 166 0 5 0 2 0 2 1 1 1 0.578538 0.000000 
18 4 167 1 2 1 4 2 2 3 3 1 1.240125 0.000000 
18 4 168 0 3 3 3 1 1 4 4 1 0.531225 0.000000 
18 4 169 0 4 1 1 1 2 2 2 1 0.746742 0.000000 
18 4 170 1 1 1 1 1 2 2 2 1 0.801646 0.000000 
18 4 171 0 2 2 5 2 1 3 3 1 0.717948 0.000000 
18 4 172 0 0 2 4 2 0 3 3 1 1.221623 0.000000 
18 4 173 0 1 3 0 0 0 4 4 1 0.568437 0.000000 
18 4 174 1 1 2 0 0 2 2 2 1 0.957970 0.000000 
18 4 175 0 4 3 3 1 2 4 4 1 0.468362 0.000000 
18 4 176 1 3 1 1 1 2 4 4 1 0.701824 0.000000 
18 4 177 1 0 0 4 2 2 1 1 1 0.814131 0.000000 
18 4 178 1 3 3 4 2 1 4 4 1 0.642422 0.000000 
18 4 179 0 3 3 2 0 1 4 4 1 0.525309 0.000000 
18 4 180 0 0 2 3 0 0 3 3 1 1.003919 0.000000 
18 4 181 0 1 3 0 0 0 4 3 0 0.704242 0.000000 
18 4 182 0 2 2 1 0 1 3 3 1 0.892304 0.000000 
18 4 183 0 4 3 2 0 2 4 4 1 0.709092 0.000000 
18 4 184 1 3 0 2 0 2 4 4 1 0.693356 0.000000 
18 4 185 0 0 2 3 0 0 3 3 1 1.166327 0.000000 
18 4 186 1 1 1 0 0 2 2 2 1 1.124073 0.000000 
18 4 187 0 0 2 2 1 0 3 3 1 1.587885 0.000000 
18 4 188 0 2 2 1 0 1 3 3 1 0.528149 0.000000 
18 4 189 1 0 0 4 2 1 1 1 1 0.655663 0.000000 
18 4 190 1 1 1 1 1 2 2 2 1 0.705891 0.000000 
18 4 191 0 1 1 0 2 1 2 2 1 0.594165 0.000000 
18 4 192 0 3 3 2 0 1 4 4 1 0.847044 0.000000 
18 5 1 0 4 2 4 2 2 3 3 1 1.938454 0.000000 
18 5 2 0 2 2 2 1 1 3 3 1 0.673288 0.000000 
18 5 3 0 0 1 1 1 0 2 2 1 0.658872 0.000000 
18 5 4 0 2 3 3 0 0 4 4 1 0.597163 0.000000 
18 5 5 0 2 3 2 2 0 4 4 1 0.578016 0.000000 
18 5 6 1 3 3 0 0 1 4 4 1 0.775575 0.000000 
18 5 7 1 1 1 1 1 1 2 3 0 0.661152 0.000000 
18 5 8 0 5 0 0 0 2 1 1 1 0.675236 0.000000 
18 5 9 1 0 3 1 0 2 1 1 1 0.699668 0.000000 
18 5 10 1 1 1 0 2 2 2 1 0 0.699837 0.000000 
18 5 11 0 4 0 1 2 2 1 1 1 0.839926 0.000000 
18 5 12 0 1 2 2 0 0 3 3 1 1.106682 0.000000 
18 5 13 1 0 0 1 0 1 1 1 1 0.971146 0.000000 
18 5 14 1 1 1 2 2 2 2 2 1 0.880799 0.000000 
18 5 15 0 1 2 2 1 0 3 3 1 1.010537 0.000000 
18 5 16 0 5 1 0 0 2 2 2 1 0.885940 0.000000 
18 5 17 0 2 3 3 0 0 4 4 1 0.462868 0.000000 
18 5 18 0 5 1 4 2 2 2 2 1 0.673126 0.000000 
18 5 19 0 2 3 3 0 0 4 3 0 0.546670 0.000000 
18 5 20 1 3 0 0 1 0 4 4 1 0.677277 0.000000 
18 5 21 0 2 3 3 0 0 4 4 1 0.950652 0.000000 
18 5 22 1 2 3 2 2 0 3 4 0 0.540926 0.000000 
18 5 23 0 3 3 4 2 1 4 4 1 0.495717 0.000000 
18 5 24 0 0 0 4 2 1 1 1 1 0.703304 0.000000 
18 5 25 0 2 2 3 0 1 3 3 1 0.711585 0.000000 
18 5 26 0 0 1 1 1 0 2 2 1 0.759876 0.000000 
18 5 27 0 1 2 2 0 0 3 3 1 0.710123 0.000000 
18 5 28 0 1 2 2 1 0 3 3 1 0.462328 0.000000 
18 5 29 0 4 3 0 0 2 4 4 1 0.600543 0.000000 
18 5 30 0 0 0 0 2 1 1 1 1 0.556819 0.000000 
18 5 31 0 4 1 4 2 2 2 2 1 0.738988 0.000000 
18 5 32 0 5 1 5 2 2 2 2 1 0.752948 0.000000 
18 5 33 1 0 3 1 0 2 1 1 1 0.847238 0.000000 
18 5 34 0 3 0 4 2 0 1 4 0 0.650227 0.000000 
18 5 35 1 1 1 4 2 1 2 3 0 1.112253 0.000000 
18 5 36 0 5 1 2 2 2 2 2 1 1.244298 0.000000 
18 5 37 0 3 0 0 1 0 1 1 1 1.439192 0.000000 
18 5 38 1 3 3 3 1 1 4 4 1 0.522391 0.000000 
18 5 39 0 3 0 0 0 0 1 1 1 0.656923 0.000000 
18 5 40 0 0 1 1 0 0 2 2 1 1.219238 0.000000 
18 5 41 0 4 1 1 1 2 2 2 1 0.527043 0.000000 
18 5 42 0 5 3 3 1 2 4 4 1 0.614555 0.000000 
18 5 43 0 1 1 2 0 1 2 2 1 0.690764 0.000000 
18 5 44 1 3 0 0 0 0 4 4 1 1.435677 0.000000 
18 5 45 0 1 1 5 2 1 2 2 1 0.598912 0.000000 
18 5 46 0 3 3 3 1 1 4 4 1 0.906852 0.000000 
18 5 47 0 3 0 0 1 0 1 1 1 0.835204 0.000000 
18 5 48 0 5 1 1 1 2 2 2 1 0.694141 0.000000 
18 5 49 0 0 1 1 0 0 2 2 1 0.711108 0.000000 
18 5 50 0 3 3 3 1 1 4 4 1 0.543380 0.000000 
18 5 51 0 0 0 1 0 1 1 1 1 0.678262 0.000000 
18 5 52 0 3 3 3 1 1 4 4 1 0.583754 0.000000 
18 5 53 0 4 0 0 1 2 1 2 0 0.556722 0.000000 
18 5 54 0 5 1 4 2 2 2 2 1 0.669740 0.000000 
18 5 55 0 2 3 3 0 0 4 4 1 0.599029 0.000000 
18 5 56 0 2 3 3 0 0 4 4 1 0.395866 0.000000 
18 5 57 0 3 0 5 2 0 1 1 1 0.760762 0.000000 
18 5 58 0 2 2 5 2 1 3 3 1 0.703022 0.000000 
18 5 59 0 0 0 1 0 1 1 1 1 0.759270 0.000000 
18 5 60 0 5 1 4 2 2 2 2 1 0.677540 0.000000 
18 5 61 0 3 0 0 1 0 1 1 1 1.183187 0.000000 
18 5 62 1 3 3 3 1 1 4 4 1 1.003287 0.000000 
18 5 63 0 4 0 0 1 2 1 1 1 0.679713 0.000000 
18 5 64 0 2 3 2 2 0 4 4 1 0.705295 0.000000 
18 5 65 0 0 0 0 2 1 1 1 1 0.593556 0.000000 
18 5 66 0 5 0 0 2 2 1 1 1 0.598471 0.000000 
18 5 67 1 3 3 3 1 1 4 4 1 0.755325 0.000000 
18 5 68 0 0 1 1 1 0 2 1 0 0.873666 0.000000 
18 5 69 0 4 3 3 1 2 4 4 1 0.630086 0.000000 
18 5 70 0 0 1 1 1 0 2 2 1 0.889455 0.000000 
18 5 71 0 4 2 0 0 2 3 3 1 0.770407 0.000000 
18 5 72 1 2 3 4 2 0 3 3 1 0.944028 0.000000 
18 5 73 0 2 2 2 1 1 3 3 1 0.479044 0.000000 
18 5 74 0 0 0 1 0 1 1 1 1 0.688566 0.000000 
18 5 75 1 1 1 2 0 1 2 2 1 0.889527 0.000000 
18 5 76 0 5 2 2 1 2 3 3 1 0.786581 0.000000 
18 5 77 0 0 0 5 2 1 1 1 1 0.702511 0.000000 
18 5 78 0 0 1 1 0 0 2 2 1 0.702770 0.000000 
18 5 79 0 3 0 4 2 0 1 4 0 0.599021 0.000000 
18 5 80 0 5 3 3 1 2 4 4 1 0.543746 0.000000 
18 5 81 0 4 1 0 2 2 2 2 1 0.870352 0.000000 
18 5 82 0 5 3 3 1 2 4 4 1 0.615998 0.000000 
18 5 83 0 0 0 1 0 1 1 1 1 0.572070 0.000000 
18 5 84 0 2 2 3 0 1 3 3 1 0.753097 0.000000 
18 5 85 1 3 3 3 1 1 4 4 1 0.566394 0.000000 
18 5 86 0 3 0 0 1 0 1 1 1 0.947929 0.000000 
18 5 87 0 4 2 0 0 2 3 3 1 0.666972 0.000000 
18 5 88 1 3 3 1 2 2 4 4 1 0.836559 0.000000 
18 5 89 0 0 0 1 0 1 1 1 1 1.527648 0.000000 
18 5 90 1 0 0 1 0 1 1 1 1 0.703538 0.000000 
18 5 91 0 3 3 4 2 1 4 4 1 0.631756 0.000000 
18 5 92 1 1 2 2 1 0 2 2 1 0.786340 0.000000 
18 5 93 0 4 2 2 1 2 3 3 1 1.135356 0.000000 
18 5 94 0 2 3 5 2 0 4 4 1 0.622377 0.000000 
18 5 95 1 0 1 1 1 0 1 2 0 1.122043 0.000000 
18 5 96 0 2 3 3 1 0 4 4 1 2.061615 0.000000 
18 5 97 0 0 0 1 2 1 1 1 1 0.656166 0.000000 
18 5 98 0 5 2 0 0 2 3 3 1 1.082442 0.000000 
18 5 99 0 4 0 0 1 2 1 1 1 0.643040 0.000000 
18 5 100 0 3 0 4 2 0 1 1 1 0.677414 0.000000 
18 5 101 0 4 1 0 0 2 2 2 1 0.727048 0.000000 
18 5 102 1 1 1 5 2 1 2 2 1 0.774604 0.000000 
18 5 103 0 4 3 3 1 2 4 4 1 0.572286 0.000000 
18 5 104 0 2 3 4 2 0 4 4 1 0.849781 0.000000 
18 5 105 0 4 2 2 2 2 3 3 1 0.764168 0.000000 
18 5 106 0 1 1 1 1 1 2 2 1 0.626451 0.000000 
18 5 107 1 2 0 3 0 2 3 1 0 1.012960 0.000000 
18 5 108 0 2 3 3 0 0 4 4 1 1.069236 0.000000 
18 5 109 1 2 2 2 1 1 3 3 1 0.974702 0.000000 
18 5 110 0 5 3 3 1 2 4 4 1 0.564369 0.000000 
18 5 111 0 2 3 3 0 0 4 4 1 0.442602 0.000000 
18 5 112 0 0 0 1 0 1 1 1 1 0.661503 0.000000 
18 5 113 1 0 0 1 0 2 1 1 1 0.910767 0.000000 
18 5 114 1 1 1 5 2 2 2 2 1 0.991085 0.000000 
18 5 115 0 0 1 1 1 0 2 2 1 0.788110 0.000000 
18 5 116 1 3 0 0 1 2 4 4 1 0.665039 0.000000 
18 5 117 0 4 2 2 1 2 3 3 1 0.659319 0.000000 
18 5 118 0 1 2 4 2 0 3 3 1 0.629504 0.000000 
18 5 119 0 2 3 3 1 0 4 4 1 0.737146 0.000000 
18 5 120 0 0 0 5 2 1 1 1 1 0.544057 0.000000 
18 5 121 1 0 3 5 2 2 1 1 1 0.637988 0.000000 
18 5 122 0 1 1 4 2 1 2 2 1 0.656863 0.000000 
18 5 123 0 4 1 1 1 2 2 2 1 0.611103 0.000000 
18 5 124 0 0 0 1 0 1 1 1 1 0.591360 0.000000 
18 5 125 0 4 0 5 2 2 1 1 1 0.740210 0.000000 
18 5 126 0 5 2 4 2 2 3 3 1 0.891151 0.000000 
18 5 127 1 1 2 2 0 0 2 2 1 1.404201 0.000000 
18 5 128 1 2 3 3 0 0 3 3 1 1.168715 0.000000 
18 5 129 0 4 1 0 0 2 2 2 1 0.733557 0.000000 
18 5 130 0 3 3 3 1 1 4 4 1 0.564488 0.000000 
18 5 131 1 2 3 3 1 2 3 3 1 0.978709 0.000000 
18 5 132 1 3 0 0 1 2 4 4 1 0.992377 0.000000 
18 5 133 1 2 2 2 1 1 3 3 1 1.965543 0.000000 
18 5 134 0 5 0 4 2 2 1 1 1 1.220117 0.000000 
18 5 135 0 4 3 3 1 2 4 4 1 0.959430 0.000000 
18 5 136 1 0 0 1 0 1 1 1 1 0.692791 0.000000 
18 5 137 0 2 2 4 2 1 3 3 1 1.573780 0.000000 
18 5 138 0 0 1 1 1 0 2 1 0 0.867676 0.000000 
18 5 139 0 1 1 5 2 1 2 2 1 0.625188 0.000000 
18 5 140 1 1 2 2 1 0 2 2 1 0.956494 0.000000 
18 5 141 0 3 3 0 0 1 4 4 1 0.522876 0.000000 
18 5 142 0 1 1 1 1 1 2 2 1 0.626379 0.000000 
18 5 143 0 2 2 5 2 1 3 3 1 0.869950 0.000000 
18 5 144 0 2 2 3 0 1 3 3 1 0.470652 0.000000 
18 5 145 0 2 3 3 1 0 4 4 1 0.792122 0.000000 
18 5 146 0 1 2 4 2 0 3 3 1 0.829103 0.000000 
18 5 147 0 1 1 5 2 1 2 2 1 0.696718 0.000000 
18 5 148 0 1 2 2 0 0 3 3 1 0.777662 0.000000 
18 5 149 1 0 1 4 2 2 1 1 1 0.735294 0.000000 
18 5 150 1 1 3 2 2 2 2 4 0 0.734258 0.000000 
18 5 151 0 1 1 2 0 1 2 2 1 0.744000 0.000000 
18 5 152 0 2 3 5 2 0 4 4 1 1.262659 0.000000 
18 5 153 0 3 0 0 1 0 1 1 1 0.641232 0.000000 
18 5 154 0 1 1 2 0 1 2 2 1 0.748112 0.000000 
18 5 155 0 4 1 0 0 2 2 2 1 0.603068 0.000000 
18 5 156 0 5 3 3 1 2 4 4 1 0.663310 0.000000 
18 5 157 0 1 2 2 0 0 3 3 1 0.825520 0.000000 
18 5 158 0 0 0 5 2 1 1 1 1 0.972167 0.000000 
18 5 159 1 2 3 4 2 0 3 3 1 0.993891 0.000000 
18 5 160 0 3 3 3 1 1 4 4 1 0.430882 0.000000 
18 5 161 1 2 3 3 1 0 3 3 1 1.642431 0.000000 
18 5 162 1 2 3 3 0 0 3 3 1 0.565699 0.000000 
18 5 163 0 2 3 3 0 0 4 4 1 1.179915 0.000000 
18 5 164 0 5 2 0 0 2 3 3 1 1.009762 0.000000 
18 5 165 0 0 0 1 0 1 1 1 1 0.870183 0.000000 
18 5 166 1 1 0 2 0 2 2 3 0 0.902795 0.000000 
18 5 167 0 2 3 4 2 0 4 4 1 0.651001 0.000000 
18 5 168 0 5 1 1 1 2 2 2 1 1.125002 0.000000 
18 5 169 0 3 0 0 0 0 1 1 1 0.980761 0.000000 
18 5 170 0 2 3 4 2 0 4 4 1 0.466445 0.000000 
18 5 171 0 1 1 4 2 1 2 2 1 0.772008 0.000000 
18 5 172 0 0 1 1 0 0 2 2 1 0.817609 0.000000 
18 5 173 0 4 0 0 1 2 1 1 1 0.580272 0.000000 
18 5 174 1 1 2 4 2 2 2 2 1 1.201803 0.000000 
18 5 175 0 4 1 0 0 2 2 2 1 0.638290 0.000000 
18 5 176 0 2 3 3 1 0 4 4 1 0.473175 0.000000 
18 5 177 1 1 1 4 2 1 2 2 1 0.698672 0.000000 
18 5 178 1 2 3 4 2 0 3 4 0 0.635589 0.000000 
18 5 179 1 1 1 1 1 1 2 2 1 0.866295 0.000000 
18 5 180 0 2 2 3 0 1 3 3 1 0.875047 0.000000 
18 5 181 0 0 1 1 0 0 2 2 1 1.292495 0.000000 
18 5 182 1 3 3 4 2 1 4 4 1 0.565564 0.000000 
18 5 183 0 2 3 3 0 0 4 4 1 0.659814 0.000000 
18 5 184 0 5 3 4 2 2 4 4 1 0.542070 0.000000 
18 5 185 0 4 3 3 1 2 4 4 1 0.532861 0.000000 
18 5 186 0 3 3 0 2 1 4 4 1 0.491974 0.000000 
18 5 187 0 2 2 3 0 1 3 3 1 1.236728 0.000000 
18 5 188 0 3 3 3 1 1 4 4 1 0.550822 0.000000 
18 5 189 1 1 1 1 1 1 2 2 1 1.052944 0.000000 
18 5 190 0 5 1 4 2 2 2 2 1 0.711476 0.000000 
18 5 191 1 0 0 5 2 1 1 1 1 0.663698 0.000000 
18 5 192 0 5 0 0 0 2 1 1 1 1.001972 0.000000 
18 6 1 1 1 1 0 0 1 2 2 1 2.892590 0.000000 
18 6 2 0 1 2 0 0 0 3 3 1 1.077817 0.000000 
18 6 3 1 3 3 3 1 1 4 4 1 0.735533 0.000000 
18 6 4 1 3 0 0 1 2 4 4 1 0.918514 0.000000 
18 6 5 0 4 3 3 1 2 4 4 1 0.534262 0.000000 
18 6 6 0 5 3 2 0 2 4 4 1 0.525000 0.000000 
18 6 7 1 2 1 4 2 2 3 3 1 1.627564 0.000000 
18 6 8 0 0 1 3 0 0 2 2 1 0.671579 0.000000 
18 6 9 0 3 0 0 1 0 1 1 1 0.809185 0.000000 
18 6 10 1 0 0 0 1 1 1 2 0 0.653496 0.000000 
18 6 11 1 0 1 1 1 0 1 2 0 0.763532 0.000000 
18 6 12 0 2 3 3 1 0 4 4 1 1.085345 0.000000 
18 6 13 0 3 0 4 2 0 1 1 1 1.533249 0.000000 
18 6 14 0 3 3 2 0 1 4 4 1 0.796479 0.000000 
18 6 15 0 4 3 3 1 2 4 4 1 0.457439 0.000000 
18 6 16 1 3 0 0 1 0 4 1 0 0.915643 0.000000 
18 6 17 1 1 1 0 0 1 2 2 1 1.455750 0.000000 
18 6 18 0 5 2 2 1 2 3 3 1 0.802177 0.000000 
18 6 19 0 2 3 1 0 0 4 4 1 0.614392 0.000000 
18 6 20 0 5 2 2 1 2 3 3 1 0.913704 0.000000 
18 6 21 0 1 2 2 1 0 3 3 1 0.474023 0.000000 
18 6 22 0 1 2 5 2 0 3 2 0 0.787535 0.000000 
18 6 23 1 0 0 3 0 1 1 1 1 0.604242 0.000000 
18 6 24 1 3 3 2 0 2 4 4 1 0.584233 0.000000 
18 6 25 0 4 1 2 0 2 2 2 1 1.485170 0.000000 
18 6 26 0 5 1 1 1 2 2 3 0 0.710418 0.000000 
18 6 27 0 0 1 1 1 0 2 2 1 0.586497 0.000000 
18 6 28 0 5 0 0 1 2 1 1 1 0.606133 0.000000 
18 6 29 1 0 1 3 0 0 1 1 1 0.602297 0.000000 
18 6 30 0 2 2 1 0 1 3 3 1 0.726596 0.000000 
18 6 31 0 2 2 1 0 1 3 3 1 0.542192 0.000000 
18 6 32 0 2 3 3 1 0 4 4 1 0.628938 0.000000 
18 6 33 0 4 0 1 2 2 1 1 1 0.720568 0.000000 
18 6 34 0 5 2 5 2 2 3 3 1 1.064201 0.000000 
18 6 35 0 0 0 4 2 1 1 1 1 0.593659 0.000000 
18 6 36 1 1 2 2 1 0 2 2 1 1.142503 0.000000 
18 6 37 0 0 0 3 0 1 1 1 1 0.781662 0.000000 
18 6 38 0 1 2 0 0 0 3 2 0 0.651326 0.000000 
18 6 39 1 2 0 4 2 2 3 3 1 1.577307 0.000000 
18 6 40 1 3 0 2 0 0 4 4 1 0.863062 0.000000 
18 6 41 0 4 0 4 2 2 1 1 1 0.833336 0.000000 
18 6 42 0 3 3 4 2 1 4 4 1 0.804351 0.000000 
18 6 43 1 2 1 1 0 2 3 3 1 0.919668 0.000000 
18 6 44 0 0 1 3 0 0 2 1 0 0.687317 0.000000 
18 6 45 0 0 0 5 2 1 1 1 1 0.708108 0.000000 
18 6 46 0 5 1 4 2 2 2 3 0 0.652118 0.000000 
18 6 47 0 3 0 0 1 0 1 1 1 1.378165 0.000000 
18 6 48 1 2 2 4 2 1 3 3 1 0.815789 0.000000 
18 6 49 0 0 1 5 2 0 2 2 1 1.194960 0.000000 
18 6 50 0 3 3 3 2 1 4 4 1 0.583561 0.000000 
18 6 51 0 1 1 4 2 1 2 2 1 0.860482 0.000000 
18 6 52 1 3 1 2 0 2 4 4 1 1.110810 0.000000 
18 6 53 0 1 1 4 2 1 2 2 1 0.687211 0.000000 
18 6 54 0 0 1 4 2 0 2 2 1 0.856205 0.000000 
18 6 55 1 2 3 1 0 0 3 3 1 0.858456 0.000000 
18 6 56 0 2 3 4 2 0 4 4 1 0.764821 0.000000 
18 6 57 0 4 0 4 2 2 1 1 1 0.722102 0.000000 
18 6 58 0 2 3 4 2 0 4 4 1 0.641721 0.000000 
18 6 59 1 2 2 2 1 2 3 3 1 0.804627 0.000000 
18 6 60 0 5 3 5 2 2 4 4 1 0.776956 0.000000 
18 6 61 0 0 0 3 0 1 1 1 1 0.646573 0.000000 
18 6 62 0 2 2 4 2 1 3 3 1 0.737515 0.000000 
18 6 63 0 0 1 3 0 0 2 2 1 0.896480 0.000000 
18 6 64 1 3 1 5 2 2 4 4 1 0.728436 0.000000 
18 6 65 0 4 1 1 1 2 2 2 1 0.944099 0.000000 
18 6 66 0 3 0 0 1 0 1 1 1 1.191148 0.000000 
18 6 67 1 2 2 2 1 2 3 3 1 0.892230 0.000000 
18 6 68 0 3 0 0 1 0 1 4 0 0.773228 0.000000 
18 6 69 0 4 2 2 0 2 3 3 1 0.878719 0.000000 
18 6 70 0 2 2 4 2 1 3 4 0 0.992156 0.000000 
18 6 71 1 3 3 4 2 1 4 4 1 0.744955 0.000000 
18 6 72 0 1 2 0 0 0 3 3 1 0.846616 0.000000 
18 6 73 1 0 1 1 1 0 1 1 1 1.265670 0.000000 
18 6 74 0 1 1 0 0 1 2 2 1 1.019985 0.000000 
18 6 75 0 2 2 2 1 1 3 3 1 1.015253 0.000000 
18 6 76 1 1 1 1 1 1 2 2 1 1.675662 0.000000 
18 6 77 0 3 3 2 0 1 4 4 1 0.932735 0.000000 
18 6 78 0 0 0 3 0 1 1 1 1 0.827941 0.000000 
18 6 79 0 3 0 4 2 0 1 1 1 0.967315 0.000000 
18 6 80 0 5 1 3 2 2 2 2 1 0.733020 0.000000 
18 6 81 0 4 0 2 0 2 1 1 1 0.667965 0.000000 
18 6 82 0 5 0 0 1 2 1 1 1 0.685582 0.000000 
18 6 83 0 4 2 2 0 2 3 3 1 0.646530 0.000000 
18 6 84 0 5 1 4 2 2 2 2 1 1.017439 0.000000 
18 6 85 0 4 3 4 2 2 4 4 1 1.013140 0.000000 
18 6 86 0 1 2 2 1 0 3 3 1 1.784580 0.000000 
18 6 87 1 3 0 0 1 0 4 4 1 0.621918 0.000000 
18 6 88 0 5 3 2 0 2 4 4 1 0.545522 0.000000 
18 6 89 0 2 3 3 1 0 4 4 1 0.568315 0.000000 
18 6 90 0 5 0 2 0 2 1 2 0 1.237911 0.000000 
18 6 91 0 1 1 1 1 1 2 2 1 0.740874 0.000000 
18 6 92 1 3 0 2 0 2 4 4 1 1.090547 0.000000 
18 6 93 1 3 3 2 0 1 4 4 1 1.003681 0.000000 
18 6 94 0 5 0 2 0 2 1 1 1 0.768012 0.000000 
18 6 95 0 2 2 5 2 1 3 3 1 0.845671 0.000000 
18 6 96 0 5 1 1 1 2 2 2 1 0.792739 0.000000 
18 6 97 0 1 1 4 2 1 2 2 1 0.597613 0.000000 
18 6 98 0 1 1 4 2 1 2 2 1 0.538517 0.000000 
18 6 99 1 2 2 4 2 1 3 3 1 0.905384 0.000000 
18 6 100 0 0 1 4 2 0 2 2 1 1.448799 0.000000 
18 6 101 0 0 1 1 1 0 2 2 1 0.667824 0.000000 
18 6 102 0 2 3 3 1 0 4 4 1 0.748933 0.000000 
18 6 103 0 0 0 3 0 1 1 1 1 0.995874 0.000000 
18 6 104 0 5 2 4 2 2 3 3 1 0.920927 0.000000 
18 6 105 0 2 3 3 1 0 4 4 1 0.632571 0.000000 
18 6 106 0 3 3 3 1 1 4 4 1 0.628008 0.000000 
18 6 107 0 4 3 3 1 2 4 4 1 0.462157 0.000000 
18 6 108 0 3 3 3 2 1 4 4 1 0.424209 0.000000 
18 6 109 0 1 1 0 0 1 2 2 1 0.899780 0.000000 
18 6 110 1 1 3 3 1 2 2 2 1 0.796107 0.000000 
18 6 111 0 4 0 2 0 2 1 1 1 0.633090 0.000000 
18 6 112 0 2 2 2 1 1 3 3 1 0.675970 0.000000 
18 6 113 0 3 0 2 0 0 1 1 1 0.837542 0.000000 
18 6 114 0 5 3 2 0 2 4 4 1 0.720576 0.000000 
18 6 115 0 2 3 3 1 0 4 4 1 0.823179 0.000000 
18 6 116 1 1 2 0 2 0 2 3 0 0.866771 0.000000 
18 6 117 0 1 2 0 0 0 3 3 1 0.752305 0.000000 
18 6 118 1 2 2 2 1 1 3 3 1 0.678266 0.000000 
18 6 119 0 2 3 5 2 0 4 4 1 0.671888 0.000000 
18 6 120 0 2 3 4 2 0 4 4 1 0.817511 0.000000 
18 6 121 0 1 1 0 0 1 2 2 1 0.965172 0.000000 
18 6 122 0 5 2 4 2 2 3 4 0 1.067590 0.000000 
18 6 123 0 1 1 1 1 1 2 2 1 0.752119 0.000000 
18 6 124 0 0 0 0 1 1 1 1 1 0.934143 0.000000 
18 6 125 0 3 3 2 0 1 4 4 1 0.669136 0.000000 
18 6 126 0 5 0 2 0 2 1 1 1 0.742770 0.000000 
18 6 127 0 3 0 2 0 0 1 1 1 1.693769 0.000000 
18 6 128 0 5 2 2 0 2 3 3 1 1.583117 0.000000 
18 6 129 0 4 3 3 1 2 4 4 1 0.524243 0.000000 
18 6 130 1 2 2 5 2 1 3 3 1 1.138903 0.000000 
18 6 131 0 1 2 0 0 0 3 3 1 1.521989 0.000000 
18 6 132 0 2 3 4 2 0 4 4 1 1.601939 0.000000 
18 6 133 0 4 3 3 1 2 4 4 1 0.766613 0.000000 
18 6 134 1 1 0 0 0 2 2 2 1 2.388287 0.000000 
18 6 135 0 0 1 3 0 0 2 2 1 0.801903 0.000000 
18 6 136 1 3 3 5 2 2 4 4 1 0.853228 0.000000 
18 6 137 1 2 3 1 0 0 3 3 1 1.879579 0.000000 
18 6 138 0 1 2 5 2 0 3 3 1 1.601622 0.000000 
18 6 139 0 3 3 4 2 1 4 4 1 0.614184 0.000000 
18 6 140 0 2 2 2 1 1 3 4 0 0.594458 0.000000 
18 6 141 0 4 0 2 0 2 1 1 1 0.851146 0.000000 
18 6 142 0 0 0 3 0 1 1 1 1 0.869299 0.000000 
18 6 143 0 0 1 1 1 0 2 2 1 0.797960 0.000000 
18 6 144 1 3 1 3 2 2 4 4 1 0.954909 0.000000 
18 6 145 1 3 3 3 1 1 4 4 1 0.985263 0.000000 
18 6 146 0 5 1 4 2 2 2 2 1 0.966288 0.000000 
18 6 147 0 0 0 4 2 1 1 1 1 0.627998 0.000000 
18 6 148 0 2 2 2 1 1 3 3 1 1.735636 0.000000 
18 6 149 0 4 1 1 1 2 2 2 1 1.213958 0.000000 
18 6 150 1 0 1 4 2 0 1 1 1 1.130470 0.000000 
18 6 151 0 1 1 0 0 1 2 2 1 0.722236 0.000000 
18 6 152 0 0 1 1 1 0 2 2 1 0.577755 0.000000 
18 6 153 0 0 0 0 2 1 1 1 1 0.935392 0.000000 
18 6 154 0 2 3 3 1 0 4 4 1 0.542401 0.000000 
18 6 155 0 0 1 3 0 0 2 3 0 1.013314 0.000000 
18 6 156 0 2 2 4 2 1 3 3 1 1.060516 0.000000 
18 6 157 0 4 1 1 1 2 2 2 1 1.582732 0.000000 
18 6 158 0 1 2 2 1 0 3 3 1 1.315986 0.000000 
18 6 159 0 2 2 1 0 1 3 3 1 0.596057 0.000000 
18 6 160 0 2 3 1 0 0 4 4 1 0.896739 0.000000 
18 6 161 0 2 2 5 2 1 3 3 1 0.913732 0.000000 
18 6 162 0 5 3 3 1 2 4 4 1 0.602053 0.000000 
18 6 163 1 1 1 1 1 1 2 2 1 1.301282 0.000000 
18 6 164 0 5 1 5 2 2 2 2 1 0.813819 0.000000 
18 6 165 1 0 0 4 2 1 1 1 1 0.738117 0.000000 
18 6 166 0 1 1 0 0 1 2 2 1 1.289119 0.000000 
18 6 167 1 2 0 4 2 2 3 1 0 1.098241 0.000000 
18 6 168 1 3 3 3 1 1 4 4 1 0.631190 0.000000 
18 6 169 0 1 2 5 2 0 3 2 0 0.738490 0.000000 
18 6 170 1 2 2 2 1 1 3 3 1 0.948204 0.000000 
18 6 171 1 0 0 0 1 1 1 1 1 1.362889 0.000000 
18 6 172 1 3 3 1 2 2 4 4 1 0.752856 0.000000 
18 6 173 0 3 0 0 2 0 1 4 0 0.559168 0.000000 
18 6 174 0 5 0 4 2 2 1 1 1 0.753219 0.000000 
18 6 175 0 3 0 2 0 0 1 1 1 0.639182 0.000000 
18 6 176 0 5 2 2 1 2 3 2 0 0.794111 0.000000 
18 6 177 0 4 1 2 0 2 2 2 1 0.897927 0.000000 
18 6 178 0 0 1 4 2 0 2 2 1 1.034693 0.000000 
18 6 179 0 3 3 2 0 1 4 4 1 0.741768 0.000000 
18 6 180 1 2 3 4 2 0 3 3 1 0.940678 0.000000 
18 6 181 1 3 0 0 1 0 4 4 1 0.931729 0.000000 
18 6 182 0 5 2 2 0 2 3 3 1 2.131488 0.000000 
18 6 183 0 3 3 4 2 1 4 4 1 0.579640 0.000000 
18 6 184 0 1 2 2 1 0 3 3 1 1.144194 0.000000 
18 6 185 0 2 2 2 1 1 3 3 1 0.607301 0.000000 
18 6 186 0 2 2 5 2 1 3 3 1 0.731512 0.000000 
18 6 187 1 3 0 5 2 0 4 4 1 0.883100 0.000000 
18 6 188 0 5 3 2 0 2 4 4 1 0.940169 0.000000 
18 6 189 0 4 2 2 1 2 3 3 1 0.739154 0.000000 
18 6 190 0 5 2 2 0 2 3 3 1 0.586095 0.000000 
18 6 191 0 0 1 3 0 0 2 2 1 1.453967 0.000000 
18 6 192 0 1 1 0 0 1 2 2 1 1.088631 0.000000 
