13 1 1 0 4 1 0 0 2 2 2 1 3.434816 0.000000 
13 1 2 0 5 3 3 1 2 4 4 1 0.589995 0.000000 
13 1 3 1 2 3 3 1 0 3 3 1 1.714392 0.000000 
13 1 4 0 5 2 4 2 2 3 2 0 0.658950 0.000000 
13 1 5 1 0 1 1 1 2 1 2 0 0.744007 0.000000 
13 1 6 0 5 0 4 2 2 1 2 0 0.754705 0.000000 
13 1 7 1 2 2 2 1 2 3 3 1 1.028508 0.000000 
13 1 8 0 2 2 2 1 1 3 3 1 0.623634 0.000000 
13 1 9 0 4 2 2 1 2 3 3 1 0.539209 0.000000 
13 1 10 0 2 2 2 1 1 3 3 1 0.498029 0.000000 
13 1 11 0 2 3 3 1 0 4 4 1 0.634857 0.000000 
13 1 12 0 0 0 4 2 1 1 1 1 0.844706 0.000000 
13 1 13 1 0 1 1 0 2 1 1 1 1.863754 0.000000 
13 1 14 0 5 1 1 1 2 2 1 0 0.682376 0.000000 
13 1 15 0 3 3 3 1 1 4 4 1 0.511953 0.000000 
13 1 16 0 3 0 5 2 0 1 1 1 1.103622 0.000000 
13 1 17 1 2 3 3 1 0 3 3 1 1.160017 0.000000 
13 1 18 0 5 1 0 0 2 2 2 1 0.862427 0.000000 
13 1 19 0 4 3 0 2 2 4 4 1 1.335778 0.000000 
13 1 20 0 5 3 0 0 2 4 4 1 0.550826 0.000000 
13 1 21 1 2 2 3 0 1 3 3 1 1.701037 0.000000 
13 1 22 0 0 0 0 1 1 1 1 1 0.629680 0.000000 
13 1 23 1 3 3 3 1 1 4 4 1 0.929211 0.000000 
13 1 24 0 1 1 4 2 1 2 2 1 0.752873 0.000000 
13 1 25 0 3 3 3 1 1 4 4 1 0.527113 0.000000 
13 1 26 0 2 3 0 2 0 4 4 1 1.493596 0.000000 
13 1 27 0 4 2 2 1 2 3 3 1 0.582762 0.000000 
13 1 28 1 3 0 0 0 0 4 4 1 1.348191 0.000000 
13 1 29 0 0 0 0 2 1 1 1 1 0.570842 0.000000 
13 1 30 0 1 1 2 0 1 2 2 1 0.728323 0.000000 
13 1 31 0 3 3 4 2 1 4 4 1 0.791917 0.000000 
13 1 32 0 5 1 1 1 2 2 2 1 0.708792 0.000000 
13 1 33 0 1 1 2 0 1 2 2 1 0.725070 0.000000 
13 1 34 0 3 3 3 1 1 4 4 1 0.467577 0.000000 
13 1 35 0 0 1 4 2 0 2 2 1 0.669050 0.000000 
13 1 36 0 5 2 5 2 2 3 3 1 0.814684 0.000000 
13 1 37 0 3 0 4 2 0 1 4 0 0.674934 0.000000 
13 1 38 0 3 0 0 2 0 1 1 1 0.944474 0.000000 
13 1 39 1 2 1 1 1 2 3 3 1 1.159027 0.000000 
13 1 40 0 3 0 0 1 0 1 1 1 0.861424 0.000000 
13 1 41 0 1 2 4 2 0 3 3 1 1.606718 0.000000 
13 1 42 0 1 1 1 1 1 2 2 1 0.523333 0.000000 
13 1 43 1 2 3 3 0 0 3 3 1 1.050824 0.000000 
13 1 44 1 2 3 5 2 0 3 3 1 0.773161 0.000000 
13 1 45 0 1 1 0 2 1 2 2 1 0.682777 0.000000 
13 1 46 0 5 3 0 0 2 4 4 1 0.812151 0.000000 
13 1 47 0 4 3 4 2 2 4 4 1 0.543946 0.000000 
13 1 48 0 2 2 5 2 1 3 3 1 0.774758 0.000000 
13 1 49 1 0 0 5 2 2 1 1 1 0.531339 0.000000 
13 1 50 0 0 0 0 1 1 1 1 1 0.546844 0.000000 
13 1 51 1 2 2 3 0 1 3 3 1 0.929646 0.000000 
13 1 52 0 5 1 0 0 2 2 2 1 0.657337 0.000000 
13 1 53 1 3 0 0 0 0 4 4 1 1.075486 0.000000 
13 1 54 0 1 2 2 0 0 3 2 0 1.013274 0.000000 
13 1 55 0 1 2 2 1 0 3 3 1 0.901633 0.000000 
13 1 56 0 1 1 4 2 1 2 2 1 0.668438 0.000000 
13 1 57 0 3 0 0 1 0 1 1 1 1.006030 0.000000 
13 1 58 1 1 2 2 0 0 2 2 1 0.722321 0.000000 
13 1 59 0 3 0 0 2 0 1 1 1 0.753886 0.000000 
13 1 60 0 1 2 2 1 0 3 2 0 0.672181 0.000000 
13 1 61 0 2 3 3 1 0 4 4 1 0.885710 0.000000 
13 1 62 1 3 0 4 2 0 4 1 0 1.038254 0.000000 
13 1 63 0 0 0 5 2 1 1 1 1 0.596246 0.000000 
13 1 64 0 2 3 3 0 0 4 4 1 0.672664 0.000000 
13 1 65 0 4 3 0 0 2 4 4 1 0.578236 0.000000 
13 1 66 0 5 3 0 0 2 4 4 1 0.551719 0.000000 
13 1 67 0 4 1 0 2 2 2 2 1 0.677931 0.000000 
13 1 68 0 3 0 0 0 0 1 1 1 0.711419 0.000000 
13 1 69 0 2 2 2 1 1 3 3 1 0.655619 0.000000 
13 1 70 0 0 1 1 1 0 2 2 1 0.721845 0.000000 
13 1 71 0 0 1 4 2 0 2 2 1 0.504451 0.000000 
13 1 72 0 5 3 0 0 2 4 4 1 0.544618 0.000000 
13 1 73 0 1 2 4 2 0 3 3 1 1.095413 0.000000 
13 1 74 1 3 0 4 2 0 4 4 1 1.368532 0.000000 
13 1 75 1 0 1 1 0 0 1 1 1 1.030319 0.000000 
13 1 76 0 2 2 4 2 1 3 3 1 1.130038 0.000000 
13 1 77 0 0 1 1 0 0 2 1 0 0.529748 0.000000 
13 1 78 1 3 3 3 1 1 4 4 1 0.636216 0.000000 
13 1 79 0 4 2 2 1 2 3 2 0 1.350655 0.000000 
13 1 80 1 3 0 0 1 0 4 4 1 0.905197 0.000000 
13 1 81 0 0 0 4 2 1 1 1 1 0.889010 0.000000 
13 1 82 0 1 2 2 0 0 3 3 1 1.538007 0.000000 
13 1 83 0 3 0 0 1 0 1 1 1 0.961218 0.000000 
13 1 84 0 5 2 4 2 2 3 3 1 0.887553 0.000000 
13 1 85 0 1 1 2 0 1 2 2 1 0.823527 0.000000 
13 1 86 0 5 0 4 2 2 1 1 1 0.731091 0.000000 
13 1 87 0 1 1 2 0 1 2 2 1 0.690710 0.000000 
13 1 88 0 5 1 1 1 2 2 2 1 0.659542 0.000000 
13 1 89 0 3 0 0 0 0 1 1 1 0.629798 0.000000 
13 1 90 0 1 1 2 0 1 2 2 1 0.681298 0.000000 
13 1 91 0 0 1 4 2 0 2 2 1 0.674892 0.000000 
13 1 92 1 1 2 0 2 0 2 2 1 1.011472 0.000000 
13 1 93 0 1 2 4 2 0 3 2 0 0.599722 0.000000 
13 1 94 0 0 1 1 1 0 2 2 1 0.680146 0.000000 
13 1 95 0 2 2 4 2 1 3 3 1 0.601680 0.000000 
13 1 96 0 5 1 0 2 2 2 3 0 0.589906 0.000000 
13 1 97 1 0 1 1 0 2 1 2 0 1.502841 0.000000 
13 1 98 0 3 0 0 2 0 1 4 0 0.842843 0.000000 
13 1 99 0 4 2 0 0 2 3 3 1 0.801384 0.000000 
13 1 100 0 2 2 2 1 1 3 3 1 0.532155 0.000000 
13 1 101 0 0 0 4 2 1 1 1 1 1.059687 0.000000 
13 1 102 0 5 0 0 1 2 1 1 1 0.477974 0.000000 
13 1 103 0 2 2 4 2 1 3 3 1 0.575481 0.000000 
13 1 104 0 0 1 4 2 0 2 2 1 0.813010 0.000000 
13 1 105 0 4 3 4 2 2 4 4 1 0.673295 0.000000 
13 1 106 0 5 0 0 1 2 1 1 1 0.689842 0.000000 
13 1 107 0 0 1 0 2 0 2 2 1 0.683762 0.000000 
13 1 108 0 1 1 1 1 1 2 2 1 0.627597 0.000000 
13 1 109 0 0 0 5 2 1 1 1 1 0.687134 0.000000 
13 1 110 0 1 2 2 0 0 3 3 1 0.775993 0.000000 
13 1 111 0 1 1 4 2 1 2 2 1 0.733639 0.000000 
13 1 112 0 2 3 3 0 0 4 4 1 0.588539 0.000000 
13 1 113 0 1 1 2 0 1 2 2 1 0.665397 0.000000 
13 1 114 0 0 0 1 0 1 1 1 1 0.563616 0.000000 
13 1 115 1 2 2 4 2 1 3 3 1 0.921759 0.000000 
13 1 116 1 2 2 3 0 1 3 3 1 0.528393 0.000000 
13 1 117 0 4 2 0 0 2 3 3 1 0.759914 0.000000 
13 1 118 0 1 1 2 0 1 2 3 0 0.598168 0.000000 
13 1 119 1 1 1 5 2 1 2 2 1 1.447051 0.000000 
13 1 120 0 5 1 5 2 2 2 2 1 0.801688 0.000000 
13 1 121 0 0 1 1 1 0 2 1 0 0.974015 0.000000 
13 1 122 0 5 2 4 2 2 3 3 1 0.671728 0.000000 
13 1 123 0 4 2 2 1 2 3 3 1 1.239806 0.000000 
13 1 124 1 0 1 1 0 0 1 1 1 0.946901 0.000000 
13 1 125 0 2 3 3 1 0 4 4 1 0.729875 0.000000 
13 1 126 0 0 1 1 0 0 2 2 1 1.497531 0.000000 
13 1 127 1 2 1 1 1 2 3 3 1 0.882634 0.000000 
13 1 128 0 0 0 1 0 1 1 1 1 0.956152 0.000000 
13 1 129 0 4 2 0 2 2 3 3 1 0.689974 0.000000 
13 1 130 0 5 1 0 0 2 2 2 1 0.657874 0.000000 
13 1 131 0 1 1 1 1 1 2 2 1 0.596033 0.000000 
13 1 132 0 2 3 0 2 0 4 4 1 0.888936 0.000000 
13 1 133 0 4 0 0 1 2 1 1 1 0.633838 0.000000 
13 1 134 0 3 3 0 0 1 4 4 1 0.716717 0.000000 
13 1 135 0 2 2 2 1 1 3 3 1 0.692284 0.000000 
13 1 136 0 3 3 3 1 1 4 4 1 0.501156 0.000000 
13 1 137 1 0 1 4 2 0 1 1 1 1.388416 0.000000 
13 1 138 0 1 1 2 0 1 2 2 1 0.993574 0.000000 
13 1 139 0 2 2 5 2 1 3 3 1 0.702566 0.000000 
13 1 140 0 5 1 0 0 2 2 2 1 0.718800 0.000000 
13 1 141 0 0 0 0 1 1 1 1 1 0.590379 0.000000 
13 1 142 1 1 2 2 0 0 2 2 1 0.667147 0.000000 
13 1 143 1 2 1 3 0 2 3 3 1 0.580762 0.000000 
13 1 144 0 3 0 0 1 0 1 1 1 0.881268 0.000000 
13 1 145 0 3 0 0 0 0 1 1 1 0.474912 0.000000 
13 1 146 1 1 0 2 0 2 2 2 1 1.636428 0.000000 
13 1 147 1 3 0 0 1 0 4 1 0 0.775642 0.000000 
13 1 148 0 3 3 3 1 1 4 4 1 0.593220 0.000000 
13 1 149 0 0 0 1 0 1 1 1 1 0.989676 0.000000 
13 1 150 0 5 2 2 1 2 3 3 1 0.810661 0.000000 
13 1 151 1 2 2 2 1 2 3 3 1 0.830895 0.000000 
13 1 152 0 1 1 1 1 1 2 2 1 0.593425 0.000000 
13 1 153 1 0 1 1 1 2 1 1 1 0.782374 0.000000 
13 1 154 0 2 2 3 0 1 3 3 1 0.539939 0.000000 
13 1 155 0 4 0 5 2 2 1 2 0 1.266857 0.000000 
13 1 156 0 2 2 2 1 1 3 3 1 0.632579 0.000000 
13 1 157 0 4 3 4 2 2 4 4 1 0.523676 0.000000 
13 1 158 0 3 0 0 2 0 1 1 1 0.594230 0.000000 
13 1 159 0 0 1 1 1 0 2 2 1 0.718899 0.000000 
13 1 160 0 5 2 0 0 2 3 3 1 0.710589 0.000000 
13 1 161 0 4 2 0 0 2 3 3 1 0.630735 0.000000 
13 1 162 1 1 1 4 2 2 2 2 1 0.722273 0.000000 
13 1 163 1 2 2 2 1 2 3 3 1 0.633885 0.000000 
13 1 164 1 1 1 2 0 1 2 2 1 0.724722 0.000000 
13 1 165 1 2 2 4 2 1 3 3 1 0.740373 0.000000 
13 1 166 0 3 3 0 0 1 4 4 1 1.155248 0.000000 
13 1 167 0 4 3 0 0 2 4 4 1 0.601658 0.000000 
13 1 168 0 1 2 2 1 0 3 2 0 0.732877 0.000000 
13 1 169 0 4 3 0 0 2 4 4 1 0.615948 0.000000 
13 1 170 1 1 3 3 1 2 2 2 1 0.875985 0.000000 
13 1 171 1 2 1 5 2 2 3 3 1 0.885126 0.000000 
13 1 172 0 3 0 5 2 0 1 1 1 0.806140 0.000000 
13 1 173 0 1 2 2 0 0 3 2 0 0.714348 0.000000 
13 1 174 1 0 0 5 2 1 1 1 1 1.438687 0.000000 
13 1 175 1 3 0 0 0 0 4 4 1 0.808359 0.000000 
13 1 176 0 0 0 0 2 1 1 1 1 0.860659 0.000000 
13 1 177 0 3 0 0 1 0 1 1 1 0.790921 0.000000 
13 1 178 0 2 3 3 1 0 4 4 1 0.651859 0.000000 
13 1 179 0 3 3 0 0 1 4 4 1 0.590001 0.000000 
13 1 180 1 3 1 1 1 2 4 4 1 1.002932 0.000000 
13 1 181 1 0 0 4 2 2 1 1 1 0.742248 0.000000 
13 1 182 0 2 2 4 2 1 3 3 1 0.702171 0.000000 
13 1 183 0 1 1 2 0 1 2 2 1 1.541441 0.000000 
13 1 184 0 5 2 2 1 2 3 3 1 0.916603 0.000000 
13 1 185 1 3 0 0 1 0 4 4 1 0.644278 0.000000 
13 1 186 0 5 2 0 0 2 3 3 1 0.719060 0.000000 
13 1 187 1 1 2 2 0 0 2 2 1 0.670690 0.000000 
13 1 188 1 3 3 0 2 1 4 4 1 0.624198 0.000000 
13 1 189 1 1 1 2 0 1 2 2 1 0.667822 0.000000 
13 1 190 0 5 0 0 1 2 1 1 1 0.636398 0.000000 
13 1 191 0 0 1 1 0 0 2 2 1 1.087216 0.000000 
13 1 192 0 5 3 0 0 2 4 4 1 0.608285 0.000000 
13 2 1 0 4 2 2 1 2 3 3 1 2.531236 0.000000 
13 2 2 0 5 3 4 2 2 4 4 1 0.515558 0.000000 
13 2 3 0 4 3 3 1 2 4 4 1 0.419724 0.000000 
13 2 4 0 0 0 0 1 1 1 1 1 0.575168 0.000000 
13 2 5 0 0 0 4 2 1 1 1 1 0.515715 0.000000 
13 2 6 0 3 0 0 1 0 1 1 1 0.443797 0.000000 
13 2 7 0 1 2 2 0 0 3 3 1 0.926648 0.000000 
13 2 8 0 1 1 2 0 1 2 2 1 0.606285 0.000000 
13 2 9 0 4 1 0 0 2 2 2 1 0.602472 0.000000 
13 2 10 1 1 0 0 1 2 2 2 1 0.974612 0.000000 
13 2 11 0 0 0 1 0 1 1 1 1 0.812364 0.000000 
13 2 12 1 3 3 0 0 2 4 4 1 0.559594 0.000000 
13 2 13 0 4 3 3 1 2 4 4 1 0.453786 0.000000 
13 2 14 0 3 3 3 1 1 4 4 1 0.415893 0.000000 
13 2 15 0 2 2 3 2 1 3 3 1 0.611928 0.000000 
13 2 16 1 1 1 1 1 1 2 2 1 0.696209 0.000000 
13 2 17 0 3 3 4 2 1 4 4 1 0.537085 0.000000 
13 2 18 0 1 2 2 0 0 3 3 1 0.719893 0.000000 
13 2 19 0 4 3 4 2 2 4 4 1 0.551480 0.000000 
13 2 20 1 3 2 4 2 2 4 4 1 1.365690 0.000000 
13 2 21 1 2 3 3 1 0 3 3 1 0.811020 0.000000 
13 2 22 1 0 1 1 0 0 1 1 1 0.974792 0.000000 
13 2 23 1 3 0 0 0 0 4 4 1 0.796447 0.000000 
13 2 24 0 0 1 1 1 0 2 2 1 0.865388 0.000000 
13 2 25 0 2 2 4 2 1 3 3 1 0.579661 0.000000 
13 2 26 1 1 2 2 0 0 2 2 1 0.721164 0.000000 
13 2 27 0 4 1 4 2 2 2 2 1 0.536758 0.000000 
13 2 28 0 2 3 3 1 0 4 4 1 0.686586 0.000000 
13 2 29 0 2 2 3 0 1 3 3 1 0.759421 0.000000 
13 2 30 1 0 0 2 2 1 1 1 1 0.693714 0.000000 
13 2 31 1 2 2 2 1 1 3 3 1 0.750558 0.000000 
13 2 32 0 3 0 0 1 0 1 1 1 0.564864 0.000000 
13 2 33 1 0 1 1 0 0 1 1 1 1.419003 0.000000 
13 2 34 1 1 1 1 1 1 2 2 1 0.646830 0.000000 
13 2 35 0 4 0 0 1 2 1 1 1 0.592835 0.000000 
13 2 36 0 1 2 5 2 0 3 2 0 0.645592 0.000000 
13 2 37 1 0 1 1 0 2 1 1 1 0.844527 0.000000 
13 2 38 0 1 1 0 2 1 2 2 1 0.774997 0.000000 
13 2 39 0 2 2 2 1 1 3 3 1 0.636530 0.000000 
13 2 40 1 0 0 0 1 1 1 1 1 0.751434 0.000000 
13 2 41 0 3 0 0 1 0 1 1 1 0.869713 0.000000 
13 2 42 0 3 0 0 0 0 1 1 1 0.623277 0.000000 
13 2 43 0 1 1 4 2 1 2 2 1 0.634869 0.000000 
13 2 44 0 0 0 0 1 1 1 1 1 0.500740 0.000000 
13 2 45 1 0 0 4 2 2 1 2 0 1.196909 0.000000 
13 2 46 1 1 3 3 1 2 2 2 1 0.909979 0.000000 
13 2 47 0 4 3 4 2 2 4 4 1 0.661811 0.000000 
13 2 48 1 3 3 0 0 1 4 4 1 1.111995 0.000000 
13 2 49 0 4 1 1 1 2 2 2 1 0.608433 0.000000 
13 2 50 0 5 0 0 1 2 1 1 1 0.620556 0.000000 
13 2 51 0 4 3 0 0 2 4 4 1 0.583115 0.000000 
13 2 52 0 0 0 5 2 1 1 1 1 1.043965 0.000000 
13 2 53 0 4 2 5 2 2 3 2 0 0.694985 0.000000 
13 2 54 0 5 2 2 1 2 3 3 1 0.555887 0.000000 
13 2 55 0 1 1 1 1 1 2 2 1 0.537622 0.000000 
13 2 56 0 2 2 4 2 1 3 3 1 0.568414 0.000000 
13 2 57 0 2 2 5 2 1 3 3 1 0.557911 0.000000 
13 2 58 0 2 2 4 2 1 3 3 1 0.523191 0.000000 
13 2 59 0 1 2 2 0 0 3 2 0 0.690649 0.000000 
13 2 60 0 2 2 3 0 1 3 3 1 0.967575 0.000000 
13 2 61 1 0 1 1 0 2 1 1 1 0.844689 0.000000 
13 2 62 1 2 3 3 0 0 3 3 1 0.655663 0.000000 
13 2 63 0 4 3 0 0 2 4 4 1 0.545875 0.000000 
13 2 64 1 0 0 4 2 1 1 1 1 0.720747 0.000000 
13 2 65 0 1 1 4 2 1 2 2 1 0.600285 0.000000 
13 2 66 1 1 2 2 0 0 2 3 0 0.916500 0.000000 
13 2 67 0 4 3 4 2 2 4 4 1 0.615118 0.000000 
13 2 68 1 0 1 4 2 0 1 1 1 0.714881 0.000000 
13 2 69 1 0 0 0 1 1 1 1 1 0.603053 0.000000 
13 2 70 0 2 3 4 2 0 4 3 0 0.887324 0.000000 
13 2 71 0 1 2 5 2 0 3 3 1 1.172317 0.000000 
13 2 72 0 5 2 0 0 2 3 3 1 0.529546 0.000000 
13 2 73 1 1 2 5 2 0 2 2 1 0.720996 0.000000 
13 2 74 0 2 3 3 1 0 4 4 1 0.711634 0.000000 
13 2 75 1 1 2 2 1 0 2 2 1 0.879870 0.000000 
13 2 76 0 0 0 5 2 1 1 1 1 0.641453 0.000000 
13 2 77 1 2 3 3 0 0 3 3 1 0.772345 0.000000 
13 2 78 0 3 3 3 1 1 4 4 1 0.705953 0.000000 
13 2 79 1 3 3 3 1 1 4 4 1 0.826180 0.000000 
13 2 80 1 3 3 0 2 2 4 4 1 0.613775 0.000000 
13 2 81 0 4 3 0 0 2 4 4 1 0.689989 0.000000 
13 2 82 1 1 0 2 0 2 2 2 1 0.745855 0.000000 
13 2 83 0 1 1 2 0 1 2 2 1 0.552776 0.000000 
13 2 84 0 3 3 0 0 1 4 4 1 0.574971 0.000000 
13 2 85 0 4 0 4 2 2 1 1 1 0.644465 0.000000 
13 2 86 1 3 0 0 0 0 4 4 1 0.751283 0.000000 
13 2 87 0 4 2 4 2 2 3 3 1 0.869606 0.000000 
13 2 88 0 5 0 0 1 2 1 1 1 0.583240 0.000000 
13 2 89 1 0 2 2 1 2 1 1 1 0.947080 0.000000 
13 2 90 0 1 2 2 0 0 3 3 1 1.042056 0.000000 
13 2 91 0 2 3 3 1 0 4 4 1 0.525066 0.000000 
13 2 92 0 5 1 0 0 2 2 2 1 0.724561 0.000000 
13 2 93 0 1 1 1 1 1 2 2 1 0.604162 0.000000 
13 2 94 1 2 2 1 2 1 3 3 1 0.736337 0.000000 
13 2 95 0 3 3 3 1 1 4 4 1 0.471238 0.000000 
13 2 96 0 2 3 3 1 0 4 4 1 0.504666 0.000000 
13 2 97 0 0 1 1 0 0 2 2 1 1.055876 0.000000 
13 2 98 1 1 1 2 0 1 2 2 1 0.666233 0.000000 
13 2 99 1 2 1 0 2 2 3 2 0 0.916025 0.000000 
13 2 100 0 3 3 0 0 1 4 4 1 0.584120 0.000000 
13 2 101 0 0 0 4 2 1 1 1 1 0.580524 0.000000 
13 2 102 0 5 2 4 2 2 3 3 1 0.641990 0.000000 
13 2 103 0 3 0 4 2 0 1 1 1 0.748899 0.000000 
13 2 104 0 3 0 0 0 0 1 1 1 0.523805 0.000000 
13 2 105 1 2 2 4 2 1 3 3 1 0.731257 0.000000 
13 2 106 0 1 1 1 1 1 2 2 1 0.665864 0.000000 
13 2 107 0 4 1 4 2 2 2 2 1 0.483894 0.000000 
13 2 108 0 0 0 0 1 1 1 1 1 0.588886 0.000000 
13 2 109 0 4 3 3 1 2 4 4 1 0.561708 0.000000 
13 2 110 0 3 0 0 0 0 1 4 0 0.711847 0.000000 
13 2 111 0 3 3 3 1 1 4 4 1 0.532152 0.000000 
13 2 112 0 3 0 3 2 0 1 1 1 0.699163 0.000000 
13 2 113 0 4 0 0 1 2 1 1 1 0.522971 0.000000 
13 2 114 0 3 0 0 0 0 1 1 1 0.498553 0.000000 
13 2 115 0 0 1 1 1 0 2 2 1 0.659301 0.000000 
13 2 116 0 1 2 2 0 0 3 3 1 0.605503 0.000000 
13 2 117 0 4 3 0 0 2 4 4 1 0.585699 0.000000 
13 2 118 0 1 1 4 2 1 2 2 1 0.678606 0.000000 
13 2 119 0 2 3 3 1 0 4 4 1 0.528133 0.000000 
13 2 120 0 1 1 2 0 1 2 2 1 0.511586 0.000000 
13 2 121 0 0 1 4 2 0 2 2 1 0.663777 0.000000 
13 2 122 0 0 1 1 0 0 2 2 1 0.504774 0.000000 
13 2 123 0 0 0 0 1 1 1 1 1 0.696421 0.000000 
13 2 124 0 1 2 2 0 0 3 3 1 0.665339 0.000000 
13 2 125 0 3 0 4 2 0 1 1 1 0.707608 0.000000 
13 2 126 0 5 3 0 0 2 4 4 1 0.579833 0.000000 
13 2 127 1 2 3 3 1 0 3 3 1 0.769317 0.000000 
13 2 128 0 3 0 0 0 0 1 1 1 0.622935 0.000000 
13 2 129 1 2 2 4 2 1 3 3 1 0.658422 0.000000 
13 2 130 0 5 2 0 0 2 3 3 1 0.667639 0.000000 
13 2 131 0 2 3 3 0 0 4 4 1 0.597221 0.000000 
13 2 132 0 3 0 4 2 0 1 1 1 0.794059 0.000000 
13 2 133 0 4 2 2 1 2 3 3 1 0.598944 0.000000 
13 2 134 0 3 0 0 0 0 1 1 1 0.547796 0.000000 
13 2 135 0 1 2 2 1 0 3 3 1 0.762664 0.000000 
13 2 136 0 0 0 1 0 1 1 1 1 0.656885 0.000000 
13 2 137 0 3 3 3 1 1 4 4 1 0.363067 0.000000 
13 2 138 0 3 0 0 0 0 1 1 1 0.552174 0.000000 
13 2 139 0 0 1 1 1 0 2 2 1 0.614401 0.000000 
13 2 140 0 0 1 1 1 0 2 2 1 0.546598 0.000000 
13 2 141 1 1 2 2 1 0 2 2 1 0.697445 0.000000 
13 2 142 0 2 3 5 2 0 4 4 1 0.754307 0.000000 
13 2 143 1 3 3 0 0 1 4 4 1 0.960571 0.000000 
13 2 144 0 5 1 4 2 2 2 2 1 0.798921 0.000000 
13 2 145 0 4 0 4 2 2 1 1 1 0.650922 0.000000 
13 2 146 0 3 0 2 2 0 1 1 1 0.605016 0.000000 
13 2 147 1 2 3 4 2 0 3 3 1 0.993205 0.000000 
13 2 148 0 5 3 5 2 2 4 3 0 0.494197 0.000000 
13 2 149 0 4 1 0 0 2 2 3 0 0.683072 0.000000 
13 2 150 0 5 0 0 1 2 1 1 1 0.800168 0.000000 
13 2 151 0 1 2 4 2 0 3 3 1 1.003909 0.000000 
13 2 152 0 5 1 0 0 2 2 2 1 0.808264 0.000000 
13 2 153 0 4 3 0 0 2 4 4 1 0.579591 0.000000 
13 2 154 0 5 0 0 1 2 1 1 1 0.625097 0.000000 
13 2 155 0 4 0 0 1 2 1 1 1 0.428618 0.000000 
13 2 156 0 0 1 1 0 0 2 2 1 0.696026 0.000000 
13 2 157 1 0 2 2 1 2 1 1 1 0.944954 0.000000 
13 2 158 0 5 3 3 1 2 4 4 1 0.503916 0.000000 
13 2 159 0 4 1 1 2 2 2 2 1 0.608110 0.000000 
13 2 160 0 5 1 5 2 2 2 2 1 0.596268 0.000000 
13 2 161 0 0 1 0 2 0 2 2 1 0.577159 0.000000 
13 2 162 0 3 3 3 1 1 4 4 1 0.541648 0.000000 
13 2 163 1 2 1 3 0 2 3 2 0 0.876428 0.000000 
13 2 164 0 5 2 0 0 2 3 3 1 1.002157 0.000000 
13 2 165 0 4 1 1 1 2 2 2 1 0.638013 0.000000 
13 2 166 0 0 0 4 2 1 1 1 1 0.688896 0.000000 
13 2 167 0 4 2 0 0 2 3 3 1 1.505776 0.000000 
13 2 168 0 3 3 0 0 1 4 4 1 0.546263 0.000000 
13 2 169 1 0 1 5 2 0 1 1 1 0.904172 0.000000 
13 2 170 0 1 1 4 2 1 2 2 1 0.600478 0.000000 
13 2 171 0 4 0 5 2 2 1 1 1 0.652605 0.000000 
13 2 172 1 1 1 2 0 1 2 2 1 0.790796 0.000000 
13 2 173 0 3 3 5 2 1 4 4 1 0.587807 0.000000 
13 2 174 0 1 1 1 1 1 2 2 1 0.600629 0.000000 
13 2 175 0 1 1 2 0 1 2 2 1 0.676828 0.000000 
13 2 176 1 3 0 0 1 2 4 4 1 0.766380 0.000000 
13 2 177 0 3 3 0 2 1 4 4 1 0.554917 0.000000 
13 2 178 0 5 0 5 2 2 1 2 0 0.585178 0.000000 
13 2 179 1 2 3 3 0 0 3 3 1 0.850038 0.000000 
13 2 180 0 2 2 2 1 1 3 3 1 0.548015 0.000000 
13 2 181 0 2 3 4 2 0 4 4 1 0.578662 0.000000 
13 2 182 0 1 1 1 1 1 2 2 1 0.664181 0.000000 
13 2 183 0 3 3 0 0 1 4 4 1 0.522392 0.000000 
13 2 184 1 2 3 3 1 0 3 3 1 0.897806 0.000000 
13 2 185 0 2 3 3 0 0 4 4 1 0.817852 0.000000 
13 2 186 0 5 1 1 1 2 2 2 1 0.653480 0.000000 
13 2 187 0 3 3 3 1 1 4 4 1 0.599668 0.000000 
13 2 188 0 0 1 0 2 0 2 2 1 0.700123 0.000000 
13 2 189 0 0 1 1 0 0 2 2 1 0.508085 0.000000 
13 2 190 0 5 1 4 2 2 2 2 1 0.652237 0.000000 
13 2 191 0 4 2 0 0 2 3 3 1 0.654470 0.000000 
13 2 192 1 3 3 5 2 1 4 4 1 0.543643 0.000000 
13 3 1 0 4 3 3 1 2 4 4 1 1.971719 0.000000 
13 3 2 1 0 0 2 0 1 1 1 1 0.809274 0.000000 
13 3 3 0 1 1 3 0 1 2 3 0 1.077604 0.000000 
13 3 4 0 5 3 4 2 2 4 4 1 0.506250 0.000000 
13 3 5 1 3 3 5 2 1 4 4 1 0.569905 0.000000 
13 3 6 0 5 1 0 2 2 2 2 1 0.599478 0.000000 
13 3 7 1 0 2 5 2 0 1 3 0 0.772147 0.000000 
13 3 8 0 3 1 1 1 0 2 2 1 0.733296 0.000000 
13 3 9 0 4 3 0 2 2 4 4 1 0.603947 0.000000 
13 3 10 0 2 0 4 2 0 1 1 1 0.767913 0.000000 
13 3 11 1 2 1 1 1 2 3 2 0 1.533534 0.000000 
13 3 12 0 3 3 1 0 1 4 4 1 0.535771 0.000000 
13 3 13 0 0 0 4 2 1 1 1 1 0.622066 0.000000 
13 3 14 0 5 2 2 1 2 3 3 1 0.865640 0.000000 
13 3 15 0 2 0 0 0 0 1 1 1 0.651907 0.000000 
13 3 16 0 5 3 4 2 2 4 4 1 0.574104 0.000000 
13 3 17 0 2 0 0 0 0 1 1 1 0.587586 0.000000 
13 3 18 0 5 2 2 2 2 3 3 1 0.528495 0.000000 
13 3 19 0 2 2 4 2 1 3 3 1 0.550917 0.000000 
13 3 20 1 0 0 5 2 1 1 1 1 0.637163 0.000000 
13 3 21 0 4 3 1 0 2 4 4 1 0.623939 0.000000 
13 3 22 0 0 0 0 1 1 1 1 1 0.547510 0.000000 
13 3 23 0 3 3 5 2 1 4 4 1 0.610388 0.000000 
13 3 24 0 5 0 0 1 2 1 2 0 0.966597 0.000000 
13 3 25 1 1 1 3 0 1 2 2 1 0.768297 0.000000 
13 3 26 0 3 1 4 2 0 2 2 1 0.877387 0.000000 
13 3 27 0 0 2 4 2 0 3 3 1 0.725952 0.000000 
13 3 28 1 3 1 1 0 2 4 4 1 0.893545 0.000000 
13 3 29 0 2 2 0 0 1 3 3 1 0.774486 0.000000 
13 3 30 0 5 1 4 2 2 2 3 0 0.596132 0.000000 
13 3 31 1 3 3 1 0 1 4 4 1 0.613019 0.000000 
13 3 32 0 3 3 3 1 1 4 4 1 0.464665 0.000000 
13 3 33 0 4 1 4 2 2 2 2 1 0.674819 0.000000 
13 3 34 0 1 1 4 2 1 2 2 1 0.491428 0.000000 
13 3 35 0 2 0 0 0 0 1 3 0 0.524220 0.000000 
13 3 36 1 1 3 3 1 0 2 4 0 0.439687 0.000000 
13 3 37 0 4 2 1 0 2 3 3 1 0.902080 0.000000 
13 3 38 0 5 1 4 2 2 2 2 1 0.701861 0.000000 
13 3 39 0 3 3 3 1 1 4 4 1 0.494131 0.000000 
13 3 40 0 5 0 1 0 2 1 1 1 0.614964 0.000000 
13 3 41 0 0 2 2 1 0 3 3 1 0.835153 0.000000 
13 3 42 0 2 2 2 1 1 3 3 1 0.516972 0.000000 
13 3 43 0 2 0 0 1 0 1 1 1 0.668570 0.000000 
13 3 44 0 0 0 0 1 1 1 1 1 0.542131 0.000000 
13 3 45 0 4 2 2 1 2 3 2 0 0.836947 0.000000 
13 3 46 0 2 2 2 1 1 3 3 1 0.587877 0.000000 
13 3 47 0 1 3 3 0 0 4 4 1 0.480301 0.000000 
13 3 48 1 0 0 0 1 1 1 1 1 0.585767 0.000000 
13 3 49 0 0 2 2 0 0 3 3 1 1.062682 0.000000 
13 3 50 1 2 0 0 1 0 3 3 1 1.103926 0.000000 
13 3 51 0 0 2 5 2 0 3 3 1 0.752372 0.000000 
13 3 52 1 1 1 5 2 1 2 2 1 0.598572 0.000000 
13 3 53 0 0 2 2 0 0 3 2 0 0.515488 0.000000 
13 3 54 1 1 1 3 0 2 2 2 1 0.543664 0.000000 
13 3 55 0 0 0 0 1 1 1 1 1 0.549978 0.000000 
13 3 56 0 0 2 2 0 0 3 3 1 0.668175 0.000000 
13 3 57 0 2 0 0 0 0 1 1 1 0.868765 0.000000 
13 3 58 0 3 1 1 1 0 2 2 1 1.166388 0.000000 
13 3 59 0 4 2 1 0 2 3 3 1 0.860108 0.000000 
13 3 60 0 3 1 1 1 0 2 1 0 1.110425 0.000000 
13 3 61 0 2 2 0 0 1 3 3 1 0.794838 0.000000 
13 3 62 0 0 2 4 2 0 3 3 1 0.631284 0.000000 
13 3 63 0 4 3 4 2 2 4 4 1 0.610797 0.000000 
13 3 64 0 2 0 5 2 0 1 1 1 0.798989 0.000000 
13 3 65 1 1 3 4 2 0 2 4 0 1.074792 0.000000 
13 3 66 0 5 2 2 1 2 3 3 1 0.696662 0.000000 
13 3 67 0 2 0 0 1 0 1 1 1 0.601004 0.000000 
13 3 68 1 2 2 4 2 1 3 3 1 0.669219 0.000000 
13 3 69 0 4 1 1 1 2 2 2 1 0.718809 0.000000 
13 3 70 0 0 0 4 2 1 1 1 1 0.654395 0.000000 
13 3 71 0 0 2 2 0 0 3 3 1 0.584601 0.000000 
13 3 72 0 5 1 1 0 2 2 2 1 0.573451 0.000000 
13 3 73 1 0 2 4 2 2 1 3 0 0.665927 0.000000 
13 3 74 1 2 0 0 0 0 3 1 0 0.527934 0.000000 
13 3 75 1 1 1 1 1 1 2 2 1 0.651233 0.000000 
13 3 76 0 2 2 0 0 1 3 3 1 0.644892 0.000000 
13 3 77 1 3 1 1 0 0 4 2 0 0.951817 0.000000 
13 3 78 0 0 0 2 0 1 1 1 1 0.601932 0.000000 
13 3 79 1 1 3 4 2 0 2 2 1 0.797902 0.000000 
13 3 80 0 2 2 4 2 1 3 3 1 0.665787 0.000000 
13 3 81 0 2 0 5 2 0 1 1 1 0.699845 0.000000 
13 3 82 1 1 2 2 2 2 2 3 0 1.036252 0.000000 
13 3 83 0 3 1 1 1 0 2 2 1 1.219344 0.000000 
13 3 84 1 0 0 2 0 1 1 1 1 0.662520 0.000000 
13 3 85 0 4 1 1 1 2 2 2 1 0.640790 0.000000 
13 3 86 0 5 1 1 1 2 2 2 1 0.667681 0.000000 
13 3 87 0 1 3 3 1 0 4 4 1 0.589222 0.000000 
13 3 88 0 5 2 2 1 2 3 3 1 0.697053 0.000000 
13 3 89 0 4 2 1 0 2 3 3 1 0.697937 0.000000 
13 3 90 0 3 1 4 2 0 2 2 1 0.650864 0.000000 
13 3 91 1 1 3 4 2 0 2 2 1 0.757029 0.000000 
13 3 92 1 3 2 2 1 2 4 4 1 0.931333 0.000000 
13 3 93 0 3 1 1 0 0 2 4 0 0.819009 0.000000 
13 3 94 1 3 3 4 2 1 4 4 1 0.906632 0.000000 
13 3 95 0 4 3 3 1 2 4 4 1 0.497423 0.000000 
13 3 96 0 5 1 1 0 2 2 2 1 0.642276 0.000000 
13 3 97 0 2 2 2 1 1 3 3 1 0.533117 0.000000 
13 3 98 1 3 1 1 0 0 4 2 0 1.275983 0.000000 
13 3 99 0 4 2 5 2 2 3 3 1 0.721774 0.000000 
13 3 100 0 0 2 4 2 0 3 3 1 0.656856 0.000000 
13 3 101 1 0 0 2 0 1 1 1 1 0.635074 0.000000 
13 3 102 0 5 1 4 2 2 2 2 1 0.892920 0.000000 
13 3 103 0 1 3 3 1 0 4 4 1 0.549905 0.000000 
13 3 104 1 3 3 1 0 2 4 4 1 0.708078 0.000000 
13 3 105 0 4 0 1 0 2 1 1 1 1.012333 0.000000 
13 3 106 1 1 0 3 0 2 2 2 1 1.048681 0.000000 
13 3 107 0 1 1 1 1 1 2 3 0 0.739674 0.000000 
13 3 108 0 3 3 1 0 1 4 4 1 0.598658 0.000000 
13 3 109 0 1 3 3 0 0 4 4 1 0.514946 0.000000 
13 3 110 1 2 0 0 1 0 3 3 1 0.851136 0.000000 
13 3 111 0 4 1 1 0 2 2 2 1 1.052507 0.000000 
13 3 112 0 3 3 4 2 1 4 4 1 0.582817 0.000000 
13 3 113 0 4 0 0 1 2 1 1 1 0.636155 0.000000 
13 3 114 0 5 1 1 1 2 2 2 1 0.694558 0.000000 
13 3 115 0 1 3 1 2 0 4 4 1 0.583435 0.000000 
13 3 116 0 0 2 2 0 0 3 3 1 0.732306 0.000000 
13 3 117 0 1 1 3 0 1 2 2 1 1.675923 0.000000 
13 3 118 1 2 2 5 2 1 3 3 1 0.676792 0.000000 
13 3 119 0 3 3 5 2 1 4 4 1 0.606356 0.000000 
13 3 120 0 2 0 0 1 0 1 1 1 0.682492 0.000000 
13 3 121 0 1 1 4 2 1 2 2 1 0.651969 0.000000 
13 3 122 0 5 3 3 1 2 4 4 1 0.502314 0.000000 
13 3 123 0 1 1 1 1 1 2 2 1 0.614466 0.000000 
13 3 124 1 3 3 1 0 1 4 4 1 0.570593 0.000000 
13 3 125 0 1 3 3 1 0 4 4 1 0.736160 0.000000 
13 3 126 0 1 3 4 2 0 4 4 1 0.822087 0.000000 
13 3 127 0 4 1 1 0 2 2 2 1 0.881715 0.000000 
13 3 128 0 1 3 3 0 0 4 4 1 0.611266 0.000000 
13 3 129 1 2 2 0 0 1 3 3 1 0.711497 0.000000 
13 3 130 0 2 0 0 1 0 1 1 1 0.567721 0.000000 
13 3 131 0 4 1 1 0 2 2 2 1 0.685263 0.000000 
13 3 132 0 2 0 0 1 0 1 1 1 0.654118 0.000000 
13 3 133 1 0 3 3 1 2 1 2 0 0.711296 0.000000 
13 3 134 0 0 0 2 0 1 1 1 1 0.691614 0.000000 
13 3 135 0 4 0 5 2 2 1 1 1 0.787955 0.000000 
13 3 136 0 3 3 5 2 1 4 4 1 0.544918 0.000000 
13 3 137 0 1 3 4 2 0 4 4 1 0.583725 0.000000 
13 3 138 0 5 2 1 0 2 3 3 1 0.988598 0.000000 
13 3 139 0 4 2 4 2 2 3 3 1 0.537645 0.000000 
13 3 140 1 2 0 4 2 0 3 1 0 1.207496 0.000000 
13 3 141 0 4 0 0 1 2 1 1 1 0.511863 0.000000 
13 3 142 0 5 3 3 1 2 4 4 1 0.503621 0.000000 
13 3 143 1 0 0 2 0 1 1 1 1 0.975703 0.000000 
13 3 144 1 2 0 4 2 0 3 3 1 1.061418 0.000000 
13 3 145 0 1 1 1 1 1 2 2 1 0.671793 0.000000 
13 3 146 0 1 3 3 0 0 4 4 1 0.457326 0.000000 
13 3 147 0 2 0 4 2 0 1 1 1 1.523466 0.000000 
13 3 148 1 3 2 1 0 2 4 4 1 0.867317 0.000000 
13 3 149 0 0 0 4 2 1 1 1 1 0.707999 0.000000 
13 3 150 1 1 3 3 0 2 2 4 0 0.564209 0.000000 
13 3 151 0 3 3 3 1 1 4 4 1 0.470429 0.000000 
13 3 152 0 2 0 5 2 0 1 2 0 0.639412 0.000000 
13 3 153 1 0 0 0 1 2 1 1 1 0.934274 0.000000 
13 3 154 0 0 2 4 2 0 3 3 1 0.836781 0.000000 
13 3 155 1 2 3 3 1 2 3 3 1 0.959702 0.000000 
13 3 156 1 3 3 1 2 1 4 4 1 0.581033 0.000000 
13 3 157 0 1 1 1 1 1 2 2 1 0.722604 0.000000 
13 3 158 0 0 0 2 0 1 1 1 1 0.626174 0.000000 
13 3 159 1 3 3 3 1 1 4 4 1 1.701768 0.000000 
13 3 160 0 0 0 4 2 1 1 1 1 0.622290 0.000000 
13 3 161 0 4 2 0 2 2 3 3 1 0.721840 0.000000 
13 3 162 1 1 3 3 0 2 2 2 1 0.873452 0.000000 
13 3 163 0 3 3 3 2 1 4 4 1 0.458040 0.000000 
13 3 164 0 5 2 4 2 2 3 2 0 0.828178 0.000000 
13 3 165 0 1 1 4 2 1 2 2 1 0.571837 0.000000 
13 3 166 0 5 3 3 1 2 4 4 1 0.520893 0.000000 
13 3 167 0 3 1 1 1 0 2 2 1 1.176351 0.000000 
13 3 168 0 5 2 1 0 2 3 3 1 0.654179 0.000000 
13 3 169 0 2 2 2 1 1 3 3 1 0.560313 0.000000 
13 3 170 0 3 3 3 1 1 4 4 1 0.478495 0.000000 
13 3 171 0 3 3 1 0 1 4 4 1 0.566921 0.000000 
13 3 172 0 2 2 0 0 1 3 3 1 0.636485 0.000000 
13 3 173 0 1 3 3 1 0 4 4 1 0.495333 0.000000 
13 3 174 0 1 3 4 2 0 4 4 1 0.576122 0.000000 
13 3 175 1 2 0 5 2 0 3 1 0 0.829642 0.000000 
13 3 176 0 5 0 1 0 2 1 1 1 0.645301 0.000000 
13 3 177 0 1 1 4 2 1 2 2 1 0.783695 0.000000 
13 3 178 0 5 0 1 0 2 1 1 1 0.643607 0.000000 
13 3 179 0 0 2 2 1 0 3 3 1 0.638512 0.000000 
13 3 180 0 2 2 2 1 1 3 3 1 0.505350 0.000000 
13 3 181 0 3 1 1 1 0 2 2 1 0.681474 0.000000 
13 3 182 0 3 1 1 1 0 2 2 1 0.635029 0.000000 
13 3 183 0 4 3 3 1 2 4 4 1 0.485934 0.000000 
13 3 184 1 3 0 1 0 2 4 3 0 1.094755 0.000000 
13 3 185 0 1 3 3 1 0 4 4 1 0.595558 0.000000 
13 3 186 0 5 0 1 0 2 1 1 1 0.816151 0.000000 
13 3 187 0 0 2 2 1 0 3 3 1 1.107084 0.000000 
13 3 188 0 1 1 3 0 1 2 2 1 0.619112 0.000000 
13 3 189 0 4 3 1 0 2 4 4 1 0.614636 0.000000 
13 3 190 1 3 1 4 2 0 4 4 1 0.874884 0.000000 
13 3 191 0 1 1 4 2 1 2 2 1 0.572462 0.000000 
13 3 192 1 1 1 3 0 1 2 2 1 0.530040 0.000000 
13 4 1 0 4 2 2 1 2 3 3 1 1.645671 0.000000 
13 4 2 0 5 1 4 2 2 2 2 1 0.825018 0.000000 
13 4 3 0 4 3 3 1 2 4 4 1 0.628650 0.000000 
13 4 4 0 0 0 2 0 1 1 1 1 0.559211 0.000000 
13 4 5 0 4 0 0 1 2 1 1 1 0.637367 0.000000 
13 4 6 0 5 3 3 1 2 4 4 1 0.488190 0.000000 
13 4 7 0 2 3 0 0 0 4 4 1 0.528960 0.000000 
13 4 8 0 1 2 2 1 0 3 2 0 0.624525 0.000000 
13 4 9 0 2 3 0 2 0 4 4 1 0.584086 0.000000 
13 4 10 0 0 0 0 1 1 1 2 0 0.940469 0.000000 
13 4 11 0 1 2 2 1 0 3 3 1 1.111238 0.000000 
13 4 12 0 0 1 1 1 0 2 2 1 0.950392 0.000000 
13 4 13 0 2 2 0 0 1 3 3 1 0.612694 0.000000 
13 4 14 0 2 3 4 2 0 4 4 1 0.600906 0.000000 
13 4 15 0 2 2 0 0 1 3 3 1 0.725055 0.000000 
13 4 16 0 1 1 4 2 1 2 2 1 0.692644 0.000000 
13 4 17 0 1 1 3 0 1 2 2 1 0.541537 0.000000 
13 4 18 0 5 2 5 2 2 3 3 1 0.740334 0.000000 
13 4 19 0 3 3 1 0 1 4 4 1 0.538238 0.000000 
13 4 20 0 1 1 1 1 1 2 2 1 0.649005 0.000000 
13 4 21 1 0 1 4 2 2 1 1 1 1.299905 0.000000 
13 4 22 0 5 1 5 2 2 2 2 1 0.572466 0.000000 
13 4 23 1 2 0 0 0 2 3 1 0 1.033976 0.000000 
13 4 24 0 0 1 0 2 0 2 2 1 0.889067 0.000000 
13 4 25 0 4 2 1 0 2 3 3 1 0.529455 0.000000 
13 4 26 0 0 0 2 0 1 1 2 0 0.817001 0.000000 
13 4 27 1 1 1 3 0 1 2 2 1 0.967680 0.000000 
13 4 28 1 3 2 1 2 2 4 4 1 1.348870 0.000000 
13 4 29 0 4 1 1 1 2 2 3 0 0.547907 0.000000 
13 4 30 0 3 3 5 2 1 4 4 1 0.590854 0.000000 
13 4 31 1 2 1 1 1 2 3 3 1 1.459207 0.000000 
13 4 32 1 3 0 4 2 0 4 4 1 1.317766 0.000000 
13 4 33 0 4 0 0 1 2 1 4 0 0.588559 0.000000 
13 4 34 0 3 3 1 0 1 4 4 1 0.517442 0.000000 
13 4 35 0 4 2 2 1 2 3 3 1 0.684470 0.000000 
13 4 36 0 0 0 4 2 1 1 1 1 0.741309 0.000000 
13 4 37 0 4 2 2 1 2 3 2 0 0.828262 0.000000 
13 4 38 1 1 2 2 1 2 2 2 1 0.731846 0.000000 
13 4 39 0 1 2 2 1 0 3 2 0 0.578905 0.000000 
13 4 40 0 2 2 2 1 1 3 3 1 0.700520 0.000000 
13 4 41 1 3 0 5 2 0 4 4 1 0.875261 0.000000 
13 4 42 0 3 3 1 0 1 4 4 1 0.836920 0.000000 
13 4 43 0 0 0 5 2 1 1 1 1 0.687860 0.000000 
13 4 44 1 3 1 4 2 2 4 4 1 0.744726 0.000000 
13 4 45 0 3 3 3 1 1 4 4 1 0.495655 0.000000 
13 4 46 0 1 2 2 1 0 3 3 1 0.832463 0.000000 
13 4 47 1 2 2 0 0 2 3 4 0 0.747947 0.000000 
13 4 48 0 3 3 3 1 1 4 4 1 0.485948 0.000000 
13 4 49 0 2 2 0 0 1 3 3 1 0.638285 0.000000 
13 4 50 0 1 2 4 2 0 3 3 1 0.521198 0.000000 
13 4 51 1 0 1 2 0 0 1 1 1 1.168731 0.000000 
13 4 52 0 3 3 1 0 1 4 4 1 0.574453 0.000000 
13 4 53 0 1 2 2 1 0 3 3 1 0.699965 0.000000 
13 4 54 0 2 2 4 2 1 3 3 1 0.580162 0.000000 
13 4 55 0 4 3 1 0 2 4 4 1 0.497689 0.000000 
13 4 56 0 1 1 3 0 1 2 2 1 0.953545 0.000000 
13 4 57 0 1 1 1 1 1 2 2 1 0.503835 0.000000 
13 4 58 0 5 0 1 0 2 1 1 1 0.759930 0.000000 
13 4 59 0 3 0 0 1 0 1 1 1 0.622245 0.000000 
13 4 60 0 0 0 1 2 1 1 1 1 0.465829 0.000000 
13 4 61 0 3 0 1 0 0 1 1 1 0.675877 0.000000 
13 4 62 0 3 0 0 1 0 1 1 1 0.549468 0.000000 
13 4 63 0 4 1 4 2 2 2 1 0 0.700073 0.000000 
13 4 64 0 3 0 0 1 0 1 1 1 0.486995 0.000000 
13 4 65 1 2 3 3 1 0 3 3 1 0.919866 0.000000 
13 4 66 0 3 0 1 0 0 1 1 1 0.983532 0.000000 
13 4 67 1 2 1 0 0 2 3 2 0 1.084545 0.000000 
13 4 68 0 5 2 4 2 2 3 3 1 0.593559 0.000000 
13 4 69 0 2 2 5 2 1 3 3 1 0.605974 0.000000 
13 4 70 0 2 3 3 1 0 4 4 1 0.506158 0.000000 
13 4 71 1 2 1 4 2 2 3 3 1 1.002303 0.000000 
13 4 72 0 2 3 0 0 0 4 4 1 0.885664 0.000000 
13 4 73 0 1 2 4 2 0 3 3 1 0.870603 0.000000 
13 4 74 1 1 1 1 1 1 2 2 1 0.816259 0.000000 
13 4 75 1 1 2 3 0 0 2 2 1 1.148111 0.000000 
13 4 76 0 2 3 0 0 0 4 4 1 0.698934 0.000000 
13 4 77 0 4 3 1 2 2 4 4 1 0.747882 0.000000 
13 4 78 0 0 1 2 2 0 2 2 1 0.842768 0.000000 
13 4 79 0 4 1 1 1 2 2 2 1 1.340765 0.000000 
13 4 80 0 2 2 0 0 1 3 3 1 0.675859 0.000000 
13 4 81 0 2 2 4 2 1 3 3 1 0.581413 0.000000 
13 4 82 1 1 2 3 0 0 2 2 1 0.874929 0.000000 
13 4 83 0 0 1 2 0 0 2 2 1 0.708579 0.000000 
13 4 84 0 5 1 1 0 2 2 2 1 0.588791 0.000000 
13 4 85 1 0 3 1 2 2 1 1 1 1.033666 0.000000 
13 4 86 0 0 1 2 0 0 2 2 1 1.675763 0.000000 
13 4 87 0 2 2 4 2 1 3 3 1 0.733611 0.000000 
13 4 88 0 2 3 0 0 0 4 4 1 0.588522 0.000000 
13 4 89 0 2 2 0 0 1 3 3 1 0.665385 0.000000 
13 4 90 0 5 0 4 2 2 1 1 1 0.643595 0.000000 
13 4 91 0 4 1 1 0 2 2 2 1 0.990494 0.000000 
13 4 92 0 5 0 0 1 2 1 1 1 0.635488 0.000000 
13 4 93 0 4 3 3 1 2 4 4 1 0.502360 0.000000 
13 4 94 0 0 0 4 2 1 1 1 1 0.765536 0.000000 
13 4 95 0 3 3 3 2 1 4 4 1 0.563696 0.000000 
13 4 96 1 3 0 1 0 2 4 1 0 1.513967 0.000000 
13 4 97 0 0 0 0 1 1 1 1 1 0.542506 0.000000 
13 4 98 0 3 3 3 1 1 4 4 1 0.476852 0.000000 
13 4 99 0 4 2 5 2 2 3 3 1 0.670349 0.000000 
13 4 100 1 2 3 0 0 0 3 4 0 0.575856 0.000000 
13 4 101 1 0 0 4 2 1 1 1 1 1.024387 0.000000 
13 4 102 0 3 3 1 0 1 4 4 1 0.739618 0.000000 
13 4 103 1 2 0 0 1 2 3 3 1 0.986541 0.000000 
13 4 104 0 2 3 3 1 0 4 4 1 0.471494 0.000000 
13 4 105 0 2 3 0 0 0 4 4 1 0.520983 0.000000 
13 4 106 0 0 1 1 1 0 2 2 1 0.872518 0.000000 
13 4 107 0 3 3 3 1 1 4 4 1 0.705956 0.000000 
13 4 108 0 1 2 3 0 0 3 3 1 1.496690 0.000000 
13 4 109 0 1 2 2 1 0 3 3 1 0.473890 0.000000 
13 4 110 0 0 0 2 0 1 1 1 1 1.059408 0.000000 
13 4 111 1 2 2 0 0 1 3 3 1 0.861731 0.000000 
13 4 112 0 5 2 1 0 2 3 3 1 0.592049 0.000000 
13 4 113 1 0 1 1 1 2 1 1 1 1.156901 0.000000 
13 4 114 0 2 2 2 1 1 3 3 1 0.571295 0.000000 
13 4 115 0 1 1 4 2 1 2 2 1 0.863854 0.000000 
13 4 116 1 2 3 5 2 0 3 3 1 0.763054 0.000000 
13 4 117 0 2 2 2 1 1 3 3 1 0.696368 0.000000 
13 4 118 1 2 2 5 2 1 3 3 1 0.561242 0.000000 
13 4 119 0 4 1 1 1 2 2 2 1 1.647486 0.000000 
13 4 120 1 3 3 3 1 1 4 4 1 0.882708 0.000000 
13 4 121 0 1 2 3 0 0 3 2 0 0.747910 0.000000 
13 4 122 0 2 3 4 2 0 4 4 1 0.646574 0.000000 
13 4 123 0 1 2 4 2 0 3 3 1 1.113013 0.000000 
13 4 124 1 3 1 4 2 2 4 4 1 0.696387 0.000000 
13 4 125 1 2 3 3 2 0 3 3 1 0.897265 0.000000 
13 4 126 0 5 1 1 1 2 2 2 1 0.714283 0.000000 
13 4 127 1 1 1 3 0 1 2 2 1 0.882481 0.000000 
13 4 128 0 3 3 1 0 1 4 4 1 0.539931 0.000000 
13 4 129 0 3 0 5 2 0 1 1 1 1.202310 0.000000 
13 4 130 0 5 1 5 2 2 2 2 1 1.341742 0.000000 
13 4 131 0 0 0 0 1 1 1 1 1 0.588876 0.000000 
13 4 132 0 5 3 3 1 2 4 4 1 0.609673 0.000000 
13 4 133 1 1 1 3 0 1 2 2 1 0.757873 0.000000 
13 4 134 1 1 2 4 2 0 2 2 1 0.708171 0.000000 
13 4 135 0 4 0 5 2 2 1 1 1 0.756339 0.000000 
13 4 136 0 2 3 0 0 0 4 4 1 0.626640 0.000000 
13 4 137 0 2 3 3 1 0 4 4 1 0.494172 0.000000 
13 4 138 1 1 2 4 2 2 2 2 1 0.590974 0.000000 
13 4 139 1 0 1 1 1 0 1 1 1 0.970801 0.000000 
13 4 140 0 5 2 1 0 2 3 2 0 0.904537 0.000000 
13 4 141 0 4 2 4 2 2 3 3 1 0.676854 0.000000 
13 4 142 0 3 3 5 2 1 4 4 1 0.541924 0.000000 
13 4 143 1 2 0 5 2 2 3 1 0 0.852710 0.000000 
13 4 144 0 2 2 5 2 1 3 3 1 0.619076 0.000000 
13 4 145 0 4 3 1 2 2 4 4 1 0.486111 0.000000 
13 4 146 0 3 3 1 0 1 4 4 1 0.485905 0.000000 
13 4 147 0 4 3 1 0 2 4 4 1 0.486738 0.000000 
13 4 148 0 5 2 1 2 2 3 3 1 0.615546 0.000000 
13 4 149 0 1 2 2 1 0 3 3 1 0.587690 0.000000 
13 4 150 0 5 2 2 1 2 3 3 1 0.504579 0.000000 
13 4 151 0 1 1 5 2 1 2 2 1 0.656733 0.000000 
13 4 152 0 5 3 1 0 2 4 4 1 0.458936 0.000000 
13 4 153 1 0 0 0 1 1 1 1 1 0.621023 0.000000 
13 4 154 0 3 3 1 0 1 4 4 1 0.488592 0.000000 
13 4 155 0 0 0 5 2 1 1 1 1 0.552430 0.000000 
13 4 156 1 3 3 1 0 1 4 4 1 0.462564 0.000000 
13 4 157 0 4 1 1 1 2 2 2 1 0.792740 0.000000 
13 4 158 0 5 2 4 2 2 3 4 0 0.493657 0.000000 
13 4 159 0 4 2 2 1 2 3 3 1 0.754496 0.000000 
13 4 160 0 0 1 5 2 0 2 1 0 0.608276 0.000000 
13 4 161 1 3 3 3 1 1 4 4 1 0.456407 0.000000 
13 4 162 0 3 0 4 2 0 1 1 1 0.881100 0.000000 
13 4 163 0 0 0 4 2 1 1 1 1 0.474756 0.000000 
13 4 164 1 1 2 3 0 0 2 2 1 1.116238 0.000000 
13 4 165 0 2 2 5 2 1 3 3 1 0.603944 0.000000 
13 4 166 0 5 1 1 1 2 2 2 1 0.584080 0.000000 
13 4 167 0 4 2 1 2 2 3 3 1 0.628991 0.000000 
13 4 168 0 3 0 1 0 0 1 4 0 0.528508 0.000000 
13 4 169 1 2 3 4 2 0 3 3 1 0.780058 0.000000 
13 4 170 0 5 1 1 1 2 2 2 1 0.592143 0.000000 
13 4 171 0 4 0 1 2 2 1 1 1 0.684990 0.000000 
13 4 172 1 3 0 0 1 2 4 4 1 0.685879 0.000000 
13 4 173 1 2 3 3 2 0 3 3 1 0.694743 0.000000 
13 4 174 0 3 0 1 0 0 1 1 1 1.847733 0.000000 
13 4 175 1 1 1 5 2 1 2 2 1 0.770966 0.000000 
13 4 176 1 3 3 3 1 2 4 4 1 0.528593 0.000000 
13 4 177 0 0 1 2 0 0 2 3 0 0.950993 0.000000 
13 4 178 0 2 3 0 0 0 4 3 0 0.681417 0.000000 
13 4 179 0 3 0 0 1 0 1 1 1 0.598563 0.000000 
13 4 180 0 5 3 1 0 2 4 4 1 0.610875 0.000000 
13 4 181 1 2 3 3 1 0 3 3 1 1.063080 0.000000 
13 4 182 0 2 2 0 0 1 3 3 1 0.753480 0.000000 
13 4 183 1 0 1 2 0 0 1 2 0 0.935733 0.000000 
13 4 184 1 1 1 3 0 1 2 2 1 0.858774 0.000000 
13 4 185 0 4 2 2 1 2 3 3 1 0.603577 0.000000 
13 4 186 1 3 3 3 1 1 4 4 1 0.527740 0.000000 
13 4 187 0 2 3 3 1 0 4 4 1 0.807267 0.000000 
13 4 188 0 3 3 1 0 1 4 4 1 0.635467 0.000000 
13 4 189 0 0 1 2 0 0 2 2 1 0.790364 0.000000 
13 4 190 0 0 1 2 0 0 2 2 1 0.571336 0.000000 
13 4 191 0 2 3 4 2 0 4 4 1 0.560823 0.000000 
13 4 192 0 1 2 2 1 0 3 3 1 0.733935 0.000000 
13 5 1 0 4 3 1 0 2 4 4 1 1.285500 0.000000 
13 5 2 0 5 1 4 2 2 2 2 1 0.758053 0.000000 
13 5 3 0 1 1 3 0 1 2 2 1 0.740341 0.000000 
13 5 4 1 3 2 4 2 2 4 4 1 0.995289 0.000000 
13 5 5 0 4 3 3 1 2 4 4 1 0.464200 0.000000 
13 5 6 0 1 3 4 2 0 4 4 1 0.578426 0.000000 
13 5 7 0 1 3 0 2 0 4 4 1 0.446881 0.000000 
13 5 8 1 3 1 5 2 0 4 3 0 0.833700 0.000000 
13 5 9 0 4 0 4 2 2 1 2 0 0.592678 0.000000 
13 5 10 0 5 2 1 0 2 3 3 1 0.681082 0.000000 
13 5 11 0 2 0 2 2 0 1 1 1 0.706048 0.000000 
13 5 12 0 0 2 2 1 0 3 3 1 0.946350 0.000000 
13 5 13 0 3 1 1 1 0 2 2 1 0.729399 0.000000 
13 5 14 0 2 0 0 1 0 1 4 0 0.575870 0.000000 
13 5 15 0 2 2 0 0 1 3 3 1 0.673223 0.000000 
13 5 16 0 1 1 1 1 1 2 2 1 0.626552 0.000000 
13 5 17 0 1 3 3 1 0 4 4 1 0.606018 0.000000 
13 5 18 0 5 0 1 0 2 1 1 1 0.794269 0.000000 
13 5 19 1 2 3 0 0 2 3 3 1 1.623216 0.000000 
13 5 20 0 3 1 1 1 0 2 2 1 1.467180 0.000000 
13 5 21 0 3 1 1 1 0 2 2 1 0.507955 0.000000 
13 5 22 1 1 1 1 1 2 2 2 1 0.700149 0.000000 
13 5 23 0 2 0 0 2 0 1 1 1 0.828379 0.000000 
13 5 24 0 5 0 0 1 2 1 1 1 0.631985 0.000000 
13 5 25 0 0 2 2 1 0 3 3 1 0.651551 0.000000 
13 5 26 0 0 2 2 2 0 3 3 1 0.461695 0.000000 
13 5 27 0 4 1 1 0 2 2 1 0 0.679856 0.000000 
13 5 28 0 0 0 2 0 1 1 1 1 0.637441 0.000000 
13 5 29 0 3 1 1 2 0 2 2 1 1.190865 0.000000 
13 5 30 0 5 1 1 1 2 2 2 1 0.483936 0.000000 
13 5 31 0 1 3 3 1 0 4 4 1 2.020833 0.000000 
13 5 32 0 5 1 1 1 2 2 2 1 0.616822 0.000000 
13 5 33 0 4 2 1 0 2 3 3 1 0.820331 0.000000 
13 5 34 0 1 1 1 2 1 2 2 1 0.503978 0.000000 
13 5 35 1 1 3 3 1 0 2 2 1 1.000146 0.000000 
13 5 36 0 5 0 4 2 2 1 1 1 0.612451 0.000000 
13 5 37 1 0 3 3 1 2 1 1 1 0.639671 0.000000 
13 5 38 1 0 2 2 1 0 1 1 1 0.650535 0.000000 
13 5 39 0 3 3 1 0 1 4 4 1 0.636703 0.000000 
13 5 40 0 2 0 0 0 0 1 1 1 0.623613 0.000000 
13 5 41 0 0 0 5 2 1 1 1 1 0.475139 0.000000 
13 5 42 0 2 2 1 2 1 3 3 1 0.700629 0.000000 
13 5 43 0 3 1 1 0 0 2 1 0 0.724815 0.000000 
13 5 44 0 0 2 2 1 0 3 3 1 0.775444 0.000000 
13 5 45 0 4 1 1 1 2 2 2 1 0.524549 0.000000 
13 5 46 0 0 0 0 1 1 1 1 1 0.532009 0.000000 
13 5 47 0 4 3 1 0 2 4 4 1 0.787553 0.000000 
13 5 48 0 5 1 3 2 2 2 2 1 0.720503 0.000000 
13 5 49 1 2 2 4 2 1 3 3 1 0.656021 0.000000 
13 5 50 1 2 2 0 0 1 3 3 1 0.522218 0.000000 
13 5 51 0 4 1 2 2 2 2 3 0 0.649742 0.000000 
13 5 52 0 2 0 5 2 0 1 1 1 0.695146 0.000000 
13 5 53 1 0 3 2 0 2 1 4 0 0.808029 0.000000 
13 5 54 1 1 3 3 0 0 2 2 1 1.512393 0.000000 
13 5 55 0 1 1 3 0 1 2 2 1 0.672406 0.000000 
13 5 56 0 1 1 5 2 1 2 2 1 0.473965 0.000000 
13 5 57 1 0 0 0 1 2 1 1 1 0.587433 0.000000 
13 5 58 1 1 1 3 0 2 2 2 1 0.592253 0.000000 
13 5 59 1 0 2 4 2 0 1 1 1 0.661120 0.000000 
13 5 60 0 1 1 1 1 1 2 2 1 0.550339 0.000000 
13 5 61 1 0 1 5 2 2 1 1 1 0.556498 0.000000 
13 5 62 1 1 3 3 0 2 2 2 1 0.570616 0.000000 
13 5 63 0 2 2 0 0 1 3 3 1 0.736191 0.000000 
13 5 64 0 5 1 1 1 2 2 3 0 0.519066 0.000000 
13 5 65 1 1 1 1 1 1 2 2 1 0.594562 0.000000 
13 5 66 0 0 2 4 2 0 3 3 1 0.663009 0.000000 
13 5 67 0 4 0 0 2 2 1 1 1 0.665191 0.000000 
13 5 68 0 5 3 4 2 2 4 4 1 1.810437 0.000000 
13 5 69 0 3 3 4 2 1 4 4 1 0.471061 0.000000 
13 5 70 0 1 1 1 1 1 2 2 1 0.624559 0.000000 
13 5 71 0 3 3 1 0 1 4 4 1 0.548029 0.000000 
13 5 72 0 0 2 0 2 0 3 2 0 0.674881 0.000000 
13 5 73 0 4 3 1 0 2 4 4 1 0.504490 0.000000 
13 5 74 0 0 2 2 0 0 3 2 0 0.847198 0.000000 
13 5 75 0 0 0 4 2 1 1 1 1 0.622146 0.000000 
13 5 76 0 0 0 2 0 1 1 1 1 0.481161 0.000000 
13 5 77 0 0 2 2 0 0 3 3 1 0.890674 0.000000 
13 5 78 0 1 1 3 0 1 2 3 0 0.683580 0.000000 
13 5 79 0 4 2 1 0 2 3 3 1 0.696551 0.000000 
13 5 80 0 5 2 5 2 2 3 3 1 0.576957 0.000000 
13 5 81 1 1 3 3 0 0 2 2 1 0.782482 0.000000 
13 5 82 0 1 1 3 0 1 2 2 1 0.546861 0.000000 
13 5 83 0 1 3 4 2 0 4 4 1 0.849902 0.000000 
13 5 84 1 3 1 1 0 0 4 4 1 0.740116 0.000000 
13 5 85 0 0 2 5 2 0 3 3 1 0.787065 0.000000 
13 5 86 1 1 3 3 0 0 2 2 1 0.751955 0.000000 
13 5 87 0 2 2 0 0 1 3 4 0 0.606247 0.000000 
13 5 88 0 3 3 1 0 1 4 4 1 0.582481 0.000000 
13 5 89 0 3 3 0 2 1 4 4 1 0.499458 0.000000 
13 5 90 0 5 3 1 0 2 4 4 1 0.499092 0.000000 
13 5 91 0 3 1 1 1 0 2 2 1 1.043478 0.000000 
13 5 92 0 5 2 1 0 2 3 3 1 0.662527 0.000000 
13 5 93 0 4 3 1 0 2 4 4 1 0.504719 0.000000 
13 5 94 0 2 0 0 1 0 1 1 1 0.784881 0.000000 
13 5 95 0 0 0 0 1 1 1 1 1 0.469802 0.000000 
13 5 96 1 0 0 2 0 1 1 1 1 0.919242 0.000000 
13 5 97 1 2 0 0 2 0 3 3 1 0.718910 0.000000 
13 5 98 1 2 0 0 0 0 3 3 1 0.589471 0.000000 
13 5 99 0 4 0 1 0 2 1 1 1 0.914374 0.000000 
13 5 100 0 0 0 0 1 1 1 1 1 0.578654 0.000000 
13 5 101 1 1 1 4 2 1 2 2 1 0.648159 0.000000 
13 5 102 0 5 3 3 1 2 4 4 1 0.602985 0.000000 
13 5 103 1 1 1 1 1 1 2 2 1 0.855171 0.000000 
13 5 104 0 2 0 0 1 0 1 3 0 0.761522 0.000000 
13 5 105 0 2 2 5 2 1 3 3 1 0.619798 0.000000 
13 5 106 1 1 3 4 2 0 2 2 1 1.429879 0.000000 
13 5 107 0 4 2 1 0 2 3 3 1 0.657692 0.000000 
13 5 108 0 0 2 4 2 0 3 3 1 0.755866 0.000000 
13 5 109 0 4 2 1 0 2 3 3 1 0.530131 0.000000 
13 5 110 1 1 3 3 0 0 2 3 0 0.665631 0.000000 
13 5 111 0 2 0 0 1 0 1 1 1 0.671886 0.000000 
13 5 112 0 0 2 5 2 0 3 3 1 0.584918 0.000000 
13 5 113 0 1 1 3 0 1 2 2 1 0.604767 0.000000 
13 5 114 0 1 1 5 2 1 2 2 1 0.528946 0.000000 
13 5 115 0 2 0 0 1 0 1 1 1 0.936475 0.000000 
13 5 116 0 3 3 3 1 1 4 4 1 0.527460 0.000000 
13 5 117 0 4 2 1 0 2 3 3 1 0.558964 0.000000 
13 5 118 0 0 2 2 0 0 3 3 1 0.477141 0.000000 
13 5 119 0 4 2 1 2 2 3 3 1 0.534559 0.000000 
13 5 120 1 3 3 3 1 1 4 4 1 0.509363 0.000000 
13 5 121 0 4 0 1 0 2 1 1 1 0.724567 0.000000 
13 5 122 0 2 0 0 1 0 1 1 1 0.652159 0.000000 
13 5 123 1 3 3 1 0 1 4 4 1 0.702326 0.000000 
13 5 124 0 2 2 4 2 1 3 3 1 0.646525 0.000000 
13 5 125 0 1 3 3 1 0 4 4 1 0.633407 0.000000 
13 5 126 1 1 1 5 2 1 2 3 0 0.596340 0.000000 
13 5 127 0 4 1 4 2 2 2 3 0 0.620969 0.000000 
13 5 128 1 0 2 2 1 0 1 1 1 0.836290 0.000000 
13 5 129 0 3 1 1 0 0 2 2 1 0.909732 0.000000 
13 5 130 0 2 2 2 1 1 3 3 1 0.574055 0.000000 
13 5 131 1 3 3 4 2 1 4 4 1 0.675560 0.000000 
13 5 132 0 0 0 2 0 1 1 1 1 0.749151 0.000000 
13 5 133 0 1 1 1 1 1 2 2 1 0.683950 0.000000 
13 5 134 0 0 0 2 0 1 1 1 1 0.628935 0.000000 
13 5 135 0 3 3 3 1 1 4 4 1 0.512456 0.000000 
13 5 136 0 2 2 2 1 1 3 3 1 0.568607 0.000000 
13 5 137 0 2 2 4 2 1 3 3 1 0.637074 0.000000 
13 5 138 0 3 3 1 0 1 4 4 1 0.535979 0.000000 
13 5 139 0 4 1 4 2 2 2 2 1 0.726842 0.000000 
13 5 140 0 5 3 1 0 2 4 4 1 0.654353 0.000000 
13 5 141 0 2 2 0 0 1 3 3 1 0.608595 0.000000 
13 5 142 0 3 3 5 2 1 4 4 1 0.572746 0.000000 
13 5 143 0 0 2 2 1 0 3 1 0 1.090359 0.000000 
13 5 144 1 3 0 1 0 2 4 4 1 1.303420 0.000000 
13 5 145 0 0 2 2 1 0 3 3 1 0.694394 0.000000 
13 5 146 0 5 1 1 0 2 2 2 1 0.951242 0.000000 
13 5 147 1 1 1 1 1 1 2 2 1 0.701597 0.000000 
13 5 148 1 1 1 4 2 1 2 2 1 0.541814 0.000000 
13 5 149 0 4 1 1 0 2 2 2 1 0.508667 0.000000 
13 5 150 0 1 3 3 1 0 4 4 1 0.564779 0.000000 
13 5 151 1 1 3 3 1 0 2 4 0 0.426969 0.000000 
13 5 152 1 2 0 0 1 0 3 3 1 0.889413 0.000000 
13 5 153 0 4 0 4 2 2 1 1 1 0.729954 0.000000 
13 5 154 0 1 3 3 1 0 4 4 1 0.697542 0.000000 
13 5 155 0 0 0 4 2 1 1 1 1 0.682427 0.000000 
13 5 156 0 5 1 1 2 2 2 2 1 0.723942 0.000000 
13 5 157 0 3 1 4 2 0 2 2 1 0.595519 0.000000 
13 5 158 0 5 0 4 2 2 1 1 1 0.696392 0.000000 
13 5 159 0 4 3 5 2 2 4 4 1 0.617242 0.000000 
13 5 160 1 3 3 3 1 2 4 4 1 0.780790 0.000000 
13 5 161 0 4 3 4 2 2 4 4 1 0.473344 0.000000 
13 5 162 0 5 1 1 1 2 2 2 1 0.602869 0.000000 
13 5 163 1 3 3 1 0 1 4 4 1 0.647017 0.000000 
13 5 164 0 2 2 2 1 1 3 3 1 0.569913 0.000000 
13 5 165 1 0 3 5 2 2 1 1 1 0.743445 0.000000 
13 5 166 0 0 2 2 1 0 3 3 1 0.918378 0.000000 
13 5 167 1 0 2 5 2 0 1 3 0 1.126001 0.000000 
13 5 168 1 2 2 4 2 1 3 3 1 0.728718 0.000000 
13 5 169 1 3 3 5 2 1 4 4 1 0.591821 0.000000 
13 5 170 0 2 0 0 0 0 1 1 1 0.556671 0.000000 
13 5 171 0 4 1 5 2 2 2 3 0 0.770907 0.000000 
13 5 172 1 3 1 1 0 2 4 4 1 0.764476 0.000000 
13 5 173 0 3 1 1 1 0 2 2 1 1.194232 0.000000 
13 5 174 0 5 0 4 2 2 1 1 1 0.711356 0.000000 
13 5 175 0 0 0 4 2 1 1 1 1 0.511507 0.000000 
13 5 176 1 3 1 1 0 0 4 4 1 1.054667 0.000000 
13 5 177 0 4 0 1 0 2 1 1 1 1.097129 0.000000 
13 5 178 0 3 1 1 1 0 2 2 1 0.706173 0.000000 
13 5 179 0 2 2 0 2 1 3 3 1 0.610357 0.000000 
13 5 180 0 5 2 1 0 2 3 3 1 0.550589 0.000000 
13 5 181 0 3 1 1 1 0 2 2 1 0.884747 0.000000 
13 5 182 1 2 2 2 1 1 3 3 1 0.701684 0.000000 
13 5 183 0 2 2 4 2 1 3 3 1 0.533916 0.000000 
13 5 184 0 5 2 2 1 2 3 3 1 0.507780 0.000000 
13 5 185 0 1 3 3 1 0 4 4 1 0.667924 0.000000 
13 5 186 0 5 2 5 2 2 3 3 1 0.557457 0.000000 
13 5 187 0 4 2 2 1 2 3 3 1 0.491598 0.000000 
13 5 188 0 5 0 0 1 2 1 1 1 0.540456 0.000000 
13 5 189 0 3 3 1 0 1 4 4 1 0.619289 0.000000 
13 5 190 1 0 2 2 1 0 1 1 1 0.782829 0.000000 
13 5 191 1 2 2 0 0 1 3 3 1 0.643945 0.000000 
13 5 192 0 1 1 1 1 1 2 2 1 0.605613 0.000000 
13 6 1 0 4 0 0 1 2 1 1 1 0.973632 0.000000 
13 6 2 0 0 0 4 2 1 1 1 1 0.555385 0.000000 
13 6 3 0 4 3 3 1 2 4 4 1 0.513577 0.000000 
13 6 4 0 3 3 4 2 1 4 4 1 0.537734 0.000000 
13 6 5 1 0 1 3 0 2 1 1 1 1.024568 0.000000 
13 6 6 1 2 2 1 0 1 3 3 1 0.692246 0.000000 
13 6 7 1 3 3 4 2 1 4 4 1 0.516123 0.000000 
13 6 8 0 2 2 5 2 1 3 3 1 0.540066 0.000000 
13 6 9 1 3 3 4 2 1 4 4 1 0.474401 0.000000 
13 6 10 0 1 2 2 1 0 3 3 1 0.739947 0.000000 
13 6 11 0 4 0 5 2 2 1 1 1 0.674799 0.000000 
13 6 12 0 0 0 3 0 1 1 1 1 0.636414 0.000000 
13 6 13 0 4 1 4 2 2 2 2 1 0.726383 0.000000 
13 6 14 0 5 0 0 2 2 1 1 1 0.525823 0.000000 
13 6 15 1 1 2 4 2 0 2 3 0 0.989339 0.000000 
13 6 16 0 0 0 5 2 1 1 1 1 0.582368 0.000000 
13 6 17 1 0 1 5 2 0 1 2 0 0.683312 0.000000 
13 6 18 0 0 1 1 1 0 2 2 1 0.872327 0.000000 
13 6 19 0 0 1 1 1 0 2 2 1 0.505452 0.000000 
13 6 20 0 3 0 1 2 0 1 1 1 1.137591 0.000000 
13 6 21 0 2 3 1 0 0 4 4 1 0.504675 0.000000 
13 6 22 0 3 0 2 0 0 1 1 1 0.687830 0.000000 
13 6 23 0 4 0 0 1 2 1 1 1 0.608751 0.000000 
13 6 24 1 3 3 2 0 2 4 4 1 0.628917 0.000000 
13 6 25 1 3 3 3 1 1 4 4 1 0.440404 0.000000 
13 6 26 0 5 0 0 1 2 1 1 1 0.563247 0.000000 
13 6 27 0 4 2 2 1 2 3 3 1 0.737403 0.000000 
13 6 28 0 1 2 2 1 0 3 3 1 0.768339 0.000000 
13 6 29 0 4 3 3 1 2 4 4 1 0.477963 0.000000 
13 6 30 0 1 1 1 2 1 2 2 1 0.558374 0.000000 
13 6 31 0 1 1 1 1 1 2 2 1 0.468555 0.000000 
13 6 32 0 1 1 0 0 1 2 2 1 0.445883 0.000000 
13 6 33 0 3 0 4 2 0 1 1 1 0.784825 0.000000 
13 6 34 0 2 3 1 0 0 4 4 1 0.645735 0.000000 
13 6 35 0 4 0 0 1 2 1 1 1 0.496626 0.000000 
13 6 36 0 3 3 3 1 1 4 4 1 0.529305 0.000000 
13 6 37 0 4 0 0 1 2 1 1 1 0.488919 0.000000 
13 6 38 0 3 0 4 2 0 1 1 1 0.680676 0.000000 
13 6 39 0 2 3 3 1 0 4 4 1 0.482250 0.000000 
13 6 40 0 2 3 4 2 0 4 4 1 0.579694 0.000000 
13 6 41 1 0 1 3 0 2 1 1 1 0.985266 0.000000 
13 6 42 0 1 1 1 2 1 2 2 1 0.702231 0.000000 
13 6 43 0 0 1 1 1 0 2 2 1 0.686527 0.000000 
13 6 44 0 3 0 2 2 0 1 1 1 0.807394 0.000000 
13 6 45 0 0 1 4 2 0 2 2 1 0.642731 0.000000 
13 6 46 1 3 3 2 0 1 4 4 1 0.885500 0.000000 
13 6 47 0 4 3 2 0 2 4 4 1 0.614495 0.000000 
13 6 48 0 5 1 3 2 2 2 2 1 0.690710 0.000000 
13 6 49 0 1 2 2 1 0 3 3 1 0.779542 0.000000 
13 6 50 0 1 2 2 1 0 3 3 1 0.489132 0.000000 
13 6 51 0 4 0 2 0 2 1 1 1 0.689941 0.000000 
13 6 52 1 0 1 1 1 0 1 1 1 0.762891 0.000000 
13 6 53 0 3 3 2 0 1 4 4 1 0.553124 0.000000 
13 6 54 0 5 1 2 0 2 2 2 1 0.927322 0.000000 
13 6 55 0 2 2 4 2 1 3 3 1 0.565941 0.000000 
13 6 56 0 5 2 2 0 2 3 3 1 0.499891 0.000000 
13 6 57 0 4 0 4 2 2 1 1 1 0.604097 0.000000 
13 6 58 0 1 2 0 0 0 3 3 1 0.743748 0.000000 
13 6 59 0 0 1 1 1 0 2 2 1 0.838680 0.000000 
13 6 60 0 2 3 3 1 0 4 4 1 0.553654 0.000000 
13 6 61 0 2 2 4 2 1 3 3 1 0.671826 0.000000 
13 6 62 1 3 3 4 2 1 4 4 1 0.520395 0.000000 
13 6 63 0 4 2 2 1 2 3 3 1 1.143851 0.000000 
13 6 64 0 5 3 3 1 2 4 4 1 0.542902 0.000000 
13 6 65 1 0 0 5 2 1 1 1 1 0.613722 0.000000 
13 6 66 0 2 2 1 0 1 3 3 1 0.633968 0.000000 
13 6 67 0 3 3 4 2 1 4 4 1 0.532856 0.000000 
13 6 68 1 0 0 5 2 1 1 1 1 0.588144 0.000000 
13 6 69 1 3 3 5 2 1 4 4 1 0.568491 0.000000 
13 6 70 0 1 1 0 0 1 2 3 0 0.630017 0.000000 
13 6 71 0 4 2 2 1 2 3 3 1 0.596597 0.000000 
13 6 72 0 2 3 4 2 0 4 4 1 0.624947 0.000000 
13 6 73 1 3 0 4 2 0 4 1 0 0.724447 0.000000 
13 6 74 1 0 0 0 1 1 1 1 1 0.672089 0.000000 
13 6 75 0 4 2 2 1 2 3 3 1 0.697158 0.000000 
13 6 76 0 5 2 2 0 2 3 3 1 0.497984 0.000000 
13 6 77 0 4 1 2 0 2 2 3 0 0.514854 0.000000 
13 6 78 0 0 1 1 1 0 2 2 1 0.718030 0.000000 
13 6 79 1 2 1 4 2 2 3 3 1 0.981066 0.000000 
13 6 80 0 5 0 2 0 2 1 1 1 0.602729 0.000000 
13 6 81 0 0 0 0 1 1 1 1 1 0.510994 0.000000 
13 6 82 0 5 0 0 1 2 1 1 1 0.447105 0.000000 
13 6 83 1 2 2 4 2 2 3 3 1 0.633848 0.000000 
13 6 84 0 2 2 2 1 1 3 3 1 0.492758 0.000000 
13 6 85 1 0 0 3 0 1 1 2 0 1.117602 0.000000 
13 6 86 0 2 2 2 1 1 3 3 1 0.536345 0.000000 
13 6 87 1 2 3 3 1 2 3 4 0 0.534670 0.000000 
13 6 88 1 3 2 2 1 2 4 4 1 1.249582 0.000000 
13 6 89 0 1 1 1 1 1 2 2 1 0.732023 0.000000 
13 6 90 0 0 1 3 0 0 2 2 1 1.003095 0.000000 
13 6 91 1 3 0 0 1 0 4 4 1 0.791407 0.000000 
13 6 92 0 1 1 1 1 1 2 2 1 0.571396 0.000000 
13 6 93 0 0 1 1 1 0 2 2 1 0.736853 0.000000 
13 6 94 0 1 1 1 1 1 2 2 1 0.423774 0.000000 
13 6 95 0 0 0 0 1 1 1 1 1 0.587243 0.000000 
13 6 96 1 3 3 4 2 2 4 4 1 0.552097 0.000000 
13 6 97 0 2 3 1 0 0 4 3 0 0.806231 0.000000 
13 6 98 0 0 1 3 0 0 2 2 1 1.038541 0.000000 
13 6 99 1 2 0 1 0 2 3 3 1 0.729116 0.000000 
13 6 100 0 5 0 5 2 2 1 3 0 0.552704 0.000000 
13 6 101 0 2 3 4 2 0 4 4 1 0.537632 0.000000 
13 6 102 1 2 2 4 2 1 3 3 1 0.792233 0.000000 
13 6 103 1 0 1 3 0 0 1 2 0 1.029109 0.000000 
13 6 104 1 3 0 0 1 0 4 4 1 1.332925 0.000000 
13 6 105 0 4 0 4 2 2 1 1 1 0.652046 0.000000 
13 6 106 0 1 2 2 1 0 3 3 1 0.677696 0.000000 
13 6 107 0 4 2 2 0 2 3 3 1 0.447318 0.000000 
13 6 108 0 1 1 1 1 1 2 2 1 0.625058 0.000000 
13 6 109 1 3 3 2 0 1 4 4 1 0.604627 0.000000 
13 6 110 0 5 2 2 0 2 3 3 1 0.680826 0.000000 
13 6 111 0 0 0 0 1 1 1 1 1 0.602410 0.000000 
13 6 112 1 1 2 2 1 0 2 2 1 0.838484 0.000000 
13 6 113 1 2 3 1 0 0 3 3 1 0.841505 0.000000 
13 6 114 0 5 3 3 1 2 4 4 1 0.468467 0.000000 
13 6 115 1 0 0 0 2 1 1 1 1 0.548990 0.000000 
13 6 116 1 3 3 2 0 2 4 4 1 0.691747 0.000000 
13 6 117 1 2 2 2 1 1 3 3 1 0.676633 0.000000 
13 6 118 0 5 0 5 2 2 1 1 1 0.710241 0.000000 
13 6 119 0 0 1 4 2 0 2 2 1 0.622473 0.000000 
13 6 120 1 2 2 1 0 1 3 3 1 0.673955 0.000000 
13 6 121 0 1 2 0 0 0 3 3 1 0.883522 0.000000 
13 6 122 0 2 2 1 0 1 3 3 1 0.572471 0.000000 
13 6 123 0 2 2 1 0 1 3 3 1 0.537953 0.000000 
13 6 124 0 5 1 1 1 2 2 2 1 0.592857 0.000000 
13 6 125 1 0 0 3 2 1 1 1 1 0.588637 0.000000 
13 6 126 0 1 2 4 2 0 3 3 1 0.489533 0.000000 
13 6 127 0 0 1 1 1 0 2 2 1 0.594314 0.000000 
13 6 128 1 0 1 3 0 0 1 1 1 0.799167 0.000000 
13 6 129 0 0 1 1 1 0 2 2 1 0.603970 0.000000 
13 6 130 0 2 2 2 2 1 3 3 1 0.480314 0.000000 
13 6 131 1 1 2 4 2 0 2 2 1 0.617776 0.000000 
13 6 132 0 1 1 0 0 1 2 2 1 0.668270 0.000000 
13 6 133 0 1 2 0 0 0 3 2 0 0.469821 0.000000 
13 6 134 1 2 3 3 1 0 3 4 0 0.499362 0.000000 
13 6 135 0 3 0 0 1 0 1 1 1 1.103752 0.000000 
13 6 136 0 5 2 2 1 2 3 4 0 0.607641 0.000000 
13 6 137 0 4 3 5 2 2 4 4 1 0.863872 0.000000 
13 6 138 0 3 0 4 2 0 1 1 1 1.097696 0.000000 
13 6 139 1 2 2 2 1 1 3 3 1 0.602673 0.000000 
13 6 140 0 2 3 1 2 0 4 4 1 0.653899 0.000000 
13 6 141 0 4 3 5 2 2 4 4 1 0.496050 0.000000 
13 6 142 0 5 1 5 2 2 2 2 1 0.712946 0.000000 
13 6 143 0 3 0 2 0 0 1 1 1 0.705058 0.000000 
13 6 144 0 3 0 0 1 0 1 1 1 0.849342 0.000000 
13 6 145 0 4 0 2 0 2 1 1 1 0.596147 0.000000 
13 6 146 0 5 1 1 2 2 2 2 1 0.816563 0.000000 
13 6 147 0 3 3 3 1 1 4 4 1 0.539087 0.000000 
13 6 148 1 0 0 3 0 1 1 1 1 0.617967 0.000000 
13 6 149 0 0 0 0 1 1 1 1 1 0.549459 0.000000 
13 6 150 0 1 2 3 2 0 3 3 1 0.772147 0.000000 
13 6 151 0 1 1 1 1 1 2 2 1 0.545279 0.000000 
13 6 152 0 5 2 2 0 2 3 1 0 1.104073 0.000000 
13 6 153 0 2 2 2 1 1 3 3 1 0.580249 0.000000 
13 6 154 0 1 1 0 0 1 2 2 1 0.977549 0.000000 
13 6 155 0 1 2 0 0 0 3 3 1 0.687203 0.000000 
13 6 156 1 0 0 3 0 1 1 1 1 0.687042 0.000000 
13 6 157 0 4 1 4 2 2 2 2 1 0.703988 0.000000 
13 6 158 0 5 1 1 1 2 2 2 1 0.544232 0.000000 
13 6 159 0 1 1 4 2 1 2 2 1 0.494950 0.000000 
13 6 160 1 2 2 4 2 1 3 3 1 0.623831 0.000000 
13 6 161 0 4 1 2 0 2 2 3 0 0.515407 0.000000 
13 6 162 1 2 2 5 2 1 3 3 1 0.711570 0.000000 
13 6 163 0 2 3 3 1 0 4 4 1 0.470257 0.000000 
13 6 164 0 5 3 5 2 2 4 4 1 0.535747 0.000000 
13 6 165 0 0 0 3 0 1 1 1 1 0.582563 0.000000 
13 6 166 0 5 1 2 0 2 2 2 1 0.659993 0.000000 
13 6 167 0 3 0 2 0 0 1 1 1 0.838360 0.000000 
13 6 168 0 0 1 3 0 0 2 2 1 0.553307 0.000000 
13 6 169 0 3 3 4 2 1 4 4 1 0.479438 0.000000 
13 6 170 0 1 2 4 2 0 3 3 1 0.928943 0.000000 
13 6 171 0 4 3 2 0 2 4 4 1 0.463518 0.000000 
13 6 172 0 0 1 3 0 0 2 1 0 0.521728 0.000000 
13 6 173 0 4 0 2 0 2 1 1 1 0.732993 0.000000 
13 6 174 0 5 1 2 0 2 2 2 1 0.676138 0.000000 
13 6 175 0 3 3 2 0 1 4 4 1 0.525153 0.000000 
13 6 176 0 5 3 2 0 2 4 4 1 0.444699 0.000000 
13 6 177 0 4 3 2 0 2 4 4 1 0.463503 0.000000 
13 6 178 0 5 3 2 0 2 4 4 1 0.425608 0.000000 
13 6 179 0 4 2 2 1 2 3 3 1 0.940993 0.000000 
13 6 180 0 5 3 2 0 2 4 4 1 0.602966 0.000000 
13 6 181 0 0 1 1 1 0 2 2 1 0.759280 0.000000 
13 6 182 1 2 2 4 2 1 3 3 1 0.725477 0.000000 
13 6 183 0 0 0 4 2 1 1 1 1 0.724994 0.000000 
13 6 184 0 3 0 2 0 0 1 1 1 0.564661 0.000000 
13 6 185 1 3 0 4 2 0 4 4 1 1.034813 0.000000 
13 6 186 0 5 2 2 0 2 3 3 1 0.677813 0.000000 
13 6 187 0 0 1 2 2 0 2 1 0 0.671404 0.000000 
13 6 188 0 3 0 0 1 0 1 1 1 0.651962 0.000000 
13 6 189 0 3 0 2 0 0 1 1 1 0.581702 0.000000 
13 6 190 1 3 3 2 0 1 4 4 1 0.635210 0.000000 
13 6 191 0 3 3 4 2 1 4 4 1 0.462069 0.000000 
13 6 192 1 3 2 4 2 2 4 4 1 1.096225 0.000000 
