9 1 1 0 1 1 1 1 1 2 2 1 2.397839 0.000000 
9 1 2 0 5 1 0 2 2 2 2 1 0.986817 0.000000 
9 1 3 0 4 0 0 2 2 1 1 1 1.031123 0.000000 
9 1 4 1 2 3 3 1 0 3 3 1 1.546343 0.000000 
9 1 5 1 0 2 4 2 2 1 3 0 1.849545 0.000000 
9 1 6 0 2 3 4 2 0 4 4 1 1.279137 0.000000 
9 1 7 0 2 2 3 0 1 3 3 1 0.976410 0.000000 
9 1 8 0 2 3 3 0 0 4 4 1 1.318001 0.000000 
9 1 9 0 4 0 5 2 2 1 1 1 0.965803 0.000000 
9 1 10 0 1 1 5 2 1 2 2 1 1.347982 0.000000 
9 1 11 0 2 3 5 2 0 4 4 1 1.211186 0.000000 
9 1 12 0 5 3 0 0 2 4 4 1 0.895554 0.000000 
9 1 13 0 0 1 4 2 0 2 2 1 1.239470 0.000000 
9 1 14 0 2 3 3 0 0 4 4 1 0.874534 0.000000 
9 1 15 0 4 3 3 1 2 4 4 1 1.084106 0.000000 
9 1 16 0 5 0 0 2 2 1 1 1 1.037151 0.000000 
9 1 17 0 2 3 3 0 0 4 4 1 1.272126 0.000000 
9 1 18 0 2 3 4 2 0 4 4 1 0.913839 0.000000 
9 1 19 1 3 0 0 2 0 4 4 1 1.490105 0.000000 
9 1 20 0 3 3 3 1 1 4 4 1 1.122279 0.000000 
9 1 21 0 2 3 3 0 0 4 4 1 0.697923 0.000000 
9 1 22 0 5 2 0 2 2 3 3 1 1.306793 0.000000 
9 1 23 1 2 2 3 0 2 3 3 1 2.035261 0.000000 
9 1 24 1 2 3 3 0 0 3 3 1 1.078493 0.000000 
9 1 25 1 0 3 3 1 2 1 1 1 1.320266 0.000000 
9 1 26 1 0 1 1 1 0 1 1 1 1.518993 0.000000 
9 1 27 0 2 2 2 1 1 3 3 1 1.838877 0.000000 
9 1 28 0 0 1 1 1 0 2 2 1 1.394127 0.000000 
9 1 29 0 3 3 0 2 1 4 4 1 0.871140 0.000000 
9 1 30 0 5 3 4 2 2 4 4 1 0.960864 0.000000 
9 1 31 1 1 2 2 1 0 2 2 1 1.215115 0.000000 
9 1 32 0 3 3 0 0 1 4 4 1 1.195519 0.000000 
9 1 33 0 4 1 4 2 2 2 2 1 2.127599 0.000000 
9 1 34 0 5 3 5 2 2 4 4 1 1.103586 0.000000 
9 1 35 0 0 0 1 0 1 1 1 1 1.623975 0.000000 
9 1 36 0 2 3 3 0 0 4 4 1 1.667842 0.000000 
9 1 37 0 4 2 2 1 2 3 3 1 1.237726 0.000000 
9 1 38 1 0 1 1 0 0 1 1 1 1.095786 0.000000 
9 1 39 1 3 0 0 0 0 4 4 1 1.120766 0.000000 
9 1 40 0 5 3 0 0 2 4 4 1 0.936455 0.000000 
9 1 41 0 1 2 0 2 0 3 3 1 1.679446 0.000000 
9 1 42 0 0 1 5 2 0 2 2 1 1.553291 0.000000 
9 1 43 1 2 2 4 2 1 3 3 1 1.879838 0.000000 
9 1 44 1 3 3 5 2 1 4 4 1 1.560812 0.000000 
9 1 45 0 3 3 0 2 1 4 4 1 1.223247 0.000000 
9 1 46 0 2 3 3 0 0 4 4 1 1.154983 0.000000 
9 1 47 0 3 0 0 1 0 1 1 1 2.017422 0.000000 
9 1 48 0 1 1 1 1 1 2 2 1 0.877384 0.000000 
9 1 49 0 1 1 0 2 1 2 2 1 1.359068 0.000000 
9 1 50 1 2 2 4 2 1 3 3 1 1.301388 0.000000 
9 1 51 1 0 1 5 2 0 1 1 1 0.868837 0.000000 
9 1 52 1 3 3 0 0 1 4 4 1 1.054413 0.000000 
9 1 53 0 4 3 3 1 2 4 4 1 1.000752 0.000000 
9 1 54 0 0 1 1 0 0 2 2 1 1.029073 0.000000 
9 1 55 0 2 3 5 2 0 4 4 1 1.256680 0.000000 
9 1 56 1 3 3 3 1 1 4 4 1 1.083053 0.000000 
9 1 57 0 2 3 3 1 0 4 4 1 1.212007 0.000000 
9 1 58 1 1 2 2 0 0 2 2 1 1.071391 0.000000 
9 1 59 0 1 1 0 2 1 2 2 1 0.785094 0.000000 
9 1 60 0 0 0 0 1 1 1 1 1 1.438006 0.000000 
9 1 61 0 4 0 0 1 2 1 1 1 1.009139 0.000000 
9 1 62 1 1 3 2 0 2 2 2 1 1.925507 0.000000 
9 1 63 0 3 0 0 0 0 1 1 1 1.413457 0.000000 
9 1 64 0 1 1 2 0 1 2 2 1 1.000903 0.000000 
9 1 65 0 2 2 2 1 1 3 3 1 1.109208 0.000000 
9 1 66 0 0 0 0 1 1 1 1 1 1.997602 0.000000 
9 1 67 1 2 2 2 1 2 3 3 1 1.298860 0.000000 
9 1 68 1 0 1 1 0 0 1 1 1 1.475984 0.000000 
9 1 69 0 4 2 4 2 2 3 3 1 1.077808 0.000000 
9 1 70 0 1 1 4 2 1 2 2 1 0.766503 0.000000 
9 1 71 0 1 2 2 0 0 3 3 1 1.516026 0.000000 
9 1 72 0 2 3 4 2 0 4 4 1 1.284033 0.000000 
9 1 73 0 1 1 4 2 1 2 2 1 0.956944 0.000000 
9 1 74 1 1 0 2 0 2 2 2 1 1.755222 0.000000 
9 1 75 0 4 0 0 1 2 1 1 1 0.937761 0.000000 
9 1 76 1 0 1 1 0 0 1 1 1 1.032751 0.000000 
9 1 77 0 1 2 2 1 0 3 3 1 1.387136 0.000000 
9 1 78 1 0 0 1 0 1 1 1 1 1.263866 0.000000 
9 1 79 0 3 3 3 1 1 4 4 1 0.658245 0.000000 
9 1 80 0 0 1 1 0 0 2 2 1 1.044407 0.000000 
9 1 81 0 4 2 2 1 2 3 3 1 1.007411 0.000000 
9 1 82 0 5 1 1 1 2 2 2 1 1.123664 0.000000 
9 1 83 0 2 2 2 1 1 3 3 1 1.403339 0.000000 
9 1 84 0 5 2 0 2 2 3 3 1 0.926804 0.000000 
9 1 85 0 2 3 3 1 0 4 4 1 0.974416 0.000000 
9 1 86 0 2 2 2 1 1 3 4 0 0.844047 0.000000 
9 1 87 0 1 1 1 1 1 2 2 1 0.866915 0.000000 
9 1 88 0 2 2 2 1 1 3 3 1 1.228082 0.000000 
9 1 89 1 2 3 4 2 0 3 3 1 1.263796 0.000000 
9 1 90 0 5 2 2 1 2 3 3 1 1.265216 0.000000 
9 1 91 1 2 1 1 1 2 3 3 1 1.315614 0.000000 
9 1 92 1 3 3 3 1 1 4 4 1 1.315965 0.000000 
9 1 93 1 3 0 0 0 0 4 4 1 0.980195 0.000000 
9 1 94 0 2 2 0 2 1 3 3 1 1.113380 0.000000 
9 1 95 0 4 1 1 1 2 2 2 1 1.017756 0.000000 
9 1 96 0 5 3 0 0 2 4 4 1 0.885391 0.000000 
9 1 97 0 3 3 4 2 1 4 4 1 1.013321 0.000000 
9 1 98 0 0 1 1 0 0 2 2 1 3.009694 0.000000 
9 1 99 1 1 2 2 1 0 2 2 1 1.126651 0.000000 
9 1 100 0 0 0 1 0 1 1 1 1 1.222361 0.000000 
9 1 101 0 0 0 0 1 1 1 1 1 1.002088 0.000000 
9 1 102 0 5 2 2 1 2 3 3 1 1.110339 0.000000 
9 1 103 0 0 1 1 0 0 2 2 1 1.173762 0.000000 
9 1 104 0 0 0 4 2 1 1 1 1 2.195467 0.000000 
9 1 105 0 0 0 1 0 1 1 1 1 1.176922 0.000000 
9 1 106 0 3 3 4 2 1 4 4 1 1.030536 0.000000 
9 1 107 1 2 2 3 0 2 3 3 1 1.434216 0.000000 
9 1 108 0 2 2 2 1 1 3 3 1 1.117335 0.000000 
9 1 109 0 3 0 4 2 0 1 1 1 2.068052 0.000000 
9 1 110 0 5 3 0 0 2 4 4 1 0.901976 0.000000 
9 1 111 0 2 2 3 0 1 3 3 1 2.118370 0.000000 
9 1 112 0 3 3 4 2 1 4 4 1 0.798382 0.000000 
9 1 113 0 0 1 4 2 0 2 2 1 0.931310 0.000000 
9 1 114 1 1 3 2 0 2 2 2 1 1.594844 0.000000 
9 1 115 0 4 2 5 2 2 3 3 1 1.583065 0.000000 
9 1 116 0 5 2 0 0 2 3 3 1 0.916274 0.000000 
9 1 117 0 4 2 2 1 2 3 3 1 0.724088 0.000000 
9 1 118 1 1 2 5 2 2 2 2 1 1.339446 0.000000 
9 1 119 0 4 1 1 1 2 2 2 1 0.946931 0.000000 
9 1 120 0 0 1 1 0 0 2 2 1 0.881413 0.000000 
9 1 121 0 4 3 3 1 2 4 4 1 0.994996 0.000000 
9 1 122 1 1 3 2 0 2 2 2 1 2.374988 0.000000 
9 1 123 1 1 2 2 0 0 2 2 1 0.845141 0.000000 
9 1 124 0 3 3 4 2 1 4 4 1 0.983998 0.000000 
9 1 125 0 2 2 2 1 1 3 3 1 1.357026 0.000000 
9 1 126 0 5 0 0 0 2 1 1 1 0.715458 0.000000 
9 1 127 0 4 2 2 1 2 3 3 1 1.363678 0.000000 
9 1 128 0 1 2 2 1 0 3 3 1 1.689137 0.000000 
9 1 129 0 4 1 1 1 2 2 2 1 1.018358 0.000000 
9 1 130 0 5 2 0 2 2 3 3 1 0.861956 0.000000 
9 1 131 0 4 1 0 0 2 2 2 1 1.048228 0.000000 
9 1 132 0 0 0 0 2 1 1 1 1 0.995216 0.000000 
9 1 133 0 2 3 4 2 0 4 4 1 0.920153 0.000000 
9 1 134 0 5 2 5 2 2 3 3 1 1.815791 0.000000 
9 1 135 0 1 1 5 2 1 2 2 1 0.715095 0.000000 
9 1 136 0 3 3 3 1 1 4 4 1 0.810860 0.000000 
9 1 137 0 3 0 4 2 0 1 1 1 1.183142 0.000000 
9 1 138 0 3 3 3 1 1 4 4 1 1.156153 0.000000 
9 1 139 0 4 2 0 0 2 3 3 1 0.898605 0.000000 
9 1 140 0 5 2 0 2 2 3 3 1 0.811445 0.000000 
9 1 141 1 0 3 1 0 2 1 1 1 0.847677 0.000000 
9 1 142 1 3 3 3 1 1 4 4 1 1.377581 0.000000 
9 1 143 0 0 0 1 0 1 1 1 1 1.007360 0.000000 
9 1 144 0 5 3 0 0 2 4 4 1 0.875653 0.000000 
9 1 145 0 4 3 3 1 2 4 4 1 0.861257 0.000000 
9 1 146 0 5 2 2 1 2 3 3 1 1.399510 0.000000 
9 1 147 0 4 3 0 0 2 4 4 1 1.060130 0.000000 
9 1 148 1 0 1 4 2 0 1 1 1 1.334270 0.000000 
9 1 149 1 0 1 1 0 0 1 1 1 0.725314 0.000000 
9 1 150 0 5 2 2 1 2 3 3 1 0.939885 0.000000 
9 1 151 1 3 3 3 1 1 4 4 1 1.106840 0.000000 
9 1 152 0 5 2 0 2 2 3 3 1 0.835189 0.000000 
9 1 153 1 1 1 2 0 1 2 2 1 1.494117 0.000000 
9 1 154 0 0 1 1 1 0 2 2 1 1.095253 0.000000 
9 1 155 0 3 0 0 1 0 1 1 1 2.271336 0.000000 
9 1 156 1 0 0 1 0 1 1 1 1 1.057362 0.000000 
9 1 157 0 1 1 1 1 1 2 2 1 0.803695 0.000000 
9 1 158 1 2 3 4 2 0 3 3 1 1.543837 0.000000 
9 1 159 0 1 2 4 2 0 3 3 1 1.183082 0.000000 
9 1 160 0 3 0 0 1 0 1 1 1 1.860183 0.000000 
9 1 161 0 4 3 5 2 2 4 4 1 1.134746 0.000000 
9 1 162 1 1 2 2 1 0 2 2 1 1.372775 0.000000 
9 1 163 0 4 1 5 2 2 2 2 1 1.482606 0.000000 
9 1 164 0 0 1 1 1 0 2 2 1 1.460130 0.000000 
9 1 165 0 2 2 5 2 1 3 3 1 0.998202 0.000000 
9 1 166 1 1 1 1 1 1 2 2 1 1.179152 0.000000 
9 1 167 0 3 0 0 1 0 1 1 1 1.176882 0.000000 
9 1 168 0 5 1 0 0 2 2 2 1 1.237656 0.000000 
9 1 169 1 1 2 5 2 0 2 2 1 1.488626 0.000000 
9 1 170 0 1 2 4 2 0 3 3 1 0.985684 0.000000 
9 1 171 0 3 3 0 0 1 4 4 1 1.030717 0.000000 
9 1 172 1 1 2 2 0 0 2 2 1 0.866361 0.000000 
9 1 173 0 4 1 1 1 2 2 2 1 1.292173 0.000000 
9 1 174 1 3 0 4 2 0 4 4 1 2.365052 0.000000 
9 1 175 1 3 3 0 0 1 4 4 1 0.946860 0.000000 
9 1 176 0 1 2 2 0 0 3 3 1 2.385889 0.000000 
9 1 177 0 0 0 4 2 1 1 1 1 1.055331 0.000000 
9 1 178 0 2 3 3 0 0 4 4 1 1.049580 0.000000 
9 1 179 0 4 2 4 2 2 3 3 1 1.108175 0.000000 
9 1 180 1 3 2 0 0 2 4 4 1 1.572323 0.000000 
9 1 181 0 1 1 2 0 1 2 2 1 1.105160 0.000000 
9 1 182 0 2 2 3 0 1 3 3 1 0.945476 0.000000 
9 1 183 0 3 0 0 2 0 1 1 1 1.200417 0.000000 
9 1 184 0 3 3 3 1 1 4 4 1 0.652794 0.000000 
9 1 185 0 4 0 0 2 2 1 1 1 0.862979 0.000000 
9 1 186 0 5 3 0 0 2 4 4 1 0.937216 0.000000 
9 1 187 0 0 0 4 2 1 1 1 1 0.832112 0.000000 
9 1 188 0 3 0 0 0 0 1 1 1 1.234768 0.000000 
9 1 189 0 2 2 2 1 1 3 3 1 1.469818 0.000000 
9 1 190 0 5 3 0 0 2 4 4 1 0.871628 0.000000 
9 1 191 0 3 3 0 0 1 4 4 1 0.985225 0.000000 
9 1 192 0 0 0 0 1 1 1 1 1 0.702164 0.000000 
9 2 1 0 3 3 2 0 1 4 4 1 1.418233 0.000000 
9 2 2 0 2 0 4 2 0 1 1 1 1.038180 0.000000 
9 2 3 0 0 0 0 1 1 1 1 1 0.809166 0.000000 
9 2 4 0 2 2 1 0 1 3 3 1 0.876385 0.000000 
9 2 5 1 0 0 3 0 1 1 1 1 1.054274 0.000000 
9 2 6 0 1 1 0 0 1 2 2 1 0.864266 0.000000 
9 2 7 1 1 1 0 0 1 2 2 1 1.226540 0.000000 
9 2 8 0 0 2 3 2 0 3 3 1 0.918268 0.000000 
9 2 9 0 4 3 2 0 2 4 4 1 0.973889 0.000000 
9 2 10 1 0 2 5 2 0 1 1 1 1.531562 0.000000 
9 2 11 1 1 1 0 0 1 2 2 1 0.842333 0.000000 
9 2 12 1 2 2 4 2 1 3 3 1 1.117164 0.000000 
9 2 13 0 0 0 0 1 1 1 1 1 0.812914 0.000000 
9 2 14 0 2 0 0 1 0 1 1 1 1.585104 0.000000 
9 2 15 1 3 1 4 2 0 4 4 1 1.654321 0.000000 
9 2 16 0 1 1 0 0 1 2 2 1 1.160902 0.000000 
9 2 17 1 3 3 3 2 1 4 4 1 1.055232 0.000000 
9 2 18 0 5 2 4 2 2 3 3 1 0.904561 0.000000 
9 2 19 1 2 2 4 2 1 3 3 1 2.288867 0.000000 
9 2 20 0 5 1 1 1 2 2 2 1 1.114294 0.000000 
9 2 21 0 3 1 1 1 0 2 2 1 1.386627 0.000000 
9 2 22 1 1 0 0 1 2 2 2 1 1.119750 0.000000 
9 2 23 0 4 3 4 2 2 4 4 1 0.967462 0.000000 
9 2 24 0 3 3 2 0 1 4 4 1 1.148079 0.000000 
9 2 25 0 0 2 4 2 0 3 3 1 0.995070 0.000000 
9 2 26 0 3 3 1 2 1 4 4 1 0.727994 0.000000 
9 2 27 1 3 3 3 1 1 4 4 1 0.943514 0.000000 
9 2 28 1 2 0 0 1 0 3 3 1 1.886550 0.000000 
9 2 29 0 2 0 5 2 0 1 1 1 1.063819 0.000000 
9 2 30 0 3 1 4 2 0 2 2 1 0.794142 0.000000 
9 2 31 0 1 1 4 2 1 2 2 1 0.725991 0.000000 
9 2 32 0 1 3 4 2 0 4 4 1 0.925560 0.000000 
9 2 33 0 4 0 2 0 2 1 1 1 0.765096 0.000000 
9 2 34 0 2 0 0 1 0 1 1 1 0.859383 0.000000 
9 2 35 0 3 1 5 2 0 2 2 1 0.797552 0.000000 
9 2 36 0 1 1 4 2 1 2 2 1 0.714494 0.000000 
9 2 37 0 1 1 2 2 1 2 2 1 0.682611 0.000000 
9 2 38 1 1 3 3 1 2 2 2 1 1.003084 0.000000 
9 2 39 0 4 3 0 2 2 4 4 1 0.863497 0.000000 
9 2 40 0 5 1 1 1 2 2 2 1 0.777667 0.000000 
9 2 41 1 0 1 1 1 2 1 1 1 1.095263 0.000000 
9 2 42 0 5 2 2 1 2 3 3 1 0.840294 0.000000 
9 2 43 0 1 3 3 1 0 4 4 1 1.707242 0.000000 
9 2 44 0 3 1 2 0 0 2 2 1 1.499794 0.000000 
9 2 45 1 0 0 0 2 1 1 1 1 0.932223 0.000000 
9 2 46 0 2 2 2 1 1 3 3 1 0.778862 0.000000 
9 2 47 0 1 3 5 2 0 4 4 1 0.976428 0.000000 
9 2 48 0 5 0 5 2 2 1 1 1 1.037991 0.000000 
9 2 49 0 0 0 3 0 1 1 1 1 0.736993 0.000000 
9 2 50 0 1 3 3 1 0 4 4 1 1.343908 0.000000 
9 2 51 0 4 0 4 2 2 1 1 1 0.782985 0.000000 
9 2 52 1 1 1 1 1 1 2 2 1 0.812020 0.000000 
9 2 53 1 3 1 3 2 0 4 4 1 0.862997 0.000000 
9 2 54 0 0 2 3 0 0 3 3 1 3.217480 0.000000 
9 2 55 1 2 0 1 0 0 3 3 1 1.733831 0.000000 
9 2 56 1 3 3 3 1 1 4 4 1 1.557122 0.000000 
9 2 57 0 0 2 4 2 0 3 3 1 1.419595 0.000000 
9 2 58 0 5 0 0 1 2 1 1 1 0.878424 0.000000 
9 2 59 1 2 0 5 2 0 3 1 0 2.128098 0.000000 
9 2 60 0 0 0 0 1 1 1 1 1 0.963982 0.000000 
9 2 61 0 0 2 4 2 0 3 3 1 1.313888 0.000000 
9 2 62 0 5 3 2 0 2 4 4 1 0.850298 0.000000 
9 2 63 0 1 1 1 1 1 2 2 1 1.132545 0.000000 
9 2 64 0 5 1 5 2 2 2 2 1 1.787004 0.000000 
9 2 65 1 1 1 1 1 1 2 2 1 0.784476 0.000000 
9 2 66 0 3 3 5 2 1 4 4 1 0.957375 0.000000 
9 2 67 1 3 3 2 0 1 4 4 1 1.195676 0.000000 
9 2 68 0 5 2 1 2 2 3 3 1 1.328710 0.000000 
9 2 69 1 1 3 0 0 0 2 2 1 1.344488 0.000000 
9 2 70 0 5 0 2 0 2 1 1 1 0.991579 0.000000 
9 2 71 1 3 1 1 1 0 4 4 1 1.155510 0.000000 
9 2 72 0 3 1 4 2 0 2 2 1 1.281885 0.000000 
9 2 73 0 4 2 2 0 2 3 3 1 0.747615 0.000000 
9 2 74 1 2 0 0 1 0 3 3 1 1.226486 0.000000 
9 2 75 1 3 3 2 0 1 4 4 1 1.398200 0.000000 
9 2 76 0 1 3 4 2 0 4 4 1 1.675329 0.000000 
9 2 77 1 0 0 4 2 2 1 1 1 0.861211 0.000000 
9 2 78 0 3 3 3 1 1 4 4 1 1.134460 0.000000 
9 2 79 0 0 2 5 2 0 3 3 1 1.021513 0.000000 
9 2 80 0 5 2 2 0 2 3 3 1 0.745077 0.000000 
9 2 81 1 0 1 1 1 2 1 1 1 0.863967 0.000000 
9 2 82 0 1 1 0 0 1 2 2 1 1.138180 0.000000 
9 2 83 0 3 1 2 2 0 2 2 1 1.073252 0.000000 
9 2 84 0 2 0 4 2 0 1 1 1 1.098913 0.000000 
9 2 85 0 4 2 4 2 2 3 3 1 1.546952 0.000000 
9 2 86 1 1 2 0 0 2 2 2 1 1.602100 0.000000 
9 2 87 0 2 0 1 2 0 1 1 1 1.038642 0.000000 
9 2 88 1 0 2 2 2 0 1 1 1 0.809581 0.000000 
9 2 89 0 1 1 1 1 1 2 2 1 1.029856 0.000000 
9 2 90 0 2 2 2 1 1 3 3 1 0.969462 0.000000 
9 2 91 0 1 1 1 1 1 2 2 1 1.007127 0.000000 
9 2 92 0 5 3 3 1 2 4 4 1 0.826424 0.000000 
9 2 93 0 4 3 3 1 2 4 4 1 0.629963 0.000000 
9 2 94 0 0 2 2 1 0 3 3 1 1.585492 0.000000 
9 2 95 0 4 0 0 1 2 1 1 1 1.622701 0.000000 
9 2 96 0 3 1 1 1 0 2 2 1 1.250538 0.000000 
9 2 97 0 0 0 4 2 1 1 1 1 0.892936 0.000000 
9 2 98 0 1 1 1 1 1 2 2 1 0.748875 0.000000 
9 2 99 1 1 1 1 1 1 2 2 1 1.155710 0.000000 
9 2 100 0 5 3 3 1 2 4 4 1 0.874072 0.000000 
9 2 101 1 1 3 4 2 0 2 2 1 1.083673 0.000000 
9 2 102 0 0 0 0 1 1 1 1 1 0.636609 0.000000 
9 2 103 1 2 2 2 1 2 3 3 1 0.943446 0.000000 
9 2 104 0 3 3 2 0 1 4 4 1 1.358437 0.000000 
9 2 105 0 4 0 1 2 2 1 1 1 0.827877 0.000000 
9 2 106 1 3 1 1 1 0 4 3 0 1.015422 0.000000 
9 2 107 0 0 2 4 2 0 3 3 1 1.095706 0.000000 
9 2 108 0 0 0 4 2 1 1 1 1 0.824273 0.000000 
9 2 109 0 3 3 3 1 1 4 4 1 0.915838 0.000000 
9 2 110 0 1 1 0 0 1 2 2 1 0.811958 0.000000 
9 2 111 0 3 1 1 1 0 2 2 1 2.456388 0.000000 
9 2 112 0 5 2 2 0 2 3 4 0 0.818173 0.000000 
9 2 113 0 1 3 3 1 0 4 4 1 0.809695 0.000000 
9 2 114 0 5 3 2 0 2 4 4 1 0.837539 0.000000 
9 2 115 1 2 1 1 0 2 3 3 1 0.936410 0.000000 
9 2 116 0 5 1 1 1 2 2 2 1 1.055383 0.000000 
9 2 117 0 3 1 1 1 0 2 2 1 1.569711 0.000000 
9 2 118 0 2 0 1 0 0 1 1 1 1.006580 0.000000 
9 2 119 0 0 2 4 2 0 3 3 1 1.082842 0.000000 
9 2 120 0 2 2 2 1 1 3 3 1 1.612043 0.000000 
9 2 121 0 2 2 2 1 1 3 3 1 0.664345 0.000000 
9 2 122 0 1 3 3 1 0 4 4 1 0.786550 0.000000 
9 2 123 0 4 0 2 0 2 1 1 1 0.759417 0.000000 
9 2 124 0 5 0 2 0 2 1 1 1 0.869649 0.000000 
9 2 125 1 3 1 1 1 0 4 4 1 0.927210 0.000000 
9 2 126 0 5 1 4 2 2 2 2 1 1.093859 0.000000 
9 2 127 0 0 0 3 0 1 1 1 1 0.790778 0.000000 
9 2 128 0 1 3 3 1 0 4 4 1 1.043688 0.000000 
9 2 129 0 0 2 3 0 0 3 3 1 0.862718 0.000000 
9 2 130 1 2 2 1 0 1 3 3 1 1.200947 0.000000 
9 2 131 0 2 2 1 0 1 3 3 1 0.773332 0.000000 
9 2 132 0 5 2 2 0 2 3 3 1 0.642862 0.000000 
9 2 133 0 4 3 2 0 2 4 4 1 0.804739 0.000000 
9 2 134 1 1 1 0 0 2 2 2 1 1.568901 0.000000 
9 2 135 0 2 0 1 0 0 1 1 1 0.910796 0.000000 
9 2 136 0 5 3 3 2 2 4 4 1 0.751006 0.000000 
9 2 137 0 3 1 2 0 0 2 2 1 1.021262 0.000000 
9 2 138 0 5 0 0 1 2 1 1 1 0.696858 0.000000 
9 2 139 0 2 0 0 1 0 1 1 1 0.697692 0.000000 
9 2 140 0 2 0 1 0 0 1 1 1 0.850545 0.000000 
9 2 141 0 4 1 1 1 2 2 2 1 0.891818 0.000000 
9 2 142 1 0 0 3 0 1 1 1 1 1.212771 0.000000 
9 2 143 1 2 0 0 1 0 3 1 0 0.993136 0.000000 
9 2 144 0 2 2 0 2 1 3 3 1 0.786048 0.000000 
9 2 145 0 4 0 2 0 2 1 1 1 1.454576 0.000000 
9 2 146 0 2 2 4 2 1 3 3 1 0.880972 0.000000 
9 2 147 0 4 3 3 1 2 4 4 1 0.737546 0.000000 
9 2 148 0 1 3 0 0 0 4 1 0 1.192435 0.000000 
9 2 149 0 0 2 2 1 0 3 3 1 1.841459 0.000000 
9 2 150 1 0 0 3 0 1 1 1 1 1.276304 0.000000 
9 2 151 0 4 1 3 2 2 2 2 1 1.286014 0.000000 
9 2 152 0 1 1 5 2 1 2 2 1 0.991156 0.000000 
9 2 153 0 4 3 2 0 2 4 4 1 0.764103 0.000000 
9 2 154 0 0 0 0 1 1 1 1 1 1.273281 0.000000 
9 2 155 0 1 3 0 2 0 4 4 1 0.794982 0.000000 
9 2 156 0 0 0 3 0 1 1 1 1 0.607917 0.000000 
9 2 157 0 1 3 3 1 0 4 4 1 0.932078 0.000000 
9 2 158 0 5 1 4 2 2 2 2 1 1.947745 0.000000 
9 2 159 0 4 1 4 2 2 2 2 1 0.738999 0.000000 
9 2 160 0 3 3 2 0 1 4 4 1 0.785874 0.000000 
9 2 161 0 1 1 4 2 1 2 2 1 0.686064 0.000000 
9 2 162 0 5 1 2 0 2 2 2 1 0.846611 0.000000 
9 2 163 0 0 0 5 2 1 1 1 1 0.689493 0.000000 
9 2 164 1 3 0 2 0 2 4 4 1 1.170384 0.000000 
9 2 165 0 4 1 2 0 2 2 2 1 1.000050 0.000000 
9 2 166 0 5 2 2 0 2 3 3 1 0.932365 0.000000 
9 2 167 0 4 1 1 1 2 2 2 1 0.731968 0.000000 
9 2 168 0 5 1 2 0 2 2 2 1 0.866522 0.000000 
9 2 169 0 2 0 4 2 0 1 1 1 1.004097 0.000000 
9 2 170 1 2 2 1 0 1 3 3 1 1.160367 0.000000 
9 2 171 1 1 3 0 0 0 2 2 1 0.838763 0.000000 
9 2 172 0 5 1 1 1 2 2 2 1 0.833665 0.000000 
9 2 173 0 0 0 3 0 1 1 1 1 0.692561 0.000000 
9 2 174 0 5 0 2 0 2 1 1 1 1.309443 0.000000 
9 2 175 0 2 0 4 2 0 1 1 1 0.676831 0.000000 
9 2 176 1 3 1 2 2 2 4 4 1 1.630367 0.000000 
9 2 177 0 3 1 2 0 0 2 2 1 1.378224 0.000000 
9 2 178 0 0 2 5 2 0 3 3 1 1.271978 0.000000 
9 2 179 0 1 1 1 1 1 2 2 1 0.777721 0.000000 
9 2 180 0 0 0 0 1 1 1 1 1 0.783253 0.000000 
9 2 181 0 4 0 2 0 2 1 1 1 0.700112 0.000000 
9 2 182 0 3 3 2 0 1 4 4 1 0.868325 0.000000 
9 2 183 0 1 1 0 2 1 2 2 1 0.852928 0.000000 
9 2 184 1 3 2 5 2 2 4 4 1 1.199176 0.000000 
9 2 185 0 4 3 2 0 2 4 4 1 0.955973 0.000000 
9 2 186 0 3 1 0 2 0 2 2 1 0.898480 0.000000 
9 2 187 0 4 3 2 0 2 4 4 1 1.627486 0.000000 
9 2 188 0 2 0 5 2 0 1 1 1 0.831279 0.000000 
9 2 189 0 3 1 1 1 0 2 2 1 0.842847 0.000000 
9 2 190 1 1 1 0 0 2 2 2 1 1.204713 0.000000 
9 2 191 1 0 0 0 1 1 1 1 1 0.913146 0.000000 
9 2 192 1 3 2 2 0 2 4 4 1 0.753394 0.000000 
9 3 1 0 4 1 1 1 2 2 2 1 1.948865 0.000000 
9 3 2 0 1 0 0 0 0 1 1 1 2.084181 0.000000 
9 3 3 0 1 0 5 2 0 1 1 1 0.796959 0.000000 
9 3 4 0 2 1 1 2 0 2 2 1 1.257984 0.000000 
9 3 5 0 3 3 4 2 1 4 4 1 0.700352 0.000000 
9 3 6 0 1 0 0 1 0 1 1 1 0.875561 0.000000 
9 3 7 0 0 3 3 0 0 4 4 1 0.909147 0.000000 
9 3 8 1 2 2 3 2 1 3 3 1 1.453368 0.000000 
9 3 9 0 2 2 2 1 1 3 3 1 0.679857 0.000000 
9 3 10 0 3 3 4 2 1 4 4 1 0.977398 0.000000 
9 3 11 1 1 1 0 2 1 2 2 1 1.414989 0.000000 
9 3 12 0 5 2 4 2 2 3 3 1 1.138500 0.000000 
9 3 13 0 3 2 2 0 0 3 3 1 0.937430 0.000000 
9 3 14 0 5 3 4 2 2 4 4 1 0.712450 0.000000 
9 3 15 1 0 3 5 2 0 1 1 1 1.144604 0.000000 
9 3 16 0 2 2 5 2 1 3 2 0 0.887654 0.000000 
9 3 17 0 0 0 3 0 1 1 1 1 0.828501 0.000000 
9 3 18 1 0 0 3 0 1 1 1 1 1.167657 0.000000 
9 3 19 0 3 3 2 0 1 4 4 1 0.828356 0.000000 
9 3 20 0 5 1 2 0 2 2 2 1 1.111910 0.000000 
9 3 21 0 1 1 4 2 1 2 2 1 0.792308 0.000000 
9 3 22 0 3 2 2 0 0 3 3 1 1.085135 0.000000 
9 3 23 0 2 2 1 0 1 3 3 1 0.918153 0.000000 
9 3 24 0 2 2 4 2 1 3 3 1 0.757767 0.000000 
9 3 25 0 1 1 0 0 1 2 2 1 0.836007 0.000000 
9 3 26 1 1 0 0 1 2 2 2 1 0.934846 0.000000 
9 3 27 0 1 0 0 0 0 1 1 1 0.988786 0.000000 
9 3 28 0 1 0 0 1 0 1 1 1 0.681759 0.000000 
9 3 29 0 1 0 5 2 0 1 1 1 0.811298 0.000000 
9 3 30 0 1 1 0 0 1 2 2 1 1.055513 0.000000 
9 3 31 0 1 1 1 1 1 2 2 1 0.921799 0.000000 
9 3 32 0 5 0 4 2 2 1 1 1 1.041454 0.000000 
9 3 33 1 1 1 1 1 1 2 2 1 1.148399 0.000000 
9 3 34 0 1 1 0 0 1 2 2 1 0.770452 0.000000 
9 3 35 0 3 2 2 1 0 3 3 1 1.215999 0.000000 
9 3 36 1 2 2 4 2 1 3 3 1 1.036133 0.000000 
9 3 37 0 1 0 0 1 0 1 1 1 0.910700 0.000000 
9 3 38 0 0 0 3 0 1 1 1 1 0.766967 0.000000 
9 3 39 0 4 2 0 2 2 3 3 1 1.164541 0.000000 
9 3 40 0 0 3 3 0 0 4 4 1 0.866869 0.000000 
9 3 41 0 0 0 4 2 1 1 1 1 0.963470 0.000000 
9 3 42 0 0 0 3 0 1 1 1 1 0.625727 0.000000 
9 3 43 0 0 0 4 2 1 1 1 1 0.853237 0.000000 
9 3 44 0 5 1 5 2 2 2 3 0 0.903431 0.000000 
9 3 45 0 1 0 0 0 0 1 1 1 0.931713 0.000000 
9 3 46 0 5 2 2 2 2 3 3 1 0.906796 0.000000 
9 3 47 0 3 2 2 0 0 3 3 1 0.883103 0.000000 
9 3 48 0 5 0 2 0 2 1 1 1 0.875061 0.000000 
9 3 49 1 1 0 3 2 0 2 2 1 1.092639 0.000000 
9 3 50 0 0 3 3 1 0 4 4 1 0.829627 0.000000 
9 3 51 0 4 3 3 1 2 4 4 1 0.697178 0.000000 
9 3 52 0 3 3 3 1 1 4 4 1 0.618004 0.000000 
9 3 53 0 4 1 2 0 2 2 2 1 0.845565 0.000000 
9 3 54 0 2 1 4 2 0 2 2 1 0.768381 0.000000 
9 3 55 1 0 3 3 0 0 1 1 1 0.909991 0.000000 
9 3 56 0 5 2 2 1 2 3 3 1 0.949234 0.000000 
9 3 57 0 2 2 1 0 1 3 3 1 1.131977 0.000000 
9 3 58 1 1 2 5 2 2 2 2 1 1.235209 0.000000 
9 3 59 0 0 3 3 0 0 4 4 1 2.022357 0.000000 
9 3 60 0 5 2 2 1 2 3 3 1 1.194325 0.000000 
9 3 61 0 2 1 1 1 0 2 2 1 1.327300 0.000000 
9 3 62 0 5 1 4 2 2 2 2 1 0.686034 0.000000 
9 3 63 0 0 0 3 0 1 1 1 1 0.678946 0.000000 
9 3 64 0 5 2 2 1 2 3 3 1 1.336423 0.000000 
9 3 65 1 2 1 1 0 0 3 1 0 1.239567 0.000000 
9 3 66 0 3 3 3 1 1 4 4 1 1.070534 0.000000 
9 3 67 0 0 3 3 0 0 4 4 1 0.855842 0.000000 
9 3 68 1 3 0 0 1 2 4 4 1 1.098067 0.000000 
9 3 69 0 3 2 4 2 0 3 3 1 1.474051 0.000000 
9 3 70 0 5 3 2 0 2 4 4 1 2.019937 0.000000 
9 3 71 0 1 1 1 2 1 2 2 1 0.767903 0.000000 
9 3 72 1 0 0 0 1 1 1 1 1 1.725482 0.000000 
9 3 73 1 2 1 1 1 0 3 3 1 1.125347 0.000000 
9 3 74 0 2 2 2 1 1 3 3 1 0.844994 0.000000 
9 3 75 0 4 3 2 0 2 4 4 1 0.751967 0.000000 
9 3 76 0 3 2 2 0 0 3 3 1 1.533193 0.000000 
9 3 77 0 0 3 4 2 0 4 4 1 1.460355 0.000000 
9 3 78 0 1 1 5 2 1 2 2 1 0.862801 0.000000 
9 3 79 1 2 2 2 1 2 3 3 1 1.409020 0.000000 
9 3 80 0 0 0 4 2 1 1 1 1 0.757477 0.000000 
9 3 81 0 4 0 4 2 2 1 1 1 0.803728 0.000000 
9 3 82 0 5 2 4 2 2 3 3 1 1.015963 0.000000 
9 3 83 0 0 3 3 0 0 4 4 1 0.715019 0.000000 
9 3 84 1 3 3 4 2 2 4 4 1 1.362757 0.000000 
9 3 85 1 1 1 0 0 1 2 2 1 1.201222 0.000000 
9 3 86 0 5 3 3 1 2 4 4 1 0.781587 0.000000 
9 3 87 1 3 2 2 0 0 4 4 1 1.171135 0.000000 
9 3 88 0 5 1 2 0 2 2 2 1 2.352920 0.000000 
9 3 89 0 2 2 1 0 1 3 3 1 0.726649 0.000000 
9 3 90 0 5 2 2 1 2 3 3 1 0.798210 0.000000 
9 3 91 0 4 1 2 0 2 2 2 1 1.147302 0.000000 
9 3 92 1 3 3 3 1 1 4 4 1 1.170097 0.000000 
9 3 93 0 4 1 1 1 2 2 2 1 0.935794 0.000000 
9 3 94 0 5 2 2 1 2 3 3 1 0.910746 0.000000 
9 3 95 0 3 3 3 1 1 4 4 1 0.703004 0.000000 
9 3 96 0 2 2 2 1 1 3 4 0 0.934151 0.000000 
9 3 97 0 0 0 3 0 1 1 1 1 0.905113 0.000000 
9 3 98 0 0 3 1 2 0 4 4 1 0.920942 0.000000 
9 3 99 1 2 0 1 0 2 3 3 1 1.784573 0.000000 
9 3 100 0 3 2 3 2 0 3 3 1 0.949802 0.000000 
9 3 101 0 3 2 4 2 0 3 3 1 1.004108 0.000000 
9 3 102 0 2 2 2 1 1 3 3 1 1.456403 0.000000 
9 3 103 1 1 1 5 2 1 2 2 1 1.449903 0.000000 
9 3 104 1 2 1 4 2 0 3 3 1 2.228399 0.000000 
9 3 105 0 0 0 5 2 1 1 1 1 0.896458 0.000000 
9 3 106 1 2 2 1 0 1 3 3 1 1.121335 0.000000 
9 3 107 1 1 0 5 2 0 2 2 1 0.800983 0.000000 
9 3 108 0 1 0 0 1 0 1 1 1 1.357268 0.000000 
9 3 109 0 0 3 3 0 0 4 4 1 0.626728 0.000000 
9 3 110 1 1 0 0 1 2 2 2 1 1.118179 0.000000 
9 3 111 1 2 2 1 2 1 3 3 1 1.021894 0.000000 
9 3 112 0 0 3 5 2 0 4 4 1 1.417581 0.000000 
9 3 113 1 3 2 2 1 0 4 4 1 1.189300 0.000000 
9 3 114 0 5 3 2 0 2 4 4 1 0.802366 0.000000 
9 3 115 0 4 0 2 0 2 1 1 1 1.590605 0.000000 
9 3 116 1 3 2 5 2 0 4 4 1 1.930798 0.000000 
9 3 117 0 1 0 0 1 0 1 1 1 0.890788 0.000000 
9 3 118 0 5 1 2 0 2 2 2 1 0.995682 0.000000 
9 3 119 0 4 3 4 2 2 4 4 1 0.728681 0.000000 
9 3 120 1 3 2 4 2 2 4 4 1 1.304156 0.000000 
9 3 121 1 0 2 2 1 2 1 1 1 1.544641 0.000000 
9 3 122 0 3 3 3 1 1 4 4 1 0.734764 0.000000 
9 3 123 1 1 1 1 1 1 2 2 1 1.109632 0.000000 
9 3 124 0 5 0 0 1 2 1 1 1 0.765995 0.000000 
9 3 125 0 0 0 4 2 1 1 1 1 0.691979 0.000000 
9 3 126 1 2 1 1 0 0 3 3 1 1.277008 0.000000 
9 3 127 1 2 3 4 2 2 3 3 1 1.142787 0.000000 
9 3 128 1 1 0 0 1 0 2 2 1 0.901809 0.000000 
9 3 129 0 2 1 3 2 0 2 2 1 1.062057 0.000000 
9 3 130 0 3 3 2 0 1 4 4 1 0.743407 0.000000 
9 3 131 0 4 2 2 1 2 3 3 1 1.470297 0.000000 
9 3 132 0 5 2 2 1 2 3 3 1 0.912047 0.000000 
9 3 133 1 0 3 3 0 0 1 1 1 0.968347 0.000000 
9 3 134 0 3 2 2 1 0 3 3 1 1.285928 0.000000 
9 3 135 0 4 3 2 0 2 4 4 1 0.807014 0.000000 
9 3 136 0 5 1 1 1 2 2 2 1 0.811295 0.000000 
9 3 137 1 2 2 2 2 1 3 3 1 0.990486 0.000000 
9 3 138 1 1 0 0 0 2 2 2 1 0.803455 0.000000 
9 3 139 0 2 2 2 1 1 3 3 1 0.735649 0.000000 
9 3 140 0 5 3 2 0 2 4 4 1 0.774533 0.000000 
9 3 141 0 4 1 1 1 2 2 2 1 0.924076 0.000000 
9 3 142 0 2 2 4 2 1 3 3 1 1.211713 0.000000 
9 3 143 0 2 2 1 0 1 3 3 1 0.624053 0.000000 
9 3 144 1 3 3 2 0 1 4 4 1 1.442600 0.000000 
9 3 145 1 0 0 3 0 2 1 1 1 1.949729 0.000000 
9 3 146 0 0 0 4 2 1 1 1 1 1.124397 0.000000 
9 3 147 0 3 2 2 1 0 3 3 1 2.460054 0.000000 
9 3 148 0 5 3 3 1 2 4 4 1 0.534936 0.000000 
9 3 149 0 1 0 0 0 0 1 1 1 0.957686 0.000000 
9 3 150 0 3 3 2 0 1 4 4 1 0.682991 0.000000 
9 3 151 0 4 0 5 2 2 1 1 1 0.884056 0.000000 
9 3 152 0 3 2 2 1 0 3 3 1 1.164796 0.000000 
9 3 153 0 0 0 0 1 1 1 1 1 0.707133 0.000000 
9 3 154 0 0 0 3 0 1 1 1 1 0.899340 0.000000 
9 3 155 1 3 2 4 2 0 4 4 1 0.683993 0.000000 
9 3 156 0 5 2 4 2 2 3 3 1 1.124423 0.000000 
9 3 157 0 3 2 2 1 0 3 3 1 0.811122 0.000000 
9 3 158 0 0 0 0 1 1 1 1 1 1.711379 0.000000 
9 3 159 0 3 3 4 2 1 4 4 1 0.615887 0.000000 
9 3 160 0 5 3 3 1 2 4 4 1 0.755951 0.000000 
9 3 161 0 1 0 0 1 0 1 2 0 0.738285 0.000000 
9 3 162 0 5 2 2 1 2 3 3 1 1.765114 0.000000 
9 3 163 0 2 1 1 1 0 2 2 1 1.115279 0.000000 
9 3 164 1 3 2 2 1 2 4 4 1 1.114564 0.000000 
9 3 165 0 3 2 5 2 0 3 3 1 1.034957 0.000000 
9 3 166 0 5 0 0 1 2 1 1 1 0.885935 0.000000 
9 3 167 0 4 2 4 2 2 3 3 1 1.134867 0.000000 
9 3 168 0 1 0 0 0 0 1 1 1 1.293891 0.000000 
9 3 169 0 4 3 2 0 2 4 4 1 0.830940 0.000000 
9 3 170 0 5 0 0 1 2 1 1 1 0.946478 0.000000 
9 3 171 0 4 0 0 1 2 1 1 1 0.728444 0.000000 
9 3 172 0 2 1 1 0 0 2 2 1 1.664015 0.000000 
9 3 173 0 4 3 4 2 2 4 4 1 0.970485 0.000000 
9 3 174 0 2 1 1 0 0 2 2 1 0.824188 0.000000 
9 3 175 0 0 3 3 1 0 4 4 1 0.827726 0.000000 
9 3 176 0 3 3 3 1 1 4 4 1 0.695312 0.000000 
9 3 177 1 0 2 4 2 2 1 1 1 1.360149 0.000000 
9 3 178 0 0 3 5 2 0 4 4 1 1.021535 0.000000 
9 3 179 1 2 1 1 2 0 3 3 1 0.937213 0.000000 
9 3 180 1 3 3 2 0 2 4 4 1 0.880115 0.000000 
9 3 181 0 4 3 4 2 2 4 4 1 1.121758 0.000000 
9 3 182 0 3 2 2 1 0 3 3 1 1.017407 0.000000 
9 3 183 0 2 2 1 0 1 3 3 1 0.685030 0.000000 
9 3 184 0 3 3 2 0 1 4 4 1 1.333950 0.000000 
9 3 185 0 4 0 2 0 2 1 1 1 0.700016 0.000000 
9 3 186 1 3 3 0 2 1 4 4 1 1.716192 0.000000 
9 3 187 0 3 3 3 1 1 4 4 1 0.676013 0.000000 
9 3 188 1 1 1 0 0 1 2 2 1 0.949583 0.000000 
9 3 189 0 3 2 4 2 0 3 3 1 1.932178 0.000000 
9 3 190 0 2 1 1 0 0 2 2 1 1.411906 0.000000 
9 3 191 1 2 1 5 2 0 3 3 1 1.360374 0.000000 
9 3 192 1 3 3 3 1 1 4 4 1 0.797798 0.000000 
9 4 1 1 0 1 1 1 2 1 1 1 1.472588 0.000000 
9 4 2 0 1 1 1 1 1 2 2 1 1.242514 0.000000 
9 4 3 0 0 3 3 1 0 4 4 1 0.789547 0.000000 
9 4 4 1 2 2 4 2 1 3 3 1 1.258468 0.000000 
9 4 5 0 2 1 5 2 0 2 2 1 1.004861 0.000000 
9 4 6 0 5 1 1 1 2 2 2 1 0.929179 0.000000 
9 4 7 0 4 0 1 0 2 1 1 1 1.159794 0.000000 
9 4 8 1 3 3 1 0 1 4 4 1 1.022118 0.000000 
9 4 9 0 0 0 2 2 1 1 1 1 0.745800 0.000000 
9 4 10 0 5 2 2 1 2 3 3 1 0.944609 0.000000 
9 4 11 1 0 3 3 1 0 1 1 1 1.151590 0.000000 
9 4 12 0 5 2 1 0 2 3 3 1 1.101949 0.000000 
9 4 13 1 2 2 2 2 1 3 3 1 1.878323 0.000000 
9 4 14 0 5 1 1 1 2 2 2 1 1.343327 0.000000 
9 4 15 0 3 2 1 0 0 3 3 1 0.974356 0.000000 
9 4 16 1 3 3 1 0 1 4 4 1 1.131965 0.000000 
9 4 17 0 4 1 1 1 2 2 2 1 0.779664 0.000000 
9 4 18 0 0 3 2 0 0 4 4 1 1.369246 0.000000 
9 4 19 1 1 1 5 2 1 2 2 1 1.310950 0.000000 
9 4 20 1 3 0 1 0 2 4 4 1 1.663414 0.000000 
9 4 21 0 3 2 4 2 0 3 3 1 1.072930 0.000000 
9 4 22 0 5 2 2 1 2 3 3 1 0.930640 0.000000 
9 4 23 0 4 0 1 0 2 1 1 1 0.954216 0.000000 
9 4 24 0 0 0 2 0 1 1 1 1 0.800488 0.000000 
9 4 25 0 0 0 2 0 1 1 1 1 0.724698 0.000000 
9 4 26 0 5 2 1 0 2 3 3 1 0.804274 0.000000 
9 4 27 0 0 3 4 2 0 4 4 1 1.264482 0.000000 
9 4 28 0 2 1 5 2 0 2 2 1 1.017870 0.000000 
9 4 29 0 4 3 3 1 2 4 4 1 0.669499 0.000000 
9 4 30 0 1 0 5 2 0 1 1 1 0.862996 0.000000 
9 4 31 0 0 0 2 0 1 1 1 1 0.745265 0.000000 
9 4 32 0 3 3 4 2 1 4 4 1 0.704134 0.000000 
9 4 33 1 3 2 2 1 0 4 4 1 0.920325 0.000000 
9 4 34 0 1 0 4 2 0 1 1 1 1.007893 0.000000 
9 4 35 0 4 0 1 0 2 1 1 1 0.731276 0.000000 
9 4 36 0 2 2 0 0 1 3 3 1 1.170794 0.000000 
9 4 37 0 4 0 0 2 2 1 1 1 1.440460 0.000000 
9 4 38 0 1 1 3 0 1 2 2 1 0.755572 0.000000 
9 4 39 0 1 1 3 0 1 2 2 1 0.657824 0.000000 
9 4 40 0 2 2 3 2 1 3 3 1 1.691992 0.000000 
9 4 41 0 4 1 4 2 2 2 2 1 1.005192 0.000000 
9 4 42 0 2 1 3 2 0 2 2 1 0.689488 0.000000 
9 4 43 0 1 1 1 1 1 2 2 1 0.689354 0.000000 
9 4 44 0 2 2 2 1 1 3 3 1 1.106183 0.000000 
9 4 45 1 0 2 2 0 2 1 1 1 0.802532 0.000000 
9 4 46 0 3 2 2 1 0 3 3 1 1.502829 0.000000 
9 4 47 1 2 1 5 2 2 3 3 1 1.071284 0.000000 
9 4 48 0 5 0 4 2 2 1 1 1 0.936940 0.000000 
9 4 49 0 1 0 0 1 0 1 1 1 1.127896 0.000000 
9 4 50 0 5 3 3 2 2 4 4 1 0.822506 0.000000 
9 4 51 1 2 2 0 0 1 3 3 1 1.322139 0.000000 
9 4 52 0 3 3 1 0 1 4 4 1 0.769871 0.000000 
9 4 53 1 3 3 2 2 1 4 4 1 1.191432 0.000000 
9 4 54 1 1 1 4 2 2 2 2 1 1.220480 0.000000 
9 4 55 0 1 1 3 0 1 2 2 1 0.872194 0.000000 
9 4 56 0 0 3 3 1 0 4 4 1 1.696792 0.000000 
9 4 57 0 4 1 5 2 2 2 2 1 1.170004 0.000000 
9 4 58 0 5 2 4 2 2 3 3 1 1.239745 0.000000 
9 4 59 0 4 0 0 1 2 1 1 1 2.474780 0.000000 
9 4 60 0 0 3 2 2 0 4 4 1 0.860946 0.000000 
9 4 61 1 2 1 1 1 0 3 3 1 1.007151 0.000000 
9 4 62 0 3 3 4 2 1 4 4 1 0.803532 0.000000 
9 4 63 1 2 2 0 0 1 3 3 1 1.118751 0.000000 
9 4 64 0 3 3 3 1 1 4 4 1 0.638411 0.000000 
9 4 65 0 2 2 1 2 1 3 3 1 0.873210 0.000000 
9 4 66 0 2 1 3 2 0 2 2 1 0.898825 0.000000 
9 4 67 0 4 0 1 0 2 1 1 1 0.859723 0.000000 
9 4 68 0 0 3 2 0 0 4 4 1 0.645982 0.000000 
9 4 69 0 1 1 4 2 1 2 2 1 0.672844 0.000000 
9 4 70 0 5 3 3 1 2 4 4 1 0.729361 0.000000 
9 4 71 0 4 1 1 1 2 2 2 1 1.040838 0.000000 
9 4 72 0 3 2 2 1 0 3 3 1 0.963849 0.000000 
9 4 73 0 4 0 0 1 2 1 1 1 0.746139 0.000000 
9 4 74 1 0 0 2 0 1 1 1 1 1.209003 0.000000 
9 4 75 0 1 1 1 1 1 2 2 1 0.813335 0.000000 
9 4 76 0 5 0 1 0 2 1 1 1 1.105578 0.000000 
9 4 77 0 2 2 2 1 1 3 3 1 0.897916 0.000000 
9 4 78 0 5 2 2 1 2 3 3 1 1.009900 0.000000 
9 4 79 0 4 1 1 1 2 2 2 1 0.886181 0.000000 
9 4 80 0 2 2 0 0 1 3 3 1 1.271109 0.000000 
9 4 81 0 1 1 4 2 1 2 2 1 0.960786 0.000000 
9 4 82 0 2 1 5 2 0 2 2 1 0.839138 0.000000 
9 4 83 0 3 3 3 1 1 4 4 1 0.761986 0.000000 
9 4 84 0 0 3 3 1 0 4 4 1 0.824266 0.000000 
9 4 85 0 3 3 5 2 1 4 4 1 0.986795 0.000000 
9 4 86 0 0 3 3 2 0 4 4 1 0.751754 0.000000 
9 4 87 0 4 2 2 2 2 3 3 1 1.926011 0.000000 
9 4 88 0 2 1 2 2 0 2 2 1 0.845963 0.000000 
9 4 89 1 1 0 3 0 0 2 2 1 1.136850 0.000000 
9 4 90 1 3 3 1 0 1 4 4 1 1.047863 0.000000 
9 4 91 1 2 1 0 0 2 3 3 1 0.994858 0.000000 
9 4 92 0 2 2 0 0 1 3 3 1 0.990839 0.000000 
9 4 93 1 3 2 5 2 0 4 4 1 1.083812 0.000000 
9 4 94 0 0 3 3 1 0 4 4 1 1.060841 0.000000 
9 4 95 1 2 1 5 2 0 3 3 1 2.247165 0.000000 
9 4 96 0 1 1 5 2 1 2 2 1 1.466581 0.000000 
9 4 97 0 4 0 0 1 2 1 1 1 1.044394 0.000000 
9 4 98 0 0 3 2 0 0 4 4 1 0.774349 0.000000 
9 4 99 1 0 0 0 1 1 1 4 0 0.947923 0.000000 
9 4 100 0 5 0 1 0 2 1 1 1 1.214842 0.000000 
9 4 101 1 1 1 5 2 1 2 2 1 1.186807 0.000000 
9 4 102 0 5 2 2 1 2 3 3 1 0.919793 0.000000 
9 4 103 0 1 1 3 0 1 2 2 1 1.319438 0.000000 
9 4 104 0 0 0 4 2 1 1 1 1 0.702189 0.000000 
9 4 105 0 4 2 4 2 2 3 3 1 0.782341 0.000000 
9 4 106 0 2 2 0 0 1 3 3 1 1.187887 0.000000 
9 4 107 1 1 0 0 1 0 2 2 1 1.304963 0.000000 
9 4 108 0 5 0 5 2 2 1 1 1 0.817378 0.000000 
9 4 109 0 4 0 5 2 2 1 1 1 2.236976 0.000000 
9 4 110 0 5 3 3 1 2 4 4 1 0.784355 0.000000 
9 4 111 0 4 3 3 1 2 4 4 1 0.676273 0.000000 
9 4 112 0 5 3 5 2 2 4 4 1 0.613766 0.000000 
9 4 113 0 1 1 2 2 1 2 2 1 0.889915 0.000000 
9 4 114 1 0 3 2 2 0 1 1 1 1.058853 0.000000 
9 4 115 0 0 3 4 2 0 4 4 1 1.301136 0.000000 
9 4 116 0 5 3 3 1 2 4 4 1 0.837610 0.000000 
9 4 117 0 0 3 2 0 0 4 4 1 0.752468 0.000000 
9 4 118 0 5 1 1 1 2 2 2 1 1.094669 0.000000 
9 4 119 0 2 1 0 0 0 2 2 1 0.686619 0.000000 
9 4 120 0 3 2 2 1 0 3 3 1 0.983564 0.000000 
9 4 121 0 1 1 3 0 1 2 2 1 0.820500 0.000000 
9 4 122 1 3 2 1 0 0 4 4 1 1.136054 0.000000 
9 4 123 0 0 0 2 0 1 1 1 1 0.951077 0.000000 
9 4 124 1 2 1 1 1 0 3 3 1 1.013352 0.000000 
9 4 125 1 1 1 3 0 1 2 2 1 0.929627 0.000000 
9 4 126 1 1 3 3 1 2 2 2 1 0.744221 0.000000 
9 4 127 0 2 2 5 2 1 3 3 1 1.087105 0.000000 
9 4 128 0 5 1 4 2 2 2 2 1 1.048138 0.000000 
9 4 129 1 0 2 2 1 2 1 1 1 2.227199 0.000000 
9 4 130 0 2 1 1 1 0 2 2 1 1.951233 0.000000 
9 4 131 1 3 3 3 1 1 4 4 1 1.085876 0.000000 
9 4 132 0 2 1 1 1 0 2 2 1 1.989947 0.000000 
9 4 133 0 4 2 5 2 2 3 3 1 2.331313 0.000000 
9 4 134 1 0 3 2 0 0 1 1 1 0.899367 0.000000 
9 4 135 1 0 3 4 2 0 1 1 1 1.188029 0.000000 
9 4 136 0 3 3 1 0 1 4 4 1 1.008720 0.000000 
9 4 137 0 4 2 2 1 2 3 3 1 0.916964 0.000000 
9 4 138 0 5 3 1 0 2 4 4 1 1.515658 0.000000 
9 4 139 1 0 3 3 1 0 1 1 1 0.843976 0.000000 
9 4 140 0 3 2 2 1 0 3 3 1 1.511029 0.000000 
9 4 141 1 2 1 0 0 0 3 3 1 0.999515 0.000000 
9 4 142 0 0 3 2 0 0 4 4 1 1.012016 0.000000 
9 4 143 0 1 0 5 2 0 1 1 1 1.704152 0.000000 
9 4 144 0 1 1 1 1 1 2 2 1 0.768677 0.000000 
9 4 145 1 0 2 2 1 2 1 1 1 0.973229 0.000000 
9 4 146 1 1 1 3 0 1 2 2 1 1.666894 0.000000 
9 4 147 0 3 3 1 0 1 4 4 1 1.036762 0.000000 
9 4 148 0 5 1 1 0 2 2 2 1 0.887733 0.000000 
9 4 149 0 3 3 4 2 1 4 3 0 0.912666 0.000000 
9 4 150 1 2 1 0 0 0 3 3 1 0.900885 0.000000 
9 4 151 0 4 0 5 2 2 1 1 1 0.979755 0.000000 
9 4 152 0 5 1 1 0 2 2 2 1 0.793347 0.000000 
9 4 153 1 3 2 2 1 0 4 4 1 1.086232 0.000000 
9 4 154 0 1 1 3 0 1 2 2 1 0.871248 0.000000 
9 4 155 0 1 0 4 2 0 1 1 1 1.096822 0.000000 
9 4 156 0 3 3 4 2 1 4 4 1 1.025837 0.000000 
9 4 157 0 1 0 0 1 0 1 1 1 1.509498 0.000000 
9 4 158 0 0 3 3 1 0 4 4 1 1.644977 0.000000 
9 4 159 0 0 3 3 1 0 4 4 1 0.816165 0.000000 
9 4 160 0 5 1 1 0 2 2 2 1 0.852128 0.000000 
9 4 161 0 4 0 1 0 2 1 1 1 0.789987 0.000000 
9 4 162 0 2 1 5 2 0 2 2 1 0.954874 0.000000 
9 4 163 0 2 2 0 0 1 3 3 1 0.721094 0.000000 
9 4 164 0 0 0 2 0 1 1 1 1 0.736679 0.000000 
9 4 165 0 4 3 3 1 2 4 4 1 0.647541 0.000000 
9 4 166 0 5 3 4 2 2 4 4 1 0.681366 0.000000 
9 4 167 0 4 2 1 0 2 3 3 1 0.778892 0.000000 
9 4 168 1 3 3 3 1 2 4 4 1 1.192428 0.000000 
9 4 169 0 4 1 1 1 2 2 2 1 0.957459 0.000000 
9 4 170 0 3 3 3 1 1 4 4 1 0.683726 0.000000 
9 4 171 1 2 1 0 0 0 3 3 1 1.180605 0.000000 
9 4 172 0 0 3 4 2 0 4 4 1 0.938316 0.000000 
9 4 173 0 2 2 0 0 1 3 3 1 1.104256 0.000000 
9 4 174 0 5 2 1 0 2 3 3 1 0.728550 0.000000 
9 4 175 1 3 2 4 2 0 4 4 1 0.864109 0.000000 
9 4 176 0 5 3 1 0 2 4 4 1 0.834329 0.000000 
9 4 177 0 4 0 4 2 2 1 1 1 0.877269 0.000000 
9 4 178 1 1 1 1 1 1 2 2 1 1.254852 0.000000 
9 4 179 0 0 3 5 2 0 4 4 1 1.745301 0.000000 
9 4 180 1 3 3 4 2 1 4 4 1 1.655481 0.000000 
9 4 181 0 1 0 0 1 0 1 1 1 0.978024 0.000000 
9 4 182 0 1 0 0 1 0 1 1 1 0.879686 0.000000 
9 4 183 1 3 2 2 1 0 4 4 1 0.785253 0.000000 
9 4 184 1 3 2 4 2 2 4 4 1 0.870143 0.000000 
9 4 185 0 0 3 2 0 0 4 4 1 0.999754 0.000000 
9 4 186 0 3 2 1 0 0 3 3 1 1.300033 0.000000 
9 4 187 0 2 2 2 1 1 3 3 1 1.139443 0.000000 
9 4 188 0 3 3 3 1 1 4 4 1 0.770472 0.000000 
9 4 189 0 2 2 0 0 1 3 3 1 0.823996 0.000000 
9 4 190 0 3 2 1 0 0 3 3 1 0.731585 0.000000 
9 4 191 0 3 3 5 2 1 4 4 1 0.643128 0.000000 
9 4 192 1 2 1 4 2 0 3 3 1 0.981940 0.000000 
9 5 1 0 3 1 0 0 0 2 2 1 1.289430 0.000000 
9 5 2 1 1 3 5 2 2 2 2 1 1.170667 0.000000 
9 5 3 0 4 0 4 2 2 1 1 1 0.775356 0.000000 
9 5 4 1 3 1 0 0 2 4 4 1 0.988904 0.000000 
9 5 5 0 3 3 3 1 1 4 4 1 1.129898 0.000000 
9 5 6 0 2 2 3 0 1 3 3 1 0.777567 0.000000 
9 5 7 1 3 3 0 0 1 4 4 1 0.775056 0.000000 
9 5 8 0 2 2 3 0 1 3 3 1 0.876618 0.000000 
9 5 9 1 3 3 4 2 1 4 4 1 1.062222 0.000000 
9 5 10 0 0 2 2 1 0 3 3 1 0.887621 0.000000 
9 5 11 0 2 0 3 0 0 1 1 1 0.752468 0.000000 
9 5 12 1 0 2 1 0 0 1 1 1 1.286690 0.000000 
9 5 13 0 3 1 1 1 0 2 2 1 1.039776 0.000000 
9 5 14 1 1 1 1 2 2 2 2 1 1.106735 0.000000 
9 5 15 0 0 0 5 2 1 1 1 1 0.755069 0.000000 
9 5 16 1 0 2 1 0 0 1 1 1 0.993225 0.000000 
9 5 17 0 4 2 1 2 2 3 3 1 0.974219 0.000000 
9 5 18 0 2 0 3 0 0 1 1 1 0.786879 0.000000 
9 5 19 0 1 1 2 0 1 2 2 1 0.839762 0.000000 
9 5 20 0 0 2 4 2 0 3 3 1 1.898715 0.000000 
9 5 21 0 0 2 2 1 0 3 3 1 0.843952 0.000000 
9 5 22 1 3 1 0 0 0 4 4 1 0.950884 0.000000 
9 5 23 0 3 3 4 2 1 4 4 1 0.717170 0.000000 
9 5 24 1 3 3 3 1 2 4 4 1 1.020651 0.000000 
9 5 25 0 2 0 0 1 0 1 1 1 0.719291 0.000000 
9 5 26 0 0 0 0 1 1 1 1 1 0.862832 0.000000 
9 5 27 0 0 0 1 0 1 1 1 1 0.705152 0.000000 
9 5 28 0 5 3 0 0 2 4 4 1 0.945320 0.000000 
9 5 29 0 1 1 4 2 1 2 2 1 0.688253 0.000000 
9 5 30 1 3 1 1 1 0 4 4 1 0.857069 0.000000 
9 5 31 0 4 1 1 1 2 2 2 1 0.883323 0.000000 
9 5 32 1 0 2 2 1 0 1 1 1 1.851316 0.000000 
9 5 33 0 3 3 0 0 1 4 4 1 0.693892 0.000000 
9 5 34 0 5 0 0 1 2 1 1 1 1.118789 0.000000 
9 5 35 0 0 2 2 1 0 3 3 1 0.902449 0.000000 
9 5 36 0 5 1 0 0 2 2 2 1 0.878687 0.000000 
9 5 37 0 1 3 3 1 0 4 4 1 1.048289 0.000000 
9 5 38 0 5 3 0 0 2 4 4 1 0.659208 0.000000 
9 5 39 0 3 3 3 1 1 4 4 1 0.789411 0.000000 
9 5 40 0 1 1 1 1 1 2 2 1 1.177276 0.000000 
9 5 41 0 4 1 0 0 2 2 2 1 0.686942 0.000000 
9 5 42 0 5 3 4 2 2 4 4 1 1.039866 0.000000 
9 5 43 0 2 2 3 0 1 3 3 1 0.866812 0.000000 
9 5 44 0 5 0 5 2 2 1 1 1 1.108447 0.000000 
9 5 45 0 4 0 5 2 2 1 1 1 0.612739 0.000000 
9 5 46 1 1 3 5 2 2 2 2 1 1.112907 0.000000 
9 5 47 0 4 0 5 2 2 1 1 1 0.832238 0.000000 
9 5 48 0 0 0 5 2 1 1 1 1 0.699832 0.000000 
9 5 49 1 1 3 5 2 0 2 2 1 0.883974 0.000000 
9 5 50 0 2 0 0 1 0 1 1 1 1.260935 0.000000 
9 5 51 1 2 1 3 0 2 3 3 1 1.063326 0.000000 
9 5 52 0 1 3 3 1 0 4 4 1 1.025660 0.000000 
9 5 53 1 0 0 1 0 2 1 1 1 1.429321 0.000000 
9 5 54 0 5 0 0 0 2 1 1 1 0.696061 0.000000 
9 5 55 0 2 2 2 1 1 3 3 1 2.161011 0.000000 
9 5 56 1 3 1 0 0 2 4 4 1 0.903670 0.000000 
9 5 57 0 4 0 0 0 2 1 1 1 0.727970 0.000000 
9 5 58 1 1 3 3 1 2 2 2 1 1.727491 0.000000 
9 5 59 1 3 3 0 0 1 4 3 0 0.815380 0.000000 
9 5 60 1 3 2 0 0 2 4 4 1 1.366573 0.000000 
9 5 61 0 1 1 4 2 1 2 2 1 1.900173 0.000000 
9 5 62 0 5 3 3 1 2 4 4 1 0.612564 0.000000 
9 5 63 0 2 2 4 2 1 3 3 1 0.792666 0.000000 
9 5 64 0 5 3 4 2 2 4 4 1 0.789627 0.000000 
9 5 65 0 1 3 2 0 0 4 4 1 0.874535 0.000000 
9 5 66 1 1 1 4 2 1 2 2 1 0.948086 0.000000 
9 5 67 0 2 2 2 1 1 3 3 1 0.842008 0.000000 
9 5 68 0 1 1 2 0 1 2 2 1 1.292955 0.000000 
9 5 69 0 4 2 0 0 2 3 3 1 1.614011 0.000000 
9 5 70 0 5 3 3 2 2 4 4 1 0.594511 0.000000 
9 5 71 0 4 3 0 0 2 4 4 1 0.751353 0.000000 
9 5 72 0 2 2 5 2 1 3 3 1 1.525595 0.000000 
9 5 73 0 1 3 2 0 0 4 4 1 1.117411 0.000000 
9 5 74 0 3 3 0 0 1 4 4 1 0.836064 0.000000 
9 5 75 0 1 3 3 1 0 4 4 1 1.327015 0.000000 
9 5 76 1 3 3 4 2 1 4 4 1 1.158713 0.000000 
9 5 77 0 2 2 3 0 1 3 3 1 0.765107 0.000000 
9 5 78 0 0 0 1 0 1 1 1 1 0.955303 0.000000 
9 5 79 0 2 0 1 2 0 1 1 1 0.801601 0.000000 
9 5 80 0 2 2 5 2 1 3 3 1 0.933841 0.000000 
9 5 81 0 3 3 0 0 1 4 4 1 0.811754 0.000000 
9 5 82 1 2 0 0 1 0 3 3 1 1.239986 0.000000 
9 5 83 0 2 0 4 2 0 1 1 1 1.603074 0.000000 
9 5 84 0 3 3 3 1 1 4 4 1 1.375534 0.000000 
9 5 85 0 2 0 3 0 0 1 1 1 1.149366 0.000000 
9 5 86 0 0 2 4 2 0 3 3 1 0.748153 0.000000 
9 5 87 0 4 2 5 2 2 3 3 1 0.770586 0.000000 
9 5 88 0 1 3 2 0 0 4 4 1 1.415163 0.000000 
9 5 89 0 1 1 3 2 1 2 2 1 0.851608 0.000000 
9 5 90 0 1 1 2 0 1 2 2 1 0.773796 0.000000 
9 5 91 0 3 1 4 2 0 2 2 1 1.019402 0.000000 
9 5 92 0 5 0 0 1 2 1 1 1 0.655002 0.000000 
9 5 93 0 1 3 3 1 0 4 4 1 1.585240 0.000000 
9 5 94 0 3 1 1 1 0 2 2 1 0.878385 0.000000 
9 5 95 0 2 0 0 1 0 1 1 1 2.223044 0.000000 
9 5 96 0 2 0 3 0 0 1 1 1 1.027049 0.000000 
9 5 97 0 0 2 1 0 0 3 3 1 0.894714 0.000000 
9 5 98 0 2 2 3 0 1 3 3 1 0.775627 0.000000 
9 5 99 0 3 3 4 2 1 4 4 1 0.749171 0.000000 
9 5 100 1 1 3 3 1 0 2 2 1 0.963959 0.000000 
9 5 101 0 4 1 0 0 2 2 2 1 0.841401 0.000000 
9 5 102 1 1 3 2 0 0 2 2 1 1.660258 0.000000 
9 5 103 0 1 3 3 1 0 4 4 1 1.502829 0.000000 
9 5 104 0 3 1 5 2 0 2 2 1 1.247315 0.000000 
9 5 105 0 1 3 2 0 0 4 4 1 1.122367 0.000000 
9 5 106 0 2 0 0 2 0 1 1 1 0.721983 0.000000 
9 5 107 0 4 2 0 0 2 3 3 1 0.753543 0.000000 
9 5 108 1 3 3 4 2 2 4 4 1 0.991706 0.000000 
9 5 109 1 0 0 5 2 2 1 1 1 1.147719 0.000000 
9 5 110 0 5 1 0 0 2 2 2 1 0.890763 0.000000 
9 5 111 0 2 2 2 1 1 3 3 1 1.299704 0.000000 
9 5 112 1 0 2 1 0 0 1 1 1 1.012108 0.000000 
9 5 113 1 0 3 2 2 2 1 1 1 0.800887 0.000000 
9 5 114 0 1 1 2 0 1 2 2 1 1.140679 0.000000 
9 5 115 0 2 2 4 2 1 3 3 1 0.803628 0.000000 
9 5 116 1 3 1 0 0 0 4 4 1 0.846851 0.000000 
9 5 117 0 0 0 1 0 1 1 1 1 0.929784 0.000000 
9 5 118 0 5 2 2 1 2 3 3 1 0.769375 0.000000 
9 5 119 0 2 0 0 1 0 1 1 1 1.406963 0.000000 
9 5 120 1 2 0 0 1 0 3 3 1 1.139366 0.000000 
9 5 121 0 2 0 0 1 0 1 1 1 1.034416 0.000000 
9 5 122 0 2 2 1 2 1 3 3 1 0.885373 0.000000 
9 5 123 0 2 2 3 0 1 3 3 1 0.765256 0.000000 
9 5 124 0 5 3 5 2 2 4 4 1 0.899524 0.000000 
9 5 125 0 2 0 4 2 0 1 1 1 1.051975 0.000000 
9 5 126 0 1 1 1 1 1 2 2 1 0.878121 0.000000 
9 5 127 0 4 1 4 2 2 2 2 1 0.799679 0.000000 
9 5 128 0 2 2 3 0 1 3 3 1 1.100139 0.000000 
9 5 129 1 0 2 1 0 0 1 1 1 0.948277 0.000000 
9 5 130 1 1 1 1 1 2 2 2 1 1.402202 0.000000 
9 5 131 0 3 1 0 0 0 2 2 1 1.134727 0.000000 
9 5 132 0 5 0 0 1 2 1 1 1 0.829670 0.000000 
9 5 133 1 0 2 2 1 2 1 1 1 1.057204 0.000000 
9 5 134 0 0 2 2 1 0 3 4 0 1.131631 0.000000 
9 5 135 1 2 2 2 1 2 3 3 1 1.559221 0.000000 
9 5 136 0 0 2 2 1 0 3 3 1 0.940335 0.000000 
9 5 137 0 3 1 5 2 0 2 2 1 0.995206 0.000000 
9 5 138 1 1 3 3 1 0 2 2 1 1.040167 0.000000 
9 5 139 0 2 2 2 1 1 3 3 1 1.059147 0.000000 
9 5 140 0 5 0 4 2 2 1 1 1 0.693453 0.000000 
9 5 141 0 0 2 4 2 0 3 3 1 1.310377 0.000000 
9 5 142 0 1 3 3 1 0 4 4 1 1.414735 0.000000 
9 5 143 1 2 3 3 0 2 3 3 1 0.994215 0.000000 
9 5 144 0 5 2 5 2 2 3 2 0 0.727198 0.000000 
9 5 145 0 3 3 0 0 1 4 4 1 0.746681 0.000000 
9 5 146 1 1 3 3 1 2 2 2 1 1.113149 0.000000 
9 5 147 0 3 1 1 1 0 2 2 1 1.129454 0.000000 
9 5 148 0 1 3 3 1 0 4 4 1 0.841133 0.000000 
9 5 149 0 4 3 3 1 2 4 4 1 0.683977 0.000000 
9 5 150 0 0 0 1 0 1 1 1 1 0.859909 0.000000 
9 5 151 1 2 3 3 1 2 3 3 1 0.870126 0.000000 
9 5 152 0 5 0 0 1 2 1 1 1 1.215745 0.000000 
9 5 153 0 1 3 5 2 0 4 4 1 0.875959 0.000000 
9 5 154 0 1 3 3 1 0 4 4 1 1.189712 0.000000 
9 5 155 0 0 0 1 0 1 1 1 1 0.722741 0.000000 
9 5 156 0 5 1 1 1 2 2 2 1 1.210255 0.000000 
9 5 157 1 3 1 4 2 0 4 4 1 1.733617 0.000000 
9 5 158 0 5 3 3 1 2 4 4 1 0.644890 0.000000 
9 5 159 1 0 0 0 1 1 1 1 1 1.239743 0.000000 
9 5 160 0 0 0 0 1 1 1 1 1 0.666811 0.000000 
9 5 161 0 0 0 1 2 1 1 1 1 0.764277 0.000000 
9 5 162 1 1 3 2 0 2 2 2 1 2.170555 0.000000 
9 5 163 0 0 0 5 2 1 1 1 1 0.816575 0.000000 
9 5 164 0 2 0 5 2 0 1 1 1 1.283034 0.000000 
9 5 165 0 4 1 4 2 2 2 2 1 0.796233 0.000000 
9 5 166 1 2 0 0 1 0 3 3 1 1.769147 0.000000 
9 5 167 1 0 0 4 2 1 1 1 1 1.255184 0.000000 
9 5 168 0 3 3 3 1 1 4 4 1 0.713445 0.000000 
9 5 169 0 0 0 0 1 1 1 1 1 0.753634 0.000000 
9 5 170 0 5 0 4 2 2 1 1 1 0.751832 0.000000 
9 5 171 0 4 1 4 2 2 2 2 1 0.765022 0.000000 
9 5 172 0 3 3 3 1 1 4 4 1 0.611256 0.000000 
9 5 173 0 3 3 4 2 1 4 4 1 0.663360 0.000000 
9 5 174 0 2 2 4 2 1 3 3 1 0.865534 0.000000 
9 5 175 0 1 1 2 0 1 2 2 1 1.003845 0.000000 
9 5 176 0 2 2 2 1 1 3 3 1 1.032116 0.000000 
9 5 177 0 0 2 4 2 0 3 3 1 0.731734 0.000000 
9 5 178 1 1 1 2 0 1 2 2 1 1.218310 0.000000 
9 5 179 1 2 2 3 0 2 3 3 1 1.061980 0.000000 
9 5 180 0 0 0 5 2 1 1 1 1 1.328359 0.000000 
9 5 181 0 2 0 0 1 0 1 1 1 1.464092 0.000000 
9 5 182 0 5 2 0 0 2 3 3 1 2.050609 0.000000 
9 5 183 0 4 0 0 0 2 1 1 1 0.693274 0.000000 
9 5 184 1 3 1 1 1 0 4 4 1 1.238064 0.000000 
9 5 185 0 4 0 0 0 2 1 1 1 0.720197 0.000000 
9 5 186 0 0 0 1 2 1 1 1 1 0.751676 0.000000 
9 5 187 0 4 3 2 2 2 4 4 1 0.733924 0.000000 
9 5 188 1 3 1 4 2 2 4 4 1 1.156741 0.000000 
9 5 189 0 4 1 0 2 2 2 2 1 0.859063 0.000000 
9 5 190 1 1 1 4 2 1 2 2 1 0.869368 0.000000 
9 5 191 0 0 2 2 1 0 3 3 1 1.126999 0.000000 
9 5 192 0 1 1 5 2 1 2 2 1 0.893665 0.000000 
9 6 1 0 3 3 0 2 1 4 4 1 0.961327 0.000000 
9 6 2 1 1 0 3 0 2 2 2 1 1.390703 0.000000 
9 6 3 0 2 2 2 1 1 3 3 1 0.763802 0.000000 
9 6 4 1 1 3 3 1 0 2 2 1 1.177977 0.000000 
9 6 5 0 4 3 1 0 2 4 4 1 1.671717 0.000000 
9 6 6 1 1 2 4 2 2 2 2 1 1.121651 0.000000 
9 6 7 0 2 0 0 0 0 1 1 1 0.993319 0.000000 
9 6 8 0 5 3 1 0 2 4 4 1 0.766256 0.000000 
9 6 9 1 0 1 2 0 2 1 1 1 1.067035 0.000000 
9 6 10 0 0 0 2 0 1 1 1 1 1.916557 0.000000 
9 6 11 0 4 3 5 2 2 4 4 1 0.700458 0.000000 
9 6 12 1 0 2 2 1 0 1 1 1 1.012661 0.000000 
9 6 13 1 1 1 4 2 1 2 2 1 1.272964 0.000000 
9 6 14 0 5 0 1 0 2 1 1 1 0.986714 0.000000 
9 6 15 0 2 2 0 0 1 3 3 1 0.567710 0.000000 
9 6 16 0 0 2 2 1 0 3 3 1 1.004117 0.000000 
9 6 17 1 3 3 3 1 1 4 4 1 0.992435 0.000000 
9 6 18 0 2 2 3 2 1 3 3 1 0.925409 0.000000 
9 6 19 0 1 3 4 2 0 4 4 1 1.029004 0.000000 
9 6 20 0 3 3 3 1 1 4 4 1 0.632660 0.000000 
9 6 21 1 0 3 2 2 2 1 1 1 1.291993 0.000000 
9 6 22 0 5 0 4 2 2 1 1 1 0.845214 0.000000 
9 6 23 1 3 1 4 2 0 4 4 1 1.271108 0.000000 
9 6 24 0 0 0 2 0 1 1 1 1 0.928899 0.000000 
9 6 25 1 0 2 2 1 2 1 1 1 1.000495 0.000000 
9 6 26 0 5 2 5 2 2 3 3 1 1.116795 0.000000 
9 6 27 0 4 0 1 2 2 1 1 1 0.780466 0.000000 
9 6 28 0 0 0 0 1 1 1 1 1 0.641993 0.000000 
9 6 29 1 0 0 0 1 2 1 1 1 1.044852 0.000000 
9 6 30 1 2 0 0 1 0 3 3 1 0.838818 0.000000 
9 6 31 0 0 2 5 2 0 3 3 1 1.233715 0.000000 
9 6 32 0 0 2 2 2 0 3 3 1 0.780799 0.000000 
9 6 33 1 0 0 4 2 1 1 1 1 0.938319 0.000000 
9 6 34 0 5 1 1 1 2 2 2 1 1.105264 0.000000 
9 6 35 0 4 2 4 2 2 3 3 1 0.833608 0.000000 
9 6 36 0 0 0 2 0 1 1 1 1 0.788518 0.000000 
9 6 37 1 3 1 4 2 0 4 4 1 2.048400 0.000000 
9 6 38 1 1 0 3 0 2 2 2 1 0.867779 0.000000 
9 6 39 0 1 3 3 0 0 4 4 1 0.933356 0.000000 
9 6 40 0 1 3 3 1 0 4 4 1 1.676317 0.000000 
9 6 41 1 0 0 2 0 2 1 1 1 1.366189 0.000000 
9 6 42 0 3 1 1 0 0 2 2 1 1.068199 0.000000 
9 6 43 0 2 0 4 2 0 1 1 1 1.028699 0.000000 
9 6 44 0 3 3 4 2 1 4 4 1 0.984288 0.000000 
9 6 45 0 0 2 2 0 0 3 3 1 1.637283 0.000000 
9 6 46 0 2 0 0 1 0 1 1 1 1.336430 0.000000 
9 6 47 1 2 3 0 0 2 3 3 1 1.111525 0.000000 
9 6 48 1 2 2 5 2 1 3 3 1 1.231912 0.000000 
9 6 49 0 1 3 4 2 0 4 4 1 1.115628 0.000000 
9 6 50 0 3 3 5 2 1 4 4 1 1.002983 0.000000 
9 6 51 0 1 1 1 1 1 2 2 1 0.631247 0.000000 
9 6 52 0 1 3 5 2 0 4 4 1 0.802763 0.000000 
9 6 53 0 2 0 4 2 0 1 1 1 1.014967 0.000000 
9 6 54 0 2 0 4 2 0 1 1 1 0.931275 0.000000 
9 6 55 0 4 2 1 0 2 3 3 1 0.890906 0.000000 
9 6 56 0 5 2 2 1 2 3 3 1 0.707776 0.000000 
9 6 57 0 4 2 1 0 2 3 3 1 0.731970 0.000000 
9 6 58 1 3 1 1 1 0 4 4 1 0.962544 0.000000 
9 6 59 0 0 2 2 1 0 3 3 1 1.208825 0.000000 
9 6 60 0 1 1 5 2 1 2 2 1 0.829193 0.000000 
9 6 61 0 4 0 4 2 2 1 1 1 0.856703 0.000000 
9 6 62 0 5 0 1 0 2 1 1 1 0.850986 0.000000 
9 6 63 0 2 0 4 2 0 1 1 1 0.837198 0.000000 
9 6 64 0 3 3 1 0 1 4 4 1 0.688143 0.000000 
9 6 65 0 2 2 2 1 1 3 3 1 1.167984 0.000000 
9 6 66 0 5 1 1 1 2 2 2 1 0.949726 0.000000 
9 6 67 0 0 0 2 0 1 1 1 1 0.691971 0.000000 
9 6 68 0 3 3 1 0 1 4 4 1 0.724812 0.000000 
9 6 69 1 0 2 2 1 2 1 1 1 0.996338 0.000000 
9 6 70 0 5 3 4 2 2 4 4 1 0.665313 0.000000 
9 6 71 1 2 3 3 1 2 3 3 1 0.859491 0.000000 
9 6 72 0 2 2 0 0 1 3 3 1 0.725721 0.000000 
9 6 73 0 0 0 2 0 1 1 1 1 0.676266 0.000000 
9 6 74 0 5 0 4 2 2 1 1 1 0.725723 0.000000 
9 6 75 0 3 3 3 1 1 4 4 1 0.669306 0.000000 
9 6 76 0 2 0 0 1 0 1 1 1 0.910782 0.000000 
9 6 77 0 4 0 1 0 2 1 1 1 0.679063 0.000000 
9 6 78 0 3 3 1 0 1 4 4 1 0.712596 0.000000 
9 6 79 0 0 2 2 1 0 3 3 1 1.312792 0.000000 
9 6 80 0 0 2 5 2 0 3 3 1 0.896158 0.000000 
9 6 81 0 4 1 1 1 2 2 2 1 0.825116 0.000000 
9 6 82 0 2 0 0 0 0 1 1 1 1.260677 0.000000 
9 6 83 1 0 0 0 1 1 1 1 1 0.695079 0.000000 
9 6 84 1 3 0 4 2 2 4 4 1 0.775901 0.000000 
9 6 85 0 0 2 2 1 0 3 3 1 1.181512 0.000000 
9 6 86 0 5 0 4 2 2 1 1 1 0.771154 0.000000 
9 6 87 0 2 2 0 0 1 3 3 1 0.800653 0.000000 
9 6 88 1 3 2 2 1 2 4 4 1 0.859925 0.000000 
9 6 89 0 1 1 3 0 1 2 2 1 0.806201 0.000000 
9 6 90 0 1 3 3 0 0 4 4 1 0.786345 0.000000 
9 6 91 1 0 0 2 0 1 1 1 1 1.527311 0.000000 
9 6 92 0 0 2 2 1 0 3 3 1 1.063140 0.000000 
9 6 93 0 3 3 4 2 1 4 4 1 0.657391 0.000000 
9 6 94 1 1 3 3 0 0 2 2 1 1.795656 0.000000 
9 6 95 0 2 0 5 2 0 1 1 1 1.055884 0.000000 
9 6 96 0 1 3 4 2 0 4 4 1 1.018183 0.000000 
9 6 97 0 4 3 1 0 2 4 4 1 0.805846 0.000000 
9 6 98 0 0 0 2 0 1 1 1 1 0.746069 0.000000 
9 6 99 0 1 3 3 1 0 4 4 1 1.280974 0.000000 
9 6 100 0 1 3 3 0 0 4 4 1 0.890692 0.000000 
9 6 101 1 2 0 0 1 0 3 3 1 1.314649 0.000000 
9 6 102 0 1 3 4 2 0 4 4 1 1.291034 0.000000 
9 6 103 0 4 3 3 2 2 4 4 1 0.724085 0.000000 
9 6 104 0 3 1 5 2 0 2 2 1 1.227625 0.000000 
9 6 105 1 3 3 1 0 1 4 4 1 1.975395 0.000000 
9 6 106 0 0 0 2 0 1 1 1 1 1.493383 0.000000 
9 6 107 0 4 0 0 1 2 1 1 1 0.710449 0.000000 
9 6 108 0 2 2 2 1 1 3 3 1 0.877705 0.000000 
9 6 109 0 0 0 4 2 1 1 1 1 0.767308 0.000000 
9 6 110 1 3 3 1 0 1 4 4 1 0.772812 0.000000 
9 6 111 0 3 3 3 1 1 4 4 1 0.586352 0.000000 
9 6 112 0 3 3 1 2 1 4 4 1 0.767202 0.000000 
9 6 113 0 1 3 4 2 0 4 4 1 1.028731 0.000000 
9 6 114 0 3 3 4 2 1 4 4 1 0.680357 0.000000 
9 6 115 1 2 3 0 0 2 3 3 1 0.945826 0.000000 
9 6 116 0 5 3 1 0 2 4 4 1 1.055839 0.000000 
9 6 117 0 3 3 1 0 1 4 4 1 0.898167 0.000000 
9 6 118 1 1 1 1 1 1 2 2 1 0.907015 0.000000 
9 6 119 0 0 0 0 1 1 1 1 1 0.643326 0.000000 
9 6 120 0 5 1 4 2 2 2 2 1 0.830136 0.000000 
9 6 121 0 3 1 1 1 0 2 2 1 0.841675 0.000000 
9 6 122 0 3 1 1 2 0 2 2 1 0.740607 0.000000 
9 6 123 0 0 2 5 2 0 3 3 1 1.058505 0.000000 
9 6 124 0 3 3 5 2 1 4 4 1 0.716843 0.000000 
9 6 125 0 2 2 0 0 1 3 3 1 0.892312 0.000000 
9 6 126 0 5 1 1 1 2 2 2 1 0.861309 0.000000 
9 6 127 1 2 2 2 1 1 3 3 1 1.023479 0.000000 
9 6 128 1 2 0 0 0 0 3 3 1 0.915126 0.000000 
9 6 129 0 3 1 1 1 0 2 2 1 1.755499 0.000000 
9 6 130 1 1 0 4 2 2 2 2 1 1.017014 0.000000 
9 6 131 0 4 1 1 0 2 2 2 1 0.676670 0.000000 
9 6 132 0 1 3 3 0 0 4 4 1 1.038200 0.000000 
9 6 133 0 1 1 2 2 1 2 2 1 0.809160 0.000000 
9 6 134 0 1 3 3 1 0 4 4 1 0.837404 0.000000 
9 6 135 0 0 0 2 0 1 1 1 1 1.640331 0.000000 
9 6 136 0 0 2 2 1 0 3 3 1 1.923560 0.000000 
9 6 137 1 0 1 1 1 2 1 1 1 1.242509 0.000000 
9 6 138 1 1 2 3 0 2 2 2 1 1.389571 0.000000 
9 6 139 0 4 2 2 2 2 3 3 1 0.802664 0.000000 
9 6 140 0 5 1 1 0 2 2 2 1 0.902855 0.000000 
9 6 141 0 4 2 2 1 2 3 3 1 1.343198 0.000000 
9 6 142 0 1 1 4 2 1 2 2 1 0.694224 0.000000 
9 6 143 0 3 3 3 1 1 4 4 1 0.687086 0.000000 
9 6 144 0 0 2 2 1 0 3 3 1 0.926979 0.000000 
9 6 145 0 3 1 1 0 0 2 2 1 0.886560 0.000000 
9 6 146 0 1 1 1 1 1 2 2 1 0.767453 0.000000 
9 6 147 1 2 0 0 1 0 3 3 1 0.892971 0.000000 
9 6 148 1 1 3 3 0 0 2 4 0 1.213923 0.000000 
9 6 149 0 4 1 1 1 2 2 2 1 1.294293 0.000000 
9 6 150 1 0 2 5 2 0 1 3 0 1.030913 0.000000 
9 6 151 0 3 1 5 2 0 2 2 1 1.237535 0.000000 
9 6 152 0 1 1 1 1 1 2 2 1 0.944213 0.000000 
9 6 153 0 1 1 3 0 1 2 2 1 0.719129 0.000000 
9 6 154 0 2 2 0 0 1 3 3 1 0.710609 0.000000 
9 6 155 0 4 1 1 0 2 2 2 1 0.838848 0.000000 
9 6 156 1 2 2 0 0 1 3 3 1 0.977711 0.000000 
9 6 157 0 4 1 1 0 2 2 2 1 0.823356 0.000000 
9 6 158 1 3 3 3 1 1 4 4 1 1.289912 0.000000 
9 6 159 0 1 3 3 1 0 4 4 1 1.355007 0.000000 
9 6 160 1 3 3 3 1 1 4 4 1 1.017477 0.000000 
9 6 161 0 4 2 4 2 2 3 3 1 2.349128 0.000000 
9 6 162 1 1 3 4 2 2 2 2 1 1.980148 0.000000 
9 6 163 0 4 1 5 2 2 2 2 1 0.681936 0.000000 
9 6 164 0 1 3 3 1 0 4 4 1 1.186424 0.000000 
9 6 165 0 4 3 1 0 2 4 4 1 1.231483 0.000000 
9 6 166 1 3 1 4 2 0 4 4 1 1.115190 0.000000 
9 6 167 0 4 3 3 1 2 4 4 1 0.707556 0.000000 
9 6 168 0 5 0 4 2 2 1 1 1 1.019690 0.000000 
9 6 169 0 0 0 2 0 1 1 1 1 0.847381 0.000000 
9 6 170 0 3 1 1 0 0 2 2 1 0.906243 0.000000 
9 6 171 0 2 0 0 1 0 1 1 1 0.881510 0.000000 
9 6 172 0 5 2 1 0 2 3 3 1 1.307127 0.000000 
9 6 173 1 1 1 4 2 1 2 2 1 1.051476 0.000000 
9 6 174 0 2 2 2 1 1 3 3 1 0.845806 0.000000 
9 6 175 0 1 3 3 1 0 4 4 1 0.928789 0.000000 
9 6 176 0 2 2 2 2 1 3 3 1 1.640399 0.000000 
9 6 177 0 0 0 2 0 1 1 1 1 0.859594 0.000000 
9 6 178 0 2 0 4 2 0 1 1 1 2.948905 0.000000 
9 6 179 0 4 2 4 2 2 3 3 1 1.132113 0.000000 
9 6 180 0 1 1 3 0 1 2 2 1 1.155581 0.000000 
9 6 181 0 3 3 3 1 1 4 4 1 0.809858 0.000000 
9 6 182 1 3 1 1 0 0 4 4 1 0.982143 0.000000 
9 6 183 0 4 3 3 1 2 4 4 1 0.787779 0.000000 
9 6 184 1 3 1 1 0 0 4 4 1 0.999665 0.000000 
9 6 185 0 4 3 3 1 2 4 4 1 0.724134 0.000000 
9 6 186 1 1 1 1 1 2 2 2 1 1.811531 0.000000 
9 6 187 0 0 0 0 1 1 1 1 1 0.840117 0.000000 
9 6 188 0 5 3 3 1 2 4 4 1 0.658995 0.000000 
9 6 189 0 3 1 0 2 0 2 2 1 1.853230 0.000000 
9 6 190 0 5 2 4 2 2 3 3 1 0.855784 0.000000 
9 6 191 0 4 1 4 2 2 2 2 1 0.993005 0.000000 
9 6 192 0 0 2 2 0 0 3 3 1 0.926022 0.000000 
