10 1 1 1 2 0 5 2 0 3 0 0 5.000055 0.000000 
10 1 2 0 3 3 4 2 1 4 4 1 2.365964 0.000000 
10 1 3 1 2 0 0 0 0 3 3 1 1.260110 0.000000 
10 1 4 0 5 0 1 0 2 1 1 1 1.197881 0.000000 
10 1 5 1 2 0 0 2 0 3 3 1 1.265446 0.000000 
10 1 6 1 0 2 2 1 0 1 1 1 1.499931 0.000000 
10 1 7 0 1 3 3 0 0 4 4 1 0.908451 0.000000 
10 1 8 0 3 3 3 1 1 4 4 1 0.572693 0.000000 
10 1 9 0 4 2 2 1 2 3 3 1 0.986011 0.000000 
10 1 10 0 1 3 3 0 0 4 4 1 1.134540 0.000000 
10 1 11 0 4 2 4 2 2 3 2 0 0.933612 0.000000 
10 1 12 0 5 0 1 0 2 1 1 1 0.791581 0.000000 
10 1 13 0 4 1 5 2 2 2 2 1 0.756000 0.000000 
10 1 14 0 2 0 5 2 0 1 1 1 1.026251 0.000000 
10 1 15 0 0 0 0 1 1 1 1 1 0.797898 0.000000 
10 1 16 0 5 3 1 0 2 4 3 0 0.858827 0.000000 
10 1 17 0 0 2 0 2 0 3 3 1 1.233132 0.000000 
10 1 18 0 5 3 1 0 2 4 4 1 1.339961 0.000000 
10 1 19 0 4 0 1 0 2 1 1 1 0.737825 0.000000 
10 1 20 0 5 3 4 2 2 4 4 1 1.112756 0.000000 
10 1 21 0 4 2 1 0 2 3 3 1 1.097116 0.000000 
10 1 22 0 0 0 2 0 1 1 1 1 0.674082 0.000000 
10 1 23 1 2 1 0 0 2 3 3 1 1.451666 0.000000 
10 1 24 0 5 0 4 2 2 1 1 1 0.870182 0.000000 
10 1 25 1 0 1 4 2 2 1 1 1 1.775795 0.000000 
10 1 26 0 3 1 1 1 0 2 2 1 1.620747 0.000000 
10 1 27 1 0 0 4 2 1 1 1 1 0.728642 0.000000 
10 1 28 0 5 3 3 1 2 4 4 1 0.824237 0.000000 
10 1 29 0 1 1 1 1 1 2 2 1 0.899821 0.000000 
10 1 30 1 3 1 1 0 0 4 4 1 1.196095 0.000000 
10 1 31 0 2 2 0 0 1 3 3 1 1.201190 0.000000 
10 1 32 0 1 1 0 2 1 2 2 1 1.332582 0.000000 
10 1 33 1 2 0 0 0 0 3 3 1 1.091941 0.000000 
10 1 34 1 1 3 4 2 2 2 2 1 1.628770 0.000000 
10 1 35 1 2 1 4 2 2 3 2 0 0.960623 0.000000 
10 1 36 0 5 3 3 1 2 4 4 1 0.970978 0.000000 
10 1 37 0 1 1 5 2 1 2 2 1 1.328056 0.000000 
10 1 38 0 0 2 4 2 0 3 3 1 0.847959 0.000000 
10 1 39 0 2 2 0 0 1 3 3 1 0.793858 0.000000 
10 1 40 0 2 2 2 1 1 3 3 1 0.798780 0.000000 
10 1 41 0 3 3 1 0 1 4 4 1 0.835708 0.000000 
10 1 42 0 2 2 5 2 1 3 3 1 0.934636 0.000000 
10 1 43 1 2 2 2 1 2 3 4 0 1.317596 0.000000 
10 1 44 0 5 1 0 2 2 2 2 1 0.881411 0.000000 
10 1 45 0 1 3 5 2 0 4 3 0 0.914540 0.000000 
10 1 46 1 1 1 4 2 2 2 2 1 1.517880 0.000000 
10 1 47 0 3 1 1 1 0 2 2 1 1.397267 0.000000 
10 1 48 1 3 3 1 0 1 4 3 0 0.970370 0.000000 
10 1 49 1 1 3 3 1 0 2 2 1 2.036117 0.000000 
10 1 50 0 1 1 1 1 1 2 2 1 0.726976 0.000000 
10 1 51 1 2 3 4 2 2 3 4 0 0.925577 0.000000 
10 1 52 0 5 2 2 1 2 3 3 1 1.497214 0.000000 
10 1 53 0 1 1 5 2 1 2 2 1 0.729852 0.000000 
10 1 54 0 1 1 3 0 1 2 2 1 0.681448 0.000000 
10 1 55 0 3 3 3 1 1 4 4 1 0.850990 0.000000 
10 1 56 0 5 3 5 2 2 4 4 1 0.749256 0.000000 
10 1 57 0 3 3 3 1 1 4 4 1 0.563943 0.000000 
10 1 58 0 5 1 4 2 2 2 2 1 0.728753 0.000000 
10 1 59 0 2 0 0 1 0 1 1 1 0.608175 0.000000 
10 1 60 0 3 1 4 2 0 2 2 1 0.908371 0.000000 
10 1 61 1 3 3 0 2 1 4 4 1 1.300685 0.000000 
10 1 62 0 5 2 4 2 2 3 2 0 0.909134 0.000000 
10 1 63 0 0 0 4 2 1 1 1 1 0.841440 0.000000 
10 1 64 0 2 2 0 0 1 3 3 1 0.779850 0.000000 
10 1 65 1 0 0 0 1 2 1 1 1 0.777441 0.000000 
10 1 66 0 2 2 2 1 1 3 4 0 0.837934 0.000000 
10 1 67 0 1 1 1 1 1 2 2 1 0.780947 0.000000 
10 1 68 1 3 1 4 2 0 4 2 0 1.714068 0.000000 
10 1 69 0 1 1 4 2 1 2 2 1 0.726672 0.000000 
10 1 70 1 2 2 2 1 1 3 3 1 1.141755 0.000000 
10 1 71 0 0 0 2 0 1 1 2 0 0.988825 0.000000 
10 1 72 1 3 1 1 0 0 4 4 1 1.108829 0.000000 
10 1 73 0 4 0 0 1 2 1 1 1 0.796722 0.000000 
10 1 74 0 5 2 1 0 2 3 3 1 2.361665 0.000000 
10 1 75 0 2 0 0 0 0 1 1 1 0.856462 0.000000 
10 1 76 0 2 2 0 2 1 3 3 1 1.010764 0.000000 
10 1 77 0 1 1 0 2 1 2 2 1 0.799064 0.000000 
10 1 78 0 5 2 2 1 2 3 3 1 1.059927 0.000000 
10 1 79 0 2 0 0 0 0 1 2 0 0.629281 0.000000 
10 1 80 0 0 2 2 1 0 3 3 1 0.908867 0.000000 
10 1 81 0 3 3 1 0 1 4 4 1 1.484655 0.000000 
10 1 82 0 3 3 3 1 1 4 4 1 0.589865 0.000000 
10 1 83 1 3 1 4 2 0 4 4 1 1.386704 0.000000 
10 1 84 0 5 1 1 0 2 2 2 1 1.183878 0.000000 
10 1 85 0 4 1 1 1 2 2 2 1 0.788932 0.000000 
10 1 86 0 1 3 4 2 0 4 4 1 0.824836 0.000000 
10 1 87 0 0 2 5 2 0 3 2 0 1.580484 0.000000 
10 1 88 1 3 0 1 0 2 4 1 0 0.958340 0.000000 
10 1 89 0 1 1 4 2 1 2 2 1 0.760181 0.000000 
10 1 90 0 2 0 0 0 0 1 1 1 0.813972 0.000000 
10 1 91 0 0 0 0 1 1 1 2 0 1.410227 0.000000 
10 1 92 0 5 0 1 0 2 1 1 1 1.193687 0.000000 
10 1 93 0 3 3 1 0 1 4 4 1 1.526332 0.000000 
10 1 94 0 5 0 0 1 2 1 1 1 1.110179 0.000000 
10 1 95 0 1 1 4 2 1 2 2 1 0.726520 0.000000 
10 1 96 0 0 2 2 0 0 3 3 1 0.806095 0.000000 
10 1 97 0 4 0 1 0 2 1 1 1 0.770344 0.000000 
10 1 98 0 5 3 1 0 2 4 4 1 1.263932 0.000000 
10 1 99 0 1 3 3 0 0 4 4 1 0.769291 0.000000 
10 1 100 1 2 0 0 0 0 3 4 0 0.798871 0.000000 
10 1 101 1 2 0 0 1 0 3 3 1 1.079862 0.000000 
10 1 102 1 1 1 1 1 1 2 2 1 1.113062 0.000000 
10 1 103 0 4 0 0 1 2 1 1 1 0.833444 0.000000 
10 1 104 0 1 3 3 1 0 4 4 1 1.548390 0.000000 
10 1 105 1 0 0 4 2 1 1 1 1 1.131597 0.000000 
10 1 106 0 0 0 2 0 1 1 1 1 0.682300 0.000000 
10 1 107 0 0 2 2 1 0 3 3 1 0.803838 0.000000 
10 1 108 0 0 0 0 2 1 1 1 1 0.824083 0.000000 
10 1 109 0 1 1 1 1 1 2 2 1 0.819617 0.000000 
10 1 110 0 3 1 1 0 0 2 2 1 0.823240 0.000000 
10 1 111 1 3 3 1 0 1 4 4 1 1.018819 0.000000 
10 1 112 0 3 1 5 2 0 2 2 1 1.309590 0.000000 
10 1 113 0 3 1 4 2 0 2 2 1 0.757946 0.000000 
10 1 114 0 5 2 2 1 2 3 3 1 0.964200 0.000000 
10 1 115 0 2 0 4 2 0 1 1 1 0.922514 0.000000 
10 1 116 0 5 1 1 1 2 2 2 1 0.762138 0.000000 
10 1 117 0 4 1 1 1 2 2 2 1 0.856374 0.000000 
10 1 118 0 1 3 5 2 0 4 4 1 0.954658 0.000000 
10 1 119 0 3 1 1 0 0 2 2 1 1.544986 0.000000 
10 1 120 0 2 2 0 0 1 3 3 1 1.015139 0.000000 
10 1 121 0 0 0 2 0 1 1 1 1 0.835487 0.000000 
10 1 122 0 0 2 0 2 0 3 3 1 1.390478 0.000000 
10 1 123 1 0 0 2 0 1 1 1 1 1.219576 0.000000 
10 1 124 0 5 0 4 2 2 1 1 1 0.831320 0.000000 
10 1 125 0 3 1 1 0 0 2 3 0 1.146931 0.000000 
10 1 126 0 5 1 4 2 2 2 2 1 1.228980 0.000000 
10 1 127 0 4 1 1 0 2 2 2 1 0.760193 0.000000 
10 1 128 0 0 0 2 0 1 1 1 1 0.710495 0.000000 
10 1 129 0 4 2 2 1 2 3 3 1 0.998709 0.000000 
10 1 130 0 5 1 1 0 2 2 1 0 1.123705 0.000000 
10 1 131 1 2 1 4 2 2 3 3 1 1.511439 0.000000 
10 1 132 0 5 0 4 2 2 1 2 0 0.791450 0.000000 
10 1 133 0 0 0 2 0 1 1 1 1 0.767376 0.000000 
10 1 134 1 3 1 1 0 0 4 4 1 0.996492 0.000000 
10 1 135 0 1 1 1 1 1 2 2 1 0.889467 0.000000 
10 1 136 0 5 1 5 2 2 2 2 1 0.666438 0.000000 
10 1 137 0 4 1 1 1 2 2 2 1 0.523946 0.000000 
10 1 138 0 1 1 1 1 1 2 2 1 0.555424 0.000000 
10 1 139 0 3 1 1 1 0 2 4 0 2.737687 0.000000 
10 1 140 1 2 0 0 1 0 3 3 1 1.324309 0.000000 
10 1 141 0 2 2 2 1 1 3 3 1 1.379510 0.000000 
10 1 142 0 2 2 4 2 1 3 3 1 0.769410 0.000000 
10 1 143 0 3 1 1 1 0 2 2 1 1.511001 0.000000 
10 1 144 1 3 2 4 2 2 4 4 1 1.319510 0.000000 
10 1 145 1 2 2 0 2 1 3 3 1 1.231292 0.000000 
10 1 146 1 1 3 3 1 2 2 2 1 2.234037 0.000000 
10 1 147 1 0 2 2 1 0 1 1 1 0.861524 0.000000 
10 1 148 0 1 1 3 0 1 2 2 1 0.951815 0.000000 
10 1 149 0 4 3 1 0 2 4 4 1 0.958131 0.000000 
10 1 150 1 1 1 3 0 1 2 2 1 1.100430 0.000000 
10 1 151 0 1 3 0 2 0 4 4 1 1.060812 0.000000 
10 1 152 0 2 0 0 2 0 1 1 1 0.879132 0.000000 
10 1 153 0 2 0 0 1 0 1 1 1 0.583748 0.000000 
10 1 154 0 1 3 3 1 0 4 4 1 0.916579 0.000000 
10 1 155 0 0 2 4 2 0 3 3 1 1.012234 0.000000 
10 1 156 0 2 0 0 0 0 1 1 1 0.944508 0.000000 
10 1 157 1 0 2 2 0 2 1 1 1 1.143536 0.000000 
10 1 158 1 2 0 0 1 0 3 3 1 1.878615 0.000000 
10 1 159 1 3 3 1 0 1 4 4 1 2.327585 0.000000 
10 1 160 0 1 1 0 2 1 2 1 0 1.055779 0.000000 
10 1 161 0 4 2 1 0 2 3 3 1 1.662163 0.000000 
10 1 162 0 2 2 2 1 1 3 3 1 0.928236 0.000000 
10 1 163 0 4 2 1 0 2 3 3 1 0.911896 0.000000 
10 1 164 0 3 3 1 0 1 4 4 1 1.016195 0.000000 
10 1 165 0 1 3 5 2 0 4 4 1 0.732068 0.000000 
10 1 166 0 3 1 1 1 0 2 2 1 1.514434 0.000000 
10 1 167 1 0 2 2 1 0 1 1 1 0.922919 0.000000 
10 1 168 0 5 3 1 0 2 4 4 1 0.986527 0.000000 
10 1 169 0 4 1 1 1 2 2 2 1 0.927547 0.000000 
10 1 170 1 0 0 5 2 1 1 1 1 1.055176 0.000000 
10 1 171 0 0 0 5 2 1 1 1 1 0.673532 0.000000 
10 1 172 1 3 3 5 2 1 4 4 1 1.490046 0.000000 
10 1 173 0 4 1 1 1 2 2 2 1 1.011242 0.000000 
10 1 174 0 2 0 4 2 0 1 1 1 1.647598 0.000000 
10 1 175 1 0 2 2 0 0 1 2 0 1.210785 0.000000 
10 1 176 0 0 2 0 2 0 3 1 0 0.747249 0.000000 
10 1 177 0 0 0 2 0 1 1 1 1 1.141697 0.000000 
10 1 178 1 3 3 3 1 1 4 4 1 1.339266 0.000000 
10 1 179 0 4 2 4 2 2 3 3 1 0.954406 0.000000 
10 1 180 0 3 1 1 0 0 2 2 1 0.856687 0.000000 
10 1 181 0 2 0 0 0 0 1 1 1 0.810960 0.000000 
10 1 182 1 1 2 2 1 2 2 2 1 1.919274 0.000000 
10 1 183 0 1 3 3 1 0 4 4 1 1.607285 0.000000 
10 1 184 1 3 2 0 2 2 4 4 1 1.387829 0.000000 
10 1 185 0 4 0 0 1 2 1 1 1 0.927952 0.000000 
10 1 186 0 5 3 1 0 2 4 4 1 0.919603 0.000000 
10 1 187 0 0 0 0 1 1 1 1 1 0.783246 0.000000 
10 1 188 0 3 3 3 1 1 4 4 1 3.228234 0.000000 
10 1 189 1 3 1 1 0 0 4 4 1 1.024638 0.000000 
10 1 190 0 3 1 1 1 0 2 2 1 1.380379 0.000000 
10 1 191 0 0 2 2 1 0 3 3 1 1.809219 0.000000 
10 1 192 0 5 2 2 1 2 3 3 1 0.629795 0.000000 
10 2 1 1 1 1 1 1 1 2 2 1 2.288711 0.000000 
10 2 2 1 1 0 2 0 0 2 2 1 1.329632 0.000000 
10 2 3 1 0 0 1 0 1 1 1 1 0.881435 0.000000 
10 2 4 0 2 2 3 0 1 3 3 1 1.027064 0.000000 
10 2 5 0 4 3 0 0 2 4 4 1 0.982732 0.000000 
10 2 6 0 2 2 4 2 1 3 3 1 0.891006 0.000000 
10 2 7 1 1 0 2 0 0 2 2 1 1.435657 0.000000 
10 2 8 0 5 3 0 0 2 4 4 1 1.094853 0.000000 
10 2 9 0 2 1 4 2 0 2 2 1 2.623853 0.000000 
10 2 10 0 1 0 3 2 0 1 1 1 0.916174 0.000000 
10 2 11 1 0 3 1 0 0 1 1 1 1.444060 0.000000 
10 2 12 1 3 3 3 1 2 4 4 1 1.710008 0.000000 
10 2 13 1 0 3 5 2 2 1 1 1 1.494560 0.000000 
10 2 14 0 0 0 4 2 1 1 1 1 1.919834 0.000000 
10 2 15 0 4 3 3 1 2 4 4 1 0.991805 0.000000 
10 2 16 1 3 3 4 2 1 4 4 1 1.372795 0.000000 
10 2 17 0 4 2 4 2 2 3 3 1 1.714642 0.000000 
10 2 18 0 1 1 2 0 1 2 2 1 0.858213 0.000000 
10 2 19 0 4 0 0 0 2 1 1 1 0.820496 0.000000 
10 2 20 1 1 0 2 0 0 2 1 0 1.056050 0.000000 
10 2 21 0 3 2 1 2 0 3 3 1 2.510548 0.000000 
10 2 22 0 1 1 1 1 1 2 2 1 1.550911 0.000000 
10 2 23 0 4 3 4 2 2 4 4 1 0.965439 0.000000 
10 2 24 1 2 2 3 0 1 3 3 1 1.610778 0.000000 
10 2 25 0 1 1 1 1 1 2 2 1 1.399330 0.000000 
10 2 26 0 0 0 4 2 1 1 1 1 0.732046 0.000000 
10 2 27 1 3 2 2 1 0 4 4 1 2.323412 0.000000 
10 2 28 1 3 1 0 0 2 4 4 1 1.435543 0.000000 
10 2 29 0 0 3 1 0 0 4 4 1 1.654759 0.000000 
10 2 30 0 5 2 2 1 2 3 3 1 0.800326 0.000000 
10 2 31 0 2 1 3 0 0 2 2 1 1.404577 0.000000 
10 2 32 0 2 2 3 0 1 3 3 1 0.921042 0.000000 
10 2 33 0 3 2 2 1 0 3 3 1 1.792714 0.000000 
10 2 34 0 5 1 1 1 2 2 2 1 1.125981 0.000000 
10 2 35 0 4 3 0 0 2 4 4 1 1.469714 0.000000 
10 2 36 1 2 2 4 2 1 3 3 1 2.366561 0.000000 
10 2 37 1 0 2 4 2 2 1 1 1 1.060741 0.000000 
10 2 38 0 2 2 3 0 1 3 3 1 0.815095 0.000000 
10 2 39 0 3 3 4 2 1 4 4 1 1.307388 0.000000 
10 2 40 0 5 3 0 0 2 4 4 1 0.955844 0.000000 
10 2 41 1 0 0 0 1 1 1 1 1 1.594144 0.000000 
10 2 42 0 3 3 0 0 1 4 4 1 3.246438 0.000000 
10 2 43 0 1 0 0 1 0 1 1 1 0.890215 0.000000 
10 2 44 0 5 3 0 0 2 4 3 0 0.795170 0.000000 
10 2 45 1 0 0 0 1 1 1 1 1 1.028116 0.000000 
10 2 46 0 0 0 4 2 1 1 1 1 1.799338 0.000000 
10 2 47 0 2 2 2 1 1 3 3 1 0.779923 0.000000 
10 2 48 0 5 1 4 2 2 2 2 1 0.984538 0.000000 
10 2 49 0 4 3 5 2 2 4 4 1 1.157529 0.000000 
10 2 50 0 5 2 0 0 2 3 3 1 1.059913 0.000000 
10 2 51 0 2 1 3 0 0 2 2 1 0.974259 0.000000 
10 2 52 0 3 2 5 2 0 3 3 1 2.563985 0.000000 
10 2 53 1 0 2 2 1 2 1 1 1 1.026838 0.000000 
10 2 54 0 3 3 3 2 1 4 4 1 0.918508 0.000000 
10 2 55 0 4 3 3 2 2 4 4 1 0.901140 0.000000 
10 2 56 0 1 1 1 1 1 2 2 1 0.805438 0.000000 
10 2 57 0 1 1 5 2 1 2 2 1 0.873681 0.000000 
10 2 58 0 2 1 3 0 0 2 2 1 0.651282 0.000000 
10 2 59 0 3 3 4 2 1 4 4 1 0.949468 0.000000 
10 2 60 1 0 0 1 0 1 1 1 1 0.900028 0.000000 
10 2 61 0 3 2 2 1 0 3 3 1 1.332111 0.000000 
10 2 62 0 3 3 3 1 1 4 4 1 0.626855 0.000000 
10 2 63 0 4 2 2 1 2 3 3 1 0.902391 0.000000 
10 2 64 0 0 3 1 0 0 4 4 1 1.102710 0.000000 
10 2 65 1 0 3 4 2 2 1 1 1 0.887057 0.000000 
10 2 66 0 5 0 0 1 2 1 1 1 0.936024 0.000000 
10 2 67 0 2 2 2 1 1 3 3 1 0.846936 0.000000 
10 2 68 0 0 3 3 1 0 4 1 0 0.721914 0.000000 
10 2 69 0 4 0 0 1 2 1 1 1 0.924484 0.000000 
10 2 70 0 3 2 2 1 0 3 3 1 0.987643 0.000000 
10 2 71 0 1 1 2 0 1 2 2 1 1.000639 0.000000 
10 2 72 0 3 3 0 0 1 4 4 1 1.060972 0.000000 
10 2 73 0 3 2 2 1 0 3 3 1 1.143319 0.000000 
10 2 74 0 5 1 1 2 2 2 2 1 0.790375 0.000000 
10 2 75 1 2 3 3 0 2 3 3 1 2.074365 0.000000 
10 2 76 0 3 2 0 0 0 3 3 1 1.148366 0.000000 
10 2 77 0 1 0 0 1 0 1 1 1 0.867400 0.000000 
10 2 78 1 1 1 2 0 2 2 2 1 1.101028 0.000000 
10 2 79 0 0 0 5 2 1 1 1 1 0.861389 0.000000 
10 2 80 0 1 1 5 2 1 2 2 1 1.719684 0.000000 
10 2 81 0 4 2 2 1 2 3 3 1 0.831579 0.000000 
10 2 82 0 1 0 0 1 0 1 1 1 0.722238 0.000000 
10 2 83 0 0 0 1 0 1 1 1 1 0.665756 0.000000 
10 2 84 0 5 3 3 1 2 4 4 1 0.955890 0.000000 
10 2 85 0 2 2 2 1 1 3 3 1 1.010251 0.000000 
10 2 86 1 2 1 4 2 0 3 3 1 1.022559 0.000000 
10 2 87 0 1 0 4 2 0 1 1 1 0.922241 0.000000 
10 2 88 0 1 0 0 1 0 1 1 1 0.985880 0.000000 
10 2 89 1 0 2 1 0 2 1 3 0 0.982862 0.000000 
10 2 90 0 5 2 4 2 2 3 3 1 0.919055 0.000000 
10 2 91 0 0 3 3 1 0 4 4 1 0.926689 0.000000 
10 2 92 1 2 1 1 1 0 3 3 1 1.966357 0.000000 
10 2 93 0 1 0 4 2 0 1 1 1 0.788359 0.000000 
10 2 94 0 5 2 2 1 2 3 3 1 0.761274 0.000000 
10 2 95 0 1 0 5 2 0 1 1 1 0.711520 0.000000 
10 2 96 1 3 2 0 0 2 4 4 1 0.966749 0.000000 
10 2 97 0 0 0 5 2 1 1 1 1 0.812400 0.000000 
10 2 98 0 0 3 1 0 0 4 4 1 0.960653 0.000000 
10 2 99 0 4 0 4 2 2 1 1 1 0.926940 0.000000 
10 2 100 0 2 2 2 1 1 3 3 1 1.086586 0.000000 
10 2 101 0 4 2 4 2 2 3 3 1 0.663602 0.000000 
10 2 102 0 5 2 0 0 2 3 3 1 0.617799 0.000000 
10 2 103 1 2 3 3 0 2 3 3 1 1.133308 0.000000 
10 2 104 0 2 1 1 1 0 2 2 1 1.163360 0.000000 
10 2 105 1 1 0 0 1 0 2 3 0 1.345752 0.000000 
10 2 106 1 2 2 3 0 1 3 3 1 1.044910 0.000000 
10 2 107 0 4 2 2 2 2 3 3 1 0.703436 0.000000 
10 2 108 0 5 3 3 1 2 4 4 1 1.727724 0.000000 
10 2 109 0 1 0 1 2 0 1 1 1 1.207614 0.000000 
10 2 110 0 2 2 4 2 1 3 3 1 1.010976 0.000000 
10 2 111 0 4 3 0 0 2 4 4 1 1.047342 0.000000 
10 2 112 1 2 1 1 1 0 3 3 1 3.498442 0.000000 
10 2 113 0 4 2 0 0 2 3 3 1 0.643891 0.000000 
10 2 114 0 2 1 1 1 0 2 2 1 2.078578 0.000000 
10 2 115 0 4 2 0 0 2 3 3 1 0.960549 0.000000 
10 2 116 0 0 3 1 0 0 4 4 1 0.957896 0.000000 
10 2 117 0 0 0 1 0 1 1 1 1 0.876228 0.000000 
10 2 118 0 3 2 4 2 0 3 3 1 0.765814 0.000000 
10 2 119 0 4 3 0 0 2 4 4 1 1.179901 0.000000 
10 2 120 0 2 2 2 1 1 3 3 1 0.897122 0.000000 
10 2 121 0 2 2 3 0 1 3 3 1 0.642062 0.000000 
10 2 122 0 5 0 0 1 2 1 1 1 0.924052 0.000000 
10 2 123 0 2 2 3 0 1 3 3 1 0.715532 0.000000 
10 2 124 0 0 3 4 2 0 4 4 1 0.947785 0.000000 
10 2 125 0 0 3 1 0 0 4 4 1 0.538763 0.000000 
10 2 126 0 0 3 4 2 0 4 4 1 0.561564 0.000000 
10 2 127 1 2 2 5 2 2 3 3 1 1.439732 0.000000 
10 2 128 0 0 0 2 2 1 1 1 1 1.258921 0.000000 
10 2 129 0 3 2 2 1 0 3 3 1 1.421327 0.000000 
10 2 130 0 3 2 0 0 0 3 3 1 1.016138 0.000000 
10 2 131 0 0 0 4 2 1 1 1 1 0.716058 0.000000 
10 2 132 0 3 2 0 0 0 3 1 0 0.619932 0.000000 
10 2 133 0 1 0 2 0 0 1 1 1 1.499599 0.000000 
10 2 134 0 0 3 3 1 0 4 4 1 0.908096 0.000000 
10 2 135 0 1 0 0 1 0 1 1 1 2.427966 0.000000 
10 2 136 0 5 0 0 0 2 1 1 1 0.767164 0.000000 
10 2 137 1 0 1 4 2 2 1 1 1 1.468739 0.000000 
10 2 138 0 3 3 0 0 1 4 4 1 1.278570 0.000000 
10 2 139 1 1 1 2 0 1 2 2 1 1.704345 0.000000 
10 2 140 1 0 0 0 1 1 1 1 1 1.064932 0.000000 
10 2 141 0 0 3 3 1 0 4 4 1 0.971310 0.000000 
10 2 142 1 3 2 2 1 0 4 4 1 1.679987 0.000000 
10 2 143 0 4 2 5 2 2 3 3 1 1.529813 0.000000 
10 2 144 1 2 2 2 1 1 3 3 1 1.217686 0.000000 
10 2 145 0 4 3 0 0 2 4 4 1 0.869503 0.000000 
10 2 146 0 2 2 3 2 1 3 3 1 0.838961 0.000000 
10 2 147 0 3 3 0 0 1 4 4 1 1.042024 0.000000 
10 2 148 1 3 0 0 1 2 4 4 1 1.925065 0.000000 
10 2 149 1 3 2 5 2 0 4 4 1 0.747980 0.000000 
10 2 150 1 1 1 2 0 1 2 2 1 1.538985 0.000000 
10 2 151 0 4 0 4 2 2 1 1 1 2.586254 0.000000 
10 2 152 0 5 2 2 1 2 3 3 1 0.863776 0.000000 
10 2 153 0 2 2 5 2 1 3 3 1 2.506139 0.000000 
10 2 154 0 0 3 1 0 0 4 1 0 0.706978 0.000000 
10 2 155 1 2 1 1 1 2 3 3 1 1.406253 0.000000 
10 2 156 1 3 2 4 2 0 4 4 1 1.090233 0.000000 
10 2 157 0 1 0 5 2 0 1 2 0 1.299292 0.000000 
10 2 158 0 2 2 2 1 1 3 3 1 0.847905 0.000000 
10 2 159 1 1 0 0 1 0 2 2 1 1.498862 0.000000 
10 2 160 0 0 3 5 2 0 4 4 1 2.059023 0.000000 
10 2 161 0 2 2 4 2 1 3 3 1 1.829807 0.000000 
10 2 162 0 1 1 2 2 1 2 2 1 0.913760 0.000000 
10 2 163 1 0 3 1 2 0 1 2 0 1.282076 0.000000 
10 2 164 0 5 2 0 0 2 3 2 0 1.031841 0.000000 
10 2 165 1 0 1 1 1 2 1 1 1 1.335074 0.000000 
10 2 166 0 5 1 4 2 2 2 2 1 0.956737 0.000000 
10 2 167 1 3 2 0 0 0 4 4 1 2.723076 0.000000 
10 2 168 0 5 0 1 2 2 1 1 1 1.083358 0.000000 
10 2 169 0 1 1 1 1 1 2 2 1 1.004353 0.000000 
10 2 170 0 2 1 1 1 0 2 2 1 1.424748 0.000000 
10 2 171 0 4 1 1 1 2 2 2 1 0.580536 0.000000 
10 2 172 0 0 3 5 2 0 4 4 1 1.082052 0.000000 
10 2 173 0 0 0 0 1 1 1 1 1 0.866733 0.000000 
10 2 174 0 3 3 0 0 1 4 1 0 0.732334 0.000000 
10 2 175 0 2 2 2 2 1 3 3 1 0.807908 0.000000 
10 2 176 0 3 2 4 2 0 3 3 1 2.147755 0.000000 
10 2 177 1 1 1 1 1 1 2 2 1 1.291151 0.000000 
10 2 178 1 1 1 2 0 1 2 2 1 2.052283 0.000000 
10 2 179 1 0 0 5 2 1 1 1 1 0.877969 0.000000 
10 2 180 0 5 2 5 2 2 3 3 1 1.207639 0.000000 
10 2 181 0 4 0 0 0 2 1 1 1 0.740027 0.000000 
10 2 182 0 2 2 3 0 1 3 3 1 0.826883 0.000000 
10 2 183 0 3 3 3 2 1 4 4 1 1.198523 0.000000 
10 2 184 0 2 1 1 1 0 2 2 1 1.515586 0.000000 
10 2 185 0 4 2 2 1 2 3 3 1 1.882984 0.000000 
10 2 186 0 5 1 5 2 2 2 2 1 1.012456 0.000000 
10 2 187 0 4 3 0 0 2 4 4 1 1.040803 0.000000 
10 2 188 0 2 1 1 1 0 2 2 1 1.419797 0.000000 
10 2 189 0 1 1 4 2 1 2 2 1 1.111633 0.000000 
10 2 190 0 5 3 3 1 2 4 4 1 0.912003 0.000000 
10 2 191 1 3 2 2 1 0 4 4 1 2.463368 0.000000 
10 2 192 0 3 2 0 0 0 3 3 1 0.882172 0.000000 
10 3 1 0 4 1 5 2 2 2 3 0 0.997683 0.000000 
10 3 2 0 5 2 2 1 2 3 3 1 0.806843 0.000000 
10 3 3 1 2 0 0 1 0 3 3 1 1.481605 0.000000 
10 3 4 0 5 1 5 2 2 2 2 1 1.099464 0.000000 
10 3 5 0 1 3 0 2 0 4 4 1 0.940059 0.000000 
10 3 6 1 2 2 3 0 1 3 3 1 1.802812 0.000000 
10 3 7 1 0 0 0 1 1 1 1 1 1.127456 0.000000 
10 3 8 0 1 1 4 2 1 2 2 1 0.990250 0.000000 
10 3 9 0 4 1 4 2 2 2 2 1 0.707132 0.000000 
10 3 10 0 5 2 2 1 2 3 3 1 1.291379 0.000000 
10 3 11 1 2 0 3 0 0 3 3 1 1.332410 0.000000 
10 3 12 0 5 3 3 1 2 4 4 1 0.804069 0.000000 
10 3 13 1 0 2 1 0 2 1 1 1 1.735896 0.000000 
10 3 14 0 3 3 0 0 1 4 4 1 1.191152 0.000000 
10 3 15 0 3 1 0 0 0 2 2 1 1.108222 0.000000 
10 3 16 0 2 2 3 0 1 3 3 1 1.459606 0.000000 
10 3 17 0 4 2 0 0 2 3 3 1 0.974112 0.000000 
10 3 18 0 0 0 0 1 1 1 1 1 0.883726 0.000000 
10 3 19 0 0 2 0 2 0 3 3 1 0.932712 0.000000 
10 3 20 0 0 2 2 2 0 3 3 1 1.092161 0.000000 
10 3 21 0 3 3 0 0 1 4 4 1 0.980702 0.000000 
10 3 22 0 1 3 5 2 0 4 4 1 0.610319 0.000000 
10 3 23 0 4 3 0 0 2 4 4 1 0.797522 0.000000 
10 3 24 1 3 1 0 0 2 4 4 1 1.394447 0.000000 
10 3 25 0 4 1 0 0 2 2 2 1 0.855599 0.000000 
10 3 26 0 2 2 2 1 1 3 3 1 0.833826 0.000000 
10 3 27 0 3 1 4 2 0 2 2 1 0.932788 0.000000 
10 3 28 0 2 2 2 1 1 3 3 1 0.915990 0.000000 
10 3 29 0 0 2 1 0 0 3 3 1 1.426962 0.000000 
10 3 30 0 5 0 0 1 2 1 1 1 0.894883 0.000000 
10 3 31 1 3 3 0 0 1 4 4 1 1.215814 0.000000 
10 3 32 0 0 0 1 0 1 1 1 1 0.924054 0.000000 
10 3 33 0 0 0 1 0 1 1 1 1 0.651205 0.000000 
10 3 34 0 3 1 1 1 0 2 2 1 0.853410 0.000000 
10 3 35 0 4 0 0 0 2 1 1 1 0.799678 0.000000 
10 3 36 1 3 1 1 1 2 4 4 1 1.107208 0.000000 
10 3 37 0 4 1 1 1 2 2 2 1 0.923306 0.000000 
10 3 38 1 1 0 2 0 2 2 2 1 1.490971 0.000000 
10 3 39 0 4 1 1 1 2 2 2 1 0.868111 0.000000 
10 3 40 0 5 2 4 2 2 3 3 1 1.141764 0.000000 
10 3 41 0 0 2 4 2 0 3 3 1 1.068797 0.000000 
10 3 42 0 5 1 4 2 2 2 2 1 0.950500 0.000000 
10 3 43 1 2 0 3 0 0 3 3 1 1.132755 0.000000 
10 3 44 0 0 2 2 1 0 3 3 1 1.755125 0.000000 
10 3 45 0 3 1 0 0 0 2 2 1 1.009468 0.000000 
10 3 46 0 5 0 4 2 2 1 1 1 0.653781 0.000000 
10 3 47 1 2 1 1 1 2 3 3 1 1.271971 0.000000 
10 3 48 0 1 1 5 2 1 2 2 1 0.969754 0.000000 
10 3 49 1 3 1 4 2 0 4 4 1 1.559418 0.000000 
10 3 50 1 1 1 1 1 2 2 2 1 1.484962 0.000000 
10 3 51 0 1 1 4 2 1 2 2 1 1.334167 0.000000 
10 3 52 0 5 0 0 0 2 1 1 1 0.693261 0.000000 
10 3 53 0 4 3 0 0 2 4 4 1 1.246149 0.000000 
10 3 54 0 5 0 0 1 2 1 1 1 0.961241 0.000000 
10 3 55 1 2 3 3 2 2 3 3 1 1.119528 0.000000 
10 3 56 1 1 1 4 2 1 2 2 1 2.342331 0.000000 
10 3 57 1 1 3 2 0 0 2 2 1 1.981798 0.000000 
10 3 58 0 3 1 4 2 0 2 2 1 1.131841 0.000000 
10 3 59 0 1 1 1 1 1 2 2 1 0.699526 0.000000 
10 3 60 1 0 0 1 0 1 1 1 1 0.915983 0.000000 
10 3 61 0 1 1 1 1 1 2 2 1 0.891934 0.000000 
10 3 62 0 2 0 5 2 0 1 1 1 0.973001 0.000000 
10 3 63 0 2 0 4 2 0 1 1 1 0.689615 0.000000 
10 3 64 1 2 2 1 2 1 3 3 1 1.106508 0.000000 
10 3 65 0 4 2 4 2 2 3 3 1 1.410920 0.000000 
10 3 66 0 1 1 1 1 1 2 2 1 1.087381 0.000000 
10 3 67 0 4 2 0 0 2 3 3 1 1.080427 0.000000 
10 3 68 1 2 0 0 1 0 3 3 1 1.146028 0.000000 
10 3 69 1 3 1 1 1 0 4 4 1 1.009120 0.000000 
10 3 70 0 3 1 0 0 0 2 2 1 1.388497 0.000000 
10 3 71 0 1 3 5 2 0 4 4 1 1.185626 0.000000 
10 3 72 0 3 1 1 1 0 2 2 1 1.334729 0.000000 
10 3 73 0 4 2 2 1 2 3 3 1 2.325897 0.000000 
10 3 74 0 2 0 1 2 0 1 1 1 1.125990 0.000000 
10 3 75 0 2 0 3 0 0 1 1 1 0.701706 0.000000 
10 3 76 0 3 1 0 0 0 2 2 1 0.764920 0.000000 
10 3 77 0 4 1 1 1 2 2 2 1 0.667168 0.000000 
10 3 78 0 3 3 2 2 1 4 4 1 1.076693 0.000000 
10 3 79 0 0 2 2 1 0 3 3 1 1.070417 0.000000 
10 3 80 0 5 2 2 1 2 3 3 1 0.888077 0.000000 
10 3 81 1 3 1 0 0 0 4 4 1 1.881078 0.000000 
10 3 82 0 5 0 4 2 2 1 1 1 1.370071 0.000000 
10 3 83 0 1 1 2 0 1 2 2 1 1.263806 0.000000 
10 3 84 0 2 0 3 0 0 1 1 1 1.698307 0.000000 
10 3 85 0 4 2 0 0 2 3 3 1 1.051562 0.000000 
10 3 86 0 5 0 0 0 2 1 1 1 0.917897 0.000000 
10 3 87 0 3 1 0 0 0 2 2 1 1.221542 0.000000 
10 3 88 0 0 2 2 1 0 3 3 1 0.960371 0.000000 
10 3 89 1 0 0 5 2 1 1 1 1 1.550585 0.000000 
10 3 90 1 0 0 0 1 1 1 1 1 0.949127 0.000000 
10 3 91 0 4 2 0 0 2 3 3 1 1.299970 0.000000 
10 3 92 0 5 3 3 1 2 4 1 0 1.396608 0.000000 
10 3 93 0 4 1 1 1 2 2 2 1 0.861723 0.000000 
10 3 94 1 2 0 0 1 0 3 3 1 2.038629 0.000000 
10 3 95 0 2 0 3 0 0 1 1 1 1.129890 0.000000 
10 3 96 0 0 2 2 1 0 3 3 1 2.921736 0.000000 
10 3 97 0 2 2 2 1 1 3 3 1 0.714020 0.000000 
10 3 98 1 1 1 2 0 1 2 2 1 1.514270 0.000000 
10 3 99 0 1 3 2 0 0 4 4 1 1.274800 0.000000 
10 3 100 0 0 0 4 2 1 1 1 1 0.788574 0.000000 
10 3 101 1 1 1 1 1 1 2 2 1 1.696507 0.000000 
10 3 102 0 1 1 5 2 1 2 2 1 4.617928 0.000000 
10 3 103 0 1 3 2 0 0 4 4 1 1.182853 0.000000 
10 3 104 0 2 2 2 1 1 3 3 1 0.908145 0.000000 
10 3 105 0 4 2 2 1 2 3 3 1 0.684196 0.000000 
10 3 106 1 1 3 2 0 2 2 2 1 1.364052 0.000000 
10 3 107 0 2 2 3 0 1 3 3 1 0.946550 0.000000 
10 3 108 0 0 0 0 1 1 1 1 1 0.961541 0.000000 
10 3 109 0 4 0 0 1 2 1 1 1 0.647836 0.000000 
10 3 110 0 5 0 4 2 2 1 1 1 0.922697 0.000000 
10 3 111 0 1 1 1 1 1 2 2 1 1.314341 0.000000 
10 3 112 0 0 2 4 2 0 3 3 1 0.953866 0.000000 
10 3 113 0 4 1 1 1 2 2 2 1 1.416076 0.000000 
10 3 114 0 1 1 1 1 1 2 2 1 0.692147 0.000000 
10 3 115 1 2 0 3 0 0 3 3 1 2.172829 0.000000 
10 3 116 0 5 3 3 1 2 4 4 1 0.970921 0.000000 
10 3 117 0 4 2 0 0 2 3 3 1 1.880607 0.000000 
10 3 118 1 1 3 2 0 2 2 4 0 0.890546 0.000000 
10 3 119 0 4 3 5 2 2 4 4 1 0.814577 0.000000 
10 3 120 0 1 3 2 0 0 4 4 1 0.810315 0.000000 
10 3 121 0 4 0 0 0 2 1 1 1 0.830563 0.000000 
10 3 122 0 5 3 3 1 2 4 4 1 0.922167 0.000000 
10 3 123 0 3 3 3 1 1 4 4 1 0.777760 0.000000 
10 3 124 0 1 3 4 2 0 4 4 1 1.919417 0.000000 
10 3 125 1 1 3 5 2 0 2 4 0 0.767375 0.000000 
10 3 126 0 3 3 3 1 1 4 4 1 0.839949 0.000000 
10 3 127 1 1 3 3 1 0 2 2 1 1.218434 0.000000 
10 3 128 1 3 3 4 2 2 4 4 1 1.486203 0.000000 
10 3 129 0 2 2 3 0 1 3 3 1 1.231341 0.000000 
10 3 130 1 2 2 5 2 1 3 3 1 1.347098 0.000000 
10 3 131 0 1 1 5 2 1 2 2 1 1.761386 0.000000 
10 3 132 0 2 2 2 1 1 3 3 1 1.703875 0.000000 
10 3 133 0 0 2 2 1 0 3 3 1 0.664453 0.000000 
10 3 134 0 0 0 0 1 1 1 1 1 0.618677 0.000000 
10 3 135 0 4 0 0 0 2 1 1 1 0.790225 0.000000 
10 3 136 0 0 0 0 1 1 1 1 1 0.675091 0.000000 
10 3 137 1 0 2 1 0 2 1 1 1 1.436664 0.000000 
10 3 138 1 0 0 4 2 1 1 1 1 0.791804 0.000000 
10 3 139 0 2 2 2 1 1 3 3 1 0.875752 0.000000 
10 3 140 0 5 2 4 2 2 3 3 1 1.021330 0.000000 
10 3 141 0 2 2 4 2 1 3 3 1 1.944985 0.000000 
10 3 142 0 5 3 3 1 2 4 4 1 2.104437 0.000000 
10 3 143 0 2 2 2 1 1 3 3 1 3.249217 0.000000 
10 3 144 0 1 3 3 1 0 4 4 1 1.027394 0.000000 
10 3 145 0 4 0 0 0 2 1 1 1 0.775031 0.000000 
10 3 146 1 3 1 1 1 0 4 4 1 2.300643 0.000000 
10 3 147 1 1 1 0 2 1 2 3 0 2.021475 0.000000 
10 3 148 0 1 3 4 2 0 4 4 1 1.117535 0.000000 
10 3 149 0 1 3 2 0 0 4 4 1 0.580702 0.000000 
10 3 150 0 1 3 3 1 0 4 4 1 0.562197 0.000000 
10 3 151 0 1 1 2 0 1 2 2 1 1.007363 0.000000 
10 3 152 1 3 2 5 2 2 4 4 1 1.235693 0.000000 
10 3 153 0 0 0 5 2 1 1 1 1 1.350806 0.000000 
10 3 154 0 5 0 5 2 2 1 1 1 0.557273 0.000000 
10 3 155 1 1 3 3 1 0 2 2 1 1.259448 0.000000 
10 3 156 0 2 0 3 0 0 1 1 1 0.765848 0.000000 
10 3 157 1 0 2 4 2 0 1 1 1 1.235973 0.000000 
10 3 158 1 3 1 4 2 0 4 4 1 1.110145 0.000000 
10 3 159 0 3 3 0 0 1 4 4 1 1.086577 0.000000 
10 3 160 0 0 2 4 2 0 3 3 1 1.047609 0.000000 
10 3 161 0 2 0 4 2 0 1 1 1 1.938648 0.000000 
10 3 162 0 0 0 1 0 1 1 1 1 0.729962 0.000000 
10 3 163 0 3 1 0 0 0 2 2 1 1.529566 0.000000 
10 3 164 0 2 2 5 2 1 3 3 1 1.104391 0.000000 
10 3 165 1 0 0 1 0 1 1 1 1 0.792748 0.000000 
10 3 166 0 2 2 2 1 1 3 3 1 1.829720 0.000000 
10 3 167 0 0 0 1 0 1 1 1 1 0.681662 0.000000 
10 3 168 0 1 3 2 0 0 4 4 1 1.683241 0.000000 
10 3 169 0 3 3 4 2 1 4 4 1 0.796467 0.000000 
10 3 170 1 3 1 0 0 0 4 4 1 1.017376 0.000000 
10 3 171 0 3 3 0 0 1 4 4 1 0.468026 0.000000 
10 3 172 0 5 2 0 0 2 3 3 1 0.893523 0.000000 
10 3 173 0 1 1 4 2 1 2 2 1 0.806457 0.000000 
10 3 174 0 5 2 0 2 2 3 3 1 1.962776 0.000000 
10 3 175 0 3 1 0 0 0 2 2 1 1.041398 0.000000 
10 3 176 0 5 2 5 2 2 3 3 1 1.708463 0.000000 
10 3 177 0 4 0 4 2 2 1 1 1 0.884069 0.000000 
10 3 178 0 3 3 4 2 1 4 4 1 1.629005 0.000000 
10 3 179 0 1 1 5 2 1 2 1 0 0.896883 0.000000 
10 3 180 0 5 0 5 2 2 1 1 1 0.725617 0.000000 
10 3 181 1 0 2 4 2 0 1 1 1 0.980935 0.000000 
10 3 182 1 3 3 4 2 1 4 4 1 0.706564 0.000000 
10 3 183 0 1 3 3 1 0 4 4 1 1.417917 0.000000 
10 3 184 1 2 2 2 1 1 3 3 1 1.157621 0.000000 
10 3 185 0 2 0 2 2 0 1 1 1 1.468025 0.000000 
10 3 186 0 0 2 2 1 0 3 3 1 1.205889 0.000000 
10 3 187 0 4 3 3 1 2 4 4 1 0.802269 0.000000 
10 3 188 1 3 0 0 0 2 4 4 1 1.198529 0.000000 
10 3 189 0 3 1 5 2 0 2 2 1 1.515623 0.000000 
10 3 190 0 1 1 1 1 1 2 2 1 0.763933 0.000000 
10 3 191 1 2 2 4 2 1 3 3 1 1.368711 0.000000 
10 3 192 0 5 0 0 0 2 1 1 1 0.750464 0.000000 
10 4 1 1 0 0 0 1 1 1 1 1 1.957195 0.000000 
10 4 2 0 5 1 4 2 2 2 2 1 0.859368 0.000000 
10 4 3 0 0 0 1 0 1 1 1 1 0.773619 0.000000 
10 4 4 0 5 2 2 1 2 3 3 1 0.954235 0.000000 
10 4 5 0 1 3 3 1 0 4 4 1 0.896530 0.000000 
10 4 6 0 0 2 2 1 0 3 3 1 1.001499 0.000000 
10 4 7 1 2 0 5 2 0 3 1 0 0.845803 0.000000 
10 4 8 0 2 2 2 1 1 3 3 1 0.732763 0.000000 
10 4 9 0 2 2 2 1 1 3 3 1 0.659838 0.000000 
10 4 10 1 1 1 1 1 1 2 2 1 1.382042 0.000000 
10 4 11 0 3 1 3 2 0 2 2 1 0.746848 0.000000 
10 4 12 0 1 1 1 1 1 2 2 1 0.601652 0.000000 
10 4 13 0 0 0 0 1 1 1 1 1 0.645906 0.000000 
10 4 14 1 1 3 3 1 0 2 2 1 1.240760 0.000000 
10 4 15 0 4 1 1 1 2 2 2 1 0.811731 0.000000 
10 4 16 1 3 3 0 0 2 4 4 1 1.416111 0.000000 
10 4 17 0 1 1 2 0 1 2 2 1 1.667958 0.000000 
10 4 18 0 5 1 0 0 2 2 2 1 0.772831 0.000000 
10 4 19 1 2 0 3 0 2 3 1 0 0.882388 0.000000 
10 4 20 0 5 3 3 1 2 4 4 1 0.784053 0.000000 
10 4 21 0 4 0 4 2 2 1 1 1 0.804461 0.000000 
10 4 22 1 3 1 1 1 0 4 4 1 1.088689 0.000000 
10 4 23 0 1 3 3 1 0 4 4 1 1.873804 0.000000 
10 4 24 0 3 3 4 2 1 4 4 1 0.762786 0.000000 
10 4 25 0 4 3 3 1 2 4 4 1 0.528996 0.000000 
10 4 26 0 5 0 5 2 2 1 1 1 0.648482 0.000000 
10 4 27 0 0 2 5 2 0 3 3 1 1.075355 0.000000 
10 4 28 1 2 0 4 2 0 3 1 0 0.844989 0.000000 
10 4 29 1 0 0 0 1 2 1 1 1 1.035989 0.000000 
10 4 30 0 1 3 3 1 0 4 4 1 0.870498 0.000000 
10 4 31 0 4 2 0 0 2 3 3 1 1.951148 0.000000 
10 4 32 1 3 1 1 1 0 4 4 1 1.541847 0.000000 
10 4 33 0 0 2 2 1 0 3 3 1 0.981035 0.000000 
10 4 34 0 5 0 0 0 2 1 1 1 0.898693 0.000000 
10 4 35 0 4 2 0 0 2 3 3 1 0.891643 0.000000 
10 4 36 0 5 2 2 1 2 3 3 1 1.004583 0.000000 
10 4 37 1 1 1 1 1 1 2 2 1 1.560955 0.000000 
10 4 38 0 5 3 0 0 2 4 4 1 1.366457 0.000000 
10 4 39 0 4 3 0 0 2 4 4 1 0.532258 0.000000 
10 4 40 0 5 3 3 1 2 4 4 1 0.571755 0.000000 
10 4 41 0 2 0 5 2 0 1 2 0 0.833236 0.000000 
10 4 42 0 1 3 4 2 0 4 4 1 0.776182 0.000000 
10 4 43 0 2 0 4 2 0 1 1 1 0.821277 0.000000 
10 4 44 0 3 3 4 2 1 4 4 1 1.991987 0.000000 
10 4 45 0 4 0 0 2 2 1 1 1 0.893211 0.000000 
10 4 46 1 1 3 2 0 2 2 4 0 1.958238 0.000000 
10 4 47 0 3 3 0 0 1 4 4 1 0.928684 0.000000 
10 4 48 0 5 2 5 2 2 3 2 0 1.744149 0.000000 
10 4 49 0 2 2 4 2 1 3 3 1 0.723384 0.000000 
10 4 50 0 5 2 0 0 2 3 3 1 0.610457 0.000000 
10 4 51 1 2 0 0 1 0 3 3 1 1.541567 0.000000 
10 4 52 0 0 0 1 0 1 1 1 1 1.444887 0.000000 
10 4 53 0 2 0 0 1 0 1 1 1 1.576036 0.000000 
10 4 54 0 0 2 2 1 0 3 2 0 1.213934 0.000000 
10 4 55 0 4 1 5 2 2 2 2 1 0.878323 0.000000 
10 4 56 0 2 0 4 2 0 1 1 1 1.303489 0.000000 
10 4 57 0 1 1 1 1 1 2 2 1 0.726869 0.000000 
10 4 58 1 1 3 2 0 0 2 2 1 1.918505 0.000000 
10 4 59 0 3 3 4 2 1 4 4 1 1.158524 0.000000 
10 4 60 0 3 1 0 0 0 2 2 1 2.828982 0.000000 
10 4 61 0 3 3 0 0 1 4 4 1 1.657301 0.000000 
10 4 62 0 5 3 0 0 2 4 4 1 0.587849 0.000000 
10 4 63 0 2 2 3 0 1 3 3 1 0.927720 0.000000 
10 4 64 0 1 1 2 0 1 2 2 1 0.839321 0.000000 
10 4 65 1 3 3 0 0 1 4 4 1 1.234259 0.000000 
10 4 66 1 2 2 1 2 1 3 4 0 0.981322 0.000000 
10 4 67 0 0 2 0 2 0 3 4 0 1.463043 0.000000 
10 4 68 0 2 2 0 2 1 3 3 1 0.981087 0.000000 
10 4 69 0 4 1 0 0 2 2 2 1 0.913223 0.000000 
10 4 70 0 5 3 0 2 2 4 4 1 1.145494 0.000000 
10 4 71 0 2 2 4 2 1 3 2 0 1.880622 0.000000 
10 4 72 1 3 0 1 2 2 4 4 1 1.494622 0.000000 
10 4 73 0 2 2 3 0 1 3 3 1 0.959305 0.000000 
10 4 74 0 2 0 1 2 0 1 1 1 0.861591 0.000000 
10 4 75 0 4 3 3 1 2 4 4 1 0.702916 0.000000 
10 4 76 1 3 1 1 1 0 4 4 1 1.007089 0.000000 
10 4 77 0 0 0 1 0 1 1 1 1 0.755443 0.000000 
10 4 78 1 3 3 0 0 1 4 4 1 1.345694 0.000000 
10 4 79 1 3 3 0 0 1 4 4 1 0.768756 0.000000 
10 4 80 0 1 3 4 2 0 4 4 1 1.414389 0.000000 
10 4 81 1 2 2 0 2 1 3 3 1 1.754900 0.000000 
10 4 82 1 0 0 1 0 1 1 1 1 0.824435 0.000000 
10 4 83 0 4 0 4 2 2 1 1 1 0.844059 0.000000 
10 4 84 0 5 3 0 0 2 4 4 1 0.783002 0.000000 
10 4 85 0 4 1 4 2 2 2 2 1 0.956164 0.000000 
10 4 86 1 1 3 4 2 0 2 2 1 1.978260 0.000000 
10 4 87 0 1 1 4 2 1 2 2 1 1.256244 0.000000 
10 4 88 1 1 3 3 1 0 2 2 1 1.562716 0.000000 
10 4 89 0 2 2 3 0 1 3 3 1 2.024292 0.000000 
10 4 90 0 2 0 0 2 0 1 1 1 0.804259 0.000000 
10 4 91 0 4 1 5 2 2 2 2 1 1.048598 0.000000 
10 4 92 0 2 2 5 2 1 3 3 1 0.995576 0.000000 
10 4 93 1 0 0 4 2 2 1 1 1 1.128586 0.000000 
10 4 94 1 1 1 4 2 2 2 2 1 1.687390 0.000000 
10 4 95 0 3 3 0 0 1 4 4 1 0.912525 0.000000 
10 4 96 0 1 1 2 0 1 2 2 1 0.936844 0.000000 
10 4 97 0 4 1 1 1 2 2 2 1 0.927832 0.000000 
10 4 98 0 2 2 3 0 1 3 3 1 0.927432 0.000000 
10 4 99 0 4 0 5 2 2 1 1 1 0.943081 0.000000 
10 4 100 1 0 2 1 0 0 1 1 1 1.157994 0.000000 
10 4 101 1 2 0 3 0 0 3 3 1 2.651523 0.000000 
10 4 102 1 0 2 5 2 0 1 1 1 1.678448 0.000000 
10 4 103 0 2 2 3 0 1 3 2 0 1.120312 0.000000 
10 4 104 1 1 3 5 2 0 2 2 1 1.164086 0.000000 
10 4 105 0 0 0 1 0 1 1 1 1 0.738000 0.000000 
10 4 106 0 5 3 3 1 2 4 4 1 0.744892 0.000000 
10 4 107 0 3 1 0 0 0 2 2 1 1.607828 0.000000 
10 4 108 0 0 0 0 1 1 1 1 1 1.019364 0.000000 
10 4 109 0 4 0 4 2 2 1 1 1 1.015025 0.000000 
10 4 110 0 5 3 3 1 2 4 4 1 1.051377 0.000000 
10 4 111 0 4 1 1 1 2 2 2 1 2.725787 0.000000 
10 4 112 0 2 0 0 1 0 1 1 1 0.662004 0.000000 
10 4 113 0 4 2 4 2 2 3 3 1 0.912257 0.000000 
10 4 114 0 0 2 4 2 0 3 3 1 0.607504 0.000000 
10 4 115 0 0 2 1 0 0 3 3 1 0.523684 0.000000 
10 4 116 0 3 3 3 1 1 4 4 1 0.643171 0.000000 
10 4 117 0 1 1 4 2 1 2 2 1 0.798024 0.000000 
10 4 118 0 3 3 3 1 1 4 4 1 0.962958 0.000000 
10 4 119 0 3 1 4 2 0 2 2 1 1.697296 0.000000 
10 4 120 1 3 1 0 0 2 4 4 1 1.090457 0.000000 
10 4 121 0 3 1 0 0 0 2 4 0 0.698555 0.000000 
10 4 122 0 5 1 0 0 2 2 2 1 0.991441 0.000000 
10 4 123 0 1 3 4 2 0 4 4 1 1.123960 0.000000 
10 4 124 0 0 0 1 0 1 1 1 1 0.947668 0.000000 
10 4 125 0 2 2 5 2 1 3 3 1 0.978641 0.000000 
10 4 126 0 1 3 3 1 0 4 4 1 1.048265 0.000000 
10 4 127 0 0 0 0 1 1 1 1 1 0.722388 0.000000 
10 4 128 0 0 2 1 0 0 3 3 1 1.129884 0.000000 
10 4 129 0 2 2 5 2 1 3 3 1 0.769516 0.000000 
10 4 130 0 5 3 5 2 2 4 4 1 0.783146 0.000000 
10 4 131 1 0 2 1 0 0 1 1 1 1.148038 0.000000 
10 4 132 1 2 2 3 0 1 3 3 1 1.347102 0.000000 
10 4 133 0 0 2 2 2 0 3 3 1 1.034211 0.000000 
10 4 134 1 3 1 0 0 0 4 4 1 1.053201 0.000000 
10 4 135 0 3 3 0 0 1 4 4 1 1.022581 0.000000 
10 4 136 0 5 3 0 0 2 4 4 1 0.594239 0.000000 
10 4 137 1 0 2 1 0 0 1 1 1 1.047078 0.000000 
10 4 138 0 5 2 0 0 2 3 4 0 1.370116 0.000000 
10 4 139 0 1 3 2 0 0 4 4 1 0.915921 0.000000 
10 4 140 0 3 1 4 2 0 2 2 1 1.211690 0.000000 
10 4 141 0 3 1 0 0 0 2 2 1 0.968140 0.000000 
10 4 142 0 5 3 0 0 2 4 4 1 0.756756 0.000000 
10 4 143 0 3 3 3 1 1 4 4 1 0.675007 0.000000 
10 4 144 0 1 1 1 1 1 2 2 1 1.012554 0.000000 
10 4 145 1 0 1 1 0 2 1 1 1 1.184918 0.000000 
10 4 146 1 1 3 3 1 0 2 2 1 2.446013 0.000000 
10 4 147 0 4 3 5 2 2 4 4 1 2.361580 0.000000 
10 4 148 0 1 3 2 0 0 4 4 1 0.743337 0.000000 
10 4 149 0 4 1 0 0 2 2 3 0 0.710266 0.000000 
10 4 150 0 2 2 4 2 1 3 3 1 0.818497 0.000000 
10 4 151 1 2 2 3 0 2 3 3 1 1.245620 0.000000 
10 4 152 0 5 2 5 2 2 3 3 1 0.712703 0.000000 
10 4 153 0 4 2 2 1 2 3 3 1 0.624874 0.000000 
10 4 154 0 0 0 0 1 1 1 1 1 0.684391 0.000000 
10 4 155 1 1 3 4 2 0 2 3 0 1.060309 0.000000 
10 4 156 0 5 3 0 0 2 4 4 1 0.866674 0.000000 
10 4 157 0 0 0 5 2 1 1 1 1 1.460076 0.000000 
10 4 158 0 3 1 4 2 0 2 2 1 0.862302 0.000000 
10 4 159 1 0 0 0 1 1 1 1 1 1.912631 0.000000 
10 4 160 0 3 3 3 1 1 4 4 1 0.713248 0.000000 
10 4 161 0 0 0 1 0 1 1 1 1 1.001522 0.000000 
10 4 162 1 2 2 1 2 1 3 3 1 1.092762 0.000000 
10 4 163 0 0 2 4 2 0 3 3 1 1.293876 0.000000 
10 4 164 1 3 1 1 1 2 4 4 1 1.503005 0.000000 
10 4 165 1 3 1 0 0 0 4 4 1 0.791345 0.000000 
10 4 166 0 0 0 1 0 1 1 1 1 0.964404 0.000000 
10 4 167 0 1 3 3 1 0 4 4 1 1.337827 0.000000 
10 4 168 0 5 0 0 1 2 1 1 1 0.744865 0.000000 
10 4 169 1 3 3 0 0 1 4 4 1 3.527827 0.000000 
10 4 170 0 5 1 0 0 2 2 2 1 1.248405 0.000000 
10 4 171 0 4 2 2 1 2 3 3 1 0.779472 0.000000 
10 4 172 0 5 0 0 2 2 1 1 1 1.585089 0.000000 
10 4 173 0 1 1 1 1 1 2 2 1 1.694320 0.000000 
10 4 174 0 3 1 1 1 0 2 2 1 0.966533 0.000000 
10 4 175 0 1 3 5 2 0 4 3 0 0.940199 0.000000 
10 4 176 0 3 1 1 1 0 2 2 1 3.247308 0.000000 
10 4 177 0 3 3 3 1 1 4 4 1 1.738550 0.000000 
10 4 178 0 5 3 3 1 2 4 4 1 0.729799 0.000000 
10 4 179 0 2 0 5 2 0 1 3 0 3.184502 0.000000 
10 4 180 0 5 2 2 1 2 3 0 0 5.000004 0.000000 
10 4 181 0 3 3 3 1 1 4 4 1 0.619755 0.000000 
10 4 182 0 1 3 5 2 0 4 4 1 2.038877 0.000000 
10 4 183 0 1 1 1 1 1 2 2 1 1.161204 0.000000 
10 4 184 0 3 3 3 1 1 4 4 1 0.631584 0.000000 
10 4 185 0 2 0 0 1 0 1 1 1 0.787104 0.000000 
10 4 186 0 5 0 0 1 2 1 1 1 0.808018 0.000000 
10 4 187 1 1 3 3 1 0 2 2 1 2.420324 0.000000 
10 4 188 1 0 2 4 2 0 1 1 1 1.944530 0.000000 
10 4 189 1 0 0 1 0 2 1 1 1 1.111856 0.000000 
10 4 190 0 0 0 0 1 1 1 1 1 1.527285 0.000000 
10 4 191 1 2 0 4 2 0 3 1 0 0.935073 0.000000 
10 4 192 0 5 1 1 1 2 2 2 1 1.266108 0.000000 
10 5 1 0 1 0 4 2 0 1 1 1 1.909953 0.000000 
10 5 2 0 0 3 3 0 0 4 4 1 1.453217 0.000000 
10 5 3 0 4 1 1 1 2 2 2 1 0.935616 0.000000 
10 5 4 1 0 0 3 0 1 1 1 1 1.182591 0.000000 
10 5 5 1 0 3 3 1 2 1 1 1 1.860194 0.000000 
10 5 6 1 0 0 4 2 1 1 1 1 0.990314 0.000000 
10 5 7 1 2 2 1 0 2 3 3 1 2.099355 0.000000 
10 5 8 1 3 3 3 1 1 4 4 1 1.676121 0.000000 
10 5 9 0 4 2 2 0 2 3 3 1 1.260992 0.000000 
10 5 10 0 2 1 1 0 0 2 2 1 3.751583 0.000000 
10 5 11 0 3 3 3 2 1 4 4 1 1.190869 0.000000 
10 5 12 0 1 1 0 0 1 2 2 1 1.275889 0.000000 
10 5 13 0 0 3 3 0 0 4 4 1 0.789706 0.000000 
10 5 14 1 1 0 0 1 0 2 2 1 1.546576 0.000000 
10 5 15 0 1 0 4 2 0 1 1 1 1.016827 0.000000 
10 5 16 0 2 2 1 0 1 3 3 1 1.452508 0.000000 
10 5 17 0 0 0 3 0 1 1 1 1 2.039021 0.000000 
10 5 18 1 0 3 3 1 0 1 1 1 1.290420 0.000000 
10 5 19 0 2 1 1 0 0 2 2 1 0.899508 0.000000 
10 5 20 0 1 1 5 2 1 2 2 1 0.740045 0.000000 
10 5 21 0 3 3 3 1 1 4 4 1 1.753723 0.000000 
10 5 22 0 3 3 3 1 1 4 4 1 0.608307 0.000000 
10 5 23 0 0 0 0 1 1 1 1 1 0.756515 0.000000 
10 5 24 0 2 1 1 1 0 2 2 1 0.930719 0.000000 
10 5 25 0 3 2 3 2 0 3 3 1 2.426439 0.000000 
10 5 26 0 5 0 5 2 2 1 2 0 0.670583 0.000000 
10 5 27 0 3 3 5 2 1 4 4 1 1.899160 0.000000 
10 5 28 0 1 1 0 0 1 2 2 1 1.307971 0.000000 
10 5 29 1 1 1 1 1 1 2 2 1 1.204483 0.000000 
10 5 30 0 5 2 2 1 2 3 3 1 1.352893 0.000000 
10 5 31 0 3 2 2 0 0 3 3 1 1.743381 0.000000 
10 5 32 1 3 3 3 1 1 4 4 1 1.358643 0.000000 
10 5 33 0 4 1 2 0 2 2 2 1 1.908125 0.000000 
10 5 34 1 1 1 1 1 2 2 2 1 1.076793 0.000000 
10 5 35 0 4 2 2 0 2 3 3 1 1.086500 0.000000 
10 5 36 1 1 1 0 0 1 2 2 1 1.807544 0.000000 
10 5 37 1 0 3 3 0 2 1 1 1 1.092143 0.000000 
10 5 38 0 5 0 0 1 2 1 1 1 0.901192 0.000000 
10 5 39 0 4 0 4 2 2 1 1 1 0.644505 0.000000 
10 5 40 1 3 3 3 1 2 4 4 1 1.335295 0.000000 
10 5 41 0 3 2 2 1 0 3 3 1 1.350461 0.000000 
10 5 42 0 2 1 1 0 0 2 2 1 0.788899 0.000000 
10 5 43 0 0 3 3 0 0 4 4 1 1.137843 0.000000 
10 5 44 1 3 2 4 2 0 4 4 1 2.536950 0.000000 
10 5 45 0 1 0 0 0 0 1 1 1 1.327503 0.000000 
10 5 46 0 1 1 2 2 1 2 2 1 0.935283 0.000000 
10 5 47 1 2 1 1 1 2 3 3 1 2.030282 0.000000 
10 5 48 1 2 1 5 2 0 3 3 1 1.466322 0.000000 
10 5 49 0 0 0 4 2 1 1 1 1 0.916169 0.000000 
10 5 50 0 2 1 4 2 0 2 2 1 1.252038 0.000000 
10 5 51 0 2 2 5 2 1 3 3 1 0.822211 0.000000 
10 5 52 0 3 3 2 0 1 4 4 1 0.872775 0.000000 
10 5 53 0 2 1 1 1 0 2 2 1 3.114543 0.000000 
10 5 54 0 0 3 3 0 0 4 4 1 0.787575 0.000000 
10 5 55 0 3 2 2 0 0 3 3 1 2.688593 0.000000 
10 5 56 0 3 3 3 1 1 4 4 1 0.890144 0.000000 
10 5 57 0 4 0 2 0 2 1 2 0 1.970149 0.000000 
10 5 58 0 2 1 1 1 0 2 2 1 0.804194 0.000000 
10 5 59 0 2 1 1 1 0 2 2 1 0.599928 0.000000 
10 5 60 0 1 0 0 1 0 1 1 1 0.724127 0.000000 
10 5 61 0 1 1 5 2 1 2 2 1 1.003697 0.000000 
10 5 62 0 5 3 2 0 2 4 4 1 1.072020 0.000000 
10 5 63 0 3 3 5 2 1 4 4 1 0.545686 0.000000 
10 5 64 0 3 3 2 0 1 4 4 1 0.640496 0.000000 
10 5 65 0 1 0 0 1 0 1 2 0 2.186466 0.000000 
10 5 66 0 5 0 0 1 2 1 2 0 2.403930 0.000000 
10 5 67 0 4 1 2 0 2 2 2 1 0.740280 0.000000 
10 5 68 1 1 1 0 0 1 2 2 1 1.234679 0.000000 
10 5 69 0 1 0 4 2 0 1 1 1 1.012873 0.000000 
10 5 70 0 5 1 2 0 2 2 2 1 0.785113 0.000000 
10 5 71 0 4 1 5 2 2 2 2 1 0.526005 0.000000 
10 5 72 0 0 0 0 1 1 1 1 1 0.709499 0.000000 
10 5 73 0 4 1 2 0 2 2 2 1 0.653705 0.000000 
10 5 74 0 5 0 2 0 2 1 1 1 0.543889 0.000000 
10 5 75 0 4 0 2 0 2 1 1 1 0.646699 0.000000 
10 5 76 1 3 3 1 2 1 4 4 1 1.097521 0.000000 
10 5 77 0 0 3 1 2 0 4 4 1 0.602585 0.000000 
10 5 78 1 2 2 2 1 1 3 3 1 1.357742 0.000000 
10 5 79 0 1 1 0 0 1 2 2 1 0.748229 0.000000 
10 5 80 1 2 1 4 2 0 3 3 1 1.371130 0.000000 
10 5 81 0 3 3 2 0 1 4 4 1 0.856912 0.000000 
10 5 82 0 5 3 3 1 2 4 4 1 0.627201 0.000000 
10 5 83 0 0 0 0 1 1 1 1 1 0.614718 0.000000 
10 5 84 0 0 3 3 1 0 4 4 1 0.674904 0.000000 
10 5 85 1 0 3 3 0 0 1 4 0 0.859412 0.000000 
10 5 86 0 5 0 4 2 2 1 1 1 0.905720 0.000000 
10 5 87 1 1 0 0 0 0 2 2 1 1.441568 0.000000 
10 5 88 0 2 2 2 1 1 3 3 1 0.812674 0.000000 
10 5 89 0 4 2 4 2 2 3 3 1 0.800936 0.000000 
10 5 90 0 3 3 3 1 1 4 4 1 0.701181 0.000000 
10 5 91 1 0 0 3 0 1 1 1 1 1.164501 0.000000 
10 5 92 0 0 3 3 1 0 4 4 1 1.474809 0.000000 
10 5 93 1 0 3 4 2 2 1 1 1 1.284651 0.000000 
10 5 94 1 1 3 3 1 2 2 3 0 0.989740 0.000000 
10 5 95 0 3 2 2 0 0 3 3 1 0.870764 0.000000 
10 5 96 0 5 1 1 1 2 2 2 1 0.863855 0.000000 
10 5 97 0 4 3 4 2 2 4 4 1 0.898175 0.000000 
10 5 98 1 1 3 0 0 2 2 4 0 0.698196 0.000000 
10 5 99 1 3 2 4 2 0 4 4 1 1.102985 0.000000 
10 5 100 1 0 3 3 1 0 1 1 1 1.646929 0.000000 
10 5 101 0 4 3 3 2 2 4 4 1 0.786139 0.000000 
10 5 102 0 3 2 2 1 0 3 3 1 0.927046 0.000000 
10 5 103 0 4 0 0 1 2 1 1 1 0.734691 0.000000 
10 5 104 0 5 2 5 2 2 3 3 1 1.269636 0.000000 
10 5 105 1 0 3 4 2 2 1 4 0 1.470404 0.000000 
10 5 106 1 1 2 2 1 2 2 2 1 3.124325 0.000000 
10 5 107 0 0 0 3 0 1 1 1 1 0.804234 0.000000 
10 5 108 1 0 0 3 0 1 1 1 1 0.704499 0.000000 
10 5 109 0 4 0 4 2 2 1 1 1 0.720696 0.000000 
10 5 110 0 2 2 5 2 1 3 3 1 1.088285 0.000000 
10 5 111 0 0 3 5 2 0 4 4 1 0.857284 0.000000 
10 5 112 0 1 1 1 1 1 2 2 1 2.898669 0.000000 
10 5 113 0 3 2 2 1 0 3 3 1 0.836122 0.000000 
10 5 114 0 5 2 2 0 2 3 3 1 0.614553 0.000000 
10 5 115 1 2 2 1 2 2 3 3 1 0.802722 0.000000 
10 5 116 0 3 3 3 1 1 4 4 1 0.806999 0.000000 
10 5 117 0 2 2 1 0 1 3 4 0 0.802314 0.000000 
10 5 118 0 0 0 4 2 1 1 1 1 0.730244 0.000000 
10 5 119 0 4 3 3 1 2 4 4 1 1.273604 0.000000 
10 5 120 0 5 0 0 1 2 1 1 1 1.003370 0.000000 
10 5 121 0 2 1 1 1 0 2 2 1 0.847683 0.000000 
10 5 122 0 0 0 3 0 1 1 1 1 0.738446 0.000000 
10 5 123 0 4 1 5 2 2 2 2 1 1.305520 0.000000 
10 5 124 0 5 0 4 2 2 1 1 1 0.953969 0.000000 
10 5 125 0 3 2 2 1 0 3 2 0 3.263343 0.000000 
10 5 126 1 0 0 0 1 1 1 1 1 1.094517 0.000000 
10 5 127 1 3 2 2 1 0 4 4 1 0.999079 0.000000 
10 5 128 0 5 2 2 1 2 3 3 1 1.435941 0.000000 
10 5 129 0 1 1 0 0 1 2 2 1 0.927213 0.000000 
10 5 130 1 3 3 3 1 1 4 4 1 0.750846 0.000000 
10 5 131 0 4 1 4 2 2 2 2 1 0.708059 0.000000 
10 5 132 0 1 0 5 2 0 1 1 1 0.860274 0.000000 
10 5 133 1 3 2 2 1 0 4 4 1 2.006592 0.000000 
10 5 134 0 0 0 0 2 1 1 1 1 0.675277 0.000000 
10 5 135 1 2 1 1 1 2 3 3 1 2.796891 0.000000 
10 5 136 0 0 0 0 1 1 1 1 1 1.329633 0.000000 
10 5 137 0 0 3 3 0 0 4 4 1 1.041316 0.000000 
10 5 138 0 5 0 0 2 2 1 1 1 1.524366 0.000000 
10 5 139 1 3 2 4 2 0 4 3 0 1.548235 0.000000 
10 5 140 0 5 2 5 2 2 3 3 1 0.903426 0.000000 
10 5 141 0 2 1 1 0 0 2 2 1 1.343255 0.000000 
10 5 142 0 5 0 2 0 2 1 1 1 0.766366 0.000000 
10 5 143 1 2 0 0 1 2 3 3 1 1.290920 0.000000 
10 5 144 0 3 2 2 1 0 3 3 1 0.876057 0.000000 
10 5 145 0 3 3 2 0 1 4 4 1 0.941668 0.000000 
10 5 146 0 5 0 3 2 2 1 1 1 0.676636 0.000000 
10 5 147 0 2 2 5 2 1 3 3 1 0.926158 0.000000 
10 5 148 1 3 3 5 2 2 4 4 1 1.053787 0.000000 
10 5 149 0 4 0 0 1 2 1 1 1 0.648136 0.000000 
10 5 150 0 3 2 2 1 0 3 3 1 0.754984 0.000000 
10 5 151 0 3 2 2 0 0 3 3 1 1.048240 0.000000 
10 5 152 0 5 1 2 0 2 2 2 1 0.851241 0.000000 
10 5 153 0 4 3 2 2 2 4 4 1 0.749516 0.000000 
10 5 154 0 3 2 5 2 0 3 3 1 0.851924 0.000000 
10 5 155 0 1 0 0 1 0 1 1 1 0.781992 0.000000 
10 5 156 1 2 2 1 0 1 3 3 1 1.515627 0.000000 
10 5 157 0 2 1 4 2 0 2 2 1 0.875928 0.000000 
10 5 158 0 0 0 3 0 1 1 1 1 0.811958 0.000000 
10 5 159 0 1 1 1 1 1 2 2 1 0.768302 0.000000 
10 5 160 0 2 2 5 2 1 3 3 1 0.821885 0.000000 
10 5 161 0 3 3 5 2 1 4 4 1 0.833488 0.000000 
10 5 162 0 5 1 2 0 2 2 2 1 0.820422 0.000000 
10 5 163 0 2 1 1 0 0 2 2 1 0.791974 0.000000 
10 5 164 0 5 1 2 0 2 2 2 1 0.764919 0.000000 
10 5 165 1 1 1 4 2 1 2 2 1 0.810144 0.000000 
10 5 166 0 5 2 2 1 2 3 3 1 0.950387 0.000000 
10 5 167 0 4 0 2 0 2 1 1 1 0.732701 0.000000 
10 5 168 0 1 0 4 2 0 1 2 0 0.868073 0.000000 
10 5 169 0 2 2 1 0 1 3 3 1 2.801064 0.000000 
10 5 170 0 0 3 3 1 0 4 4 1 0.693784 0.000000 
10 5 171 0 1 0 0 1 0 1 1 1 0.830657 0.000000 
10 5 172 1 2 2 0 2 1 3 3 1 0.841259 0.000000 
10 5 173 0 2 2 4 2 1 3 3 1 0.684162 0.000000 
10 5 174 0 0 3 4 2 0 4 4 1 1.085034 0.000000 
10 5 175 0 3 3 2 0 1 4 4 1 0.710042 0.000000 
10 5 176 1 2 1 1 1 0 3 3 1 1.318301 0.000000 
10 5 177 0 1 0 4 2 0 1 2 0 1.774134 0.000000 
10 5 178 0 5 2 2 0 2 3 3 1 0.967082 0.000000 
10 5 179 0 2 1 5 2 0 2 2 1 1.476274 0.000000 
10 5 180 0 0 3 4 2 0 4 1 0 0.693957 0.000000 
10 5 181 0 1 1 0 0 1 2 3 0 1.731036 0.000000 
10 5 182 1 0 0 4 2 1 1 1 1 1.094477 0.000000 
10 5 183 0 4 0 2 0 2 1 1 1 0.790995 0.000000 
10 5 184 0 5 3 2 0 2 4 4 1 0.787941 0.000000 
10 5 185 1 3 3 4 2 1 4 4 1 0.863812 0.000000 
10 5 186 1 0 0 3 0 1 1 1 1 0.762061 0.000000 
10 5 187 0 4 3 3 1 2 4 4 1 0.952365 0.000000 
10 5 188 0 5 3 3 1 2 4 4 1 0.622639 0.000000 
10 5 189 0 0 3 4 2 0 4 4 1 0.562160 0.000000 
10 5 190 1 3 2 0 2 0 4 4 1 0.992307 0.000000 
10 5 191 0 3 2 2 0 0 3 3 1 0.996400 0.000000 
10 5 192 0 3 3 5 2 1 4 4 1 1.193307 0.000000 
10 6 1 0 2 2 2 1 1 3 3 1 1.304614 0.000000 
10 6 2 1 1 0 4 2 2 2 3 0 1.337175 0.000000 
10 6 3 0 4 3 3 1 2 4 4 1 0.812097 0.000000 
10 6 4 0 0 0 0 1 1 1 1 1 0.656105 0.000000 
10 6 5 0 0 2 5 2 0 3 3 1 1.938357 0.000000 
10 6 6 0 1 1 1 1 1 2 2 1 0.809648 0.000000 
10 6 7 0 2 0 0 1 0 1 1 1 0.509891 0.000000 
10 6 8 0 3 3 0 0 1 4 4 1 1.013089 0.000000 
10 6 9 0 3 1 1 1 0 2 2 1 0.969400 0.000000 
10 6 10 0 2 0 3 0 0 1 2 0 0.703019 0.000000 
10 6 11 0 4 2 2 1 2 3 3 1 0.955278 0.000000 
10 6 12 0 2 0 3 0 0 1 1 1 0.729098 0.000000 
10 6 13 0 4 0 0 0 2 1 1 1 0.712644 0.000000 
10 6 14 1 1 3 3 1 2 2 4 0 0.840852 0.000000 
10 6 15 0 0 0 0 1 1 1 1 1 0.894813 0.000000 
10 6 16 0 2 0 0 1 0 1 1 1 0.591256 0.000000 
10 6 17 1 2 0 3 0 0 3 3 1 1.100122 0.000000 
10 6 18 0 5 2 4 2 2 3 3 1 0.948508 0.000000 
10 6 19 0 4 3 3 1 2 4 1 0 0.635458 0.000000 
10 6 20 0 0 0 5 2 1 1 1 1 0.762316 0.000000 
10 6 21 0 2 0 5 2 0 1 1 1 0.584058 0.000000 
10 6 22 0 2 0 3 0 0 1 1 1 0.579862 0.000000 
10 6 23 1 2 0 0 1 2 3 3 1 1.281419 0.000000 
10 6 24 0 5 0 0 1 2 1 1 1 1.027187 0.000000 
10 6 25 0 3 1 3 2 0 2 2 1 1.134839 0.000000 
10 6 26 0 1 3 3 1 0 4 4 1 1.469929 0.000000 
10 6 27 0 2 2 2 1 1 3 3 1 0.911750 0.000000 
10 6 28 0 2 2 4 2 1 3 3 1 0.607994 0.000000 
10 6 29 0 4 3 1 2 2 4 1 0 0.627180 0.000000 
10 6 30 1 1 0 2 0 2 2 3 0 3.618608 0.000000 
10 6 31 0 4 0 0 0 2 1 1 1 0.826970 0.000000 
10 6 32 1 3 1 0 0 0 4 4 1 1.654104 0.000000 
10 6 33 0 2 0 0 1 0 1 1 1 0.816658 0.000000 
10 6 34 0 2 2 2 1 1 3 3 1 2.035295 0.000000 
10 6 35 1 2 2 3 0 1 3 3 1 1.886688 0.000000 
10 6 36 0 5 0 4 2 2 1 1 1 0.800015 0.000000 
10 6 37 0 0 0 0 1 1 1 1 1 0.588204 0.000000 
10 6 38 0 3 3 4 2 1 4 4 1 0.777082 0.000000 
10 6 39 0 4 1 4 2 2 2 2 1 0.798666 0.000000 
10 6 40 1 0 0 1 0 1 1 1 1 1.019604 0.000000 
10 6 41 0 4 1 4 2 2 2 2 1 0.774243 0.000000 
10 6 42 0 3 3 0 0 1 4 4 1 0.763828 0.000000 
10 6 43 0 4 0 0 1 2 1 1 1 0.626056 0.000000 
10 6 44 1 3 3 5 2 2 4 4 1 0.909562 0.000000 
10 6 45 0 3 3 4 2 1 4 4 1 0.589851 0.000000 
10 6 46 0 5 0 0 1 2 1 1 1 0.658710 0.000000 
10 6 47 1 1 3 2 0 0 2 4 0 1.428904 0.000000 
10 6 48 0 0 0 0 1 1 1 1 1 0.635728 0.000000 
10 6 49 0 4 1 4 2 2 2 2 1 0.774143 0.000000 
10 6 50 0 5 2 0 0 2 3 3 1 0.795679 0.000000 
10 6 51 0 2 2 4 2 1 3 3 1 0.608575 0.000000 
10 6 52 0 5 0 0 0 2 1 1 1 0.604764 0.000000 
10 6 53 0 1 1 1 1 1 2 2 1 0.680927 0.000000 
10 6 54 0 5 0 0 1 2 1 1 1 0.698469 0.000000 
10 6 55 1 2 2 4 2 2 3 3 1 1.283311 0.000000 
10 6 56 1 3 3 5 2 1 4 4 1 1.187448 0.000000 
10 6 57 1 0 3 1 0 2 1 1 1 1.072521 0.000000 
10 6 58 1 1 2 5 2 2 2 3 0 0.994191 0.000000 
10 6 59 0 4 3 3 1 2 4 4 1 0.779206 0.000000 
10 6 60 0 3 3 3 1 1 4 4 1 0.640303 0.000000 
10 6 61 0 4 1 0 0 2 2 2 1 0.795176 0.000000 
10 6 62 0 5 2 4 2 2 3 3 1 1.903169 0.000000 
10 6 63 0 3 1 0 0 0 2 2 1 0.943747 0.000000 
10 6 64 0 0 0 1 0 1 1 1 1 1.046746 0.000000 
10 6 65 1 3 3 3 1 1 4 2 0 2.081773 0.000000 
10 6 66 1 1 2 2 0 2 2 2 1 2.655941 0.000000 
10 6 67 0 4 2 4 2 2 3 3 1 1.377481 0.000000 
10 6 68 0 2 2 3 0 1 3 3 1 1.655153 0.000000 
10 6 69 0 4 1 1 1 2 2 2 1 0.713729 0.000000 
10 6 70 0 1 1 2 0 1 2 2 1 0.817966 0.000000 
10 6 71 0 2 0 5 2 0 1 1 1 0.821531 0.000000 
10 6 72 0 1 3 2 0 0 4 4 1 0.897147 0.000000 
10 6 73 0 4 0 0 0 2 1 1 1 0.850093 0.000000 
10 6 74 0 5 0 4 2 2 1 1 1 0.660360 0.000000 
10 6 75 1 2 1 3 0 2 3 2 0 2.765634 0.000000 
10 6 76 0 0 0 0 1 1 1 1 1 0.640138 0.000000 
10 6 77 0 1 3 2 0 0 4 4 1 0.778940 0.000000 
10 6 78 0 1 1 4 2 1 2 2 1 0.744518 0.000000 
10 6 79 0 1 1 1 1 1 2 2 1 0.663428 0.000000 
10 6 80 0 5 3 4 2 2 4 4 1 0.753621 0.000000 
10 6 81 0 3 1 1 1 0 2 2 1 0.783856 0.000000 
10 6 82 1 3 3 0 0 1 4 4 1 1.275747 0.000000 
10 6 83 0 1 3 3 1 0 4 2 0 0.773517 0.000000 
10 6 84 0 1 3 3 1 0 4 4 1 1.143138 0.000000 
10 6 85 0 1 3 3 2 0 4 4 1 0.621684 0.000000 
10 6 86 0 5 0 0 0 2 1 1 1 0.801217 0.000000 
10 6 87 0 4 0 5 2 2 1 1 1 0.805364 0.000000 
10 6 88 0 0 0 1 0 1 1 1 1 0.624797 0.000000 
10 6 89 0 0 0 0 1 1 1 1 1 0.533195 0.000000 
10 6 90 1 1 1 3 2 1 2 2 1 0.931050 0.000000 
10 6 91 1 2 0 4 2 2 3 3 1 1.010658 0.000000 
10 6 92 1 1 1 4 2 1 2 2 1 1.055005 0.000000 
10 6 93 0 4 2 0 0 2 3 3 1 0.945369 0.000000 
10 6 94 0 3 1 1 1 0 2 1 0 0.808307 0.000000 
10 6 95 1 2 2 4 2 1 3 2 0 1.400633 0.000000 
10 6 96 0 2 2 2 1 1 3 3 1 0.711583 0.000000 
10 6 97 0 3 3 5 2 1 4 4 1 0.815356 0.000000 
10 6 98 0 2 0 3 0 0 1 1 1 0.851632 0.000000 
10 6 99 1 0 2 1 0 0 1 1 1 0.909858 0.000000 
10 6 100 0 5 0 3 2 2 1 1 1 0.654174 0.000000 
10 6 101 0 2 0 0 1 0 1 1 1 0.584293 0.000000 
10 6 102 0 1 3 2 0 0 4 4 1 0.909178 0.000000 
10 6 103 0 0 0 5 2 1 1 1 1 0.669480 0.000000 
10 6 104 0 3 1 1 1 0 2 2 1 0.853988 0.000000 
10 6 105 0 3 1 1 1 0 2 2 1 0.592270 0.000000 
10 6 106 0 0 2 4 2 0 3 3 1 1.989204 0.000000 
10 6 107 0 0 0 1 0 1 1 1 1 0.706512 0.000000 
10 6 108 1 2 2 2 1 1 3 3 1 1.850730 0.000000 
10 6 109 0 0 2 5 2 0 3 3 1 0.693367 0.000000 
10 6 110 0 5 0 0 0 2 1 1 1 0.589268 0.000000 
10 6 111 1 2 0 3 0 0 3 3 1 1.186081 0.000000 
10 6 112 1 3 2 0 0 2 4 4 1 1.359180 0.000000 
10 6 113 0 4 1 1 1 2 2 2 1 0.893576 0.000000 
10 6 114 0 3 1 1 1 0 2 2 1 0.622555 0.000000 
10 6 115 1 3 1 0 0 0 4 4 1 0.922078 0.000000 
10 6 116 0 0 2 4 2 0 3 3 1 1.144857 0.000000 
10 6 117 0 2 0 3 0 0 1 2 0 0.672731 0.000000 
10 6 118 0 5 0 4 2 2 1 1 1 0.781299 0.000000 
10 6 119 1 0 2 2 1 0 1 3 0 1.314430 0.000000 
10 6 120 0 2 2 5 2 1 3 3 1 0.942881 0.000000 
10 6 121 1 1 3 1 2 0 2 2 1 2.029405 0.000000 
10 6 122 1 1 3 4 2 2 2 2 1 0.929426 0.000000 
10 6 123 0 2 0 5 2 0 1 1 1 1.049082 0.000000 
10 6 124 0 1 3 3 1 0 4 4 1 0.922942 0.000000 
10 6 125 0 2 0 5 2 0 1 1 1 1.018650 0.000000 
10 6 126 1 1 1 1 1 2 2 0 0 5.000003 0.000000 
10 6 127 0 4 0 0 0 2 1 1 1 2.072371 0.000000 
10 6 128 1 0 0 4 2 1 1 1 1 2.873005 0.000000 
10 6 129 1 0 1 1 1 2 1 1 1 0.907304 0.000000 
10 6 130 0 1 3 2 0 0 4 4 1 1.427648 0.000000 
10 6 131 0 1 3 2 0 0 4 1 0 1.079446 0.000000 
10 6 132 0 5 1 0 0 2 2 2 1 1.437122 0.000000 
10 6 133 0 3 1 0 0 0 2 1 0 0.830918 0.000000 
10 6 134 1 2 2 2 1 1 3 3 1 3.838589 0.000000 
10 6 135 0 0 0 0 1 1 1 1 1 0.938106 0.000000 
10 6 136 0 0 2 4 2 0 3 3 1 0.977060 0.000000 
10 6 137 0 0 0 0 1 1 1 2 0 1.062696 0.000000 
10 6 138 0 5 1 4 2 2 2 2 1 0.989097 0.000000 
10 6 139 1 0 0 1 0 1 1 1 1 0.848644 0.000000 
10 6 140 0 2 0 3 0 0 1 1 1 0.611479 0.000000 
10 6 141 1 3 1 4 2 0 4 4 1 1.159662 0.000000 
10 6 142 0 3 1 2 2 0 2 4 0 0.806057 0.000000 
10 6 143 0 0 2 0 2 0 3 3 1 0.862343 0.000000 
10 6 144 0 2 2 3 0 1 3 2 0 1.240071 0.000000 
10 6 145 1 2 0 0 1 0 3 3 1 1.903303 0.000000 
10 6 146 0 5 0 0 0 2 1 1 1 0.870446 0.000000 
10 6 147 0 2 2 3 0 1 3 3 1 1.200070 0.000000 
10 6 148 0 5 1 1 1 2 2 2 1 0.956494 0.000000 
10 6 149 0 0 2 2 1 0 3 3 1 1.322798 0.000000 
10 6 150 0 3 3 3 1 1 4 4 1 0.666564 0.000000 
10 6 151 0 2 0 0 1 0 1 3 0 0.772093 0.000000 
10 6 152 0 5 3 0 0 2 4 2 0 1.469731 0.000000 
10 6 153 0 3 3 3 1 1 4 4 1 0.762085 0.000000 
10 6 154 1 1 3 5 2 0 2 3 0 1.119852 0.000000 
10 6 155 0 0 0 1 0 1 1 1 1 0.827563 0.000000 
10 6 156 1 0 2 1 0 0 1 1 1 4.566867 0.000000 
10 6 157 1 1 1 5 2 1 2 3 0 0.837727 0.000000 
10 6 158 0 3 1 1 1 0 2 2 1 1.219714 0.000000 
10 6 159 1 3 3 0 0 1 4 4 1 1.310980 0.000000 
10 6 160 0 1 3 3 1 0 4 4 1 0.879407 0.000000 
10 6 161 1 1 3 2 0 0 2 2 1 1.113039 0.000000 
10 6 162 0 3 3 0 0 1 4 4 1 0.953403 0.000000 
10 6 163 0 4 1 1 1 2 2 2 1 0.815724 0.000000 
10 6 164 0 5 2 4 2 2 3 3 1 0.827954 0.000000 
10 6 165 0 4 3 4 2 2 4 4 1 1.486568 0.000000 
10 6 166 0 2 2 5 2 1 3 2 0 0.815685 0.000000 
10 6 167 0 0 2 2 1 0 3 3 1 1.224032 0.000000 
10 6 168 0 3 3 3 1 1 4 4 1 0.867261 0.000000 
10 6 169 0 4 3 0 0 2 4 4 1 0.580889 0.000000 
10 6 170 0 2 0 3 2 0 1 1 1 0.954340 0.000000 
10 6 171 0 4 3 3 1 2 4 4 1 0.952685 0.000000 
10 6 172 1 0 2 1 0 0 1 3 0 0.981990 0.000000 
10 6 173 1 1 1 2 0 1 2 2 1 1.079681 0.000000 
10 6 174 0 0 0 0 1 1 1 1 1 0.704757 0.000000 
10 6 175 0 4 0 0 0 2 1 1 1 0.585046 0.000000 
10 6 176 0 0 0 4 2 1 1 1 1 0.677952 0.000000 
10 6 177 1 1 1 1 1 1 2 2 1 1.071467 0.000000 
10 6 178 0 1 1 2 0 1 2 2 1 0.833153 0.000000 
10 6 179 0 1 1 4 2 1 2 2 1 0.667039 0.000000 
10 6 180 0 2 2 4 2 1 3 3 1 0.852611 0.000000 
10 6 181 0 2 0 3 0 0 1 1 1 0.854886 0.000000 
10 6 182 0 5 1 4 2 2 2 2 1 0.761172 0.000000 
10 6 183 0 4 0 0 1 2 1 1 1 0.671393 0.000000 
10 6 184 1 3 2 4 2 2 4 3 0 1.152931 0.000000 
10 6 185 1 1 1 2 0 1 2 2 1 1.067344 0.000000 
10 6 186 0 3 3 3 1 1 4 4 1 0.659528 0.000000 
10 6 187 0 2 0 5 2 0 1 1 1 0.997728 0.000000 
10 6 188 0 5 1 5 2 2 2 2 1 0.754750 0.000000 
10 6 189 0 3 1 0 0 0 2 2 1 0.664959 0.000000 
10 6 190 0 1 1 4 2 1 2 2 1 0.659149 0.000000 
10 6 191 0 4 2 0 0 2 3 3 1 1.181370 0.000000 
10 6 192 1 3 1 5 2 0 4 4 1 1.307021 0.000000 
