25 1 1 0 4 1 0 0 2 2 2 1 1.669188 0.000000 
25 1 2 0 5 3 3 1 2 4 4 1 0.710458 0.000000 
25 1 3 1 2 2 4 2 2 3 3 1 0.789163 0.000000 
25 1 4 0 5 1 4 2 2 2 2 1 1.234148 0.000000 
25 1 5 0 0 0 0 1 1 1 1 1 0.933225 0.000000 
25 1 6 0 5 2 2 1 2 3 3 1 0.836235 0.000000 
25 1 7 0 0 0 1 0 1 1 1 1 1.031209 0.000000 
25 1 8 1 3 1 4 2 0 4 4 1 1.770871 0.000000 
25 1 9 0 0 0 0 1 1 1 1 1 0.775878 0.000000 
25 1 10 0 5 2 2 1 2 3 3 1 0.701446 0.000000 
25 1 11 0 4 0 5 2 2 1 1 1 0.981699 0.000000 
25 1 12 0 5 1 0 0 2 2 2 1 0.827358 0.000000 
25 1 13 1 0 3 3 1 2 1 1 1 1.118989 0.000000 
25 1 14 1 3 1 5 2 0 4 4 1 1.238648 0.000000 
25 1 15 0 1 3 0 2 0 4 4 1 1.313845 0.000000 
25 1 16 0 2 2 2 1 1 3 3 1 0.849293 0.000000 
25 1 17 1 0 2 0 2 0 1 1 1 1.260080 0.000000 
25 1 18 0 5 3 0 0 2 4 4 1 0.878033 0.000000 
25 1 19 0 4 0 0 1 2 1 1 1 0.903684 0.000000 
25 1 20 1 1 3 2 0 0 2 2 1 1.215973 0.000000 
25 1 21 0 1 3 3 1 0 4 4 1 1.012011 0.000000 
25 1 22 1 1 2 2 0 2 2 2 1 1.144089 0.000000 
25 1 23 0 3 1 0 0 0 2 2 1 0.990135 0.000000 
25 1 24 0 3 3 0 2 1 4 4 1 0.707177 0.000000 
25 1 25 0 0 2 4 2 0 3 3 1 1.819483 0.000000 
25 1 26 0 1 3 0 2 0 4 4 1 0.887425 0.000000 
25 1 27 1 1 3 4 2 0 2 2 1 0.976392 0.000000 
25 1 28 0 3 3 5 2 1 4 4 1 0.790072 0.000000 
25 1 29 0 1 3 3 1 0 4 4 1 0.946973 0.000000 
25 1 30 0 0 2 2 1 0 3 3 1 1.081014 0.000000 
25 1 31 1 3 3 3 1 1 4 4 1 0.970694 0.000000 
25 1 32 1 3 2 0 2 2 4 4 1 0.936371 0.000000 
25 1 33 0 3 1 0 0 0 2 2 1 0.975378 0.000000 
25 1 34 0 1 3 2 0 0 4 4 1 0.917045 0.000000 
25 1 35 0 4 1 0 0 2 2 2 1 0.748725 0.000000 
25 1 36 0 2 0 3 0 0 1 1 1 1.019617 0.000000 
25 1 37 1 0 0 1 0 2 1 1 1 1.102293 0.000000 
25 1 38 1 1 3 5 2 2 2 2 1 1.246698 0.000000 
25 1 39 0 1 1 4 2 1 2 2 1 0.825801 0.000000 
25 1 40 0 5 3 3 1 2 4 4 1 0.589421 0.000000 
25 1 41 0 3 3 3 1 1 4 4 1 0.634252 0.000000 
25 1 42 0 2 0 0 1 0 1 1 1 0.837132 0.000000 
25 1 43 0 3 1 0 0 0 2 2 1 1.032110 0.000000 
25 1 44 0 3 1 0 2 0 2 2 1 0.930816 0.000000 
25 1 45 1 1 3 2 0 0 2 2 1 1.042420 0.000000 
25 1 46 0 5 1 0 0 2 2 2 1 0.653423 0.000000 
25 1 47 0 0 0 0 1 1 1 1 1 0.743873 0.000000 
25 1 48 1 2 0 3 0 0 3 3 1 1.238580 0.000000 
25 1 49 0 2 0 0 2 0 1 1 1 1.041683 0.000000 
25 1 50 0 5 1 5 2 2 2 2 1 0.748732 0.000000 
25 1 51 0 1 3 4 2 0 4 4 1 0.755637 0.000000 
25 1 52 0 5 3 3 1 2 4 4 1 0.520860 0.000000 
25 1 53 1 1 1 4 2 1 2 2 1 1.104392 0.000000 
25 1 54 0 3 3 4 2 1 4 4 1 0.688774 0.000000 
25 1 55 1 2 1 3 0 2 3 3 1 1.129661 0.000000 
25 1 56 0 0 2 5 2 0 3 3 1 1.033422 0.000000 
25 1 57 0 0 0 0 1 1 1 1 1 0.756430 0.000000 
25 1 58 0 5 3 0 0 2 4 4 1 0.689795 0.000000 
25 1 59 0 3 1 1 1 0 2 2 1 1.410524 0.000000 
25 1 60 0 5 1 1 1 2 2 2 1 0.663064 0.000000 
25 1 61 0 4 1 1 1 2 2 2 1 0.665308 0.000000 
25 1 62 0 1 3 3 1 0 4 4 1 1.259524 0.000000 
25 1 63 1 0 2 1 0 0 1 1 1 1.133962 0.000000 
25 1 64 0 5 2 2 1 2 3 3 1 0.765043 0.000000 
25 1 65 1 0 0 1 0 2 1 1 1 1.082376 0.000000 
25 1 66 0 3 3 3 1 1 4 4 1 0.611869 0.000000 
25 1 67 1 0 2 0 2 0 1 1 1 1.536184 0.000000 
25 1 68 0 2 0 4 2 0 1 1 1 1.015422 0.000000 
25 1 69 0 1 3 4 2 0 4 4 1 0.739782 0.000000 
25 1 70 0 1 1 1 1 1 2 2 1 0.762661 0.000000 
25 1 71 0 4 2 0 0 2 3 3 1 0.808928 0.000000 
25 1 72 0 5 0 4 2 2 1 1 1 0.853211 0.000000 
25 1 73 1 0 0 1 0 2 1 1 1 0.918516 0.000000 
25 1 74 0 1 3 3 1 0 4 4 1 0.638069 0.000000 
25 1 75 1 3 3 4 2 1 4 4 1 1.057008 0.000000 
25 1 76 0 5 2 2 1 2 3 3 1 0.731399 0.000000 
25 1 77 0 3 3 3 1 1 4 4 1 0.650906 0.000000 
25 1 78 0 0 0 0 2 1 1 1 1 0.581181 0.000000 
25 1 79 0 3 3 0 2 1 4 4 1 0.754682 0.000000 
25 1 80 0 1 3 2 0 0 4 4 1 0.888936 0.000000 
25 1 81 0 3 3 4 2 1 4 4 1 0.600921 0.000000 
25 1 82 0 3 3 0 0 1 4 4 1 0.725098 0.000000 
25 1 83 1 2 2 5 2 2 3 3 1 1.004646 0.000000 
25 1 84 0 3 3 4 2 1 4 4 1 0.656997 0.000000 
25 1 85 1 3 1 5 2 0 4 2 0 1.251231 0.000000 
25 1 86 0 1 3 2 0 0 4 4 1 0.641706 0.000000 
25 1 87 1 0 2 1 0 0 1 1 1 0.940081 0.000000 
25 1 88 0 5 0 0 1 2 1 1 1 0.826045 0.000000 
25 1 89 0 1 3 2 0 0 4 4 1 0.637687 0.000000 
25 1 90 0 3 1 1 1 0 2 2 1 0.968569 0.000000 
25 1 91 1 2 2 3 0 1 3 3 1 1.070221 0.000000 
25 1 92 0 3 1 1 1 0 2 2 1 0.855958 0.000000 
25 1 93 0 2 2 4 2 1 3 3 1 1.050249 0.000000 
25 1 94 0 3 3 0 0 1 4 4 1 0.644615 0.000000 
25 1 95 0 2 2 2 1 1 3 3 1 0.703466 0.000000 
25 1 96 1 1 1 1 1 1 2 2 1 0.958715 0.000000 
25 1 97 0 3 3 0 0 1 4 4 1 0.637032 0.000000 
25 1 98 1 1 3 4 2 0 2 2 1 0.911922 0.000000 
25 1 99 0 2 0 4 2 0 1 1 1 1.112222 0.000000 
25 1 100 0 2 2 3 0 1 3 3 1 0.736603 0.000000 
25 1 101 0 4 2 0 0 2 3 3 1 0.839552 0.000000 
25 1 102 1 1 0 0 1 2 2 2 1 1.001558 0.000000 
25 1 103 0 4 3 4 2 2 4 4 1 0.749843 0.000000 
25 1 104 0 3 1 0 0 0 2 2 1 0.860079 0.000000 
25 1 105 0 0 2 4 2 0 3 3 1 1.166425 0.000000 
25 1 106 0 5 3 0 0 2 4 4 1 0.692133 0.000000 
25 1 107 1 2 2 2 1 2 3 3 1 0.949004 0.000000 
25 1 108 1 3 1 5 2 0 4 4 1 1.139939 0.000000 
25 1 109 0 4 2 4 2 2 3 3 1 0.763048 0.000000 
25 1 110 1 1 2 2 0 2 2 2 1 0.952328 0.000000 
25 1 111 0 1 1 2 0 1 2 2 1 0.926673 0.000000 
25 1 112 0 1 1 2 0 1 2 2 1 0.918278 0.000000 
25 1 113 0 4 1 5 2 2 2 2 1 0.749965 0.000000 
25 1 114 0 1 3 2 0 0 4 4 1 0.940225 0.000000 
25 1 115 0 4 3 3 1 2 4 4 1 1.019249 0.000000 
25 1 116 0 3 3 0 2 1 4 4 1 0.622873 0.000000 
25 1 117 1 2 0 3 0 0 3 3 1 1.082432 0.000000 
25 1 118 0 5 0 0 0 2 1 3 0 0.634947 0.000000 
25 1 119 0 1 3 3 1 0 4 4 1 1.001396 0.000000 
25 1 120 0 0 2 2 1 0 3 3 1 0.853259 0.000000 
25 1 121 0 0 0 0 1 1 1 1 1 0.615503 0.000000 
25 1 122 0 0 0 1 0 1 1 1 1 0.931776 0.000000 
25 1 123 1 2 2 2 1 2 3 3 1 0.939374 0.000000 
25 1 124 0 1 3 2 0 0 4 4 1 0.714374 0.000000 
25 1 125 0 2 0 3 0 0 1 2 0 0.841597 0.000000 
25 1 126 1 1 1 4 2 2 2 2 1 1.552615 0.000000 
25 1 127 0 2 2 2 1 1 3 3 1 0.622658 0.000000 
25 1 128 0 0 0 1 0 1 1 1 1 0.730211 0.000000 
25 1 129 0 3 1 0 2 0 2 2 1 0.873785 0.000000 
25 1 130 0 1 1 5 2 1 2 2 1 0.651351 0.000000 
25 1 131 1 1 1 2 0 1 2 2 1 0.877621 0.000000 
25 1 132 0 1 3 4 2 0 4 4 1 0.830238 0.000000 
25 1 133 1 0 0 0 1 1 1 1 1 0.809862 0.000000 
25 1 134 1 3 3 4 2 1 4 4 1 1.006125 0.000000 
25 1 135 0 2 0 0 1 0 1 1 1 0.978496 0.000000 
25 1 136 0 0 0 0 1 1 1 1 1 0.552159 0.000000 
25 1 137 0 4 2 0 0 2 3 3 1 0.990325 0.000000 
25 1 138 0 2 0 3 0 0 1 1 1 0.867341 0.000000 
25 1 139 0 2 2 5 2 1 3 3 1 0.763966 0.000000 
25 1 140 0 5 1 0 2 2 2 2 1 0.898238 0.000000 
25 1 141 0 2 2 2 1 1 3 3 1 0.755273 0.000000 
25 1 142 0 3 3 3 1 1 4 4 1 0.625433 0.000000 
25 1 143 0 2 0 3 0 0 1 1 1 1.068991 0.000000 
25 1 144 0 2 2 2 1 1 3 3 1 0.694681 0.000000 
25 1 145 0 2 2 4 2 1 3 3 1 0.607578 0.000000 
25 1 146 0 2 0 4 2 0 1 1 1 0.699762 0.000000 
25 1 147 0 4 1 0 0 2 2 2 1 0.778996 0.000000 
25 1 148 1 1 3 4 2 0 2 2 1 0.968589 0.000000 
25 1 149 0 2 0 3 0 0 1 1 1 1.198270 0.000000 
25 1 150 0 5 3 5 2 2 4 4 1 0.867384 0.000000 
25 1 151 0 2 0 0 1 0 1 1 1 1.509015 0.000000 
25 1 152 0 0 2 4 2 0 3 3 1 0.837551 0.000000 
25 1 153 1 2 2 2 1 1 3 3 1 0.975558 0.000000 
25 1 154 0 5 3 4 2 2 4 4 1 0.709175 0.000000 
25 1 155 0 0 0 1 0 1 1 1 1 1.029419 0.000000 
25 1 156 0 5 2 2 1 2 3 3 1 1.321129 0.000000 
25 1 157 0 4 2 2 1 2 3 3 1 0.544824 0.000000 
25 1 158 1 3 3 3 1 1 4 4 1 0.895728 0.000000 
25 1 159 0 4 1 0 0 2 2 2 1 0.768700 0.000000 
25 1 160 1 0 2 2 1 0 1 1 1 1.054308 0.000000 
25 1 161 1 0 0 1 0 2 1 1 1 0.991627 0.000000 
25 1 162 0 5 2 4 2 2 3 3 1 0.804648 0.000000 
25 1 163 1 2 0 3 0 0 3 3 1 1.040932 0.000000 
25 1 164 0 0 0 5 2 1 1 1 1 1.684039 0.000000 
25 1 165 0 4 3 0 0 2 4 4 1 0.605260 0.000000 
25 1 166 0 1 3 5 2 0 4 4 1 0.921476 0.000000 
25 1 167 1 3 3 0 0 1 4 4 1 0.873106 0.000000 
25 1 168 0 5 3 5 2 2 4 4 1 0.626760 0.000000 
25 1 169 0 1 1 5 2 1 2 2 1 0.709278 0.000000 
25 1 170 0 5 1 1 1 2 2 2 1 0.661517 0.000000 
25 1 171 0 2 2 2 1 1 3 3 1 1.607770 0.000000 
25 1 172 0 0 0 1 0 1 1 1 1 0.604295 0.000000 
25 1 173 0 4 2 0 2 2 3 3 1 0.688385 0.000000 
25 1 174 0 3 1 1 1 0 2 2 1 1.105413 0.000000 
25 1 175 0 2 2 3 0 1 3 3 1 0.673771 0.000000 
25 1 176 0 5 2 4 2 2 3 3 1 0.658314 0.000000 
25 1 177 0 2 2 3 0 1 3 3 1 0.676530 0.000000 
25 1 178 1 2 2 2 1 1 3 3 1 0.734079 0.000000 
25 1 179 0 1 1 1 1 1 2 2 1 0.613017 0.000000 
25 1 180 0 5 2 2 1 2 3 3 1 0.697222 0.000000 
25 1 181 1 0 2 0 2 2 1 1 1 0.802083 0.000000 
25 1 182 0 0 0 1 0 1 1 1 1 0.710367 0.000000 
25 1 183 0 1 1 1 1 1 2 2 1 0.670584 0.000000 
25 1 184 0 1 1 1 1 1 2 2 1 0.575135 0.000000 
25 1 185 0 2 2 3 0 1 3 3 1 0.636604 0.000000 
25 1 186 0 0 2 2 1 0 3 3 1 0.791530 0.000000 
25 1 187 0 3 3 0 0 1 4 4 1 0.540464 0.000000 
25 1 188 0 2 0 4 2 0 1 1 1 0.987276 0.000000 
25 1 189 1 0 3 3 1 2 1 1 1 1.016290 0.000000 
25 1 190 1 1 2 2 1 2 2 2 1 1.132009 0.000000 
25 1 191 0 4 3 0 0 2 4 4 1 0.786746 0.000000 
25 1 192 0 3 3 0 0 1 4 4 1 0.607641 0.000000 
25 2 1 0 4 2 0 2 2 3 3 1 0.831855 0.000000 
25 2 2 1 0 2 2 0 0 1 1 1 0.979609 0.000000 
25 2 3 0 0 0 2 0 1 1 2 0 0.817299 0.000000 
25 2 4 0 3 3 4 2 1 4 4 1 0.600915 0.000000 
25 2 5 0 1 3 5 2 0 4 4 1 0.604630 0.000000 
25 2 6 0 2 2 2 2 1 3 3 1 0.944834 0.000000 
25 2 7 0 2 0 4 2 0 1 1 1 0.687715 0.000000 
25 2 8 0 1 1 3 0 1 2 2 1 0.663637 0.000000 
25 2 9 0 3 3 3 1 1 4 4 1 0.537883 0.000000 
25 2 10 0 5 3 4 2 2 4 4 1 0.512740 0.000000 
25 2 11 0 4 2 1 0 2 3 3 1 1.104895 0.000000 
25 2 12 0 5 0 4 2 2 1 1 1 0.697294 0.000000 
25 2 13 0 1 3 3 2 0 4 4 1 0.866196 0.000000 
25 2 14 0 2 0 0 1 0 1 1 1 1.004041 0.000000 
25 2 15 0 3 3 3 1 1 4 4 1 0.551082 0.000000 
25 2 16 0 5 3 1 0 2 4 4 1 0.549320 0.000000 
25 2 17 0 4 0 1 0 2 1 1 1 0.723977 0.000000 
25 2 18 1 3 1 1 0 0 4 4 1 1.011040 0.000000 
25 2 19 0 2 0 0 0 0 1 1 1 0.831418 0.000000 
25 2 20 0 3 3 1 0 1 4 4 1 0.635008 0.000000 
25 2 21 0 4 0 0 1 2 1 1 1 0.693902 0.000000 
25 2 22 0 5 1 1 0 2 2 2 1 0.950778 0.000000 
25 2 23 1 3 3 3 1 1 4 4 1 0.892085 0.000000 
25 2 24 1 2 0 4 2 0 3 3 1 0.965089 0.000000 
25 2 25 0 3 3 5 2 1 4 4 1 0.619418 0.000000 
25 2 26 1 1 3 3 0 0 2 2 1 0.910955 0.000000 
25 2 27 0 3 1 1 0 0 2 4 0 0.631256 0.000000 
25 2 28 1 2 2 0 0 1 3 3 1 1.094832 0.000000 
25 2 29 1 2 2 2 1 1 3 3 1 0.815362 0.000000 
25 2 30 0 0 2 2 1 0 3 1 0 0.730653 0.000000 
25 2 31 0 4 2 1 0 2 3 3 1 0.790263 0.000000 
25 2 32 1 3 3 3 1 1 4 4 1 0.890706 0.000000 
25 2 33 0 4 2 1 0 2 3 3 1 0.723674 0.000000 
25 2 34 0 0 0 2 0 1 1 1 1 0.651261 0.000000 
25 2 35 0 0 2 2 1 0 3 3 1 1.181496 0.000000 
25 2 36 0 5 0 0 1 2 1 1 1 0.835217 0.000000 
25 2 37 0 0 0 4 2 1 1 1 1 0.653122 0.000000 
25 2 38 0 1 3 5 2 0 4 4 1 0.607353 0.000000 
25 2 39 0 1 3 3 0 0 4 4 1 0.915576 0.000000 
25 2 40 0 3 3 3 1 1 4 4 1 0.555850 0.000000 
25 2 41 0 2 2 4 2 1 3 3 1 0.674016 0.000000 
25 2 42 0 5 1 1 0 2 2 2 1 0.715588 0.000000 
25 2 43 1 0 2 4 2 0 1 1 1 0.915853 0.000000 
25 2 44 0 0 0 0 1 1 1 1 1 0.723067 0.000000 
25 2 45 0 1 3 3 0 0 4 4 1 1.018031 0.000000 
25 2 46 0 2 0 5 2 0 1 1 1 1.021738 0.000000 
25 2 47 1 1 3 3 0 0 2 2 1 1.025437 0.000000 
25 2 48 1 0 0 3 2 1 1 1 1 0.749140 0.000000 
25 2 49 0 3 1 1 1 0 2 2 1 1.115939 0.000000 
25 2 50 0 2 2 5 2 1 3 3 1 0.876007 0.000000 
25 2 51 0 4 2 2 1 2 3 3 1 0.812496 0.000000 
25 2 52 0 2 2 0 0 1 3 3 1 0.800681 0.000000 
25 2 53 0 1 3 3 1 0 4 4 1 1.212953 0.000000 
25 2 54 0 1 1 4 2 1 2 2 1 0.881389 0.000000 
25 2 55 0 2 0 5 2 0 1 1 1 0.803008 0.000000 
25 2 56 0 0 0 0 1 1 1 1 1 0.679289 0.000000 
25 2 57 0 0 2 2 1 0 3 3 1 1.256863 0.000000 
25 2 58 1 1 0 0 1 2 2 2 1 0.971284 0.000000 
25 2 59 1 2 1 1 2 2 3 3 1 0.943956 0.000000 
25 2 60 0 2 0 0 0 0 1 1 1 1.174969 0.000000 
25 2 61 0 1 3 3 1 0 4 4 1 0.628699 0.000000 
25 2 62 0 3 3 1 0 1 4 4 1 0.648232 0.000000 
25 2 63 1 2 2 2 1 2 3 3 1 1.035098 0.000000 
25 2 64 0 2 2 2 1 1 3 3 1 0.886135 0.000000 
25 2 65 0 0 2 1 2 0 3 3 1 0.695109 0.000000 
25 2 66 1 1 0 0 1 2 2 2 1 0.863983 0.000000 
25 2 67 0 3 3 4 2 1 4 4 1 0.633276 0.000000 
25 2 68 0 5 1 1 1 2 2 2 1 0.732178 0.000000 
25 2 69 0 3 1 4 2 0 2 2 1 0.723728 0.000000 
25 2 70 0 1 1 3 0 1 2 2 1 0.483275 0.000000 
25 2 71 0 4 3 3 1 2 4 4 1 0.676113 0.000000 
25 2 72 0 5 1 1 1 2 2 2 1 0.701668 0.000000 
25 2 73 0 4 1 1 0 2 2 2 1 0.517902 0.000000 
25 2 74 1 1 3 3 0 2 2 2 1 0.932457 0.000000 
25 2 75 0 4 3 4 2 2 4 4 1 0.659828 0.000000 
25 2 76 0 2 0 0 1 0 1 1 1 0.814467 0.000000 
25 2 77 0 1 1 1 1 1 2 2 1 0.714525 0.000000 
25 2 78 0 0 2 0 2 0 3 3 1 1.018771 0.000000 
25 2 79 1 2 0 0 0 0 3 3 1 1.014383 0.000000 
25 2 80 1 1 3 3 1 0 2 2 1 0.802740 0.000000 
25 2 81 1 3 3 3 1 1 4 4 1 0.887044 0.000000 
25 2 82 0 3 3 4 2 1 4 4 1 0.623027 0.000000 
25 2 83 0 1 3 3 0 0 4 4 1 0.866562 0.000000 
25 2 84 1 2 0 0 0 0 3 3 1 0.860169 0.000000 
25 2 85 1 1 1 1 1 1 2 2 1 0.718466 0.000000 
25 2 86 0 5 2 1 0 2 3 3 1 0.846073 0.000000 
25 2 87 0 4 2 4 2 2 3 3 1 0.664990 0.000000 
25 2 88 0 5 0 0 1 2 1 1 1 0.667241 0.000000 
25 2 89 0 2 2 0 0 1 3 3 1 0.628766 0.000000 
25 2 90 0 1 1 3 0 1 2 2 1 0.735261 0.000000 
25 2 91 0 0 0 4 2 1 1 1 1 0.758223 0.000000 
25 2 92 0 3 1 1 0 0 2 2 1 1.092459 0.000000 
25 2 93 0 4 1 1 0 2 2 2 1 0.597516 0.000000 
25 2 94 0 0 2 2 1 0 3 3 1 1.850439 0.000000 
25 2 95 0 4 1 4 2 2 2 2 1 0.693046 0.000000 
25 2 96 1 3 1 1 1 2 4 4 1 1.045895 0.000000 
25 2 97 0 3 1 1 0 0 2 2 1 0.871957 0.000000 
25 2 98 0 0 0 2 0 1 1 1 1 0.761622 0.000000 
25 2 99 0 0 2 2 1 0 3 3 1 0.751867 0.000000 
25 2 100 0 1 3 3 1 0 4 4 1 0.798112 0.000000 
25 2 101 1 0 1 2 0 2 1 1 1 1.027011 0.000000 
25 2 102 0 2 0 0 1 0 1 1 1 1.094743 0.000000 
25 2 103 0 2 2 4 2 1 3 3 1 0.807782 0.000000 
25 2 104 0 5 2 2 1 2 3 3 1 0.692056 0.000000 
25 2 105 1 1 3 3 1 0 2 2 1 0.779947 0.000000 
25 2 106 0 5 2 1 0 2 3 3 1 0.945565 0.000000 
25 2 107 1 3 1 1 1 0 4 4 1 0.992532 0.000000 
25 2 108 1 0 0 0 1 1 1 1 1 0.765538 0.000000 
25 2 109 1 3 3 3 1 1 4 4 1 0.723779 0.000000 
25 2 110 0 5 0 0 1 2 1 1 1 0.963389 0.000000 
25 2 111 1 1 3 4 2 0 2 2 1 1.161715 0.000000 
25 2 112 0 2 0 2 2 0 1 1 1 0.863063 0.000000 
25 2 113 0 4 1 1 0 2 2 2 1 0.673400 0.000000 
25 2 114 0 1 3 3 1 0 4 4 1 0.698936 0.000000 
25 2 115 1 2 2 0 0 2 3 3 1 1.219858 0.000000 
25 2 116 0 5 3 1 0 2 4 4 1 0.743615 0.000000 
25 2 117 0 0 0 3 2 1 1 1 1 0.582530 0.000000 
25 2 118 0 0 2 2 0 0 3 3 1 0.819961 0.000000 
25 2 119 0 0 0 4 2 1 1 1 1 0.607646 0.000000 
25 2 120 0 0 2 2 0 0 3 3 1 0.626793 0.000000 
25 2 121 1 3 1 0 2 0 4 4 1 0.718364 0.000000 
25 2 122 0 3 3 3 1 1 4 4 1 0.685969 0.000000 
25 2 123 0 1 3 3 0 0 4 4 1 0.742834 0.000000 
25 2 124 1 3 2 2 1 2 4 4 1 0.749732 0.000000 
25 2 125 1 0 0 2 0 2 1 1 1 0.956034 0.000000 
25 2 126 0 5 3 4 2 2 4 4 1 0.826331 0.000000 
25 2 127 0 4 2 2 1 2 3 3 1 0.772921 0.000000 
25 2 128 0 5 2 2 1 2 3 3 1 0.506529 0.000000 
25 2 129 1 1 1 4 2 1 2 2 1 1.106677 0.000000 
25 2 130 0 1 3 5 2 0 4 4 1 1.027081 0.000000 
25 2 131 0 0 2 2 1 0 3 3 1 0.934785 0.000000 
25 2 132 0 2 0 0 0 0 1 1 1 0.757686 0.000000 
25 2 133 0 1 3 3 0 0 4 4 1 0.588008 0.000000 
25 2 134 0 5 1 1 0 2 2 2 1 0.648848 0.000000 
25 2 135 1 0 2 2 0 0 1 1 1 0.874750 0.000000 
25 2 136 0 2 2 4 2 1 3 3 1 0.676348 0.000000 
25 2 137 0 4 0 1 0 2 1 1 1 0.733926 0.000000 
25 2 138 0 0 0 2 0 1 1 1 1 0.572842 0.000000 
25 2 139 1 2 2 2 1 1 3 3 1 1.042326 0.000000 
25 2 140 0 3 3 1 0 1 4 4 1 0.605368 0.000000 
25 2 141 0 4 0 2 2 2 1 1 1 0.777540 0.000000 
25 2 142 1 1 3 3 0 0 2 2 1 0.927135 0.000000 
25 2 143 0 0 2 2 1 0 3 3 1 0.901853 0.000000 
25 2 144 0 1 1 3 0 1 2 2 1 0.974121 0.000000 
25 2 145 0 1 1 1 1 1 2 2 1 0.851797 0.000000 
25 2 146 1 3 3 3 1 1 4 4 1 1.038080 0.000000 
25 2 147 0 4 2 5 2 2 3 3 1 0.729090 0.000000 
25 2 148 0 3 3 3 1 1 4 4 1 0.600671 0.000000 
25 2 149 0 4 3 3 2 2 4 4 1 0.468847 0.000000 
25 2 150 0 5 0 5 2 2 1 1 1 1.325376 0.000000 
25 2 151 0 4 0 4 2 2 1 1 1 0.573122 0.000000 
25 2 152 0 5 2 5 2 2 3 3 1 0.866675 0.000000 
25 2 153 0 1 3 2 2 0 4 4 1 0.796291 0.000000 
25 2 154 0 5 1 1 1 2 2 2 1 0.825241 0.000000 
25 2 155 1 1 3 5 2 0 2 2 1 1.084834 0.000000 
25 2 156 0 3 3 1 0 1 4 4 1 0.509865 0.000000 
25 2 157 0 0 2 2 1 0 3 1 0 0.782056 0.000000 
25 2 158 0 5 3 3 1 2 4 4 1 0.678650 0.000000 
25 2 159 0 4 2 0 2 2 3 3 1 0.767726 0.000000 
25 2 160 0 5 1 4 2 2 2 2 1 0.677312 0.000000 
25 2 161 1 0 2 4 2 0 1 1 1 0.910855 0.000000 
25 2 162 0 5 1 4 2 2 2 2 1 0.687178 0.000000 
25 2 163 1 1 1 4 2 1 2 2 1 0.872067 0.000000 
25 2 164 0 2 0 0 1 0 1 1 1 0.985684 0.000000 
25 2 165 0 4 1 1 0 2 2 2 1 0.701661 0.000000 
25 2 166 0 2 0 0 0 0 1 1 1 0.837904 0.000000 
25 2 167 0 1 3 3 0 0 4 4 1 0.696888 0.000000 
25 2 168 0 5 2 2 1 2 3 3 1 1.465807 0.000000 
25 2 169 0 4 1 1 0 2 2 2 1 0.564130 0.000000 
25 2 170 0 2 2 0 0 1 3 3 1 0.729805 0.000000 
25 2 171 1 0 2 2 1 0 1 1 1 0.833402 0.000000 
25 2 172 0 0 0 1 2 1 1 1 1 0.675378 0.000000 
25 2 173 1 0 1 4 2 2 1 2 0 0.876901 0.000000 
25 2 174 0 0 2 2 1 0 3 4 0 1.082559 0.000000 
25 2 175 1 2 2 4 2 1 3 3 1 1.399826 0.000000 
25 2 176 0 1 1 5 2 1 2 2 1 0.892060 0.000000 
25 2 177 0 3 3 4 2 1 4 4 1 0.612755 0.000000 
25 2 178 0 3 3 5 2 1 4 4 1 0.496991 0.000000 
25 2 179 0 4 0 1 2 2 1 2 0 0.744823 0.000000 
25 2 180 0 5 2 5 2 2 3 3 1 0.811696 0.000000 
25 2 181 0 1 1 1 1 1 2 2 1 0.895545 0.000000 
25 2 182 0 5 3 1 0 2 4 4 1 0.648509 0.000000 
25 2 183 0 2 2 1 2 1 3 3 1 0.811378 0.000000 
25 2 184 0 5 3 1 0 2 4 4 1 0.815661 0.000000 
25 2 185 0 0 0 5 2 1 1 1 1 0.643926 0.000000 
25 2 186 0 5 1 1 1 2 2 1 0 0.494782 0.000000 
25 2 187 1 2 2 0 0 1 3 3 1 1.162646 0.000000 
25 2 188 1 1 1 4 2 1 2 2 1 0.856557 0.000000 
25 2 189 0 2 2 2 1 1 3 3 1 0.770813 0.000000 
25 2 190 1 1 1 1 1 2 2 2 1 0.848426 0.000000 
25 2 191 1 2 0 5 2 0 3 3 1 0.683332 0.000000 
25 2 192 1 0 0 2 0 1 1 1 1 1.020294 0.000000 
25 3 1 1 0 1 3 0 2 1 1 1 1.081457 0.000000 
25 3 2 1 1 0 4 2 2 2 2 1 1.130653 0.000000 
25 3 3 0 2 1 1 0 0 2 2 1 1.066397 0.000000 
25 3 4 0 5 1 2 0 2 2 2 1 0.620136 0.000000 
25 3 5 0 3 2 2 0 0 3 3 1 1.254621 0.000000 
25 3 6 0 3 3 4 2 1 4 4 1 0.793131 0.000000 
25 3 7 1 2 2 4 2 2 3 3 1 0.837988 0.000000 
25 3 8 0 5 2 3 2 2 3 3 1 0.592925 0.000000 
25 3 9 0 4 3 4 2 2 4 4 1 0.613830 0.000000 
25 3 10 0 0 3 3 0 0 4 4 1 0.826027 0.000000 
25 3 11 1 0 0 3 0 1 1 1 1 0.757615 0.000000 
25 3 12 0 2 1 5 2 0 2 2 1 1.083886 0.000000 
25 3 13 0 1 1 0 0 1 2 2 1 0.699923 0.000000 
25 3 14 0 1 0 0 1 0 1 1 1 0.972182 0.000000 
25 3 15 1 2 3 3 1 2 3 3 1 0.961837 0.000000 
25 3 16 0 0 0 3 0 1 1 1 1 0.984182 0.000000 
25 3 17 0 3 3 2 0 1 4 4 1 0.685177 0.000000 
25 3 18 0 5 1 1 1 2 2 2 1 0.862085 0.000000 
25 3 19 1 2 1 1 1 2 3 3 1 0.935441 0.000000 
25 3 20 0 3 2 2 0 0 3 3 1 0.902340 0.000000 
25 3 21 1 0 3 3 0 0 1 1 1 0.766665 0.000000 
25 3 22 0 5 0 4 2 2 1 1 1 0.700259 0.000000 
25 3 23 0 4 0 0 1 2 1 1 1 0.772500 0.000000 
25 3 24 0 2 2 5 2 1 3 3 1 0.786077 0.000000 
25 3 25 0 1 0 0 1 0 1 1 1 0.999023 0.000000 
25 3 26 0 5 0 3 2 2 1 1 1 0.571923 0.000000 
25 3 27 0 4 2 2 1 2 3 3 1 0.969522 0.000000 
25 3 28 0 3 3 3 1 1 4 4 1 0.678195 0.000000 
25 3 29 0 4 2 2 2 2 3 3 1 0.727750 0.000000 
25 3 30 0 5 0 0 1 2 1 1 1 0.823335 0.000000 
25 3 31 1 2 2 2 1 2 3 3 1 0.882914 0.000000 
25 3 32 1 3 1 5 2 2 4 4 1 0.820147 0.000000 
25 3 33 0 3 2 4 2 0 3 3 1 0.855505 0.000000 
25 3 34 0 3 2 2 0 0 3 3 1 0.752897 0.000000 
25 3 35 0 2 2 2 1 1 3 3 1 0.783040 0.000000 
25 3 36 0 1 0 0 0 0 1 1 1 0.804017 0.000000 
25 3 37 0 4 1 4 2 2 2 2 1 0.840281 0.000000 
25 3 38 0 2 2 1 0 1 3 3 1 0.899217 0.000000 
25 3 39 0 4 0 2 0 2 1 1 1 0.708005 0.000000 
25 3 40 0 0 3 3 1 0 4 1 0 0.771756 0.000000 
25 3 41 0 0 0 0 1 1 1 1 1 0.589364 0.000000 
25 3 42 1 0 3 3 0 0 1 1 1 0.832761 0.000000 
25 3 43 0 0 0 3 0 1 1 1 1 0.619932 0.000000 
25 3 44 1 3 3 4 2 2 4 4 1 1.175250 0.000000 
25 3 45 1 3 3 2 0 1 4 4 1 0.876934 0.000000 
25 3 46 0 1 1 5 2 1 2 2 1 0.726593 0.000000 
25 3 47 0 2 2 2 1 1 3 3 1 0.718219 0.000000 
25 3 48 0 2 1 1 0 0 2 2 1 0.957756 0.000000 
25 3 49 0 4 0 0 1 2 1 1 1 0.604081 0.000000 
25 3 50 0 3 2 2 0 0 3 3 1 0.951274 0.000000 
25 3 51 0 4 2 4 2 2 3 3 1 0.813623 0.000000 
25 3 52 1 0 3 3 0 0 1 1 1 0.697859 0.000000 
25 3 53 1 0 1 1 1 2 1 1 1 1.218787 0.000000 
25 3 54 1 1 0 0 1 0 2 2 1 0.966528 0.000000 
25 3 55 0 3 3 3 1 1 4 4 1 0.740214 0.000000 
25 3 56 1 3 1 2 0 2 4 4 1 0.955112 0.000000 
25 3 57 0 4 2 2 1 2 3 3 1 1.416508 0.000000 
25 3 58 0 0 0 3 0 1 1 1 1 0.668332 0.000000 
25 3 59 1 1 1 0 0 1 2 2 1 0.973870 0.000000 
25 3 60 0 1 0 0 2 0 1 1 1 0.779502 0.000000 
25 3 61 1 2 2 4 2 1 3 3 1 1.217116 0.000000 
25 3 62 0 0 3 4 2 0 4 4 1 1.540949 0.000000 
25 3 63 0 0 3 3 1 0 4 4 1 0.683219 0.000000 
25 3 64 0 2 1 1 0 0 2 2 1 1.188004 0.000000 
25 3 65 0 1 1 0 0 1 2 2 1 1.001116 0.000000 
25 3 66 1 1 0 4 2 0 2 2 1 1.669413 0.000000 
25 3 67 0 1 0 0 0 0 1 1 1 1.255406 0.000000 
25 3 68 1 3 3 2 0 2 4 4 1 1.209881 0.000000 
25 3 69 1 0 1 1 1 2 1 1 1 0.854276 0.000000 
25 3 70 0 2 2 2 1 1 3 3 1 0.919644 0.000000 
25 3 71 0 1 1 0 0 1 2 2 1 2.055283 0.000000 
25 3 72 0 5 2 1 2 2 3 3 1 0.746008 0.000000 
25 3 73 1 0 1 3 0 2 1 1 1 0.784922 0.000000 
25 3 74 0 5 1 2 0 2 2 2 1 0.781888 0.000000 
25 3 75 1 2 2 2 1 1 3 3 1 0.851442 0.000000 
25 3 76 0 0 0 4 2 1 1 1 1 0.557733 0.000000 
25 3 77 0 4 2 4 2 2 3 3 1 0.628023 0.000000 
25 3 78 0 5 2 2 1 2 3 3 1 0.494410 0.000000 
25 3 79 0 4 2 4 2 2 3 3 1 0.559314 0.000000 
25 3 80 0 3 2 2 1 0 3 3 1 1.845505 0.000000 
25 3 81 0 3 3 2 0 1 4 4 1 0.592767 0.000000 
25 3 82 0 1 1 0 0 1 2 2 1 0.629654 0.000000 
25 3 83 0 4 3 2 0 2 4 4 1 0.705197 0.000000 
25 3 84 0 2 2 0 2 1 3 3 1 0.713323 0.000000 
25 3 85 1 0 3 3 0 2 1 1 1 0.840642 0.000000 
25 3 86 0 2 1 1 0 0 2 2 1 0.963582 0.000000 
25 3 87 0 4 1 4 2 2 2 2 1 0.665915 0.000000 
25 3 88 0 5 1 1 1 2 2 2 1 0.515935 0.000000 
25 3 89 0 0 0 3 0 1 1 1 1 0.699617 0.000000 
25 3 90 1 3 3 3 2 1 4 4 1 0.868076 0.000000 
25 3 91 0 1 1 4 2 1 2 2 1 0.749470 0.000000 
25 3 92 0 5 0 0 1 2 1 1 1 0.803968 0.000000 
25 3 93 0 3 2 2 1 0 3 3 1 1.126988 0.000000 
25 3 94 0 2 2 1 0 1 3 3 1 0.742737 0.000000 
25 3 95 0 2 2 1 0 1 3 3 1 1.013588 0.000000 
25 3 96 0 0 3 1 2 0 4 4 1 3.770092 0.000000 
25 3 97 0 2 1 1 1 0 2 2 1 1.160793 0.000000 
25 3 98 0 5 0 2 0 2 1 1 1 0.735232 0.000000 
25 3 99 0 4 1 2 2 2 2 2 1 0.821098 0.000000 
25 3 100 0 2 1 1 1 0 2 2 1 0.856735 0.000000 
25 3 101 0 0 0 3 0 1 1 1 1 0.659021 0.000000 
25 3 102 0 5 3 3 1 2 4 4 1 1.221268 0.000000 
25 3 103 0 2 2 5 2 1 3 3 1 0.680985 0.000000 
25 3 104 0 1 1 0 0 1 2 2 1 0.738593 0.000000 
25 3 105 1 0 3 3 1 2 1 1 1 0.993465 0.000000 
25 3 106 1 3 3 3 1 1 4 4 1 0.909480 0.000000 
25 3 107 0 4 0 0 1 2 1 1 1 0.837812 0.000000 
25 3 108 0 1 0 0 2 0 1 1 1 0.728749 0.000000 
25 3 109 1 2 1 1 1 0 3 3 1 1.968356 0.000000 
25 3 110 1 0 3 3 1 0 1 1 1 0.718369 0.000000 
25 3 111 0 4 1 5 2 2 2 2 1 0.765972 0.000000 
25 3 112 0 3 3 3 1 1 4 4 1 0.588035 0.000000 
25 3 113 0 4 0 5 2 2 1 1 1 0.727477 0.000000 
25 3 114 0 0 3 5 2 0 4 4 1 0.959018 0.000000 
25 3 115 1 3 2 4 2 0 4 4 1 1.197314 0.000000 
25 3 116 1 1 0 4 2 0 2 2 1 1.378427 0.000000 
25 3 117 0 2 2 2 1 1 3 3 1 1.712280 0.000000 
25 3 118 0 3 3 3 1 1 4 4 1 0.632855 0.000000 
25 3 119 0 1 0 0 0 0 1 1 1 0.643982 0.000000 
25 3 120 0 1 0 0 1 0 1 1 1 1.421696 0.000000 
25 3 121 0 4 2 4 2 2 3 3 1 0.745420 0.000000 
25 3 122 0 2 1 1 1 0 2 2 1 0.840348 0.000000 
25 3 123 0 4 0 0 1 2 1 1 1 0.763334 0.000000 
25 3 124 0 5 0 2 2 2 1 1 1 0.777586 0.000000 
25 3 125 0 3 3 2 2 1 4 4 1 0.623157 0.000000 
25 3 126 1 1 1 1 1 1 2 2 1 1.074691 0.000000 
25 3 127 0 3 2 4 2 0 3 3 1 0.868421 0.000000 
25 3 128 0 0 3 4 2 0 4 1 0 0.613035 0.000000 
25 3 129 0 2 2 5 2 1 3 3 1 0.693264 0.000000 
25 3 130 0 5 3 3 1 2 4 4 1 0.965699 0.000000 
25 3 131 0 4 0 4 2 2 1 1 1 0.683946 0.000000 
25 3 132 0 0 0 3 0 1 1 1 1 0.476904 0.000000 
25 3 133 1 0 0 0 1 1 1 1 1 0.662374 0.000000 
25 3 134 0 1 1 1 1 1 2 2 1 0.696583 0.000000 
25 3 135 0 4 3 2 0 2 4 4 1 0.601459 0.000000 
25 3 136 0 2 2 2 1 1 3 3 1 0.652640 0.000000 
25 3 137 1 0 1 3 0 2 1 1 1 0.806867 0.000000 
25 3 138 0 5 2 2 0 2 3 3 1 0.867142 0.000000 
25 3 139 0 4 0 0 1 2 1 1 1 0.684788 0.000000 
25 3 140 0 2 2 4 2 1 3 3 1 0.573654 0.000000 
25 3 141 0 2 1 2 2 0 2 2 1 0.827135 0.000000 
25 3 142 0 0 0 3 0 1 1 1 1 0.782806 0.000000 
25 3 143 0 3 3 3 1 1 4 4 1 0.586948 0.000000 
25 3 144 0 1 0 0 1 0 1 1 1 0.999841 0.000000 
25 3 145 0 3 2 2 0 0 3 3 1 1.539953 0.000000 
25 3 146 1 3 3 3 1 1 4 4 1 0.955137 0.000000 
25 3 147 0 4 3 5 2 2 4 4 1 0.633461 0.000000 
25 3 148 0 1 0 4 2 0 1 1 1 0.764355 0.000000 
25 3 149 0 3 2 4 2 0 3 3 1 0.706632 0.000000 
25 3 150 1 0 0 3 0 1 1 1 1 0.930824 0.000000 
25 3 151 0 4 2 2 0 2 3 3 1 0.833450 0.000000 
25 3 152 0 2 1 5 2 0 2 2 1 0.996443 0.000000 
25 3 153 0 4 2 2 0 2 3 3 1 0.721463 0.000000 
25 3 154 0 1 1 0 0 1 2 2 1 0.801030 0.000000 
25 3 155 0 1 1 5 2 1 2 2 1 1.341319 0.000000 
25 3 156 1 3 0 4 2 2 4 4 1 1.228463 0.000000 
25 3 157 0 1 0 4 2 0 1 1 1 0.816219 0.000000 
25 3 158 0 3 3 2 0 1 4 4 1 2.955173 0.000000 
25 3 159 1 1 0 0 2 0 2 2 1 1.193969 0.000000 
25 3 160 0 2 2 4 2 1 3 3 1 0.759056 0.000000 
25 3 161 1 3 3 3 1 1 4 4 1 0.861309 0.000000 
25 3 162 0 1 0 0 0 0 1 1 1 1.319624 0.000000 
25 3 163 0 3 3 4 2 1 4 4 1 0.639424 0.000000 
25 3 164 0 2 1 4 2 0 2 2 1 0.905257 0.000000 
25 3 165 1 0 3 3 1 0 1 1 1 1.401884 0.000000 
25 3 166 0 5 2 0 2 2 3 3 1 0.878129 0.000000 
25 3 167 0 4 3 2 0 2 4 4 1 0.855750 0.000000 
25 3 168 1 1 1 4 2 1 2 2 1 0.826012 0.000000 
25 3 169 1 0 0 5 2 1 1 1 1 0.661656 0.000000 
25 3 170 0 0 3 3 1 0 4 4 1 1.055880 0.000000 
25 3 171 0 4 2 4 2 2 3 3 1 0.689297 0.000000 
25 3 172 0 3 3 2 0 1 4 4 1 0.634054 0.000000 
25 3 173 0 0 3 3 0 0 4 4 1 0.997031 0.000000 
25 3 174 0 0 3 3 0 0 4 4 1 0.858013 0.000000 
25 3 175 1 2 1 1 1 0 3 3 1 1.276296 0.000000 
25 3 176 1 0 0 5 2 1 1 1 1 1.150099 0.000000 
25 3 177 0 1 0 0 1 0 1 1 1 0.860505 0.000000 
25 3 178 0 5 2 2 0 2 3 3 1 0.989807 0.000000 
25 3 179 1 1 1 1 1 1 2 2 1 2.074867 0.000000 
25 3 180 1 2 2 1 0 1 3 3 1 0.932907 0.000000 
25 3 181 0 3 2 5 2 0 3 3 1 1.044175 0.000000 
25 3 182 0 3 3 3 1 1 4 4 1 0.606943 0.000000 
25 3 183 0 3 2 2 1 0 3 3 1 0.851152 0.000000 
25 3 184 0 5 1 2 0 2 2 2 1 0.852542 0.000000 
25 3 185 1 2 1 1 1 0 3 3 1 1.422699 0.000000 
25 3 186 0 2 1 1 1 0 2 2 1 0.794563 0.000000 
25 3 187 0 3 2 4 2 0 3 4 0 0.687588 0.000000 
25 3 188 0 5 1 2 0 2 2 2 1 0.948437 0.000000 
25 3 189 0 0 3 3 1 0 4 4 1 0.866965 0.000000 
25 3 190 0 1 0 0 0 0 1 1 1 0.748563 0.000000 
25 3 191 0 1 1 1 1 1 2 2 1 0.730579 0.000000 
25 3 192 1 3 2 2 1 0 4 4 1 0.906044 0.000000 
25 4 1 0 3 3 1 0 1 4 4 1 0.773833 0.000000 
25 4 2 0 3 3 1 0 1 4 4 1 0.467608 0.000000 
25 4 3 1 0 0 2 0 1 1 1 1 0.909107 0.000000 
25 4 4 1 3 0 5 2 0 4 4 1 0.837359 0.000000 
25 4 5 0 4 0 2 2 2 1 1 1 0.896378 0.000000 
25 4 6 1 1 2 4 2 2 2 2 1 0.961319 0.000000 
25 4 7 0 4 3 1 0 2 4 4 1 0.622761 0.000000 
25 4 8 1 2 2 4 2 1 3 3 1 0.706151 0.000000 
25 4 9 0 3 0 1 0 0 1 1 1 1.082430 0.000000 
25 4 10 0 2 3 5 2 0 4 4 1 0.723956 0.000000 
25 4 11 1 0 0 0 1 1 1 1 1 0.627039 0.000000 
25 4 12 0 5 3 3 1 2 4 4 1 0.686573 0.000000 
25 4 13 0 1 2 0 2 0 3 3 1 0.879474 0.000000 
25 4 14 0 5 0 1 0 2 1 1 1 0.729095 0.000000 
25 4 15 0 0 0 0 1 1 1 1 1 0.727750 0.000000 
25 4 16 0 5 2 2 1 2 3 4 0 0.719245 0.000000 
25 4 17 0 2 3 3 1 0 4 4 1 0.666822 0.000000 
25 4 18 0 5 0 0 1 2 1 1 1 0.956150 0.000000 
25 4 19 0 3 3 4 2 1 4 4 1 0.562147 0.000000 
25 4 20 0 0 0 0 1 1 1 1 1 0.600362 0.000000 
25 4 21 1 3 0 4 2 0 4 4 1 0.900568 0.000000 
25 4 22 0 2 3 5 2 0 4 4 1 0.588894 0.000000 
25 4 23 1 2 2 2 1 1 3 3 1 0.801733 0.000000 
25 4 24 0 3 3 5 2 1 4 4 1 0.549021 0.000000 
25 4 25 0 4 1 1 1 2 2 1 0 0.659866 0.000000 
25 4 26 1 1 0 0 1 2 2 2 1 0.850093 0.000000 
25 4 27 0 3 3 1 0 1 4 4 1 0.884126 0.000000 
25 4 28 0 5 2 2 1 2 3 3 1 0.852869 0.000000 
25 4 29 0 0 0 2 0 1 1 1 1 0.695174 0.000000 
25 4 30 0 2 3 3 1 0 4 4 1 0.616032 0.000000 
25 4 31 1 3 3 1 0 1 4 4 1 1.035083 0.000000 
25 4 32 1 0 1 2 0 0 1 1 1 0.773605 0.000000 
25 4 33 0 4 0 0 1 2 1 1 1 0.771219 0.000000 
25 4 34 0 5 0 0 1 2 1 1 1 0.656798 0.000000 
25 4 35 0 4 3 1 0 2 4 4 1 0.627000 0.000000 
25 4 36 0 1 1 1 1 1 2 2 1 0.950554 0.000000 
25 4 37 0 0 1 2 0 0 2 2 1 0.556873 0.000000 
25 4 38 0 5 0 1 2 2 1 1 1 0.763046 0.000000 
25 4 39 1 2 1 1 1 2 3 3 1 0.936277 0.000000 
25 4 40 0 2 2 2 1 1 3 3 1 0.647276 0.000000 
25 4 41 0 4 0 0 1 2 1 1 1 0.794154 0.000000 
25 4 42 0 1 2 2 1 0 3 4 0 0.751107 0.000000 
25 4 43 0 2 3 0 0 0 4 4 1 0.665360 0.000000 
25 4 44 0 2 3 3 1 0 4 4 1 0.483065 0.000000 
25 4 45 0 1 1 1 1 1 2 2 1 0.692119 0.000000 
25 4 46 0 5 1 1 1 2 2 2 1 0.508801 0.000000 
25 4 47 0 3 0 1 0 0 1 3 0 0.691928 0.000000 
25 4 48 0 5 2 2 1 2 3 3 1 0.680847 0.000000 
25 4 49 1 3 0 0 1 0 4 4 1 0.873914 0.000000 
25 4 50 0 5 2 2 1 2 3 3 1 0.731565 0.000000 
25 4 51 0 4 1 5 2 2 2 2 1 0.787161 0.000000 
25 4 52 0 2 2 4 2 1 3 3 1 0.656259 0.000000 
25 4 53 1 3 3 3 1 1 4 4 1 0.722256 0.000000 
25 4 54 0 5 2 2 1 2 3 3 1 0.736855 0.000000 
25 4 55 0 3 0 5 2 0 1 1 1 0.839753 0.000000 
25 4 56 0 5 0 0 1 2 1 1 1 0.794720 0.000000 
25 4 57 0 2 2 0 0 1 3 3 1 0.671600 0.000000 
25 4 58 0 5 1 1 0 2 2 2 1 0.721184 0.000000 
25 4 59 0 4 0 0 1 2 1 1 1 0.672748 0.000000 
25 4 60 0 0 0 0 2 1 1 1 1 0.490305 0.000000 
25 4 61 0 4 1 5 2 2 2 2 1 0.850213 0.000000 
25 4 62 1 1 2 3 0 2 2 2 1 1.028370 0.000000 
25 4 63 0 4 0 1 0 2 1 1 1 0.680097 0.000000 
25 4 64 0 5 0 1 2 2 1 1 1 0.705656 0.000000 
25 4 65 0 3 3 1 0 1 4 4 1 0.697815 0.000000 
25 4 66 0 3 0 0 1 0 1 1 1 0.762768 0.000000 
25 4 67 0 0 0 2 0 1 1 1 1 0.561027 0.000000 
25 4 68 0 2 3 2 2 0 4 4 1 0.839201 0.000000 
25 4 69 0 4 3 1 0 2 4 4 1 0.706151 0.000000 
25 4 70 1 1 0 3 0 2 2 2 1 1.201336 0.000000 
25 4 71 0 2 3 3 1 0 4 4 1 0.861808 0.000000 
25 4 72 1 3 3 4 2 2 4 4 1 0.800075 0.000000 
25 4 73 0 0 0 0 1 1 1 1 1 0.588371 0.000000 
25 4 74 1 0 0 2 0 1 1 1 1 0.833213 0.000000 
25 4 75 1 2 0 4 2 2 3 3 1 0.804130 0.000000 
25 4 76 0 1 2 5 2 0 3 3 1 0.952444 0.000000 
25 4 77 0 4 0 0 1 2 1 1 1 0.813682 0.000000 
25 4 78 0 5 0 4 2 2 1 1 1 1.578084 0.000000 
25 4 79 0 4 1 4 2 2 2 2 1 0.719924 0.000000 
25 4 80 0 3 0 5 2 0 1 1 1 1.407558 0.000000 
25 4 81 0 1 2 3 0 0 3 3 1 1.092043 0.000000 
25 4 82 0 5 3 3 1 2 4 4 1 0.965108 0.000000 
25 4 83 0 3 3 5 2 1 4 4 1 0.530530 0.000000 
25 4 84 1 3 0 0 1 2 4 4 1 1.297901 0.000000 
25 4 85 1 2 3 0 0 0 3 3 1 0.954987 0.000000 
25 4 86 0 0 0 2 0 1 1 1 1 0.657384 0.000000 
25 4 87 0 3 0 1 0 0 1 1 1 0.731580 0.000000 
25 4 88 0 0 1 4 2 0 2 2 1 0.915184 0.000000 
25 4 89 0 2 2 2 1 1 3 3 1 0.779481 0.000000 
25 4 90 1 2 3 3 1 0 3 3 1 0.897065 0.000000 
25 4 91 0 4 1 1 1 2 2 2 1 0.682050 0.000000 
25 4 92 0 0 0 2 0 1 1 1 1 0.706602 0.000000 
25 4 93 0 4 0 1 0 2 1 1 1 0.698814 0.000000 
25 4 94 1 1 1 3 0 2 2 2 1 0.931719 0.000000 
25 4 95 0 1 2 4 2 0 3 3 1 1.747420 0.000000 
25 4 96 0 1 1 5 2 1 2 2 1 0.906720 0.000000 
25 4 97 0 4 3 5 2 2 4 4 1 0.794992 0.000000 
25 4 98 0 3 0 1 0 0 1 1 1 0.926990 0.000000 
25 4 99 0 3 3 3 1 1 4 4 1 0.998575 0.000000 
25 4 100 1 3 3 1 0 1 4 4 1 1.075612 0.000000 
25 4 101 0 0 0 0 1 1 1 1 1 0.709296 0.000000 
25 4 102 0 3 3 3 1 1 4 4 1 1.245548 0.000000 
25 4 103 0 1 1 5 2 1 2 2 1 0.648635 0.000000 
25 4 104 1 3 0 4 2 2 4 4 1 0.931540 0.000000 
25 4 105 1 0 1 5 2 0 1 1 1 1.011173 0.000000 
25 4 106 0 0 0 4 2 1 1 1 1 0.678501 0.000000 
25 4 107 1 2 0 0 0 2 3 3 1 1.248070 0.000000 
25 4 108 1 3 2 1 0 2 4 4 1 0.891191 0.000000 
25 4 109 1 0 2 2 0 2 1 1 1 0.868156 0.000000 
25 4 110 0 1 2 3 0 0 3 3 1 0.869815 0.000000 
25 4 111 1 0 0 4 2 1 1 1 1 0.703398 0.000000 
25 4 112 0 3 3 5 2 1 4 4 1 0.726726 0.000000 
25 4 113 0 0 0 0 1 1 1 1 1 0.622206 0.000000 
25 4 114 0 5 0 0 1 2 1 1 1 0.777747 0.000000 
25 4 115 0 1 1 5 2 1 2 2 1 0.839364 0.000000 
25 4 116 1 0 1 5 2 0 1 1 1 1.138299 0.000000 
25 4 117 0 2 2 5 2 1 3 3 1 0.697327 0.000000 
25 4 118 0 5 0 1 0 2 1 1 1 0.746262 0.000000 
25 4 119 0 3 3 0 2 1 4 4 1 0.625168 0.000000 
25 4 120 1 1 1 3 0 1 2 2 1 0.883776 0.000000 
25 4 121 0 4 3 4 2 2 4 4 1 0.756644 0.000000 
25 4 122 0 0 0 2 0 1 1 1 1 0.634920 0.000000 
25 4 123 0 0 1 4 2 0 2 2 1 0.869831 0.000000 
25 4 124 0 5 3 3 1 2 4 4 1 1.047443 0.000000 
25 4 125 1 2 3 0 0 0 3 3 1 1.026439 0.000000 
25 4 126 0 0 1 5 2 0 2 2 1 0.886142 0.000000 
25 4 127 0 2 3 0 0 0 4 4 1 1.143137 0.000000 
25 4 128 0 2 3 3 1 0 4 4 1 0.597182 0.000000 
25 4 129 0 1 2 5 2 0 3 3 1 0.810033 0.000000 
25 4 130 0 1 2 3 2 0 3 3 1 0.678307 0.000000 
25 4 131 0 2 3 4 2 0 4 4 1 0.815858 0.000000 
25 4 132 0 5 2 5 2 2 3 3 1 0.875964 0.000000 
25 4 133 0 4 2 2 1 2 3 3 1 0.597100 0.000000 
25 4 134 0 1 2 3 0 0 3 3 1 0.633961 0.000000 
25 4 135 1 2 3 4 2 0 3 3 1 1.012818 0.000000 
25 4 136 0 2 3 0 0 0 4 4 1 0.712166 0.000000 
25 4 137 1 0 0 2 0 1 1 1 1 0.720412 0.000000 
25 4 138 0 5 3 5 2 2 4 4 1 0.703937 0.000000 
25 4 139 0 3 3 3 1 1 4 4 1 0.536234 0.000000 
25 4 140 1 3 2 2 1 2 4 3 0 1.199047 0.000000 
25 4 141 0 3 0 1 0 0 1 2 0 0.927929 0.000000 
25 4 142 0 5 1 1 0 2 2 2 1 0.667352 0.000000 
25 4 143 1 1 1 3 0 1 2 2 1 0.787403 0.000000 
25 4 144 0 3 3 3 1 1 4 4 1 0.544356 0.000000 
25 4 145 0 3 0 0 1 0 1 1 1 1.087217 0.000000 
25 4 146 1 1 2 2 1 0 2 2 1 0.696212 0.000000 
25 4 147 0 1 1 4 2 1 2 2 1 0.713084 0.000000 
25 4 148 0 1 2 4 2 0 3 3 1 1.385390 0.000000 
25 4 149 0 1 1 3 0 1 2 2 1 0.726553 0.000000 
25 4 150 0 5 1 4 2 2 2 2 1 0.653119 0.000000 
25 4 151 1 2 2 2 2 1 3 3 1 0.919314 0.000000 
25 4 152 0 0 1 4 2 0 2 2 1 0.918979 0.000000 
25 4 153 0 4 1 1 1 2 2 2 1 0.526626 0.000000 
25 4 154 1 2 3 0 0 0 3 3 1 0.798067 0.000000 
25 4 155 0 4 0 5 2 2 1 1 1 0.779048 0.000000 
25 4 156 0 2 3 3 1 0 4 4 1 0.600618 0.000000 
25 4 157 1 3 0 1 0 0 4 4 1 1.380836 0.000000 
25 4 158 0 0 0 2 0 1 1 1 1 0.737639 0.000000 
25 4 159 1 1 1 3 0 1 2 2 1 0.720554 0.000000 
25 4 160 0 1 2 3 0 0 3 3 1 0.984146 0.000000 
25 4 161 1 3 0 0 1 0 4 4 1 0.781145 0.000000 
25 4 162 0 2 3 5 2 0 4 4 1 1.114757 0.000000 
25 4 163 0 4 2 2 1 2 3 3 1 0.859136 0.000000 
25 4 164 0 3 0 1 0 0 1 1 1 0.965435 0.000000 
25 4 165 0 2 3 3 1 0 4 4 1 1.146735 0.000000 
25 4 166 0 0 1 4 2 0 2 2 1 1.009857 0.000000 
25 4 167 1 2 3 3 1 2 3 3 1 1.174173 0.000000 
25 4 168 0 2 3 4 2 0 4 4 1 0.827938 0.000000 
25 4 169 0 2 3 0 0 0 4 4 1 0.727543 0.000000 
25 4 170 0 5 2 2 1 2 3 3 1 0.911138 0.000000 
25 4 171 0 2 3 3 1 0 4 4 1 0.919418 0.000000 
25 4 172 0 2 3 4 2 0 4 4 1 0.655240 0.000000 
25 4 173 1 2 2 2 1 1 3 3 1 0.720278 0.000000 
25 4 174 0 0 0 3 2 1 1 1 1 1.023897 0.000000 
25 4 175 0 3 3 1 0 1 4 4 1 0.867561 0.000000 
25 4 176 0 0 0 0 1 1 1 1 1 0.829200 0.000000 
25 4 177 0 1 1 3 0 1 2 2 1 0.648798 0.000000 
25 4 178 0 0 1 2 2 0 2 2 1 0.691685 0.000000 
25 4 179 0 4 1 1 0 2 2 2 1 0.508564 0.000000 
25 4 180 0 5 3 1 0 2 4 4 1 0.555726 0.000000 
25 4 181 0 3 3 3 1 1 4 4 1 0.489870 0.000000 
25 4 182 0 0 1 4 2 0 2 2 1 0.626713 0.000000 
25 4 183 1 2 2 0 0 2 3 3 1 0.918238 0.000000 
25 4 184 1 2 2 4 2 1 3 3 1 0.789852 0.000000 
25 4 185 0 1 2 1 2 0 3 3 1 0.930818 0.000000 
25 4 186 1 0 0 2 0 1 1 1 1 0.930437 0.000000 
25 4 187 0 0 0 2 0 1 1 1 1 0.554112 0.000000 
25 4 188 0 1 2 3 0 0 3 2 0 0.631285 0.000000 
25 4 189 0 2 2 2 1 1 3 3 1 0.566815 0.000000 
25 4 190 1 1 1 4 2 1 2 2 1 0.948091 0.000000 
25 4 191 0 4 3 1 0 2 4 4 1 0.690853 0.000000 
25 4 192 0 1 1 1 1 1 2 2 1 0.635755 0.000000 
25 5 1 0 4 1 1 2 2 2 2 1 1.390117 0.000000 
25 5 2 0 5 0 0 1 2 1 1 1 0.746404 0.000000 
25 5 3 0 4 1 4 2 2 2 2 1 0.649328 0.000000 
25 5 4 1 1 1 5 2 1 2 2 1 0.884027 0.000000 
25 5 5 0 4 2 2 1 2 3 3 1 0.684530 0.000000 
25 5 6 0 1 3 5 2 0 4 4 1 0.661502 0.000000 
25 5 7 1 0 0 4 2 1 1 1 1 0.831629 0.000000 
25 5 8 0 1 1 1 1 1 2 2 1 0.691206 0.000000 
25 5 9 0 0 0 0 1 1 1 1 1 0.620117 0.000000 
25 5 10 0 2 2 5 2 1 3 3 1 0.622594 0.000000 
25 5 11 1 2 0 0 0 0 3 3 1 0.970165 0.000000 
25 5 12 1 0 0 2 0 1 1 1 1 0.727848 0.000000 
25 5 13 1 0 0 4 2 2 1 1 1 0.735438 0.000000 
25 5 14 1 0 0 5 2 1 1 1 1 0.942350 0.000000 
25 5 15 0 1 1 3 0 1 2 2 1 0.677314 0.000000 
25 5 16 0 5 0 2 2 2 1 1 1 0.758890 0.000000 
25 5 17 1 3 1 1 0 0 4 4 1 1.037120 0.000000 
25 5 18 0 2 2 2 1 1 3 3 1 0.719151 0.000000 
25 5 19 0 4 1 1 0 2 2 2 1 0.678732 0.000000 
25 5 20 0 0 2 5 2 0 3 3 1 0.800298 0.000000 
25 5 21 0 4 3 4 2 2 4 4 1 0.620558 0.000000 
25 5 22 1 0 2 2 0 0 1 1 1 1.424198 0.000000 
25 5 23 0 4 0 0 1 2 1 1 1 0.667939 0.000000 
25 5 24 1 1 1 1 1 1 2 2 1 0.821457 0.000000 
25 5 25 0 4 1 1 1 2 2 2 1 0.552051 0.000000 
25 5 26 0 1 1 1 1 1 2 2 1 0.478268 0.000000 
25 5 27 0 2 2 0 0 1 3 3 1 0.639727 0.000000 
25 5 28 0 5 1 1 0 2 2 2 1 0.802630 0.000000 
25 5 29 1 0 0 2 0 2 1 1 1 0.678863 0.000000 
25 5 30 0 5 1 1 0 2 2 2 1 0.680441 0.000000 
25 5 31 0 4 3 5 2 2 4 4 1 0.633984 0.000000 
25 5 32 0 5 1 4 2 2 2 2 1 0.700861 0.000000 
25 5 33 0 4 1 4 2 2 2 2 1 0.596033 0.000000 
25 5 34 0 0 2 2 0 0 3 3 1 1.456979 0.000000 
25 5 35 1 2 1 5 2 2 3 3 1 0.979355 0.000000 
25 5 36 0 5 3 1 2 2 4 4 1 0.657143 0.000000 
25 5 37 0 0 0 2 0 1 1 1 1 0.667364 0.000000 
25 5 38 0 3 1 1 0 0 2 2 1 0.924912 0.000000 
25 5 39 1 2 0 0 0 2 3 3 1 0.748525 0.000000 
25 5 40 0 0 2 2 1 0 3 3 1 0.866472 0.000000 
25 5 41 0 2 0 0 1 0 1 1 1 0.988113 0.000000 
25 5 42 0 2 2 2 2 1 3 3 1 0.529084 0.000000 
25 5 43 1 3 1 1 0 0 4 4 1 0.728589 0.000000 
25 5 44 0 0 2 2 1 0 3 3 1 0.968202 0.000000 
25 5 45 0 1 3 1 2 0 4 4 1 0.677847 0.000000 
25 5 46 1 3 3 4 2 1 4 4 1 0.727372 0.000000 
25 5 47 0 0 0 1 2 1 1 1 1 0.718983 0.000000 
25 5 48 0 5 3 3 1 2 4 4 1 0.629521 0.000000 
25 5 49 0 1 1 3 0 1 2 2 1 0.777081 0.000000 
25 5 50 0 1 3 3 1 0 4 4 1 0.758675 0.000000 
25 5 51 0 1 1 1 1 1 2 2 1 0.660897 0.000000 
25 5 52 0 3 1 4 2 0 2 2 1 1.111171 0.000000 
25 5 53 0 1 3 3 1 0 4 4 1 0.527500 0.000000 
25 5 54 1 0 0 4 2 1 1 1 1 0.702992 0.000000 
25 5 55 1 1 1 4 2 1 2 2 1 0.806270 0.000000 
25 5 56 0 3 1 1 0 0 2 2 1 0.770462 0.000000 
25 5 57 0 4 3 3 1 2 4 4 1 0.640087 0.000000 
25 5 58 0 1 3 1 2 0 4 4 1 0.674971 0.000000 
25 5 59 1 2 3 5 2 2 3 3 1 0.796503 0.000000 
25 5 60 0 2 0 4 2 0 1 1 1 0.769463 0.000000 
25 5 61 0 0 0 2 0 1 1 1 1 0.566994 0.000000 
25 5 62 0 1 3 3 2 0 4 4 1 0.748548 0.000000 
25 5 63 0 4 3 1 2 2 4 4 1 0.562525 0.000000 
25 5 64 0 5 0 1 0 2 1 1 1 0.776577 0.000000 
25 5 65 0 4 2 5 2 2 3 3 1 0.846236 0.000000 
25 5 66 0 1 1 3 0 1 2 2 1 0.633167 0.000000 
25 5 67 1 3 3 2 2 1 4 4 1 0.756034 0.000000 
25 5 68 0 0 2 2 1 0 3 1 0 0.802317 0.000000 
25 5 69 0 4 2 2 1 2 3 3 1 0.802580 0.000000 
25 5 70 0 0 0 4 2 1 1 1 1 0.645478 0.000000 
25 5 71 1 2 2 2 1 2 3 3 1 0.736228 0.000000 
25 5 72 0 3 1 1 0 0 2 4 0 0.823179 0.000000 
25 5 73 0 1 3 5 2 0 4 4 1 0.774800 0.000000 
25 5 74 0 5 3 3 1 2 4 4 1 0.515895 0.000000 
25 5 75 0 1 1 3 0 1 2 2 1 0.683922 0.000000 
25 5 76 0 5 3 4 2 2 4 4 1 0.588951 0.000000 
25 5 77 0 3 1 1 0 0 2 2 1 0.961790 0.000000 
25 5 78 0 5 2 2 1 2 3 3 1 0.839213 0.000000 
25 5 79 0 0 2 2 0 0 3 3 1 1.754159 0.000000 
25 5 80 0 5 3 1 0 2 4 4 1 0.672730 0.000000 
25 5 81 0 1 3 3 0 0 4 4 1 0.634287 0.000000 
25 5 82 0 3 1 1 0 0 2 2 1 0.621162 0.000000 
25 5 83 0 0 2 4 2 0 3 3 1 0.960671 0.000000 
25 5 84 1 3 3 3 1 1 4 4 1 0.943019 0.000000 
25 5 85 0 2 2 0 0 1 3 3 1 0.725992 0.000000 
25 5 86 0 2 0 0 1 0 1 1 1 0.868536 0.000000 
25 5 87 1 0 0 2 0 1 1 1 1 0.870178 0.000000 
25 5 88 0 1 1 3 0 1 2 2 1 0.655844 0.000000 
25 5 89 0 3 1 1 0 0 2 2 1 0.762057 0.000000 
25 5 90 1 2 0 0 1 0 3 3 1 1.520318 0.000000 
25 5 91 0 3 1 1 1 0 2 2 1 0.824212 0.000000 
25 5 92 0 5 0 1 0 2 1 1 1 0.930922 0.000000 
25 5 93 1 1 3 3 1 0 2 2 1 1.258437 0.000000 
25 5 94 0 0 0 0 1 1 1 1 1 0.636921 0.000000 
25 5 95 1 2 2 2 1 1 3 3 1 0.903770 0.000000 
25 5 96 0 1 3 5 2 0 4 4 1 0.968131 0.000000 
25 5 97 0 2 0 5 2 0 1 1 1 0.869774 0.000000 
25 5 98 0 5 1 1 1 2 2 2 1 0.767424 0.000000 
25 5 99 0 4 0 1 0 2 1 1 1 0.716983 0.000000 
25 5 100 0 5 2 2 1 2 3 3 1 0.692579 0.000000 
25 5 101 1 0 2 4 2 0 1 1 1 0.932495 0.000000 
25 5 102 0 5 1 1 0 2 2 2 1 0.667933 0.000000 
25 5 103 1 1 1 4 2 1 2 2 1 0.869008 0.000000 
25 5 104 0 1 1 3 0 1 2 2 1 0.990678 0.000000 
25 5 105 0 4 3 5 2 2 4 4 1 0.627641 0.000000 
25 5 106 0 1 1 1 1 1 2 2 1 0.551164 0.000000 
25 5 107 0 1 3 3 0 0 4 4 1 0.565341 0.000000 
25 5 108 0 3 1 1 0 0 2 2 1 1.434536 0.000000 
25 5 109 0 1 3 3 0 0 4 4 1 0.869731 0.000000 
25 5 110 0 3 1 4 2 0 2 2 1 0.735352 0.000000 
25 5 111 0 4 1 1 0 2 2 2 1 0.942268 0.000000 
25 5 112 0 5 0 5 2 2 1 1 1 0.669243 0.000000 
25 5 113 0 2 2 4 2 1 3 3 1 0.798793 0.000000 
25 5 114 0 5 2 5 2 2 3 3 1 0.699735 0.000000 
25 5 115 0 4 0 0 1 2 1 1 1 0.667948 0.000000 
25 5 116 1 2 2 2 1 1 3 3 1 0.980453 0.000000 
25 5 117 0 0 2 2 1 0 3 3 1 1.138224 0.000000 
25 5 118 0 5 0 0 1 2 1 1 1 0.625260 0.000000 
25 5 119 0 1 3 4 2 0 4 4 1 0.644784 0.000000 
25 5 120 1 3 3 1 0 1 4 4 1 0.815645 0.000000 
25 5 121 0 1 1 4 2 1 2 2 1 0.795943 0.000000 
25 5 122 1 0 0 0 1 1 1 1 1 0.903954 0.000000 
25 5 123 0 2 2 2 1 1 3 3 1 0.609107 0.000000 
25 5 124 0 2 2 0 0 1 3 3 1 0.676349 0.000000 
25 5 125 1 0 2 2 1 0 1 1 1 0.877871 0.000000 
25 5 126 1 1 3 3 0 0 2 2 1 1.063538 0.000000 
25 5 127 0 4 3 5 2 2 4 4 1 0.769930 0.000000 
25 5 128 0 0 0 5 2 1 1 1 1 0.743507 0.000000 
25 5 129 1 1 1 4 2 1 2 2 1 0.950422 0.000000 
25 5 130 1 1 1 3 0 1 2 2 1 0.788756 0.000000 
25 5 131 1 2 1 5 2 2 3 3 1 0.936661 0.000000 
25 5 132 0 2 0 0 1 0 1 1 1 0.943666 0.000000 
25 5 133 0 3 3 3 1 1 4 4 1 0.542650 0.000000 
25 5 134 0 1 1 3 0 1 2 2 1 0.813509 0.000000 
25 5 135 0 0 0 2 0 1 1 1 1 0.633785 0.000000 
25 5 136 0 5 0 0 1 2 1 1 1 0.716645 0.000000 
25 5 137 0 4 3 1 0 2 4 4 1 0.604200 0.000000 
25 5 138 0 0 2 5 2 0 3 3 1 1.087452 0.000000 
25 5 139 0 3 1 5 2 0 2 2 1 0.944437 0.000000 
25 5 140 1 2 0 5 2 0 3 3 1 1.047429 0.000000 
25 5 141 0 0 2 2 1 0 3 3 1 0.826490 0.000000 
25 5 142 0 5 1 1 0 2 2 2 1 0.678098 0.000000 
25 5 143 1 1 3 3 2 0 2 2 1 1.471649 0.000000 
25 5 144 1 0 0 4 2 1 1 1 1 0.873514 0.000000 
25 5 145 0 0 0 2 0 1 1 1 1 0.691140 0.000000 
25 5 146 0 2 0 0 0 0 1 1 1 0.843038 0.000000 
25 5 147 1 2 0 0 0 2 3 3 1 0.997979 0.000000 
25 5 148 0 2 0 4 2 0 1 1 1 0.954945 0.000000 
25 5 149 0 4 1 1 1 2 2 2 1 0.745320 0.000000 
25 5 150 0 2 0 0 1 0 1 1 1 0.928255 0.000000 
25 5 151 1 2 2 0 0 2 3 3 1 1.047886 0.000000 
25 5 152 1 2 2 0 0 1 3 3 1 0.850915 0.000000 
25 5 153 0 4 2 2 1 2 3 3 1 0.740181 0.000000 
25 5 154 0 5 0 0 1 2 1 1 1 0.891169 0.000000 
25 5 155 1 2 2 0 0 2 3 3 1 0.876080 0.000000 
25 5 156 1 2 2 0 0 1 3 3 1 0.845711 0.000000 
25 5 157 0 3 1 1 1 0 2 2 1 0.992685 0.000000 
25 5 158 0 3 3 3 1 1 4 4 1 0.693690 0.000000 
25 5 159 0 1 3 3 1 0 4 4 1 1.045742 0.000000 
25 5 160 0 3 1 1 1 0 2 2 1 1.072610 0.000000 
25 5 161 0 4 2 2 1 2 3 3 1 0.666350 0.000000 
25 5 162 1 1 1 3 0 2 2 2 1 1.052078 0.000000 
25 5 163 0 3 3 3 1 1 4 4 1 1.198245 0.000000 
25 5 164 0 1 1 1 2 1 2 2 1 0.779332 0.000000 
25 5 165 0 1 3 4 2 0 4 4 1 0.928924 0.000000 
25 5 166 0 5 0 1 0 2 1 1 1 0.728582 0.000000 
25 5 167 0 1 1 1 1 1 2 2 1 1.039211 0.000000 
25 5 168 0 5 3 4 2 2 4 4 1 0.594140 0.000000 
25 5 169 0 2 2 2 1 1 3 3 1 0.679025 0.000000 
25 5 170 0 3 3 5 2 1 4 4 1 0.848606 0.000000 
25 5 171 0 4 2 2 1 2 3 3 1 0.739558 0.000000 
25 5 172 0 5 1 1 0 2 2 2 1 0.938481 0.000000 
25 5 173 1 3 3 3 1 1 4 4 1 1.097451 0.000000 
25 5 174 1 3 3 1 0 1 4 4 1 0.794495 0.000000 
25 5 175 0 0 2 4 2 0 3 3 1 0.950436 0.000000 
25 5 176 0 3 3 5 2 1 4 4 1 0.764755 0.000000 
25 5 177 0 4 0 4 2 2 1 1 1 0.755029 0.000000 
25 5 178 0 5 3 1 0 2 4 4 1 0.769277 0.000000 
25 5 179 0 2 0 0 0 0 1 1 1 1.094884 0.000000 
25 5 180 0 5 3 1 2 2 4 4 1 0.647915 0.000000 
25 5 181 0 4 0 3 2 2 1 1 1 0.698740 0.000000 
25 5 182 1 3 3 1 0 1 4 4 1 0.834636 0.000000 
25 5 183 1 3 1 1 1 0 4 4 1 0.909611 0.000000 
25 5 184 0 3 3 1 0 1 4 4 1 0.773936 0.000000 
25 5 185 0 2 0 0 1 0 1 1 1 0.931519 0.000000 
25 5 186 0 0 2 2 0 0 3 3 1 1.011215 0.000000 
25 5 187 0 4 2 2 1 2 3 3 1 0.663492 0.000000 
25 5 188 1 1 3 3 1 0 2 2 1 0.785753 0.000000 
25 5 189 0 0 2 2 0 0 3 3 1 0.821758 0.000000 
25 5 190 0 2 0 0 1 0 1 1 1 0.705249 0.000000 
25 5 191 0 2 2 2 1 1 3 3 1 0.665518 0.000000 
25 5 192 0 2 2 2 1 1 3 3 1 0.635711 0.000000 
25 6 1 0 3 0 0 0 0 1 1 1 1.302963 0.000000 
25 6 2 0 3 0 0 0 0 1 1 1 0.749885 0.000000 
25 6 3 0 3 0 0 0 0 1 1 1 0.612182 0.000000 
25 6 4 0 1 1 1 1 1 2 2 1 0.768348 0.000000 
25 6 5 0 2 3 3 0 0 4 4 1 0.765894 0.000000 
25 6 6 0 1 1 1 1 1 2 2 1 0.692033 0.000000 
25 6 7 0 0 1 5 2 0 2 2 1 0.772466 0.000000 
25 6 8 0 0 1 5 2 0 2 2 1 0.578055 0.000000 
25 6 9 0 0 1 0 2 0 2 2 1 0.751552 0.000000 
25 6 10 0 2 2 2 1 1 3 3 1 1.012755 0.000000 
25 6 11 0 4 0 0 1 2 1 1 1 0.657155 0.000000 
25 6 12 0 5 3 0 0 2 4 4 1 0.835366 0.000000 
25 6 13 0 3 0 0 1 0 1 1 1 0.846301 0.000000 
25 6 14 0 1 2 2 1 0 3 3 1 0.945267 0.000000 
25 6 15 0 4 0 0 1 2 1 1 1 0.696253 0.000000 
25 6 16 1 1 1 4 2 1 2 2 1 0.921161 0.000000 
25 6 17 1 0 0 0 1 1 1 1 1 0.887801 0.000000 
25 6 18 0 3 3 5 2 1 4 4 1 0.880775 0.000000 
25 6 19 0 2 3 3 0 0 4 3 0 0.778407 0.000000 
25 6 20 0 0 0 1 0 1 1 1 1 0.852034 0.000000 
25 6 21 0 1 2 4 2 0 3 3 1 0.829830 0.000000 
25 6 22 1 1 2 4 2 0 2 2 1 1.009425 0.000000 
25 6 23 0 3 0 0 0 0 1 1 1 0.909781 0.000000 
25 6 24 0 2 2 4 2 1 3 3 1 0.902096 0.000000 
25 6 25 0 3 0 4 2 0 1 1 1 1.109427 0.000000 
25 6 26 0 3 3 0 0 1 4 4 1 0.717796 0.000000 
25 6 27 0 4 2 2 1 2 3 3 1 0.773389 0.000000 
25 6 28 0 0 0 0 1 1 1 1 1 0.642974 0.000000 
25 6 29 0 2 2 2 1 1 3 3 1 0.637811 0.000000 
25 6 30 0 1 2 4 2 0 3 3 1 0.664703 0.000000 
25 6 31 1 3 3 5 2 1 4 4 1 1.194930 0.000000 
25 6 32 0 2 2 2 1 1 3 3 1 0.846953 0.000000 
25 6 33 0 4 0 0 0 2 1 1 1 0.577975 0.000000 
25 6 34 1 1 1 2 0 2 2 2 1 0.863479 0.000000 
25 6 35 0 3 3 0 0 1 4 4 1 0.625770 0.000000 
25 6 36 0 3 0 0 1 0 1 1 1 0.885310 0.000000 
25 6 37 0 1 1 2 0 1 2 2 1 0.654214 0.000000 
25 6 38 0 5 2 2 1 2 3 3 1 0.696514 0.000000 
25 6 39 0 0 1 4 2 0 2 1 0 0.633378 0.000000 
25 6 40 0 0 1 5 2 0 2 2 1 0.911281 0.000000 
25 6 41 0 0 1 0 2 0 2 2 1 0.727106 0.000000 
25 6 42 0 3 0 4 2 0 1 1 1 0.942687 0.000000 
25 6 43 0 4 1 1 1 2 2 2 1 0.813670 0.000000 
25 6 44 0 3 0 0 0 0 1 1 1 0.953952 0.000000 
25 6 45 1 3 0 0 1 0 4 4 1 0.976249 0.000000 
25 6 46 0 0 1 4 2 0 2 2 1 0.765948 0.000000 
25 6 47 0 1 2 2 1 0 3 3 1 0.915005 0.000000 
25 6 48 1 3 2 0 0 2 4 4 1 1.842878 0.000000 
25 6 49 1 0 0 4 2 2 1 1 1 1.014196 0.000000 
25 6 50 1 1 0 4 2 2 2 2 1 1.402566 0.000000 
25 6 51 0 4 2 2 1 2 3 3 1 0.751055 0.000000 
25 6 52 0 2 3 3 1 0 4 4 1 1.061314 0.000000 
25 6 53 1 1 2 5 2 0 2 2 1 1.038723 0.000000 
25 6 54 1 2 2 4 2 1 3 3 1 0.961713 0.000000 
25 6 55 0 4 1 5 2 2 2 2 1 0.960066 0.000000 
25 6 56 0 0 0 1 0 1 1 1 1 0.902361 0.000000 
25 6 57 0 2 2 3 0 1 3 3 1 0.774651 0.000000 
25 6 58 0 1 1 1 2 1 2 2 1 0.780281 0.000000 
25 6 59 0 2 2 4 2 1 3 3 1 0.697859 0.000000 
25 6 60 1 0 1 1 0 0 1 1 1 0.874778 0.000000 
25 6 61 0 4 2 0 0 2 3 3 1 0.851410 0.000000 
25 6 62 1 3 0 0 0 0 4 4 1 1.261709 0.000000 
25 6 63 1 2 2 3 0 2 3 3 1 1.104116 0.000000 
25 6 64 0 2 2 4 2 1 3 3 1 0.752511 0.000000 
25 6 65 0 4 1 1 1 2 2 2 1 0.702791 0.000000 
25 6 66 1 0 0 3 2 1 1 1 1 0.855020 0.000000 
25 6 67 0 0 0 1 0 1 1 1 1 0.801320 0.000000 
25 6 68 0 1 2 4 2 0 3 3 1 1.212621 0.000000 
25 6 69 0 3 0 0 0 0 1 1 1 1.105072 0.000000 
25 6 70 0 0 0 1 0 1 1 1 1 0.665408 0.000000 
25 6 71 0 4 0 0 0 2 1 1 1 0.723637 0.000000 
25 6 72 0 3 3 3 1 1 4 4 1 0.771183 0.000000 
25 6 73 0 3 0 0 1 0 1 1 1 0.784800 0.000000 
25 6 74 0 5 2 3 2 2 3 3 1 0.677670 0.000000 
25 6 75 0 4 3 0 0 2 4 4 1 0.886316 0.000000 
25 6 76 0 3 0 4 2 0 1 1 1 0.751228 0.000000 
25 6 77 0 4 3 0 0 2 4 4 1 0.613488 0.000000 
25 6 78 0 0 0 4 2 1 1 1 1 0.641708 0.000000 
25 6 79 1 2 0 0 1 2 3 3 1 0.900530 0.000000 
25 6 80 0 0 0 4 2 1 1 1 1 0.644859 0.000000 
25 6 81 0 1 1 1 1 1 2 2 1 0.735733 0.000000 
25 6 82 0 2 3 5 2 0 4 4 1 3.285770 0.000000 
25 6 83 1 2 3 4 2 0 3 3 1 1.271587 0.000000 
25 6 84 0 5 0 0 0 2 1 1 1 1.305387 0.000000 
25 6 85 0 0 1 4 2 0 2 2 1 0.881871 0.000000 
25 6 86 0 2 2 2 1 1 3 3 1 0.779472 0.000000 
25 6 87 0 0 1 1 0 0 2 2 1 0.833072 0.000000 
25 6 88 0 5 2 2 1 2 3 3 1 0.620027 0.000000 
25 6 89 0 4 2 4 2 2 3 3 1 0.695560 0.000000 
25 6 90 0 0 1 5 2 0 2 2 1 0.871418 0.000000 
25 6 91 0 2 3 3 1 0 4 4 1 0.785018 0.000000 
25 6 92 0 5 0 0 0 2 1 1 1 0.686009 0.000000 
25 6 93 0 4 3 4 2 2 4 4 1 0.630895 0.000000 
25 6 94 0 5 3 0 2 2 4 4 1 0.546435 0.000000 
25 6 95 0 4 1 1 1 2 2 2 1 0.681269 0.000000 
25 6 96 1 2 2 5 2 1 3 3 1 0.745918 0.000000 
25 6 97 0 4 2 0 0 2 3 3 1 0.545708 0.000000 
25 6 98 1 1 1 1 1 2 2 2 1 0.783536 0.000000 
25 6 99 0 4 2 2 1 2 3 3 1 0.700481 0.000000 
25 6 100 0 3 0 0 1 0 1 1 1 1.012731 0.000000 
25 6 101 1 1 2 2 1 0 2 2 1 0.776995 0.000000 
25 6 102 1 1 0 2 0 2 2 2 1 0.798664 0.000000 
25 6 103 1 2 2 3 0 2 3 3 1 0.987611 0.000000 
25 6 104 0 0 1 5 2 0 2 2 1 0.783703 0.000000 
25 6 105 1 2 3 3 1 0 3 3 1 0.756453 0.000000 
25 6 106 0 1 1 1 1 1 2 2 1 0.666788 0.000000 
25 6 107 0 1 2 2 1 0 3 3 1 0.924325 0.000000 
25 6 108 0 2 2 2 1 1 3 3 1 0.787937 0.000000 
25 6 109 0 2 2 2 1 1 3 3 1 0.600889 0.000000 
25 6 110 0 0 1 1 0 0 2 2 1 0.797065 0.000000 
25 6 111 0 3 3 0 0 1 4 4 1 0.914007 0.000000 
25 6 112 0 5 1 0 0 2 2 2 1 0.722374 0.000000 
25 6 113 1 1 1 4 2 1 2 2 1 0.800918 0.000000 
25 6 114 0 1 2 2 0 0 3 3 1 0.925158 0.000000 
25 6 115 0 4 3 3 1 2 4 4 1 0.580841 0.000000 
25 6 116 1 3 0 0 0 0 4 4 1 2.058403 0.000000 
25 6 117 1 0 0 5 2 2 1 1 1 0.933086 0.000000 
25 6 118 1 1 3 5 2 2 2 2 1 0.796143 0.000000 
25 6 119 0 4 0 4 2 2 1 1 1 0.793017 0.000000 
25 6 120 0 0 1 5 2 0 2 2 1 0.732971 0.000000 
25 6 121 1 2 2 2 1 1 3 3 1 0.860045 0.000000 
25 6 122 0 2 2 2 1 1 3 3 1 0.622096 0.000000 
25 6 123 0 1 2 2 0 0 3 3 1 1.025733 0.000000 
25 6 124 0 3 3 0 0 1 4 4 1 0.637415 0.000000 
25 6 125 1 2 2 3 0 1 3 3 1 0.952285 0.000000 
25 6 126 0 5 2 2 1 2 3 3 1 0.678633 0.000000 
25 6 127 0 3 0 0 0 0 1 1 1 0.855166 0.000000 
25 6 128 1 3 1 1 1 2 4 4 1 1.017450 0.000000 
25 6 129 0 4 2 2 1 2 3 3 1 0.573166 0.000000 
25 6 130 0 5 2 0 0 2 3 3 1 0.706684 0.000000 
25 6 131 1 0 1 1 0 0 1 1 1 0.826883 0.000000 
25 6 132 0 1 2 0 2 0 3 3 1 1.110528 0.000000 
25 6 133 0 1 2 2 1 0 3 3 1 1.286927 0.000000 
25 6 134 0 3 3 0 0 1 4 4 1 0.631973 0.000000 
25 6 135 0 4 1 4 2 2 2 2 1 0.530528 0.000000 
25 6 136 0 0 0 1 0 1 1 1 1 0.762022 0.000000 
25 6 137 0 4 0 5 2 2 1 1 1 0.768313 0.000000 
25 6 138 1 3 0 0 0 0 4 4 1 0.885882 0.000000 
25 6 139 1 0 1 5 2 0 1 1 1 0.750865 0.000000 
25 6 140 0 5 1 0 0 2 2 2 1 0.741123 0.000000 
25 6 141 0 4 1 0 0 2 2 2 1 0.723984 0.000000 
25 6 142 0 5 1 0 0 2 2 2 1 0.747638 0.000000 
25 6 143 0 3 3 3 1 1 4 4 1 0.625507 0.000000 
25 6 144 1 3 2 2 1 2 4 4 1 0.884957 0.000000 
25 6 145 0 3 0 0 1 0 1 1 1 0.861999 0.000000 
25 6 146 0 1 1 2 0 1 2 2 1 0.760306 0.000000 
25 6 147 1 1 1 4 2 1 2 2 1 0.878550 0.000000 
25 6 148 0 2 2 2 1 1 3 3 1 0.776187 0.000000 
25 6 149 0 4 3 4 2 2 4 4 1 0.685754 0.000000 
25 6 150 0 2 2 2 1 1 3 3 1 0.645663 0.000000 
25 6 151 0 1 1 2 0 1 2 2 1 0.696555 0.000000 
25 6 152 0 5 1 5 2 2 2 2 1 0.561417 0.000000 
25 6 153 1 0 3 3 1 2 1 1 1 1.023597 0.000000 
25 6 154 1 1 2 2 1 2 2 2 1 0.827292 0.000000 
25 6 155 0 1 1 1 1 1 2 2 1 0.590907 0.000000 
25 6 156 0 2 3 0 2 0 4 4 1 0.619738 0.000000 
25 6 157 0 0 1 1 1 0 2 2 1 0.798392 0.000000 
25 6 158 0 5 0 4 2 2 1 1 1 0.747226 0.000000 
25 6 159 0 4 2 2 1 2 3 3 1 0.778329 0.000000 
25 6 160 0 5 1 0 0 2 2 2 1 0.639735 0.000000 
25 6 161 0 3 3 4 2 1 4 4 1 0.578539 0.000000 
25 6 162 0 1 1 4 2 1 2 2 1 0.616050 0.000000 
25 6 163 1 1 1 1 1 1 2 2 1 0.748119 0.000000 
25 6 164 0 3 0 0 0 0 1 1 1 0.794494 0.000000 
25 6 165 1 2 3 4 2 0 3 3 1 0.830526 0.000000 
25 6 166 0 2 3 4 2 0 4 3 0 0.577988 0.000000 
25 6 167 1 2 3 3 1 2 3 3 1 0.939621 0.000000 
25 6 168 1 3 3 3 1 2 4 4 1 0.906115 0.000000 
25 6 169 0 3 0 0 1 0 1 1 1 0.946469 0.000000 
25 6 170 0 5 1 0 0 2 2 2 1 0.817445 0.000000 
25 6 171 1 1 1 2 0 1 2 2 1 1.244977 0.000000 
25 6 172 0 2 2 5 2 1 3 3 1 0.848126 0.000000 
25 6 173 0 2 3 3 0 0 4 4 1 0.818004 0.000000 
25 6 174 0 5 2 0 0 2 3 3 1 0.925643 0.000000 
25 6 175 0 3 3 0 0 1 4 4 1 0.709373 0.000000 
25 6 176 0 0 0 4 2 1 1 1 1 0.757616 0.000000 
25 6 177 1 2 2 3 0 1 3 3 1 0.867859 0.000000 
25 6 178 1 1 1 2 0 1 2 2 1 0.701470 0.000000 
25 6 179 0 2 2 0 2 1 3 3 1 0.661663 0.000000 
25 6 180 0 0 1 1 1 0 2 2 1 0.791896 0.000000 
25 6 181 0 4 1 4 2 2 2 2 1 0.731871 0.000000 
25 6 182 1 1 0 0 1 2 2 2 1 1.011440 0.000000 
25 6 183 0 0 0 5 2 1 1 1 1 0.839796 0.000000 
25 6 184 0 2 2 3 0 1 3 3 1 0.642760 0.000000 
25 6 185 0 4 0 0 0 2 1 1 1 0.733595 0.000000 
25 6 186 0 5 1 1 1 2 2 2 1 0.676524 0.000000 
25 6 187 0 1 2 4 2 0 3 3 1 0.902014 0.000000 
25 6 188 1 3 3 0 0 2 4 4 1 0.901337 0.000000 
25 6 189 1 0 0 2 2 1 1 1 1 0.989690 0.000000 
25 6 190 1 1 1 1 1 1 2 2 1 0.930697 0.000000 
25 6 191 0 0 0 0 1 1 1 1 1 1.154333 0.000000 
25 6 192 0 0 0 0 1 1 1 1 1 1.088803 0.000000 
