2 1 1 0 1 3 5 2 0 4 4 1 1.208921 0.000000 
2 1 2 0 5 2 2 0 2 3 3 1 0.804935 0.000000 
2 1 3 0 4 0 2 0 2 1 1 1 0.816567 0.000000 
2 1 4 0 2 0 0 2 0 1 1 1 0.954957 0.000000 
2 1 5 0 1 1 1 1 1 2 3 0 0.808942 0.000000 
2 1 6 0 2 0 1 0 0 1 1 1 1.177310 0.000000 
2 1 7 0 4 2 2 0 2 3 3 1 0.862557 0.000000 
2 1 8 0 5 2 2 1 2 3 3 1 0.496776 0.000000 
2 1 9 1 3 3 3 1 1 4 4 1 0.993621 0.000000 
2 1 10 0 3 1 2 0 0 2 2 1 1.670700 0.000000 
2 1 11 0 4 2 2 0 2 3 3 1 1.063669 0.000000 
2 1 12 0 5 0 0 1 2 1 1 1 0.529946 0.000000 
2 1 13 0 1 1 0 0 1 2 2 1 0.737493 0.000000 
2 1 14 0 3 3 3 1 1 4 4 1 0.496385 0.000000 
2 1 15 0 0 2 3 0 0 3 3 1 1.201060 0.000000 
2 1 16 0 5 1 1 1 2 2 2 1 1.325008 0.000000 
2 1 17 0 2 0 5 2 0 1 1 1 0.732800 0.000000 
2 1 18 0 5 3 5 2 2 4 4 1 0.795945 0.000000 
2 1 19 1 0 0 0 2 1 1 1 1 1.143640 0.000000 
2 1 20 1 3 1 0 2 0 4 4 1 1.470784 0.000000 
2 1 21 0 4 3 2 0 2 4 4 1 0.824563 0.000000 
2 1 22 0 5 0 0 1 2 1 1 1 0.652197 0.000000 
2 1 23 1 2 2 0 2 2 3 3 1 1.406401 0.000000 
2 1 24 0 5 2 2 0 2 3 3 1 0.978927 0.000000 
2 1 25 0 4 1 4 2 2 2 2 1 0.632603 0.000000 
2 1 26 0 0 2 4 2 0 3 3 1 1.274943 0.000000 
2 1 27 0 2 2 5 2 1 3 3 1 0.932183 0.000000 
2 1 28 1 1 1 4 2 1 2 2 1 1.379916 0.000000 
2 1 29 1 0 3 3 0 2 1 1 1 1.177745 0.000000 
2 1 30 0 3 1 4 2 0 2 2 1 0.895505 0.000000 
2 1 31 1 3 1 1 1 0 4 2 0 0.632458 0.000000 
2 1 32 1 1 3 0 2 0 2 2 1 1.592064 0.000000 
2 1 33 0 4 3 3 1 2 4 3 0 0.747801 0.000000 
2 1 34 0 0 0 0 1 1 1 1 1 0.974502 0.000000 
2 1 35 0 4 3 0 2 2 4 4 1 0.835918 0.000000 
2 1 36 0 5 3 3 1 2 4 4 1 0.446852 0.000000 
2 1 37 0 0 2 0 2 0 3 3 1 0.889675 0.000000 
2 1 38 0 3 3 3 1 1 4 4 1 0.642627 0.000000 
2 1 39 0 3 1 1 1 0 2 3 0 0.653494 0.000000 
2 1 40 0 0 2 5 2 0 3 3 1 1.258748 0.000000 
2 1 41 0 3 1 1 1 0 2 2 1 1.236746 0.000000 
2 1 42 1 1 1 4 2 1 2 2 1 1.183801 0.000000 
2 1 43 0 2 0 1 0 0 1 1 1 0.828913 0.000000 
2 1 44 0 1 3 5 2 0 4 4 1 0.624517 0.000000 
2 1 45 0 2 2 1 0 1 3 3 1 0.764008 0.000000 
2 1 46 0 3 1 1 1 0 2 2 1 0.986256 0.000000 
2 1 47 0 4 1 4 2 2 2 2 1 0.502254 0.000000 
2 1 48 0 2 0 0 1 0 1 1 1 0.918456 0.000000 
2 1 49 0 0 2 2 1 0 3 3 1 0.694113 0.000000 
2 1 50 1 1 3 0 0 2 2 2 1 1.455022 0.000000 
2 1 51 0 0 2 3 0 0 3 3 1 0.625524 0.000000 
2 1 52 0 1 1 1 1 1 2 2 1 1.044955 0.000000 
2 1 53 0 0 2 2 1 0 3 3 1 0.920116 0.000000 
2 1 54 0 5 0 2 0 2 1 1 1 0.798802 0.000000 
2 1 55 0 2 2 1 0 1 3 3 1 0.891619 0.000000 
2 1 56 0 5 2 2 0 2 3 3 1 0.580633 0.000000 
2 1 57 0 3 3 5 2 1 4 2 0 0.610147 0.000000 
2 1 58 1 0 0 0 1 1 1 1 1 1.050387 0.000000 
2 1 59 1 2 3 5 2 2 3 3 1 1.740252 0.000000 
2 1 60 0 3 3 2 0 1 4 4 1 0.803540 0.000000 
2 1 61 1 2 0 0 2 0 3 1 0 0.894830 0.000000 
2 1 62 1 0 0 3 0 1 1 1 1 0.915881 0.000000 
2 1 63 0 0 2 3 0 0 3 3 1 0.851695 0.000000 
2 1 64 0 5 0 2 0 2 1 1 1 0.733973 0.000000 
2 1 65 0 2 0 0 1 0 1 1 1 0.580862 0.000000 
2 1 66 1 2 2 1 0 1 3 3 1 1.042401 0.000000 
2 1 67 0 3 1 1 1 0 2 2 1 0.709408 0.000000 
2 1 68 0 5 3 3 1 2 4 4 1 0.637637 0.000000 
2 1 69 1 2 0 4 2 0 3 3 1 1.255529 0.000000 
2 1 70 0 0 0 4 2 1 1 1 1 0.617971 0.000000 
2 1 71 1 2 0 4 2 0 3 3 1 0.965457 0.000000 
2 1 72 0 1 3 0 0 0 4 2 0 0.723830 0.000000 
2 1 73 0 1 1 0 0 1 2 2 1 0.695428 0.000000 
2 1 74 0 2 2 4 2 1 3 3 1 0.751825 0.000000 
2 1 75 0 3 3 2 0 1 4 4 1 0.574072 0.000000 
2 1 76 0 3 3 3 1 1 4 4 1 0.474548 0.000000 
2 1 77 0 2 2 1 0 1 3 3 1 0.876057 0.000000 
2 1 78 0 5 0 0 1 2 1 1 1 1.093725 0.000000 
2 1 79 0 1 1 4 2 1 2 2 1 1.238781 0.000000 
2 1 80 0 3 3 2 0 1 4 4 1 0.569844 0.000000 
2 1 81 0 4 0 0 1 2 1 1 1 0.615400 0.000000 
2 1 82 0 0 0 3 0 1 1 1 1 0.603534 0.000000 
2 1 83 1 0 2 2 1 0 1 1 1 1.319738 0.000000 
2 1 84 0 1 3 3 1 0 4 4 1 0.670563 0.000000 
2 1 85 1 3 1 4 2 0 4 4 1 1.296136 0.000000 
2 1 86 0 2 0 1 0 0 1 1 1 0.913246 0.000000 
2 1 87 1 2 2 2 1 2 3 3 1 1.137547 0.000000 
2 1 88 0 3 1 1 1 0 2 3 0 1.288641 0.000000 
2 1 89 1 2 0 1 0 0 3 3 1 1.325820 0.000000 
2 1 90 1 0 0 3 0 1 1 1 1 1.116135 0.000000 
2 1 91 0 3 3 2 0 1 4 4 1 1.380161 0.000000 
2 1 92 1 0 2 0 2 0 1 1 1 1.209710 0.000000 
2 1 93 0 0 2 2 1 0 3 3 1 0.782156 0.000000 
2 1 94 1 1 1 1 1 2 2 2 1 0.859722 0.000000 
2 1 95 0 0 2 4 2 0 3 3 1 1.134000 0.000000 
2 1 96 1 3 3 4 2 1 4 4 1 0.621058 0.000000 
2 1 97 0 4 2 2 0 2 3 2 0 0.751579 0.000000 
2 1 98 1 1 1 0 0 2 2 2 1 1.473922 0.000000 
2 1 99 0 4 1 1 1 2 2 2 1 0.515267 0.000000 
2 1 100 1 2 0 0 1 0 3 1 0 1.403438 0.000000 
2 1 101 0 2 0 0 1 0 1 1 1 0.851965 0.000000 
2 1 102 0 5 0 0 1 2 1 1 1 0.501762 0.000000 
2 1 103 0 4 1 1 1 2 2 3 0 0.925942 0.000000 
2 1 104 1 0 2 2 1 0 1 1 1 1.128621 0.000000 
2 1 105 1 0 3 3 0 2 1 1 1 0.567796 0.000000 
2 1 106 0 3 1 1 1 0 2 3 0 0.917373 0.000000 
2 1 107 0 1 1 0 0 1 2 2 1 0.833040 0.000000 
2 1 108 0 5 0 2 0 2 1 1 1 0.707991 0.000000 
2 1 109 0 2 2 2 1 1 3 3 1 0.883731 0.000000 
2 1 110 0 5 2 2 0 2 3 3 1 0.676689 0.000000 
2 1 111 0 0 0 4 2 1 1 1 1 0.717209 0.000000 
2 1 112 1 3 0 2 0 2 4 4 1 1.180836 0.000000 
2 1 113 0 3 3 2 0 1 4 4 1 0.986591 0.000000 
2 1 114 0 0 0 4 2 1 1 1 1 0.735548 0.000000 
2 1 115 0 4 0 2 0 2 1 1 1 0.486503 0.000000 
2 1 116 0 5 3 3 1 2 4 4 1 0.727305 0.000000 
2 1 117 0 3 3 3 1 1 4 4 1 0.446879 0.000000 
2 1 118 1 0 2 4 2 0 1 1 1 1.352690 0.000000 
2 1 119 1 2 0 0 2 2 3 3 1 1.367162 0.000000 
2 1 120 1 3 1 2 0 0 4 4 1 1.501016 0.000000 
2 1 121 0 1 1 0 0 1 2 2 1 0.693543 0.000000 
2 1 122 0 1 3 5 2 0 4 4 1 0.918433 0.000000 
2 1 123 1 0 0 0 1 1 1 1 1 1.086092 0.000000 
2 1 124 0 5 2 2 0 2 3 3 1 0.775146 0.000000 
2 1 125 0 2 2 4 2 1 3 3 1 0.619698 0.000000 
2 1 126 0 2 2 2 1 1 3 3 1 0.551264 0.000000 
2 1 127 0 1 1 0 0 1 2 2 1 0.877457 0.000000 
2 1 128 0 0 0 0 1 1 1 1 1 1.327044 0.000000 
2 1 129 0 4 2 5 2 2 3 3 1 0.822879 0.000000 
2 1 130 0 0 2 2 1 0 3 3 1 0.570488 0.000000 
2 1 131 0 1 3 3 1 0 4 4 1 0.663983 0.000000 
2 1 132 0 2 2 5 2 1 3 3 1 0.833227 0.000000 
2 1 133 0 4 3 4 2 2 4 4 1 0.612112 0.000000 
2 1 134 1 1 0 4 2 2 2 2 1 1.472383 0.000000 
2 1 135 1 0 0 0 2 1 1 1 1 0.858222 0.000000 
2 1 136 0 5 1 4 2 2 2 2 1 0.852527 0.000000 
2 1 137 0 4 1 0 2 2 2 2 1 0.766816 0.000000 
2 1 138 1 0 0 0 1 1 1 1 1 0.820393 0.000000 
2 1 139 0 4 0 0 1 2 1 1 1 0.527034 0.000000 
2 1 140 0 3 3 2 0 1 4 4 1 0.638476 0.000000 
2 1 141 0 4 2 5 2 2 3 3 1 0.713365 0.000000 
2 1 142 0 2 0 5 2 0 1 2 0 0.825602 0.000000 
2 1 143 0 1 1 0 0 1 2 2 1 0.729232 0.000000 
2 1 144 1 3 3 4 2 1 4 4 1 0.896314 0.000000 
2 1 145 0 4 2 2 1 2 3 3 1 0.833409 0.000000 
2 1 146 0 5 2 0 2 2 3 3 1 0.668252 0.000000 
2 1 147 1 3 3 3 1 1 4 4 1 0.749788 0.000000 
2 1 148 0 1 3 5 2 0 4 4 1 0.595060 0.000000 
2 1 149 0 2 2 2 1 1 3 3 1 0.903903 0.000000 
2 1 150 0 0 2 3 0 0 3 3 1 0.608205 0.000000 
2 1 151 0 2 2 2 1 1 3 3 1 0.508403 0.000000 
2 1 152 0 1 3 0 0 0 4 4 1 1.708546 0.000000 
2 1 153 0 4 3 4 2 2 4 4 1 0.557124 0.000000 
2 1 154 0 1 1 0 0 1 2 2 1 0.770360 0.000000 
2 1 155 1 2 0 1 0 0 3 3 1 2.399996 0.000000 
2 1 156 0 1 3 0 0 0 4 4 1 0.708807 0.000000 
2 1 157 0 4 3 4 2 2 4 4 1 0.605091 0.000000 
2 1 158 0 3 3 4 2 1 4 4 1 0.441272 0.000000 
2 1 159 0 4 2 2 1 2 3 3 1 1.380136 0.000000 
2 1 160 0 1 3 0 2 0 4 4 1 0.585894 0.000000 
2 1 161 0 0 0 4 2 1 1 1 1 0.693807 0.000000 
2 1 162 0 5 2 2 0 2 3 3 1 0.582659 0.000000 
2 1 163 1 1 1 0 0 1 2 2 1 2.196055 0.000000 
2 1 164 0 5 3 2 0 2 4 4 1 0.592921 0.000000 
2 1 165 0 1 3 5 2 0 4 4 1 0.525834 0.000000 
2 1 166 0 2 0 5 2 0 1 3 0 0.893325 0.000000 
2 1 167 0 4 3 3 1 2 4 4 1 0.706328 0.000000 
2 1 168 0 0 2 5 2 0 3 3 1 1.202007 0.000000 
2 1 169 0 1 1 0 0 1 2 2 1 0.718503 0.000000 
2 1 170 0 0 2 2 1 0 3 3 1 1.285066 0.000000 
2 1 171 0 4 1 1 1 2 2 2 1 0.678211 0.000000 
2 1 172 0 1 3 5 2 0 4 4 1 0.567762 0.000000 
2 1 173 0 1 1 1 1 1 2 2 1 0.597288 0.000000 
2 1 174 0 3 1 2 0 0 2 2 1 1.002129 0.000000 
2 1 175 0 3 3 4 2 1 4 4 1 0.534454 0.000000 
2 1 176 1 2 0 0 2 0 3 1 0 1.205314 0.000000 
2 1 177 0 3 3 4 2 1 4 4 1 0.564704 0.000000 
2 1 178 0 5 2 2 1 2 3 3 1 0.858470 0.000000 
2 1 179 0 0 0 3 0 1 1 1 1 0.772758 0.000000 
2 1 180 0 2 2 1 0 1 3 3 1 0.834321 0.000000 
2 1 181 0 1 3 0 0 0 4 4 1 0.565273 0.000000 
2 1 182 1 2 0 4 2 0 3 1 0 0.995444 0.000000 
2 1 183 1 2 2 1 0 2 3 3 1 1.452526 0.000000 
2 1 184 1 0 0 0 2 1 1 1 1 0.861550 0.000000 
2 1 185 0 4 0 0 1 2 1 1 1 0.607840 0.000000 
2 1 186 1 1 3 0 0 2 2 2 1 1.067985 0.000000 
2 1 187 0 4 2 2 1 2 3 3 1 0.653730 0.000000 
2 1 188 0 5 3 2 0 2 4 4 1 0.495946 0.000000 
2 1 189 0 3 1 4 2 0 2 2 1 0.720765 0.000000 
2 1 190 0 3 3 3 1 1 4 4 1 0.536298 0.000000 
2 1 191 1 2 3 3 1 2 3 3 1 1.199156 0.000000 
2 1 192 1 2 2 2 1 1 3 3 1 1.171102 0.000000 
2 2 1 0 3 1 1 1 0 2 3 0 1.365757 0.000000 
2 2 2 1 0 2 2 1 0 1 1 1 1.175790 0.000000 
2 2 3 0 1 3 3 1 0 4 4 1 1.036975 0.000000 
2 2 4 0 2 2 2 1 1 3 3 1 1.112057 0.000000 
2 2 5 0 4 0 0 1 2 1 1 1 0.680477 0.000000 
2 2 6 0 3 1 1 0 0 2 2 1 1.089046 0.000000 
2 2 7 0 2 0 2 2 0 1 1 1 1.186056 0.000000 
2 2 8 0 3 3 3 1 1 4 4 1 0.495105 0.000000 
2 2 9 0 1 1 3 0 1 2 2 1 1.287987 0.000000 
2 2 10 0 1 3 3 0 0 4 4 1 0.657087 0.000000 
2 2 11 0 3 1 5 2 0 2 2 1 0.739308 0.000000 
2 2 12 1 1 1 1 1 1 2 2 1 1.066155 0.000000 
2 2 13 0 2 0 0 0 0 1 1 1 0.644145 0.000000 
2 2 14 0 3 3 1 0 1 4 4 1 0.517785 0.000000 
2 2 15 0 4 1 1 1 2 2 2 1 0.797293 0.000000 
2 2 16 0 2 2 0 0 1 3 3 1 0.730198 0.000000 
2 2 17 1 0 2 4 2 0 1 1 1 1.545820 0.000000 
2 2 18 0 5 2 2 1 2 3 2 0 0.576987 0.000000 
2 2 19 1 1 3 3 0 0 2 2 1 1.026577 0.000000 
2 2 20 0 5 3 3 1 2 4 1 0 0.573771 0.000000 
2 2 21 0 4 0 4 2 2 1 1 1 0.462272 0.000000 
2 2 22 0 1 3 3 1 0 4 4 1 0.695867 0.000000 
2 2 23 0 4 0 4 2 2 1 1 1 1.464866 0.000000 
2 2 24 0 1 1 2 2 1 2 2 1 0.835377 0.000000 
2 2 25 0 4 3 4 2 2 4 4 1 0.582315 0.000000 
2 2 26 1 1 1 4 2 1 2 2 1 0.923838 0.000000 
2 2 27 0 4 1 4 2 2 2 2 1 0.499476 0.000000 
2 2 28 0 0 0 5 2 1 1 1 1 1.475132 0.000000 
2 2 29 0 2 0 0 0 0 1 1 1 0.724498 0.000000 
2 2 30 0 5 2 1 0 2 3 3 1 1.268103 0.000000 
2 2 31 0 2 2 4 2 1 3 3 1 0.597810 0.000000 
2 2 32 0 5 0 1 0 2 1 1 1 1.218749 0.000000 
2 2 33 1 1 1 1 1 1 2 2 1 0.910476 0.000000 
2 2 34 1 1 0 5 2 2 2 2 1 1.470833 0.000000 
2 2 35 1 2 0 0 0 2 3 1 0 0.823612 0.000000 
2 2 36 0 5 1 4 2 2 2 2 1 0.727322 0.000000 
2 2 37 0 2 2 5 2 1 3 3 1 1.014406 0.000000 
2 2 38 0 1 1 3 0 1 2 2 1 0.738717 0.000000 
2 2 39 0 2 0 1 2 0 1 3 0 0.697646 0.000000 
2 2 40 0 5 1 1 1 2 2 2 1 0.766591 0.000000 
2 2 41 0 0 0 0 1 1 1 1 1 0.667924 0.000000 
2 2 42 0 0 0 2 0 1 1 1 1 0.709233 0.000000 
2 2 43 0 3 3 3 1 1 4 4 1 0.556466 0.000000 
2 2 44 0 0 0 0 1 1 1 1 1 0.818647 0.000000 
2 2 45 0 1 3 3 1 0 4 4 1 1.334273 0.000000 
2 2 46 0 2 0 0 1 0 1 1 1 0.773401 0.000000 
2 2 47 0 4 1 4 2 2 2 2 1 0.714970 0.000000 
2 2 48 0 5 1 1 0 2 2 2 1 0.555165 0.000000 
2 2 49 0 0 2 2 0 0 3 3 1 0.881421 0.000000 
2 2 50 0 5 0 5 2 2 1 1 1 1.105948 0.000000 
2 2 51 0 3 1 4 2 0 2 2 1 1.226428 0.000000 
2 2 52 0 5 1 1 0 2 2 2 1 0.646186 0.000000 
2 2 53 0 0 2 2 0 0 3 3 1 0.905015 0.000000 
2 2 54 0 5 3 1 0 2 4 4 1 0.777360 0.000000 
2 2 55 0 3 3 3 1 1 4 4 1 0.430947 0.000000 
2 2 56 0 5 0 1 0 2 1 1 1 0.538405 0.000000 
2 2 57 1 3 1 4 2 0 4 4 1 1.033239 0.000000 
2 2 58 0 3 3 0 2 1 4 4 1 0.499245 0.000000 
2 2 59 0 4 0 0 1 2 1 1 1 0.531952 0.000000 
2 2 60 0 5 0 5 2 2 1 1 1 0.611591 0.000000 
2 2 61 0 0 0 2 0 1 1 1 1 0.423769 0.000000 
2 2 62 0 0 2 4 2 0 3 3 1 0.683235 0.000000 
2 2 63 1 2 3 3 1 2 3 3 1 1.020054 0.000000 
2 2 64 0 1 3 3 1 0 4 4 1 0.519786 0.000000 
2 2 65 0 4 1 1 0 2 2 2 1 0.566250 0.000000 
2 2 66 0 5 1 5 2 2 2 2 1 0.507970 0.000000 
2 2 67 1 0 0 2 0 1 1 1 1 0.843957 0.000000 
2 2 68 0 3 1 3 2 0 2 3 0 0.686893 0.000000 
2 2 69 0 0 2 2 0 0 3 3 1 1.299848 0.000000 
2 2 70 0 2 0 4 2 0 1 1 1 1.260050 0.000000 
2 2 71 0 4 0 4 2 2 1 1 1 0.694243 0.000000 
2 2 72 0 2 0 4 2 0 1 1 1 0.455125 0.000000 
2 2 73 1 0 0 2 0 2 1 1 1 0.888273 0.000000 
2 2 74 0 5 0 4 2 2 1 1 1 0.649205 0.000000 
2 2 75 0 1 1 5 2 1 2 2 1 0.491928 0.000000 
2 2 76 1 3 2 1 0 2 4 3 0 0.940247 0.000000 
2 2 77 1 0 1 1 1 2 1 1 1 0.887020 0.000000 
2 2 78 0 3 3 1 0 1 4 4 1 0.791765 0.000000 
2 2 79 0 1 1 4 2 1 2 3 0 0.716710 0.000000 
2 2 80 0 0 0 0 1 1 1 1 1 0.695252 0.000000 
2 2 81 0 4 2 1 0 2 3 3 1 0.839716 0.000000 
2 2 82 1 1 1 1 1 1 2 2 1 0.882633 0.000000 
2 2 83 0 0 0 2 0 1 1 1 1 0.540101 0.000000 
2 2 84 0 5 2 2 1 2 3 3 1 0.874468 0.000000 
2 2 85 1 0 0 0 1 2 1 1 1 0.724052 0.000000 
2 2 86 0 0 2 2 0 0 3 3 1 0.771622 0.000000 
2 2 87 0 3 3 4 2 1 4 4 1 0.633252 0.000000 
2 2 88 1 2 0 1 2 0 3 3 1 1.164092 0.000000 
2 2 89 0 3 3 1 0 1 4 4 1 0.577523 0.000000 
2 2 90 1 1 3 3 1 0 2 2 1 0.830972 0.000000 
2 2 91 0 3 3 3 1 1 4 4 1 0.522615 0.000000 
2 2 92 1 2 2 2 1 1 3 3 1 1.410100 0.000000 
2 2 93 0 4 1 1 0 2 2 2 1 0.558653 0.000000 
2 2 94 0 5 2 1 0 2 3 3 1 1.148859 0.000000 
2 2 95 0 4 3 4 2 2 4 4 1 0.562864 0.000000 
2 2 96 0 0 2 4 2 0 3 3 1 1.625135 0.000000 
2 2 97 1 1 1 3 0 1 2 2 1 0.916979 0.000000 
2 2 98 0 0 2 0 2 0 3 3 1 0.852687 0.000000 
2 2 99 1 3 1 1 0 0 4 4 1 0.862951 0.000000 
2 2 100 0 3 1 1 1 0 2 3 0 0.929272 0.000000 
2 2 101 0 0 2 2 1 0 3 3 1 0.836933 0.000000 
2 2 102 0 1 3 3 0 0 4 4 1 0.478386 0.000000 
2 2 103 0 2 0 0 1 0 1 1 1 0.615798 0.000000 
2 2 104 0 1 1 4 2 1 2 2 1 0.787956 0.000000 
2 2 105 0 4 0 0 1 2 1 4 0 0.696967 0.000000 
2 2 106 0 1 3 3 1 0 4 4 1 0.941915 0.000000 
2 2 107 0 4 3 4 2 2 4 4 1 0.508397 0.000000 
2 2 108 0 2 0 0 1 0 1 1 1 0.652534 0.000000 
2 2 109 0 1 3 3 0 0 4 4 1 0.597815 0.000000 
2 2 110 0 5 2 1 0 2 3 3 1 0.978636 0.000000 
2 2 111 1 2 2 4 2 1 3 3 1 0.984275 0.000000 
2 2 112 0 5 2 2 1 2 3 3 1 0.669301 0.000000 
2 2 113 0 4 3 3 1 2 4 4 1 0.502848 0.000000 
2 2 114 0 0 0 0 1 1 1 1 1 0.615012 0.000000 
2 2 115 1 2 2 0 0 1 3 3 1 0.971186 0.000000 
2 2 116 0 2 0 0 1 0 1 3 0 0.472837 0.000000 
2 2 117 1 0 1 3 2 2 1 1 1 0.822360 0.000000 
2 2 118 0 5 0 1 0 2 1 1 1 0.656424 0.000000 
2 2 119 1 2 0 0 1 2 3 3 1 0.850664 0.000000 
2 2 120 1 2 0 0 0 0 3 3 1 0.500881 0.000000 
2 2 121 1 0 0 0 1 1 1 1 1 0.685128 0.000000 
2 2 122 1 1 1 4 2 2 2 2 1 1.038026 0.000000 
2 2 123 0 3 1 1 0 0 2 2 1 0.977071 0.000000 
2 2 124 0 5 2 5 2 2 3 3 1 0.990748 0.000000 
2 2 125 1 1 1 3 0 1 2 2 1 0.746709 0.000000 
2 2 126 1 1 1 5 2 1 2 2 1 0.625657 0.000000 
2 2 127 0 4 0 1 0 2 1 1 1 0.717196 0.000000 
2 2 128 0 5 0 1 0 2 1 1 1 0.516752 0.000000 
2 2 129 0 0 2 2 1 0 3 3 1 0.724202 0.000000 
2 2 130 0 3 1 1 0 0 2 2 1 0.827822 0.000000 
2 2 131 0 4 1 1 1 2 2 2 1 0.463431 0.000000 
2 2 132 0 5 3 1 0 2 4 4 1 0.672627 0.000000 
2 2 133 0 3 3 3 1 1 4 4 1 0.450064 0.000000 
2 2 134 0 2 0 0 1 0 1 1 1 0.620216 0.000000 
2 2 135 0 1 3 3 0 0 4 4 1 0.559768 0.000000 
2 2 136 1 0 0 0 1 1 1 1 1 0.661930 0.000000 
2 2 137 0 3 3 1 0 1 4 4 1 0.720141 0.000000 
2 2 138 1 2 2 4 2 1 3 2 0 0.735689 0.000000 
2 2 139 0 4 0 4 2 2 1 1 1 0.562642 0.000000 
2 2 140 0 3 3 1 0 1 4 4 1 0.632335 0.000000 
2 2 141 1 3 3 5 2 1 4 4 1 0.522836 0.000000 
2 2 142 0 5 1 4 2 2 2 2 1 0.850323 0.000000 
2 2 143 0 3 3 1 0 1 4 4 1 0.660598 0.000000 
2 2 144 0 0 0 5 2 1 1 1 1 0.654886 0.000000 
2 2 145 0 1 1 3 0 1 2 2 1 0.737058 0.000000 
2 2 146 0 1 1 1 1 1 2 2 1 0.512012 0.000000 
2 2 147 1 1 1 3 0 1 2 2 1 0.672110 0.000000 
2 2 148 0 5 3 3 1 2 4 4 1 0.480723 0.000000 
2 2 149 0 3 3 2 2 1 4 4 1 0.498157 0.000000 
2 2 150 1 3 3 3 2 1 4 4 1 0.666942 0.000000 
2 2 151 1 2 1 0 0 2 3 3 1 0.972500 0.000000 
2 2 152 0 1 3 3 0 0 4 4 1 0.562162 0.000000 
2 2 153 1 0 0 0 1 1 1 1 1 0.776355 0.000000 
2 2 154 0 5 0 0 1 2 1 1 1 0.517945 0.000000 
2 2 155 0 2 0 4 2 0 1 1 1 0.549422 0.000000 
2 2 156 0 3 3 5 2 1 4 4 1 0.564076 0.000000 
2 2 157 0 4 0 0 1 2 1 1 1 0.520776 0.000000 
2 2 158 1 1 0 0 1 2 2 2 1 0.880289 0.000000 
2 2 159 1 2 0 2 2 0 3 1 0 1.369884 0.000000 
2 2 160 0 0 0 2 0 1 1 1 1 0.683748 0.000000 
2 2 161 0 1 1 5 2 1 2 2 1 0.700118 0.000000 
2 2 162 1 0 0 2 0 1 1 1 1 0.588380 0.000000 
2 2 163 0 0 2 2 1 0 3 3 1 0.721235 0.000000 
2 2 164 1 2 2 0 0 1 3 3 1 0.504781 0.000000 
2 2 165 1 1 3 3 0 0 2 2 1 0.855921 0.000000 
2 2 166 0 3 1 4 2 0 2 3 0 0.634252 0.000000 
2 2 167 0 4 1 4 2 2 2 2 1 0.809154 0.000000 
2 2 168 0 5 0 5 2 2 1 1 1 0.876938 0.000000 
2 2 169 0 0 2 4 2 0 3 3 1 0.734575 0.000000 
2 2 170 0 0 2 2 1 0 3 3 1 0.957503 0.000000 
2 2 171 0 0 0 2 0 1 1 1 1 0.699849 0.000000 
2 2 172 1 2 0 0 1 0 3 3 1 0.923014 0.000000 
2 2 173 0 4 1 1 1 2 2 2 1 0.626652 0.000000 
2 2 174 0 2 0 0 0 0 1 1 1 0.758219 0.000000 
2 2 175 1 0 2 2 0 0 1 1 1 0.692455 0.000000 
2 2 176 0 0 2 2 0 0 3 1 0 0.453375 0.000000 
2 2 177 1 0 1 1 1 2 1 1 1 0.651515 0.000000 
2 2 178 0 1 1 1 1 1 2 2 1 0.821253 0.000000 
2 2 179 0 4 0 0 1 2 1 1 1 0.880861 0.000000 
2 2 180 0 2 2 0 0 1 3 2 0 0.761433 0.000000 
2 2 181 0 0 2 0 2 0 3 3 1 0.659759 0.000000 
2 2 182 1 3 3 4 2 1 4 4 1 0.765478 0.000000 
2 2 183 0 4 1 5 2 2 2 2 1 0.691752 0.000000 
2 2 184 0 5 3 3 1 2 4 4 1 0.524646 0.000000 
2 2 185 0 3 3 4 2 1 4 4 1 0.532124 0.000000 
2 2 186 0 2 0 5 2 0 1 1 1 0.907565 0.000000 
2 2 187 0 3 1 5 2 0 2 2 1 0.827942 0.000000 
2 2 188 0 0 2 2 1 0 3 3 1 0.774522 0.000000 
2 2 189 0 2 0 0 1 0 1 1 1 2.188125 0.000000 
2 2 190 1 3 3 4 2 1 4 4 1 0.569582 0.000000 
2 2 191 1 1 3 3 1 0 2 4 0 0.631136 0.000000 
2 2 192 0 3 1 1 0 0 2 2 1 0.718692 0.000000 
2 3 1 0 4 1 1 1 2 2 2 1 0.949713 0.000000 
2 3 2 0 5 1 0 0 2 2 2 1 0.644162 0.000000 
2 3 3 0 0 0 5 2 1 1 1 1 0.678005 0.000000 
2 3 4 1 2 0 0 1 0 3 3 1 0.903574 0.000000 
2 3 5 1 3 1 4 2 0 4 4 1 0.903912 0.000000 
2 3 6 0 0 2 2 1 0 3 3 1 0.824211 0.000000 
2 3 7 0 2 2 4 2 1 3 3 1 0.579748 0.000000 
2 3 8 0 2 2 2 1 1 3 3 1 0.497312 0.000000 
2 3 9 0 1 3 2 0 0 4 4 1 0.714146 0.000000 
2 3 10 0 3 1 0 0 0 2 2 1 0.746400 0.000000 
2 3 11 1 0 0 5 2 1 1 1 1 1.280253 0.000000 
2 3 12 0 0 2 1 0 0 3 3 1 1.162092 0.000000 
2 3 13 0 2 2 4 2 1 3 3 1 0.944496 0.000000 
2 3 14 0 3 1 0 0 0 2 3 0 0.615491 0.000000 
2 3 15 1 0 2 2 1 0 1 1 1 0.823716 0.000000 
2 3 16 0 3 1 0 0 0 2 2 1 2.074799 0.000000 
2 3 17 0 2 2 4 2 1 3 3 1 0.619922 0.000000 
2 3 18 0 3 3 3 1 1 4 4 1 0.599466 0.000000 
2 3 19 0 4 2 0 0 2 3 3 1 0.812174 0.000000 
2 3 20 1 0 0 1 0 1 1 1 1 1.351950 0.000000 
2 3 21 0 4 1 0 0 2 2 2 1 0.870447 0.000000 
2 3 22 0 5 0 0 0 2 1 1 1 0.688083 0.000000 
2 3 23 0 2 2 4 2 1 3 3 1 0.696933 0.000000 
2 3 24 0 2 0 3 0 0 1 1 1 1.401873 0.000000 
2 3 25 0 3 3 0 0 1 4 4 1 0.629324 0.000000 
2 3 26 1 1 3 2 0 2 2 2 1 1.080903 0.000000 
2 3 27 0 1 1 2 0 1 2 2 1 0.714595 0.000000 
2 3 28 1 3 1 0 0 2 4 4 1 0.882822 0.000000 
2 3 29 0 1 3 3 1 0 4 4 1 0.475991 0.000000 
2 3 30 0 5 3 3 1 2 4 4 1 0.413260 0.000000 
2 3 31 0 0 2 2 1 0 3 3 1 0.920478 0.000000 
2 3 32 0 2 2 5 2 1 3 3 1 0.856020 0.000000 
2 3 33 0 3 1 4 2 0 2 2 1 0.946353 0.000000 
2 3 34 0 5 0 0 0 2 1 4 0 0.657295 0.000000 
2 3 35 0 4 0 0 0 2 1 1 1 0.551551 0.000000 
2 3 36 0 0 2 5 2 0 3 3 1 1.189218 0.000000 
2 3 37 1 2 2 4 2 1 3 3 1 0.762307 0.000000 
2 3 38 0 5 1 1 1 2 2 2 1 1.224614 0.000000 
2 3 39 0 4 2 4 2 2 3 3 1 0.771407 0.000000 
2 3 40 0 5 2 1 2 2 3 3 1 0.856959 0.000000 
2 3 41 0 3 1 0 0 0 2 2 1 0.915257 0.000000 
2 3 42 0 1 1 1 1 1 2 2 1 0.595545 0.000000 
2 3 43 1 2 0 4 2 2 3 3 1 2.224452 0.000000 
2 3 44 0 3 1 0 0 0 2 2 1 0.804578 0.000000 
2 3 45 0 2 0 0 1 0 1 1 1 1.456834 0.000000 
2 3 46 1 3 3 3 1 1 4 4 1 0.802340 0.000000 
2 3 47 0 4 1 5 2 2 2 2 1 0.814662 0.000000 
2 3 48 0 2 2 4 2 1 3 3 1 1.146926 0.000000 
2 3 49 1 1 1 2 2 1 2 2 1 1.434015 0.000000 
2 3 50 1 1 0 5 2 2 2 2 1 1.701218 0.000000 
2 3 51 0 4 3 3 1 2 4 4 1 0.613834 0.000000 
2 3 52 1 2 0 1 2 0 3 3 1 2.081032 0.000000 
2 3 53 1 0 2 4 2 2 1 1 1 0.979135 0.000000 
2 3 54 0 2 2 2 1 1 3 2 0 0.912800 0.000000 
2 3 55 0 2 2 3 0 1 3 3 1 1.109108 0.000000 
2 3 56 0 2 2 3 0 1 3 3 1 0.564960 0.000000 
2 3 57 0 4 1 4 2 2 2 2 1 0.803174 0.000000 
2 3 58 1 0 2 2 1 0 1 1 1 1.487526 0.000000 
2 3 59 0 4 1 4 2 2 2 2 1 0.671704 0.000000 
2 3 60 0 3 1 1 1 0 2 2 1 1.177292 0.000000 
2 3 61 0 4 2 0 0 2 3 3 1 0.798987 0.000000 
2 3 62 0 1 3 3 1 0 4 4 1 0.699953 0.000000 
2 3 63 0 4 0 0 0 2 1 1 1 0.932196 0.000000 
2 3 64 1 3 2 0 0 2 4 3 0 1.523862 0.000000 
2 3 65 1 0 3 1 0 2 1 1 1 1.639806 0.000000 
2 3 66 0 5 1 1 1 2 2 2 1 1.209510 0.000000 
2 3 67 0 2 0 3 0 0 1 1 1 1.213994 0.000000 
2 3 68 0 0 0 0 1 1 1 1 1 0.474387 0.000000 
2 3 69 0 3 1 0 0 0 2 2 1 1.355854 0.000000 
2 3 70 0 2 0 0 1 0 1 1 1 0.810360 0.000000 
2 3 71 0 2 0 0 1 0 1 1 1 0.734601 0.000000 
2 3 72 1 0 2 4 2 0 1 1 1 0.957544 0.000000 
2 3 73 0 4 3 3 1 2 4 4 1 0.506843 0.000000 
2 3 74 0 2 2 3 0 1 3 3 1 0.699019 0.000000 
2 3 75 0 0 2 2 1 0 3 3 1 1.243967 0.000000 
2 3 76 0 3 3 4 2 1 4 4 1 0.687031 0.000000 
2 3 77 0 0 2 2 1 0 3 3 1 1.407968 0.000000 
2 3 78 1 0 2 1 0 0 1 1 1 1.284460 0.000000 
2 3 79 1 0 2 2 1 0 1 1 1 0.557556 0.000000 
2 3 80 0 0 0 5 2 1 1 4 0 0.666723 0.000000 
2 3 81 0 4 2 0 0 2 3 3 1 0.888333 0.000000 
2 3 82 0 0 0 1 0 1 1 1 1 0.856823 0.000000 
2 3 83 1 2 2 3 0 2 3 4 0 1.067074 0.000000 
2 3 84 0 1 1 1 1 1 2 2 1 0.720835 0.000000 
2 3 85 0 0 0 0 1 1 1 1 1 0.639923 0.000000 
2 3 86 0 1 1 2 0 1 2 2 1 1.170768 0.000000 
2 3 87 1 1 1 4 2 1 2 2 1 0.903438 0.000000 
2 3 88 1 3 3 0 0 1 4 4 1 0.711856 0.000000 
2 3 89 0 1 1 2 0 1 2 2 1 0.648085 0.000000 
2 3 90 1 1 2 4 2 2 2 2 1 0.794950 0.000000 
2 3 91 0 4 0 0 1 2 1 1 1 0.831923 0.000000 
2 3 92 1 0 2 5 2 0 1 1 1 0.795511 0.000000 
2 3 93 1 0 2 4 2 0 1 1 1 0.544408 0.000000 
2 3 94 0 1 3 5 2 0 4 4 1 0.687268 0.000000 
2 3 95 0 4 2 5 2 2 3 3 1 1.207184 0.000000 
2 3 96 0 5 2 2 1 2 3 3 1 0.971610 0.000000 
2 3 97 1 3 1 0 0 0 4 4 1 0.801230 0.000000 
2 3 98 0 0 2 0 2 0 3 3 1 0.925562 0.000000 
2 3 99 0 1 1 2 0 1 2 2 1 1.189221 0.000000 
2 3 100 0 2 0 4 2 0 1 1 1 1.554284 0.000000 
2 3 101 0 3 1 0 0 0 2 2 1 1.032863 0.000000 
2 3 102 1 1 1 2 0 2 2 2 1 0.851101 0.000000 
2 3 103 1 0 2 4 2 0 1 1 1 0.773158 0.000000 
2 3 104 0 0 0 0 1 1 1 1 1 0.546766 0.000000 
2 3 105 0 1 3 2 0 0 4 4 1 0.649592 0.000000 
2 3 106 1 1 0 0 1 2 2 2 1 0.748019 0.000000 
2 3 107 0 0 0 5 2 1 1 1 1 0.922723 0.000000 
2 3 108 0 0 2 1 0 0 3 3 1 0.890368 0.000000 
2 3 109 0 3 3 4 2 1 4 4 1 0.602345 0.000000 
2 3 110 0 2 0 0 1 0 1 1 1 0.918520 0.000000 
2 3 111 0 4 3 5 2 2 4 4 1 0.638191 0.000000 
2 3 112 0 2 2 2 1 1 3 3 1 0.857029 0.000000 
2 3 113 1 0 0 1 0 1 1 1 1 0.923353 0.000000 
2 3 114 0 0 2 2 1 0 3 3 1 0.874997 0.000000 
2 3 115 0 2 0 0 1 0 1 1 1 1.372642 0.000000 
2 3 116 0 1 1 1 1 1 2 2 1 0.809506 0.000000 
2 3 117 1 0 3 4 2 2 1 1 1 1.445753 0.000000 
2 3 118 0 1 3 2 0 0 4 4 1 0.864913 0.000000 
2 3 119 0 0 0 0 2 1 1 1 1 0.595215 0.000000 
2 3 120 1 3 1 0 0 2 4 4 1 1.192077 0.000000 
2 3 121 0 4 1 0 0 2 2 2 1 0.733165 0.000000 
2 3 122 0 0 2 1 0 0 3 3 1 0.860062 0.000000 
2 3 123 0 2 0 3 0 0 1 1 1 0.734301 0.000000 
2 3 124 1 3 1 0 0 0 4 4 1 0.748244 0.000000 
2 3 125 0 4 3 3 1 2 4 4 1 0.411173 0.000000 
2 3 126 0 0 0 4 2 1 1 1 1 0.831309 0.000000 
2 3 127 1 3 3 3 1 1 4 4 1 0.490871 0.000000 
2 3 128 0 5 1 1 1 2 2 2 1 0.627708 0.000000 
2 3 129 0 1 3 5 2 0 4 4 1 0.495235 0.000000 
2 3 130 0 1 3 3 1 0 4 4 1 0.399914 0.000000 
2 3 131 0 1 1 2 0 1 2 2 1 0.684148 0.000000 
2 3 132 0 2 2 2 1 1 3 3 1 1.500019 0.000000 
2 3 133 0 4 3 4 2 2 4 4 1 0.580594 0.000000 
2 3 134 0 5 2 2 1 2 3 2 0 0.610041 0.000000 
2 3 135 0 4 2 4 2 2 3 3 1 0.634337 0.000000 
2 3 136 1 3 0 0 1 2 4 4 1 0.700684 0.000000 
2 3 137 0 4 0 0 1 2 1 1 1 0.756948 0.000000 
2 3 138 0 3 3 0 0 1 4 4 1 0.659182 0.000000 
2 3 139 1 2 3 3 0 2 3 4 0 1.093402 0.000000 
2 3 140 0 5 0 0 0 2 1 1 1 0.609485 0.000000 
2 3 141 0 4 1 1 1 2 2 2 1 0.645171 0.000000 
2 3 142 0 1 3 3 1 0 4 4 1 0.503990 0.000000 
2 3 143 0 2 0 4 2 0 1 1 1 0.912175 0.000000 
2 3 144 0 2 2 2 1 1 3 3 1 0.688504 0.000000 
2 3 145 0 3 3 3 1 1 4 4 1 0.449399 0.000000 
2 3 146 1 1 2 4 2 2 2 3 0 0.892026 0.000000 
2 3 147 0 2 2 5 2 1 3 3 1 0.687486 0.000000 
2 3 148 1 3 1 3 2 0 4 4 1 0.831855 0.000000 
2 3 149 0 2 2 2 1 1 3 3 1 0.819480 0.000000 
2 3 150 1 3 1 1 1 0 4 4 1 0.767068 0.000000 
2 3 151 0 4 0 5 2 2 1 1 1 0.548757 0.000000 
2 3 152 0 3 1 4 2 0 2 2 1 0.587572 0.000000 
2 3 153 0 2 2 3 0 1 3 3 1 0.720428 0.000000 
2 3 154 0 5 0 4 2 2 1 1 1 0.703020 0.000000 
2 3 155 0 0 0 4 2 1 1 1 1 0.552221 0.000000 
2 3 156 0 1 3 3 1 0 4 4 1 0.549406 0.000000 
2 3 157 0 0 2 1 0 0 3 3 1 0.764068 0.000000 
2 3 158 0 5 3 3 1 2 4 4 1 0.457825 0.000000 
2 3 159 0 3 3 0 0 1 4 4 1 0.491954 0.000000 
2 3 160 0 3 1 2 2 0 2 2 1 0.772784 0.000000 
2 3 161 0 1 1 1 1 1 2 2 1 0.514361 0.000000 
2 3 162 0 2 0 3 0 0 1 1 1 0.658497 0.000000 
2 3 163 0 2 2 3 0 1 3 3 1 0.659650 0.000000 
2 3 164 0 5 2 2 1 2 3 3 1 0.669927 0.000000 
2 3 165 0 4 2 4 2 2 3 3 1 0.575463 0.000000 
2 3 166 0 3 1 1 1 0 2 2 1 0.628933 0.000000 
2 3 167 0 3 3 0 0 1 4 4 1 0.584460 0.000000 
2 3 168 1 0 2 1 0 0 1 1 1 1.053378 0.000000 
2 3 169 0 4 3 4 2 2 4 4 1 0.527746 0.000000 
2 3 170 0 5 2 2 1 2 3 3 1 0.783237 0.000000 
2 3 171 0 4 1 0 0 2 2 2 1 0.580172 0.000000 
2 3 172 0 2 2 2 1 1 3 3 1 0.832677 0.000000 
2 3 173 0 4 3 4 2 2 4 4 1 0.604096 0.000000 
2 3 174 0 1 1 4 2 1 2 2 1 0.519805 0.000000 
2 3 175 0 2 2 2 1 1 3 3 1 0.623309 0.000000 
2 3 176 1 0 2 4 2 0 1 1 1 1.018830 0.000000 
2 3 177 0 4 3 0 0 2 4 4 1 0.550525 0.000000 
2 3 178 0 5 0 0 0 2 1 1 1 0.588693 0.000000 
2 3 179 1 2 0 0 1 0 3 3 1 0.801528 0.000000 
2 3 180 1 2 2 4 2 1 3 3 1 0.540769 0.000000 
2 3 181 0 4 3 4 2 2 4 4 1 0.531637 0.000000 
2 3 182 0 2 2 2 1 1 3 3 1 0.739127 0.000000 
2 3 183 0 4 2 4 2 2 3 3 1 0.529968 0.000000 
2 3 184 0 3 3 3 1 1 4 4 1 0.465533 0.000000 
2 3 185 0 2 2 3 0 1 3 3 1 0.587634 0.000000 
2 3 186 1 0 2 2 1 0 1 1 1 0.816514 0.000000 
2 3 187 1 1 3 5 2 0 2 2 1 0.787046 0.000000 
2 3 188 0 0 0 2 2 1 1 1 1 0.792075 0.000000 
2 3 189 1 1 1 5 2 1 2 2 1 0.732913 0.000000 
2 3 190 0 5 2 0 0 2 3 3 1 0.804151 0.000000 
2 3 191 1 3 3 4 2 1 4 4 1 0.560157 0.000000 
2 3 192 0 5 1 1 1 2 2 2 1 0.558356 0.000000 
2 4 1 0 2 0 4 2 0 1 1 1 0.990414 0.000000 
2 4 2 0 2 2 1 0 1 3 3 1 0.674884 0.000000 
2 4 3 0 4 2 5 2 2 3 3 1 0.708421 0.000000 
2 4 4 0 3 3 2 0 1 4 4 1 0.716683 0.000000 
2 4 5 0 3 1 1 1 0 2 2 1 0.668189 0.000000 
2 4 6 0 2 2 2 1 1 3 3 1 0.581754 0.000000 
2 4 7 0 4 1 1 1 2 2 2 1 0.674297 0.000000 
2 4 8 1 3 2 2 0 2 4 4 1 0.571847 0.000000 
2 4 9 0 0 0 3 0 1 1 2 0 0.545404 0.000000 
2 4 10 1 1 1 0 0 2 2 2 1 0.740017 0.000000 
2 4 11 1 0 2 2 1 0 1 1 1 0.930679 0.000000 
2 4 12 0 0 0 0 1 1 1 1 1 0.562327 0.000000 
2 4 13 1 1 1 5 2 1 2 2 1 0.664484 0.000000 
2 4 14 1 2 2 1 0 1 3 3 1 0.802687 0.000000 
2 4 15 0 1 1 0 0 1 2 2 1 0.485981 0.000000 
2 4 16 0 5 0 0 1 2 1 1 1 0.606807 0.000000 
2 4 17 1 1 3 4 2 0 2 2 1 0.538969 0.000000 
2 4 18 1 1 2 2 1 2 2 2 1 0.481786 0.000000 
2 4 19 0 4 2 0 2 2 3 3 1 0.763302 0.000000 
2 4 20 0 5 1 5 2 2 2 2 1 0.689537 0.000000 
2 4 21 0 4 1 1 1 2 2 2 1 0.466412 0.000000 
2 4 22 0 5 0 0 1 2 1 1 1 0.620138 0.000000 
2 4 23 0 2 2 4 2 1 3 2 0 0.758394 0.000000 
2 4 24 0 5 2 2 1 2 3 3 1 0.832723 0.000000 
2 4 25 0 3 1 4 2 0 2 2 1 0.619846 0.000000 
2 4 26 0 3 3 4 2 1 4 4 1 0.511370 0.000000 
2 4 27 0 2 2 4 2 1 3 3 1 0.799472 0.000000 
2 4 28 0 2 0 0 1 0 1 1 1 0.787986 0.000000 
2 4 29 0 4 3 3 1 2 4 4 1 0.512663 0.000000 
2 4 30 0 2 2 5 2 1 3 3 1 0.624836 0.000000 
2 4 31 0 4 3 2 2 2 4 4 1 0.515374 0.000000 
2 4 32 0 1 3 3 1 0 4 4 1 0.459529 0.000000 
2 4 33 1 1 1 1 1 1 2 2 1 0.781607 0.000000 
2 4 34 0 1 1 0 0 1 2 2 1 0.611259 0.000000 
2 4 35 1 0 0 4 2 1 1 1 1 0.591404 0.000000 
2 4 36 1 3 0 2 0 2 4 4 1 0.684292 0.000000 
2 4 37 0 0 0 4 2 1 1 1 1 0.669201 0.000000 
2 4 38 0 3 3 2 0 1 4 4 1 0.566730 0.000000 
2 4 39 1 2 3 1 0 2 3 3 1 0.787218 0.000000 
2 4 40 0 5 0 1 2 2 1 2 0 0.632192 0.000000 
2 4 41 1 3 3 0 2 1 4 4 1 0.687698 0.000000 
2 4 42 0 2 2 1 0 1 3 3 1 0.920137 0.000000 
2 4 43 1 1 3 4 2 0 2 2 1 0.759795 0.000000 
2 4 44 1 3 2 2 0 2 4 4 1 0.645981 0.000000 
2 4 45 0 4 1 5 2 2 2 2 1 0.696924 0.000000 
2 4 46 1 3 3 2 0 1 4 4 1 0.601785 0.000000 
2 4 47 0 2 2 1 0 1 3 3 1 0.740970 0.000000 
2 4 48 0 1 3 3 1 0 4 4 1 0.523907 0.000000 
2 4 49 0 4 0 4 2 2 1 1 1 0.723413 0.000000 
2 4 50 0 2 2 2 1 1 3 3 1 0.722909 0.000000 
2 4 51 0 2 2 1 0 1 3 3 1 0.682530 0.000000 
2 4 52 0 1 3 5 2 0 4 4 1 0.883949 0.000000 
2 4 53 0 0 2 2 1 0 3 3 1 1.021024 0.000000 
2 4 54 0 3 3 4 2 1 4 4 1 0.600746 0.000000 
2 4 55 0 4 1 2 0 2 2 2 1 1.075989 0.000000 
2 4 56 0 3 1 1 1 0 2 2 1 0.917621 0.000000 
2 4 57 0 3 3 2 0 1 4 4 1 0.653309 0.000000 
2 4 58 0 5 0 2 0 2 1 1 1 0.599524 0.000000 
2 4 59 1 3 1 1 1 0 4 4 1 0.755988 0.000000 
2 4 60 0 5 1 1 1 2 2 2 1 0.745961 0.000000 
2 4 61 0 4 0 2 0 2 1 1 1 0.584878 0.000000 
2 4 62 0 5 1 2 0 2 2 2 1 0.581729 0.000000 
2 4 63 0 3 1 1 1 0 2 2 1 0.954261 0.000000 
2 4 64 0 5 3 2 0 2 4 4 1 0.576530 0.000000 
2 4 65 1 0 1 1 1 2 1 1 1 0.686006 0.000000 
2 4 66 0 5 2 4 2 2 3 3 1 0.734966 0.000000 
2 4 67 1 2 0 1 0 0 3 3 1 0.733860 0.000000 
2 4 68 0 5 0 0 1 2 1 1 1 0.644785 0.000000 
2 4 69 0 4 1 4 2 2 2 2 1 0.686680 0.000000 
2 4 70 1 1 1 1 1 1 2 2 1 0.695490 0.000000 
2 4 71 0 1 3 0 2 0 4 4 1 0.584436 0.000000 
2 4 72 0 5 3 2 0 2 4 4 1 0.477282 0.000000 
2 4 73 0 0 2 3 0 0 3 2 0 0.710726 0.000000 
2 4 74 0 3 1 2 0 0 2 3 0 0.699021 0.000000 
2 4 75 0 2 0 0 1 0 1 1 1 1.479475 0.000000 
2 4 76 0 5 0 2 0 2 1 1 1 0.576842 0.000000 
2 4 77 0 2 2 2 1 1 3 3 1 0.709340 0.000000 
2 4 78 1 1 3 3 1 2 2 4 0 0.557581 0.000000 
2 4 79 0 0 2 2 1 0 3 3 1 0.911783 0.000000 
2 4 80 0 1 1 0 0 1 2 2 1 0.679611 0.000000 
2 4 81 0 4 0 0 1 2 1 1 1 0.649171 0.000000 
2 4 82 0 0 2 2 1 0 3 3 1 0.763897 0.000000 
2 4 83 0 4 0 4 2 2 1 1 1 1.034292 0.000000 
2 4 84 0 5 3 1 2 2 4 4 1 0.541300 0.000000 
2 4 85 0 2 0 1 0 0 1 1 1 0.955120 0.000000 
2 4 86 0 2 0 4 2 0 1 1 1 0.769454 0.000000 
2 4 87 0 0 0 0 1 1 1 1 1 0.463049 0.000000 
2 4 88 0 0 0 3 0 1 1 1 1 0.417172 0.000000 
2 4 89 1 0 2 3 0 2 1 1 1 0.828658 0.000000 
2 4 90 0 3 3 3 1 1 4 4 1 0.520190 0.000000 
2 4 91 0 2 0 0 2 0 1 1 1 0.751744 0.000000 
2 4 92 0 0 0 3 0 1 1 1 1 0.621982 0.000000 
2 4 93 1 1 3 0 0 0 2 2 1 0.984501 0.000000 
2 4 94 1 1 1 5 2 1 2 2 1 0.573531 0.000000 
2 4 95 0 4 3 3 1 2 4 4 1 0.507039 0.000000 
2 4 96 0 3 1 5 2 0 2 2 1 0.651198 0.000000 
2 4 97 1 1 3 0 0 0 2 2 1 0.765384 0.000000 
2 4 98 0 1 1 4 2 1 2 2 1 0.659645 0.000000 
2 4 99 0 4 2 2 0 2 3 3 1 0.741846 0.000000 
2 4 100 0 5 1 1 1 2 2 2 1 0.636773 0.000000 
2 4 101 0 4 0 0 2 2 1 1 1 0.630622 0.000000 
2 4 102 1 3 1 1 1 0 4 4 1 0.850131 0.000000 
2 4 103 0 3 1 2 0 0 2 2 1 0.868460 0.000000 
2 4 104 1 3 3 5 2 1 4 4 1 0.846089 0.000000 
2 4 105 0 3 3 2 0 1 4 4 1 0.593037 0.000000 
2 4 106 0 3 3 2 0 1 4 4 1 0.565887 0.000000 
2 4 107 1 0 2 2 1 0 1 1 1 0.691922 0.000000 
2 4 108 0 1 1 5 2 1 2 2 1 0.500905 0.000000 
2 4 109 0 3 1 1 1 0 2 2 1 0.612049 0.000000 
2 4 110 0 5 1 2 0 2 2 2 1 0.592308 0.000000 
2 4 111 1 0 0 5 2 1 1 1 1 0.909147 0.000000 
2 4 112 0 1 3 3 1 0 4 4 1 0.597451 0.000000 
2 4 113 1 0 2 2 1 0 1 1 1 0.674305 0.000000 
2 4 114 0 5 0 0 1 2 1 1 1 0.491860 0.000000 
2 4 115 0 0 2 4 2 0 3 3 1 0.948675 0.000000 
2 4 116 1 2 2 5 2 1 3 3 1 0.819658 0.000000 
2 4 117 0 1 3 4 2 0 4 1 0 0.614228 0.000000 
2 4 118 0 2 0 0 1 0 1 1 1 0.590428 0.000000 
2 4 119 1 2 0 4 2 2 3 3 1 0.946849 0.000000 
2 4 120 0 0 2 2 1 0 3 3 1 1.017860 0.000000 
2 4 121 1 1 3 4 2 0 2 2 1 1.013494 0.000000 
2 4 122 1 3 3 3 1 1 4 4 1 0.833878 0.000000 
2 4 123 0 0 0 3 0 1 1 1 1 0.628849 0.000000 
2 4 124 0 0 0 3 0 1 1 1 1 0.535357 0.000000 
2 4 125 0 0 2 3 0 0 3 3 1 0.630159 0.000000 
2 4 126 0 3 1 1 1 0 2 2 1 0.657678 0.000000 
2 4 127 0 2 0 1 0 0 1 1 1 0.611937 0.000000 
2 4 128 0 2 0 0 1 0 1 1 1 0.544122 0.000000 
2 4 129 0 1 1 1 1 1 2 2 1 0.718971 0.000000 
2 4 130 1 1 0 0 1 2 2 2 1 0.918532 0.000000 
2 4 131 1 1 3 3 1 0 2 2 1 0.702180 0.000000 
2 4 132 0 2 0 0 1 0 1 1 1 0.613373 0.000000 
2 4 133 0 4 1 1 1 2 2 2 1 0.697617 0.000000 
2 4 134 0 5 1 2 0 2 2 2 1 0.658506 0.000000 
2 4 135 0 1 3 0 0 0 4 4 1 0.724733 0.000000 
2 4 136 0 0 0 3 0 1 1 1 1 0.692285 0.000000 
2 4 137 1 3 1 4 2 0 4 4 1 0.949170 0.000000 
2 4 138 0 5 3 2 0 2 4 4 1 0.483978 0.000000 
2 4 139 0 4 3 5 2 2 4 4 1 0.460243 0.000000 
2 4 140 0 1 1 1 1 1 2 2 1 0.517431 0.000000 
2 4 141 0 1 3 5 2 0 4 4 1 0.636933 0.000000 
2 4 142 1 3 1 4 2 0 4 4 1 1.063794 0.000000 
2 4 143 0 2 2 4 2 1 3 3 1 0.834170 0.000000 
2 4 144 0 1 1 2 2 1 2 3 0 0.477118 0.000000 
2 4 145 1 0 2 2 1 2 1 1 1 0.898630 0.000000 
2 4 146 0 1 1 1 1 1 2 2 1 0.643096 0.000000 
2 4 147 0 3 1 5 2 0 2 2 1 0.701931 0.000000 
2 4 148 0 5 3 2 0 2 4 4 1 0.509191 0.000000 
2 4 149 1 2 2 5 2 1 3 3 1 0.861341 0.000000 
2 4 150 1 1 1 0 0 2 2 2 1 1.015645 0.000000 
2 4 151 0 4 2 2 0 2 3 3 1 0.819936 0.000000 
2 4 152 1 0 2 4 2 0 1 1 1 0.839641 0.000000 
2 4 153 1 1 1 4 2 1 2 2 1 0.770547 0.000000 
2 4 154 0 0 2 3 0 0 3 3 1 0.976172 0.000000 
2 4 155 0 3 3 5 2 1 4 4 1 0.549769 0.000000 
2 4 156 0 0 2 4 2 0 3 2 0 0.763011 0.000000 
2 4 157 0 4 2 5 2 2 3 3 1 0.909281 0.000000 
2 4 158 0 1 3 3 2 0 4 4 1 0.637102 0.000000 
2 4 159 0 4 1 1 1 2 2 2 1 0.583957 0.000000 
2 4 160 0 5 2 2 0 2 3 3 1 0.748837 0.000000 
2 4 161 0 0 0 4 2 1 1 1 1 0.691704 0.000000 
2 4 162 0 0 0 0 1 1 1 1 1 0.436627 0.000000 
2 4 163 0 2 0 1 0 0 1 1 1 0.550388 0.000000 
2 4 164 0 2 0 0 1 0 1 1 1 0.540572 0.000000 
2 4 165 1 0 1 3 0 2 1 1 1 0.835404 0.000000 
2 4 166 0 3 1 2 0 0 2 3 0 0.726359 0.000000 
2 4 167 0 1 1 1 1 1 2 2 1 0.545959 0.000000 
2 4 168 1 2 0 4 2 0 3 3 1 0.976277 0.000000 
2 4 169 0 4 1 4 2 2 2 2 1 0.613994 0.000000 
2 4 170 0 3 1 1 1 0 2 2 1 1.058187 0.000000 
2 4 171 0 3 3 3 1 1 4 4 1 0.483533 0.000000 
2 4 172 0 0 0 3 0 1 1 1 1 0.644370 0.000000 
2 4 173 0 2 0 0 1 0 1 1 1 0.759195 0.000000 
2 4 174 0 1 1 4 2 1 2 2 1 0.717468 0.000000 
2 4 175 0 4 1 4 2 2 2 2 1 0.581043 0.000000 
2 4 176 0 3 3 5 2 1 4 4 1 0.674563 0.000000 
2 4 177 0 3 1 5 2 0 2 2 1 0.724089 0.000000 
2 4 178 0 1 3 0 0 0 4 4 1 0.795687 0.000000 
2 4 179 1 0 0 0 1 1 1 1 1 1.151618 0.000000 
2 4 180 0 5 2 2 0 2 3 3 1 1.238043 0.000000 
2 4 181 0 4 2 2 0 2 3 3 1 0.489146 0.000000 
2 4 182 0 0 2 3 0 0 3 3 1 0.617945 0.000000 
2 4 183 0 0 2 3 0 0 3 3 1 0.525470 0.000000 
2 4 184 0 0 0 3 0 1 1 1 1 0.612982 0.000000 
2 4 185 1 0 2 2 1 0 1 1 1 0.977151 0.000000 
2 4 186 0 2 2 2 1 1 3 3 1 0.790805 0.000000 
2 4 187 0 4 3 2 0 2 4 4 1 0.618763 0.000000 
2 4 188 0 0 0 2 2 1 1 1 1 0.614287 0.000000 
2 4 189 1 0 2 3 0 2 1 1 1 0.554463 0.000000 
2 4 190 1 1 0 0 2 2 2 2 1 0.896581 0.000000 
2 4 191 0 2 2 4 2 1 3 3 1 0.729609 0.000000 
2 4 192 0 5 1 1 1 2 2 2 1 0.681183 0.000000 
2 5 1 0 3 3 3 1 1 4 4 1 1.706197 0.000000 
2 5 2 0 3 3 3 1 1 4 4 1 0.458980 0.000000 
2 5 3 0 1 1 1 1 1 2 2 1 1.052160 0.000000 
2 5 4 0 1 1 1 1 1 2 2 1 0.414485 0.000000 
2 5 5 0 4 3 3 1 2 4 4 1 0.490594 0.000000 
2 5 6 0 2 2 1 0 1 3 3 1 0.787434 0.000000 
2 5 7 0 3 2 2 0 0 3 3 1 1.064350 0.000000 
2 5 8 0 1 0 4 2 0 1 2 0 0.586701 0.000000 
2 5 9 0 2 1 1 1 0 2 2 1 1.147617 0.000000 
2 5 10 0 0 0 0 1 1 1 1 1 0.649217 0.000000 
2 5 11 0 4 2 4 2 2 3 3 1 0.723906 0.000000 
2 5 12 1 3 1 1 1 2 4 4 1 0.843622 0.000000 
2 5 13 0 0 3 4 2 0 4 4 1 0.718604 0.000000 
2 5 14 0 1 0 0 0 0 1 1 1 1.702198 0.000000 
2 5 15 1 2 0 0 1 2 3 3 1 3.366878 0.000000 
2 5 16 0 5 3 5 2 2 4 4 1 0.597411 0.000000 
2 5 17 1 1 0 4 2 0 2 2 1 1.705267 0.000000 
2 5 18 1 2 1 1 1 0 3 3 1 1.193892 0.000000 
2 5 19 0 0 3 3 0 0 4 4 1 0.495008 0.000000 
2 5 20 1 3 2 2 0 0 4 4 1 0.879708 0.000000 
2 5 21 0 4 0 2 0 2 1 1 1 0.825453 0.000000 
2 5 22 0 3 3 3 1 1 4 4 1 0.628994 0.000000 
2 5 23 0 3 2 2 1 0 3 2 0 0.816573 0.000000 
2 5 24 0 5 1 4 2 2 2 2 1 0.807163 0.000000 
2 5 25 0 2 1 1 1 0 2 2 1 0.722990 0.000000 
2 5 26 1 1 1 1 1 2 2 2 1 0.842570 0.000000 
2 5 27 0 0 3 3 1 0 4 4 1 0.453492 0.000000 
2 5 28 0 1 1 0 0 1 2 2 1 0.687614 0.000000 
2 5 29 0 4 1 4 2 2 2 4 0 0.120508 0.000000 
2 5 30 0 5 1 1 1 2 2 2 1 0.563903 0.000000 
2 5 31 0 4 1 4 2 2 2 2 1 0.601593 0.000000 
2 5 32 0 2 1 1 1 0 2 2 1 1.164755 0.000000 
2 5 33 0 4 3 4 2 2 4 4 1 0.563183 0.000000 
2 5 34 0 3 2 2 0 0 3 2 0 0.833321 0.000000 
2 5 35 0 1 1 0 0 1 2 2 1 0.672367 0.000000 
2 5 36 0 5 0 4 2 2 1 1 1 0.641410 0.000000 
2 5 37 0 3 3 5 2 1 4 4 1 0.476284 0.000000 
2 5 38 0 5 0 2 0 2 1 1 1 0.701736 0.000000 
2 5 39 0 4 1 4 2 2 2 2 1 0.684928 0.000000 
2 5 40 0 1 1 1 1 1 2 2 1 0.573869 0.000000 
2 5 41 0 2 2 1 0 1 3 3 1 0.907383 0.000000 
2 5 42 0 5 1 5 2 2 2 2 1 0.619694 0.000000 
2 5 43 1 1 0 0 0 0 2 2 1 1.391231 0.000000 
2 5 44 0 1 0 0 0 0 1 1 1 1.076430 0.000000 
2 5 45 1 1 1 5 2 1 2 2 1 0.766077 0.000000 
2 5 46 0 5 0 5 2 2 1 1 1 0.787926 0.000000 
2 5 47 0 4 0 0 1 2 1 1 1 0.615601 0.000000 
2 5 48 1 0 0 0 1 1 1 1 1 0.611815 0.000000 
2 5 49 1 0 1 1 1 2 1 1 1 0.688018 0.000000 
2 5 50 0 3 3 2 0 1 4 4 1 0.584893 0.000000 
2 5 51 1 2 2 1 0 1 3 2 0 0.637715 0.000000 
2 5 52 0 2 2 5 2 1 3 3 1 0.588663 0.000000 
2 5 53 1 2 1 1 0 0 3 3 1 0.873001 0.000000 
2 5 54 0 2 1 5 2 0 2 3 0 0.746645 0.000000 
2 5 55 1 1 0 4 2 0 2 2 1 0.804597 0.000000 
2 5 56 0 5 1 1 1 2 2 2 1 0.616389 0.000000 
2 5 57 1 1 1 0 0 1 2 2 1 0.980153 0.000000 
2 5 58 0 0 3 3 1 0 4 4 1 0.577594 0.000000 
2 5 59 0 0 3 3 0 0 4 4 1 0.711095 0.000000 
2 5 60 0 0 0 3 0 1 1 1 1 0.767326 0.000000 
2 5 61 0 4 2 2 0 2 3 2 0 0.852857 0.000000 
2 5 62 1 1 1 0 0 2 2 2 1 0.802180 0.000000 
2 5 63 1 0 0 5 2 1 1 1 1 2.502085 0.000000 
2 5 64 0 1 1 0 0 1 2 2 1 1.086981 0.000000 
2 5 65 1 3 3 2 0 1 4 4 1 0.640002 0.000000 
2 5 66 0 5 3 3 1 2 4 4 1 0.562849 0.000000 
2 5 67 1 3 2 2 1 0 4 4 1 2.305122 0.000000 
2 5 68 0 5 1 1 1 2 2 2 1 0.712951 0.000000 
2 5 69 0 1 1 1 1 1 2 2 1 0.657116 0.000000 
2 5 70 0 0 3 4 2 0 4 4 1 0.555413 0.000000 
2 5 71 0 0 3 3 0 0 4 4 1 0.457537 0.000000 
2 5 72 0 2 1 4 2 0 2 2 1 0.747680 0.000000 
2 5 73 0 2 1 1 0 0 2 2 1 0.762601 0.000000 
2 5 74 0 1 0 0 0 0 1 1 1 0.648840 0.000000 
2 5 75 0 1 0 0 1 0 1 1 1 0.499716 0.000000 
2 5 76 0 1 1 0 0 1 2 2 1 0.667122 0.000000 
2 5 77 0 4 1 1 1 2 2 2 1 0.636420 0.000000 
2 5 78 0 3 3 3 1 1 4 4 1 0.591289 0.000000 
2 5 79 0 1 1 4 2 1 2 2 1 0.564132 0.000000 
2 5 80 1 2 1 1 0 0 3 3 1 1.074310 0.000000 
2 5 81 1 0 3 3 0 0 1 4 0 0.716008 0.000000 
2 5 82 0 2 1 1 0 0 2 2 1 1.008036 0.000000 
2 5 83 0 4 3 4 2 2 4 4 1 0.563195 0.000000 
2 5 84 0 3 2 2 1 0 3 3 1 1.009290 0.000000 
2 5 85 1 0 0 3 0 2 1 1 1 1.349683 0.000000 
2 5 86 0 5 3 3 1 2 4 4 1 0.644161 0.000000 
2 5 87 0 2 1 4 2 0 2 2 1 0.703015 0.000000 
2 5 88 1 3 3 3 1 2 4 4 1 0.487244 0.000000 
2 5 89 1 3 3 3 1 1 4 4 1 0.648002 0.000000 
2 5 90 0 5 2 2 0 2 3 2 0 0.706941 0.000000 
2 5 91 1 3 3 4 2 1 4 4 1 0.702230 0.000000 
2 5 92 1 3 2 4 2 0 4 4 1 1.549958 0.000000 
2 5 93 0 4 3 3 1 2 4 4 1 0.476499 0.000000 
2 5 94 0 5 3 4 2 2 4 4 1 0.461940 0.000000 
2 5 95 0 0 3 5 2 0 4 4 1 0.472115 0.000000 
2 5 96 0 5 3 4 2 2 4 4 1 0.529577 0.000000 
2 5 97 1 2 2 1 0 1 3 3 1 0.945053 0.000000 
2 5 98 0 2 2 4 2 1 3 3 1 0.720049 0.000000 
2 5 99 1 2 3 2 2 2 3 3 1 0.766626 0.000000 
2 5 100 0 0 0 4 2 1 1 1 1 1.132262 0.000000 
2 5 101 0 1 0 0 0 0 1 1 1 0.499949 0.000000 
2 5 102 0 0 3 3 1 0 4 4 1 0.684121 0.000000 
2 5 103 0 1 0 0 1 0 1 1 1 0.692985 0.000000 
2 5 104 0 5 2 2 0 2 3 3 1 1.189878 0.000000 
2 5 105 0 3 3 2 0 1 4 4 1 0.594950 0.000000 
2 5 106 0 2 1 1 0 0 2 2 1 0.735826 0.000000 
2 5 107 0 1 0 5 2 0 1 1 1 0.973756 0.000000 
2 5 108 0 2 1 1 1 0 2 2 1 0.747426 0.000000 
2 5 109 0 3 2 2 0 0 3 3 1 1.034354 0.000000 
2 5 110 0 0 0 2 2 1 1 1 1 0.797395 0.000000 
2 5 111 0 0 3 3 1 0 4 4 1 2.650398 0.000000 
2 5 112 0 2 1 1 0 0 2 2 1 1.204410 0.000000 
2 5 113 0 3 2 2 1 0 3 3 1 0.904740 0.000000 
2 5 114 0 5 2 2 1 2 3 3 1 1.329080 0.000000 
2 5 115 1 1 0 0 0 0 2 2 1 0.712854 0.000000 
2 5 116 1 1 1 0 0 1 2 2 1 0.601087 0.000000 
2 5 117 0 4 0 2 0 2 1 1 1 0.693308 0.000000 
2 5 118 0 0 3 4 2 0 4 4 1 0.566175 0.000000 
2 5 119 1 2 1 5 2 2 3 2 0 0.668173 0.000000 
2 5 120 0 5 3 4 2 2 4 4 1 0.577267 0.000000 
2 5 121 0 2 2 1 0 1 3 3 1 0.813233 0.000000 
2 5 122 0 0 0 3 0 1 1 1 1 0.769576 0.000000 
2 5 123 0 4 2 3 2 2 3 3 1 0.655148 0.000000 
2 5 124 1 3 0 2 0 2 4 4 1 0.913374 0.000000 
2 5 125 0 1 1 1 1 1 2 2 1 0.601691 0.000000 
2 5 126 0 1 0 1 2 0 1 1 1 1.245903 0.000000 
2 5 127 0 2 1 5 2 0 2 2 1 1.240998 0.000000 
2 5 128 0 5 1 1 1 2 2 2 1 0.563017 0.000000 
2 5 129 1 0 3 3 1 0 1 1 1 1.745310 0.000000 
2 5 130 1 1 0 0 1 0 2 2 1 0.760507 0.000000 
2 5 131 0 4 0 0 1 2 1 1 1 0.654829 0.000000 
2 5 132 1 2 2 4 2 1 3 3 1 0.873020 0.000000 
2 5 133 0 2 2 1 0 1 3 3 1 0.578602 0.000000 
2 5 134 0 2 2 2 1 1 3 3 1 0.560156 0.000000 
2 5 135 1 0 3 4 2 0 1 1 1 2.005405 0.000000 
2 5 136 0 2 1 1 0 0 2 2 1 1.522141 0.000000 
2 5 137 0 3 2 4 2 0 3 3 1 0.801937 0.000000 
2 5 138 0 5 3 2 0 2 4 4 1 0.590275 0.000000 
2 5 139 1 2 1 1 0 2 3 3 1 0.971094 0.000000 
2 5 140 0 5 1 2 0 2 2 3 0 0.720803 0.000000 
2 5 141 1 1 1 4 2 1 2 2 1 0.971483 0.000000 
2 5 142 0 5 1 4 2 2 2 2 1 0.536558 0.000000 
2 5 143 0 2 2 2 1 1 3 3 1 0.823399 0.000000 
2 5 144 0 5 1 2 0 2 2 2 1 0.795040 0.000000 
2 5 145 1 1 1 4 2 1 2 2 1 0.647907 0.000000 
2 5 146 0 3 3 3 1 1 4 4 1 0.570805 0.000000 
2 5 147 1 2 2 1 0 2 3 3 1 1.744267 0.000000 
2 5 148 1 1 1 1 1 1 2 2 1 0.679576 0.000000 
2 5 149 0 1 1 4 2 1 2 2 1 0.513196 0.000000 
2 5 150 1 3 3 5 2 1 4 4 1 0.648309 0.000000 
2 5 151 0 0 3 3 1 0 4 4 1 0.427234 0.000000 
2 5 152 0 3 3 4 2 1 4 4 1 0.414657 0.000000 
2 5 153 0 4 0 4 2 2 1 1 1 0.666798 0.000000 
2 5 154 0 0 3 3 2 0 4 4 1 0.644347 0.000000 
2 5 155 0 4 3 5 2 2 4 4 1 0.479190 0.000000 
2 5 156 0 2 2 2 1 1 3 3 1 1.536642 0.000000 
2 5 157 1 2 2 5 2 1 3 3 1 2.534922 0.000000 
2 5 158 0 1 1 0 0 1 2 2 1 0.630522 0.000000 
2 5 159 0 4 0 5 2 2 1 1 1 0.746072 0.000000 
2 5 160 0 5 1 2 0 2 2 2 1 0.744987 0.000000 
2 5 161 0 4 0 0 1 2 1 1 1 0.991947 0.000000 
2 5 162 1 3 3 3 1 1 4 4 1 0.580881 0.000000 
2 5 163 1 0 0 3 0 1 1 1 1 0.938442 0.000000 
2 5 164 0 3 2 2 0 0 3 3 1 1.224430 0.000000 
2 5 165 0 0 0 3 0 1 1 1 1 0.764197 0.000000 
2 5 166 0 0 3 3 1 0 4 4 1 0.626445 0.000000 
2 5 167 0 4 3 1 2 2 4 4 1 0.517966 0.000000 
2 5 168 0 2 2 2 1 1 3 3 1 0.949467 0.000000 
2 5 169 0 3 2 2 1 0 3 3 1 0.932027 0.000000 
2 5 170 0 1 1 5 2 1 2 2 1 0.627441 0.000000 
2 5 171 0 0 3 3 0 0 4 4 1 0.534977 0.000000 
2 5 172 0 5 1 1 1 2 2 2 1 0.588849 0.000000 
2 5 173 1 2 2 5 2 1 3 3 1 0.761601 0.000000 
2 5 174 0 5 1 4 2 2 2 2 1 0.655886 0.000000 
2 5 175 1 0 3 3 0 0 1 1 1 1.266108 0.000000 
2 5 176 0 2 1 1 1 0 2 2 1 0.900138 0.000000 
2 5 177 0 4 2 2 1 2 3 3 1 0.644207 0.000000 
2 5 178 0 5 0 4 2 2 1 1 1 0.687106 0.000000 
2 5 179 0 4 1 4 2 2 2 2 1 1.031990 0.000000 
2 5 180 1 3 2 4 2 2 4 0 0 5.000003 0.000000 
2 5 181 0 1 1 1 1 1 2 2 1 0.676619 0.000000 
2 5 182 0 3 2 2 0 0 3 3 1 1.125745 0.000000 
2 5 183 0 1 1 4 2 1 2 2 1 0.637475 0.000000 
2 5 184 0 3 3 3 1 1 4 0 0 5.000003 0.000000 
2 5 185 0 2 1 1 0 0 2 2 1 1.561381 0.000000 
2 5 186 0 1 1 4 2 1 2 2 1 0.503431 0.000000 
2 5 187 0 4 1 1 1 2 2 2 1 0.463579 0.000000 
2 5 188 0 2 2 1 0 1 3 3 1 0.697639 0.000000 
2 5 189 0 4 3 2 0 2 4 0 0 5.000003 0.000000 
2 5 190 1 1 2 0 0 2 2 2 1 1.283629 0.000000 
2 5 191 0 0 0 0 1 1 1 1 1 0.684228 0.000000 
2 5 192 0 0 0 4 2 1 1 1 1 0.949192 0.000000 
2 6 1 0 4 0 3 2 2 1 1 1 1.168248 0.000000 
2 6 2 1 0 2 5 2 0 1 1 1 0.853483 0.000000 
2 6 3 0 0 0 4 2 1 1 1 1 0.518735 0.000000 
2 6 4 0 5 1 2 0 2 2 2 1 0.742271 0.000000 
2 6 5 0 4 2 2 0 2 3 3 1 0.717121 0.000000 
2 6 6 1 1 1 1 2 2 2 2 1 0.596732 0.000000 
2 6 7 1 2 0 1 0 2 3 3 1 1.313606 0.000000 
2 6 8 0 5 3 3 1 2 4 0 0 5.000003 0.000000 
2 6 9 1 1 3 0 0 0 2 2 1 1.091096 0.000000 
2 6 10 0 2 2 5 2 1 3 3 1 0.763618 0.000000 
2 6 11 0 2 2 1 0 1 3 3 1 0.881886 0.000000 
2 6 12 0 5 2 4 2 2 3 3 1 0.619556 0.000000 
2 6 13 1 1 3 0 0 0 2 2 1 0.831029 0.000000 
2 6 14 0 2 0 0 2 0 1 1 1 0.762648 0.000000 
2 6 15 1 2 0 0 1 0 3 3 1 1.079870 0.000000 
2 6 16 0 2 0 4 2 0 1 2 0 0.809530 0.000000 
2 6 17 0 0 0 3 0 1 1 1 1 1.281975 0.000000 
2 6 18 0 5 3 2 0 2 4 4 1 2.875303 0.000000 
2 6 19 0 4 1 1 1 2 2 2 1 1.077705 0.000000 
2 6 20 0 0 2 5 2 0 3 3 1 0.815395 0.000000 
2 6 21 1 1 1 1 1 1 2 2 1 1.346669 0.000000 
2 6 22 0 0 0 3 0 1 1 1 1 0.649771 0.000000 
2 6 23 0 0 0 0 1 1 1 1 1 0.532008 0.000000 
2 6 24 0 5 1 1 1 2 2 2 1 0.779471 0.000000 
2 6 25 0 0 2 2 1 0 3 3 1 1.841158 0.000000 
2 6 26 1 1 0 0 1 2 2 2 1 0.700420 0.000000 
2 6 27 0 4 0 0 1 2 1 1 1 0.556674 0.000000 
2 6 28 0 5 3 3 1 2 4 4 1 0.545896 0.000000 
2 6 29 1 0 0 4 2 1 1 1 1 0.824657 0.000000 
2 6 30 0 5 2 2 1 2 3 3 1 0.812309 0.000000 
2 6 31 0 4 3 3 1 2 4 4 1 0.464564 0.000000 
2 6 32 0 1 3 1 2 0 4 4 1 0.682691 0.000000 
2 6 33 0 4 0 4 2 2 1 1 1 1.100097 0.000000 
2 6 34 0 5 0 4 2 2 1 1 1 0.731980 0.000000 
2 6 35 0 0 0 3 0 1 1 1 1 0.579561 0.000000 
2 6 36 0 3 3 2 0 1 4 4 1 0.689068 0.000000 
2 6 37 0 1 1 0 0 1 2 2 1 0.720926 0.000000 
2 6 38 1 1 3 0 0 0 2 2 1 1.056535 0.000000 
2 6 39 0 0 0 0 1 1 1 1 1 0.898894 0.000000 
2 6 40 0 0 2 2 1 0 3 3 1 0.787881 0.000000 
2 6 41 1 1 1 4 2 1 2 2 1 0.752774 0.000000 
2 6 42 0 1 3 3 1 0 4 4 1 0.486958 0.000000 
2 6 43 1 3 3 3 1 1 4 4 1 0.631777 0.000000 
2 6 44 0 5 1 2 0 2 2 2 1 0.762369 0.000000 
2 6 45 0 2 0 5 2 0 1 4 0 0.680518 0.000000 
2 6 46 1 3 1 2 0 0 4 4 1 0.845959 0.000000 
2 6 47 0 4 1 2 0 2 2 2 1 0.728676 0.000000 
2 6 48 0 1 1 1 1 1 2 2 1 0.552253 0.000000 
2 6 49 0 4 2 2 0 2 3 3 1 0.862454 0.000000 
2 6 50 0 5 0 2 0 2 1 1 1 0.736728 0.000000 
2 6 51 1 2 3 3 1 2 3 3 1 1.623659 0.000000 
2 6 52 0 3 3 5 2 1 4 4 1 0.571545 0.000000 
2 6 53 0 1 3 0 0 0 4 4 1 0.496071 0.000000 
2 6 54 0 0 0 0 1 1 1 1 1 0.680898 0.000000 
2 6 55 1 3 3 3 1 1 4 4 1 1.154450 0.000000 
2 6 56 0 5 0 2 0 2 1 1 1 0.840854 0.000000 
2 6 57 0 3 1 4 2 0 2 2 1 0.915756 0.000000 
2 6 58 0 1 1 3 2 1 2 2 1 0.627929 0.000000 
2 6 59 0 4 2 2 1 2 3 3 1 0.998995 0.000000 
2 6 60 1 3 0 2 0 2 4 4 1 1.170928 0.000000 
2 6 61 0 1 3 0 0 0 4 4 1 0.456735 0.000000 
2 6 62 0 0 0 4 2 1 1 1 1 0.634881 0.000000 
2 6 63 0 2 0 1 0 0 1 1 1 0.501716 0.000000 
2 6 64 0 0 2 3 0 0 3 4 0 0.661913 0.000000 
2 6 65 0 4 0 2 0 2 1 1 1 0.932142 0.000000 
2 6 66 1 1 2 0 0 2 2 2 1 0.843302 0.000000 
2 6 67 1 2 2 1 0 2 3 3 1 1.373168 0.000000 
2 6 68 0 3 1 1 1 0 2 3 0 0.731021 0.000000 
2 6 69 0 4 3 3 1 2 4 4 1 0.606673 0.000000 
2 6 70 1 1 3 0 0 2 2 2 1 0.834348 0.000000 
2 6 71 0 4 3 3 1 2 4 4 1 0.509337 0.000000 
2 6 72 1 2 0 0 1 0 3 3 1 1.397503 0.000000 
2 6 73 0 0 0 4 2 1 1 1 1 1.106673 0.000000 
2 6 74 1 2 2 2 1 1 3 3 1 0.809975 0.000000 
2 6 75 0 4 1 1 1 2 2 2 1 0.654317 0.000000 
2 6 76 1 3 1 2 0 0 4 4 1 0.720528 0.000000 
2 6 77 1 0 1 3 0 2 1 1 1 0.808052 0.000000 
2 6 78 0 2 2 5 2 1 3 3 1 0.780369 0.000000 
2 6 79 0 0 0 3 0 1 1 1 1 0.761989 0.000000 
2 6 80 0 3 1 4 2 0 2 2 1 0.928214 0.000000 
2 6 81 0 2 2 1 0 1 3 3 1 0.791854 0.000000 
2 6 82 0 5 2 2 1 2 3 3 1 0.971825 0.000000 
2 6 83 0 4 2 2 1 2 3 3 1 0.681501 0.000000 
2 6 84 0 1 3 4 2 0 4 4 1 0.554937 0.000000 
2 6 85 0 2 2 4 2 1 3 3 1 0.857196 0.000000 
2 6 86 0 2 2 5 2 1 3 3 1 0.643478 0.000000 
2 6 87 0 4 0 2 0 2 1 1 1 0.702376 0.000000 
2 6 88 0 5 0 0 1 2 1 1 1 0.510598 0.000000 
2 6 89 0 2 0 4 2 0 1 1 1 0.502725 0.000000 
2 6 90 0 0 0 0 1 1 1 1 1 0.477902 0.000000 
2 6 91 0 0 2 4 2 0 3 3 1 0.791383 0.000000 
2 6 92 0 5 1 2 0 2 2 2 1 0.828303 0.000000 
2 6 93 0 3 1 1 1 0 2 2 1 0.903895 0.000000 
2 6 94 1 1 2 4 2 2 2 2 1 1.080215 0.000000 
2 6 95 1 2 0 1 0 0 3 1 0 0.817877 0.000000 
2 6 96 1 0 0 4 2 1 1 1 1 1.257591 0.000000 
2 6 97 1 3 3 3 1 1 4 4 1 0.562489 0.000000 
2 6 98 0 2 0 0 1 0 1 1 1 0.824685 0.000000 
2 6 99 0 0 2 4 2 0 3 3 1 0.692318 0.000000 
2 6 100 0 3 3 4 2 1 4 4 1 0.845212 0.000000 
2 6 101 0 0 2 5 2 0 3 3 1 0.920186 0.000000 
2 6 102 0 1 1 1 1 1 2 2 1 0.647812 0.000000 
2 6 103 0 3 1 1 1 0 2 2 1 0.770678 0.000000 
2 6 104 0 1 1 2 2 1 2 2 1 0.640262 0.000000 
2 6 105 1 0 0 3 0 2 1 1 1 1.498102 0.000000 
2 6 106 0 5 0 2 0 2 1 1 1 0.523342 0.000000 
2 6 107 1 2 0 0 1 0 3 3 1 1.170837 0.000000 
2 6 108 0 2 0 1 0 0 1 1 1 0.888609 0.000000 
2 6 109 0 0 0 4 2 1 1 1 1 0.545589 0.000000 
2 6 110 0 2 2 4 2 1 3 3 1 0.632391 0.000000 
2 6 111 1 3 1 4 2 0 4 4 1 0.803912 0.000000 
2 6 112 1 3 1 1 1 0 4 4 1 0.568167 0.000000 
2 6 113 1 3 1 1 1 0 4 4 1 0.556681 0.000000 
2 6 114 0 3 3 5 2 1 4 4 1 0.594839 0.000000 
2 6 115 0 4 0 0 1 2 1 1 1 0.799757 0.000000 
2 6 116 1 3 3 4 2 2 4 4 1 0.571982 0.000000 
2 6 117 0 3 3 2 0 1 4 4 1 0.553507 0.000000 
2 6 118 0 2 0 1 0 0 1 1 1 2.695766 0.000000 
2 6 119 0 2 0 0 1 0 1 1 1 0.497365 0.000000 
2 6 120 0 5 3 4 2 2 4 4 1 0.441168 0.000000 
2 6 121 0 3 1 1 1 0 2 2 1 0.707995 0.000000 
2 6 122 0 5 1 3 2 2 2 2 1 0.564207 0.000000 
2 6 123 1 3 3 4 2 1 4 4 1 0.634357 0.000000 
2 6 124 1 2 2 1 0 1 3 3 1 0.789219 0.000000 
2 6 125 1 2 0 0 1 0 3 1 0 0.930152 0.000000 
2 6 126 0 3 1 1 2 0 2 2 1 0.565841 0.000000 
2 6 127 1 3 1 2 0 0 4 4 1 0.610490 0.000000 
2 6 128 0 5 0 4 2 2 1 1 1 0.662722 0.000000 
2 6 129 1 0 3 5 2 2 1 1 1 0.608943 0.000000 
2 6 130 0 2 2 4 2 1 3 3 1 0.797129 0.000000 
2 6 131 0 3 3 2 0 1 4 4 1 0.570006 0.000000 
2 6 132 0 1 1 0 0 1 2 2 1 0.639575 0.000000 
2 6 133 1 0 3 3 0 2 1 1 1 0.850454 0.000000 
2 6 134 0 5 0 5 2 2 1 1 1 0.644730 0.000000 
2 6 135 0 4 3 2 0 2 4 4 1 0.503610 0.000000 
2 6 136 1 2 2 1 0 1 3 3 1 0.862699 0.000000 
2 6 137 0 2 2 5 2 1 3 3 1 0.664982 0.000000 
2 6 138 1 3 1 2 0 0 4 4 1 1.091246 0.000000 
2 6 139 0 1 3 3 1 0 4 4 1 0.428315 0.000000 
2 6 140 0 5 0 0 1 2 1 1 1 0.519762 0.000000 
2 6 141 1 1 3 4 2 0 2 4 0 0.615232 0.000000 
2 6 142 0 1 1 1 1 1 2 2 1 0.663465 0.000000 
2 6 143 0 3 1 1 1 0 2 2 1 1.176193 0.000000 
2 6 144 0 1 3 3 1 0 4 4 1 0.541936 0.000000 
2 6 145 0 3 1 2 0 0 2 2 1 0.732775 0.000000 
2 6 146 0 1 3 3 1 0 4 4 1 0.564171 0.000000 
2 6 147 0 4 1 2 0 2 2 2 1 0.617852 0.000000 
2 6 148 0 0 0 0 1 1 1 1 1 0.637403 0.000000 
2 6 149 0 3 3 2 0 1 4 4 1 0.520253 0.000000 
2 6 150 0 5 1 2 0 2 2 2 1 0.647758 0.000000 
2 6 151 0 4 2 3 2 2 3 3 1 0.833636 0.000000 
2 6 152 0 3 1 2 0 0 2 2 1 0.804572 0.000000 
2 6 153 0 4 2 2 0 2 3 3 1 1.048853 0.000000 
2 6 154 0 1 3 3 1 0 4 4 1 0.683868 0.000000 
2 6 155 0 4 1 4 2 2 2 2 1 0.540737 0.000000 
2 6 156 0 1 3 2 2 0 4 4 1 0.627527 0.000000 
2 6 157 0 0 0 3 0 1 1 1 1 0.599124 0.000000 
2 6 158 0 3 1 1 1 0 2 2 1 0.827912 0.000000 
2 6 159 0 1 1 4 2 1 2 2 1 0.518590 0.000000 
2 6 160 0 5 1 1 1 2 2 2 1 0.510020 0.000000 
2 6 161 1 1 1 5 2 1 2 2 1 1.062235 0.000000 
2 6 162 0 2 0 1 0 0 1 1 1 0.896585 0.000000 
2 6 163 0 1 1 5 2 1 2 2 1 0.577563 0.000000 
2 6 164 1 3 1 2 2 2 4 4 1 0.607012 0.000000 
2 6 165 0 4 0 2 0 2 1 1 1 0.923280 0.000000 
2 6 166 1 3 3 3 2 1 4 4 1 0.618905 0.000000 
2 6 167 0 3 1 1 1 0 2 2 1 0.589456 0.000000 
2 6 168 0 2 2 2 1 1 3 3 1 0.666297 0.000000 
2 6 169 0 0 2 5 2 0 3 3 1 0.804036 0.000000 
2 6 170 0 2 0 0 1 0 1 1 1 1.344099 0.000000 
2 6 171 0 4 3 2 0 2 4 4 1 0.975278 0.000000 
2 6 172 1 0 0 0 1 1 1 1 1 0.868941 0.000000 
2 6 173 0 1 1 5 2 1 2 2 1 0.630558 0.000000 
2 6 174 1 0 0 0 1 1 1 1 1 0.681018 0.000000 
2 6 175 0 0 0 3 0 1 1 1 1 0.634629 0.000000 
2 6 176 0 5 3 2 0 2 4 4 1 0.589478 0.000000 
2 6 177 0 2 2 4 2 1 3 3 1 1.130400 0.000000 
2 6 178 0 2 2 4 2 1 3 3 1 0.554057 0.000000 
2 6 179 0 0 2 2 1 0 3 1 0 0.680298 0.000000 
2 6 180 0 1 1 1 1 1 2 2 1 0.629860 0.000000 
2 6 181 0 2 0 0 1 0 1 1 1 0.632901 0.000000 
2 6 182 0 5 2 2 1 2 3 3 1 0.674999 0.000000 
2 6 183 0 4 2 2 1 2 3 3 1 0.604349 0.000000 
2 6 184 0 3 1 3 2 0 2 2 1 0.840511 0.000000 
2 6 185 0 4 0 4 2 2 1 1 1 0.883446 0.000000 
2 6 186 0 0 2 4 2 0 3 3 1 0.892452 0.000000 
2 6 187 0 3 3 2 0 1 4 4 1 0.533393 0.000000 
2 6 188 0 3 1 1 1 0 2 2 1 0.684258 0.000000 
2 6 189 0 1 3 0 0 0 4 4 1 0.429127 0.000000 
2 6 190 0 0 0 5 2 1 1 1 1 0.663592 0.000000 
2 6 191 1 2 2 1 0 1 3 3 1 0.769770 0.000000 
2 6 192 0 3 3 2 0 1 4 4 1 0.487366 0.000000 
