16 1 1 0 4 1 0 2 2 2 2 1 3.090505 0.000000 
16 1 2 0 5 0 0 2 2 1 1 1 0.924076 0.000000 
16 1 3 0 4 2 2 1 2 3 3 1 0.754227 0.000000 
16 1 4 0 1 1 1 1 1 2 2 1 0.560421 0.000000 
16 1 5 0 0 0 0 1 1 1 1 1 0.638557 0.000000 
16 1 6 0 1 3 4 2 0 4 4 1 0.785398 0.000000 
16 1 7 0 1 1 4 2 1 2 2 1 0.838278 0.000000 
16 1 8 0 2 2 4 2 1 3 3 1 0.649152 0.000000 
16 1 9 0 0 2 1 0 0 3 3 1 1.020002 0.000000 
16 1 10 0 5 1 5 2 2 2 2 1 0.807664 0.000000 
16 1 11 0 4 3 0 0 2 4 4 1 0.619889 0.000000 
16 1 12 0 5 1 5 2 2 2 2 1 1.142395 0.000000 
16 1 13 0 1 1 4 2 1 2 2 1 0.613378 0.000000 
16 1 14 0 3 1 1 1 0 2 2 1 0.985578 0.000000 
16 1 15 1 2 3 3 1 2 3 3 1 2.302554 0.000000 
16 1 16 0 5 0 0 1 2 1 1 1 0.775312 0.000000 
16 1 17 1 1 1 0 2 1 2 2 1 1.324841 0.000000 
16 1 18 1 0 2 1 0 0 1 1 1 1.315644 0.000000 
16 1 19 0 0 2 2 1 0 3 3 1 1.300020 0.000000 
16 1 20 1 3 3 0 0 1 4 4 1 0.732439 0.000000 
16 1 21 0 4 2 0 2 2 3 3 1 0.819953 0.000000 
16 1 22 0 5 2 0 2 2 3 3 1 0.871548 0.000000 
16 1 23 0 1 3 3 1 0 4 4 1 1.129147 0.000000 
16 1 24 1 0 0 1 0 1 1 1 1 1.360831 0.000000 
16 1 25 1 0 2 1 0 2 1 3 0 3.310369 0.000000 
16 1 26 0 0 2 1 0 0 3 3 1 1.763442 0.000000 
16 1 27 1 2 3 3 0 2 3 3 1 1.657597 0.000000 
16 1 28 0 2 2 3 0 1 3 3 1 0.860100 0.000000 
16 1 29 1 1 3 0 2 0 2 2 1 2.118393 0.000000 
16 1 30 0 3 1 0 0 0 2 2 1 1.045426 0.000000 
16 1 31 0 3 1 0 0 0 2 2 1 0.432380 0.000000 
16 1 32 1 2 0 3 0 0 3 3 1 1.291830 0.000000 
16 1 33 0 2 2 0 2 1 3 3 1 0.772880 0.000000 
16 1 34 0 5 1 0 0 2 2 2 1 0.730438 0.000000 
16 1 35 0 0 2 2 1 0 3 3 1 0.921979 0.000000 
16 1 36 0 1 1 1 1 1 2 2 1 0.785578 0.000000 
16 1 37 0 0 0 1 0 1 1 1 1 0.630462 0.000000 
16 1 38 0 5 0 5 2 2 1 1 1 0.952973 0.000000 
16 1 39 0 3 3 0 0 1 4 4 1 0.703218 0.000000 
16 1 40 0 2 2 0 2 1 3 3 1 0.751414 0.000000 
16 1 41 0 4 3 3 1 2 4 4 1 0.781627 0.000000 
16 1 42 1 0 2 1 0 0 1 1 1 1.307204 0.000000 
16 1 43 0 3 3 0 0 1 4 4 1 0.595622 0.000000 
16 1 44 0 5 3 0 0 2 4 4 1 0.552407 0.000000 
16 1 45 0 2 2 2 1 1 3 3 1 0.693565 0.000000 
16 1 46 0 2 2 4 2 1 3 3 1 0.574359 0.000000 
16 1 47 0 2 0 3 0 0 1 2 0 0.635827 0.000000 
16 1 48 1 3 1 0 2 2 4 4 1 1.322671 0.000000 
16 1 49 0 4 1 5 2 2 2 2 1 0.913931 0.000000 
16 1 50 0 1 1 4 2 1 2 2 1 0.778205 0.000000 
16 1 51 0 1 3 2 0 0 4 3 0 0.727745 0.000000 
16 1 52 0 5 3 4 2 2 4 4 1 0.570271 0.000000 
16 1 53 0 3 1 0 0 0 2 2 1 0.599300 0.000000 
16 1 54 0 0 2 2 1 0 3 3 1 0.915995 0.000000 
16 1 55 0 2 0 3 0 0 1 1 1 1.212186 0.000000 
16 1 56 0 2 2 3 0 1 3 3 1 0.648047 0.000000 
16 1 57 0 4 2 5 2 2 3 3 1 0.994918 0.000000 
16 1 58 0 1 3 3 1 0 4 4 1 1.143912 0.000000 
16 1 59 1 2 3 3 1 2 3 3 1 1.038898 0.000000 
16 1 60 0 0 0 1 0 1 1 1 1 1.432942 0.000000 
16 1 61 0 4 3 3 1 2 4 4 1 0.619956 0.000000 
16 1 62 1 1 1 1 1 2 2 2 1 1.551527 0.000000 
16 1 63 1 0 0 1 0 1 1 1 1 1.206033 0.000000 
16 1 64 1 3 1 4 2 2 4 4 1 1.378421 0.000000 
16 1 65 1 0 0 0 1 2 1 1 1 1.040210 0.000000 
16 1 66 0 1 1 0 2 1 2 2 1 0.866151 0.000000 
16 1 67 0 3 1 0 0 0 2 2 1 1.028186 0.000000 
16 1 68 1 3 3 0 0 1 4 4 1 1.079405 0.000000 
16 1 69 0 0 2 2 1 0 3 3 1 1.089032 0.000000 
16 1 70 0 5 2 2 1 2 3 3 1 0.545990 0.000000 
16 1 71 0 3 1 1 1 0 2 4 0 0.832891 0.000000 
16 1 72 1 2 0 0 1 0 3 3 1 1.431929 0.000000 
16 1 73 0 4 0 4 2 2 1 1 1 0.938792 0.000000 
16 1 74 0 3 1 1 1 0 2 2 1 0.889703 0.000000 
16 1 75 0 4 0 0 0 2 1 1 1 2.962734 0.000000 
16 1 76 1 1 3 4 2 0 2 2 1 2.505738 0.000000 
16 1 77 1 0 0 4 2 2 1 1 1 0.906565 0.000000 
16 1 78 0 3 3 0 0 1 4 4 1 0.986794 0.000000 
16 1 79 0 4 2 0 0 2 3 3 1 0.846787 0.000000 
16 1 80 0 5 1 4 2 2 2 2 1 0.785707 0.000000 
16 1 81 1 2 2 2 1 1 3 3 1 1.022579 0.000000 
16 1 82 0 5 1 0 0 2 2 2 1 1.034247 0.000000 
16 1 83 0 2 0 3 0 0 1 1 1 0.893160 0.000000 
16 1 84 0 2 0 0 1 0 1 1 1 0.902127 0.000000 
16 1 85 0 4 2 0 0 2 3 3 1 1.478451 0.000000 
16 1 86 0 5 2 0 0 2 3 3 1 0.575202 0.000000 
16 1 87 1 2 0 3 0 0 3 3 1 1.324674 0.000000 
16 1 88 0 3 3 0 0 1 4 4 1 0.988411 0.000000 
16 1 89 0 4 2 0 0 2 3 3 1 1.369440 0.000000 
16 1 90 0 5 1 0 0 2 2 2 1 0.767155 0.000000 
16 1 91 1 1 3 3 1 0 2 4 0 0.884709 0.000000 
16 1 92 0 1 3 3 1 0 4 4 1 1.137630 0.000000 
16 1 93 1 0 1 1 0 2 1 1 1 0.871193 0.000000 
16 1 94 1 1 1 2 0 1 2 2 1 1.400806 0.000000 
16 1 95 0 3 3 4 2 1 4 4 1 0.725230 0.000000 
16 1 96 0 0 2 5 2 0 3 3 1 0.884773 0.000000 
16 1 97 0 1 1 4 2 1 2 2 1 0.677656 0.000000 
16 1 98 0 0 0 4 2 1 1 1 1 0.631199 0.000000 
16 1 99 1 1 1 4 2 1 2 2 1 1.378714 0.000000 
16 1 100 0 0 2 1 0 0 3 4 0 0.799457 0.000000 
16 1 101 0 4 0 0 0 2 1 1 1 0.968093 0.000000 
16 1 102 0 2 2 3 0 1 3 3 1 0.645490 0.000000 
16 1 103 1 2 2 2 1 1 3 3 1 2.144360 0.000000 
16 1 104 0 5 2 2 1 2 3 3 1 0.671741 0.000000 
16 1 105 1 3 1 1 1 0 4 4 1 1.321278 0.000000 
16 1 106 0 2 0 0 1 0 1 1 1 0.824986 0.000000 
16 1 107 1 1 1 4 2 1 2 2 1 1.339565 0.000000 
16 1 108 0 3 1 0 2 0 2 2 1 1.586702 0.000000 
16 1 109 1 0 0 0 1 2 1 1 1 0.783851 0.000000 
16 1 110 1 0 2 2 1 0 1 3 0 1.588797 0.000000 
16 1 111 1 1 1 0 2 1 2 2 1 1.445909 0.000000 
16 1 112 0 3 3 5 2 1 4 4 1 0.872634 0.000000 
16 1 113 0 1 1 1 1 1 2 2 1 0.721192 0.000000 
16 1 114 0 3 3 0 0 1 4 4 1 0.640724 0.000000 
16 1 115 0 1 3 3 1 0 4 4 1 0.531531 0.000000 
16 1 116 0 5 2 4 2 2 3 3 1 0.986975 0.000000 
16 1 117 0 0 2 2 1 0 3 3 1 1.303910 0.000000 
16 1 118 0 5 2 2 1 2 3 3 1 0.488352 0.000000 
16 1 119 0 1 1 5 2 1 2 2 1 0.817176 0.000000 
16 1 120 0 5 1 1 1 2 2 2 1 0.732740 0.000000 
16 1 121 0 4 3 3 1 2 4 4 1 0.594999 0.000000 
16 1 122 1 3 3 0 2 1 4 4 1 1.247409 0.000000 
16 1 123 0 0 2 2 1 0 3 3 1 1.170462 0.000000 
16 1 124 1 0 2 4 2 0 1 1 1 0.984110 0.000000 
16 1 125 0 1 1 2 0 1 2 2 1 0.765127 0.000000 
16 1 126 0 5 2 0 0 2 3 3 1 1.427388 0.000000 
16 1 127 1 3 1 1 1 0 4 4 1 1.207131 0.000000 
16 1 128 0 5 1 4 2 2 2 2 1 1.858553 0.000000 
16 1 129 0 1 3 3 1 0 4 4 1 0.725118 0.000000 
16 1 130 0 3 3 0 0 1 4 4 1 0.692682 0.000000 
16 1 131 0 0 0 0 1 1 1 1 1 0.629524 0.000000 
16 1 132 0 5 1 0 0 2 2 2 1 0.768982 0.000000 
16 1 133 0 0 2 1 0 0 3 3 1 0.830556 0.000000 
16 1 134 0 3 1 1 1 0 2 2 1 1.962181 0.000000 
16 1 135 0 4 2 0 0 2 3 3 1 0.831784 0.000000 
16 1 136 0 3 1 1 1 0 2 2 1 0.907358 0.000000 
16 1 137 0 3 3 3 1 1 4 4 1 0.555595 0.000000 
16 1 138 0 5 1 0 2 2 2 2 1 0.625744 0.000000 
16 1 139 1 1 1 4 2 1 2 2 1 1.085230 0.000000 
16 1 140 0 0 0 0 1 1 1 1 1 0.582227 0.000000 
16 1 141 0 2 2 3 0 1 3 3 1 0.763712 0.000000 
16 1 142 0 1 3 3 1 0 4 4 1 1.000925 0.000000 
16 1 143 0 4 2 5 2 2 3 3 1 0.653190 0.000000 
16 1 144 0 2 0 5 2 0 1 2 0 0.583362 0.000000 
16 1 145 0 3 1 1 1 0 2 4 0 0.816144 0.000000 
16 1 146 0 2 2 4 2 1 3 3 1 0.663917 0.000000 
16 1 147 0 0 2 2 1 0 3 3 1 1.025677 0.000000 
16 1 148 0 1 3 4 2 0 4 4 1 0.925306 0.000000 
16 1 149 0 4 2 0 2 2 3 3 1 0.843927 0.000000 
16 1 150 0 1 1 5 2 1 2 2 1 1.646828 0.000000 
16 1 151 0 2 0 0 1 0 1 1 1 1.177996 0.000000 
16 1 152 1 3 3 0 0 2 4 4 1 1.159708 0.000000 
16 1 153 1 1 1 1 1 1 2 2 1 0.965964 0.000000 
16 1 154 0 3 1 0 0 0 2 4 0 0.748113 0.000000 
16 1 155 0 4 2 0 0 2 3 3 1 1.190522 0.000000 
16 1 156 0 3 3 0 2 1 4 4 1 1.610183 0.000000 
16 1 157 0 2 2 4 2 1 3 3 1 0.654649 0.000000 
16 1 158 1 2 2 3 0 1 3 3 1 1.352863 0.000000 
16 1 159 1 1 3 3 1 0 2 2 1 1.135293 0.000000 
16 1 160 0 2 0 3 0 0 1 1 1 0.910308 0.000000 
16 1 161 0 3 3 4 2 1 4 4 1 1.334593 0.000000 
16 1 162 0 5 1 1 1 2 2 2 1 1.061672 0.000000 
16 1 163 0 0 0 1 0 1 1 1 1 0.726986 0.000000 
16 1 164 0 5 0 0 1 2 1 1 1 0.638500 0.000000 
16 1 165 0 4 2 0 0 2 3 4 0 0.665357 0.000000 
16 1 166 0 0 2 1 0 0 3 3 1 0.727465 0.000000 
16 1 167 0 1 1 1 1 1 2 2 1 0.646551 0.000000 
16 1 168 1 1 1 4 2 1 2 2 1 0.977384 0.000000 
16 1 169 0 3 3 3 1 1 4 4 1 0.502968 0.000000 
16 1 170 0 5 3 5 2 2 4 4 1 1.183154 0.000000 
16 1 171 0 1 3 3 1 0 4 4 1 0.499144 0.000000 
16 1 172 0 0 2 2 1 0 3 3 1 0.907930 0.000000 
16 1 173 1 0 0 5 2 1 1 1 1 1.076234 0.000000 
16 1 174 0 0 0 1 0 1 1 1 1 0.477839 0.000000 
16 1 175 0 3 1 5 2 0 2 2 1 0.767296 0.000000 
16 1 176 1 1 3 3 1 0 2 2 1 1.228847 0.000000 
16 1 177 0 2 0 5 2 0 1 1 1 0.952563 0.000000 
16 1 178 0 5 1 0 2 2 2 2 1 0.653836 0.000000 
16 1 179 0 4 1 1 1 2 2 2 1 0.767970 0.000000 
16 1 180 1 1 3 3 1 0 2 2 1 1.701593 0.000000 
16 1 181 1 0 0 0 1 1 1 1 1 0.742125 0.000000 
16 1 182 1 0 0 4 2 1 1 2 0 0.812949 0.000000 
16 1 183 1 2 2 3 0 2 3 3 1 1.205198 0.000000 
16 1 184 0 5 2 4 2 2 3 3 1 0.793136 0.000000 
16 1 185 0 2 0 3 0 0 1 2 0 0.596970 0.000000 
16 1 186 0 5 2 0 2 2 3 3 1 0.821761 0.000000 
16 1 187 0 1 3 2 0 0 4 4 1 1.120929 0.000000 
16 1 188 0 2 0 4 2 0 1 3 0 0.784563 0.000000 
16 1 189 1 0 0 1 0 1 1 1 1 1.225484 0.000000 
16 1 190 0 5 3 4 2 2 4 4 1 0.868725 0.000000 
16 1 191 0 4 3 4 2 2 4 4 1 0.550322 0.000000 
16 1 192 0 0 0 0 1 1 1 1 1 0.635434 0.000000 
16 2 1 1 3 0 0 1 0 4 4 1 1.652485 0.000000 
16 2 2 0 5 3 3 1 2 4 4 1 0.679127 0.000000 
16 2 3 0 0 0 2 0 1 1 2 0 0.624643 0.000000 
16 2 4 0 5 0 1 0 2 1 1 1 1.104108 0.000000 
16 2 5 0 1 2 0 2 0 3 3 1 0.950986 0.000000 
16 2 6 0 5 3 5 2 2 4 4 1 0.661261 0.000000 
16 2 7 0 4 2 4 2 2 3 3 1 0.767471 0.000000 
16 2 8 1 3 3 3 1 2 4 4 1 1.077010 0.000000 
16 2 9 1 0 0 4 2 2 1 1 1 0.742665 0.000000 
16 2 10 1 3 0 4 2 0 4 4 1 0.789524 0.000000 
16 2 11 0 0 1 2 0 0 2 3 0 0.826434 0.000000 
16 2 12 0 3 3 3 1 1 4 4 1 0.569926 0.000000 
16 2 13 0 1 2 4 2 0 3 3 1 1.269974 0.000000 
16 2 14 0 5 1 1 1 2 2 2 1 0.799703 0.000000 
16 2 15 0 3 3 1 0 1 4 4 1 0.668130 0.000000 
16 2 16 0 5 0 0 1 2 1 1 1 0.701465 0.000000 
16 2 17 0 2 3 0 0 0 4 3 0 0.789655 0.000000 
16 2 18 1 2 2 1 2 1 3 3 1 0.894491 0.000000 
16 2 19 0 2 3 0 0 0 4 4 1 1.311018 0.000000 
16 2 20 0 5 0 0 1 2 1 1 1 0.742427 0.000000 
16 2 21 1 1 2 3 0 0 2 2 1 1.485303 0.000000 
16 2 22 0 0 0 0 1 1 1 1 1 0.622439 0.000000 
16 2 23 0 2 2 0 0 1 3 3 1 1.297953 0.000000 
16 2 24 0 2 2 0 0 1 3 3 1 0.594984 0.000000 
16 2 25 0 4 1 4 2 2 2 2 1 0.855807 0.000000 
16 2 26 1 0 0 5 2 1 1 1 1 1.050012 0.000000 
16 2 27 0 1 2 3 0 0 3 4 0 1.395428 0.000000 
16 2 28 1 1 1 1 1 1 2 2 1 0.868456 0.000000 
16 2 29 0 4 2 4 2 2 3 3 1 1.037638 0.000000 
16 2 30 1 1 0 0 1 2 2 2 1 0.920604 0.000000 
16 2 31 0 2 3 4 2 0 4 4 1 0.640208 0.000000 
16 2 32 1 3 3 3 2 2 4 4 1 0.706983 0.000000 
16 2 33 0 0 1 2 0 0 2 2 1 0.819252 0.000000 
16 2 34 0 2 3 3 1 0 4 4 1 1.109786 0.000000 
16 2 35 0 1 2 3 0 0 3 3 1 1.198146 0.000000 
16 2 36 1 3 1 1 1 2 4 4 1 1.507198 0.000000 
16 2 37 0 0 1 1 1 0 2 2 1 3.347786 0.000000 
16 2 38 0 0 0 0 1 1 1 1 1 1.099542 0.000000 
16 2 39 0 1 2 2 1 0 3 3 1 0.876038 0.000000 
16 2 40 0 0 0 2 0 1 1 1 1 0.852465 0.000000 
16 2 41 0 4 0 1 0 2 1 1 1 0.774700 0.000000 
16 2 42 0 2 3 5 2 0 4 4 1 0.764220 0.000000 
16 2 43 0 3 0 1 0 0 1 1 1 0.714454 0.000000 
16 2 44 0 0 0 0 1 1 1 1 1 0.730610 0.000000 
16 2 45 0 3 3 2 2 1 4 4 1 0.650160 0.000000 
16 2 46 0 3 0 1 0 0 1 1 1 0.516321 0.000000 
16 2 47 0 1 2 2 1 0 3 3 1 1.076010 0.000000 
16 2 48 0 0 1 1 1 0 2 2 1 1.276488 0.000000 
16 2 49 0 2 3 0 0 0 4 4 1 1.406196 0.000000 
16 2 50 0 5 1 4 2 2 2 2 1 0.938625 0.000000 
16 2 51 0 4 1 1 0 2 2 2 1 0.521573 0.000000 
16 2 52 0 2 3 3 1 0 4 3 0 0.832999 0.000000 
16 2 53 0 1 2 4 2 0 3 3 1 0.904130 0.000000 
16 2 54 0 0 1 5 2 0 2 2 1 1.575494 0.000000 
16 2 55 0 1 1 3 0 1 2 2 1 1.541285 0.000000 
16 2 56 0 2 3 3 1 0 4 4 1 4.012607 0.000000 
16 2 57 0 0 1 4 2 0 2 2 1 0.769859 0.000000 
16 2 58 1 1 1 3 0 2 2 2 1 1.151437 0.000000 
16 2 59 0 1 1 3 0 1 2 2 1 0.597829 0.000000 
16 2 60 0 5 3 1 0 2 4 4 1 0.937617 0.000000 
16 2 61 1 2 3 4 2 0 3 4 0 1.352559 0.000000 
16 2 62 1 3 0 4 2 0 4 4 1 1.450958 0.000000 
16 2 63 0 4 3 4 2 2 4 4 1 0.756950 0.000000 
16 2 64 0 1 1 4 2 1 2 2 1 0.763228 0.000000 
16 2 65 0 3 0 4 2 0 1 1 1 1.009421 0.000000 
16 2 66 0 2 3 0 0 0 4 4 1 1.125726 0.000000 
16 2 67 0 3 3 3 1 1 4 4 1 0.500358 0.000000 
16 2 68 1 3 0 1 0 0 4 1 0 1.012497 0.000000 
16 2 69 0 1 1 5 2 1 2 2 1 0.804764 0.000000 
16 2 70 0 0 1 1 1 0 2 2 1 0.576548 0.000000 
16 2 71 0 4 2 5 2 2 3 4 0 0.869989 0.000000 
16 2 72 0 5 1 1 0 2 2 2 1 0.835556 0.000000 
16 2 73 0 1 2 5 2 0 3 3 1 0.870011 0.000000 
16 2 74 0 5 3 3 1 2 4 4 1 0.566629 0.000000 
16 2 75 0 4 2 1 0 2 3 3 1 0.788112 0.000000 
16 2 76 0 5 3 1 0 2 4 4 1 3.985168 0.000000 
16 2 77 0 0 1 4 2 0 2 3 0 0.863116 0.000000 
16 2 78 0 1 1 3 0 1 2 2 1 0.653312 0.000000 
16 2 79 0 4 0 1 0 2 1 1 1 0.799041 0.000000 
16 2 80 0 5 2 4 2 2 3 3 1 1.082969 0.000000 
16 2 81 0 0 0 2 0 1 1 1 1 0.724167 0.000000 
16 2 82 1 2 2 2 1 1 3 3 1 0.851479 0.000000 
16 2 83 1 3 3 4 2 1 4 4 1 0.629656 0.000000 
16 2 84 1 2 2 4 2 1 3 3 1 0.969209 0.000000 
16 2 85 0 1 2 3 0 0 3 3 1 0.958819 0.000000 
16 2 86 0 5 2 5 2 2 3 3 1 0.813151 0.000000 
16 2 87 1 1 2 2 1 0 2 2 1 1.144387 0.000000 
16 2 88 0 5 2 1 0 2 3 3 1 1.103401 0.000000 
16 2 89 0 0 0 0 1 1 1 1 1 0.639679 0.000000 
16 2 90 0 0 1 2 0 0 2 2 1 0.786566 0.000000 
16 2 91 0 3 3 1 0 1 4 4 1 0.695418 0.000000 
16 2 92 0 5 1 1 0 2 2 2 1 0.752268 0.000000 
16 2 93 0 3 0 0 1 0 1 1 1 0.630458 0.000000 
16 2 94 0 0 0 2 2 1 1 1 1 2.090034 0.000000 
16 2 95 0 4 2 1 0 2 3 4 0 0.858352 0.000000 
16 2 96 1 0 1 2 0 0 1 1 1 1.488592 0.000000 
16 2 97 0 3 3 4 2 1 4 4 1 0.601293 0.000000 
16 2 98 1 3 3 1 0 1 4 4 1 1.061419 0.000000 
16 2 99 0 1 1 4 2 1 2 2 1 1.159771 0.000000 
16 2 100 0 3 3 3 1 1 4 4 1 0.662106 0.000000 
16 2 101 0 1 2 3 0 0 3 3 1 0.792292 0.000000 
16 2 102 0 0 0 4 2 1 1 1 1 0.676178 0.000000 
16 2 103 1 2 3 3 1 2 3 3 1 1.189714 0.000000 
16 2 104 0 0 1 1 1 0 2 2 1 1.258755 0.000000 
16 2 105 0 4 2 1 2 2 3 3 1 0.845122 0.000000 
16 2 106 0 0 0 5 2 1 1 1 1 0.736001 0.000000 
16 2 107 0 4 0 0 1 2 1 1 1 0.598836 0.000000 
16 2 108 0 2 3 4 2 0 4 4 1 1.147748 0.000000 
16 2 109 0 2 2 0 0 1 3 2 0 0.657729 0.000000 
16 2 110 1 1 3 3 1 2 2 2 1 1.455856 0.000000 
16 2 111 0 4 2 1 0 2 3 3 1 0.849899 0.000000 
16 2 112 0 2 3 4 2 0 4 4 1 1.044123 0.000000 
16 2 113 0 4 0 1 2 2 1 1 1 0.751147 0.000000 
16 2 114 0 1 2 2 1 0 3 2 0 0.973325 0.000000 
16 2 115 0 2 2 0 0 1 3 3 1 0.662875 0.000000 
16 2 116 1 3 2 4 2 2 4 4 1 0.903636 0.000000 
16 2 117 0 2 2 2 1 1 3 3 1 0.743908 0.000000 
16 2 118 1 1 2 3 0 0 2 2 1 1.510759 0.000000 
16 2 119 0 0 1 1 1 0 2 2 1 1.519322 0.000000 
16 2 120 0 3 3 1 0 1 4 4 1 0.799113 0.000000 
16 2 121 0 3 3 3 1 1 4 4 1 0.843976 0.000000 
16 2 122 0 0 1 1 1 0 2 2 1 0.982915 0.000000 
16 2 123 0 0 0 0 1 1 1 1 1 0.947034 0.000000 
16 2 124 0 5 2 5 2 2 3 3 1 0.857813 0.000000 
16 2 125 1 2 3 0 0 0 3 3 1 1.276017 0.000000 
16 2 126 0 3 0 0 1 0 1 4 0 0.749786 0.000000 
16 2 127 0 4 1 1 0 2 2 2 1 0.728197 0.000000 
16 2 128 1 3 2 4 2 2 4 4 1 0.831728 0.000000 
16 2 129 1 0 0 3 2 2 1 1 1 1.843325 0.000000 
16 2 130 1 2 2 0 0 1 3 3 1 0.901557 0.000000 
16 2 131 1 3 3 3 1 1 4 4 1 0.813851 0.000000 
16 2 132 0 3 3 1 0 1 4 4 1 1.074084 0.000000 
16 2 133 0 4 2 2 1 2 3 3 1 0.627737 0.000000 
16 2 134 0 1 1 3 0 1 2 2 1 0.735180 0.000000 
16 2 135 0 4 3 3 1 2 4 4 1 0.854044 0.000000 
16 2 136 1 3 0 5 2 0 4 4 1 2.024406 0.000000 
16 2 137 1 2 2 2 1 1 3 3 1 0.835340 0.000000 
16 2 138 0 3 3 1 0 1 4 4 1 1.390283 0.000000 
16 2 139 0 3 3 1 0 1 4 4 1 0.619367 0.000000 
16 2 140 0 1 1 1 1 1 2 2 1 0.726863 0.000000 
16 2 141 1 0 0 3 2 1 1 1 1 1.310414 0.000000 
16 2 142 0 3 0 0 1 0 1 1 1 1.630866 0.000000 
16 2 143 1 2 2 4 2 1 3 4 0 1.385739 0.000000 
16 2 144 0 5 1 5 2 2 2 2 1 1.578812 0.000000 
16 2 145 1 0 0 0 1 2 1 1 1 1.016221 0.000000 
16 2 146 0 5 2 2 1 2 3 4 0 0.948046 0.000000 
16 2 147 1 2 2 0 0 1 3 3 1 1.262767 0.000000 
16 2 148 0 5 3 5 2 2 4 4 1 0.840705 0.000000 
16 2 149 0 3 0 0 1 0 1 1 1 0.715611 0.000000 
16 2 150 0 5 0 1 0 2 1 1 1 0.586804 0.000000 
16 2 151 1 1 2 5 2 0 2 2 1 1.455662 0.000000 
16 2 152 1 0 1 5 2 0 1 1 1 0.705981 0.000000 
16 2 153 0 1 2 3 0 0 3 3 1 1.274270 0.000000 
16 2 154 1 3 3 4 2 1 4 4 1 1.276017 0.000000 
16 2 155 0 2 2 0 2 1 3 3 1 0.757761 0.000000 
16 2 156 0 2 3 0 0 0 4 4 1 1.100005 0.000000 
16 2 157 0 0 1 4 2 0 2 2 1 0.731288 0.000000 
16 2 158 0 1 2 3 0 0 3 3 1 1.506866 0.000000 
16 2 159 1 2 2 0 0 2 3 3 1 0.779301 0.000000 
16 2 160 0 1 2 2 1 0 3 2 0 0.656864 0.000000 
16 2 161 0 4 1 1 0 2 2 2 1 0.807011 0.000000 
16 2 162 0 0 1 1 2 0 2 2 1 0.674795 0.000000 
16 2 163 0 4 0 0 1 2 1 1 1 0.876325 0.000000 
16 2 164 0 2 2 2 1 1 3 3 1 0.668921 0.000000 
16 2 165 1 0 1 4 2 2 1 1 1 2.086448 0.000000 
16 2 166 0 5 1 1 0 2 2 2 1 0.959794 0.000000 
16 2 167 1 0 0 1 2 1 1 1 1 1.142066 0.000000 
16 2 168 1 3 1 4 2 2 4 2 0 1.397059 0.000000 
16 2 169 0 1 1 1 1 1 2 2 1 0.814155 0.000000 
16 2 170 1 1 0 0 1 2 2 1 0 1.562001 0.000000 
16 2 171 1 2 1 3 2 2 3 3 1 1.091483 0.000000 
16 2 172 0 1 1 5 2 1 2 2 1 0.836003 0.000000 
16 2 173 0 1 1 4 2 1 2 2 1 0.710921 0.000000 
16 2 174 0 2 3 0 0 0 4 4 1 0.663088 0.000000 
16 2 175 0 4 1 1 1 2 2 2 1 0.681290 0.000000 
16 2 176 0 2 2 0 0 1 3 3 1 0.786807 0.000000 
16 2 177 0 4 0 1 0 2 1 2 0 0.679655 0.000000 
16 2 178 0 2 2 4 2 1 3 3 1 1.444178 0.000000 
16 2 179 0 4 1 1 0 2 2 2 1 1.390860 0.000000 
16 2 180 0 5 3 3 1 2 4 4 1 1.211994 0.000000 
16 2 181 1 0 3 0 2 2 1 1 1 1.200376 0.000000 
16 2 182 0 1 1 1 1 1 2 2 1 0.708727 0.000000 
16 2 183 0 1 2 2 1 0 3 3 1 1.204923 0.000000 
16 2 184 0 1 1 1 1 1 2 3 0 0.689298 0.000000 
16 2 185 0 1 2 2 1 0 3 2 0 0.669097 0.000000 
16 2 186 0 3 3 3 1 1 4 4 1 0.586129 0.000000 
16 2 187 1 0 0 0 1 1 1 1 1 1.926590 0.000000 
16 2 188 1 2 3 3 1 0 3 3 1 1.478541 0.000000 
16 2 189 0 4 3 1 0 2 4 4 1 1.168340 0.000000 
16 2 190 0 1 1 5 2 1 2 2 1 0.749991 0.000000 
16 2 191 0 4 1 1 1 2 2 2 1 2.923359 0.000000 
16 2 192 0 2 2 2 1 1 3 3 1 0.739610 0.000000 
16 3 1 0 2 3 1 0 0 4 4 1 2.115911 0.000000 
16 3 2 1 1 1 1 1 1 2 2 1 1.380040 0.000000 
16 3 3 1 0 0 3 0 1 1 1 1 0.857852 0.000000 
16 3 4 0 5 2 2 1 2 3 3 1 0.772077 0.000000 
16 3 5 0 3 0 5 2 0 1 1 1 1.057643 0.000000 
16 3 6 1 1 2 0 0 0 2 3 0 1.195960 0.000000 
16 3 7 0 4 3 3 1 2 4 4 1 0.636001 0.000000 
16 3 8 0 2 3 3 2 0 4 4 1 3.038456 0.000000 
16 3 9 1 0 2 4 2 2 1 1 1 1.082129 0.000000 
16 3 10 1 1 2 0 0 2 2 2 1 1.171780 0.000000 
16 3 11 0 0 0 0 1 1 1 1 1 1.225504 0.000000 
16 3 12 0 2 2 2 1 1 3 3 1 1.221213 0.000000 
16 3 13 0 4 3 2 0 2 4 1 0 1.024889 0.000000 
16 3 14 0 5 2 4 2 2 3 3 1 0.791499 0.000000 
16 3 15 0 4 1 2 0 2 2 2 1 0.907975 0.000000 
16 3 16 0 5 0 0 1 2 1 1 1 1.044259 0.000000 
16 3 17 0 3 3 2 0 1 4 4 1 0.743224 0.000000 
16 3 18 0 0 0 1 2 1 1 1 1 0.742089 0.000000 
16 3 19 0 3 3 2 0 1 4 4 1 0.684946 0.000000 
16 3 20 0 1 1 0 0 1 2 2 1 0.765805 0.000000 
16 3 21 1 0 3 5 2 2 1 1 1 1.899062 0.000000 
16 3 22 0 3 3 5 2 1 4 4 1 0.684057 0.000000 
16 3 23 0 0 1 3 0 0 2 2 1 1.332544 0.000000 
16 3 24 0 1 1 4 2 1 2 2 1 0.579993 0.000000 
16 3 25 0 3 3 2 0 1 4 4 1 0.697004 0.000000 
16 3 26 1 1 0 4 2 2 2 2 1 1.593955 0.000000 
16 3 27 0 1 2 5 2 0 3 3 1 0.807106 0.000000 
16 3 28 0 5 0 1 2 2 1 1 1 0.978360 0.000000 
16 3 29 1 1 2 2 1 0 2 2 1 1.440013 0.000000 
16 3 30 0 2 2 2 1 1 3 3 1 0.779076 0.000000 
16 3 31 1 3 0 4 2 0 4 4 1 2.680743 0.000000 
16 3 32 0 1 2 2 1 0 3 3 1 0.818948 0.000000 
16 3 33 1 1 1 0 0 1 2 2 1 1.238471 0.000000 
16 3 34 0 3 0 2 0 0 1 4 0 0.632553 0.000000 
16 3 35 0 1 1 0 0 1 2 2 1 0.775990 0.000000 
16 3 36 1 3 2 1 2 2 4 4 1 1.301113 0.000000 
16 3 37 1 0 0 4 2 2 1 1 1 1.437561 0.000000 
16 3 38 0 2 3 3 1 0 4 4 1 1.072680 0.000000 
16 3 39 1 2 1 5 2 2 3 2 0 1.194350 0.000000 
16 3 40 1 2 3 3 1 0 3 3 1 0.834396 0.000000 
16 3 41 0 4 2 1 2 2 3 3 1 1.204803 0.000000 
16 3 42 1 1 0 5 2 2 2 2 1 1.585232 0.000000 
16 3 43 0 4 3 2 0 2 4 4 1 0.974398 0.000000 
16 3 44 0 5 1 4 2 2 2 2 1 0.843994 0.000000 
16 3 45 0 0 1 3 0 0 2 2 1 1.038940 0.000000 
16 3 46 0 0 1 4 2 0 2 2 1 0.537885 0.000000 
16 3 47 0 2 2 1 0 1 3 3 1 0.784724 0.000000 
16 3 48 1 1 2 2 1 0 2 2 1 1.348559 0.000000 
16 3 49 0 1 2 4 2 0 3 3 1 1.147705 0.000000 
16 3 50 0 1 2 2 1 0 3 3 1 0.746668 0.000000 
16 3 51 0 0 0 3 0 1 1 1 1 1.169595 0.000000 
16 3 52 0 5 1 1 1 2 2 2 1 3.175419 0.000000 
16 3 53 0 4 1 2 0 2 2 2 1 0.933720 0.000000 
16 3 54 1 0 1 1 1 0 1 1 1 0.971654 0.000000 
16 3 55 0 4 2 3 2 2 3 3 1 0.809289 0.000000 
16 3 56 0 1 1 4 2 1 2 2 1 0.757531 0.000000 
16 3 57 0 3 3 3 1 1 4 4 1 0.787742 0.000000 
16 3 58 0 5 0 4 2 2 1 1 1 0.800641 0.000000 
16 3 59 0 3 3 2 0 1 4 4 1 0.804838 0.000000 
16 3 60 0 0 0 3 0 1 1 1 1 0.649054 0.000000 
16 3 61 0 4 3 4 2 2 4 4 1 0.650966 0.000000 
16 3 62 1 3 3 2 0 1 4 4 1 1.045044 0.000000 
16 3 63 0 3 0 4 2 0 1 1 1 1.440050 0.000000 
16 3 64 1 3 1 4 2 2 4 4 1 2.019256 0.000000 
16 3 65 0 1 2 4 2 0 3 2 0 2.415300 0.000000 
16 3 66 0 5 0 2 0 2 1 1 1 0.768007 0.000000 
16 3 67 0 4 2 4 2 2 3 4 0 0.621155 0.000000 
16 3 68 0 5 0 2 0 2 1 1 1 2.059671 0.000000 
16 3 69 1 0 0 3 0 1 1 1 1 1.165861 0.000000 
16 3 70 1 1 3 1 2 2 2 0 0 5.000002 0.000000 
16 3 71 0 2 2 5 2 1 3 3 1 0.822033 0.000000 
16 3 72 0 5 2 5 2 2 3 3 1 0.712198 0.000000 
16 3 73 0 3 0 0 1 0 1 1 1 1.376376 0.000000 
16 3 74 0 0 1 3 0 0 2 2 1 0.806118 0.000000 
16 3 75 0 4 2 2 1 2 3 4 0 0.626303 0.000000 
16 3 76 0 2 3 3 1 0 4 4 1 1.401839 0.000000 
16 3 77 1 2 3 4 2 0 3 3 1 1.373842 0.000000 
16 3 78 0 3 3 4 2 1 4 4 1 0.787640 0.000000 
16 3 79 0 2 2 1 0 1 3 3 1 0.655503 0.000000 
16 3 80 0 0 1 1 1 0 2 2 1 0.969697 0.000000 
16 3 81 0 3 3 3 1 1 4 4 1 0.703274 0.000000 
16 3 82 0 1 2 2 2 0 3 3 1 0.895470 0.000000 
16 3 83 0 2 2 2 1 1 3 3 1 0.704421 0.000000 
16 3 84 0 5 0 0 1 2 1 1 1 0.928515 0.000000 
16 3 85 0 2 3 1 0 0 4 4 1 1.008160 0.000000 
16 3 86 0 3 0 0 1 0 1 3 0 0.803558 0.000000 
16 3 87 0 1 1 1 1 1 2 2 1 0.971700 0.000000 
16 3 88 0 3 0 2 0 0 1 1 1 0.880869 0.000000 
16 3 89 0 4 1 2 0 2 2 2 1 0.906470 0.000000 
16 3 90 0 1 2 2 1 0 3 3 1 0.922742 0.000000 
16 3 91 1 1 2 0 0 0 2 2 1 1.210340 0.000000 
16 3 92 1 3 3 1 2 1 4 4 1 0.846736 0.000000 
16 3 93 0 4 3 5 2 2 4 4 1 0.657633 0.000000 
16 3 94 0 1 2 2 1 0 3 3 1 1.610829 0.000000 
16 3 95 0 2 2 1 0 1 3 3 1 0.791285 0.000000 
16 3 96 0 2 2 2 1 1 3 3 1 0.596265 0.000000 
16 3 97 0 2 2 2 1 1 3 3 1 0.504987 0.000000 
16 3 98 0 1 1 1 1 1 2 2 1 0.841129 0.000000 
16 3 99 0 4 3 2 0 2 4 4 1 0.652002 0.000000 
16 3 100 1 2 2 4 2 1 3 3 1 1.294223 0.000000 
16 3 101 0 1 1 0 0 1 2 2 1 0.678283 0.000000 
16 3 102 0 0 0 3 0 1 1 1 1 0.895804 0.000000 
16 3 103 0 4 3 2 0 2 4 4 1 0.696730 0.000000 
16 3 104 0 3 0 4 2 0 1 1 1 0.785568 0.000000 
16 3 105 1 2 3 5 2 0 3 4 0 2.086491 0.000000 
16 3 106 0 2 2 2 1 1 3 3 1 0.899804 0.000000 
16 3 107 1 2 3 1 0 0 3 3 1 1.324057 0.000000 
16 3 108 1 3 3 2 0 2 4 4 1 0.794381 0.000000 
16 3 109 0 3 0 4 2 0 1 1 1 2.351346 0.000000 
16 3 110 0 1 2 5 2 0 3 3 1 0.774069 0.000000 
16 3 111 0 0 0 0 1 1 1 1 1 0.715641 0.000000 
16 3 112 0 5 1 2 0 2 2 2 1 0.795830 0.000000 
16 3 113 1 3 3 2 0 1 4 4 1 1.224709 0.000000 
16 3 114 0 3 0 0 1 0 1 1 1 1.588446 0.000000 
16 3 115 0 0 0 3 0 1 1 1 1 0.808623 0.000000 
16 3 116 0 3 3 4 2 1 4 4 1 0.884866 0.000000 
16 3 117 1 1 2 2 1 0 2 2 1 1.037750 0.000000 
16 3 118 0 3 0 0 1 0 1 1 1 1.096795 0.000000 
16 3 119 0 4 2 2 1 2 3 3 1 1.649813 0.000000 
16 3 120 0 5 2 2 1 2 3 3 1 0.756322 0.000000 
16 3 121 0 2 3 3 1 0 4 4 1 1.153527 0.000000 
16 3 122 0 0 1 4 2 0 2 2 1 0.863892 0.000000 
16 3 123 1 1 1 4 2 1 2 2 1 1.154162 0.000000 
16 3 124 0 2 2 1 0 1 3 4 0 0.704481 0.000000 
16 3 125 0 4 0 0 2 2 1 1 1 1.564688 0.000000 
16 3 126 0 0 0 0 1 1 1 1 1 0.658698 0.000000 
16 3 127 0 0 1 1 1 0 2 2 1 1.204914 0.000000 
16 3 128 0 2 2 4 2 1 3 3 1 1.264284 0.000000 
16 3 129 1 3 0 4 2 0 4 4 1 0.874667 0.000000 
16 3 130 0 5 2 2 1 2 3 3 1 0.924259 0.000000 
16 3 131 0 2 2 1 0 1 3 3 1 0.811843 0.000000 
16 3 132 0 3 0 5 2 0 1 1 1 0.944067 0.000000 
16 3 133 0 0 0 3 0 1 1 1 1 1.583019 0.000000 
16 3 134 0 5 3 4 2 2 4 2 0 1.524262 0.000000 
16 3 135 1 1 1 1 1 1 2 2 1 0.991036 0.000000 
16 3 136 0 5 0 2 0 2 1 1 1 1.043585 0.000000 
16 3 137 1 2 3 3 1 0 3 3 1 1.446595 0.000000 
16 3 138 0 5 3 3 1 2 4 3 0 0.529631 0.000000 
16 3 139 0 0 0 3 0 1 1 1 1 0.653088 0.000000 
16 3 140 0 3 3 2 0 1 4 4 1 0.718823 0.000000 
16 3 141 0 4 1 2 0 2 2 2 1 0.806346 0.000000 
16 3 142 0 2 2 1 0 1 3 3 1 0.849600 0.000000 
16 3 143 0 4 2 4 2 2 3 3 1 1.572074 0.000000 
16 3 144 1 3 0 2 0 0 4 4 1 0.897659 0.000000 
16 3 145 0 3 3 3 1 1 4 4 1 0.506585 0.000000 
16 3 146 0 1 2 0 0 0 3 3 1 1.714789 0.000000 
16 3 147 0 4 2 0 2 2 3 3 1 0.515298 0.000000 
16 3 148 0 3 3 5 2 1 4 4 1 0.579384 0.000000 
16 3 149 0 4 0 0 1 2 1 1 1 0.775870 0.000000 
16 3 150 0 0 1 4 2 0 2 2 1 0.781425 0.000000 
16 3 151 1 3 0 4 2 0 4 4 1 1.034966 0.000000 
16 3 152 1 3 2 2 0 2 4 4 1 1.381968 0.000000 
16 3 153 1 0 3 3 0 2 1 1 1 1.507726 0.000000 
16 3 154 1 1 2 4 2 2 2 2 1 0.828179 0.000000 
16 3 155 0 4 1 1 1 2 2 2 1 1.007812 0.000000 
16 3 156 1 3 0 2 0 0 4 4 1 1.035082 0.000000 
16 3 157 0 3 0 0 1 0 1 1 1 1.398007 0.000000 
16 3 158 0 0 0 0 1 1 1 1 1 0.467183 0.000000 
16 3 159 0 4 3 3 1 2 4 4 1 0.588607 0.000000 
16 3 160 0 5 0 0 1 2 1 1 1 0.809446 0.000000 
16 3 161 0 4 2 4 2 2 3 3 1 1.085685 0.000000 
16 3 162 0 1 2 2 1 0 3 3 1 1.166685 0.000000 
16 3 163 1 2 3 1 0 2 3 3 1 1.099344 0.000000 
16 3 164 1 1 1 0 0 1 2 2 1 1.108137 0.000000 
16 3 165 0 1 1 1 1 1 2 2 1 0.700004 0.000000 
16 3 166 0 1 1 1 1 1 2 2 1 0.684222 0.000000 
16 3 167 1 2 0 4 2 2 3 3 1 0.925029 0.000000 
16 3 168 0 5 3 3 1 2 4 4 1 0.652663 0.000000 
16 3 169 0 4 0 2 0 2 1 1 1 0.814874 0.000000 
16 3 170 0 0 1 3 0 0 2 2 1 0.946114 0.000000 
16 3 171 0 2 3 4 2 0 4 4 1 1.233028 0.000000 
16 3 172 0 5 2 2 0 2 3 3 1 1.196069 0.000000 
16 3 173 0 0 0 4 2 1 1 1 1 0.745119 0.000000 
16 3 174 0 3 3 0 2 1 4 4 1 0.631942 0.000000 
16 3 175 1 0 1 1 1 0 1 1 1 0.779467 0.000000 
16 3 176 1 0 1 5 2 0 1 2 0 0.929005 0.000000 
16 3 177 0 0 1 4 2 0 2 2 1 0.916588 0.000000 
16 3 178 0 2 3 1 0 0 4 3 0 1.043192 0.000000 
16 3 179 0 0 1 1 1 0 2 2 1 1.425740 0.000000 
16 3 180 1 3 0 0 1 2 4 4 1 2.805118 0.000000 
16 3 181 0 2 2 2 1 1 3 3 1 0.817999 0.000000 
16 3 182 0 1 1 0 0 1 2 2 1 1.021651 0.000000 
16 3 183 0 4 1 1 1 2 2 2 1 1.240396 0.000000 
16 3 184 1 3 2 2 0 2 4 4 1 1.131328 0.000000 
16 3 185 0 1 1 1 1 1 2 2 1 0.770963 0.000000 
16 3 186 0 1 1 1 1 1 2 2 1 0.528556 0.000000 
16 3 187 0 2 3 3 1 0 4 4 1 1.032019 0.000000 
16 3 188 0 2 3 1 0 0 4 2 0 0.539651 0.000000 
16 3 189 1 1 2 4 2 0 2 2 1 1.198414 0.000000 
16 3 190 0 3 0 0 1 0 1 4 0 0.866983 0.000000 
16 3 191 0 4 1 5 2 2 2 2 1 1.767608 0.000000 
16 3 192 0 3 3 2 0 1 4 3 0 0.909013 0.000000 
16 4 1 0 0 0 4 2 1 1 1 1 1.730380 0.000000 
16 4 2 1 2 2 5 2 1 3 3 1 1.058359 0.000000 
16 4 3 0 2 0 0 0 0 1 1 1 0.828685 0.000000 
16 4 4 1 3 1 4 2 2 4 4 1 1.543313 0.000000 
16 4 5 0 3 1 1 1 0 2 4 0 0.838415 0.000000 
16 4 6 0 5 3 1 0 2 4 4 1 1.597332 0.000000 
16 4 7 1 0 0 4 2 1 1 1 1 0.850014 0.000000 
16 4 8 0 0 0 2 0 1 1 1 1 0.540301 0.000000 
16 4 9 1 2 0 4 2 0 3 3 1 0.827046 0.000000 
16 4 10 0 0 0 4 2 1 1 1 1 0.646666 0.000000 
16 4 11 0 4 3 4 2 2 4 4 1 0.560475 0.000000 
16 4 12 1 3 1 5 2 2 4 4 1 0.966624 0.000000 
16 4 13 1 0 1 2 0 2 1 1 1 0.724212 0.000000 
16 4 14 0 0 2 2 1 0 3 2 0 1.011769 0.000000 
16 4 15 1 2 0 0 0 2 3 3 1 1.476081 0.000000 
16 4 16 1 3 0 4 2 2 4 4 1 0.861420 0.000000 
16 4 17 0 3 3 1 0 1 4 4 1 0.887637 0.000000 
16 4 18 0 1 1 3 0 1 2 2 1 0.751582 0.000000 
16 4 19 1 1 1 4 2 1 2 2 1 1.357831 0.000000 
16 4 20 0 5 2 4 2 2 3 3 1 0.804241 0.000000 
16 4 21 1 0 0 0 1 1 1 1 1 0.728458 0.000000 
16 4 22 1 1 3 3 1 2 2 2 1 1.152035 0.000000 
16 4 23 1 1 1 5 2 1 2 2 1 1.398379 0.000000 
16 4 24 0 5 3 4 2 2 4 4 1 0.851493 0.000000 
16 4 25 0 4 2 4 2 2 3 3 1 0.780724 0.000000 
16 4 26 0 1 1 3 0 1 2 2 1 0.722255 0.000000 
16 4 27 0 1 3 3 1 0 4 4 1 1.049803 0.000000 
16 4 28 0 1 1 4 2 1 2 2 1 0.756088 0.000000 
16 4 29 1 3 3 1 0 1 4 4 1 1.018309 0.000000 
16 4 30 0 0 2 2 1 0 3 3 1 1.502011 0.000000 
16 4 31 0 0 2 2 1 0 3 3 1 0.574459 0.000000 
16 4 32 0 2 0 0 1 0 1 1 1 1.082933 0.000000 
16 4 33 0 4 3 4 2 2 4 4 1 1.004146 0.000000 
16 4 34 1 3 3 1 0 1 4 4 1 1.352252 0.000000 
16 4 35 0 4 3 4 2 2 4 4 1 0.806653 0.000000 
16 4 36 1 3 3 3 1 1 4 4 1 1.082900 0.000000 
16 4 37 1 0 1 2 0 2 1 1 1 1.100056 0.000000 
16 4 38 0 5 0 1 0 2 1 1 1 0.876249 0.000000 
16 4 39 1 0 2 5 2 0 1 1 1 0.836810 0.000000 
16 4 40 0 5 2 2 1 2 3 3 1 0.591701 0.000000 
16 4 41 0 4 1 1 1 2 2 2 1 0.948543 0.000000 
16 4 42 0 2 2 5 2 1 3 3 1 0.811479 0.000000 
16 4 43 1 1 3 3 1 0 2 2 1 0.823686 0.000000 
16 4 44 0 5 0 1 0 2 1 1 1 1.099310 0.000000 
16 4 45 0 4 2 2 1 2 3 4 0 0.868091 0.000000 
16 4 46 0 0 2 5 2 0 3 3 1 0.976204 0.000000 
16 4 47 0 1 3 4 2 0 4 4 1 2.557425 0.000000 
16 4 48 0 5 1 1 0 2 2 2 1 0.772246 0.000000 
16 4 49 0 0 2 2 1 0 3 1 0 0.745791 0.000000 
16 4 50 1 0 2 2 0 0 1 1 1 0.884602 0.000000 
16 4 51 0 4 0 1 0 2 1 1 1 0.901133 0.000000 
16 4 52 0 5 1 4 2 2 2 2 1 0.781387 0.000000 
16 4 53 0 0 0 5 2 1 1 1 1 0.633950 0.000000 
16 4 54 1 1 1 4 2 2 2 2 1 1.180803 0.000000 
16 4 55 0 4 0 4 2 2 1 1 1 0.714450 0.000000 
16 4 56 0 0 2 4 2 0 3 3 1 0.794668 0.000000 
16 4 57 0 1 1 1 1 1 2 2 1 0.743528 0.000000 
16 4 58 0 5 1 1 0 2 2 2 1 0.870374 0.000000 
16 4 59 0 2 2 0 0 1 3 3 1 0.743984 0.000000 
16 4 60 0 1 1 4 2 1 2 2 1 0.862868 0.000000 
16 4 61 0 3 3 1 0 1 4 4 1 0.808091 0.000000 
16 4 62 0 1 1 2 2 1 2 2 1 0.780332 0.000000 
16 4 63 0 4 3 4 2 2 4 4 1 0.593881 0.000000 
16 4 64 0 0 2 2 0 0 3 3 1 1.022715 0.000000 
16 4 65 0 1 3 3 1 0 4 4 1 0.850344 0.000000 
16 4 66 0 0 0 2 0 1 1 1 1 0.860592 0.000000 
16 4 67 0 1 1 1 1 1 2 2 1 0.934790 0.000000 
16 4 68 0 2 0 0 1 0 1 1 1 1.069782 0.000000 
16 4 69 0 2 2 2 1 1 3 3 1 0.966420 0.000000 
16 4 70 0 2 0 0 0 0 1 1 1 0.675922 0.000000 
16 4 71 0 1 3 3 1 0 4 4 1 0.901555 0.000000 
16 4 72 0 0 2 2 1 0 3 3 1 1.149837 0.000000 
16 4 73 1 1 1 1 1 1 2 3 0 1.620156 0.000000 
16 4 74 0 1 3 3 0 0 4 4 1 1.500050 0.000000 
16 4 75 0 3 3 3 1 1 4 4 1 0.803046 0.000000 
16 4 76 1 3 0 0 1 2 4 4 1 1.159331 0.000000 
16 4 77 0 0 0 2 0 1 1 1 1 0.717661 0.000000 
16 4 78 0 5 2 2 1 2 3 3 1 1.141203 0.000000 
16 4 79 1 2 3 0 0 2 3 3 1 1.676261 0.000000 
16 4 80 0 5 1 1 1 2 2 2 1 1.246151 0.000000 
16 4 81 0 4 0 1 0 2 1 1 1 0.737156 0.000000 
16 4 82 0 5 0 1 0 2 1 1 1 1.287045 0.000000 
16 4 83 0 0 0 0 1 1 1 1 1 0.608113 0.000000 
16 4 84 0 5 2 0 2 2 3 3 1 0.828269 0.000000 
16 4 85 1 0 0 0 1 1 1 1 1 0.975835 0.000000 
16 4 86 1 0 2 2 0 0 1 3 0 0.925449 0.000000 
16 4 87 0 4 1 1 1 2 2 4 0 0.889013 0.000000 
16 4 88 0 3 1 1 0 0 2 2 1 1.373502 0.000000 
16 4 89 0 1 1 1 1 1 2 2 1 0.913806 0.000000 
16 4 90 1 2 2 2 1 1 3 3 1 2.538131 0.000000 
16 4 91 0 4 1 1 1 2 2 2 1 1.113765 0.000000 
16 4 92 0 2 0 0 0 0 1 1 1 1.034001 0.000000 
16 4 93 0 2 2 2 1 1 3 3 1 0.780966 0.000000 
16 4 94 0 3 3 1 0 1 4 4 1 0.826513 0.000000 
16 4 95 0 2 0 0 1 0 1 1 1 0.837053 0.000000 
16 4 96 0 2 0 0 0 0 1 1 1 0.735944 0.000000 
16 4 97 0 2 2 2 1 1 3 3 1 0.982869 0.000000 
16 4 98 1 0 0 5 2 1 1 1 1 1.012018 0.000000 
16 4 99 0 3 1 2 2 0 2 2 1 2.224189 0.000000 
16 4 100 0 5 2 2 1 2 3 3 1 0.972223 0.000000 
16 4 101 1 0 1 1 1 2 1 1 1 1.121884 0.000000 
16 4 102 0 5 0 3 2 2 1 1 1 0.832527 0.000000 
16 4 103 0 4 1 1 0 2 2 2 1 1.292037 0.000000 
16 4 104 0 5 1 1 0 2 2 2 1 0.837161 0.000000 
16 4 105 0 1 1 5 2 1 2 2 1 0.736037 0.000000 
16 4 106 0 3 1 5 2 0 2 2 1 0.654940 0.000000 
16 4 107 1 2 0 1 2 0 3 3 1 0.945071 0.000000 
16 4 108 0 3 3 4 2 1 4 4 1 1.168034 0.000000 
16 4 109 0 3 3 1 0 1 4 4 1 0.884785 0.000000 
16 4 110 0 3 1 1 1 0 2 2 1 1.021713 0.000000 
16 4 111 0 1 1 3 0 1 2 2 1 1.049319 0.000000 
16 4 112 1 3 3 3 1 2 4 4 1 0.884057 0.000000 
16 4 113 1 0 1 4 2 2 1 1 1 1.100584 0.000000 
16 4 114 0 1 3 3 0 0 4 4 1 1.604955 0.000000 
16 4 115 0 0 2 4 2 0 3 3 1 0.817460 0.000000 
16 4 116 1 2 2 0 0 1 3 3 1 1.196005 0.000000 
16 4 117 0 4 2 4 2 2 3 3 1 0.712992 0.000000 
16 4 118 0 3 3 1 0 1 4 4 1 0.721241 0.000000 
16 4 119 0 2 2 4 2 1 3 3 1 0.560743 0.000000 
16 4 120 0 0 2 5 2 0 3 3 1 0.766871 0.000000 
16 4 121 0 4 0 1 0 2 1 1 1 0.740444 0.000000 
16 4 122 0 5 3 3 1 2 4 4 1 0.507304 0.000000 
16 4 123 0 4 3 5 2 2 4 4 1 0.643391 0.000000 
16 4 124 1 1 1 3 0 1 2 3 0 1.829286 0.000000 
16 4 125 0 3 1 1 1 0 2 2 1 1.133189 0.000000 
16 4 126 0 2 0 5 2 0 1 4 0 0.844155 0.000000 
16 4 127 0 4 0 0 1 2 1 1 1 1.594669 0.000000 
16 4 128 0 5 3 4 2 2 4 4 1 2.415474 0.000000 
16 4 129 0 1 3 3 1 0 4 4 1 1.122997 0.000000 
16 4 130 0 2 0 0 1 0 1 1 1 1.370280 0.000000 
16 4 131 0 3 1 1 2 0 2 2 1 0.960011 0.000000 
16 4 132 0 3 1 1 0 0 2 2 1 0.598312 0.000000 
16 4 133 0 3 1 1 0 0 2 2 1 0.531101 0.000000 
16 4 134 1 0 0 0 1 1 1 1 1 0.922593 0.000000 
16 4 135 0 0 0 4 2 1 1 1 1 0.658175 0.000000 
16 4 136 1 3 1 1 1 0 4 4 1 1.180325 0.000000 
16 4 137 1 1 3 5 2 0 2 2 1 1.281005 0.000000 
16 4 138 0 5 3 1 0 2 4 4 1 0.810806 0.000000 
16 4 139 0 4 3 5 2 2 4 4 1 0.558966 0.000000 
16 4 140 0 1 1 3 0 1 2 2 1 1.309178 0.000000 
16 4 141 0 0 2 4 2 0 3 3 1 0.749533 0.000000 
16 4 142 0 5 2 2 1 2 3 3 1 0.756194 0.000000 
16 4 143 0 1 1 1 1 1 2 2 1 0.777966 0.000000 
16 4 144 0 2 0 4 2 0 1 1 1 0.790512 0.000000 
16 4 145 1 2 2 0 0 1 3 3 1 0.795391 0.000000 
16 4 146 0 3 1 5 2 0 2 2 1 1.112330 0.000000 
16 4 147 0 3 3 1 0 1 4 4 1 1.736644 0.000000 
16 4 148 0 5 2 1 0 2 3 3 1 0.991910 0.000000 
16 4 149 0 1 3 3 1 0 4 4 1 0.932816 0.000000 
16 4 150 0 2 2 0 0 1 3 3 1 0.756217 0.000000 
16 4 151 1 0 2 2 0 0 1 1 1 1.529032 0.000000 
16 4 152 1 3 3 4 2 1 4 4 1 0.744793 0.000000 
16 4 153 1 0 3 2 0 2 1 1 1 0.759685 0.000000 
16 4 154 0 5 1 1 1 2 2 2 1 0.845919 0.000000 
16 4 155 0 1 3 3 1 0 4 4 1 1.864866 0.000000 
16 4 156 0 5 1 1 1 2 2 2 1 0.939452 0.000000 
16 4 157 1 0 2 2 0 0 1 1 1 0.650368 0.000000 
16 4 158 1 1 1 4 2 1 2 2 1 1.123538 0.000000 
16 4 159 0 4 1 1 0 2 2 2 1 0.867220 0.000000 
16 4 160 1 3 2 1 0 2 4 4 1 0.876817 0.000000 
16 4 161 0 3 1 4 2 0 2 2 1 1.190426 0.000000 
16 4 162 0 0 2 2 0 0 3 3 1 1.571487 0.000000 
16 4 163 0 4 1 1 1 2 2 2 1 0.753267 0.000000 
16 4 164 0 5 0 0 1 2 1 1 1 0.695465 0.000000 
16 4 165 0 1 1 1 2 1 2 2 1 0.671354 0.000000 
16 4 166 0 1 1 1 1 1 2 2 1 0.536861 0.000000 
16 4 167 1 2 0 0 1 0 3 3 1 0.831641 0.000000 
16 4 168 0 0 0 0 1 1 1 1 1 0.539202 0.000000 
16 4 169 1 3 1 1 0 0 4 4 1 1.057968 0.000000 
16 4 170 0 2 0 4 2 0 1 1 1 1.860377 0.000000 
16 4 171 0 4 1 1 0 2 2 2 1 0.902952 0.000000 
16 4 172 0 2 0 4 2 0 1 1 1 1.206276 0.000000 
16 4 173 0 4 1 1 1 2 2 2 1 0.898584 0.000000 
16 4 174 0 3 1 1 0 0 2 2 1 1.099550 0.000000 
16 4 175 0 4 1 1 1 2 2 2 1 0.572015 0.000000 
16 4 176 0 2 2 0 0 1 3 1 0 0.513363 0.000000 
16 4 177 0 4 3 4 2 2 4 4 1 2.133474 0.000000 
16 4 178 1 0 0 0 1 1 1 1 1 1.164758 0.000000 
16 4 179 0 4 2 2 1 2 3 3 1 0.865734 0.000000 
16 4 180 0 3 3 5 2 1 4 4 1 1.132007 0.000000 
16 4 181 1 3 1 4 2 0 4 4 1 2.179751 0.000000 
16 4 182 0 0 2 4 2 0 3 3 1 1.113763 0.000000 
16 4 183 0 3 3 1 0 1 4 4 1 0.906118 0.000000 
16 4 184 0 0 0 2 0 1 1 1 1 0.850402 0.000000 
16 4 185 0 1 3 3 1 0 4 4 1 1.396652 0.000000 
16 4 186 0 1 3 3 0 0 4 4 1 1.032729 0.000000 
16 4 187 0 0 0 4 2 1 1 1 1 2.044203 0.000000 
16 4 188 0 0 2 2 1 0 3 4 0 0.679048 0.000000 
16 4 189 0 2 0 0 0 0 1 1 1 1.092560 0.000000 
16 4 190 1 2 2 0 2 1 3 3 1 1.109120 0.000000 
16 4 191 0 2 0 0 1 0 1 1 1 0.885459 0.000000 
16 4 192 0 1 1 3 0 1 2 2 1 1.613412 0.000000 
16 5 1 0 2 1 4 2 0 2 2 1 2.332800 0.000000 
16 5 2 1 3 3 0 0 1 4 4 1 0.812274 0.000000 
16 5 3 0 4 1 1 1 2 2 2 1 0.752537 0.000000 
16 5 4 1 1 0 2 0 0 2 1 0 0.846735 0.000000 
16 5 5 0 3 2 2 1 0 3 3 1 1.301623 0.000000 
16 5 6 0 0 3 1 2 0 4 4 1 1.093619 0.000000 
16 5 7 1 2 2 2 1 2 3 3 1 0.725556 0.000000 
16 5 8 0 1 0 0 1 0 1 1 1 1.197146 0.000000 
16 5 9 0 0 3 4 2 0 4 4 1 0.754152 0.000000 
16 5 10 0 5 1 4 2 2 2 2 1 0.784388 0.000000 
16 5 11 0 1 0 2 0 0 1 1 1 0.885231 0.000000 
16 5 12 1 1 1 2 0 1 2 2 1 3.518313 0.000000 
16 5 13 0 3 3 3 1 1 4 4 1 0.877752 0.000000 
16 5 14 0 1 1 2 0 1 2 2 1 0.671379 0.000000 
16 5 15 0 4 0 0 1 2 1 1 1 0.824899 0.000000 
16 5 16 0 5 3 3 1 2 4 4 1 0.628469 0.000000 
16 5 17 0 4 1 0 0 2 2 2 1 0.767956 0.000000 
16 5 18 0 3 3 3 2 1 4 1 0 0.645433 0.000000 
16 5 19 0 4 0 4 2 2 1 1 1 0.820275 0.000000 
16 5 20 0 2 1 1 1 0 2 2 1 1.150441 0.000000 
16 5 21 0 1 0 2 0 0 1 1 1 0.692750 0.000000 
16 5 22 0 5 1 0 0 2 2 2 1 0.629630 0.000000 
16 5 23 0 4 1 0 0 2 2 2 1 0.657093 0.000000 
16 5 24 1 2 1 3 0 0 3 3 1 1.379246 0.000000 
16 5 25 0 2 2 2 1 1 3 3 1 0.872993 0.000000 
16 5 26 0 1 1 1 1 1 2 2 1 0.642626 0.000000 
16 5 27 0 4 2 5 2 2 3 3 1 0.717439 0.000000 
16 5 28 1 1 1 1 1 1 2 2 1 1.003971 0.000000 
16 5 29 1 1 0 2 0 0 2 1 0 0.704269 0.000000 
16 5 30 0 2 1 3 0 0 2 2 1 1.060472 0.000000 
16 5 31 0 4 2 0 0 2 3 2 0 1.150329 0.000000 
16 5 32 1 3 3 0 0 2 4 4 1 0.928656 0.000000 
16 5 33 0 4 0 0 1 2 1 1 1 1.039819 0.000000 
16 5 34 1 3 2 4 2 0 4 3 0 1.073829 0.000000 
16 5 35 0 1 0 0 1 0 1 2 0 0.711431 0.000000 
16 5 36 1 3 2 2 1 2 4 4 1 0.947164 0.000000 
16 5 37 0 4 3 0 0 2 4 4 1 1.257696 0.000000 
16 5 38 0 2 2 2 1 1 3 3 1 0.940014 0.000000 
16 5 39 0 4 3 4 2 2 4 4 1 1.187014 0.000000 
16 5 40 0 0 3 1 0 0 4 4 1 0.632002 0.000000 
16 5 41 1 2 2 3 0 1 3 3 1 1.034570 0.000000 
16 5 42 0 0 0 5 2 1 1 1 1 0.685524 0.000000 
16 5 43 0 4 1 1 1 2 2 2 1 1.166401 0.000000 
16 5 44 0 1 0 0 1 0 1 1 1 0.732009 0.000000 
16 5 45 1 0 3 1 0 2 1 1 1 0.819603 0.000000 
16 5 46 0 2 2 2 1 1 3 3 1 0.823169 0.000000 
16 5 47 1 2 1 3 0 2 3 3 1 1.546766 0.000000 
16 5 48 0 0 3 3 1 0 4 4 1 0.825883 0.000000 
16 5 49 1 2 1 2 2 0 3 3 1 2.140544 0.000000 
16 5 50 0 0 3 3 1 0 4 1 0 0.819875 0.000000 
16 5 51 1 2 2 2 1 1 3 3 1 1.131393 0.000000 
16 5 52 1 3 0 0 0 2 4 4 1 0.946664 0.000000 
16 5 53 0 4 1 1 1 2 2 2 1 1.129618 0.000000 
16 5 54 0 5 1 1 1 2 2 2 1 0.681264 0.000000 
16 5 55 0 4 0 0 1 2 1 1 1 0.705796 0.000000 
16 5 56 1 3 1 0 0 2 4 4 1 1.994026 0.000000 
16 5 57 0 3 2 5 2 0 3 3 1 1.271316 0.000000 
16 5 58 0 5 1 0 0 2 2 2 1 0.737018 0.000000 
16 5 59 1 1 0 0 2 0 2 1 0 0.991925 0.000000 
16 5 60 1 3 3 4 2 1 4 4 1 0.992873 0.000000 
16 5 61 0 0 0 5 2 1 1 1 1 0.685391 0.000000 
16 5 62 0 3 2 0 0 0 3 3 1 0.949239 0.000000 
16 5 63 0 3 3 3 1 1 4 4 1 0.699988 0.000000 
16 5 64 1 2 2 3 0 1 3 3 1 0.868332 0.000000 
16 5 65 1 0 0 1 0 1 1 1 1 0.565968 0.000000 
16 5 66 0 5 3 3 1 2 4 4 1 0.787970 0.000000 
16 5 67 0 2 1 1 1 0 2 2 1 0.936979 0.000000 
16 5 68 0 2 1 1 1 0 2 2 1 0.495896 0.000000 
16 5 69 0 4 3 0 0 2 4 4 1 0.703713 0.000000 
16 5 70 1 1 1 0 2 1 2 2 1 2.599947 0.000000 
16 5 71 0 2 2 3 0 1 3 3 1 0.796779 0.000000 
16 5 72 0 0 3 1 0 0 4 4 1 1.033715 0.000000 
16 5 73 0 4 0 0 0 2 1 1 1 0.620650 0.000000 
16 5 74 0 2 2 2 1 1 3 4 0 1.152174 0.000000 
16 5 75 0 1 0 0 1 0 1 1 1 1.282525 0.000000 
16 5 76 1 3 1 1 1 2 4 4 1 3.050896 0.000000 
16 5 77 0 3 3 4 2 1 4 4 1 0.709868 0.000000 
16 5 78 1 3 3 3 1 1 4 4 1 0.758024 0.000000 
16 5 79 0 4 3 3 1 2 4 4 1 0.868277 0.000000 
16 5 80 0 3 3 4 2 1 4 4 1 0.589836 0.000000 
16 5 81 0 2 2 4 2 1 3 3 1 0.730638 0.000000 
16 5 82 0 5 3 4 2 2 4 4 1 0.929250 0.000000 
16 5 83 1 2 1 3 0 0 3 2 0 1.784816 0.000000 
16 5 84 0 1 0 0 1 0 1 1 1 1.090037 0.000000 
16 5 85 0 0 0 1 0 1 1 1 1 0.762579 0.000000 
16 5 86 0 0 3 3 1 0 4 4 1 0.936787 0.000000 
16 5 87 1 2 3 4 2 2 3 3 1 2.175817 0.000000 
16 5 88 0 1 1 2 0 1 2 2 1 1.237848 0.000000 
16 5 89 1 0 0 4 2 1 1 1 1 1.199909 0.000000 
16 5 90 0 3 3 0 0 1 4 4 1 1.404308 0.000000 
16 5 91 0 1 0 4 2 0 1 1 1 1.152760 0.000000 
16 5 92 0 5 3 0 2 2 4 4 1 1.271070 0.000000 
16 5 93 0 0 3 1 0 0 4 1 0 0.704854 0.000000 
16 5 94 1 1 3 3 1 2 2 4 0 1.373004 0.000000 
16 5 95 0 1 0 2 0 0 1 1 1 1.293318 0.000000 
16 5 96 0 5 1 0 0 2 2 2 1 0.773986 0.000000 
16 5 97 1 0 3 3 1 2 1 4 0 1.843522 0.000000 
16 5 98 0 2 2 2 1 1 3 3 1 0.730746 0.000000 
16 5 99 0 4 2 0 0 2 3 3 1 0.913837 0.000000 
16 5 100 0 2 1 2 2 0 2 2 1 0.866106 0.000000 
16 5 101 0 2 2 2 1 1 3 3 1 0.603156 0.000000 
16 5 102 0 0 3 3 1 0 4 4 1 2.190881 0.000000 
16 5 103 0 1 0 5 2 0 1 1 1 0.924264 0.000000 
16 5 104 0 3 3 3 1 1 4 4 1 0.867857 0.000000 
16 5 105 0 4 0 0 0 2 1 1 1 0.749448 0.000000 
16 5 106 0 5 0 4 2 2 1 1 1 0.732050 0.000000 
16 5 107 0 1 0 5 2 0 1 1 1 0.723181 0.000000 
16 5 108 1 3 2 4 2 0 4 4 1 1.914754 0.000000 
16 5 109 0 1 1 4 2 1 2 2 1 1.098360 0.000000 
16 5 110 0 1 1 2 0 1 2 2 1 0.851354 0.000000 
16 5 111 1 2 2 4 2 1 3 3 1 1.725646 0.000000 
16 5 112 0 1 1 1 1 1 2 4 0 0.813508 0.000000 
16 5 113 0 0 0 0 1 1 1 1 1 0.733697 0.000000 
16 5 114 1 1 2 2 0 2 2 2 1 1.604176 0.000000 
16 5 115 0 4 1 5 2 2 2 2 1 0.951663 0.000000 
16 5 116 1 0 0 0 2 1 1 1 1 0.781963 0.000000 
16 5 117 0 3 3 4 2 1 4 4 1 1.195542 0.000000 
16 5 118 0 5 3 0 0 2 4 4 1 0.552454 0.000000 
16 5 119 1 2 1 3 0 0 3 3 1 2.270720 0.000000 
16 5 120 0 3 3 3 1 1 4 3 0 0.584785 0.000000 
16 5 121 0 0 3 4 2 0 4 4 1 0.929575 0.000000 
16 5 122 1 3 3 4 2 1 4 4 1 0.703733 0.000000 
16 5 123 1 2 3 4 2 2 3 3 1 1.055927 0.000000 
16 5 124 0 3 3 0 0 1 4 4 1 0.634242 0.000000 
16 5 125 0 4 1 0 0 2 2 2 1 0.813013 0.000000 
16 5 126 0 0 0 0 1 1 1 1 1 0.625322 0.000000 
16 5 127 1 2 1 1 1 0 3 3 1 2.036853 0.000000 
16 5 128 0 5 3 0 0 2 4 4 1 0.800137 0.000000 
16 5 129 1 1 0 0 1 0 2 2 1 0.707391 0.000000 
16 5 130 0 5 1 4 2 2 2 2 1 0.915610 0.000000 
16 5 131 1 0 3 3 1 0 1 1 1 0.931819 0.000000 
16 5 132 0 2 1 3 0 0 2 2 1 2.291524 0.000000 
16 5 133 1 3 3 3 1 1 4 4 1 1.604941 0.000000 
16 5 134 0 1 1 1 1 1 2 2 1 0.857444 0.000000 
16 5 135 0 4 2 0 0 2 3 3 1 0.954736 0.000000 
16 5 136 0 2 2 2 1 1 3 3 1 0.704985 0.000000 
16 5 137 1 2 1 3 0 0 3 3 1 1.289169 0.000000 
16 5 138 0 0 0 4 2 1 1 1 1 0.698246 0.000000 
16 5 139 0 4 1 0 0 2 2 2 1 1.019105 0.000000 
16 5 140 0 0 0 0 1 1 1 1 1 0.686735 0.000000 
16 5 141 0 2 1 1 1 0 2 2 1 1.223637 0.000000 
16 5 142 0 5 2 5 2 2 3 3 1 0.723324 0.000000 
16 5 143 1 1 0 1 2 0 2 2 1 1.489852 0.000000 
16 5 144 0 5 1 1 1 2 2 2 1 0.850987 0.000000 
16 5 145 0 4 0 0 0 2 1 1 1 0.757231 0.000000 
16 5 146 0 2 1 1 1 0 2 2 1 1.195468 0.000000 
16 5 147 0 2 2 1 2 1 3 3 1 0.984491 0.000000 
16 5 148 0 5 2 2 1 2 3 3 1 0.629444 0.000000 
16 5 149 0 0 0 4 2 1 1 1 1 0.672944 0.000000 
16 5 150 0 5 1 0 0 2 2 2 1 0.841439 0.000000 
16 5 151 0 0 0 1 0 1 1 1 1 0.644342 0.000000 
16 5 152 1 3 3 4 2 1 4 4 1 0.743166 0.000000 
16 5 153 0 2 2 3 0 1 3 3 1 0.734015 0.000000 
16 5 154 0 0 3 1 0 0 4 2 0 0.660898 0.000000 
16 5 155 0 3 3 4 2 1 4 4 1 0.611007 0.000000 
16 5 156 0 5 0 0 1 2 1 1 1 0.558729 0.000000 
16 5 157 1 0 0 1 0 1 1 1 1 0.956864 0.000000 
16 5 158 0 0 3 3 1 0 4 4 1 0.922186 0.000000 
16 5 159 0 0 3 1 0 0 4 4 1 0.713766 0.000000 
16 5 160 1 3 2 0 0 0 4 3 0 1.001938 0.000000 
16 5 161 0 4 3 4 2 2 4 4 1 0.754219 0.000000 
16 5 162 0 2 1 1 1 0 2 2 1 0.943992 0.000000 
16 5 163 0 0 0 5 2 1 1 1 1 0.782971 0.000000 
16 5 164 0 3 3 3 1 1 4 1 0 0.844021 0.000000 
16 5 165 0 1 1 5 2 1 2 2 1 0.705689 0.000000 
16 5 166 0 3 3 1 2 1 4 4 1 0.729465 0.000000 
16 5 167 0 3 2 2 1 0 3 3 1 0.968983 0.000000 
16 5 168 0 2 1 1 1 0 2 2 1 0.814604 0.000000 
16 5 169 1 2 1 3 0 0 3 3 1 1.154813 0.000000 
16 5 170 0 1 1 1 1 1 2 2 1 0.753163 0.000000 
16 5 171 0 2 1 5 2 0 2 2 1 1.511437 0.000000 
16 5 172 0 2 1 3 0 0 2 2 1 0.606866 0.000000 
16 5 173 0 3 2 1 2 0 3 3 1 0.931004 0.000000 
16 5 174 0 5 3 3 1 2 4 4 1 1.234671 0.000000 
16 5 175 0 4 3 4 2 2 4 4 1 0.765715 0.000000 
16 5 176 0 5 3 5 2 2 4 4 1 0.731935 0.000000 
16 5 177 0 0 0 5 2 1 1 1 1 1.251455 0.000000 
16 5 178 0 3 2 0 2 0 3 3 1 0.917858 0.000000 
16 5 179 0 0 0 4 2 1 1 1 1 0.605430 0.000000 
16 5 180 0 5 0 4 2 2 1 1 1 0.736553 0.000000 
16 5 181 1 0 1 4 2 2 1 1 1 1.759509 0.000000 
16 5 182 0 2 1 3 0 0 2 2 1 1.318025 0.000000 
16 5 183 0 0 3 4 2 0 4 4 1 0.901807 0.000000 
16 5 184 0 0 3 4 2 0 4 4 1 0.574057 0.000000 
16 5 185 0 4 2 0 0 2 3 3 1 0.923528 0.000000 
16 5 186 0 5 2 0 0 2 3 3 1 0.643112 0.000000 
16 5 187 0 1 0 2 0 0 1 2 0 1.285027 0.000000 
16 5 188 0 5 1 2 2 2 2 2 1 0.809980 0.000000 
16 5 189 0 0 0 4 2 1 1 1 1 1.045799 0.000000 
16 5 190 0 5 0 0 2 2 1 1 1 0.816792 0.000000 
16 5 191 0 0 0 1 0 1 1 1 1 0.564348 0.000000 
16 5 192 1 1 0 5 2 0 2 2 1 1.434483 0.000000 
16 6 1 0 1 1 4 2 1 2 2 1 1.290164 0.000000 
16 6 2 0 5 1 1 0 2 2 2 1 0.707314 0.000000 
16 6 3 0 0 1 1 1 0 2 2 1 0.914531 0.000000 
16 6 4 0 0 1 2 0 0 2 2 1 0.642736 0.000000 
16 6 5 0 4 2 1 0 2 3 3 1 0.965622 0.000000 
16 6 6 0 2 3 0 0 0 4 4 1 1.003830 0.000000 
16 6 7 0 4 1 2 2 2 2 2 1 1.320210 0.000000 
16 6 8 1 3 0 0 1 2 4 4 1 1.023955 0.000000 
16 6 9 1 0 0 5 2 1 1 1 1 1.131601 0.000000 
16 6 10 0 5 1 1 0 2 2 2 1 0.890300 0.000000 
16 6 11 1 2 2 0 0 2 3 3 1 1.435230 0.000000 
16 6 12 0 5 0 1 0 2 1 1 1 0.822336 0.000000 
16 6 13 0 1 1 1 1 1 2 2 1 0.833881 0.000000 
16 6 14 0 5 3 3 1 2 4 4 1 0.748812 0.000000 
16 6 15 0 0 1 4 2 0 2 2 1 1.731735 0.000000 
16 6 16 1 2 3 3 1 0 3 4 0 2.634649 0.000000 
16 6 17 0 1 2 4 2 0 3 2 0 0.666131 0.000000 
16 6 18 0 0 1 1 1 0 2 2 1 0.759837 0.000000 
16 6 19 0 3 3 5 2 1 4 4 1 1.485667 0.000000 
16 6 20 0 3 3 5 2 1 4 4 1 0.814787 0.000000 
16 6 21 0 3 0 1 0 0 1 1 1 3.203371 0.000000 
16 6 22 0 5 1 1 0 2 2 2 1 4.967392 0.000000 
16 6 23 1 0 1 4 2 0 1 1 1 1.046325 0.000000 
16 6 24 0 2 3 3 1 0 4 4 1 0.617287 0.000000 
16 6 25 0 4 0 2 2 2 1 1 1 0.836800 0.000000 
16 6 26 0 0 0 4 2 1 1 1 1 0.623702 0.000000 
16 6 27 0 3 0 0 1 0 1 1 1 0.963174 0.000000 
16 6 28 1 3 3 1 0 2 4 4 1 1.520507 0.000000 
16 6 29 0 0 0 2 0 1 1 1 1 0.672320 0.000000 
16 6 30 1 1 1 3 0 2 2 2 1 1.225826 0.000000 
16 6 31 0 4 2 2 1 2 3 4 0 0.701540 0.000000 
16 6 32 0 5 0 1 0 2 1 1 1 1.633726 0.000000 
16 6 33 0 1 1 4 2 1 2 2 1 0.852480 0.000000 
16 6 34 0 1 2 3 0 0 3 3 1 2.917827 0.000000 
16 6 35 0 4 0 0 1 2 1 1 1 0.837965 0.000000 
16 6 36 1 0 0 4 2 1 1 1 1 1.160991 0.000000 
16 6 37 0 2 2 0 0 1 3 3 1 0.951377 0.000000 
16 6 38 0 2 2 0 0 1 3 3 1 0.501591 0.000000 
16 6 39 0 3 3 3 1 1 4 4 1 0.677776 0.000000 
16 6 40 1 0 1 4 2 0 1 2 0 1.599293 0.000000 
16 6 41 1 0 1 2 0 2 1 1 1 0.687183 0.000000 
16 6 42 1 3 3 5 2 1 4 4 1 1.063802 0.000000 
16 6 43 0 4 1 1 0 2 2 2 1 1.034166 0.000000 
16 6 44 1 3 3 4 2 1 4 4 1 1.413166 0.000000 
16 6 45 0 3 0 4 2 0 1 1 1 1.169596 0.000000 
16 6 46 1 0 0 0 1 1 1 1 1 1.111264 0.000000 
16 6 47 1 0 1 2 0 0 1 1 1 0.751645 0.000000 
16 6 48 1 1 1 5 2 1 2 2 1 0.932829 0.000000 
16 6 49 0 3 3 1 0 1 4 4 1 1.188232 0.000000 
16 6 50 0 0 1 2 0 0 2 2 1 1.056818 0.000000 
16 6 51 0 2 3 0 0 0 4 4 1 0.827114 0.000000 
16 6 52 0 1 1 3 0 1 2 2 1 0.830711 0.000000 
16 6 53 1 3 0 1 0 0 4 1 0 0.690239 0.000000 
16 6 54 0 5 1 1 1 2 2 2 1 0.655054 0.000000 
16 6 55 0 0 0 4 2 1 1 2 0 0.551807 0.000000 
16 6 56 0 5 0 0 2 2 1 1 1 0.985904 0.000000 
16 6 57 0 4 2 1 0 2 3 3 1 1.446504 0.000000 
16 6 58 0 5 0 0 1 2 1 2 0 1.545643 0.000000 
16 6 59 0 1 2 4 2 0 3 3 1 1.132742 0.000000 
16 6 60 1 3 0 4 2 2 4 1 0 2.092049 0.000000 
16 6 61 0 1 1 1 1 1 2 2 1 0.712316 0.000000 
16 6 62 0 5 2 2 1 2 3 4 0 0.880094 0.000000 
16 6 63 0 0 1 1 1 0 2 2 1 0.709619 0.000000 
16 6 64 0 5 3 1 0 2 4 4 1 0.981378 0.000000 
16 6 65 0 4 3 1 0 2 4 4 1 0.571008 0.000000 
16 6 66 0 3 0 1 0 0 1 1 1 0.904500 0.000000 
16 6 67 0 2 3 0 0 0 4 4 1 0.592688 0.000000 
16 6 68 1 1 1 1 2 1 2 2 1 0.852544 0.000000 
16 6 69 1 0 0 5 2 1 1 1 1 1.662832 0.000000 
16 6 70 0 3 3 3 1 1 4 2 0 0.713334 0.000000 
16 6 71 0 2 3 0 0 0 4 4 1 1.101489 0.000000 
16 6 72 0 2 3 0 0 0 4 4 1 1.781461 0.000000 
16 6 73 0 4 3 3 1 2 4 4 1 0.611324 0.000000 
16 6 74 0 2 2 0 0 1 3 3 1 2.374581 0.000000 
16 6 75 0 2 3 0 0 0 4 4 1 0.972643 0.000000 
16 6 76 0 0 1 1 1 0 2 2 1 1.250306 0.000000 
16 6 77 0 3 0 0 1 0 1 1 1 1.756727 0.000000 
16 6 78 0 5 1 4 2 2 2 2 1 0.795244 0.000000 
16 6 79 0 1 1 1 1 1 2 2 1 0.520152 0.000000 
16 6 80 0 1 1 3 0 1 2 2 1 0.479576 0.000000 
16 6 81 1 2 3 3 1 0 3 4 0 0.872016 0.000000 
16 6 82 1 1 2 4 2 2 2 2 1 0.885562 0.000000 
16 6 83 1 1 1 4 2 1 2 2 1 0.654027 0.000000 
16 6 84 0 5 2 2 1 2 3 4 0 0.752244 0.000000 
16 6 85 0 1 1 1 1 1 2 2 1 2.762525 0.000000 
16 6 86 0 0 0 0 1 1 1 1 1 1.697006 0.000000 
16 6 87 1 2 1 1 1 2 3 3 1 1.121210 0.000000 
16 6 88 0 5 1 1 1 2 2 2 1 1.832946 0.000000 
16 6 89 0 4 0 4 2 2 1 1 1 0.636155 0.000000 
16 6 90 0 1 1 4 2 1 2 2 1 0.678972 0.000000 
16 6 91 0 4 2 2 1 2 3 3 1 1.200542 0.000000 
16 6 92 0 5 1 1 0 2 2 2 1 0.588852 0.000000 
16 6 93 0 2 3 3 1 0 4 4 1 2.473791 0.000000 
16 6 94 0 2 2 4 2 1 3 2 0 0.554860 0.000000 
16 6 95 0 4 3 3 1 2 4 4 1 0.580978 0.000000 
16 6 96 0 5 2 0 2 2 3 3 1 0.754021 0.000000 
16 6 97 1 1 1 1 1 1 2 2 1 1.168270 0.000000 
16 6 98 0 2 3 0 0 0 4 4 1 1.406187 0.000000 
16 6 99 0 0 0 4 2 1 1 1 1 1.050395 0.000000 
16 6 100 1 3 0 0 1 2 4 4 1 1.452710 0.000000 
16 6 101 0 1 1 5 2 1 2 2 1 0.982189 0.000000 
16 6 102 1 1 2 2 1 0 2 3 0 0.947810 0.000000 
16 6 103 0 4 1 1 0 2 2 2 1 0.934698 0.000000 
16 6 104 0 5 0 1 0 2 1 1 1 0.781192 0.000000 
16 6 105 0 0 1 1 1 0 2 2 1 0.738779 0.000000 
16 6 106 0 5 0 4 2 2 1 1 1 1.201660 0.000000 
16 6 107 0 2 3 3 1 0 4 4 1 1.574040 0.000000 
16 6 108 0 3 0 0 1 0 1 1 1 0.874844 0.000000 
16 6 109 0 3 0 1 0 0 1 1 1 1.044481 0.000000 
16 6 110 1 2 3 3 1 0 3 3 1 1.527475 0.000000 
16 6 111 0 0 0 2 0 1 1 1 1 0.687303 0.000000 
16 6 112 0 3 3 1 0 1 4 4 1 0.856146 0.000000 
16 6 113 0 3 3 1 0 1 4 4 1 0.810385 0.000000 
16 6 114 0 2 2 2 1 1 3 3 1 0.781632 0.000000 
16 6 115 0 2 3 0 0 0 4 4 1 0.707115 0.000000 
16 6 116 0 0 0 4 2 1 1 1 1 0.739332 0.000000 
16 6 117 0 0 0 0 1 1 1 1 1 0.658179 0.000000 
16 6 118 0 5 2 2 1 2 3 3 1 1.468381 0.000000 
16 6 119 0 3 0 4 2 0 1 1 1 2.766309 0.000000 
16 6 120 1 3 3 3 1 2 4 4 1 1.212499 0.000000 
16 6 121 1 3 0 4 2 0 4 4 1 1.607910 0.000000 
16 6 122 0 3 3 4 2 1 4 4 1 1.372462 0.000000 
16 6 123 0 3 3 5 2 1 4 4 1 0.562200 0.000000 
16 6 124 0 5 2 5 2 2 3 3 1 2.440442 0.000000 
16 6 125 1 0 0 4 2 1 1 1 1 0.979854 0.000000 
16 6 126 0 3 0 0 1 0 1 4 0 0.945464 0.000000 
16 6 127 0 3 3 1 0 1 4 4 1 0.651381 0.000000 
16 6 128 0 5 2 0 2 2 3 3 1 0.733101 0.000000 
16 6 129 0 2 3 3 1 0 4 4 1 2.108234 0.000000 
16 6 130 0 5 0 1 0 2 1 1 1 1.076704 0.000000 
16 6 131 1 2 2 2 1 2 3 3 1 1.086371 0.000000 
16 6 132 1 0 1 1 1 0 1 1 1 0.743370 0.000000 
16 6 133 0 2 3 5 2 0 4 4 1 0.958211 0.000000 
16 6 134 0 5 1 1 0 2 2 2 1 0.891539 0.000000 
16 6 135 0 3 3 1 0 1 4 3 0 0.724456 0.000000 
16 6 136 0 2 2 0 0 1 3 3 1 0.847961 0.000000 
16 6 137 1 0 2 2 0 2 1 1 1 0.922374 0.000000 
16 6 138 0 2 3 4 2 0 4 3 0 0.858000 0.000000 
16 6 139 0 1 2 3 0 0 3 3 1 0.904227 0.000000 
16 6 140 0 1 2 5 2 0 3 3 1 0.904023 0.000000 
16 6 141 0 4 3 3 1 2 4 4 1 0.727355 0.000000 
16 6 142 0 0 0 5 2 1 1 1 1 0.758875 0.000000 
16 6 143 0 4 0 0 1 2 1 1 1 0.629006 0.000000 
16 6 144 0 5 0 1 0 2 1 1 1 0.608537 0.000000 
16 6 145 0 4 1 0 2 2 2 2 1 0.876659 0.000000 
16 6 146 0 3 0 0 1 0 1 1 1 0.798286 0.000000 
16 6 147 1 2 1 0 0 2 3 2 0 0.531119 0.000000 
16 6 148 1 3 2 2 1 2 4 3 0 2.181654 0.000000 
16 6 149 0 1 2 2 1 0 3 3 1 0.799214 0.000000 
16 6 150 0 1 1 3 0 1 2 2 1 0.819645 0.000000 
16 6 151 0 2 3 3 1 0 4 4 1 0.959179 0.000000 
16 6 152 0 3 0 1 0 0 1 1 1 0.653471 0.000000 
16 6 153 0 1 1 3 0 1 2 2 1 0.799671 0.000000 
16 6 154 1 2 2 0 0 1 3 3 1 0.972088 0.000000 
16 6 155 1 2 3 3 1 0 3 3 1 0.873507 0.000000 
16 6 156 1 0 1 4 2 0 1 2 0 1.034114 0.000000 
16 6 157 0 2 2 1 2 1 3 3 1 0.777038 0.000000 
16 6 158 0 3 0 3 2 0 1 1 1 1.334167 0.000000 
16 6 159 1 0 0 2 0 1 1 1 1 1.189282 0.000000 
16 6 160 0 5 0 5 2 2 1 1 1 1.106331 0.000000 
16 6 161 1 0 1 1 1 0 1 1 1 0.834632 0.000000 
16 6 162 1 1 1 3 0 2 2 2 1 1.212577 0.000000 
16 6 163 0 2 3 5 2 0 4 4 1 0.920938 0.000000 
16 6 164 1 3 1 1 0 2 4 4 1 1.248541 0.000000 
16 6 165 0 1 2 2 1 0 3 3 1 1.491639 0.000000 
16 6 166 0 0 0 0 1 1 1 1 1 0.660728 0.000000 
16 6 167 0 4 1 1 0 2 2 2 1 1.230974 0.000000 
16 6 168 1 1 2 2 1 0 2 2 1 1.114659 0.000000 
16 6 169 1 2 2 4 2 1 3 4 0 1.409973 0.000000 
16 6 170 0 3 0 4 2 0 1 1 1 1.226423 0.000000 
16 6 171 0 4 3 3 1 2 4 4 1 0.949707 0.000000 
16 6 172 0 1 1 3 0 1 2 2 1 0.772170 0.000000 
16 6 173 0 1 1 1 1 1 2 2 1 1.097504 0.000000 
16 6 174 0 1 2 2 1 0 3 4 0 0.634502 0.000000 
16 6 175 0 2 2 2 1 1 3 3 1 0.945314 0.000000 
16 6 176 0 5 0 5 2 2 1 1 1 0.710839 0.000000 
16 6 177 0 4 3 1 0 2 4 4 1 0.951013 0.000000 
16 6 178 0 2 2 0 2 1 3 3 1 0.797296 0.000000 
16 6 179 0 1 2 4 2 0 3 3 1 0.642369 0.000000 
16 6 180 1 2 2 2 1 1 3 3 1 1.037013 0.000000 
16 6 181 0 3 3 4 2 1 4 4 1 0.719959 0.000000 
16 6 182 0 5 2 2 1 2 3 3 1 0.799538 0.000000 
16 6 183 0 3 0 4 2 0 1 1 1 0.723193 0.000000 
16 6 184 0 5 1 4 2 2 2 2 1 1.530327 0.000000 
16 6 185 0 3 0 4 2 0 1 1 1 1.010099 0.000000 
16 6 186 0 1 1 1 1 1 2 2 1 0.758411 0.000000 
16 6 187 1 0 1 2 0 0 1 2 0 2.916720 0.000000 
16 6 188 0 1 1 4 2 1 2 2 1 0.656951 0.000000 
16 6 189 0 1 1 4 2 1 2 2 1 0.594671 0.000000 
16 6 190 1 1 3 5 2 2 2 2 1 2.638573 0.000000 
16 6 191 0 2 3 5 2 0 4 4 1 3.658259 0.000000 
16 6 192 1 3 3 1 0 1 4 4 1 1.437357 0.000000 
