17 1 1 0 1 1 5 2 1 2 2 1 3.795429 0.000000 
17 1 2 0 1 1 3 0 1 2 2 1 1.281133 0.000000 
17 1 3 0 1 3 4 2 0 4 4 1 1.386866 0.000000 
17 1 4 0 2 0 0 0 0 1 1 1 3.552103 0.000000 
17 1 5 0 1 1 1 1 1 2 2 1 1.526244 0.000000 
17 1 6 0 3 3 3 1 1 4 4 1 0.678028 0.000000 
17 1 7 1 2 0 0 0 0 3 3 1 2.527655 0.000000 
17 1 8 0 5 0 0 2 2 1 1 1 1.119607 0.000000 
17 1 9 0 1 1 4 2 1 2 2 1 0.950813 0.000000 
17 1 10 0 3 3 3 1 1 4 4 1 0.949054 0.000000 
17 1 11 1 2 2 4 2 2 3 3 1 1.403977 0.000000 
17 1 12 0 3 1 1 0 0 2 2 1 1.287666 0.000000 
17 1 13 0 4 0 5 2 2 1 1 1 2.424445 0.000000 
17 1 14 1 3 3 5 2 1 4 4 1 1.476077 0.000000 
17 1 15 0 1 1 5 2 1 2 2 1 1.597956 0.000000 
17 1 16 0 3 1 1 1 0 2 2 1 1.291125 0.000000 
17 1 17 1 0 2 2 1 0 1 1 1 1.059250 0.000000 
17 1 18 0 0 2 2 0 0 3 3 1 1.069508 0.000000 
17 1 19 0 3 3 1 0 1 4 4 1 0.799182 0.000000 
17 1 20 1 2 0 0 0 0 3 3 1 0.947992 0.000000 
17 1 21 0 0 0 0 2 1 1 1 1 0.771019 0.000000 
17 1 22 0 1 3 0 2 0 4 4 1 0.936564 0.000000 
17 1 23 0 1 3 3 0 0 4 4 1 1.199506 0.000000 
17 1 24 1 0 0 0 2 1 1 3 0 0.763048 0.000000 
17 1 25 1 0 2 0 2 2 1 1 1 1.493092 0.000000 
17 1 26 1 0 2 2 0 0 1 1 1 1.357784 0.000000 
17 1 27 0 4 2 2 1 2 3 3 1 0.860220 0.000000 
17 1 28 1 0 0 0 1 1 1 1 1 0.790421 0.000000 
17 1 29 0 3 1 1 1 0 2 4 0 0.899360 0.000000 
17 1 30 1 2 0 0 2 0 3 3 1 1.088015 0.000000 
17 1 31 0 0 2 2 0 0 3 3 1 1.119801 0.000000 
17 1 32 0 5 2 5 2 2 3 3 1 0.879504 0.000000 
17 1 33 0 0 2 4 2 0 3 3 1 1.017009 0.000000 
17 1 34 1 0 0 0 1 1 1 1 1 1.012721 0.000000 
17 1 35 1 3 1 0 2 0 4 4 1 1.017009 0.000000 
17 1 36 1 3 1 4 2 2 4 4 1 2.004687 0.000000 
17 1 37 0 4 3 1 0 2 4 4 1 1.136415 0.000000 
17 1 38 1 3 3 1 0 1 4 4 1 1.079358 0.000000 
17 1 39 0 2 2 2 1 1 3 3 1 1.128970 0.000000 
17 1 40 1 0 0 2 0 1 1 1 1 1.120802 0.000000 
17 1 41 0 2 2 0 0 1 3 3 1 1.144411 0.000000 
17 1 42 0 5 3 0 2 2 4 4 1 0.935445 0.000000 
17 1 43 1 2 3 0 0 2 3 3 1 1.062320 0.000000 
17 1 44 0 0 2 0 2 0 3 3 1 1.056686 0.000000 
17 1 45 0 0 2 2 0 0 3 3 1 1.242017 0.000000 
17 1 46 0 2 2 5 2 1 3 3 1 0.717002 0.000000 
17 1 47 0 4 0 0 1 2 1 1 1 0.900594 0.000000 
17 1 48 0 5 1 1 0 2 2 2 1 0.772848 0.000000 
17 1 49 1 0 3 3 1 2 1 1 1 2.058445 0.000000 
17 1 50 1 1 3 0 2 0 2 2 1 1.237099 0.000000 
17 1 51 0 0 0 0 2 1 1 1 1 0.687153 0.000000 
17 1 52 0 5 2 5 2 2 3 3 1 0.871977 0.000000 
17 1 53 1 3 3 5 2 1 4 4 1 1.225623 0.000000 
17 1 54 0 5 1 1 1 2 2 2 1 1.101348 0.000000 
17 1 55 0 2 2 2 1 1 3 3 1 1.341679 0.000000 
17 1 56 0 0 0 0 2 1 1 1 1 1.276723 0.000000 
17 1 57 0 4 0 0 1 2 1 1 1 0.694475 0.000000 
17 1 58 0 5 3 3 1 2 4 4 1 0.870367 0.000000 
17 1 59 0 4 2 4 2 2 3 3 1 0.775930 0.000000 
17 1 60 1 3 0 0 1 2 4 4 1 1.053484 0.000000 
17 1 61 0 2 0 4 2 0 1 1 1 1.175795 0.000000 
17 1 62 0 0 0 2 0 1 1 1 1 0.933511 0.000000 
17 1 63 0 4 0 0 1 2 1 1 1 0.620417 0.000000 
17 1 64 0 0 2 4 2 0 3 3 1 1.039957 0.000000 
17 1 65 0 0 0 0 1 1 1 1 1 0.665967 0.000000 
17 1 66 0 0 2 2 1 0 3 3 1 1.171967 0.000000 
17 1 67 1 2 0 4 2 0 3 3 1 1.233762 0.000000 
17 1 68 0 1 1 3 0 1 2 2 1 1.820892 0.000000 
17 1 69 0 3 3 1 0 1 4 4 1 0.824811 0.000000 
17 1 70 0 1 1 3 0 1 2 2 1 1.124381 0.000000 
17 1 71 0 3 1 1 1 0 2 2 1 1.236033 0.000000 
17 1 72 0 5 0 0 1 2 1 1 1 0.766084 0.000000 
17 1 73 0 0 2 2 0 0 3 3 1 1.484092 0.000000 
17 1 74 1 1 2 3 0 2 2 2 1 1.572814 0.000000 
17 1 75 0 4 1 1 0 2 2 2 1 0.834665 0.000000 
17 1 76 1 3 2 2 1 2 4 4 1 1.741619 0.000000 
17 1 77 0 2 0 0 2 0 1 1 1 1.356836 0.000000 
17 1 78 1 1 1 3 0 1 2 2 1 1.083271 0.000000 
17 1 79 1 2 0 0 0 0 3 3 1 1.363247 0.000000 
17 1 80 0 0 2 2 1 0 3 3 1 1.145714 0.000000 
17 1 81 0 1 1 3 0 1 2 2 1 0.784705 0.000000 
17 1 82 0 1 3 3 0 0 4 4 1 0.933593 0.000000 
17 1 83 0 1 1 1 1 1 2 2 1 0.692490 0.000000 
17 1 84 1 3 3 4 2 1 4 4 1 1.109413 0.000000 
17 1 85 0 3 1 1 1 0 2 2 1 1.260723 0.000000 
17 1 86 0 5 2 1 0 2 3 3 1 0.895122 0.000000 
17 1 87 0 2 2 5 2 1 3 3 1 1.064013 0.000000 
17 1 88 0 2 0 0 1 0 1 1 1 0.978396 0.000000 
17 1 89 0 1 1 3 0 1 2 2 1 0.759981 0.000000 
17 1 90 0 5 0 5 2 2 1 1 1 0.734178 0.000000 
17 1 91 0 1 3 3 0 0 4 4 1 1.005076 0.000000 
17 1 92 0 2 2 4 2 1 3 3 1 0.729351 0.000000 
17 1 93 0 4 2 4 2 2 3 3 1 0.695879 0.000000 
17 1 94 0 0 2 4 2 0 3 3 1 0.560743 0.000000 
17 1 95 0 0 2 2 1 0 3 3 1 1.054889 0.000000 
17 1 96 1 3 2 4 2 2 4 4 1 1.249208 0.000000 
17 1 97 0 4 3 1 0 2 4 4 1 0.996050 0.000000 
17 1 98 0 0 0 4 2 1 1 1 1 0.944568 0.000000 
17 1 99 0 4 0 1 0 2 1 1 1 0.663505 0.000000 
17 1 100 0 1 3 0 2 0 4 4 1 0.960682 0.000000 
17 1 101 0 2 2 5 2 1 3 3 1 0.702927 0.000000 
17 1 102 0 5 2 1 0 2 3 3 1 0.807141 0.000000 
17 1 103 0 4 2 1 0 2 3 3 1 0.763399 0.000000 
17 1 104 1 1 1 1 1 1 2 2 1 1.985630 0.000000 
17 1 105 0 4 2 2 1 2 3 3 1 0.942937 0.000000 
17 1 106 0 1 3 5 2 0 4 4 1 0.917882 0.000000 
17 1 107 0 4 1 1 0 2 2 2 1 0.836491 0.000000 
17 1 108 0 5 3 1 0 2 4 4 1 1.199413 0.000000 
17 1 109 0 1 1 1 1 1 2 2 1 0.604146 0.000000 
17 1 110 0 3 1 1 1 0 2 2 1 1.535980 0.000000 
17 1 111 0 1 3 3 0 0 4 4 1 0.751052 0.000000 
17 1 112 0 2 2 2 1 1 3 3 1 0.733285 0.000000 
17 1 113 0 4 3 3 1 2 4 4 1 0.652162 0.000000 
17 1 114 0 5 2 4 2 2 3 3 1 0.726317 0.000000 
17 1 115 1 2 0 0 0 0 3 3 1 1.204855 0.000000 
17 1 116 1 1 3 4 2 0 2 2 1 1.481262 0.000000 
17 1 117 0 3 3 1 0 1 4 4 1 1.243049 0.000000 
17 1 118 1 1 1 1 1 2 2 2 1 1.302117 0.000000 
17 1 119 0 3 3 3 1 1 4 4 1 0.798526 0.000000 
17 1 120 1 3 2 1 0 2 4 4 1 2.451476 0.000000 
17 1 121 0 3 1 1 1 0 2 2 1 1.317306 0.000000 
17 1 122 0 1 1 0 2 1 2 2 1 0.949009 0.000000 
17 1 123 1 2 2 2 1 1 3 3 1 2.428038 0.000000 
17 1 124 0 3 3 3 1 1 4 4 1 0.592127 0.000000 
17 1 125 0 2 2 5 2 1 3 3 1 0.676958 0.000000 
17 1 126 0 3 3 1 0 1 4 4 1 0.750454 0.000000 
17 1 127 0 4 0 0 1 2 1 1 1 0.819724 0.000000 
17 1 128 0 5 0 0 1 2 1 1 1 0.543210 0.000000 
17 1 129 1 0 2 5 2 2 1 1 1 1.334031 0.000000 
17 1 130 0 0 2 2 1 0 3 3 1 1.261145 0.000000 
17 1 131 0 2 2 0 0 1 3 3 1 0.751551 0.000000 
17 1 132 0 0 2 2 1 0 3 3 1 1.501771 0.000000 
17 1 133 1 0 1 2 0 2 1 1 1 1.174226 0.000000 
17 1 134 0 1 3 3 0 0 4 4 1 0.754945 0.000000 
17 1 135 0 2 0 0 0 0 1 1 1 1.681135 0.000000 
17 1 136 0 5 1 1 0 2 2 2 1 0.931037 0.000000 
17 1 137 0 4 0 1 0 2 1 1 1 0.866647 0.000000 
17 1 138 0 5 2 4 2 2 3 3 1 0.740211 0.000000 
17 1 139 0 4 1 4 2 2 2 2 1 2.315193 0.000000 
17 1 140 0 5 3 3 1 2 4 4 1 0.891876 0.000000 
17 1 141 0 1 3 3 0 0 4 4 1 0.747841 0.000000 
17 1 142 0 3 1 1 1 0 2 2 1 1.618732 0.000000 
17 1 143 0 2 0 0 1 0 1 1 1 2.318645 0.000000 
17 1 144 0 2 2 2 1 1 3 3 1 0.510668 0.000000 
17 1 145 0 4 3 3 1 2 4 4 1 0.622834 0.000000 
17 1 146 0 2 0 0 1 0 1 1 1 0.698306 0.000000 
17 1 147 0 3 1 1 0 0 2 2 1 0.635138 0.000000 
17 1 148 0 5 3 4 2 2 4 4 1 0.724982 0.000000 
17 1 149 0 3 3 0 2 1 4 4 1 0.668518 0.000000 
17 1 150 0 3 3 3 1 1 4 4 1 0.501944 0.000000 
17 1 151 0 4 2 4 2 2 3 3 1 2.646243 0.000000 
17 1 152 0 2 2 0 0 1 3 3 1 0.553709 0.000000 
17 1 153 1 2 2 0 0 1 3 3 1 1.239842 0.000000 
17 1 154 0 5 1 4 2 2 2 2 1 0.946947 0.000000 
17 1 155 0 4 2 1 0 2 3 3 1 0.776876 0.000000 
17 1 156 0 0 2 2 0 0 3 1 0 2.326502 0.000000 
17 1 157 1 2 2 4 2 1 3 3 1 1.154524 0.000000 
17 1 158 1 1 3 3 0 2 2 2 1 1.272450 0.000000 
17 1 159 0 4 3 1 0 2 4 4 1 0.938200 0.000000 
17 1 160 1 0 0 0 1 1 1 1 1 1.297164 0.000000 
17 1 161 0 2 2 5 2 1 3 3 1 1.753265 0.000000 
17 1 162 0 1 1 3 0 1 2 2 1 1.847849 0.000000 
17 1 163 1 2 2 5 2 1 3 3 1 1.115078 0.000000 
17 1 164 0 5 1 5 2 2 2 2 1 1.075428 0.000000 
17 1 165 0 4 1 1 1 2 2 2 1 1.389106 0.000000 
17 1 166 0 5 1 4 2 2 2 2 1 0.634199 0.000000 
17 1 167 0 1 3 3 0 0 4 4 1 1.196995 0.000000 
17 1 168 1 3 1 1 1 0 4 4 1 1.153049 0.000000 
17 1 169 0 3 1 1 1 0 2 2 1 1.031442 0.000000 
17 1 170 1 0 2 2 1 0 1 1 1 1.139023 0.000000 
17 1 171 0 4 1 4 2 2 2 2 1 1.122098 0.000000 
17 1 172 0 2 0 0 0 0 1 1 1 0.601753 0.000000 
17 1 173 0 2 0 0 1 0 1 1 1 0.525917 0.000000 
17 1 174 0 5 2 2 1 2 3 3 1 1.036475 0.000000 
17 1 175 0 3 1 1 0 0 2 2 1 1.967451 0.000000 
17 1 176 0 5 2 4 2 2 3 3 1 0.765372 0.000000 
17 1 177 0 3 1 1 0 0 2 2 1 1.227593 0.000000 
17 1 178 0 5 2 0 2 2 3 3 1 1.191318 0.000000 
17 1 179 1 2 2 0 0 1 3 3 1 1.156349 0.000000 
17 1 180 1 0 0 2 0 1 1 1 1 1.218690 0.000000 
17 1 181 1 1 3 3 0 0 2 2 1 1.245426 0.000000 
17 1 182 0 0 2 2 1 0 3 3 1 1.008474 0.000000 
17 1 183 0 3 3 4 2 1 4 4 1 0.740766 0.000000 
17 1 184 0 3 3 3 1 1 4 4 1 0.627646 0.000000 
17 1 185 0 2 0 0 1 0 1 1 1 1.191136 0.000000 
17 1 186 1 1 3 4 2 2 2 2 1 1.404168 0.000000 
17 1 187 0 1 3 0 2 0 4 4 1 1.488643 0.000000 
17 1 188 0 1 3 0 2 0 4 4 1 1.112823 0.000000 
17 1 189 1 1 1 1 1 1 2 2 1 0.985122 0.000000 
17 1 190 1 3 3 3 1 1 4 4 1 1.166084 0.000000 
17 1 191 0 1 1 1 1 1 2 2 1 0.892015 0.000000 
17 1 192 0 5 1 1 1 2 2 2 1 0.572731 0.000000 
17 2 1 1 0 0 0 1 2 1 1 1 1.249867 0.000000 
17 2 2 1 3 3 3 1 1 4 4 1 0.883442 0.000000 
17 2 3 1 2 3 5 2 2 3 3 1 1.700401 0.000000 
17 2 4 1 0 2 2 0 0 1 1 1 1.028926 0.000000 
17 2 5 0 2 2 2 1 1 3 3 1 0.704608 0.000000 
17 2 6 0 3 3 1 0 1 4 4 1 0.632768 0.000000 
17 2 7 0 3 1 1 0 0 2 2 1 1.332059 0.000000 
17 2 8 0 2 2 0 0 1 3 3 1 0.691373 0.000000 
17 2 9 0 0 0 2 0 1 1 1 1 0.755254 0.000000 
17 2 10 0 2 0 0 1 0 1 1 1 0.681405 0.000000 
17 2 11 1 2 2 4 2 2 3 3 1 1.018903 0.000000 
17 2 12 0 5 3 4 2 2 4 4 1 1.046567 0.000000 
17 2 13 1 0 2 2 1 0 1 1 1 2.225650 0.000000 
17 2 14 1 2 0 0 0 0 3 3 1 1.053634 0.000000 
17 2 15 0 2 2 0 0 1 3 3 1 0.751926 0.000000 
17 2 16 0 3 1 1 0 0 2 2 1 1.053184 0.000000 
17 2 17 0 1 1 1 1 1 2 2 1 0.655518 0.000000 
17 2 18 0 5 2 2 1 2 3 3 1 1.105660 0.000000 
17 2 19 0 4 0 1 0 2 1 1 1 0.866017 0.000000 
17 2 20 1 1 3 3 0 0 2 2 1 1.252025 0.000000 
17 2 21 0 1 3 3 1 0 4 4 1 0.989982 0.000000 
17 2 22 0 3 1 1 0 0 2 2 1 1.122991 0.000000 
17 2 23 0 1 1 3 0 1 2 2 1 0.673644 0.000000 
17 2 24 0 5 0 0 2 2 1 1 1 0.595161 0.000000 
17 2 25 0 2 0 0 1 0 1 3 0 0.887971 0.000000 
17 2 26 1 0 2 2 0 0 1 1 1 1.028879 0.000000 
17 2 27 0 1 1 2 2 1 2 2 1 1.095999 0.000000 
17 2 28 0 1 3 4 2 0 4 4 1 1.153023 0.000000 
17 2 29 0 3 1 1 1 0 2 2 1 1.103457 0.000000 
17 2 30 1 3 3 0 2 1 4 4 1 1.654772 0.000000 
17 2 31 1 1 3 5 2 0 2 2 1 1.297348 0.000000 
17 2 32 1 3 2 4 2 2 4 4 1 0.978366 0.000000 
17 2 33 0 3 3 4 2 1 4 4 1 0.655953 0.000000 
17 2 34 1 2 2 0 0 1 3 3 1 1.066185 0.000000 
17 2 35 1 2 0 0 0 2 3 3 1 1.420033 0.000000 
17 2 36 1 0 2 2 0 0 1 1 1 0.831646 0.000000 
17 2 37 0 2 2 5 2 1 3 3 1 0.826214 0.000000 
17 2 38 1 1 0 1 2 2 2 2 1 1.197798 0.000000 
17 2 39 0 0 0 0 1 1 1 1 1 0.906816 0.000000 
17 2 40 0 0 2 2 0 0 3 3 1 1.211122 0.000000 
17 2 41 0 4 3 3 1 2 4 4 1 2.287530 0.000000 
17 2 42 0 1 1 5 2 1 2 2 1 1.784923 0.000000 
17 2 43 0 1 3 3 0 0 4 4 1 0.821156 0.000000 
17 2 44 0 3 3 1 0 1 4 4 1 0.640802 0.000000 
17 2 45 0 0 2 4 2 0 3 3 1 1.067620 0.000000 
17 2 46 0 3 3 5 2 1 4 4 1 0.669243 0.000000 
17 2 47 0 0 0 2 0 1 1 1 1 0.702787 0.000000 
17 2 48 0 2 2 2 1 1 3 3 1 0.678949 0.000000 
17 2 49 0 4 2 2 1 2 3 3 1 0.808456 0.000000 
17 2 50 0 2 2 0 2 1 3 3 1 0.588643 0.000000 
17 2 51 0 0 0 0 1 1 1 1 1 0.608474 0.000000 
17 2 52 0 3 1 1 1 0 2 2 1 0.660598 0.000000 
17 2 53 0 4 3 1 0 2 4 4 1 0.806815 0.000000 
17 2 54 0 3 1 1 2 0 2 2 1 1.195049 0.000000 
17 2 55 0 0 0 0 1 1 1 1 1 1.216092 0.000000 
17 2 56 0 5 1 1 1 2 2 2 1 0.756006 0.000000 
17 2 57 0 3 3 0 2 1 4 4 1 0.745977 0.000000 
17 2 58 0 1 1 1 1 1 2 2 1 0.744887 0.000000 
17 2 59 0 4 2 4 2 2 3 3 1 1.190739 0.000000 
17 2 60 0 0 0 4 2 1 1 1 1 0.691767 0.000000 
17 2 61 0 4 0 1 0 2 1 1 1 0.820614 0.000000 
17 2 62 0 5 1 1 1 2 2 2 1 0.944174 0.000000 
17 2 63 0 4 1 1 1 2 2 2 1 0.775134 0.000000 
17 2 64 0 1 1 1 1 1 2 2 1 0.580630 0.000000 
17 2 65 0 1 3 3 1 0 4 4 1 0.642109 0.000000 
17 2 66 0 5 2 5 2 2 3 3 1 0.827972 0.000000 
17 2 67 0 2 0 0 0 0 1 1 1 1.159562 0.000000 
17 2 68 0 0 2 5 2 0 3 3 1 0.949915 0.000000 
17 2 69 1 1 1 1 1 1 2 2 1 1.220216 0.000000 
17 2 70 0 1 3 3 0 0 4 4 1 0.695854 0.000000 
17 2 71 0 4 3 3 1 2 4 4 1 0.456740 0.000000 
17 2 72 1 3 3 1 0 2 4 4 1 1.002828 0.000000 
17 2 73 0 2 2 0 0 1 3 3 1 0.647100 0.000000 
17 2 74 0 5 2 1 0 2 3 3 1 0.528950 0.000000 
17 2 75 1 2 2 1 2 1 3 3 1 0.856394 0.000000 
17 2 76 0 0 0 4 2 1 1 1 1 1.130668 0.000000 
17 2 77 1 1 1 1 1 1 2 2 1 1.378379 0.000000 
17 2 78 0 1 3 3 1 0 4 4 1 0.792131 0.000000 
17 2 79 0 0 2 2 1 0 3 3 1 1.004989 0.000000 
17 2 80 0 5 2 1 0 2 3 3 1 0.633312 0.000000 
17 2 81 1 2 0 0 0 0 3 3 1 1.099157 0.000000 
17 2 82 0 0 0 2 0 1 1 3 0 0.579960 0.000000 
17 2 83 0 4 2 4 2 2 3 3 1 0.869585 0.000000 
17 2 84 0 5 0 4 2 2 1 1 1 0.702751 0.000000 
17 2 85 0 0 0 2 0 1 1 1 1 0.638909 0.000000 
17 2 86 0 2 2 0 0 1 3 3 1 0.681746 0.000000 
17 2 87 1 1 3 3 0 0 2 2 1 1.075239 0.000000 
17 2 88 0 5 1 1 1 2 2 2 1 0.899952 0.000000 
17 2 89 0 0 2 2 1 0 3 3 1 2.340274 0.000000 
17 2 90 0 0 2 2 1 0 3 3 1 0.539630 0.000000 
17 2 91 0 0 0 3 2 1 1 1 1 0.650466 0.000000 
17 2 92 0 2 2 2 1 1 3 3 1 0.684649 0.000000 
17 2 93 0 3 1 5 2 0 2 2 1 1.125499 0.000000 
17 2 94 1 1 3 4 2 0 2 2 1 1.269175 0.000000 
17 2 95 0 0 0 4 2 1 1 1 1 1.349935 0.000000 
17 2 96 0 2 0 4 2 0 1 1 1 0.748293 0.000000 
17 2 97 0 4 0 0 1 2 1 1 1 0.675215 0.000000 
17 2 98 1 3 1 1 0 0 4 4 1 1.492701 0.000000 
17 2 99 0 0 2 4 2 0 3 3 1 1.469902 0.000000 
17 2 100 0 1 3 0 2 0 4 4 1 1.279720 0.000000 
17 2 101 0 2 2 0 0 1 3 3 1 0.705395 0.000000 
17 2 102 0 5 1 1 1 2 2 2 1 0.776615 0.000000 
17 2 103 0 4 2 2 1 2 3 3 1 1.558187 0.000000 
17 2 104 0 0 0 2 0 1 1 1 1 1.252698 0.000000 
17 2 105 0 4 3 2 2 2 4 4 1 1.583102 0.000000 
17 2 106 0 5 0 1 0 2 1 1 1 0.756254 0.000000 
17 2 107 0 1 1 3 0 1 2 2 1 0.714458 0.000000 
17 2 108 1 3 3 4 2 2 4 4 1 1.122700 0.000000 
17 2 109 0 4 2 2 1 2 3 3 1 1.865392 0.000000 
17 2 110 0 0 0 0 1 1 1 1 1 0.651979 0.000000 
17 2 111 1 1 3 4 2 0 2 2 1 1.302134 0.000000 
17 2 112 0 1 3 2 2 0 4 4 1 1.390549 0.000000 
17 2 113 0 3 3 4 2 1 4 4 1 0.611677 0.000000 
17 2 114 0 5 2 4 2 2 3 3 1 1.095843 0.000000 
17 2 115 0 4 3 1 0 2 4 4 1 0.975839 0.000000 
17 2 116 0 5 1 1 1 2 2 2 1 2.181511 0.000000 
17 2 117 0 3 3 1 2 1 4 4 1 1.195581 0.000000 
17 2 118 0 5 0 4 2 2 1 1 1 0.776552 0.000000 
17 2 119 0 3 3 3 1 1 4 4 1 0.574120 0.000000 
17 2 120 1 3 3 1 0 1 4 4 1 0.971587 0.000000 
17 2 121 0 4 1 1 0 2 2 2 1 0.945205 0.000000 
17 2 122 1 0 2 4 2 0 1 1 1 1.279168 0.000000 
17 2 123 0 3 1 1 1 0 2 2 1 1.240920 0.000000 
17 2 124 0 2 0 0 1 0 1 1 1 1.435983 0.000000 
17 2 125 0 4 2 5 2 2 3 3 1 0.711070 0.000000 
17 2 126 1 1 3 1 2 2 2 2 1 1.111288 0.000000 
17 2 127 0 0 0 2 0 1 1 1 1 0.743536 0.000000 
17 2 128 1 3 0 5 2 2 4 4 1 1.374511 0.000000 
17 2 129 1 0 0 4 2 2 1 1 1 1.395294 0.000000 
17 2 130 0 5 2 5 2 2 3 3 1 0.800387 0.000000 
17 2 131 1 2 1 1 1 2 3 3 1 1.596600 0.000000 
17 2 132 0 2 0 0 1 0 1 1 1 0.929777 0.000000 
17 2 133 1 0 0 5 2 2 1 1 1 0.841396 0.000000 
17 2 134 0 5 3 3 2 2 4 4 1 0.852339 0.000000 
17 2 135 0 4 1 1 1 2 2 2 1 1.070588 0.000000 
17 2 136 0 3 1 1 0 0 2 4 0 1.295241 0.000000 
17 2 137 1 2 0 0 0 0 3 3 1 2.084319 0.000000 
17 2 138 0 0 0 2 0 1 1 1 1 0.885183 0.000000 
17 2 139 0 2 0 0 0 0 1 1 1 1.294108 0.000000 
17 2 140 0 1 1 1 1 1 2 2 1 0.695197 0.000000 
17 2 141 1 0 2 2 1 2 1 3 0 1.632080 0.000000 
17 2 142 0 0 2 1 2 0 3 3 1 1.534938 0.000000 
17 2 143 0 2 0 4 2 0 1 1 1 1.421653 0.000000 
17 2 144 0 1 1 1 1 1 2 2 1 0.761424 0.000000 
17 2 145 1 0 0 2 0 1 1 1 1 1.143682 0.000000 
17 2 146 0 5 1 1 1 2 2 2 1 0.742669 0.000000 
17 2 147 0 3 3 1 0 1 4 4 1 0.725533 0.000000 
17 2 148 1 3 3 3 1 1 4 4 1 0.724985 0.000000 
17 2 149 1 3 1 1 0 0 4 4 1 1.155597 0.000000 
17 2 150 0 0 2 3 2 0 3 3 1 0.833962 0.000000 
17 2 151 0 4 0 4 2 2 1 1 1 0.820857 0.000000 
17 2 152 0 2 2 0 0 1 3 3 1 1.176419 0.000000 
17 2 153 1 2 2 5 2 1 3 3 1 1.990175 0.000000 
17 2 154 1 1 0 4 2 2 2 1 0 1.779518 0.000000 
17 2 155 0 4 0 5 2 2 1 1 1 1.028376 0.000000 
17 2 156 0 1 1 3 0 1 2 2 1 0.903592 0.000000 
17 2 157 0 1 3 3 1 0 4 4 1 1.135859 0.000000 
17 2 158 0 5 2 1 0 2 3 3 1 1.254920 0.000000 
17 2 159 0 4 1 1 1 2 2 2 1 3.001351 0.000000 
17 2 160 0 0 0 0 2 1 1 1 1 0.702358 0.000000 
17 2 161 0 3 1 1 1 0 2 2 1 0.893506 0.000000 
17 2 162 0 5 1 1 1 2 2 2 1 0.646454 0.000000 
17 2 163 0 4 0 4 2 2 1 1 1 0.761294 0.000000 
17 2 164 1 1 3 3 0 0 2 2 1 1.159482 0.000000 
17 2 165 0 3 1 1 1 0 2 2 1 1.317833 0.000000 
17 2 166 1 1 3 3 1 0 2 2 1 1.085526 0.000000 
17 2 167 0 4 1 1 0 2 2 2 1 0.582598 0.000000 
17 2 168 0 1 1 3 0 1 2 2 1 0.531042 0.000000 
17 2 169 0 1 3 3 1 0 4 4 1 0.906535 0.000000 
17 2 170 1 1 3 3 1 2 2 2 1 1.098798 0.000000 
17 2 171 0 2 2 0 0 1 3 3 1 0.723785 0.000000 
17 2 172 0 5 3 1 0 2 4 4 1 1.107315 0.000000 
17 2 173 0 2 2 0 0 1 3 3 1 1.995739 0.000000 
17 2 174 0 3 1 1 1 0 2 4 0 2.705113 0.000000 
17 2 175 0 3 3 3 1 1 4 4 1 0.644915 0.000000 
17 2 176 0 5 3 4 2 2 4 4 1 0.735348 0.000000 
17 2 177 0 2 0 5 2 0 1 1 1 1.438205 0.000000 
17 2 178 1 0 0 0 1 1 1 1 1 0.977308 0.000000 
17 2 179 0 4 1 1 0 2 2 2 1 0.798959 0.000000 
17 2 180 0 0 2 2 1 0 3 3 1 1.195873 0.000000 
17 2 181 0 1 1 3 2 1 2 2 1 0.808910 0.000000 
17 2 182 0 1 3 3 1 0 4 4 1 1.020076 0.000000 
17 2 183 0 4 1 1 1 2 2 2 1 0.863762 0.000000 
17 2 184 0 1 3 3 0 0 4 4 1 1.473999 0.000000 
17 2 185 1 3 3 1 0 1 4 4 1 1.115767 0.000000 
17 2 186 0 1 3 3 0 0 4 4 1 1.492057 0.000000 
17 2 187 1 0 2 2 0 0 1 1 1 1.461332 0.000000 
17 2 188 1 1 3 5 2 0 2 2 1 1.022773 0.000000 
17 2 189 1 0 1 2 0 2 1 1 1 0.970450 0.000000 
17 2 190 0 2 0 0 1 0 1 3 0 1.008019 0.000000 
17 2 191 0 0 0 4 2 1 1 1 1 1.304309 0.000000 
17 2 192 0 5 2 1 2 2 3 3 1 3.184414 0.000000 
17 3 1 0 0 2 3 0 0 3 3 1 1.122756 0.000000 
17 3 2 0 1 3 4 2 0 4 4 1 0.810579 0.000000 
17 3 3 0 4 3 3 1 2 4 4 1 0.734772 0.000000 
17 3 4 0 1 1 0 0 1 2 2 1 0.908689 0.000000 
17 3 5 1 0 0 3 0 1 1 1 1 1.012934 0.000000 
17 3 6 0 5 2 2 1 2 3 3 1 0.737225 0.000000 
17 3 7 0 0 0 3 0 1 1 1 1 0.704112 0.000000 
17 3 8 1 3 2 0 2 2 4 4 1 0.920285 0.000000 
17 3 9 0 2 0 0 1 0 1 1 1 1.439902 0.000000 
17 3 10 0 2 2 0 2 1 3 3 1 0.674978 0.000000 
17 3 11 1 0 0 0 1 1 1 1 1 1.051609 0.000000 
17 3 12 0 5 3 5 2 2 4 4 1 0.829870 0.000000 
17 3 13 0 0 2 3 0 0 3 3 1 0.737412 0.000000 
17 3 14 0 5 1 1 1 2 2 2 1 0.808303 0.000000 
17 3 15 0 2 0 0 2 0 1 1 1 1.668556 0.000000 
17 3 16 1 3 0 4 2 2 4 4 1 1.118391 0.000000 
17 3 17 1 0 2 5 2 0 1 1 1 1.078104 0.000000 
17 3 18 0 2 0 1 0 0 1 1 1 1.206834 0.000000 
17 3 19 0 3 1 1 1 0 2 2 1 0.755121 0.000000 
17 3 20 0 2 2 1 0 1 3 3 1 0.761325 0.000000 
17 3 21 0 3 1 4 2 0 2 2 1 0.895549 0.000000 
17 3 22 0 1 3 1 2 0 4 4 1 0.688462 0.000000 
17 3 23 0 4 2 4 2 2 3 3 1 0.745314 0.000000 
17 3 24 0 5 1 4 2 2 2 2 1 2.480288 0.000000 
17 3 25 0 4 0 2 0 2 1 1 1 0.794371 0.000000 
17 3 26 0 2 0 1 0 0 1 3 0 0.902283 0.000000 
17 3 27 0 2 2 1 0 1 3 3 1 0.994481 0.000000 
17 3 28 1 1 1 4 2 1 2 2 1 1.343011 0.000000 
17 3 29 0 2 0 5 2 0 1 1 1 0.966129 0.000000 
17 3 30 0 1 1 0 0 1 2 2 1 1.084193 0.000000 
17 3 31 0 0 2 3 0 0 3 3 1 0.756759 0.000000 
17 3 32 0 5 3 3 1 2 4 4 1 0.529980 0.000000 
17 3 33 1 0 2 3 0 2 1 1 1 0.993399 0.000000 
17 3 34 1 1 1 0 0 2 2 2 1 1.222363 0.000000 
17 3 35 0 3 3 4 2 1 4 4 1 0.730088 0.000000 
17 3 36 0 5 0 0 1 2 1 1 1 0.833628 0.000000 
17 3 37 0 0 0 3 0 1 1 1 1 0.764548 0.000000 
17 3 38 0 3 1 1 2 0 2 2 1 1.210770 0.000000 
17 3 39 0 4 3 2 0 2 4 4 1 1.799184 0.000000 
17 3 40 0 3 3 2 2 1 4 4 1 0.579140 0.000000 
17 3 41 0 1 1 1 1 1 2 2 1 1.752237 0.000000 
17 3 42 0 3 1 2 0 0 2 2 1 0.846790 0.000000 
17 3 43 1 1 1 4 2 1 2 2 1 1.010282 0.000000 
17 3 44 0 3 3 4 2 1 4 4 1 0.670069 0.000000 
17 3 45 0 0 0 3 0 1 1 1 1 0.831511 0.000000 
17 3 46 0 5 1 1 1 2 2 2 1 0.907031 0.000000 
17 3 47 0 4 1 4 2 2 2 2 1 0.770309 0.000000 
17 3 48 0 3 1 2 2 0 2 2 1 0.767891 0.000000 
17 3 49 1 0 2 3 0 2 1 1 1 1.045410 0.000000 
17 3 50 0 5 0 2 0 2 1 1 1 1.112437 0.000000 
17 3 51 0 4 2 2 0 2 3 3 1 0.624755 0.000000 
17 3 52 0 2 2 5 2 1 3 3 1 0.692196 0.000000 
17 3 53 0 0 2 2 1 0 3 3 1 0.709068 0.000000 
17 3 54 0 2 2 1 0 1 3 3 1 0.668257 0.000000 
17 3 55 1 1 3 3 1 0 2 2 1 1.101788 0.000000 
17 3 56 0 5 2 2 1 2 3 3 1 0.990049 0.000000 
17 3 57 0 4 3 3 1 2 4 4 1 0.643071 0.000000 
17 3 58 0 1 1 1 1 1 2 2 1 1.037912 0.000000 
17 3 59 1 1 3 0 0 0 2 2 1 1.408888 0.000000 
17 3 60 0 0 0 3 0 1 1 1 1 1.565399 0.000000 
17 3 61 0 2 0 4 2 0 1 1 1 1.058855 0.000000 
17 3 62 0 1 1 0 0 1 2 2 1 0.773155 0.000000 
17 3 63 1 2 1 1 2 2 3 3 1 2.122787 0.000000 
17 3 64 0 3 1 1 1 0 2 2 1 1.954848 0.000000 
17 3 65 0 3 3 2 0 1 4 4 1 0.745483 0.000000 
17 3 66 0 0 0 4 2 1 1 1 1 1.848368 0.000000 
17 3 67 0 2 2 2 1 1 3 3 1 0.690619 0.000000 
17 3 68 0 3 1 1 1 0 2 2 1 0.843478 0.000000 
17 3 69 0 2 2 4 2 1 3 3 1 1.358407 0.000000 
17 3 70 0 5 2 4 2 2 3 3 1 0.556798 0.000000 
17 3 71 1 2 0 1 0 2 3 3 1 2.082991 0.000000 
17 3 72 0 3 1 1 1 0 2 2 1 1.012359 0.000000 
17 3 73 0 3 1 1 1 0 2 2 1 0.616618 0.000000 
17 3 74 0 3 3 2 0 1 4 4 1 0.803163 0.000000 
17 3 75 0 2 0 5 2 0 1 1 1 1.175386 0.000000 
17 3 76 0 0 0 0 1 1 1 1 1 0.749003 0.000000 
17 3 77 0 4 2 5 2 2 3 3 1 1.067937 0.000000 
17 3 78 1 0 0 3 0 1 1 1 1 1.301601 0.000000 
17 3 79 0 3 1 4 2 0 2 2 1 0.998006 0.000000 
17 3 80 0 0 2 3 0 0 3 3 1 0.938967 0.000000 
17 3 81 0 4 1 0 2 2 2 2 1 0.856916 0.000000 
17 3 82 0 0 0 2 2 1 1 1 1 1.587198 0.000000 
17 3 83 0 2 0 4 2 0 1 1 1 0.568358 0.000000 
17 3 84 0 5 1 4 2 2 2 2 1 1.309840 0.000000 
17 3 85 0 2 0 0 1 0 1 1 1 2.038269 0.000000 
17 3 86 0 2 0 4 2 0 1 1 1 0.609573 0.000000 
17 3 87 0 4 1 1 1 2 2 3 0 0.709769 0.000000 
17 3 88 0 5 3 3 1 2 4 4 1 0.856898 0.000000 
17 3 89 0 1 3 0 0 0 4 4 1 1.034726 0.000000 
17 3 90 0 2 0 1 0 0 1 1 1 1.213714 0.000000 
17 3 91 0 4 2 2 1 2 3 3 1 0.642009 0.000000 
17 3 92 0 5 3 3 1 2 4 4 1 0.596911 0.000000 
17 3 93 0 2 0 1 0 0 1 1 1 0.937693 0.000000 
17 3 94 0 5 3 5 2 2 4 4 1 1.296657 0.000000 
17 3 95 1 1 1 1 1 1 2 2 1 1.184686 0.000000 
17 3 96 0 2 0 1 0 0 1 1 1 0.933845 0.000000 
17 3 97 0 4 0 0 2 2 1 1 1 0.764726 0.000000 
17 3 98 0 2 0 5 2 0 1 1 1 0.594927 0.000000 
17 3 99 0 3 1 4 2 0 2 2 1 0.855738 0.000000 
17 3 100 0 2 0 1 0 0 1 1 1 0.777991 0.000000 
17 3 101 1 0 1 1 1 2 1 1 1 1.135511 0.000000 
17 3 102 0 5 1 1 1 2 2 2 1 0.853582 0.000000 
17 3 103 1 3 1 1 1 0 4 4 1 1.727851 0.000000 
17 3 104 1 0 0 3 0 1 1 1 1 1.223725 0.000000 
17 3 105 0 0 2 2 1 0 3 3 1 1.307452 0.000000 
17 3 106 0 5 1 2 0 2 2 2 1 1.051847 0.000000 
17 3 107 0 4 3 2 0 2 4 4 1 0.590163 0.000000 
17 3 108 1 3 0 2 0 2 4 4 1 1.371001 0.000000 
17 3 109 1 1 3 0 0 0 2 2 1 1.079742 0.000000 
17 3 110 0 5 2 2 1 2 3 3 1 0.761437 0.000000 
17 3 111 0 1 3 0 0 0 4 4 1 1.127661 0.000000 
17 3 112 0 1 1 1 1 1 2 2 1 0.727265 0.000000 
17 3 113 1 3 1 2 0 0 4 4 1 0.846826 0.000000 
17 3 114 0 2 0 0 1 0 1 1 1 1.833777 0.000000 
17 3 115 0 2 2 1 0 1 3 3 1 1.589051 0.000000 
17 3 116 0 0 0 0 1 1 1 1 1 0.673212 0.000000 
17 3 117 0 4 2 2 0 2 3 3 1 0.738691 0.000000 
17 3 118 1 1 2 2 1 2 2 2 1 2.065656 0.000000 
17 3 119 0 3 1 1 1 0 2 2 1 1.172065 0.000000 
17 3 120 0 5 0 4 2 2 1 1 1 1.409350 0.000000 
17 3 121 0 1 1 1 1 1 2 2 1 0.781794 0.000000 
17 3 122 0 3 3 2 0 1 4 4 1 0.739332 0.000000 
17 3 123 0 4 3 2 0 2 4 4 1 0.785236 0.000000 
17 3 124 0 1 1 4 2 1 2 2 1 2.182162 0.000000 
17 3 125 1 1 1 5 2 1 2 2 1 1.172020 0.000000 
17 3 126 0 3 3 3 1 1 4 4 1 1.449920 0.000000 
17 3 127 0 4 2 2 1 2 3 3 1 0.524371 0.000000 
17 3 128 0 1 3 4 2 0 4 4 1 0.947823 0.000000 
17 3 129 0 1 1 1 1 1 2 2 1 0.777791 0.000000 
17 3 130 1 1 3 3 1 2 2 2 1 1.175326 0.000000 
17 3 131 0 4 1 1 1 2 2 2 1 1.037123 0.000000 
17 3 132 1 3 3 3 1 1 4 4 1 0.783983 0.000000 
17 3 133 0 4 3 2 0 2 4 4 1 0.540870 0.000000 
17 3 134 0 0 2 2 1 0 3 1 0 1.299712 0.000000 
17 3 135 1 1 1 1 1 1 2 2 1 0.832266 0.000000 
17 3 136 1 2 0 0 1 0 3 3 1 1.466860 0.000000 
17 3 137 1 0 2 4 2 0 1 1 1 1.012666 0.000000 
17 3 138 0 5 0 5 2 2 1 1 1 0.872953 0.000000 
17 3 139 0 1 1 4 2 1 2 2 1 0.882515 0.000000 
17 3 140 0 5 0 2 0 2 1 1 1 1.564060 0.000000 
17 3 141 0 0 2 4 2 0 3 3 1 1.594703 0.000000 
17 3 142 0 0 0 3 0 1 1 1 1 0.615855 0.000000 
17 3 143 1 2 3 4 2 2 3 3 1 1.634980 0.000000 
17 3 144 0 0 0 3 0 1 1 1 1 0.614211 0.000000 
17 3 145 0 4 3 2 2 2 4 4 1 0.778394 0.000000 
17 3 146 0 1 3 0 0 0 4 4 1 1.503898 0.000000 
17 3 147 0 4 2 4 2 2 3 3 1 0.888404 0.000000 
17 3 148 0 1 1 1 1 1 2 2 1 1.081327 0.000000 
17 3 149 0 1 1 0 0 1 2 2 1 0.690976 0.000000 
17 3 150 0 2 0 0 1 0 1 1 1 1.266857 0.000000 
17 3 151 0 2 0 1 0 0 1 1 1 0.828555 0.000000 
17 3 152 1 3 3 4 2 1 4 4 1 2.224217 0.000000 
17 3 153 0 1 1 0 0 1 2 2 1 1.068225 0.000000 
17 3 154 0 2 2 4 2 1 3 3 1 0.717856 0.000000 
17 3 155 1 2 2 1 0 2 3 3 1 1.189430 0.000000 
17 3 156 0 5 1 1 1 2 2 2 1 0.969503 0.000000 
17 3 157 1 3 1 3 2 0 4 4 1 0.926964 0.000000 
17 3 158 0 3 1 1 1 0 2 4 0 0.814717 0.000000 
17 3 159 0 2 2 1 0 1 3 3 1 0.846832 0.000000 
17 3 160 0 5 2 2 0 2 3 3 1 0.713364 0.000000 
17 3 161 1 0 0 1 2 2 1 1 1 3.041657 0.000000 
17 3 162 0 3 3 4 2 1 4 4 1 0.805253 0.000000 
17 3 163 0 1 1 0 0 1 2 2 1 1.736593 0.000000 
17 3 164 0 5 3 3 1 2 4 4 1 0.663771 0.000000 
17 3 165 1 0 2 2 1 0 1 1 1 0.993943 0.000000 
17 3 166 0 1 3 3 1 0 4 4 1 1.606940 0.000000 
17 3 167 0 1 1 1 1 1 2 2 1 0.803404 0.000000 
17 3 168 0 3 3 2 0 1 4 4 1 0.703643 0.000000 
17 3 169 1 0 0 4 2 2 1 1 1 1.054899 0.000000 
17 3 170 1 1 2 2 1 2 2 2 1 1.425168 0.000000 
17 3 171 0 4 1 1 1 2 2 2 1 0.860975 0.000000 
17 3 172 1 3 2 1 2 2 4 4 1 1.111241 0.000000 
17 3 173 1 0 2 2 1 0 1 1 1 1.095533 0.000000 
17 3 174 0 2 2 1 0 1 3 3 1 0.704571 0.000000 
17 3 175 1 0 0 5 2 1 1 1 1 0.808748 0.000000 
17 3 176 0 5 2 2 0 2 3 3 1 1.308983 0.000000 
17 3 177 1 2 2 4 2 1 3 3 1 1.284412 0.000000 
17 3 178 0 0 0 0 1 1 1 1 1 1.269525 0.000000 
17 3 179 1 2 1 1 1 2 3 3 1 1.959254 0.000000 
17 3 180 0 1 3 4 2 0 4 4 1 0.685870 0.000000 
17 3 181 0 1 3 4 2 0 4 4 1 0.870725 0.000000 
17 3 182 1 3 3 2 0 1 4 4 1 1.064256 0.000000 
17 3 183 1 0 2 3 0 0 1 1 1 1.049632 0.000000 
17 3 184 1 0 0 0 1 1 1 1 1 0.764125 0.000000 
17 3 185 1 0 2 2 1 0 1 1 1 0.666148 0.000000 
17 3 186 0 5 1 5 2 2 2 2 1 1.028086 0.000000 
17 3 187 0 1 1 4 2 1 2 2 1 0.615291 0.000000 
17 3 188 1 3 3 5 2 1 4 4 1 0.683428 0.000000 
17 3 189 1 1 3 0 0 0 2 2 1 1.092295 0.000000 
17 3 190 0 2 2 2 1 1 3 3 1 0.789312 0.000000 
17 3 191 0 2 0 0 1 0 1 3 0 0.729200 0.000000 
17 3 192 0 1 3 1 2 0 4 4 1 1.172704 0.000000 
17 4 1 0 4 3 2 0 2 4 4 1 1.354964 0.000000 
17 4 2 0 3 3 3 1 1 4 4 1 0.633520 0.000000 
17 4 3 1 0 1 4 2 0 1 1 1 1.163377 0.000000 
17 4 4 0 2 2 1 0 1 3 3 1 0.681691 0.000000 
17 4 5 0 4 2 4 2 2 3 3 1 0.555215 0.000000 
17 4 6 0 5 3 3 1 2 4 4 1 0.545337 0.000000 
17 4 7 1 1 2 0 0 0 2 2 1 2.112220 0.000000 
17 4 8 0 1 2 4 2 0 3 3 1 1.376909 0.000000 
17 4 9 0 3 3 5 2 1 4 4 1 0.702648 0.000000 
17 4 10 1 0 0 3 0 1 1 1 1 0.725830 0.000000 
17 4 11 0 2 2 2 1 1 3 3 1 0.741312 0.000000 
17 4 12 0 1 1 1 1 1 2 2 1 0.684204 0.000000 
17 4 13 1 0 3 3 1 2 1 1 1 1.085051 0.000000 
17 4 14 0 2 3 3 1 0 4 4 1 1.166009 0.000000 
17 4 15 0 4 1 1 1 2 2 2 1 1.004200 0.000000 
17 4 16 0 3 0 4 2 0 1 1 1 1.440082 0.000000 
17 4 17 0 0 0 0 1 1 1 1 1 0.578225 0.000000 
17 4 18 0 1 1 4 2 1 2 2 1 0.687668 0.000000 
17 4 19 0 4 2 2 0 2 3 3 1 0.648537 0.000000 
17 4 20 0 0 1 4 2 0 2 3 0 0.683327 0.000000 
17 4 21 0 1 2 4 2 0 3 3 1 0.792160 0.000000 
17 4 22 0 0 0 3 0 1 1 2 0 0.684608 0.000000 
17 4 23 0 3 0 0 1 0 1 1 1 1.281435 0.000000 
17 4 24 0 1 1 1 1 1 2 2 1 0.754769 0.000000 
17 4 25 1 0 2 2 1 2 1 1 1 1.063951 0.000000 
17 4 26 1 3 0 5 2 0 4 4 1 0.874241 0.000000 
17 4 27 0 1 2 5 2 0 3 3 1 1.531930 0.000000 
17 4 28 0 5 1 4 2 2 2 2 1 0.819672 0.000000 
17 4 29 0 2 2 4 2 1 3 3 1 0.711248 0.000000 
17 4 30 0 2 3 1 0 0 4 4 1 0.783453 0.000000 
17 4 31 0 3 0 0 1 0 1 1 1 1.203384 0.000000 
17 4 32 0 5 0 4 2 2 1 1 1 0.687704 0.000000 
17 4 33 0 2 2 3 2 1 3 3 1 1.192543 0.000000 
17 4 34 0 5 3 2 0 2 4 4 1 0.733602 0.000000 
17 4 35 0 1 2 2 1 0 3 3 1 1.004477 0.000000 
17 4 36 0 5 2 2 1 2 3 3 1 0.600767 0.000000 
17 4 37 0 2 3 3 2 0 4 4 1 0.868907 0.000000 
17 4 38 1 1 1 0 0 2 2 2 1 1.382530 0.000000 
17 4 39 1 3 3 3 1 1 4 4 1 1.243079 0.000000 
17 4 40 0 5 2 2 0 2 3 3 1 0.813698 0.000000 
17 4 41 0 0 0 3 0 1 1 1 1 0.921933 0.000000 
17 4 42 0 3 0 2 0 0 1 1 1 0.857480 0.000000 
17 4 43 1 1 2 0 0 0 2 2 1 1.267787 0.000000 
17 4 44 0 3 0 2 0 0 1 1 1 1.517525 0.000000 
17 4 45 0 2 3 4 2 0 4 4 1 2.316414 0.000000 
17 4 46 0 2 3 5 2 0 4 4 1 0.780454 0.000000 
17 4 47 0 0 1 3 0 0 2 2 1 2.426108 0.000000 
17 4 48 0 5 1 1 1 2 2 2 1 1.086211 0.000000 
17 4 49 1 0 0 0 1 2 1 1 1 1.103192 0.000000 
17 4 50 1 1 2 0 0 2 2 2 1 1.727587 0.000000 
17 4 51 1 3 0 0 1 0 4 4 1 1.094491 0.000000 
17 4 52 0 5 3 3 1 2 4 4 1 0.719458 0.000000 
17 4 53 1 0 3 3 1 2 1 1 1 1.527002 0.000000 
17 4 54 0 2 2 1 0 1 3 3 1 0.702799 0.000000 
17 4 55 0 4 0 2 0 2 1 1 1 0.774992 0.000000 
17 4 56 0 3 3 2 0 1 4 4 1 0.844585 0.000000 
17 4 57 0 0 0 3 2 1 1 1 1 0.663462 0.000000 
17 4 58 1 3 0 1 2 0 4 4 1 1.160681 0.000000 
17 4 59 0 4 1 2 0 2 2 2 1 1.286992 0.000000 
17 4 60 0 1 1 5 2 1 2 2 1 1.560063 0.000000 
17 4 61 0 4 2 2 1 2 3 3 1 2.742691 0.000000 
17 4 62 1 1 0 4 2 2 2 2 1 1.518240 0.000000 
17 4 63 0 3 3 1 2 1 4 4 1 1.230021 0.000000 
17 4 64 0 1 1 0 0 1 2 2 1 1.448824 0.000000 
17 4 65 0 2 3 3 1 0 4 4 1 0.787866 0.000000 
17 4 66 0 1 2 4 2 0 3 3 1 0.944818 0.000000 
17 4 67 1 2 3 1 0 0 3 3 1 1.423774 0.000000 
17 4 68 0 0 1 1 1 0 2 2 1 1.251578 0.000000 
17 4 69 0 2 2 2 1 1 3 2 0 1.269942 0.000000 
17 4 70 0 2 2 4 2 1 3 3 1 0.747634 0.000000 
17 4 71 0 4 3 2 0 2 4 4 1 0.841049 0.000000 
17 4 72 0 1 1 1 1 1 2 2 1 0.683949 0.000000 
17 4 73 1 3 0 2 0 0 4 4 1 1.700868 0.000000 
17 4 74 1 0 0 4 2 1 1 1 1 0.821404 0.000000 
17 4 75 1 2 0 4 2 2 3 3 1 0.952955 0.000000 
17 4 76 0 5 3 0 2 2 4 4 1 0.823252 0.000000 
17 4 77 1 0 0 4 2 1 1 1 1 1.114803 0.000000 
17 4 78 0 1 1 4 2 1 2 2 1 1.010194 0.000000 
17 4 79 0 3 3 4 2 1 4 4 1 1.318524 0.000000 
17 4 80 1 3 3 2 0 1 4 4 1 0.910213 0.000000 
17 4 81 0 0 0 0 1 1 1 1 1 0.590453 0.000000 
17 4 82 0 5 1 1 1 2 2 2 1 1.011336 0.000000 
17 4 83 0 0 1 5 2 0 2 2 1 0.679614 0.000000 
17 4 84 0 0 1 5 2 0 2 2 1 0.681102 0.000000 
17 4 85 0 4 0 2 0 2 1 1 1 0.730623 0.000000 
17 4 86 0 0 1 3 0 0 2 2 1 1.321186 0.000000 
17 4 87 1 2 2 2 1 2 3 3 1 0.744880 0.000000 
17 4 88 0 5 1 4 2 2 2 2 1 0.767758 0.000000 
17 4 89 1 3 3 3 1 1 4 4 1 0.709301 0.000000 
17 4 90 0 2 3 1 0 0 4 4 1 0.805959 0.000000 
17 4 91 0 2 2 2 1 1 3 3 1 1.929780 0.000000 
17 4 92 0 0 0 3 0 1 1 1 1 0.552723 0.000000 
17 4 93 0 0 1 1 1 0 2 2 1 0.630810 0.000000 
17 4 94 0 1 2 5 2 0 3 3 1 1.402363 0.000000 
17 4 95 0 4 1 2 0 2 2 2 1 0.918777 0.000000 
17 4 96 0 2 2 2 1 1 3 3 1 1.118408 0.000000 
17 4 97 0 4 1 1 1 2 2 2 1 0.774088 0.000000 
17 4 98 0 3 0 5 2 0 1 1 1 1.331655 0.000000 
17 4 99 1 0 0 3 0 1 1 1 1 1.275417 0.000000 
17 4 100 0 5 1 2 0 2 2 2 1 4.004300 0.000000 
17 4 101 0 1 1 1 1 1 2 2 1 0.665560 0.000000 
17 4 102 0 2 3 1 0 0 4 4 1 1.611811 0.000000 
17 4 103 0 0 1 3 0 0 2 2 1 1.384282 0.000000 
17 4 104 1 3 0 2 0 0 4 4 1 1.029393 0.000000 
17 4 105 0 2 3 5 2 0 4 4 1 0.943995 0.000000 
17 4 106 1 1 0 0 0 2 2 2 1 0.942954 0.000000 
17 4 107 0 1 2 0 0 0 3 3 1 1.013931 0.000000 
17 4 108 1 3 0 2 0 2 4 4 1 0.738221 0.000000 
17 4 109 0 1 2 2 1 0 3 3 1 1.169116 0.000000 
17 4 110 0 1 2 2 1 0 3 3 1 0.886802 0.000000 
17 4 111 0 3 3 3 1 1 4 4 1 0.583746 0.000000 
17 4 112 0 0 1 1 1 0 2 2 1 0.747559 0.000000 
17 4 113 1 2 2 2 1 1 3 3 1 1.162398 0.000000 
17 4 114 0 3 3 5 2 1 4 4 1 0.680746 0.000000 
17 4 115 1 0 0 0 1 1 1 1 1 0.986310 0.000000 
17 4 116 0 3 0 0 1 0 1 1 1 1.207271 0.000000 
17 4 117 0 2 3 4 2 0 4 4 1 1.603643 0.000000 
17 4 118 0 0 1 4 2 0 2 2 1 2.104230 0.000000 
17 4 119 1 2 2 1 0 2 3 3 1 2.271908 0.000000 
17 4 120 0 5 2 2 1 2 3 3 1 0.649965 0.000000 
17 4 121 0 2 3 4 2 0 4 4 1 1.140181 0.000000 
17 4 122 0 5 1 2 2 2 2 2 1 0.915196 0.000000 
17 4 123 0 2 3 1 0 0 4 4 1 0.795427 0.000000 
17 4 124 0 0 0 0 1 1 1 1 1 0.688319 0.000000 
17 4 125 1 0 3 3 1 2 1 1 1 3.032322 0.000000 
17 4 126 1 1 2 0 0 0 2 2 1 1.260158 0.000000 
17 4 127 0 4 3 2 0 2 4 4 1 0.806316 0.000000 
17 4 128 1 1 1 0 0 1 2 2 1 1.002543 0.000000 
17 4 129 1 3 3 3 1 1 4 4 1 0.750828 0.000000 
17 4 130 0 5 3 2 0 2 4 4 1 0.588995 0.000000 
17 4 131 0 2 3 3 1 0 4 4 1 1.417919 0.000000 
17 4 132 0 3 3 2 0 1 4 4 1 0.692694 0.000000 
17 4 133 0 0 1 1 1 0 2 2 1 0.709513 0.000000 
17 4 134 1 1 3 5 2 2 2 2 1 1.245736 0.000000 
17 4 135 1 3 0 2 0 0 4 4 1 1.016772 0.000000 
17 4 136 0 2 2 4 2 1 3 3 1 1.732438 0.000000 
17 4 137 0 2 2 4 2 1 3 3 1 0.628056 0.000000 
17 4 138 1 1 2 0 0 0 2 2 1 1.895190 0.000000 
17 4 139 0 3 3 2 0 1 4 4 1 0.687458 0.000000 
17 4 140 0 0 0 0 1 1 1 1 1 1.176341 0.000000 
17 4 141 0 3 3 4 2 1 4 4 1 0.685975 0.000000 
17 4 142 0 5 2 5 2 2 3 3 1 1.470915 0.000000 
17 4 143 0 4 3 2 0 2 4 4 1 0.728675 0.000000 
17 4 144 0 5 3 2 0 2 4 4 1 0.664163 0.000000 
17 4 145 0 4 1 2 0 2 2 2 1 1.058386 0.000000 
17 4 146 0 3 0 0 1 0 1 1 1 1.091715 0.000000 
17 4 147 0 4 1 4 2 2 2 2 1 0.732668 0.000000 
17 4 148 0 5 2 2 1 2 3 3 1 2.380061 0.000000 
17 4 149 0 4 2 5 2 2 3 3 1 0.602368 0.000000 
17 4 150 0 5 2 4 2 2 3 3 1 0.614529 0.000000 
17 4 151 0 4 3 3 1 2 4 4 1 0.698701 0.000000 
17 4 152 1 3 3 5 2 1 4 4 1 1.043545 0.000000 
17 4 153 0 0 0 0 1 1 1 1 1 0.613411 0.000000 
17 4 154 1 2 2 4 2 1 3 3 1 1.393666 0.000000 
17 4 155 0 1 2 2 1 0 3 2 0 0.918823 0.000000 
17 4 156 0 2 2 2 1 1 3 3 1 0.746335 0.000000 
17 4 157 0 4 1 1 1 2 2 2 1 0.880814 0.000000 
17 4 158 0 5 2 2 0 2 3 3 1 0.802372 0.000000 
17 4 159 0 4 0 1 2 2 1 1 1 1.238599 0.000000 
17 4 160 1 0 1 3 0 0 1 1 1 3.992823 0.000000 
17 4 161 0 4 1 1 1 2 2 2 1 0.854759 0.000000 
17 4 162 0 5 2 2 1 2 3 3 1 0.688995 0.000000 
17 4 163 0 3 0 2 0 0 1 1 1 2.249952 0.000000 
17 4 164 0 2 2 1 0 1 3 3 1 0.924612 0.000000 
17 4 165 0 4 0 2 0 2 1 1 1 1.268311 0.000000 
17 4 166 0 1 2 2 1 0 3 2 0 0.965005 0.000000 
17 4 167 0 4 1 4 2 2 2 2 1 0.543226 0.000000 
17 4 168 0 5 1 5 2 2 2 2 1 0.709603 0.000000 
17 4 169 1 0 0 4 2 1 1 1 1 1.197807 0.000000 
17 4 170 0 5 2 2 1 2 3 3 1 1.530872 0.000000 
17 4 171 0 2 2 1 0 1 3 3 1 0.626617 0.000000 
17 4 172 1 3 3 3 1 2 4 4 1 1.022170 0.000000 
17 4 173 1 0 0 3 0 1 1 1 1 0.920800 0.000000 
17 4 174 0 0 0 3 0 1 1 1 1 0.512375 0.000000 
17 4 175 0 3 3 2 0 1 4 4 1 0.672516 0.000000 
17 4 176 1 3 1 4 2 2 4 4 1 0.890001 0.000000 
17 4 177 1 2 3 3 1 0 3 4 0 1.074939 0.000000 
17 4 178 0 5 2 2 0 2 3 3 1 0.720552 0.000000 
17 4 179 0 2 3 4 2 0 4 4 1 1.431660 0.000000 
17 4 180 0 2 3 3 1 0 4 4 1 0.978459 0.000000 
17 4 181 1 0 3 4 2 2 1 1 1 1.112054 0.000000 
17 4 182 0 1 1 2 2 1 2 2 1 1.080431 0.000000 
17 4 183 0 3 0 5 2 0 1 1 1 0.882048 0.000000 
17 4 184 0 1 1 4 2 1 2 2 1 3.059814 0.000000 
17 4 185 0 4 2 2 0 2 3 3 1 1.382751 0.000000 
17 4 186 1 1 1 0 0 1 2 2 1 2.483157 0.000000 
17 4 187 0 1 1 0 0 1 2 2 1 0.636405 0.000000 
17 4 188 0 2 3 4 2 0 4 4 1 0.679212 0.000000 
17 4 189 0 1 2 2 1 0 3 3 1 1.656823 0.000000 
17 4 190 0 1 2 2 2 0 3 3 1 0.747287 0.000000 
17 4 191 0 1 1 4 2 1 2 2 1 1.242214 0.000000 
17 4 192 1 0 0 0 1 1 1 1 1 0.789233 0.000000 
17 5 1 1 2 2 3 0 1 3 3 1 3.336314 0.000000 
17 5 2 1 0 1 1 1 0 1 1 1 1.520235 0.000000 
17 5 3 1 2 3 5 2 2 3 3 1 1.639025 0.000000 
17 5 4 1 3 0 0 0 2 4 1 0 0.682238 0.000000 
17 5 5 0 3 3 0 0 1 4 4 1 0.735720 0.000000 
17 5 6 0 5 0 0 1 2 1 1 1 0.838133 0.000000 
17 5 7 1 2 1 4 2 2 3 3 1 1.193047 0.000000 
17 5 8 1 3 1 0 0 2 4 4 1 1.038097 0.000000 
17 5 9 0 0 1 1 1 0 2 2 1 1.784129 0.000000 
17 5 10 0 5 1 1 1 2 2 2 1 0.517379 0.000000 
17 5 11 0 4 2 2 1 2 3 3 1 0.660801 0.000000 
17 5 12 1 1 2 5 2 0 2 2 1 1.182967 0.000000 
17 5 13 1 1 2 2 0 0 2 2 1 0.707989 0.000000 
17 5 14 0 3 3 0 0 1 4 4 1 0.724198 0.000000 
17 5 15 0 4 2 0 0 2 3 3 1 0.715729 0.000000 
17 5 16 0 0 1 4 2 0 2 2 1 0.883937 0.000000 
17 5 17 0 4 0 0 0 2 1 1 1 0.556792 0.000000 
17 5 18 0 5 2 0 0 2 3 3 1 1.489983 0.000000 
17 5 19 1 2 2 3 0 1 3 3 1 1.763157 0.000000 
17 5 20 0 3 0 0 1 0 1 1 1 1.353742 0.000000 
17 5 21 0 2 3 3 0 0 4 4 1 0.968164 0.000000 
17 5 22 0 1 1 1 1 1 2 2 1 0.837823 0.000000 
17 5 23 0 2 3 5 2 0 4 4 1 1.696718 0.000000 
17 5 24 0 3 0 4 2 0 1 1 1 1.384959 0.000000 
17 5 25 0 4 1 0 0 2 2 2 1 0.670007 0.000000 
17 5 26 1 2 2 2 1 1 3 3 1 1.295550 0.000000 
17 5 27 1 0 1 1 0 0 1 1 1 1.008615 0.000000 
17 5 28 1 2 2 3 0 1 3 3 1 1.556945 0.000000 
17 5 29 0 0 1 4 2 0 2 1 0 1.635475 0.000000 
17 5 30 0 2 2 2 1 1 3 3 1 0.849623 0.000000 
17 5 31 0 3 0 0 1 0 1 1 1 1.235992 0.000000 
17 5 32 0 0 1 5 2 0 2 2 1 1.119184 0.000000 
17 5 33 1 3 3 3 1 1 4 4 1 1.022836 0.000000 
17 5 34 1 3 3 5 2 1 4 4 1 1.090450 0.000000 
17 5 35 1 0 1 1 1 0 1 1 1 1.619511 0.000000 
17 5 36 0 2 2 4 2 1 3 3 1 0.943361 0.000000 
17 5 37 0 4 0 5 2 2 1 1 1 1.381328 0.000000 
17 5 38 1 1 0 2 0 2 2 2 1 1.283048 0.000000 
17 5 39 0 0 1 5 2 0 2 2 1 0.964165 0.000000 
17 5 40 0 5 3 5 2 2 4 4 1 0.970446 0.000000 
17 5 41 0 2 2 3 0 1 3 3 1 1.896079 0.000000 
17 5 42 0 5 0 0 1 2 1 1 1 1.505386 0.000000 
17 5 43 0 4 1 4 2 2 2 2 1 0.800858 0.000000 
17 5 44 0 2 3 3 1 0 4 4 1 0.957095 0.000000 
17 5 45 0 4 1 0 0 2 2 2 1 2.627480 0.000000 
17 5 46 0 1 2 2 0 0 3 3 1 1.031622 0.000000 
17 5 47 0 4 1 1 1 2 2 2 1 1.763355 0.000000 
17 5 48 0 0 0 0 1 1 1 1 1 0.777876 0.000000 
17 5 49 1 0 3 1 0 2 1 1 1 1.078411 0.000000 
17 5 50 0 0 1 1 0 0 2 2 1 0.944037 0.000000 
17 5 51 0 2 2 3 0 1 3 3 1 0.967002 0.000000 
17 5 52 0 0 0 0 1 1 1 1 1 2.132701 0.000000 
17 5 53 0 4 3 0 0 2 4 4 1 0.996032 0.000000 
17 5 54 0 5 1 1 1 2 2 2 1 1.985068 0.000000 
17 5 55 0 3 3 3 1 1 4 4 1 0.613370 0.000000 
17 5 56 0 1 1 1 1 1 2 2 1 2.081518 0.000000 
17 5 57 0 4 0 0 0 2 1 1 1 2.283627 0.000000 
17 5 58 0 1 1 2 0 1 2 2 1 0.700994 0.000000 
17 5 59 0 1 2 2 0 0 3 3 1 1.125229 0.000000 
17 5 60 1 2 3 3 0 0 3 3 1 1.108911 0.000000 
17 5 61 0 4 0 0 0 2 1 1 1 0.749220 0.000000 
17 5 62 1 1 1 4 2 2 2 2 1 1.891058 0.000000 
17 5 63 1 2 3 3 0 2 3 3 1 0.700379 0.000000 
17 5 64 0 5 2 0 0 2 3 3 1 1.036638 0.000000 
17 5 65 0 3 3 0 0 1 4 4 1 0.655554 0.000000 
17 5 66 0 1 2 4 2 0 3 3 1 0.849752 0.000000 
17 5 67 0 3 0 0 1 0 1 1 1 1.140215 0.000000 
17 5 68 0 1 1 1 1 1 2 2 1 0.666978 0.000000 
17 5 69 1 0 3 4 2 2 1 1 1 0.987504 0.000000 
17 5 70 0 5 3 3 1 2 4 4 1 0.792505 0.000000 
17 5 71 0 0 0 1 0 1 1 1 1 0.933354 0.000000 
17 5 72 0 5 2 2 1 2 3 3 1 0.900311 0.000000 
17 5 73 0 1 1 1 1 1 2 2 1 0.780571 0.000000 
17 5 74 0 1 1 1 1 1 2 2 1 0.634097 0.000000 
17 5 75 0 3 3 0 0 1 4 4 1 2.036981 0.000000 
17 5 76 0 3 3 3 1 1 4 4 1 0.655307 0.000000 
17 5 77 0 2 3 3 0 0 4 4 1 0.745484 0.000000 
17 5 78 1 1 2 4 2 2 2 2 1 1.336375 0.000000 
17 5 79 0 4 3 3 1 2 4 4 1 0.719430 0.000000 
17 5 80 1 0 0 1 0 1 1 1 1 1.751000 0.000000 
17 5 81 1 0 3 3 1 2 1 1 1 0.965570 0.000000 
17 5 82 1 2 2 4 2 1 3 4 0 0.795854 0.000000 
17 5 83 0 1 1 1 1 1 2 2 1 0.891712 0.000000 
17 5 84 0 5 3 0 0 2 4 4 1 0.836208 0.000000 
17 5 85 0 2 3 5 2 0 4 4 1 0.767056 0.000000 
17 5 86 0 3 0 0 0 0 1 1 1 1.052676 0.000000 
17 5 87 1 1 1 2 0 1 2 2 1 1.038970 0.000000 
17 5 88 0 3 0 0 1 0 1 1 1 1.418012 0.000000 
17 5 89 0 4 2 2 1 2 3 3 1 0.757712 0.000000 
17 5 90 0 1 2 2 1 0 3 3 1 1.354995 0.000000 
17 5 91 1 1 2 2 2 0 2 2 1 1.137374 0.000000 
17 5 92 0 0 1 5 2 0 2 2 1 0.664423 0.000000 
17 5 93 1 0 1 1 1 0 1 1 1 1.162583 0.000000 
17 5 94 0 0 1 1 1 0 2 2 1 0.888973 0.000000 
17 5 95 0 3 0 0 0 0 1 1 1 0.785867 0.000000 
17 5 96 0 1 1 4 2 1 2 2 1 0.766769 0.000000 
17 5 97 0 4 0 0 0 2 1 1 1 0.475311 0.000000 
17 5 98 0 5 2 5 2 2 3 3 1 0.772709 0.000000 
17 5 99 1 1 1 3 2 1 2 2 1 1.226278 0.000000 
17 5 100 0 3 3 0 0 1 4 4 1 0.669980 0.000000 
17 5 101 0 2 3 4 2 0 4 4 1 0.735495 0.000000 
17 5 102 1 1 1 4 2 1 2 2 1 1.126369 0.000000 
17 5 103 0 4 2 2 1 2 3 3 1 0.710009 0.000000 
17 5 104 1 1 2 5 2 0 2 2 1 1.117305 0.000000 
17 5 105 0 4 3 5 2 2 4 4 1 0.812950 0.000000 
17 5 106 0 1 2 2 1 0 3 3 1 1.097150 0.000000 
17 5 107 0 4 2 0 2 2 3 3 1 0.658161 0.000000 
17 5 108 0 5 0 0 1 2 1 1 1 0.636319 0.000000 
17 5 109 1 3 0 2 2 0 4 4 1 1.431190 0.000000 
17 5 110 1 3 0 0 1 0 4 4 1 1.002938 0.000000 
17 5 111 0 2 2 2 1 1 3 3 1 0.847249 0.000000 
17 5 112 0 5 1 5 2 2 2 2 1 0.969145 0.000000 
17 5 113 0 4 0 4 2 2 1 1 1 0.830776 0.000000 
17 5 114 1 1 2 2 1 2 2 2 1 2.138417 0.000000 
17 5 115 0 3 3 0 0 1 4 4 1 0.697746 0.000000 
17 5 116 0 5 1 1 1 2 2 2 1 0.858607 0.000000 
17 5 117 0 1 2 4 2 0 3 3 1 1.372841 0.000000 
17 5 118 0 1 2 2 1 0 3 3 1 1.313685 0.000000 
17 5 119 1 3 0 0 0 0 4 4 1 0.857975 0.000000 
17 5 120 0 0 1 1 1 0 2 2 1 0.996258 0.000000 
17 5 121 0 2 3 5 2 0 4 4 1 0.793271 0.000000 
17 5 122 0 5 1 0 0 2 2 2 1 0.894150 0.000000 
17 5 123 1 2 2 4 2 1 3 3 1 1.063006 0.000000 
17 5 124 0 1 2 2 1 0 3 3 1 1.393376 0.000000 
17 5 125 0 3 3 3 1 1 4 4 1 0.662483 0.000000 
17 5 126 0 1 2 0 2 0 3 3 1 0.855653 0.000000 
17 5 127 0 0 0 2 2 1 1 1 1 0.817914 0.000000 
17 5 128 0 3 3 0 0 1 4 4 1 0.685483 0.000000 
17 5 129 1 2 2 4 2 1 3 3 1 1.206338 0.000000 
17 5 130 0 5 2 2 1 2 3 3 1 0.698686 0.000000 
17 5 131 0 2 2 2 1 1 3 3 1 0.611533 0.000000 
17 5 132 0 5 1 2 2 2 2 2 1 0.951716 0.000000 
17 5 133 0 4 0 4 2 2 1 1 1 0.484972 0.000000 
17 5 134 0 0 0 1 0 1 1 1 1 0.701721 0.000000 
17 5 135 0 1 2 2 2 0 3 3 1 1.101969 0.000000 
17 5 136 0 3 0 0 1 0 1 4 0 3.142420 0.000000 
17 5 137 0 4 3 5 2 2 4 4 1 0.722001 0.000000 
17 5 138 1 3 0 0 0 0 4 4 1 1.041109 0.000000 
17 5 139 0 0 0 5 2 1 1 1 1 0.660095 0.000000 
17 5 140 0 1 1 4 2 1 2 2 1 0.829287 0.000000 
17 5 141 0 4 1 0 0 2 2 2 1 0.800855 0.000000 
17 5 142 0 2 2 2 1 1 3 3 1 1.013046 0.000000 
17 5 143 0 1 1 5 2 1 2 2 1 1.361393 0.000000 
17 5 144 0 3 3 0 0 1 4 4 1 0.655792 0.000000 
17 5 145 0 1 1 4 2 1 2 2 1 2.394046 0.000000 
17 5 146 0 3 0 5 2 0 1 1 1 0.894516 0.000000 
17 5 147 0 4 0 5 2 2 1 1 1 1.087424 0.000000 
17 5 148 0 0 0 5 2 1 1 1 1 0.600418 0.000000 
17 5 149 0 4 1 1 1 2 2 2 1 0.668580 0.000000 
17 5 150 0 5 1 1 1 2 2 2 1 1.638496 0.000000 
17 5 151 0 2 3 3 1 0 4 4 1 0.657246 0.000000 
17 5 152 0 5 0 4 2 2 1 1 1 1.931470 0.000000 
17 5 153 0 4 0 0 0 2 1 1 1 0.643441 0.000000 
17 5 154 0 2 3 4 2 0 4 4 1 0.965260 0.000000 
17 5 155 0 4 1 0 0 2 2 2 1 0.827572 0.000000 
17 5 156 1 0 0 0 1 1 1 1 1 1.143128 0.000000 
17 5 157 0 0 0 0 1 1 1 1 1 0.526117 0.000000 
17 5 158 0 5 2 0 0 2 3 3 1 0.925602 0.000000 
17 5 159 0 4 2 4 2 2 3 3 1 0.725196 0.000000 
17 5 160 1 0 1 1 0 0 1 1 1 0.924728 0.000000 
17 5 161 0 1 1 2 0 1 2 2 1 0.987331 0.000000 
17 5 162 0 3 0 0 0 0 1 1 1 1.416305 0.000000 
17 5 163 0 4 2 2 1 2 3 3 1 0.692019 0.000000 
17 5 164 0 2 3 3 0 0 4 4 1 0.772902 0.000000 
17 5 165 0 2 3 4 2 0 4 4 1 0.866490 0.000000 
17 5 166 1 1 1 1 1 2 2 2 1 0.996038 0.000000 
17 5 167 1 2 3 3 0 0 3 4 0 1.081060 0.000000 
17 5 168 0 5 3 3 1 2 4 4 1 1.197668 0.000000 
17 5 169 0 2 3 3 0 0 4 4 1 0.738262 0.000000 
17 5 170 0 2 2 3 0 1 3 3 1 0.937125 0.000000 
17 5 171 1 2 2 2 1 2 3 3 1 0.895982 0.000000 
17 5 172 0 2 2 4 2 1 3 3 1 0.705039 0.000000 
17 5 173 0 3 3 4 2 1 4 4 1 0.769187 0.000000 
17 5 174 0 3 0 3 2 0 1 1 1 0.758734 0.000000 
17 5 175 0 1 1 5 2 1 2 2 1 2.236001 0.000000 
17 5 176 0 0 1 4 2 0 2 2 1 0.799367 0.000000 
17 5 177 0 0 1 1 0 0 2 2 1 0.539991 0.000000 
17 5 178 0 3 3 0 0 1 4 4 1 0.666400 0.000000 
17 5 179 0 4 1 1 1 2 2 3 0 0.772100 0.000000 
17 5 180 0 2 2 4 2 1 3 3 1 0.757397 0.000000 
17 5 181 0 3 3 5 2 1 4 4 1 0.683189 0.000000 
17 5 182 1 1 2 2 0 0 2 2 1 1.235015 0.000000 
17 5 183 1 2 3 3 1 0 3 3 1 1.126093 0.000000 
17 5 184 1 1 2 4 2 0 2 2 1 1.261791 0.000000 
17 5 185 1 3 3 0 0 1 4 4 1 0.736185 0.000000 
17 5 186 0 1 2 2 1 0 3 2 0 0.807019 0.000000 
17 5 187 0 1 1 2 0 1 2 2 1 1.047243 0.000000 
17 5 188 0 3 3 3 1 1 4 4 1 0.609757 0.000000 
17 5 189 0 1 2 2 1 0 3 3 1 0.524957 0.000000 
17 5 190 1 0 0 1 0 1 1 1 1 0.820374 0.000000 
17 5 191 0 4 0 5 2 2 1 1 1 0.903956 0.000000 
17 5 192 0 3 3 0 2 1 4 4 1 0.648206 0.000000 
17 6 1 0 4 0 2 0 2 1 1 1 3.047521 0.000000 
17 6 2 0 0 0 3 0 1 1 1 1 0.691278 0.000000 
17 6 3 0 1 1 0 0 1 2 2 1 0.748080 0.000000 
17 6 4 0 0 2 3 0 0 3 3 1 0.650962 0.000000 
17 6 5 0 4 3 3 1 2 4 4 1 0.452222 0.000000 
17 6 6 0 3 3 2 0 1 4 4 1 0.582236 0.000000 
17 6 7 0 0 0 3 0 1 1 1 1 0.659740 0.000000 
17 6 8 0 5 2 2 1 2 3 3 1 0.701890 0.000000 
17 6 9 0 1 3 4 2 0 4 4 1 0.678089 0.000000 
17 6 10 1 1 3 5 2 2 2 2 1 1.471624 0.000000 
17 6 11 1 2 2 1 0 1 3 3 1 1.577429 0.000000 
17 6 12 0 2 2 5 2 1 3 3 1 0.847256 0.000000 
17 6 13 0 4 0 0 1 2 1 1 1 0.609145 0.000000 
17 6 14 0 1 1 4 2 1 2 1 0 0.853360 0.000000 
17 6 15 0 4 3 3 1 2 4 4 1 0.555517 0.000000 
17 6 16 1 1 1 4 2 1 2 2 1 1.009224 0.000000 
17 6 17 0 4 2 2 0 2 3 3 1 0.949476 0.000000 
17 6 18 0 5 3 2 0 2 4 4 1 0.708023 0.000000 
17 6 19 0 2 2 1 0 1 3 3 1 0.740005 0.000000 
17 6 20 0 0 0 3 0 1 1 1 1 0.665855 0.000000 
17 6 21 0 1 1 1 1 1 2 2 1 0.651991 0.000000 
17 6 22 0 5 1 2 0 2 2 2 1 0.590217 0.000000 
17 6 23 0 2 2 1 0 1 3 3 1 0.818973 0.000000 
17 6 24 0 5 2 4 2 2 3 3 1 0.662574 0.000000 
17 6 25 1 0 0 0 1 2 1 1 1 0.952781 0.000000 
17 6 26 1 2 0 1 0 0 3 3 1 1.351002 0.000000 
17 6 27 0 3 3 4 2 1 4 4 1 0.725476 0.000000 
17 6 28 0 2 2 1 0 1 3 3 1 0.691978 0.000000 
17 6 29 0 0 0 3 0 1 1 1 1 0.644829 0.000000 
17 6 30 0 5 2 2 0 2 3 3 1 0.695688 0.000000 
17 6 31 0 3 3 3 1 1 4 4 1 0.600518 0.000000 
17 6 32 0 5 2 2 1 2 3 3 1 0.748682 0.000000 
17 6 33 0 2 0 1 0 0 1 1 1 0.947553 0.000000 
17 6 34 1 2 0 1 0 0 3 3 1 1.930528 0.000000 
17 6 35 1 0 2 5 2 0 1 1 1 0.865468 0.000000 
17 6 36 0 3 1 1 1 0 2 2 1 1.467738 0.000000 
17 6 37 0 4 0 0 1 2 1 1 1 0.741524 0.000000 
17 6 38 1 1 1 0 0 1 2 2 1 1.228411 0.000000 
17 6 39 1 0 0 0 1 1 1 3 0 1.296130 0.000000 
17 6 40 1 0 2 5 2 0 1 1 1 1.253185 0.000000 
17 6 41 0 4 0 0 1 2 1 1 1 0.615153 0.000000 
17 6 42 1 1 3 3 1 2 2 2 1 1.130278 0.000000 
17 6 43 0 2 2 2 1 1 3 3 1 0.801936 0.000000 
17 6 44 0 1 1 5 2 1 2 2 1 0.910192 0.000000 
17 6 45 0 0 2 3 0 0 3 3 1 0.918465 0.000000 
17 6 46 0 3 3 4 2 1 4 4 1 0.838019 0.000000 
17 6 47 0 3 3 4 2 1 4 4 1 0.864962 0.000000 
17 6 48 0 1 1 1 1 1 2 2 1 2.658348 0.000000 
17 6 49 0 3 1 1 2 0 2 2 1 0.637129 0.000000 
17 6 50 0 3 3 3 1 1 4 4 1 1.512006 0.000000 
17 6 51 1 2 2 2 1 2 3 3 1 1.168489 0.000000 
17 6 52 0 1 1 4 2 1 2 2 1 0.750148 0.000000 
17 6 53 1 3 1 1 1 0 4 4 1 1.172381 0.000000 
17 6 54 1 3 1 2 0 0 4 4 1 0.641993 0.000000 
17 6 55 0 0 2 2 1 0 3 3 1 1.155993 0.000000 
17 6 56 1 1 3 3 1 0 2 2 1 1.498309 0.000000 
17 6 57 0 0 2 3 0 0 3 3 1 0.987418 0.000000 
17 6 58 0 0 0 3 0 1 1 1 1 0.840863 0.000000 
17 6 59 0 4 0 0 1 2 1 1 1 0.715278 0.000000 
17 6 60 0 2 0 4 2 0 1 1 1 1.123466 0.000000 
17 6 61 0 0 2 2 1 0 3 3 1 1.051168 0.000000 
17 6 62 1 1 2 0 0 2 2 2 1 1.261515 0.000000 
17 6 63 0 4 2 5 2 2 3 3 1 1.030871 0.000000 
17 6 64 0 5 3 2 0 2 4 4 1 1.634581 0.000000 
17 6 65 0 4 2 2 1 2 3 3 1 2.285812 0.000000 
17 6 66 0 3 3 2 0 1 4 4 1 0.711188 0.000000 
17 6 67 0 4 1 5 2 2 2 2 1 1.007418 0.000000 
17 6 68 0 0 2 1 2 0 3 2 0 0.851707 0.000000 
17 6 69 0 2 2 2 1 1 3 3 1 0.832902 0.000000 
17 6 70 0 3 3 4 2 1 4 4 1 0.803979 0.000000 
17 6 71 1 1 3 4 2 0 2 2 1 2.248345 0.000000 
17 6 72 0 5 2 2 0 2 3 3 1 0.659703 0.000000 
17 6 73 1 2 0 1 0 0 3 3 1 1.109872 0.000000 
17 6 74 0 3 3 4 2 1 4 4 1 0.734198 0.000000 
17 6 75 0 1 3 3 1 0 4 4 1 1.317075 0.000000 
17 6 76 0 0 2 3 0 0 3 3 1 1.059834 0.000000 
17 6 77 0 4 1 1 1 2 2 2 1 0.782146 0.000000 
17 6 78 0 5 1 1 1 2 2 2 1 0.563714 0.000000 
17 6 79 0 0 2 2 1 0 3 3 1 0.929834 0.000000 
17 6 80 0 5 0 2 0 2 1 1 1 0.745420 0.000000 
17 6 81 0 4 0 2 0 2 1 1 1 0.672331 0.000000 
17 6 82 0 3 1 4 2 0 2 2 1 0.889801 0.000000 
17 6 83 0 4 2 2 1 2 3 3 1 0.841754 0.000000 
17 6 84 0 2 0 0 1 0 1 1 1 0.676639 0.000000 
17 6 85 0 1 3 5 2 0 4 4 1 1.102169 0.000000 
17 6 86 0 2 0 0 1 0 1 1 1 1.022486 0.000000 
17 6 87 0 4 3 4 2 2 4 4 1 0.698122 0.000000 
17 6 88 1 1 3 0 2 0 2 2 1 1.154990 0.000000 
17 6 89 1 0 0 0 1 2 1 1 1 1.081335 0.000000 
17 6 90 0 0 0 4 2 1 1 1 1 0.954025 0.000000 
17 6 91 0 3 1 5 2 0 2 2 1 0.960306 0.000000 
17 6 92 1 3 1 1 1 0 4 4 1 1.846619 0.000000 
17 6 93 0 4 1 4 2 2 2 2 1 0.793865 0.000000 
17 6 94 0 5 0 2 0 2 1 1 1 0.766772 0.000000 
17 6 95 0 0 2 4 2 0 3 3 1 1.028673 0.000000 
17 6 96 0 5 2 2 0 2 3 3 1 0.607941 0.000000 
17 6 97 0 0 2 2 1 0 3 3 1 0.491121 0.000000 
17 6 98 1 1 3 4 2 0 2 4 0 0.699859 0.000000 
17 6 99 0 1 3 3 1 0 4 4 1 1.152284 0.000000 
17 6 100 0 3 3 3 1 1 4 4 1 0.630581 0.000000 
17 6 101 1 1 1 1 1 1 2 2 1 0.746078 0.000000 
17 6 102 0 2 0 0 1 0 1 1 1 1.192932 0.000000 
17 6 103 1 2 2 5 2 2 3 3 1 1.262003 0.000000 
17 6 104 0 3 3 2 0 1 4 4 1 0.824421 0.000000 
17 6 105 0 4 0 0 1 2 1 1 1 0.834985 0.000000 
17 6 106 1 3 3 2 0 1 4 4 1 0.821868 0.000000 
17 6 107 0 3 1 2 0 0 2 2 1 1.657483 0.000000 
17 6 108 0 0 0 0 1 1 1 1 1 1.340012 0.000000 
17 6 109 1 0 3 3 0 2 1 1 1 1.451133 0.000000 
17 6 110 1 2 2 1 0 1 3 3 1 1.853580 0.000000 
17 6 111 0 3 1 1 1 0 2 2 1 1.143176 0.000000 
17 6 112 1 2 2 4 2 1 3 3 1 1.166231 0.000000 
17 6 113 0 1 1 0 0 1 2 2 1 1.212159 0.000000 
17 6 114 0 1 1 0 0 1 2 2 1 0.640293 0.000000 
17 6 115 0 4 3 0 2 2 4 4 1 1.027369 0.000000 
17 6 116 0 2 2 2 1 1 3 3 1 1.238809 0.000000 
17 6 117 0 1 1 0 0 1 2 2 1 0.673804 0.000000 
17 6 118 0 5 1 2 2 2 2 2 1 0.794312 0.000000 
17 6 119 1 0 0 3 0 1 1 1 1 2.143281 0.000000 
17 6 120 1 3 1 4 2 0 4 4 1 1.078627 0.000000 
17 6 121 0 3 3 2 0 1 4 4 1 0.944294 0.000000 
17 6 122 1 2 2 0 2 1 3 3 1 1.311257 0.000000 
17 6 123 0 1 3 4 2 0 4 4 1 0.855639 0.000000 
17 6 124 1 0 2 2 1 0 1 1 1 1.032945 0.000000 
17 6 125 1 0 2 2 1 2 1 1 1 0.684076 0.000000 
17 6 126 0 0 2 2 1 0 3 1 0 0.740731 0.000000 
17 6 127 0 2 0 5 2 0 1 1 1 0.951534 0.000000 
17 6 128 0 2 0 0 1 0 1 1 1 0.965423 0.000000 
17 6 129 0 3 1 4 2 0 2 2 1 0.883701 0.000000 
17 6 130 0 3 1 2 0 0 2 2 1 0.772619 0.000000 
17 6 131 0 1 3 2 2 0 4 4 1 0.666162 0.000000 
17 6 132 1 3 3 5 2 2 4 4 1 1.011086 0.000000 
17 6 133 0 4 1 1 1 2 2 2 1 0.783038 0.000000 
17 6 134 0 3 1 2 0 0 2 2 1 0.676014 0.000000 
17 6 135 1 0 0 2 2 1 1 1 1 1.405411 0.000000 
17 6 136 0 3 1 2 0 0 2 2 1 0.849841 0.000000 
17 6 137 0 3 3 2 0 1 4 4 1 0.732014 0.000000 
17 6 138 0 5 0 0 1 2 1 1 1 0.747575 0.000000 
17 6 139 1 1 1 5 2 1 2 2 1 1.121474 0.000000 
17 6 140 0 2 0 0 1 0 1 1 1 0.897143 0.000000 
17 6 141 0 1 3 0 0 0 4 4 1 2.298105 0.000000 
17 6 142 0 3 3 3 1 1 4 4 1 0.507515 0.000000 
17 6 143 1 2 2 4 2 1 3 3 1 1.419655 0.000000 
17 6 144 0 1 1 0 2 1 2 2 1 0.735431 0.000000 
17 6 145 0 3 1 2 0 0 2 2 1 0.686294 0.000000 
17 6 146 0 5 2 5 2 2 3 3 1 1.150175 0.000000 
17 6 147 1 2 1 4 2 2 3 3 1 1.124533 0.000000 
17 6 148 0 5 0 5 2 2 1 1 1 0.796203 0.000000 
17 6 149 1 3 3 2 0 1 4 4 1 2.489109 0.000000 
17 6 150 0 5 1 5 2 2 2 2 1 0.898615 0.000000 
17 6 151 0 4 1 3 2 2 2 2 1 1.107586 0.000000 
17 6 152 0 2 0 0 1 0 1 1 1 0.891898 0.000000 
17 6 153 0 2 2 4 2 1 3 3 1 0.707814 0.000000 
17 6 154 1 2 2 1 0 1 3 3 1 1.107999 0.000000 
17 6 155 0 2 2 0 2 1 3 3 1 0.540313 0.000000 
17 6 156 1 1 3 3 1 0 2 2 1 0.979138 0.000000 
17 6 157 0 3 3 3 1 1 4 4 1 0.928777 0.000000 
17 6 158 0 1 3 0 0 0 4 4 1 0.560359 0.000000 
17 6 159 0 0 2 2 1 0 3 3 1 1.590534 0.000000 
17 6 160 0 1 3 5 2 0 4 4 1 0.762712 0.000000 
17 6 161 0 3 1 1 1 0 2 2 1 0.968874 0.000000 
17 6 162 0 5 3 2 0 2 4 4 1 0.734485 0.000000 
17 6 163 0 3 3 2 2 1 4 4 1 0.517376 0.000000 
17 6 164 0 1 1 0 0 1 2 2 1 0.940890 0.000000 
17 6 165 0 4 3 4 2 2 4 4 1 0.579758 0.000000 
17 6 166 0 2 0 4 2 0 1 1 1 2.953365 0.000000 
17 6 167 0 4 2 2 0 2 3 3 1 0.759304 0.000000 
17 6 168 0 5 2 2 1 2 3 3 1 0.629445 0.000000 
17 6 169 1 0 2 3 0 0 1 1 1 1.161021 0.000000 
17 6 170 1 1 1 4 2 2 2 2 1 1.087351 0.000000 
17 6 171 0 4 0 4 2 2 1 1 1 0.744348 0.000000 
17 6 172 0 5 0 5 2 2 1 1 1 1.687248 0.000000 
17 6 173 0 2 0 1 0 0 1 1 1 0.688401 0.000000 
17 6 174 0 2 2 5 2 1 3 3 1 0.568273 0.000000 
17 6 175 0 2 2 1 0 1 3 3 1 0.525766 0.000000 
17 6 176 0 5 3 3 1 2 4 4 1 0.565220 0.000000 
17 6 177 1 0 2 2 1 2 1 1 1 0.995365 0.000000 
17 6 178 0 0 0 0 1 1 1 1 1 0.728307 0.000000 
17 6 179 1 0 2 3 0 0 1 1 1 0.831822 0.000000 
17 6 180 1 0 0 4 2 1 1 1 1 0.779375 0.000000 
17 6 181 0 1 3 5 2 0 4 4 1 1.553007 0.000000 
17 6 182 0 5 1 1 1 2 2 2 1 1.054489 0.000000 
17 6 183 0 0 2 4 2 0 3 1 0 0.752803 0.000000 
17 6 184 0 0 2 2 1 0 3 3 1 1.282942 0.000000 
17 6 185 0 4 0 0 1 2 1 1 1 0.700032 0.000000 
17 6 186 1 1 1 2 2 2 2 2 1 0.996001 0.000000 
17 6 187 0 4 1 1 1 2 2 2 1 0.648733 0.000000 
17 6 188 0 0 0 0 1 1 1 1 1 0.787601 0.000000 
17 6 189 0 2 2 1 0 1 3 3 1 0.599428 0.000000 
17 6 190 0 5 2 2 0 2 3 3 1 0.676040 0.000000 
17 6 191 1 2 3 1 0 2 3 3 1 2.541193 0.000000 
17 6 192 0 5 3 2 0 2 4 4 1 0.868691 0.000000 
