15 1 1 0 3 3 3 1 1 4 4 1 2.683830 0.000000 
15 1 2 0 0 3 3 0 0 4 4 1 1.573289 0.000000 
15 1 3 0 2 2 1 0 1 3 2 0 4.954348 0.000000 
15 1 4 0 5 1 0 2 2 2 2 1 1.773712 0.000000 
15 1 5 0 4 0 0 2 2 1 1 1 0.867060 0.000000 
15 1 6 0 1 0 0 0 0 1 1 1 1.556213 0.000000 
15 1 7 0 4 2 2 0 2 3 3 1 1.266888 0.000000 
15 1 8 0 3 3 2 0 1 4 4 1 0.788647 0.000000 
15 1 9 1 0 0 3 0 1 1 1 1 0.760623 0.000000 
15 1 10 0 1 1 0 0 1 2 2 1 0.878920 0.000000 
15 1 11 0 4 2 4 2 2 3 3 1 1.008657 0.000000 
15 1 12 1 0 0 3 0 1 1 1 1 0.892995 0.000000 
15 1 13 0 1 1 0 0 1 2 2 1 0.830002 0.000000 
15 1 14 0 5 0 5 2 2 1 1 1 0.769685 0.000000 
15 1 15 0 3 3 5 2 1 4 4 1 0.655299 0.000000 
15 1 16 1 2 1 1 0 0 3 2 0 2.456548 0.000000 
15 1 17 1 2 1 1 0 0 3 3 1 1.583333 0.000000 
15 1 18 0 3 3 2 0 1 4 4 1 0.956396 0.000000 
15 1 19 0 0 3 3 1 0 4 4 1 1.362787 0.000000 
15 1 20 0 0 0 5 2 1 1 1 1 1.249354 0.000000 
15 1 21 0 0 0 0 2 1 1 1 1 0.524058 0.000000 
15 1 22 0 3 2 0 2 0 3 3 1 1.098326 0.000000 
15 1 23 1 2 3 1 0 2 3 4 0 2.379551 0.000000 
15 1 24 0 1 0 0 0 0 1 2 0 0.829565 0.000000 
15 1 25 0 4 0 4 2 2 1 1 1 0.788755 0.000000 
15 1 26 0 1 0 0 1 0 1 1 1 1.121505 0.000000 
15 1 27 0 2 1 1 0 0 2 2 1 0.881236 0.000000 
15 1 28 0 2 2 2 1 1 3 3 1 0.937841 0.000000 
15 1 29 1 2 2 0 2 1 3 3 1 1.616933 0.000000 
15 1 30 1 0 0 0 1 1 1 1 1 1.212941 0.000000 
15 1 31 1 2 2 2 1 1 3 3 1 0.705398 0.000000 
15 1 32 1 1 1 4 2 1 2 2 1 1.881661 0.000000 
15 1 33 0 1 1 0 0 1 2 2 1 1.339784 0.000000 
15 1 34 0 3 2 2 1 0 3 3 1 1.746025 0.000000 
15 1 35 0 3 3 2 0 1 4 4 1 0.849353 0.000000 
15 1 36 0 5 1 4 2 2 2 3 0 0.755932 0.000000 
15 1 37 0 1 1 4 2 1 2 2 1 0.797715 0.000000 
15 1 38 0 5 3 3 1 2 4 4 1 0.842499 0.000000 
15 1 39 0 2 1 1 0 0 2 3 0 1.733450 0.000000 
15 1 40 0 5 3 4 2 2 4 4 1 3.511733 0.000000 
15 1 41 0 4 3 3 1 2 4 4 1 0.712842 0.000000 
15 1 42 0 1 1 1 1 1 2 2 1 0.689040 0.000000 
15 1 43 0 4 2 2 1 2 3 3 1 0.834033 0.000000 
15 1 44 0 0 0 0 1 1 1 1 1 2.157078 0.000000 
15 1 45 0 0 3 3 0 0 4 4 1 1.315944 0.000000 
15 1 46 1 1 1 1 1 1 2 2 1 1.027008 0.000000 
15 1 47 0 1 1 0 0 1 2 2 1 1.310520 0.000000 
15 1 48 0 1 0 0 1 0 1 1 1 0.934936 0.000000 
15 1 49 0 3 2 0 2 0 3 3 1 0.894000 0.000000 
15 1 50 0 0 3 5 2 0 4 4 1 0.775039 0.000000 
15 1 51 1 2 2 2 1 1 3 3 1 1.076682 0.000000 
15 1 52 0 2 1 0 2 0 2 2 1 1.534477 0.000000 
15 1 53 1 1 1 1 1 1 2 2 1 1.372739 0.000000 
15 1 54 0 5 3 2 0 2 4 4 1 0.738618 0.000000 
15 1 55 0 3 2 0 2 0 3 3 1 3.561653 0.000000 
15 1 56 0 5 1 1 1 2 2 3 0 0.784977 0.000000 
15 1 57 0 4 1 2 0 2 2 3 0 1.001796 0.000000 
15 1 58 0 0 0 4 2 1 1 1 1 0.801730 0.000000 
15 1 59 0 2 2 5 2 1 3 3 1 2.196857 0.000000 
15 1 60 0 2 1 1 0 0 2 2 1 0.914325 0.000000 
15 1 61 0 2 1 0 2 0 2 2 1 1.362728 0.000000 
15 1 62 0 5 3 2 0 2 4 4 1 0.665283 0.000000 
15 1 63 1 3 3 2 0 1 4 4 1 0.795532 0.000000 
15 1 64 1 2 1 1 1 0 3 3 1 1.608513 0.000000 
15 1 65 0 4 0 0 1 2 1 1 1 0.749065 0.000000 
15 1 66 0 0 3 4 2 0 4 4 1 1.498990 0.000000 
15 1 67 0 0 3 3 1 0 4 4 1 0.555901 0.000000 
15 1 68 1 3 1 5 2 2 4 2 0 3.177980 0.000000 
15 1 69 0 3 2 2 0 0 3 4 0 0.812319 0.000000 
15 1 70 0 3 3 3 1 1 4 4 1 0.636170 0.000000 
15 1 71 0 4 3 5 2 2 4 4 1 0.790811 0.000000 
15 1 72 1 3 2 2 1 2 4 4 1 1.162816 0.000000 
15 1 73 0 4 0 0 2 2 1 1 1 0.657251 0.000000 
15 1 74 0 2 1 1 0 0 2 3 0 2.387575 0.000000 
15 1 75 1 2 1 1 1 0 3 3 1 1.140908 0.000000 
15 1 76 0 2 2 2 1 1 3 3 1 0.859751 0.000000 
15 1 77 1 3 3 2 0 1 4 4 1 0.742116 0.000000 
15 1 78 1 1 2 0 0 2 2 3 0 1.948037 0.000000 
15 1 79 1 1 0 4 2 0 2 2 1 1.655342 0.000000 
15 1 80 0 3 2 2 1 0 3 4 0 0.833819 0.000000 
15 1 81 0 3 3 2 0 1 4 4 1 0.888543 0.000000 
15 1 82 1 1 2 0 0 2 2 2 1 1.793377 0.000000 
15 1 83 0 4 0 4 2 2 1 1 1 0.686702 0.000000 
15 1 84 1 0 0 3 0 1 1 1 1 2.486698 0.000000 
15 1 85 0 4 0 2 0 2 1 1 1 0.688280 0.000000 
15 1 86 1 3 3 3 1 1 4 4 1 0.841239 0.000000 
15 1 87 0 0 0 0 1 1 1 1 1 2.044325 0.000000 
15 1 88 0 2 2 4 2 1 3 3 1 0.919724 0.000000 
15 1 89 0 4 2 0 2 2 3 3 1 0.647451 0.000000 
15 1 90 0 0 3 0 2 0 4 4 1 0.737287 0.000000 
15 1 91 0 4 2 2 1 2 3 3 1 0.832300 0.000000 
15 1 92 0 1 0 0 0 0 1 1 1 2.707937 0.000000 
15 1 93 0 0 3 3 0 0 4 4 1 1.365066 0.000000 
15 1 94 0 0 3 3 1 0 4 4 1 0.491615 0.000000 
15 1 95 0 0 3 3 1 0 4 4 1 0.500410 0.000000 
15 1 96 0 1 1 0 0 1 2 2 1 1.124639 0.000000 
15 1 97 1 3 2 4 2 0 4 3 0 0.899381 0.000000 
15 1 98 0 5 1 2 0 2 2 3 0 1.591995 0.000000 
15 1 99 0 3 3 3 1 1 4 4 1 0.729019 0.000000 
15 1 100 0 5 1 4 2 2 2 2 1 2.072520 0.000000 
15 1 101 0 3 2 5 2 0 3 3 1 1.458631 0.000000 
15 1 102 0 5 0 0 1 2 1 1 1 0.749171 0.000000 
15 1 103 0 0 3 3 1 0 4 4 1 1.162988 0.000000 
15 1 104 0 1 1 1 1 1 2 2 1 2.248934 0.000000 
15 1 105 0 2 1 1 1 0 2 2 1 1.356094 0.000000 
15 1 106 0 0 3 4 2 0 4 4 1 0.770339 0.000000 
15 1 107 0 1 0 4 2 0 1 1 1 0.831997 0.000000 
15 1 108 0 1 0 4 2 0 1 1 1 0.715645 0.000000 
15 1 109 0 4 2 4 2 2 3 3 1 0.778909 0.000000 
15 1 110 0 5 3 3 1 2 4 1 0 0.640534 0.000000 
15 1 111 1 0 3 4 2 0 1 1 1 2.095334 0.000000 
15 1 112 0 1 1 4 2 1 2 2 1 2.856590 0.000000 
15 1 113 0 4 3 2 0 2 4 4 1 0.699701 0.000000 
15 1 114 0 1 0 4 2 0 1 1 1 0.819985 0.000000 
15 1 115 0 2 2 5 2 1 3 3 1 3.718764 0.000000 
15 1 116 1 3 2 2 1 0 4 4 1 0.799425 0.000000 
15 1 117 0 4 2 4 2 2 3 3 1 0.708034 0.000000 
15 1 118 0 5 2 2 1 2 3 3 1 0.772027 0.000000 
15 1 119 0 4 1 2 0 2 2 2 1 0.945719 0.000000 
15 1 120 0 2 1 5 2 0 2 2 1 0.864719 0.000000 
15 1 121 1 3 3 3 1 1 4 4 1 1.347019 0.000000 
15 1 122 0 5 3 3 1 2 4 4 1 0.641200 0.000000 
15 1 123 0 4 3 4 2 2 4 4 1 0.572116 0.000000 
15 1 124 0 1 1 0 0 1 2 2 1 1.137689 0.000000 
15 1 125 0 2 1 1 1 0 2 3 0 2.184860 0.000000 
15 1 126 0 5 0 4 2 2 1 1 1 0.930177 0.000000 
15 1 127 0 4 1 4 2 2 2 2 1 1.313683 0.000000 
15 1 128 0 3 3 3 1 1 4 4 1 0.673134 0.000000 
15 1 129 0 4 1 2 0 2 2 2 1 2.274768 0.000000 
15 1 130 0 3 3 3 1 1 4 4 1 0.580894 0.000000 
15 1 131 0 3 3 4 2 1 4 4 1 0.618561 0.000000 
15 1 132 1 0 3 3 0 0 1 4 0 1.566132 0.000000 
15 1 133 1 0 0 3 0 1 1 1 1 0.703855 0.000000 
15 1 134 0 0 0 5 2 1 1 1 1 1.614936 0.000000 
15 1 135 0 4 0 0 1 2 1 1 1 1.339555 0.000000 
15 1 136 0 2 1 1 0 0 2 3 0 2.626764 0.000000 
15 1 137 0 4 0 0 1 2 1 1 1 0.602876 0.000000 
15 1 138 1 1 0 4 2 0 2 1 0 0.710927 0.000000 
15 1 139 0 1 0 0 1 0 1 1 1 1.690075 0.000000 
15 1 140 0 1 1 0 0 1 2 2 1 0.899075 0.000000 
15 1 141 0 2 2 1 0 1 3 3 1 0.891965 0.000000 
15 1 142 0 5 1 2 0 2 2 3 0 0.772448 0.000000 
15 1 143 0 3 2 5 2 0 3 3 1 1.221853 0.000000 
15 1 144 0 5 1 2 0 2 2 2 1 1.065457 0.000000 
15 1 145 1 0 0 4 2 2 1 1 1 0.787824 0.000000 
15 1 146 0 3 3 3 1 1 4 4 1 0.912866 0.000000 
15 1 147 0 0 0 3 0 1 1 1 1 0.808173 0.000000 
15 1 148 0 1 0 0 0 0 1 2 0 1.212542 0.000000 
15 1 149 0 2 1 1 0 0 2 2 1 1.108807 0.000000 
15 1 150 1 3 3 3 1 1 4 4 1 0.636928 0.000000 
15 1 151 0 0 0 0 1 1 1 1 1 0.703773 0.000000 
15 1 152 0 0 0 3 0 1 1 1 1 0.768046 0.000000 
15 1 153 1 0 2 0 2 2 1 1 1 1.588816 0.000000 
15 1 154 1 3 2 5 2 0 4 4 1 1.842076 0.000000 
15 1 155 0 4 3 4 2 2 4 4 1 0.853480 0.000000 
15 1 156 1 2 1 1 1 0 3 3 1 1.439814 0.000000 
15 1 157 0 3 2 2 1 0 3 3 1 1.875023 0.000000 
15 1 158 1 3 2 2 0 0 4 4 1 0.869161 0.000000 
15 1 159 0 4 3 4 2 2 4 1 0 0.870871 0.000000 
15 1 160 1 2 1 1 0 0 3 3 1 2.387332 0.000000 
15 1 161 1 0 2 2 1 2 1 1 1 1.184685 0.000000 
15 1 162 0 5 2 2 0 2 3 3 1 1.197807 0.000000 
15 1 163 0 4 1 4 2 2 2 2 1 1.058983 0.000000 
15 1 164 0 5 2 2 0 2 3 3 1 1.861402 0.000000 
15 1 165 1 0 0 3 0 1 1 1 1 1.272147 0.000000 
15 1 166 1 1 2 5 2 2 2 3 0 2.153026 0.000000 
15 1 167 1 0 3 3 0 0 1 4 0 1.979635 0.000000 
15 1 168 1 0 0 0 1 1 1 1 1 0.973320 0.000000 
15 1 169 1 3 3 5 2 1 4 4 1 1.674807 0.000000 
15 1 170 0 5 1 1 1 2 2 2 1 1.252785 0.000000 
15 1 171 1 2 1 1 0 0 3 3 1 1.766345 0.000000 
15 1 172 0 3 3 3 1 1 4 4 1 0.668343 0.000000 
15 1 173 0 3 2 5 2 0 3 2 0 2.133981 0.000000 
15 1 174 0 0 0 0 1 1 1 1 1 0.641239 0.000000 
15 1 175 0 4 3 3 1 2 4 4 1 1.259931 0.000000 
15 1 176 0 2 2 1 0 1 3 3 1 1.046426 0.000000 
15 1 177 1 0 1 5 2 2 1 1 1 3.512632 0.000000 
15 1 178 0 1 1 1 1 1 2 2 1 1.081986 0.000000 
15 1 179 0 4 2 2 0 2 3 3 1 1.371739 0.000000 
15 1 180 0 5 1 4 2 2 2 2 1 1.177590 0.000000 
15 1 181 0 0 3 3 1 0 4 4 1 1.679441 0.000000 
15 1 182 1 1 2 4 2 2 2 2 1 1.856431 0.000000 
15 1 183 0 4 2 2 0 2 3 1 0 1.619193 0.000000 
15 1 184 0 1 0 0 0 0 1 1 1 2.315064 0.000000 
15 1 185 0 3 3 4 2 1 4 4 1 1.099628 0.000000 
15 1 186 0 5 1 1 1 2 2 3 0 0.876030 0.000000 
15 1 187 0 0 0 0 1 1 1 1 1 0.609487 0.000000 
15 1 188 0 1 0 4 2 0 1 1 1 0.820440 0.000000 
15 1 189 1 0 0 0 1 2 1 1 1 1.400171 0.000000 
15 1 190 0 3 2 2 1 0 3 3 1 2.348850 0.000000 
15 1 191 0 3 2 2 0 0 3 3 1 1.771945 0.000000 
15 1 192 1 3 3 3 1 2 4 4 1 1.153690 0.000000 
15 2 1 1 2 0 0 1 0 3 0 0 5.000008 0.000000 
15 2 2 0 1 3 3 1 0 4 2 0 1.285939 0.000000 
15 2 3 0 2 0 4 2 0 1 1 1 1.258672 0.000000 
15 2 4 0 3 1 2 0 0 2 2 1 1.219953 0.000000 
15 2 5 0 0 2 0 2 0 3 2 0 3.535827 0.000000 
15 2 6 1 3 1 0 2 0 4 4 1 1.683667 0.000000 
15 2 7 0 3 1 1 1 0 2 2 1 1.652754 0.000000 
15 2 8 0 1 3 2 2 0 4 4 1 1.294483 0.000000 
15 2 9 1 0 3 3 1 2 1 1 1 1.039613 0.000000 
15 2 10 1 0 0 0 1 1 1 1 1 1.346654 0.000000 
15 2 11 0 3 1 5 2 0 2 2 1 1.897938 0.000000 
15 2 12 0 5 2 2 0 2 3 3 1 2.379379 0.000000 
15 2 13 1 2 0 1 0 0 3 1 0 1.121556 0.000000 
15 2 14 1 1 2 5 2 2 2 2 1 3.428282 0.000000 
15 2 15 0 4 2 2 1 2 3 3 1 0.960636 0.000000 
15 2 16 0 3 1 2 0 0 2 2 1 1.903133 0.000000 
15 2 17 0 1 3 0 0 0 4 4 1 0.943746 0.000000 
15 2 18 0 3 1 2 0 0 2 3 0 2.118965 0.000000 
15 2 19 1 1 1 4 2 1 2 2 1 1.585915 0.000000 
15 2 20 0 5 0 0 1 2 1 1 1 0.838879 0.000000 
15 2 21 0 1 1 0 2 1 2 2 1 0.785881 0.000000 
15 2 22 0 1 1 0 0 1 2 2 1 0.710850 0.000000 
15 2 23 0 4 3 4 2 2 4 4 1 0.751130 0.000000 
15 2 24 1 3 0 0 1 2 4 4 1 1.421423 0.000000 
15 2 25 0 2 2 4 2 1 3 2 0 1.305331 0.000000 
15 2 26 0 1 1 5 2 1 2 2 1 0.796660 0.000000 
15 2 27 0 3 1 2 0 0 2 4 0 0.977413 0.000000 
15 2 28 1 1 3 3 1 0 2 4 0 0.738858 0.000000 
15 2 29 0 3 3 4 2 1 4 4 1 0.717397 0.000000 
15 2 30 0 2 0 4 2 0 1 1 1 0.924701 0.000000 
15 2 31 0 4 0 2 0 2 1 1 1 1.108498 0.000000 
15 2 32 0 3 1 4 2 0 2 2 1 1.443906 0.000000 
15 2 33 0 0 0 0 1 1 1 1 1 0.903139 0.000000 
15 2 34 0 5 3 3 1 2 4 4 1 0.711469 0.000000 
15 2 35 1 3 1 2 0 0 4 4 1 2.487811 0.000000 
15 2 36 1 3 1 2 0 0 4 4 1 0.633390 0.000000 
15 2 37 1 0 2 2 1 0 1 4 0 1.404361 0.000000 
15 2 38 0 5 3 4 2 2 4 4 1 1.116644 0.000000 
15 2 39 0 2 2 1 2 1 3 3 1 2.155314 0.000000 
15 2 40 0 5 3 3 1 2 4 4 1 0.842148 0.000000 
15 2 41 0 4 3 2 0 2 4 4 1 0.709083 0.000000 
15 2 42 0 0 0 1 2 1 1 1 1 1.093395 0.000000 
15 2 43 1 3 3 5 2 1 4 4 1 0.774462 0.000000 
15 2 44 0 3 3 2 0 1 4 4 1 0.716029 0.000000 
15 2 45 1 3 3 4 2 1 4 4 1 0.826966 0.000000 
15 2 46 0 5 1 2 0 2 2 2 1 1.222357 0.000000 
15 2 47 0 1 3 0 0 0 4 4 1 2.250247 0.000000 
15 2 48 1 0 0 0 1 1 1 1 1 0.661059 0.000000 
15 2 49 1 0 0 0 1 1 1 1 1 0.711304 0.000000 
15 2 50 0 3 1 4 2 0 2 2 1 1.287635 0.000000 
15 2 51 0 4 3 2 2 2 4 4 1 0.680751 0.000000 
15 2 52 0 5 1 0 2 2 2 2 1 1.041344 0.000000 
15 2 53 0 4 2 2 1 2 3 3 1 1.076452 0.000000 
15 2 54 1 1 3 4 2 2 2 4 0 0.870170 0.000000 
15 2 55 0 4 0 4 2 2 1 1 1 1.411718 0.000000 
15 2 56 0 0 0 3 0 1 1 1 1 0.912030 0.000000 
15 2 57 0 0 2 2 1 0 3 2 0 1.920416 0.000000 
15 2 58 0 5 1 4 2 2 2 2 1 2.555328 0.000000 
15 2 59 0 2 0 0 1 0 1 3 0 1.082006 0.000000 
15 2 60 1 3 1 1 1 0 4 4 1 1.775926 0.000000 
15 2 61 1 0 2 2 1 0 1 1 1 1.213365 0.000000 
15 2 62 0 0 2 2 1 0 3 1 0 4.794067 0.000000 
15 2 63 0 1 1 0 0 1 2 2 1 0.987347 0.000000 
15 2 64 0 0 2 3 0 0 3 3 1 1.000110 0.000000 
15 2 65 0 2 0 0 1 0 1 3 0 4.876749 0.000000 
15 2 66 0 5 3 3 1 2 4 4 1 0.747626 0.000000 
15 2 67 0 0 2 3 0 0 3 3 1 1.610487 0.000000 
15 2 68 0 5 1 1 1 2 2 2 1 0.957996 0.000000 
15 2 69 0 0 0 0 1 1 1 1 1 0.700406 0.000000 
15 2 70 0 3 3 2 0 1 4 4 1 0.756667 0.000000 
15 2 71 0 0 2 5 2 0 3 3 1 1.090944 0.000000 
15 2 72 1 3 1 2 0 0 4 4 1 2.660118 0.000000 
15 2 73 0 4 3 3 1 2 4 4 1 0.695118 0.000000 
15 2 74 0 5 3 4 2 2 4 4 1 0.575044 0.000000 
15 2 75 0 3 3 1 2 1 4 4 1 0.572585 0.000000 
15 2 76 1 3 3 3 1 1 4 4 1 1.066122 0.000000 
15 2 77 0 0 0 3 0 1 1 1 1 2.628012 0.000000 
15 2 78 0 0 0 0 1 1 1 1 1 1.328373 0.000000 
15 2 79 0 2 0 4 2 0 1 1 1 1.424232 0.000000 
15 2 80 0 1 1 4 2 1 2 2 1 0.819999 0.000000 
15 2 81 0 0 2 2 1 0 3 1 0 1.070789 0.000000 
15 2 82 0 5 2 2 0 2 3 3 1 1.084289 0.000000 
15 2 83 1 2 0 1 0 0 3 1 0 1.317134 0.000000 
15 2 84 0 2 2 1 0 1 3 3 1 2.440855 0.000000 
15 2 85 0 4 0 4 2 2 1 1 1 0.772214 0.000000 
15 2 86 0 0 2 3 0 0 3 3 1 1.520869 0.000000 
15 2 87 1 2 2 1 0 1 3 3 1 0.992773 0.000000 
15 2 88 1 2 0 1 0 0 3 3 1 1.269848 0.000000 
15 2 89 0 0 0 0 1 1 1 1 1 0.671655 0.000000 
15 2 90 0 0 2 4 2 0 3 3 1 0.977333 0.000000 
15 2 91 0 4 1 1 1 2 2 2 1 1.110952 0.000000 
15 2 92 0 5 1 2 0 2 2 3 0 0.807459 0.000000 
15 2 93 0 0 2 4 2 0 3 3 1 2.206614 0.000000 
15 2 94 0 0 0 5 2 1 1 1 1 0.803174 0.000000 
15 2 95 0 4 0 2 0 2 1 1 1 0.823514 0.000000 
15 2 96 0 1 3 3 1 0 4 4 1 1.291105 0.000000 
15 2 97 1 0 2 4 2 2 1 1 1 3.004363 0.000000 
15 2 98 0 1 1 0 0 1 2 2 1 1.401611 0.000000 
15 2 99 0 4 0 0 1 2 1 1 1 0.773099 0.000000 
15 2 100 1 3 2 2 1 2 4 4 1 1.498728 0.000000 
15 2 101 0 2 2 2 1 1 3 3 1 1.027924 0.000000 
15 2 102 1 2 2 2 1 1 3 3 1 1.679739 0.000000 
15 2 103 0 1 1 0 0 1 2 2 1 1.409829 0.000000 
15 2 104 1 1 1 0 0 1 2 2 1 0.574241 0.000000 
15 2 105 0 2 0 0 1 0 1 1 1 2.138915 0.000000 
15 2 106 0 0 0 3 0 1 1 1 1 1.130371 0.000000 
15 2 107 0 0 0 4 2 1 1 1 1 0.746163 0.000000 
15 2 108 0 2 0 1 0 0 1 1 1 1.185129 0.000000 
15 2 109 1 0 1 4 2 2 1 2 0 0.934192 0.000000 
15 2 110 0 5 3 2 0 2 4 4 1 0.817082 0.000000 
15 2 111 0 1 1 4 2 1 2 2 1 1.499538 0.000000 
15 2 112 0 1 1 4 2 1 2 2 1 0.676085 0.000000 
15 2 113 0 2 0 2 2 0 1 1 1 0.805612 0.000000 
15 2 114 0 1 3 0 0 0 4 4 1 0.657880 0.000000 
15 2 115 0 4 2 4 2 2 3 3 1 0.860290 0.000000 
15 2 116 0 2 2 1 0 1 3 3 1 0.670527 0.000000 
15 2 117 0 4 3 4 2 2 4 4 1 0.720106 0.000000 
15 2 118 1 2 0 4 2 0 3 3 1 2.551803 0.000000 
15 2 119 0 0 0 3 0 1 1 1 1 0.837792 0.000000 
15 2 120 0 5 2 2 0 2 3 3 1 1.136827 0.000000 
15 2 121 0 4 2 2 0 2 3 3 1 0.639942 0.000000 
15 2 122 0 0 2 3 0 0 3 3 1 0.818774 0.000000 
15 2 123 1 2 2 5 2 1 3 3 1 1.006464 0.000000 
15 2 124 0 5 1 4 2 2 2 2 1 0.842874 0.000000 
15 2 125 0 0 0 0 1 1 1 1 1 0.653919 0.000000 
15 2 126 0 2 0 1 0 0 1 1 1 1.511102 0.000000 
15 2 127 0 1 1 0 0 1 2 2 1 0.943673 0.000000 
15 2 128 1 3 0 2 0 2 4 4 1 1.518764 0.000000 
15 2 129 0 4 0 2 2 2 1 1 1 0.822614 0.000000 
15 2 130 0 1 3 0 0 0 4 4 1 1.226358 0.000000 
15 2 131 0 1 1 4 2 1 2 2 1 1.294170 0.000000 
15 2 132 1 3 3 2 0 2 4 4 1 0.967311 0.000000 
15 2 133 1 0 1 1 1 2 1 1 1 1.660098 0.000000 
15 2 134 0 5 3 2 0 2 4 4 1 0.774727 0.000000 
15 2 135 0 1 1 0 0 1 2 2 1 2.588461 0.000000 
15 2 136 0 2 0 1 0 0 1 1 1 0.978050 0.000000 
15 2 137 0 4 1 1 1 2 2 2 1 1.343754 0.000000 
15 2 138 0 5 0 0 1 2 1 1 1 0.807007 0.000000 
15 2 139 0 3 3 4 2 1 4 4 1 0.738297 0.000000 
15 2 140 0 3 3 3 1 1 4 4 1 0.753254 0.000000 
15 2 141 0 2 0 0 1 0 1 1 1 1.175506 0.000000 
15 2 142 0 5 1 2 2 2 2 2 1 0.845335 0.000000 
15 2 143 1 1 1 1 1 1 2 2 1 1.480339 0.000000 
15 2 144 0 3 1 1 1 0 2 4 0 0.690198 0.000000 
15 2 145 0 1 3 4 2 0 4 4 1 0.885996 0.000000 
15 2 146 0 0 2 3 0 0 3 3 1 4.262883 0.000000 
15 2 147 0 4 2 2 0 2 3 3 1 0.578406 0.000000 
15 2 148 0 0 2 2 1 0 3 3 1 0.512008 0.000000 
15 2 149 0 0 2 5 2 0 3 3 1 0.472236 0.000000 
15 2 150 0 3 3 3 1 1 4 4 1 0.721709 0.000000 
15 2 151 1 3 3 2 0 1 4 1 0 0.873336 0.000000 
15 2 152 0 2 0 3 2 0 1 1 1 3.229893 0.000000 
15 2 153 0 2 2 2 1 1 3 3 1 3.770359 0.000000 
15 2 154 0 1 3 0 0 0 4 4 1 2.025169 0.000000 
15 2 155 0 2 2 2 1 1 3 3 1 1.245233 0.000000 
15 2 156 0 5 1 5 2 2 2 3 0 1.799489 0.000000 
15 2 157 0 3 3 2 0 1 4 4 1 0.791963 0.000000 
15 2 158 0 1 3 2 2 0 4 4 1 3.380810 0.000000 
15 2 159 0 1 1 4 2 1 2 3 0 0.843419 0.000000 
15 2 160 0 5 1 2 0 2 2 2 1 0.786170 0.000000 
15 2 161 1 0 0 3 0 2 1 1 1 0.782911 0.000000 
15 2 162 1 1 2 5 2 2 2 3 0 2.738930 0.000000 
15 2 163 0 4 0 0 1 2 1 1 1 1.982547 0.000000 
15 2 164 0 5 0 2 0 2 1 1 1 0.715935 0.000000 
15 2 165 1 1 1 1 1 1 2 2 1 1.595965 0.000000 
15 2 166 0 5 1 4 2 2 2 2 1 0.705303 0.000000 
15 2 167 0 2 2 1 0 1 3 3 1 2.424629 0.000000 
15 2 168 0 1 1 0 0 1 2 2 1 1.636921 0.000000 
15 2 169 1 1 1 1 1 1 2 2 1 1.032100 0.000000 
15 2 170 0 2 2 2 1 1 3 3 1 0.795853 0.000000 
15 2 171 0 2 0 0 1 0 1 1 1 3.321035 0.000000 
15 2 172 0 2 2 2 1 1 3 2 0 1.488628 0.000000 
15 2 173 1 0 1 5 2 2 1 2 0 1.117681 0.000000 
15 2 174 0 5 1 4 2 2 2 2 1 0.904997 0.000000 
15 2 175 1 2 0 1 0 2 3 1 0 1.417042 0.000000 
15 2 176 0 5 1 1 2 2 2 2 1 2.704892 0.000000 
15 2 177 1 3 1 1 1 0 4 4 1 0.944748 0.000000 
15 2 178 1 0 2 2 1 0 1 1 1 1.327706 0.000000 
15 2 179 0 0 2 2 1 0 3 3 1 2.239632 0.000000 
15 2 180 0 0 2 2 1 0 3 3 1 0.627134 0.000000 
15 2 181 0 1 1 5 2 1 2 2 1 1.750743 0.000000 
15 2 182 0 3 3 3 1 1 4 4 1 0.773409 0.000000 
15 2 183 1 2 0 0 1 2 3 3 1 2.715100 0.000000 
15 2 184 0 5 1 4 2 2 2 2 1 1.683059 0.000000 
15 2 185 0 4 2 2 1 2 3 3 1 1.188162 0.000000 
15 2 186 1 1 1 0 0 2 2 2 1 4.345126 0.000000 
15 2 187 1 3 3 3 1 1 4 4 1 0.657390 0.000000 
15 2 188 0 5 3 5 2 2 4 4 1 1.291683 0.000000 
15 2 189 0 4 0 2 0 2 1 1 1 1.099903 0.000000 
15 2 190 0 2 0 5 2 0 1 1 1 1.540302 0.000000 
15 2 191 1 2 2 2 1 1 3 2 0 2.299603 0.000000 
15 2 192 0 3 3 2 0 1 4 4 1 0.744313 0.000000 
15 3 1 0 1 0 5 2 0 1 1 1 4.233491 0.000000 
15 3 2 0 1 1 4 2 1 2 2 1 1.349211 0.000000 
15 3 3 0 0 3 3 0 0 4 4 1 1.083033 0.000000 
15 3 4 0 5 1 2 0 2 2 2 1 1.228148 0.000000 
15 3 5 0 1 1 1 1 1 2 2 1 0.831625 0.000000 
15 3 6 0 2 2 5 2 1 3 3 1 0.939319 0.000000 
15 3 7 1 0 0 0 1 1 1 1 1 1.338381 0.000000 
15 3 8 1 2 1 1 1 0 3 1 0 1.561449 0.000000 
15 3 9 0 1 0 3 2 0 1 1 1 0.650315 0.000000 
15 3 10 1 0 3 3 0 0 1 1 1 1.380357 0.000000 
15 3 11 1 2 2 5 2 2 3 3 1 0.882149 0.000000 
15 3 12 1 3 2 2 1 2 4 4 1 1.251927 0.000000 
15 3 13 0 4 3 4 2 2 4 4 1 2.558485 0.000000 
15 3 14 0 1 0 4 2 0 1 1 1 0.685352 0.000000 
15 3 15 0 2 1 1 1 0 2 2 1 2.733506 0.000000 
15 3 16 0 0 3 3 0 0 4 4 1 0.869179 0.000000 
15 3 17 1 1 1 0 0 1 2 2 1 1.166763 0.000000 
15 3 18 0 3 2 2 2 0 3 3 1 1.748669 0.000000 
15 3 19 0 0 3 4 2 0 4 4 1 1.003986 0.000000 
15 3 20 1 3 3 2 0 2 4 4 1 0.664354 0.000000 
15 3 21 0 2 2 1 0 1 3 3 1 1.266640 0.000000 
15 3 22 0 3 3 2 0 1 4 4 1 0.795407 0.000000 
15 3 23 0 0 0 3 0 1 1 1 1 0.760370 0.000000 
15 3 24 0 1 0 0 0 0 1 1 1 1.334761 0.000000 
15 3 25 0 4 1 2 0 2 2 2 1 1.165897 0.000000 
15 3 26 0 5 3 2 0 2 4 4 1 0.651941 0.000000 
15 3 27 1 2 1 1 1 2 3 2 0 3.686054 0.000000 
15 3 28 0 3 3 3 2 1 4 4 1 0.642965 0.000000 
15 3 29 1 2 1 1 1 0 3 3 1 1.421628 0.000000 
15 3 30 1 2 2 1 0 1 3 3 1 0.817512 0.000000 
15 3 31 0 1 1 0 0 1 2 2 1 0.885149 0.000000 
15 3 32 0 0 0 4 2 1 1 1 1 0.902204 0.000000 
15 3 33 0 4 0 5 2 2 1 1 1 1.086570 0.000000 
15 3 34 0 5 0 0 1 2 1 1 1 0.766633 0.000000 
15 3 35 0 0 0 0 1 1 1 1 1 0.580292 0.000000 
15 3 36 1 3 1 2 0 2 4 3 0 2.201822 0.000000 
15 3 37 0 3 3 2 0 1 4 4 1 0.738450 0.000000 
15 3 38 0 5 2 2 1 2 3 3 1 1.505204 0.000000 
15 3 39 0 1 1 4 2 1 2 2 1 0.905820 0.000000 
15 3 40 0 2 1 4 2 0 2 2 1 0.754186 0.000000 
15 3 41 0 4 1 4 2 2 2 2 1 0.559445 0.000000 
15 3 42 0 5 0 0 1 2 1 1 1 0.757560 0.000000 
15 3 43 0 3 2 2 0 0 3 3 1 1.171900 0.000000 
15 3 44 0 0 0 0 1 1 1 1 1 0.713712 0.000000 
15 3 45 0 3 3 3 1 1 4 4 1 0.738003 0.000000 
15 3 46 0 1 1 4 2 1 2 2 1 3.225138 0.000000 
15 3 47 0 4 1 1 1 2 2 2 1 0.532649 0.000000 
15 3 48 0 1 1 1 1 1 2 2 1 0.587985 0.000000 
15 3 49 1 3 3 5 2 1 4 4 1 0.632259 0.000000 
15 3 50 1 1 2 4 2 2 2 2 1 1.659934 0.000000 
15 3 51 0 4 0 0 1 2 1 1 1 0.710581 0.000000 
15 3 52 0 3 2 2 1 0 3 3 1 1.750935 0.000000 
15 3 53 0 3 2 2 1 0 3 3 1 0.477600 0.000000 
15 3 54 1 0 3 3 0 0 1 1 1 1.214104 0.000000 
15 3 55 0 2 1 1 0 0 2 2 1 2.202548 0.000000 
15 3 56 0 5 3 3 1 2 4 4 1 0.671424 0.000000 
15 3 57 0 0 3 3 1 0 4 1 0 0.721037 0.000000 
15 3 58 0 3 3 2 0 1 4 4 1 0.924451 0.000000 
15 3 59 0 1 0 0 1 0 1 1 1 1.603982 0.000000 
15 3 60 0 5 0 2 0 2 1 1 1 0.760549 0.000000 
15 3 61 0 4 3 3 1 2 4 4 1 0.742784 0.000000 
15 3 62 1 1 0 2 2 0 2 2 1 1.700803 0.000000 
15 3 63 0 3 2 4 2 0 3 3 1 1.997525 0.000000 
15 3 64 0 3 3 3 1 1 4 3 0 0.722964 0.000000 
15 3 65 0 2 2 2 1 1 3 3 1 1.006332 0.000000 
15 3 66 0 5 2 2 1 2 3 3 1 0.946471 0.000000 
15 3 67 1 2 1 3 2 2 3 2 0 2.368512 0.000000 
15 3 68 0 0 3 3 0 0 4 4 1 1.554694 0.000000 
15 3 69 0 4 1 1 1 2 2 3 0 0.776952 0.000000 
15 3 70 0 2 2 2 1 1 3 3 1 2.250474 0.000000 
15 3 71 0 4 2 2 0 2 3 3 1 0.541076 0.000000 
15 3 72 0 2 1 4 2 0 2 2 1 0.995968 0.000000 
15 3 73 0 0 0 3 0 1 1 1 1 0.679999 0.000000 
15 3 74 0 0 0 3 0 1 1 1 1 0.873625 0.000000 
15 3 75 0 1 1 0 0 1 2 2 1 1.083346 0.000000 
15 3 76 0 3 3 3 1 1 4 4 1 0.644369 0.000000 
15 3 77 0 1 0 0 1 0 1 1 1 1.255265 0.000000 
15 3 78 1 0 0 3 0 1 1 1 1 1.201798 0.000000 
15 3 79 0 2 2 1 0 1 3 3 1 2.645293 0.000000 
15 3 80 0 0 3 3 1 0 4 1 0 1.417011 0.000000 
15 3 81 0 2 1 1 0 0 2 2 1 1.224730 0.000000 
15 3 82 0 2 1 1 1 0 2 2 1 0.588196 0.000000 
15 3 83 0 4 0 2 0 2 1 1 1 0.801143 0.000000 
15 3 84 0 0 3 4 2 0 4 4 1 2.005538 0.000000 
15 3 85 1 1 0 0 1 0 2 1 0 1.761309 0.000000 
15 3 86 1 3 3 3 1 1 4 4 1 0.691767 0.000000 
15 3 87 0 3 3 3 1 1 4 4 1 0.564492 0.000000 
15 3 88 0 5 3 1 2 2 4 4 1 0.746698 0.000000 
15 3 89 1 2 2 0 2 1 3 3 1 1.969655 0.000000 
15 3 90 0 3 2 5 2 0 3 3 1 1.711832 0.000000 
15 3 91 1 0 0 0 1 1 1 1 1 0.760410 0.000000 
15 3 92 0 2 1 4 2 0 2 3 0 0.717737 0.000000 
15 3 93 0 3 3 3 1 1 4 4 1 0.673115 0.000000 
15 3 94 1 0 0 0 1 1 1 1 1 1.122502 0.000000 
15 3 95 1 0 3 3 1 0 1 4 0 1.034279 0.000000 
15 3 96 0 2 1 1 0 0 2 3 0 2.873262 0.000000 
15 3 97 0 2 2 1 0 1 3 3 1 0.750250 0.000000 
15 3 98 1 2 1 1 0 0 3 3 1 2.332296 0.000000 
15 3 99 0 4 2 2 0 2 3 3 1 1.204114 0.000000 
15 3 100 0 3 2 2 1 0 3 4 0 0.832358 0.000000 
15 3 101 1 0 0 0 1 2 1 1 1 1.151795 0.000000 
15 3 102 0 5 2 4 2 2 3 3 1 1.766042 0.000000 
15 3 103 0 3 3 4 2 1 4 4 1 0.684047 0.000000 
15 3 104 0 5 3 2 0 2 4 4 1 0.635929 0.000000 
15 3 105 0 4 1 4 2 2 2 3 0 0.814871 0.000000 
15 3 106 1 3 2 2 1 0 4 4 1 1.207286 0.000000 
15 3 107 0 4 3 3 1 2 4 4 1 0.915127 0.000000 
15 3 108 0 5 1 1 1 2 2 3 0 1.027628 0.000000 
15 3 109 0 1 0 0 1 0 1 1 1 2.963223 0.000000 
15 3 110 1 2 2 1 0 1 3 3 1 1.929101 0.000000 
15 3 111 0 4 2 5 2 2 3 3 1 0.593192 0.000000 
15 3 112 0 2 1 4 2 0 2 2 1 0.910074 0.000000 
15 3 113 0 2 2 1 0 1 3 3 1 0.854408 0.000000 
15 3 114 0 3 3 3 1 1 4 4 1 0.712774 0.000000 
15 3 115 1 2 1 4 2 0 3 3 1 1.033031 0.000000 
15 3 116 0 3 3 4 2 1 4 4 1 1.012140 0.000000 
15 3 117 0 0 3 3 1 0 4 4 1 2.079583 0.000000 
15 3 118 0 0 3 4 2 0 4 4 1 0.889659 0.000000 
15 3 119 1 0 3 4 2 0 1 1 1 2.026807 0.000000 
15 3 120 1 3 3 3 1 1 4 4 1 0.782806 0.000000 
15 3 121 1 0 1 2 2 2 1 1 1 0.980035 0.000000 
15 3 122 0 3 3 5 2 1 4 4 1 1.609564 0.000000 
15 3 123 0 2 2 5 2 1 3 3 1 1.389208 0.000000 
15 3 124 1 3 0 2 0 2 4 1 0 3.530514 0.000000 
15 3 125 0 4 3 4 2 2 4 4 1 0.639006 0.000000 
15 3 126 0 0 0 3 0 1 1 1 1 0.881676 0.000000 
15 3 127 0 1 1 0 0 1 2 2 1 1.619348 0.000000 
15 3 128 0 1 1 0 0 1 2 2 1 1.606346 0.000000 
15 3 129 1 0 1 1 1 2 1 1 1 1.682926 0.000000 
15 3 130 0 5 1 2 0 2 2 3 0 0.892262 0.000000 
15 3 131 0 4 3 4 2 2 4 4 1 0.641106 0.000000 
15 3 132 0 5 1 5 2 2 2 2 1 0.987787 0.000000 
15 3 133 0 2 1 1 1 0 2 2 1 2.280895 0.000000 
15 3 134 1 2 1 1 1 0 3 3 1 1.146083 0.000000 
15 3 135 0 3 3 3 1 1 4 4 1 1.529225 0.000000 
15 3 136 0 2 2 1 2 1 3 3 1 3.361220 0.000000 
15 3 137 0 1 0 0 1 0 1 1 1 1.408508 0.000000 
15 3 138 0 2 2 1 0 1 3 3 1 0.661060 0.000000 
15 3 139 0 4 2 4 2 2 3 3 1 0.647287 0.000000 
15 3 140 0 1 1 4 2 1 2 2 1 1.321256 0.000000 
15 3 141 0 3 2 2 0 0 3 3 1 1.473149 0.000000 
15 3 142 0 5 0 0 1 2 1 1 1 0.826966 0.000000 
15 3 143 0 0 3 4 2 0 4 134914311 0 1.534676 0.000000 
15 3 144 0 0 3 1 2 0 4 4 1 1.281766 0.000000 
15 3 145 0 3 2 4 2 0 3 3 1 1.275407 0.000000 
15 3 146 1 0 0 0 1 1 1 1 1 1.252208 0.000000 
15 3 147 1 2 1 1 1 0 3 3 1 1.878785 0.000000 
15 3 148 0 0 3 3 1 0 4 1 0 0.864759 0.000000 
15 3 149 0 4 2 4 2 2 3 3 1 1.470970 0.000000 
15 3 150 0 0 0 5 2 1 1 1 1 0.856545 0.000000 
15 3 151 0 4 3 2 0 2 4 4 1 1.042923 0.000000 
15 3 152 0 5 0 2 0 2 1 1 1 1.749087 0.000000 
15 3 153 1 0 0 3 0 2 1 1 1 1.227975 0.000000 
15 3 154 0 3 2 5 2 0 3 3 1 2.407628 0.000000 
15 3 155 1 2 2 1 0 1 3 3 1 0.948461 0.000000 
15 3 156 1 0 0 4 2 1 1 0 0 5.000005 0.000000 
15 3 157 1 2 2 1 0 1 3 3 1 2.708476 0.000000 
15 3 158 0 5 0 2 0 2 1 1 1 0.765255 0.000000 
15 3 159 1 3 2 4 2 0 4 3 0 1.539622 0.000000 
15 3 160 0 3 2 2 0 0 3 3 1 1.526706 0.000000 
15 3 161 0 2 2 3 2 1 3 3 1 0.686330 0.000000 
15 3 162 0 5 3 2 0 2 4 4 1 0.871283 0.000000 
15 3 163 0 4 1 1 1 2 2 3 0 0.775886 0.000000 
15 3 164 0 1 0 0 0 0 1 1 1 1.209380 0.000000 
15 3 165 0 2 2 1 0 1 3 3 1 0.789605 0.000000 
15 3 166 0 2 1 1 0 0 2 1 0 0.986602 0.000000 
15 3 167 0 4 0 0 1 2 1 1 1 0.723446 0.000000 
15 3 168 0 0 0 0 1 1 1 1 1 0.778805 0.000000 
15 3 169 0 4 2 2 0 2 3 3 1 0.648397 0.000000 
15 3 170 0 3 3 2 0 1 4 4 1 2.042385 0.000000 
15 3 171 0 1 0 4 2 0 1 1 1 2.725890 0.000000 
15 3 172 0 5 2 2 2 2 3 3 1 0.950301 0.000000 
15 3 173 0 4 2 2 0 2 3 3 1 0.572640 0.000000 
15 3 174 0 5 1 4 2 2 2 2 1 2.770308 0.000000 
15 3 175 0 2 2 4 2 1 3 3 1 0.711669 0.000000 
15 3 176 0 3 2 2 0 0 3 3 1 2.584000 0.000000 
15 3 177 0 3 2 2 1 0 3 3 1 0.517646 0.000000 
15 3 178 1 1 0 0 1 2 2 2 1 1.405228 0.000000 
15 3 179 0 4 3 3 1 2 4 4 1 0.793731 0.000000 
15 3 180 1 3 0 2 0 2 4 4 1 1.926699 0.000000 
15 3 181 1 1 0 4 2 0 2 2 1 2.045865 0.000000 
15 3 182 1 1 3 0 0 2 2 2 1 1.281347 0.000000 
15 3 183 0 2 1 1 0 0 2 2 1 2.371275 0.000000 
15 3 184 1 3 0 4 2 2 4 4 1 3.985605 0.000000 
15 3 185 0 2 1 4 2 0 2 2 1 1.959846 0.000000 
15 3 186 0 1 1 0 0 1 2 2 1 0.765594 0.000000 
15 3 187 0 4 1 1 1 2 2 2 1 0.547837 0.000000 
15 3 188 0 1 0 0 0 0 1 1 1 0.818756 0.000000 
15 3 189 1 0 2 2 2 2 1 1 1 1.262371 0.000000 
15 3 190 0 5 3 5 2 2 4 4 1 0.640880 0.000000 
15 3 191 0 2 2 2 1 1 3 3 1 0.651757 0.000000 
15 3 192 1 3 0 2 2 2 4 4 1 1.078034 0.000000 
15 4 1 0 1 0 4 2 0 1 1 1 4.079241 0.000000 
15 4 2 1 2 2 3 0 1 3 3 1 1.720631 0.000000 
15 4 3 0 1 0 5 2 0 1 1 1 0.656634 0.000000 
15 4 4 1 2 1 3 0 0 3 2 0 0.906887 0.000000 
15 4 5 0 4 1 1 1 2 2 2 1 0.879009 0.000000 
15 4 6 0 2 1 3 0 0 2 2 1 0.728422 0.000000 
15 4 7 0 1 1 1 1 1 2 2 1 0.800073 0.000000 
15 4 8 0 5 2 5 2 2 3 3 1 1.435426 0.000000 
15 4 9 0 1 0 3 2 0 1 1 1 0.670587 0.000000 
15 4 10 1 3 2 2 1 0 4 4 1 1.560202 0.000000 
15 4 11 0 1 1 2 0 1 2 3 0 0.782847 0.000000 
15 4 12 0 2 1 2 2 0 2 3 0 0.719990 0.000000 
15 4 13 0 0 0 0 1 1 1 1 1 0.699456 0.000000 
15 4 14 0 3 2 2 1 0 3 3 1 1.659021 0.000000 
15 4 15 0 4 2 2 1 2 3 3 1 0.741108 0.000000 
15 4 16 0 5 2 3 2 2 3 3 1 0.587995 0.000000 
15 4 17 1 1 1 1 1 1 2 2 1 1.752922 0.000000 
15 4 18 0 5 1 5 2 2 2 2 1 0.591662 0.000000 
15 4 19 1 1 0 2 0 0 2 1 0 0.764493 0.000000 
15 4 20 1 0 3 3 1 0 1 4 0 1.574668 0.000000 
15 4 21 1 1 0 2 0 0 2 2 1 2.079159 0.000000 
15 4 22 0 5 1 4 2 2 2 3 0 0.745054 0.000000 
15 4 23 0 4 0 4 2 2 1 1 1 0.843839 0.000000 
15 4 24 0 1 0 4 2 0 1 1 1 0.694496 0.000000 
15 4 25 1 0 2 2 1 2 1 1 1 2.599548 0.000000 
15 4 26 0 1 0 2 0 0 1 1 1 1.555704 0.000000 
15 4 27 0 4 2 0 0 2 3 3 1 1.058172 0.000000 
15 4 28 0 1 1 1 1 1 2 2 1 1.420583 0.000000 
15 4 29 1 1 0 2 0 0 2 2 1 1.472464 0.000000 
15 4 30 1 1 3 3 1 2 2 2 1 1.274397 0.000000 
15 4 31 1 2 2 5 2 1 3 3 1 1.596219 0.000000 
15 4 32 1 3 3 0 0 1 4 4 1 1.369560 0.000000 
15 4 33 1 0 3 1 0 2 1 1 1 1.238474 0.000000 
15 4 34 1 1 1 2 0 2 2 2 1 1.337598 0.000000 
15 4 35 1 3 2 0 0 0 4 4 1 1.448750 0.000000 
15 4 36 0 5 0 0 0 2 1 1 1 1.187888 0.000000 
15 4 37 0 4 2 2 1 2 3 3 1 0.744566 0.000000 
15 4 38 0 0 3 1 0 0 4 1 0 0.703430 0.000000 
15 4 39 0 1 0 4 2 0 1 1 1 1.059529 0.000000 
15 4 40 0 5 0 0 1 2 1 1 1 0.924768 0.000000 
15 4 41 0 4 3 0 0 2 4 4 1 1.516398 0.000000 
15 4 42 0 2 2 3 0 1 3 3 1 0.828313 0.000000 
15 4 43 0 3 2 4 2 0 3 3 1 1.967944 0.000000 
15 4 44 0 0 3 1 0 0 4 4 1 1.446148 0.000000 
15 4 45 0 0 3 1 0 0 4 4 1 0.545358 0.000000 
15 4 46 0 0 0 4 2 1 1 1 1 0.783223 0.000000 
15 4 47 0 2 1 1 1 0 2 2 1 2.356297 0.000000 
15 4 48 1 3 1 0 0 2 4 4 1 1.539178 0.000000 
15 4 49 0 4 0 0 0 2 1 1 1 3.530570 0.000000 
15 4 50 0 2 2 2 1 1 3 3 1 0.803232 0.000000 
15 4 51 0 1 1 0 2 1 2 2 1 0.902557 0.000000 
15 4 52 0 5 2 2 1 2 3 3 1 0.886959 0.000000 
15 4 53 0 4 1 5 2 2 2 2 1 1.095912 0.000000 
15 4 54 0 2 2 2 1 1 3 2 0 1.585010 0.000000 
15 4 55 1 2 0 3 0 2 3 1 0 1.202092 0.000000 
15 4 56 0 5 2 2 1 2 3 3 1 1.946202 0.000000 
15 4 57 1 0 0 1 0 1 1 1 1 1.281406 0.000000 
15 4 58 0 3 3 0 0 1 4 4 1 1.098207 0.000000 
15 4 59 0 1 0 5 2 0 1 1 1 2.403400 0.000000 
15 4 60 1 3 0 0 1 2 4 4 1 1.000288 0.000000 
15 4 61 0 0 0 1 0 1 1 1 1 1.228691 0.000000 
15 4 62 0 0 3 2 2 0 4 4 1 1.248522 0.000000 
15 4 63 0 0 3 4 2 0 4 4 1 0.730625 0.000000 
15 4 64 1 2 1 5 2 0 3 2 0 2.010271 0.000000 
15 4 65 1 2 2 2 1 1 3 3 1 1.562865 0.000000 
15 4 66 1 1 1 4 2 2 2 2 1 1.497248 0.000000 
15 4 67 1 3 3 4 2 1 4 4 1 0.850493 0.000000 
15 4 68 1 3 0 0 0 2 4 1 0 0.980855 0.000000 
15 4 69 0 2 2 3 0 1 3 3 1 2.085432 0.000000 
15 4 70 0 5 1 1 1 2 2 2 1 0.998623 0.000000 
15 4 71 0 3 3 0 0 1 4 4 1 0.635700 0.000000 
15 4 72 0 5 0 0 1 2 1 3 0 0.782596 0.000000 
15 4 73 0 0 3 3 1 0 4 4 1 1.240021 0.000000 
15 4 74 1 1 1 4 2 2 2 2 1 2.642993 0.000000 
15 4 75 0 1 1 1 1 1 2 2 1 0.669673 0.000000 
15 4 76 0 1 0 3 2 0 1 1 1 1.159298 0.000000 
15 4 77 0 4 3 3 1 2 4 4 1 1.093704 0.000000 
15 4 78 0 3 3 3 1 1 4 4 1 1.086856 0.000000 
15 4 79 0 0 0 1 0 1 1 1 1 1.751907 0.000000 
15 4 80 0 5 0 0 1 2 1 1 1 0.854634 0.000000 
15 4 81 0 4 0 0 1 2 1 1 1 0.632921 0.000000 
15 4 82 0 1 0 2 0 0 1 1 1 0.746988 0.000000 
15 4 83 0 2 2 2 1 1 3 4 0 0.785806 0.000000 
15 4 84 0 3 3 3 1 1 4 4 1 0.738563 0.000000 
15 4 85 0 2 1 3 0 0 2 2 1 2.393362 0.000000 
15 4 86 1 3 3 0 0 1 4 4 1 1.006848 0.000000 
15 4 87 0 3 2 0 0 0 3 3 1 2.059317 0.000000 
15 4 88 0 5 2 0 0 2 3 3 1 0.661133 0.000000 
15 4 89 1 0 3 3 1 2 1 1 1 1.639408 0.000000 
15 4 90 0 3 3 0 0 1 4 4 1 0.818633 0.000000 
15 4 91 0 4 1 4 2 2 2 3 0 1.526421 0.000000 
15 4 92 1 0 3 1 0 0 1 1 1 1.586172 0.000000 
15 4 93 0 3 3 3 1 1 4 4 1 0.503116 0.000000 
15 4 94 0 2 1 4 2 0 2 2 1 1.054340 0.000000 
15 4 95 0 2 2 4 2 1 3 3 1 1.856804 0.000000 
15 4 96 0 5 1 4 2 2 2 3 0 0.819525 0.000000 
15 4 97 0 0 0 1 0 1 1 1 1 0.874987 0.000000 
15 4 98 1 1 1 2 0 2 2 3 0 1.388383 0.000000 
15 4 99 0 4 1 0 0 2 2 2 1 1.221471 0.000000 
15 4 100 1 0 0 1 0 1 1 1 1 0.784953 0.000000 
15 4 101 0 2 1 5 2 0 2 2 1 2.797028 0.000000 
15 4 102 0 0 0 0 1 1 1 1 1 0.658791 0.000000 
15 4 103 0 1 1 2 0 1 2 2 1 0.892967 0.000000 
15 4 104 1 1 1 1 1 1 2 2 1 1.437981 0.000000 
15 4 105 0 3 3 4 2 1 4 4 1 0.833247 0.000000 
15 4 106 1 1 1 2 0 1 2 2 1 1.444255 0.000000 
15 4 107 0 0 3 3 1 0 4 4 1 1.518522 0.000000 
15 4 108 1 0 3 4 2 0 1 1 1 1.374379 0.000000 
15 4 109 0 2 1 0 2 0 2 2 1 1.596333 0.000000 
15 4 110 0 2 2 1 2 1 3 3 1 0.785580 0.000000 
15 4 111 0 0 3 1 0 0 4 4 1 1.366621 0.000000 
15 4 112 0 2 2 3 0 1 3 3 1 1.884531 0.000000 
15 4 113 0 1 0 2 0 0 1 1 1 0.740926 0.000000 
15 4 114 0 0 3 5 2 0 4 4 1 0.923929 0.000000 
15 4 115 1 3 2 5 2 0 4 3 0 4.907778 0.000000 
15 4 116 0 1 0 5 2 0 1 1 1 0.745456 0.000000 
15 4 117 0 3 3 0 0 1 4 4 1 0.704115 0.000000 
15 4 118 0 5 3 4 2 2 4 4 1 1.063369 0.000000 
15 4 119 0 4 0 0 1 2 1 1 1 1.057811 0.000000 
15 4 120 0 1 1 5 2 1 2 3 0 1.420234 0.000000 
15 4 121 1 0 0 0 1 1 1 1 1 1.219901 0.000000 
15 4 122 0 5 2 2 1 2 3 3 1 1.351470 0.000000 
15 4 123 0 4 0 0 1 2 1 1 1 0.829972 0.000000 
15 4 124 0 5 2 0 0 2 3 2 0 2.096726 0.000000 
15 4 125 0 4 2 0 0 2 3 3 1 0.853944 0.000000 
15 4 126 1 1 0 0 1 2 2 2 1 1.424077 0.000000 
15 4 127 0 0 3 1 0 0 4 4 1 1.396047 0.000000 
15 4 128 0 0 3 3 1 0 4 1 0 1.025209 0.000000 
15 4 129 0 1 1 2 0 1 2 2 1 0.840723 0.000000 
15 4 130 0 2 2 3 0 1 3 3 1 3.010592 0.000000 
15 4 131 0 0 0 0 1 1 1 1 1 0.639733 0.000000 
15 4 132 0 5 1 1 1 2 2 3 0 0.970638 0.000000 
15 4 133 0 2 1 1 2 0 2 2 1 1.052111 0.000000 
15 4 134 0 1 0 2 0 0 1 1 1 2.206312 0.000000 
15 4 135 0 4 3 3 1 2 4 4 1 0.691128 0.000000 
15 4 136 0 3 2 5 2 0 3 3 1 4.995331 0.000000 
15 4 137 0 3 2 0 0 0 3 3 1 0.713820 0.000000 
15 4 138 0 2 1 5 2 0 2 2 1 0.889975 0.000000 
15 4 139 1 2 1 3 0 0 3 3 1 3.098572 0.000000 
15 4 140 1 1 0 2 0 0 2 2 1 1.612024 0.000000 
15 4 141 0 4 3 0 0 2 4 4 1 0.815412 0.000000 
15 4 142 0 5 0 0 2 2 1 3 0 0.907738 0.000000 
15 4 143 0 3 2 0 0 0 3 3 1 1.439920 0.000000 
15 4 144 0 3 3 3 1 1 4 4 1 1.138866 0.000000 
15 4 145 1 0 0 0 1 1 1 1 1 2.073926 0.000000 
15 4 146 0 5 3 4 2 2 4 4 1 0.692114 0.000000 
15 4 147 0 2 2 3 0 1 3 3 1 1.244051 0.000000 
15 4 148 0 1 0 0 1 0 1 2 0 1.879235 0.000000 
15 4 149 0 0 0 0 1 1 1 1 1 0.645107 0.000000 
15 4 150 0 5 2 2 1 2 3 3 1 0.719785 0.000000 
15 4 151 0 2 1 5 2 0 2 3 0 0.935381 0.000000 
15 4 152 0 2 2 2 1 1 3 3 1 0.754192 0.000000 
15 4 153 1 0 3 3 1 2 1 1 1 1.328235 0.000000 
15 4 154 1 1 3 5 2 2 2 1 0 1.287140 0.000000 
15 4 155 0 2 1 3 0 0 2 2 1 4.292188 0.000000 
15 4 156 1 3 2 4 2 0 4 4 1 2.254305 0.000000 
15 4 157 0 2 2 4 2 1 3 3 1 2.889274 0.000000 
15 4 158 1 1 2 2 1 2 2 2 1 1.314064 0.000000 
15 4 159 0 2 2 3 0 1 3 3 1 0.802566 0.000000 
15 4 160 0 2 1 1 1 0 2 2 1 1.102888 0.000000 
15 4 161 0 1 0 5 2 0 1 1 1 0.887357 0.000000 
15 4 162 0 1 1 4 2 1 2 3 0 0.688301 0.000000 
15 4 163 0 4 2 2 1 2 3 3 1 1.021053 0.000000 
15 4 164 1 3 3 0 0 1 4 4 1 0.768553 0.000000 
15 4 165 0 1 0 5 2 0 1 1 1 2.733195 0.000000 
15 4 166 0 5 1 4 2 2 2 3 0 0.732912 0.000000 
15 4 167 0 3 3 0 2 1 4 4 1 0.616115 0.000000 
15 4 168 0 3 2 2 1 0 3 3 1 2.548016 0.000000 
15 4 169 1 0 0 0 1 2 1 1 1 1.283461 0.000000 
15 4 170 0 2 1 1 1 0 2 3 0 2.059614 0.000000 
15 4 171 0 3 3 4 2 1 4 4 1 0.682227 0.000000 
15 4 172 0 5 1 1 1 2 2 2 1 1.291633 0.000000 
15 4 173 0 3 3 4 2 1 4 4 1 0.668765 0.000000 
15 4 174 0 3 3 4 2 1 4 4 1 0.742352 0.000000 
15 4 175 1 2 1 1 1 2 3 3 1 3.133365 0.000000 
15 4 176 0 0 3 3 1 0 4 4 1 1.324332 0.000000 
15 4 177 1 3 3 3 1 1 4 4 1 1.108029 0.000000 
15 4 178 0 5 0 5 2 2 1 1 1 0.876499 0.000000 
15 4 179 0 4 3 3 2 2 4 4 1 1.150237 0.000000 
15 4 180 0 0 3 3 1 0 4 4 1 1.140718 0.000000 
15 4 181 0 4 2 5 2 2 3 3 1 0.755835 0.000000 
15 4 182 0 5 0 4 2 2 1 1 1 0.794101 0.000000 
15 4 183 0 1 1 2 0 1 2 2 1 1.590050 0.000000 
15 4 184 0 2 2 2 1 1 3 3 1 0.843383 0.000000 
15 4 185 0 0 0 4 2 1 1 1 1 0.678351 0.000000 
15 4 186 0 5 3 4 2 2 4 4 1 0.831965 0.000000 
15 4 187 0 1 1 2 0 1 2 2 1 1.627698 0.000000 
15 4 188 0 3 3 0 2 1 4 4 1 0.743564 0.000000 
15 4 189 0 3 2 0 0 0 3 3 1 1.094547 0.000000 
15 4 190 0 2 1 5 2 0 2 3 0 1.366621 0.000000 
15 4 191 0 2 2 2 1 1 3 3 1 0.640256 0.000000 
15 4 192 1 3 0 4 2 2 4 4 1 1.394974 0.000000 
15 5 1 0 3 3 0 0 1 4 0 0 5.000008 0.000000 
15 5 2 0 2 2 4 2 1 3 3 1 4.679348 0.000000 
15 5 3 0 2 3 5 2 0 4 4 1 1.018115 0.000000 
15 5 4 0 5 0 0 1 2 1 1 1 0.829911 0.000000 
15 5 5 0 2 3 5 2 0 4 4 1 1.888630 0.000000 
15 5 6 1 3 3 3 2 1 4 4 1 1.665926 0.000000 
15 5 7 1 0 0 4 2 1 1 1 1 0.651979 0.000000 
15 5 8 0 5 1 4 2 2 2 2 1 1.438282 0.000000 
15 5 9 0 2 2 3 0 1 3 3 1 0.745517 0.000000 
15 5 10 1 0 1 1 1 0 1 1 1 1.048474 0.000000 
15 5 11 0 0 0 0 1 1 1 1 1 0.714500 0.000000 
15 5 12 1 3 1 2 2 2 4 4 1 1.594813 0.000000 
15 5 13 0 4 1 1 1 2 2 2 1 2.152051 0.000000 
15 5 14 0 5 1 4 2 2 2 2 1 0.582881 0.000000 
15 5 15 1 3 3 0 0 1 4 4 1 0.796021 0.000000 
15 5 16 0 5 3 4 2 2 4 4 1 0.648818 0.000000 
15 5 17 0 3 3 4 2 1 4 4 1 0.587770 0.000000 
15 5 18 0 5 2 5 2 2 3 3 1 1.215632 0.000000 
15 5 19 0 3 0 4 2 0 1 1 1 1.403952 0.000000 
15 5 20 1 1 1 2 0 1 2 2 1 2.512010 0.000000 
15 5 21 0 3 3 3 1 1 4 4 1 0.616934 0.000000 
15 5 22 0 1 1 2 0 1 2 2 1 1.148589 0.000000 
15 5 23 0 4 1 0 0 2 2 2 1 0.635727 0.000000 
15 5 24 0 5 0 0 1 2 1 1 1 0.805609 0.000000 
15 5 25 1 0 1 1 1 0 1 1 1 1.553966 0.000000 
15 5 26 1 1 1 5 2 1 2 2 1 1.112487 0.000000 
15 5 27 0 3 3 3 1 1 4 4 1 0.545006 0.000000 
15 5 28 0 5 1 0 0 2 2 2 1 1.207912 0.000000 
15 5 29 1 0 1 1 1 0 1 1 1 1.036347 0.000000 
15 5 30 0 5 3 3 1 2 4 4 1 0.655346 0.000000 
15 5 31 0 4 0 4 2 2 1 1 1 0.976681 0.000000 
15 5 32 0 0 1 1 0 0 2 1 0 0.678346 0.000000 
15 5 33 0 1 2 2 1 0 3 3 1 1.491781 0.000000 
15 5 34 0 5 1 2 2 2 2 3 0 1.188796 0.000000 
15 5 35 0 2 2 3 0 1 3 3 1 0.789656 0.000000 
15 5 36 0 3 3 0 0 1 4 4 1 0.754405 0.000000 
15 5 37 1 1 2 2 0 0 2 2 1 2.815786 0.000000 
15 5 38 1 1 1 2 0 1 2 2 1 1.452194 0.000000 
15 5 39 0 2 2 2 1 1 3 3 1 1.446786 0.000000 
15 5 40 0 5 1 1 1 2 2 3 0 0.761994 0.000000 
15 5 41 0 3 0 0 0 0 1 1 1 1.908182 0.000000 
15 5 42 0 1 1 1 1 1 2 2 1 0.724641 0.000000 
15 5 43 0 4 3 3 1 2 4 4 1 0.636238 0.000000 
15 5 44 0 1 1 2 0 1 2 2 1 0.686110 0.000000 
15 5 45 1 0 3 5 2 2 1 1 1 1.311074 0.000000 
15 5 46 0 1 2 2 1 0 3 2 0 2.839711 0.000000 
15 5 47 0 4 0 1 2 2 1 1 1 0.991241 0.000000 
15 5 48 0 0 1 5 2 0 2 2 1 1.644026 0.000000 
15 5 49 0 0 1 5 2 0 2 2 1 1.542423 0.000000 
15 5 50 0 2 3 3 0 0 4 4 1 0.757623 0.000000 
15 5 51 0 4 1 0 0 2 2 2 1 0.732013 0.000000 
15 5 52 1 3 0 0 0 2 4 4 1 1.059588 0.000000 
15 5 53 0 4 0 0 1 2 1 3 0 1.189972 0.000000 
15 5 54 0 5 1 1 1 2 2 2 1 2.086954 0.000000 
15 5 55 0 1 1 1 1 1 2 2 1 0.688230 0.000000 
15 5 56 1 3 0 0 1 0 4 4 1 1.216101 0.000000 
15 5 57 0 2 3 3 1 0 4 4 1 1.907944 0.000000 
15 5 58 0 5 0 0 1 2 1 1 1 0.644638 0.000000 
15 5 59 0 4 3 0 0 2 4 4 1 0.879576 0.000000 
15 5 60 0 2 3 3 1 0 4 4 1 1.761276 0.000000 
15 5 61 0 2 2 3 0 1 3 3 1 1.031966 0.000000 
15 5 62 0 1 2 4 2 0 3 3 1 1.138792 0.000000 
15 5 63 1 3 3 0 0 1 4 4 1 0.681756 0.000000 
15 5 64 1 3 0 0 0 2 4 4 1 1.027447 0.000000 
15 5 65 0 4 3 3 1 2 4 4 1 0.639187 0.000000 
15 5 66 0 0 0 0 1 1 1 1 1 0.642042 0.000000 
15 5 67 0 2 2 3 0 1 3 3 1 0.964968 0.000000 
15 5 68 0 0 1 4 2 0 2 2 1 1.651408 0.000000 
15 5 69 0 1 2 2 0 0 3 3 1 1.588971 0.000000 
15 5 70 1 1 3 2 0 2 2 4 0 0.778243 0.000000 
15 5 71 0 4 2 0 0 2 3 3 1 1.083751 0.000000 
15 5 72 1 3 3 4 2 1 4 4 1 0.892583 0.000000 
15 5 73 0 0 1 4 2 0 2 2 1 1.589639 0.000000 
15 5 74 0 2 3 3 1 0 4 4 1 1.610925 0.000000 
15 5 75 1 0 1 5 2 0 1 1 1 1.351580 0.000000 
15 5 76 0 1 2 2 0 0 3 3 1 1.725155 0.000000 
15 5 77 1 2 2 3 0 1 3 3 1 3.101205 0.000000 
15 5 78 0 5 0 0 0 2 1 1 1 0.742359 0.000000 
15 5 79 0 2 2 2 1 1 3 3 1 1.117368 0.000000 
15 5 80 0 3 3 5 2 1 4 4 1 0.645138 0.000000 
15 5 81 0 4 3 3 1 2 4 4 1 0.544001 0.000000 
15 5 82 1 0 1 4 2 0 1 1 1 0.757886 0.000000 
15 5 83 0 2 3 2 2 0 4 4 1 1.148211 0.000000 
15 5 84 0 5 3 0 0 2 4 4 1 0.683348 0.000000 
15 5 85 0 4 1 4 2 2 2 2 1 0.740211 0.000000 
15 5 86 0 3 3 3 1 1 4 4 1 0.659177 0.000000 
15 5 87 0 2 2 3 0 1 3 2 0 0.909411 0.000000 
15 5 88 0 5 0 4 2 2 1 1 1 0.697605 0.000000 
15 5 89 0 4 3 0 0 2 4 4 1 1.033305 0.000000 
15 5 90 0 2 2 3 0 1 3 3 1 0.956345 0.000000 
15 5 91 0 3 0 0 0 0 1 1 1 1.154697 0.000000 
15 5 92 0 3 0 5 2 0 1 1 1 1.161126 0.000000 
15 5 93 1 0 0 1 0 1 1 1 1 1.071622 0.000000 
15 5 94 0 2 2 3 0 1 3 3 1 1.233381 0.000000 
15 5 95 0 2 3 3 1 0 4 4 1 0.828502 0.000000 
15 5 96 1 3 0 4 2 2 4 4 1 0.855177 0.000000 
15 5 97 1 0 0 1 0 2 1 1 1 0.825483 0.000000 
15 5 98 0 2 2 2 1 1 3 3 1 0.941162 0.000000 
15 5 99 0 1 2 4 2 0 3 3 1 0.844175 0.000000 
15 5 100 0 5 1 1 1 2 2 0 0 5.000005 0.000000 
15 5 101 0 4 3 3 1 2 4 4 1 0.672013 0.000000 
15 5 102 1 1 3 2 0 2 2 4 0 0.857371 0.000000 
15 5 103 0 4 3 4 2 2 4 4 1 0.703531 0.000000 
15 5 104 1 3 3 4 2 1 4 4 1 0.639560 0.000000 
15 5 105 0 2 3 4 2 0 4 4 1 1.426462 0.000000 
15 5 106 0 0 1 1 0 0 2 1 0 0.798381 0.000000 
15 5 107 1 1 2 2 1 0 2 2 1 2.454501 0.000000 
15 5 108 0 3 3 3 1 1 4 4 1 0.568898 0.000000 
15 5 109 1 3 0 4 2 0 4 4 1 1.110465 0.000000 
15 5 110 0 1 2 2 0 0 3 3 1 4.591086 0.000000 
15 5 111 0 4 3 0 0 2 4 4 1 0.677433 0.000000 
15 5 112 0 2 3 3 1 0 4 4 1 1.502967 0.000000 
15 5 113 0 1 1 2 0 1 2 2 1 1.326660 0.000000 
15 5 114 0 5 0 5 2 2 1 1 1 0.798460 0.000000 
15 5 115 0 4 1 4 2 2 2 2 1 1.387508 0.000000 
15 5 116 1 2 3 3 1 0 3 3 1 2.128706 0.000000 
15 5 117 0 0 0 1 0 1 1 1 1 1.368921 0.000000 
15 5 118 0 2 3 3 0 0 4 4 1 2.174828 0.000000 
15 5 119 0 0 1 4 2 0 2 1 0 0.804007 0.000000 
15 5 120 0 1 1 4 2 1 2 2 1 1.012149 0.000000 
15 5 121 0 1 2 0 2 0 3 2 0 2.680288 0.000000 
15 5 122 1 1 3 2 0 2 2 2 1 1.686491 0.000000 
15 5 123 0 1 1 5 2 1 2 2 1 1.743595 0.000000 
15 5 124 0 0 0 0 1 1 1 1 1 0.693963 0.000000 
15 5 125 0 4 0 0 2 2 1 1 1 0.782796 0.000000 
15 5 126 0 0 1 1 0 0 2 1 0 0.612068 0.000000 
15 5 127 1 2 1 1 1 2 3 3 1 1.363835 0.000000 
15 5 128 0 5 0 0 0 2 1 1 1 0.650167 0.000000 
15 5 129 0 2 2 2 1 1 3 3 1 0.796358 0.000000 
15 5 130 0 0 0 0 1 1 1 1 1 0.641358 0.000000 
15 5 131 0 1 1 2 0 1 2 2 1 1.035316 0.000000 
15 5 132 0 0 0 0 1 1 1 1 1 0.934313 0.000000 
15 5 133 0 2 3 4 2 0 4 4 1 0.941411 0.000000 
15 5 134 1 1 2 2 1 2 2 2 1 2.980425 0.000000 
15 5 135 0 0 1 5 2 0 2 2 1 2.091062 0.000000 
15 5 136 0 3 0 0 1 0 1 1 1 1.388470 0.000000 
15 5 137 0 4 0 4 2 2 1 1 1 0.848746 0.000000 
15 5 138 0 5 0 0 1 2 1 1 1 0.715730 0.000000 
15 5 139 0 1 2 3 2 0 3 3 1 1.787959 0.000000 
15 5 140 1 3 3 0 0 1 4 4 1 1.121339 0.000000 
15 5 141 0 4 3 3 1 2 4 4 1 0.761120 0.000000 
15 5 142 0 2 2 2 1 1 3 1 0 1.175415 0.000000 
15 5 143 0 3 3 3 1 1 4 4 1 0.704083 0.000000 
15 5 144 0 0 0 0 1 1 1 1 1 1.624080 0.000000 
15 5 145 0 4 1 5 2 2 2 2 1 1.652028 0.000000 
15 5 146 0 0 0 0 1 1 1 1 1 0.606691 0.000000 
15 5 147 0 4 3 4 2 2 4 4 1 0.794938 0.000000 
15 5 148 0 3 3 3 1 1 4 4 1 0.663896 0.000000 
15 5 149 0 2 3 3 1 0 4 4 1 1.810146 0.000000 
15 5 150 1 0 1 5 2 0 1 1 1 1.325863 0.000000 
15 5 151 1 1 2 2 0 0 2 2 1 1.773735 0.000000 
15 5 152 1 3 3 3 1 1 4 4 1 0.931768 0.000000 
15 5 153 0 4 1 1 1 2 2 2 1 1.123516 0.000000 
15 5 154 1 2 2 4 2 1 3 3 1 1.315199 0.000000 
15 5 155 0 3 3 0 0 1 4 4 1 0.795765 0.000000 
15 5 156 0 3 0 0 0 0 1 4 0 2.815774 0.000000 
15 5 157 1 1 2 2 1 0 2 2 1 1.584052 0.000000 
15 5 158 0 3 3 0 0 1 4 4 1 0.765088 0.000000 
15 5 159 1 2 3 3 0 2 3 3 1 0.851328 0.000000 
15 5 160 0 3 0 0 0 0 1 1 1 1.469734 0.000000 
15 5 161 0 1 2 2 1 0 3 2 0 2.151726 0.000000 
15 5 162 0 0 0 4 2 1 1 1 1 0.673312 0.000000 
15 5 163 0 3 0 0 0 0 1 1 1 0.970664 0.000000 
15 5 164 0 2 3 5 2 0 4 4 1 1.128309 0.000000 
15 5 165 0 3 0 0 1 0 1 1 1 0.840131 0.000000 
15 5 166 1 1 2 5 2 0 2 3 0 1.211100 0.000000 
15 5 167 1 2 1 0 2 2 3 3 1 2.331354 0.000000 
15 5 168 0 3 3 4 2 1 4 4 1 0.706468 0.000000 
15 5 169 0 2 2 4 2 1 3 3 1 3.250798 0.000000 
15 5 170 1 0 0 1 0 1 1 1 1 0.686017 0.000000 
15 5 171 1 2 0 3 0 2 3 1 0 1.286950 0.000000 
15 5 172 0 5 1 0 0 2 2 2 1 1.124021 0.000000 
15 5 173 0 4 2 2 1 2 3 3 1 1.795569 0.000000 
15 5 174 0 2 2 4 2 1 3 3 1 0.855870 0.000000 
15 5 175 0 2 3 3 0 0 4 1 0 0.770229 0.000000 
15 5 176 1 1 1 4 2 1 2 2 1 1.987717 0.000000 
15 5 177 0 1 2 2 1 0 3 3 1 1.528863 0.000000 
15 5 178 0 5 2 2 1 2 3 3 1 0.696778 0.000000 
15 5 179 0 2 3 3 0 0 4 4 1 1.641723 0.000000 
15 5 180 1 3 3 4 2 1 4 4 1 1.692049 0.000000 
15 5 181 0 4 1 5 2 2 2 2 1 1.021378 0.000000 
15 5 182 1 1 2 2 1 0 2 2 1 1.433176 0.000000 
15 5 183 0 4 0 4 2 2 1 1 1 1.028353 0.000000 
15 5 184 0 1 2 2 0 0 3 2 0 1.048134 0.000000 
15 5 185 1 2 3 3 1 0 3 3 1 2.095348 0.000000 
15 5 186 1 1 3 3 1 2 2 2 1 1.423279 0.000000 
15 5 187 0 4 0 0 0 2 1 1 1 1.187201 0.000000 
15 5 188 0 1 2 2 1 0 3 3 1 2.704362 0.000000 
15 5 189 0 0 0 1 0 1 1 1 1 2.617516 0.000000 
15 5 190 0 2 3 3 0 0 4 4 1 1.989895 0.000000 
15 5 191 0 2 2 5 2 1 3 3 1 1.114269 0.000000 
15 5 192 0 5 2 4 2 2 3 3 1 0.674745 0.000000 
15 6 1 1 3 0 0 1 0 4 0 0 5.000011 0.000000 
15 6 2 0 5 1 2 0 2 2 2 1 1.374556 0.000000 
15 6 3 0 4 1 1 1 2 2 2 1 0.788172 0.000000 
15 6 4 1 3 0 0 1 2 4 4 1 1.161121 0.000000 
15 6 5 0 3 0 4 2 0 1 4 0 0.903596 0.000000 
15 6 6 0 0 0 3 0 1 1 1 1 0.955740 0.000000 
15 6 7 0 4 3 2 0 2 4 1 0 0.608841 0.000000 
15 6 8 0 3 3 3 1 1 4 4 1 1.272896 0.000000 
15 6 9 0 0 1 5 2 0 2 1 0 0.690501 0.000000 
15 6 10 1 0 0 4 2 1 1 1 1 1.599301 0.000000 
15 6 11 1 3 3 3 1 1 4 4 1 1.331858 0.000000 
15 6 12 0 2 2 2 1 1 3 3 1 1.707541 0.000000 
15 6 13 1 1 1 1 1 1 2 2 1 1.507142 0.000000 
15 6 14 1 1 0 4 2 2 2 1 0 0.995756 0.000000 
15 6 15 0 2 2 4 2 1 3 3 1 3.860775 0.000000 
15 6 16 0 2 3 3 1 0 4 4 1 1.623977 0.000000 
15 6 17 0 3 3 2 0 1 4 4 1 0.683929 0.000000 
15 6 18 1 1 3 3 1 2 2 2 1 1.708907 0.000000 
15 6 19 0 4 1 5 2 2 2 2 1 0.764581 0.000000 
15 6 20 0 3 0 0 1 0 1 1 1 1.466875 0.000000 
15 6 21 0 4 1 2 0 2 2 1 0 0.660782 0.000000 
15 6 22 1 3 0 4 2 0 4 2 0 1.626791 0.000000 
15 6 23 0 1 2 0 0 0 3 3 1 2.722460 0.000000 
15 6 24 0 0 0 4 2 1 1 1 1 1.529628 0.000000 
15 6 25 0 2 2 1 2 1 3 3 1 1.161514 0.000000 
15 6 26 0 2 3 4 2 0 4 4 1 1.503983 0.000000 
15 6 27 1 3 3 3 1 1 4 4 1 1.032583 0.000000 
15 6 28 0 1 1 0 0 1 2 2 1 1.155892 0.000000 
15 6 29 0 1 1 0 0 1 2 2 1 0.794029 0.000000 
15 6 30 0 5 3 3 2 2 4 4 1 0.838106 0.000000 
15 6 31 0 0 1 3 0 0 2 1 0 0.809108 0.000000 
15 6 32 0 0 1 3 0 0 2 2 1 1.705251 0.000000 
15 6 33 0 4 0 4 2 2 1 1 1 0.785560 0.000000 
15 6 34 0 5 0 2 0 2 1 1 1 1.526588 0.000000 
15 6 35 0 4 2 4 2 2 3 3 1 1.438577 0.000000 
15 6 36 0 0 0 5 2 1 1 1 1 1.017812 0.000000 
15 6 37 0 2 2 2 1 1 3 2 0 1.028436 0.000000 
15 6 38 0 5 0 2 2 2 1 1 1 0.764073 0.000000 
15 6 39 1 2 0 0 1 2 3 3 1 2.938152 0.000000 
15 6 40 0 5 3 5 2 2 4 4 1 0.937968 0.000000 
15 6 41 1 3 3 4 2 1 4 4 1 0.792976 0.000000 
15 6 42 0 1 1 0 0 1 2 2 1 2.965037 0.000000 
15 6 43 0 0 0 4 2 1 1 1 1 0.667995 0.000000 
15 6 44 1 2 3 3 1 0 3 3 1 1.173073 0.000000 
15 6 45 0 4 1 1 1 2 2 2 1 0.762935 0.000000 
15 6 46 0 1 1 4 2 1 2 2 1 0.913147 0.000000 
15 6 47 0 4 2 4 2 2 3 3 1 0.889588 0.000000 
15 6 48 0 2 2 4 2 1 3 3 1 0.602525 0.000000 
15 6 49 0 0 0 4 2 1 1 1 1 0.669837 0.000000 
15 6 50 0 1 2 0 0 0 3 2 0 1.991370 0.000000 
15 6 51 0 1 1 1 1 1 2 2 1 1.152733 0.000000 
15 6 52 1 2 3 3 1 0 3 3 1 2.278919 0.000000 
15 6 53 0 1 1 1 1 1 2 2 1 1.481124 0.000000 
15 6 54 0 5 2 2 0 2 3 3 1 0.723001 0.000000 
15 6 55 0 0 0 0 1 1 1 1 1 0.673631 0.000000 
15 6 56 0 1 2 2 1 0 3 3 1 0.995249 0.000000 
15 6 57 0 4 2 2 0 2 3 3 1 0.760280 0.000000 
15 6 58 0 5 3 2 0 2 4 4 1 0.774613 0.000000 
15 6 59 1 0 0 0 1 1 1 1 1 0.628185 0.000000 
15 6 60 0 2 2 2 1 1 3 3 1 0.855708 0.000000 
15 6 61 0 3 0 0 1 0 1 1 1 1.418164 0.000000 
15 6 62 0 5 3 4 2 2 4 4 1 0.670012 0.000000 
15 6 63 1 3 3 3 1 1 4 4 1 1.158610 0.000000 
15 6 64 0 3 0 0 1 0 1 1 1 1.533013 0.000000 
15 6 65 0 1 2 0 0 0 3 3 1 1.404379 0.000000 
15 6 66 0 2 2 2 1 1 3 3 1 0.944871 0.000000 
15 6 67 1 1 1 5 2 1 2 2 1 2.079919 0.000000 
15 6 68 0 2 2 5 2 1 3 3 1 0.866040 0.000000 
15 6 69 0 4 2 4 2 2 3 3 1 0.683038 0.000000 
15 6 70 0 5 2 2 0 2 3 3 1 0.579945 0.000000 
15 6 71 0 0 1 3 0 0 2 1 0 0.985234 0.000000 
15 6 72 0 0 1 3 0 0 2 2 1 0.962077 0.000000 
15 6 73 1 0 2 3 0 2 1 3 0 2.408301 0.000000 
15 6 74 1 2 2 4 2 1 3 3 1 1.040992 0.000000 
15 6 75 1 2 1 1 1 2 3 3 1 1.227854 0.000000 
15 6 76 0 2 2 2 2 1 3 3 1 1.678681 0.000000 
15 6 77 0 0 1 1 1 0 2 2 1 1.440689 0.000000 
15 6 78 0 1 2 2 1 0 3 3 1 2.363982 0.000000 
15 6 79 0 3 3 4 2 1 4 4 1 0.850795 0.000000 
15 6 80 1 2 2 2 1 1 3 3 1 1.229187 0.000000 
15 6 81 0 3 3 4 2 1 4 4 1 0.671985 0.000000 
15 6 82 0 5 2 2 1 2 3 3 1 0.793641 0.000000 
15 6 83 1 2 1 1 1 2 3 3 1 1.470584 0.000000 
15 6 84 0 3 0 0 1 0 1 4 0 0.808453 0.000000 
15 6 85 0 4 2 4 2 2 3 3 1 0.664645 0.000000 
15 6 86 0 1 2 3 2 0 3 2 0 3.698771 0.000000 
15 6 87 0 2 3 3 1 0 4 4 1 1.190955 0.000000 
15 6 88 1 0 1 4 2 0 1 2 0 1.931869 0.000000 
15 6 89 0 4 0 2 0 2 1 1 1 0.808020 0.000000 
15 6 90 1 0 0 3 0 1 1 1 1 0.979835 0.000000 
15 6 91 0 4 1 5 2 2 2 2 1 1.481588 0.000000 
15 6 92 0 1 2 4 2 0 3 3 1 1.107437 0.000000 
15 6 93 0 1 2 2 1 0 3 3 1 0.538857 0.000000 
15 6 94 0 3 0 4 2 0 1 3 0 1.041796 0.000000 
15 6 95 0 2 2 2 1 1 3 3 1 1.408644 0.000000 
15 6 96 0 5 0 0 1 2 1 1 1 1.964933 0.000000 
15 6 97 1 2 3 3 1 0 3 3 1 3.739872 0.000000 
15 6 98 0 0 1 1 1 0 2 2 1 2.267029 0.000000 
15 6 99 0 4 2 2 0 2 3 3 1 0.813172 0.000000 
15 6 100 0 0 0 0 1 1 1 1 1 1.025539 0.000000 
15 6 101 0 1 2 0 0 0 3 4 0 0.805174 0.000000 
15 6 102 1 2 2 1 0 1 3 3 1 1.533395 0.000000 
15 6 103 0 4 2 2 1 2 3 3 1 0.820375 0.000000 
15 6 104 0 1 1 0 0 1 2 2 1 0.927077 0.000000 
15 6 105 0 0 1 4 2 0 2 3 0 1.126748 0.000000 
15 6 106 0 5 3 1 2 2 4 4 1 1.010583 0.000000 
15 6 107 0 1 1 0 0 1 2 2 1 0.870479 0.000000 
15 6 108 0 5 3 3 1 2 4 4 1 0.656072 0.000000 
15 6 109 0 4 0 0 1 2 1 1 1 0.802412 0.000000 
15 6 110 0 5 3 3 1 2 4 4 1 0.742669 0.000000 
15 6 111 0 4 1 1 1 2 2 3 0 0.709633 0.000000 
15 6 112 0 2 3 1 0 0 4 4 1 1.016703 0.000000 
15 6 113 0 2 2 2 1 1 3 3 1 0.924151 0.000000 
15 6 114 0 0 1 3 0 0 2 2 1 3.372045 0.000000 
15 6 115 1 3 0 4 2 0 4 4 1 1.226530 0.000000 
15 6 116 0 2 3 5 2 0 4 4 1 1.334432 0.000000 
15 6 117 1 0 0 3 0 2 1 1 1 0.772595 0.000000 
15 6 118 0 5 2 3 2 2 3 3 1 0.874289 0.000000 
15 6 119 1 2 0 0 1 2 3 3 1 2.803947 0.000000 
15 6 120 0 3 0 4 2 0 1 1 1 0.920979 0.000000 
15 6 121 0 3 3 5 2 1 4 4 1 1.488805 0.000000 
15 6 122 0 1 1 0 0 1 2 3 0 0.817959 0.000000 
15 6 123 0 1 2 5 2 0 3 2 0 0.992527 0.000000 
15 6 124 0 1 2 0 2 0 3 2 0 0.769011 0.000000 
15 6 125 0 1 2 2 1 0 3 3 1 2.114333 0.000000 
15 6 126 0 5 3 3 1 2 4 4 1 0.698856 0.000000 
15 6 127 1 1 1 0 0 1 2 2 1 3.307930 0.000000 
15 6 128 1 3 0 2 0 0 4 4 1 1.277127 0.000000 
15 6 129 0 3 3 2 0 1 4 4 1 0.685944 0.000000 
15 6 130 0 0 1 3 0 0 2 2 1 2.206937 0.000000 
15 6 131 1 2 3 1 0 2 3 4 0 0.771801 0.000000 
15 6 132 0 1 2 0 0 0 3 3 1 0.941285 0.000000 
15 6 133 0 3 3 2 0 1 4 3 0 0.612044 0.000000 
15 6 134 0 3 3 5 2 1 4 4 1 0.548010 0.000000 
15 6 135 0 4 1 4 2 2 2 3 0 0.721742 0.000000 
15 6 136 1 2 2 1 0 1 3 3 1 1.309068 0.000000 
15 6 137 0 1 1 0 0 1 2 2 1 1.317392 0.000000 
15 6 138 1 1 0 5 2 2 2 2 1 1.733274 0.000000 
15 6 139 0 2 2 4 2 1 3 3 1 0.828603 0.000000 
15 6 140 1 0 0 0 1 1 1 1 1 0.856235 0.000000 
15 6 141 0 1 2 0 0 0 3 2 0 1.986571 0.000000 
15 6 142 0 5 1 2 0 2 2 3 0 0.770862 0.000000 
15 6 143 0 0 0 3 0 1 1 1 1 1.860096 0.000000 
15 6 144 1 3 0 2 0 0 4 4 1 3.286652 0.000000 
15 6 145 1 2 3 4 2 0 3 4 0 1.520573 0.000000 
15 6 146 0 2 3 3 1 0 4 3 0 3.187409 0.000000 
15 6 147 1 0 1 4 2 0 1 1 1 3.316962 0.000000 
15 6 148 0 3 0 2 0 0 1 1 1 3.813468 0.000000 
15 6 149 0 1 1 0 0 1 2 3 0 1.274895 0.000000 
15 6 150 1 1 1 0 0 2 2 2 1 1.615518 0.000000 
15 6 151 1 2 2 2 1 2 3 3 1 3.788022 0.000000 
15 6 152 0 3 0 3 2 0 1 1 1 1.242121 0.000000 
15 6 153 0 1 1 0 0 1 2 2 1 3.093347 0.000000 
15 6 154 0 5 0 0 1 2 1 1 1 0.815258 0.000000 
15 6 155 0 1 2 5 2 0 3 3 1 0.810552 0.000000 
15 6 156 1 3 1 5 2 2 4 2 0 1.990827 0.000000 
15 6 157 0 3 0 5 2 0 1 1 1 2.120190 0.000000 
15 6 158 0 5 2 2 0 2 3 3 1 0.704118 0.000000 
15 6 159 0 4 0 2 0 2 1 1 1 1.280357 0.000000 
15 6 160 0 5 3 2 0 2 4 4 1 0.682190 0.000000 
15 6 161 0 4 0 5 2 2 1 1 1 0.738754 0.000000 
15 6 162 0 1 1 0 0 1 2 3 0 1.257759 0.000000 
15 6 163 0 4 3 0 2 2 4 4 1 1.448051 0.000000 
15 6 164 1 2 2 1 0 1 3 3 1 3.011106 0.000000 
15 6 165 1 0 3 3 1 2 1 4 0 2.256313 0.000000 
15 6 166 0 0 1 3 0 0 2 3 0 1.053976 0.000000 
15 6 167 1 0 1 4 2 0 1 1 1 2.252089 0.000000 
15 6 168 0 0 1 4 2 0 2 3 0 2.470690 0.000000 
15 6 169 0 2 2 4 2 1 3 3 1 3.404872 0.000000 
15 6 170 0 5 2 1 2 2 3 3 1 0.641917 0.000000 
15 6 171 0 3 0 2 0 0 1 1 1 1.763919 0.000000 
15 6 172 0 3 3 3 1 1 4 4 1 1.458512 0.000000 
15 6 173 1 0 0 3 0 2 1 1 1 0.853123 0.000000 
15 6 174 0 1 2 2 1 0 3 3 1 2.007520 0.000000 
15 6 175 1 2 2 4 2 2 3 3 1 0.740252 0.000000 
15 6 176 1 3 0 0 1 0 4 4 1 0.707121 0.000000 
15 6 177 0 0 1 3 0 0 2 2 1 2.346485 0.000000 
15 6 178 0 3 0 2 0 0 1 1 1 1.954157 0.000000 
15 6 179 0 0 1 3 0 0 2 2 1 1.208938 0.000000 
15 6 180 1 2 2 2 1 1 3 3 1 1.141338 0.000000 
15 6 181 0 1 1 0 0 1 2 2 1 1.108511 0.000000 
15 6 182 0 3 3 3 1 1 4 4 1 0.692898 0.000000 
15 6 183 0 0 0 3 0 1 1 1 1 3.372987 0.000000 
15 6 184 0 5 3 3 1 2 4 4 1 1.355614 0.000000 
15 6 185 0 3 0 0 1 0 1 1 1 1.666174 0.000000 
15 6 186 0 2 2 2 1 1 3 3 1 2.588145 0.000000 
15 6 187 0 0 1 1 1 0 2 1 0 0.657872 0.000000 
15 6 188 0 5 3 3 1 2 4 4 1 0.654902 0.000000 
15 6 189 0 4 1 2 0 2 2 2 1 2.873011 0.000000 
15 6 190 0 5 3 2 0 2 4 4 1 0.595414 0.000000 
15 6 191 0 3 0 5 2 0 1 1 1 1.008330 0.000000 
15 6 192 1 3 2 4 2 2 4 4 1 1.756724 0.000000 
