23 1 1 0 3 3 3 1 1 4 4 1 2.052181 0.000000 
23 1 2 0 5 1 1 1 2 2 2 1 0.797521 0.000000 
23 1 3 0 2 2 3 0 1 3 3 1 1.913895 0.000000 
23 1 4 0 0 1 1 0 0 2 2 1 1.378591 0.000000 
23 1 5 0 0 0 0 2 1 1 1 1 0.552397 0.000000 
23 1 6 0 0 1 1 0 0 2 2 1 1.030582 0.000000 
23 1 7 0 4 0 0 0 2 1 1 1 0.618025 0.000000 
23 1 8 0 5 1 4 2 2 2 2 1 1.277097 0.000000 
23 1 9 0 2 3 3 1 0 4 4 1 0.997794 0.000000 
23 1 10 0 3 0 0 1 0 1 1 1 0.594810 0.000000 
23 1 11 1 3 3 3 1 1 4 4 1 1.375666 0.000000 
23 1 12 0 3 3 3 1 1 4 4 1 0.605443 0.000000 
23 1 13 1 2 3 3 1 0 3 3 1 1.137621 0.000000 
23 1 14 0 0 1 1 0 0 2 2 1 1.048704 0.000000 
23 1 15 1 2 2 4 2 2 3 3 1 1.083664 0.000000 
23 1 16 1 0 0 1 0 1 1 1 1 2.963808 0.000000 
23 1 17 0 4 2 2 1 2 3 3 1 0.794812 0.000000 
23 1 18 1 1 0 5 2 2 2 2 1 2.503798 0.000000 
23 1 19 0 2 2 3 0 1 3 3 1 2.160700 0.000000 
23 1 20 0 1 1 1 1 1 2 2 1 1.007440 0.000000 
23 1 21 0 4 1 5 2 2 2 2 1 0.875768 0.000000 
23 1 22 0 0 1 5 2 0 2 2 1 0.620381 0.000000 
23 1 23 0 4 2 2 1 2 3 3 1 0.847905 0.000000 
23 1 24 0 0 1 0 2 0 2 2 1 1.322850 0.000000 
23 1 25 0 4 3 4 2 2 4 4 1 0.810616 0.000000 
23 1 26 1 3 0 4 2 0 4 4 1 1.454870 0.000000 
23 1 27 0 4 1 4 2 2 2 2 1 0.729329 0.000000 
23 1 28 0 0 0 4 2 1 1 1 1 1.440966 0.000000 
23 1 29 0 4 1 1 1 2 2 2 1 1.051088 0.000000 
23 1 30 0 2 3 3 0 0 4 4 1 1.309481 0.000000 
23 1 31 0 2 3 3 1 0 4 4 1 0.509889 0.000000 
23 1 32 0 2 3 3 1 0 4 4 1 0.406029 0.000000 
23 1 33 0 0 0 1 0 1 1 1 1 0.930129 0.000000 
23 1 34 0 5 0 0 1 2 1 1 1 0.721726 0.000000 
23 1 35 1 2 2 2 1 2 3 3 1 1.561315 0.000000 
23 1 36 1 2 2 3 0 1 3 3 1 0.942862 0.000000 
23 1 37 0 4 3 0 0 2 4 4 1 0.741821 0.000000 
23 1 38 1 1 3 4 2 2 2 2 1 0.892647 0.000000 
23 1 39 0 0 0 0 2 1 1 1 1 0.621673 0.000000 
23 1 40 1 2 3 3 1 0 3 3 1 0.865175 0.000000 
23 1 41 0 1 1 2 0 1 2 2 1 0.931448 0.000000 
23 1 42 0 5 1 1 1 2 2 2 1 0.539055 0.000000 
23 1 43 1 1 1 2 0 1 2 2 1 1.040907 0.000000 
23 1 44 0 2 2 3 0 1 3 3 1 1.643931 0.000000 
23 1 45 0 2 2 3 0 1 3 3 1 0.975130 0.000000 
23 1 46 0 1 2 4 2 0 3 3 1 0.796793 0.000000 
23 1 47 0 4 3 0 0 2 4 4 1 0.841722 0.000000 
23 1 48 0 5 3 0 2 2 4 4 1 0.492610 0.000000 
23 1 49 0 3 3 5 2 1 4 4 1 0.509423 0.000000 
23 1 50 0 5 2 0 0 2 3 3 1 0.853530 0.000000 
23 1 51 0 4 1 0 0 2 2 2 1 0.798803 0.000000 
23 1 52 0 2 2 3 0 1 3 3 1 0.651735 0.000000 
23 1 53 1 0 1 1 1 2 1 1 1 0.941935 0.000000 
23 1 54 0 1 2 2 1 0 3 3 1 1.692934 0.000000 
23 1 55 1 1 2 2 0 0 2 2 1 1.086170 0.000000 
23 1 56 1 1 1 2 0 1 2 2 1 1.375200 0.000000 
23 1 57 0 3 3 3 1 1 4 4 1 0.539996 0.000000 
23 1 58 0 5 0 5 2 2 1 1 1 0.938851 0.000000 
23 1 59 0 3 3 3 1 1 4 4 1 0.641784 0.000000 
23 1 60 1 3 0 0 1 0 4 4 1 1.092649 0.000000 
23 1 61 1 0 1 1 0 2 1 1 1 0.941667 0.000000 
23 1 62 1 3 3 4 2 1 4 4 1 1.252643 0.000000 
23 1 63 0 1 2 0 2 0 3 3 1 1.615112 0.000000 
23 1 64 1 3 2 0 0 2 4 4 1 1.154647 0.000000 
23 1 65 1 1 2 2 0 0 2 2 1 1.240989 0.000000 
23 1 66 0 3 3 3 1 1 4 4 1 0.580099 0.000000 
23 1 67 0 0 0 5 2 1 1 1 1 0.849643 0.000000 
23 1 68 1 0 1 1 0 0 1 1 1 1.092123 0.000000 
23 1 69 0 1 1 2 0 1 2 2 1 1.052913 0.000000 
23 1 70 0 0 0 1 0 1 1 1 1 0.751255 0.000000 
23 1 71 0 0 1 1 1 0 2 2 1 1.580511 0.000000 
23 1 72 1 1 2 2 0 0 2 2 1 0.906381 0.000000 
23 1 73 0 4 3 0 0 2 4 4 1 0.578679 0.000000 
23 1 74 1 1 3 2 0 2 2 2 1 1.904197 0.000000 
23 1 75 0 4 1 0 2 2 2 2 1 0.768846 0.000000 
23 1 76 0 3 0 0 1 0 1 1 1 1.094435 0.000000 
23 1 77 0 4 0 0 2 2 1 1 1 0.807442 0.000000 
23 1 78 1 1 2 2 1 2 2 2 1 0.674689 0.000000 
23 1 79 0 3 3 4 2 1 4 4 1 2.060313 0.000000 
23 1 80 0 2 3 4 2 0 4 4 1 0.574938 0.000000 
23 1 81 0 0 0 0 1 1 1 1 1 0.604455 0.000000 
23 1 82 1 1 0 0 1 2 2 2 1 0.760586 0.000000 
23 1 83 0 4 2 4 2 2 3 3 1 1.710899 0.000000 
23 1 84 0 5 0 4 2 2 1 1 1 0.759479 0.000000 
23 1 85 0 2 2 2 1 1 3 3 1 1.164663 0.000000 
23 1 86 1 1 1 4 2 2 2 2 1 1.387107 0.000000 
23 1 87 1 2 3 0 2 0 3 3 1 1.096227 0.000000 
23 1 88 0 1 1 1 1 1 2 2 1 1.065279 0.000000 
23 1 89 1 2 2 4 2 1 3 3 1 1.195683 0.000000 
23 1 90 0 1 2 2 0 0 3 2 0 0.824712 0.000000 
23 1 91 0 2 3 4 2 0 4 4 1 1.023370 0.000000 
23 1 92 0 2 2 2 1 1 3 3 1 0.898497 0.000000 
23 1 93 1 3 0 0 1 0 4 4 1 1.251452 0.000000 
23 1 94 0 1 1 2 0 1 2 2 1 1.165894 0.000000 
23 1 95 0 1 2 2 1 0 3 3 1 1.436126 0.000000 
23 1 96 0 0 0 0 1 1 1 1 1 0.566802 0.000000 
23 1 97 0 0 1 1 0 0 2 2 1 0.748262 0.000000 
23 1 98 1 1 1 2 0 2 2 2 1 1.402102 0.000000 
23 1 99 0 2 2 3 0 1 3 3 1 1.102628 0.000000 
23 1 100 0 0 1 1 1 0 2 2 1 1.327075 0.000000 
23 1 101 0 4 1 1 1 2 2 2 1 0.742756 0.000000 
23 1 102 0 5 0 0 0 2 1 1 1 0.613687 0.000000 
23 1 103 0 0 1 1 0 0 2 2 1 1.433908 0.000000 
23 1 104 0 3 3 3 1 1 4 4 1 0.604987 0.000000 
23 1 105 1 2 2 5 2 1 3 3 1 1.480180 0.000000 
23 1 106 0 5 0 0 1 2 1 1 1 0.546077 0.000000 
23 1 107 0 4 2 0 0 2 3 3 1 0.808904 0.000000 
23 1 108 1 3 0 0 0 2 4 4 1 0.821097 0.000000 
23 1 109 0 3 3 0 0 1 4 4 1 0.720686 0.000000 
23 1 110 0 1 2 4 2 0 3 3 1 1.688317 0.000000 
23 1 111 0 1 2 4 2 0 3 3 1 0.553478 0.000000 
23 1 112 0 0 1 1 0 0 2 2 1 1.534707 0.000000 
23 1 113 0 3 0 0 1 0 1 1 1 1.253890 0.000000 
23 1 114 0 5 0 0 2 2 1 1 1 0.712305 0.000000 
23 1 115 0 2 3 4 2 0 4 4 1 1.216535 0.000000 
23 1 116 0 2 3 3 0 0 4 4 1 0.556267 0.000000 
23 1 117 0 2 3 0 2 0 4 4 1 0.570471 0.000000 
23 1 118 0 5 3 0 2 2 4 4 1 0.479914 0.000000 
23 1 119 0 1 2 2 0 0 3 3 1 0.929386 0.000000 
23 1 120 0 5 2 0 0 2 3 3 1 0.655955 0.000000 
23 1 121 1 3 0 0 0 0 4 4 1 1.026158 0.000000 
23 1 122 0 2 2 3 0 1 3 3 1 0.861851 0.000000 
23 1 123 0 4 2 0 0 2 3 3 1 0.648132 0.000000 
23 1 124 0 1 1 1 1 1 2 2 1 0.779010 0.000000 
23 1 125 0 2 2 2 1 1 3 3 1 0.656502 0.000000 
23 1 126 0 0 1 5 2 0 2 2 1 1.089848 0.000000 
23 1 127 1 3 0 0 1 0 4 4 1 0.746772 0.000000 
23 1 128 0 0 1 5 2 0 2 2 1 0.665673 0.000000 
23 1 129 0 0 0 0 1 1 1 1 1 0.763880 0.000000 
23 1 130 1 2 3 3 0 0 3 3 1 1.570100 0.000000 
23 1 131 0 4 3 0 0 2 4 4 1 1.720012 0.000000 
23 1 132 1 2 2 2 1 1 3 3 1 1.031907 0.000000 
23 1 133 0 4 2 2 1 2 3 3 1 0.555589 0.000000 
23 1 134 1 0 1 1 0 0 1 1 1 1.152733 0.000000 
23 1 135 0 2 3 4 2 0 4 4 1 1.039144 0.000000 
23 1 136 1 2 3 4 2 0 3 3 1 1.194185 0.000000 
23 1 137 0 2 2 0 2 1 3 3 1 0.879187 0.000000 
23 1 138 0 1 1 1 1 1 2 2 1 0.776828 0.000000 
23 1 139 0 4 1 1 1 2 2 2 1 0.526390 0.000000 
23 1 140 0 5 2 0 0 2 3 3 1 0.789882 0.000000 
23 1 141 0 0 1 1 0 0 2 2 1 1.161792 0.000000 
23 1 142 1 3 0 0 1 0 4 4 1 0.848128 0.000000 
23 1 143 0 4 1 0 2 2 2 2 1 1.043132 0.000000 
23 1 144 0 2 2 4 2 1 3 3 1 0.614093 0.000000 
23 1 145 0 1 1 1 1 1 2 2 1 1.130304 0.000000 
23 1 146 1 2 3 3 0 0 3 3 1 1.561997 0.000000 
23 1 147 0 1 1 4 2 1 2 2 1 0.847638 0.000000 
23 1 148 0 1 2 5 2 0 3 3 1 1.106809 0.000000 
23 1 149 0 3 0 5 2 0 1 2 0 0.658746 0.000000 
23 1 150 0 1 1 2 0 1 2 2 1 1.793113 0.000000 
23 1 151 0 0 0 1 0 1 1 1 1 0.733882 0.000000 
23 1 152 0 3 3 4 2 1 4 4 1 0.684760 0.000000 
23 1 153 0 4 2 0 0 2 3 3 1 0.749659 0.000000 
23 1 154 0 0 0 1 0 1 1 1 1 0.580107 0.000000 
23 1 155 0 4 2 2 1 2 3 3 1 0.657368 0.000000 
23 1 156 0 1 1 0 2 1 2 2 1 1.010564 0.000000 
23 1 157 1 2 2 2 1 1 3 3 1 1.110822 0.000000 
23 1 158 0 5 3 5 2 2 4 4 1 0.751320 0.000000 
23 1 159 1 2 2 2 1 2 3 3 1 0.725463 0.000000 
23 1 160 0 5 3 0 0 2 4 4 1 0.869051 0.000000 
23 1 161 0 0 1 1 0 0 2 2 1 1.070676 0.000000 
23 1 162 1 1 0 2 0 2 2 2 1 1.296342 0.000000 
23 1 163 1 2 2 2 1 2 3 3 1 1.136441 0.000000 
23 1 164 0 5 2 0 0 2 3 3 1 0.831502 0.000000 
23 1 165 0 1 2 0 2 0 3 3 1 0.579096 0.000000 
23 1 166 0 1 1 4 2 1 2 2 1 0.976598 0.000000 
23 1 167 0 2 2 4 2 1 3 3 1 0.926232 0.000000 
23 1 168 0 0 0 0 1 1 1 1 1 0.789886 0.000000 
23 1 169 0 1 2 5 2 0 3 3 1 0.914766 0.000000 
23 1 170 0 5 3 3 1 2 4 4 1 0.610048 0.000000 
23 1 171 1 3 3 5 2 1 4 4 1 1.198265 0.000000 
23 1 172 0 3 0 0 1 0 1 1 1 1.475336 0.000000 
23 1 173 0 1 1 2 0 1 2 2 1 0.869179 0.000000 
23 1 174 0 1 1 1 1 1 2 2 1 0.766760 0.000000 
23 1 175 0 1 1 2 0 1 2 2 1 0.612292 0.000000 
23 1 176 0 0 1 1 1 0 2 2 1 0.968528 0.000000 
23 1 177 0 2 3 5 2 0 4 4 1 1.181153 0.000000 
23 1 178 0 0 0 5 2 1 1 1 1 0.882900 0.000000 
23 1 179 0 3 3 5 2 1 4 4 1 1.460113 0.000000 
23 1 180 0 0 1 4 2 0 2 2 1 1.190353 0.000000 
23 1 181 0 4 1 1 1 2 2 2 1 0.563390 0.000000 
23 1 182 0 2 3 3 1 0 4 4 1 1.313582 0.000000 
23 1 183 0 4 0 4 2 2 1 1 1 0.769358 0.000000 
23 1 184 1 3 2 0 0 2 4 4 1 1.430595 0.000000 
23 1 185 0 3 0 0 1 0 1 1 1 0.986431 0.000000 
23 1 186 0 0 0 0 1 1 1 1 1 0.679391 0.000000 
23 1 187 0 4 2 2 1 2 3 3 1 1.592990 0.000000 
23 1 188 1 2 3 4 2 0 3 3 1 1.350150 0.000000 
23 1 189 0 3 0 0 2 0 1 1 1 1.452649 0.000000 
23 1 190 1 1 0 0 1 2 2 2 1 1.078139 0.000000 
23 1 191 1 2 3 4 2 2 3 3 1 1.047817 0.000000 
23 1 192 0 5 3 4 2 2 4 4 1 0.970839 0.000000 
23 2 1 0 3 3 2 0 1 4 4 1 1.001089 0.000000 
23 2 2 0 1 1 1 2 1 2 2 1 0.796910 0.000000 
23 2 3 0 0 1 3 2 0 2 2 1 1.497854 0.000000 
23 2 4 0 1 1 5 2 1 2 2 1 0.635002 0.000000 
23 2 5 0 3 3 0 2 1 4 4 1 0.597844 0.000000 
23 2 6 1 1 2 2 1 2 2 2 1 1.138678 0.000000 
23 2 7 0 1 2 0 2 0 3 3 1 1.328756 0.000000 
23 2 8 1 1 2 4 2 0 2 2 1 1.224557 0.000000 
23 2 9 1 0 0 3 0 2 1 1 1 0.940279 0.000000 
23 2 10 0 5 0 0 2 2 1 1 1 0.691309 0.000000 
23 2 11 0 4 3 4 2 2 4 4 1 0.676125 0.000000 
23 2 12 0 3 0 2 0 0 1 1 1 1.757720 0.000000 
23 2 13 0 3 0 0 1 0 1 1 1 0.587343 0.000000 
23 2 14 0 5 0 2 0 2 1 1 1 0.544114 0.000000 
23 2 15 1 2 3 1 0 0 3 3 1 0.911274 0.000000 
23 2 16 0 1 2 1 2 0 3 3 1 1.383268 0.000000 
23 2 17 0 0 0 3 0 1 1 1 1 1.548423 0.000000 
23 2 18 0 2 2 1 0 1 3 3 1 1.115585 0.000000 
23 2 19 0 4 1 3 2 2 2 2 1 1.011890 0.000000 
23 2 20 0 5 2 2 0 2 3 3 1 0.832258 0.000000 
23 2 21 0 2 2 4 2 1 3 3 1 1.026822 0.000000 
23 2 22 1 1 2 0 0 0 2 2 1 1.022534 0.000000 
23 2 23 0 4 0 2 0 2 1 3 0 0.570174 0.000000 
23 2 24 1 3 0 2 0 0 4 4 1 1.435763 0.000000 
23 2 25 0 3 0 0 1 0 1 1 1 0.966411 0.000000 
23 2 26 0 1 1 1 1 1 2 2 1 0.844021 0.000000 
23 2 27 0 1 1 5 2 1 2 2 1 0.958060 0.000000 
23 2 28 0 1 2 4 2 0 3 3 1 0.780262 0.000000 
23 2 29 1 0 0 1 2 1 1 1 1 0.985841 0.000000 
23 2 30 0 3 3 5 2 1 4 4 1 0.942869 0.000000 
23 2 31 0 4 1 1 1 2 2 2 1 0.837842 0.000000 
23 2 32 0 5 2 5 2 2 3 3 1 1.184777 0.000000 
23 2 33 1 0 2 2 1 2 1 1 1 1.133845 0.000000 
23 2 34 0 0 1 3 0 0 2 2 1 1.028902 0.000000 
23 2 35 1 2 1 1 0 2 3 3 1 1.007506 0.000000 
23 2 36 0 5 0 0 1 2 1 1 1 0.739877 0.000000 
23 2 37 0 3 3 5 2 1 4 4 1 0.690752 0.000000 
23 2 38 0 5 0 5 2 2 1 1 1 0.619651 0.000000 
23 2 39 1 2 3 3 1 0 3 3 1 0.951138 0.000000 
23 2 40 1 3 0 0 1 2 4 1 0 0.741482 0.000000 
23 2 41 0 2 3 3 1 0 4 4 1 1.215546 0.000000 
23 2 42 0 1 2 0 0 0 3 3 1 0.939299 0.000000 
23 2 43 0 3 0 2 0 0 1 1 1 1.362286 0.000000 
23 2 44 0 5 2 3 2 2 3 3 1 0.976756 0.000000 
23 2 45 1 1 1 1 1 1 2 2 1 0.918371 0.000000 
23 2 46 1 3 3 3 1 1 4 4 1 1.430045 0.000000 
23 2 47 0 3 0 2 0 0 1 1 1 1.129858 0.000000 
23 2 48 0 0 1 1 1 0 2 2 1 1.496608 0.000000 
23 2 49 0 2 3 3 1 0 4 4 1 1.105737 0.000000 
23 2 50 0 5 0 0 1 2 1 1 1 0.690110 0.000000 
23 2 51 0 0 1 1 1 0 2 2 1 0.627002 0.000000 
23 2 52 0 5 0 0 1 2 1 1 1 0.694505 0.000000 
23 2 53 0 4 1 2 0 2 2 2 1 0.991377 0.000000 
23 2 54 0 0 0 2 2 1 1 1 1 1.204383 0.000000 
23 2 55 0 0 0 3 0 1 1 1 1 0.672742 0.000000 
23 2 56 0 5 3 2 0 2 4 4 1 0.721258 0.000000 
23 2 57 1 3 0 5 2 0 4 4 1 1.160849 0.000000 
23 2 58 0 0 0 3 0 1 1 1 1 0.719246 0.000000 
23 2 59 1 2 3 3 1 2 3 3 1 0.870768 0.000000 
23 2 60 0 1 1 0 0 1 2 2 1 0.760382 0.000000 
23 2 61 0 4 3 2 0 2 4 4 1 0.686630 0.000000 
23 2 62 0 1 2 0 0 0 3 3 1 2.094645 0.000000 
23 2 63 1 1 2 2 1 0 2 2 1 1.159952 0.000000 
23 2 64 0 3 3 2 0 1 4 4 1 0.734297 0.000000 
23 2 65 1 1 2 2 2 0 2 2 1 0.885198 0.000000 
23 2 66 1 1 3 3 1 2 2 2 1 1.174171 0.000000 
23 2 67 0 0 1 3 0 0 2 2 1 0.923910 0.000000 
23 2 68 0 3 3 4 2 1 4 4 1 0.675497 0.000000 
23 2 69 1 0 0 4 2 2 1 1 1 1.021038 0.000000 
23 2 70 1 3 0 0 1 0 4 4 1 0.839686 0.000000 
23 2 71 0 2 2 2 1 1 3 3 1 0.826658 0.000000 
23 2 72 0 2 3 4 2 0 4 4 1 0.910208 0.000000 
23 2 73 0 4 0 2 0 2 1 1 1 1.014524 0.000000 
23 2 74 0 5 0 2 0 2 1 1 1 0.666841 0.000000 
23 2 75 0 4 2 2 0 2 3 3 1 0.716386 0.000000 
23 2 76 0 5 1 1 1 2 2 2 1 0.539943 0.000000 
23 2 77 0 4 1 2 0 2 2 2 1 0.690737 0.000000 
23 2 78 0 0 0 4 2 1 1 1 1 0.618600 0.000000 
23 2 79 0 0 1 5 2 0 2 2 1 0.726160 0.000000 
23 2 80 1 3 0 4 2 0 4 4 1 1.141678 0.000000 
23 2 81 0 0 0 4 2 1 1 1 1 0.676734 0.000000 
23 2 82 0 2 2 1 0 1 3 3 1 0.830268 0.000000 
23 2 83 0 0 1 3 0 0 2 2 1 0.937857 0.000000 
23 2 84 0 5 2 2 0 2 3 3 1 0.807944 0.000000 
23 2 85 0 4 0 2 0 2 1 1 1 0.812058 0.000000 
23 2 86 0 0 1 1 1 0 2 2 1 0.936366 0.000000 
23 2 87 1 3 3 4 2 1 4 4 1 0.967297 0.000000 
23 2 88 0 5 3 2 0 2 4 4 1 0.588906 0.000000 
23 2 89 0 4 2 4 2 2 3 3 1 0.625784 0.000000 
23 2 90 0 3 3 5 2 1 4 4 1 0.573282 0.000000 
23 2 91 0 4 0 4 2 2 1 1 1 0.714799 0.000000 
23 2 92 0 5 3 3 1 2 4 4 1 0.515006 0.000000 
23 2 93 0 1 1 1 1 1 2 2 1 0.778103 0.000000 
23 2 94 0 5 2 4 2 2 3 3 1 1.727742 0.000000 
23 2 95 0 3 3 3 1 1 4 4 1 0.551615 0.000000 
23 2 96 0 3 0 0 1 0 1 1 1 1.109822 0.000000 
23 2 97 0 4 0 0 1 2 1 1 1 0.462155 0.000000 
23 2 98 1 1 3 4 2 2 2 2 1 1.456299 0.000000 
23 2 99 0 4 2 2 0 2 3 3 1 0.690777 0.000000 
23 2 100 0 2 2 1 0 1 3 3 1 1.130641 0.000000 
23 2 101 0 3 3 3 1 1 4 4 1 0.538347 0.000000 
23 2 102 1 3 3 2 0 1 4 4 1 1.089217 0.000000 
23 2 103 0 0 0 4 2 1 1 1 1 0.818209 0.000000 
23 2 104 0 0 1 4 2 0 2 2 1 0.877811 0.000000 
23 2 105 0 2 2 5 2 1 3 3 1 0.671387 0.000000 
23 2 106 1 2 3 3 1 0 3 3 1 1.056929 0.000000 
23 2 107 0 1 1 0 2 1 2 2 1 0.978310 0.000000 
23 2 108 0 5 0 0 1 2 1 1 1 0.559922 0.000000 
23 2 109 0 2 2 4 2 1 3 3 1 1.518103 0.000000 
23 2 110 0 3 3 2 0 1 4 4 1 0.605973 0.000000 
23 2 111 0 3 0 2 0 0 1 1 1 0.882150 0.000000 
23 2 112 0 5 1 2 0 2 2 2 1 0.683748 0.000000 
23 2 113 1 1 1 1 1 1 2 2 1 0.764602 0.000000 
23 2 114 0 5 2 4 2 2 3 3 1 0.746839 0.000000 
23 2 115 0 1 2 2 1 0 3 3 1 1.456744 0.000000 
23 2 116 1 3 0 2 0 0 4 4 1 1.107245 0.000000 
23 2 117 0 2 3 1 0 0 4 3 0 0.739607 0.000000 
23 2 118 0 5 3 3 1 2 4 4 1 1.142550 0.000000 
23 2 119 1 1 1 0 0 1 2 2 1 0.973062 0.000000 
23 2 120 0 5 1 2 0 2 2 2 1 0.810737 0.000000 
23 2 121 0 0 0 3 0 1 1 1 1 0.727013 0.000000 
23 2 122 1 3 0 5 2 0 4 4 1 0.949541 0.000000 
23 2 123 0 2 2 4 2 1 3 3 1 0.692129 0.000000 
23 2 124 0 1 2 2 1 0 3 3 1 1.348827 0.000000 
23 2 125 0 4 0 2 0 2 1 1 1 0.899861 0.000000 
23 2 126 0 3 3 3 1 1 4 4 1 0.916160 0.000000 
23 2 127 0 2 3 5 2 0 4 4 1 0.571928 0.000000 
23 2 128 0 3 0 0 1 0 1 1 1 1.137257 0.000000 
23 2 129 0 2 2 2 1 1 3 3 1 0.911293 0.000000 
23 2 130 0 5 0 0 1 2 1 1 1 0.583588 0.000000 
23 2 131 0 2 2 4 2 1 3 3 1 0.820428 0.000000 
23 2 132 1 3 2 2 1 2 4 4 1 0.824010 0.000000 
23 2 133 0 0 0 3 0 1 1 1 1 0.779633 0.000000 
23 2 134 0 5 3 5 2 2 4 4 1 1.025212 0.000000 
23 2 135 1 1 1 1 1 1 2 2 1 0.780853 0.000000 
23 2 136 0 3 3 4 2 1 4 3 0 0.625460 0.000000 
23 2 137 1 1 1 0 0 1 2 2 1 1.753016 0.000000 
23 2 138 0 2 3 1 0 0 4 4 1 1.447118 0.000000 
23 2 139 0 0 1 1 1 0 2 1 0 1.018263 0.000000 
23 2 140 1 1 2 5 2 0 2 2 1 1.266000 0.000000 
23 2 141 0 4 3 2 0 2 4 4 1 0.619901 0.000000 
23 2 142 0 0 1 3 0 0 2 2 1 1.574496 0.000000 
23 2 143 0 3 0 0 1 0 1 1 1 0.972300 0.000000 
23 2 144 0 3 0 4 2 0 1 1 1 0.937962 0.000000 
23 2 145 0 2 2 1 0 1 3 3 1 0.816924 0.000000 
23 2 146 1 2 2 2 1 1 3 3 1 1.084445 0.000000 
23 2 147 0 3 0 0 1 0 1 1 1 0.965540 0.000000 
23 2 148 0 0 1 5 2 0 2 2 1 1.402993 0.000000 
23 2 149 0 4 1 2 0 2 2 2 1 0.647363 0.000000 
23 2 150 0 3 0 2 0 0 1 1 1 1.746247 0.000000 
23 2 151 1 2 2 4 2 1 3 3 1 1.281464 0.000000 
23 2 152 0 5 2 5 2 2 3 3 1 0.795266 0.000000 
23 2 153 0 3 0 0 1 0 1 1 1 1.272152 0.000000 
23 2 154 0 5 0 0 1 2 1 1 1 0.553918 0.000000 
23 2 155 0 4 0 2 0 2 1 1 1 0.520071 0.000000 
23 2 156 1 2 3 3 1 0 3 3 1 1.350568 0.000000 
23 2 157 0 1 2 2 2 0 3 2 0 1.733060 0.000000 
23 2 158 1 2 2 1 0 1 3 3 1 1.456378 0.000000 
23 2 159 0 1 1 0 0 1 2 2 1 1.466393 0.000000 
23 2 160 0 1 2 5 2 0 3 3 1 0.932204 0.000000 
23 2 161 1 0 0 0 1 2 1 1 1 1.019884 0.000000 
23 2 162 0 5 1 4 2 2 2 2 1 0.966515 0.000000 
23 2 163 0 4 0 2 0 2 1 1 1 0.684158 0.000000 
23 2 164 0 3 3 5 2 1 4 4 1 0.589024 0.000000 
23 2 165 1 0 2 5 2 2 1 1 1 1.633894 0.000000 
23 2 166 0 3 3 3 1 1 4 4 1 0.725087 0.000000 
23 2 167 0 4 0 2 0 2 1 1 1 0.836667 0.000000 
23 2 168 1 3 3 2 0 1 4 4 1 1.327605 0.000000 
23 2 169 0 3 3 5 2 1 4 4 1 0.470394 0.000000 
23 2 170 0 2 3 3 1 0 4 4 1 0.671815 0.000000 
23 2 171 0 4 2 5 2 2 3 3 1 0.817375 0.000000 
23 2 172 0 2 3 3 1 0 4 4 1 0.588937 0.000000 
23 2 173 0 3 3 2 0 1 4 4 1 0.729791 0.000000 
23 2 174 0 1 1 1 1 1 2 2 1 0.817337 0.000000 
23 2 175 1 2 3 2 2 2 3 3 1 1.244913 0.000000 
23 2 176 1 3 3 5 2 2 4 4 1 1.504021 0.000000 
23 2 177 1 1 2 0 0 0 2 2 1 1.303538 0.000000 
23 2 178 1 1 1 4 2 2 2 2 1 1.176008 0.000000 
23 2 179 0 3 3 3 1 1 4 4 1 0.757717 0.000000 
23 2 180 0 1 2 2 1 0 3 3 1 1.211958 0.000000 
23 2 181 0 2 3 3 1 0 4 4 1 0.776345 0.000000 
23 2 182 0 3 0 5 2 0 1 1 1 1.365944 0.000000 
23 2 183 0 3 0 2 0 0 1 1 1 0.787989 0.000000 
23 2 184 0 0 1 1 1 0 2 2 1 0.863650 0.000000 
23 2 185 1 0 0 0 1 1 1 1 1 1.169930 0.000000 
23 2 186 0 0 0 0 1 1 1 1 1 0.495634 0.000000 
23 2 187 1 2 3 2 2 2 3 3 1 2.072492 0.000000 
23 2 188 1 2 2 2 1 1 3 3 1 0.842488 0.000000 
23 2 189 1 2 3 3 1 0 3 3 1 1.421464 0.000000 
23 2 190 0 5 2 2 1 2 3 3 1 0.792307 0.000000 
23 2 191 0 2 2 1 0 1 3 3 1 0.725185 0.000000 
23 2 192 0 2 2 2 1 1 3 3 1 0.524724 0.000000 
23 3 1 0 1 2 2 1 0 3 3 1 1.297323 0.000000 
23 3 2 0 3 0 0 1 0 1 1 1 1.074561 0.000000 
23 3 3 0 1 2 2 0 0 3 3 1 0.980223 0.000000 
23 3 4 0 5 1 0 0 2 2 2 1 1.041919 0.000000 
23 3 5 0 4 0 0 1 2 1 1 1 0.588921 0.000000 
23 3 6 0 5 2 2 2 2 3 3 1 0.825748 0.000000 
23 3 7 1 3 3 0 0 1 4 4 1 1.308368 0.000000 
23 3 8 0 0 1 1 0 0 2 2 1 2.084846 0.000000 
23 3 9 0 4 2 3 2 2 3 3 1 1.046191 0.000000 
23 3 10 0 5 3 0 0 2 4 4 1 0.657219 0.000000 
23 3 11 0 4 2 5 2 2 3 3 1 0.811363 0.000000 
23 3 12 0 0 0 0 1 1 1 1 1 0.951660 0.000000 
23 3 13 1 0 0 0 1 1 1 1 1 0.853962 0.000000 
23 3 14 0 2 3 3 0 0 4 4 1 1.119262 0.000000 
23 3 15 0 0 0 0 1 1 1 1 1 0.542921 0.000000 
23 3 16 0 5 3 5 2 2 4 4 1 0.837762 0.000000 
23 3 17 0 0 1 1 1 0 2 2 1 0.792692 0.000000 
23 3 18 0 5 0 4 2 2 1 1 1 0.837587 0.000000 
23 3 19 0 3 0 4 2 0 1 4 0 0.640523 0.000000 
23 3 20 1 3 1 0 0 2 4 4 1 0.999425 0.000000 
23 3 21 0 4 1 4 2 2 2 2 1 0.786975 0.000000 
23 3 22 0 1 2 2 0 0 3 3 1 1.719866 0.000000 
23 3 23 1 2 1 3 0 2 3 3 1 1.199755 0.000000 
23 3 24 0 3 3 3 1 1 4 4 1 0.540115 0.000000 
23 3 25 0 3 3 3 1 1 4 4 1 0.450955 0.000000 
23 3 26 1 3 0 0 1 0 4 4 1 1.005073 0.000000 
23 3 27 1 2 2 4 2 2 3 3 1 0.801407 0.000000 
23 3 28 0 0 1 1 0 0 2 2 1 0.940753 0.000000 
23 3 29 1 0 0 1 0 1 1 1 1 1.043660 0.000000 
23 3 30 0 5 2 5 2 2 3 3 1 0.838668 0.000000 
23 3 31 1 3 3 0 0 1 4 4 1 1.673616 0.000000 
23 3 32 0 5 0 0 0 2 1 1 1 0.675500 0.000000 
23 3 33 1 0 2 5 2 2 1 1 1 1.181067 0.000000 
23 3 34 0 0 1 1 1 0 2 2 1 0.898798 0.000000 
23 3 35 0 2 2 1 2 1 3 3 1 1.170797 0.000000 
23 3 36 0 3 3 0 2 1 4 4 1 0.616420 0.000000 
23 3 37 0 2 2 3 0 1 3 3 1 0.771947 0.000000 
23 3 38 0 1 2 2 0 0 3 3 1 1.537575 0.000000 
23 3 39 1 0 0 0 1 1 1 1 1 0.912755 0.000000 
23 3 40 0 1 2 2 1 0 3 3 1 1.073035 0.000000 
23 3 41 0 4 0 0 0 2 1 2 0 0.522780 0.000000 
23 3 42 0 2 3 3 1 0 4 4 1 1.238014 0.000000 
23 3 43 0 1 2 2 1 0 3 3 1 1.111832 0.000000 
23 3 44 0 1 2 3 2 0 3 3 1 0.904205 0.000000 
23 3 45 0 4 3 1 2 2 4 4 1 0.864496 0.000000 
23 3 46 0 2 2 3 0 1 3 3 1 0.634733 0.000000 
23 3 47 0 0 1 1 1 0 2 2 1 0.853626 0.000000 
23 3 48 0 2 3 4 2 0 4 4 1 0.863866 0.000000 
23 3 49 1 2 3 3 1 0 3 3 1 1.313233 0.000000 
23 3 50 1 1 2 2 1 2 2 2 1 1.369590 0.000000 
23 3 51 0 4 1 1 1 2 2 2 1 0.671378 0.000000 
23 3 52 0 3 3 0 0 1 4 4 1 1.000965 0.000000 
23 3 53 0 1 1 1 1 1 2 2 1 0.709276 0.000000 
23 3 54 0 3 0 0 0 0 1 1 1 1.821521 0.000000 
23 3 55 0 4 1 0 0 2 2 2 1 0.849462 0.000000 
23 3 56 0 0 0 0 1 1 1 1 1 0.587966 0.000000 
23 3 57 0 3 3 3 1 1 4 4 1 0.567523 0.000000 
23 3 58 0 5 2 3 2 2 3 3 1 0.661019 0.000000 
23 3 59 0 4 2 4 2 2 3 3 1 0.895235 0.000000 
23 3 60 1 1 1 4 2 1 2 2 1 1.144189 0.000000 
23 3 61 0 4 3 3 1 2 4 4 1 0.559244 0.000000 
23 3 62 1 0 1 0 2 0 1 1 1 0.885389 0.000000 
23 3 63 0 1 2 2 1 0 3 2 0 0.710344 0.000000 
23 3 64 0 0 1 1 0 0 2 2 1 1.241590 0.000000 
23 3 65 0 4 3 3 1 2 4 4 1 0.572182 0.000000 
23 3 66 0 1 2 4 2 0 3 3 1 0.809680 0.000000 
23 3 67 0 1 1 1 1 1 2 2 1 0.717925 0.000000 
23 3 68 1 2 3 3 1 0 3 3 1 1.317477 0.000000 
23 3 69 1 0 1 4 2 2 1 1 1 1.237288 0.000000 
23 3 70 0 1 2 4 2 0 3 3 1 1.128376 0.000000 
23 3 71 0 3 3 3 1 1 4 4 1 0.567010 0.000000 
23 3 72 0 5 0 0 0 2 1 1 1 0.692554 0.000000 
23 3 73 0 4 2 2 1 2 3 3 1 0.741441 0.000000 
23 3 74 0 1 2 2 1 0 3 3 1 1.004305 0.000000 
23 3 75 1 3 0 4 2 0 4 4 1 1.336645 0.000000 
23 3 76 1 0 0 1 0 1 1 1 1 0.887770 0.000000 
23 3 77 0 4 0 5 2 2 1 1 1 1.064737 0.000000 
23 3 78 1 2 3 4 2 0 3 3 1 0.770072 0.000000 
23 3 79 0 1 1 2 0 1 2 2 1 2.367724 0.000000 
23 3 80 0 5 3 3 1 2 4 4 1 0.725868 0.000000 
23 3 81 0 4 1 0 0 2 2 2 1 0.757382 0.000000 
23 3 82 0 0 0 1 0 1 1 1 1 0.923615 0.000000 
23 3 83 1 0 0 0 1 1 1 1 1 0.771245 0.000000 
23 3 84 1 3 0 0 0 0 4 4 1 0.863919 0.000000 
23 3 85 0 1 2 4 2 0 3 3 1 1.010104 0.000000 
23 3 86 0 0 0 5 2 1 1 1 1 0.694425 0.000000 
23 3 87 1 2 3 4 2 0 3 3 1 1.599328 0.000000 
23 3 88 0 5 3 0 0 2 4 4 1 0.692106 0.000000 
23 3 89 0 1 1 4 2 1 2 2 1 0.756735 0.000000 
23 3 90 0 3 0 0 1 0 1 1 1 1.506998 0.000000 
23 3 91 0 2 3 3 0 0 4 4 1 0.707477 0.000000 
23 3 92 1 3 0 0 0 2 4 4 1 0.930723 0.000000 
23 3 93 1 3 3 3 1 1 4 4 1 0.738284 0.000000 
23 3 94 0 1 1 2 0 1 2 2 1 1.009230 0.000000 
23 3 95 1 1 2 2 1 0 2 2 1 0.861545 0.000000 
23 3 96 0 2 2 3 0 1 3 3 1 0.815757 0.000000 
23 3 97 0 1 1 1 1 1 2 2 1 0.683928 0.000000 
23 3 98 0 2 3 4 2 0 4 4 1 0.988939 0.000000 
23 3 99 0 0 0 1 0 1 1 1 1 1.321980 0.000000 
23 3 100 0 3 0 0 0 0 1 1 1 0.896734 0.000000 
23 3 101 0 3 3 4 2 1 4 4 1 1.337718 0.000000 
23 3 102 0 5 1 1 1 2 2 2 1 0.736805 0.000000 
23 3 103 0 1 1 1 1 1 2 2 1 0.575701 0.000000 
23 3 104 1 2 3 4 2 0 3 3 1 1.205196 0.000000 
23 3 105 0 4 3 0 0 2 4 4 1 0.577595 0.000000 
23 3 106 0 5 3 3 1 2 4 4 1 0.511090 0.000000 
23 3 107 0 1 1 1 1 1 2 2 1 0.646182 0.000000 
23 3 108 0 3 0 0 0 0 1 1 1 0.953060 0.000000 
23 3 109 0 0 0 0 1 1 1 1 1 0.615394 0.000000 
23 3 110 0 0 1 1 1 0 2 2 1 0.811614 0.000000 
23 3 111 0 2 3 3 0 0 4 4 1 0.975814 0.000000 
23 3 112 0 0 1 1 0 0 2 2 1 1.173540 0.000000 
23 3 113 1 1 2 5 2 0 2 2 1 1.707220 0.000000 
23 3 114 0 5 0 0 1 2 1 1 1 0.706784 0.000000 
23 3 115 0 0 0 1 0 1 1 2 0 0.819041 0.000000 
23 3 116 1 3 0 0 1 0 4 4 1 1.226642 0.000000 
23 3 117 0 2 3 3 1 0 4 4 1 1.221923 0.000000 
23 3 118 0 0 0 0 1 1 1 1 1 0.593615 0.000000 
23 3 119 1 2 3 3 0 2 3 3 1 0.862436 0.000000 
23 3 120 0 1 1 2 0 1 2 2 1 1.216759 0.000000 
23 3 121 0 4 0 5 2 2 1 1 1 0.827448 0.000000 
23 3 122 1 1 3 3 1 2 2 2 1 1.743099 0.000000 
23 3 123 0 4 0 5 2 2 1 1 1 0.846345 0.000000 
23 3 124 0 0 0 1 0 1 1 1 1 0.697289 0.000000 
23 3 125 1 0 1 2 2 2 1 1 1 1.362177 0.000000 
23 3 126 0 1 2 4 2 0 3 3 1 1.000645 0.000000 
23 3 127 0 4 2 0 0 2 3 3 1 0.852925 0.000000 
23 3 128 0 5 2 4 2 2 3 3 1 0.702188 0.000000 
23 3 129 0 4 0 0 1 2 1 1 1 0.614427 0.000000 
23 3 130 0 3 3 0 2 1 4 4 1 1.034621 0.000000 
23 3 131 1 3 0 4 2 0 4 4 1 1.685637 0.000000 
23 3 132 0 3 3 4 2 1 4 4 1 0.854891 0.000000 
23 3 133 0 4 2 5 2 2 3 3 1 0.913178 0.000000 
23 3 134 0 1 1 2 0 1 2 2 1 0.761437 0.000000 
23 3 135 1 3 3 1 2 1 4 4 1 0.934631 0.000000 
23 3 136 0 0 0 0 1 1 1 1 1 0.957718 0.000000 
23 3 137 1 0 1 1 1 0 1 1 1 1.331979 0.000000 
23 3 138 0 1 2 2 0 0 3 3 1 1.739784 0.000000 
23 3 139 0 4 0 5 2 2 1 1 1 0.850996 0.000000 
23 3 140 1 3 2 0 0 2 4 4 1 1.085313 0.000000 
23 3 141 0 2 2 2 1 1 3 3 1 0.813368 0.000000 
23 3 142 0 5 0 0 0 2 1 1 1 0.593592 0.000000 
23 3 143 1 0 0 1 0 1 1 1 1 0.798407 0.000000 
23 3 144 1 0 0 1 0 1 1 1 1 0.747332 0.000000 
23 3 145 0 3 0 4 2 0 1 1 1 1.554251 0.000000 
23 3 146 1 0 1 2 2 0 1 1 1 1.848794 0.000000 
23 3 147 0 4 3 0 0 2 4 4 1 0.723915 0.000000 
23 3 148 0 2 2 5 2 1 3 3 1 0.921996 0.000000 
23 3 149 0 0 1 4 2 0 2 2 1 0.865622 0.000000 
23 3 150 0 3 3 4 2 1 4 4 1 0.619883 0.000000 
23 3 151 0 3 3 0 0 1 4 4 1 0.479389 0.000000 
23 3 152 0 2 3 4 2 0 4 4 1 0.600838 0.000000 
23 3 153 1 0 0 0 2 1 1 1 1 0.949020 0.000000 
23 3 154 0 5 2 0 0 2 3 3 1 0.867892 0.000000 
23 3 155 1 2 3 3 0 0 3 3 1 0.893564 0.000000 
23 3 156 1 2 2 2 1 1 3 3 1 0.813518 0.000000 
23 3 157 0 2 2 5 2 1 3 3 1 1.073802 0.000000 
23 3 158 0 5 0 4 2 2 1 1 1 0.859485 0.000000 
23 3 159 1 2 0 3 0 2 3 3 1 1.317750 0.000000 
23 3 160 0 5 3 3 1 2 4 4 1 0.829552 0.000000 
23 3 161 1 3 3 4 2 1 4 4 1 1.545190 0.000000 
23 3 162 1 2 2 2 1 1 3 3 1 3.175379 0.000000 
23 3 163 0 4 0 0 1 2 1 1 1 0.845869 0.000000 
23 3 164 0 1 1 1 1 1 2 2 1 0.640785 0.000000 
23 3 165 0 2 3 3 1 0 4 3 0 1.627674 0.000000 
23 3 166 1 1 2 2 1 0 2 2 1 0.915347 0.000000 
23 3 167 0 4 3 4 2 2 4 4 1 0.699396 0.000000 
23 3 168 0 5 2 2 1 2 3 3 1 1.196101 0.000000 
23 3 169 0 1 1 2 0 1 2 2 1 1.519752 0.000000 
23 3 170 0 5 2 0 0 2 3 3 1 0.791505 0.000000 
23 3 171 0 2 3 5 2 0 4 4 1 0.732415 0.000000 
23 3 172 0 5 3 3 1 2 4 4 1 0.539911 0.000000 
23 3 173 0 3 0 4 2 0 1 1 1 0.970807 0.000000 
23 3 174 0 3 3 5 2 1 4 4 1 0.544444 0.000000 
23 3 175 0 0 0 1 0 1 1 1 1 0.575268 0.000000 
23 3 176 0 0 1 1 0 0 2 2 1 0.755768 0.000000 
23 3 177 0 0 1 1 0 0 2 2 1 0.481979 0.000000 
23 3 178 0 2 3 4 2 0 4 4 1 1.003437 0.000000 
23 3 179 0 3 0 0 1 0 1 1 1 1.327775 0.000000 
23 3 180 0 5 0 0 0 2 1 1 1 0.975606 0.000000 
23 3 181 0 1 1 2 0 1 2 2 1 0.789234 0.000000 
23 3 182 1 1 2 5 2 0 2 3 0 1.617522 0.000000 
23 3 183 0 3 3 3 1 1 4 4 1 0.777013 0.000000 
23 3 184 0 5 2 0 0 2 3 3 1 0.902148 0.000000 
23 3 185 0 4 1 5 2 2 2 2 1 1.070465 0.000000 
23 3 186 0 5 2 2 1 2 3 3 1 0.944111 0.000000 
23 3 187 0 4 1 1 1 2 2 2 1 1.047136 0.000000 
23 3 188 0 0 0 5 2 1 1 1 1 0.586085 0.000000 
23 3 189 1 0 0 4 2 1 1 1 1 1.110949 0.000000 
23 3 190 0 3 0 0 0 0 1 1 1 0.630289 0.000000 
23 3 191 0 2 2 1 2 1 3 4 0 1.977839 0.000000 
23 3 192 1 3 2 0 0 2 4 4 1 2.243975 0.000000 
23 4 1 0 0 0 2 0 1 1 1 1 1.116977 0.000000 
23 4 2 1 3 3 1 0 1 4 4 1 1.444175 0.000000 
23 4 3 0 1 1 4 2 1 2 2 1 1.431335 0.000000 
23 4 4 0 3 0 0 2 0 1 1 1 1.075142 0.000000 
23 4 5 0 4 1 1 0 2 2 2 1 0.660853 0.000000 
23 4 6 0 3 0 1 0 0 1 1 1 0.926053 0.000000 
23 4 7 0 3 0 5 2 0 1 1 1 0.685669 0.000000 
23 4 8 0 0 0 1 2 1 1 1 1 0.582534 0.000000 
23 4 9 0 0 1 1 1 0 2 2 1 0.699889 0.000000 
23 4 10 0 2 2 2 1 1 3 3 1 0.924236 0.000000 
23 4 11 0 4 0 1 0 2 1 1 1 0.739878 0.000000 
23 4 12 0 5 2 4 2 2 3 3 1 0.810743 0.000000 
23 4 13 0 4 2 2 1 2 3 3 1 0.478940 0.000000 
23 4 14 0 0 0 4 2 1 1 1 1 1.079483 0.000000 
23 4 15 0 4 3 3 1 2 4 4 1 0.577141 0.000000 
23 4 16 1 3 3 5 2 2 4 4 1 1.406611 0.000000 
23 4 17 0 1 2 3 0 0 3 3 1 1.283122 0.000000 
23 4 18 1 3 0 1 0 0 4 4 1 1.268227 0.000000 
23 4 19 0 2 3 4 2 0 4 4 1 0.653994 0.000000 
23 4 20 1 3 0 1 0 0 4 4 1 0.848200 0.000000 
23 4 21 0 3 0 1 0 0 1 4 0 0.498138 0.000000 
23 4 22 0 0 0 2 0 1 1 1 1 1.198720 0.000000 
23 4 23 1 2 2 0 0 2 3 3 1 1.963568 0.000000 
23 4 24 0 3 0 1 0 0 1 1 1 1.882252 0.000000 
23 4 25 1 0 0 4 2 2 1 1 1 1.100069 0.000000 
23 4 26 0 0 0 2 0 1 1 1 1 0.587936 0.000000 
23 4 27 1 2 3 4 2 2 3 3 1 1.151797 0.000000 
23 4 28 0 3 3 1 0 1 4 4 1 1.078156 0.000000 
23 4 29 0 1 2 3 0 0 3 3 1 1.911910 0.000000 
23 4 30 0 3 3 5 2 1 4 4 1 0.680542 0.000000 
23 4 31 0 0 1 1 1 0 2 2 1 0.994110 0.000000 
23 4 32 0 2 2 0 0 1 3 3 1 0.959108 0.000000 
23 4 33 0 3 3 1 0 1 4 4 1 0.765402 0.000000 
23 4 34 1 3 3 3 1 1 4 4 1 0.978611 0.000000 
23 4 35 0 4 1 1 1 2 2 2 1 0.816271 0.000000 
23 4 36 0 2 2 4 2 1 3 3 1 0.796077 0.000000 
23 4 37 1 0 1 4 2 2 1 1 1 0.768746 0.000000 
23 4 38 0 1 1 1 1 1 2 2 1 1.358363 0.000000 
23 4 39 0 4 2 2 1 2 3 3 1 0.868786 0.000000 
23 4 40 1 3 1 5 2 2 4 4 1 0.750377 0.000000 
23 4 41 0 2 2 2 1 1 3 3 1 0.796629 0.000000 
23 4 42 0 5 0 1 0 2 1 1 1 0.848578 0.000000 
23 4 43 0 4 2 5 2 2 3 3 1 0.675448 0.000000 
23 4 44 0 1 1 1 1 1 2 2 1 0.844979 0.000000 
23 4 45 0 4 0 1 2 2 1 1 1 1.271951 0.000000 
23 4 46 0 3 0 0 1 0 1 1 1 0.617700 0.000000 
23 4 47 0 1 2 3 0 0 3 3 1 0.813203 0.000000 
23 4 48 0 5 1 1 1 2 2 2 1 0.721479 0.000000 
23 4 49 0 3 3 1 0 1 4 4 1 0.679963 0.000000 
23 4 50 0 5 0 1 0 2 1 1 1 0.705555 0.000000 
23 4 51 1 2 1 0 0 2 3 3 1 1.217749 0.000000 
23 4 52 0 1 2 3 0 0 3 3 1 0.813518 0.000000 
23 4 53 1 2 2 2 1 1 3 3 1 0.913724 0.000000 
23 4 54 1 2 2 2 1 1 3 3 1 0.938026 0.000000 
23 4 55 1 2 3 0 0 2 3 3 1 0.792980 0.000000 
23 4 56 0 1 1 1 1 1 2 2 1 1.780979 0.000000 
23 4 57 1 2 3 3 1 0 3 3 1 1.026864 0.000000 
23 4 58 0 1 2 3 0 0 3 3 1 1.406595 0.000000 
23 4 59 0 4 1 1 1 2 2 2 1 0.843086 0.000000 
23 4 60 0 2 2 0 0 1 3 3 1 0.741930 0.000000 
23 4 61 1 2 3 0 0 0 3 3 1 0.948859 0.000000 
23 4 62 0 5 2 4 2 2 3 3 1 0.667838 0.000000 
23 4 63 0 4 0 1 0 2 1 1 1 0.844396 0.000000 
23 4 64 0 3 3 1 2 1 4 4 1 0.895322 0.000000 
23 4 65 0 0 0 2 0 1 1 1 1 0.712258 0.000000 
23 4 66 1 1 2 4 2 0 2 2 1 1.104400 0.000000 
23 4 67 1 2 3 4 2 2 3 3 1 0.968804 0.000000 
23 4 68 0 0 0 0 1 1 1 1 1 1.110507 0.000000 
23 4 69 1 0 3 2 0 2 1 1 1 1.422878 0.000000 
23 4 70 0 0 1 1 1 0 2 2 1 1.657708 0.000000 
23 4 71 0 2 3 4 2 0 4 4 1 1.156280 0.000000 
23 4 72 0 1 2 2 1 0 3 3 1 1.498697 0.000000 
23 4 73 0 2 3 3 1 0 4 4 1 1.003854 0.000000 
23 4 74 0 3 3 1 0 1 4 4 1 0.968192 0.000000 
23 4 75 0 4 0 0 1 2 1 1 1 0.749820 0.000000 
23 4 76 0 1 1 1 1 1 2 2 1 0.756005 0.000000 
23 4 77 0 2 3 0 0 0 4 4 1 1.009272 0.000000 
23 4 78 1 1 2 2 1 0 2 2 1 3.005712 0.000000 
23 4 79 0 1 1 4 2 1 2 2 1 0.906732 0.000000 
23 4 80 1 0 0 5 2 1 1 1 1 1.115055 0.000000 
23 4 81 0 4 0 0 1 2 1 1 1 0.739411 0.000000 
23 4 82 0 3 3 4 2 1 4 4 1 0.746275 0.000000 
23 4 83 0 0 1 1 1 0 2 2 1 1.112213 0.000000 
23 4 84 0 0 0 4 2 1 1 1 1 1.312570 0.000000 
23 4 85 0 1 1 3 0 1 2 2 1 0.784996 0.000000 
23 4 86 0 0 1 5 2 0 2 2 1 0.501855 0.000000 
23 4 87 0 2 3 3 1 0 4 4 1 1.102032 0.000000 
23 4 88 0 0 1 1 1 0 2 1 0 0.614433 0.000000 
23 4 89 0 4 1 1 0 2 2 2 1 0.662603 0.000000 
23 4 90 1 1 1 3 0 2 2 2 1 1.015314 0.000000 
23 4 91 1 0 1 2 0 0 1 1 1 0.987656 0.000000 
23 4 92 0 5 3 5 2 2 4 4 1 0.928640 0.000000 
23 4 93 0 4 0 1 0 2 1 1 1 0.888220 0.000000 
23 4 94 0 5 2 2 1 2 3 3 1 1.121237 0.000000 
23 4 95 1 2 2 2 1 1 3 3 1 0.880901 0.000000 
23 4 96 0 0 0 2 0 1 1 1 1 0.826540 0.000000 
23 4 97 0 0 0 2 0 1 1 1 1 0.742123 0.000000 
23 4 98 1 1 1 4 2 2 2 2 1 0.891998 0.000000 
23 4 99 0 2 2 2 1 1 3 3 1 0.684955 0.000000 
23 4 100 0 3 3 3 1 1 4 4 1 0.733820 0.000000 
23 4 101 1 0 1 4 2 2 1 1 1 0.852709 0.000000 
23 4 102 0 2 2 0 0 1 3 3 1 1.047004 0.000000 
23 4 103 0 4 1 1 0 2 2 2 1 0.842014 0.000000 
23 4 104 0 1 1 3 0 1 2 2 1 0.908032 0.000000 
23 4 105 0 4 1 5 2 2 2 2 1 0.556210 0.000000 
23 4 106 1 3 3 3 1 1 4 4 1 0.778378 0.000000 
23 4 107 0 4 1 1 1 2 2 2 1 0.775955 0.000000 
23 4 108 0 0 0 5 2 1 1 1 1 0.901595 0.000000 
23 4 109 0 2 2 0 0 1 3 3 1 0.653769 0.000000 
23 4 110 1 1 2 4 2 0 2 2 1 0.895985 0.000000 
23 4 111 0 0 0 0 1 1 1 1 1 0.672961 0.000000 
23 4 112 1 0 1 4 2 0 1 1 1 1.122522 0.000000 
23 4 113 0 4 3 1 0 2 4 4 1 0.865182 0.000000 
23 4 114 0 5 1 1 1 2 2 2 1 1.059474 0.000000 
23 4 115 1 1 2 2 1 0 2 2 1 0.909803 0.000000 
23 4 116 0 5 2 2 1 2 3 3 1 0.726124 0.000000 
23 4 117 1 0 0 0 1 1 1 1 1 0.629622 0.000000 
23 4 118 0 2 3 3 1 0 4 4 1 1.777179 0.000000 
23 4 119 1 0 0 4 2 1 1 1 1 0.751159 0.000000 
23 4 120 0 3 0 4 2 0 1 1 1 2.028424 0.000000 
23 4 121 0 0 1 1 1 0 2 2 1 0.816425 0.000000 
23 4 122 0 3 0 1 0 0 1 1 1 0.868036 0.000000 
23 4 123 0 2 2 2 1 1 3 3 1 1.149636 0.000000 
23 4 124 0 2 3 4 2 0 4 4 1 0.979949 0.000000 
23 4 125 0 2 3 4 2 0 4 4 1 0.921648 0.000000 
23 4 126 0 5 1 1 1 2 2 2 1 0.888334 0.000000 
23 4 127 1 2 2 0 2 1 3 3 1 1.417258 0.000000 
23 4 128 0 3 0 5 2 0 1 1 1 1.277108 0.000000 
23 4 129 0 2 2 0 0 1 3 3 1 0.654818 0.000000 
23 4 130 1 1 1 3 0 1 2 2 1 0.769086 0.000000 
23 4 131 0 0 0 5 2 1 1 1 1 0.918632 0.000000 
23 4 132 0 1 2 5 2 0 3 3 1 0.910246 0.000000 
23 4 133 0 4 0 1 0 2 1 1 1 0.734521 0.000000 
23 4 134 0 5 3 4 2 2 4 4 1 0.628423 0.000000 
23 4 135 1 2 3 0 0 2 3 3 1 1.023927 0.000000 
23 4 136 1 3 2 2 1 2 4 4 1 0.779606 0.000000 
23 4 137 1 0 1 1 1 0 1 1 1 0.801137 0.000000 
23 4 138 0 5 2 2 1 2 3 3 1 0.909431 0.000000 
23 4 139 0 2 3 0 0 0 4 4 1 0.861692 0.000000 
23 4 140 0 5 3 3 1 2 4 4 1 0.551055 0.000000 
23 4 141 0 4 1 1 0 2 2 2 1 0.621108 0.000000 
23 4 142 1 1 1 5 2 1 2 2 1 1.320647 0.000000 
23 4 143 1 2 2 2 1 1 3 3 1 1.664451 0.000000 
23 4 144 0 5 1 1 0 2 2 2 1 0.979007 0.000000 
23 4 145 1 2 2 4 2 1 3 3 1 0.952649 0.000000 
23 4 146 0 3 0 1 0 0 1 1 1 2.447041 0.000000 
23 4 147 0 3 0 0 1 0 1 1 1 0.929523 0.000000 
23 4 148 0 1 2 2 1 0 3 3 1 1.721201 0.000000 
23 4 149 0 4 2 2 1 2 3 3 1 1.185088 0.000000 
23 4 150 0 1 2 3 0 0 3 3 1 1.454254 0.000000 
23 4 151 0 2 2 2 1 1 3 3 1 0.632679 0.000000 
23 4 152 0 1 2 3 0 0 3 3 1 0.580023 0.000000 
23 4 153 0 3 3 4 2 1 4 4 1 0.664106 0.000000 
23 4 154 0 5 1 0 2 2 2 2 1 2.018286 0.000000 
23 4 155 0 2 3 3 1 0 4 4 1 1.830323 0.000000 
23 4 156 0 5 2 5 2 2 3 3 1 0.746258 0.000000 
23 4 157 0 1 2 5 2 0 3 3 1 0.601151 0.000000 
23 4 158 0 3 0 4 2 0 1 1 1 0.725354 0.000000 
23 4 159 0 2 3 3 1 0 4 4 1 0.788889 0.000000 
23 4 160 0 0 0 0 1 1 1 1 1 0.601783 0.000000 
23 4 161 0 4 0 1 0 2 1 1 1 0.876901 0.000000 
23 4 162 1 3 3 2 2 1 4 4 1 2.142641 0.000000 
23 4 163 0 0 1 0 2 0 2 2 1 1.374046 0.000000 
23 4 164 0 5 0 1 0 2 1 1 1 0.731831 0.000000 
23 4 165 0 1 2 3 2 0 3 3 1 0.787385 0.000000 
23 4 166 0 5 1 1 0 2 2 2 1 0.768307 0.000000 
23 4 167 0 0 0 2 0 1 1 1 1 0.621859 0.000000 
23 4 168 0 0 0 0 1 1 1 1 1 1.424429 0.000000 
23 4 169 1 2 3 0 0 0 3 3 1 1.620218 0.000000 
23 4 170 0 2 2 5 2 1 3 3 1 0.960094 0.000000 
23 4 171 1 0 1 1 1 0 1 1 1 0.806415 0.000000 
23 4 172 0 2 2 2 1 1 3 3 1 0.802665 0.000000 
23 4 173 0 2 3 3 1 0 4 4 1 1.182937 0.000000 
23 4 174 0 5 3 3 1 2 4 4 1 0.596017 0.000000 
23 4 175 0 4 2 4 2 2 3 3 1 0.855851 0.000000 
23 4 176 0 3 3 1 0 1 4 4 1 0.650094 0.000000 
23 4 177 0 4 3 3 1 2 4 4 1 0.612277 0.000000 
23 4 178 0 3 0 4 2 0 1 1 1 0.856464 0.000000 
23 4 179 0 2 3 3 1 0 4 4 1 1.602786 0.000000 
23 4 180 0 5 2 4 2 2 3 3 1 0.615304 0.000000 
23 4 181 1 0 3 4 2 2 1 1 1 1.915519 0.000000 
23 4 182 1 3 0 5 2 0 4 4 1 1.347048 0.000000 
23 4 183 0 2 3 3 1 0 4 3 0 0.641603 0.000000 
23 4 184 0 0 0 2 0 1 1 1 1 0.680493 0.000000 
23 4 185 1 0 0 2 0 1 1 1 1 1.153555 0.000000 
23 4 186 0 5 1 2 2 2 2 2 1 0.863937 0.000000 
23 4 187 1 0 1 4 2 0 1 1 1 1.410221 0.000000 
23 4 188 0 5 2 1 0 2 3 3 1 0.965740 0.000000 
23 4 189 0 4 1 4 2 2 2 2 1 1.147840 0.000000 
23 4 190 0 0 1 4 2 0 2 2 1 1.219071 0.000000 
23 4 191 0 4 3 5 2 2 4 4 1 0.862812 0.000000 
23 4 192 1 0 1 4 2 0 1 1 1 0.929077 0.000000 
23 5 1 0 3 0 4 2 0 1 1 1 1.540191 0.000000 
23 5 2 1 2 2 2 1 1 3 3 1 1.290849 0.000000 
23 5 3 0 2 2 4 2 1 3 3 1 0.803983 0.000000 
23 5 4 0 2 2 1 0 1 3 3 1 0.544176 0.000000 
23 5 5 0 4 1 2 0 2 2 2 1 0.959036 0.000000 
23 5 6 1 0 1 1 1 0 1 1 1 0.972323 0.000000 
23 5 7 0 4 1 4 2 2 2 2 1 0.954020 0.000000 
23 5 8 0 1 1 0 0 1 2 2 1 0.744270 0.000000 
23 5 9 0 2 2 2 1 1 3 3 1 0.671170 0.000000 
23 5 10 1 1 1 0 0 2 2 2 1 1.176722 0.000000 
23 5 11 0 0 1 3 0 0 2 2 1 1.310490 0.000000 
23 5 12 0 5 1 1 1 2 2 2 1 0.630891 0.000000 
23 5 13 1 0 2 3 0 2 1 1 1 0.809439 0.000000 
23 5 14 1 1 3 0 0 2 2 2 1 1.157657 0.000000 
23 5 15 1 3 3 3 1 1 4 4 1 1.068069 0.000000 
23 5 16 0 3 0 0 1 0 1 1 1 1.309751 0.000000 
23 5 17 0 4 0 0 1 2 1 1 1 0.542140 0.000000 
23 5 18 0 1 1 4 2 1 2 2 1 0.981028 0.000000 
23 5 19 0 4 2 2 1 2 3 3 1 0.818640 0.000000 
23 5 20 0 5 3 3 1 2 4 4 1 0.606227 0.000000 
23 5 21 0 3 3 3 1 1 4 4 1 0.409377 0.000000 
23 5 22 0 5 3 2 0 2 4 4 1 0.549498 0.000000 
23 5 23 0 0 0 4 2 1 1 1 1 0.635896 0.000000 
23 5 24 0 5 1 4 2 2 2 2 1 1.022534 0.000000 
23 5 25 0 3 0 0 1 0 1 1 1 1.130188 0.000000 
23 5 26 0 2 3 3 1 0 4 4 1 1.617853 0.000000 
23 5 27 0 4 1 2 0 2 2 2 1 1.389834 0.000000 
23 5 28 0 3 0 2 0 0 1 1 1 0.825913 0.000000 
23 5 29 0 0 1 3 0 0 2 2 1 0.701526 0.000000 
23 5 30 0 1 2 0 0 0 3 3 1 1.005718 0.000000 
23 5 31 0 4 3 3 1 2 4 4 1 0.770106 0.000000 
23 5 32 1 3 3 5 2 1 4 4 1 0.575624 0.000000 
23 5 33 0 4 0 2 0 2 1 1 1 0.709128 0.000000 
23 5 34 0 3 3 2 0 1 4 4 1 0.613351 0.000000 
23 5 35 0 1 2 2 1 0 3 3 1 1.080567 0.000000 
23 5 36 0 5 0 2 0 2 1 1 1 0.722084 0.000000 
23 5 37 0 2 2 2 1 1 3 3 1 0.705775 0.000000 
23 5 38 0 5 1 2 0 2 2 2 1 0.969957 0.000000 
23 5 39 0 0 0 2 2 1 1 1 1 0.719614 0.000000 
23 5 40 0 0 0 3 0 1 1 1 1 0.575196 0.000000 
23 5 41 0 4 1 5 2 2 2 2 1 0.612678 0.000000 
23 5 42 0 3 0 5 2 0 1 1 1 1.232853 0.000000 
23 5 43 0 1 2 2 1 0 3 3 1 1.146900 0.000000 
23 5 44 0 3 0 0 1 0 1 1 1 1.553984 0.000000 
23 5 45 0 2 2 1 0 1 3 3 1 0.968526 0.000000 
23 5 46 0 1 2 4 2 0 3 3 1 0.782227 0.000000 
23 5 47 0 0 0 3 0 1 1 1 1 0.595756 0.000000 
23 5 48 0 2 3 1 2 0 4 4 1 1.040600 0.000000 
23 5 49 0 3 3 5 2 1 4 4 1 0.579574 0.000000 
23 5 50 0 2 2 2 1 1 3 3 1 0.744057 0.000000 
23 5 51 0 3 0 2 0 0 1 1 1 1.118975 0.000000 
23 5 52 0 1 2 0 0 0 3 3 1 1.542700 0.000000 
23 5 53 1 0 3 5 2 2 1 1 1 1.453901 0.000000 
23 5 54 0 0 0 3 0 1 1 1 1 0.680389 0.000000 
23 5 55 1 2 0 1 0 2 3 3 1 1.145917 0.000000 
23 5 56 0 1 1 4 2 1 2 2 1 0.968950 0.000000 
23 5 57 0 3 0 2 0 0 1 1 1 0.997673 0.000000 
23 5 58 0 5 1 4 2 2 2 2 1 0.978616 0.000000 
23 5 59 0 2 3 1 0 0 4 4 1 0.624248 0.000000 
23 5 60 0 0 1 3 0 0 2 2 1 1.899819 0.000000 
23 5 61 1 3 3 3 1 1 4 4 1 0.852449 0.000000 
23 5 62 1 2 2 2 1 1 3 3 1 1.406727 0.000000 
23 5 63 0 4 3 2 0 2 4 4 1 0.738227 0.000000 
23 5 64 0 3 0 2 0 0 1 1 1 1.305120 0.000000 
23 5 65 0 1 1 4 2 1 2 3 0 0.865539 0.000000 
23 5 66 1 3 0 2 0 0 4 4 1 1.359866 0.000000 
23 5 67 0 2 3 4 2 0 4 4 1 0.845814 0.000000 
23 5 68 0 1 2 0 2 0 3 3 1 1.688801 0.000000 
23 5 69 0 1 1 0 0 1 2 2 1 0.850007 0.000000 
23 5 70 0 5 3 4 2 2 4 4 1 0.627231 0.000000 
23 5 71 1 1 1 1 1 1 2 2 1 0.918792 0.000000 
23 5 72 0 3 0 2 0 0 1 1 1 0.782409 0.000000 
23 5 73 0 0 0 0 1 1 1 1 1 0.635906 0.000000 
23 5 74 1 1 2 4 2 2 2 2 1 1.038826 0.000000 
23 5 75 0 4 3 2 0 2 4 4 1 0.681848 0.000000 
23 5 76 0 2 2 2 1 1 3 3 1 1.131423 0.000000 
23 5 77 0 4 3 3 1 2 4 4 1 0.602116 0.000000 
23 5 78 0 5 0 5 2 2 1 1 1 1.014305 0.000000 
23 5 79 1 2 3 3 1 2 3 3 1 0.762567 0.000000 
23 5 80 0 0 1 4 2 0 2 2 1 0.992873 0.000000 
23 5 81 0 0 0 3 0 1 1 1 1 0.653822 0.000000 
23 5 82 1 3 0 0 1 0 4 4 1 0.920001 0.000000 
23 5 83 1 1 1 1 1 1 2 2 1 0.775648 0.000000 
23 5 84 0 0 1 1 1 0 2 2 1 0.877234 0.000000 
23 5 85 1 0 1 1 1 0 1 2 0 0.845791 0.000000 
23 5 86 0 1 1 5 2 1 2 2 1 0.812785 0.000000 
23 5 87 1 3 0 2 0 0 4 4 1 1.952561 0.000000 
23 5 88 0 5 3 1 2 2 4 4 1 0.631252 0.000000 
23 5 89 0 4 0 0 1 2 1 1 1 0.722791 0.000000 
23 5 90 0 3 0 2 0 0 1 1 1 1.402339 0.000000 
23 5 91 0 2 2 4 2 1 3 3 1 1.189838 0.000000 
23 5 92 0 5 3 5 2 2 4 4 1 0.698857 0.000000 
23 5 93 1 0 0 3 0 2 1 1 1 1.867764 0.000000 
23 5 94 1 2 2 2 1 1 3 3 1 0.765720 0.000000 
23 5 95 0 4 2 2 0 2 3 3 1 0.691922 0.000000 
23 5 96 0 5 0 0 1 2 1 1 1 0.644852 0.000000 
23 5 97 1 0 2 2 1 2 1 1 1 1.095706 0.000000 
23 5 98 0 0 0 3 0 1 1 1 1 0.672742 0.000000 
23 5 99 0 3 0 2 0 0 1 1 1 0.753297 0.000000 
23 5 100 0 3 3 3 1 1 4 4 1 0.687487 0.000000 
23 5 101 0 3 3 3 1 1 4 4 1 0.528347 0.000000 
23 5 102 0 5 1 2 0 2 2 2 1 0.839839 0.000000 
23 5 103 0 0 1 5 2 0 2 2 1 0.802785 0.000000 
23 5 104 1 0 0 3 2 1 1 1 1 1.039019 0.000000 
23 5 105 0 0 0 3 0 1 1 1 1 0.498034 0.000000 
23 5 106 0 5 2 2 0 2 3 3 1 0.938827 0.000000 
23 5 107 0 3 3 3 1 1 4 4 1 0.680790 0.000000 
23 5 108 1 3 3 2 0 2 4 4 1 1.058322 0.000000 
23 5 109 0 2 3 3 1 0 4 4 1 1.268700 0.000000 
23 5 110 0 5 0 0 1 2 1 1 1 0.878431 0.000000 
23 5 111 0 0 0 0 1 1 1 1 1 0.624023 0.000000 
23 5 112 1 0 1 1 1 0 1 1 1 1.003570 0.000000 
23 5 113 1 0 0 3 0 1 1 1 1 0.695880 0.000000 
23 5 114 0 3 0 2 0 0 1 1 1 1.311777 0.000000 
23 5 115 0 0 0 4 2 1 1 1 1 0.632237 0.000000 
23 5 116 0 5 3 2 0 2 4 4 1 0.699732 0.000000 
23 5 117 1 1 1 4 2 1 2 2 1 0.851921 0.000000 
23 5 118 0 5 1 1 1 2 2 2 1 0.542190 0.000000 
23 5 119 0 3 3 3 1 1 4 4 1 0.612994 0.000000 
23 5 120 0 5 3 4 2 2 4 4 1 0.569180 0.000000 
23 5 121 0 0 1 1 1 0 2 2 1 0.726717 0.000000 
23 5 122 0 5 2 2 1 2 3 3 1 0.805249 0.000000 
23 5 123 0 1 2 2 1 0 3 3 1 0.937482 0.000000 
23 5 124 0 0 1 1 1 0 2 2 1 0.680438 0.000000 
23 5 125 0 3 3 2 0 1 4 4 1 0.681971 0.000000 
23 5 126 0 2 2 4 2 1 3 3 1 1.883572 0.000000 
23 5 127 0 3 0 0 2 0 1 1 1 0.636845 0.000000 
23 5 128 0 2 3 5 2 0 4 4 1 1.143724 0.000000 
23 5 129 0 4 1 4 2 2 2 2 1 1.309793 0.000000 
23 5 130 1 2 2 3 2 1 3 3 1 1.238199 0.000000 
23 5 131 0 2 3 3 1 0 4 4 1 0.737257 0.000000 
23 5 132 1 1 2 2 1 0 2 2 1 0.960166 0.000000 
23 5 133 1 2 2 1 0 1 3 3 1 1.446500 0.000000 
23 5 134 0 1 1 4 2 1 2 2 1 0.977675 0.000000 
23 5 135 0 0 0 3 0 1 1 1 1 0.838353 0.000000 
23 5 136 0 2 3 3 1 0 4 4 1 1.121250 0.000000 
23 5 137 0 0 0 4 2 1 1 1 1 1.208975 0.000000 
23 5 138 0 5 2 5 2 2 3 3 1 0.805374 0.000000 
23 5 139 0 4 0 0 1 2 1 1 1 0.601582 0.000000 
23 5 140 1 3 0 4 2 2 4 4 1 0.957772 0.000000 
23 5 141 1 3 0 2 0 0 4 4 1 0.652071 0.000000 
23 5 142 1 3 0 5 2 0 4 4 1 0.606258 0.000000 
23 5 143 0 3 0 5 2 0 1 1 1 1.433477 0.000000 
23 5 144 0 5 3 3 1 2 4 4 1 1.044641 0.000000 
23 5 145 0 4 3 2 0 2 4 4 1 0.623634 0.000000 
23 5 146 0 1 2 0 0 0 3 3 1 1.003171 0.000000 
23 5 147 0 2 3 0 2 0 4 4 1 0.847467 0.000000 
23 5 148 0 1 2 0 0 0 3 3 1 0.922403 0.000000 
23 5 149 0 4 1 5 2 2 2 2 1 0.786042 0.000000 
23 5 150 0 0 0 3 0 1 1 1 1 1.285973 0.000000 
23 5 151 0 4 0 5 2 2 1 1 1 0.671046 0.000000 
23 5 152 1 3 0 5 2 2 4 4 1 0.992632 0.000000 
23 5 153 0 4 1 5 2 2 2 2 1 0.733582 0.000000 
23 5 154 0 5 1 4 2 2 2 2 1 0.612463 0.000000 
23 5 155 0 2 2 2 1 1 3 3 1 0.832563 0.000000 
23 5 156 0 2 3 4 2 0 4 4 1 0.748057 0.000000 
23 5 157 1 0 1 4 2 0 1 1 1 0.985512 0.000000 
23 5 158 1 2 3 4 2 0 3 3 1 0.814447 0.000000 
23 5 159 0 0 0 3 0 1 1 1 1 0.802715 0.000000 
23 5 160 0 1 2 2 1 0 3 3 1 1.310966 0.000000 
23 5 161 0 4 1 4 2 2 2 2 1 0.719390 0.000000 
23 5 162 0 5 2 2 1 2 3 3 1 0.854907 0.000000 
23 5 163 0 1 1 0 0 1 2 2 1 0.953232 0.000000 
23 5 164 1 0 0 3 0 1 1 1 1 0.910531 0.000000 
23 5 165 0 4 0 0 1 2 1 1 1 0.478817 0.000000 
23 5 166 1 1 2 4 2 2 2 2 1 1.400293 0.000000 
23 5 167 1 2 3 5 2 0 3 3 1 0.852733 0.000000 
23 5 168 0 2 2 2 1 1 3 3 1 1.007004 0.000000 
23 5 169 1 3 0 4 2 0 4 4 1 1.083357 0.000000 
23 5 170 0 5 0 0 1 2 1 1 1 0.660382 0.000000 
23 5 171 0 2 3 3 1 0 4 4 1 0.910582 0.000000 
23 5 172 0 5 0 2 0 2 1 1 1 0.917837 0.000000 
23 5 173 1 1 1 3 2 1 2 2 1 0.845458 0.000000 
23 5 174 0 1 2 2 1 0 3 3 1 1.096445 0.000000 
23 5 175 1 2 3 5 2 0 3 3 1 0.849441 0.000000 
23 5 176 0 1 1 0 0 1 2 2 1 1.620010 0.000000 
23 5 177 0 3 0 2 0 0 1 1 1 0.879638 0.000000 
23 5 178 1 0 0 3 0 1 1 1 1 1.001251 0.000000 
23 5 179 1 3 0 2 0 0 4 4 1 0.820542 0.000000 
23 5 180 0 5 2 2 1 2 3 3 1 1.064197 0.000000 
23 5 181 0 4 1 4 2 2 2 2 1 0.714539 0.000000 
23 5 182 0 1 1 5 2 1 2 2 1 0.778757 0.000000 
23 5 183 1 0 0 3 0 1 1 1 1 0.792288 0.000000 
23 5 184 0 1 1 1 1 1 2 2 1 0.637184 0.000000 
23 5 185 1 0 0 4 2 2 1 1 1 0.680039 0.000000 
23 5 186 0 0 1 1 1 0 2 2 1 1.504643 0.000000 
23 5 187 1 1 1 5 2 1 2 2 1 1.369122 0.000000 
23 5 188 1 3 1 4 2 2 4 4 1 0.870913 0.000000 
23 5 189 0 3 0 0 1 0 1 1 1 1.040543 0.000000 
23 5 190 0 0 1 4 2 0 2 2 1 0.779560 0.000000 
23 5 191 0 2 2 2 1 1 3 3 1 0.729098 0.000000 
23 5 192 0 5 3 2 0 2 4 4 1 0.871773 0.000000 
23 6 1 1 0 0 3 0 1 1 1 1 2.659232 0.000000 
23 6 2 0 2 0 4 2 0 1 1 1 0.997633 0.000000 
23 6 3 0 3 3 4 2 1 4 4 1 0.618599 0.000000 
23 6 4 0 2 0 0 1 0 1 1 1 1.286125 0.000000 
23 6 5 1 3 3 3 1 1 4 4 1 0.838219 0.000000 
23 6 6 1 1 3 5 2 0 2 2 1 1.425109 0.000000 
23 6 7 0 3 3 3 1 1 4 4 1 0.588993 0.000000 
23 6 8 0 5 3 5 2 2 4 4 1 0.585806 0.000000 
23 6 9 0 1 1 4 2 1 2 2 1 0.686648 0.000000 
23 6 10 1 1 0 0 2 2 2 2 1 1.311528 0.000000 
23 6 11 0 2 2 2 1 1 3 3 1 0.703923 0.000000 
23 6 12 0 2 2 2 1 1 3 3 1 0.767186 0.000000 
23 6 13 0 1 1 4 2 1 2 2 1 0.772760 0.000000 
23 6 14 1 1 3 0 2 2 2 2 1 1.002330 0.000000 
23 6 15 1 2 0 0 1 2 3 3 1 0.830612 0.000000 
23 6 16 0 0 2 3 0 0 3 3 1 1.082272 0.000000 
23 6 17 0 2 2 1 0 1 3 3 1 1.019912 0.000000 
23 6 18 0 0 0 4 2 1 1 1 1 1.007682 0.000000 
23 6 19 0 0 2 4 2 0 3 3 1 0.858981 0.000000 
23 6 20 1 3 2 2 1 2 4 4 1 0.965197 0.000000 
23 6 21 0 4 2 2 1 2 3 3 1 1.275562 0.000000 
23 6 22 0 5 1 2 2 2 2 2 1 0.885303 0.000000 
23 6 23 0 0 2 3 0 0 3 3 1 0.918279 0.000000 
23 6 24 1 2 2 2 1 1 3 3 1 0.837826 0.000000 
23 6 25 0 4 1 1 1 2 2 2 1 0.752817 0.000000 
23 6 26 0 3 1 2 0 0 2 2 1 0.822009 0.000000 
23 6 27 1 3 3 2 0 1 4 4 1 1.049630 0.000000 
23 6 28 0 5 2 4 2 2 3 3 1 0.859973 0.000000 
23 6 29 1 0 0 3 0 1 1 1 1 1.118266 0.000000 
23 6 30 0 0 0 0 1 1 1 1 1 0.661955 0.000000 
23 6 31 0 2 2 5 2 1 3 3 1 0.912147 0.000000 
23 6 32 0 5 1 1 1 2 2 2 1 0.696444 0.000000 
23 6 33 0 2 0 0 1 0 1 1 1 0.752373 0.000000 
23 6 34 0 3 3 4 2 1 4 4 1 0.766538 0.000000 
23 6 35 0 3 1 1 1 0 2 2 1 1.524143 0.000000 
23 6 36 0 3 3 4 2 1 4 4 1 1.003983 0.000000 
23 6 37 0 0 0 3 0 1 1 1 1 0.656289 0.000000 
23 6 38 0 5 1 2 0 2 2 2 1 0.698484 0.000000 
23 6 39 0 4 2 4 2 2 3 3 1 1.299404 0.000000 
23 6 40 1 3 0 0 1 2 4 4 1 1.044058 0.000000 
23 6 41 0 4 0 2 0 2 1 1 1 0.805814 0.000000 
23 6 42 0 5 0 0 1 2 1 1 1 0.610058 0.000000 
23 6 43 0 0 2 3 0 0 3 3 1 0.782267 0.000000 
23 6 44 0 0 2 4 2 0 3 3 1 0.515792 0.000000 
23 6 45 0 4 2 2 0 2 3 3 1 0.491903 0.000000 
23 6 46 0 2 0 5 2 0 1 1 1 0.916728 0.000000 
23 6 47 0 1 1 0 0 1 2 2 1 0.796357 0.000000 
23 6 48 0 0 0 1 2 1 1 1 1 0.784405 0.000000 
23 6 49 0 4 1 1 1 2 2 2 1 0.645177 0.000000 
23 6 50 0 0 0 0 1 1 1 1 1 0.568040 0.000000 
23 6 51 0 0 2 5 2 0 3 3 1 0.709496 0.000000 
23 6 52 0 2 2 1 0 1 3 3 1 0.669713 0.000000 
23 6 53 0 2 0 1 0 0 1 1 1 0.831263 0.000000 
23 6 54 0 3 3 3 1 1 4 4 1 0.554858 0.000000 
23 6 55 0 1 3 1 2 0 4 4 1 0.689038 0.000000 
23 6 56 1 3 1 1 1 0 4 4 1 1.049877 0.000000 
23 6 57 0 0 2 3 0 0 3 3 1 0.947264 0.000000 
23 6 58 0 5 2 2 1 2 3 3 1 0.850229 0.000000 
23 6 59 0 4 2 4 2 2 3 3 1 0.668478 0.000000 
23 6 60 0 3 3 4 2 1 4 4 1 0.646001 0.000000 
23 6 61 0 4 1 2 0 2 2 2 1 1.160895 0.000000 
23 6 62 0 2 2 2 1 1 3 3 1 0.687299 0.000000 
23 6 63 0 0 2 3 0 0 3 3 1 0.719228 0.000000 
23 6 64 0 2 0 0 1 0 1 1 1 0.638664 0.000000 
23 6 65 0 4 1 1 1 2 2 2 1 0.617546 0.000000 
23 6 66 0 1 3 3 1 0 4 4 1 0.893051 0.000000 
23 6 67 1 2 2 1 0 1 3 3 1 1.541996 0.000000 
23 6 68 0 5 0 0 1 2 1 1 1 0.653231 0.000000 
23 6 69 1 0 2 3 0 0 1 1 1 1.063373 0.000000 
23 6 70 0 5 0 4 2 2 1 1 1 0.801706 0.000000 
23 6 71 0 0 0 3 0 1 1 1 1 0.453965 0.000000 
23 6 72 0 5 2 2 2 2 3 3 1 0.711101 0.000000 
23 6 73 0 2 2 1 0 1 3 3 1 0.639288 0.000000 
23 6 74 0 5 3 3 1 2 4 4 1 0.946195 0.000000 
23 6 75 0 3 1 1 1 0 2 2 1 0.801130 0.000000 
23 6 76 0 1 1 4 2 1 2 2 1 0.581383 0.000000 
23 6 77 0 3 3 3 2 1 4 4 1 0.626853 0.000000 
23 6 78 1 1 0 0 1 2 2 2 1 1.158379 0.000000 
23 6 79 0 1 1 1 1 1 2 2 1 0.803778 0.000000 
23 6 80 1 3 1 4 2 0 4 4 1 1.320036 0.000000 
23 6 81 0 0 0 0 1 1 1 1 1 0.743848 0.000000 
23 6 82 1 1 3 3 1 0 2 4 0 0.926689 0.000000 
23 6 83 1 2 0 0 1 0 3 3 1 1.202398 0.000000 
23 6 84 0 0 0 5 2 1 1 1 1 1.166299 0.000000 
23 6 85 1 1 1 0 0 1 2 2 1 1.299991 0.000000 
23 6 86 0 3 1 5 2 0 2 2 1 1.643480 0.000000 
23 6 87 0 4 0 0 1 2 1 1 1 0.662687 0.000000 
23 6 88 0 5 0 4 2 2 1 2 0 0.664963 0.000000 
23 6 89 0 3 1 2 0 0 2 2 1 0.911138 0.000000 
23 6 90 0 0 2 4 2 0 3 3 1 1.238894 0.000000 
23 6 91 0 4 2 2 1 2 3 3 1 0.649987 0.000000 
23 6 92 0 3 1 5 2 0 2 2 1 0.956214 0.000000 
23 6 93 1 2 2 4 2 1 3 3 1 1.953516 0.000000 
23 6 94 0 2 2 2 2 1 3 3 1 0.688146 0.000000 
23 6 95 0 2 0 1 0 0 1 1 1 1.185099 0.000000 
23 6 96 0 5 3 2 0 2 4 4 1 0.854156 0.000000 
23 6 97 0 4 1 2 0 2 2 2 1 1.112444 0.000000 
23 6 98 0 2 0 4 2 0 1 1 1 1.440803 0.000000 
23 6 99 0 3 1 1 1 0 2 2 1 1.786977 0.000000 
23 6 100 0 5 1 2 0 2 2 2 1 0.632249 0.000000 
23 6 101 0 1 1 0 0 1 2 2 1 0.627744 0.000000 
23 6 102 0 3 3 2 2 1 4 4 1 0.823278 0.000000 
23 6 103 1 3 1 4 2 0 4 4 1 1.410892 0.000000 
23 6 104 0 3 1 3 2 0 2 2 1 1.975418 0.000000 
23 6 105 0 0 2 3 0 0 3 3 1 1.109427 0.000000 
23 6 106 0 2 2 2 1 1 3 3 1 0.996778 0.000000 
23 6 107 1 2 2 1 0 1 3 3 1 1.305761 0.000000 
23 6 108 0 5 0 0 1 2 1 1 1 0.626178 0.000000 
23 6 109 0 4 2 5 2 2 3 3 1 0.885748 0.000000 
23 6 110 1 1 1 1 1 2 2 2 1 1.126629 0.000000 
23 6 111 1 2 2 4 2 1 3 3 1 1.478397 0.000000 
23 6 112 1 3 3 4 2 2 4 4 1 1.367218 0.000000 
23 6 113 0 1 1 1 1 1 2 2 1 0.941057 0.000000 
23 6 114 1 1 3 3 1 2 2 2 1 1.051986 0.000000 
23 6 115 0 1 3 5 2 0 4 4 1 1.438404 0.000000 
23 6 116 0 1 3 3 1 0 4 4 1 0.481496 0.000000 
23 6 117 1 2 0 0 1 0 3 3 1 0.890965 0.000000 
23 6 118 0 2 2 5 2 1 3 3 1 0.811924 0.000000 
23 6 119 1 2 0 1 0 2 3 3 1 1.023160 0.000000 
23 6 120 1 0 0 4 2 1 1 1 1 0.882757 0.000000 
23 6 121 0 4 1 1 1 2 2 2 1 0.788038 0.000000 
23 6 122 0 1 1 0 0 1 2 2 1 0.728692 0.000000 
23 6 123 0 3 3 3 1 1 4 4 1 0.656266 0.000000 
23 6 124 0 5 1 2 0 2 2 2 1 0.786465 0.000000 
23 6 125 0 4 2 2 2 2 3 3 1 0.887361 0.000000 
23 6 126 0 1 3 0 0 0 4 4 1 1.223401 0.000000 
23 6 127 1 2 0 4 2 0 3 3 1 1.043051 0.000000 
23 6 128 0 0 0 0 1 1 1 1 1 0.662052 0.000000 
23 6 129 0 4 1 1 1 2 2 2 1 0.704259 0.000000 
23 6 130 0 5 2 2 1 2 3 3 1 0.800495 0.000000 
23 6 131 0 4 1 1 1 2 2 2 1 2.292801 0.000000 
23 6 132 1 0 2 3 0 0 1 1 1 0.998193 0.000000 
23 6 133 0 1 1 0 0 1 2 2 1 2.130291 0.000000 
23 6 134 0 0 2 4 2 0 3 3 1 1.418331 0.000000 
23 6 135 0 0 2 3 0 0 3 3 1 0.830146 0.000000 
23 6 136 0 2 2 4 2 1 3 3 1 0.633720 0.000000 
23 6 137 1 1 1 0 0 1 2 2 1 1.444614 0.000000 
23 6 138 1 1 1 5 2 2 2 2 1 0.719744 0.000000 
23 6 139 0 4 3 3 1 2 4 4 1 0.726410 0.000000 
23 6 140 0 2 2 2 1 1 3 3 1 0.637878 0.000000 
23 6 141 1 2 2 5 2 1 3 3 1 1.000702 0.000000 
23 6 142 0 2 0 5 2 0 1 1 1 0.885032 0.000000 
23 6 143 0 4 0 2 0 2 1 1 1 0.621995 0.000000 
23 6 144 1 3 3 3 1 2 4 4 1 0.849498 0.000000 
23 6 145 0 1 3 0 0 0 4 4 1 1.260038 0.000000 
23 6 146 0 1 1 0 0 1 2 2 1 0.902234 0.000000 
23 6 147 0 2 0 1 0 0 1 1 1 1.150496 0.000000 
23 6 148 0 3 1 2 0 0 2 2 1 1.139891 0.000000 
23 6 149 0 4 0 2 0 2 1 1 1 0.754932 0.000000 
23 6 150 1 3 1 5 2 0 4 4 1 1.865201 0.000000 
23 6 151 1 2 3 3 1 2 3 3 1 0.939799 0.000000 
23 6 152 0 5 3 3 1 2 4 4 1 0.970807 0.000000 
23 6 153 0 4 2 5 2 2 3 3 1 0.760454 0.000000 
23 6 154 1 1 0 0 0 2 2 2 1 0.949635 0.000000 
23 6 155 0 1 1 0 0 1 2 2 1 0.771998 0.000000 
23 6 156 1 3 2 4 2 2 4 4 1 1.153541 0.000000 
23 6 157 0 2 2 1 0 1 3 3 1 0.951948 0.000000 
23 6 158 0 5 1 2 0 2 2 2 1 0.982283 0.000000 
23 6 159 1 0 0 0 1 1 1 1 1 1.123935 0.000000 
23 6 160 0 3 3 4 2 1 4 4 1 0.667620 0.000000 
23 6 161 0 4 0 4 2 2 1 1 1 0.820195 0.000000 
23 6 162 0 1 3 3 1 0 4 4 1 1.071728 0.000000 
23 6 163 0 3 3 4 2 1 4 4 1 0.641437 0.000000 
23 6 164 0 1 1 0 0 1 2 2 1 0.860339 0.000000 
23 6 165 0 4 3 3 1 2 4 4 1 0.646540 0.000000 
23 6 166 1 0 2 3 0 0 1 1 1 1.121417 0.000000 
23 6 167 0 1 3 3 1 0 4 4 1 0.649171 0.000000 
23 6 168 0 3 3 3 1 1 4 4 1 0.515819 0.000000 
23 6 169 0 4 3 2 0 2 4 4 1 0.586878 0.000000 
23 6 170 0 0 2 3 0 0 3 3 1 0.975273 0.000000 
23 6 171 1 3 1 2 0 0 4 4 1 1.532935 0.000000 
23 6 172 0 1 3 0 0 0 4 4 1 0.604090 0.000000 
23 6 173 0 3 3 2 0 1 4 4 1 0.544222 0.000000 
23 6 174 0 1 3 3 1 0 4 4 1 0.567145 0.000000 
23 6 175 1 2 1 1 1 2 3 3 1 1.052577 0.000000 
23 6 176 0 0 2 3 0 0 3 3 1 0.798002 0.000000 
23 6 177 1 0 2 3 0 0 1 1 1 1.194879 0.000000 
23 6 178 0 1 3 3 1 0 4 4 1 0.887940 0.000000 
23 6 179 1 2 3 2 2 2 3 3 1 1.320874 0.000000 
23 6 180 0 3 1 4 2 0 2 2 1 1.104685 0.000000 
23 6 181 1 1 3 4 2 0 2 2 1 1.193014 0.000000 
23 6 182 0 2 0 1 0 0 1 1 1 0.838101 0.000000 
23 6 183 0 0 2 2 1 0 3 3 1 1.456040 0.000000 
23 6 184 0 1 1 1 2 1 2 2 1 0.754549 0.000000 
23 6 185 0 4 0 2 0 2 1 1 1 1.576831 0.000000 
23 6 186 0 5 1 2 0 2 2 2 1 2.206750 0.000000 
23 6 187 1 2 1 1 0 2 3 3 1 1.403459 0.000000 
23 6 188 1 3 0 4 2 2 4 4 1 0.999907 0.000000 
23 6 189 0 0 2 2 1 0 3 1 0 1.203288 0.000000 
23 6 190 0 2 0 1 0 0 1 1 1 1.011726 0.000000 
23 6 191 0 1 1 0 0 1 2 2 1 1.039586 0.000000 
23 6 192 0 2 2 5 2 1 3 3 1 1.418583 0.000000 
