8 1 1 1 1 0 5 2 0 2 0 0 5.000051 0.000000 
8 1 2 0 1 1 1 1 1 2 2 1 0.936167 0.000000 
8 1 3 0 0 0 4 2 1 1 1 1 1.142923 0.000000 
8 1 4 1 0 3 3 1 0 1 1 1 1.213996 0.000000 
8 1 5 1 0 0 0 1 2 1 1 1 0.578343 0.000000 
8 1 6 0 2 1 1 1 0 2 3 0 1.007936 0.000000 
8 1 7 1 1 0 3 0 0 2 2 1 1.672352 0.000000 
8 1 8 0 5 1 4 2 2 2 2 1 0.897612 0.000000 
8 1 9 0 4 2 4 2 2 3 3 1 0.752872 0.000000 
8 1 10 0 0 0 2 0 1 1 1 1 0.702679 0.000000 
8 1 11 0 0 3 4 2 0 4 4 1 0.622902 0.000000 
8 1 12 0 5 0 1 0 2 1 2 0 0.890418 0.000000 
8 1 13 0 2 1 1 1 0 2 2 1 1.255464 0.000000 
8 1 14 0 5 1 1 0 2 2 2 1 0.529387 0.000000 
8 1 15 0 4 1 5 2 2 2 2 1 0.688882 0.000000 
8 1 16 0 1 0 5 2 0 1 1 1 0.553765 0.000000 
8 1 17 0 1 0 3 0 0 1 1 1 0.718939 0.000000 
8 1 18 0 1 1 0 2 1 2 2 1 0.710533 0.000000 
8 1 19 0 4 3 1 0 2 4 4 1 0.566757 0.000000 
8 1 20 0 2 1 1 1 0 2 2 1 1.084271 0.000000 
8 1 21 0 2 1 1 1 0 2 2 1 0.453304 0.000000 
8 1 22 0 3 3 3 1 1 4 4 1 0.575390 0.000000 
8 1 23 0 2 1 4 2 0 2 2 1 0.692942 0.000000 
8 1 24 1 1 0 0 1 0 2 2 1 1.124882 0.000000 
8 1 25 0 1 1 1 1 1 2 2 1 0.644557 0.000000 
8 1 26 0 3 2 1 0 0 3 3 1 0.815438 0.000000 
8 1 27 0 2 1 1 1 0 2 2 1 0.539706 0.000000 
8 1 28 1 1 0 0 2 0 2 2 1 1.018566 0.000000 
8 1 29 1 0 2 2 0 2 1 1 1 1.030235 0.000000 
8 1 30 0 5 1 4 2 2 2 2 1 0.689926 0.000000 
8 1 31 0 0 0 4 2 1 1 1 1 0.554843 0.000000 
8 1 32 0 5 1 1 0 2 2 2 1 0.639946 0.000000 
8 1 33 0 4 0 4 2 2 1 1 1 0.674869 0.000000 
8 1 34 1 2 1 1 1 0 3 3 1 1.180417 0.000000 
8 1 35 1 2 2 0 0 1 3 3 1 0.978164 0.000000 
8 1 36 0 5 3 1 0 2 4 4 1 0.583844 0.000000 
8 1 37 0 4 3 4 2 2 4 4 1 0.436687 0.000000 
8 1 38 0 5 3 4 2 2 4 4 1 0.551479 0.000000 
8 1 39 1 2 1 1 1 2 3 3 1 0.837626 0.000000 
8 1 40 0 5 0 1 0 2 1 1 1 0.599586 0.000000 
8 1 41 0 2 1 1 1 0 2 2 1 0.604024 0.000000 
8 1 42 0 5 3 3 1 2 4 4 1 0.495964 0.000000 
8 1 43 1 1 1 3 0 1 2 2 1 1.608815 0.000000 
8 1 44 0 0 3 5 2 0 4 4 1 0.693393 0.000000 
8 1 45 0 4 2 5 2 2 3 3 1 0.910293 0.000000 
8 1 46 1 1 0 3 0 0 2 2 1 1.070600 0.000000 
8 1 47 0 3 2 2 1 0 3 3 1 0.783324 0.000000 
8 1 48 1 3 3 4 2 1 4 4 1 1.460251 0.000000 
8 1 49 0 1 0 3 0 0 1 1 1 0.670774 0.000000 
8 1 50 1 3 2 1 0 0 4 4 1 1.296322 0.000000 
8 1 51 1 0 0 0 1 1 1 1 1 1.025463 0.000000 
8 1 52 0 1 1 1 1 1 2 2 1 1.077161 0.000000 
8 1 53 0 3 2 5 2 0 3 3 1 0.918871 0.000000 
8 1 54 0 5 0 0 1 2 1 1 1 0.605503 0.000000 
8 1 55 0 4 1 1 0 2 2 2 1 0.673708 0.000000 
8 1 56 1 2 1 5 2 0 3 3 1 1.363289 0.000000 
8 1 57 0 0 3 2 0 0 4 4 1 0.577752 0.000000 
8 1 58 0 2 2 0 0 1 3 3 1 0.727063 0.000000 
8 1 59 0 4 0 1 0 2 1 1 1 0.590828 0.000000 
8 1 60 1 0 0 0 2 1 1 1 1 0.979686 0.000000 
8 1 61 0 1 1 4 2 1 2 2 1 0.665356 0.000000 
8 1 62 0 5 1 1 1 2 2 2 1 0.594559 0.000000 
8 1 63 0 4 1 5 2 2 2 2 1 0.575402 0.000000 
8 1 64 0 1 0 0 1 0 1 1 1 0.548919 0.000000 
8 1 65 1 0 1 2 0 2 1 1 1 1.243776 0.000000 
8 1 66 0 0 3 2 0 0 4 4 1 0.606888 0.000000 
8 1 67 0 1 0 3 0 0 1 1 1 0.587029 0.000000 
8 1 68 0 2 2 0 2 1 3 3 1 0.775910 0.000000 
8 1 69 1 1 1 3 0 1 2 2 1 1.117508 0.000000 
8 1 70 0 5 0 0 2 2 1 1 1 0.556227 0.000000 
8 1 71 1 2 2 0 0 2 3 3 1 0.882393 0.000000 
8 1 72 0 0 0 2 0 1 1 1 1 0.547907 0.000000 
8 1 73 0 2 2 2 1 1 3 3 1 0.530866 0.000000 
8 1 74 0 5 0 0 1 2 1 1 1 0.514351 0.000000 
8 1 75 0 1 0 0 1 0 1 1 1 0.498516 0.000000 
8 1 76 0 2 1 4 2 0 2 2 1 0.707335 0.000000 
8 1 77 0 2 1 4 2 0 2 2 1 0.482578 0.000000 
8 1 78 0 1 1 4 2 1 2 2 1 0.427815 0.000000 
8 1 79 0 0 3 2 0 0 4 4 1 0.559475 0.000000 
8 1 80 1 3 0 0 1 2 4 4 1 1.149665 0.000000 
8 1 81 0 0 3 2 0 0 4 4 1 0.612023 0.000000 
8 1 82 0 1 1 4 2 1 2 2 1 0.792244 0.000000 
8 1 83 0 1 1 4 2 1 2 2 1 0.501173 0.000000 
8 1 84 0 5 1 1 0 2 2 2 1 0.557322 0.000000 
8 1 85 0 0 0 0 1 1 1 1 1 0.459493 0.000000 
8 1 86 0 0 3 4 2 0 4 4 1 0.548607 0.000000 
8 1 87 0 3 3 1 0 1 4 4 1 0.515449 0.000000 
8 1 88 1 3 2 0 2 0 4 4 1 1.043613 0.000000 
8 1 89 0 2 2 0 0 1 3 3 1 0.630647 0.000000 
8 1 90 1 0 0 0 1 1 1 1 1 1.130190 0.000000 
8 1 91 1 2 2 0 0 2 3 3 1 0.945860 0.000000 
8 1 92 0 2 2 4 2 1 3 3 1 0.552885 0.000000 
8 1 93 1 0 1 0 2 2 1 1 1 1.422106 0.000000 
8 1 94 0 5 1 0 2 2 2 2 1 0.465910 0.000000 
8 1 95 1 2 2 0 0 2 3 3 1 0.995905 0.000000 
8 1 96 0 1 0 4 2 0 1 1 1 0.609042 0.000000 
8 1 97 1 0 0 4 2 2 1 1 1 1.061249 0.000000 
8 1 98 1 3 2 1 0 0 4 4 1 1.071622 0.000000 
8 1 99 1 3 3 4 2 1 4 4 1 0.601274 0.000000 
8 1 100 0 3 2 0 2 0 3 3 1 1.029541 0.000000 
8 1 101 0 0 3 4 2 0 4 4 1 0.752205 0.000000 
8 1 102 0 3 3 0 2 1 4 4 1 0.534458 0.000000 
8 1 103 0 1 0 0 1 0 1 1 1 0.637285 0.000000 
8 1 104 0 5 3 1 0 2 4 4 1 0.520162 0.000000 
8 1 105 1 1 1 1 1 1 2 2 1 1.079622 0.000000 
8 1 106 0 1 0 3 0 0 1 1 1 0.633381 0.000000 
8 1 107 1 2 1 4 2 2 3 3 1 1.036245 0.000000 
8 1 108 0 5 2 2 1 2 3 2 0 0.607271 0.000000 
8 1 109 0 3 3 3 1 1 4 4 1 0.486497 0.000000 
8 1 110 0 0 0 4 2 1 1 1 1 0.574778 0.000000 
8 1 111 1 2 2 0 0 1 3 3 1 0.996346 0.000000 
8 1 112 0 1 1 3 0 1 2 2 1 0.665341 0.000000 
8 1 113 0 3 2 5 2 0 3 3 1 0.731559 0.000000 
8 1 114 0 3 3 3 1 1 4 3 0 0.435115 0.000000 
8 1 115 0 1 1 1 1 1 2 2 1 0.585687 0.000000 
8 1 116 0 5 1 1 1 2 2 2 1 0.486291 0.000000 
8 1 117 0 0 0 2 0 1 1 1 1 0.614094 0.000000 
8 1 118 0 0 3 3 1 0 4 4 1 0.962559 0.000000 
8 1 119 1 2 3 0 0 2 3 3 1 0.880615 0.000000 
8 1 120 0 1 0 3 0 0 1 1 1 0.610271 0.000000 
8 1 121 0 4 3 3 1 2 4 4 1 0.638471 0.000000 
8 1 122 0 5 2 2 1 2 3 2 0 0.609339 0.000000 
8 1 123 1 2 0 0 0 2 3 3 1 0.809558 0.000000 
8 1 124 1 2 2 2 1 1 3 3 1 0.700345 0.000000 
8 1 125 1 0 2 2 1 2 1 1 1 0.820557 0.000000 
8 1 126 0 0 0 2 0 1 1 1 1 0.616186 0.000000 
8 1 127 0 4 1 1 0 2 2 2 1 0.587963 0.000000 
8 1 128 0 2 1 1 1 0 2 2 1 0.904559 0.000000 
8 1 129 1 0 2 0 2 2 1 1 1 1.040875 0.000000 
8 1 130 0 3 3 1 0 1 4 4 1 0.579877 0.000000 
8 1 131 0 4 1 1 0 2 2 2 1 0.601426 0.000000 
8 1 132 0 1 0 0 1 0 1 1 1 0.692572 0.000000 
8 1 133 0 2 1 0 2 0 2 2 1 0.685487 0.000000 
8 1 134 0 0 0 2 0 1 1 1 1 0.622383 0.000000 
8 1 135 1 2 0 0 1 2 3 3 1 0.769893 0.000000 
8 1 136 0 5 2 1 0 2 3 3 1 0.631538 0.000000 
8 1 137 0 2 1 5 2 0 2 2 1 0.667032 0.000000 
8 1 138 0 5 1 1 0 2 2 2 1 0.492673 0.000000 
8 1 139 0 3 3 0 2 1 4 4 1 0.565386 0.000000 
8 1 140 1 0 0 2 0 1 1 1 1 0.946562 0.000000 
8 1 141 0 0 3 4 2 0 4 4 1 0.601589 0.000000 
8 1 142 1 0 0 2 0 1 1 1 1 0.685720 0.000000 
8 1 143 0 1 0 0 1 0 1 1 1 0.502614 0.000000 
8 1 144 1 0 0 0 1 1 1 1 1 0.830768 0.000000 
8 1 145 0 3 2 1 0 0 3 3 1 0.946416 0.000000 
8 1 146 1 3 3 3 1 1 4 4 1 0.785369 0.000000 
8 1 147 0 1 1 1 1 1 2 2 1 0.670321 0.000000 
8 1 148 0 1 0 3 0 0 1 1 1 0.510860 0.000000 
8 1 149 0 4 2 0 2 2 3 3 1 0.767034 0.000000 
8 1 150 0 0 0 2 0 1 1 2 0 0.644639 0.000000 
8 1 151 1 2 3 0 0 2 3 3 1 1.251268 0.000000 
8 1 152 0 2 1 5 2 0 2 2 1 0.717468 0.000000 
8 1 153 0 2 1 4 2 0 2 2 1 0.789041 0.000000 
8 1 154 0 1 1 0 2 1 2 2 1 0.601975 0.000000 
8 1 155 0 0 0 0 1 1 1 1 1 0.589212 0.000000 
8 1 156 0 5 2 4 2 2 3 3 1 0.769962 0.000000 
8 1 157 0 3 2 2 1 0 3 3 1 0.567543 0.000000 
8 1 158 0 5 1 1 1 2 2 2 1 0.589119 0.000000 
8 1 159 0 4 0 4 2 2 1 1 1 0.705976 0.000000 
8 1 160 0 3 3 3 1 1 4 4 1 0.578202 0.000000 
8 1 161 0 4 2 1 0 2 3 3 1 0.671716 0.000000 
8 1 162 0 5 3 5 2 2 4 4 1 0.585267 0.000000 
8 1 163 1 2 1 1 1 2 3 3 1 0.869140 0.000000 
8 1 164 1 2 2 0 0 1 3 3 1 0.774709 0.000000 
8 1 165 0 0 0 0 1 1 1 1 1 0.532560 0.000000 
8 1 166 0 5 1 1 1 2 2 2 1 0.579741 0.000000 
8 1 167 0 3 2 5 2 0 3 3 1 0.873352 0.000000 
8 1 168 0 0 3 3 1 0 4 4 1 0.674980 0.000000 
8 1 169 0 0 3 3 1 0 4 4 1 0.396471 0.000000 
8 1 170 0 2 2 2 1 1 3 3 1 0.625281 0.000000 
8 1 171 0 4 3 1 0 2 4 4 1 0.692832 0.000000 
8 1 172 0 2 2 5 2 1 3 3 1 0.612708 0.000000 
8 1 173 0 3 3 3 1 1 4 4 1 0.472902 0.000000 
8 1 174 0 1 0 0 1 0 1 1 1 0.970395 0.000000 
8 1 175 0 3 3 0 2 1 4 3 0 0.496050 0.000000 
8 1 176 0 2 2 2 1 1 3 3 1 0.604895 0.000000 
8 1 177 1 1 0 3 0 0 2 2 1 1.312608 0.000000 
8 1 178 0 0 0 2 0 1 1 1 1 0.616119 0.000000 
8 1 179 1 3 3 1 0 1 4 4 1 0.852069 0.000000 
8 1 180 0 5 1 1 1 2 2 2 1 0.669915 0.000000 
8 1 181 0 2 2 2 1 1 3 3 1 0.599430 0.000000 
8 1 182 0 1 1 4 2 1 2 1 0 0.612118 0.000000 
8 1 183 0 0 0 4 2 1 1 1 1 0.523850 0.000000 
8 1 184 0 2 2 2 1 1 3 3 1 0.650851 0.000000 
8 1 185 0 4 2 1 0 2 3 3 1 0.781047 0.000000 
8 1 186 1 0 3 4 2 0 1 1 1 1.146681 0.000000 
8 1 187 0 0 3 2 0 0 4 4 1 0.616737 0.000000 
8 1 188 0 3 2 4 2 0 3 3 1 0.772261 0.000000 
8 1 189 0 4 1 1 0 2 2 2 1 0.657855 0.000000 
8 1 190 0 5 0 4 2 2 1 1 1 0.732076 0.000000 
8 1 191 0 2 1 1 1 0 2 2 1 0.763653 0.000000 
8 1 192 0 5 3 3 1 2 4 4 1 0.593869 0.000000 
8 2 1 1 2 0 4 2 0 3 1 0 1.288382 0.000000 
8 2 2 0 1 3 0 0 0 4 4 1 0.796770 0.000000 
8 2 3 0 4 3 3 1 2 4 4 1 0.465455 0.000000 
8 2 4 0 0 0 3 0 1 1 1 1 1.091623 0.000000 
8 2 5 0 4 2 2 0 2 3 3 1 0.724659 0.000000 
8 2 6 1 2 0 1 0 0 3 3 1 1.156219 0.000000 
8 2 7 1 2 3 3 1 2 3 3 1 0.801608 0.000000 
8 2 8 1 3 0 2 0 2 4 4 1 0.973891 0.000000 
8 2 9 1 0 1 1 1 2 1 1 1 0.651556 0.000000 
8 2 10 0 5 0 5 2 2 1 1 1 0.789802 0.000000 
8 2 11 0 3 1 2 0 0 2 2 1 1.066723 0.000000 
8 2 12 0 3 1 1 1 0 2 2 1 0.604421 0.000000 
8 2 13 0 4 1 1 1 2 2 2 1 0.480620 0.000000 
8 2 14 1 1 2 4 2 2 2 2 1 1.433073 0.000000 
8 2 15 0 4 3 3 1 2 4 4 1 0.484267 0.000000 
8 2 16 1 3 0 2 0 2 4 4 1 1.005091 0.000000 
8 2 17 1 1 3 0 0 0 2 2 1 0.673421 0.000000 
8 2 18 0 1 1 1 1 1 2 2 1 0.707017 0.000000 
8 2 19 1 2 2 1 0 2 3 3 1 0.707203 0.000000 
8 2 20 1 1 1 4 2 1 2 2 1 0.851445 0.000000 
8 2 21 1 0 2 3 0 0 1 1 1 0.637685 0.000000 
8 2 22 0 5 0 2 0 2 1 1 1 0.887632 0.000000 
8 2 23 1 3 1 1 1 0 4 4 1 1.176598 0.000000 
8 2 24 0 3 3 0 2 1 4 4 1 0.750355 0.000000 
8 2 25 0 4 3 3 1 2 4 4 1 0.468554 0.000000 
8 2 26 1 1 0 0 1 2 2 2 1 0.926048 0.000000 
8 2 27 0 2 0 0 1 0 1 1 1 0.933701 0.000000 
8 2 28 0 2 2 2 1 1 3 3 1 0.604676 0.000000 
8 2 29 0 0 2 4 2 0 3 3 1 0.696908 0.000000 
8 2 30 1 3 1 2 0 0 4 4 1 0.864784 0.000000 
8 2 31 0 1 1 0 0 1 2 2 1 0.763094 0.000000 
8 2 32 0 3 1 2 0 0 2 2 1 0.593339 0.000000 
8 2 33 0 3 3 4 2 1 4 4 1 0.622258 0.000000 
8 2 34 0 0 0 5 2 1 1 1 1 0.585723 0.000000 
8 2 35 0 1 3 4 2 0 4 4 1 0.702585 0.000000 
8 2 36 0 5 2 2 1 2 3 3 1 0.710786 0.000000 
8 2 37 0 4 0 2 0 2 1 1 1 0.694977 0.000000 
8 2 38 0 5 0 5 2 2 1 1 1 0.462868 0.000000 
8 2 39 0 2 0 1 0 0 1 1 1 0.553042 0.000000 
8 2 40 0 0 2 3 0 0 3 3 1 0.791235 0.000000 
8 2 41 0 2 0 1 0 0 1 1 1 0.860146 0.000000 
8 2 42 1 3 1 2 0 0 4 4 1 1.030465 0.000000 
8 2 43 0 3 1 4 2 0 2 2 1 1.626172 0.000000 
8 2 44 0 3 1 5 2 0 2 2 1 1.038079 0.000000 
8 2 45 0 4 3 5 2 2 4 4 1 0.528090 0.000000 
8 2 46 0 5 2 2 1 2 3 3 1 0.775609 0.000000 
8 2 47 0 1 3 5 2 0 4 4 1 1.061204 0.000000 
8 2 48 1 3 2 4 2 2 4 4 1 0.991544 0.000000 
8 2 49 0 4 3 3 1 2 4 4 1 0.484569 0.000000 
8 2 50 0 5 3 2 0 2 4 4 1 0.453366 0.000000 
8 2 51 0 2 0 4 2 0 1 1 1 0.639502 0.000000 
8 2 52 0 5 1 1 1 2 2 2 1 0.706357 0.000000 
8 2 53 0 1 1 5 2 1 2 2 1 0.697569 0.000000 
8 2 54 0 2 2 2 1 1 3 3 1 1.226526 0.000000 
8 2 55 0 0 2 3 0 0 3 3 1 0.550276 0.000000 
8 2 56 0 0 0 0 1 1 1 1 1 0.572421 0.000000 
8 2 57 0 4 2 2 2 2 3 3 1 0.809962 0.000000 
8 2 58 1 1 0 0 0 2 2 2 1 1.038224 0.000000 
8 2 59 1 3 3 3 1 1 4 4 1 0.496300 0.000000 
8 2 60 0 3 1 4 2 0 2 2 1 0.921057 0.000000 
8 2 61 0 1 3 0 0 0 4 4 1 0.784742 0.000000 
8 2 62 0 1 3 0 0 0 4 4 1 0.517667 0.000000 
8 2 63 1 2 1 1 1 2 3 3 1 0.741104 0.000000 
8 2 64 0 5 1 2 0 2 2 2 1 0.820035 0.000000 
8 2 65 0 1 3 0 0 0 4 4 1 1.287675 0.000000 
8 2 66 0 2 0 4 2 0 1 1 1 0.680784 0.000000 
8 2 67 0 4 3 5 2 2 4 4 1 0.506360 0.000000 
8 2 68 0 1 1 0 0 1 2 2 1 0.577461 0.000000 
8 2 69 0 4 3 5 2 2 4 4 1 0.478988 0.000000 
8 2 70 0 0 0 3 0 1 1 1 1 0.472479 0.000000 
8 2 71 0 3 1 4 2 0 2 2 1 0.761979 0.000000 
8 2 72 0 5 3 3 1 2 4 4 1 0.520193 0.000000 
8 2 73 0 3 1 4 2 0 2 2 1 0.919699 0.000000 
8 2 74 0 5 0 4 2 2 1 1 1 0.647351 0.000000 
8 2 75 0 3 3 3 1 1 4 4 1 0.522202 0.000000 
8 2 76 1 0 0 3 0 1 1 1 1 1.072693 0.000000 
8 2 77 0 4 2 2 0 2 3 3 1 0.826427 0.000000 
8 2 78 1 0 2 2 1 0 1 1 1 0.638023 0.000000 
8 2 79 1 2 0 1 0 0 3 3 1 1.112903 0.000000 
8 2 80 1 3 0 2 0 2 4 4 1 0.569265 0.000000 
8 2 81 0 3 3 2 0 1 4 4 1 0.582801 0.000000 
8 2 82 0 1 3 4 2 0 4 4 1 0.683899 0.000000 
8 2 83 1 1 1 1 1 1 2 2 1 0.908526 0.000000 
8 2 84 0 5 2 2 1 2 3 3 1 0.747844 0.000000 
8 2 85 0 2 2 2 1 1 3 3 1 0.434751 0.000000 
8 2 86 0 0 0 5 2 1 1 1 1 0.573569 0.000000 
8 2 87 0 0 2 4 2 0 3 3 1 0.907055 0.000000 
8 2 88 0 1 1 0 0 1 2 2 1 0.811380 0.000000 
8 2 89 0 4 1 1 1 2 2 2 1 0.503642 0.000000 
8 2 90 0 5 1 4 2 2 2 2 1 0.543802 0.000000 
8 2 91 0 2 2 2 1 1 3 3 1 0.766640 0.000000 
8 2 92 0 2 0 4 2 0 1 1 1 0.587187 0.000000 
8 2 93 1 0 0 0 1 1 1 1 1 0.760057 0.000000 
8 2 94 0 1 3 0 0 0 4 4 1 0.998315 0.000000 
8 2 95 0 2 0 4 2 0 1 1 1 0.715316 0.000000 
8 2 96 0 2 0 0 1 0 1 1 1 0.563573 0.000000 
8 2 97 0 2 2 2 1 1 3 3 1 0.633739 0.000000 
8 2 98 0 5 0 0 1 2 1 1 1 0.612627 0.000000 
8 2 99 1 2 2 2 1 2 3 3 1 0.632773 0.000000 
8 2 100 0 5 3 3 1 2 4 4 1 0.506888 0.000000 
8 2 101 0 4 2 2 0 2 3 3 1 0.602811 0.000000 
8 2 102 1 1 3 0 2 0 2 2 1 1.023011 0.000000 
8 2 103 0 3 3 5 2 1 4 4 1 0.794710 0.000000 
8 2 104 0 5 0 0 1 2 1 1 1 0.719633 0.000000 
8 2 105 0 0 0 3 0 1 1 1 1 0.567209 0.000000 
8 2 106 1 3 3 2 0 1 4 4 1 0.900710 0.000000 
8 2 107 0 1 1 0 0 1 2 2 1 0.749029 0.000000 
8 2 108 0 1 1 0 0 1 2 2 1 0.474906 0.000000 
8 2 109 0 4 0 2 0 2 1 1 1 0.668417 0.000000 
8 2 110 1 1 3 3 1 2 2 2 1 0.901951 0.000000 
8 2 111 0 0 0 3 0 1 1 1 1 0.590273 0.000000 
8 2 112 0 1 3 0 0 0 4 1 0 0.763134 0.000000 
8 2 113 0 4 2 2 1 2 3 3 1 0.733407 0.000000 
8 2 114 0 5 2 4 2 2 3 3 1 0.779133 0.000000 
8 2 115 0 3 3 3 1 1 4 4 1 0.592418 0.000000 
8 2 116 1 0 0 3 0 1 1 1 1 1.109277 0.000000 
8 2 117 0 0 2 3 0 0 3 3 1 0.837780 0.000000 
8 2 118 0 0 2 3 0 0 3 3 1 0.456605 0.000000 
8 2 119 0 4 3 4 2 2 4 4 1 0.594745 0.000000 
8 2 120 0 0 0 0 1 1 1 1 1 0.511603 0.000000 
8 2 121 1 0 2 2 1 2 1 1 1 0.767741 0.000000 
8 2 122 0 3 3 2 0 1 4 4 1 0.597346 0.000000 
8 2 123 0 2 0 4 2 0 1 1 1 0.641171 0.000000 
8 2 124 0 1 1 1 1 1 2 2 1 0.604061 0.000000 
8 2 125 0 4 2 2 0 2 3 4 0 0.592252 0.000000 
8 2 126 0 1 1 5 2 1 2 2 1 0.744900 0.000000 
8 2 127 0 0 0 1 2 1 1 1 1 0.639543 0.000000 
8 2 128 1 3 0 0 1 2 4 4 1 1.266424 0.000000 
8 2 129 0 3 1 2 0 0 2 2 1 0.908221 0.000000 
8 2 130 0 2 0 4 2 0 1 1 1 0.835552 0.000000 
8 2 131 0 2 2 1 2 1 3 3 1 1.854520 0.000000 
8 2 132 0 2 0 1 0 0 1 1 1 0.689168 0.000000 
8 2 133 0 2 2 1 0 1 3 3 1 0.521986 0.000000 
8 2 134 0 2 2 4 2 1 3 3 1 0.585548 0.000000 
8 2 135 0 2 0 0 1 0 1 1 1 0.518385 0.000000 
8 2 136 0 0 2 2 1 0 3 3 1 1.053929 0.000000 
8 2 137 1 0 3 5 2 2 1 1 1 1.272274 0.000000 
8 2 138 0 5 1 1 1 2 2 2 1 0.841002 0.000000 
8 2 139 0 2 0 4 2 0 1 1 1 0.620003 0.000000 
8 2 140 1 3 0 5 2 2 4 4 1 0.719542 0.000000 
8 2 141 0 3 3 2 0 1 4 4 1 0.487106 0.000000 
8 2 142 1 1 0 4 2 2 2 2 1 0.911924 0.000000 
8 2 143 0 4 2 5 2 2 3 3 1 0.792237 0.000000 
8 2 144 0 0 2 3 0 0 3 3 1 0.613177 0.000000 
8 2 145 1 0 1 1 1 2 1 1 1 0.809364 0.000000 
8 2 146 0 5 0 0 1 2 1 2 0 0.604581 0.000000 
8 2 147 0 2 2 5 2 1 3 3 1 0.676866 0.000000 
8 2 148 1 2 2 1 0 1 3 3 1 0.573893 0.000000 
8 2 149 0 0 0 0 1 1 1 1 1 0.531437 0.000000 
8 2 150 1 3 1 5 2 0 4 4 1 0.762930 0.000000 
8 2 151 0 2 2 2 1 1 3 3 1 0.801163 0.000000 
8 2 152 0 3 3 4 2 1 4 4 1 0.629423 0.000000 
8 2 153 0 2 2 4 2 1 3 3 1 0.536939 0.000000 
8 2 154 0 0 2 0 2 0 3 3 1 0.494799 0.000000 
8 2 155 0 1 1 1 1 1 2 2 1 0.751603 0.000000 
8 2 156 1 2 2 2 1 1 3 3 1 0.853858 0.000000 
8 2 157 0 4 2 2 1 2 3 3 1 0.512138 0.000000 
8 2 158 1 1 1 1 1 2 2 2 1 0.624296 0.000000 
8 2 159 0 1 1 0 0 1 2 2 1 0.547821 0.000000 
8 2 160 0 5 1 1 1 2 2 2 1 0.506659 0.000000 
8 2 161 1 1 3 4 2 0 2 4 0 0.897851 0.000000 
8 2 162 0 5 0 5 2 2 1 1 1 0.646817 0.000000 
8 2 163 0 3 3 2 0 1 4 4 1 0.553189 0.000000 
8 2 164 0 3 1 1 1 0 2 2 1 0.711387 0.000000 
8 2 165 0 0 2 3 0 0 3 3 1 0.895613 0.000000 
8 2 166 1 0 0 3 0 1 1 1 1 0.864575 0.000000 
8 2 167 1 1 1 0 0 1 2 2 1 0.698835 0.000000 
8 2 168 0 5 1 1 1 2 2 2 1 0.651782 0.000000 
8 2 169 0 1 1 1 1 1 2 2 1 0.436978 0.000000 
8 2 170 0 1 3 3 1 0 4 4 1 0.543749 0.000000 
8 2 171 1 2 0 1 2 0 3 1 0 0.886576 0.000000 
8 2 172 0 1 1 0 0 1 2 2 1 0.755338 0.000000 
8 2 173 0 2 0 3 2 0 1 1 1 0.697279 0.000000 
8 2 174 0 0 2 4 2 0 3 3 1 0.794256 0.000000 
8 2 175 1 1 1 1 1 1 2 2 1 0.727142 0.000000 
8 2 176 0 5 1 1 1 2 2 2 1 0.526739 0.000000 
8 2 177 1 1 1 3 2 1 2 2 1 0.733204 0.000000 
8 2 178 0 1 1 5 2 1 2 2 1 0.580131 0.000000 
8 2 179 0 0 0 4 2 1 1 1 1 0.697663 0.000000 
8 2 180 0 5 1 4 2 2 2 2 1 0.514516 0.000000 
8 2 181 0 2 2 4 2 1 3 3 1 0.714687 0.000000 
8 2 182 0 5 1 5 2 2 2 2 1 0.690937 0.000000 
8 2 183 0 3 3 4 2 1 4 4 1 0.435751 0.000000 
8 2 184 0 0 2 5 2 0 3 1 0 0.645683 0.000000 
8 2 185 1 3 3 2 0 1 4 4 1 1.092489 0.000000 
8 2 186 0 2 0 0 1 0 1 3 0 1.277082 0.000000 
8 2 187 0 2 0 1 0 0 1 1 1 1.090917 0.000000 
8 2 188 1 2 0 1 0 0 3 3 1 1.035452 0.000000 
8 2 189 0 1 1 1 1 1 2 2 1 0.654463 0.000000 
8 2 190 0 3 1 1 1 0 2 2 1 0.808713 0.000000 
8 2 191 0 3 1 1 1 0 2 2 1 0.500909 0.000000 
8 2 192 0 3 3 2 0 1 4 4 1 0.460138 0.000000 
8 3 1 1 0 1 4 2 2 1 1 1 2.680049 0.000000 
8 3 2 1 3 3 2 0 1 4 4 1 1.129789 0.000000 
8 3 3 0 1 1 5 2 1 2 2 1 0.752517 0.000000 
8 3 4 1 2 3 3 1 0 3 3 1 0.798778 0.000000 
8 3 5 0 4 3 2 2 2 4 4 1 0.563728 0.000000 
8 3 6 1 1 2 0 0 2 2 2 1 0.961943 0.000000 
8 3 7 1 2 1 1 1 2 3 3 1 0.920205 0.000000 
8 3 8 0 0 1 1 1 0 2 2 1 1.727877 0.000000 
8 3 9 0 0 0 0 1 1 1 1 1 0.926900 0.000000 
8 3 10 0 0 1 3 0 0 2 2 1 0.686462 0.000000 
8 3 11 0 4 0 2 0 2 1 1 1 0.687390 0.000000 
8 3 12 0 2 3 4 2 0 4 4 1 0.704303 0.000000 
8 3 13 0 2 2 2 1 1 3 3 1 0.464479 0.000000 
8 3 14 0 0 1 3 0 0 2 2 1 0.738663 0.000000 
8 3 15 0 3 3 2 0 1 4 4 1 1.041538 0.000000 
8 3 16 0 1 1 2 2 1 2 2 1 0.612585 0.000000 
8 3 17 0 0 1 1 1 0 2 2 1 0.480786 0.000000 
8 3 18 0 5 2 2 0 2 3 3 1 1.297249 0.000000 
8 3 19 0 2 2 1 2 1 3 3 1 0.506367 0.000000 
8 3 20 0 5 3 3 1 2 4 4 1 0.442534 0.000000 
8 3 21 0 3 3 3 1 1 4 4 1 0.453301 0.000000 
8 3 22 0 3 0 4 2 0 1 1 1 0.799459 0.000000 
8 3 23 0 2 2 5 2 1 3 3 1 0.915984 0.000000 
8 3 24 0 5 3 5 2 2 4 4 1 0.619897 0.000000 
8 3 25 0 0 1 3 0 0 2 1 0 0.542653 0.000000 
8 3 26 0 5 0 4 2 2 1 1 1 0.537160 0.000000 
8 3 27 0 4 0 5 2 2 1 1 1 0.583764 0.000000 
8 3 28 0 5 0 0 1 2 1 1 1 0.588623 0.000000 
8 3 29 0 2 3 3 1 0 4 4 1 0.993514 0.000000 
8 3 30 1 3 0 2 2 0 4 4 1 1.110495 0.000000 
8 3 31 0 4 2 2 0 2 3 3 1 0.710880 0.000000 
8 3 32 1 1 1 4 2 1 2 2 1 0.823102 0.000000 
8 3 33 0 4 1 2 0 2 2 2 1 0.553758 0.000000 
8 3 34 0 5 0 2 0 2 1 1 1 0.679896 0.000000 
8 3 35 0 4 0 2 0 2 1 1 1 0.873449 0.000000 
8 3 36 1 3 2 2 1 2 4 4 1 1.187031 0.000000 
8 3 37 1 0 1 1 1 2 1 1 1 0.624130 0.000000 
8 3 38 0 5 1 5 2 2 2 2 1 0.699705 0.000000 
8 3 39 0 4 1 2 0 2 2 2 1 0.499932 0.000000 
8 3 40 0 3 3 4 2 1 4 4 1 0.516071 0.000000 
8 3 41 0 1 1 4 2 1 2 2 1 0.571069 0.000000 
8 3 42 0 0 0 3 0 1 1 1 1 0.504078 0.000000 
8 3 43 0 4 3 3 1 2 4 4 1 0.616246 0.000000 
8 3 44 0 0 0 3 0 1 1 1 1 0.596016 0.000000 
8 3 45 0 2 3 3 1 0 4 4 1 0.640587 0.000000 
8 3 46 1 0 0 3 0 1 1 1 1 0.995438 0.000000 
8 3 47 0 3 0 4 2 0 1 1 1 0.616507 0.000000 
8 3 48 0 2 3 5 2 0 4 2 0 0.588004 0.000000 
8 3 49 0 4 0 0 1 2 1 1 1 0.635939 0.000000 
8 3 50 0 5 2 4 2 2 3 3 1 0.814326 0.000000 
8 3 51 0 0 0 3 0 1 1 1 1 0.514568 0.000000 
8 3 52 1 3 1 2 0 2 4 4 1 0.730666 0.000000 
8 3 53 0 3 0 2 0 0 1 1 1 0.730296 0.000000 
8 3 54 1 1 1 1 1 2 2 2 1 0.713828 0.000000 
8 3 55 0 3 3 4 2 1 4 4 1 0.746091 0.000000 
8 3 56 0 0 0 0 2 1 1 1 1 0.593008 0.000000 
8 3 57 0 1 1 1 1 1 2 2 1 0.644831 0.000000 
8 3 58 0 0 0 4 2 1 1 1 1 0.591714 0.000000 
8 3 59 0 1 1 0 0 1 2 2 1 0.644569 0.000000 
8 3 60 0 5 0 2 0 2 1 1 1 0.607378 0.000000 
8 3 61 0 4 2 2 1 2 3 3 1 0.963650 0.000000 
8 3 62 0 5 3 0 2 2 4 4 1 0.617965 0.000000 
8 3 63 0 4 3 4 2 2 4 4 1 0.517466 0.000000 
8 3 64 0 3 0 0 1 0 1 1 1 0.836989 0.000000 
8 3 65 1 1 1 1 1 1 2 2 1 0.742917 0.000000 
8 3 66 0 1 2 2 1 0 3 3 1 0.653847 0.000000 
8 3 67 0 4 1 2 0 2 2 2 1 0.632039 0.000000 
8 3 68 0 5 1 4 2 2 2 3 0 0.635600 0.000000 
8 3 69 0 4 2 2 0 2 3 3 1 0.466479 0.000000 
8 3 70 0 1 1 1 1 1 2 2 1 0.523953 0.000000 
8 3 71 0 0 1 1 1 0 2 2 1 0.458960 0.000000 
8 3 72 1 1 1 0 0 1 2 2 1 0.653040 0.000000 
8 3 73 0 4 0 0 1 2 1 1 1 0.702290 0.000000 
8 3 74 0 5 2 2 0 2 3 3 1 0.646537 0.000000 
8 3 75 0 3 3 3 1 1 4 4 1 0.489390 0.000000 
8 3 76 0 3 3 4 2 1 4 4 1 0.466218 0.000000 
8 3 77 0 0 0 4 2 1 1 1 1 0.507923 0.000000 
8 3 78 0 0 1 5 2 0 2 2 1 0.491837 0.000000 
8 3 79 0 0 0 0 1 1 1 1 1 0.580662 0.000000 
8 3 80 1 3 2 2 1 2 4 4 1 0.754143 0.000000 
8 3 81 0 2 2 5 2 1 3 3 1 0.680399 0.000000 
8 3 82 0 1 1 4 2 1 2 2 1 0.592876 0.000000 
8 3 83 0 2 3 5 2 0 4 4 1 0.597782 0.000000 
8 3 84 0 2 2 2 1 1 3 3 1 0.698654 0.000000 
8 3 85 0 0 1 3 0 0 2 1 0 0.595552 0.000000 
8 3 86 1 2 2 2 1 1 3 3 1 0.916440 0.000000 
8 3 87 0 0 1 4 2 0 2 2 1 0.428071 0.000000 
8 3 88 1 2 3 0 2 0 3 3 1 1.423048 0.000000 
8 3 89 0 4 0 1 2 2 1 1 1 1.129896 0.000000 
8 3 90 0 0 1 3 0 0 2 2 1 0.633602 0.000000 
8 3 91 0 2 2 2 1 1 3 3 1 0.580479 0.000000 
8 3 92 0 1 1 0 0 1 2 2 1 0.626001 0.000000 
8 3 93 0 4 0 2 0 2 1 1 1 0.661483 0.000000 
8 3 94 0 5 1 2 0 2 2 2 1 0.664547 0.000000 
8 3 95 0 0 0 3 0 1 1 1 1 0.577955 0.000000 
8 3 96 0 0 0 3 0 1 1 1 1 0.502562 0.000000 
8 3 97 0 2 2 1 0 1 3 3 1 0.894577 0.000000 
8 3 98 1 2 3 1 0 0 3 3 1 0.991571 0.000000 
8 3 99 1 3 0 0 1 0 4 4 1 0.684587 0.000000 
8 3 100 1 3 3 4 2 2 4 4 1 0.533479 0.000000 
8 3 101 0 4 3 3 1 2 4 4 1 0.572323 0.000000 
8 3 102 0 1 2 5 2 0 3 3 1 0.897849 0.000000 
8 3 103 0 4 3 2 0 2 4 4 1 0.602824 0.000000 
8 3 104 0 0 1 4 2 0 2 2 1 0.814986 0.000000 
8 3 105 0 0 1 1 1 0 2 2 1 0.506244 0.000000 
8 3 106 0 2 2 2 1 1 3 3 1 0.586409 0.000000 
8 3 107 1 2 2 1 0 1 3 3 1 0.703259 0.000000 
8 3 108 1 3 0 0 1 0 4 4 1 0.695520 0.000000 
8 3 109 0 2 3 3 1 0 4 4 1 0.624366 0.000000 
8 3 110 0 3 3 3 2 1 4 4 1 0.499920 0.000000 
8 3 111 0 4 1 5 2 2 2 2 1 0.596065 0.000000 
8 3 112 0 1 2 0 0 0 3 3 1 0.736931 0.000000 
8 3 113 0 3 0 0 1 0 1 1 1 0.750819 0.000000 
8 3 114 0 2 2 4 2 1 3 3 1 0.621069 0.000000 
8 3 115 1 1 2 2 1 0 2 2 1 1.032611 0.000000 
8 3 116 1 3 3 2 0 1 4 4 1 0.764162 0.000000 
8 3 117 0 4 1 1 1 2 2 2 1 0.697901 0.000000 
8 3 118 0 2 3 5 2 0 4 4 1 0.602766 0.000000 
8 3 119 0 4 3 4 2 2 4 4 1 0.470915 0.000000 
8 3 120 1 1 2 0 0 0 2 2 1 1.600469 0.000000 
8 3 121 1 1 1 1 1 1 2 2 1 0.852029 0.000000 
8 3 122 0 3 0 0 1 0 1 4 0 0.582333 0.000000 
8 3 123 0 3 0 2 0 0 1 1 1 0.783880 0.000000 
8 3 124 0 3 3 3 1 1 4 4 1 0.492317 0.000000 
8 3 125 0 4 2 2 0 2 3 3 1 0.821149 0.000000 
8 3 126 1 1 2 0 0 2 2 2 1 1.192744 0.000000 
8 3 127 1 3 3 3 1 1 4 4 1 0.813822 0.000000 
8 3 128 0 2 3 1 0 0 4 4 1 0.633061 0.000000 
8 3 129 0 1 2 2 1 0 3 3 1 0.667958 0.000000 
8 3 130 0 3 3 2 0 1 4 4 1 0.621523 0.000000 
8 3 131 0 4 2 4 2 2 3 3 1 0.769060 0.000000 
8 3 132 0 2 2 2 1 1 3 3 1 0.654658 0.000000 
8 3 133 0 4 0 2 0 2 1 1 1 0.616840 0.000000 
8 3 134 0 5 3 3 1 2 4 4 1 0.516367 0.000000 
8 3 135 0 2 3 3 1 0 4 4 1 0.684116 0.000000 
8 3 136 1 2 3 4 2 0 3 3 1 0.987749 0.000000 
8 3 137 0 4 1 1 1 2 2 2 1 1.576853 0.000000 
8 3 138 0 3 3 4 2 1 4 4 1 0.526713 0.000000 
8 3 139 0 1 1 1 1 1 2 2 1 0.558183 0.000000 
8 3 140 0 3 0 2 0 0 1 1 1 0.708354 0.000000 
8 3 141 0 2 2 4 2 1 3 3 1 0.452573 0.000000 
8 3 142 0 3 0 2 0 0 1 1 1 0.798730 0.000000 
8 3 143 0 3 0 4 2 0 1 1 1 0.691371 0.000000 
8 3 144 0 5 3 3 1 2 4 4 1 0.507507 0.000000 
8 3 145 0 4 1 1 2 2 2 2 1 0.635689 0.000000 
8 3 146 0 1 2 2 1 0 3 3 1 0.430539 0.000000 
8 3 147 0 1 2 2 1 0 3 3 1 0.434011 0.000000 
8 3 148 0 1 1 0 0 1 2 2 1 0.748821 0.000000 
8 3 149 0 0 1 3 0 0 2 2 1 0.723715 0.000000 
8 3 150 0 1 1 0 0 1 2 2 1 0.643274 0.000000 
8 3 151 0 4 0 5 2 2 1 1 1 0.670164 0.000000 
8 3 152 1 1 1 4 2 1 2 2 1 0.574731 0.000000 
8 3 153 1 0 0 0 1 1 1 1 1 0.652200 0.000000 
8 3 154 1 1 0 0 1 2 2 2 1 0.758416 0.000000 
8 3 155 1 2 2 1 2 2 3 3 1 0.628675 0.000000 
8 3 156 1 1 1 1 1 1 2 2 1 0.824166 0.000000 
8 3 157 0 4 3 3 1 2 4 4 1 0.499816 0.000000 
8 3 158 1 3 0 2 0 0 4 4 1 1.187973 0.000000 
8 3 159 0 0 0 0 1 1 1 1 1 0.561064 0.000000 
8 3 160 0 0 1 3 0 0 2 2 1 0.582216 0.000000 
8 3 161 0 4 1 4 2 2 2 2 1 0.571750 0.000000 
8 3 162 0 1 2 2 1 0 3 2 0 0.625253 0.000000 
8 3 163 1 2 2 4 2 2 3 3 1 0.904554 0.000000 
8 3 164 0 1 1 4 2 1 2 2 1 0.776645 0.000000 
8 3 165 1 0 3 3 1 2 1 4 0 0.998245 0.000000 
8 3 166 1 1 2 0 0 2 2 2 1 1.766386 0.000000 
8 3 167 0 3 3 3 1 1 4 4 1 0.555998 0.000000 
8 3 168 1 2 3 3 1 0 3 3 1 1.593979 0.000000 
8 3 169 1 0 2 5 2 2 1 1 1 0.631200 0.000000 
8 3 170 0 0 0 4 2 1 1 2 0 0.770759 0.000000 
8 3 171 1 0 0 3 0 1 1 1 1 0.948379 0.000000 
8 3 172 0 5 2 2 0 2 3 3 1 0.874886 0.000000 
8 3 173 0 2 3 4 2 0 4 4 1 0.547552 0.000000 
8 3 174 0 2 3 4 2 0 4 4 1 0.434282 0.000000 
8 3 175 1 0 1 4 2 0 1 1 1 0.909126 0.000000 
8 3 176 1 2 3 1 0 0 3 3 1 1.029432 0.000000 
8 3 177 0 0 0 3 0 1 1 1 1 0.673128 0.000000 
8 3 178 0 5 3 2 0 2 4 4 1 0.562684 0.000000 
8 3 179 0 4 0 0 1 2 1 1 1 0.696800 0.000000 
8 3 180 0 2 2 4 2 1 3 3 1 0.441690 0.000000 
8 3 181 0 3 0 2 0 0 1 1 1 0.996541 0.000000 
8 3 182 0 5 2 2 0 2 3 3 1 0.816510 0.000000 
8 3 183 0 2 3 4 2 0 4 4 1 0.844155 0.000000 
8 3 184 0 2 3 5 2 0 4 4 1 0.623097 0.000000 
8 3 185 1 0 1 3 0 0 1 1 1 0.786639 0.000000 
8 3 186 1 3 0 0 1 0 4 4 1 0.991565 0.000000 
8 3 187 1 0 1 5 2 0 1 1 1 0.956568 0.000000 
8 3 188 1 1 2 0 0 0 2 2 1 0.794881 0.000000 
8 3 189 1 2 3 1 0 0 3 3 1 0.974825 0.000000 
8 3 190 0 0 0 3 0 1 1 1 1 0.596516 0.000000 
8 3 191 0 2 3 4 2 0 4 4 1 0.689352 0.000000 
8 3 192 0 3 3 3 1 1 4 4 1 0.482251 0.000000 
8 4 1 0 1 1 4 2 1 2 2 1 1.322180 0.000000 
8 4 2 0 3 3 1 0 1 4 4 1 0.528499 0.000000 
8 4 3 0 2 1 1 1 0 2 2 1 0.791908 0.000000 
8 4 4 0 5 1 4 2 2 2 2 1 0.500911 0.000000 
8 4 5 1 0 2 2 1 2 1 1 1 0.724993 0.000000 
8 4 6 0 2 1 5 2 0 2 2 1 0.684565 0.000000 
8 4 7 0 2 2 2 1 1 3 2 0 0.453429 0.000000 
8 4 8 0 2 1 1 2 0 2 2 1 0.435662 0.000000 
8 4 9 0 1 1 5 2 1 2 2 1 0.605971 0.000000 
8 4 10 0 5 1 1 1 2 2 2 1 0.546142 0.000000 
8 4 11 1 3 3 3 1 1 4 4 1 0.711981 0.000000 
8 4 12 0 1 1 4 2 1 2 2 1 0.568189 0.000000 
8 4 13 1 0 3 2 0 2 1 1 1 0.877711 0.000000 
8 4 14 0 1 1 4 2 1 2 2 1 0.583332 0.000000 
8 4 15 1 2 2 4 2 2 3 3 1 0.700161 0.000000 
8 4 16 1 3 3 2 2 1 4 4 1 0.580426 0.000000 
8 4 17 0 4 1 1 1 2 2 2 1 0.641941 0.000000 
8 4 18 0 3 3 1 0 1 4 4 1 0.668814 0.000000 
8 4 19 0 4 1 5 2 2 2 2 1 1.101366 0.000000 
8 4 20 0 5 0 4 2 2 1 1 1 0.749746 0.000000 
8 4 21 0 4 2 4 2 2 3 3 1 0.900016 0.000000 
8 4 22 0 3 2 1 0 0 3 3 1 1.060279 0.000000 
8 4 23 0 0 0 2 0 1 1 1 1 0.614718 0.000000 
8 4 24 1 3 2 4 2 0 4 4 1 1.274880 0.000000 
8 4 25 1 0 2 2 1 2 1 1 1 0.764663 0.000000 
8 4 26 0 2 2 5 2 1 3 3 1 0.713870 0.000000 
8 4 27 0 4 3 3 1 2 4 4 1 0.770192 0.000000 
8 4 28 0 0 3 2 0 0 4 1 0 0.647688 0.000000 
8 4 29 0 2 1 1 1 0 2 2 1 0.894418 0.000000 
8 4 30 1 0 3 2 0 0 1 1 1 0.759070 0.000000 
8 4 31 0 2 1 1 1 0 2 2 1 0.501359 0.000000 
8 4 32 1 3 3 1 0 2 4 4 1 0.981517 0.000000 
8 4 33 0 3 3 3 1 1 4 4 1 0.467190 0.000000 
8 4 34 0 0 0 0 1 1 1 1 1 0.579666 0.000000 
8 4 35 0 3 2 2 1 0 3 2 0 0.705189 0.000000 
8 4 36 0 3 2 2 1 0 3 3 1 0.429470 0.000000 
8 4 37 0 0 3 3 1 0 4 4 1 1.904457 0.000000 
8 4 38 1 0 3 3 1 0 1 1 1 0.985126 0.000000 
8 4 39 1 1 1 2 2 1 2 2 1 1.278155 0.000000 
8 4 40 0 5 2 2 1 2 3 2 0 0.503932 0.000000 
8 4 41 0 0 3 2 0 0 4 3 0 0.819107 0.000000 
8 4 42 0 1 0 4 2 0 1 1 1 0.674288 0.000000 
8 4 43 0 4 0 0 1 2 1 1 1 0.539337 0.000000 
8 4 44 0 5 3 4 2 2 4 4 1 0.602174 0.000000 
8 4 45 1 2 1 0 0 0 3 3 1 0.830341 0.000000 
8 4 46 0 2 2 3 2 1 3 3 1 0.609955 0.000000 
8 4 47 0 2 1 1 1 0 2 2 1 0.694117 0.000000 
8 4 48 0 5 1 1 0 2 2 2 1 0.511024 0.000000 
8 4 49 0 2 2 4 2 1 3 3 1 0.670179 0.000000 
8 4 50 0 5 1 1 1 2 2 2 1 0.559741 0.000000 
8 4 51 0 4 2 4 2 2 3 3 1 0.533917 0.000000 
8 4 52 0 0 0 2 0 1 1 1 1 0.668761 0.000000 
8 4 53 0 4 1 1 1 2 2 2 1 0.694304 0.000000 
8 4 54 0 5 3 3 1 2 4 4 1 0.511175 0.000000 
8 4 55 0 0 3 4 2 0 4 4 1 0.455336 0.000000 
8 4 56 1 0 0 4 2 1 1 1 1 0.625462 0.000000 
8 4 57 0 2 2 2 1 1 3 3 1 0.571993 0.000000 
8 4 58 0 0 3 2 0 0 4 4 1 0.977542 0.000000 
8 4 59 0 4 3 1 0 2 4 4 1 0.519198 0.000000 
8 4 60 1 3 3 4 2 2 4 4 1 0.974679 0.000000 
8 4 61 0 4 1 1 1 2 2 2 1 0.580283 0.000000 
8 4 62 1 2 1 4 2 0 3 3 1 1.209836 0.000000 
8 4 63 0 1 1 3 0 1 2 2 1 0.798226 0.000000 
8 4 64 0 2 1 1 1 0 2 2 1 0.747235 0.000000 
8 4 65 1 0 0 0 1 1 1 1 1 0.737054 0.000000 
8 4 66 0 3 2 1 0 0 3 3 1 0.904034 0.000000 
8 4 67 1 2 2 2 1 1 3 3 1 0.816341 0.000000 
8 4 68 1 3 1 1 1 2 4 4 1 0.683950 0.000000 
8 4 69 0 3 2 1 0 0 3 3 1 0.836820 0.000000 
8 4 70 1 1 0 4 2 0 2 2 1 0.935819 0.000000 
8 4 71 0 0 0 0 1 1 1 1 1 0.862826 0.000000 
8 4 72 0 1 0 0 1 0 1 1 1 0.728032 0.000000 
8 4 73 0 4 1 5 2 2 2 2 1 0.599653 0.000000 
8 4 74 0 2 2 0 0 1 3 3 1 0.676065 0.000000 
8 4 75 1 2 2 0 0 2 3 3 1 0.805386 0.000000 
8 4 76 0 1 0 4 2 0 1 1 1 0.961688 0.000000 
8 4 77 0 2 2 0 0 1 3 3 1 0.680003 0.000000 
8 4 78 0 5 0 1 0 2 1 1 1 0.721582 0.000000 
8 4 79 0 1 0 3 0 0 1 1 1 0.576198 0.000000 
8 4 80 1 3 1 1 1 2 4 4 1 0.813630 0.000000 
8 4 81 1 2 1 1 1 0 3 2 0 1.161916 0.000000 
8 4 82 1 0 0 0 1 1 1 1 1 0.812389 0.000000 
8 4 83 0 2 2 2 1 1 3 3 1 0.768133 0.000000 
8 4 84 0 2 2 2 1 1 3 3 1 0.485693 0.000000 
8 4 85 1 1 0 3 0 0 2 2 1 1.222542 0.000000 
8 4 86 0 5 0 0 1 2 1 2 0 0.658306 0.000000 
8 4 87 0 0 3 4 2 0 4 4 1 0.751320 0.000000 
8 4 88 0 0 0 2 0 1 1 1 1 0.549326 0.000000 
8 4 89 0 3 3 1 2 1 4 4 1 0.603984 0.000000 
8 4 90 0 2 1 1 1 0 2 2 1 0.799690 0.000000 
8 4 91 0 4 3 1 0 2 4 4 1 0.579946 0.000000 
8 4 92 0 2 2 0 0 1 3 3 1 0.649450 0.000000 
8 4 93 0 2 1 0 0 0 2 2 1 0.987945 0.000000 
8 4 94 0 5 0 4 2 2 1 1 1 0.600691 0.000000 
8 4 95 1 2 2 2 1 1 3 3 1 0.867825 0.000000 
8 4 96 1 2 1 0 0 0 3 2 0 0.861500 0.000000 
8 4 97 0 4 2 5 2 2 3 2 0 0.611833 0.000000 
8 4 98 0 5 0 1 0 2 1 1 1 0.619517 0.000000 
8 4 99 0 3 3 4 2 1 4 4 1 0.566607 0.000000 
8 4 100 0 1 1 1 1 1 2 2 1 0.604120 0.000000 
8 4 101 0 0 3 3 1 0 4 4 1 1.183398 0.000000 
8 4 102 0 0 0 4 2 1 1 1 1 0.724415 0.000000 
8 4 103 0 3 2 2 2 0 3 3 1 0.764264 0.000000 
8 4 104 0 0 0 0 1 1 1 1 1 0.538260 0.000000 
8 4 105 0 1 0 5 2 0 1 1 1 0.569047 0.000000 
8 4 106 0 5 3 1 0 2 4 4 1 0.622575 0.000000 
8 4 107 0 4 1 1 2 2 2 2 1 0.602119 0.000000 
8 4 108 0 1 0 4 2 0 1 1 1 0.590252 0.000000 
8 4 109 0 1 0 3 2 0 1 1 1 0.515122 0.000000 
8 4 110 0 3 2 3 2 0 3 4 0 0.602295 0.000000 
8 4 111 0 4 1 5 2 2 2 2 1 0.978476 0.000000 
8 4 112 1 1 1 3 0 1 2 2 1 1.103688 0.000000 
8 4 113 0 4 1 5 2 2 2 2 1 0.720091 0.000000 
8 4 114 1 0 3 4 2 0 1 1 1 1.159684 0.000000 
8 4 115 0 3 3 3 1 1 4 4 1 0.550071 0.000000 
8 4 116 0 5 0 5 2 2 1 1 1 0.572262 0.000000 
8 4 117 0 4 2 4 2 2 3 3 1 0.625746 0.000000 
8 4 118 1 2 1 1 1 0 3 3 1 1.004272 0.000000 
8 4 119 0 0 3 4 2 0 4 4 1 0.864654 0.000000 
8 4 120 0 5 2 1 0 2 3 3 1 0.770953 0.000000 
8 4 121 0 0 0 4 2 1 1 1 1 0.568514 0.000000 
8 4 122 0 2 2 2 1 1 3 3 1 0.638015 0.000000 
8 4 123 0 4 1 1 0 2 2 2 1 0.704906 0.000000 
8 4 124 0 2 2 3 2 1 3 3 1 0.665137 0.000000 
8 4 125 1 0 3 2 0 2 1 1 1 1.154382 0.000000 
8 4 126 0 5 3 1 0 2 4 4 1 0.624745 0.000000 
8 4 127 0 0 3 2 0 0 4 4 1 0.612294 0.000000 
8 4 128 1 3 3 5 2 2 4 4 1 0.880470 0.000000 
8 4 129 0 4 3 3 1 2 4 4 1 0.458108 0.000000 
8 4 130 0 1 0 3 0 0 1 1 1 0.604220 0.000000 
8 4 131 0 4 0 0 1 2 1 1 1 0.504458 0.000000 
8 4 132 0 1 0 2 2 0 1 1 1 0.560567 0.000000 
8 4 133 0 1 1 3 0 1 2 2 1 0.830757 0.000000 
8 4 134 0 2 2 2 1 1 3 3 1 0.593343 0.000000 
8 4 135 0 4 3 3 1 2 4 4 1 0.574214 0.000000 
8 4 136 0 3 3 1 0 1 4 4 1 0.539716 0.000000 
8 4 137 1 1 1 1 1 1 2 2 1 0.906561 0.000000 
8 4 138 0 1 1 4 2 1 2 2 1 0.594835 0.000000 
8 4 139 0 2 2 4 2 1 3 3 1 0.527687 0.000000 
8 4 140 0 0 3 3 1 0 4 4 1 0.879228 0.000000 
8 4 141 0 1 1 1 1 1 2 2 1 0.664862 0.000000 
8 4 142 0 3 3 1 0 1 4 4 1 0.489971 0.000000 
8 4 143 0 4 3 5 2 2 4 4 1 0.506841 0.000000 
8 4 144 0 3 3 5 2 1 4 4 1 0.794984 0.000000 
8 4 145 1 1 0 3 0 0 2 2 1 1.399943 0.000000 
8 4 146 0 5 1 1 1 2 2 2 1 0.636445 0.000000 
8 4 147 0 1 0 4 2 0 1 1 1 0.591325 0.000000 
8 4 148 0 3 3 3 1 1 4 4 1 0.532164 0.000000 
8 4 149 0 0 0 2 0 1 1 1 1 0.675627 0.000000 
8 4 150 0 0 0 2 0 1 1 1 1 0.516223 0.000000 
8 4 151 0 4 2 2 1 2 3 3 1 0.867724 0.000000 
8 4 152 0 3 2 1 0 0 3 3 1 0.757354 0.000000 
8 4 153 1 3 2 4 2 0 4 4 1 0.939570 0.000000 
8 4 154 0 5 1 1 0 2 2 2 1 0.618585 0.000000 
8 4 155 0 4 3 4 2 2 4 4 1 0.646118 0.000000 
8 4 156 1 3 2 1 0 0 4 4 1 0.800963 0.000000 
8 4 157 0 1 0 0 1 0 1 1 1 1.780249 0.000000 
8 4 158 1 3 3 3 1 1 4 4 1 0.866226 0.000000 
8 4 159 0 3 2 2 1 0 3 3 1 1.772172 0.000000 
8 4 160 1 1 0 0 1 0 2 2 1 0.953867 0.000000 
8 4 161 1 1 0 3 0 0 2 2 1 1.120213 0.000000 
8 4 162 0 2 2 4 2 1 3 3 1 0.591926 0.000000 
8 4 163 0 0 3 2 0 0 4 4 1 0.876819 0.000000 
8 4 164 1 3 3 3 1 2 4 4 1 0.701406 0.000000 
8 4 165 0 4 1 1 0 2 2 2 1 0.613656 0.000000 
8 4 166 0 0 0 0 2 1 1 1 1 0.657857 0.000000 
8 4 167 0 3 2 1 0 0 3 3 1 0.756046 0.000000 
8 4 168 0 5 1 4 2 2 2 2 1 0.594310 0.000000 
8 4 169 1 1 1 3 0 1 2 2 1 1.015170 0.000000 
8 4 170 1 1 0 3 0 2 2 2 1 0.931477 0.000000 
8 4 171 0 4 1 1 1 2 2 2 1 0.547160 0.000000 
8 4 172 1 3 0 1 0 2 4 4 1 0.905004 0.000000 
8 4 173 0 4 1 1 0 2 2 2 1 0.625313 0.000000 
8 4 174 0 0 0 4 2 1 1 1 1 0.636929 0.000000 
8 4 175 1 2 0 4 2 2 3 3 1 0.983694 0.000000 
8 4 176 0 0 3 2 0 0 4 4 1 1.044749 0.000000 
8 4 177 1 3 3 1 0 1 4 4 1 0.823727 0.000000 
8 4 178 1 2 2 0 0 1 3 3 1 0.722403 0.000000 
8 4 179 1 2 1 0 0 2 3 3 1 0.705958 0.000000 
8 4 180 0 3 2 1 0 0 3 3 1 0.834178 0.000000 
8 4 181 0 4 1 5 2 2 2 2 1 0.685081 0.000000 
8 4 182 0 1 0 0 1 0 1 1 1 0.998016 0.000000 
8 4 183 0 2 1 0 0 0 2 2 1 0.810999 0.000000 
8 4 184 0 0 3 2 0 0 4 1 0 0.791245 0.000000 
8 4 185 0 1 0 3 0 0 1 1 1 0.663999 0.000000 
8 4 186 0 3 3 3 1 1 4 4 1 0.569993 0.000000 
8 4 187 1 1 1 1 1 1 2 2 1 1.030501 0.000000 
8 4 188 0 5 2 4 2 2 3 3 1 0.858185 0.000000 
8 4 189 0 2 1 5 2 0 2 2 1 0.788477 0.000000 
8 4 190 0 0 0 2 0 1 1 1 1 0.617430 0.000000 
8 4 191 1 2 0 0 0 2 3 3 1 0.812913 0.000000 
8 4 192 0 0 0 0 1 1 1 1 1 0.601208 0.000000 
8 5 1 0 2 2 1 0 1 3 3 1 1.054762 0.000000 
8 5 2 0 0 3 3 1 0 4 4 1 0.808634 0.000000 
8 5 3 0 1 0 0 0 0 1 1 1 0.876886 0.000000 
8 5 4 0 5 2 2 1 2 3 3 1 0.670508 0.000000 
8 5 5 1 0 0 3 0 1 1 1 1 0.904063 0.000000 
8 5 6 0 5 0 5 2 2 1 1 1 0.615343 0.000000 
8 5 7 0 1 1 0 0 1 2 2 1 0.723571 0.000000 
8 5 8 0 0 0 3 0 1 1 1 1 0.547145 0.000000 
8 5 9 1 0 0 0 1 1 1 1 1 0.633956 0.000000 
8 5 10 0 3 3 2 0 1 4 4 1 0.612840 0.000000 
8 5 11 0 3 2 2 1 0 3 4 0 0.472973 0.000000 
8 5 12 0 0 3 3 1 0 4 4 1 0.606295 0.000000 
8 5 13 0 1 1 2 2 1 2 2 1 0.737500 0.000000 
8 5 14 0 0 3 3 1 0 4 4 1 0.568150 0.000000 
8 5 15 0 3 2 2 0 0 3 3 1 0.685660 0.000000 
8 5 16 0 5 1 2 0 2 2 2 1 0.622573 0.000000 
8 5 17 0 4 3 4 2 2 4 4 1 0.594083 0.000000 
8 5 18 0 5 2 2 1 2 3 3 1 0.958961 0.000000 
8 5 19 0 3 2 2 1 0 3 3 1 0.693255 0.000000 
8 5 20 0 1 1 1 1 1 2 2 1 0.622162 0.000000 
8 5 21 1 2 1 4 2 0 3 3 1 1.008693 0.000000 
8 5 22 0 3 3 3 1 1 4 4 1 0.532915 0.000000 
8 5 23 0 2 1 1 0 0 2 3 0 0.564106 0.000000 
8 5 24 0 1 1 4 2 1 2 2 1 0.621776 0.000000 
8 5 25 0 4 0 5 2 2 1 1 1 0.633127 0.000000 
8 5 26 0 5 3 2 0 2 4 4 1 0.635964 0.000000 
8 5 27 1 0 0 3 0 1 1 1 1 0.822848 0.000000 
8 5 28 1 1 0 0 1 0 2 2 1 1.401537 0.000000 
8 5 29 0 4 0 4 2 2 1 1 1 0.654004 0.000000 
8 5 30 0 3 3 2 2 1 4 4 1 0.520084 0.000000 
8 5 31 0 3 2 5 2 0 3 3 1 0.823682 0.000000 
8 5 32 0 5 2 5 2 2 3 3 1 0.427211 0.000000 
8 5 33 0 1 1 1 1 1 2 2 1 0.726741 0.000000 
8 5 34 1 1 2 0 2 2 2 2 1 1.166328 0.000000 
8 5 35 1 2 2 1 0 1 3 3 1 0.884039 0.000000 
8 5 36 0 3 3 4 2 1 4 4 1 0.605040 0.000000 
8 5 37 0 1 0 0 0 0 1 1 1 0.640160 0.000000 
8 5 38 1 3 3 2 0 1 4 4 1 0.851121 0.000000 
8 5 39 0 2 1 1 0 0 2 3 0 0.605329 0.000000 
8 5 40 0 2 2 1 0 1 3 3 1 0.445369 0.000000 
8 5 41 1 2 1 4 2 0 3 2 0 0.983877 0.000000 
8 5 42 0 5 3 4 2 2 4 4 1 0.680979 0.000000 
8 5 43 1 1 0 0 1 0 2 2 1 1.186025 0.000000 
8 5 44 0 2 1 1 1 0 2 2 1 1.006068 0.000000 
8 5 45 0 4 1 4 2 2 2 2 1 0.530484 0.000000 
8 5 46 0 5 1 2 0 2 2 2 1 0.609913 0.000000 
8 5 47 0 1 1 5 2 1 2 2 1 0.542152 0.000000 
8 5 48 0 0 3 1 2 0 4 4 1 0.788996 0.000000 
8 5 49 1 0 0 0 1 2 1 1 1 0.985915 0.000000 
8 5 50 0 0 0 5 2 1 1 1 1 0.494861 0.000000 
8 5 51 0 3 3 3 1 1 4 4 1 0.591738 0.000000 
8 5 52 1 3 0 0 1 2 4 4 1 1.091530 0.000000 
8 5 53 1 1 1 0 0 1 2 2 1 0.916627 0.000000 
8 5 54 0 5 1 2 0 2 2 2 1 0.540231 0.000000 
8 5 55 0 2 2 2 1 1 3 3 1 0.803068 0.000000 
8 5 56 0 5 3 2 0 2 4 4 1 0.623421 0.000000 
8 5 57 0 2 1 1 1 0 2 2 1 1.090927 0.000000 
8 5 58 0 3 3 5 2 1 4 4 1 0.523952 0.000000 
8 5 59 0 2 2 2 1 1 3 3 1 0.626491 0.000000 
8 5 60 0 1 0 4 2 0 1 1 1 0.709945 0.000000 
8 5 61 1 3 3 3 1 1 4 4 1 0.670236 0.000000 
8 5 62 0 1 1 4 2 1 2 2 1 0.575763 0.000000 
8 5 63 0 0 3 3 0 0 4 4 1 0.629268 0.000000 
8 5 64 0 3 2 2 1 0 3 3 1 0.656817 0.000000 
8 5 65 0 0 3 5 2 0 4 4 1 0.634929 0.000000 
8 5 66 1 3 2 2 0 0 4 4 1 0.877904 0.000000 
8 5 67 0 3 2 2 0 0 3 3 1 1.023548 0.000000 
8 5 68 1 1 1 1 1 1 2 2 1 0.778214 0.000000 
8 5 69 0 4 3 2 0 2 4 4 1 0.607818 0.000000 
8 5 70 1 0 0 5 2 1 1 1 1 0.691989 0.000000 
8 5 71 0 0 3 3 1 0 4 4 1 0.636864 0.000000 
8 5 72 0 5 0 2 0 2 1 1 1 0.639752 0.000000 
8 5 73 1 0 0 3 0 1 1 1 1 0.642643 0.000000 
8 5 74 0 2 1 1 1 0 2 2 1 1.765536 0.000000 
8 5 75 1 0 0 4 2 1 1 1 1 0.890958 0.000000 
8 5 76 0 1 0 0 0 0 1 1 1 1.651515 0.000000 
8 5 77 0 1 1 0 0 1 2 2 1 0.678105 0.000000 
8 5 78 0 0 3 1 2 0 4 4 1 0.655631 0.000000 
8 5 79 0 2 1 1 0 0 2 2 1 0.873838 0.000000 
8 5 80 1 3 3 3 1 1 4 4 1 0.811466 0.000000 
8 5 81 0 3 2 2 1 0 3 3 1 0.823796 0.000000 
8 5 82 0 1 0 0 1 0 1 1 1 0.714384 0.000000 
8 5 83 0 4 3 2 0 2 4 4 1 0.698618 0.000000 
8 5 84 0 5 2 2 0 2 3 3 1 1.235515 0.000000 
8 5 85 0 1 1 0 0 1 2 2 1 0.694598 0.000000 
8 5 86 1 1 0 0 2 2 2 2 1 1.127499 0.000000 
8 5 87 0 4 3 3 1 2 4 4 1 0.519236 0.000000 
8 5 88 1 2 1 1 1 0 3 3 1 1.134716 0.000000 
8 5 89 1 1 0 0 0 0 2 2 1 0.772808 0.000000 
8 5 90 0 2 2 4 2 1 3 3 1 0.818420 0.000000 
8 5 91 0 4 2 2 0 2 3 3 1 0.709994 0.000000 
8 5 92 0 0 0 4 2 1 1 1 1 0.622204 0.000000 
8 5 93 0 0 3 3 1 0 4 4 1 0.513700 0.000000 
8 5 94 1 3 3 3 1 1 4 4 1 0.649884 0.000000 
8 5 95 0 1 0 0 0 0 1 1 1 1.268151 0.000000 
8 5 96 0 0 0 3 0 1 1 1 1 0.565906 0.000000 
8 5 97 0 4 3 3 1 2 4 4 1 0.539923 0.000000 
8 5 98 0 2 2 1 0 1 3 3 1 0.801228 0.000000 
8 5 99 0 4 3 4 2 2 4 4 1 0.669538 0.000000 
8 5 100 0 3 3 5 2 1 4 4 1 0.727083 0.000000 
8 5 101 1 0 3 3 2 0 1 1 1 1.366679 0.000000 
8 5 102 0 1 0 0 1 0 1 1 1 1.300456 0.000000 
8 5 103 0 2 2 2 2 1 3 3 1 0.764953 0.000000 
8 5 104 0 1 0 0 0 0 1 1 1 0.787225 0.000000 
8 5 105 0 4 3 3 1 2 4 4 1 0.511136 0.000000 
8 5 106 0 2 2 2 1 1 3 3 1 0.591271 0.000000 
8 5 107 0 4 1 2 0 2 2 2 1 0.732098 0.000000 
8 5 108 0 5 0 0 1 2 1 1 1 0.875724 0.000000 
8 5 109 0 1 0 4 2 0 1 1 1 0.725336 0.000000 
8 5 110 0 5 2 2 0 2 3 3 1 0.820925 0.000000 
8 5 111 0 4 3 2 0 2 4 4 1 0.496535 0.000000 
8 5 112 0 5 1 3 2 2 2 2 1 0.609323 0.000000 
8 5 113 0 4 2 4 2 2 3 3 1 0.772516 0.000000 
8 5 114 0 5 2 5 2 2 3 3 1 0.778112 0.000000 
8 5 115 0 4 3 3 2 2 4 4 1 0.503714 0.000000 
8 5 116 0 1 1 4 2 1 2 2 1 0.687862 0.000000 
8 5 117 0 3 2 4 2 0 3 3 1 0.768769 0.000000 
8 5 118 0 3 2 2 1 0 3 3 1 0.542304 0.000000 
8 5 119 0 3 3 3 1 1 4 4 1 0.645163 0.000000 
8 5 120 0 1 0 0 0 0 1 1 1 0.848037 0.000000 
8 5 121 1 0 3 4 2 0 1 1 1 1.097962 0.000000 
8 5 122 0 2 1 1 1 0 2 3 0 0.795027 0.000000 
8 5 123 1 0 0 0 1 1 1 1 1 0.923777 0.000000 
8 5 124 0 0 3 3 2 0 4 4 1 0.651140 0.000000 
8 5 125 0 4 1 1 1 2 2 3 0 1.069392 0.000000 
8 5 126 0 0 0 3 0 1 1 1 1 0.698891 0.000000 
8 5 127 0 0 0 5 2 1 1 1 1 0.667508 0.000000 
8 5 128 0 5 0 2 0 2 1 1 1 0.812033 0.000000 
8 5 129 0 4 2 4 2 2 3 3 1 0.488337 0.000000 
8 5 130 1 1 1 1 1 1 2 2 1 0.729121 0.000000 
8 5 131 1 2 1 1 1 2 3 3 1 0.856679 0.000000 
8 5 132 0 5 2 2 0 2 3 3 1 0.675018 0.000000 
8 5 133 0 0 3 5 2 0 4 4 1 0.812587 0.000000 
8 5 134 0 5 1 1 1 2 2 2 1 1.048866 0.000000 
8 5 135 1 2 2 1 0 1 3 3 1 0.714858 0.000000 
8 5 136 0 5 0 0 1 2 1 1 1 0.691092 0.000000 
8 5 137 0 4 1 4 2 2 2 2 1 0.827984 0.000000 
8 5 138 1 0 3 4 2 0 1 1 1 1.543647 0.000000 
8 5 139 0 1 0 0 0 0 1 1 1 1.086887 0.000000 
8 5 140 0 5 2 2 1 2 3 3 1 0.735923 0.000000 
8 5 141 0 2 2 1 0 1 3 3 1 0.614798 0.000000 
8 5 142 1 1 0 0 0 0 2 2 1 1.090057 0.000000 
8 5 143 0 0 0 0 1 1 1 1 1 0.563032 0.000000 
8 5 144 0 0 3 4 2 0 4 4 1 0.601223 0.000000 
8 5 145 0 2 2 5 2 1 3 3 1 0.685423 0.000000 
8 5 146 0 5 0 4 2 2 1 1 1 1.414338 0.000000 
8 5 147 0 4 0 4 2 2 1 1 1 0.570820 0.000000 
8 5 148 1 3 2 2 0 0 4 4 1 0.848301 0.000000 
8 5 149 0 0 0 0 1 1 1 1 1 0.771283 0.000000 
8 5 150 0 1 0 0 1 0 1 1 1 0.607898 0.000000 
8 5 151 1 1 1 1 1 1 2 2 1 0.764055 0.000000 
8 5 152 0 5 3 3 1 2 4 4 1 0.498317 0.000000 
8 5 153 1 0 1 1 1 2 1 1 1 0.899135 0.000000 
8 5 154 0 0 0 5 2 1 1 1 1 0.571926 0.000000 
8 5 155 0 4 3 4 2 2 4 4 1 0.592951 0.000000 
8 5 156 0 0 0 3 0 1 1 1 1 0.565813 0.000000 
8 5 157 1 2 2 1 0 1 3 3 1 1.090969 0.000000 
8 5 158 1 1 1 5 2 2 2 2 1 0.635999 0.000000 
8 5 159 0 4 0 2 0 2 1 1 1 0.750897 0.000000 
8 5 160 0 1 0 0 0 0 1 1 1 0.949145 0.000000 
8 5 161 1 0 3 3 2 2 1 1 1 0.835983 0.000000 
8 5 162 0 3 2 2 0 0 3 3 1 0.710423 0.000000 
8 5 163 1 3 2 2 1 0 4 4 1 0.862667 0.000000 
8 5 164 0 2 1 5 2 0 2 2 1 0.912925 0.000000 
8 5 165 0 4 1 1 1 2 2 2 1 0.688319 0.000000 
8 5 166 0 5 3 2 0 2 4 4 1 0.697112 0.000000 
8 5 167 1 3 3 5 2 1 4 4 1 0.609843 0.000000 
8 5 168 1 3 0 0 1 2 4 4 1 0.934225 0.000000 
8 5 169 0 0 0 3 0 1 1 1 1 0.669231 0.000000 
8 5 170 0 5 2 4 2 2 3 3 1 0.742783 0.000000 
8 5 171 0 3 2 2 0 0 3 3 1 0.605659 0.000000 
8 5 172 0 0 0 3 0 1 1 1 1 0.537874 0.000000 
8 5 173 0 1 1 4 2 1 2 2 1 0.632733 0.000000 
8 5 174 0 5 1 2 0 2 2 2 1 0.731084 0.000000 
8 5 175 0 4 2 4 2 2 3 3 1 0.450150 0.000000 
8 5 176 1 0 0 4 2 1 1 1 1 0.932266 0.000000 
8 5 177 1 1 0 0 1 0 2 2 1 0.907900 0.000000 
8 5 178 1 1 2 0 0 2 2 2 1 1.084250 0.000000 
8 5 179 0 2 1 4 2 0 2 2 1 1.029298 0.000000 
8 5 180 1 3 1 1 1 2 4 4 1 0.888048 0.000000 
8 5 181 0 4 3 3 1 2 4 4 1 0.521967 0.000000 
8 5 182 0 3 3 2 0 1 4 4 1 0.520451 0.000000 
8 5 183 1 2 2 4 2 2 3 3 1 0.983941 0.000000 
8 5 184 0 3 2 2 1 0 3 4 0 0.588967 0.000000 
8 5 185 0 0 3 4 2 0 4 4 1 0.477839 0.000000 
8 5 186 0 5 3 3 1 2 4 4 1 0.478822 0.000000 
8 5 187 0 2 1 4 2 0 2 2 1 1.168299 0.000000 
8 5 188 0 2 1 1 1 0 2 2 1 0.461988 0.000000 
8 5 189 1 3 3 3 1 1 4 4 1 0.935134 0.000000 
8 5 190 1 1 3 0 0 2 2 2 1 0.958157 0.000000 
8 5 191 0 3 3 2 0 1 4 4 1 0.500479 0.000000 
8 5 192 0 3 2 2 1 0 3 3 1 1.692695 0.000000 
8 6 1 0 3 3 1 2 1 4 4 1 1.108894 0.000000 
8 6 2 0 1 2 2 0 0 3 3 1 0.852778 0.000000 
8 6 3 0 3 0 0 0 0 1 1 1 0.903037 0.000000 
8 6 4 0 5 1 1 1 2 2 2 1 0.639346 0.000000 
8 6 5 0 4 2 5 2 2 3 3 1 0.618211 0.000000 
8 6 6 0 1 1 2 0 1 2 2 1 0.804839 0.000000 
8 6 7 0 4 0 0 1 2 1 1 1 0.705004 0.000000 
8 6 8 1 3 0 5 2 2 4 4 1 0.897276 0.000000 
8 6 9 0 0 0 1 0 1 1 1 1 0.650256 0.000000 
8 6 10 0 1 1 1 1 1 2 2 1 0.620407 0.000000 
8 6 11 0 3 3 0 0 1 4 4 1 0.552000 0.000000 
8 6 12 1 3 1 4 2 2 4 4 1 1.070161 0.000000 
8 6 13 0 2 3 3 1 0 4 4 1 0.623862 0.000000 
8 6 14 0 0 1 4 2 0 2 2 1 0.794460 0.000000 
8 6 15 0 1 1 1 1 1 2 2 1 0.663294 0.000000 
8 6 16 0 5 3 4 2 2 4 4 1 0.553817 0.000000 
8 6 17 1 3 0 0 1 0 4 4 1 1.327741 0.000000 
8 6 18 1 0 1 4 2 0 1 1 1 1.063527 0.000000 
8 6 19 0 3 0 5 2 0 1 1 1 1.337941 0.000000 
8 6 20 1 3 0 0 1 0 4 4 1 0.840974 0.000000 
8 6 21 1 3 3 3 1 1 4 4 1 0.787939 0.000000 
8 6 22 0 3 3 3 1 1 4 4 1 0.639938 0.000000 
8 6 23 0 3 3 3 1 1 4 4 1 0.594817 0.000000 
8 6 24 0 5 3 0 0 2 4 4 1 0.655693 0.000000 
8 6 25 0 0 1 5 2 0 2 2 1 0.929848 0.000000 
8 6 26 1 0 0 1 0 1 1 1 1 0.905472 0.000000 
8 6 27 0 2 2 3 0 1 3 3 1 0.745835 0.000000 
8 6 28 0 5 0 0 1 2 1 1 1 0.936776 0.000000 
8 6 29 1 0 0 4 2 2 1 1 1 0.750757 0.000000 
8 6 30 0 2 2 4 2 1 3 3 1 0.548952 0.000000 
8 6 31 1 2 2 2 1 1 3 3 1 0.699796 0.000000 
8 6 32 0 2 3 3 0 0 4 4 1 0.675994 0.000000 
8 6 33 0 3 3 0 0 1 4 4 1 0.485614 0.000000 
8 6 34 0 2 3 3 0 0 4 4 1 0.654357 0.000000 
8 6 35 0 3 0 5 2 0 1 1 1 0.792640 0.000000 
8 6 36 0 3 0 0 0 0 1 1 1 0.493556 0.000000 
8 6 37 1 0 0 0 1 1 1 1 1 0.662374 0.000000 
8 6 38 1 2 2 4 2 1 3 3 1 1.007584 0.000000 
8 6 39 1 2 0 0 1 2 3 1 0 0.675914 0.000000 
8 6 40 0 2 2 2 1 1 3 3 1 0.625538 0.000000 
8 6 41 1 0 0 1 0 2 1 1 1 0.724488 0.000000 
8 6 42 0 5 0 0 0 2 1 1 1 0.732149 0.000000 
8 6 43 1 1 2 2 0 0 2 2 1 1.587754 0.000000 
8 6 44 0 5 2 4 2 2 3 3 1 1.080008 0.000000 
8 6 45 0 4 1 1 1 2 2 2 1 0.745624 0.000000 
8 6 46 0 0 0 0 1 1 1 1 1 0.680548 0.000000 
8 6 47 0 0 0 0 1 1 1 1 1 0.426133 0.000000 
8 6 48 1 3 1 1 1 2 4 4 1 0.749574 0.000000 
8 6 49 0 0 0 4 2 1 1 1 1 0.580088 0.000000 
8 6 50 0 3 0 0 0 0 1 1 1 0.537352 0.000000 
8 6 51 0 4 1 4 2 2 2 2 1 0.608187 0.000000 
8 6 52 0 3 3 3 1 1 4 4 1 0.635411 0.000000 
8 6 53 0 4 0 0 0 2 1 1 1 0.630186 0.000000 
8 6 54 1 1 3 3 1 2 2 2 1 0.865765 0.000000 
8 6 55 1 1 2 2 0 0 2 2 1 0.699898 0.000000 
8 6 56 1 3 1 2 2 2 4 4 1 1.044156 0.000000 
8 6 57 0 2 3 4 2 0 4 4 1 0.670592 0.000000 
8 6 58 0 0 1 5 2 0 2 1 0 0.544215 0.000000 
8 6 59 0 4 2 4 2 2 3 3 1 0.691037 0.000000 
8 6 60 0 5 0 0 0 2 1 3 0 0.547466 0.000000 
8 6 61 0 1 2 2 1 0 3 2 0 1.109376 0.000000 
8 6 62 0 5 0 0 0 2 1 1 1 0.569037 0.000000 
8 6 63 0 0 0 0 1 1 1 1 1 0.454309 0.000000 
8 6 64 0 5 2 4 2 2 3 3 1 0.680444 0.000000 
8 6 65 0 4 3 0 0 2 4 4 1 0.577962 0.000000 
8 6 66 0 2 3 3 1 0 4 4 1 0.455467 0.000000 
8 6 67 0 2 2 2 1 1 3 3 1 0.793576 0.000000 
8 6 68 1 0 0 5 2 1 1 1 1 1.341578 0.000000 
8 6 69 1 2 2 3 0 1 3 3 1 0.812665 0.000000 
8 6 70 0 1 1 2 0 1 2 2 1 0.640964 0.000000 
8 6 71 0 4 2 0 0 2 3 3 1 0.675798 0.000000 
8 6 72 0 1 1 5 2 1 2 3 0 0.517415 0.000000 
8 6 73 0 4 3 3 2 2 4 4 1 0.520938 0.000000 
8 6 74 0 5 2 2 1 2 3 3 1 0.831930 0.000000 
8 6 75 0 0 1 1 1 0 2 2 1 0.922542 0.000000 
8 6 76 1 1 1 1 1 1 2 2 1 0.706155 0.000000 
8 6 77 1 3 0 4 2 0 4 4 1 0.802422 0.000000 
8 6 78 0 5 2 0 0 2 3 3 1 0.702699 0.000000 
8 6 79 0 2 2 2 1 1 3 3 1 0.542904 0.000000 
8 6 80 0 5 2 5 2 2 3 3 1 0.525749 0.000000 
8 6 81 0 1 2 4 2 0 3 3 1 0.605235 0.000000 
8 6 82 0 2 3 3 0 0 4 4 1 0.609417 0.000000 
8 6 83 0 0 1 1 0 0 2 2 1 0.845640 0.000000 
8 6 84 0 0 1 1 1 0 2 2 1 0.471515 0.000000 
8 6 85 1 2 3 4 2 0 3 3 1 0.913042 0.000000 
8 6 86 1 1 0 4 2 2 2 2 1 0.849344 0.000000 
8 6 87 0 2 3 3 0 0 4 4 1 0.708163 0.000000 
8 6 88 0 1 1 1 1 1 2 2 1 0.947836 0.000000 
8 6 89 1 3 3 0 0 1 4 4 1 0.818858 0.000000 
8 6 90 0 2 3 3 1 0 4 4 1 0.534417 0.000000 
8 6 91 0 0 0 0 1 1 1 1 1 1.028342 0.000000 
8 6 92 1 0 1 4 2 0 1 1 1 1.000005 0.000000 
8 6 93 1 3 0 3 2 0 4 4 1 0.836363 0.000000 
8 6 94 1 3 0 0 1 0 4 4 1 0.655289 0.000000 
8 6 95 0 4 3 4 2 2 4 4 1 0.585537 0.000000 
8 6 96 0 3 0 0 1 0 1 1 1 1.166399 0.000000 
8 6 97 0 0 1 1 1 0 2 2 1 0.820137 0.000000 
8 6 98 0 5 0 4 2 2 1 1 1 0.711745 0.000000 
8 6 99 0 2 2 5 2 1 3 3 1 0.814951 0.000000 
8 6 100 0 5 1 1 1 2 2 2 1 0.643239 0.000000 
8 6 101 0 0 0 0 1 1 1 1 1 0.670116 0.000000 
8 6 102 0 5 0 0 1 2 1 1 1 0.511630 0.000000 
8 6 103 0 4 0 4 2 2 1 1 1 0.527807 0.000000 
8 6 104 1 3 2 0 0 2 4 3 0 1.079295 0.000000 
8 6 105 0 2 3 3 1 0 4 4 1 0.492783 0.000000 
8 6 106 0 5 2 0 0 2 3 3 1 0.852415 0.000000 
8 6 107 0 4 2 2 1 2 3 3 1 1.262690 0.000000 
8 6 108 0 3 0 0 1 0 1 1 1 1.321124 0.000000 
8 6 109 1 3 3 0 0 1 4 4 1 1.136900 0.000000 
8 6 110 0 1 1 2 0 1 2 2 1 0.671944 0.000000 
8 6 111 0 1 2 5 2 0 3 3 1 0.697537 0.000000 
8 6 112 0 2 3 3 0 0 4 4 1 0.890445 0.000000 
8 6 113 0 4 0 4 2 2 1 1 1 0.674436 0.000000 
8 6 114 1 3 3 5 2 1 4 4 1 0.891949 0.000000 
8 6 115 1 0 0 0 1 1 1 1 1 0.612885 0.000000 
8 6 116 1 3 2 0 0 2 4 4 1 1.393131 0.000000 
8 6 117 1 2 3 5 2 0 3 3 1 1.102287 0.000000 
8 6 118 0 3 0 0 1 0 1 1 1 1.030708 0.000000 
8 6 119 0 4 0 0 0 2 1 1 1 0.474354 0.000000 
8 6 120 0 5 2 0 0 2 3 3 1 0.658881 0.000000 
8 6 121 0 1 2 2 1 0 3 3 1 0.516987 0.000000 
8 6 122 0 5 1 1 1 2 2 2 1 0.636561 0.000000 
8 6 123 0 0 0 1 0 1 1 1 1 0.655445 0.000000 
8 6 124 0 5 2 0 0 2 3 3 1 0.737648 0.000000 
8 6 125 1 2 3 3 0 0 3 3 1 0.688533 0.000000 
8 6 126 0 2 3 3 0 0 4 4 1 0.577440 0.000000 
8 6 127 0 2 3 4 2 0 4 4 1 0.566938 0.000000 
8 6 128 0 1 2 4 2 0 3 3 1 0.860468 0.000000 
8 6 129 0 2 2 3 0 1 3 3 1 0.565707 0.000000 
8 6 130 0 3 3 0 0 1 4 4 1 0.611925 0.000000 
8 6 131 1 1 2 2 0 0 2 2 1 0.832100 0.000000 
8 6 132 1 0 0 5 2 1 1 1 1 0.611737 0.000000 
8 6 133 0 4 1 4 2 2 2 2 1 0.655922 0.000000 
8 6 134 0 5 3 3 1 2 4 4 1 0.586086 0.000000 
8 6 135 0 4 0 0 1 2 1 1 1 0.694965 0.000000 
8 6 136 0 2 3 5 2 0 4 4 1 0.606897 0.000000 
8 6 137 1 1 1 1 1 1 2 2 1 0.722981 0.000000 
8 6 138 0 0 0 1 0 1 1 1 1 0.666639 0.000000 
8 6 139 1 2 3 3 1 0 3 3 1 0.756168 0.000000 
8 6 140 1 0 1 1 0 0 1 1 1 1.314447 0.000000 
8 6 141 0 0 0 1 0 1 1 1 1 0.858907 0.000000 
8 6 142 0 5 3 3 1 2 4 4 1 0.525198 0.000000 
8 6 143 0 4 1 0 0 2 2 2 1 0.716701 0.000000 
8 6 144 0 2 3 4 2 0 4 4 1 0.596249 0.000000 
8 6 145 0 3 3 3 1 1 4 4 1 0.656074 0.000000 
8 6 146 0 5 0 5 2 2 1 1 1 1.106314 0.000000 
8 6 147 0 1 1 2 0 1 2 2 1 0.690718 0.000000 
8 6 148 0 0 1 1 0 0 2 2 1 0.523609 0.000000 
8 6 149 0 4 2 0 2 2 3 3 1 0.627076 0.000000 
8 6 150 1 1 2 2 0 2 2 2 1 0.734652 0.000000 
8 6 151 0 4 1 1 1 2 2 2 1 0.997557 0.000000 
8 6 152 0 2 2 4 2 1 3 3 1 0.698478 0.000000 
8 6 153 0 3 3 0 0 1 4 4 1 0.474450 0.000000 
8 6 154 1 0 1 1 1 0 1 1 1 0.619898 0.000000 
8 6 155 1 3 0 0 0 0 4 4 1 0.711419 0.000000 
8 6 156 0 5 1 4 2 2 2 2 1 0.695680 0.000000 
8 6 157 0 3 3 4 2 1 4 4 1 0.536558 0.000000 
8 6 158 0 1 2 2 0 0 3 3 1 0.479394 0.000000 
8 6 159 0 4 1 0 0 2 2 2 1 0.928917 0.000000 
8 6 160 0 3 3 5 2 1 4 4 1 0.495398 0.000000 
8 6 161 0 3 3 0 0 1 4 4 1 0.543651 0.000000 
8 6 162 0 1 1 5 2 1 2 2 1 0.702491 0.000000 
8 6 163 0 0 0 1 0 1 1 1 1 0.654743 0.000000 
8 6 164 0 1 1 1 1 1 2 3 0 0.616848 0.000000 
8 6 165 0 1 2 5 2 0 3 3 1 0.608512 0.000000 
8 6 166 0 5 2 0 0 2 3 3 1 0.484214 0.000000 
8 6 167 0 4 0 5 2 2 1 1 1 0.724971 0.000000 
8 6 168 1 1 2 5 2 0 2 2 1 0.956606 0.000000 
8 6 169 0 1 1 5 2 1 2 2 1 0.769916 0.000000 
8 6 170 0 1 1 2 0 1 2 2 1 0.687502 0.000000 
8 6 171 0 4 2 2 1 2 3 3 1 0.816416 0.000000 
8 6 172 0 0 1 1 0 0 2 2 1 1.028034 0.000000 
8 6 173 1 0 3 4 2 2 1 1 1 1.271703 0.000000 
8 6 174 0 1 2 2 1 0 3 3 1 0.913501 0.000000 
8 6 175 0 4 0 0 0 2 1 1 1 1.520893 0.000000 
8 6 176 1 3 0 4 2 0 4 4 1 0.848686 0.000000 
8 6 177 0 0 0 0 1 1 1 1 1 0.603656 0.000000 
8 6 178 0 3 0 4 2 0 1 1 1 0.703794 0.000000 
8 6 179 0 0 0 0 1 1 1 1 1 0.496020 0.000000 
8 6 180 0 5 1 1 1 2 2 2 1 0.736888 0.000000 
8 6 181 1 0 1 1 1 0 1 1 1 0.871772 0.000000 
8 6 182 0 5 2 2 1 2 3 3 1 0.665438 0.000000 
8 6 183 0 0 0 0 1 1 1 1 1 0.522649 0.000000 
8 6 184 0 0 0 1 0 1 1 1 1 0.554122 0.000000 
8 6 185 0 2 3 4 2 0 4 4 1 0.640295 0.000000 
8 6 186 0 5 2 4 2 2 3 3 1 0.763158 0.000000 
8 6 187 0 1 1 5 2 1 2 2 1 0.561444 0.000000 
8 6 188 0 3 3 0 0 1 4 4 1 0.519585 0.000000 
8 6 189 0 0 1 5 2 0 2 1 0 0.574982 0.000000 
8 6 190 0 2 2 2 1 1 3 3 1 0.600373 0.000000 
8 6 191 1 3 0 0 0 0 4 4 1 0.787331 0.000000 
8 6 192 0 5 3 4 2 2 4 4 1 0.576346 0.000000 
