4 1 1 0 0 1 1 1 0 2 2 1 2.811035 0.000000 
4 1 2 0 5 1 0 2 2 2 2 1 2.023591 0.000000 
4 1 3 0 0 1 1 1 0 2 2 1 0.587142 0.000000 
4 1 4 0 2 3 3 0 0 4 4 1 0.623980 0.000000 
4 1 5 0 1 2 2 0 0 3 3 1 0.619523 0.000000 
4 1 6 0 1 1 2 0 1 2 2 1 0.862996 0.000000 
4 1 7 0 0 1 4 2 0 2 2 1 0.881362 0.000000 
4 1 8 0 3 0 0 0 0 1 1 1 0.762068 0.000000 
4 1 9 0 4 1 1 1 2 2 2 1 0.736040 0.000000 
4 1 10 1 0 0 0 1 1 1 1 1 1.590507 0.000000 
4 1 11 0 4 0 0 0 2 1 1 1 0.611713 0.000000 
4 1 12 0 2 3 3 0 0 4 4 1 0.679890 0.000000 
4 1 13 1 1 1 2 0 1 2 2 1 0.841454 0.000000 
4 1 14 0 3 0 0 0 0 1 1 1 0.660412 0.000000 
4 1 15 1 3 3 4 2 1 4 4 1 0.790617 0.000000 
4 1 16 0 1 1 2 0 1 2 2 1 0.882555 0.000000 
4 1 17 0 1 1 4 2 1 2 2 1 0.572029 0.000000 
4 1 18 0 3 0 0 1 0 1 1 1 0.632994 0.000000 
4 1 19 0 0 1 1 0 0 2 2 1 0.668149 0.000000 
4 1 20 0 5 2 4 2 2 3 3 1 0.893496 0.000000 
4 1 21 0 2 2 3 0 1 3 3 1 0.806419 0.000000 
4 1 22 0 5 1 0 0 2 2 2 1 0.746718 0.000000 
4 1 23 1 1 1 2 0 1 2 2 1 1.329625 0.000000 
4 1 24 1 0 0 1 0 1 1 1 1 1.416454 0.000000 
4 1 25 0 4 1 0 0 2 2 2 1 0.876299 0.000000 
4 1 26 0 5 1 1 1 2 2 2 1 0.789951 0.000000 
4 1 27 1 2 3 5 2 2 3 3 1 1.466853 0.000000 
4 1 28 1 1 2 2 0 0 2 2 1 1.740748 0.000000 
4 1 29 0 3 0 0 1 0 1 1 1 0.699932 0.000000 
4 1 30 1 3 3 0 0 1 4 3 0 1.043293 0.000000 
4 1 31 0 2 2 3 0 1 3 3 1 0.826328 0.000000 
4 1 32 0 0 0 0 1 1 1 1 1 0.605411 0.000000 
4 1 33 0 1 1 1 1 1 2 2 1 0.633643 0.000000 
4 1 34 0 5 3 3 1 2 4 4 1 0.652513 0.000000 
4 1 35 0 0 0 4 2 1 1 1 1 0.886720 0.000000 
4 1 36 0 0 1 1 1 0 2 2 1 0.687704 0.000000 
4 1 37 1 1 1 2 0 1 2 2 1 0.855674 0.000000 
4 1 38 0 1 2 2 1 0 3 3 1 1.545893 0.000000 
4 1 39 1 2 3 3 1 2 3 3 1 1.513084 0.000000 
4 1 40 0 3 0 0 1 0 1 1 1 0.785662 0.000000 
4 1 41 0 1 2 4 2 0 3 3 1 0.790606 0.000000 
4 1 42 0 0 1 1 0 0 2 2 1 0.659556 0.000000 
4 1 43 0 2 3 3 0 0 4 4 1 1.549784 0.000000 
4 1 44 0 5 3 4 2 2 4 4 1 0.619386 0.000000 
4 1 45 1 3 3 4 2 1 4 4 1 1.422873 0.000000 
4 1 46 0 1 2 2 0 0 3 3 1 1.754771 0.000000 
4 1 47 1 3 3 0 0 1 4 4 1 1.345370 0.000000 
4 1 48 1 3 1 4 2 2 4 4 1 1.480543 0.000000 
4 1 49 0 3 0 0 0 0 1 1 1 0.786386 0.000000 
4 1 50 0 0 1 1 1 0 2 2 1 0.775340 0.000000 
4 1 51 1 3 3 0 0 1 4 4 1 0.755863 0.000000 
4 1 52 1 3 2 2 1 2 4 4 1 1.498174 0.000000 
4 1 53 0 0 0 1 0 1 1 1 1 1.107423 0.000000 
4 1 54 0 1 1 1 1 1 2 2 1 0.555764 0.000000 
4 1 55 0 1 2 2 1 0 3 3 1 1.041976 0.000000 
4 1 56 0 5 1 4 2 2 2 2 1 0.836986 0.000000 
4 1 57 0 2 3 3 0 0 4 4 1 0.759884 0.000000 
4 1 58 0 1 2 4 2 0 3 2 0 0.877171 0.000000 
4 1 59 1 2 3 3 0 0 3 3 1 1.314864 0.000000 
4 1 60 0 1 2 5 2 0 3 3 1 1.090832 0.000000 
4 1 61 0 0 0 4 2 1 1 1 1 0.643892 0.000000 
4 1 62 0 0 0 1 0 1 1 1 1 0.582762 0.000000 
4 1 63 1 3 3 3 1 1 4 4 1 1.380115 0.000000 
4 1 64 1 2 3 3 0 0 3 4 0 0.720515 0.000000 
4 1 65 0 3 3 0 0 1 4 4 1 0.732001 0.000000 
4 1 66 0 5 3 0 0 2 4 4 1 0.683125 0.000000 
4 1 67 0 4 2 0 2 2 3 3 1 0.892003 0.000000 
4 1 68 1 3 3 5 2 2 4 4 1 1.252989 0.000000 
4 1 69 1 3 3 3 1 1 4 4 1 0.975429 0.000000 
4 1 70 0 3 0 0 1 0 1 1 1 0.853051 0.000000 
4 1 71 0 3 0 0 0 0 1 1 1 0.647374 0.000000 
4 1 72 0 0 0 4 2 1 1 1 1 0.730280 0.000000 
4 1 73 0 3 3 5 2 1 4 4 1 0.680838 0.000000 
4 1 74 0 2 3 3 1 0 4 4 1 0.730344 0.000000 
4 1 75 0 1 1 2 0 1 2 1 0 0.657965 0.000000 
4 1 76 1 1 2 2 0 0 2 2 1 1.296230 0.000000 
4 1 77 0 4 2 2 1 2 3 3 1 0.840868 0.000000 
4 1 78 0 5 1 0 2 2 2 2 1 0.931831 0.000000 
4 1 79 0 4 1 1 1 2 2 2 1 0.642530 0.000000 
4 1 80 0 3 0 5 2 0 1 1 1 0.917359 0.000000 
4 1 81 0 0 0 0 1 1 1 1 1 0.668989 0.000000 
4 1 82 0 3 0 4 2 0 1 1 1 1.174531 0.000000 
4 1 83 0 4 3 4 2 2 4 4 1 2.092336 0.000000 
4 1 84 0 2 2 4 2 1 3 3 1 0.709706 0.000000 
4 1 85 0 2 2 5 2 1 3 3 1 0.757948 0.000000 
4 1 86 0 0 1 5 2 0 2 2 1 0.780224 0.000000 
4 1 87 1 2 1 0 2 2 3 3 1 1.608773 0.000000 
4 1 88 0 5 0 0 1 2 1 1 1 0.925420 0.000000 
4 1 89 1 0 3 4 2 2 1 1 1 1.725046 0.000000 
4 1 90 0 3 0 0 0 0 1 1 1 1.973038 0.000000 
4 1 91 0 2 2 4 2 1 3 3 1 0.747034 0.000000 
4 1 92 1 2 3 3 0 0 3 3 1 1.329050 0.000000 
4 1 93 0 0 0 1 0 1 1 1 1 0.776855 0.000000 
4 1 94 1 1 0 0 1 2 2 2 1 1.262430 0.000000 
4 1 95 1 2 2 3 0 1 3 3 1 0.880864 0.000000 
4 1 96 1 2 2 4 2 1 3 3 1 1.538517 0.000000 
4 1 97 0 2 2 4 2 1 3 3 1 1.281755 0.000000 
4 1 98 1 2 2 3 0 1 3 3 1 1.347540 0.000000 
4 1 99 0 4 2 2 1 2 3 3 1 0.634717 0.000000 
4 1 100 0 5 0 0 1 2 1 1 1 0.956597 0.000000 
4 1 101 0 2 2 3 0 1 3 3 1 1.026892 0.000000 
4 1 102 0 0 1 4 2 0 2 2 1 1.462635 0.000000 
4 1 103 0 2 2 4 2 1 3 3 1 0.777119 0.000000 
4 1 104 0 1 2 2 0 0 3 3 1 0.646709 0.000000 
4 1 105 0 0 0 0 1 1 1 1 1 0.657502 0.000000 
4 1 106 0 0 1 0 2 0 2 2 1 0.747800 0.000000 
4 1 107 0 4 1 0 0 2 2 2 1 0.665714 0.000000 
4 1 108 1 0 0 1 0 1 1 1 1 1.123938 0.000000 
4 1 109 1 3 0 0 1 0 4 1 0 1.435628 0.000000 
4 1 110 0 1 2 2 1 0 3 3 1 0.674868 0.000000 
4 1 111 0 4 2 0 0 2 3 3 1 0.771956 0.000000 
4 1 112 0 0 0 4 2 1 1 1 1 1.800657 0.000000 
4 1 113 0 1 2 4 2 0 3 3 1 0.757177 0.000000 
4 1 114 1 2 3 5 2 0 3 3 1 1.403442 0.000000 
4 1 115 1 2 2 2 1 1 3 3 1 1.047944 0.000000 
4 1 116 0 3 3 0 0 1 4 1 0 1.907044 0.000000 
4 1 117 0 4 0 0 1 2 1 1 1 0.631744 0.000000 
4 1 118 0 5 1 1 1 2 2 2 1 0.714795 0.000000 
4 1 119 0 0 1 1 1 0 2 2 1 0.650063 0.000000 
4 1 120 0 2 3 0 2 0 4 4 1 0.820192 0.000000 
4 1 121 1 0 2 1 0 2 1 1 1 1.879840 0.000000 
4 1 122 0 5 0 4 2 2 1 1 1 0.881867 0.000000 
4 1 123 0 4 2 2 1 2 3 3 1 0.643545 0.000000 
4 1 124 0 5 0 0 2 2 1 1 1 1.022400 0.000000 
4 1 125 1 3 3 4 2 1 4 4 1 1.466053 0.000000 
4 1 126 1 1 3 4 2 2 2 2 1 1.779001 0.000000 
4 1 127 0 4 3 0 2 2 4 4 1 0.688938 0.000000 
4 1 128 0 3 0 0 1 0 1 1 1 0.857832 0.000000 
4 1 129 1 0 0 4 2 1 1 1 1 0.740017 0.000000 
4 1 130 0 5 2 0 0 2 3 3 1 1.218969 0.000000 
4 1 131 0 3 3 0 0 1 4 4 1 0.670783 0.000000 
4 1 132 0 5 1 5 2 2 2 2 1 0.872361 0.000000 
4 1 133 0 2 3 3 1 0 4 4 1 0.777918 0.000000 
4 1 134 0 5 3 0 0 2 4 4 1 0.710524 0.000000 
4 1 135 0 1 2 2 0 0 3 3 1 1.678806 0.000000 
4 1 136 0 5 3 4 2 2 4 4 1 0.520720 0.000000 
4 1 137 1 3 3 4 2 1 4 4 1 1.816285 0.000000 
4 1 138 0 5 2 0 0 2 3 3 1 1.860306 0.000000 
4 1 139 0 2 2 3 0 1 3 3 1 0.726904 0.000000 
4 1 140 0 5 1 0 0 2 2 2 1 0.685507 0.000000 
4 1 141 0 4 2 0 2 2 3 3 1 0.782425 0.000000 
4 1 142 0 5 1 0 2 2 2 2 1 0.803951 0.000000 
4 1 143 0 1 2 2 0 0 3 3 1 1.136308 0.000000 
4 1 144 0 2 2 2 1 1 3 3 1 0.527309 0.000000 
4 1 145 0 2 3 3 1 0 4 4 1 0.654781 0.000000 
4 1 146 1 1 0 2 0 2 2 2 1 1.433083 0.000000 
4 1 147 0 4 2 2 1 2 3 3 1 0.675304 0.000000 
4 1 148 1 0 1 1 1 0 1 1 1 1.716868 0.000000 
4 1 149 0 0 0 5 2 1 1 3 0 1.204805 0.000000 
4 1 150 0 1 1 1 1 1 2 2 1 0.853243 0.000000 
4 1 151 0 3 3 5 2 1 4 4 1 0.799057 0.000000 
4 1 152 0 5 0 0 1 2 1 1 1 0.995877 0.000000 
4 1 153 1 3 0 4 2 0 4 4 1 1.368999 0.000000 
4 1 154 0 2 3 3 1 0 4 4 1 0.662823 0.000000 
4 1 155 0 4 2 0 0 2 3 3 1 1.728030 0.000000 
4 1 156 0 2 3 3 1 0 4 4 1 0.776006 0.000000 
4 1 157 0 3 3 3 1 1 4 4 1 0.645595 0.000000 
4 1 158 0 5 1 4 2 2 2 2 1 0.912452 0.000000 
4 1 159 0 2 3 3 1 0 4 4 1 0.600725 0.000000 
4 1 160 0 5 3 0 0 2 4 4 1 0.532992 0.000000 
4 1 161 0 4 3 3 1 2 4 4 1 0.420045 0.000000 
4 1 162 0 5 3 4 2 2 4 4 1 0.535273 0.000000 
4 1 163 1 2 3 4 2 2 3 3 1 1.237102 0.000000 
4 1 164 0 1 2 2 1 0 3 3 1 1.504254 0.000000 
4 1 165 1 0 2 2 1 2 1 1 1 1.352733 0.000000 
4 1 166 0 0 0 1 0 1 1 1 1 0.847272 0.000000 
4 1 167 1 1 2 2 1 0 2 2 1 1.178218 0.000000 
4 1 168 0 5 2 0 0 2 3 2 0 1.040011 0.000000 
4 1 169 0 0 0 0 1 1 1 1 1 0.685781 0.000000 
4 1 170 1 2 3 3 1 0 3 3 1 1.246428 0.000000 
4 1 171 0 2 3 3 0 0 4 4 1 1.169568 0.000000 
4 1 172 0 0 0 0 2 1 1 1 1 0.863327 0.000000 
4 1 173 0 3 0 0 1 0 1 4 0 1.889626 0.000000 
4 1 174 0 0 0 1 0 1 1 1 1 0.950995 0.000000 
4 1 175 0 3 3 4 2 1 4 4 1 0.643808 0.000000 
4 1 176 0 3 0 0 0 0 1 1 1 0.758715 0.000000 
4 1 177 1 0 2 2 1 2 1 1 1 1.316978 0.000000 
4 1 178 0 5 3 5 2 2 4 4 1 0.788738 0.000000 
4 1 179 0 1 1 1 1 1 2 2 1 0.745658 0.000000 
4 1 180 0 5 1 5 2 2 2 2 1 0.688573 0.000000 
4 1 181 0 1 1 1 1 1 2 2 1 0.521487 0.000000 
4 1 182 0 5 1 0 0 2 2 2 1 0.703959 0.000000 
4 1 183 0 1 1 1 1 1 2 2 1 0.608172 0.000000 
4 1 184 0 1 2 5 2 0 3 3 1 1.468475 0.000000 
4 1 185 0 4 1 0 2 2 2 2 1 0.718285 0.000000 
4 1 186 0 3 0 0 1 0 1 1 1 0.669816 0.000000 
4 1 187 1 2 1 4 2 2 3 3 1 1.399368 0.000000 
4 1 188 1 1 1 1 1 1 2 2 1 0.708090 0.000000 
4 1 189 0 4 2 4 2 2 3 3 1 0.699196 0.000000 
4 1 190 0 5 2 2 1 2 3 3 1 0.635866 0.000000 
4 1 191 1 1 2 2 1 0 2 2 1 1.054927 0.000000 
4 1 192 0 3 3 4 2 1 4 4 1 1.241312 0.000000 
4 2 1 0 2 2 1 2 1 3 3 1 2.274612 0.000000 
4 2 2 0 3 3 3 1 1 4 4 1 0.604833 0.000000 
4 2 3 1 1 0 0 1 0 2 2 1 1.425115 0.000000 
4 2 4 1 3 0 2 0 2 4 4 1 1.908998 0.000000 
4 2 5 0 1 0 0 1 0 1 1 1 1.309696 0.000000 
4 2 6 0 2 2 2 2 1 3 3 1 0.685112 0.000000 
4 2 7 0 0 3 3 1 0 4 4 1 0.694036 0.000000 
4 2 8 0 3 2 2 0 0 3 3 1 0.726929 0.000000 
4 2 9 1 3 3 1 2 1 4 4 1 1.358502 0.000000 
4 2 10 1 1 3 0 0 2 2 4 0 0.700987 0.000000 
4 2 11 0 4 0 0 2 2 1 1 1 0.889261 0.000000 
4 2 12 0 1 0 0 1 0 1 1 1 0.552677 0.000000 
4 2 13 0 4 3 3 1 2 4 4 1 0.702888 0.000000 
4 2 14 0 0 0 5 2 1 1 1 1 0.831088 0.000000 
4 2 15 0 4 2 2 0 2 3 3 1 0.698587 0.000000 
4 2 16 0 5 2 2 1 2 3 3 1 0.515573 0.000000 
4 2 17 0 3 2 2 1 0 3 3 1 0.515755 0.000000 
4 2 18 1 0 0 3 0 1 1 1 1 1.043967 0.000000 
4 2 19 1 2 3 1 0 2 3 3 1 1.606984 0.000000 
4 2 20 1 3 2 2 1 0 4 4 1 1.458574 0.000000 
4 2 21 1 2 1 1 1 0 3 3 1 1.077050 0.000000 
4 2 22 1 1 0 4 2 2 2 2 1 1.078815 0.000000 
4 2 23 1 3 3 3 1 1 4 4 1 0.880535 0.000000 
4 2 24 0 5 0 2 0 2 1 1 1 1.394175 0.000000 
4 2 25 1 1 0 4 2 0 2 2 1 1.406444 0.000000 
4 2 26 0 0 3 3 1 0 4 4 1 1.498844 0.000000 
4 2 27 0 2 1 1 0 0 2 3 0 1.075966 0.000000 
4 2 28 1 3 2 2 2 0 4 4 1 1.345553 0.000000 
4 2 29 0 0 0 0 2 1 1 1 1 0.736373 0.000000 
4 2 30 1 1 0 0 0 2 2 2 1 1.183393 0.000000 
4 2 31 0 3 2 2 1 0 3 3 1 0.788479 0.000000 
4 2 32 0 3 2 2 0 0 3 3 1 0.489419 0.000000 
4 2 33 0 2 1 1 0 0 2 2 1 0.753202 0.000000 
4 2 34 0 0 0 3 2 1 1 1 1 0.807492 0.000000 
4 2 35 0 2 1 1 0 0 2 2 1 0.723731 0.000000 
4 2 36 0 0 3 3 0 0 4 4 1 0.923345 0.000000 
4 2 37 0 3 3 2 0 1 4 4 1 0.714973 0.000000 
4 2 38 1 1 1 1 1 2 2 2 1 1.267205 0.000000 
4 2 39 0 3 2 2 0 0 3 3 1 1.757007 0.000000 
4 2 40 0 1 1 0 2 1 2 2 1 0.858641 0.000000 
4 2 41 1 0 3 4 2 0 1 1 1 1.356972 0.000000 
4 2 42 0 5 0 0 1 2 1 1 1 0.915430 0.000000 
4 2 43 0 1 1 4 2 1 2 2 1 0.739759 0.000000 
4 2 44 1 3 3 4 2 2 4 4 1 1.218630 0.000000 
4 2 45 0 4 1 4 2 2 2 2 1 0.878458 0.000000 
4 2 46 0 0 3 5 2 0 4 4 1 0.680000 0.000000 
4 2 47 0 4 1 2 0 2 2 2 1 0.816607 0.000000 
4 2 48 0 0 0 4 2 1 1 1 1 0.740243 0.000000 
4 2 49 1 0 1 1 1 2 1 1 1 1.459159 0.000000 
4 2 50 0 5 1 1 1 2 2 1 0 0.597657 0.000000 
4 2 51 0 0 0 3 0 1 1 1 1 0.686542 0.000000 
4 2 52 0 5 2 2 0 2 3 3 1 0.726952 0.000000 
4 2 53 0 2 1 1 1 0 2 2 1 1.406548 0.000000 
4 2 54 1 1 1 1 1 1 2 2 1 1.137982 0.000000 
4 2 55 0 0 3 2 2 0 4 4 1 1.465163 0.000000 
4 2 56 1 2 1 5 2 0 3 2 0 0.923613 0.000000 
4 2 57 0 2 2 1 0 1 3 3 1 1.943382 0.000000 
4 2 58 0 3 3 4 2 1 4 4 1 0.838226 0.000000 
4 2 59 1 2 1 1 1 0 3 3 1 1.344284 0.000000 
4 2 60 0 0 3 5 2 0 4 4 1 1.255355 0.000000 
4 2 61 0 4 0 2 0 2 1 1 1 1.121807 0.000000 
4 2 62 0 3 2 4 2 0 3 3 1 0.905531 0.000000 
4 2 63 0 4 3 3 1 2 4 4 1 0.657809 0.000000 
4 2 64 0 2 2 4 2 1 3 3 1 0.683986 0.000000 
4 2 65 0 1 1 1 1 1 2 2 1 0.836945 0.000000 
4 2 66 1 1 0 0 0 2 2 2 1 1.295910 0.000000 
4 2 67 0 4 0 0 1 2 1 1 1 1.248038 0.000000 
4 2 68 1 3 1 5 2 2 4 4 1 1.475170 0.000000 
4 2 69 0 0 0 0 1 1 1 1 1 0.781002 0.000000 
4 2 70 0 0 0 5 2 1 1 1 1 0.810621 0.000000 
4 2 71 1 2 1 5 2 2 3 3 1 1.574903 0.000000 
4 2 72 0 5 3 3 1 2 4 4 1 0.796793 0.000000 
4 2 73 1 1 1 4 2 1 2 2 1 1.089722 0.000000 
4 2 74 0 3 2 2 0 0 3 3 1 0.945783 0.000000 
4 2 75 0 4 3 3 1 2 4 4 1 0.600743 0.000000 
4 2 76 0 1 0 4 2 0 1 1 1 1.012981 0.000000 
4 2 77 0 0 3 4 2 0 4 4 1 1.041323 0.000000 
4 2 78 0 3 2 2 0 0 3 3 1 1.060370 0.000000 
4 2 79 0 4 2 2 1 2 3 3 1 0.566718 0.000000 
4 2 80 0 0 0 0 1 1 1 1 1 0.644237 0.000000 
4 2 81 0 1 1 0 0 1 2 2 1 0.846052 0.000000 
4 2 82 1 1 2 4 2 2 2 3 0 0.800994 0.000000 
4 2 83 0 1 1 1 1 1 2 2 1 0.785040 0.000000 
4 2 84 0 2 2 4 2 1 3 3 1 0.813780 0.000000 
4 2 85 0 3 2 2 0 0 3 3 1 0.738030 0.000000 
4 2 86 0 1 1 4 2 1 2 2 1 0.800988 0.000000 
4 2 87 1 1 0 5 2 0 2 2 1 1.453239 0.000000 
4 2 88 0 0 0 0 1 1 1 1 1 0.887679 0.000000 
4 2 89 0 1 1 1 1 1 2 2 1 0.591666 0.000000 
4 2 90 0 2 2 4 2 1 3 3 1 0.772488 0.000000 
4 2 91 0 2 2 2 1 1 3 3 1 0.554023 0.000000 
4 2 92 0 2 2 1 0 1 3 3 1 0.696257 0.000000 
4 2 93 0 4 1 2 0 2 2 2 1 0.945255 0.000000 
4 2 94 1 1 1 0 0 2 2 2 1 1.480209 0.000000 
4 2 95 0 4 0 4 2 2 1 1 1 0.738049 0.000000 
4 2 96 1 3 2 2 1 2 4 3 0 0.959886 0.000000 
4 2 97 0 1 1 0 0 1 2 2 1 1.010076 0.000000 
4 2 98 0 0 0 0 1 1 1 1 1 0.830193 0.000000 
4 2 99 0 1 0 0 0 0 1 1 1 0.745823 0.000000 
4 2 100 0 0 3 3 1 0 4 4 1 0.656725 0.000000 
4 2 101 0 4 0 2 0 2 1 1 1 1.074943 0.000000 
4 2 102 0 5 2 4 2 2 3 3 1 0.636680 0.000000 
4 2 103 0 4 1 1 1 2 2 2 1 3.670720 0.000000 
4 2 104 0 5 2 2 0 2 3 3 1 0.713310 0.000000 
4 2 105 1 0 3 3 1 2 1 1 1 1.401602 0.000000 
4 2 106 0 1 0 0 0 0 1 1 1 1.238046 0.000000 
4 2 107 0 1 0 0 0 0 1 1 1 0.817203 0.000000 
4 2 108 0 0 3 3 0 0 4 4 1 0.684802 0.000000 
4 2 109 0 2 1 1 0 0 2 2 1 0.885682 0.000000 
4 2 110 0 2 1 1 0 0 2 2 1 0.557654 0.000000 
4 2 111 0 3 3 3 1 1 4 4 1 0.595842 0.000000 
4 2 112 0 5 3 4 2 2 4 4 1 0.656689 0.000000 
4 2 113 0 2 2 1 0 1 3 3 1 1.322857 0.000000 
4 2 114 1 3 3 2 0 1 4 4 1 0.850713 0.000000 
4 2 115 0 2 2 1 0 1 3 3 1 2.020965 0.000000 
4 2 116 0 0 3 3 0 0 4 4 1 1.184128 0.000000 
4 2 117 1 0 0 3 0 2 1 1 1 0.821174 0.000000 
4 2 118 0 1 0 1 2 0 1 1 1 0.912777 0.000000 
4 2 119 0 4 2 4 2 2 3 3 1 0.785121 0.000000 
4 2 120 0 3 2 0 2 0 3 3 1 0.606051 0.000000 
4 2 121 0 2 1 1 0 0 2 2 1 0.858247 0.000000 
4 2 122 0 5 2 2 1 2 3 3 1 0.652533 0.000000 
4 2 123 0 1 0 0 1 0 1 1 1 0.878700 0.000000 
4 2 124 0 5 2 2 0 2 3 3 1 0.815381 0.000000 
4 2 125 0 3 3 3 1 1 4 4 1 0.587641 0.000000 
4 2 126 0 5 2 5 2 2 3 3 1 0.872508 0.000000 
4 2 127 0 1 1 0 0 1 2 1 0 0.954151 0.000000 
4 2 128 0 1 1 0 2 1 2 2 1 0.572477 0.000000 
4 2 129 0 1 1 1 1 1 2 2 1 0.777473 0.000000 
4 2 130 0 2 2 4 2 1 3 3 1 0.703098 0.000000 
4 2 131 0 4 0 2 0 2 1 1 1 0.838325 0.000000 
4 2 132 0 3 3 2 0 1 4 4 1 0.633289 0.000000 
4 2 133 0 4 1 1 1 2 2 2 1 0.900131 0.000000 
4 2 134 0 2 2 4 2 1 3 3 1 1.068466 0.000000 
4 2 135 1 2 2 2 1 2 3 3 1 1.278208 0.000000 
4 2 136 0 3 2 2 0 0 3 4 0 0.967919 0.000000 
4 2 137 0 2 1 5 2 0 2 2 1 1.033655 0.000000 
4 2 138 0 5 3 0 2 2 4 4 1 0.755215 0.000000 
4 2 139 0 4 0 2 0 2 1 3 0 0.897458 0.000000 
4 2 140 1 3 1 0 2 2 4 2 0 0.974488 0.000000 
4 2 141 0 1 0 4 2 0 1 1 1 1.023686 0.000000 
4 2 142 0 1 0 4 2 0 1 1 1 0.674898 0.000000 
4 2 143 0 2 1 5 2 0 2 2 1 1.404471 0.000000 
4 2 144 1 3 2 2 1 0 4 4 1 1.384998 0.000000 
4 2 145 0 4 1 2 0 2 2 2 1 1.205148 0.000000 
4 2 146 0 1 0 0 1 0 1 1 1 0.785566 0.000000 
4 2 147 1 2 0 0 1 2 3 3 1 1.150492 0.000000 
4 2 148 0 2 1 5 2 0 2 2 1 0.964863 0.000000 
4 2 149 0 2 1 1 0 0 2 2 1 0.611214 0.000000 
4 2 150 0 2 2 2 1 1 3 3 1 1.959489 0.000000 
4 2 151 0 4 3 3 1 2 4 4 1 0.470159 0.000000 
4 2 152 0 1 1 1 1 1 2 2 1 0.886655 0.000000 
4 2 153 1 0 3 3 1 0 1 1 1 1.279586 0.000000 
4 2 154 1 1 3 3 1 2 2 2 1 1.329364 0.000000 
4 2 155 0 2 1 4 2 0 2 2 1 1.185230 0.000000 
4 2 156 0 0 3 3 1 0 4 4 1 0.726329 0.000000 
4 2 157 1 2 1 1 0 0 3 3 1 1.541839 0.000000 
4 2 158 0 3 2 2 1 0 3 3 1 0.925134 0.000000 
4 2 159 0 0 0 3 0 1 1 1 1 2.011845 0.000000 
4 2 160 0 2 2 0 2 1 3 3 1 0.816520 0.000000 
4 2 161 0 0 0 3 0 1 1 1 1 0.804143 0.000000 
4 2 162 1 1 1 4 2 2 2 2 1 0.920354 0.000000 
4 2 163 0 0 0 0 1 1 1 1 1 0.664063 0.000000 
4 2 164 1 0 3 3 1 0 1 1 1 1.418288 0.000000 
4 2 165 0 4 2 5 2 2 3 3 1 0.941087 0.000000 
4 2 166 0 3 3 3 1 1 4 4 1 0.564120 0.000000 
4 2 167 1 3 3 2 0 1 4 4 1 0.754285 0.000000 
4 2 168 0 5 0 4 2 2 1 1 1 0.936567 0.000000 
4 2 169 1 3 2 0 2 0 4 4 1 1.687515 0.000000 
4 2 170 0 1 0 5 2 0 1 1 1 0.888790 0.000000 
4 2 171 1 1 1 1 1 1 2 2 1 1.192851 0.000000 
4 2 172 1 3 2 4 2 0 4 4 1 2.061884 0.000000 
4 2 173 1 3 3 3 1 1 4 4 1 1.288680 0.000000 
4 2 174 0 5 1 1 1 2 2 2 1 1.465850 0.000000 
4 2 175 1 2 0 1 0 2 3 3 1 1.844171 0.000000 
4 2 176 0 3 3 2 0 1 4 4 1 0.783024 0.000000 
4 2 177 1 3 3 4 2 1 4 4 1 0.803967 0.000000 
4 2 178 0 1 1 5 2 1 2 2 1 1.375301 0.000000 
4 2 179 0 4 2 5 2 2 3 3 1 0.981094 0.000000 
4 2 180 0 0 3 3 1 0 4 4 1 0.882778 0.000000 
4 2 181 0 1 1 0 0 1 2 2 1 0.683895 0.000000 
4 2 182 0 5 0 2 0 2 1 1 1 1.076634 0.000000 
4 2 183 0 1 1 0 0 1 2 2 1 0.718283 0.000000 
4 2 184 0 5 1 1 1 2 2 2 1 1.285882 0.000000 
4 2 185 0 4 0 4 2 2 1 1 1 0.821974 0.000000 
4 2 186 1 2 2 1 0 1 3 3 1 1.697651 0.000000 
4 2 187 0 1 0 0 1 0 1 1 1 1.210894 0.000000 
4 2 188 0 2 2 1 0 1 3 3 1 0.823309 0.000000 
4 2 189 0 4 1 2 0 2 2 2 1 0.962951 0.000000 
4 2 190 0 1 1 5 2 1 2 2 1 0.889325 0.000000 
4 2 191 0 4 3 3 1 2 4 4 1 0.650268 0.000000 
4 2 192 0 0 0 3 0 1 1 1 1 0.731511 0.000000 
4 3 1 0 2 0 0 0 0 1 1 1 1.363606 0.000000 
4 3 2 1 1 3 4 2 0 2 2 1 1.537583 0.000000 
4 3 3 1 2 3 0 0 2 3 3 1 1.439806 0.000000 
4 3 4 0 3 1 1 0 0 2 2 1 0.770997 0.000000 
4 3 5 0 0 2 2 1 0 3 3 1 1.160628 0.000000 
4 3 6 0 5 1 1 1 2 2 2 1 0.678995 0.000000 
4 3 7 0 2 2 5 2 1 3 3 1 0.800475 0.000000 
4 3 8 0 2 2 2 1 1 3 3 1 0.492777 0.000000 
4 3 9 0 0 2 2 0 0 3 3 1 0.461599 0.000000 
4 3 10 1 3 3 3 1 1 4 4 1 1.622778 0.000000 
4 3 11 0 4 2 1 0 2 3 3 1 0.858707 0.000000 
4 3 12 0 0 0 5 2 1 1 1 1 0.756949 0.000000 
4 3 13 0 2 2 0 0 1 3 3 1 0.627181 0.000000 
4 3 14 1 1 1 1 1 1 2 2 1 1.310789 0.000000 
4 3 15 0 3 1 1 0 0 2 0 0 5.000003 0.000000 
4 3 16 0 1 1 3 0 1 2 2 1 0.752202 0.000000 
4 3 17 0 3 1 1 1 0 2 2 1 0.645965 0.000000 
4 3 18 0 3 1 1 0 0 2 2 1 0.544876 0.000000 
4 3 19 0 2 2 5 2 1 3 3 1 0.695716 0.000000 
4 3 20 1 0 2 2 0 0 1 1 1 1.256582 0.000000 
4 3 21 0 3 1 1 1 0 2 2 1 0.883005 0.000000 
4 3 22 1 2 2 4 2 1 3 3 1 1.244040 0.000000 
4 3 23 1 1 1 4 2 1 2 2 1 3.926235 0.000000 
4 3 24 1 3 1 1 1 2 4 4 1 1.238994 0.000000 
4 3 25 0 3 3 4 2 1 4 4 1 0.794130 0.000000 
4 3 26 0 3 3 4 2 1 4 4 1 0.583044 0.000000 
4 3 27 1 1 1 3 0 1 2 2 1 0.820131 0.000000 
4 3 28 0 5 3 1 0 2 4 4 1 1.039545 0.000000 
4 3 29 1 2 2 4 2 1 3 3 1 1.065548 0.000000 
4 3 30 1 1 2 2 1 2 2 2 1 0.883852 0.000000 
4 3 31 1 2 1 4 2 2 3 3 1 1.356907 0.000000 
4 3 32 0 5 3 3 1 2 4 4 1 0.875377 0.000000 
4 3 33 1 1 3 3 1 0 2 1 0 1.973071 0.000000 
4 3 34 1 1 1 1 1 1 2 2 1 1.159087 0.000000 
4 3 35 0 0 2 4 2 0 3 3 1 1.252032 0.000000 
4 3 36 1 3 1 1 1 0 4 4 1 2.774533 0.000000 
4 3 37 0 3 1 5 2 0 2 3 0 0.812850 0.000000 
4 3 38 0 3 1 1 0 0 2 2 1 0.749203 0.000000 
4 3 39 0 4 3 5 2 2 4 4 1 0.731648 0.000000 
4 3 40 0 0 2 4 2 0 3 3 1 1.818256 0.000000 
4 3 41 1 0 0 0 1 1 1 1 1 4.254363 0.000000 
4 3 42 0 3 3 1 0 1 4 4 1 2.065876 0.000000 
4 3 43 0 1 1 3 0 1 2 2 1 1.267940 0.000000 
4 3 44 0 2 2 2 1 1 3 3 1 1.157824 0.000000 
4 3 45 0 1 3 3 0 0 4 4 1 0.932229 0.000000 
4 3 46 0 0 0 4 2 1 1 1 1 0.706853 0.000000 
4 3 47 0 4 0 1 0 2 1 1 1 0.755054 0.000000 
4 3 48 0 0 0 5 2 1 1 1 1 0.577304 0.000000 
4 3 49 0 4 0 1 2 2 1 1 1 0.574858 0.000000 
4 3 50 0 5 2 1 0 2 3 3 1 0.660365 0.000000 
4 3 51 0 4 2 2 1 2 3 3 1 0.582577 0.000000 
4 3 52 0 5 1 1 0 2 2 2 1 1.555946 0.000000 
4 3 53 0 0 0 4 2 1 1 1 1 0.722677 0.000000 
4 3 54 0 5 0 4 2 2 1 1 1 0.697199 0.000000 
4 3 55 0 2 2 5 2 1 3 3 1 0.826118 0.000000 
4 3 56 1 2 0 0 0 0 3 3 1 1.645714 0.000000 
4 3 57 0 2 0 0 1 0 1 1 1 1.040997 0.000000 
4 3 58 0 5 3 3 1 2 4 4 1 0.652065 0.000000 
4 3 59 1 2 2 4 2 1 3 3 1 2.086287 0.000000 
4 3 60 0 0 0 0 1 1 1 1 1 0.879734 0.000000 
4 3 61 0 4 1 1 0 2 2 2 1 0.840375 0.000000 
4 3 62 0 1 3 4 2 0 4 4 1 1.771369 0.000000 
4 3 63 0 4 0 0 1 2 1 1 1 1.305298 0.000000 
4 3 64 0 5 3 4 2 2 4 4 1 1.057737 0.000000 
4 3 65 0 3 3 3 1 1 4 4 1 0.788096 0.000000 
4 3 66 0 2 0 0 0 0 1 1 1 1.169041 0.000000 
4 3 67 0 2 2 0 0 1 3 3 1 0.837778 0.000000 
4 3 68 0 3 1 1 0 0 2 2 1 1.496811 0.000000 
4 3 69 0 4 3 3 1 2 4 4 1 0.649980 0.000000 
4 3 70 0 5 1 1 0 2 2 2 1 2.052283 0.000000 
4 3 71 0 1 1 1 1 1 2 2 1 0.470957 0.000000 
4 3 72 0 5 0 4 2 2 1 1 1 0.736399 0.000000 
4 3 73 0 2 2 0 0 1 3 3 1 0.758389 0.000000 
4 3 74 0 2 0 0 0 0 1 1 1 0.660566 0.000000 
4 3 75 0 4 2 5 2 2 3 3 1 0.702767 0.000000 
4 3 76 0 5 2 1 0 2 3 3 1 0.727009 0.000000 
4 3 77 0 1 1 1 1 1 2 2 1 0.614629 0.000000 
4 3 78 0 1 1 1 1 1 2 2 1 0.506807 0.000000 
4 3 79 0 4 1 1 0 2 2 2 1 0.562975 0.000000 
4 3 80 0 5 2 4 2 2 3 3 1 0.721153 0.000000 
4 3 81 1 3 1 4 2 0 4 4 1 1.904769 0.000000 
4 3 82 0 5 2 1 0 2 3 3 1 0.624417 0.000000 
4 3 83 0 0 2 2 1 0 3 3 1 0.539917 0.000000 
4 3 84 0 0 0 0 1 1 1 2 0 0.778750 0.000000 
4 3 85 1 0 3 2 0 2 1 1 1 1.420435 0.000000 
4 3 86 0 5 1 1 0 2 2 2 1 2.911869 0.000000 
4 3 87 0 3 3 4 2 1 4 4 1 0.648843 0.000000 
4 3 88 0 5 3 4 2 2 4 4 1 0.610761 0.000000 
4 3 89 0 4 1 1 0 2 2 2 1 0.822972 0.000000 
4 3 90 1 1 3 3 1 0 2 2 1 1.146554 0.000000 
4 3 91 1 1 3 3 1 0 2 2 1 0.977524 0.000000 
4 3 92 0 0 0 1 2 1 1 1 1 0.975331 0.000000 
4 3 93 1 1 1 3 0 1 2 2 1 1.365000 0.000000 
4 3 94 0 5 2 1 0 2 3 3 1 0.818537 0.000000 
4 3 95 1 3 3 1 0 1 4 4 1 1.190079 0.000000 
4 3 96 1 3 3 1 0 1 4 4 1 0.579150 0.000000 
4 3 97 0 4 0 4 2 2 1 1 1 1.440739 0.000000 
4 3 98 0 3 3 4 2 1 4 4 1 0.707827 0.000000 
4 3 99 0 1 3 3 1 0 4 4 1 0.548117 0.000000 
4 3 100 0 0 2 2 0 0 3 3 1 0.746955 0.000000 
4 3 101 0 0 2 2 0 0 3 3 1 0.521862 0.000000 
4 3 102 0 3 3 4 2 1 4 4 1 0.625354 0.000000 
4 3 103 0 0 0 0 1 1 1 1 1 0.619831 0.000000 
4 3 104 0 1 3 5 2 0 4 4 1 1.063433 0.000000 
4 3 105 0 4 2 1 0 2 3 3 1 0.769723 0.000000 
4 3 106 0 5 3 0 2 2 4 4 1 0.583346 0.000000 
4 3 107 0 2 2 2 1 1 3 3 1 0.852167 0.000000 
4 3 108 0 2 2 5 2 1 3 3 1 0.446507 0.000000 
4 3 109 0 3 3 4 2 1 4 4 1 0.649309 0.000000 
4 3 110 0 0 0 1 2 1 1 1 1 0.706944 0.000000 
4 3 111 0 0 2 2 1 0 3 3 1 0.802751 0.000000 
4 3 112 1 3 1 1 0 0 4 4 1 1.479025 0.000000 
4 3 113 0 4 0 0 1 2 1 1 1 0.888894 0.000000 
4 3 114 0 5 1 4 2 2 2 2 1 0.713866 0.000000 
4 3 115 1 1 3 3 0 0 2 2 1 1.226056 0.000000 
4 3 116 0 3 3 3 1 1 4 4 1 2.637960 0.000000 
4 3 117 1 1 1 4 2 1 2 2 1 1.216540 0.000000 
4 3 118 0 5 1 1 2 2 2 2 1 0.612267 0.000000 
4 3 119 0 4 3 5 2 2 4 4 1 1.632552 0.000000 
4 3 120 0 0 0 0 1 1 1 1 1 0.868028 0.000000 
4 3 121 0 0 2 2 0 0 3 3 1 2.021503 0.000000 
4 3 122 0 5 3 1 0 2 4 4 1 1.033505 0.000000 
4 3 123 0 3 1 1 0 0 2 2 1 1.451514 0.000000 
4 3 124 1 1 3 3 1 0 2 2 1 1.542077 0.000000 
4 3 125 1 2 0 4 2 0 3 1 0 0.965295 0.000000 
4 3 126 0 5 3 3 1 2 4 4 1 0.847676 0.000000 
4 3 127 0 2 0 0 0 0 1 1 1 1.682185 0.000000 
4 3 128 0 5 0 1 0 2 1 1 1 0.115891 0.000000 
4 3 129 0 4 1 1 1 2 2 2 1 0.738474 0.000000 
4 3 130 0 1 3 5 2 0 4 4 1 0.641335 0.000000 
4 3 131 0 0 2 2 1 0 3 3 1 0.788228 0.000000 
4 3 132 0 1 1 3 0 1 2 2 1 1.257161 0.000000 
4 3 133 0 1 3 4 2 0 4 4 1 1.043615 0.000000 
4 3 134 0 5 1 1 1 2 2 2 1 0.774621 0.000000 
4 3 135 0 4 1 1 1 2 2 2 1 0.604150 0.000000 
4 3 136 1 1 1 3 0 1 2 2 1 1.408321 0.000000 
4 3 137 0 2 0 0 1 0 1 1 1 0.779854 0.000000 
4 3 138 0 1 1 1 1 1 2 2 1 0.617428 0.000000 
4 3 139 1 2 1 0 0 2 3 3 1 1.493037 0.000000 
4 3 140 0 5 3 4 2 2 4 4 1 0.614246 0.000000 
4 3 141 1 1 3 3 0 0 2 2 1 1.026407 0.000000 
4 3 142 0 5 2 2 1 2 3 3 1 0.630086 0.000000 
4 3 143 0 3 1 1 1 0 2 2 1 0.833634 0.000000 
4 3 144 1 3 2 1 0 2 4 3 0 1.139657 0.000000 
4 3 145 0 0 2 2 0 0 3 3 1 0.662728 0.000000 
4 3 146 0 0 2 4 2 0 3 3 1 0.512390 0.000000 
4 3 147 1 2 2 4 2 1 3 3 1 1.296568 0.000000 
4 3 148 0 0 2 4 2 0 3 3 1 0.817743 0.000000 
4 3 149 0 2 2 1 2 1 3 3 1 0.549315 0.000000 
4 3 150 1 1 1 4 2 2 2 2 1 2.060055 0.000000 
4 3 151 0 4 2 1 0 2 3 3 1 0.765249 0.000000 
4 3 152 0 0 2 2 1 0 3 3 1 0.523549 0.000000 
4 3 153 0 0 0 0 1 1 1 1 1 0.642963 0.000000 
4 3 154 0 2 0 0 1 0 1 1 1 0.485892 0.000000 
4 3 155 0 1 3 3 1 0 4 4 1 1.166692 0.000000 
4 3 156 1 0 2 4 2 0 1 1 1 1.588447 0.000000 
4 3 157 1 1 1 1 1 1 2 2 1 0.721702 0.000000 
4 3 158 1 1 3 5 2 2 2 2 1 1.217303 0.000000 
4 3 159 0 2 0 0 1 0 1 1 1 1.300048 0.000000 
4 3 160 0 5 0 4 2 2 1 1 1 0.740544 0.000000 
4 3 161 0 4 3 1 0 2 4 4 1 0.779399 0.000000 
4 3 162 0 0 0 2 0 1 1 1 1 0.696986 0.000000 
4 3 163 1 2 0 0 2 0 3 3 1 1.377927 0.000000 
4 3 164 0 5 0 0 1 2 1 1 1 0.967734 0.000000 
4 3 165 1 0 2 4 2 0 1 1 1 3.172468 0.000000 
4 3 166 0 1 3 3 2 0 4 4 1 1.371016 0.000000 
4 3 167 0 3 3 3 1 1 4 4 1 0.528769 0.000000 
4 3 168 0 2 2 5 2 1 3 3 1 0.624251 0.000000 
4 3 169 0 4 0 4 2 2 1 1 1 0.795822 0.000000 
4 3 170 0 3 3 1 0 1 4 4 1 0.672779 0.000000 
4 3 171 0 0 0 2 0 1 1 1 1 0.665374 0.000000 
4 3 172 0 5 2 1 0 2 3 3 1 0.739507 0.000000 
4 3 173 0 2 2 2 1 1 3 3 1 0.562377 0.000000 
4 3 174 0 2 0 4 2 0 1 4 0 0.736536 0.000000 
4 3 175 1 2 3 3 1 2 3 3 1 1.123587 0.000000 
4 3 176 1 3 1 1 1 0 4 4 1 1.186814 0.000000 
4 3 177 1 1 3 4 2 0 2 2 1 1.591924 0.000000 
4 3 178 1 1 2 2 1 2 2 2 1 1.469131 0.000000 
4 3 179 0 4 1 1 1 2 2 2 1 0.814049 0.000000 
4 3 180 0 1 1 1 1 1 2 2 1 0.458272 0.000000 
4 3 181 1 0 3 3 1 2 1 4 0 0.956460 0.000000 
4 3 182 0 3 3 3 1 1 4 4 1 0.590755 0.000000 
4 3 183 0 0 2 4 2 0 3 1 0 1.211156 0.000000 
4 3 184 0 0 0 4 2 1 1 1 1 1.139413 0.000000 
4 3 185 0 2 0 0 0 0 1 1 1 0.697211 0.000000 
4 3 186 1 1 0 1 2 2 2 1 0 0.858084 0.000000 
4 3 187 0 4 0 0 1 2 1 1 1 0.632400 0.000000 
4 3 188 0 0 0 2 0 1 1 1 1 0.595427 0.000000 
4 3 189 0 2 0 0 0 0 1 1 1 0.624316 0.000000 
4 3 190 1 1 3 3 1 0 2 2 1 1.323816 0.000000 
4 3 191 0 2 0 0 0 0 1 1 1 0.907680 0.000000 
4 3 192 0 5 3 1 0 2 4 4 1 0.747988 0.000000 
4 4 1 1 0 0 3 0 2 1 1 1 1.931346 0.000000 
4 4 2 0 3 3 2 0 1 4 4 1 0.842866 0.000000 
4 4 3 1 0 0 4 2 1 1 1 1 1.109833 0.000000 
4 4 4 0 5 2 2 0 2 3 3 1 0.846257 0.000000 
4 4 5 0 1 2 2 1 0 3 3 1 0.505193 0.000000 
4 4 6 0 5 1 1 1 2 2 2 1 0.817363 0.000000 
4 4 7 0 4 2 2 0 2 3 3 1 0.700974 0.000000 
4 4 8 0 2 2 2 1 1 3 3 1 0.644157 0.000000 
4 4 9 0 3 3 3 1 1 4 4 1 0.630996 0.000000 
4 4 10 0 3 3 3 1 1 4 4 1 0.458576 0.000000 
4 4 11 0 3 0 1 2 0 1 1 1 0.924717 0.000000 
4 4 12 1 3 3 2 0 1 4 4 1 0.788334 0.000000 
4 4 13 0 0 1 1 1 0 2 2 1 0.945307 0.000000 
4 4 14 1 1 3 1 2 2 2 2 1 1.360301 0.000000 
4 4 15 0 0 0 3 0 1 1 1 1 0.822806 0.000000 
4 4 16 1 1 2 2 1 0 2 2 1 1.145395 0.000000 
4 4 17 1 0 0 3 0 1 1 1 1 1.344488 0.000000 
4 4 18 0 1 2 0 0 0 3 3 1 0.823634 0.000000 
4 4 19 0 0 0 4 2 1 1 1 1 0.763241 0.000000 
4 4 20 0 5 1 4 2 2 2 2 1 0.809483 0.000000 
4 4 21 0 4 2 2 1 2 3 3 1 0.661770 0.000000 
4 4 22 0 0 1 5 2 0 2 2 1 0.783995 0.000000 
4 4 23 0 1 2 4 2 0 3 3 1 0.843881 0.000000 
4 4 24 0 0 0 5 2 1 1 1 1 0.838858 0.000000 
4 4 25 0 4 1 1 1 2 2 2 1 0.657803 0.000000 
4 4 26 0 3 3 4 2 1 4 4 1 0.739983 0.000000 
4 4 27 0 1 1 1 1 1 2 2 1 0.634907 0.000000 
4 4 28 0 0 1 3 0 0 2 2 1 0.709798 0.000000 
4 4 29 0 2 3 1 0 0 4 4 1 0.909997 0.000000 
4 4 30 0 5 3 4 2 2 4 4 1 0.750335 0.000000 
4 4 31 0 3 3 3 1 1 4 4 1 0.723494 0.000000 
4 4 32 0 5 2 4 2 2 3 3 1 0.755171 0.000000 
4 4 33 0 4 3 3 1 2 4 4 1 0.713412 0.000000 
4 4 34 0 1 2 4 2 0 3 3 1 0.793640 0.000000 
4 4 35 1 0 1 5 2 0 1 1 1 1.486615 0.000000 
4 4 36 0 3 3 5 2 1 4 4 1 1.511822 0.000000 
4 4 37 0 4 0 2 0 2 1 1 1 0.912322 0.000000 
4 4 38 1 2 2 1 0 1 3 3 1 1.159574 0.000000 
4 4 39 1 2 0 4 2 2 3 3 1 1.286000 0.000000 
4 4 40 1 3 0 2 0 0 4 4 1 1.191193 0.000000 
4 4 41 0 3 0 0 1 0 1 1 1 1.252324 0.000000 
4 4 42 0 5 0 0 1 2 1 1 1 0.566732 0.000000 
4 4 43 0 2 2 1 0 1 3 3 1 0.732265 0.000000 
4 4 44 1 0 1 3 0 0 1 1 1 1.170809 0.000000 
4 4 45 0 3 3 3 1 1 4 4 1 0.648575 0.000000 
4 4 46 1 1 2 2 1 2 2 2 1 2.523546 0.000000 
4 4 47 1 2 2 1 0 2 3 3 1 1.283743 0.000000 
4 4 48 1 0 0 0 1 1 1 1 1 1.060897 0.000000 
4 4 49 0 1 2 5 2 0 3 3 1 1.519279 0.000000 
4 4 50 0 3 3 3 1 1 4 4 1 0.670179 0.000000 
4 4 51 0 4 3 3 1 2 4 4 1 0.671684 0.000000 
4 4 52 0 1 2 5 2 0 3 3 1 0.849264 0.000000 
4 4 53 0 4 0 4 2 2 1 1 1 0.748027 0.000000 
4 4 54 0 5 0 0 1 2 1 1 1 0.522468 0.000000 
4 4 55 0 2 2 4 2 1 3 3 1 0.865941 0.000000 
4 4 56 0 3 0 0 1 0 1 1 1 0.892074 0.000000 
4 4 57 0 1 1 0 0 1 2 2 1 1.052582 0.000000 
4 4 58 0 2 2 2 1 1 3 3 1 0.909914 0.000000 
4 4 59 0 0 1 3 0 0 2 2 1 3.126361 0.000000 
4 4 60 1 3 3 2 0 2 4 4 1 1.374729 0.000000 
4 4 61 1 0 0 3 0 2 1 1 1 1.148620 0.000000 
4 4 62 0 3 0 4 2 0 1 1 1 1.627731 0.000000 
4 4 63 0 1 1 0 0 1 2 2 1 1.278707 0.000000 
4 4 64 0 2 3 3 1 0 4 4 1 1.864452 0.000000 
4 4 65 0 2 2 3 2 1 3 3 1 1.539093 0.000000 
4 4 66 0 2 2 1 0 1 3 3 1 0.810335 0.000000 
4 4 67 0 2 2 0 2 1 3 3 1 1.022621 0.000000 
4 4 68 0 0 0 0 1 1 1 1 1 0.850308 0.000000 
4 4 69 0 1 1 1 1 1 2 2 1 0.692618 0.000000 
4 4 70 1 0 1 1 1 0 1 1 1 1.140501 0.000000 
4 4 71 0 4 2 2 0 2 3 3 1 0.819581 0.000000 
4 4 72 1 3 1 1 1 2 4 4 1 1.007178 0.000000 
4 4 73 1 1 1 0 0 1 2 2 1 1.123551 0.000000 
4 4 74 0 1 1 1 1 1 2 2 1 0.859243 0.000000 
4 4 75 0 3 3 5 2 1 4 4 1 0.765549 0.000000 
4 4 76 0 5 0 0 1 2 1 1 1 0.715827 0.000000 
4 4 77 1 2 3 4 2 0 3 3 1 1.035974 0.000000 
4 4 78 0 0 0 0 1 1 1 1 1 0.885985 0.000000 
4 4 79 0 1 2 5 2 0 3 3 1 1.383047 0.000000 
4 4 80 0 2 3 4 2 0 4 3 0 1.068231 0.000000 
4 4 81 0 4 1 1 1 2 2 2 1 0.753966 0.000000 
4 4 82 1 0 1 1 1 0 1 1 1 1.151726 0.000000 
4 4 83 1 3 0 0 1 0 4 4 1 1.230101 0.000000 
4 4 84 1 2 2 1 0 1 3 3 1 1.304866 0.000000 
4 4 85 1 0 1 4 2 0 1 1 1 1.585421 0.000000 
4 4 86 0 1 2 2 1 0 3 3 1 1.382668 0.000000 
4 4 87 1 2 3 4 2 0 3 3 1 1.580026 0.000000 
4 4 88 1 0 0 5 2 1 1 1 1 1.553777 0.000000 
4 4 89 1 1 1 0 0 1 2 2 1 1.280304 0.000000 
4 4 90 0 1 1 0 0 1 2 2 1 0.505002 0.000000 
4 4 91 0 4 1 4 2 2 2 2 1 1.233295 0.000000 
4 4 92 0 5 0 4 2 2 1 1 1 0.820377 0.000000 
4 4 93 1 2 2 3 2 1 3 3 1 3.384080 0.000000 
4 4 94 0 0 1 1 1 0 2 2 1 1.397945 0.000000 
4 4 95 1 3 3 2 0 1 4 4 1 1.490215 0.000000 
4 4 96 0 5 1 1 1 2 2 2 1 1.059347 0.000000 
4 4 97 0 4 0 2 0 2 1 3 0 0.949703 0.000000 
4 4 98 1 1 3 3 1 2 2 2 1 1.232264 0.000000 
4 4 99 0 4 0 0 1 2 1 1 1 0.819915 0.000000 
4 4 100 0 0 0 0 1 1 1 1 1 0.543639 0.000000 
4 4 101 1 3 0 0 1 0 4 4 1 0.982444 0.000000 
4 4 102 0 0 1 4 2 0 2 1 0 1.003982 0.000000 
4 4 103 1 2 0 0 1 2 3 3 1 2.194657 0.000000 
4 4 104 0 3 0 4 2 0 1 3 0 2.527952 0.000000 
4 4 105 0 4 3 3 1 2 4 4 1 0.692203 0.000000 
4 4 106 0 1 1 1 1 1 2 2 1 0.860594 0.000000 
4 4 107 0 4 1 4 2 2 2 2 1 1.014904 0.000000 
4 4 108 0 3 0 2 0 0 1 1 1 0.962284 0.000000 
4 4 109 0 3 3 4 2 1 4 4 1 0.744525 0.000000 
4 4 110 1 2 2 1 0 1 3 3 1 1.159483 0.000000 
4 4 111 0 1 1 0 0 1 2 2 1 1.093923 0.000000 
4 4 112 0 0 1 3 0 0 2 2 1 0.990991 0.000000 
4 4 113 0 2 3 4 2 0 4 4 1 1.731966 0.000000 
4 4 114 0 3 0 0 1 0 1 1 1 1.035008 0.000000 
4 4 115 0 4 1 1 1 2 2 2 1 0.870034 0.000000 
4 4 116 0 5 2 5 2 2 3 3 1 0.879611 0.000000 
4 4 117 0 0 0 3 0 1 1 2 0 1.129277 0.000000 
4 4 118 1 1 2 0 0 0 2 2 1 4.069170 0.000000 
4 4 119 0 4 3 2 0 2 4 4 1 1.167456 0.000000 
4 4 120 0 1 2 5 2 0 3 3 1 0.796267 0.000000 
4 4 121 0 4 0 4 2 2 1 1 1 0.705136 0.000000 
4 4 122 0 5 1 1 1 2 2 2 1 0.889380 0.000000 
4 4 123 0 1 1 1 1 1 2 2 1 0.618340 0.000000 
4 4 124 0 1 2 0 0 0 3 3 1 0.717884 0.000000 
4 4 125 0 4 0 2 0 2 1 1 1 1.685506 0.000000 
4 4 126 0 2 3 3 2 0 4 4 1 0.582718 0.000000 
4 4 127 0 4 1 1 1 2 2 2 1 0.908078 0.000000 
4 4 128 0 3 0 5 2 0 1 1 1 0.874877 0.000000 
4 4 129 0 4 1 2 0 2 2 2 1 0.828529 0.000000 
4 4 130 0 2 3 1 0 0 4 4 1 0.712133 0.000000 
4 4 131 1 2 1 1 0 2 3 3 1 1.112354 0.000000 
4 4 132 0 2 2 5 2 1 3 3 1 0.728743 0.000000 
4 4 133 0 4 0 2 0 2 1 1 1 0.848327 0.000000 
4 4 134 1 1 2 2 1 0 2 2 1 0.987282 0.000000 
4 4 135 0 0 1 4 2 0 2 2 1 0.944327 0.000000 
4 4 136 0 3 3 3 1 1 4 4 1 0.742295 0.000000 
4 4 137 1 0 0 5 2 1 1 1 1 0.989215 0.000000 
4 4 138 0 1 1 0 0 1 2 2 1 0.834201 0.000000 
4 4 139 1 0 1 4 2 0 1 1 1 1.397177 0.000000 
4 4 140 0 5 0 0 1 2 1 1 1 0.826331 0.000000 
4 4 141 0 0 0 4 2 1 1 1 1 0.877966 0.000000 
4 4 142 0 3 0 2 0 0 1 1 1 0.927590 0.000000 
4 4 143 0 4 2 2 1 2 3 3 1 0.790248 0.000000 
4 4 144 0 5 0 2 0 2 1 1 1 0.707177 0.000000 
4 4 145 0 0 0 0 1 1 1 1 1 0.811420 0.000000 
4 4 146 0 5 1 2 0 2 2 1 0 0.807679 0.000000 
4 4 147 0 4 1 2 0 2 2 2 1 1.015979 0.000000 
4 4 148 1 3 0 0 1 2 4 4 1 1.147857 0.000000 
4 4 149 0 1 2 2 1 0 3 3 1 1.178931 0.000000 
4 4 150 0 0 1 3 0 0 2 2 1 0.895691 0.000000 
4 4 151 0 3 0 2 0 0 1 3 0 0.912640 0.000000 
4 4 152 0 5 3 3 1 2 4 4 1 0.964747 0.000000 
4 4 153 0 0 0 3 0 1 1 1 1 0.746813 0.000000 
4 4 154 0 1 1 5 2 1 2 2 1 0.897743 0.000000 
4 4 155 0 0 0 3 0 1 1 1 1 0.762665 0.000000 
4 4 156 0 5 3 5 2 2 4 4 1 1.000972 0.000000 
4 4 157 0 4 0 1 2 2 1 1 1 0.996280 0.000000 
4 4 158 0 5 3 2 0 2 4 4 1 0.857337 0.000000 
4 4 159 0 3 3 3 1 1 4 4 1 0.659595 0.000000 
4 4 160 0 1 2 0 0 0 3 3 1 0.749825 0.000000 
4 4 161 1 0 0 3 0 1 1 1 1 1.172037 0.000000 
4 4 162 0 1 2 4 2 0 3 3 1 0.737812 0.000000 
4 4 163 0 2 2 4 2 1 3 3 1 0.696711 0.000000 
4 4 164 1 3 3 2 0 2 4 4 1 0.752612 0.000000 
4 4 165 0 0 1 5 2 0 2 2 1 0.750888 0.000000 
4 4 166 0 2 2 1 0 1 3 3 1 1.101069 0.000000 
4 4 167 0 4 3 5 2 2 4 4 1 0.725519 0.000000 
4 4 168 0 1 2 4 2 0 3 3 1 0.925048 0.000000 
4 4 169 0 2 3 3 1 0 4 4 1 0.764740 0.000000 
4 4 170 0 5 2 2 1 2 3 3 1 0.714994 0.000000 
4 4 171 0 4 2 2 0 2 3 3 1 0.555220 0.000000 
4 4 172 0 0 1 3 0 0 2 2 1 0.880366 0.000000 
4 4 173 0 0 1 3 0 0 2 2 1 0.537987 0.000000 
4 4 174 1 3 0 5 2 0 4 4 1 1.272872 0.000000 
4 4 175 0 1 2 4 2 0 3 3 1 0.602652 0.000000 
4 4 176 0 1 2 0 0 0 3 3 1 0.630822 0.000000 
4 4 177 0 0 1 4 2 0 2 2 1 0.786386 0.000000 
4 4 178 1 1 3 3 1 2 2 4 0 0.975315 0.000000 
4 4 179 0 4 1 1 1 2 2 2 1 0.952008 0.000000 
4 4 180 1 2 2 2 1 1 3 3 1 1.133847 0.000000 
4 4 181 0 4 1 4 2 2 2 2 1 1.132956 0.000000 
4 4 182 0 2 3 1 0 0 4 4 1 0.915992 0.000000 
4 4 183 1 3 3 4 2 1 4 4 1 1.252173 0.000000 
4 4 184 1 3 0 2 0 0 4 4 1 1.894099 0.000000 
4 4 185 0 2 2 4 2 1 3 3 1 1.135487 0.000000 
4 4 186 1 1 1 1 1 2 2 2 1 0.765559 0.000000 
4 4 187 0 3 3 4 2 1 4 4 1 0.747824 0.000000 
4 4 188 0 3 3 2 0 1 4 4 1 0.570701 0.000000 
4 4 189 0 4 1 4 2 2 2 2 1 0.848188 0.000000 
4 4 190 0 5 0 0 1 2 1 1 1 0.755193 0.000000 
4 4 191 0 1 1 0 0 1 2 2 1 0.753431 0.000000 
4 4 192 1 2 3 1 2 0 3 3 1 1.359714 0.000000 
4 5 1 0 0 0 0 1 1 1 1 1 2.800526 0.000000 
4 5 2 0 1 1 2 0 1 2 2 1 0.852969 0.000000 
4 5 3 0 0 1 5 2 0 2 2 1 0.623236 0.000000 
4 5 4 0 1 1 1 1 1 2 2 1 0.625877 0.000000 
4 5 5 1 0 3 3 1 2 1 1 1 1.173343 0.000000 
4 5 6 0 5 3 0 0 2 4 4 1 0.915014 0.000000 
4 5 7 0 0 1 1 0 0 2 2 1 0.747413 0.000000 
4 5 8 1 3 0 0 1 0 4 4 1 1.306313 0.000000 
4 5 9 0 2 3 3 1 0 4 4 1 0.554746 0.000000 
4 5 10 0 5 2 4 2 2 3 3 1 0.808949 0.000000 
4 5 11 0 4 3 3 1 2 4 4 1 0.541226 0.000000 
4 5 12 0 3 3 3 1 1 4 4 1 0.435039 0.000000 
4 5 13 0 3 0 0 1 0 1 1 1 0.749836 0.000000 
4 5 14 0 1 2 2 0 0 3 3 1 0.820053 0.000000 
4 5 15 1 3 0 3 2 0 4 4 1 1.239711 0.000000 
4 5 16 1 3 3 3 1 1 4 4 1 1.050822 0.000000 
4 5 17 0 2 2 4 2 1 3 3 1 0.685174 0.000000 
4 5 18 0 5 0 0 1 2 1 1 1 0.854029 0.000000 
4 5 19 0 0 0 4 2 1 1 1 1 0.680396 0.000000 
4 5 20 0 5 1 4 2 2 2 2 1 0.936893 0.000000 
4 5 21 0 3 3 3 1 1 4 4 1 0.535902 0.000000 
4 5 22 1 0 0 5 2 1 1 1 1 0.926756 0.000000 
4 5 23 0 3 0 4 2 0 1 1 1 0.878406 0.000000 
4 5 24 1 1 2 2 1 0 2 2 1 1.359969 0.000000 
4 5 25 0 0 1 1 1 0 2 2 1 0.750533 0.000000 
4 5 26 0 5 2 4 2 2 3 3 1 0.900776 0.000000 
4 5 27 0 1 1 1 1 1 2 2 1 0.724071 0.000000 
4 5 28 0 3 3 3 2 1 4 4 1 0.603649 0.000000 
4 5 29 0 4 0 0 1 2 1 1 1 0.783766 0.000000 
4 5 30 0 0 0 0 1 1 1 1 1 1.932861 0.000000 
4 5 31 1 1 2 2 1 0 2 2 1 2.756255 0.000000 
4 5 32 0 0 0 1 0 1 1 1 1 0.787247 0.000000 
4 5 33 0 0 1 1 0 0 2 2 1 0.848199 0.000000 
4 5 34 1 2 2 5 2 1 3 3 1 1.458082 0.000000 
4 5 35 0 4 3 4 2 2 4 4 1 0.668662 0.000000 
4 5 36 0 2 2 3 0 1 3 3 1 0.814206 0.000000 
4 5 37 0 3 0 0 0 0 1 1 1 0.938485 0.000000 
4 5 38 0 3 0 0 1 0 1 1 1 0.521455 0.000000 
4 5 39 1 2 3 3 1 0 3 3 1 1.921006 0.000000 
4 5 40 1 1 1 2 0 1 2 2 1 1.440017 0.000000 
4 5 41 1 0 0 0 1 2 1 1 1 1.035187 0.000000 
4 5 42 0 5 1 0 0 2 2 1 0 0.726244 0.000000 
4 5 43 0 0 0 0 1 1 1 1 1 0.577832 0.000000 
4 5 44 0 5 2 0 0 2 3 3 1 0.718861 0.000000 
4 5 45 0 3 0 0 0 0 1 3 0 0.726452 0.000000 
4 5 46 0 3 3 5 2 1 4 4 1 0.642035 0.000000 
4 5 47 0 4 2 5 2 2 3 3 1 0.756426 0.000000 
4 5 48 0 1 2 2 0 0 3 3 1 0.673667 0.000000 
4 5 49 0 4 2 5 2 2 3 3 1 0.547229 0.000000 
4 5 50 1 0 1 4 2 0 1 1 1 1.418060 0.000000 
4 5 51 1 2 2 2 1 2 3 3 1 1.405913 0.000000 
4 5 52 0 1 1 5 2 1 2 1 0 2.258475 0.000000 
4 5 53 0 1 1 2 0 1 2 2 1 1.993378 0.000000 
4 5 54 0 1 2 4 2 0 3 3 1 0.693231 0.000000 
4 5 55 0 0 0 0 1 1 1 1 1 0.806149 0.000000 
4 5 56 0 0 1 1 0 0 2 2 1 0.842417 0.000000 
4 5 57 0 0 1 1 0 0 2 2 1 0.573360 0.000000 
4 5 58 0 0 1 2 2 0 2 2 1 1.026887 0.000000 
4 5 59 0 4 1 0 0 2 2 2 1 0.662583 0.000000 
4 5 60 0 5 3 5 2 2 4 4 1 0.664723 0.000000 
4 5 61 0 4 0 4 2 2 1 1 1 0.794023 0.000000 
4 5 62 0 1 2 2 1 0 3 3 1 1.694957 0.000000 
4 5 63 0 4 1 1 1 2 2 2 1 0.736083 0.000000 
4 5 64 1 0 1 3 2 0 1 1 1 2.223162 0.000000 
4 5 65 0 0 1 1 0 0 2 1 0 0.603228 0.000000 
4 5 66 0 2 3 5 2 0 4 4 1 1.235482 0.000000 
4 5 67 0 2 3 3 1 0 4 4 1 1.286162 0.000000 
4 5 68 0 0 0 1 0 1 1 1 1 0.854303 0.000000 
4 5 69 0 1 2 5 2 0 3 3 1 0.728552 0.000000 
4 5 70 0 5 1 4 2 2 2 2 1 0.720104 0.000000 
4 5 71 1 1 2 2 2 0 2 2 1 1.143716 0.000000 
4 5 72 0 2 2 3 0 1 3 3 1 0.998793 0.000000 
4 5 73 1 2 2 5 2 1 3 3 1 0.731776 0.000000 
4 5 74 1 1 3 2 0 2 2 2 1 1.283387 0.000000 
4 5 75 1 2 3 3 0 2 3 3 1 0.843458 0.000000 
4 5 76 0 1 2 2 1 0 3 3 1 0.894412 0.000000 
4 5 77 0 0 1 4 2 0 2 2 1 0.935422 0.000000 
4 5 78 0 2 2 2 1 1 3 3 1 0.822356 0.000000 
4 5 79 0 1 1 1 1 1 2 2 1 0.993995 0.000000 
4 5 80 1 0 1 1 1 0 1 1 1 1.151086 0.000000 
4 5 81 0 0 0 0 1 1 1 1 1 0.701446 0.000000 
4 5 82 1 2 2 3 0 1 3 3 1 1.572707 0.000000 
4 5 83 0 0 0 1 0 1 1 1 1 1.010618 0.000000 
4 5 84 0 1 2 4 2 0 3 3 1 0.702897 0.000000 
4 5 85 0 3 3 3 1 1 4 4 1 0.591122 0.000000 
4 5 86 0 3 0 0 1 0 1 1 1 0.740041 0.000000 
4 5 87 0 0 0 1 0 1 1 1 1 0.610944 0.000000 
4 5 88 0 1 1 5 2 1 2 3 0 0.543145 0.000000 
4 5 89 1 0 0 0 2 1 1 1 1 1.344998 0.000000 
4 5 90 0 0 0 4 2 1 1 1 1 0.703667 0.000000 
4 5 91 0 2 2 4 2 1 3 3 1 0.879896 0.000000 
4 5 92 1 3 3 0 0 2 4 4 1 0.865526 0.000000 
4 5 93 0 0 0 4 2 1 1 1 1 1.275762 0.000000 
4 5 94 0 5 2 0 0 2 3 3 1 0.837620 0.000000 
4 5 95 0 3 0 4 2 0 1 1 1 0.903634 0.000000 
4 5 96 0 1 2 5 2 0 3 3 1 0.743840 0.000000 
4 5 97 0 1 1 4 2 1 2 2 1 0.870819 0.000000 
4 5 98 0 5 3 0 0 2 4 4 1 0.536409 0.000000 
4 5 99 1 3 3 3 1 1 4 4 1 1.175225 0.000000 
4 5 100 0 5 1 0 2 2 2 2 1 0.957035 0.000000 
4 5 101 1 1 1 0 2 1 2 2 1 1.099331 0.000000 
4 5 102 0 2 2 2 1 1 3 3 1 1.259967 0.000000 
4 5 103 0 2 2 2 1 1 3 3 1 0.581112 0.000000 
4 5 104 0 5 3 4 2 2 4 4 1 0.618618 0.000000 
4 5 105 0 4 0 0 0 2 1 1 1 0.726235 0.000000 
4 5 106 1 2 3 3 1 0 3 3 1 0.989738 0.000000 
4 5 107 0 2 2 3 0 1 3 3 1 1.226764 0.000000 
4 5 108 1 3 2 0 0 2 4 4 1 1.710593 0.000000 
4 5 109 1 0 3 1 0 2 1 1 1 1.575253 0.000000 
4 5 110 1 0 1 5 2 0 1 1 1 1.133137 0.000000 
4 5 111 0 4 0 0 0 2 1 1 1 1.067211 0.000000 
4 5 112 1 3 3 4 2 1 4 4 1 1.372920 0.000000 
4 5 113 0 3 3 3 1 1 4 4 1 0.658723 0.000000 
4 5 114 0 5 0 0 1 2 1 3 0 0.636958 0.000000 
4 5 115 1 0 1 1 0 0 1 2 0 0.931874 0.000000 
4 5 116 0 2 3 4 2 0 4 4 1 1.518140 0.000000 
4 5 117 0 0 0 1 0 1 1 1 1 1.965526 0.000000 
4 5 118 0 0 1 5 2 0 2 2 1 0.795971 0.000000 
4 5 119 0 3 0 0 0 0 1 1 1 0.696446 0.000000 
4 5 120 1 1 2 5 2 0 2 3 0 0.785355 0.000000 
4 5 121 1 1 1 4 2 1 2 2 1 1.138274 0.000000 
4 5 122 0 5 2 0 0 2 3 3 1 1.847962 0.000000 
4 5 123 0 1 2 2 1 0 3 3 1 0.619232 0.000000 
4 5 124 0 1 2 2 0 0 3 3 1 0.558796 0.000000 
4 5 125 0 2 2 3 0 1 3 3 1 0.644944 0.000000 
4 5 126 0 5 3 0 0 2 4 4 1 0.647842 0.000000 
4 5 127 0 4 0 4 2 2 1 1 1 0.970736 0.000000 
4 5 128 1 3 3 4 2 2 4 4 1 1.256403 0.000000 
4 5 129 1 0 1 1 0 2 1 1 1 1.626870 0.000000 
4 5 130 1 1 1 5 2 1 2 2 1 0.925707 0.000000 
4 5 131 0 2 2 3 0 1 3 3 1 0.941381 0.000000 
4 5 132 0 0 0 4 2 1 1 1 1 0.660371 0.000000 
4 5 133 0 0 1 1 0 0 2 2 1 0.742624 0.000000 
4 5 134 0 2 3 3 1 0 4 4 1 0.477533 0.000000 
4 5 135 1 2 2 2 1 1 3 3 1 1.159003 0.000000 
4 5 136 1 1 2 2 0 0 2 2 1 0.821401 0.000000 
4 5 137 0 1 2 4 2 0 3 3 1 1.023977 0.000000 
4 5 138 0 5 2 0 0 2 3 3 1 0.723676 0.000000 
4 5 139 0 4 1 0 0 2 2 2 1 1.435299 0.000000 
4 5 140 1 3 2 2 1 2 4 4 1 1.342507 0.000000 
4 5 141 0 2 3 3 0 0 4 4 1 0.693612 0.000000 
4 5 142 0 3 0 0 1 0 1 1 1 1.110555 0.000000 
4 5 143 1 2 3 3 0 2 3 3 1 1.102919 0.000000 
4 5 144 0 5 1 2 2 2 2 2 1 0.999343 0.000000 
4 5 145 1 0 1 1 0 2 1 2 0 1.083109 0.000000 
4 5 146 0 5 0 0 0 2 1 1 1 0.976185 0.000000 
4 5 147 0 4 1 1 1 2 2 2 1 1.005610 0.000000 
4 5 148 0 3 3 4 2 1 4 4 1 0.713962 0.000000 
4 5 149 1 0 2 4 2 2 1 1 1 1.242205 0.000000 
4 5 150 0 1 1 1 1 1 2 2 1 1.261305 0.000000 
4 5 151 0 3 3 5 2 1 4 4 1 0.854739 0.000000 
4 5 152 1 3 0 0 1 2 4 4 1 2.049031 0.000000 
4 5 153 0 1 1 4 2 1 2 2 1 0.836040 0.000000 
4 5 154 0 2 3 3 1 0 4 4 1 0.638703 0.000000 
4 5 155 0 4 0 0 1 2 1 1 1 1.161668 0.000000 
4 5 156 0 3 3 0 0 1 4 4 1 0.768023 0.000000 
4 5 157 1 0 3 3 1 2 1 1 1 1.116702 0.000000 
4 5 158 1 1 2 2 0 2 2 2 1 2.140369 0.000000 
4 5 159 0 1 2 2 1 0 3 2 0 0.603788 0.000000 
4 5 160 0 5 3 5 2 2 4 4 1 0.764079 0.000000 
4 5 161 0 3 3 3 1 1 4 4 1 0.433772 0.000000 
4 5 162 0 5 3 0 0 2 4 4 1 0.580569 0.000000 
4 5 163 0 4 3 0 0 2 4 4 1 0.466134 0.000000 
4 5 164 0 5 0 0 1 2 1 1 1 0.923190 0.000000 
4 5 165 0 0 1 1 0 0 2 2 1 0.602196 0.000000 
4 5 166 1 1 1 1 1 1 2 2 1 1.198417 0.000000 
4 5 167 0 0 0 1 0 1 1 1 1 0.683501 0.000000 
4 5 168 0 3 0 0 1 0 1 1 1 0.556432 0.000000 
4 5 169 0 4 1 1 1 2 2 2 1 0.762633 0.000000 
4 5 170 0 5 3 0 0 2 4 4 1 0.632800 0.000000 
4 5 171 0 4 1 0 0 2 2 2 1 0.811979 0.000000 
4 5 172 0 3 3 3 1 1 4 4 1 0.815985 0.000000 
4 5 173 0 2 3 4 2 0 4 4 1 0.683079 0.000000 
4 5 174 0 5 3 5 2 2 4 4 1 0.555919 0.000000 
4 5 175 0 1 1 5 2 1 2 2 1 0.833688 0.000000 
4 5 176 0 5 1 1 1 2 2 2 1 1.020650 0.000000 
4 5 177 1 0 1 1 1 0 1 1 1 1.248331 0.000000 
4 5 178 0 3 0 5 2 0 1 1 1 0.955392 0.000000 
4 5 179 1 1 1 1 2 1 2 2 1 1.065774 0.000000 
4 5 180 0 5 2 4 2 2 3 3 1 0.858948 0.000000 
4 5 181 0 4 0 0 0 2 1 1 1 0.700792 0.000000 
4 5 182 0 1 2 2 0 0 3 3 1 1.108996 0.000000 
4 5 183 0 3 3 0 0 1 4 4 1 0.725371 0.000000 
4 5 184 1 3 1 1 1 2 4 4 1 1.180940 0.000000 
4 5 185 0 4 2 2 1 2 3 3 1 0.714708 0.000000 
4 5 186 0 2 3 3 1 0 4 4 1 0.714934 0.000000 
4 5 187 0 3 0 0 0 0 1 1 1 0.690191 0.000000 
4 5 188 0 3 3 3 1 1 4 4 1 0.731012 0.000000 
4 5 189 0 3 0 0 1 0 1 1 1 0.954655 0.000000 
4 5 190 0 1 2 4 2 0 3 3 1 0.680957 0.000000 
4 5 191 0 4 0 0 0 2 1 1 1 0.914544 0.000000 
4 5 192 0 3 0 0 0 0 1 1 1 0.538779 0.000000 
4 6 1 0 2 2 4 2 1 3 3 1 3.651670 0.000000 
4 6 2 1 2 2 0 0 1 3 3 1 1.358471 0.000000 
4 6 3 0 4 2 2 1 2 3 3 1 0.716800 0.000000 
4 6 4 0 1 3 5 2 0 4 4 1 0.732076 0.000000 
4 6 5 0 4 2 1 0 2 3 4 0 0.843451 0.000000 
4 6 6 0 5 0 4 2 2 1 1 1 0.834426 0.000000 
4 6 7 1 2 3 0 0 2 3 3 1 1.315882 0.000000 
4 6 8 0 3 1 4 2 0 2 2 1 0.883970 0.000000 
4 6 9 1 1 3 3 0 0 2 2 1 1.828745 0.000000 
4 6 10 0 0 2 2 0 0 3 1 0 0.024662 0.000000 
4 6 11 0 1 3 5 2 0 4 4 1 1.088031 0.000000 
4 6 12 0 2 2 0 0 1 3 3 1 0.744569 0.000000 
4 6 13 0 4 2 2 1 2 3 3 1 0.630626 0.000000 
4 6 14 1 1 1 1 1 2 2 2 1 1.305970 0.000000 
4 6 15 1 2 0 4 2 0 3 1 0 0.970476 0.000000 
4 6 16 0 0 0 0 1 1 1 1 1 2.244275 0.000000 
4 6 17 0 3 1 1 0 0 2 2 1 1.431269 0.000000 
4 6 18 0 0 0 5 2 1 1 1 1 0.771021 0.000000 
4 6 19 0 0 0 4 2 1 1 1 1 0.752676 0.000000 
4 6 20 0 5 0 0 1 2 1 1 1 0.573902 0.000000 
4 6 21 0 4 3 1 0 2 4 4 1 0.723429 0.000000 
4 6 22 0 5 3 1 0 2 4 4 1 0.578979 0.000000 
4 6 23 0 3 3 4 2 1 4 4 1 0.784550 0.000000 
4 6 24 0 3 1 1 0 0 2 2 1 1.205443 0.000000 
4 6 25 0 3 3 3 1 1 4 4 1 0.785896 0.000000 
4 6 26 1 1 0 0 1 2 2 2 1 1.366826 0.000000 
4 6 27 0 4 3 3 1 2 4 4 1 0.564648 0.000000 
4 6 28 0 2 2 4 2 1 3 3 1 0.753779 0.000000 
4 6 29 1 0 2 2 0 2 1 1 1 1.392048 0.000000 
4 6 30 0 5 3 1 0 2 4 4 1 0.733237 0.000000 
4 6 31 0 1 3 5 2 0 4 4 1 0.620179 0.000000 
4 6 32 0 2 2 0 0 1 3 3 1 0.751683 0.000000 
4 6 33 0 0 2 2 0 0 3 3 1 0.525942 0.000000 
4 6 34 0 0 0 0 1 1 1 1 1 0.829452 0.000000 
4 6 35 0 4 1 1 1 2 2 2 1 0.799996 0.000000 
4 6 36 1 1 3 3 0 0 2 2 1 1.028327 0.000000 
4 6 37 1 3 3 0 2 1 4 4 1 0.967981 0.000000 
4 6 38 0 1 3 4 2 0 4 4 1 1.357717 0.000000 
4 6 39 1 2 3 0 0 2 3 3 1 1.116157 0.000000 
4 6 40 0 5 0 4 2 2 1 1 1 1.044173 0.000000 
4 6 41 0 4 3 1 0 2 4 4 1 1.126959 0.000000 
4 6 42 0 2 2 2 1 1 3 3 1 0.653643 0.000000 
4 6 43 0 3 1 0 2 0 2 2 1 1.095860 0.000000 
4 6 44 0 3 1 4 2 0 2 2 1 0.800950 0.000000 
4 6 45 1 0 0 2 0 1 1 1 1 1.317210 0.000000 
4 6 46 1 3 3 4 2 1 4 4 1 1.157004 0.000000 
4 6 47 0 2 2 0 0 1 3 3 1 0.883430 0.000000 
4 6 48 0 5 0 0 1 2 1 1 1 0.980381 0.000000 
4 6 49 0 4 2 4 2 2 3 3 1 0.768989 0.000000 
4 6 50 0 1 3 3 0 0 4 4 1 1.446701 0.000000 
4 6 51 1 3 3 1 0 1 4 4 1 1.849889 0.000000 
4 6 52 0 5 1 5 2 2 2 2 1 1.132560 0.000000 
4 6 53 0 1 3 3 1 0 4 4 1 0.820108 0.000000 
4 6 54 0 5 1 1 0 2 2 3 0 0.871247 0.000000 
4 6 55 0 2 2 4 2 1 3 3 1 0.716901 0.000000 
4 6 56 0 3 1 1 1 0 2 2 1 1.563039 0.000000 
4 6 57 0 2 2 4 2 1 3 3 1 0.697579 0.000000 
4 6 58 0 5 3 1 0 2 4 4 1 0.634463 0.000000 
4 6 59 0 0 2 2 1 0 3 3 1 0.645319 0.000000 
4 6 60 0 1 3 3 0 0 4 4 1 0.584189 0.000000 
4 6 61 0 1 1 1 1 1 2 2 1 1.133025 0.000000 
4 6 62 0 5 1 1 0 2 2 2 1 0.563216 0.000000 
4 6 63 0 1 1 3 0 1 2 3 0 0.985259 0.000000 
4 6 64 0 1 3 3 0 0 4 4 1 1.170353 0.000000 
4 6 65 0 4 1 4 2 2 2 2 1 0.831596 0.000000 
4 6 66 0 5 0 5 2 2 1 1 1 0.851219 0.000000 
4 6 67 0 3 1 1 0 0 2 2 1 0.653501 0.000000 
4 6 68 0 2 0 0 1 0 1 1 1 0.735724 0.000000 
4 6 69 0 4 2 2 1 2 3 3 1 1.046625 0.000000 
4 6 70 1 3 1 1 1 0 4 4 1 1.600658 0.000000 
4 6 71 0 1 3 3 0 0 4 4 1 0.965254 0.000000 
4 6 72 0 0 0 4 2 1 1 1 1 0.779612 0.000000 
4 6 73 0 1 1 3 0 1 2 2 1 1.025183 0.000000 
4 6 74 0 5 0 0 1 2 1 1 1 0.788880 0.000000 
4 6 75 0 1 3 3 1 0 4 4 1 1.169823 0.000000 
4 6 76 1 0 2 2 0 0 1 1 1 1.438669 0.000000 
4 6 77 0 0 0 4 2 1 1 1 1 0.881716 0.000000 
4 6 78 0 5 2 1 0 2 3 3 1 1.867437 0.000000 
4 6 79 1 2 2 2 1 2 3 3 1 1.349420 0.000000 
4 6 80 0 3 1 1 1 0 2 4 0 0.908156 0.000000 
4 6 81 0 2 0 0 0 0 1 1 1 0.767979 0.000000 
4 6 82 0 2 0 5 2 0 1 1 1 0.789362 0.000000 
4 6 83 1 2 3 4 2 2 3 4 0 1.193268 0.000000 
4 6 84 1 2 0 0 1 0 3 1 0 2.098200 0.000000 
4 6 85 1 0 1 5 2 2 1 1 1 2.071470 0.000000 
4 6 86 0 3 3 0 2 1 4 4 1 0.649003 0.000000 
4 6 87 1 0 2 2 0 0 1 1 1 1.395939 0.000000 
4 6 88 0 3 1 1 0 0 2 2 1 0.792131 0.000000 
4 6 89 1 0 2 2 1 2 1 1 1 1.188980 0.000000 
4 6 90 1 0 2 2 0 0 1 1 1 1.266033 0.000000 
4 6 91 1 1 1 1 1 1 2 2 1 1.060100 0.000000 
4 6 92 0 2 2 2 1 1 3 3 1 1.086253 0.000000 
4 6 93 1 0 2 2 1 0 1 1 1 1.111351 0.000000 
4 6 94 0 2 2 4 2 1 3 3 1 0.823695 0.000000 
4 6 95 1 0 2 2 1 0 1 1 1 1.050409 0.000000 
4 6 96 1 3 1 1 1 0 4 4 1 1.452722 0.000000 
4 6 97 0 1 3 4 2 0 4 4 1 0.999255 0.000000 
4 6 98 1 1 2 2 1 2 2 2 1 0.924087 0.000000 
4 6 99 0 0 0 0 1 1 1 1 1 1.011251 0.000000 
4 6 100 0 5 1 0 2 2 2 2 1 0.943515 0.000000 
4 6 101 0 4 0 0 1 2 1 1 1 1.286599 0.000000 
4 6 102 0 1 1 1 1 1 2 2 1 0.702749 0.000000 
4 6 103 1 2 2 4 2 1 3 3 1 1.142960 0.000000 
4 6 104 0 5 2 2 1 2 3 3 1 0.677993 0.000000 
4 6 105 0 3 3 1 0 1 4 4 1 0.615602 0.000000 
4 6 106 1 1 1 3 0 2 2 2 1 1.483785 0.000000 
4 6 107 1 3 3 4 2 1 4 4 1 1.108996 0.000000 
4 6 108 0 5 3 1 0 2 4 4 1 0.925392 0.000000 
4 6 109 0 1 3 3 1 0 4 4 1 0.852041 0.000000 
4 6 110 0 2 2 0 0 1 3 3 1 0.726265 0.000000 
4 6 111 0 2 2 4 2 1 3 3 1 0.661869 0.000000 
4 6 112 0 0 0 0 1 1 1 1 1 0.696081 0.000000 
4 6 113 0 3 1 1 1 0 2 2 1 0.672972 0.000000 
4 6 114 1 1 3 3 1 0 2 2 1 2.258610 0.000000 
4 6 115 0 0 0 1 2 1 1 1 1 1.005392 0.000000 
4 6 116 0 2 2 2 1 1 3 3 1 0.921765 0.000000 
4 6 117 0 4 0 1 0 2 1 1 1 1.136454 0.000000 
4 6 118 0 3 1 1 1 0 2 2 1 0.695474 0.000000 
4 6 119 0 1 3 3 0 0 4 4 1 0.856377 0.000000 
4 6 120 0 5 0 5 2 2 1 1 1 0.922671 0.000000 
4 6 121 0 0 0 0 1 1 1 1 1 0.562316 0.000000 
4 6 122 1 2 2 2 1 1 3 3 1 1.000489 0.000000 
4 6 123 0 4 1 1 0 2 2 2 1 1.027942 0.000000 
4 6 124 0 3 3 4 2 1 4 4 1 0.783498 0.000000 
4 6 125 0 2 0 4 2 0 1 1 1 0.820444 0.000000 
4 6 126 0 3 3 4 2 1 4 4 1 0.760036 0.000000 
4 6 127 0 1 3 3 1 0 4 4 1 0.598320 0.000000 
4 6 128 0 5 2 4 2 2 3 3 1 0.683162 0.000000 
4 6 129 1 1 3 3 0 0 2 4 0 1.115925 0.000000 
4 6 130 0 1 3 3 0 0 4 4 1 0.775990 0.000000 
4 6 131 0 3 1 4 2 0 2 1 0 1.060618 0.000000 
4 6 132 0 2 2 5 2 1 3 3 1 0.874995 0.000000 
4 6 133 0 2 2 0 0 1 3 3 1 0.604129 0.000000 
4 6 134 0 5 0 3 2 2 1 1 1 1.008356 0.000000 
4 6 135 0 0 2 2 1 0 3 3 1 0.700685 0.000000 
4 6 136 1 3 1 1 0 0 4 4 1 1.292932 0.000000 
4 6 137 0 3 1 1 1 0 2 2 1 1.621121 0.000000 
4 6 138 1 1 3 3 0 2 2 2 1 1.496966 0.000000 
4 6 139 0 3 1 1 0 0 2 2 1 0.898197 0.000000 
4 6 140 0 2 0 0 1 0 1 1 1 0.787172 0.000000 
4 6 141 0 2 2 0 0 1 3 3 1 1.048053 0.000000 
4 6 142 1 2 2 2 1 1 3 3 1 1.315098 0.000000 
4 6 143 1 0 0 0 1 1 1 1 1 0.891607 0.000000 
4 6 144 0 1 3 3 0 0 4 4 1 0.780584 0.000000 
4 6 145 0 4 1 4 2 2 2 2 1 1.041208 0.000000 
4 6 146 1 3 1 1 0 0 4 4 1 1.028214 0.000000 
4 6 147 0 3 3 3 1 1 4 4 1 0.599881 0.000000 
4 6 148 0 5 1 1 0 2 2 2 1 1.116068 0.000000 
4 6 149 0 0 0 2 0 1 1 1 1 0.788029 0.000000 
4 6 150 0 3 3 1 0 1 4 4 1 0.648755 0.000000 
4 6 151 0 1 3 3 0 0 4 4 1 0.531605 0.000000 
4 6 152 1 3 1 1 1 0 4 4 1 1.018084 0.000000 
4 6 153 0 1 1 3 0 1 2 3 0 1.285832 0.000000 
4 6 154 1 3 3 3 1 1 4 4 1 1.226990 0.000000 
4 6 155 0 4 1 1 0 2 2 2 1 0.902265 0.000000 
4 6 156 0 1 1 4 2 1 2 2 1 0.702562 0.000000 
4 6 157 0 4 2 2 1 2 3 3 1 0.766814 0.000000 
4 6 158 0 5 1 1 1 2 2 2 1 0.716389 0.000000 
4 6 159 0 0 2 4 2 0 3 3 1 0.699950 0.000000 
4 6 160 0 5 0 4 2 2 1 1 1 0.787141 0.000000 
4 6 161 1 3 3 1 0 1 4 4 1 1.176060 0.000000 
4 6 162 0 0 0 5 2 1 1 1 1 1.237889 0.000000 
4 6 163 0 4 1 4 2 2 2 2 1 0.808981 0.000000 
4 6 164 0 1 3 3 1 0 4 4 1 0.853231 0.000000 
4 6 165 0 4 3 4 2 2 4 4 1 0.631544 0.000000 
4 6 166 0 5 3 5 2 2 4 4 1 0.587042 0.000000 
4 6 167 0 0 0 5 2 1 1 1 1 0.998888 0.000000 
4 6 168 0 0 0 4 2 1 1 1 1 0.539947 0.000000 
4 6 169 0 2 2 4 2 1 3 3 1 0.794768 0.000000 
4 6 170 1 1 1 1 1 2 2 2 1 1.943747 0.000000 
4 6 171 1 2 1 4 2 2 3 3 1 1.279053 0.000000 
4 6 172 0 5 1 1 1 2 2 2 1 1.296914 0.000000 
4 6 173 1 0 0 0 1 1 1 1 1 1.177032 0.000000 
4 6 174 0 2 0 0 0 0 1 1 1 1.022780 0.000000 
4 6 175 1 1 3 3 0 0 2 2 1 1.090462 0.000000 
4 6 176 0 5 2 1 0 2 3 1 0 0.955555 0.000000 
4 6 177 0 2 2 2 1 1 3 3 1 0.749886 0.000000 
4 6 178 0 5 2 2 1 2 3 3 1 0.556132 0.000000 
4 6 179 0 2 0 0 1 0 1 1 1 0.913826 0.000000 
4 6 180 1 2 2 4 2 1 3 3 1 0.946087 0.000000 
4 6 181 0 0 2 0 2 0 3 3 1 0.632126 0.000000 
4 6 182 0 0 0 4 2 1 1 1 1 0.771682 0.000000 
4 6 183 1 2 1 0 0 2 3 3 1 1.785249 0.000000 
4 6 184 0 5 3 5 2 2 4 4 1 1.078620 0.000000 
4 6 185 0 4 1 1 1 2 2 2 1 0.976306 0.000000 
4 6 186 0 5 1 3 2 2 2 2 1 0.973996 0.000000 
4 6 187 0 3 3 4 2 1 4 4 1 0.635631 0.000000 
4 6 188 0 5 3 1 0 2 4 4 1 0.493512 0.000000 
4 6 189 1 2 2 2 1 1 3 3 1 1.142307 0.000000 
4 6 190 0 3 1 4 2 0 2 2 1 0.901408 0.000000 
4 6 191 0 2 0 5 2 0 1 2 0 1.053722 0.000000 
4 6 192 0 5 3 3 1 2 4 4 1 0.652103 0.000000 
