7 1 1 0 2 4 1 2 2 1 1.529100 0.000000 
7 1 2 1 2 2 0 3 2 0 2.231476 0.000000 
7 1 3 0 2 4 3 4 4 1 0.919028 0.000000 
7 1 4 1 2 0 0 1 1 1 0.998177 0.000000 
7 1 5 1 0 2 0 3 1 0 0.651149 0.000000 
7 1 6 0 2 5 2 3 2 0 1.184805 0.000000 
7 1 7 0 2 4 0 1 1 1 1.041419 0.000000 
7 1 8 0 1 0 0 1 1 1 1.467002 0.000000 
7 1 9 1 1 3 3 4 4 1 2.556895 0.000000 
7 1 10 0 2 5 1 2 2 1 1.203823 0.000000 
7 1 11 0 0 1 3 4 4 1 0.704229 0.000000 
7 1 12 0 0 2 0 1 3 0 1.008483 0.000000 
7 1 13 0 0 2 0 1 1 1 1.968897 0.000000 
7 1 14 0 2 5 0 1 1 1 1.429415 0.000000 
7 1 15 0 0 3 1 2 2 1 1.729349 0.000000 
7 1 16 1 1 0 0 1 1 1 1.329275 0.000000 
7 1 17 0 2 4 2 3 3 1 1.041085 0.000000 
7 1 18 0 2 5 2 3 3 1 0.580099 0.000000 
7 1 19 0 1 2 2 3 3 1 2.361688 0.000000 
7 1 20 0 0 0 2 3 3 1 1.007485 0.000000 
7 1 21 0 0 0 2 3 3 1 0.499872 0.000000 
7 1 22 0 2 5 2 3 3 1 0.796053 0.000000 
7 1 23 0 2 4 0 1 1 1 0.768956 0.000000 
7 1 24 0 2 5 1 2 2 1 0.878566 0.000000 
7 1 25 1 2 1 0 2 2 1 1.488186 0.000000 
7 1 26 0 2 5 1 2 2 1 0.873405 0.000000 
7 1 27 0 0 1 3 4 4 1 0.674017 0.000000 
7 1 28 0 0 2 0 1 3 0 0.971575 0.000000 
7 1 29 0 2 4 1 2 2 1 1.389297 0.000000 
7 1 30 0 0 2 0 1 1 1 1.081971 0.000000 
7 1 31 1 1 3 3 4 4 1 0.923669 0.000000 
7 1 32 0 0 0 2 3 2 0 2.307406 0.000000 
7 1 33 0 2 4 3 4 4 1 0.702975 0.000000 
7 1 34 1 2 2 0 3 1 0 1.054993 0.000000 
7 1 35 0 1 2 2 3 3 1 1.589403 0.000000 
7 1 36 0 1 2 2 3 3 1 0.482119 0.000000 
7 1 37 0 0 1 3 4 4 1 0.675617 0.000000 
7 1 38 1 2 2 0 3 3 1 1.477174 0.000000 
7 1 39 0 0 1 3 4 2 0 1.966175 0.000000 
7 1 40 0 1 0 0 1 1 1 1.015920 0.000000 
7 1 41 0 2 4 1 2 2 1 1.155940 0.000000 
7 1 42 0 2 5 3 4 4 1 0.554354 0.000000 
7 1 43 0 0 1 3 4 4 1 0.448579 0.000000 
7 1 44 0 2 5 3 4 4 1 0.395400 0.000000 
7 1 45 0 0 0 2 3 3 1 0.864154 0.000000 
7 1 46 0 0 0 2 3 3 1 0.586362 0.000000 
7 1 47 0 2 4 2 3 3 1 0.510218 0.000000 
7 1 48 0 2 5 3 4 4 1 0.486424 0.000000 
7 1 49 0 2 4 0 1 1 1 0.647251 0.000000 
7 1 50 0 0 1 3 4 4 1 0.610116 0.000000 
7 1 51 0 2 4 3 4 4 1 0.550291 0.000000 
7 1 52 1 2 0 0 1 1 1 1.268476 0.000000 
7 1 53 1 0 3 1 4 4 1 2.094331 0.000000 
7 1 54 0 2 5 0 1 1 1 1.742736 0.000000 
7 1 55 0 2 4 2 3 3 1 0.838021 0.000000 
7 1 56 1 2 0 0 1 1 1 1.592978 0.000000 
7 1 57 0 1 3 3 4 4 1 0.606228 0.000000 
7 1 58 0 0 1 3 4 4 1 0.442408 0.000000 
7 1 59 0 1 2 2 3 3 1 1.925292 0.000000 
7 1 60 0 1 1 1 2 2 1 0.709257 0.000000 
7 1 61 0 1 2 2 3 3 1 0.597501 0.000000 
7 1 62 0 1 0 0 1 1 1 0.617357 0.000000 
7 1 63 1 1 1 1 2 2 1 1.996900 0.000000 
7 1 64 1 0 3 1 4 4 1 1.266292 0.000000 
7 1 65 0 1 3 3 4 4 1 0.940088 0.000000 
7 1 66 0 2 5 1 2 2 1 0.947022 0.000000 
7 1 67 0 0 3 1 2 2 1 0.514042 0.000000 
7 1 68 1 0 2 0 3 3 1 1.442226 0.000000 
7 1 69 0 1 3 3 4 4 1 0.556341 0.000000 
7 1 70 1 2 2 0 3 3 1 2.754645 0.000000 
7 1 71 1 1 0 0 1 1 1 1.553579 0.000000 
7 1 72 0 0 0 2 3 1 0 2.688277 0.000000 
7 1 73 0 0 3 1 2 4 0 0.780887 0.000000 
7 1 74 0 1 1 1 2 2 1 1.405880 0.000000 
7 1 75 0 1 3 3 4 4 1 0.730054 0.000000 
7 1 76 0 0 0 2 3 3 1 2.217691 0.000000 
7 1 77 1 0 0 2 1 1 1 0.957838 0.000000 
7 1 78 1 0 3 1 4 4 1 0.884180 0.000000 
7 1 79 0 1 2 2 3 3 1 1.573214 0.000000 
7 1 80 1 1 3 3 4 4 1 0.642011 0.000000 
7 1 81 0 1 2 2 3 3 1 1.844994 0.000000 
7 1 82 0 1 0 0 1 1 1 0.808286 0.000000 
7 1 83 0 1 0 0 1 1 1 0.524571 0.000000 
7 1 84 0 1 3 3 4 4 1 0.571962 0.000000 
7 1 85 0 1 3 3 4 4 1 0.377492 0.000000 
7 1 86 0 1 1 1 2 2 1 0.982992 0.000000 
7 1 87 1 1 2 2 3 3 1 1.098966 0.000000 
7 1 88 0 0 2 0 1 1 1 0.827963 0.000000 
7 1 89 1 0 0 2 1 3 0 0.703665 0.000000 
7 1 90 0 2 5 0 1 1 1 0.827871 0.000000 
7 1 91 1 1 2 2 3 3 1 1.231017 0.000000 
7 1 92 1 1 1 1 2 2 1 1.410786 0.000000 
7 1 93 0 0 1 3 4 4 1 2.023392 0.000000 
7 1 94 0 2 5 2 3 3 1 1.586436 0.000000 
7 1 95 0 0 0 2 3 3 1 1.079634 0.000000 
7 1 96 0 1 2 2 3 3 1 0.585332 0.000000 
7 1 97 1 1 0 0 1 1 1 1.126226 0.000000 
7 1 98 1 0 2 0 3 1 0 0.573950 0.000000 
7 1 99 1 1 3 3 4 4 1 0.495506 0.000000 
7 1 100 1 2 0 0 1 1 1 1.375872 0.000000 
7 1 101 0 0 1 3 4 4 1 0.724651 0.000000 
7 1 102 0 0 0 2 3 3 1 0.988275 0.000000 
7 1 103 1 2 3 0 4 4 1 0.721235 0.000000 
7 1 104 0 1 1 1 2 2 1 0.984814 0.000000 
7 1 105 0 0 0 2 3 3 1 2.061891 0.000000 
7 1 106 0 0 1 3 4 4 1 0.656627 0.000000 
7 1 107 0 0 0 2 3 3 1 1.009825 0.000000 
7 1 108 0 0 0 2 3 3 1 0.446169 0.000000 
7 1 109 0 1 2 2 3 3 1 0.536941 0.000000 
7 1 110 1 2 2 0 3 1 0 3.143887 0.000000 
7 1 111 0 1 2 2 3 3 1 1.163716 0.000000 
7 1 112 0 1 3 3 4 4 1 0.585611 0.000000 
7 1 113 0 2 4 1 2 2 1 1.069524 0.000000 
7 1 114 0 1 0 0 1 1 1 0.999218 0.000000 
7 1 115 0 1 1 1 2 2 1 0.868023 0.000000 
7 1 116 0 0 2 0 1 3 0 1.469189 0.000000 
7 1 117 0 2 4 0 1 1 1 0.627071 0.000000 
7 1 118 1 1 2 2 3 3 1 1.958168 0.000000 
7 1 119 1 2 3 0 4 4 1 1.100857 0.000000 
7 1 120 0 0 2 0 1 1 1 2.012296 0.000000 
7 1 121 1 0 3 1 4 4 1 0.816993 0.000000 
7 1 122 0 0 2 0 1 1 1 1.252648 0.000000 
7 1 123 0 2 4 2 3 3 1 0.975058 0.000000 
7 1 124 1 2 0 0 1 1 1 1.996787 0.000000 
7 1 125 0 0 2 0 1 1 1 1.705215 0.000000 
7 1 126 0 1 3 3 4 4 1 0.609753 0.000000 
7 1 127 1 2 3 0 4 4 1 0.749962 0.000000 
7 1 128 0 2 5 3 4 4 1 0.708235 0.000000 
7 1 129 0 2 4 3 4 4 1 0.444444 0.000000 
7 1 130 0 1 3 3 4 4 1 0.519243 0.000000 
7 1 131 0 1 1 1 2 2 1 1.086760 0.000000 
7 1 132 1 2 0 0 1 1 1 0.743772 0.000000 
7 1 133 0 2 4 2 3 3 1 0.790704 0.000000 
7 1 134 0 2 5 3 4 4 1 0.586619 0.000000 
7 1 135 1 2 3 0 4 4 1 1.415505 0.000000 
7 1 136 1 0 1 3 2 4 0 0.779897 0.000000 
7 1 137 0 2 4 2 3 3 1 1.669647 0.000000 
7 1 138 0 1 2 2 3 3 1 1.815005 0.000000 
7 1 139 0 1 1 1 2 2 1 1.363711 0.000000 
7 1 140 0 0 0 2 3 3 1 1.361284 0.000000 
7 1 141 0 1 0 0 1 1 1 1.271756 0.000000 
7 1 142 0 0 0 2 3 3 1 1.073504 0.000000 
7 1 143 0 0 3 1 2 4 0 0.587239 0.000000 
7 1 144 0 1 3 3 4 4 1 0.548052 0.000000 
7 1 145 0 1 2 2 3 3 1 1.202476 0.000000 
7 1 146 1 0 2 0 3 3 1 1.069890 0.000000 
7 1 147 0 2 4 1 2 4 0 0.551617 0.000000 
7 1 148 1 1 2 2 3 3 1 1.433833 0.000000 
7 1 149 0 1 1 1 2 2 1 1.076492 0.000000 
7 1 150 0 0 0 2 3 3 1 1.014184 0.000000 
7 1 151 0 2 4 0 1 1 1 0.866596 0.000000 
7 1 152 0 1 0 0 1 1 1 2.316235 0.000000 
7 1 153 0 2 4 3 4 4 1 0.652423 0.000000 
7 1 154 0 0 3 1 2 2 1 1.301684 0.000000 
7 1 155 0 2 4 3 4 4 1 0.478015 0.000000 
7 1 156 1 0 0 2 1 3 0 0.967516 0.000000 
7 1 157 0 0 0 2 3 3 1 0.704998 0.000000 
7 1 158 0 2 5 3 4 4 1 0.544966 0.000000 
7 1 159 1 0 3 1 4 4 1 0.839848 0.000000 
7 1 160 0 0 2 0 1 1 1 0.833716 0.000000 
7 1 161 1 1 1 1 2 2 1 1.372784 0.000000 
7 1 162 0 1 2 2 3 3 1 0.762581 0.000000 
7 1 163 0 2 4 2 3 3 1 0.520839 0.000000 
7 1 164 0 1 0 0 1 1 1 0.632328 0.000000 
7 1 165 0 1 2 2 3 3 1 0.707844 0.000000 
7 1 166 0 1 0 0 1 1 1 0.532101 0.000000 
7 1 167 1 1 2 2 3 3 1 0.826607 0.000000 
7 1 168 0 0 2 0 1 1 1 1.150226 0.000000 
7 1 169 1 0 1 3 2 4 0 0.588584 0.000000 
7 1 170 0 0 2 0 1 1 1 1.229472 0.000000 
7 1 171 0 0 1 3 4 4 1 0.984764 0.000000 
7 1 172 0 1 0 0 1 1 1 0.733790 0.000000 
7 1 173 1 1 1 1 2 2 1 1.148700 0.000000 
7 1 174 0 2 5 3 4 4 1 0.539747 0.000000 
7 1 175 0 0 3 1 2 4 0 0.913539 0.000000 
7 1 176 0 1 2 2 3 3 1 1.013947 0.000000 
7 1 177 1 0 3 1 4 4 1 1.145806 0.000000 
7 1 178 0 1 2 2 3 3 1 1.112906 0.000000 
7 1 179 0 0 3 1 2 4 0 0.713196 0.000000 
7 1 180 0 0 1 3 4 4 1 0.797521 0.000000 
7 1 181 0 2 4 3 4 4 1 0.537940 0.000000 
7 1 182 0 2 5 2 3 3 1 1.055780 0.000000 
7 1 183 0 1 3 3 4 4 1 0.610146 0.000000 
7 1 184 0 2 5 1 2 2 1 1.094375 0.000000 
7 1 185 0 2 4 1 2 2 1 0.575398 0.000000 
7 1 186 0 2 5 0 1 1 1 0.476856 0.000000 
7 1 187 0 2 4 1 2 2 1 0.598359 0.000000 
7 1 188 0 0 0 2 3 3 1 0.891246 0.000000 
7 1 189 0 0 3 1 2 2 1 0.907207 0.000000 
7 1 190 0 1 1 1 2 2 1 0.595504 0.000000 
7 1 191 1 1 0 0 1 1 1 0.552349 0.000000 
7 1 192 0 2 5 3 4 4 1 0.590464 0.000000 
7 1 1 0 1 0 0 1 1 1 1.841715 0.000000 
7 1 2 0 1 3 3 4 4 1 0.876781 0.000000 
7 1 3 0 0 0 3 4 4 1 0.902416 0.000000 
7 1 4 1 2 0 0 1 1 1 1.438729 0.000000 
7 1 5 0 2 4 1 2 2 1 1.312794 0.000000 
7 1 6 0 2 5 3 4 4 1 0.720556 0.000000 
7 1 7 0 0 2 1 2 2 1 1.783674 0.000000 
7 1 8 0 1 2 2 3 3 1 1.308997 0.000000 
7 1 9 0 2 4 2 3 3 1 0.797442 0.000000 
7 1 10 0 0 1 0 1 1 1 1.258440 0.000000 
7 1 11 1 2 3 0 4 4 1 1.660848 0.000000 
7 1 12 0 0 2 1 2 2 1 1.038451 0.000000 
7 1 13 0 1 3 3 4 4 1 0.569472 0.000000 
7 1 14 0 1 3 3 4 4 1 0.614943 0.000000 
7 1 15 0 0 0 3 4 4 1 0.787211 0.000000 
7 1 16 0 1 3 3 4 4 1 0.440088 0.000000 
7 1 17 0 0 0 3 4 4 1 0.418880 0.000000 
7 1 18 0 0 2 1 2 2 1 0.998351 0.000000 
7 1 19 0 2 4 0 1 1 1 0.843379 0.000000 
7 1 20 0 2 5 1 2 2 1 1.085297 0.000000 
7 1 21 0 0 1 0 1 1 1 0.726359 0.000000 
7 1 22 1 1 3 3 4 4 1 1.133932 0.000000 
7 1 23 1 2 3 0 4 4 1 1.140993 0.000000 
7 1 24 0 0 2 1 2 2 1 0.908098 0.000000 
7 1 25 1 0 1 0 2 2 1 1.572299 0.000000 
7 1 26 0 1 3 3 4 4 1 0.658291 0.000000 
7 1 27 1 1 0 0 1 1 1 0.819499 0.000000 
7 1 28 0 0 3 2 3 3 1 1.207135 0.000000 
7 1 29 0 1 3 3 4 4 1 0.611628 0.000000 
7 1 30 0 1 1 1 2 2 1 0.551751 0.000000 
7 1 31 1 0 3 2 4 4 1 1.037963 0.000000 
7 1 32 1 1 3 3 4 4 1 1.016917 0.000000 
7 1 33 0 2 4 0 1 1 1 0.876653 0.000000 
7 1 34 0 1 3 3 4 4 1 0.621254 0.000000 
7 1 35 0 0 0 3 4 4 1 1.024831 0.000000 
7 1 36 0 0 3 2 3 3 1 1.188539 0.000000 
7 1 37 0 0 0 3 4 4 1 0.833584 0.000000 
7 1 38 0 2 5 2 3 3 1 1.172586 0.000000 
7 1 39 0 1 3 3 4 4 1 0.554274 0.000000 
7 1 40 0 0 0 3 4 4 1 0.752491 0.000000 
7 1 41 0 1 3 3 4 4 1 0.453743 0.000000 
7 1 42 1 1 1 1 2 2 1 0.847861 0.000000 
7 1 43 0 2 4 2 3 3 1 0.834798 0.000000 
7 1 44 0 0 0 3 4 4 1 0.669752 0.000000 
7 1 45 0 2 4 2 3 3 1 0.647291 0.000000 
7 1 46 0 0 3 2 3 3 1 1.090200 0.000000 
7 1 47 0 0 1 0 1 1 1 0.819229 0.000000 
7 1 48 1 0 1 0 2 2 1 0.966848 0.000000 
7 1 49 0 0 0 3 4 4 1 0.739422 0.000000 
7 1 50 0 2 5 0 1 1 1 0.842416 0.000000 
7 1 51 0 2 4 1 2 2 1 0.741378 0.000000 
7 1 52 0 1 2 2 3 3 1 0.764285 0.000000 
7 1 53 0 2 4 1 2 2 1 0.682593 0.000000 
7 1 54 1 2 2 0 3 3 1 1.299945 0.000000 
7 1 55 0 1 1 1 2 2 1 0.620133 0.000000 
7 1 56 0 0 0 3 4 4 1 0.702440 0.000000 
7 1 57 1 0 1 0 2 2 1 0.878647 0.000000 
7 1 58 0 1 0 0 1 1 1 1.368319 0.000000 
7 1 59 0 2 4 1 2 2 1 0.614119 0.000000 
7 1 60 0 1 0 0 1 1 1 0.786317 0.000000 
7 1 61 1 0 3 2 4 4 1 1.471271 0.000000 
7 1 62 0 2 5 3 4 4 1 0.641118 0.000000 
7 1 63 0 1 0 0 1 1 1 0.907949 0.000000 
7 1 64 0 0 0 3 4 4 1 0.747315 0.000000 
7 1 65 0 0 1 0 1 1 1 0.826219 0.000000 
7 1 66 0 1 2 2 3 3 1 1.045828 0.000000 
7 1 67 1 2 3 0 4 4 1 0.888846 0.000000 
7 1 68 0 1 0 0 1 1 1 0.881794 0.000000 
7 1 69 1 1 2 2 3 3 1 1.635514 0.000000 
7 1 70 0 2 5 1 2 2 1 0.822732 0.000000 
7 1 71 0 2 4 3 4 4 1 0.617335 0.000000 
7 1 72 0 0 2 1 2 2 1 1.020888 0.000000 
7 1 73 1 1 2 2 3 3 1 0.832577 0.000000 
7 1 74 0 1 0 0 1 1 1 1.012012 0.000000 
7 1 75 0 0 1 0 1 2 0 1.263895 0.000000 
7 1 76 1 2 0 0 1 1 1 0.933700 0.000000 
7 1 77 0 2 4 3 4 4 1 1.083237 0.000000 
7 1 78 0 1 1 1 2 2 1 1.108259 0.000000 
7 1 79 1 2 3 0 4 4 1 0.660624 0.000000 
7 1 80 0 1 3 3 4 4 1 0.550845 0.000000 
7 1 81 0 1 1 1 2 2 1 1.077039 0.000000 
7 1 82 0 1 0 0 1 1 1 0.894732 0.000000 
7 1 83 0 0 0 3 4 4 1 0.703730 0.000000 
7 1 84 1 2 0 0 1 1 1 0.998974 0.000000 
7 1 85 0 2 4 2 3 3 1 0.635871 0.000000 
7 1 86 1 2 2 0 3 3 1 0.862841 0.000000 
7 1 87 1 0 2 1 3 3 1 0.641018 0.000000 
7 1 88 0 0 1 0 1 2 0 1.420025 0.000000 
7 1 89 0 2 4 3 4 4 1 0.563619 0.000000 
7 1 90 0 0 2 1 2 2 1 0.945554 0.000000 
7 1 91 1 2 3 0 4 4 1 0.768538 0.000000 
7 1 92 0 2 5 0 1 1 1 0.797116 0.000000 
7 1 93 0 0 0 3 4 4 1 0.922082 0.000000 
7 1 94 1 2 2 0 3 3 1 0.897716 0.000000 
7 1 95 1 1 1 1 2 2 1 1.330686 0.000000 
7 1 96 0 1 3 3 4 4 1 0.594496 0.000000 
7 1 97 0 1 0 0 1 1 1 0.583353 0.000000 
7 1 98 1 2 2 0 3 3 1 2.076253 0.000000 
7 1 99 0 2 4 3 4 4 1 0.757278 0.000000 
7 1 100 1 2 0 0 1 1 1 0.907571 0.000000 
7 1 101 0 2 4 0 1 1 1 2.099919 0.000000 
7 1 102 0 2 5 2 3 3 1 2.268735 0.000000 
7 1 103 0 0 0 3 4 4 1 1.670910 0.000000 
7 1 104 0 2 5 1 2 2 1 0.687900 0.000000 
7 1 105 0 2 4 0 1 1 1 0.792737 0.000000 
7 1 106 1 0 3 2 4 4 1 0.685627 0.000000 
7 1 107 0 1 0 0 1 1 1 0.606567 0.000000 
7 1 108 1 2 0 0 1 1 1 0.946727 0.000000 
7 1 109 0 1 2 2 3 3 1 0.729762 0.000000 
7 1 110 0 2 5 2 3 3 1 0.633287 0.000000 
7 1 111 0 2 4 1 2 2 1 0.652188 0.000000 
7 1 112 0 1 1 1 2 2 1 0.654411 0.000000 
7 1 113 0 2 4 0 1 1 1 0.639566 0.000000 
7 1 114 0 0 0 3 4 4 1 1.058435 0.000000 
7 1 115 0 1 0 0 1 1 1 0.644820 0.000000 
7 1 116 1 1 3 3 4 4 1 1.263707 0.000000 
7 1 117 0 0 1 0 1 1 1 1.770192 0.000000 
7 1 118 1 1 3 3 4 4 1 0.792125 0.000000 
7 1 119 0 0 2 1 2 2 1 1.461128 0.000000 
7 1 120 0 0 1 0 1 1 1 1.118622 0.000000 
7 1 121 1 0 0 3 1 1 1 1.014365 0.000000 
7 1 122 1 1 1 1 2 2 1 1.106640 0.000000 
7 1 123 0 2 4 2 3 3 1 0.907105 0.000000 
7 1 124 0 1 2 2 3 3 1 0.739409 0.000000 
7 1 125 0 0 2 1 2 2 1 0.666336 0.000000 
7 1 126 0 2 5 3 4 4 1 0.628115 0.000000 
7 1 127 0 2 4 3 4 4 1 0.550353 0.000000 
7 1 128 1 1 3 3 4 4 1 0.732556 0.000000 
7 1 129 0 2 4 2 3 3 1 0.787963 0.000000 
7 1 130 0 1 1 1 2 2 1 1.024447 0.000000 
7 1 131 0 1 0 0 1 1 1 0.820096 0.000000 
7 1 132 1 2 0 0 1 1 1 0.783726 0.000000 
7 1 133 0 1 2 2 3 3 1 0.772644 0.000000 
7 1 134 1 1 1 1 2 2 1 0.633411 0.000000 
7 1 135 0 1 3 3 4 4 1 0.772064 0.000000 
7 1 136 0 1 1 1 2 2 1 0.601717 0.000000 
7 1 137 1 0 2 1 3 3 1 0.757871 0.000000 
7 1 138 0 2 5 3 4 4 1 0.636128 0.000000 
7 1 139 0 2 4 2 3 3 1 0.735036 0.000000 
7 1 140 1 1 1 1 2 2 1 1.005906 0.000000 
7 1 141 0 0 2 1 2 2 1 1.370302 0.000000 
7 1 142 0 2 5 1 2 2 1 0.671088 0.000000 
7 1 143 0 0 3 2 3 3 1 0.624653 0.000000 
7 1 144 0 1 1 1 2 2 1 0.628171 0.000000 
7 1 145 1 1 2 2 3 3 1 0.687713 0.000000 
7 1 146 1 2 2 0 3 3 1 0.848592 0.000000 
7 1 147 0 0 1 0 1 2 0 0.619560 0.000000 
7 1 148 0 1 0 0 1 1 1 0.579103 0.000000 
7 1 149 0 2 4 0 1 1 1 0.768160 0.000000 
7 1 150 0 2 5 3 4 4 1 0.548708 0.000000 
7 1 151 0 1 3 3 4 4 1 0.435558 0.000000 
7 1 152 0 1 2 2 3 3 1 0.806374 0.000000 
7 1 153 0 0 3 2 3 3 1 0.474617 0.000000 
7 1 154 1 1 1 1 2 2 1 0.988097 0.000000 
7 1 155 1 0 2 1 3 2 0 0.601086 0.000000 
7 1 156 0 0 2 1 2 3 0 0.585516 0.000000 
7 1 157 0 0 1 0 1 1 1 0.993723 0.000000 
7 1 158 0 1 3 3 4 4 1 0.573259 0.000000 
7 1 159 0 0 1 0 1 1 1 0.802695 0.000000 
7 1 160 0 0 2 1 2 2 1 1.102968 0.000000 
7 1 161 0 1 0 0 1 1 1 0.719417 0.000000 
7 1 162 0 0 0 3 4 4 1 0.750991 0.000000 
7 1 163 0 1 3 3 4 4 1 0.581237 0.000000 
7 1 164 0 1 2 2 3 3 1 0.858710 0.000000 
7 1 165 0 2 4 3 4 4 1 0.852002 0.000000 
7 1 166 0 0 1 0 1 1 1 1.062340 0.000000 
7 1 167 0 1 1 1 2 2 1 0.696703 0.000000 
7 1 168 0 2 5 3 4 4 1 0.561588 0.000000 
7 1 169 0 2 4 2 3 3 1 0.863779 0.000000 
7 1 170 0 0 0 3 4 4 1 0.650039 0.000000 
7 1 171 1 0 1 0 2 2 1 1.148274 0.000000 
7 1 172 1 2 0 0 1 1 1 1.074370 0.000000 
7 1 173 0 2 4 3 4 4 1 0.588046 0.000000 
7 1 174 0 2 5 3 4 4 1 0.536835 0.000000 
7 1 175 0 0 0 3 4 4 1 0.727743 0.000000 
7 1 176 0 2 5 2 3 3 1 0.839314 0.000000 
7 1 177 0 0 2 1 2 2 1 0.946257 0.000000 
7 1 178 0 0 2 1 2 2 1 0.609239 0.000000 
7 1 179 0 2 4 1 2 2 1 0.461434 0.000000 
7 1 180 1 0 2 1 3 3 1 1.526564 0.000000 
7 1 181 0 0 2 1 2 3 0 0.502472 0.000000 
7 1 182 1 0 3 2 4 4 1 0.746647 0.000000 
7 1 183 0 0 3 2 3 4 0 1.385083 0.000000 
7 1 184 1 2 0 0 1 1 1 1.098264 0.000000 
7 1 185 0 1 0 0 1 1 1 0.746848 0.000000 
7 1 186 1 1 1 1 2 2 1 1.345720 0.000000 
7 1 187 0 0 2 1 2 2 1 1.095879 0.000000 
7 1 188 0 2 5 1 2 2 1 0.561028 0.000000 
7 1 189 0 2 4 0 1 1 1 0.631119 0.000000 
7 1 190 0 0 1 0 1 1 1 0.754683 0.000000 
7 1 191 0 1 0 0 1 1 1 0.720912 0.000000 
7 1 192 1 1 2 2 3 3 1 2.256527 0.000000 
