1 1 1 1 1 2 2 3 3 1 3.405552 0.000000 
1 1 2 0 0 1 3 4 2 0 3.298601 0.000000 
1 1 3 0 1 2 2 3 3 1 4.935046 0.000000 
1 1 4 0 1 2 2 3 3 1 1.135370 0.000000 
1 1 5 0 2 4 1 2 2 1 2.094187 0.000000 
1 1 6 0 1 1 1 2 2 1 1.871148 0.000000 
1 1 7 0 2 4 3 4 4 1 1.128039 0.000000 
1 1 8 1 2 0 0 1 1 1 2.039816 0.000000 
1 1 9 1 0 2 0 3 3 1 1.763161 0.000000 
1 1 10 0 1 1 1 2 2 1 1.169696 0.000000 
1 1 11 0 1 1 1 2 2 1 0.687355 0.000000 
1 1 12 1 1 0 0 1 1 1 1.336266 0.000000 
1 1 13 0 0 2 0 1 3 0 1.974416 0.000000 
1 1 14 1 0 3 1 4 0 0 5.000002 0.000000 
1 1 15 0 2 4 2 3 3 1 1.057673 0.000000 
1 1 16 0 0 0 2 3 3 1 2.155662 0.000000 
1 1 17 0 2 4 0 1 1 1 0.818343 0.000000 
1 1 18 0 1 2 2 3 3 1 1.076977 0.000000 
1 1 19 0 1 0 0 1 1 1 1.390604 0.000000 
1 1 20 0 1 0 0 1 1 1 0.579678 0.000000 
1 1 21 0 0 0 2 3 3 1 1.257178 0.000000 
1 1 22 0 2 5 1 2 2 1 0.915331 0.000000 
1 1 23 0 0 3 1 2 2 1 2.643250 0.000000 
1 1 24 1 1 2 2 3 3 1 1.557749 0.000000 
1 1 25 1 2 1 0 2 1 0 2.020317 0.000000 
1 1 26 0 2 5 0 1 1 1 1.772291 0.000000 
1 1 27 0 1 3 3 4 4 1 1.081779 0.000000 
1 1 28 0 2 5 2 3 3 1 1.883475 0.000000 
1 1 29 0 1 1 1 2 2 1 0.956744 0.000000 
1 1 30 0 1 2 2 3 3 1 1.242000 0.000000 
1 1 31 1 0 1 3 2 2 1 2.197087 0.000000 
1 1 32 0 0 3 1 2 2 1 1.746554 0.000000 
1 1 33 0 0 2 0 1 1 1 0.769750 0.000000 
1 1 34 1 1 2 2 3 3 1 1.767358 0.000000 
1 1 35 0 1 0 0 1 1 1 1.532277 0.000000 
1 1 36 0 1 0 0 1 1 1 0.627929 0.000000 
1 1 37 1 0 0 2 1 1 1 3.975701 0.000000 
1 1 38 0 2 5 2 3 3 1 1.318370 0.000000 
1 1 39 0 2 4 2 3 3 1 0.933993 0.000000 
1 1 40 0 2 5 0 1 1 1 1.628976 0.000000 
1 1 41 0 0 0 2 3 3 1 1.319910 0.000000 
1 1 42 0 1 0 0 1 1 1 0.703657 0.000000 
1 1 43 0 0 0 2 3 3 1 1.095870 0.000000 
1 1 44 0 2 5 1 2 2 1 1.016887 0.000000 
1 1 45 1 2 1 0 2 2 1 1.724738 0.000000 
1 1 46 0 2 5 1 2 2 1 0.924367 0.000000 
1 1 47 1 2 3 0 4 4 1 1.491062 0.000000 
1 1 48 1 2 0 0 1 1 1 1.332139 0.000000 
1 1 49 1 1 1 1 2 2 1 1.083903 0.000000 
1 1 50 0 0 0 2 3 3 1 1.116927 0.000000 
1 1 51 1 0 0 2 1 1 1 1.348632 0.000000 
1 1 52 1 1 0 0 1 1 1 1.987757 0.000000 
1 1 53 0 0 0 2 3 3 1 1.049005 0.000000 
1 1 54 0 1 2 2 3 3 1 0.987024 0.000000 
1 1 55 0 0 0 2 3 3 1 0.928005 0.000000 
1 1 56 1 1 2 2 3 3 1 1.103619 0.000000 
1 1 57 1 2 1 0 2 2 1 1.703993 0.000000 
1 1 58 0 0 2 0 1 1 1 1.552563 0.000000 
1 1 59 0 2 4 1 2 2 1 0.823007 0.000000 
1 1 60 0 1 3 3 4 4 1 0.834614 0.000000 
1 1 61 0 1 0 0 1 1 1 0.780512 0.000000 
1 1 62 0 2 5 3 4 4 1 1.042011 0.000000 
1 1 63 0 0 2 0 1 1 1 1.573053 0.000000 
1 1 64 0 2 5 1 2 2 1 0.802872 0.000000 
1 1 65 0 0 3 1 2 2 1 1.063139 0.000000 
1 1 66 0 1 1 1 2 2 1 0.561411 0.000000 
1 1 67 0 2 4 3 4 4 1 0.687550 0.000000 
1 1 68 0 2 5 3 4 4 1 0.655411 0.000000 
1 1 69 0 2 4 2 3 3 1 1.369576 0.000000 
1 1 70 0 1 1 1 2 2 1 1.071375 0.000000 
1 1 71 0 2 4 3 4 4 1 0.608997 0.000000 
1 1 72 1 0 0 2 1 1 1 1.213201 0.000000 
1 1 73 0 0 2 0 1 1 1 1.393591 0.000000 
1 1 74 0 2 5 0 1 1 1 1.094678 0.000000 
1 1 75 0 2 4 3 4 4 1 0.630690 0.000000 
1 1 76 1 0 0 2 1 1 1 2.218232 0.000000 
1 1 77 0 2 4 0 1 1 1 0.702232 0.000000 
1 1 78 1 0 1 3 2 2 1 1.622457 0.000000 
1 1 79 0 1 1 1 2 2 1 0.970353 0.000000 
1 1 80 0 0 3 1 2 2 1 0.855967 0.000000 
1 1 81 0 2 4 2 3 3 1 0.873204 0.000000 
1 1 82 0 2 5 1 2 2 1 0.714764 0.000000 
1 1 83 1 2 3 0 4 4 1 1.210975 0.000000 
1 1 84 1 2 0 0 1 1 1 0.967347 0.000000 
1 1 85 0 0 1 3 4 4 1 1.148973 0.000000 
1 1 86 1 0 1 3 2 4 0 0.555965 0.000000 
1 1 87 0 1 1 1 2 2 1 0.638048 0.000000 
1 1 88 0 2 5 0 1 1 1 0.704486 0.000000 
1 1 89 1 2 1 0 2 2 1 1.311680 0.000000 
1 1 90 0 1 2 2 3 3 1 0.752035 0.000000 
1 1 91 0 0 1 3 4 4 1 0.702308 0.000000 
1 1 92 1 2 0 0 1 1 1 0.878470 0.000000 
1 1 93 1 2 1 0 2 2 1 0.920022 0.000000 
1 1 94 0 1 2 2 3 3 1 0.703673 0.000000 
1 1 95 0 1 1 1 2 2 1 0.647837 0.000000 
1 1 96 0 0 2 0 1 1 1 0.841646 0.000000 
1 1 97 0 2 4 2 3 3 1 1.100589 0.000000 
1 1 98 0 1 3 3 4 4 1 0.604930 0.000000 
1 1 99 1 0 0 2 1 1 1 0.937036 0.000000 
1 1 100 0 0 1 3 4 4 1 0.968014 0.000000 
1 1 101 0 1 2 2 3 3 1 0.765654 0.000000 
1 1 102 0 0 0 2 3 3 1 1.555903 0.000000 
1 1 103 1 2 3 0 4 4 1 1.169388 0.000000 
1 1 104 0 2 5 1 2 2 1 0.735012 0.000000 
1 1 105 1 0 3 1 4 4 1 1.381947 0.000000 
1 1 106 0 1 1 1 2 2 1 0.875699 0.000000 
1 1 107 0 0 3 1 2 2 1 0.941314 0.000000 
1 1 108 0 0 1 3 4 4 1 1.508273 0.000000 
1 1 109 0 2 4 0 1 1 1 0.772744 0.000000 
1 1 110 0 0 2 0 1 1 1 0.801268 0.000000 
1 1 111 0 1 0 0 1 1 1 0.645506 0.000000 
1 1 112 0 1 1 1 2 2 1 0.808312 0.000000 
1 1 113 0 0 0 2 3 3 1 0.868567 0.000000 
1 1 114 0 2 5 2 3 3 1 0.614099 0.000000 
1 1 115 0 1 2 2 3 3 1 0.730254 0.000000 
1 1 116 0 0 0 2 3 3 1 0.817841 0.000000 
1 1 117 0 0 0 2 3 3 1 0.693396 0.000000 
1 1 118 0 0 3 1 2 2 1 0.797256 0.000000 
1 1 119 1 0 1 3 2 2 1 1.514158 0.000000 
1 1 120 0 1 1 1 2 2 1 0.834629 0.000000 
1 1 121 0 1 3 3 4 4 1 1.261556 0.000000 
1 1 122 1 2 2 0 3 3 1 1.335947 0.000000 
1 1 123 1 0 1 3 2 2 1 1.158991 0.000000 
1 1 124 0 0 3 1 2 2 1 1.205353 0.000000 
1 1 125 0 0 3 1 2 2 1 0.480761 0.000000 
1 1 126 0 2 5 3 4 4 1 1.066196 0.000000 
1 1 127 0 0 3 1 2 2 1 1.364080 0.000000 
1 1 128 0 0 1 3 4 4 1 1.042307 0.000000 
1 1 129 0 1 3 3 4 4 1 0.581280 0.000000 
1 1 130 0 1 0 0 1 1 1 0.722686 0.000000 
1 1 131 0 0 2 0 1 1 1 0.650254 0.000000 
1 1 132 0 1 3 3 4 4 1 0.851481 0.000000 
1 1 133 0 2 4 3 4 4 1 0.661632 0.000000 
1 1 134 0 2 5 2 3 3 1 1.823927 0.000000 
1 1 135 0 0 1 3 4 4 1 0.739809 0.000000 
1 1 136 0 0 1 3 4 4 1 0.530678 0.000000 
1 1 137 1 0 3 1 4 4 1 1.354167 0.000000 
1 1 138 1 0 3 1 4 4 1 0.848537 0.000000 
1 1 139 0 2 4 3 4 4 1 0.690510 0.000000 
1 1 140 0 1 3 3 4 4 1 0.523301 0.000000 
1 1 141 0 1 1 1 2 2 1 0.970777 0.000000 
1 1 142 0 1 0 0 1 1 1 0.648378 0.000000 
1 1 143 0 1 3 3 4 4 1 0.691227 0.000000 
1 1 144 0 0 1 3 4 4 1 0.692030 0.000000 
1 1 145 0 2 4 2 3 3 1 0.892873 0.000000 
1 1 146 0 1 3 3 4 4 1 0.637805 0.000000 
1 1 147 1 0 2 0 3 3 1 1.695664 0.000000 
1 1 148 1 0 0 2 1 1 1 1.184902 0.000000 
1 1 149 0 2 4 1 2 3 0 0.853938 0.000000 
1 1 150 0 2 5 0 1 1 1 0.908136 0.000000 
1 1 151 1 0 1 3 2 2 1 1.244001 0.000000 
1 1 152 1 0 3 1 4 4 1 1.087006 0.000000 
1 1 153 0 2 4 3 4 4 1 0.535962 0.000000 
1 1 154 1 0 3 1 4 4 1 1.373865 0.000000 
1 1 155 0 1 0 0 1 1 1 0.747613 0.000000 
1 1 156 0 1 1 1 2 2 1 0.826492 0.000000 
1 1 157 0 2 4 3 4 4 1 0.638007 0.000000 
1 1 158 0 0 2 0 1 1 1 1.056874 0.000000 
1 1 159 0 1 0 0 1 1 1 1.067199 0.000000 
1 1 160 0 1 2 2 3 3 1 0.964812 0.000000 
1 1 161 0 2 4 3 4 4 1 0.586125 0.000000 
1 1 162 0 0 3 1 2 2 1 1.327002 0.000000 
1 1 163 0 1 2 2 3 3 1 0.886681 0.000000 
1 1 164 1 0 1 3 2 2 1 2.095678 0.000000 
1 1 165 0 2 4 2 3 3 1 0.937008 0.000000 
1 1 166 0 1 3 3 4 4 1 0.623924 0.000000 
1 1 167 1 2 3 0 4 4 1 0.931450 0.000000 
1 1 168 0 1 3 3 4 4 1 0.722030 0.000000 
1 1 169 0 2 4 3 4 4 1 0.609605 0.000000 
1 1 170 1 1 0 0 1 1 1 0.869655 0.000000 
1 1 171 0 0 0 2 3 3 1 2.543391 0.000000 
1 1 172 0 0 0 2 3 3 1 0.662817 0.000000 
1 1 173 0 2 4 3 4 4 1 0.609007 0.000000 
1 1 174 0 2 5 2 3 3 1 1.069216 0.000000 
1 1 175 1 1 3 3 4 4 1 1.517855 0.000000 
1 1 176 1 1 0 0 1 1 1 1.301708 0.000000 
1 1 177 0 1 3 3 4 4 1 0.758120 0.000000 
1 1 178 0 0 1 3 4 4 1 1.020338 0.000000 
1 1 179 1 1 0 0 1 1 1 0.799982 0.000000 
1 1 180 1 2 0 0 1 1 1 0.628176 0.000000 
1 1 181 1 0 1 3 2 2 1 1.135688 0.000000 
1 1 182 0 1 2 2 3 3 1 1.069721 0.000000 
1 1 183 0 1 1 1 2 2 1 0.695336 0.000000 
1 1 184 0 2 5 1 2 2 1 0.736200 0.000000 
1 1 185 0 2 4 1 2 2 1 0.791021 0.000000 
1 1 186 0 2 5 0 1 1 1 0.683927 0.000000 
1 1 187 0 1 1 1 2 2 1 0.900816 0.000000 
1 1 188 0 2 5 1 2 2 1 0.604999 0.000000 
1 1 189 0 1 3 3 4 4 1 0.665154 0.000000 
1 1 190 0 1 1 1 2 2 1 0.642387 0.000000 
1 1 191 0 2 4 3 4 4 1 0.605201 0.000000 
1 1 192 0 2 5 1 2 2 1 0.745342 0.000000 
1 1 1 0 1 0 0 1 1 1 0.827844 0.000000 
1 1 2 0 1 3 3 4 4 1 0.919251 0.000000 
1 1 3 0 0 3 1 2 2 1 0.813821 0.000000 
1 1 4 0 1 0 0 1 1 1 0.617973 0.000000 
1 1 5 0 1 2 2 3 3 1 0.581473 0.000000 
1 1 6 0 2 5 1 2 2 1 0.730747 0.000000 
1 1 7 0 2 4 3 4 4 1 0.529621 0.000000 
1 1 8 0 1 3 3 4 4 1 0.440684 0.000000 
1 1 9 0 0 3 1 2 2 1 0.523381 0.000000 
1 1 10 0 0 2 0 1 1 1 0.714858 0.000000 
1 1 11 0 1 2 2 3 3 1 0.538032 0.000000 
1 1 12 1 0 1 3 2 2 1 1.480812 0.000000 
1 1 13 0 0 2 0 1 1 1 1.330659 0.000000 
1 1 14 0 2 5 2 3 3 1 0.874426 0.000000 
1 1 15 1 0 1 3 2 2 1 0.899985 0.000000 
1 1 16 0 0 2 0 1 1 1 0.844248 0.000000 
1 1 17 0 2 4 0 1 1 1 0.535158 0.000000 
1 1 18 0 0 2 0 1 1 1 0.492980 0.000000 
1 1 19 0 0 1 3 4 4 1 0.741744 0.000000 
1 1 20 0 0 0 2 3 3 1 0.796614 0.000000 
1 1 21 0 0 0 2 3 3 1 0.465439 0.000000 
1 1 22 0 1 0 0 1 1 1 0.571566 0.000000 
1 1 23 0 1 3 3 4 4 1 0.481011 0.000000 
1 1 24 1 2 0 0 1 1 1 0.914481 0.000000 
1 1 25 0 1 2 2 3 3 1 0.602753 0.000000 
1 1 26 1 1 0 0 1 1 1 0.549889 0.000000 
1 1 27 0 1 3 3 4 4 1 0.555969 0.000000 
1 1 28 0 1 0 0 1 1 1 0.490082 0.000000 
1 1 29 0 1 3 3 4 4 1 0.506896 0.000000 
1 1 30 0 1 2 2 3 3 1 0.651002 0.000000 
1 1 31 0 0 1 3 4 4 1 1.861257 0.000000 
1 1 32 0 2 5 1 2 2 1 0.519802 0.000000 
1 1 33 1 2 1 0 2 2 1 0.831215 0.000000 
1 1 34 0 0 1 3 4 4 1 1.033811 0.000000 
1 1 35 0 0 2 0 1 1 1 1.468871 0.000000 
1 1 36 0 2 5 0 1 1 1 0.462637 0.000000 
1 1 37 0 2 4 2 3 3 1 1.168769 0.000000 
1 1 38 0 2 5 2 3 3 1 0.446427 0.000000 
1 1 39 0 0 1 3 4 4 1 0.529187 0.000000 
1 1 40 1 0 2 0 3 3 1 1.224655 0.000000 
1 1 41 0 2 4 2 3 3 1 0.588335 0.000000 
1 1 42 1 1 3 3 4 4 1 0.928172 0.000000 
1 1 43 0 1 3 3 4 4 1 0.471708 0.000000 
1 1 44 0 0 1 3 4 4 1 0.505196 0.000000 
1 1 45 1 2 1 0 2 2 1 0.713312 0.000000 
1 1 46 0 0 1 3 4 4 1 0.785514 0.000000 
1 1 47 1 2 3 0 4 4 1 0.966376 0.000000 
1 1 48 0 1 1 1 2 2 1 0.603987 0.000000 
1 1 49 1 0 2 0 3 3 1 1.000135 0.000000 
1 1 50 0 1 1 1 2 3 0 0.507418 0.000000 
1 1 51 1 2 3 0 4 4 1 2.063584 0.000000 
1 1 52 1 1 2 2 3 3 1 1.329842 0.000000 
1 1 53 0 1 3 3 4 4 1 0.641536 0.000000 
1 1 54 1 1 1 1 2 2 1 0.772396 0.000000 
1 1 55 0 0 1 3 4 4 1 0.881953 0.000000 
1 1 56 0 2 5 0 1 1 1 0.594524 0.000000 
1 1 57 0 0 0 2 3 3 1 2.383391 0.000000 
1 1 58 0 0 3 1 2 2 1 1.452867 0.000000 
1 1 59 1 0 0 2 1 1 1 1.039328 0.000000 
1 1 60 0 2 5 1 2 3 0 0.842255 0.000000 
1 1 61 0 0 3 1 2 2 1 1.297143 0.000000 
1 1 62 0 1 2 2 3 3 1 0.681824 0.000000 
1 1 63 1 2 3 0 4 4 1 1.818389 0.000000 
1 1 64 1 0 0 2 1 1 1 0.742274 0.000000 
1 1 65 0 0 1 3 4 4 1 1.357160 0.000000 
1 1 66 1 1 3 3 4 4 1 0.947589 0.000000 
1 1 67 0 0 0 2 3 3 1 0.674521 0.000000 
1 1 68 0 2 5 1 2 2 1 0.659960 0.000000 
1 1 69 1 0 2 0 3 3 1 1.014163 0.000000 
1 1 70 0 1 0 0 1 1 1 0.825509 0.000000 
1 1 71 0 0 3 1 2 2 1 0.877066 0.000000 
1 1 72 0 1 0 0 1 1 1 0.638647 0.000000 
1 1 73 0 2 4 1 2 2 1 0.513420 0.000000 
1 1 74 0 1 3 3 4 4 1 0.529607 0.000000 
1 1 75 0 2 4 3 4 4 1 0.488998 0.000000 
1 1 76 0 0 2 0 1 1 1 0.761825 0.000000 
1 1 77 0 2 4 1 2 2 1 0.624007 0.000000 
1 1 78 1 2 2 0 3 3 1 1.386540 0.000000 
1 1 79 1 2 3 0 4 4 1 0.711612 0.000000 
1 1 80 0 0 0 2 3 3 1 0.871786 0.000000 
1 1 81 0 0 0 2 3 3 1 0.529336 0.000000 
1 1 82 1 0 3 1 4 4 1 1.176852 0.000000 
1 1 83 0 1 3 3 4 4 1 0.614547 0.000000 
1 1 84 0 1 2 2 3 3 1 0.738685 0.000000 
1 1 85 0 1 2 2 3 3 1 0.561566 0.000000 
1 1 86 1 1 3 3 4 4 1 0.750679 0.000000 
1 1 87 1 1 2 2 3 3 1 0.788900 0.000000 
1 1 88 0 2 5 3 4 4 1 0.745726 0.000000 
1 1 89 1 1 0 0 1 1 1 1.024612 0.000000 
1 1 90 0 2 5 3 4 4 1 1.204324 0.000000 
1 1 91 1 2 3 0 4 4 1 0.624646 0.000000 
1 1 92 0 0 0 2 3 3 1 1.148182 0.000000 
1 1 93 1 1 0 0 1 1 1 0.674175 0.000000 
1 1 94 0 2 5 2 3 3 1 0.571653 0.000000 
1 1 95 1 2 3 0 4 4 1 0.849127 0.000000 
1 1 96 0 2 5 3 4 4 1 0.644006 0.000000 
1 1 97 0 2 4 0 1 1 1 0.662842 0.000000 
1 1 98 0 2 5 3 4 4 1 0.472984 0.000000 
1 1 99 1 2 3 0 4 4 1 0.762493 0.000000 
1 1 100 0 0 1 3 4 4 1 0.896710 0.000000 
1 1 101 0 2 4 0 1 1 1 0.728611 0.000000 
1 1 102 0 1 3 3 4 4 1 0.640158 0.000000 
1 1 103 0 0 3 1 2 2 1 0.562983 0.000000 
1 1 104 1 1 3 3 4 4 1 0.681120 0.000000 
1 1 105 0 0 2 0 1 1 1 1.218641 0.000000 
1 1 106 1 1 3 3 4 4 1 0.718325 0.000000 
1 1 107 1 0 1 3 2 2 1 0.757849 0.000000 
1 1 108 0 1 0 0 1 1 1 0.636001 0.000000 
1 1 109 0 0 1 3 4 4 1 0.821897 0.000000 
1 1 110 0 1 1 1 2 2 1 0.617468 0.000000 
1 1 111 0 0 3 1 2 2 1 0.556887 0.000000 
1 1 112 1 0 0 2 1 1 1 2.027131 0.000000 
1 1 113 0 0 2 0 1 3 0 0.847110 0.000000 
1 1 114 0 2 5 2 3 3 1 0.621925 0.000000 
1 1 115 0 2 4 1 2 2 1 0.993027 0.000000 
1 1 116 0 1 0 0 1 1 1 0.572997 0.000000 
1 1 117 1 1 2 2 3 3 1 1.754513 0.000000 
1 1 118 0 2 5 0 1 1 1 0.713018 0.000000 
1 1 119 1 1 1 1 2 2 1 1.065200 0.000000 
1 1 120 0 0 3 1 2 2 1 0.739584 0.000000 
1 1 121 0 2 4 2 3 3 1 0.682440 0.000000 
1 1 122 0 1 1 1 2 2 1 0.803954 0.000000 
1 1 123 0 1 2 2 3 3 1 0.591179 0.000000 
1 1 124 0 0 1 3 4 4 1 0.611979 0.000000 
1 1 125 0 0 1 3 4 4 1 0.464112 0.000000 
1 1 126 0 2 5 1 2 3 0 0.610188 0.000000 
1 1 127 0 2 4 0 1 1 1 1.370346 0.000000 
1 1 128 0 2 5 2 3 3 1 0.735684 0.000000 
1 1 129 1 0 0 2 1 1 1 1.150553 0.000000 
1 1 130 0 0 1 3 4 4 1 0.532811 0.000000 
1 1 131 0 0 3 1 2 2 1 1.723114 0.000000 
1 1 132 1 2 0 0 1 1 1 2.002614 0.000000 
1 1 133 0 1 2 2 3 3 1 0.735299 0.000000 
1 1 134 0 1 1 1 2 2 1 0.694167 0.000000 
1 1 135 1 1 1 1 2 2 1 0.935045 0.000000 
1 1 136 0 0 1 3 4 4 1 0.461947 0.000000 
1 1 137 0 2 4 3 4 4 1 0.480031 0.000000 
1 1 138 1 1 0 0 1 1 1 0.960478 0.000000 
1 1 139 0 1 1 1 2 2 1 0.606755 0.000000 
1 1 140 0 2 5 3 4 4 1 0.578905 0.000000 
1 1 141 0 2 4 2 3 3 1 0.808390 0.000000 
1 1 142 0 2 5 3 4 4 1 0.556582 0.000000 
1 1 143 0 1 2 2 3 3 1 0.658736 0.000000 
1 1 144 0 2 5 2 3 3 1 0.604880 0.000000 
1 1 145 1 2 1 0 2 2 1 0.921011 0.000000 
1 1 146 0 2 5 1 2 2 1 0.519612 0.000000 
1 1 147 0 2 4 0 1 1 1 0.703002 0.000000 
1 1 148 0 0 3 1 2 2 1 0.671242 0.000000 
1 1 149 0 2 4 3 4 4 1 0.568824 0.000000 
1 1 150 0 2 5 3 4 4 1 0.390208 0.000000 
1 1 151 0 0 2 0 1 1 1 1.675046 0.000000 
1 1 152 1 0 0 2 1 1 1 0.820878 0.000000 
1 1 153 0 0 1 3 4 4 1 1.335512 0.000000 
1 1 154 1 1 1 1 2 2 1 0.654518 0.000000 
1 1 155 0 0 2 0 1 1 1 0.960681 0.000000 
1 1 156 0 1 2 2 3 3 1 0.478993 0.000000 
1 1 157 0 0 3 1 2 2 1 0.872435 0.000000 
1 1 158 0 2 5 3 4 4 1 0.337989 0.000000 
1 1 159 0 0 2 0 1 1 1 1.136767 0.000000 
1 1 160 0 1 1 1 2 2 1 0.519719 0.000000 
1 1 161 0 2 4 2 3 3 1 0.663166 0.000000 
1 1 162 0 2 5 3 4 4 1 0.400360 0.000000 
1 1 163 1 1 3 3 4 4 1 1.116459 0.000000 
1 1 164 0 1 3 3 4 4 1 0.452111 0.000000 
1 1 165 0 1 3 3 4 4 1 0.470136 0.000000 
1 1 166 0 0 0 2 3 3 1 1.167687 0.000000 
1 1 167 0 2 4 3 4 4 1 0.581303 0.000000 
1 1 168 0 2 5 2 3 3 1 0.850797 0.000000 
1 1 169 0 0 0 2 3 3 1 0.485005 0.000000 
1 1 170 1 1 2 2 3 3 1 0.836760 0.000000 
1 1 171 1 1 1 1 2 2 1 0.655738 0.000000 
1 1 172 0 2 5 1 2 2 1 0.681877 0.000000 
1 1 173 1 1 0 0 1 1 1 0.883389 0.000000 
1 1 174 0 0 2 0 1 1 1 0.900310 0.000000 
1 1 175 1 1 3 3 4 4 1 0.604547 0.000000 
1 1 176 0 1 1 1 2 2 1 0.784770 0.000000 
1 1 177 0 1 1 1 2 2 1 0.508624 0.000000 
1 1 178 0 2 5 1 2 2 1 0.468757 0.000000 
1 1 179 0 0 2 0 1 1 1 0.654204 0.000000 
1 1 180 0 2 5 0 1 1 1 0.528346 0.000000 
1 1 181 1 2 1 0 2 1 0 0.943775 0.000000 
1 1 182 0 0 2 0 1 1 1 1.186692 0.000000 
1 1 183 0 2 4 1 2 2 1 0.711269 0.000000 
1 1 184 0 2 5 3 4 3 0 0.807527 0.000000 
1 1 185 0 1 0 0 1 1 1 0.806637 0.000000 
1 1 186 0 0 0 2 3 3 1 0.730497 0.000000 
1 1 187 1 2 3 0 4 4 1 1.058010 0.000000 
1 1 188 0 1 1 1 2 2 1 0.628330 0.000000 
1 1 189 0 2 4 1 2 2 1 0.551819 0.000000 
1 1 190 0 1 3 3 4 4 1 0.477920 0.000000 
1 1 191 0 0 3 1 2 2 1 1.855423 0.000000 
1 1 192 0 0 3 1 2 2 1 0.513022 0.000000 
