24 1 1 0 1 0 0 1 1 1 1.681806 0.000000 
24 1 2 1 1 3 3 4 4 1 1.091446 0.000000 
24 1 3 0 2 4 1 2 2 1 1.372264 0.000000 
24 1 4 1 2 0 0 1 1 1 3.264681 0.000000 
24 1 5 0 2 4 3 4 4 1 0.651742 0.000000 
24 1 6 0 0 3 2 3 3 1 0.925911 0.000000 
24 1 7 1 0 1 0 2 2 1 2.917612 0.000000 
24 1 8 0 0 0 3 4 4 1 0.677909 0.000000 
24 1 9 0 1 2 2 3 3 1 0.655391 0.000000 
24 1 10 1 0 1 0 2 2 1 2.472624 0.000000 
24 1 11 1 1 1 1 2 2 1 3.018881 0.000000 
24 1 12 0 1 1 1 2 2 1 0.647200 0.000000 
24 1 13 0 0 3 2 3 3 1 0.834043 0.000000 
24 1 14 1 2 2 0 3 2 0 1.500944 0.000000 
24 1 15 0 2 4 2 3 3 1 0.841389 0.000000 
24 1 16 0 2 5 0 1 1 1 0.754617 0.000000 
24 1 17 0 2 4 1 2 2 1 0.760410 0.000000 
24 1 18 1 2 2 0 3 3 1 1.078636 0.000000 
24 1 19 0 1 0 0 1 1 1 0.960317 0.000000 
24 1 20 1 2 0 0 1 1 1 1.606582 0.000000 
24 1 21 0 2 4 0 1 1 1 0.539054 0.000000 
24 1 22 0 2 5 2 3 3 1 0.593892 0.000000 
24 1 23 0 1 0 0 1 1 1 0.837714 0.000000 
24 1 24 0 0 3 2 3 3 1 0.648598 0.000000 
24 1 25 0 2 4 2 3 3 1 0.499436 0.000000 
24 1 26 0 0 1 0 1 1 1 0.619979 0.000000 
24 1 27 0 2 4 2 3 3 1 0.551640 0.000000 
24 1 28 1 0 1 0 2 2 1 1.373841 0.000000 
24 1 29 0 1 3 3 4 4 1 0.715573 0.000000 
24 1 30 0 1 0 0 1 1 1 0.827807 0.000000 
24 1 31 0 1 2 2 3 3 1 0.566367 0.000000 
24 1 32 0 1 1 1 2 2 1 0.868024 0.000000 
24 1 33 1 2 1 0 2 2 1 1.309427 0.000000 
24 1 34 1 2 2 0 3 3 1 1.461860 0.000000 
24 1 35 1 2 3 0 4 4 1 1.264325 0.000000 
24 1 36 0 1 0 0 1 1 1 0.722694 0.000000 
24 1 37 0 0 2 1 2 2 1 1.490243 0.000000 
24 1 38 0 2 5 0 1 1 1 0.722369 0.000000 
24 1 39 0 2 4 1 2 2 1 0.705877 0.000000 
24 1 40 0 0 0 3 4 4 1 0.458068 0.000000 
24 1 41 0 0 1 0 1 1 1 1.780259 0.000000 
24 1 42 1 2 2 0 3 3 1 1.042087 0.000000 
24 1 43 0 1 0 0 1 1 1 1.061121 0.000000 
24 1 44 1 0 0 3 1 4 0 0.503416 0.000000 
24 1 45 0 2 4 1 2 2 1 1.130472 0.000000 
24 1 46 0 1 2 2 3 3 1 0.617730 0.000000 
24 1 47 0 1 0 0 1 1 1 0.597240 0.000000 
24 1 48 0 1 1 1 2 2 1 0.673975 0.000000 
24 1 49 0 0 1 0 1 1 1 0.755496 0.000000 
24 1 50 1 0 1 0 2 2 1 0.905749 0.000000 
24 1 51 0 2 4 1 2 1 0 0.570008 0.000000 
24 1 52 0 1 2 2 3 3 1 0.603451 0.000000 
24 1 53 1 1 0 0 1 1 1 0.758147 0.000000 
24 1 54 0 0 2 1 2 2 1 1.524418 0.000000 
24 1 55 1 0 2 1 3 2 0 0.988227 0.000000 
24 1 56 0 0 3 2 3 4 0 0.740918 0.000000 
24 1 57 1 0 2 1 3 3 1 1.175548 0.000000 
24 1 58 0 2 5 3 4 4 1 0.484811 0.000000 
24 1 59 0 0 2 1 2 2 1 1.228664 0.000000 
24 1 60 0 0 0 3 4 4 1 0.568308 0.000000 
24 1 61 0 1 3 3 4 4 1 0.469766 0.000000 
24 1 62 1 2 2 0 3 3 1 1.095227 0.000000 
24 1 63 0 2 4 1 2 2 1 0.736215 0.000000 
24 1 64 0 2 5 3 4 4 1 0.535062 0.000000 
24 1 65 1 1 2 2 3 3 1 0.685868 0.000000 
24 1 66 0 1 1 1 2 2 1 1.110739 0.000000 
24 1 67 0 0 3 2 3 3 1 1.678066 0.000000 
24 1 68 0 1 3 3 4 4 1 0.479928 0.000000 
24 1 69 0 1 0 0 1 1 1 0.721356 0.000000 
24 1 70 0 1 3 3 4 4 1 0.600886 0.000000 
24 1 71 0 2 4 3 4 4 1 0.565008 0.000000 
24 1 72 0 0 0 3 4 4 1 0.435181 0.000000 
24 1 73 0 1 0 0 1 1 1 0.661958 0.000000 
24 1 74 0 0 1 0 1 1 1 0.632104 0.000000 
24 1 75 1 1 3 3 4 4 1 0.699598 0.000000 
24 1 76 0 2 5 2 3 3 1 0.699158 0.000000 
24 1 77 1 1 3 3 4 4 1 0.435602 0.000000 
24 1 78 0 0 2 1 2 1 0 1.198389 0.000000 
24 1 79 0 1 1 1 2 1 0 0.711329 0.000000 
24 1 80 0 1 0 0 1 1 1 0.627053 0.000000 
24 1 81 0 1 1 1 2 2 1 1.150164 0.000000 
24 1 82 0 2 5 3 4 4 1 0.540508 0.000000 
24 1 83 0 0 1 0 1 1 1 1.034310 0.000000 
24 1 84 0 0 2 1 2 3 0 0.845313 0.000000 
24 1 85 0 1 3 3 4 4 1 0.388132 0.000000 
24 1 86 0 1 3 3 4 4 1 0.432442 0.000000 
24 1 87 0 1 1 1 2 2 1 0.683874 0.000000 
24 1 88 1 1 1 1 2 2 1 0.924703 0.000000 
24 1 89 0 0 2 1 2 2 1 0.868326 0.000000 
24 1 90 0 2 5 0 1 1 1 1.204955 0.000000 
24 1 91 0 0 3 2 3 3 1 0.633280 0.000000 
24 1 92 0 2 5 3 4 4 1 0.388108 0.000000 
24 1 93 0 2 4 0 1 1 1 0.848860 0.000000 
24 1 94 0 2 5 2 3 3 1 0.667753 0.000000 
24 1 95 0 0 0 3 4 4 1 0.389254 0.000000 
24 1 96 1 0 1 0 2 2 1 1.385980 0.000000 
24 1 97 1 2 1 0 2 2 1 0.703071 0.000000 
24 1 98 0 0 1 0 1 2 0 0.446277 0.000000 
24 1 99 1 0 1 0 2 1 0 0.652997 0.000000 
24 1 100 0 1 0 0 1 1 1 0.586694 0.000000 
24 1 101 0 1 2 2 3 3 1 0.543087 0.000000 
24 1 102 1 1 2 2 3 3 1 0.501869 0.000000 
24 1 103 0 2 4 1 2 2 1 0.742002 0.000000 
24 1 104 0 2 5 0 1 1 1 0.900843 0.000000 
24 1 105 1 1 1 1 2 2 1 1.205124 0.000000 
24 1 106 0 2 5 2 3 3 1 0.568477 0.000000 
24 1 107 0 1 2 2 3 3 1 0.533964 0.000000 
24 1 108 1 1 2 2 3 3 1 0.548731 0.000000 
24 1 109 0 1 3 3 4 4 1 0.395511 0.000000 
24 1 110 0 1 0 0 1 1 1 0.576284 0.000000 
24 1 111 1 2 3 0 4 4 1 1.045748 0.000000 
24 1 112 0 2 5 1 2 2 1 0.864705 0.000000 
24 1 113 0 0 0 3 4 4 1 0.458951 0.000000 
24 1 114 0 0 2 1 2 2 1 1.060021 0.000000 
24 1 115 0 2 4 0 1 4 0 0.422381 0.000000 
24 1 116 0 0 3 2 3 3 1 0.757749 0.000000 
24 1 117 0 1 2 2 3 3 1 0.571532 0.000000 
24 1 118 0 0 0 3 4 4 1 0.545002 0.000000 
24 1 119 0 2 4 2 3 3 1 1.031828 0.000000 
24 1 120 1 0 3 2 4 4 1 0.723428 0.000000 
24 1 121 0 2 4 3 4 4 1 0.538950 0.000000 
24 1 122 0 1 3 3 4 4 1 0.432714 0.000000 
24 1 123 0 2 4 3 4 4 1 0.443985 0.000000 
24 1 124 0 2 5 2 3 3 1 0.622912 0.000000 
24 1 125 1 0 1 0 2 2 1 1.346412 0.000000 
24 1 126 1 1 2 2 3 3 1 0.889501 0.000000 
24 1 127 0 1 0 0 1 1 1 0.738461 0.000000 
24 1 128 0 0 1 0 1 1 1 1.057323 0.000000 
24 1 129 0 0 1 0 1 1 1 0.426658 0.000000 
24 1 130 0 2 5 3 4 4 1 0.486011 0.000000 
24 1 131 0 2 4 2 3 3 1 0.606783 0.000000 
24 1 132 0 1 3 3 4 4 1 0.418887 0.000000 
24 1 133 0 2 4 1 2 2 1 0.670365 0.000000 
24 1 134 0 1 3 3 4 4 1 0.495876 0.000000 
24 1 135 1 1 1 1 2 2 1 0.640641 0.000000 
24 1 136 1 1 1 1 2 2 1 0.571436 0.000000 
24 1 137 0 0 3 2 3 3 1 0.616926 0.000000 
24 1 138 0 2 5 0 1 1 1 0.795458 0.000000 
24 1 139 0 0 3 2 3 3 1 0.568301 0.000000 
24 1 140 0 0 0 3 4 4 1 0.429740 0.000000 
24 1 141 0 1 1 1 2 2 1 0.585182 0.000000 
24 1 142 0 2 5 3 4 4 1 0.518013 0.000000 
24 1 143 0 0 1 0 1 1 1 0.589454 0.000000 
24 1 144 1 2 0 0 1 1 1 0.538290 0.000000 
24 1 145 0 2 4 3 4 4 1 0.473007 0.000000 
24 1 146 1 2 2 0 3 3 1 0.586456 0.000000 
24 1 147 0 1 3 3 4 4 1 0.494287 0.000000 
24 1 148 0 0 3 2 3 3 1 0.527022 0.000000 
24 1 149 0 0 3 2 3 3 1 0.518493 0.000000 
24 1 150 0 0 1 0 1 1 1 0.589973 0.000000 
24 1 151 0 0 1 0 1 1 1 0.402752 0.000000 
24 1 152 1 2 0 0 1 1 1 0.622856 0.000000 
24 1 153 0 0 2 1 2 2 1 0.930366 0.000000 
24 1 154 0 2 5 3 4 4 1 0.545908 0.000000 
24 1 155 0 1 2 2 3 3 1 0.647724 0.000000 
24 1 156 0 0 1 0 1 1 1 0.466543 0.000000 
24 1 157 1 1 2 2 3 3 1 0.604179 0.000000 
24 1 158 0 1 0 0 1 1 1 0.552100 0.000000 
24 1 159 1 0 0 3 1 4 0 0.446216 0.000000 
24 1 160 0 2 5 2 3 3 1 0.636961 0.000000 
24 1 161 0 1 1 1 2 2 1 0.823384 0.000000 
24 1 162 0 0 3 2 3 4 0 0.882956 0.000000 
24 1 163 0 0 3 2 3 3 1 0.567025 0.000000 
24 1 164 0 0 3 2 3 3 1 0.524534 0.000000 
24 1 165 0 1 0 0 1 1 1 0.563971 0.000000 
24 1 166 1 2 2 0 3 3 1 0.882095 0.000000 
24 1 167 0 1 1 1 2 2 1 0.691686 0.000000 
24 1 168 0 2 5 3 4 4 1 0.428529 0.000000 
24 1 169 0 2 4 3 4 4 1 0.447929 0.000000 
24 1 170 0 0 1 0 1 1 1 0.610690 0.000000 
24 1 171 0 1 0 0 1 2 0 0.597873 0.000000 
24 1 172 0 1 2 2 3 3 1 0.582605 0.000000 
24 1 173 1 1 2 2 3 3 1 0.923646 0.000000 
24 1 174 0 0 3 2 3 3 1 1.147287 0.000000 
24 1 175 0 0 3 2 3 3 1 0.458272 0.000000 
24 1 176 1 0 2 1 3 3 1 1.036390 0.000000 
24 1 177 1 0 3 2 4 3 0 0.759328 0.000000 
24 1 178 0 2 5 2 3 3 1 0.617487 0.000000 
24 1 179 0 1 2 2 3 3 1 0.467594 0.000000 
24 1 180 0 2 5 1 2 2 1 0.836977 0.000000 
24 1 181 0 0 1 0 1 1 1 0.599927 0.000000 
24 1 182 0 2 5 1 2 1 0 0.508081 0.000000 
24 1 183 1 2 3 0 4 4 1 1.424147 0.000000 
24 1 184 0 2 5 0 1 1 1 0.851511 0.000000 
24 1 185 1 0 3 2 4 4 1 0.925765 0.000000 
24 1 186 0 2 5 1 2 2 1 0.692369 0.000000 
24 1 187 0 1 3 3 4 4 1 0.517209 0.000000 
24 1 188 0 2 5 3 4 4 1 0.412629 0.000000 
24 1 189 1 0 3 2 4 4 1 0.816703 0.000000 
24 1 190 0 0 3 2 3 3 1 1.140301 0.000000 
24 1 191 0 1 0 0 1 1 1 0.603304 0.000000 
24 1 192 1 0 0 3 1 1 1 1.215479 0.000000 
24 1 1 0 0 0 3 4 4 1 1.952544 0.000000 
24 1 2 0 0 1 0 1 1 1 2.687035 0.000000 
24 1 3 0 1 0 0 1 1 1 0.728528 0.000000 
24 1 4 0 0 0 3 4 4 1 0.488105 0.000000 
24 1 5 1 2 1 0 2 2 1 1.200845 0.000000 
24 1 6 0 1 2 2 3 3 1 0.589308 0.000000 
24 1 7 0 1 3 3 4 4 1 0.592992 0.000000 
24 1 8 0 0 2 1 2 2 1 0.629844 0.000000 
24 1 9 0 0 1 0 1 2 0 0.529328 0.000000 
24 1 10 0 0 3 2 3 3 1 0.636726 0.000000 
24 1 11 0 1 3 3 4 4 1 0.527147 0.000000 
24 1 12 0 0 2 1 2 2 1 0.958646 0.000000 
24 1 13 0 2 4 1 2 2 1 0.628645 0.000000 
24 1 14 0 1 0 0 1 1 1 0.655709 0.000000 
24 1 15 0 1 3 3 4 4 1 0.440855 0.000000 
24 1 16 0 0 2 1 2 2 1 1.123642 0.000000 
24 1 17 1 0 3 2 4 4 1 0.923295 0.000000 
24 1 18 0 2 5 3 4 4 1 0.490679 0.000000 
24 1 19 1 2 3 0 4 4 1 0.594987 0.000000 
24 1 20 1 2 0 0 1 4 0 0.799851 0.000000 
24 1 21 1 0 0 3 1 4 0 0.576261 0.000000 
24 1 22 1 0 2 1 3 3 1 0.792721 0.000000 
24 1 23 1 1 0 0 1 1 1 0.901143 0.000000 
24 1 24 1 2 0 0 1 1 1 0.541430 0.000000 
24 1 25 0 0 0 3 4 4 1 0.492203 0.000000 
24 1 26 0 0 3 2 3 3 1 0.668936 0.000000 
24 1 27 0 2 4 2 3 3 1 0.550468 0.000000 
24 1 28 0 0 3 2 3 3 1 0.484563 0.000000 
24 1 29 1 1 3 3 4 4 1 0.797387 0.000000 
24 1 30 0 2 5 0 1 1 1 0.657276 0.000000 
24 1 31 0 0 0 3 4 4 1 0.603431 0.000000 
24 1 32 0 2 5 1 2 2 1 1.007590 0.000000 
24 1 33 0 1 1 1 2 2 1 0.483873 0.000000 
24 1 34 0 2 5 0 1 1 1 0.668642 0.000000 
24 1 35 0 0 2 1 2 1 0 0.670147 0.000000 
24 1 36 0 0 1 0 1 1 1 0.819631 0.000000 
24 1 37 1 1 3 3 4 4 1 0.734740 0.000000 
24 1 38 1 2 2 0 3 3 1 0.756632 0.000000 
24 1 39 0 2 4 2 3 3 1 0.634825 0.000000 
24 1 40 0 2 5 2 3 3 1 0.565662 0.000000 
24 1 41 0 0 2 1 2 2 1 1.299840 0.000000 
24 1 42 1 1 1 1 2 2 1 0.668188 0.000000 
24 1 43 1 1 2 2 3 3 1 0.661694 0.000000 
24 1 44 0 0 3 2 3 3 1 0.703863 0.000000 
24 1 45 1 2 1 0 2 2 1 0.623985 0.000000 
24 1 46 0 2 5 2 3 3 1 0.738548 0.000000 
24 1 47 0 0 2 1 2 2 1 1.105411 0.000000 
24 1 48 0 2 5 0 1 1 1 0.729759 0.000000 
24 1 49 0 2 4 1 2 2 1 0.705307 0.000000 
24 1 50 0 2 5 1 2 2 1 0.537466 0.000000 
24 1 51 1 2 3 0 4 4 1 0.648242 0.000000 
24 1 52 0 0 0 3 4 4 1 0.611105 0.000000 
24 1 53 0 2 4 1 2 2 1 0.727274 0.000000 
24 1 54 0 1 2 2 3 3 1 0.685744 0.000000 
24 1 55 0 2 4 3 4 4 1 1.254658 0.000000 
24 1 56 0 2 5 1 2 2 1 0.641004 0.000000 
24 1 57 0 2 4 3 4 4 1 0.875843 0.000000 
24 1 58 0 0 1 0 1 1 1 1.421475 0.000000 
24 1 59 0 2 4 3 4 4 1 0.593233 0.000000 
24 1 60 0 2 5 2 3 3 1 0.597979 0.000000 
24 1 61 0 1 3 3 4 4 1 0.490869 0.000000 
24 1 62 0 0 3 2 3 3 1 0.642604 0.000000 
24 1 63 1 2 3 0 4 4 1 0.629457 0.000000 
24 1 64 0 1 3 3 4 4 1 0.584949 0.000000 
24 1 65 0 0 0 3 4 4 1 0.789744 0.000000 
24 1 66 0 0 0 3 4 4 1 0.482627 0.000000 
24 1 67 0 1 0 0 1 1 1 0.539969 0.000000 
24 1 68 0 2 5 3 4 4 1 0.466845 0.000000 
24 1 69 0 1 0 0 1 1 1 0.604258 0.000000 
24 1 70 0 1 1 1 2 2 1 0.615416 0.000000 
24 1 71 1 2 3 0 4 4 1 0.579548 0.000000 
24 1 72 1 1 0 0 1 1 1 0.696971 0.000000 
24 1 73 0 0 2 1 2 2 1 0.985899 0.000000 
24 1 74 0 0 2 1 2 2 1 0.566857 0.000000 
24 1 75 1 0 0 3 1 1 1 0.852340 0.000000 
24 1 76 0 1 0 0 1 1 1 0.646596 0.000000 
24 1 77 0 2 4 0 1 1 1 0.577401 0.000000 
24 1 78 1 1 0 0 1 1 1 0.549875 0.000000 
24 1 79 0 1 1 1 2 2 1 0.596020 0.000000 
24 1 80 0 2 5 3 4 4 1 0.464815 0.000000 
24 1 81 1 0 1 0 2 2 1 0.714903 0.000000 
24 1 82 0 1 2 2 3 3 1 0.579100 0.000000 
24 1 83 0 0 2 1 2 2 1 0.824540 0.000000 
24 1 84 1 0 1 0 2 2 1 0.804101 0.000000 
24 1 85 0 2 4 0 1 1 1 0.840375 0.000000 
24 1 86 1 2 2 0 3 3 1 1.058275 0.000000 
24 1 87 0 1 2 2 3 3 1 0.668569 0.000000 
24 1 88 0 0 0 3 4 4 1 0.406007 0.000000 
24 1 89 0 1 1 1 2 2 1 0.682178 0.000000 
24 1 90 0 2 5 2 3 3 1 0.635721 0.000000 
24 1 91 0 1 0 0 1 1 1 0.598462 0.000000 
24 1 92 1 2 0 0 1 1 1 0.683333 0.000000 
24 1 93 1 2 1 0 2 2 1 0.596143 0.000000 
24 1 94 0 2 5 1 2 2 1 0.640964 0.000000 
24 1 95 0 2 4 0 1 1 1 0.842780 0.000000 
24 1 96 0 2 5 2 3 3 1 0.533701 0.000000 
24 1 97 0 1 0 0 1 1 1 0.588455 0.000000 
24 1 98 1 0 3 2 4 4 1 0.785298 0.000000 
24 1 99 1 0 0 3 1 1 1 0.742201 0.000000 
24 1 100 1 2 0 0 1 1 1 0.596976 0.000000 
24 1 101 1 0 1 0 2 2 1 1.201874 0.000000 
24 1 102 0 1 3 3 4 4 1 0.581236 0.000000 
24 1 103 0 0 2 1 2 2 1 0.778719 0.000000 
24 1 104 0 2 5 1 2 2 1 0.616239 0.000000 
24 1 105 0 1 1 1 2 2 1 0.516148 0.000000 
24 1 106 1 0 3 2 4 4 1 0.659848 0.000000 
24 1 107 0 0 1 0 1 2 0 0.694316 0.000000 
24 1 108 1 2 0 0 1 1 1 0.674801 0.000000 
24 1 109 0 0 2 1 2 2 1 0.915950 0.000000 
24 1 110 0 2 5 0 1 1 1 0.723015 0.000000 
24 1 111 0 1 0 0 1 1 1 0.554690 0.000000 
24 1 112 0 0 2 1 2 2 1 0.872830 0.000000 
24 1 113 0 1 1 1 2 2 1 0.546405 0.000000 
24 1 114 0 2 5 2 3 3 1 0.825198 0.000000 
24 1 115 1 0 2 1 3 3 1 0.756779 0.000000 
24 1 116 0 2 5 3 4 4 1 0.586973 0.000000 
24 1 117 0 1 2 2 3 3 1 0.559778 0.000000 
24 1 118 0 2 5 3 4 4 1 0.500937 0.000000 
24 1 119 0 1 3 3 4 4 1 0.476993 0.000000 
24 1 120 0 0 2 1 2 2 1 0.678470 0.000000 
24 1 121 0 0 3 2 3 4 0 0.911948 0.000000 
24 1 122 1 0 1 0 2 2 1 0.892192 0.000000 
24 1 123 0 2 4 2 3 3 1 0.636691 0.000000 
24 1 124 1 1 3 3 4 4 1 0.703512 0.000000 
24 1 125 0 1 2 2 3 3 1 0.743691 0.000000 
24 1 126 0 1 2 2 3 3 1 0.581573 0.000000 
24 1 127 1 2 3 0 4 4 1 0.698998 0.000000 
24 1 128 0 2 5 3 4 4 1 0.483853 0.000000 
24 1 129 1 0 0 3 1 1 1 0.660648 0.000000 
24 1 130 1 0 3 2 4 4 1 0.630811 0.000000 
24 1 131 0 1 0 0 1 1 1 0.506324 0.000000 
24 1 132 0 2 5 2 3 3 1 0.626437 0.000000 
24 1 133 0 1 0 0 1 1 1 0.509887 0.000000 
24 1 134 0 1 1 1 2 2 1 0.733028 0.000000 
24 1 135 0 1 3 3 4 4 1 0.540070 0.000000 
24 1 136 0 1 2 2 3 3 1 0.570694 0.000000 
24 1 137 0 0 1 0 1 1 1 0.880164 0.000000 
24 1 138 1 0 0 3 1 1 1 0.777722 0.000000 
24 1 139 1 1 2 2 3 3 1 0.655257 0.000000 
24 1 140 0 1 0 0 1 1 1 0.585412 0.000000 
24 1 141 0 0 3 2 3 3 1 0.558266 0.000000 
24 1 142 0 1 1 1 2 2 1 0.540394 0.000000 
24 1 143 0 0 3 2 3 3 1 1.034212 0.000000 
24 1 144 0 0 1 0 1 1 1 0.749096 0.000000 
24 1 145 0 0 0 3 4 4 1 0.515970 0.000000 
24 1 146 0 0 0 3 4 4 1 0.451986 0.000000 
24 1 147 0 2 4 1 2 3 0 0.550213 0.000000 
24 1 148 0 1 3 3 4 4 1 0.576316 0.000000 
24 1 149 0 2 4 0 1 1 1 0.621345 0.000000 
24 1 150 0 2 5 3 4 4 1 0.408838 0.000000 
24 1 151 1 2 3 0 4 4 1 0.595909 0.000000 
24 1 152 0 1 3 3 4 4 1 0.440728 0.000000 
24 1 153 0 1 1 1 2 2 1 0.547476 0.000000 
24 1 154 0 0 0 3 4 4 1 0.482243 0.000000 
24 1 155 0 1 1 1 2 2 1 0.523684 0.000000 
24 1 156 0 1 2 2 3 3 1 0.683171 0.000000 
24 1 157 0 0 0 3 4 4 1 0.412183 0.000000 
24 1 158 0 1 1 1 2 2 1 0.488007 0.000000 
24 1 159 1 2 3 0 4 4 1 0.527830 0.000000 
24 1 160 0 2 5 3 4 4 1 0.399276 0.000000 
24 1 161 0 0 2 1 2 2 1 0.803973 0.000000 
24 1 162 0 0 1 0 1 1 1 0.600250 0.000000 
24 1 163 0 0 2 1 2 3 0 0.572390 0.000000 
24 1 164 1 0 0 3 1 1 1 0.893828 0.000000 
24 1 165 0 2 4 3 4 4 1 0.470309 0.000000 
24 1 166 0 1 2 2 3 3 1 0.671748 0.000000 
24 1 167 0 0 0 3 4 4 1 0.617289 0.000000 
24 1 168 1 2 0 0 1 1 1 0.595730 0.000000 
24 1 169 0 2 4 2 3 3 1 0.832542 0.000000 
24 1 170 0 1 1 1 2 2 1 0.611903 0.000000 
24 1 171 1 0 3 2 4 4 1 0.680254 0.000000 
24 1 172 0 1 1 1 2 2 1 0.537782 0.000000 
24 1 173 0 2 4 3 4 4 1 0.544575 0.000000 
24 1 174 0 1 3 3 4 4 1 0.471355 0.000000 
24 1 175 0 1 3 3 4 4 1 0.408791 0.000000 
24 1 176 0 0 1 0 1 1 1 0.659895 0.000000 
24 1 177 0 1 1 1 2 2 1 0.509998 0.000000 
24 1 178 0 1 0 0 1 1 1 0.686122 0.000000 
24 1 179 0 0 3 2 3 3 1 0.574986 0.000000 
24 1 180 0 0 0 3 4 4 1 0.428460 0.000000 
24 1 181 0 1 3 3 4 4 1 0.391836 0.000000 
24 1 182 0 2 5 3 4 4 1 0.436601 0.000000 
24 1 183 0 2 4 2 3 3 1 0.583366 0.000000 
24 1 184 1 1 1 1 2 2 1 0.764158 0.000000 
24 1 185 0 1 2 2 3 3 1 0.617339 0.000000 
24 1 186 0 1 3 3 4 4 1 0.468844 0.000000 
24 1 187 1 1 3 3 4 4 1 0.478284 0.000000 
24 1 188 0 1 0 0 1 1 1 0.535684 0.000000 
24 1 189 1 2 1 0 2 2 1 0.814533 0.000000 
24 1 190 1 2 2 0 3 3 1 0.546694 0.000000 
24 1 191 0 2 4 1 2 2 1 0.737516 0.000000 
24 1 192 0 1 2 2 3 3 1 0.544393 0.000000 
