9 1 1 0 1 0 0 1 1 1 2.696361 0.000000 
9 1 2 0 0 1 3 4 4 1 1.905710 0.000000 
9 1 3 0 0 0 2 3 3 1 2.210370 0.000000 
9 1 4 0 2 5 1 2 2 1 1.693878 0.000000 
9 1 5 0 0 0 2 3 3 1 2.142697 0.000000 
9 1 6 0 0 3 1 2 2 1 3.262107 0.000000 
9 1 7 0 1 3 3 4 4 1 1.905269 0.000000 
9 1 8 0 2 5 3 4 4 1 0.993898 0.000000 
9 1 9 0 0 2 0 1 1 1 1.205791 0.000000 
9 1 10 1 0 1 3 2 2 1 2.458258 0.000000 
9 1 11 0 2 4 2 3 3 1 2.940947 0.000000 
9 1 12 0 2 5 0 1 1 1 0.852088 0.000000 
9 1 13 0 1 3 3 4 4 1 1.774439 0.000000 
9 1 14 0 0 1 3 4 4 1 1.475302 0.000000 
9 1 15 1 2 3 0 4 4 1 1.893179 0.000000 
9 1 16 0 2 5 1 2 2 1 1.262482 0.000000 
9 1 17 0 1 2 2 3 3 1 2.728904 0.000000 
9 1 18 0 2 5 0 1 1 1 1.153142 0.000000 
9 1 19 0 1 3 3 4 4 1 1.215501 0.000000 
9 1 20 0 2 5 2 3 3 1 1.970930 0.000000 
9 1 21 0 0 0 2 3 3 1 1.824888 0.000000 
9 1 22 0 1 2 2 3 3 1 4.916972 0.000000 
9 1 23 0 2 4 2 3 3 1 0.813984 0.000000 
9 1 24 1 1 2 2 3 3 1 2.257261 0.000000 
9 1 25 0 1 2 2 3 3 1 1.683981 0.000000 
9 1 26 0 0 2 0 1 1 1 1.925285 0.000000 
9 1 27 0 1 0 0 1 1 1 1.373249 0.000000 
9 1 28 0 0 1 3 4 4 1 0.930992 0.000000 
9 1 29 0 2 4 2 3 3 1 2.050640 0.000000 
9 1 30 0 1 0 0 1 1 1 1.636258 0.000000 
9 1 31 0 2 4 0 1 1 1 0.695525 0.000000 
9 1 32 0 0 3 1 2 2 1 1.768437 0.000000 
9 1 33 0 0 2 0 1 1 1 1.366318 0.000000 
9 1 34 0 1 1 1 2 2 1 1.716088 0.000000 
9 1 35 0 2 4 1 2 2 1 1.452179 0.000000 
9 1 36 1 0 0 2 1 1 1 1.997525 0.000000 
9 1 37 1 0 2 0 3 3 1 2.938853 0.000000 
9 1 38 0 0 1 3 4 4 1 1.050545 0.000000 
9 1 39 0 0 0 2 3 3 1 2.604943 0.000000 
9 1 40 1 2 0 0 1 1 1 2.145792 0.000000 
9 1 41 1 0 0 2 1 3 0 3.312234 0.000000 
9 1 42 1 0 2 0 3 0 0 5.000002 0.000000 
9 1 43 0 1 3 3 4 4 1 0.814696 0.000000 
9 1 44 1 0 0 2 1 1 1 1.266508 0.000000 
9 1 45 0 2 4 1 2 2 1 0.979214 0.000000 
9 1 46 1 0 0 2 1 1 1 1.440887 0.000000 
9 1 47 0 1 2 2 3 3 1 1.900029 0.000000 
9 1 48 0 1 0 0 1 1 1 1.636697 0.000000 
9 1 49 0 1 2 2 3 3 1 1.391874 0.000000 
9 1 50 1 1 2 2 3 3 1 1.308912 0.000000 
9 1 51 0 1 0 0 1 1 1 1.164422 0.000000 
9 1 52 1 2 0 0 1 1 1 1.466779 0.000000 
9 1 53 1 2 1 0 2 2 1 1.236579 0.000000 
9 1 54 1 2 2 0 3 3 1 1.047604 0.000000 
9 1 55 0 0 3 1 2 2 1 1.754654 0.000000 
9 1 56 0 0 0 2 3 3 1 1.673239 0.000000 
9 1 57 0 2 4 1 2 2 1 1.714069 0.000000 
9 1 58 0 2 5 3 4 4 1 0.978620 0.000000 
9 1 59 0 1 2 2 3 3 1 1.408307 0.000000 
9 1 60 0 1 3 3 4 4 1 0.860724 0.000000 
9 1 61 1 1 2 2 3 3 1 1.359011 0.000000 
9 1 62 1 0 2 0 3 3 1 0.965401 0.000000 
9 1 63 0 0 1 3 4 4 1 1.579742 0.000000 
9 1 64 0 2 5 1 2 2 1 1.352594 0.000000 
9 1 65 1 1 0 0 1 1 1 0.974966 0.000000 
9 1 66 0 1 1 1 2 2 1 1.460643 0.000000 
9 1 67 0 1 2 2 3 3 1 0.999091 0.000000 
9 1 68 0 1 0 0 1 2 0 1.380003 0.000000 
9 1 69 0 0 2 0 1 1 1 1.397853 0.000000 
9 1 70 1 2 2 0 3 3 1 1.761541 0.000000 
9 1 71 0 0 2 0 1 1 1 1.376095 0.000000 
9 1 72 1 2 0 0 1 1 1 1.421873 0.000000 
9 1 73 0 1 1 1 2 2 1 1.161694 0.000000 
9 1 74 0 0 3 1 2 2 1 2.320054 0.000000 
9 1 75 1 0 1 3 2 2 1 1.495185 0.000000 
9 1 76 0 1 1 1 2 2 1 0.968345 0.000000 
9 1 77 0 1 3 3 4 4 1 0.869909 0.000000 
9 1 78 1 0 0 2 1 3 0 1.727553 0.000000 
9 1 79 0 0 0 2 3 3 1 1.723416 0.000000 
9 1 80 0 0 1 3 4 4 1 1.898945 0.000000 
9 1 81 0 2 4 3 4 4 1 0.955011 0.000000 
9 1 82 0 0 2 0 1 1 1 1.696873 0.000000 
9 1 83 1 1 3 3 4 4 1 1.346050 0.000000 
9 1 84 0 1 1 1 2 2 1 0.969178 0.000000 
9 1 85 0 2 4 3 4 4 1 0.998801 0.000000 
9 1 86 0 2 5 2 3 3 1 1.355753 0.000000 
9 1 87 0 2 4 3 4 4 1 1.042210 0.000000 
9 1 88 0 1 2 2 3 3 1 0.908187 0.000000 
9 1 89 0 0 1 3 4 4 1 1.084466 0.000000 
9 1 90 0 2 5 0 1 1 1 0.941463 0.000000 
9 1 91 1 1 1 1 2 2 1 1.084380 0.000000 
9 1 92 0 1 2 2 3 3 1 0.869382 0.000000 
9 1 93 0 1 3 3 4 4 1 0.630971 0.000000 
9 1 94 0 2 5 3 4 4 1 0.650465 0.000000 
9 1 95 1 2 3 0 4 1 0 1.459616 0.000000 
9 1 96 0 0 2 0 1 1 1 1.322109 0.000000 
9 1 97 0 1 0 0 1 1 1 0.913392 0.000000 
9 1 98 0 2 5 0 1 1 1 0.793592 0.000000 
9 1 99 1 2 3 0 4 4 1 1.022541 0.000000 
9 1 100 0 0 2 0 1 1 1 1.442218 0.000000 
9 1 101 1 2 1 0 2 2 1 1.652387 0.000000 
9 1 102 0 0 1 3 4 4 1 1.694856 0.000000 
9 1 103 0 0 1 3 4 4 1 0.552011 0.000000 
9 1 104 0 1 1 1 2 2 1 0.958238 0.000000 
9 1 105 1 2 1 0 2 2 1 1.124512 0.000000 
9 1 106 0 2 5 2 3 3 1 0.788206 0.000000 
9 1 107 1 2 3 0 4 4 1 1.281011 0.000000 
9 1 108 0 2 5 1 2 2 1 1.305868 0.000000 
9 1 109 0 0 3 1 2 2 1 1.506258 0.000000 
9 1 110 0 2 5 0 1 1 1 0.826759 0.000000 
9 1 111 0 2 4 2 3 3 1 1.358280 0.000000 
9 1 112 1 1 1 1 2 2 1 1.140741 0.000000 
9 1 113 1 1 3 3 4 4 1 1.307783 0.000000 
9 1 114 1 2 2 0 3 1 0 1.196182 0.000000 
9 1 115 1 0 0 2 1 1 1 2.412216 0.000000 
9 1 116 0 2 5 1 2 2 1 1.328615 0.000000 
9 1 117 1 1 1 1 2 2 1 1.544373 0.000000 
9 1 118 1 1 3 3 4 4 1 0.887508 0.000000 
9 1 119 1 1 2 2 3 3 1 2.216504 0.000000 
9 1 120 0 0 3 1 2 1 0 1.235563 0.000000 
9 1 121 0 0 3 1 2 2 1 1.658589 0.000000 
9 1 122 0 0 2 0 1 1 1 1.404725 0.000000 
9 1 123 0 0 0 2 3 3 1 1.329136 0.000000 
9 1 124 0 1 0 0 1 1 1 1.584916 0.000000 
9 1 125 0 2 4 0 1 1 1 0.742124 0.000000 
9 1 126 0 0 3 1 2 2 1 1.300016 0.000000 
9 1 127 0 2 4 2 3 3 1 1.300461 0.000000 
9 1 128 1 0 1 3 2 2 1 1.380828 0.000000 
9 1 129 1 0 0 2 1 1 1 1.570589 0.000000 
9 1 130 1 1 3 3 4 4 1 1.192464 0.000000 
9 1 131 0 0 3 1 2 2 1 1.173524 0.000000 
9 1 132 0 2 5 3 4 4 1 0.923200 0.000000 
9 1 133 0 0 2 0 1 1 1 1.897823 0.000000 
9 1 134 0 1 0 0 1 1 1 0.755112 0.000000 
9 1 135 0 0 3 1 2 2 1 1.001276 0.000000 
9 1 136 0 1 1 1 2 2 1 0.749620 0.000000 
9 1 137 0 2 4 3 4 4 1 0.980006 0.000000 
9 1 138 0 1 1 1 2 2 1 1.289434 0.000000 
9 1 139 0 0 2 0 1 1 1 1.017557 0.000000 
9 1 140 0 0 1 3 4 4 1 0.773154 0.000000 
9 1 141 0 1 1 1 2 2 1 1.266750 0.000000 
9 1 142 0 2 5 2 3 3 1 1.660484 0.000000 
9 1 143 0 1 2 2 3 3 1 1.375015 0.000000 
9 1 144 1 1 0 0 1 1 1 1.180802 0.000000 
9 1 145 0 0 0 2 3 3 1 1.618489 0.000000 
9 1 146 1 2 2 0 3 3 1 1.357369 0.000000 
9 1 147 0 2 4 3 4 4 1 0.787780 0.000000 
9 1 148 1 1 0 0 1 1 1 1.208660 0.000000 
9 1 149 1 2 1 0 2 2 1 1.453091 0.000000 
9 1 150 0 1 2 2 3 3 1 0.871543 0.000000 
9 1 151 0 1 0 0 1 1 1 1.057141 0.000000 
9 1 152 1 1 3 3 4 4 1 1.539437 0.000000 
9 1 153 0 1 0 0 1 1 1 0.929583 0.000000 
9 1 154 0 2 5 2 3 3 1 1.217188 0.000000 
9 1 155 0 0 0 2 3 3 1 0.796863 0.000000 
9 1 156 0 0 1 3 4 4 1 2.177847 0.000000 
9 1 157 0 2 4 1 2 2 1 2.015912 0.000000 
9 1 158 0 2 5 0 1 1 1 0.884153 0.000000 
9 1 159 0 0 0 2 3 3 1 1.307834 0.000000 
9 1 160 1 0 3 1 4 4 1 1.276191 0.000000 
9 1 161 0 1 1 1 2 2 1 1.358020 0.000000 
9 1 162 0 2 5 3 4 4 1 0.716432 0.000000 
9 1 163 1 0 0 2 1 1 1 3.748317 0.000000 
9 1 164 0 0 3 1 2 2 1 1.451010 0.000000 
9 1 165 0 1 2 2 3 3 1 1.341450 0.000000 
9 1 166 0 0 1 3 4 4 1 1.268618 0.000000 
9 1 167 0 2 4 3 4 4 1 1.438324 0.000000 
9 1 168 0 1 1 1 2 2 1 2.801544 0.000000 
9 1 169 1 2 1 0 2 2 1 1.230466 0.000000 
9 1 170 0 1 2 2 3 3 1 1.465217 0.000000 
9 1 171 0 2 4 3 4 4 1 0.579650 0.000000 
9 1 172 0 2 5 2 3 3 1 0.865079 0.000000 
9 1 173 0 1 0 0 1 1 1 1.467402 0.000000 
9 1 174 0 2 5 3 4 4 1 0.717182 0.000000 
9 1 175 0 2 4 3 4 4 1 0.732718 0.000000 
9 1 176 0 2 5 2 3 2 0 1.467998 0.000000 
9 1 177 0 1 0 0 1 1 1 0.688313 0.000000 
9 1 178 0 2 5 1 2 2 1 1.120803 0.000000 
9 1 179 0 2 4 1 2 2 1 0.712424 0.000000 
9 1 180 0 1 1 1 2 2 1 1.048626 0.000000 
9 1 181 0 0 2 0 1 1 1 1.347629 0.000000 
9 1 182 0 1 3 3 4 4 1 0.818727 0.000000 
9 1 183 0 2 4 0 1 1 1 0.766243 0.000000 
9 1 184 0 0 2 0 1 1 1 1.011001 0.000000 
9 1 185 0 2 4 1 2 2 1 0.823097 0.000000 
9 1 186 0 1 0 0 1 1 1 0.658661 0.000000 
9 1 187 0 1 3 3 4 4 1 1.916875 0.000000 
9 1 188 0 0 3 1 2 2 1 1.028801 0.000000 
9 1 189 0 0 0 2 3 3 1 1.048522 0.000000 
9 1 190 1 2 2 0 3 3 1 1.203508 0.000000 
9 1 191 1 1 3 3 4 4 1 0.958843 0.000000 
9 1 192 0 0 3 1 2 2 1 1.989185 0.000000 
9 1 1 0 0 3 1 2 2 1 1.695326 0.000000 
9 1 2 0 2 5 1 2 2 1 1.104064 0.000000 
9 1 3 0 0 1 3 4 4 1 2.368021 0.000000 
9 1 4 0 1 0 0 1 1 1 1.077151 0.000000 
9 1 5 0 1 3 3 4 4 1 1.806839 0.000000 
9 1 6 0 2 5 3 4 4 1 0.595394 0.000000 
9 1 7 0 0 3 1 2 2 1 2.104282 0.000000 
9 1 8 0 1 0 0 1 1 1 0.760916 0.000000 
9 1 9 0 0 1 3 4 4 1 0.847176 0.000000 
9 1 10 1 0 1 3 2 2 1 1.770053 0.000000 
9 1 11 0 2 4 2 3 3 1 1.294750 0.000000 
9 1 12 0 2 5 0 1 1 1 1.831452 0.000000 
9 1 13 1 0 3 1 4 4 1 1.179369 0.000000 
9 1 14 1 2 2 0 3 3 1 1.489025 0.000000 
9 1 15 0 0 1 3 4 4 1 2.266269 0.000000 
9 1 16 0 1 2 2 3 3 1 0.940338 0.000000 
9 1 17 0 2 4 1 2 2 1 2.458308 0.000000 
9 1 18 1 0 0 2 1 1 1 1.717170 0.000000 
9 1 19 0 1 1 1 2 2 1 1.125035 0.000000 
9 1 20 0 0 0 2 3 3 1 1.012716 0.000000 
9 1 21 0 1 0 0 1 1 1 0.865034 0.000000 
9 1 22 1 2 2 0 3 3 1 1.034349 0.000000 
9 1 23 0 0 1 3 4 4 1 1.221289 0.000000 
9 1 24 0 2 5 0 1 1 1 2.137048 0.000000 
9 1 25 0 2 4 2 3 3 1 2.856498 0.000000 
9 1 26 1 1 2 2 3 3 1 2.243425 0.000000 
9 1 27 0 0 0 2 3 3 1 1.718894 0.000000 
9 1 28 0 1 2 2 3 3 1 1.301737 0.000000 
9 1 29 1 2 1 0 2 2 1 2.334259 0.000000 
9 1 30 0 0 0 2 3 3 1 0.893687 0.000000 
9 1 31 0 2 4 2 3 3 1 0.750580 0.000000 
9 1 32 1 0 0 2 1 2 0 0.844769 0.000000 
9 1 33 0 0 1 3 4 4 1 0.971607 0.000000 
9 1 34 0 0 3 1 2 2 1 0.895860 0.000000 
9 1 35 0 1 3 3 4 4 1 3.048877 0.000000 
9 1 36 0 0 1 3 4 4 1 0.908108 0.000000 
9 1 37 0 1 2 2 3 3 1 0.972013 0.000000 
9 1 38 0 1 1 1 2 2 1 2.977824 0.000000 
9 1 39 1 2 3 0 4 4 1 0.936132 0.000000 
9 1 40 0 2 5 2 3 3 1 0.654031 0.000000 
9 1 41 0 2 4 0 1 1 1 0.800271 0.000000 
9 1 42 0 1 1 1 2 2 1 0.732490 0.000000 
9 1 43 0 0 0 2 3 3 1 1.795992 0.000000 
9 1 44 0 2 5 1 2 2 1 0.857275 0.000000 
9 1 45 0 1 0 0 1 1 1 0.827544 0.000000 
9 1 46 0 0 3 1 2 2 1 2.798189 0.000000 
9 1 47 0 2 4 1 2 2 1 0.795760 0.000000 
9 1 48 0 2 5 1 2 2 1 1.072655 0.000000 
9 1 49 0 2 4 3 4 4 1 2.322385 0.000000 
9 1 50 0 2 5 1 2 2 1 1.530509 0.000000 
9 1 51 1 0 0 2 1 1 1 1.138289 0.000000 
9 1 52 0 1 3 3 4 4 1 1.256371 0.000000 
9 1 53 0 2 4 3 4 4 1 0.642696 0.000000 
9 1 54 0 2 5 3 4 4 1 0.621553 0.000000 
9 1 55 0 0 3 1 2 1 0 1.945064 0.000000 
9 1 56 0 0 3 1 2 2 1 0.636272 0.000000 
9 1 57 0 2 4 2 3 3 1 0.846712 0.000000 
9 1 58 0 1 1 1 2 2 1 1.049633 0.000000 
9 1 59 0 2 4 3 4 4 1 1.227209 0.000000 
9 1 60 1 0 0 2 1 1 1 3.566737 0.000000 
9 1 61 0 0 0 2 3 3 1 1.053306 0.000000 
9 1 62 0 2 5 0 1 1 1 0.935631 0.000000 
9 1 63 0 0 0 2 3 3 1 0.750564 0.000000 
9 1 64 1 1 1 1 2 2 1 1.916767 0.000000 
9 1 65 0 2 4 3 4 4 1 0.611745 0.000000 
9 1 66 0 1 3 3 4 4 1 0.767909 0.000000 
9 1 67 0 1 2 2 3 3 1 0.837472 0.000000 
9 1 68 0 2 5 0 1 1 1 0.976326 0.000000 
9 1 69 0 2 4 2 3 3 1 0.797997 0.000000 
9 1 70 0 0 3 1 2 2 1 0.826835 0.000000 
9 1 71 0 1 3 3 4 4 1 0.694398 0.000000 
9 1 72 1 0 3 1 4 4 1 0.791259 0.000000 
9 1 73 0 0 3 1 2 2 1 1.107191 0.000000 
9 1 74 1 1 0 0 1 1 1 1.363482 0.000000 
9 1 75 0 1 2 2 3 3 1 1.009938 0.000000 
9 1 76 1 2 0 0 1 1 1 1.606279 0.000000 
9 1 77 0 2 4 1 2 2 1 1.202810 0.000000 
9 1 78 0 0 1 3 4 4 1 1.247177 0.000000 
9 1 79 0 0 2 0 1 3 0 1.337207 0.000000 
9 1 80 1 1 2 2 3 3 1 0.676278 0.000000 
9 1 81 0 1 1 1 2 2 1 0.805376 0.000000 
9 1 82 0 2 5 0 1 1 1 0.769583 0.000000 
9 1 83 0 2 4 2 3 3 1 2.535201 0.000000 
9 1 84 0 1 0 0 1 1 1 0.790665 0.000000 
9 1 85 1 1 1 1 2 2 1 2.498655 0.000000 
9 1 86 0 1 2 2 3 3 1 0.683955 0.000000 
9 1 87 0 0 2 0 1 1 1 1.316997 0.000000 
9 1 88 1 0 2 0 3 3 1 1.380721 0.000000 
9 1 89 0 0 2 0 1 1 1 1.106477 0.000000 
9 1 90 1 2 2 0 3 3 1 1.122845 0.000000 
9 1 91 1 1 2 2 3 3 1 1.154531 0.000000 
9 1 92 1 2 0 0 1 1 1 0.759878 0.000000 
9 1 93 0 0 0 2 3 3 1 1.422135 0.000000 
9 1 94 0 1 2 2 3 3 1 1.705931 0.000000 
9 1 95 0 1 3 3 4 4 1 0.714446 0.000000 
9 1 96 1 2 0 0 1 1 1 1.066657 0.000000 
9 1 97 0 1 0 0 1 1 1 0.660299 0.000000 
9 1 98 0 2 5 1 2 2 1 2.717548 0.000000 
9 1 99 0 0 0 2 3 3 1 0.781779 0.000000 
9 1 100 0 0 3 1 2 2 1 1.075347 0.000000 
9 1 101 0 1 0 0 1 1 1 0.884977 0.000000 
9 1 102 1 2 2 0 3 3 1 0.965904 0.000000 
9 1 103 1 0 1 3 2 2 1 1.796002 0.000000 
9 1 104 0 0 0 2 3 3 1 0.921486 0.000000 
9 1 105 0 1 0 0 1 1 1 0.840040 0.000000 
9 1 106 0 1 0 0 1 1 1 1.090986 0.000000 
9 1 107 0 1 0 0 1 1 1 0.827951 0.000000 
9 1 108 0 1 1 1 2 2 1 0.687528 0.000000 
9 1 109 0 1 2 2 3 3 1 0.864414 0.000000 
9 1 110 0 0 3 1 2 2 1 1.546669 0.000000 
9 1 111 0 2 4 0 1 1 1 0.905791 0.000000 
9 1 112 0 2 5 2 3 3 1 1.097007 0.000000 
9 1 113 0 1 0 0 1 1 1 0.722047 0.000000 
9 1 114 1 1 0 0 1 1 1 0.913528 0.000000 
9 1 115 1 1 1 1 2 2 1 0.913835 0.000000 
9 1 116 0 2 5 3 4 4 1 0.762109 0.000000 
9 1 117 0 1 3 3 4 4 1 0.880347 0.000000 
9 1 118 0 0 1 3 4 4 1 2.489988 0.000000 
9 1 119 0 2 4 3 4 4 1 0.554444 0.000000 
9 1 120 0 0 0 2 3 3 1 0.784556 0.000000 
9 1 121 0 2 4 2 3 3 1 0.589499 0.000000 
9 1 122 0 2 5 3 4 4 1 1.042262 0.000000 
9 1 123 0 0 2 0 1 1 1 1.109257 0.000000 
9 1 124 0 0 2 0 1 1 1 0.629611 0.000000 
9 1 125 1 1 2 2 3 3 1 1.137113 0.000000 
9 1 126 1 2 2 0 3 3 1 1.615164 0.000000 
9 1 127 0 1 0 0 1 1 1 0.691674 0.000000 
9 1 128 0 2 5 2 3 3 1 0.780452 0.000000 
9 1 129 0 2 4 1 2 2 1 0.858011 0.000000 
9 1 130 1 0 2 0 3 3 1 0.916254 0.000000 
9 1 131 0 2 4 0 1 1 1 0.676024 0.000000 
9 1 132 1 0 1 3 2 2 1 1.253428 0.000000 
9 1 133 0 1 2 2 3 3 1 0.767808 0.000000 
9 1 134 0 0 1 3 4 4 1 0.916365 0.000000 
9 1 135 0 0 2 0 1 1 1 1.220208 0.000000 
9 1 136 1 0 0 2 1 1 1 2.447702 0.000000 
9 1 137 1 0 2 0 3 3 1 0.995182 0.000000 
9 1 138 0 2 5 3 4 4 1 0.736167 0.000000 
9 1 139 0 2 4 3 4 4 1 1.023021 0.000000 
9 1 140 0 1 2 2 3 3 1 2.329730 0.000000 
9 1 141 0 0 1 3 4 4 1 1.225784 0.000000 
9 1 142 1 2 2 0 3 3 1 0.861530 0.000000 
9 1 143 0 1 3 3 4 4 1 0.743740 0.000000 
9 1 144 1 1 1 1 2 2 1 1.022628 0.000000 
9 1 145 1 0 2 0 3 3 1 0.818245 0.000000 
9 1 146 0 1 2 2 3 3 1 1.037826 0.000000 
9 1 147 0 1 1 1 2 2 1 0.647812 0.000000 
9 1 148 1 0 3 1 4 4 1 0.802637 0.000000 
9 1 149 0 2 4 3 4 4 1 0.814876 0.000000 
9 1 150 1 1 0 0 1 1 1 0.747088 0.000000 
9 1 151 0 0 3 1 2 2 1 0.898049 0.000000 
9 1 152 0 1 0 0 1 1 1 1.338958 0.000000 
9 1 153 0 0 0 2 3 4 0 1.394024 0.000000 
9 1 154 0 0 0 2 3 3 1 1.354082 0.000000 
9 1 155 0 0 3 1 2 2 1 0.880074 0.000000 
9 1 156 1 2 0 0 1 1 1 1.001687 0.000000 
9 1 157 0 2 4 2 3 3 1 0.853995 0.000000 
9 1 158 0 2 5 3 4 4 1 0.696212 0.000000 
9 1 159 1 0 2 0 3 3 1 1.601033 0.000000 
9 1 160 0 0 1 3 4 4 1 1.981675 0.000000 
9 1 161 0 0 2 0 1 1 1 1.338595 0.000000 
9 1 162 0 1 0 0 1 1 1 0.649747 0.000000 
9 1 163 1 1 3 3 4 4 1 1.436097 0.000000 
9 1 164 1 2 0 0 1 1 1 0.774988 0.000000 
9 1 165 1 2 1 0 2 2 1 1.244598 0.000000 
9 1 166 0 2 5 3 4 4 1 0.783580 0.000000 
9 1 167 1 0 2 0 3 3 1 1.563525 0.000000 
9 1 168 0 1 3 3 4 4 1 0.817994 0.000000 
9 1 169 0 0 2 0 1 1 1 1.445596 0.000000 
9 1 170 0 1 1 1 2 2 1 0.664672 0.000000 
9 1 171 1 1 1 1 2 2 1 1.306917 0.000000 
9 1 172 0 0 0 2 3 4 0 1.307330 0.000000 
9 1 173 0 2 4 2 3 3 1 0.695655 0.000000 
9 1 174 1 1 3 3 4 4 1 1.575160 0.000000 
9 1 175 0 1 3 3 4 4 1 0.868924 0.000000 
9 1 176 0 2 5 1 2 2 1 1.022573 0.000000 
9 1 177 0 1 2 2 3 3 1 1.586181 0.000000 
9 1 178 0 2 5 1 2 2 1 0.759392 0.000000 
9 1 179 0 1 3 3 4 4 1 2.469666 0.000000 
9 1 180 0 1 1 1 2 2 1 0.670801 0.000000 
9 1 181 0 2 4 0 1 1 1 0.992284 0.000000 
9 1 182 0 0 0 2 3 3 1 1.037285 0.000000 
9 1 183 1 2 3 0 4 4 1 0.848268 0.000000 
9 1 184 0 1 1 1 2 2 1 0.643131 0.000000 
9 1 185 1 1 3 3 4 4 1 1.285971 0.000000 
9 1 186 0 2 5 1 2 2 1 0.871022 0.000000 
9 1 187 0 1 0 0 1 1 1 1.751699 0.000000 
9 1 188 0 2 5 3 4 4 1 0.598202 0.000000 
9 1 189 0 0 3 1 2 2 1 0.834989 0.000000 
9 1 190 1 0 3 1 4 4 1 0.805946 0.000000 
9 1 191 0 2 4 1 2 2 1 0.874159 0.000000 
9 1 192 0 1 2 2 3 3 1 0.763739 0.000000 
