16 1 1 1 1 3 3 4 4 1 1.474916 0.000000 
16 1 2 0 2 5 1 2 2 1 1.692294 0.000000 
16 1 3 0 2 4 3 4 4 1 0.532783 0.000000 
16 1 4 0 2 5 2 3 2 0 0.586789 0.000000 
16 1 5 0 0 0 3 4 4 1 2.147681 0.000000 
16 1 6 0 0 1 0 1 1 1 1.010582 0.000000 
16 1 7 0 2 4 0 1 1 1 0.606871 0.000000 
16 1 8 1 0 2 1 3 2 0 0.795005 0.000000 
16 1 9 0 1 3 3 4 4 1 0.843893 0.000000 
16 1 10 0 2 5 1 2 2 1 0.782357 0.000000 
16 1 11 1 0 1 0 2 2 1 2.010995 0.000000 
16 1 12 0 2 5 0 1 1 1 0.911601 0.000000 
16 1 13 0 2 4 2 3 3 1 0.767835 0.000000 
16 1 14 0 1 0 0 1 1 1 0.685384 0.000000 
16 1 15 1 0 2 1 3 3 1 1.702283 0.000000 
16 1 16 0 1 1 1 2 2 1 1.014876 0.000000 
16 1 17 0 0 3 2 3 3 1 0.875170 0.000000 
16 1 18 0 0 2 1 2 3 0 0.931755 0.000000 
16 1 19 0 1 1 1 2 2 1 1.223307 0.000000 
16 1 20 0 2 5 2 3 3 1 0.794595 0.000000 
16 1 21 0 0 0 3 4 4 1 0.823501 0.000000 
16 1 22 0 1 0 0 1 1 1 0.811023 0.000000 
16 1 23 0 0 2 1 2 1 0 0.311250 0.000000 
16 1 24 0 0 2 1 2 2 1 0.467240 0.000000 
16 1 25 0 1 3 3 4 4 1 0.619277 0.000000 
16 1 26 1 0 2 1 3 3 1 2.062793 0.000000 
16 1 27 0 0 0 3 4 4 1 0.969473 0.000000 
16 1 28 0 2 5 2 3 3 1 0.711036 0.000000 
16 1 29 0 1 0 0 1 1 1 0.703252 0.000000 
16 1 30 0 0 2 1 2 2 1 0.783454 0.000000 
16 1 31 0 2 4 0 1 1 1 0.652381 0.000000 
16 1 32 1 1 1 1 2 2 1 1.573520 0.000000 
16 1 33 0 2 4 1 2 2 1 1.051358 0.000000 
16 1 34 0 0 2 1 2 2 1 0.781693 0.000000 
16 1 35 0 1 2 2 3 3 1 0.643228 0.000000 
16 1 36 0 1 0 0 1 1 1 0.558016 0.000000 
16 1 37 0 1 3 3 4 4 1 0.476179 0.000000 
16 1 38 0 0 3 2 3 3 1 0.461609 0.000000 
16 1 39 0 2 4 1 2 2 1 0.647706 0.000000 
16 1 40 1 2 0 0 1 1 1 0.689540 0.000000 
16 1 41 0 0 1 0 1 1 1 1.114394 0.000000 
16 1 42 0 1 3 3 4 4 1 0.570693 0.000000 
16 1 43 0 1 2 2 3 3 1 0.672185 0.000000 
16 1 44 1 2 0 0 1 1 1 0.617708 0.000000 
16 1 45 0 1 2 2 3 3 1 0.757180 0.000000 
16 1 46 0 1 2 2 3 3 1 0.771368 0.000000 
16 1 47 0 1 1 1 2 2 1 0.768944 0.000000 
16 1 48 0 2 5 1 2 2 1 0.629502 0.000000 
16 1 49 0 2 4 3 4 4 1 1.104997 0.000000 
16 1 50 0 2 5 1 2 2 1 1.433356 0.000000 
16 1 51 0 1 3 3 4 4 1 0.580411 0.000000 
16 1 52 0 1 3 3 4 4 1 0.513935 0.000000 
16 1 53 1 0 0 3 1 1 1 1.530055 0.000000 
16 1 54 1 2 2 0 3 3 1 1.697903 0.000000 
16 1 55 1 2 3 0 4 4 1 0.962097 0.000000 
16 1 56 0 2 5 3 4 4 1 0.824409 0.000000 
16 1 57 0 2 4 3 4 4 1 0.467941 0.000000 
16 1 58 0 1 0 0 1 1 1 0.597383 0.000000 
16 1 59 0 2 4 2 3 3 1 0.618207 0.000000 
16 1 60 0 1 2 2 3 3 1 0.717686 0.000000 
16 1 61 1 0 3 2 4 4 1 1.269201 0.000000 
16 1 62 0 0 3 2 3 4 0 0.614949 0.000000 
16 1 63 0 2 4 3 4 4 1 0.670047 0.000000 
16 1 64 1 0 1 0 2 2 1 1.383174 0.000000 
16 1 65 0 1 0 0 1 1 1 0.812252 0.000000 
16 1 66 0 0 3 2 3 3 1 1.360515 0.000000 
16 1 67 0 1 1 1 2 2 1 0.646894 0.000000 
16 1 68 0 0 3 2 3 3 1 0.553754 0.000000 
16 1 69 1 0 0 3 1 1 1 1.270950 0.000000 
16 1 70 1 1 3 3 4 4 1 1.816675 0.000000 
16 1 71 0 2 4 0 1 1 1 0.788578 0.000000 
16 1 72 1 2 0 0 1 1 1 1.081462 0.000000 
16 1 73 1 1 1 1 2 2 1 0.827101 0.000000 
16 1 74 0 0 2 1 2 2 1 1.006701 0.000000 
16 1 75 0 1 1 1 2 2 1 0.722979 0.000000 
16 1 76 1 0 0 3 1 1 1 1.385639 0.000000 
16 1 77 0 2 4 3 4 2 0 0.646634 0.000000 
16 1 78 1 2 2 0 3 3 1 1.245408 0.000000 
16 1 79 0 1 1 1 2 2 1 0.768019 0.000000 
16 1 80 0 0 1 0 1 1 1 1.517665 0.000000 
16 1 81 1 2 1 0 2 1 0 0.485389 0.000000 
16 1 82 1 1 0 0 1 1 1 0.922137 0.000000 
16 1 83 0 2 4 0 1 2 0 0.640394 0.000000 
16 1 84 1 2 0 0 1 1 1 0.919123 0.000000 
16 1 85 0 0 3 2 3 3 1 1.470337 0.000000 
16 1 86 0 2 5 2 3 3 1 1.200138 0.000000 
16 1 87 1 2 3 0 4 4 1 1.564510 0.000000 
16 1 88 1 0 3 2 4 3 0 1.610990 0.000000 
16 1 89 1 1 3 3 4 4 1 0.834553 0.000000 
16 1 90 1 0 2 1 3 3 1 1.469016 0.000000 
16 1 91 0 2 4 1 2 2 1 0.918819 0.000000 
16 1 92 0 1 2 2 3 3 1 0.654409 0.000000 
16 1 93 0 1 0 0 1 1 1 0.616664 0.000000 
16 1 94 0 2 5 0 1 1 1 0.476009 0.000000 
16 1 95 1 2 3 0 4 4 1 1.421546 0.000000 
16 1 96 1 2 0 0 1 1 1 0.888341 0.000000 
16 1 97 1 1 3 3 4 4 1 1.121211 0.000000 
16 1 98 1 1 0 0 1 1 1 0.840876 0.000000 
16 1 99 1 1 3 3 4 4 1 0.915811 0.000000 
16 1 100 0 2 5 2 3 3 1 0.947998 0.000000 
16 1 101 0 2 4 1 2 2 1 0.643009 0.000000 
16 1 102 0 0 1 0 1 1 1 1.101842 0.000000 
16 1 103 0 1 0 0 1 1 1 0.614161 0.000000 
16 1 104 0 0 0 3 4 4 1 1.289394 0.000000 
16 1 105 0 2 4 0 1 1 1 0.818382 0.000000 
16 1 106 0 0 1 0 1 1 1 1.005990 0.000000 
16 1 107 0 0 1 0 1 1 1 0.650267 0.000000 
16 1 108 0 2 5 2 3 3 1 0.756441 0.000000 
16 1 109 1 0 1 0 2 2 1 1.106649 0.000000 
16 1 110 1 1 2 2 3 3 1 0.762960 0.000000 
16 1 111 0 0 2 1 2 2 1 1.081254 0.000000 
16 1 112 0 0 3 2 3 4 0 0.633871 0.000000 
16 1 113 0 1 0 0 1 1 1 0.576643 0.000000 
16 1 114 1 2 2 0 3 3 1 1.157704 0.000000 
16 1 115 0 0 0 3 4 4 1 1.276052 0.000000 
16 1 116 0 0 1 0 1 1 1 1.133808 0.000000 
16 1 117 0 2 4 3 4 4 1 0.900848 0.000000 
16 1 118 1 1 1 1 2 2 1 1.876105 0.000000 
16 1 119 1 2 3 0 4 1 0 1.150025 0.000000 
16 1 120 0 1 3 3 4 4 1 0.616347 0.000000 
16 1 121 0 2 4 3 4 4 1 0.611973 0.000000 
16 1 122 0 0 2 1 2 2 1 1.080265 0.000000 
16 1 123 0 2 4 2 3 3 1 1.561959 0.000000 
16 1 124 0 2 5 3 4 4 1 0.888417 0.000000 
16 1 125 0 2 4 2 3 3 1 0.768352 0.000000 
16 1 126 0 1 0 0 1 1 1 2.629954 0.000000 
16 1 127 0 0 0 3 4 4 1 0.722150 0.000000 
16 1 128 0 1 2 2 3 3 1 0.473663 0.000000 
16 1 129 0 0 2 1 2 2 1 0.675092 0.000000 
16 1 130 0 1 1 1 2 2 1 0.652616 0.000000 
16 1 131 0 2 4 1 2 2 1 0.462744 0.000000 
16 1 132 1 0 3 2 4 4 1 1.559902 0.000000 
16 1 133 0 2 4 0 1 1 1 0.966392 0.000000 
16 1 134 0 2 5 3 4 4 1 0.540193 0.000000 
16 1 135 0 0 0 3 4 4 1 0.938820 0.000000 
16 1 136 0 0 1 0 1 1 1 0.985742 0.000000 
16 1 137 1 0 1 0 2 2 1 1.862764 0.000000 
16 1 138 1 2 2 0 3 3 1 1.425339 0.000000 
16 1 139 0 0 0 3 4 1 0 0.756114 0.000000 
16 1 140 0 1 0 0 1 1 1 0.502263 0.000000 
16 1 141 1 2 1 0 2 2 1 0.909983 0.000000 
16 1 142 0 2 5 3 4 4 1 0.662256 0.000000 
16 1 143 0 0 2 1 2 2 1 1.344461 0.000000 
16 1 144 0 0 3 2 3 3 1 1.567546 0.000000 
16 1 145 0 0 2 1 2 2 1 0.637357 0.000000 
16 1 146 0 2 5 3 4 4 1 0.407188 0.000000 
16 1 147 0 0 2 1 2 3 0 0.699276 0.000000 
16 1 148 1 1 2 2 3 3 1 0.760066 0.000000 
16 1 149 0 0 3 2 3 3 1 1.141879 0.000000 
16 1 150 1 0 0 3 1 1 1 1.164876 0.000000 
16 1 151 0 1 1 1 2 2 1 0.843250 0.000000 
16 1 152 0 2 5 2 3 4 0 0.638134 0.000000 
16 1 153 0 0 0 3 4 4 1 0.571970 0.000000 
16 1 154 0 1 1 1 2 2 1 1.128993 0.000000 
16 1 155 1 0 3 2 4 3 0 0.936666 0.000000 
16 1 156 0 0 3 2 3 3 1 1.115562 0.000000 
16 1 157 0 2 4 3 4 4 1 0.603408 0.000000 
16 1 158 1 0 1 0 2 2 1 1.559609 0.000000 
16 1 159 0 1 1 1 2 2 1 0.598133 0.000000 
16 1 160 0 2 5 3 4 4 1 0.689933 0.000000 
16 1 161 0 2 4 2 3 3 1 0.930806 0.000000 
16 1 162 0 1 0 0 1 1 1 0.906406 0.000000 
16 1 163 0 2 4 1 2 2 1 0.450679 0.000000 
16 1 164 0 0 2 1 2 2 1 1.028758 0.000000 
16 1 165 0 0 3 2 3 3 1 0.776393 0.000000 
16 1 166 0 1 2 2 3 3 1 0.501931 0.000000 
16 1 167 0 1 3 3 4 4 1 0.598009 0.000000 
16 1 168 0 2 5 1 2 2 1 0.897865 0.000000 
16 1 169 1 1 0 0 1 1 1 0.826795 0.000000 
16 1 170 1 1 2 2 3 3 1 0.790343 0.000000 
16 1 171 0 0 3 2 3 3 1 1.099225 0.000000 
16 1 172 0 1 3 3 4 4 1 0.739990 0.000000 
16 1 173 0 2 4 0 1 1 1 0.691082 0.000000 
16 1 174 0 0 2 1 2 2 1 0.667953 0.000000 
16 1 175 0 1 3 3 4 4 1 0.661446 0.000000 
16 1 176 1 1 2 2 3 3 1 1.166639 0.000000 
16 1 177 0 2 4 1 2 2 1 0.668314 0.000000 
16 1 178 0 1 1 1 2 2 1 0.525800 0.000000 
16 1 179 0 0 0 3 4 4 1 1.061296 0.000000 
16 1 180 0 1 1 1 2 2 1 0.631603 0.000000 
16 1 181 0 1 2 2 3 3 1 0.627091 0.000000 
16 1 182 0 2 5 3 4 4 1 0.566580 0.000000 
16 1 183 0 0 3 2 3 3 1 0.836014 0.000000 
16 1 184 0 1 3 3 4 4 1 0.597944 0.000000 
16 1 185 0 1 2 2 3 3 1 0.682780 0.000000 
16 1 186 1 1 0 0 1 1 1 0.964037 0.000000 
16 1 187 0 2 4 1 2 2 1 0.969889 0.000000 
16 1 188 0 0 3 2 3 3 1 0.727532 0.000000 
16 1 189 0 1 1 1 2 1 0 0.534999 0.000000 
16 1 190 0 1 3 3 4 4 1 0.705766 0.000000 
16 1 191 0 0 3 2 3 3 1 0.504573 0.000000 
16 1 192 0 1 2 2 3 3 1 0.592652 0.000000 
16 1 1 0 1 0 0 1 1 1 2.609302 0.000000 
16 1 2 0 0 1 2 3 3 1 0.917903 0.000000 
16 1 3 0 1 0 0 1 1 1 1.404567 0.000000 
16 1 4 0 2 5 1 2 2 1 1.008751 0.000000 
16 1 5 0 0 2 3 4 4 1 0.844567 0.000000 
16 1 6 1 0 1 2 2 2 1 2.431611 0.000000 
16 1 7 0 0 2 3 4 4 1 1.123691 0.000000 
16 1 8 0 1 2 2 3 3 1 0.819370 0.000000 
16 1 9 0 0 1 2 3 3 1 0.582931 0.000000 
16 1 10 0 2 5 3 4 4 1 0.579095 0.000000 
16 1 11 0 1 2 2 3 3 1 0.536221 0.000000 
16 1 12 1 0 1 2 2 2 1 0.838949 0.000000 
16 1 13 0 0 1 2 3 3 1 0.745914 0.000000 
16 1 14 0 1 3 3 4 4 1 0.544776 0.000000 
16 1 15 1 1 1 1 2 2 1 0.935564 0.000000 
16 1 16 0 2 5 2 3 3 1 0.630482 0.000000 
16 1 17 1 1 1 1 2 2 1 0.657972 0.000000 
16 1 18 0 1 2 2 3 3 1 0.611165 0.000000 
16 1 19 0 2 4 0 1 4 0 0.639060 0.000000 
16 1 20 0 1 3 3 4 4 1 0.677460 0.000000 
16 1 21 0 2 4 1 2 2 1 1.358514 0.000000 
16 1 22 0 0 2 3 4 4 1 1.661009 0.000000 
16 1 23 0 1 3 3 4 4 1 0.751505 0.000000 
16 1 24 0 2 5 0 1 1 1 0.981725 0.000000 
16 1 25 1 1 1 1 2 2 1 1.954384 0.000000 
16 1 26 0 0 1 2 3 3 1 0.704998 0.000000 
16 1 27 0 0 0 1 2 2 1 1.377295 0.000000 
16 1 28 0 2 5 2 3 3 1 0.598956 0.000000 
16 1 29 1 0 1 2 2 2 1 1.547837 0.000000 
16 1 30 0 0 2 3 4 4 1 0.858965 0.000000 
16 1 31 0 0 0 1 2 2 1 0.821218 0.000000 
16 1 32 1 0 2 3 3 3 1 0.871773 0.000000 
16 1 33 0 0 0 1 2 2 1 1.169336 0.000000 
16 1 34 0 2 5 2 3 3 1 0.750995 0.000000 
16 1 35 0 1 1 1 2 2 1 0.717282 0.000000 
16 1 36 1 0 2 3 3 3 1 0.804881 0.000000 
16 1 37 0 2 4 2 3 3 1 0.753024 0.000000 
16 1 38 1 0 2 3 3 3 1 0.687150 0.000000 
16 1 39 0 1 3 3 4 4 1 0.512064 0.000000 
16 1 40 0 0 0 1 2 2 1 0.687209 0.000000 
16 1 41 1 0 1 2 2 3 0 1.176023 0.000000 
16 1 42 0 0 2 3 4 4 1 1.041677 0.000000 
16 1 43 1 2 3 0 4 4 1 1.236263 0.000000 
16 1 44 0 1 1 1 2 2 1 1.983395 0.000000 
16 1 45 0 0 1 2 3 3 1 0.740607 0.000000 
16 1 46 1 0 2 3 3 3 1 2.330599 0.000000 
16 1 47 0 1 0 0 1 1 1 1.450731 0.000000 
16 1 48 0 0 3 0 1 1 1 0.989161 0.000000 
16 1 49 1 0 2 3 3 3 1 1.210032 0.000000 
16 1 50 1 2 2 0 3 3 1 1.110492 0.000000 
16 1 51 0 1 0 0 1 1 1 0.974858 0.000000 
16 1 52 0 0 3 0 1 1 1 1.308499 0.000000 
16 1 53 0 2 4 0 1 1 1 0.563856 0.000000 
16 1 54 0 2 5 1 2 2 1 0.761982 0.000000 
16 1 55 1 1 1 1 2 2 1 1.232140 0.000000 
16 1 56 0 0 1 2 3 3 1 1.131965 0.000000 
16 1 57 0 2 4 1 2 2 1 0.683602 0.000000 
16 1 58 0 2 5 1 2 2 1 0.508405 0.000000 
16 1 59 0 2 4 3 4 4 1 0.524526 0.000000 
16 1 60 0 0 2 3 4 4 1 1.003022 0.000000 
16 1 61 1 1 3 3 4 4 1 1.375319 0.000000 
16 1 62 0 2 5 1 2 2 1 0.797101 0.000000 
16 1 63 0 0 2 3 4 4 1 1.042030 0.000000 
16 1 64 0 0 1 2 3 3 1 0.716914 0.000000 
16 1 65 0 2 4 3 4 4 1 0.572460 0.000000 
16 1 66 0 0 1 2 3 3 1 1.578010 0.000000 
16 1 67 0 2 4 3 4 4 1 0.662855 0.000000 
16 1 68 0 1 1 1 2 2 1 0.904992 0.000000 
16 1 69 0 1 0 0 1 1 1 0.617252 0.000000 
16 1 70 0 1 3 3 4 4 1 0.620706 0.000000 
16 1 71 0 2 4 2 3 3 1 0.592228 0.000000 
16 1 72 0 1 2 2 3 3 1 0.620968 0.000000 
16 1 73 0 2 4 3 4 1 0 1.280532 0.000000 
16 1 74 1 2 2 0 3 3 1 0.902155 0.000000 
16 1 75 0 1 0 0 1 1 1 1.861081 0.000000 
16 1 76 0 2 5 0 1 1 1 0.767688 0.000000 
16 1 77 0 0 1 2 3 3 1 1.077212 0.000000 
16 1 78 0 2 5 3 4 4 1 0.630900 0.000000 
16 1 79 0 1 0 0 1 1 1 0.714367 0.000000 
16 1 80 1 1 2 2 3 3 1 1.018599 0.000000 
16 1 81 0 1 3 3 4 4 1 1.709294 0.000000 
16 1 82 0 1 2 2 3 3 1 2.357864 0.000000 
16 1 83 0 1 2 2 3 3 1 0.596604 0.000000 
16 1 84 0 2 5 0 1 1 1 0.889465 0.000000 
16 1 85 1 0 2 3 3 4 0 1.226351 0.000000 
16 1 86 0 1 1 1 2 2 1 0.826025 0.000000 
16 1 87 0 2 4 2 3 4 0 1.069155 0.000000 
16 1 88 1 2 0 0 1 1 1 1.577787 0.000000 
16 1 89 0 2 4 1 2 2 1 0.727201 0.000000 
16 1 90 0 2 5 0 1 1 1 2.206814 0.000000 
16 1 91 0 2 4 2 3 3 1 0.883509 0.000000 
16 1 92 1 0 3 0 4 4 1 1.140436 0.000000 
16 1 93 0 1 1 1 2 2 1 0.635384 0.000000 
16 1 94 0 1 0 0 1 1 1 0.917265 0.000000 
16 1 95 0 2 4 1 2 2 1 0.668884 0.000000 
16 1 96 1 0 3 0 4 4 1 0.918397 0.000000 
16 1 97 0 2 4 0 1 1 1 0.774000 0.000000 
16 1 98 1 2 2 0 3 4 0 1.203522 0.000000 
16 1 99 1 2 3 0 4 3 0 1.715946 0.000000 
16 1 100 0 1 0 0 1 1 1 0.959994 0.000000 
16 1 101 0 0 1 2 3 3 1 0.724819 0.000000 
16 1 102 0 0 0 1 2 2 1 0.660374 0.000000 
16 1 103 0 2 4 2 3 3 1 1.326563 0.000000 
16 1 104 0 2 5 3 4 4 1 0.710291 0.000000 
16 1 105 0 1 2 2 3 3 1 0.966454 0.000000 
16 1 106 0 0 0 1 2 2 1 2.452190 0.000000 
16 1 107 1 1 1 1 2 2 1 0.998995 0.000000 
16 1 108 0 1 1 1 2 2 1 0.674938 0.000000 
16 1 109 1 0 3 0 4 1 0 1.076449 0.000000 
16 1 110 0 1 3 3 4 4 1 0.578008 0.000000 
16 1 111 0 2 4 3 4 4 1 0.479094 0.000000 
16 1 112 0 1 1 1 2 2 1 0.592526 0.000000 
16 1 113 1 0 2 3 3 3 1 2.893426 0.000000 
16 1 114 0 0 3 0 1 1 1 4.230206 0.000000 
16 1 115 0 1 3 3 4 4 1 1.346855 0.000000 
16 1 116 0 2 5 2 3 3 1 0.866015 0.000000 
16 1 117 0 0 1 2 3 3 1 0.684008 0.000000 
16 1 118 0 1 3 3 4 4 1 0.700462 0.000000 
16 1 119 0 2 4 3 4 4 1 0.588576 0.000000 
16 1 120 1 2 0 0 1 1 1 0.864449 0.000000 
16 1 121 0 0 2 3 4 4 1 0.946653 0.000000 
16 1 122 0 1 2 2 3 3 1 0.697638 0.000000 
16 1 123 0 0 1 2 3 3 1 0.842454 0.000000 
16 1 124 0 1 0 0 1 1 1 0.621382 0.000000 
16 1 125 1 1 0 0 1 1 1 0.712851 0.000000 
16 1 126 0 2 5 2 3 4 0 0.673010 0.000000 
16 1 127 1 1 3 3 4 4 1 1.294482 0.000000 
16 1 128 0 1 3 3 4 4 1 0.758174 0.000000 
16 1 129 0 1 2 2 3 3 1 0.788396 0.000000 
16 1 130 0 2 5 1 2 2 1 0.713262 0.000000 
16 1 131 0 1 0 0 1 1 1 0.617478 0.000000 
16 1 132 1 2 0 0 1 1 1 0.612881 0.000000 
16 1 133 0 0 0 1 2 2 1 0.641114 0.000000 
16 1 134 1 0 3 0 4 1 0 0.899923 0.000000 
16 1 135 1 2 3 0 4 4 1 0.895149 0.000000 
16 1 136 0 2 5 0 1 1 1 1.079641 0.000000 
16 1 137 1 2 1 0 2 2 1 1.329345 0.000000 
16 1 138 0 1 0 0 1 1 1 0.841026 0.000000 
16 1 139 0 1 0 0 1 1 1 1.027968 0.000000 
16 1 140 1 1 0 0 1 1 1 0.887625 0.000000 
16 1 141 1 0 1 2 2 2 1 4.015760 0.000000 
16 1 142 1 1 0 0 1 1 1 1.836358 0.000000 
16 1 143 0 0 3 0 1 1 1 1.551686 0.000000 
16 1 144 0 2 5 3 4 4 1 0.662094 0.000000 
16 1 145 0 0 1 2 3 3 1 0.944351 0.000000 
16 1 146 1 0 2 3 3 3 1 1.063242 0.000000 
16 1 147 0 1 1 1 2 2 1 0.689586 0.000000 
16 1 148 1 1 1 1 2 2 1 0.729451 0.000000 
16 1 149 0 2 4 3 4 4 1 0.632919 0.000000 
16 1 150 0 1 2 2 3 3 1 0.684134 0.000000 
16 1 151 1 0 2 3 3 3 1 1.012596 0.000000 
16 1 152 0 0 0 1 2 1 0 0.672913 0.000000 
16 1 153 0 1 3 3 4 4 1 0.702377 0.000000 
16 1 154 0 2 5 3 4 4 1 0.718142 0.000000 
16 1 155 0 1 3 3 4 4 1 0.437674 0.000000 
16 1 156 0 2 5 2 3 3 1 0.679462 0.000000 
16 1 157 0 2 4 3 4 4 1 0.624885 0.000000 
16 1 158 0 2 5 3 4 4 1 0.548366 0.000000 
16 1 159 1 1 1 1 2 2 1 1.403271 0.000000 
16 1 160 1 2 0 0 1 1 1 0.783671 0.000000 
16 1 161 0 0 0 1 2 2 1 0.748538 0.000000 
16 1 162 0 1 0 0 1 1 1 0.619429 0.000000 
16 1 163 1 2 3 0 4 4 1 1.990048 0.000000 
16 1 164 0 2 5 2 3 4 0 0.859318 0.000000 
16 1 165 0 0 2 3 4 4 1 0.833477 0.000000 
16 1 166 1 2 2 0 3 3 1 1.444139 0.000000 
16 1 167 0 1 3 3 4 4 1 0.534988 0.000000 
16 1 168 0 0 3 0 1 1 1 0.933866 0.000000 
16 1 169 1 1 3 3 4 1 0 1.100832 0.000000 
16 1 170 0 2 5 1 2 2 1 1.080110 0.000000 
16 1 171 0 0 0 1 2 2 1 0.633367 0.000000 
16 1 172 0 2 5 1 2 2 1 0.460199 0.000000 
16 1 173 0 0 2 3 4 4 1 1.182295 0.000000 
16 1 174 0 2 5 0 1 1 1 0.708002 0.000000 
16 1 175 0 1 0 0 1 1 1 0.652161 0.000000 
16 1 176 0 0 1 2 3 3 1 1.446373 0.000000 
16 1 177 0 1 1 1 2 2 1 0.728518 0.000000 
16 1 178 0 0 0 1 2 2 1 1.240005 0.000000 
16 1 179 0 0 2 3 4 4 1 0.915002 0.000000 
16 1 180 0 0 1 2 3 3 1 3.195476 0.000000 
16 1 181 0 0 3 0 1 1 1 3.433277 0.000000 
16 1 182 0 1 0 0 1 1 1 0.492970 0.000000 
16 1 183 0 0 2 3 4 4 1 1.340782 0.000000 
16 1 184 0 0 0 1 2 2 1 0.515867 0.000000 
16 1 185 0 2 4 1 2 2 1 0.483984 0.000000 
16 1 186 1 1 3 3 4 4 1 0.836785 0.000000 
16 1 187 0 2 4 3 4 4 1 0.543651 0.000000 
16 1 188 1 2 0 0 1 1 1 0.622432 0.000000 
16 1 189 0 0 2 3 4 4 1 0.945987 0.000000 
16 1 190 0 1 0 0 1 1 1 0.496896 0.000000 
16 1 191 1 2 3 0 4 4 1 0.832677 0.000000 
16 1 192 0 2 5 1 2 2 1 0.779969 0.000000 
