15 1 1 0 0 2 3 4 4 1 2.728666 0.000000 
15 1 2 0 1 1 1 2 2 1 1.688798 0.000000 
15 1 3 1 0 1 2 2 3 0 0.866045 0.000000 
15 1 4 0 0 3 0 1 4 0 1.191587 0.000000 
15 1 5 0 1 2 2 3 3 1 2.559407 0.000000 
15 1 6 1 2 2 0 3 3 1 3.126189 0.000000 
15 1 7 0 2 4 1 2 2 1 2.830613 0.000000 
15 1 8 0 2 5 3 4 4 1 0.834345 0.000000 
15 1 9 0 0 2 3 4 4 1 1.892848 0.000000 
15 1 10 1 1 3 3 4 4 1 1.781334 0.000000 
15 1 11 0 0 0 1 2 2 1 2.531477 0.000000 
15 1 12 0 1 1 1 2 2 1 1.507758 0.000000 
15 1 13 0 0 1 2 3 2 0 0.764277 0.000000 
15 1 14 0 2 5 2 3 3 1 1.494427 0.000000 
15 1 15 0 0 2 3 4 4 1 2.111422 0.000000 
15 1 16 0 2 5 0 1 1 1 0.927272 0.000000 
15 1 17 0 1 1 1 2 2 1 1.503004 0.000000 
15 1 18 0 2 5 1 2 2 1 0.663536 0.000000 
15 1 19 0 2 4 0 1 1 1 0.825842 0.000000 
15 1 20 0 1 3 3 4 4 1 0.725431 0.000000 
15 1 21 0 0 1 2 3 2 0 1.020996 0.000000 
15 1 22 0 1 3 3 4 4 1 0.963593 0.000000 
15 1 23 0 2 4 2 3 3 1 1.417795 0.000000 
15 1 24 0 2 5 2 3 3 1 0.669644 0.000000 
15 1 25 0 1 2 2 3 3 1 0.911160 0.000000 
15 1 26 0 2 5 2 3 3 1 0.623525 0.000000 
15 1 27 0 2 4 0 1 1 1 0.891125 0.000000 
15 1 28 0 1 0 0 1 1 1 1.396129 0.000000 
15 1 29 0 1 3 3 4 4 1 0.752331 0.000000 
15 1 30 0 1 0 0 1 1 1 0.926622 0.000000 
15 1 31 1 1 2 2 3 3 1 1.494313 0.000000 
15 1 32 0 2 5 1 2 2 1 1.887702 0.000000 
15 1 33 0 2 4 1 2 2 1 0.593040 0.000000 
15 1 34 0 1 3 3 4 4 1 0.709882 0.000000 
15 1 35 0 0 2 3 4 4 1 1.285287 0.000000 
15 1 36 0 2 5 1 2 2 1 0.998327 0.000000 
15 1 37 0 2 4 3 4 4 1 0.891439 0.000000 
15 1 38 0 0 3 0 1 4 0 0.756410 0.000000 
15 1 39 1 2 3 0 4 4 1 3.918693 0.000000 
15 1 40 0 1 2 2 3 3 1 1.239181 0.000000 
15 1 41 0 1 3 3 4 4 1 0.738349 0.000000 
15 1 42 1 0 3 0 4 4 1 1.176304 0.000000 
15 1 43 0 0 0 1 2 1 0 1.798200 0.000000 
15 1 44 0 1 1 1 2 2 1 1.055325 0.000000 
15 1 45 0 0 3 0 1 4 0 1.089443 0.000000 
15 1 46 0 1 0 0 1 1 1 2.718429 0.000000 
15 1 47 0 0 3 0 1 1 1 1.365650 0.000000 
15 1 48 0 2 5 1 2 2 1 0.803948 0.000000 
15 1 49 1 2 1 0 2 1 0 1.663798 0.000000 
15 1 50 0 1 0 0 1 1 1 1.878263 0.000000 
15 1 51 0 0 2 3 4 4 1 1.984157 0.000000 
15 1 52 0 2 5 3 4 4 1 0.661526 0.000000 
15 1 53 1 0 3 0 4 1 0 1.854879 0.000000 
15 1 54 1 1 0 0 1 1 1 1.341634 0.000000 
15 1 55 1 1 0 0 1 1 1 0.844243 0.000000 
15 1 56 0 2 5 3 4 4 1 0.935368 0.000000 
15 1 57 0 2 4 2 3 3 1 1.518347 0.000000 
15 1 58 1 2 2 0 3 1 0 2.006287 0.000000 
15 1 59 1 0 1 2 2 2 1 4.862031 0.000000 
15 1 60 0 0 3 0 1 1 1 1.601632 0.000000 
15 1 61 1 1 3 3 4 4 1 0.958249 0.000000 
15 1 62 1 2 2 0 3 3 1 1.676700 0.000000 
15 1 63 0 0 3 0 1 4 0 1.629705 0.000000 
15 1 64 0 2 5 3 4 4 1 0.581456 0.000000 
15 1 65 0 1 0 0 1 1 1 0.914746 0.000000 
15 1 66 0 2 5 0 1 1 1 0.883129 0.000000 
15 1 67 1 0 2 3 3 3 1 3.308147 0.000000 
15 1 68 1 0 2 3 3 3 1 0.917403 0.000000 
15 1 69 0 1 2 2 3 3 1 1.388186 0.000000 
15 1 70 0 2 5 3 4 4 1 0.817369 0.000000 
15 1 71 1 1 1 1 2 2 1 1.965005 0.000000 
15 1 72 0 1 2 2 3 3 1 1.395867 0.000000 
15 1 73 0 2 4 0 1 1 1 1.081030 0.000000 
15 1 74 0 0 2 3 4 4 1 1.002824 0.000000 
15 1 75 0 1 3 3 4 4 1 0.783166 0.000000 
15 1 76 0 2 5 2 3 4 0 0.699200 0.000000 
15 1 77 1 2 1 0 2 2 1 2.639955 0.000000 
15 1 78 1 0 1 2 2 2 1 1.787362 0.000000 
15 1 79 0 0 0 1 2 2 1 1.352764 0.000000 
15 1 80 0 1 2 2 3 3 1 1.999386 0.000000 
15 1 81 0 1 1 1 2 2 1 0.955097 0.000000 
15 1 82 0 1 1 1 2 2 1 0.545490 0.000000 
15 1 83 0 1 2 2 3 3 1 1.296368 0.000000 
15 1 84 0 2 5 1 2 2 1 1.081554 0.000000 
15 1 85 0 1 2 2 3 3 1 0.763314 0.000000 
15 1 86 0 2 5 0 1 1 1 2.321700 0.000000 
15 1 87 1 0 2 3 3 4 0 1.505869 0.000000 
15 1 88 1 0 2 3 3 3 1 1.797276 0.000000 
15 1 89 0 2 4 2 3 3 1 1.962474 0.000000 
15 1 90 0 1 0 0 1 1 1 1.377213 0.000000 
15 1 91 0 0 1 2 3 3 1 1.991179 0.000000 
15 1 92 1 2 0 0 1 1 1 1.524572 0.000000 
15 1 93 0 1 3 3 4 4 1 0.827543 0.000000 
15 1 94 0 0 1 2 3 3 1 1.167142 0.000000 
15 1 95 0 1 3 3 4 4 1 0.772939 0.000000 
15 1 96 0 0 3 0 1 1 1 0.802561 0.000000 
15 1 97 0 1 1 1 2 2 1 1.126879 0.000000 
15 1 98 0 0 2 3 4 4 1 0.950673 0.000000 
15 1 99 1 2 3 0 4 4 1 2.324066 0.000000 
15 1 100 0 1 2 2 3 3 1 1.076319 0.000000 
15 1 101 0 0 1 2 3 3 1 1.078031 0.000000 
15 1 102 0 2 5 1 2 2 1 0.871828 0.000000 
15 1 103 0 1 1 1 2 2 1 0.617518 0.000000 
15 1 104 0 0 0 1 2 2 1 0.749014 0.000000 
15 1 105 0 2 4 0 1 1 1 0.707925 0.000000 
15 1 106 0 0 1 2 3 3 1 1.843331 0.000000 
15 1 107 0 1 2 2 3 3 1 0.606697 0.000000 
15 1 108 0 0 0 1 2 2 1 1.114933 0.000000 
15 1 109 0 2 4 2 3 3 1 0.731342 0.000000 
15 1 110 0 2 5 3 4 4 1 0.682942 0.000000 
15 1 111 0 1 1 1 2 2 1 1.451919 0.000000 
15 1 112 1 0 1 2 2 2 1 1.894540 0.000000 
15 1 113 1 0 3 0 4 4 1 0.926888 0.000000 
15 1 114 1 0 1 2 2 2 1 1.462583 0.000000 
15 1 115 0 2 4 3 4 4 1 1.185197 0.000000 
15 1 116 0 0 0 1 2 2 1 2.734401 0.000000 
15 1 117 1 2 1 0 2 2 1 1.822123 0.000000 
15 1 118 0 1 1 1 2 2 1 1.209273 0.000000 
15 1 119 0 0 0 1 2 2 1 1.293685 0.000000 
15 1 120 0 0 1 2 3 3 1 1.342808 0.000000 
15 1 121 0 2 4 2 3 3 1 0.645958 0.000000 
15 1 122 0 2 5 3 4 4 1 0.696896 0.000000 
15 1 123 0 0 0 1 2 2 1 1.089848 0.000000 
15 1 124 1 1 2 2 3 3 1 1.522969 0.000000 
15 1 125 1 0 0 1 1 1 1 1.146873 0.000000 
15 1 126 0 2 5 2 3 3 1 0.800992 0.000000 
15 1 127 0 1 1 1 2 2 1 1.413347 0.000000 
15 1 128 0 0 1 2 3 3 1 1.609902 0.000000 
15 1 129 1 2 1 0 2 2 1 1.998541 0.000000 
15 1 130 0 1 2 2 3 3 1 1.531946 0.000000 
15 1 131 1 0 3 0 4 4 1 1.763929 0.000000 
15 1 132 1 0 2 3 3 3 1 1.769761 0.000000 
15 1 133 1 2 1 0 2 2 1 1.535768 0.000000 
15 1 134 0 1 3 3 4 4 1 0.862999 0.000000 
15 1 135 0 0 0 1 2 1 0 0.857350 0.000000 
15 1 136 0 2 5 1 2 3 0 1.047478 0.000000 
15 1 137 0 2 4 0 1 1 1 1.077094 0.000000 
15 1 138 1 0 1 2 2 2 1 1.638600 0.000000 
15 1 139 0 0 2 3 4 3 0 1.393916 0.000000 
15 1 140 0 1 0 0 1 1 1 2.042998 0.000000 
15 1 141 1 1 1 1 2 2 1 1.350209 0.000000 
15 1 142 0 2 5 3 4 4 1 0.692694 0.000000 
15 1 143 0 2 4 3 4 4 1 0.604667 0.000000 
15 1 144 0 1 1 1 2 2 1 1.296965 0.000000 
15 1 145 0 0 0 1 2 2 1 1.090021 0.000000 
15 1 146 1 0 0 1 1 1 1 1.435221 0.000000 
15 1 147 0 0 1 2 3 3 1 2.014458 0.000000 
15 1 148 0 1 0 0 1 1 1 1.171216 0.000000 
15 1 149 1 1 2 2 3 3 1 1.528010 0.000000 
15 1 150 0 2 5 3 4 4 1 0.711919 0.000000 
15 1 151 1 0 2 3 3 4 0 1.976267 0.000000 
15 1 152 1 2 0 0 1 1 1 1.146164 0.000000 
15 1 153 0 0 1 2 3 3 1 2.361075 0.000000 
15 1 154 0 2 5 2 3 3 1 0.847960 0.000000 
15 1 155 0 0 0 1 2 1 0 1.097972 0.000000 
15 1 156 0 2 5 3 4 4 1 0.854859 0.000000 
15 1 157 0 1 3 3 4 4 1 0.632970 0.000000 
15 1 158 0 0 1 2 3 3 1 1.300131 0.000000 
15 1 159 0 0 3 0 1 1 1 1.556410 0.000000 
15 1 160 0 0 3 0 1 1 1 1.187022 0.000000 
15 1 161 0 1 3 3 4 4 1 0.864126 0.000000 
15 1 162 1 1 2 2 3 3 1 1.577533 0.000000 
15 1 163 1 1 3 3 4 4 1 1.223391 0.000000 
15 1 164 1 1 2 2 3 3 1 1.435218 0.000000 
15 1 165 0 2 4 3 4 4 1 0.734447 0.000000 
15 1 166 0 2 5 2 3 3 1 1.189483 0.000000 
15 1 167 0 2 4 1 2 2 1 1.210629 0.000000 
15 1 168 0 0 0 1 2 1 0 1.110105 0.000000 
15 1 169 0 1 0 0 1 1 1 1.082344 0.000000 
15 1 170 0 2 5 1 2 2 1 0.779824 0.000000 
15 1 171 1 1 3 3 4 4 1 1.841470 0.000000 
15 1 172 1 2 0 0 1 1 1 1.484897 0.000000 
15 1 173 0 1 1 1 2 2 1 1.118182 0.000000 
15 1 174 0 2 5 0 1 1 1 0.797889 0.000000 
15 1 175 0 0 3 0 1 1 1 1.857877 0.000000 
15 1 176 0 1 2 2 3 3 1 1.356629 0.000000 
15 1 177 1 0 0 1 1 2 0 1.819176 0.000000 
15 1 178 0 2 5 1 2 2 1 0.714992 0.000000 
15 1 179 0 0 2 3 4 4 1 1.731063 0.000000 
15 1 180 0 1 0 0 1 1 1 1.251125 0.000000 
15 1 181 0 1 2 2 3 3 1 1.604583 0.000000 
15 1 182 0 1 1 1 2 2 1 0.729169 0.000000 
15 1 183 1 2 3 0 4 4 1 1.512799 0.000000 
15 1 184 0 0 1 2 3 3 1 0.769384 0.000000 
15 1 185 0 1 0 0 1 1 1 0.751105 0.000000 
15 1 186 1 0 3 0 4 4 1 1.293339 0.000000 
15 1 187 0 1 1 1 2 2 1 1.869607 0.000000 
15 1 188 0 2 5 3 4 4 1 0.695573 0.000000 
15 1 189 0 0 1 2 3 3 1 3.480712 0.000000 
15 1 190 0 1 1 1 2 2 1 1.635384 0.000000 
15 1 191 1 2 3 0 4 4 1 1.158627 0.000000 
15 1 192 0 2 5 1 2 3 0 1.644157 0.000000 
15 1 1 0 1 1 1 2 2 1 4.110398 0.000000 
15 1 2 0 1 1 1 2 2 1 0.583683 0.000000 
15 1 3 0 0 1 2 3 3 1 0.732560 0.000000 
15 1 4 0 0 0 1 2 1 0 1.132025 0.000000 
15 1 5 0 2 4 1 2 2 1 1.029061 0.000000 
15 1 6 1 2 2 0 3 3 1 1.976316 0.000000 
15 1 7 1 0 2 3 3 3 1 0.886454 0.000000 
15 1 8 1 2 0 0 1 1 1 1.863431 0.000000 
15 1 9 0 2 4 3 4 4 1 1.138250 0.000000 
15 1 10 1 2 2 0 3 3 1 1.721355 0.000000 
15 1 11 0 2 4 2 3 3 1 0.768298 0.000000 
15 1 12 0 1 3 3 4 4 1 0.654000 0.000000 
15 1 13 0 0 2 3 4 3 0 1.112217 0.000000 
15 1 14 0 1 3 3 4 4 1 0.644419 0.000000 
15 1 15 0 0 1 2 3 3 1 2.983254 0.000000 
15 1 16 1 2 0 0 1 1 1 1.332976 0.000000 
15 1 17 0 0 2 3 4 4 1 1.003170 0.000000 
15 1 18 0 2 5 0 1 1 1 1.159483 0.000000 
15 1 19 1 0 3 0 4 4 1 1.093437 0.000000 
15 1 20 1 0 2 3 3 3 1 3.214556 0.000000 
15 1 21 0 0 1 2 3 3 1 2.387930 0.000000 
15 1 22 0 0 3 0 1 1 1 1.488557 0.000000 
15 1 23 1 2 3 0 4 4 1 1.185711 0.000000 
15 1 24 0 1 0 0 1 1 1 0.974818 0.000000 
15 1 25 1 2 1 0 2 3 0 2.180602 0.000000 
15 1 26 1 1 3 3 4 4 1 0.742552 0.000000 
15 1 27 0 1 0 0 1 1 1 1.037289 0.000000 
15 1 28 1 1 2 2 3 3 1 1.928369 0.000000 
15 1 29 0 2 4 1 2 2 1 1.519563 0.000000 
15 1 30 1 1 3 3 4 4 1 0.759387 0.000000 
15 1 31 0 0 0 1 2 2 1 1.533739 0.000000 
15 1 32 0 0 0 1 2 2 1 1.340990 0.000000 
15 1 33 0 0 0 1 2 2 1 0.556220 0.000000 
15 1 34 0 1 0 0 1 1 1 0.706350 0.000000 
15 1 35 1 1 2 2 3 3 1 1.281655 0.000000 
15 1 36 0 1 1 1 2 2 1 0.715532 0.000000 
15 1 37 0 0 1 2 3 3 1 1.651834 0.000000 
15 1 38 0 1 2 2 3 2 0 1.310516 0.000000 
15 1 39 0 0 1 2 3 2 0 1.227019 0.000000 
15 1 40 0 1 1 1 2 2 1 0.954133 0.000000 
15 1 41 0 1 1 1 2 2 1 0.679234 0.000000 
15 1 42 0 0 3 0 1 1 1 1.200937 0.000000 
15 1 43 1 2 3 0 4 4 1 1.421309 0.000000 
15 1 44 0 1 1 1 2 2 1 0.889227 0.000000 
15 1 45 0 0 0 1 2 2 1 1.682261 0.000000 
15 1 46 0 1 0 0 1 1 1 0.708063 0.000000 
15 1 47 0 0 3 0 1 4 0 0.995828 0.000000 
15 1 48 0 1 0 0 1 1 1 0.995732 0.000000 
15 1 49 1 2 1 0 2 2 1 2.168583 0.000000 
15 1 50 1 1 0 0 1 1 1 1.478733 0.000000 
15 1 51 0 1 1 1 2 2 1 0.760695 0.000000 
15 1 52 1 0 1 2 2 2 1 1.182966 0.000000 
15 1 53 1 0 1 2 2 2 1 0.764102 0.000000 
15 1 54 0 1 1 1 2 2 1 0.857371 0.000000 
15 1 55 0 0 0 1 2 1 0 0.755664 0.000000 
15 1 56 1 2 0 0 1 1 1 0.997786 0.000000 
15 1 57 0 1 2 2 3 3 1 0.962608 0.000000 
15 1 58 0 2 5 0 1 1 1 1.409000 0.000000 
15 1 59 0 1 0 0 1 1 1 0.637521 0.000000 
15 1 60 1 1 3 3 4 4 1 0.928446 0.000000 
15 1 61 0 2 4 2 3 3 1 1.959217 0.000000 
15 1 62 0 2 5 2 3 3 1 1.029935 0.000000 
15 1 63 1 0 2 3 3 3 1 2.105762 0.000000 
15 1 64 0 1 3 3 4 4 1 0.690546 0.000000 
15 1 65 0 1 2 2 3 2 0 1.123419 0.000000 
15 1 66 0 1 2 2 3 3 1 1.063048 0.000000 
15 1 67 0 2 4 2 3 3 1 0.624111 0.000000 
15 1 68 0 2 5 0 1 1 1 0.651699 0.000000 
15 1 69 0 2 4 1 2 3 0 0.686039 0.000000 
15 1 70 1 1 0 0 1 1 1 1.370752 0.000000 
15 1 71 0 1 1 1 2 2 1 1.032398 0.000000 
15 1 72 0 1 0 0 1 1 1 0.987967 0.000000 
15 1 73 0 2 4 1 2 3 0 1.672567 0.000000 
15 1 74 0 0 0 1 2 1 0 0.973316 0.000000 
15 1 75 0 1 3 3 4 4 1 0.614548 0.000000 
15 1 76 0 1 0 0 1 1 1 0.786574 0.000000 
15 1 77 0 0 0 1 2 2 1 1.503583 0.000000 
15 1 78 1 2 2 0 3 3 1 1.128097 0.000000 
15 1 79 0 1 3 3 4 4 1 0.631894 0.000000 
15 1 80 1 0 0 1 1 3 0 1.106573 0.000000 
15 1 81 0 0 2 3 4 4 1 2.766783 0.000000 
15 1 82 1 0 2 3 3 3 1 1.580938 0.000000 
15 1 83 0 1 2 2 3 3 1 0.826870 0.000000 
15 1 84 0 0 0 1 2 2 1 1.078535 0.000000 
15 1 85 0 2 4 1 2 2 1 1.024296 0.000000 
15 1 86 0 0 1 2 3 3 1 2.187067 0.000000 
15 1 87 0 2 4 3 4 4 1 0.688610 0.000000 
15 1 88 0 2 5 1 2 2 1 3.289629 0.000000 
15 1 89 0 1 2 2 3 3 1 0.771572 0.000000 
15 1 90 1 1 3 3 4 4 1 0.633114 0.000000 
15 1 91 1 1 3 3 4 4 1 0.772103 0.000000 
15 1 92 1 2 0 0 1 1 1 0.681743 0.000000 
15 1 93 0 0 3 0 1 4 0 0.914335 0.000000 
15 1 94 1 0 2 3 3 3 1 2.358526 0.000000 
15 1 95 0 0 2 3 4 3 0 0.581137 0.000000 
15 1 96 0 0 2 3 4 4 1 1.374531 0.000000 
15 1 97 0 0 3 0 1 1 1 1.452131 0.000000 
15 1 98 0 1 3 3 4 4 1 0.750710 0.000000 
15 1 99 0 2 4 3 4 4 1 0.923990 0.000000 
15 1 100 0 1 3 3 4 4 1 0.571698 0.000000 
15 1 101 0 1 2 2 3 3 1 0.785232 0.000000 
15 1 102 0 1 3 3 4 4 1 0.790257 0.000000 
15 1 103 0 2 4 3 4 4 1 0.611208 0.000000 
15 1 104 0 2 5 2 3 3 1 0.647406 0.000000 
15 1 105 0 2 4 3 4 4 1 0.674348 0.000000 
15 1 106 1 2 2 0 3 1 0 1.586856 0.000000 
15 1 107 0 0 0 1 2 2 1 1.371996 0.000000 
15 1 108 0 2 5 0 1 1 1 0.769618 0.000000 
15 1 109 0 0 1 2 3 3 1 0.815261 0.000000 
15 1 110 0 1 2 2 3 3 1 0.579604 0.000000 
15 1 111 0 2 4 3 4 4 1 0.633138 0.000000 
15 1 112 0 2 5 0 1 1 1 1.004010 0.000000 
15 1 113 0 0 1 2 3 3 1 2.615505 0.000000 
15 1 114 1 0 0 1 1 1 1 1.836154 0.000000 
15 1 115 0 2 4 2 3 3 1 1.583284 0.000000 
15 1 116 1 2 0 0 1 1 1 2.460608 0.000000 
15 1 117 0 1 0 0 1 1 1 0.903604 0.000000 
15 1 118 0 1 2 2 3 3 1 0.687949 0.000000 
15 1 119 0 0 1 2 3 3 1 0.855802 0.000000 
15 1 120 0 1 1 1 2 2 1 0.634169 0.000000 
15 1 121 1 2 1 0 2 1 0 0.893019 0.000000 
15 1 122 1 1 2 2 3 3 1 1.057859 0.000000 
15 1 123 0 1 2 2 3 3 1 0.692007 0.000000 
15 1 124 0 2 5 1 2 2 1 0.916976 0.000000 
15 1 125 1 0 0 1 1 1 1 1.620679 0.000000 
15 1 126 0 1 2 2 3 3 1 0.703685 0.000000 
15 1 127 0 2 4 0 1 1 1 0.871923 0.000000 
15 1 128 0 0 1 2 3 3 1 4.625780 0.000000 
15 1 129 0 2 4 2 3 3 1 0.678790 0.000000 
15 1 130 1 2 2 0 3 3 1 1.792430 0.000000 
15 1 131 0 2 4 1 2 2 1 0.788819 0.000000 
15 1 132 1 2 0 0 1 1 1 0.761813 0.000000 
15 1 133 1 2 1 0 2 0 0 5.000005 0.000000 
15 1 134 0 0 3 0 1 1 1 1.169975 0.000000 
15 1 135 0 1 3 3 4 4 1 0.679477 0.000000 
15 1 136 0 0 0 1 2 2 1 1.201096 0.000000 
15 1 137 0 1 0 0 1 1 1 0.764589 0.000000 
15 1 138 1 2 2 0 3 3 1 2.690938 0.000000 
15 1 139 0 2 4 0 1 1 1 0.924682 0.000000 
15 1 140 1 2 0 0 1 1 1 2.084374 0.000000 
15 1 141 0 2 4 2 3 3 1 0.661893 0.000000 
15 1 142 0 0 2 3 4 1 0 0.919175 0.000000 
15 1 143 0 0 2 3 4 4 1 1.426662 0.000000 
15 1 144 0 0 1 2 3 2 0 2.038380 0.000000 
15 1 145 0 2 4 3 4 4 1 0.845559 0.000000 
15 1 146 0 0 2 3 4 4 1 1.576359 0.000000 
15 1 147 1 0 2 3 3 3 1 1.454252 0.000000 
15 1 148 1 0 3 0 4 4 1 2.127901 0.000000 
15 1 149 1 0 2 3 3 3 1 1.520027 0.000000 
15 1 150 1 1 3 3 4 3 0 0.672002 0.000000 
15 1 151 0 1 1 1 2 2 1 1.565402 0.000000 
15 1 152 0 1 1 1 2 2 1 1.331767 0.000000 
15 1 153 0 0 1 2 3 3 1 1.474719 0.000000 
15 1 154 0 0 3 0 1 1 1 1.748557 0.000000 
15 1 155 0 0 1 2 3 3 1 1.379861 0.000000 
15 1 156 0 0 0 1 2 2 1 4.241910 0.000000 
15 1 157 0 0 0 1 2 2 1 0.926199 0.000000 
15 1 158 0 2 5 3 4 4 1 0.613871 0.000000 
15 1 159 0 1 3 3 4 4 1 0.650098 0.000000 
15 1 160 0 2 5 2 3 3 1 0.667361 0.000000 
15 1 161 0 2 4 3 4 4 1 0.588973 0.000000 
15 1 162 1 2 2 0 3 1 0 0.961820 0.000000 
15 1 163 0 0 1 2 3 3 1 1.484025 0.000000 
15 1 164 0 1 0 0 1 1 1 0.661064 0.000000 
15 1 165 0 1 1 1 2 2 1 1.367344 0.000000 
15 1 166 0 2 5 2 3 4 0 0.692135 0.000000 
15 1 167 0 2 4 1 2 2 1 1.360923 0.000000 
15 1 168 0 0 2 3 4 4 1 1.839228 0.000000 
15 1 169 0 0 1 2 3 3 1 1.114641 0.000000 
15 1 170 0 0 1 2 3 3 1 0.595011 0.000000 
15 1 171 0 0 2 3 4 4 1 0.751921 0.000000 
15 1 172 1 1 0 0 1 1 1 0.854182 0.000000 
15 1 173 0 1 3 3 4 4 1 0.551581 0.000000 
15 1 174 0 0 1 2 3 3 1 1.973842 0.000000 
15 1 175 0 1 0 0 1 1 1 0.675897 0.000000 
15 1 176 0 1 0 0 1 1 1 0.557492 0.000000 
15 1 177 0 2 4 0 1 1 1 0.659676 0.000000 
15 1 178 0 2 5 3 4 4 1 0.621887 0.000000 
15 1 179 0 1 3 3 4 4 1 0.585440 0.000000 
15 1 180 0 1 0 0 1 1 1 0.598323 0.000000 
15 1 181 0 2 4 3 4 4 1 0.770297 0.000000 
15 1 182 1 2 2 0 3 3 1 1.695864 0.000000 
15 1 183 0 1 3 3 4 4 1 0.625216 0.000000 
15 1 184 0 2 5 3 4 4 1 0.428807 0.000000 
15 1 185 0 2 4 2 3 3 1 0.784268 0.000000 
15 1 186 0 0 3 0 1 4 0 0.629216 0.000000 
15 1 187 0 2 4 3 4 4 1 0.572589 0.000000 
15 1 188 0 2 5 3 4 4 1 0.480888 0.000000 
15 1 189 0 0 0 1 2 2 1 1.650442 0.000000 
15 1 190 1 0 3 0 4 4 1 1.109085 0.000000 
15 1 191 0 1 0 0 1 1 1 0.701458 0.000000 
15 1 192 0 2 5 2 3 3 1 0.757763 0.000000 
