8 1 1 0 2 4 1 2 2 1 4.191785 0.000000 
8 1 2 0 2 5 3 4 4 1 1.021313 0.000000 
8 1 3 0 2 4 2 3 3 1 0.776391 0.000000 
8 1 4 0 1 0 0 1 1 1 0.893126 0.000000 
8 1 5 0 0 0 2 3 1 0 0.966075 0.000000 
8 1 6 1 1 3 3 4 4 1 1.463788 0.000000 
8 1 7 1 0 3 1 4 4 1 1.353816 0.000000 
8 1 8 0 2 5 0 1 1 1 1.024328 0.000000 
8 1 9 1 2 1 0 2 2 1 3.572058 0.000000 
8 1 10 1 1 2 2 3 3 1 1.881736 0.000000 
8 1 11 0 2 4 1 2 2 1 0.915709 0.000000 
8 1 12 0 2 5 0 1 1 1 0.691871 0.000000 
8 1 13 0 0 2 0 1 1 1 1.212298 0.000000 
8 1 14 0 1 3 3 4 4 1 0.624702 0.000000 
8 1 15 0 0 2 0 1 1 1 0.916277 0.000000 
8 1 16 0 1 1 1 2 2 1 0.764171 0.000000 
8 1 17 1 1 3 3 4 4 1 0.857105 0.000000 
8 1 18 0 1 3 3 4 4 1 0.795456 0.000000 
8 1 19 0 0 1 3 4 4 1 0.848395 0.000000 
8 1 20 1 2 0 0 1 1 1 1.043352 0.000000 
8 1 21 0 0 1 3 4 4 1 0.910387 0.000000 
8 1 22 1 1 0 0 1 1 1 0.838656 0.000000 
8 1 23 0 2 4 2 3 3 1 0.977641 0.000000 
8 1 24 0 1 3 3 4 4 1 0.606313 0.000000 
8 1 25 0 2 4 2 3 3 1 0.810498 0.000000 
8 1 26 0 1 2 2 3 3 1 0.702751 0.000000 
8 1 27 0 0 3 1 2 2 1 1.127006 0.000000 
8 1 28 0 2 5 2 3 3 1 0.790734 0.000000 
8 1 29 0 2 4 0 1 1 1 0.547657 0.000000 
8 1 30 0 1 1 1 2 2 1 0.674518 0.000000 
8 1 31 0 1 0 0 1 1 1 0.659107 0.000000 
8 1 32 0 2 5 1 2 2 1 0.501203 0.000000 
8 1 33 0 2 4 1 2 2 1 0.557411 0.000000 
8 1 34 0 1 1 1 2 2 1 0.539695 0.000000 
8 1 35 1 0 1 3 2 2 1 1.850452 0.000000 
8 1 36 0 0 1 3 4 4 1 0.693135 0.000000 
8 1 37 0 1 0 0 1 1 1 0.613992 0.000000 
8 1 38 0 2 5 1 2 3 0 0.762195 0.000000 
8 1 39 0 1 1 1 2 2 1 1.379444 0.000000 
8 1 40 0 0 0 2 3 3 1 0.552791 0.000000 
8 1 41 0 0 1 3 4 4 1 0.654990 0.000000 
8 1 42 0 2 5 3 4 4 1 0.473186 0.000000 
8 1 43 1 2 3 0 4 4 1 1.314688 0.000000 
8 1 44 0 2 5 1 2 3 0 0.723136 0.000000 
8 1 45 0 1 1 1 2 2 1 0.606723 0.000000 
8 1 46 1 2 2 0 3 3 1 1.769462 0.000000 
8 1 47 1 1 2 2 3 3 1 1.207429 0.000000 
8 1 48 0 1 1 1 2 2 1 1.131885 0.000000 
8 1 49 0 2 4 3 4 4 1 0.547591 0.000000 
8 1 50 0 0 0 2 3 3 1 2.730534 0.000000 
8 1 51 0 0 3 1 2 4 0 0.770777 0.000000 
8 1 52 0 0 2 0 1 1 1 1.067450 0.000000 
8 1 53 1 2 1 0 2 2 1 1.324675 0.000000 
8 1 54 0 1 2 2 3 3 1 1.188482 0.000000 
8 1 55 0 2 4 3 4 4 1 0.505565 0.000000 
8 1 56 0 0 2 0 1 1 1 0.569726 0.000000 
8 1 57 1 2 1 0 2 2 1 0.911229 0.000000 
8 1 58 0 2 5 2 3 3 1 0.903578 0.000000 
8 1 59 0 1 0 0 1 1 1 0.639800 0.000000 
8 1 60 1 1 1 1 2 2 1 1.049727 0.000000 
8 1 61 1 1 3 3 4 4 1 0.732079 0.000000 
8 1 62 1 0 0 2 1 1 1 1.003647 0.000000 
8 1 63 0 0 2 0 1 1 1 0.792009 0.000000 
8 1 64 1 1 3 3 4 4 1 0.788954 0.000000 
8 1 65 0 2 4 3 4 4 1 0.521884 0.000000 
8 1 66 1 2 2 0 3 2 0 1.577416 0.000000 
8 1 67 1 0 2 0 3 3 1 1.082093 0.000000 
8 1 68 0 2 5 0 1 1 1 0.811550 0.000000 
8 1 69 1 1 1 1 2 2 1 1.223793 0.000000 
8 1 70 0 1 1 1 2 2 1 0.635583 0.000000 
8 1 71 1 1 0 0 1 1 1 1.182474 0.000000 
8 1 72 1 0 3 1 4 4 1 1.348062 0.000000 
8 1 73 0 1 2 2 3 3 1 0.785728 0.000000 
8 1 74 0 1 0 0 1 1 1 0.726625 0.000000 
8 1 75 0 0 3 1 2 2 1 1.814265 0.000000 
8 1 76 0 2 5 3 4 4 1 0.578880 0.000000 
8 1 77 0 1 0 0 1 1 1 0.696400 0.000000 
8 1 78 0 2 5 0 1 1 1 0.689288 0.000000 
8 1 79 0 1 3 3 4 4 1 0.682178 0.000000 
8 1 80 1 0 3 1 4 4 1 0.827735 0.000000 
8 1 81 0 1 1 1 2 2 1 0.734347 0.000000 
8 1 82 0 0 1 3 4 4 1 0.765255 0.000000 
8 1 83 0 1 0 0 1 1 1 0.539503 0.000000 
8 1 84 1 0 1 3 2 2 1 0.762328 0.000000 
8 1 85 0 0 0 2 3 3 1 0.816603 0.000000 
8 1 86 0 0 3 1 2 2 1 0.716196 0.000000 
8 1 87 0 0 0 2 3 3 1 0.708020 0.000000 
8 1 88 1 0 1 3 2 2 1 1.027974 0.000000 
8 1 89 0 1 3 3 4 4 1 0.606675 0.000000 
8 1 90 0 1 2 2 3 3 1 0.394862 0.000000 
8 1 91 0 0 1 3 4 4 1 0.919691 0.000000 
8 1 92 0 2 5 2 3 3 1 0.687305 0.000000 
8 1 93 0 0 2 0 1 1 1 1.144218 0.000000 
8 1 94 0 0 3 1 2 2 1 1.183251 0.000000 
8 1 95 0 2 4 1 2 2 1 0.684346 0.000000 
8 1 96 1 1 3 3 4 4 1 0.892485 0.000000 
8 1 97 1 1 3 3 4 4 1 0.565125 0.000000 
8 1 98 0 2 5 0 1 1 1 0.651396 0.000000 
8 1 99 0 1 0 0 1 1 1 0.653606 0.000000 
8 1 100 0 2 5 2 3 3 1 0.607756 0.000000 
8 1 101 1 2 1 0 2 2 1 1.108004 0.000000 
8 1 102 1 0 0 2 1 1 1 1.620420 0.000000 
8 1 103 0 0 2 0 1 1 1 0.992320 0.000000 
8 1 104 0 2 5 1 2 2 1 0.828355 0.000000 
8 1 105 0 0 3 1 2 2 1 1.215985 0.000000 
8 1 106 0 1 0 0 1 1 1 0.555965 0.000000 
8 1 107 1 1 3 3 4 4 1 0.793897 0.000000 
8 1 108 0 0 0 2 3 3 1 0.878836 0.000000 
8 1 109 0 0 0 2 3 3 1 0.456457 0.000000 
8 1 110 0 0 2 0 1 2 0 0.938605 0.000000 
8 1 111 0 1 2 2 3 1 0 0.612553 0.000000 
8 1 112 0 1 0 0 1 1 1 0.540333 0.000000 
8 1 113 1 1 2 2 3 3 1 1.170712 0.000000 
8 1 114 1 1 3 3 4 4 1 0.872430 0.000000 
8 1 115 0 2 4 0 1 1 1 0.706081 0.000000 
8 1 116 1 1 0 0 1 1 1 0.826330 0.000000 
8 1 117 0 0 1 3 4 4 1 0.869913 0.000000 
8 1 118 1 0 3 1 4 4 1 1.518537 0.000000 
8 1 119 0 0 1 3 4 4 1 0.854469 0.000000 
8 1 120 0 2 5 2 3 3 1 0.600709 0.000000 
8 1 121 0 0 0 2 3 3 1 0.580914 0.000000 
8 1 122 0 2 5 3 4 4 1 0.570424 0.000000 
8 1 123 0 0 0 2 3 3 1 0.607955 0.000000 
8 1 124 0 1 1 1 2 2 1 0.796145 0.000000 
8 1 125 0 0 2 0 1 1 1 0.905075 0.000000 
8 1 126 0 0 0 2 3 3 1 0.520368 0.000000 
8 1 127 0 1 0 0 1 1 1 0.615823 0.000000 
8 1 128 1 2 0 0 1 1 1 0.731939 0.000000 
8 1 129 0 2 4 3 4 4 1 0.507634 0.000000 
8 1 130 0 2 5 2 3 3 1 0.571789 0.000000 
8 1 131 1 1 2 2 3 3 1 0.873277 0.000000 
8 1 132 0 1 2 2 3 3 1 0.514904 0.000000 
8 1 133 1 0 2 0 3 3 1 1.267101 0.000000 
8 1 134 0 1 2 2 3 3 1 0.539810 0.000000 
8 1 135 0 2 4 3 4 4 1 0.562687 0.000000 
8 1 136 0 0 2 0 1 1 1 1.440915 0.000000 
8 1 137 0 2 4 2 3 3 1 0.836042 0.000000 
8 1 138 1 1 2 2 3 3 1 0.878999 0.000000 
8 1 139 0 2 4 1 2 2 1 0.760650 0.000000 
8 1 140 0 2 5 0 1 1 1 0.686890 0.000000 
8 1 141 0 0 2 0 1 1 1 0.703732 0.000000 
8 1 142 1 2 2 0 3 3 1 0.879011 0.000000 
8 1 143 0 2 4 3 4 4 1 0.504644 0.000000 
8 1 144 1 2 0 0 1 1 1 0.992806 0.000000 
8 1 145 0 1 3 3 4 4 1 0.733809 0.000000 
8 1 146 0 2 5 3 4 4 1 0.460715 0.000000 
8 1 147 0 0 2 0 1 1 1 0.662853 0.000000 
8 1 148 0 1 1 1 2 2 1 0.553074 0.000000 
8 1 149 0 0 0 2 3 3 1 0.646251 0.000000 
8 1 150 0 2 5 3 4 4 1 0.529110 0.000000 
8 1 151 1 0 2 0 3 3 1 1.208614 0.000000 
8 1 152 0 0 2 0 1 1 1 0.877030 0.000000 
8 1 153 0 2 4 2 3 2 0 0.646657 0.000000 
8 1 154 1 0 1 3 2 2 1 1.781596 0.000000 
8 1 155 1 2 3 0 4 1 0 1.163098 0.000000 
8 1 156 0 1 1 1 2 2 1 1.844562 0.000000 
8 1 157 0 2 4 3 4 4 1 0.495370 0.000000 
8 1 158 1 1 1 1 2 2 1 1.352229 0.000000 
8 1 159 0 2 4 3 4 4 1 0.462602 0.000000 
8 1 160 0 2 5 2 3 3 1 0.576827 0.000000 
8 1 161 0 0 2 0 1 1 1 0.814366 0.000000 
8 1 162 0 2 5 1 2 2 1 0.778605 0.000000 
8 1 163 0 1 2 2 3 3 1 0.647188 0.000000 
8 1 164 0 2 5 1 2 2 1 0.778074 0.000000 
8 1 165 0 2 4 0 1 1 1 0.575651 0.000000 
8 1 166 0 1 1 1 2 2 1 0.725169 0.000000 
8 1 167 0 0 2 0 1 3 0 0.756742 0.000000 
8 1 168 1 0 2 0 3 3 1 1.015018 0.000000 
8 1 169 0 0 0 2 3 3 1 1.362920 0.000000 
8 1 170 0 1 3 3 4 4 1 0.585388 0.000000 
8 1 171 0 2 4 1 2 2 1 0.661210 0.000000 
8 1 172 0 0 3 1 2 2 1 0.911423 0.000000 
8 1 173 0 1 2 2 3 3 1 0.639745 0.000000 
8 1 174 0 0 2 0 1 1 1 0.570613 0.000000 
8 1 175 0 1 2 2 3 3 1 0.472117 0.000000 
8 1 176 0 2 5 3 4 4 1 0.513600 0.000000 
8 1 177 0 2 4 1 2 2 1 0.617755 0.000000 
8 1 178 0 0 3 1 2 2 1 0.604332 0.000000 
8 1 179 1 1 3 3 4 4 1 1.120427 0.000000 
8 1 180 0 0 3 1 2 2 1 0.976203 0.000000 
8 1 181 0 1 1 1 2 2 1 0.597871 0.000000 
8 1 182 0 0 2 0 1 1 1 0.658729 0.000000 
8 1 183 0 0 2 0 1 1 1 0.484924 0.000000 
8 1 184 0 0 0 2 3 3 1 1.037763 0.000000 
8 1 185 1 0 2 0 3 3 1 1.567842 0.000000 
8 1 186 0 1 0 0 1 1 1 0.533636 0.000000 
8 1 187 0 0 2 0 1 1 1 0.500511 0.000000 
8 1 188 0 2 5 0 1 1 1 0.516672 0.000000 
8 1 189 0 1 0 0 1 1 1 0.492175 0.000000 
8 1 190 0 2 5 3 4 4 1 0.588992 0.000000 
8 1 191 1 1 0 0 1 1 1 0.633809 0.000000 
8 1 192 0 2 5 0 1 1 1 0.460682 0.000000 
8 1 1 0 0 0 2 3 3 1 1.924715 0.000000 
8 1 2 0 1 1 1 2 2 1 0.828498 0.000000 
8 1 3 1 2 3 0 4 4 1 0.992094 0.000000 
8 1 4 0 1 0 0 1 1 1 0.797117 0.000000 
8 1 5 0 1 0 0 1 1 1 0.426071 0.000000 
8 1 6 0 2 5 1 2 2 1 0.701327 0.000000 
8 1 7 0 0 2 0 1 1 1 1.204114 0.000000 
8 1 8 0 1 0 0 1 1 1 0.440491 0.000000 
8 1 9 0 1 2 2 3 3 1 0.563294 0.000000 
8 1 10 0 2 5 3 4 4 1 0.561461 0.000000 
8 1 11 0 2 4 2 3 3 1 0.703481 0.000000 
8 1 12 0 2 5 0 1 2 0 0.575158 0.000000 
8 1 13 0 2 4 1 2 2 1 0.440497 0.000000 
8 1 14 0 1 1 1 2 2 1 0.667014 0.000000 
8 1 15 0 0 1 3 4 4 1 0.539607 0.000000 
8 1 16 0 2 5 0 1 1 1 0.538429 0.000000 
8 1 17 0 2 4 2 3 3 1 0.681263 0.000000 
8 1 18 0 1 0 0 1 1 1 0.730791 0.000000 
8 1 19 0 2 4 2 3 3 1 0.530408 0.000000 
8 1 20 0 0 1 3 4 4 1 0.865884 0.000000 
8 1 21 1 0 3 1 4 4 1 0.723984 0.000000 
8 1 22 1 2 2 0 3 3 1 0.699057 0.000000 
8 1 23 1 2 3 0 4 4 1 0.586910 0.000000 
8 1 24 0 2 5 2 3 3 1 0.935831 0.000000 
8 1 25 0 0 1 3 4 4 1 0.862816 0.000000 
8 1 26 1 1 3 3 4 4 1 0.738310 0.000000 
8 1 27 1 1 2 2 3 3 1 0.631976 0.000000 
8 1 28 0 0 1 3 4 4 1 1.075569 0.000000 
8 1 29 0 0 1 3 4 4 1 0.453251 0.000000 
8 1 30 0 0 1 3 4 4 1 0.399373 0.000000 
8 1 31 0 1 1 1 2 2 1 0.666932 0.000000 
8 1 32 0 2 5 0 1 1 1 0.643914 0.000000 
8 1 33 0 2 4 1 2 2 1 0.662916 0.000000 
8 1 34 0 1 3 3 4 4 1 0.897127 0.000000 
8 1 35 0 1 3 3 4 4 1 0.418090 0.000000 
8 1 36 0 2 5 1 2 2 1 0.581552 0.000000 
8 1 37 1 1 2 2 3 3 1 0.611025 0.000000 
8 1 38 0 2 5 1 2 2 1 0.567251 0.000000 
8 1 39 1 0 3 1 4 4 1 1.003791 0.000000 
8 1 40 0 0 3 1 2 4 0 0.464119 0.000000 
8 1 41 0 0 3 1 2 2 1 1.062280 0.000000 
8 1 42 0 2 5 3 4 4 1 0.488150 0.000000 
8 1 43 1 0 1 3 2 2 1 0.800922 0.000000 
8 1 44 0 1 2 2 3 3 1 0.613067 0.000000 
8 1 45 0 0 1 3 4 4 1 0.641386 0.000000 
8 1 46 0 0 0 2 3 3 1 0.748311 0.000000 
8 1 47 1 2 3 0 4 4 1 0.770169 0.000000 
8 1 48 0 1 1 1 2 2 1 1.399831 0.000000 
8 1 49 0 2 4 1 2 2 1 0.516307 0.000000 
8 1 50 0 0 3 1 2 2 1 0.484040 0.000000 
8 1 51 1 2 3 0 4 4 1 0.556601 0.000000 
8 1 52 0 2 5 3 4 4 1 0.434790 0.000000 
8 1 53 1 0 3 1 4 4 1 0.661582 0.000000 
8 1 54 0 0 0 2 3 2 0 1.439822 0.000000 
8 1 55 1 2 3 0 4 4 1 1.326029 0.000000 
8 1 56 0 0 2 0 1 1 1 1.381363 0.000000 
8 1 57 0 2 4 3 4 4 1 0.491168 0.000000 
8 1 58 0 0 1 3 4 4 1 0.427979 0.000000 
8 1 59 1 1 3 3 4 4 1 0.567420 0.000000 
8 1 60 0 2 5 2 3 3 1 0.700963 0.000000 
8 1 61 0 1 1 1 2 2 1 0.700245 0.000000 
8 1 62 1 1 3 3 4 4 1 0.676368 0.000000 
8 1 63 0 2 4 3 4 4 1 0.437944 0.000000 
8 1 64 0 0 0 2 3 3 1 0.912764 0.000000 
8 1 65 0 0 0 2 3 3 1 0.441050 0.000000 
8 1 66 0 1 3 3 4 4 1 0.547856 0.000000 
8 1 67 0 0 3 1 2 2 1 0.890700 0.000000 
8 1 68 1 1 3 3 4 4 1 0.595637 0.000000 
8 1 69 0 2 4 0 1 1 1 0.744508 0.000000 
8 1 70 1 2 2 0 3 1 0 1.614453 0.000000 
8 1 71 0 1 0 0 1 1 1 0.798822 0.000000 
8 1 72 1 1 2 2 3 3 1 0.723446 0.000000 
8 1 73 0 0 3 1 2 2 1 1.579084 0.000000 
8 1 74 1 1 0 0 1 1 1 1.344996 0.000000 
8 1 75 1 1 3 3 4 4 1 0.704098 0.000000 
8 1 76 1 0 2 0 3 1 0 0.911375 0.000000 
8 1 77 0 1 1 1 2 2 1 0.611692 0.000000 
8 1 78 0 2 5 3 4 4 1 0.487462 0.000000 
8 1 79 0 0 2 0 1 1 1 0.968215 0.000000 
8 1 80 1 2 0 0 1 1 1 0.669864 0.000000 
8 1 81 0 0 3 1 2 2 1 0.703431 0.000000 
8 1 82 0 0 0 2 3 3 1 0.727671 0.000000 
8 1 83 0 1 0 0 1 2 0 0.791246 0.000000 
8 1 84 0 1 0 0 1 1 1 0.478924 0.000000 
8 1 85 1 2 1 0 2 2 1 0.704177 0.000000 
8 1 86 0 0 3 1 2 2 1 0.864425 0.000000 
8 1 87 1 2 3 0 4 4 1 0.706699 0.000000 
8 1 88 0 1 2 2 3 3 1 0.698945 0.000000 
8 1 89 0 1 3 3 4 4 1 0.611826 0.000000 
8 1 90 0 2 5 0 1 1 1 0.711997 0.000000 
8 1 91 0 1 2 2 3 3 1 0.607330 0.000000 
8 1 92 1 2 0 0 1 1 1 0.603354 0.000000 
8 1 93 0 2 4 2 3 3 1 0.791630 0.000000 
8 1 94 1 2 2 0 3 3 1 1.324570 0.000000 
8 1 95 1 1 1 1 2 2 1 0.636338 0.000000 
8 1 96 0 0 0 2 3 3 1 0.871243 0.000000 
8 1 97 0 2 4 1 2 2 1 0.704894 0.000000 
8 1 98 1 0 3 1 4 4 1 0.865095 0.000000 
8 1 99 0 0 1 3 4 4 1 0.706394 0.000000 
8 1 100 1 1 1 1 2 2 1 0.666625 0.000000 
8 1 101 0 1 0 0 1 1 1 0.716178 0.000000 
8 1 102 0 0 3 1 2 2 1 1.516044 0.000000 
8 1 103 0 2 4 0 1 1 1 0.691890 0.000000 
8 1 104 0 1 0 0 1 1 1 0.564544 0.000000 
8 1 105 1 2 1 0 2 2 1 0.746686 0.000000 
8 1 106 1 1 1 1 2 2 1 0.624662 0.000000 
8 1 107 0 1 1 1 2 2 1 0.524128 0.000000 
8 1 108 0 0 0 2 3 3 1 0.787637 0.000000 
8 1 109 1 1 2 2 3 3 1 0.624559 0.000000 
8 1 110 0 0 0 2 3 3 1 0.460106 0.000000 
8 1 111 1 2 3 0 4 4 1 1.246249 0.000000 
8 1 112 0 2 5 2 3 3 1 0.849351 0.000000 
8 1 113 0 0 0 2 3 3 1 0.412114 0.000000 
8 1 114 0 0 2 0 1 1 1 1.503607 0.000000 
8 1 115 1 0 3 1 4 4 1 0.814621 0.000000 
8 1 116 0 0 0 2 3 3 1 0.786919 0.000000 
8 1 117 0 1 2 2 3 3 1 0.423826 0.000000 
8 1 118 0 0 1 3 4 4 1 0.875317 0.000000 
8 1 119 0 1 2 2 3 3 1 0.644926 0.000000 
8 1 120 0 1 2 2 3 3 1 0.415791 0.000000 
8 1 121 0 2 4 1 2 2 1 0.795938 0.000000 
8 1 122 0 2 5 0 1 1 1 0.640841 0.000000 
8 1 123 0 0 2 0 1 1 1 0.490672 0.000000 
8 1 124 0 2 5 2 3 3 1 0.763539 0.000000 
8 1 125 0 2 4 3 4 4 1 0.489762 0.000000 
8 1 126 1 2 2 0 3 3 1 1.314605 0.000000 
8 1 127 0 2 4 3 4 4 1 0.555026 0.000000 
8 1 128 0 0 0 2 3 3 1 0.993228 0.000000 
8 1 129 0 0 3 1 2 2 1 0.990249 0.000000 
8 1 130 0 1 3 3 4 4 1 0.555240 0.000000 
8 1 131 0 1 2 2 3 3 1 0.760429 0.000000 
8 1 132 0 1 2 2 3 3 1 0.454666 0.000000 
8 1 133 1 0 3 1 4 4 1 1.368821 0.000000 
8 1 134 0 0 0 2 3 3 1 1.014646 0.000000 
8 1 135 1 2 3 0 4 4 1 0.650973 0.000000 
8 1 136 0 0 3 1 2 4 0 0.493176 0.000000 
8 1 137 0 1 3 3 4 4 1 0.553790 0.000000 
8 1 138 0 2 5 2 3 3 1 0.662678 0.000000 
8 1 139 0 2 4 3 4 4 1 0.504930 0.000000 
8 1 140 0 1 1 1 2 2 1 0.737074 0.000000 
8 1 141 0 1 2 2 3 3 1 0.679975 0.000000 
8 1 142 0 1 0 0 1 1 1 0.553543 0.000000 
8 1 143 0 2 4 2 3 3 1 0.695732 0.000000 
8 1 144 0 1 0 0 1 1 1 0.760613 0.000000 
8 1 145 0 1 1 1 2 2 1 0.534797 0.000000 
8 1 146 1 0 1 3 2 2 1 0.940898 0.000000 
8 1 147 1 2 3 0 4 4 1 0.603659 0.000000 
8 1 148 0 0 3 1 2 2 1 1.079907 0.000000 
8 1 149 0 1 1 1 2 2 1 0.417565 0.000000 
8 1 150 0 1 3 3 4 4 1 0.549024 0.000000 
8 1 151 0 2 4 1 2 2 1 1.059890 0.000000 
8 1 152 0 2 5 0 1 1 1 0.646241 0.000000 
8 1 153 1 1 1 1 2 2 1 0.712143 0.000000 
8 1 154 1 1 0 0 1 1 1 0.576301 0.000000 
8 1 155 0 0 2 0 1 3 0 0.621848 0.000000 
8 1 156 0 0 1 3 4 2 0 0.645418 0.000000 
8 1 157 0 1 2 2 3 3 1 1.899868 0.000000 
8 1 158 0 2 5 3 4 4 1 0.692001 0.000000 
8 1 159 0 0 1 3 4 4 1 0.820873 0.000000 
8 1 160 0 2 5 3 4 4 1 0.512568 0.000000 
8 1 161 0 0 1 3 4 4 1 0.407625 0.000000 
8 1 162 1 0 1 3 2 2 1 0.907815 0.000000 
8 1 163 0 0 3 1 2 2 1 0.692107 0.000000 
8 1 164 1 2 0 0 1 1 1 0.620984 0.000000 
8 1 165 0 1 2 2 3 3 1 0.576550 0.000000 
8 1 166 0 2 5 3 4 4 1 0.486066 0.000000 
8 1 167 1 0 2 0 3 3 1 1.150881 0.000000 
8 1 168 0 1 0 0 1 1 1 0.573271 0.000000 
8 1 169 0 2 4 2 3 3 1 0.985774 0.000000 
8 1 170 1 2 2 0 3 3 1 0.742798 0.000000 
8 1 171 0 0 0 2 3 3 1 1.381745 0.000000 
8 1 172 0 1 1 1 2 2 1 0.579540 0.000000 
8 1 173 0 0 0 2 3 3 1 0.856997 0.000000 
8 1 174 0 1 2 2 3 3 1 0.491329 0.000000 
8 1 175 1 0 3 1 4 4 1 0.764146 0.000000 
8 1 176 0 2 5 3 4 4 1 0.602419 0.000000 
8 1 177 0 1 2 2 3 3 1 0.877615 0.000000 
8 1 178 0 2 5 3 4 4 1 0.487239 0.000000 
8 1 179 0 0 0 2 3 1 0 0.688039 0.000000 
8 1 180 0 0 1 3 4 4 1 0.740731 0.000000 
8 1 181 0 0 1 3 4 4 1 0.411374 0.000000 
8 1 182 0 2 5 2 3 3 1 0.559492 0.000000 
8 1 183 0 2 4 1 2 2 1 0.613686 0.000000 
8 1 184 0 1 2 2 3 3 1 0.680874 0.000000 
8 1 185 1 1 1 1 2 2 1 0.858423 0.000000 
8 1 186 0 0 0 2 3 3 1 1.348737 0.000000 
8 1 187 1 2 3 0 4 4 1 1.019853 0.000000 
8 1 188 0 1 3 3 4 4 1 0.799566 0.000000 
8 1 189 0 0 3 1 2 4 0 0.828023 0.000000 
8 1 190 0 1 2 2 3 3 1 0.619458 0.000000 
8 1 191 0 0 2 0 1 1 1 2.005573 0.000000 
8 1 192 0 1 3 3 4 4 1 0.626261 0.000000 
