4 1 1 0 1 2 2 3 3 1 1.504156 0.000000 
4 1 2 0 0 3 0 1 1 1 0.896519 0.000000 
4 1 3 0 1 1 1 2 2 1 0.937458 0.000000 
4 1 4 0 0 0 1 2 2 1 0.936465 0.000000 
4 1 5 0 1 3 3 4 4 1 0.550504 0.000000 
4 1 6 1 2 2 0 3 1 0 0.652582 0.000000 
4 1 7 0 1 3 3 4 4 1 0.578825 0.000000 
4 1 8 0 0 0 1 2 2 1 0.727881 0.000000 
4 1 9 1 0 3 0 4 4 1 1.199458 0.000000 
4 1 10 0 1 2 2 3 3 1 2.596206 0.000000 
4 1 11 1 2 3 0 4 4 1 1.744620 0.000000 
4 1 12 1 1 1 1 2 2 1 1.439865 0.000000 
4 1 13 0 2 4 1 2 2 1 0.642855 0.000000 
4 1 14 0 0 2 3 4 4 1 0.533240 0.000000 
4 1 15 1 2 3 0 4 1 0 1.684133 0.000000 
4 1 16 0 0 3 0 1 1 1 1.017411 0.000000 
4 1 17 1 2 1 0 2 2 1 1.276645 0.000000 
4 1 18 0 0 0 1 2 2 1 0.758396 0.000000 
4 1 19 0 0 1 2 3 3 1 0.627613 0.000000 
4 1 20 0 2 5 3 4 4 1 0.711009 0.000000 
4 1 21 0 2 4 2 3 3 1 0.654763 0.000000 
4 1 22 1 1 0 0 1 1 1 1.801022 0.000000 
4 1 23 0 2 4 0 1 1 1 0.597636 0.000000 
4 1 24 0 2 5 1 2 2 1 0.690425 0.000000 
4 1 25 0 0 0 1 2 2 1 0.683341 0.000000 
4 1 26 0 0 2 3 4 4 1 0.723272 0.000000 
4 1 27 1 0 3 0 4 1 0 1.218860 0.000000 
4 1 28 0 2 5 0 1 1 1 1.074647 0.000000 
4 1 29 0 2 4 2 3 3 1 0.763895 0.000000 
4 1 30 0 0 3 0 1 1 1 1.154142 0.000000 
4 1 31 0 1 1 1 2 2 1 0.648540 0.000000 
4 1 32 0 0 1 2 3 3 1 0.875438 0.000000 
4 1 33 0 2 4 2 3 3 1 0.596048 0.000000 
4 1 34 1 2 2 0 3 3 1 1.784929 0.000000 
4 1 35 0 0 0 1 2 2 1 0.990238 0.000000 
4 1 36 0 2 5 2 3 3 1 0.763245 0.000000 
4 1 37 0 1 1 1 2 2 1 0.785497 0.000000 
4 1 38 0 1 2 2 3 3 1 0.614425 0.000000 
4 1 39 0 2 4 0 1 1 1 0.986547 0.000000 
4 1 40 0 1 2 2 3 3 1 0.663624 0.000000 
4 1 41 0 2 4 1 2 2 1 0.712844 0.000000 
4 1 42 1 1 2 2 3 3 1 1.305084 0.000000 
4 1 43 0 2 4 1 2 2 1 0.721531 0.000000 
4 1 44 0 0 3 0 1 1 1 0.577119 0.000000 
4 1 45 1 0 0 1 1 1 1 1.606668 0.000000 
4 1 46 0 2 5 1 2 2 1 0.555230 0.000000 
4 1 47 0 2 4 3 4 4 1 0.545385 0.000000 
4 1 48 1 1 1 1 2 2 1 1.351223 0.000000 
4 1 49 0 0 0 1 2 2 1 0.645702 0.000000 
4 1 50 0 1 3 3 4 4 1 0.584591 0.000000 
4 1 51 0 0 0 1 2 2 1 0.653431 0.000000 
4 1 52 0 2 5 1 2 2 1 0.535653 0.000000 
4 1 53 0 2 4 3 4 4 1 0.582473 0.000000 
4 1 54 0 2 5 3 4 4 1 0.515949 0.000000 
4 1 55 1 1 1 1 2 2 1 0.619904 0.000000 
4 1 56 1 2 0 0 1 1 1 1.342670 0.000000 
4 1 57 0 1 0 0 1 1 1 0.829775 0.000000 
4 1 58 0 0 3 0 1 1 1 0.505413 0.000000 
4 1 59 1 1 3 3 4 4 1 0.985588 0.000000 
4 1 60 0 2 5 2 3 3 1 0.630580 0.000000 
4 1 61 0 1 0 0 1 1 1 0.642114 0.000000 
4 1 62 0 0 2 3 4 4 1 0.732991 0.000000 
4 1 63 1 0 2 3 3 4 0 0.572118 0.000000 
4 1 64 0 2 5 3 4 4 1 0.620424 0.000000 
4 1 65 0 1 0 0 1 1 1 0.727507 0.000000 
4 1 66 0 2 5 0 1 1 1 0.559046 0.000000 
4 1 67 0 2 4 3 4 4 1 0.629232 0.000000 
4 1 68 0 0 3 0 1 1 1 2.000839 0.000000 
4 1 69 1 2 1 0 2 2 1 1.245523 0.000000 
4 1 70 0 1 2 2 3 3 1 0.656644 0.000000 
4 1 71 0 2 4 0 1 1 1 0.889865 0.000000 
4 1 72 0 1 2 2 3 3 1 0.682821 0.000000 
4 1 73 0 2 4 2 3 3 1 0.523933 0.000000 
4 1 74 0 0 2 3 4 4 1 0.819210 0.000000 
4 1 75 0 2 4 1 2 2 1 0.686762 0.000000 
4 1 76 0 0 3 0 1 1 1 0.815699 0.000000 
4 1 77 0 1 0 0 1 1 1 0.675938 0.000000 
4 1 78 0 1 2 2 3 3 1 0.629526 0.000000 
4 1 79 0 0 2 3 4 4 1 0.560047 0.000000 
4 1 80 0 1 3 3 4 4 1 0.542216 0.000000 
4 1 81 0 0 2 3 4 4 1 0.469043 0.000000 
4 1 82 0 2 5 0 1 3 0 0.678520 0.000000 
4 1 83 0 0 0 1 2 2 1 0.748079 0.000000 
4 1 84 1 1 0 0 1 1 1 1.426542 0.000000 
4 1 85 0 1 3 3 4 4 1 0.774333 0.000000 
4 1 86 0 1 0 0 1 1 1 0.698908 0.000000 
4 1 87 1 2 3 0 4 4 1 1.011850 0.000000 
4 1 88 0 0 2 3 4 4 1 0.672202 0.000000 
4 1 89 0 1 2 2 3 3 1 0.681761 0.000000 
4 1 90 0 2 5 2 3 3 1 0.587290 0.000000 
4 1 91 0 2 4 1 2 2 1 0.696165 0.000000 
4 1 92 1 1 3 3 4 4 1 0.617002 0.000000 
4 1 93 0 1 3 3 4 4 1 0.732582 0.000000 
4 1 94 0 1 2 2 3 3 1 0.690971 0.000000 
4 1 95 0 0 3 0 1 1 1 0.843990 0.000000 
4 1 96 1 2 0 0 1 1 1 1.271031 0.000000 
4 1 97 1 0 2 3 3 4 0 1.792833 0.000000 
4 1 98 0 2 5 0 1 1 1 1.018160 0.000000 
4 1 99 0 1 0 0 1 1 1 0.501348 0.000000 
4 1 100 0 1 1 1 2 2 1 0.661508 0.000000 
4 1 101 1 0 3 0 4 4 1 1.534749 0.000000 
4 1 102 0 0 3 0 1 1 1 1.589996 0.000000 
4 1 103 1 2 3 0 4 4 1 1.323220 0.000000 
4 1 104 0 0 1 2 3 3 1 0.939024 0.000000 
4 1 105 0 1 2 2 3 3 1 0.633982 0.000000 
4 1 106 0 1 1 1 2 2 1 0.756874 0.000000 
4 1 107 1 1 2 2 3 3 1 1.290147 0.000000 
4 1 108 0 0 3 0 1 1 1 3.979434 0.000000 
4 1 109 1 1 1 1 2 2 1 1.538166 0.000000 
4 1 110 0 0 2 3 4 4 1 0.473370 0.000000 
4 1 111 1 0 0 1 1 1 1 1.850910 0.000000 
4 1 112 0 0 1 2 3 3 1 0.653566 0.000000 
4 1 113 0 0 2 3 4 4 1 0.654713 0.000000 
4 1 114 0 2 5 2 3 3 1 0.704977 0.000000 
4 1 115 0 0 3 0 1 1 1 0.817213 0.000000 
4 1 116 0 2 5 3 4 3 0 0.940833 0.000000 
4 1 117 0 0 3 0 1 1 1 0.583825 0.000000 
4 1 118 1 2 2 0 3 3 1 1.092217 0.000000 
4 1 119 1 0 2 3 3 3 1 1.108354 0.000000 
4 1 120 1 1 3 3 4 4 1 1.220647 0.000000 
4 1 121 0 1 3 3 4 4 1 0.656421 0.000000 
4 1 122 0 1 0 0 1 1 1 0.882657 0.000000 
4 1 123 0 1 0 0 1 1 1 0.652105 0.000000 
4 1 124 0 2 5 3 4 3 0 0.677825 0.000000 
4 1 125 0 2 4 2 3 3 1 0.803159 0.000000 
4 1 126 1 2 2 0 3 3 1 1.239186 0.000000 
4 1 127 0 0 1 2 3 3 1 0.793293 0.000000 
4 1 128 1 1 3 3 4 4 1 1.198254 0.000000 
4 1 129 0 0 2 3 4 4 1 0.635335 0.000000 
4 1 130 0 0 0 1 2 2 1 0.902213 0.000000 
4 1 131 0 1 0 0 1 1 1 0.766526 0.000000 
4 1 132 0 2 5 3 4 4 1 1.084076 0.000000 
4 1 133 0 0 1 2 3 3 1 0.917174 0.000000 
4 1 134 0 0 1 2 3 3 1 0.691741 0.000000 
4 1 135 0 1 1 1 2 2 1 0.716711 0.000000 
4 1 136 0 0 1 2 3 3 1 0.748226 0.000000 
4 1 137 0 1 2 2 3 3 1 0.675173 0.000000 
4 1 138 0 1 1 1 2 2 1 0.692726 0.000000 
4 1 139 0 2 4 2 3 3 1 0.621619 0.000000 
4 1 140 1 1 3 3 4 4 1 1.153157 0.000000 
4 1 141 1 2 1 0 2 2 1 1.615614 0.000000 
4 1 142 0 2 5 1 2 2 1 0.794972 0.000000 
4 1 143 0 1 1 1 2 2 1 1.039446 0.000000 
4 1 144 1 2 0 0 1 1 1 1.082494 0.000000 
4 1 145 0 0 0 1 2 2 1 0.867992 0.000000 
4 1 146 0 2 5 0 1 3 0 0.645143 0.000000 
4 1 147 0 1 3 3 4 4 1 0.516031 0.000000 
4 1 148 0 1 1 1 2 2 1 0.843696 0.000000 
4 1 149 0 1 1 1 2 2 1 0.573642 0.000000 
4 1 150 0 2 5 3 4 4 1 0.611132 0.000000 
4 1 151 1 1 1 1 2 2 1 1.223363 0.000000 
4 1 152 1 1 3 3 4 4 1 0.691062 0.000000 
4 1 153 1 0 0 1 1 1 1 1.260025 0.000000 
4 1 154 0 0 3 0 1 1 1 0.958503 0.000000 
4 1 155 0 1 0 0 1 1 1 0.684807 0.000000 
4 1 156 0 1 1 1 2 2 1 0.661639 0.000000 
4 1 157 1 1 1 1 2 2 1 1.182928 0.000000 
4 1 158 0 0 1 2 3 3 1 0.996011 0.000000 
4 1 159 0 0 1 2 3 3 1 0.448942 0.000000 
4 1 160 0 1 2 2 3 3 1 0.531800 0.000000 
4 1 161 0 2 4 3 4 4 1 0.539298 0.000000 
4 1 162 1 2 2 0 3 1 0 1.458156 0.000000 
4 1 163 0 0 1 2 3 3 1 0.808673 0.000000 
4 1 164 0 0 0 1 2 2 1 1.387475 0.000000 
4 1 165 0 1 2 2 3 3 1 0.568625 0.000000 
4 1 166 0 2 5 3 4 4 1 0.590181 0.000000 
4 1 167 1 0 2 3 3 3 1 1.315011 0.000000 
4 1 168 0 2 5 2 3 3 1 0.763500 0.000000 
4 1 169 0 1 0 0 1 1 1 0.905743 0.000000 
4 1 170 0 2 5 3 4 4 1 0.969997 0.000000 
4 1 171 0 2 4 3 4 4 1 0.534717 0.000000 
4 1 172 1 2 0 0 1 1 1 1.277558 0.000000 
4 1 173 0 1 2 2 3 3 1 1.311336 0.000000 
4 1 174 1 2 2 0 3 1 0 1.623843 0.000000 
4 1 175 1 0 3 0 4 4 1 1.351786 0.000000 
4 1 176 0 0 2 3 4 4 1 1.044850 0.000000 
4 1 177 0 1 2 2 3 3 1 1.367834 0.000000 
4 1 178 0 0 0 1 2 2 1 0.725645 0.000000 
4 1 179 0 0 3 0 1 1 1 0.637215 0.000000 
4 1 180 1 2 0 0 1 1 1 1.528151 0.000000 
4 1 181 0 0 0 1 2 2 1 0.735992 0.000000 
4 1 182 0 1 1 1 2 2 1 0.662899 0.000000 
4 1 183 0 1 3 3 4 4 1 0.609110 0.000000 
4 1 184 0 0 2 3 4 4 1 0.516316 0.000000 
4 1 185 0 0 3 0 1 1 1 0.707983 0.000000 
4 1 186 0 0 3 0 1 1 1 0.524010 0.000000 
4 1 187 0 0 3 0 1 1 1 0.571502 0.000000 
4 1 188 1 2 0 0 1 1 1 1.249025 0.000000 
4 1 189 1 2 1 0 2 2 1 0.987952 0.000000 
4 1 190 0 2 5 2 3 3 1 0.584487 0.000000 
4 1 191 1 2 3 0 4 4 1 1.109354 0.000000 
4 1 192 0 1 2 2 3 3 1 0.572721 0.000000 
4 1 1 0 0 1 3 4 4 1 3.696781 0.000000 
4 1 2 1 0 1 3 2 2 1 2.130554 0.000000 
4 1 3 0 2 4 1 2 2 1 1.594512 0.000000 
4 1 4 1 2 0 0 1 1 1 0.838252 0.000000 
4 1 5 0 1 0 0 1 1 1 0.609220 0.000000 
4 1 6 0 0 0 2 3 3 1 0.781357 0.000000 
4 1 7 0 2 4 3 4 4 1 0.771003 0.000000 
4 1 8 0 2 5 2 3 3 1 0.616390 0.000000 
4 1 9 1 1 3 3 4 4 1 0.891926 0.000000 
4 1 10 0 1 2 2 3 3 1 0.620424 0.000000 
4 1 11 0 2 4 0 1 1 1 0.887936 0.000000 
4 1 12 1 0 0 2 1 3 0 0.783897 0.000000 
4 1 13 0 2 4 1 2 2 1 0.752868 0.000000 
4 1 14 0 1 0 0 1 1 1 3.166779 0.000000 
4 1 15 1 2 3 0 4 4 1 1.101194 0.000000 
4 1 16 1 0 0 2 1 1 1 1.309616 0.000000 
4 1 17 0 0 2 0 1 1 1 1.085139 0.000000 
4 1 18 1 0 3 1 4 2 0 1.110019 0.000000 
4 1 19 0 2 4 0 1 1 1 1.650582 0.000000 
4 1 20 0 0 0 2 3 3 1 1.188608 0.000000 
4 1 21 1 2 1 0 2 2 1 1.177758 0.000000 
4 1 22 0 2 5 2 3 3 1 1.007540 0.000000 
4 1 23 0 0 3 1 2 2 1 1.555924 0.000000 
4 1 24 1 0 1 3 2 2 1 1.089453 0.000000 
4 1 25 1 1 1 1 2 2 1 1.122492 0.000000 
4 1 26 1 0 0 2 1 1 1 1.122259 0.000000 
4 1 27 1 0 3 1 4 2 0 2.466052 0.000000 
4 1 28 0 1 1 1 2 2 1 0.856064 0.000000 
4 1 29 1 1 0 0 1 1 1 1.010023 0.000000 
4 1 30 0 0 0 2 3 3 1 0.949403 0.000000 
4 1 31 0 1 0 0 1 1 1 0.732025 0.000000 
4 1 32 1 0 2 0 3 3 1 1.259131 0.000000 
4 1 33 0 1 3 3 4 4 1 0.668967 0.000000 
4 1 34 1 1 3 3 4 4 1 0.902684 0.000000 
4 1 35 0 2 4 2 3 3 1 0.911010 0.000000 
4 1 36 0 2 5 2 3 3 1 0.823307 0.000000 
4 1 37 0 1 3 3 4 4 1 0.730917 0.000000 
4 1 38 0 2 5 0 1 1 1 0.953482 0.000000 
4 1 39 0 2 4 1 2 2 1 0.663810 0.000000 
4 1 40 0 0 2 0 1 1 1 0.610023 0.000000 
4 1 41 0 2 4 1 2 2 1 0.510203 0.000000 
4 1 42 1 2 2 0 3 3 1 1.286378 0.000000 
4 1 43 0 2 4 1 2 2 1 0.703519 0.000000 
4 1 44 0 2 5 3 4 4 1 0.702809 0.000000 
4 1 45 0 1 2 2 3 3 1 0.806968 0.000000 
4 1 46 0 0 2 0 1 1 1 0.811239 0.000000 
4 1 47 0 2 4 1 2 2 1 0.687514 0.000000 
4 1 48 0 1 1 1 2 2 1 0.568395 0.000000 
4 1 49 1 2 1 0 2 1 0 1.085911 0.000000 
4 1 50 0 1 0 0 1 1 1 1.178991 0.000000 
4 1 51 0 1 2 2 3 3 1 0.632260 0.000000 
4 1 52 1 0 2 0 3 3 1 0.914825 0.000000 
4 1 53 0 0 3 1 2 2 1 0.899048 0.000000 
4 1 54 0 0 2 0 1 1 1 0.964024 0.000000 
4 1 55 1 0 3 1 4 4 1 1.610427 0.000000 
4 1 56 0 0 3 1 2 2 1 1.615049 0.000000 
4 1 57 0 2 4 3 4 4 1 0.731524 0.000000 
4 1 58 0 2 5 3 4 4 1 0.626249 0.000000 
4 1 59 1 2 3 0 4 4 1 1.365692 0.000000 
4 1 60 0 2 5 2 3 3 1 0.780009 0.000000 
4 1 61 1 1 0 0 1 1 1 1.897153 0.000000 
4 1 62 0 2 5 3 4 4 1 0.962531 0.000000 
4 1 63 0 1 3 3 4 4 1 0.552821 0.000000 
4 1 64 1 0 0 2 1 1 1 0.831020 0.000000 
4 1 65 0 2 4 0 1 3 0 0.698551 0.000000 
4 1 66 0 2 5 3 4 4 1 0.430545 0.000000 
4 1 67 0 0 0 2 3 3 1 1.793560 0.000000 
4 1 68 1 2 0 0 1 1 1 0.894832 0.000000 
4 1 69 0 1 1 1 2 2 1 0.647795 0.000000 
4 1 70 0 1 0 0 1 1 1 0.842690 0.000000 
4 1 71 1 1 2 2 3 2 0 0.861614 0.000000 
4 1 72 0 1 3 3 4 4 1 0.555873 0.000000 
4 1 73 0 0 0 2 3 3 1 0.728644 0.000000 
4 1 74 0 1 3 3 4 4 1 0.600184 0.000000 
4 1 75 0 0 3 1 2 1 0 0.844421 0.000000 
4 1 76 0 0 2 0 1 1 1 0.571343 0.000000 
4 1 77 0 2 4 0 1 1 1 0.536393 0.000000 
4 1 78 0 0 0 2 3 3 1 0.695248 0.000000 
4 1 79 0 2 4 2 3 3 1 0.568131 0.000000 
4 1 80 0 1 3 3 4 4 1 0.597589 0.000000 
4 1 81 0 1 3 3 4 4 1 0.521473 0.000000 
4 1 82 1 2 2 0 3 3 1 1.096961 0.000000 
4 1 83 0 1 0 0 1 1 1 1.002042 0.000000 
4 1 84 1 2 0 0 1 1 1 1.118334 0.000000 
4 1 85 0 0 1 3 4 4 1 0.894111 0.000000 
4 1 86 0 1 3 3 4 4 1 0.727074 0.000000 
4 1 87 1 1 1 1 2 2 1 1.318660 0.000000 
4 1 88 0 1 1 1 2 2 1 0.573488 0.000000 
4 1 89 0 1 1 1 2 2 1 0.522979 0.000000 
4 1 90 0 1 0 0 1 1 1 0.714460 0.000000 
4 1 91 0 1 0 0 1 1 1 0.594701 0.000000 
4 1 92 0 1 0 0 1 1 1 0.431551 0.000000 
4 1 93 0 0 3 1 2 2 1 0.779010 0.000000 
4 1 94 1 2 2 0 3 1 0 0.704585 0.000000 
4 1 95 0 1 0 0 1 1 1 1.020855 0.000000 
4 1 96 0 0 0 2 3 3 1 0.687006 0.000000 
4 1 97 0 1 1 1 2 2 1 0.719952 0.000000 
4 1 98 1 1 0 0 1 1 1 1.095528 0.000000 
4 1 99 0 0 3 1 2 2 1 0.720575 0.000000 
4 1 100 0 2 5 1 2 2 1 0.632134 0.000000 
4 1 101 0 1 2 2 3 3 1 0.555671 0.000000 
4 1 102 0 1 1 1 2 2 1 0.633852 0.000000 
4 1 103 0 2 4 0 1 2 0 0.700728 0.000000 
4 1 104 0 1 3 3 4 4 1 0.559963 0.000000 
4 1 105 0 0 1 3 4 4 1 0.645607 0.000000 
4 1 106 1 0 2 0 3 3 1 1.064524 0.000000 
4 1 107 0 1 1 1 2 2 1 0.698913 0.000000 
4 1 108 0 0 0 2 3 3 1 0.707773 0.000000 
4 1 109 1 1 1 1 2 2 1 0.900020 0.000000 
4 1 110 0 2 5 2 3 3 1 0.739393 0.000000 
4 1 111 0 1 1 1 2 2 1 0.738244 0.000000 
4 1 112 0 0 1 3 4 4 1 0.649165 0.000000 
4 1 113 0 2 4 1 2 2 1 0.715933 0.000000 
4 1 114 0 1 3 3 4 3 0 0.996080 0.000000 
4 1 115 0 0 0 2 3 3 1 0.580616 0.000000 
4 1 116 0 2 5 0 1 1 1 1.009652 0.000000 
4 1 117 1 0 3 1 4 4 1 1.062014 0.000000 
4 1 118 1 2 2 0 3 3 1 1.135384 0.000000 
4 1 119 0 0 1 3 4 4 1 0.902462 0.000000 
4 1 120 0 0 1 3 4 4 1 0.582751 0.000000 
4 1 121 0 1 2 2 3 3 1 0.572095 0.000000 
4 1 122 0 1 2 2 3 3 1 0.553069 0.000000 
4 1 123 0 1 1 1 2 2 1 0.623298 0.000000 
4 1 124 0 1 3 3 4 1 0 0.386832 0.000000 
4 1 125 0 2 4 2 3 3 1 0.986693 0.000000 
4 1 126 0 0 2 0 1 1 1 0.855148 0.000000 
4 1 127 0 0 0 2 3 3 1 1.753504 0.000000 
4 1 128 0 1 2 2 3 3 1 0.536102 0.000000 
4 1 129 1 2 1 0 2 2 1 1.230957 0.000000 
4 1 130 1 1 1 1 2 2 1 0.738699 0.000000 
4 1 131 0 0 0 2 3 3 1 0.961636 0.000000 
4 1 132 1 2 0 0 1 1 1 1.544006 0.000000 
4 1 133 1 2 1 0 2 2 1 0.902115 0.000000 
4 1 134 0 0 1 3 4 4 1 0.734496 0.000000 
4 1 135 0 2 4 3 4 4 1 0.669405 0.000000 
4 1 136 1 2 0 0 1 1 1 1.022966 0.000000 
4 1 137 1 0 1 3 2 2 1 1.210635 0.000000 
4 1 138 0 1 3 3 4 4 1 1.623068 0.000000 
4 1 139 1 2 3 0 4 1 0 1.211008 0.000000 
4 1 140 0 1 2 2 3 3 1 0.858479 0.000000 
4 1 141 0 0 0 2 3 3 1 1.380326 0.000000 
4 1 142 0 2 5 3 4 4 1 0.802076 0.000000 
4 1 143 0 2 4 2 3 3 1 0.638274 0.000000 
4 1 144 0 0 1 3 4 4 1 0.449251 0.000000 
4 1 145 0 0 0 2 3 3 1 0.579942 0.000000 
4 1 146 0 0 3 1 2 2 1 0.848649 0.000000 
4 1 147 0 0 3 1 2 2 1 0.595503 0.000000 
4 1 148 0 2 5 3 4 4 1 0.744374 0.000000 
4 1 149 1 2 1 0 2 2 1 1.575306 0.000000 
4 1 150 0 1 0 0 1 1 1 1.013206 0.000000 
4 1 151 0 0 1 3 4 4 1 0.625548 0.000000 
4 1 152 1 0 2 0 3 3 1 1.013065 0.000000 
4 1 153 0 1 3 3 4 4 1 0.929435 0.000000 
4 1 154 1 0 2 0 3 3 1 2.016098 0.000000 
4 1 155 0 1 2 2 3 3 1 0.836160 0.000000 
4 1 156 0 2 5 2 3 3 1 0.631139 0.000000 
4 1 157 0 0 2 0 1 1 1 0.810639 0.000000 
4 1 158 1 2 2 0 3 3 1 1.174880 0.000000 
4 1 159 1 1 1 1 2 2 1 0.708668 0.000000 
4 1 160 0 0 2 0 1 1 1 0.932937 0.000000 
4 1 161 0 0 3 1 2 2 1 0.763210 0.000000 
4 1 162 0 2 5 1 2 2 1 0.673169 0.000000 
4 1 163 0 2 4 0 1 1 1 1.506756 0.000000 
4 1 164 0 1 2 2 3 3 1 0.779261 0.000000 
4 1 165 0 2 4 3 4 4 1 0.568804 0.000000 
4 1 166 0 1 1 1 2 2 1 0.790351 0.000000 
4 1 167 1 1 3 3 4 4 1 1.379316 0.000000 
4 1 168 0 2 5 3 4 4 1 0.729076 0.000000 
4 1 169 0 1 0 0 1 1 1 1.359730 0.000000 
4 1 170 0 0 3 1 2 2 1 0.742191 0.000000 
4 1 171 1 1 1 1 2 2 1 1.085114 0.000000 
4 1 172 0 2 5 3 4 4 1 0.614175 0.000000 
4 1 173 0 2 4 2 3 3 1 0.842373 0.000000 
4 1 174 0 1 1 1 2 1 0 0.917315 0.000000 
4 1 175 0 1 2 2 3 3 1 0.671915 0.000000 
4 1 176 0 0 3 1 2 2 1 0.841066 0.000000 
4 1 177 1 0 2 0 3 3 1 1.124012 0.000000 
4 1 178 0 0 0 2 3 3 1 1.051759 0.000000 
4 1 179 0 2 4 3 4 4 1 0.694120 0.000000 
4 1 180 0 2 5 3 4 4 1 1.223005 0.000000 
4 1 181 0 0 3 1 2 2 1 1.770781 0.000000 
4 1 182 0 1 1 1 2 2 1 1.071790 0.000000 
4 1 183 0 1 2 2 3 3 1 0.665414 0.000000 
4 1 184 0 0 2 0 1 1 1 0.891701 0.000000 
4 1 185 0 2 4 2 3 3 1 0.596652 0.000000 
4 1 186 0 0 3 1 2 2 1 0.825479 0.000000 
4 1 187 0 1 2 2 3 3 1 0.629128 0.000000 
4 1 188 0 2 5 1 2 2 1 0.816658 0.000000 
4 1 189 0 0 2 0 1 1 1 1.011356 0.000000 
4 1 190 0 0 0 2 3 3 1 0.727570 0.000000 
4 1 191 0 2 4 1 2 2 1 0.823207 0.000000 
4 1 192 0 2 5 0 1 1 1 0.690740 0.000000 
