6 1 1 0 2 4 1 2 2 1 2.086533 0.000000 
6 1 2 0 1 2 2 3 3 1 0.991423 0.000000 
6 1 3 0 1 0 0 1 1 1 0.748485 0.000000 
6 1 4 0 0 0 3 4 4 1 0.603503 0.000000 
6 1 5 0 1 3 3 4 4 1 0.575684 0.000000 
6 1 6 0 2 5 3 4 4 1 0.589052 0.000000 
6 1 7 1 1 3 3 4 4 1 2.777502 0.000000 
6 1 8 1 0 0 3 1 1 1 1.286906 0.000000 
6 1 9 0 0 1 0 1 1 1 3.424204 0.000000 
6 1 10 1 2 2 0 3 3 1 1.892837 0.000000 
6 1 11 1 2 3 0 4 4 1 1.262280 0.000000 
6 1 12 0 2 5 2 3 3 1 1.440749 0.000000 
6 1 13 0 0 2 1 2 2 1 0.770904 0.000000 
6 1 14 0 0 1 0 1 1 1 0.728632 0.000000 
6 1 15 1 1 1 1 2 2 1 1.784229 0.000000 
6 1 16 0 1 3 3 4 4 1 0.717638 0.000000 
6 1 17 0 1 0 0 1 1 1 0.741219 0.000000 
6 1 18 0 0 0 3 4 4 1 0.964249 0.000000 
6 1 19 0 1 2 2 3 3 1 0.682525 0.000000 
6 1 20 0 2 5 0 1 1 1 0.738979 0.000000 
6 1 21 1 2 1 0 2 2 1 1.033451 0.000000 
6 1 22 0 1 0 0 1 1 1 1.076592 0.000000 
6 1 23 0 1 1 1 2 2 1 0.662229 0.000000 
6 1 24 0 2 5 1 2 2 1 0.672459 0.000000 
6 1 25 0 1 0 0 1 1 1 0.738089 0.000000 
6 1 26 0 0 1 0 1 1 1 0.552960 0.000000 
6 1 27 0 1 2 2 3 3 1 0.639234 0.000000 
6 1 28 0 0 3 2 3 3 1 1.137117 0.000000 
6 1 29 1 2 1 0 2 2 1 1.584229 0.000000 
6 1 30 0 0 1 0 1 1 1 0.829559 0.000000 
6 1 31 0 1 0 0 1 1 1 0.641208 0.000000 
6 1 32 1 2 0 0 1 1 1 1.324059 0.000000 
6 1 33 0 2 4 0 1 1 1 0.683992 0.000000 
6 1 34 0 2 5 2 3 3 1 0.668881 0.000000 
6 1 35 0 1 1 1 2 2 1 0.605508 0.000000 
6 1 36 0 0 1 0 1 1 1 0.793695 0.000000 
6 1 37 1 0 3 2 4 4 1 1.286674 0.000000 
6 1 38 0 2 5 2 3 3 1 0.799803 0.000000 
6 1 39 0 0 1 0 1 1 1 1.644148 0.000000 
6 1 40 1 2 0 0 1 1 1 1.607484 0.000000 
6 1 41 0 2 4 2 3 3 1 0.732144 0.000000 
6 1 42 1 2 2 0 3 3 1 1.986777 0.000000 
6 1 43 0 0 1 0 1 2 0 0.808167 0.000000 
6 1 44 0 0 0 3 4 4 1 1.024322 0.000000 
6 1 45 0 1 0 0 1 1 1 0.675755 0.000000 
6 1 46 1 0 2 1 3 3 1 1.197366 0.000000 
6 1 47 1 2 3 0 4 4 1 0.850527 0.000000 
6 1 48 1 2 0 0 1 1 1 0.828770 0.000000 
6 1 49 1 0 3 2 4 4 1 0.815489 0.000000 
6 1 50 0 0 2 1 2 2 1 1.987880 0.000000 
6 1 51 0 2 4 0 1 1 1 0.697271 0.000000 
6 1 52 0 2 5 1 2 2 1 0.714186 0.000000 
6 1 53 0 2 4 1 2 2 1 0.642439 0.000000 
6 1 54 1 0 3 2 4 4 1 0.861380 0.000000 
6 1 55 1 0 2 1 3 3 1 0.878698 0.000000 
6 1 56 0 1 1 1 2 2 1 1.144348 0.000000 
6 1 57 0 1 1 1 2 2 1 0.687426 0.000000 
6 1 58 1 1 1 1 2 2 1 0.888388 0.000000 
6 1 59 0 0 2 1 2 2 1 1.689504 0.000000 
6 1 60 0 2 5 1 2 2 1 0.666771 0.000000 
6 1 61 0 2 4 3 4 4 1 0.636324 0.000000 
6 1 62 0 0 1 0 1 1 1 0.887232 0.000000 
6 1 63 0 1 3 3 4 4 1 1.015254 0.000000 
6 1 64 0 0 2 1 2 2 1 0.899656 0.000000 
6 1 65 0 0 3 2 3 3 1 0.683979 0.000000 
6 1 66 0 2 5 1 2 2 1 0.628934 0.000000 
6 1 67 0 2 4 3 4 4 1 2.152560 0.000000 
6 1 68 0 1 1 1 2 2 1 0.703410 0.000000 
6 1 69 0 1 2 2 3 3 1 2.622745 0.000000 
6 1 70 1 0 0 3 1 1 1 1.963037 0.000000 
6 1 71 0 1 2 2 3 3 1 1.169889 0.000000 
6 1 72 0 2 5 3 4 4 1 0.711598 0.000000 
6 1 73 0 1 0 0 1 1 1 0.607895 0.000000 
6 1 74 1 2 2 0 3 1 0 0.676075 0.000000 
6 1 75 1 2 3 0 4 4 1 1.097492 0.000000 
6 1 76 1 1 3 3 4 4 1 0.873362 0.000000 
6 1 77 0 2 4 2 3 3 1 0.819050 0.000000 
6 1 78 0 0 2 1 2 2 1 1.110716 0.000000 
6 1 79 0 2 4 3 4 4 1 0.575118 0.000000 
6 1 80 0 1 2 2 3 3 1 1.284625 0.000000 
6 1 81 0 1 1 1 2 2 1 0.621808 0.000000 
6 1 82 0 0 2 1 2 2 1 0.633413 0.000000 
6 1 83 0 2 4 0 1 1 1 0.691259 0.000000 
6 1 84 0 1 1 1 2 2 1 0.660201 0.000000 
6 1 85 0 1 0 0 1 1 1 0.662477 0.000000 
6 1 86 0 0 1 0 1 1 1 0.584705 0.000000 
6 1 87 0 0 1 0 1 1 1 0.605586 0.000000 
6 1 88 0 2 5 3 4 4 1 0.521835 0.000000 
6 1 89 0 0 2 1 2 2 1 1.161318 0.000000 
6 1 90 0 2 5 0 1 1 1 0.695753 0.000000 
6 1 91 0 2 4 2 3 3 1 0.791736 0.000000 
6 1 92 1 1 3 3 4 4 1 0.692680 0.000000 
6 1 93 0 1 2 2 3 3 1 0.821646 0.000000 
6 1 94 1 1 2 2 3 3 1 0.777209 0.000000 
6 1 95 0 1 1 1 2 2 1 0.694900 0.000000 
6 1 96 0 0 0 3 4 4 1 0.663809 0.000000 
6 1 97 0 2 4 1 2 2 1 0.737997 0.000000 
6 1 98 1 2 2 0 3 1 0 0.648030 0.000000 
6 1 99 0 1 2 2 3 3 1 1.014691 0.000000 
6 1 100 1 0 3 2 4 4 1 0.730830 0.000000 
6 1 101 1 2 1 0 2 2 1 1.074423 0.000000 
6 1 102 0 1 1 1 2 2 1 0.668239 0.000000 
6 1 103 0 2 4 0 1 1 1 0.653750 0.000000 
6 1 104 0 0 2 1 2 2 1 0.703995 0.000000 
6 1 105 1 2 1 0 2 2 1 1.416359 0.000000 
6 1 106 0 0 3 2 3 4 0 0.739183 0.000000 
6 1 107 0 0 1 0 1 1 1 1.781983 0.000000 
6 1 108 0 2 5 2 3 3 1 0.827780 0.000000 
6 1 109 0 0 3 2 3 3 1 0.791428 0.000000 
6 1 110 0 2 5 1 2 2 1 0.700373 0.000000 
6 1 111 0 2 4 0 1 1 1 0.644612 0.000000 
6 1 112 0 0 0 3 4 4 1 1.095569 0.000000 
6 1 113 0 0 0 3 4 4 1 0.615604 0.000000 
6 1 114 0 1 1 1 2 2 1 0.843908 0.000000 
6 1 115 0 0 3 2 3 3 1 0.790875 0.000000 
6 1 116 0 1 1 1 2 2 1 0.715834 0.000000 
6 1 117 1 2 1 0 2 2 1 1.467944 0.000000 
6 1 118 0 0 3 2 3 3 1 1.045352 0.000000 
6 1 119 0 0 3 2 3 3 1 0.992461 0.000000 
6 1 120 1 1 0 0 1 1 1 1.236534 0.000000 
6 1 121 0 0 0 3 4 4 1 1.039657 0.000000 
6 1 122 1 2 2 0 3 2 0 1.026663 0.000000 
6 1 123 0 0 2 1 2 2 1 0.802254 0.000000 
6 1 124 1 0 1 0 2 2 1 1.238323 0.000000 
6 1 125 0 1 3 3 4 4 1 0.737393 0.000000 
6 1 126 0 1 2 2 3 3 1 0.711411 0.000000 
6 1 127 1 0 3 2 4 4 1 0.919646 0.000000 
6 1 128 1 2 0 0 1 1 1 0.775323 0.000000 
6 1 129 0 2 4 2 3 3 1 1.060954 0.000000 
6 1 130 0 1 3 3 4 4 1 0.727358 0.000000 
6 1 131 0 0 2 1 2 2 1 0.670940 0.000000 
6 1 132 0 1 3 3 4 4 1 0.656642 0.000000 
6 1 133 1 1 2 2 3 3 1 0.978802 0.000000 
6 1 134 0 1 0 0 1 1 1 0.703567 0.000000 
6 1 135 0 1 2 2 3 3 1 0.663783 0.000000 
6 1 136 0 1 1 1 2 2 1 0.602076 0.000000 
6 1 137 0 0 1 0 1 1 1 0.646277 0.000000 
6 1 138 0 1 0 0 1 1 1 0.617115 0.000000 
6 1 139 0 1 1 1 2 2 1 0.580767 0.000000 
6 1 140 0 0 1 0 1 1 1 0.674287 0.000000 
6 1 141 0 1 3 3 4 4 1 0.619911 0.000000 
6 1 142 0 2 5 3 4 4 1 0.631433 0.000000 
6 1 143 0 0 2 1 2 2 1 0.961999 0.000000 
6 1 144 0 1 1 1 2 2 1 0.592348 0.000000 
6 1 145 0 2 4 3 4 4 1 0.653251 0.000000 
6 1 146 1 1 0 0 1 1 1 0.727493 0.000000 
6 1 147 1 1 1 1 2 2 1 0.743086 0.000000 
6 1 148 0 2 5 2 3 3 1 0.814008 0.000000 
6 1 149 0 2 4 3 4 4 1 0.642371 0.000000 
6 1 150 1 0 0 3 1 1 1 0.845237 0.000000 
6 1 151 0 0 3 2 3 4 0 0.719233 0.000000 
6 1 152 1 2 0 0 1 1 1 1.274708 0.000000 
6 1 153 0 2 4 2 3 3 1 0.692284 0.000000 
6 1 154 1 0 1 0 2 2 1 0.877230 0.000000 
6 1 155 1 2 3 0 4 4 1 0.694842 0.000000 
6 1 156 0 2 5 1 2 2 1 0.775928 0.000000 
6 1 157 0 2 4 0 1 1 1 0.805427 0.000000 
6 1 158 0 1 1 1 2 2 1 0.664686 0.000000 
6 1 159 0 0 0 3 4 4 1 0.602951 0.000000 
6 1 160 1 2 0 0 1 1 1 1.335167 0.000000 
6 1 161 0 0 0 3 4 4 1 1.054427 0.000000 
6 1 162 0 1 3 3 4 4 1 0.608786 0.000000 
6 1 163 0 1 0 0 1 1 1 0.605011 0.000000 
6 1 164 0 2 5 3 4 4 1 0.641225 0.000000 
6 1 165 0 2 4 3 4 4 1 0.627122 0.000000 
6 1 166 0 0 3 2 3 3 1 0.790768 0.000000 
6 1 167 0 0 0 3 4 4 1 0.603653 0.000000 
6 1 168 0 1 3 3 4 4 1 0.599951 0.000000 
6 1 169 1 0 2 1 3 3 1 1.572175 0.000000 
6 1 170 0 0 3 2 3 3 1 1.306131 0.000000 
6 1 171 0 1 1 1 2 2 1 0.706611 0.000000 
6 1 172 1 0 2 1 3 3 1 1.330896 0.000000 
6 1 173 0 2 4 3 4 4 1 0.625687 0.000000 
6 1 174 0 1 2 2 3 3 1 0.925317 0.000000 
6 1 175 0 2 4 2 3 3 1 0.645005 0.000000 
6 1 176 1 2 0 0 1 1 1 0.951854 0.000000 
6 1 177 0 1 0 0 1 1 1 0.590215 0.000000 
6 1 178 0 0 2 1 2 3 0 0.795211 0.000000 
6 1 179 0 0 0 3 4 4 1 0.811929 0.000000 
6 1 180 0 1 2 2 3 3 1 1.094962 0.000000 
6 1 181 0 0 2 1 2 2 1 0.656071 0.000000 
6 1 182 0 2 5 3 4 4 1 0.602321 0.000000 
6 1 183 1 0 2 1 3 3 1 1.142561 0.000000 
6 1 184 0 1 0 0 1 1 1 0.613696 0.000000 
6 1 185 0 1 3 3 4 4 1 0.585876 0.000000 
6 1 186 1 2 2 0 3 3 1 1.014805 0.000000 
6 1 187 0 1 0 0 1 1 1 0.714282 0.000000 
6 1 188 0 0 0 3 4 4 1 0.202410 0.000000 
6 1 189 0 2 4 3 4 4 1 0.590487 0.000000 
6 1 190 0 1 2 2 3 3 1 0.691352 0.000000 
6 1 191 0 1 3 3 4 4 1 0.700316 0.000000 
6 1 192 1 0 3 2 4 4 1 0.916582 0.000000 
6 1 1 1 2 1 0 2 2 1 2.884004 0.000000 
6 1 2 0 2 5 1 2 2 1 1.029342 0.000000 
6 1 3 0 0 2 1 2 2 1 0.528522 0.000000 
6 1 4 0 0 3 2 3 4 0 0.663113 0.000000 
6 1 5 0 0 1 0 1 1 1 0.821144 0.000000 
6 1 6 0 0 2 1 2 2 1 1.216515 0.000000 
6 1 7 0 2 4 3 4 4 1 1.076216 0.000000 
6 1 8 0 0 1 0 1 1 1 0.837428 0.000000 
6 1 9 1 2 1 0 2 2 1 1.032432 0.000000 
6 1 10 0 0 2 1 2 2 1 0.860005 0.000000 
6 1 11 0 1 2 2 3 3 1 0.780800 0.000000 
6 1 12 0 2 5 2 3 3 1 0.642396 0.000000 
6 1 13 1 1 3 3 4 4 1 0.573341 0.000000 
6 1 14 0 1 0 0 1 1 1 0.570857 0.000000 
6 1 15 0 2 4 0 1 1 1 0.632450 0.000000 
6 1 16 0 2 5 1 2 2 1 0.667916 0.000000 
6 1 17 0 0 3 2 3 3 1 1.013607 0.000000 
6 1 18 0 2 5 0 1 1 1 0.617945 0.000000 
6 1 19 0 0 1 0 1 1 1 0.940576 0.000000 
6 1 20 0 2 5 2 3 3 1 0.747608 0.000000 
6 1 21 0 0 0 3 4 1 0 1.402603 0.000000 
6 1 22 1 2 2 0 3 3 1 0.794930 0.000000 
6 1 23 0 2 4 2 3 3 1 0.519549 0.000000 
6 1 24 0 0 2 1 2 2 1 1.399190 0.000000 
6 1 25 1 2 1 0 2 2 1 3.187086 0.000000 
6 1 26 1 2 2 0 3 3 1 0.752633 0.000000 
6 1 27 0 2 4 2 3 3 1 0.670966 0.000000 
6 1 28 1 0 2 1 3 3 1 1.304559 0.000000 
6 1 29 0 0 3 2 3 3 1 1.169135 0.000000 
6 1 30 0 0 3 2 3 3 1 0.486863 0.000000 
6 1 31 0 2 4 0 1 1 1 0.751745 0.000000 
6 1 32 1 0 1 0 2 2 1 0.836965 0.000000 
6 1 33 0 2 4 1 2 2 1 0.639950 0.000000 
6 1 34 0 2 5 1 2 2 1 0.466958 0.000000 
6 1 35 1 1 2 2 3 3 1 0.628364 0.000000 
6 1 36 0 0 2 1 2 2 1 0.599903 0.000000 
6 1 37 0 2 4 1 2 2 1 1.436226 0.000000 
6 1 38 0 0 1 0 1 1 1 0.679469 0.000000 
6 1 39 0 0 1 0 1 1 1 0.512974 0.000000 
6 1 40 1 1 3 3 4 4 1 0.816238 0.000000 
6 1 41 1 0 0 3 1 1 1 0.700148 0.000000 
6 1 42 0 0 1 0 1 1 1 0.860164 0.000000 
6 1 43 1 2 3 0 4 4 1 0.902464 0.000000 
6 1 44 0 0 3 2 3 3 1 0.918800 0.000000 
6 1 45 0 1 0 0 1 1 1 0.606470 0.000000 
6 1 46 1 2 2 0 3 3 1 0.778749 0.000000 
6 1 47 0 1 0 0 1 1 1 0.656388 0.000000 
6 1 48 1 2 0 0 1 1 1 0.761671 0.000000 
6 1 49 0 1 0 0 1 1 1 0.487877 0.000000 
6 1 50 0 1 0 0 1 1 1 0.464727 0.000000 
6 1 51 1 0 3 2 4 4 1 0.874910 0.000000 
6 1 52 0 1 3 3 4 4 1 0.756554 0.000000 
6 1 53 0 2 4 3 4 4 1 0.554845 0.000000 
6 1 54 0 2 5 1 2 2 1 0.809047 0.000000 
6 1 55 0 2 4 3 4 4 1 0.653347 0.000000 
6 1 56 0 1 2 2 3 3 1 0.678624 0.000000 
6 1 57 1 0 3 2 4 4 1 0.744161 0.000000 
6 1 58 1 1 3 3 4 4 1 0.751121 0.000000 
6 1 59 0 0 1 0 1 1 1 1.085469 0.000000 
6 1 60 0 0 2 1 2 2 1 1.598633 0.000000 
6 1 61 0 0 0 3 4 1 0 1.243928 0.000000 
6 1 62 0 2 5 3 4 4 1 0.450790 0.000000 
6 1 63 0 0 3 2 3 3 1 0.643721 0.000000 
6 1 64 1 0 2 1 3 3 1 1.414644 0.000000 
6 1 65 0 2 4 2 3 3 1 0.659200 0.000000 
6 1 66 0 0 3 2 3 3 1 0.533431 0.000000 
6 1 67 0 0 1 0 1 1 1 1.076319 0.000000 
6 1 68 0 0 0 3 4 4 1 0.910044 0.000000 
6 1 69 1 1 0 0 1 1 1 0.966421 0.000000 
6 1 70 0 2 5 3 4 4 1 0.739143 0.000000 
6 1 71 0 2 4 0 1 1 1 1.090136 0.000000 
6 1 72 1 1 2 2 3 3 1 1.843194 0.000000 
6 1 73 0 1 0 0 1 1 1 0.662624 0.000000 
6 1 74 0 2 5 3 4 4 1 0.504861 0.000000 
6 1 75 1 2 3 0 4 4 1 1.097010 0.000000 
6 1 76 0 0 0 3 4 4 1 0.610101 0.000000 
6 1 77 0 2 4 0 1 1 1 0.598324 0.000000 
6 1 78 1 1 1 1 2 2 1 0.794246 0.000000 
6 1 79 0 0 2 1 2 2 1 0.519188 0.000000 
6 1 80 0 1 0 0 1 1 1 0.774746 0.000000 
6 1 81 1 2 1 0 2 2 1 0.908354 0.000000 
6 1 82 0 2 5 2 3 3 1 0.884718 0.000000 
6 1 83 0 1 1 1 2 2 1 0.933722 0.000000 
6 1 84 0 1 2 2 3 3 1 0.580672 0.000000 
6 1 85 1 1 0 0 1 1 1 0.969232 0.000000 
6 1 86 0 1 2 2 3 3 1 0.622966 0.000000 
6 1 87 1 1 2 2 3 3 1 0.826561 0.000000 
6 1 88 1 2 0 0 1 1 1 0.806218 0.000000 
6 1 89 0 1 0 0 1 1 1 0.522505 0.000000 
6 1 90 0 1 1 1 2 2 1 0.778017 0.000000 
6 1 91 0 1 2 2 3 3 1 1.071662 0.000000 
6 1 92 0 1 3 3 4 4 1 0.593403 0.000000 
6 1 93 1 0 0 3 1 1 1 0.749330 0.000000 
6 1 94 0 0 2 1 2 3 0 0.724128 0.000000 
6 1 95 0 1 0 0 1 1 1 1.087015 0.000000 
6 1 96 0 2 5 1 2 2 1 0.679845 0.000000 
6 1 97 0 0 2 1 2 2 1 0.569463 0.000000 
6 1 98 1 1 1 1 2 2 1 0.798971 0.000000 
6 1 99 0 2 4 0 1 1 1 0.691948 0.000000 
6 1 100 0 2 5 2 3 3 1 0.731930 0.000000 
6 1 101 0 1 3 3 4 4 1 0.939566 0.000000 
6 1 102 0 2 5 1 2 2 1 0.722490 0.000000 
6 1 103 1 1 2 2 3 3 1 0.714113 0.000000 
6 1 104 0 2 5 0 1 1 1 0.730400 0.000000 
6 1 105 0 0 3 2 3 3 1 1.130041 0.000000 
6 1 106 1 2 2 0 3 3 1 1.145812 0.000000 
6 1 107 0 0 3 2 3 3 1 1.120918 0.000000 
6 1 108 0 1 2 2 3 3 1 0.719700 0.000000 
6 1 109 0 0 1 0 1 1 1 0.671329 0.000000 
6 1 110 0 1 3 3 4 4 1 0.496863 0.000000 
6 1 111 0 1 0 0 1 1 1 0.649672 0.000000 
6 1 112 0 0 2 1 2 2 1 0.644003 0.000000 
6 1 113 0 2 4 2 3 3 1 0.782862 0.000000 
6 1 114 0 2 5 3 4 4 1 0.532096 0.000000 
6 1 115 0 1 0 0 1 1 1 0.555372 0.000000 
6 1 116 0 1 1 1 2 2 1 0.664535 0.000000 
6 1 117 1 0 3 2 4 4 1 1.018832 0.000000 
6 1 118 0 0 0 3 4 4 1 1.142604 0.000000 
6 1 119 0 1 3 3 4 4 1 0.445666 0.000000 
6 1 120 0 1 0 0 1 1 1 0.688489 0.000000 
6 1 121 0 0 0 3 4 4 1 0.953413 0.000000 
6 1 122 0 2 5 3 4 4 1 0.487802 0.000000 
6 1 123 1 1 3 3 4 4 1 0.951665 0.000000 
6 1 124 0 0 0 3 4 1 0 0.677982 0.000000 
6 1 125 0 1 2 2 3 3 1 0.627470 0.000000 
6 1 126 0 1 1 1 2 2 1 0.798721 0.000000 
6 1 127 0 1 0 0 1 1 1 0.611682 0.000000 
6 1 128 0 0 3 2 3 3 1 0.567897 0.000000 
6 1 129 0 2 4 2 3 3 1 0.501416 0.000000 
6 1 130 1 0 1 0 2 2 1 0.901642 0.000000 
6 1 131 0 0 1 0 1 2 0 0.612953 0.000000 
6 1 132 0 2 5 3 4 4 1 0.508971 0.000000 
6 1 133 0 0 2 1 2 2 1 0.996974 0.000000 
6 1 134 1 2 2 0 3 3 1 1.402014 0.000000 
6 1 135 0 1 2 2 3 3 1 0.678593 0.000000 
6 1 136 0 1 3 3 4 4 1 0.568186 0.000000 
6 1 137 0 2 4 2 3 3 1 0.653652 0.000000 
6 1 138 1 0 1 0 2 2 1 1.231919 0.000000 
6 1 139 0 0 0 3 4 1 0 1.130829 0.000000 
6 1 140 0 1 3 3 4 4 1 0.702589 0.000000 
6 1 141 0 1 2 2 3 3 1 1.142376 0.000000 
6 1 142 0 1 1 1 2 2 1 0.645447 0.000000 
6 1 143 0 0 1 0 1 1 1 0.800400 0.000000 
6 1 144 0 1 2 2 3 3 1 0.644763 0.000000 
6 1 145 0 0 1 0 1 1 1 1.694636 0.000000 
6 1 146 0 2 5 1 2 2 1 0.863962 0.000000 
6 1 147 0 1 1 1 2 2 1 0.610238 0.000000 
6 1 148 1 1 2 2 3 3 1 1.086544 0.000000 
6 1 149 1 2 1 0 2 2 1 1.271582 0.000000 
6 1 150 0 0 0 3 4 4 1 1.089499 0.000000 
6 1 151 0 0 1 0 1 1 1 0.890509 0.000000 
6 1 152 1 1 2 2 3 3 1 2.674661 0.000000 
6 1 153 1 0 1 0 2 2 1 1.484999 0.000000 
6 1 154 0 1 1 1 2 2 1 0.502184 0.000000 
6 1 155 0 2 4 0 1 1 1 0.678447 0.000000 
6 1 156 0 1 3 3 4 4 1 0.527992 0.000000 
6 1 157 0 0 0 3 4 4 1 0.423559 0.000000 
6 1 158 0 2 5 3 4 4 1 0.435006 0.000000 
6 1 159 1 0 1 0 2 2 1 0.796889 0.000000 
6 1 160 0 2 5 3 4 4 1 0.529762 0.000000 
6 1 161 0 2 4 3 4 4 1 0.825406 0.000000 
6 1 162 0 0 2 1 2 3 0 0.820973 0.000000 
6 1 163 0 2 4 2 3 3 1 1.116465 0.000000 
6 1 164 0 1 3 3 4 4 1 0.595984 0.000000 
6 1 165 1 0 1 0 2 2 1 0.976848 0.000000 
6 1 166 0 0 0 3 4 4 1 0.918594 0.000000 
6 1 167 0 0 2 1 2 3 0 0.701253 0.000000 
6 1 168 1 0 3 2 4 4 1 0.881300 0.000000 
6 1 169 0 1 1 1 2 2 1 0.650732 0.000000 
6 1 170 0 1 1 1 2 2 1 0.556939 0.000000 
6 1 171 1 2 3 0 4 4 1 1.227250 0.000000 
6 1 172 1 0 3 2 4 4 1 0.734991 0.000000 
6 1 173 1 2 1 0 2 2 1 0.749950 0.000000 
6 1 174 0 1 1 1 2 2 1 0.579238 0.000000 
6 1 175 1 1 3 3 4 4 1 0.672773 0.000000 
6 1 176 0 1 0 0 1 1 1 0.762419 0.000000 
6 1 177 0 2 4 3 4 4 1 0.576649 0.000000 
6 1 178 0 1 0 0 1 1 1 0.742224 0.000000 
6 1 179 0 1 2 2 3 3 1 0.661148 0.000000 
6 1 180 0 2 5 3 4 4 1 0.687388 0.000000 
6 1 181 0 0 2 1 2 2 1 0.840345 0.000000 
6 1 182 0 2 5 2 3 3 1 0.706362 0.000000 
6 1 183 0 1 0 0 1 2 0 0.570584 0.000000 
6 1 184 0 2 5 1 2 2 1 0.691972 0.000000 
6 1 185 0 2 4 1 2 2 1 0.516640 0.000000 
6 1 186 0 1 3 3 4 4 1 0.492191 0.000000 
6 1 187 0 2 4 0 1 1 1 0.852970 0.000000 
6 1 188 0 1 2 2 3 3 1 1.103346 0.000000 
6 1 189 1 2 1 0 2 2 1 0.735760 0.000000 
6 1 190 1 0 0 3 1 1 1 0.773682 0.000000 
6 1 191 0 2 4 1 2 2 1 0.707320 0.000000 
6 1 192 0 1 1 1 2 4 0 0.435593 0.000000 
