17 1 1 1 1 3 3 4 4 1 2.694111 0.000000 
17 1 2 0 1 2 2 3 3 1 2.350527 0.000000 
17 1 3 0 1 3 3 4 4 1 0.701314 0.000000 
17 1 4 0 0 3 2 3 3 1 0.909451 0.000000 
17 1 5 1 0 1 0 2 1 0 0.869716 0.000000 
17 1 6 0 2 5 1 2 2 1 1.411290 0.000000 
17 1 7 0 0 0 3 4 1 0 0.815283 0.000000 
17 1 8 1 1 0 0 1 1 1 3.086586 0.000000 
17 1 9 0 1 0 0 1 1 1 0.775819 0.000000 
17 1 10 1 1 1 1 2 2 1 1.069381 0.000000 
17 1 11 0 0 3 2 3 3 1 1.575032 0.000000 
17 1 12 0 0 1 0 1 1 1 1.844931 0.000000 
17 1 13 0 0 2 1 2 2 1 0.896172 0.000000 
17 1 14 0 1 1 1 2 2 1 0.752117 0.000000 
17 1 15 0 2 4 3 4 4 1 0.758033 0.000000 
17 1 16 0 2 5 2 3 3 1 0.963872 0.000000 
17 1 17 0 2 4 0 1 1 1 0.778119 0.000000 
17 1 18 1 2 2 0 3 3 1 1.559719 0.000000 
17 1 19 1 2 3 0 4 4 1 1.134222 0.000000 
17 1 20 0 1 1 1 2 2 1 1.965266 0.000000 
17 1 21 0 0 3 2 3 3 1 1.194888 0.000000 
17 1 22 0 1 3 3 4 4 1 0.599882 0.000000 
17 1 23 1 1 2 2 3 3 1 1.300036 0.000000 
17 1 24 1 0 1 0 2 2 1 1.500543 0.000000 
17 1 25 0 0 1 0 1 1 1 1.092981 0.000000 
17 1 26 1 0 2 1 3 3 1 1.373971 0.000000 
17 1 27 0 0 0 3 4 4 1 0.803776 0.000000 
17 1 28 0 0 2 1 2 3 0 1.094996 0.000000 
17 1 29 0 2 4 1 2 2 1 0.603899 0.000000 
17 1 30 0 1 1 1 2 2 1 0.895686 0.000000 
17 1 31 0 0 3 2 3 3 1 1.160590 0.000000 
17 1 32 0 1 2 2 3 3 1 0.630932 0.000000 
17 1 33 1 0 0 3 1 1 1 1.562496 0.000000 
17 1 34 0 1 1 1 2 2 1 0.807970 0.000000 
17 1 35 0 0 1 0 1 1 1 0.732194 0.000000 
17 1 36 0 2 5 0 1 1 1 0.699721 0.000000 
17 1 37 1 2 1 0 2 2 1 1.252079 0.000000 
17 1 38 0 0 1 0 1 1 1 0.998298 0.000000 
17 1 39 1 2 3 0 4 4 1 1.243273 0.000000 
17 1 40 0 1 2 2 3 3 1 0.934327 0.000000 
17 1 41 1 0 2 1 3 3 1 1.053270 0.000000 
17 1 42 0 0 1 0 1 1 1 0.734599 0.000000 
17 1 43 0 2 4 2 3 3 1 0.805484 0.000000 
17 1 44 0 1 2 2 3 3 1 0.689712 0.000000 
17 1 45 0 2 4 2 3 3 1 0.730511 0.000000 
17 1 46 0 1 0 0 1 1 1 0.826012 0.000000 
17 1 47 0 2 4 2 3 3 1 0.741620 0.000000 
17 1 48 0 0 3 2 3 4 0 0.908502 0.000000 
17 1 49 0 1 1 1 2 2 1 1.143714 0.000000 
17 1 50 0 1 0 0 1 1 1 0.630307 0.000000 
17 1 51 0 1 2 2 3 3 1 1.321827 0.000000 
17 1 52 0 2 5 0 1 1 1 0.761557 0.000000 
17 1 53 1 1 2 2 3 3 1 1.047739 0.000000 
17 1 54 0 0 3 2 3 3 1 1.210777 0.000000 
17 1 55 0 2 4 1 2 2 1 0.823118 0.000000 
17 1 56 0 1 2 2 3 3 1 0.801717 0.000000 
17 1 57 0 2 4 1 2 2 1 0.933919 0.000000 
17 1 58 0 1 0 0 1 1 1 0.628830 0.000000 
17 1 59 0 0 3 2 3 3 1 1.056332 0.000000 
17 1 60 1 0 0 3 1 1 1 1.082691 0.000000 
17 1 61 1 0 1 0 2 2 1 1.340105 0.000000 
17 1 62 0 2 5 1 2 2 1 0.818698 0.000000 
17 1 63 0 1 2 2 3 3 1 0.773376 0.000000 
17 1 64 0 2 5 3 4 4 1 0.554879 0.000000 
17 1 65 0 2 4 1 2 2 1 0.817013 0.000000 
17 1 66 0 0 1 0 1 1 1 0.820582 0.000000 
17 1 67 1 0 2 1 3 3 1 1.128169 0.000000 
17 1 68 0 2 5 3 4 4 1 0.823829 0.000000 
17 1 69 1 1 3 3 4 4 1 1.075385 0.000000 
17 1 70 1 2 2 0 3 3 1 1.269025 0.000000 
17 1 71 1 0 2 1 3 3 1 1.141827 0.000000 
17 1 72 0 0 3 2 3 3 1 1.372852 0.000000 
17 1 73 0 2 4 3 4 4 1 0.762567 0.000000 
17 1 74 1 1 0 0 1 1 1 1.088803 0.000000 
17 1 75 0 1 3 3 4 4 1 0.753800 0.000000 
17 1 76 0 0 2 1 2 2 1 1.160015 0.000000 
17 1 77 0 2 4 2 3 3 1 0.606343 0.000000 
17 1 78 0 2 5 3 4 4 1 0.577498 0.000000 
17 1 79 1 0 3 2 4 4 1 1.751004 0.000000 
17 1 80 0 2 5 0 1 1 1 1.189573 0.000000 
17 1 81 1 2 1 0 2 2 1 1.354651 0.000000 
17 1 82 0 0 3 2 3 3 1 1.281038 0.000000 
17 1 83 0 2 4 3 4 4 1 0.586766 0.000000 
17 1 84 1 0 3 2 4 4 1 1.830649 0.000000 
17 1 85 1 2 1 0 2 2 1 1.290574 0.000000 
17 1 86 0 0 0 3 4 4 1 1.939674 0.000000 
17 1 87 0 2 4 0 1 1 1 1.050970 0.000000 
17 1 88 0 1 0 0 1 1 1 0.629275 0.000000 
17 1 89 0 2 4 2 3 3 1 0.576757 0.000000 
17 1 90 0 1 3 3 4 4 1 0.686235 0.000000 
17 1 91 0 2 4 1 2 2 1 0.902065 0.000000 
17 1 92 0 0 2 1 2 2 1 0.694361 0.000000 
17 1 93 0 1 0 0 1 1 1 0.615187 0.000000 
17 1 94 0 0 1 0 1 1 1 0.659352 0.000000 
17 1 95 1 0 0 3 1 1 1 2.365603 0.000000 
17 1 96 0 1 0 0 1 1 1 0.612076 0.000000 
17 1 97 0 1 2 2 3 3 1 1.151822 0.000000 
17 1 98 0 2 5 0 1 1 1 0.709215 0.000000 
17 1 99 0 1 3 3 4 4 1 0.749392 0.000000 
17 1 100 0 0 0 3 4 4 1 0.507991 0.000000 
17 1 101 0 0 1 0 1 1 1 0.667588 0.000000 
17 1 102 0 0 3 2 3 3 1 0.685185 0.000000 
17 1 103 0 2 4 2 3 3 1 0.774017 0.000000 
17 1 104 1 2 0 0 1 1 1 0.843598 0.000000 
17 1 105 0 2 4 1 2 2 1 0.878507 0.000000 
17 1 106 0 0 3 2 3 3 1 0.759037 0.000000 
17 1 107 0 1 1 1 2 2 1 0.773293 0.000000 
17 1 108 0 0 0 3 4 1 0 0.802839 0.000000 
17 1 109 0 0 1 0 1 1 1 1.059029 0.000000 
17 1 110 0 1 1 1 2 2 1 0.748900 0.000000 
17 1 111 1 1 1 1 2 2 1 1.283843 0.000000 
17 1 112 0 2 5 0 1 1 1 0.676847 0.000000 
17 1 113 0 0 0 3 4 4 1 1.302440 0.000000 
17 1 114 0 0 1 0 1 1 1 0.733740 0.000000 
17 1 115 0 2 4 2 3 3 1 0.724662 0.000000 
17 1 116 0 1 3 3 4 4 1 0.980191 0.000000 
17 1 117 1 2 1 0 2 2 1 1.161828 0.000000 
17 1 118 0 2 5 3 4 4 1 0.848182 0.000000 
17 1 119 1 1 0 0 1 1 1 1.195072 0.000000 
17 1 120 0 2 5 3 4 4 1 0.472092 0.000000 
17 1 121 0 0 2 1 2 2 1 0.896567 0.000000 
17 1 122 0 2 5 2 3 3 1 1.001480 0.000000 
17 1 123 0 0 0 3 4 4 1 0.485776 0.000000 
17 1 124 0 0 1 0 1 1 1 0.862563 0.000000 
17 1 125 0 0 3 2 3 3 1 1.056818 0.000000 
17 1 126 0 2 5 3 4 4 1 0.555074 0.000000 
17 1 127 0 2 4 2 3 3 1 0.681232 0.000000 
17 1 128 0 1 2 2 3 3 1 1.282794 0.000000 
17 1 129 1 0 3 2 4 4 1 0.979023 0.000000 
17 1 130 0 1 3 3 4 4 1 0.832461 0.000000 
17 1 131 0 0 0 3 4 4 1 0.604005 0.000000 
17 1 132 0 0 2 1 2 2 1 0.840178 0.000000 
17 1 133 1 0 2 1 3 3 1 1.395065 0.000000 
17 1 134 1 1 0 0 1 1 1 1.128199 0.000000 
17 1 135 0 1 1 1 2 2 1 0.751866 0.000000 
17 1 136 0 0 1 0 1 1 1 1.381065 0.000000 
17 1 137 0 1 0 0 1 1 1 0.642854 0.000000 
17 1 138 1 1 0 0 1 1 1 0.853666 0.000000 
17 1 139 0 1 2 2 3 3 1 0.655914 0.000000 
17 1 140 0 2 5 1 2 2 1 0.850066 0.000000 
17 1 141 0 2 4 0 1 1 1 0.660336 0.000000 
17 1 142 1 0 3 2 4 4 1 0.846515 0.000000 
17 1 143 0 2 4 3 4 4 1 0.528416 0.000000 
17 1 144 1 1 0 0 1 1 1 1.071891 0.000000 
17 1 145 0 2 4 3 4 4 1 0.489486 0.000000 
17 1 146 1 2 2 0 3 3 1 1.090292 0.000000 
17 1 147 0 0 0 3 4 4 1 1.835349 0.000000 
17 1 148 0 1 2 2 3 3 1 0.982601 0.000000 
17 1 149 1 1 3 3 4 4 1 0.996006 0.000000 
17 1 150 0 2 5 3 4 4 1 0.552180 0.000000 
17 1 151 0 0 1 0 1 1 1 0.726318 0.000000 
17 1 152 1 0 0 3 1 1 1 1.501877 0.000000 
17 1 153 1 1 2 2 3 3 1 1.126339 0.000000 
17 1 154 0 0 1 0 1 1 1 1.110010 0.000000 
17 1 155 1 0 2 1 3 3 1 1.262352 0.000000 
17 1 156 0 1 3 3 4 4 1 1.112766 0.000000 
17 1 157 1 1 1 1 2 2 1 1.200053 0.000000 
17 1 158 0 1 1 1 2 2 1 1.292495 0.000000 
17 1 159 0 2 4 2 3 3 1 0.637540 0.000000 
17 1 160 1 0 3 2 4 4 1 1.040344 0.000000 
17 1 161 1 1 0 0 1 1 1 1.051360 0.000000 
17 1 162 0 2 5 3 4 4 1 0.629674 0.000000 
17 1 163 0 0 3 2 3 3 1 1.265239 0.000000 
17 1 164 0 0 0 3 4 4 1 0.682638 0.000000 
17 1 165 0 2 4 3 4 4 1 0.539935 0.000000 
17 1 166 0 1 1 1 2 2 1 0.746852 0.000000 
17 1 167 0 1 2 2 3 3 1 0.801735 0.000000 
17 1 168 1 2 0 0 1 1 1 1.181973 0.000000 
17 1 169 0 2 4 2 3 3 1 0.771690 0.000000 
17 1 170 0 1 1 1 2 2 1 0.681249 0.000000 
17 1 171 0 2 4 1 2 2 1 0.786726 0.000000 
17 1 172 1 0 2 1 3 3 1 1.046615 0.000000 
17 1 173 0 2 4 1 2 2 1 1.065620 0.000000 
17 1 174 0 2 5 0 1 1 1 1.027917 0.000000 
17 1 175 0 0 0 3 4 1 0 2.839671 0.000000 
17 1 176 0 2 5 1 2 2 1 0.983207 0.000000 
17 1 177 0 1 0 0 1 1 1 0.916172 0.000000 
17 1 178 0 1 3 3 4 4 1 0.650996 0.000000 
17 1 179 0 1 0 0 1 1 1 0.757141 0.000000 
17 1 180 0 2 5 3 4 4 1 0.579356 0.000000 
17 1 181 0 1 2 2 3 3 1 0.872814 0.000000 
17 1 182 0 2 5 1 2 1 0 0.706413 0.000000 
17 1 183 1 1 2 2 3 3 1 1.038566 0.000000 
17 1 184 0 2 5 0 1 1 1 0.761129 0.000000 
17 1 185 1 1 0 0 1 1 1 0.791313 0.000000 
17 1 186 0 1 2 2 3 3 1 0.523187 0.000000 
17 1 187 0 2 4 3 4 4 1 0.610655 0.000000 
17 1 188 0 1 1 1 2 2 1 0.686797 0.000000 
17 1 189 0 2 4 0 1 1 1 0.655675 0.000000 
17 1 190 0 2 5 2 3 3 1 0.737809 0.000000 
17 1 191 0 0 3 2 3 3 1 1.584758 0.000000 
17 1 192 0 1 1 1 2 2 1 0.821879 0.000000 
17 1 1 0 1 1 1 2 1 0 0.402683 0.000000 
17 1 2 0 2 5 1 2 2 1 1.602537 0.000000 
17 1 3 0 0 3 0 1 1 1 2.910706 0.000000 
17 1 4 1 0 0 1 1 1 1 3.191801 0.000000 
17 1 5 0 0 0 1 2 2 1 2.260550 0.000000 
17 1 6 0 1 2 2 3 3 1 3.471404 0.000000 
17 1 7 0 1 2 2 3 3 1 0.521864 0.000000 
17 1 8 0 1 2 2 3 3 1 0.521324 0.000000 
17 1 9 0 2 4 3 4 4 1 0.672474 0.000000 
17 1 10 1 1 2 2 3 3 1 1.177619 0.000000 
17 1 11 0 2 4 2 3 3 1 0.510288 0.000000 
17 1 12 0 0 0 1 2 2 1 0.998433 0.000000 
17 1 13 1 2 1 0 2 2 1 2.643460 0.000000 
17 1 14 0 2 5 0 1 1 1 1.126987 0.000000 
17 1 15 0 0 1 2 3 3 1 1.710701 0.000000 
17 1 16 0 1 1 1 2 2 1 1.111223 0.000000 
17 1 17 0 0 1 2 3 3 1 1.174556 0.000000 
17 1 18 0 0 1 2 3 3 1 0.460250 0.000000 
17 1 19 0 2 4 1 2 2 1 0.670361 0.000000 
17 1 20 0 0 2 3 4 3 0 1.039894 0.000000 
17 1 21 0 1 2 2 3 3 1 0.534793 0.000000 
17 1 22 1 2 2 0 3 3 1 0.973144 0.000000 
17 1 23 0 0 3 0 1 1 1 2.354912 0.000000 
17 1 24 0 0 2 3 4 4 1 0.816602 0.000000 
17 1 25 0 1 3 3 4 4 1 0.556189 0.000000 
17 1 26 0 2 5 0 1 1 1 3.162459 0.000000 
17 1 27 0 2 4 2 3 3 1 0.641392 0.000000 
17 1 28 0 1 1 1 2 2 1 0.660265 0.000000 
17 1 29 0 0 0 1 2 2 1 1.318470 0.000000 
17 1 30 0 2 5 2 3 3 1 0.629231 0.000000 
17 1 31 0 2 4 2 3 3 1 0.736686 0.000000 
17 1 32 0 1 3 3 4 4 1 1.023571 0.000000 
17 1 33 0 2 4 0 1 1 1 0.827196 0.000000 
17 1 34 0 2 5 1 2 2 1 1.086813 0.000000 
17 1 35 0 2 4 1 2 2 1 0.655770 0.000000 
17 1 36 1 2 0 0 1 1 1 1.385988 0.000000 
17 1 37 0 2 4 1 2 2 1 0.735028 0.000000 
17 1 38 0 1 3 3 4 4 1 0.732838 0.000000 
17 1 39 0 2 4 3 4 4 1 0.636200 0.000000 
17 1 40 0 1 1 1 2 2 1 2.198709 0.000000 
17 1 41 1 0 3 0 4 1 0 0.939982 0.000000 
17 1 42 1 2 2 0 3 3 1 1.550984 0.000000 
17 1 43 0 0 3 0 1 1 1 1.293030 0.000000 
17 1 44 1 2 0 0 1 1 1 0.797109 0.000000 
17 1 45 0 1 3 3 4 4 1 2.026061 0.000000 
17 1 46 0 1 1 1 2 2 1 0.629981 0.000000 
17 1 47 0 2 4 1 2 2 1 0.681530 0.000000 
17 1 48 0 0 0 1 2 2 1 0.762996 0.000000 
17 1 49 0 2 4 3 4 4 1 1.081258 0.000000 
17 1 50 0 1 2 2 3 3 1 2.098972 0.000000 
17 1 51 0 1 2 2 3 3 1 0.507022 0.000000 
17 1 52 0 1 2 2 3 3 1 0.594713 0.000000 
17 1 53 1 1 3 3 4 4 1 1.007540 0.000000 
17 1 54 0 1 3 3 4 4 1 0.851834 0.000000 
17 1 55 0 0 2 3 4 4 1 0.701996 0.000000 
17 1 56 0 2 5 3 4 4 1 0.454255 0.000000 
17 1 57 0 0 1 2 3 3 1 1.000364 0.000000 
17 1 58 0 0 0 1 2 2 1 0.947672 0.000000 
17 1 59 1 2 3 0 4 4 1 0.906605 0.000000 
17 1 60 1 1 3 3 4 4 1 0.658854 0.000000 
17 1 61 0 0 3 0 1 1 1 1.325050 0.000000 
17 1 62 1 1 1 1 2 2 1 1.012804 0.000000 
17 1 63 1 2 3 0 4 4 1 0.705096 0.000000 
17 1 64 0 2 5 2 3 3 1 0.705302 0.000000 
17 1 65 0 1 2 2 3 3 1 0.689497 0.000000 
17 1 66 0 0 0 1 2 2 1 2.561439 0.000000 
17 1 67 0 0 2 3 4 4 1 0.608207 0.000000 
17 1 68 0 1 3 3 4 4 1 0.484365 0.000000 
17 1 69 0 2 4 3 4 4 1 0.485132 0.000000 
17 1 70 0 1 2 2 3 3 1 0.725882 0.000000 
17 1 71 0 2 4 0 1 1 1 0.981446 0.000000 
17 1 72 0 2 5 3 4 4 1 0.715025 0.000000 
17 1 73 0 2 4 0 1 1 1 0.858249 0.000000 
17 1 74 0 1 1 1 2 2 1 0.748499 0.000000 
17 1 75 0 0 1 2 3 3 1 1.403397 0.000000 
17 1 76 1 1 2 2 3 3 1 1.223836 0.000000 
17 1 77 0 0 2 3 4 4 1 0.515467 0.000000 
17 1 78 0 2 5 2 3 3 1 0.595679 0.000000 
17 1 79 0 1 2 2 3 3 1 0.744446 0.000000 
17 1 80 1 1 0 0 1 1 1 3.374475 0.000000 
17 1 81 1 1 3 3 4 4 1 0.892868 0.000000 
17 1 82 0 2 5 1 2 3 0 0.725803 0.000000 
17 1 83 1 1 2 2 3 3 1 0.801268 0.000000 
17 1 84 0 1 0 0 1 1 1 0.853068 0.000000 
17 1 85 0 2 4 0 1 1 1 0.519306 0.000000 
17 1 86 0 1 3 3 4 4 1 0.766774 0.000000 
17 1 87 0 0 1 2 3 3 1 1.323364 0.000000 
17 1 88 1 1 2 2 3 3 1 0.947017 0.000000 
17 1 89 0 1 1 1 2 2 1 0.786050 0.000000 
17 1 90 0 1 3 3 4 4 1 0.662918 0.000000 
17 1 91 1 1 1 1 2 2 1 1.777040 0.000000 
17 1 92 0 0 3 0 1 1 1 0.751081 0.000000 
17 1 93 0 0 0 1 2 2 1 0.933240 0.000000 
17 1 94 0 0 3 0 1 1 1 1.115194 0.000000 
17 1 95 0 0 1 2 3 3 1 1.243538 0.000000 
17 1 96 1 2 0 0 1 1 1 2.078601 0.000000 
17 1 97 0 1 3 3 4 4 1 0.576616 0.000000 
17 1 98 0 2 5 2 3 3 1 0.590009 0.000000 
17 1 99 0 0 2 3 4 4 1 0.394865 0.000000 
17 1 100 1 1 1 1 2 2 1 1.295662 0.000000 
17 1 101 0 2 4 1 2 2 1 0.871720 0.000000 
17 1 102 0 2 5 0 1 1 1 0.753303 0.000000 
17 1 103 1 1 2 2 3 3 1 0.783489 0.000000 
17 1 104 1 1 3 3 4 4 1 0.812375 0.000000 
17 1 105 0 0 1 2 3 1 0 2.144680 0.000000 
17 1 106 0 0 1 2 3 3 1 1.028006 0.000000 
17 1 107 0 0 0 1 2 2 1 1.263240 0.000000 
17 1 108 0 1 2 2 3 3 1 0.640611 0.000000 
17 1 109 0 0 2 3 4 4 1 1.179443 0.000000 
17 1 110 0 2 5 2 3 3 1 1.537144 0.000000 
17 1 111 0 2 4 3 4 4 1 0.968293 0.000000 
17 1 112 1 2 0 0 1 1 1 1.669954 0.000000 
17 1 113 0 1 3 3 4 4 1 0.583822 0.000000 
17 1 114 0 2 5 3 4 4 1 0.547644 0.000000 
17 1 115 0 0 2 3 4 4 1 0.610415 0.000000 
17 1 116 1 2 0 0 1 1 1 1.702627 0.000000 
17 1 117 1 0 2 3 3 4 0 1.103142 0.000000 
17 1 118 1 2 2 0 3 3 1 1.027449 0.000000 
17 1 119 0 2 4 2 3 3 1 0.678662 0.000000 
17 1 120 0 2 5 3 4 4 1 0.512109 0.000000 
17 1 121 0 2 4 2 3 3 1 0.768279 0.000000 
17 1 122 0 2 5 1 2 2 1 1.020813 0.000000 
17 1 123 0 1 1 1 2 2 1 0.608574 0.000000 
17 1 124 0 1 2 2 3 3 1 3.764730 0.000000 
17 1 125 0 2 4 0 1 1 1 0.675962 0.000000 
17 1 126 1 2 2 0 3 3 1 0.901476 0.000000 
17 1 127 1 0 0 1 1 2 0 0.989748 0.000000 
17 1 128 1 1 2 2 3 3 1 0.781658 0.000000 
17 1 129 1 2 1 0 2 2 1 1.666777 0.000000 
17 1 130 0 1 3 3 4 4 1 0.676653 0.000000 
17 1 131 0 1 3 3 4 4 1 0.550157 0.000000 
17 1 132 1 0 0 1 1 1 1 1.004316 0.000000 
17 1 133 1 0 0 1 1 1 1 0.712618 0.000000 
17 1 134 0 0 3 0 1 1 1 1.104810 0.000000 
17 1 135 0 2 4 3 4 4 1 0.504106 0.000000 
17 1 136 1 2 0 0 1 1 1 0.776260 0.000000 
17 1 137 0 1 3 3 4 4 1 0.445818 0.000000 
17 1 138 0 0 3 0 1 1 1 1.184551 0.000000 
17 1 139 1 1 1 1 2 2 1 1.093570 0.000000 
17 1 140 0 0 1 2 3 3 1 0.742600 0.000000 
17 1 141 0 0 0 1 2 2 1 0.949469 0.000000 
17 1 142 0 0 2 3 4 4 1 0.724182 0.000000 
17 1 143 1 0 2 3 3 3 1 1.042274 0.000000 
17 1 144 0 2 5 3 4 4 1 0.565230 0.000000 
17 1 145 0 1 2 2 3 3 1 0.651370 0.000000 
17 1 146 0 0 2 3 4 4 1 0.453486 0.000000 
17 1 147 0 0 2 3 4 4 1 0.543629 0.000000 
17 1 148 0 1 3 3 4 4 1 0.446417 0.000000 
17 1 149 0 1 3 3 4 4 1 0.465160 0.000000 
17 1 150 0 2 5 3 4 4 1 0.443258 0.000000 
17 1 151 0 2 4 2 3 3 1 0.549019 0.000000 
17 1 152 1 0 3 0 4 4 1 1.651860 0.000000 
17 1 153 0 0 3 0 1 1 1 1.198390 0.000000 
17 1 154 0 2 5 3 4 4 1 0.675397 0.000000 
17 1 155 0 2 4 3 4 4 1 0.492894 0.000000 
17 1 156 0 1 1 1 2 2 1 0.965711 0.000000 
17 1 157 1 1 2 2 3 3 1 0.964323 0.000000 
17 1 158 1 1 0 0 1 1 1 3.105384 0.000000 
17 1 159 0 0 3 0 1 1 1 1.514343 0.000000 
17 1 160 0 2 5 2 3 3 1 0.618838 0.000000 
17 1 161 0 2 4 1 2 2 1 0.974355 0.000000 
17 1 162 1 0 0 1 1 1 1 2.708037 0.000000 
17 1 163 1 1 2 2 3 3 1 0.700903 0.000000 
17 1 164 1 1 3 3 4 4 1 0.860136 0.000000 
17 1 165 0 0 1 2 3 3 1 1.278399 0.000000 
17 1 166 1 1 2 2 3 3 1 1.464110 0.000000 
17 1 167 0 2 4 1 2 2 1 1.026594 0.000000 
17 1 168 0 2 5 0 1 1 1 1.382257 0.000000 
17 1 169 0 0 3 0 1 1 1 0.715949 0.000000 
17 1 170 0 0 1 2 3 3 1 1.180034 0.000000 
17 1 171 0 1 1 1 2 2 1 0.664873 0.000000 
17 1 172 1 0 0 1 1 1 1 0.811003 0.000000 
17 1 173 0 0 0 1 2 2 1 1.071280 0.000000 
17 1 174 1 0 2 3 3 3 1 1.072930 0.000000 
17 1 175 0 0 0 1 2 2 1 1.282636 0.000000 
17 1 176 0 0 1 2 3 3 1 0.676069 0.000000 
17 1 177 1 2 1 0 2 2 1 1.053205 0.000000 
17 1 178 0 0 0 1 2 2 1 0.734523 0.000000 
17 1 179 0 1 0 0 1 1 1 0.613347 0.000000 
17 1 180 0 0 1 2 3 3 1 1.049530 0.000000 
17 1 181 0 0 0 1 2 2 1 1.164044 0.000000 
17 1 182 0 2 5 1 2 2 1 0.850225 0.000000 
17 1 183 0 1 0 0 1 1 1 0.596444 0.000000 
17 1 184 0 0 3 0 1 1 1 0.769269 0.000000 
17 1 185 0 1 1 1 2 2 1 0.734820 0.000000 
17 1 186 1 2 2 0 3 3 1 0.988686 0.000000 
17 1 187 0 0 3 0 1 1 1 0.785617 0.000000 
17 1 188 0 2 5 3 4 4 1 0.686546 0.000000 
17 1 189 0 1 0 0 1 1 1 0.935394 0.000000 
17 1 190 0 0 1 2 3 3 1 2.622390 0.000000 
17 1 191 1 0 0 1 1 1 1 0.970574 0.000000 
17 1 192 0 1 0 0 1 1 1 0.664220 0.000000 
