21 1 1 0 0 2 3 4 0 0 5.000025 0.000000 
21 1 2 0 1 0 0 1 1 1 1.221903 0.000000 
21 1 3 0 1 0 0 1 1 1 0.657190 0.000000 
21 1 4 0 1 3 3 4 4 1 1.155399 0.000000 
21 1 5 0 0 1 2 3 3 1 2.793912 0.000000 
21 1 6 0 2 5 1 2 2 1 0.815359 0.000000 
21 1 7 0 0 1 2 3 3 1 0.915158 0.000000 
21 1 8 0 2 5 3 4 4 1 0.634439 0.000000 
21 1 9 1 0 0 1 1 1 1 2.221410 0.000000 
21 1 10 1 0 3 0 4 4 1 1.737565 0.000000 
21 1 11 0 1 0 0 1 1 1 1.040829 0.000000 
21 1 12 0 2 5 2 3 3 1 1.115911 0.000000 
21 1 13 0 0 0 1 2 2 1 1.763166 0.000000 
21 1 14 0 1 0 0 1 1 1 0.745208 0.000000 
21 1 15 0 1 2 2 3 3 1 0.784172 0.000000 
21 1 16 0 0 1 2 3 3 1 1.645109 0.000000 
21 1 17 0 1 3 3 4 4 1 1.016389 0.000000 
21 1 18 0 1 1 1 2 3 0 1.236099 0.000000 
21 1 19 1 0 2 3 3 4 0 1.515217 0.000000 
21 1 20 0 2 5 0 1 1 1 0.934267 0.000000 
21 1 21 0 2 4 1 2 2 1 1.060636 0.000000 
21 1 22 0 2 5 0 1 1 1 0.654520 0.000000 
21 1 23 0 1 2 2 3 3 1 0.952759 0.000000 
21 1 24 1 2 0 0 1 1 1 0.823055 0.000000 
21 1 25 0 1 1 1 2 2 1 1.818728 0.000000 
21 1 26 0 2 5 2 3 3 1 0.566680 0.000000 
21 1 27 1 0 0 1 1 1 1 1.299194 0.000000 
21 1 28 1 1 0 0 1 1 1 0.772156 0.000000 
21 1 29 0 0 1 2 3 3 1 1.305279 0.000000 
21 1 30 0 2 5 2 3 3 1 0.601741 0.000000 
21 1 31 1 0 2 3 3 3 1 1.933976 0.000000 
21 1 32 1 0 2 3 3 3 1 1.309353 0.000000 
21 1 33 1 1 3 3 4 4 1 1.508800 0.000000 
21 1 34 0 1 1 1 2 3 0 1.853412 0.000000 
21 1 35 0 1 1 1 2 2 1 1.172113 0.000000 
21 1 36 1 1 2 2 3 3 1 0.993347 0.000000 
21 1 37 0 0 2 3 4 4 1 0.998387 0.000000 
21 1 38 0 0 1 2 3 3 1 1.419415 0.000000 
21 1 39 0 2 4 2 3 3 1 0.607216 0.000000 
21 1 40 1 0 1 2 2 2 1 1.530452 0.000000 
21 1 41 0 1 3 3 4 4 1 0.618263 0.000000 
21 1 42 0 1 0 0 1 1 1 0.629863 0.000000 
21 1 43 0 0 3 0 1 1 1 0.593350 0.000000 
21 1 44 0 1 1 1 2 2 1 0.894215 0.000000 
21 1 45 0 1 1 1 2 2 1 0.727188 0.000000 
21 1 46 1 2 2 0 3 3 1 1.381855 0.000000 
21 1 47 0 1 3 3 4 4 1 0.803548 0.000000 
21 1 48 0 1 0 0 1 1 1 0.791909 0.000000 
21 1 49 0 1 0 0 1 1 1 0.572758 0.000000 
21 1 50 1 0 2 3 3 3 1 1.282344 0.000000 
21 1 51 0 2 4 0 1 1 1 0.883934 0.000000 
21 1 52 1 2 0 0 1 1 1 0.964430 0.000000 
21 1 53 0 0 1 2 3 3 1 1.377839 0.000000 
21 1 54 0 0 1 2 3 3 1 0.647596 0.000000 
21 1 55 1 2 3 0 4 4 1 1.018469 0.000000 
21 1 56 0 0 0 1 2 2 1 0.854145 0.000000 
21 1 57 0 2 4 1 2 2 1 0.648442 0.000000 
21 1 58 0 1 3 3 4 4 1 0.771343 0.000000 
21 1 59 0 1 2 2 3 3 1 0.848920 0.000000 
21 1 60 0 0 2 3 4 4 1 1.155880 0.000000 
21 1 61 0 0 2 3 4 4 1 0.937296 0.000000 
21 1 62 1 2 2 0 3 3 1 1.016279 0.000000 
21 1 63 0 0 3 0 1 1 1 0.819964 0.000000 
21 1 64 0 0 2 3 4 4 1 0.735528 0.000000 
21 1 65 0 2 4 1 2 2 1 0.758495 0.000000 
21 1 66 0 0 0 1 2 2 1 1.124695 0.000000 
21 1 67 0 1 0 0 1 1 1 0.764500 0.000000 
21 1 68 0 2 5 1 2 3 0 0.682730 0.000000 
21 1 69 0 0 1 2 3 3 1 1.399109 0.000000 
21 1 70 1 1 0 0 1 1 1 1.283915 0.000000 
21 1 71 1 2 3 0 4 4 1 0.941107 0.000000 
21 1 72 0 1 1 1 2 2 1 1.196126 0.000000 
21 1 73 0 2 4 3 4 4 1 0.777191 0.000000 
21 1 74 1 2 2 0 3 3 1 1.374817 0.000000 
21 1 75 0 1 3 3 4 4 1 0.851643 0.000000 
21 1 76 0 2 5 1 2 3 0 0.677913 0.000000 
21 1 77 0 0 0 1 2 3 0 1.459513 0.000000 
21 1 78 0 0 0 1 2 2 1 0.673564 0.000000 
21 1 79 0 1 3 3 4 4 1 0.554654 0.000000 
21 1 80 0 2 5 3 4 4 1 0.760820 0.000000 
21 1 81 0 2 4 3 4 4 1 0.519057 0.000000 
21 1 82 0 1 2 2 3 3 1 1.261583 0.000000 
21 1 83 0 2 4 2 3 3 1 0.496012 0.000000 
21 1 84 0 1 3 3 4 4 1 0.568812 0.000000 
21 1 85 1 2 1 0 2 2 1 1.622381 0.000000 
21 1 86 1 1 2 2 3 3 1 1.170275 0.000000 
21 1 87 0 2 4 3 4 4 1 0.607959 0.000000 
21 1 88 0 1 2 2 3 3 1 0.940228 0.000000 
21 1 89 0 0 1 2 3 3 1 0.507189 0.000000 
21 1 90 0 1 2 2 3 3 1 0.498361 0.000000 
21 1 91 0 1 0 0 1 1 1 0.771189 0.000000 
21 1 92 0 2 5 0 1 1 1 0.808772 0.000000 
21 1 93 0 2 4 3 4 4 1 0.613000 0.000000 
21 1 94 0 1 0 0 1 1 1 0.649227 0.000000 
21 1 95 1 0 2 3 3 3 1 1.387966 0.000000 
21 1 96 0 1 3 3 4 4 1 0.873266 0.000000 
21 1 97 0 1 1 1 2 2 1 0.729914 0.000000 
21 1 98 0 2 5 0 1 3 0 0.849483 0.000000 
21 1 99 0 0 1 2 3 3 1 1.199989 0.000000 
21 1 100 0 2 5 2 3 3 1 0.700387 0.000000 
21 1 101 0 1 1 1 2 2 1 0.636601 0.000000 
21 1 102 1 0 2 3 3 4 0 1.103455 0.000000 
21 1 103 0 0 1 2 3 3 1 1.643004 0.000000 
21 1 104 0 2 5 1 2 2 1 0.869690 0.000000 
21 1 105 0 2 4 0 1 1 1 0.839317 0.000000 
21 1 106 0 1 2 2 3 3 1 1.106310 0.000000 
21 1 107 1 0 3 0 4 4 1 0.890680 0.000000 
21 1 108 0 2 5 2 3 3 1 0.931722 0.000000 
21 1 109 0 2 4 1 2 2 1 0.723312 0.000000 
21 1 110 0 2 5 0 1 1 1 0.578879 0.000000 
21 1 111 1 0 3 0 4 4 1 0.775424 0.000000 
21 1 112 1 0 0 1 1 1 1 0.956970 0.000000 
21 1 113 0 0 2 3 4 4 1 0.907325 0.000000 
21 1 114 0 2 5 2 3 3 1 0.971648 0.000000 
21 1 115 0 1 0 0 1 1 1 0.601289 0.000000 
21 1 116 0 1 1 1 2 2 1 0.797514 0.000000 
21 1 117 1 1 3 3 4 4 1 0.922455 0.000000 
21 1 118 0 0 1 2 3 3 1 0.890093 0.000000 
21 1 119 0 0 2 3 4 4 1 0.778024 0.000000 
21 1 120 1 2 0 0 1 1 1 0.807648 0.000000 
21 1 121 0 0 2 3 4 4 1 1.027928 0.000000 
21 1 122 0 0 0 1 2 2 1 0.775531 0.000000 
21 1 123 0 1 3 3 4 4 1 0.693137 0.000000 
21 1 124 1 0 0 1 1 1 1 1.014079 0.000000 
21 1 125 1 0 0 1 1 1 1 0.746427 0.000000 
21 1 126 1 0 1 2 2 2 1 1.880369 0.000000 
21 1 127 0 1 3 3 4 4 1 0.714406 0.000000 
21 1 128 0 1 3 3 4 4 1 0.730620 0.000000 
21 1 129 0 2 4 3 4 4 1 0.498182 0.000000 
21 1 130 0 0 2 3 4 4 1 0.658939 0.000000 
21 1 131 1 2 3 0 4 1 0 0.941140 0.000000 
21 1 132 0 2 5 3 4 4 1 0.688208 0.000000 
21 1 133 0 0 0 1 2 2 1 1.271670 0.000000 
21 1 134 0 1 0 0 1 1 1 0.849433 0.000000 
21 1 135 1 0 0 1 1 1 1 0.867961 0.000000 
21 1 136 1 1 0 0 1 1 1 0.669347 0.000000 
21 1 137 0 1 0 0 1 1 1 0.534881 0.000000 
21 1 138 0 2 5 2 3 2 0 0.901745 0.000000 
21 1 139 0 1 3 3 4 4 1 0.930078 0.000000 
21 1 140 0 1 2 2 3 3 1 1.033250 0.000000 
21 1 141 1 0 3 0 4 4 1 0.963282 0.000000 
21 1 142 0 0 0 1 2 2 1 0.889615 0.000000 
21 1 143 1 1 0 0 1 1 1 0.762575 0.000000 
21 1 144 0 0 2 3 4 4 1 1.160871 0.000000 
21 1 145 0 0 0 1 2 2 1 0.951253 0.000000 
21 1 146 0 0 1 2 3 3 1 0.877592 0.000000 
21 1 147 0 2 4 3 4 4 1 0.575196 0.000000 
21 1 148 0 1 0 0 1 1 1 0.739685 0.000000 
21 1 149 0 2 4 2 3 3 1 0.714635 0.000000 
21 1 150 0 2 5 1 2 2 1 0.778808 0.000000 
21 1 151 0 2 4 0 1 1 1 0.696450 0.000000 
21 1 152 0 0 1 2 3 3 1 1.177357 0.000000 
21 1 153 0 2 4 3 4 4 1 0.647093 0.000000 
21 1 154 0 2 5 3 4 4 1 0.593969 0.000000 
21 1 155 1 2 3 0 4 4 1 0.925846 0.000000 
21 1 156 1 0 1 2 2 2 1 1.045471 0.000000 
21 1 157 0 0 2 3 4 4 1 0.752500 0.000000 
21 1 158 0 2 5 3 4 4 1 0.526688 0.000000 
21 1 159 0 0 2 3 4 4 1 0.654243 0.000000 
21 1 160 0 2 5 2 3 3 1 1.232488 0.000000 
21 1 161 0 2 4 3 4 4 1 0.460032 0.000000 
21 1 162 0 1 0 0 1 1 1 0.701706 0.000000 
21 1 163 0 1 2 2 3 3 1 0.948943 0.000000 
21 1 164 0 1 0 0 1 1 1 0.531880 0.000000 
21 1 165 0 0 3 0 1 1 1 1.275434 0.000000 
21 1 166 0 2 5 3 4 4 1 0.493204 0.000000 
21 1 167 1 2 3 0 4 4 1 1.014031 0.000000 
21 1 168 0 0 3 0 1 1 1 0.898370 0.000000 
21 1 169 0 1 0 0 1 1 1 0.523340 0.000000 
21 1 170 0 0 3 0 1 1 1 1.017868 0.000000 
21 1 171 1 2 3 0 4 4 1 0.757511 0.000000 
21 1 172 1 1 0 0 1 1 1 0.843717 0.000000 
21 1 173 0 0 2 3 4 4 1 0.926735 0.000000 
21 1 174 1 2 2 0 3 3 1 1.510408 0.000000 
21 1 175 0 2 4 2 3 3 1 0.862940 0.000000 
21 1 176 0 1 1 1 2 2 1 0.729174 0.000000 
21 1 177 0 2 4 1 2 2 1 0.544781 0.000000 
21 1 178 1 1 1 1 2 2 1 0.598573 0.000000 
21 1 179 1 1 0 0 1 1 1 0.635468 0.000000 
21 1 180 1 2 0 0 1 1 1 0.686345 0.000000 
21 1 181 0 1 3 3 4 4 1 0.567246 0.000000 
21 1 182 0 0 2 3 4 4 1 1.156775 0.000000 
21 1 183 0 0 3 0 1 1 1 0.963178 0.000000 
21 1 184 1 0 3 0 4 4 1 1.137492 0.000000 
21 1 185 0 2 4 1 2 2 1 0.879591 0.000000 
21 1 186 1 2 2 0 3 3 1 1.473223 0.000000 
21 1 187 0 2 4 0 1 1 1 0.763083 0.000000 
21 1 188 0 1 2 2 3 2 0 1.177349 0.000000 
21 1 189 0 2 4 1 2 2 1 0.603084 0.000000 
21 1 190 1 2 2 0 3 3 1 1.470806 0.000000 
21 1 191 0 0 0 1 2 2 1 1.552710 0.000000 
21 1 192 0 1 3 3 4 4 1 0.550258 0.000000 
21 1 1 0 1 1 1 2 2 1 1.118199 0.000000 
21 1 2 0 0 1 2 3 3 1 1.221699 0.000000 
21 1 3 0 0 2 3 4 4 1 0.937441 0.000000 
21 1 4 0 2 5 1 2 2 1 0.647276 0.000000 
21 1 5 0 0 0 1 2 2 1 0.833664 0.000000 
21 1 6 0 0 0 1 2 2 1 0.780610 0.000000 
21 1 7 0 1 1 1 2 2 1 0.578201 0.000000 
21 1 8 0 0 3 0 1 1 1 0.855712 0.000000 
21 1 9 0 2 4 3 4 4 1 0.569827 0.000000 
21 1 10 0 0 1 2 3 3 1 0.934875 0.000000 
21 1 11 0 2 4 2 3 3 1 0.613841 0.000000 
21 1 12 1 1 2 2 3 3 1 1.088993 0.000000 
21 1 13 0 0 0 1 2 2 1 0.810051 0.000000 
21 1 14 0 2 5 0 1 1 1 0.678349 0.000000 
21 1 15 0 0 0 1 2 2 1 0.775916 0.000000 
21 1 16 0 2 5 1 2 2 1 0.581512 0.000000 
21 1 17 0 0 3 0 1 1 1 1.835071 0.000000 
21 1 18 1 0 1 2 2 2 1 1.253434 0.000000 
21 1 19 1 2 3 0 4 4 1 1.111845 0.000000 
21 1 20 0 2 5 0 1 1 1 0.632206 0.000000 
21 1 21 0 1 2 2 3 3 1 0.707688 0.000000 
21 1 22 0 0 3 0 1 1 1 1.155995 0.000000 
21 1 23 0 0 1 2 3 3 1 1.530446 0.000000 
21 1 24 0 0 3 0 1 1 1 1.178307 0.000000 
21 1 25 0 2 4 2 3 3 1 0.648029 0.000000 
21 1 26 0 2 5 2 3 3 1 0.641923 0.000000 
21 1 27 1 1 2 2 3 3 1 0.884687 0.000000 
21 1 28 0 1 0 0 1 1 1 0.709750 0.000000 
21 1 29 0 2 4 2 3 3 1 0.589981 0.000000 
21 1 30 0 1 0 0 1 1 1 0.818859 0.000000 
21 1 31 1 0 1 2 2 3 0 1.990497 0.000000 
21 1 32 0 2 5 0 1 1 1 0.863894 0.000000 
21 1 33 0 0 2 3 4 4 1 0.680677 0.000000 
21 1 34 0 2 5 1 2 2 1 0.602287 0.000000 
21 1 35 0 2 4 1 2 2 1 0.782388 0.000000 
21 1 36 0 0 2 3 4 4 1 0.700004 0.000000 
21 1 37 0 2 4 1 2 2 1 0.636284 0.000000 
21 1 38 0 2 5 3 4 4 1 0.671169 0.000000 
21 1 39 0 2 4 1 2 2 1 0.624635 0.000000 
21 1 40 1 2 0 0 1 1 1 1.308253 0.000000 
21 1 41 0 2 4 3 4 4 1 0.691655 0.000000 
21 1 42 0 0 2 3 4 4 1 0.652587 0.000000 
21 1 43 0 2 4 3 4 4 1 0.494793 0.000000 
21 1 44 0 0 2 3 4 4 1 0.463601 0.000000 
21 1 45 0 1 3 3 4 4 1 0.457758 0.000000 
21 1 46 1 1 0 0 1 1 1 0.843867 0.000000 
21 1 47 0 2 4 2 3 3 1 0.630805 0.000000 
21 1 48 0 2 5 3 4 4 1 0.578330 0.000000 
21 1 49 0 0 0 1 2 2 1 0.870858 0.000000 
21 1 50 0 1 2 2 3 3 1 0.552435 0.000000 
21 1 51 0 2 4 0 1 1 1 0.654663 0.000000 
21 1 52 0 1 3 3 4 4 1 0.560889 0.000000 
21 1 53 1 0 0 1 1 1 1 1.223054 0.000000 
21 1 54 0 1 1 1 2 2 1 0.986850 0.000000 
21 1 55 0 0 0 1 2 2 1 0.543823 0.000000 
21 1 56 1 2 0 0 1 1 1 0.581685 0.000000 
21 1 57 1 2 1 0 2 2 1 0.723148 0.000000 
21 1 58 0 0 2 3 4 4 1 0.650733 0.000000 
21 1 59 1 2 3 0 4 4 1 1.260970 0.000000 
21 1 60 0 1 3 3 4 4 1 0.471402 0.000000 
21 1 61 0 1 1 1 2 2 1 0.560877 0.000000 
21 1 62 0 2 5 3 4 4 1 0.759044 0.000000 
21 1 63 0 2 4 0 1 1 1 0.917318 0.000000 
21 1 64 0 0 0 1 2 2 1 0.827979 0.000000 
21 1 65 1 2 1 0 2 2 1 0.807557 0.000000 
21 1 66 1 0 1 2 2 2 1 0.763840 0.000000 
21 1 67 1 2 3 0 4 4 1 0.914093 0.000000 
21 1 68 0 0 2 3 4 4 1 0.506400 0.000000 
21 1 69 1 0 0 1 1 1 1 1.186570 0.000000 
21 1 70 1 2 2 0 3 3 1 0.847635 0.000000 
21 1 71 0 1 3 3 4 4 1 0.570595 0.000000 
21 1 72 0 2 5 2 3 3 1 0.743065 0.000000 
21 1 73 0 0 1 2 3 3 1 0.534020 0.000000 
21 1 74 1 0 2 3 3 3 1 0.940854 0.000000 
21 1 75 0 2 4 1 2 2 1 0.787831 0.000000 
21 1 76 0 0 3 0 1 4 0 0.776786 0.000000 
21 1 77 0 0 3 0 1 1 1 1.042402 0.000000 
21 1 78 0 1 3 3 4 4 1 0.876963 0.000000 
21 1 79 0 0 1 2 3 3 1 0.893532 0.000000 
21 1 80 0 2 5 0 1 1 1 1.014567 0.000000 
21 1 81 0 2 4 2 3 3 1 0.786833 0.000000 
21 1 82 0 0 2 3 4 4 1 0.807844 0.000000 
21 1 83 0 2 4 1 2 2 1 0.684099 0.000000 
21 1 84 0 1 1 1 2 2 1 0.669001 0.000000 
21 1 85 0 1 0 0 1 1 1 0.710561 0.000000 
21 1 86 1 0 0 1 1 1 1 1.086791 0.000000 
21 1 87 0 2 4 0 1 1 1 0.726817 0.000000 
21 1 88 0 1 2 2 3 3 1 0.814397 0.000000 
21 1 89 0 2 4 2 3 3 1 0.562632 0.000000 
21 1 90 1 2 2 0 3 3 1 1.040847 0.000000 
21 1 91 1 2 3 0 4 4 1 0.819868 0.000000 
21 1 92 1 1 2 2 3 3 1 0.703467 0.000000 
21 1 93 0 2 4 3 4 4 1 0.719725 0.000000 
21 1 94 0 2 5 3 4 4 1 0.486325 0.000000 
21 1 95 0 0 0 1 2 2 1 1.119139 0.000000 
21 1 96 1 1 0 0 1 1 1 1.502866 0.000000 
21 1 97 1 2 1 0 2 2 1 0.935375 0.000000 
21 1 98 0 1 2 2 3 3 1 0.670326 0.000000 
21 1 99 0 0 1 2 3 3 1 1.239977 0.000000 
21 1 100 0 0 0 1 2 2 1 0.763025 0.000000 
21 1 101 0 1 2 2 3 3 1 0.640336 0.000000 
21 1 102 0 0 2 3 4 4 1 0.635109 0.000000 
21 1 103 0 1 3 3 4 4 1 0.470031 0.000000 
21 1 104 0 1 0 0 1 1 1 1.295550 0.000000 
21 1 105 0 2 4 2 3 3 1 0.672578 0.000000 
21 1 106 1 1 2 2 3 3 1 0.786183 0.000000 
21 1 107 1 2 3 0 4 4 1 0.999128 0.000000 
21 1 108 0 2 5 3 4 4 1 0.483946 0.000000 
21 1 109 0 1 0 0 1 1 1 0.828283 0.000000 
21 1 110 0 2 5 2 3 3 1 0.542890 0.000000 
21 1 111 1 2 3 0 4 4 1 0.661729 0.000000 
21 1 112 0 0 0 1 2 2 1 0.639953 0.000000 
21 1 113 1 2 1 0 2 2 1 0.986854 0.000000 
21 1 114 0 0 1 2 3 3 1 0.815826 0.000000 
21 1 115 0 2 4 1 2 2 1 0.739970 0.000000 
21 1 116 0 0 1 2 3 3 1 0.786063 0.000000 
21 1 117 0 2 4 0 1 1 1 0.958959 0.000000 
21 1 118 1 0 1 2 2 2 1 0.653255 0.000000 
21 1 119 1 0 1 2 2 2 1 1.079483 0.000000 
21 1 120 0 1 2 2 3 3 1 0.569181 0.000000 
21 1 121 0 1 0 0 1 1 1 0.646710 0.000000 
21 1 122 0 1 0 0 1 1 1 0.585573 0.000000 
21 1 123 0 1 1 1 2 2 1 0.654436 0.000000 
21 1 124 1 0 2 3 3 3 1 1.208670 0.000000 
21 1 125 0 1 3 3 4 4 1 0.636059 0.000000 
21 1 126 0 0 1 2 3 3 1 0.934972 0.000000 
21 1 127 0 0 2 3 4 4 1 0.797945 0.000000 
21 1 128 1 0 0 1 1 1 1 1.090879 0.000000 
21 1 129 1 0 2 3 3 3 1 0.747913 0.000000 
21 1 130 0 2 5 3 4 4 1 0.530841 0.000000 
21 1 131 1 0 0 1 1 1 1 0.786320 0.000000 
21 1 132 0 1 0 0 1 1 1 0.638258 0.000000 
21 1 133 0 0 1 2 3 3 1 0.777142 0.000000 
21 1 134 0 1 1 1 2 2 1 0.742746 0.000000 
21 1 135 1 2 3 0 4 1 0 0.621623 0.000000 
21 1 136 0 2 5 3 4 4 1 0.485167 0.000000 
21 1 137 1 2 1 0 2 2 1 1.245542 0.000000 
21 1 138 0 2 5 3 4 4 1 0.568650 0.000000 
21 1 139 1 0 3 0 4 4 1 0.870156 0.000000 
21 1 140 1 0 0 1 1 1 1 0.950780 0.000000 
21 1 141 0 1 2 2 3 3 1 0.597103 0.000000 
21 1 142 0 1 2 2 3 3 1 0.857935 0.000000 
21 1 143 0 0 3 0 1 1 1 1.492260 0.000000 
21 1 144 0 1 0 0 1 1 1 0.509397 0.000000 
21 1 145 1 2 1 0 2 2 1 0.781556 0.000000 
21 1 146 0 1 1 1 2 2 1 0.651234 0.000000 
21 1 147 0 0 1 2 3 3 1 0.733426 0.000000 
21 1 148 0 2 5 2 3 3 1 0.659318 0.000000 
21 1 149 1 1 3 3 4 4 1 0.589514 0.000000 
21 1 150 0 1 0 0 1 1 1 0.554369 0.000000 
21 1 151 1 1 0 0 1 1 1 0.696550 0.000000 
21 1 152 0 1 0 0 1 1 1 0.553457 0.000000 
21 1 153 0 2 4 3 4 4 1 0.527604 0.000000 
21 1 154 0 1 0 0 1 1 1 0.735121 0.000000 
21 1 155 0 0 1 2 3 3 1 0.774019 0.000000 
21 1 156 1 1 3 3 4 4 1 0.882613 0.000000 
21 1 157 0 0 1 2 3 3 1 0.708066 0.000000 
21 1 158 0 0 0 1 2 2 1 0.827790 0.000000 
21 1 159 0 1 2 2 3 3 1 0.575421 0.000000 
21 1 160 0 1 2 2 3 3 1 0.524940 0.000000 
21 1 161 1 1 2 2 3 3 1 0.620384 0.000000 
21 1 162 0 1 1 1 2 2 1 0.527951 0.000000 
21 1 163 1 0 2 3 3 4 0 0.599388 0.000000 
21 1 164 0 2 5 3 4 4 1 0.599073 0.000000 
21 1 165 0 1 2 2 3 3 1 0.611697 0.000000 
21 1 166 0 0 3 0 1 1 1 1.103930 0.000000 
21 1 167 0 1 3 3 4 4 1 0.632280 0.000000 
21 1 168 1 0 3 0 4 3 0 0.915828 0.000000 
21 1 169 0 2 4 2 3 3 1 0.816138 0.000000 
21 1 170 0 0 3 0 1 1 1 1.451994 0.000000 
21 1 171 0 0 3 0 1 1 1 0.813477 0.000000 
21 1 172 0 1 0 0 1 1 1 0.529778 0.000000 
21 1 173 0 1 3 3 4 4 1 0.529249 0.000000 
21 1 174 0 1 3 3 4 4 1 0.448729 0.000000 
21 1 175 0 1 0 0 1 1 1 0.547548 0.000000 
21 1 176 0 1 1 1 2 2 1 0.610349 0.000000 
21 1 177 0 2 4 1 2 2 1 0.518535 0.000000 
21 1 178 1 1 3 3 4 4 1 0.917075 0.000000 
21 1 179 0 2 4 1 2 2 1 0.988696 0.000000 
21 1 180 1 2 0 0 1 1 1 0.641659 0.000000 
21 1 181 0 1 0 0 1 2 0 0.556515 0.000000 
21 1 182 0 2 5 0 1 2 0 0.630757 0.000000 
21 1 183 0 1 2 2 3 3 1 0.653820 0.000000 
21 1 184 0 1 0 0 1 1 1 0.743561 0.000000 
21 1 185 0 1 0 0 1 1 1 0.742484 0.000000 
21 1 186 1 0 3 0 4 4 1 1.004368 0.000000 
21 1 187 0 0 2 3 4 4 1 1.184769 0.000000 
21 1 188 0 1 3 3 4 4 1 0.533823 0.000000 
21 1 189 0 1 3 3 4 4 1 0.460617 0.000000 
21 1 190 0 1 2 2 3 3 1 0.614788 0.000000 
21 1 191 0 0 0 1 2 2 1 0.675010 0.000000 
21 1 192 1 1 0 0 1 1 1 0.780549 0.000000 
