25 1 1 0 1 0 0 1 1 1 1.533363 0.000000 
25 1 2 1 0 0 2 1 3 0 0.796315 0.000000 
25 1 3 0 1 3 3 4 4 1 0.740574 0.000000 
25 1 4 0 0 0 2 3 3 1 1.275102 0.000000 
25 1 5 0 1 1 1 2 2 1 0.851805 0.000000 
25 1 6 0 2 5 1 2 2 1 1.093981 0.000000 
25 1 7 0 1 3 3 4 4 1 0.982535 0.000000 
25 1 8 1 1 0 0 1 1 1 1.484080 0.000000 
25 1 9 0 2 4 3 4 4 1 0.700575 0.000000 
25 1 10 0 0 3 1 2 4 0 0.908341 0.000000 
25 1 11 1 1 2 2 3 3 1 1.688705 0.000000 
25 1 12 0 0 1 3 4 4 1 1.216505 0.000000 
25 1 13 0 0 0 2 3 3 1 1.420284 0.000000 
25 1 14 0 2 5 2 3 3 1 0.848116 0.000000 
25 1 15 0 2 4 0 1 1 1 1.195074 0.000000 
25 1 16 0 0 3 1 2 2 1 1.088182 0.000000 
25 1 17 1 1 1 1 2 2 1 1.441231 0.000000 
25 1 18 0 1 2 2 3 3 1 1.363426 0.000000 
25 1 19 0 1 2 2 3 3 1 0.729884 0.000000 
25 1 20 1 0 2 0 3 3 1 1.633443 0.000000 
25 1 21 0 2 4 1 2 2 1 0.804722 0.000000 
25 1 22 0 0 3 1 2 2 1 0.600977 0.000000 
25 1 23 0 0 2 0 1 1 1 0.613191 0.000000 
25 1 24 0 0 3 1 2 2 1 1.056496 0.000000 
25 1 25 0 0 1 3 4 4 1 0.498737 0.000000 
25 1 26 0 0 2 0 1 1 1 0.907583 0.000000 
25 1 27 0 0 3 1 2 2 1 0.699890 0.000000 
25 1 28 0 2 5 0 1 1 1 0.756116 0.000000 
25 1 29 0 2 4 2 3 3 1 0.898372 0.000000 
25 1 30 0 0 1 3 4 4 1 1.355395 0.000000 
25 1 31 1 2 3 0 4 4 1 0.897828 0.000000 
25 1 32 0 2 5 2 3 3 1 1.337824 0.000000 
25 1 33 0 0 2 0 1 1 1 1.272976 0.000000 
25 1 34 0 1 1 1 2 2 1 0.602748 0.000000 
25 1 35 0 0 3 1 2 2 1 1.070955 0.000000 
25 1 36 1 2 0 0 1 1 1 1.256667 0.000000 
25 1 37 0 2 4 2 3 3 1 1.115123 0.000000 
25 1 38 0 0 3 1 2 2 1 0.827507 0.000000 
25 1 39 1 2 3 0 4 1 0 1.094086 0.000000 
25 1 40 1 0 1 3 2 2 1 1.667231 0.000000 
25 1 41 1 0 0 2 1 1 1 1.156671 0.000000 
25 1 42 0 0 2 0 1 1 1 1.123002 0.000000 
25 1 43 0 1 1 1 2 2 1 0.642791 0.000000 
25 1 44 0 2 5 0 1 1 1 0.893667 0.000000 
25 1 45 0 0 0 2 3 3 1 1.438685 0.000000 
25 1 46 0 0 1 3 4 4 1 1.072832 0.000000 
25 1 47 1 1 3 3 4 4 1 1.066549 0.000000 
25 1 48 0 0 1 3 4 4 1 0.644252 0.000000 
25 1 49 1 0 3 1 4 4 1 1.111152 0.000000 
25 1 50 0 0 3 1 2 2 1 0.847528 0.000000 
25 1 51 0 1 2 2 3 3 1 0.858475 0.000000 
25 1 52 0 2 5 1 2 2 1 0.748797 0.000000 
25 1 53 0 2 4 1 2 2 1 0.770661 0.000000 
25 1 54 0 0 2 0 1 1 1 0.672262 0.000000 
25 1 55 1 2 3 0 4 4 1 0.953816 0.000000 
25 1 56 0 1 2 2 3 3 1 0.872168 0.000000 
25 1 57 0 1 2 2 3 3 1 0.473764 0.000000 
25 1 58 0 0 3 1 2 2 1 0.963266 0.000000 
25 1 59 0 0 1 3 4 4 1 0.729576 0.000000 
25 1 60 1 2 0 0 1 1 1 0.888174 0.000000 
25 1 61 1 0 0 2 1 1 1 0.913119 0.000000 
25 1 62 0 2 5 1 2 2 1 0.801449 0.000000 
25 1 63 1 1 2 2 3 3 1 1.509725 0.000000 
25 1 64 0 1 1 1 2 2 1 0.718264 0.000000 
25 1 65 0 2 4 3 4 4 1 0.517813 0.000000 
25 1 66 1 0 1 3 2 2 1 1.309350 0.000000 
25 1 67 0 1 3 3 4 4 1 0.621770 0.000000 
25 1 68 1 1 3 3 4 4 1 0.840301 0.000000 
25 1 69 0 1 0 0 1 1 1 0.675284 0.000000 
25 1 70 1 0 0 2 1 1 1 1.220808 0.000000 
25 1 71 0 2 4 1 2 2 1 0.824601 0.000000 
25 1 72 0 2 5 3 4 4 1 0.748204 0.000000 
25 1 73 1 2 1 0 2 2 1 1.067115 0.000000 
25 1 74 0 2 5 3 4 4 1 0.732835 0.000000 
25 1 75 0 2 4 2 3 3 1 1.050940 0.000000 
25 1 76 0 1 2 2 3 3 1 0.725109 0.000000 
25 1 77 1 0 0 2 1 1 1 0.908681 0.000000 
25 1 78 0 0 2 0 1 1 1 0.933007 0.000000 
25 1 79 0 2 4 3 4 4 1 0.675980 0.000000 
25 1 80 0 1 1 1 2 2 1 0.669538 0.000000 
25 1 81 1 0 2 0 3 3 1 1.135041 0.000000 
25 1 82 0 2 5 0 1 1 1 1.101138 0.000000 
25 1 83 0 1 0 0 1 1 1 0.493538 0.000000 
25 1 84 1 1 3 3 4 4 1 0.878350 0.000000 
25 1 85 1 1 0 0 1 1 1 0.847988 0.000000 
25 1 86 0 0 1 3 4 4 1 1.082957 0.000000 
25 1 87 0 2 4 3 4 4 1 0.699997 0.000000 
25 1 88 0 1 2 2 3 3 1 0.604222 0.000000 
25 1 89 0 0 0 2 3 3 1 0.472423 0.000000 
25 1 90 0 0 2 0 1 1 1 0.896870 0.000000 
25 1 91 1 2 3 0 4 4 1 0.817838 0.000000 
25 1 92 0 0 1 3 4 4 1 0.989483 0.000000 
25 1 93 0 0 0 2 3 3 1 1.298517 0.000000 
25 1 94 0 1 0 0 1 1 1 0.819645 0.000000 
25 1 95 0 1 2 2 3 3 1 0.663226 0.000000 
25 1 96 0 2 5 0 1 1 1 0.745446 0.000000 
25 1 97 0 1 3 3 4 4 1 0.575324 0.000000 
25 1 98 0 2 5 2 3 3 1 0.932878 0.000000 
25 1 99 1 1 1 1 2 2 1 1.188069 0.000000 
25 1 100 0 2 5 1 2 2 1 0.736951 0.000000 
25 1 101 0 1 1 1 2 2 1 0.615847 0.000000 
25 1 102 0 1 3 3 4 4 1 1.115998 0.000000 
25 1 103 0 1 1 1 2 2 1 0.611987 0.000000 
25 1 104 0 1 1 1 2 2 1 0.480175 0.000000 
25 1 105 1 2 1 0 2 1 0 0.640395 0.000000 
25 1 106 0 2 5 0 1 1 1 0.567292 0.000000 
25 1 107 1 0 0 2 1 1 1 1.052312 0.000000 
25 1 108 0 0 1 3 4 4 1 1.102728 0.000000 
25 1 109 0 1 3 3 4 4 1 0.535091 0.000000 
25 1 110 1 2 2 0 3 3 1 1.021941 0.000000 
25 1 111 0 2 4 2 3 3 1 0.848718 0.000000 
25 1 112 0 2 5 1 2 2 1 0.668586 0.000000 
25 1 113 0 1 1 1 2 2 1 0.829150 0.000000 
25 1 114 0 2 5 0 1 1 1 0.640740 0.000000 
25 1 115 1 0 1 3 2 2 1 1.299652 0.000000 
25 1 116 0 1 3 3 4 4 1 0.684029 0.000000 
25 1 117 1 1 0 0 1 1 1 0.748962 0.000000 
25 1 118 0 0 2 0 1 1 1 1.011876 0.000000 
25 1 119 0 0 1 3 4 4 1 0.832276 0.000000 
25 1 120 0 2 5 2 3 3 1 0.794846 0.000000 
25 1 121 1 1 1 1 2 2 1 1.015780 0.000000 
25 1 122 0 2 5 3 4 4 1 0.683944 0.000000 
25 1 123 0 2 4 3 4 4 1 0.428353 0.000000 
25 1 124 0 0 2 0 1 3 0 0.607816 0.000000 
25 1 125 0 1 1 1 2 2 1 0.728024 0.000000 
25 1 126 0 0 2 0 1 1 1 0.902214 0.000000 
25 1 127 0 1 0 0 1 1 1 0.726384 0.000000 
25 1 128 0 2 5 2 3 3 1 0.798030 0.000000 
25 1 129 0 0 1 3 4 4 1 1.090964 0.000000 
25 1 130 0 1 3 3 4 4 1 0.507997 0.000000 
25 1 131 0 0 2 0 1 1 1 0.860164 0.000000 
25 1 132 0 1 0 0 1 1 1 0.526431 0.000000 
25 1 133 1 0 1 3 2 2 1 1.021885 0.000000 
25 1 134 0 2 5 3 4 4 1 0.785594 0.000000 
25 1 135 1 0 3 1 4 4 1 1.141528 0.000000 
25 1 136 1 1 3 3 4 4 1 0.884593 0.000000 
25 1 137 0 2 4 2 3 3 1 1.165603 0.000000 
25 1 138 0 1 3 3 4 4 1 0.699631 0.000000 
25 1 139 0 1 0 0 1 1 1 0.548205 0.000000 
25 1 140 0 2 5 1 2 2 1 0.955066 0.000000 
25 1 141 0 2 4 0 1 1 1 2.025461 0.000000 
25 1 142 0 2 5 3 4 4 1 0.628457 0.000000 
25 1 143 0 2 4 3 4 4 1 0.528005 0.000000 
25 1 144 0 1 1 1 2 2 1 0.735500 0.000000 
25 1 145 0 2 4 3 4 4 1 0.662401 0.000000 
25 1 146 1 0 2 0 3 3 1 1.016621 0.000000 
25 1 147 0 0 3 1 2 2 1 0.996334 0.000000 
25 1 148 0 1 2 2 3 3 1 0.689333 0.000000 
25 1 149 0 1 2 2 3 3 1 0.610219 0.000000 
25 1 150 0 2 5 2 3 3 1 0.581384 0.000000 
25 1 151 0 0 3 1 2 2 1 1.050944 0.000000 
25 1 152 0 1 1 1 2 2 1 0.893299 0.000000 
25 1 153 0 2 4 3 4 4 1 0.566257 0.000000 
25 1 154 0 0 3 1 2 2 1 1.044026 0.000000 
25 1 155 0 0 3 1 2 2 1 0.798814 0.000000 
25 1 156 0 2 5 3 4 4 1 0.587759 0.000000 
25 1 157 0 2 4 2 3 3 1 0.663577 0.000000 
25 1 158 1 0 1 3 2 2 1 0.953798 0.000000 
25 1 159 0 1 0 0 1 1 1 0.672124 0.000000 
25 1 160 0 0 3 1 2 2 1 0.945627 0.000000 
25 1 161 0 1 0 0 1 1 1 0.624666 0.000000 
25 1 162 0 1 0 0 1 1 1 0.500195 0.000000 
25 1 163 0 1 1 1 2 2 1 0.700352 0.000000 
25 1 164 1 1 2 2 3 3 1 0.892576 0.000000 
25 1 165 0 1 1 1 2 2 1 1.228585 0.000000 
25 1 166 1 2 2 0 3 3 1 1.576351 0.000000 
25 1 167 1 2 3 0 4 4 1 1.230230 0.000000 
25 1 168 0 2 5 1 2 2 1 1.258035 0.000000 
25 1 169 1 1 1 1 2 2 1 1.156448 0.000000 
25 1 170 1 0 1 3 2 4 0 1.114893 0.000000 
25 1 171 1 1 3 3 4 4 1 1.430012 0.000000 
25 1 172 0 1 3 3 4 4 1 0.905669 0.000000 
25 1 173 1 2 1 0 2 2 1 1.706013 0.000000 
25 1 174 1 2 2 0 3 3 1 1.034593 0.000000 
25 1 175 0 1 0 0 1 1 1 0.661632 0.000000 
25 1 176 0 1 1 1 2 2 1 0.775857 0.000000 
25 1 177 0 1 2 2 3 3 1 0.709451 0.000000 
25 1 178 0 2 5 1 2 2 1 0.948635 0.000000 
25 1 179 0 2 4 0 1 1 1 0.691695 0.000000 
25 1 180 0 1 2 2 3 3 1 1.028551 0.000000 
25 1 181 0 0 0 2 3 3 1 1.528305 0.000000 
25 1 182 0 0 0 2 3 3 1 0.584126 0.000000 
25 1 183 0 0 1 3 4 4 1 0.956996 0.000000 
25 1 184 0 2 5 1 2 2 1 1.131360 0.000000 
25 1 185 0 2 4 3 4 4 1 0.674041 0.000000 
25 1 186 0 0 1 3 4 4 1 1.147627 0.000000 
25 1 187 0 0 0 2 3 3 1 0.858683 0.000000 
25 1 188 1 2 0 0 1 1 1 0.980994 0.000000 
25 1 189 0 2 4 1 2 2 1 0.754648 0.000000 
25 1 190 1 1 3 3 4 4 1 0.992885 0.000000 
25 1 191 0 0 2 0 1 1 1 1.109924 0.000000 
25 1 192 1 2 0 0 1 1 1 0.837273 0.000000 
25 1 1 0 2 4 1 2 2 1 0.948295 0.000000 
25 1 2 0 2 5 3 4 4 1 0.642608 0.000000 
25 1 3 1 2 3 0 4 4 1 2.396018 0.000000 
25 1 4 0 1 2 2 3 3 1 0.713562 0.000000 
25 1 5 0 0 3 1 2 2 1 1.345840 0.000000 
25 1 6 1 1 1 1 2 2 1 0.896958 0.000000 
25 1 7 0 1 3 3 4 4 1 0.625949 0.000000 
25 1 8 0 1 3 3 4 4 1 0.509432 0.000000 
25 1 9 1 0 1 3 2 2 1 0.981629 0.000000 
25 1 10 0 0 1 3 4 4 1 0.730291 0.000000 
25 1 11 0 2 4 2 3 3 1 0.689869 0.000000 
25 1 12 0 2 5 0 1 1 1 0.666754 0.000000 
25 1 13 0 0 0 2 3 3 1 1.284337 0.000000 
25 1 14 1 2 2 0 3 3 1 1.525465 0.000000 
25 1 15 0 0 0 2 3 3 1 0.957349 0.000000 
25 1 16 0 1 3 3 4 4 1 0.587664 0.000000 
25 1 17 0 2 4 1 2 2 1 0.808474 0.000000 
25 1 18 0 2 5 0 1 1 1 0.699777 0.000000 
25 1 19 0 0 2 0 1 1 1 1.164035 0.000000 
25 1 20 0 2 5 2 3 3 1 0.754442 0.000000 
25 1 21 0 0 3 1 2 2 1 0.944671 0.000000 
25 1 22 0 0 2 0 1 1 1 0.863680 0.000000 
25 1 23 0 2 4 2 3 3 1 0.841977 0.000000 
25 1 24 1 1 3 3 4 4 1 0.899964 0.000000 
25 1 25 1 1 2 2 3 3 1 0.788195 0.000000 
25 1 26 0 0 1 3 4 4 1 0.985177 0.000000 
25 1 27 1 1 2 2 3 3 1 0.798160 0.000000 
25 1 28 1 1 2 2 3 3 1 0.707111 0.000000 
25 1 29 0 0 1 3 4 4 1 0.715307 0.000000 
25 1 30 0 1 2 2 3 3 1 0.691522 0.000000 
25 1 31 1 2 3 0 4 4 1 1.012438 0.000000 
25 1 32 0 1 1 1 2 2 1 0.735815 0.000000 
25 1 33 0 1 2 2 3 3 1 0.654731 0.000000 
25 1 34 0 0 3 1 2 2 1 1.152960 0.000000 
25 1 35 0 2 4 2 3 3 1 0.647336 0.000000 
25 1 36 0 2 5 0 1 1 1 0.570219 0.000000 
25 1 37 0 1 3 3 4 4 1 0.703675 0.000000 
25 1 38 1 0 3 1 4 4 1 1.055973 0.000000 
25 1 39 1 1 2 2 3 3 1 1.025409 0.000000 
25 1 40 0 2 5 1 2 2 1 0.717036 0.000000 
25 1 41 0 1 0 0 1 1 1 0.548603 0.000000 
25 1 42 1 0 1 3 2 2 1 1.259460 0.000000 
25 1 43 0 2 4 1 2 2 1 0.957898 0.000000 
25 1 44 0 1 1 1 2 2 1 0.564207 0.000000 
25 1 45 1 1 0 0 1 1 1 1.066413 0.000000 
25 1 46 1 1 1 1 2 2 1 0.804068 0.000000 
25 1 47 0 2 4 1 2 2 1 0.695347 0.000000 
25 1 48 0 1 0 0 1 1 1 0.584220 0.000000 
25 1 49 1 0 0 2 1 2 0 0.989075 0.000000 
25 1 50 0 2 5 3 4 4 1 0.798146 0.000000 
25 1 51 0 0 2 0 1 1 1 1.034649 0.000000 
25 1 52 1 2 0 0 1 1 1 0.701605 0.000000 
25 1 53 0 0 3 1 2 4 0 0.861883 0.000000 
25 1 54 0 2 5 1 2 2 1 0.939201 0.000000 
25 1 55 0 1 0 0 1 1 1 0.649677 0.000000 
25 1 56 0 0 3 1 2 2 1 1.020132 0.000000 
25 1 57 1 2 1 0 2 2 1 0.871589 0.000000 
25 1 58 1 2 2 0 3 3 1 1.201234 0.000000 
25 1 59 0 0 3 1 2 2 1 0.941774 0.000000 
25 1 60 0 0 1 3 4 4 1 0.916595 0.000000 
25 1 61 0 1 2 2 3 3 1 0.659339 0.000000 
25 1 62 0 1 0 0 1 1 1 0.645506 0.000000 
25 1 63 0 1 1 1 2 2 1 0.696373 0.000000 
25 1 64 1 2 0 0 1 1 1 0.713252 0.000000 
25 1 65 0 0 1 3 4 4 1 0.753519 0.000000 
25 1 66 0 0 1 3 4 4 1 0.519749 0.000000 
25 1 67 0 2 4 3 4 4 1 0.607242 0.000000 
25 1 68 0 0 3 1 2 2 1 0.827432 0.000000 
25 1 69 0 2 4 3 4 4 1 0.631057 0.000000 
25 1 70 0 2 5 2 3 3 1 0.657587 0.000000 
25 1 71 0 1 3 3 4 4 1 0.539729 0.000000 
25 1 72 0 2 5 3 4 4 1 0.570606 0.000000 
25 1 73 0 0 2 0 1 1 1 0.968132 0.000000 
25 1 74 0 0 3 1 2 2 1 0.717787 0.000000 
25 1 75 0 1 1 1 2 2 1 0.613386 0.000000 
25 1 76 0 2 5 0 1 1 1 0.569556 0.000000 
25 1 77 0 1 0 0 1 1 1 0.886104 0.000000 
25 1 78 1 2 2 0 3 3 1 0.775035 0.000000 
25 1 79 0 0 3 1 2 2 1 0.908642 0.000000 
25 1 80 0 0 3 1 2 2 1 0.548935 0.000000 
25 1 81 0 2 4 3 4 4 1 0.499765 0.000000 
25 1 82 1 2 2 0 3 1 0 0.812149 0.000000 
25 1 83 1 0 2 0 3 3 1 0.956217 0.000000 
25 1 84 1 0 1 3 2 2 1 1.026077 0.000000 
25 1 85 0 1 3 3 4 4 1 0.628745 0.000000 
25 1 86 1 2 2 0 3 3 1 0.784287 0.000000 
25 1 87 0 1 1 1 2 2 1 0.645225 0.000000 
25 1 88 0 0 2 0 1 1 1 1.264127 0.000000 
25 1 89 0 2 4 0 1 1 1 0.490532 0.000000 
25 1 90 0 0 2 0 1 1 1 0.587366 0.000000 
25 1 91 1 2 3 0 4 4 1 1.504234 0.000000 
25 1 92 0 1 0 0 1 1 1 0.871744 0.000000 
25 1 93 0 0 0 2 3 3 1 1.553459 0.000000 
25 1 94 0 0 3 1 2 2 1 0.815953 0.000000 
25 1 95 0 0 2 0 1 1 1 1.092072 0.000000 
25 1 96 1 0 1 3 2 2 1 0.764626 0.000000 
25 1 97 0 2 4 2 3 3 1 0.754877 0.000000 
25 1 98 0 1 0 0 1 1 1 0.825143 0.000000 
25 1 99 0 0 0 2 3 3 1 1.075769 0.000000 
25 1 100 1 0 3 1 4 4 1 1.301479 0.000000 
25 1 101 0 0 1 3 4 4 1 0.821952 0.000000 
25 1 102 0 0 1 3 4 4 1 0.617542 0.000000 
25 1 103 1 0 2 0 3 3 1 1.053055 0.000000 
25 1 104 1 1 1 1 2 2 1 0.815436 0.000000 
25 1 105 0 1 0 0 1 1 1 0.635724 0.000000 
25 1 106 0 0 3 1 2 2 1 1.006605 0.000000 
25 1 107 0 2 4 1 2 2 1 0.673947 0.000000 
25 1 108 0 2 5 0 1 1 1 0.627482 0.000000 
25 1 109 0 0 3 1 2 2 1 1.159041 0.000000 
25 1 110 0 2 5 2 3 3 1 1.349549 0.000000 
25 1 111 0 1 0 0 1 1 1 0.563926 0.000000 
25 1 112 0 1 3 3 4 4 1 0.618118 0.000000 
25 1 113 0 1 1 1 2 2 1 0.549633 0.000000 
25 1 114 0 2 5 1 2 2 1 0.907019 0.000000 
25 1 115 0 0 0 2 3 3 1 0.827115 0.000000 
25 1 116 1 1 0 0 1 1 1 0.950728 0.000000 
25 1 117 0 2 4 0 1 1 1 0.533039 0.000000 
25 1 118 0 2 5 2 3 3 1 1.164151 0.000000 
25 1 119 0 1 0 0 1 1 1 0.650297 0.000000 
25 1 120 0 2 5 3 4 4 1 0.516493 0.000000 
25 1 121 0 2 4 3 4 4 1 0.499038 0.000000 
25 1 122 0 0 0 2 3 3 1 0.883805 0.000000 
25 1 123 1 1 0 0 1 1 1 0.756763 0.000000 
25 1 124 0 2 5 2 3 3 1 1.315058 0.000000 
25 1 125 0 0 2 0 1 1 1 0.915503 0.000000 
25 1 126 0 1 2 2 3 3 1 0.691804 0.000000 
25 1 127 0 2 4 3 4 4 1 0.540628 0.000000 
25 1 128 0 0 0 2 3 3 1 0.787544 0.000000 
25 1 129 0 1 3 3 4 4 1 0.647508 0.000000 
25 1 130 0 1 2 2 3 3 1 0.682343 0.000000 
25 1 131 1 1 1 1 2 2 1 1.107905 0.000000 
25 1 132 0 1 3 3 4 4 1 0.980292 0.000000 
25 1 133 0 2 4 2 3 3 1 0.697963 0.000000 
25 1 134 1 2 2 0 3 3 1 1.082844 0.000000 
25 1 135 0 0 3 1 2 2 1 1.028155 0.000000 
25 1 136 0 1 0 0 1 1 1 0.726663 0.000000 
25 1 137 1 2 1 0 2 2 1 1.038170 0.000000 
25 1 138 1 2 2 0 3 3 1 0.849198 0.000000 
25 1 139 1 1 1 1 2 2 1 0.699951 0.000000 
25 1 140 0 0 2 0 1 1 1 0.867955 0.000000 
25 1 141 0 2 4 1 2 2 1 1.269324 0.000000 
25 1 142 0 0 2 0 1 1 1 0.743129 0.000000 
25 1 143 0 1 1 1 2 2 1 0.574051 0.000000 
25 1 144 0 2 5 0 1 1 1 0.586590 0.000000 
25 1 145 1 0 2 0 3 3 1 0.719416 0.000000 
25 1 146 0 2 5 3 4 4 1 0.495209 0.000000 
25 1 147 0 0 0 2 3 3 1 0.959828 0.000000 
25 1 148 0 1 1 1 2 2 1 0.598120 0.000000 
25 1 149 1 0 3 1 4 4 1 0.914975 0.000000 
25 1 150 0 2 5 3 4 4 1 0.579291 0.000000 
25 1 151 0 1 0 0 1 1 1 0.648809 0.000000 
25 1 152 1 2 0 0 1 1 1 0.682634 0.000000 
25 1 153 0 0 1 3 4 4 1 0.892040 0.000000 
25 1 154 0 1 1 1 2 2 1 0.620538 0.000000 
25 1 155 0 1 3 3 4 4 1 0.560071 0.000000 
25 1 156 0 2 5 3 4 4 1 0.542236 0.000000 
25 1 157 0 1 3 3 4 4 1 0.517056 0.000000 
25 1 158 1 1 1 1 2 2 1 0.972560 0.000000 
25 1 159 0 0 3 1 2 2 1 0.849373 0.000000 
25 1 160 0 2 5 2 3 3 1 0.699997 0.000000 
25 1 161 1 2 1 0 2 2 1 1.011997 0.000000 
25 1 162 0 0 3 1 2 2 1 0.664098 0.000000 
25 1 163 0 0 0 2 3 3 1 0.986330 0.000000 
25 1 164 0 2 5 3 4 4 1 0.439310 0.000000 
25 1 165 1 2 1 0 2 2 1 0.898122 0.000000 
25 1 166 0 1 3 3 4 4 1 0.611091 0.000000 
25 1 167 0 2 4 3 4 4 1 0.455273 0.000000 
25 1 168 1 0 2 0 3 3 1 1.096419 0.000000 
25 1 169 1 2 1 0 2 2 1 0.713472 0.000000 
25 1 170 0 0 0 2 3 3 1 0.865722 0.000000 
25 1 171 0 1 2 2 3 3 1 0.683947 0.000000 
25 1 172 0 0 2 0 1 1 1 0.836890 0.000000 
25 1 173 0 0 0 2 3 3 1 0.871832 0.000000 
25 1 174 0 0 1 3 4 4 1 0.585470 0.000000 
25 1 175 0 1 0 0 1 1 1 0.638307 0.000000 
25 1 176 0 1 2 2 3 3 1 0.648184 0.000000 
25 1 177 0 0 2 0 1 1 1 0.755065 0.000000 
25 1 178 0 1 2 2 3 3 1 0.809321 0.000000 
25 1 179 0 0 0 2 3 3 1 1.253623 0.000000 
25 1 180 1 1 1 1 2 2 1 0.760012 0.000000 
25 1 181 0 1 1 1 2 2 1 0.678279 0.000000 
25 1 182 0 2 5 2 3 4 0 0.567817 0.000000 
25 1 183 1 2 3 0 4 4 1 0.984337 0.000000 
25 1 184 0 0 1 3 4 4 1 0.628886 0.000000 
25 1 185 0 2 4 1 2 2 1 0.832428 0.000000 
25 1 186 0 2 5 1 2 2 1 0.571945 0.000000 
25 1 187 1 1 0 0 1 1 1 0.961550 0.000000 
25 1 188 0 1 2 2 3 3 1 0.695875 0.000000 
25 1 189 0 1 1 1 2 2 1 0.576769 0.000000 
25 1 190 1 0 2 0 3 3 1 0.741325 0.000000 
25 1 191 0 1 0 0 1 1 1 0.636196 0.000000 
25 1 192 0 1 1 1 2 2 1 0.639067 0.000000 
