2 1 1 2 0 4 1 1 1 3.700562 0.000000 
2 1 2 2 2 5 3 3 1 1.749259 0.000000 
2 1 3 0 2 0 3 3 1 0.723914 0.000000 
2 1 4 0 2 0 3 3 1 0.491563 0.000000 
2 1 5 1 3 3 4 4 1 0.787244 0.000000 
2 1 6 0 2 0 3 3 1 0.591696 0.000000 
2 1 7 2 1 4 2 2 1 0.740366 0.000000 
2 1 8 0 3 1 4 4 1 0.890787 0.000000 
2 1 9 1 3 3 4 4 1 0.483733 0.000000 
2 1 10 0 2 0 3 3 1 0.828571 0.000000 
2 1 11 1 2 2 3 3 1 0.528171 0.000000 
2 1 12 0 2 0 3 3 1 0.455615 0.000000 
2 1 13 2 2 4 3 2 0 0.520787 0.000000 
2 1 14 2 2 5 3 3 1 0.620036 0.000000 
2 1 15 2 2 4 3 3 1 0.487350 0.000000 
2 1 16 2 2 5 3 3 1 0.456165 0.000000 
2 1 17 0 2 0 3 3 1 0.498281 0.000000 
2 1 18 1 1 1 2 2 1 0.675058 0.000000 
2 1 19 0 3 1 4 4 1 0.740656 0.000000 
2 1 20 1 3 3 4 4 1 0.419543 0.000000 
2 1 21 1 2 2 3 3 1 0.894035 0.000000 
2 1 22 0 0 2 1 1 1 0.494968 0.000000 
2 1 23 1 2 2 3 3 1 0.767804 0.000000 
2 1 24 2 2 5 3 3 1 0.493383 0.000000 
2 1 25 0 1 3 2 2 1 0.446139 0.000000 
2 1 26 2 2 5 3 3 1 0.528964 0.000000 
2 1 27 0 0 2 1 1 1 0.656424 0.000000 
2 1 28 2 2 5 3 3 1 0.521669 0.000000 
2 1 29 2 1 4 2 2 1 0.449115 0.000000 
2 1 30 0 0 2 1 1 1 0.827984 0.000000 
2 1 31 0 2 0 3 3 1 0.719577 0.000000 
2 1 32 1 0 0 1 1 1 0.671154 0.000000 
2 1 33 0 1 3 2 2 1 0.728719 0.000000 
2 1 34 0 3 1 4 4 1 0.680245 0.000000 
2 1 35 1 0 0 1 1 1 0.537817 0.000000 
2 1 36 1 0 0 1 1 1 0.552635 0.000000 
2 1 37 2 0 4 1 1 1 0.397758 0.000000 
2 1 38 2 1 5 2 2 1 0.394568 0.000000 
2 1 39 2 1 4 2 3 0 0.471354 0.000000 
2 1 40 0 1 3 2 2 1 0.460820 0.000000 
2 1 41 2 0 4 1 1 1 0.622502 0.000000 
2 1 42 0 3 1 4 4 1 0.610023 0.000000 
2 1 43 1 1 1 2 2 1 0.606201 0.000000 
2 1 44 2 3 5 4 4 1 0.594409 0.000000 
2 1 45 2 1 4 2 1 0 0.535218 0.000000 
2 1 46 1 0 0 1 1 1 0.657050 0.000000 
2 1 47 2 1 4 2 2 1 0.586831 0.000000 
2 1 48 0 0 2 1 1 1 0.767722 0.000000 
2 1 49 0 0 2 1 1 1 0.533250 0.000000 
2 1 50 0 3 1 4 4 1 0.660069 0.000000 
2 1 51 1 3 3 4 4 1 0.462249 0.000000 
2 1 52 0 3 1 4 4 1 0.456424 0.000000 
2 1 53 0 1 3 2 2 1 0.714530 0.000000 
2 1 54 2 0 5 1 1 1 0.585791 0.000000 
2 1 55 1 2 2 3 3 1 0.934650 0.000000 
2 1 56 0 2 0 3 3 1 0.501641 0.000000 
2 1 57 0 1 3 2 2 1 0.701807 0.000000 
2 1 58 0 0 2 1 1 1 0.533973 0.000000 
2 1 59 1 1 1 2 2 1 0.676816 0.000000 
2 1 60 0 3 1 4 4 1 0.517466 0.000000 
2 1 61 2 2 4 3 3 1 0.804857 0.000000 
2 1 62 2 0 5 1 1 1 0.529154 0.000000 
2 1 63 0 2 0 3 3 1 0.760679 0.000000 
2 1 64 1 3 3 4 4 1 0.430841 0.000000 
2 1 65 1 3 3 4 4 1 0.418350 0.000000 
2 1 66 2 0 5 1 1 1 0.485796 0.000000 
2 1 67 2 2 4 3 3 1 0.830643 0.000000 
2 1 68 2 0 5 1 2 0 0.490222 0.000000 
2 1 69 2 3 4 4 4 1 0.623056 0.000000 
2 1 70 2 1 5 2 2 1 0.513037 0.000000 
2 1 71 0 0 2 1 1 1 0.561254 0.000000 
2 1 72 0 3 1 4 4 1 0.599448 0.000000 
2 1 73 1 0 0 1 1 1 0.524099 0.000000 
2 1 74 2 3 5 4 4 1 0.515114 0.000000 
2 1 75 0 3 1 4 4 1 0.651254 0.000000 
2 1 76 1 0 0 1 1 1 0.509458 0.000000 
2 1 77 2 2 4 3 3 1 0.749587 0.000000 
2 1 78 0 1 3 2 2 1 0.451058 0.000000 
2 1 79 2 3 4 4 4 1 0.508984 0.000000 
2 1 80 1 0 0 1 1 1 0.541091 0.000000 
2 1 81 0 1 3 2 2 1 0.739963 0.000000 
2 1 82 1 1 1 2 2 1 0.434843 0.000000 
2 1 83 0 1 3 2 2 1 0.389600 0.000000 
2 1 84 1 1 1 2 2 1 0.386404 0.000000 
2 1 85 0 1 3 2 2 1 0.407190 0.000000 
2 1 86 0 0 2 1 1 1 0.562276 0.000000 
2 1 87 2 0 4 1 1 1 0.616445 0.000000 
2 1 88 0 3 1 4 4 1 0.491958 0.000000 
2 1 89 1 0 0 1 1 1 0.484833 0.000000 
2 1 90 0 3 1 4 4 1 0.501650 0.000000 
2 1 91 1 2 2 3 3 1 0.701770 0.000000 
2 1 92 1 1 1 2 2 1 0.669992 0.000000 
2 1 93 1 3 3 4 4 1 0.463528 0.000000 
2 1 94 1 0 0 1 1 1 0.521715 0.000000 
2 1 95 0 3 1 4 4 1 0.528089 0.000000 
2 1 96 1 0 0 1 1 1 0.527610 0.000000 
2 1 97 2 0 4 1 1 1 0.607152 0.000000 
2 1 98 1 2 2 3 3 1 0.587351 0.000000 
2 1 99 2 2 4 3 3 1 0.568104 0.000000 
2 1 100 0 0 2 1 1 1 0.533682 0.000000 
2 1 101 0 1 3 2 3 0 0.516555 0.000000 
2 1 102 2 1 5 2 2 1 0.688216 0.000000 
2 1 103 2 2 4 3 3 1 1.072106 0.000000 
2 1 104 2 2 5 3 3 1 0.641790 0.000000 
2 1 105 0 3 1 4 4 1 0.588709 0.000000 
2 1 106 1 3 3 4 4 1 0.441558 0.000000 
2 1 107 2 3 4 4 4 1 0.468349 0.000000 
2 1 108 1 0 0 1 1 1 0.413813 0.000000 
2 1 109 1 0 0 1 1 1 0.369910 0.000000 
2 1 110 2 2 5 3 2 0 0.487354 0.000000 
2 1 111 2 0 4 1 1 1 0.651978 0.000000 
2 1 112 1 1 1 2 2 1 0.572917 0.000000 
2 1 113 2 2 4 3 3 1 0.962457 0.000000 
2 1 114 1 1 1 2 2 1 0.648760 0.000000 
2 1 115 2 1 4 2 2 1 0.459639 0.000000 
2 1 116 1 1 1 2 2 1 0.413753 0.000000 
2 1 117 0 1 3 2 2 1 0.393853 0.000000 
2 1 118 0 1 3 2 2 1 0.398622 0.000000 
2 1 119 0 3 1 4 4 1 0.563401 0.000000 
2 1 120 1 3 3 4 4 1 0.504543 0.000000 
2 1 121 1 2 2 3 3 1 0.560721 0.000000 
2 1 122 2 1 5 2 2 1 0.558904 0.000000 
2 1 123 1 1 1 2 2 1 0.581027 0.000000 
2 1 124 0 0 2 1 1 1 0.578572 0.000000 
2 1 125 2 2 4 3 3 1 0.784099 0.000000 
2 1 126 0 0 2 1 1 1 0.532999 0.000000 
2 1 127 1 1 1 2 3 0 0.611153 0.000000 
2 1 128 0 2 0 3 2 0 0.515003 0.000000 
2 1 129 2 3 4 4 4 1 0.574753 0.000000 
2 1 130 1 0 0 1 1 1 0.531760 0.000000 
2 1 131 1 2 2 3 3 1 0.819242 0.000000 
2 1 132 0 0 2 1 1 1 0.574810 0.000000 
2 1 133 2 3 4 4 4 1 0.564367 0.000000 
2 1 134 2 3 5 4 4 1 0.466492 0.000000 
2 1 135 0 0 2 1 1 1 0.451972 0.000000 
2 1 136 0 2 0 3 3 1 0.702167 0.000000 
2 1 137 2 3 4 4 4 1 0.573378 0.000000 
2 1 138 2 0 5 1 1 1 0.530899 0.000000 
2 1 139 0 1 3 2 2 1 0.626336 0.000000 
2 1 140 0 0 2 1 1 1 0.557920 0.000000 
2 1 141 2 3 4 4 4 1 0.524073 0.000000 
2 1 142 1 0 0 1 1 1 0.587527 0.000000 
2 1 143 1 2 2 3 3 1 0.576425 0.000000 
2 1 144 0 3 1 4 4 1 0.541942 0.000000 
2 1 145 0 0 2 1 1 1 0.515781 0.000000 
2 1 146 0 2 0 3 3 1 0.667928 0.000000 
2 1 147 2 1 4 2 2 1 0.669429 0.000000 
2 1 148 1 2 2 3 2 0 0.519003 0.000000 
2 1 149 2 3 4 4 4 1 0.522526 0.000000 
2 1 150 1 0 0 1 1 1 0.561539 0.000000 
2 1 151 1 2 2 3 3 1 0.687714 0.000000 
2 1 152 1 2 2 3 3 1 0.423553 0.000000 
2 1 153 2 1 4 2 2 1 0.619030 0.000000 
2 1 154 2 2 5 3 3 1 0.742590 0.000000 
2 1 155 1 0 0 1 1 1 0.581493 0.000000 
2 1 156 0 2 0 3 3 1 0.786947 0.000000 
2 1 157 2 2 4 3 3 1 0.663930 0.000000 
2 1 158 1 1 1 2 2 1 0.570125 0.000000 
2 1 159 2 2 4 3 3 1 0.615660 0.000000 
2 1 160 1 3 3 4 4 1 0.643790 0.000000 
2 1 161 2 0 4 1 1 1 0.629651 0.000000 
2 1 162 2 1 5 2 3 0 0.609255 0.000000 
2 1 163 2 2 4 3 3 1 1.121457 0.000000 
2 1 164 1 0 0 1 1 1 0.520702 0.000000 
2 1 165 1 2 2 3 3 1 0.792221 0.000000 
2 1 166 0 1 3 2 2 1 0.445125 0.000000 
2 1 167 1 0 0 1 1 1 0.503862 0.000000 
2 1 168 0 1 3 2 2 1 0.552065 0.000000 
2 1 169 1 3 3 4 4 1 0.709264 0.000000 
2 1 170 1 0 0 1 1 1 0.541408 0.000000 
2 1 171 1 1 1 2 2 1 0.660306 0.000000 
2 1 172 0 1 3 2 2 1 0.486412 0.000000 
2 1 173 0 3 1 4 4 1 0.663327 0.000000 
2 1 174 0 1 3 2 2 1 0.881447 0.000000 
2 1 175 2 3 4 4 4 1 0.499126 0.000000 
2 1 176 1 0 0 1 1 1 0.482975 0.000000 
2 1 177 2 1 4 2 2 1 0.677010 0.000000 
2 1 178 0 3 1 4 4 1 0.389329 0.000000 
2 1 179 2 3 4 4 4 1 0.418086 0.000000 
2 1 180 1 3 3 4 4 1 0.381484 0.000000 
2 1 181 1 3 3 4 4 1 0.482911 0.000000 
2 1 182 1 3 3 4 4 1 0.411982 0.000000 
2 1 183 2 0 4 1 1 1 0.535898 0.000000 
2 1 184 1 0 0 1 1 1 0.422723 0.000000 
2 1 185 1 1 1 2 2 1 0.537197 0.000000 
2 1 186 1 3 3 4 4 1 0.464990 0.000000 
2 1 187 1 3 3 4 4 1 0.346123 0.000000 
2 1 188 2 3 5 4 4 1 0.552835 0.000000 
2 1 189 2 2 4 3 3 1 0.823053 0.000000 
2 1 190 0 1 3 2 2 1 0.490643 0.000000 
2 1 191 0 1 3 2 2 1 0.379456 0.000000 
2 1 192 2 1 5 2 2 1 0.456908 0.000000 
2 1 1 0 0 2 1 1 1 1.474737 0.000000 
2 1 2 1 1 1 2 2 1 0.683922 0.000000 
2 1 3 1 1 1 2 2 1 0.435273 0.000000 
2 1 4 2 3 5 4 4 1 0.469928 0.000000 
2 1 5 1 3 3 4 4 1 0.446914 0.000000 
2 1 6 1 0 0 1 1 1 0.521705 0.000000 
2 1 7 1 3 3 4 4 1 0.521198 0.000000 
2 1 8 1 2 2 3 2 0 0.640522 0.000000 
2 1 9 1 0 0 1 1 1 0.534919 0.000000 
2 1 10 2 3 5 4 4 1 0.532306 0.000000 
2 1 11 2 3 4 4 4 1 0.555738 0.000000 
2 1 12 2 1 5 2 2 1 0.617917 0.000000 
2 1 13 2 3 4 4 4 1 0.541421 0.000000 
2 1 14 2 2 5 3 3 1 0.948305 0.000000 
2 1 15 2 3 4 4 4 1 0.531273 0.000000 
2 1 16 2 2 5 3 3 1 0.450652 0.000000 
2 1 17 0 1 3 2 2 1 0.580924 0.000000 
2 1 18 0 0 2 1 1 1 0.465466 0.000000 
2 1 19 2 3 4 4 4 1 0.436548 0.000000 
2 1 20 0 2 0 3 3 1 0.374328 0.000000 
2 1 21 2 3 4 4 4 1 0.555753 0.000000 
2 1 22 2 3 5 4 4 1 0.449914 0.000000 
2 1 23 1 3 3 4 4 1 0.372054 0.000000 
2 1 24 2 2 5 3 3 1 0.577479 0.000000 
2 1 25 0 0 2 1 1 1 0.486992 0.000000 
2 1 26 0 3 1 4 4 1 0.583768 0.000000 
2 1 27 0 0 2 1 1 1 0.508647 0.000000 
2 1 28 1 1 1 2 2 1 0.427839 0.000000 
2 1 29 2 3 4 4 4 1 0.471251 0.000000 
2 1 30 1 3 3 4 4 1 0.440720 0.000000 
2 1 31 2 3 4 4 4 1 0.499472 0.000000 
2 1 32 2 2 5 3 3 1 0.635907 0.000000 
2 1 33 1 1 1 2 2 1 0.382524 0.000000 
2 1 34 0 0 2 1 1 1 0.475958 0.000000 
2 1 35 0 3 1 4 4 1 0.429430 0.000000 
2 1 36 1 0 0 1 1 1 0.488890 0.000000 
2 1 37 0 0 2 1 1 1 0.384621 0.000000 
2 1 38 1 1 1 2 2 1 0.469469 0.000000 
2 1 39 2 3 4 4 4 1 0.422920 0.000000 
2 1 40 1 2 2 3 1 0 0.498370 0.000000 
2 1 41 0 3 1 4 4 1 0.463200 0.000000 
2 1 42 0 0 2 1 1 1 0.536860 0.000000 
2 1 43 0 3 1 4 4 1 0.511695 0.000000 
2 1 44 1 0 0 1 1 1 0.543851 0.000000 
2 1 45 2 3 4 4 4 1 0.477671 0.000000 
2 1 46 2 0 5 1 1 1 0.527135 0.000000 
2 1 47 1 3 3 4 4 1 0.566632 0.000000 
2 1 48 1 2 2 3 3 1 0.620143 0.000000 
2 1 49 1 1 1 2 2 1 0.831695 0.000000 
2 1 50 0 3 1 4 4 1 0.571295 0.000000 
2 1 51 0 2 0 3 3 1 0.576727 0.000000 
2 1 52 2 1 5 2 2 1 0.662308 0.000000 
2 1 53 1 1 1 2 2 1 0.527576 0.000000 
2 1 54 0 1 3 2 2 1 0.494974 0.000000 
2 1 55 0 1 3 2 2 1 0.407768 0.000000 
2 1 56 0 0 2 1 1 1 0.523906 0.000000 
2 1 57 0 3 1 4 4 1 0.627417 0.000000 
2 1 58 0 0 2 1 1 1 0.574926 0.000000 
2 1 59 2 0 4 1 1 1 0.436450 0.000000 
2 1 60 1 0 0 1 1 1 0.375229 0.000000 
2 1 61 2 0 4 1 1 1 0.444639 0.000000 
2 1 62 0 0 2 1 1 1 0.343462 0.000000 
2 1 63 2 0 4 1 1 1 0.357153 0.000000 
2 1 64 1 2 2 3 3 1 0.523304 0.000000 
2 1 65 2 3 4 4 4 1 0.546791 0.000000 
2 1 66 2 2 5 3 3 1 0.449601 0.000000 
2 1 67 1 0 0 1 4 0 0.427978 0.000000 
2 1 68 1 2 2 3 3 1 0.555162 0.000000 
2 1 69 2 2 4 3 3 1 0.632903 0.000000 
2 1 70 0 1 3 2 2 1 0.603082 0.000000 
2 1 71 1 1 1 2 2 1 0.414937 0.000000 
2 1 72 0 2 0 3 3 1 0.779090 0.000000 
2 1 73 1 2 2 3 3 1 0.552671 0.000000 
2 1 74 2 0 5 1 1 1 0.430858 0.000000 
2 1 75 2 2 4 3 3 1 0.626294 0.000000 
2 1 76 0 2 0 3 3 1 0.621815 0.000000 
2 1 77 1 2 2 3 3 1 0.553359 0.000000 
2 1 78 1 1 1 2 2 1 0.583518 0.000000 
2 1 79 2 1 4 2 2 1 0.484308 0.000000 
2 1 80 0 3 1 4 4 1 0.524171 0.000000 
2 1 81 1 1 1 2 2 1 0.539669 0.000000 
2 1 82 1 3 3 4 4 1 0.490468 0.000000 
2 1 83 1 1 1 2 2 1 0.507212 0.000000 
2 1 84 1 1 1 2 2 1 0.523444 0.000000 
2 1 85 0 3 1 4 4 1 0.514940 0.000000 
2 1 86 1 3 3 4 4 1 0.427095 0.000000 
2 1 87 1 0 0 1 1 1 0.477599 0.000000 
2 1 88 1 2 2 3 3 1 0.511000 0.000000 
2 1 89 0 1 3 2 2 1 0.607193 0.000000 
2 1 90 0 0 2 1 1 1 0.507315 0.000000 
2 1 91 1 0 0 1 1 1 0.539509 0.000000 
2 1 92 0 1 3 2 2 1 0.546324 0.000000 
2 1 93 1 0 0 1 1 1 0.473156 0.000000 
2 1 94 2 2 5 3 3 1 0.522616 0.000000 
2 1 95 2 2 4 3 3 1 0.562111 0.000000 
2 1 96 0 0 2 1 3 0 0.463337 0.000000 
2 1 97 1 3 3 4 4 1 0.597397 0.000000 
2 1 98 2 2 5 3 3 1 0.649811 0.000000 
2 1 99 2 1 4 2 2 1 0.580044 0.000000 
2 1 100 0 1 3 2 2 1 0.441505 0.000000 
2 1 101 0 2 0 3 3 1 0.756324 0.000000 
2 1 102 0 3 1 4 4 1 0.954622 0.000000 
2 1 103 0 0 2 1 1 1 0.560907 0.000000 
2 1 104 0 3 1 4 4 1 0.655074 0.000000 
2 1 105 1 0 0 1 1 1 0.544276 0.000000 
2 1 106 0 3 1 4 4 1 0.503123 0.000000 
2 1 107 2 0 4 1 1 1 0.495268 0.000000 
2 1 108 0 0 2 1 1 1 0.648091 0.000000 
2 1 109 0 3 1 4 4 1 0.530914 0.000000 
2 1 110 0 2 0 3 3 1 0.738461 0.000000 
2 1 111 1 0 0 1 1 1 0.481345 0.000000 
2 1 112 0 1 3 2 2 1 0.634822 0.000000 
2 1 113 1 3 3 4 4 1 0.428660 0.000000 
2 1 114 1 2 2 3 3 1 0.632141 0.000000 
2 1 115 2 3 4 4 4 1 0.499677 0.000000 
2 1 116 2 0 5 1 1 1 0.452044 0.000000 
2 1 117 0 1 3 2 2 1 0.493957 0.000000 
2 1 118 2 2 5 3 3 1 0.742710 0.000000 
2 1 119 1 2 2 3 3 1 0.853677 0.000000 
2 1 120 0 0 2 1 1 1 0.511962 0.000000 
2 1 121 0 1 3 2 2 1 0.464127 0.000000 
2 1 122 1 3 3 4 4 1 0.529235 0.000000 
2 1 123 2 1 4 2 2 1 0.528741 0.000000 
2 1 124 1 0 0 1 1 1 0.512213 0.000000 
2 1 125 2 2 4 3 3 1 0.640394 0.000000 
2 1 126 0 1 3 2 2 1 0.659238 0.000000 
2 1 127 2 1 4 2 2 1 0.469436 0.000000 
2 1 128 0 0 2 1 1 1 0.550895 0.000000 
2 1 129 0 1 3 2 2 1 0.804153 0.000000 
2 1 130 1 1 1 2 2 1 0.536312 0.000000 
2 1 131 0 2 0 3 2 0 0.399185 0.000000 
2 1 132 2 0 5 1 1 1 0.519973 0.000000 
2 1 133 0 1 3 2 2 1 0.566983 0.000000 
2 1 134 2 2 5 3 3 1 0.636503 0.000000 
2 1 135 1 3 3 4 4 1 0.575385 0.000000 
2 1 136 2 3 5 4 4 1 0.476881 0.000000 
2 1 137 0 3 1 4 4 1 0.454354 0.000000 
2 1 138 2 2 5 3 2 0 0.535489 0.000000 
2 1 139 1 2 2 3 3 1 0.754340 0.000000 
2 1 140 1 1 1 2 2 1 0.639998 0.000000 
2 1 141 1 0 0 1 1 1 0.538965 0.000000 
2 1 142 2 2 5 3 3 1 0.713788 0.000000 
2 1 143 2 0 4 1 1 1 0.498024 0.000000 
2 1 144 2 1 5 2 2 1 0.722848 0.000000 
2 1 145 0 1 3 2 2 1 0.609470 0.000000 
2 1 146 0 2 0 3 3 1 0.621645 0.000000 
2 1 147 2 3 4 4 4 1 0.553133 0.000000 
2 1 148 1 3 3 4 4 1 0.423301 0.000000 
2 1 149 2 3 4 4 4 1 0.442736 0.000000 
2 1 150 2 2 5 3 3 1 0.717557 0.000000 
2 1 151 0 0 2 1 1 1 0.517111 0.000000 
2 1 152 0 1 3 2 2 1 0.540544 0.000000 
2 1 153 1 2 2 3 3 1 0.699438 0.000000 
2 1 154 2 1 5 2 2 1 0.564148 0.000000 
2 1 155 1 2 2 3 3 1 0.696821 0.000000 
2 1 156 0 0 2 1 1 1 0.553735 0.000000 
2 1 157 1 2 2 3 3 1 0.591885 0.000000 
2 1 158 1 2 2 3 3 1 0.452750 0.000000 
2 1 159 2 0 4 1 1 1 0.502874 0.000000 
2 1 160 2 2 5 3 3 1 0.550981 0.000000 
2 1 161 0 1 3 2 2 1 0.709153 0.000000 
2 1 162 2 0 5 1 1 1 0.516460 0.000000 
2 1 163 0 0 2 1 1 1 0.507875 0.000000 
2 1 164 0 1 3 2 2 1 0.660064 0.000000 
2 1 165 0 2 0 3 3 1 0.638275 0.000000 
2 1 166 0 1 3 2 2 1 0.673139 0.000000 
2 1 167 1 2 2 3 3 1 0.658702 0.000000 
2 1 168 2 2 5 3 3 1 0.452842 0.000000 
2 1 169 2 1 4 2 1 0 0.463021 0.000000 
2 1 170 1 3 3 4 4 1 0.509172 0.000000 
2 1 171 2 1 4 2 2 1 0.891863 0.000000 
2 1 172 1 0 0 1 1 1 0.524835 0.000000 
2 1 173 1 1 1 2 2 1 0.532329 0.000000 
2 1 174 1 1 1 2 2 1 0.427803 0.000000 
2 1 175 2 2 4 3 3 1 0.575264 0.000000 
2 1 176 2 0 5 1 1 1 0.548767 0.000000 
2 1 177 1 3 3 4 4 1 0.507546 0.000000 
2 1 178 0 1 3 2 2 1 0.491758 0.000000 
2 1 179 2 2 4 3 2 0 0.476572 0.000000 
2 1 180 1 0 0 1 1 1 0.465039 0.000000 
2 1 181 1 3 3 4 4 1 0.434644 0.000000 
2 1 182 0 3 1 4 4 1 0.509483 0.000000 
2 1 183 0 0 2 1 1 1 0.549633 0.000000 
2 1 184 1 1 1 2 2 1 0.596025 0.000000 
2 1 185 2 1 4 2 2 1 0.760662 0.000000 
2 1 186 0 1 3 2 2 1 0.462902 0.000000 
2 1 187 1 1 1 2 2 1 0.544089 0.000000 
2 1 188 2 2 5 3 3 1 0.646835 0.000000 
2 1 189 2 3 4 4 4 1 0.593735 0.000000 
2 1 190 0 0 2 1 2 0 0.534597 0.000000 
2 1 191 2 2 4 3 3 1 0.713437 0.000000 
2 1 192 2 3 5 4 4 1 0.529192 0.000000 
