22 1 1 1 0 0 1 1 1 1.902721 0.000000 
22 1 2 0 2 1 3 3 1 2.142720 0.000000 
22 1 3 1 3 3 4 4 1 1.213421 0.000000 
22 1 4 0 1 0 2 2 1 1.705162 0.000000 
22 1 5 0 1 0 2 2 1 0.689273 0.000000 
22 1 6 1 0 0 1 1 1 0.938135 0.000000 
22 1 7 0 2 1 3 3 1 0.871997 0.000000 
22 1 8 0 0 3 1 1 1 0.889688 0.000000 
22 1 9 2 1 4 2 2 1 1.346618 0.000000 
22 1 10 2 2 5 3 3 1 3.233774 0.000000 
22 1 11 2 3 4 4 4 1 1.053492 0.000000 
22 1 12 2 0 5 1 1 1 0.751829 0.000000 
22 1 13 0 0 3 1 1 1 1.685012 0.000000 
22 1 14 1 3 3 4 4 1 0.910271 0.000000 
22 1 15 0 1 0 2 2 1 1.054553 0.000000 
22 1 16 0 1 0 2 2 1 0.976874 0.000000 
22 1 17 1 0 0 1 1 1 0.830482 0.000000 
22 1 18 1 1 1 2 2 1 0.882010 0.000000 
22 1 19 1 2 2 3 3 1 1.267650 0.000000 
22 1 20 2 3 5 4 4 1 0.948384 0.000000 
22 1 21 1 3 3 4 4 1 1.019311 0.000000 
22 1 22 2 1 5 2 2 1 0.926944 0.000000 
22 1 23 0 1 0 2 2 1 0.838565 0.000000 
22 1 24 1 2 2 3 3 1 1.305511 0.000000 
22 1 25 1 1 1 2 2 1 0.937865 0.000000 
22 1 26 1 3 3 4 4 1 2.312905 0.000000 
22 1 27 2 2 4 3 3 1 1.496627 0.000000 
22 1 28 2 1 5 2 2 1 0.641774 0.000000 
22 1 29 1 1 1 2 1 0 0.812620 0.000000 
22 1 30 1 1 1 2 2 1 1.492844 0.000000 
22 1 31 2 3 4 4 4 1 0.965490 0.000000 
22 1 32 1 1 1 2 2 1 1.147798 0.000000 
22 1 33 2 1 4 2 2 1 0.473844 0.000000 
22 1 34 0 1 0 2 2 1 0.443232 0.000000 
22 1 35 0 3 2 4 4 1 0.678015 0.000000 
22 1 36 0 2 1 3 3 1 0.759529 0.000000 
22 1 37 1 1 1 2 2 1 0.893738 0.000000 
22 1 38 1 3 3 4 4 1 0.518634 0.000000 
22 1 39 2 2 4 3 3 1 1.118039 0.000000 
22 1 40 2 1 5 2 2 1 0.829773 0.000000 
22 1 41 0 2 1 3 4 0 0.952416 0.000000 
22 1 42 0 0 3 1 1 1 0.842583 0.000000 
22 1 43 0 0 3 1 1 1 0.837023 0.000000 
22 1 44 2 1 5 2 2 1 0.927991 0.000000 
22 1 45 0 2 1 3 3 1 1.127599 0.000000 
22 1 46 1 0 0 1 1 1 0.935273 0.000000 
22 1 47 1 2 2 3 3 1 1.142239 0.000000 
22 1 48 0 3 2 4 4 1 0.756197 0.000000 
22 1 49 0 3 2 4 4 1 0.578439 0.000000 
22 1 50 0 1 0 2 2 1 0.735920 0.000000 
22 1 51 1 0 0 1 1 1 0.726766 0.000000 
22 1 52 1 0 0 1 1 1 0.566290 0.000000 
22 1 53 0 2 1 3 3 1 0.844207 0.000000 
22 1 54 2 1 5 2 2 1 1.126693 0.000000 
22 1 55 0 3 2 4 4 1 0.806315 0.000000 
22 1 56 0 3 2 4 4 1 0.633549 0.000000 
22 1 57 0 3 2 4 4 1 0.484389 0.000000 
22 1 58 2 0 5 1 1 1 0.853176 0.000000 
22 1 59 1 2 2 3 3 1 1.503432 0.000000 
22 1 60 1 0 0 1 1 1 0.807908 0.000000 
22 1 61 1 3 3 4 4 1 0.980157 0.000000 
22 1 62 2 2 5 3 3 1 1.593821 0.000000 
22 1 63 0 0 3 1 1 1 0.653979 0.000000 
22 1 64 2 0 5 1 1 1 0.608104 0.000000 
22 1 65 1 2 2 3 3 1 1.252306 0.000000 
22 1 66 2 0 5 1 1 1 0.702676 0.000000 
22 1 67 1 0 0 1 1 1 0.694863 0.000000 
22 1 68 2 2 5 3 3 1 0.615727 0.000000 
22 1 69 0 3 2 4 4 1 0.763880 0.000000 
22 1 70 0 2 1 3 3 1 0.914029 0.000000 
22 1 71 2 0 4 1 1 1 2.201421 0.000000 
22 1 72 2 2 5 3 3 1 1.166118 0.000000 
22 1 73 0 0 3 1 1 1 0.604209 0.000000 
22 1 74 2 2 5 3 3 1 0.967960 0.000000 
22 1 75 2 1 4 2 2 1 1.309579 0.000000 
22 1 76 2 0 5 1 1 1 0.645978 0.000000 
22 1 77 0 3 2 4 4 1 0.720831 0.000000 
22 1 78 1 0 0 1 1 1 0.679332 0.000000 
22 1 79 1 3 3 4 4 1 0.640861 0.000000 
22 1 80 0 2 1 3 3 1 0.739689 0.000000 
22 1 81 2 3 4 4 4 1 0.626564 0.000000 
22 1 82 1 2 2 3 3 1 1.126022 0.000000 
22 1 83 2 0 4 1 1 1 0.677715 0.000000 
22 1 84 0 3 2 4 4 1 0.703232 0.000000 
22 1 85 1 1 1 2 2 1 1.063471 0.000000 
22 1 86 2 1 5 2 2 1 1.000757 0.000000 
22 1 87 1 2 2 3 3 1 1.117016 0.000000 
22 1 88 2 0 5 1 1 1 0.796710 0.000000 
22 1 89 1 3 3 4 4 1 0.705612 0.000000 
22 1 90 2 2 5 3 3 1 1.265789 0.000000 
22 1 91 2 2 4 3 3 1 0.723960 0.000000 
22 1 92 1 2 2 3 3 1 0.667724 0.000000 
22 1 93 1 2 2 3 3 1 0.492237 0.000000 
22 1 94 2 1 5 2 2 1 0.940970 0.000000 
22 1 95 0 1 0 2 2 1 0.675927 0.000000 
22 1 96 2 2 5 3 3 1 1.213467 0.000000 
22 1 97 1 2 2 3 3 1 0.497785 0.000000 
22 1 98 0 0 3 1 1 1 0.690586 0.000000 
22 1 99 0 1 0 2 2 1 0.795447 0.000000 
22 1 100 2 0 5 1 1 1 0.696326 0.000000 
22 1 101 1 2 2 3 3 1 0.744179 0.000000 
22 1 102 2 2 5 3 3 1 0.446997 0.000000 
22 1 103 0 1 0 2 2 1 0.785813 0.000000 
22 1 104 0 3 2 4 4 1 0.750657 0.000000 
22 1 105 2 2 4 3 3 1 0.692884 0.000000 
22 1 106 2 0 5 1 1 1 0.653720 0.000000 
22 1 107 0 2 1 3 3 1 1.743956 0.000000 
22 1 108 1 1 1 2 2 1 0.838227 0.000000 
22 1 109 1 0 0 1 1 1 0.569004 0.000000 
22 1 110 1 3 3 4 4 1 0.502529 0.000000 
22 1 111 0 3 2 4 4 1 0.622617 0.000000 
22 1 112 1 1 1 2 2 1 0.722088 0.000000 
22 1 113 2 1 4 2 2 1 0.513630 0.000000 
22 1 114 2 0 5 1 1 1 0.609769 0.000000 
22 1 115 1 1 1 2 2 1 0.573894 0.000000 
22 1 116 2 3 5 4 4 1 0.643402 0.000000 
22 1 117 1 1 1 2 2 1 0.693207 0.000000 
22 1 118 2 2 5 3 4 0 0.589984 0.000000 
22 1 119 2 1 4 2 2 1 0.774822 0.000000 
22 1 120 1 3 3 4 4 1 0.555952 0.000000 
22 1 121 0 2 1 3 3 1 0.834048 0.000000 
22 1 122 0 2 1 3 3 1 0.740997 0.000000 
22 1 123 0 3 2 4 4 1 0.643867 0.000000 
22 1 124 1 2 2 3 3 1 0.718702 0.000000 
22 1 125 1 2 2 3 3 1 0.469201 0.000000 
22 1 126 0 0 3 1 1 1 0.718651 0.000000 
22 1 127 0 2 1 3 3 1 0.894172 0.000000 
22 1 128 1 3 3 4 4 1 0.623023 0.000000 
22 1 129 2 2 4 3 3 1 0.906574 0.000000 
22 1 130 2 2 5 3 3 1 0.458835 0.000000 
22 1 131 0 3 2 4 4 1 0.596903 0.000000 
22 1 132 0 1 0 2 2 1 0.705739 0.000000 
22 1 133 0 3 2 4 4 1 0.592911 0.000000 
22 1 134 0 0 3 1 1 1 2.461819 0.000000 
22 1 135 0 0 3 1 1 1 0.432580 0.000000 
22 1 136 2 0 5 1 1 1 0.644007 0.000000 
22 1 137 2 0 4 1 1 1 0.478818 0.000000 
22 1 138 1 2 2 3 3 1 0.712278 0.000000 
22 1 139 1 3 3 4 4 1 0.552431 0.000000 
22 1 140 0 0 3 1 1 1 1.197611 0.000000 
22 1 141 1 1 1 2 2 1 0.690619 0.000000 
22 1 142 2 3 5 4 4 1 0.587462 0.000000 
22 1 143 0 2 1 3 3 1 0.688301 0.000000 
22 1 144 0 0 3 1 1 1 0.601108 0.000000 
22 1 145 2 3 4 4 4 1 0.573276 0.000000 
22 1 146 0 3 2 4 4 1 0.522752 0.000000 
22 1 147 0 3 2 4 4 1 0.602195 0.000000 
22 1 148 2 1 5 2 2 1 0.654343 0.000000 
22 1 149 2 0 4 1 1 1 0.607526 0.000000 
22 1 150 1 3 3 4 4 1 1.251706 0.000000 
22 1 151 0 3 2 4 4 1 0.598011 0.000000 
22 1 152 2 2 5 3 3 1 1.498912 0.000000 
22 1 153 2 1 4 2 2 1 0.620008 0.000000 
22 1 154 2 3 5 4 3 0 0.695539 0.000000 
22 1 155 0 1 0 2 2 1 1.091382 0.000000 
22 1 156 1 3 3 4 4 1 0.491889 0.000000 
22 1 157 0 1 0 2 2 1 0.748688 0.000000 
22 1 158 2 1 5 2 2 1 0.867548 0.000000 
22 1 159 2 0 4 1 1 1 0.757125 0.000000 
22 1 160 2 0 5 1 1 1 0.515317 0.000000 
22 1 161 1 2 2 3 3 1 2.363529 0.000000 
22 1 162 0 2 1 3 3 1 0.610217 0.000000 
22 1 163 0 0 3 1 1 1 0.621406 0.000000 
22 1 164 2 3 5 4 4 1 1.848976 0.000000 
22 1 165 1 0 0 1 1 1 0.539965 0.000000 
22 1 166 0 2 1 3 3 1 0.995022 0.000000 
22 1 167 2 2 4 3 3 1 0.519936 0.000000 
22 1 168 1 3 3 4 4 1 0.479396 0.000000 
22 1 169 1 0 0 1 1 1 0.672817 0.000000 
22 1 170 1 2 2 3 3 1 0.690358 0.000000 
22 1 171 2 3 4 4 4 1 0.754194 0.000000 
22 1 172 0 0 3 1 1 1 1.072400 0.000000 
22 1 173 1 0 0 1 1 1 0.706002 0.000000 
22 1 174 0 3 2 4 4 1 0.610229 0.000000 
22 1 175 1 3 3 4 4 1 0.534374 0.000000 
22 1 176 2 1 5 2 2 1 0.757168 0.000000 
22 1 177 1 3 3 4 4 1 0.891371 0.000000 
22 1 178 1 0 0 1 1 1 0.484309 0.000000 
22 1 179 1 1 1 2 2 1 0.612056 0.000000 
22 1 180 1 2 2 3 3 1 0.520202 0.000000 
22 1 181 0 0 3 1 1 1 0.655680 0.000000 
22 1 182 0 1 0 2 2 1 0.817854 0.000000 
22 1 183 2 3 4 4 4 1 0.709401 0.000000 
22 1 184 1 3 3 4 4 1 0.525580 0.000000 
22 1 185 2 1 4 2 2 1 0.813007 0.000000 
22 1 186 0 0 3 1 1 1 0.633298 0.000000 
22 1 187 2 1 4 2 2 1 0.523064 0.000000 
22 1 188 2 1 5 2 2 1 0.794562 0.000000 
22 1 189 1 0 0 1 1 1 0.607454 0.000000 
22 1 190 0 1 0 2 2 1 0.843584 0.000000 
22 1 191 1 0 0 1 1 1 0.462486 0.000000 
22 1 192 2 1 5 2 2 1 0.600679 0.000000 
22 1 1 0 0 3 1 1 1 2.164416 0.000000 
22 1 2 0 1 0 2 2 1 0.770353 0.000000 
22 1 3 1 0 0 1 1 1 0.599519 0.000000 
22 1 4 0 0 3 1 1 1 0.516035 0.000000 
22 1 5 0 3 2 4 4 1 0.715505 0.000000 
22 1 6 2 3 5 4 4 1 0.499279 0.000000 
22 1 7 1 3 3 4 4 1 0.435980 0.000000 
22 1 8 0 0 3 1 1 1 1.422845 0.000000 
22 1 9 2 3 4 4 4 1 0.681565 0.000000 
22 1 10 1 2 2 3 3 1 1.042872 0.000000 
22 1 11 2 0 4 1 1 1 0.733394 0.000000 
22 1 12 0 2 1 3 3 1 0.900295 0.000000 
22 1 13 0 3 2 4 4 1 0.644566 0.000000 
22 1 14 1 1 1 2 2 1 1.111397 0.000000 
22 1 15 0 3 2 4 4 1 0.671726 0.000000 
22 1 16 1 2 2 3 2 0 0.937269 0.000000 
22 1 17 2 3 4 4 4 1 0.611137 0.000000 
22 1 18 1 1 1 2 2 1 0.734866 0.000000 
22 1 19 0 3 2 4 4 1 1.269760 0.000000 
22 1 20 1 1 1 2 2 1 1.095489 0.000000 
22 1 21 1 1 1 2 2 1 0.512458 0.000000 
22 1 22 0 1 0 2 2 1 0.904582 0.000000 
22 1 23 0 1 0 2 2 1 0.472837 0.000000 
22 1 24 1 2 2 3 3 1 1.465296 0.000000 
22 1 25 1 3 3 4 4 1 0.691772 0.000000 
22 1 26 2 0 5 1 1 1 0.692623 0.000000 
22 1 27 2 3 4 4 4 1 0.605455 0.000000 
22 1 28 1 1 1 2 2 1 0.729615 0.000000 
22 1 29 0 1 0 2 2 1 0.713142 0.000000 
22 1 30 0 1 0 2 2 1 0.489298 0.000000 
22 1 31 0 1 0 2 2 1 0.546105 0.000000 
22 1 32 1 0 0 1 1 1 0.775903 0.000000 
22 1 33 2 2 4 3 3 1 0.781453 0.000000 
22 1 34 2 1 5 2 2 1 0.698972 0.000000 
22 1 35 1 0 0 1 1 1 0.635831 0.000000 
22 1 36 2 2 5 3 3 1 0.726649 0.000000 
22 1 37 2 2 4 3 3 1 1.062201 0.000000 
22 1 38 1 2 2 3 3 1 0.496491 0.000000 
22 1 39 1 3 3 4 4 1 0.617317 0.000000 
22 1 40 2 0 5 1 1 1 1.763811 0.000000 
22 1 41 1 0 0 1 1 1 0.506341 0.000000 
22 1 42 0 3 2 4 4 1 0.610445 0.000000 
22 1 43 2 1 4 2 2 1 0.686614 0.000000 
22 1 44 0 1 0 2 2 1 0.599441 0.000000 
22 1 45 2 0 4 1 1 1 0.612022 0.000000 
22 1 46 0 1 0 2 2 1 0.631761 0.000000 
22 1 47 2 2 4 3 3 1 0.875255 0.000000 
22 1 48 0 3 2 4 4 1 2.371907 0.000000 
22 1 49 1 2 2 3 3 1 0.665972 0.000000 
22 1 50 1 0 0 1 1 1 0.659980 0.000000 
22 1 51 2 3 4 4 4 1 0.646348 0.000000 
22 1 52 2 2 5 3 3 1 1.473177 0.000000 
22 1 53 0 1 0 2 2 1 0.490942 0.000000 
22 1 54 2 2 5 3 3 1 0.579737 0.000000 
22 1 55 2 2 4 3 3 1 0.688225 0.000000 
22 1 56 1 3 3 4 4 1 0.585007 0.000000 
22 1 57 2 1 4 2 2 1 2.213931 0.000000 
22 1 58 1 3 3 4 4 1 0.562608 0.000000 
22 1 59 0 0 3 1 1 1 0.992777 0.000000 
22 1 60 1 1 1 2 2 1 0.653738 0.000000 
22 1 61 0 3 2 4 4 1 0.679894 0.000000 
22 1 62 0 2 1 3 3 1 1.568428 0.000000 
22 1 63 2 2 4 3 3 1 0.494251 0.000000 
22 1 64 0 1 0 2 2 1 0.614974 0.000000 
22 1 65 1 1 1 2 2 1 0.435153 0.000000 
22 1 66 0 1 0 2 2 1 0.397899 0.000000 
22 1 67 2 3 4 4 4 1 0.602658 0.000000 
22 1 68 0 1 0 2 2 1 0.550803 0.000000 
22 1 69 0 3 2 4 4 1 0.580903 0.000000 
22 1 70 2 1 5 2 2 1 0.681377 0.000000 
22 1 71 2 1 4 2 2 1 0.802913 0.000000 
22 1 72 0 1 0 2 2 1 0.423137 0.000000 
22 1 73 1 0 0 1 1 1 0.706573 0.000000 
22 1 74 1 0 0 1 1 1 0.498730 0.000000 
22 1 75 2 0 4 1 1 1 0.635521 0.000000 
22 1 76 1 1 1 2 2 1 0.670325 0.000000 
22 1 77 1 0 0 1 1 1 0.567829 0.000000 
22 1 78 2 3 5 4 4 1 0.613320 0.000000 
22 1 79 1 1 1 2 2 1 0.632472 0.000000 
22 1 80 0 0 3 1 1 1 0.603943 0.000000 
22 1 81 1 0 0 1 1 1 0.512061 0.000000 
22 1 82 1 1 1 2 2 1 0.608209 0.000000 
22 1 83 1 1 1 2 2 1 0.652355 0.000000 
22 1 84 1 2 2 3 3 1 0.750537 0.000000 
22 1 85 2 3 4 4 4 1 0.596709 0.000000 
22 1 86 0 1 0 2 2 1 0.553542 0.000000 
22 1 87 2 0 4 1 1 1 0.630702 0.000000 
22 1 88 2 2 5 3 3 1 0.602147 0.000000 
22 1 89 0 3 2 4 4 1 0.910333 0.000000 
22 1 90 0 3 2 4 4 1 0.606626 0.000000 
22 1 91 0 2 1 3 2 0 0.610693 0.000000 
22 1 92 1 2 2 3 3 1 0.562811 0.000000 
22 1 93 1 1 1 2 2 1 1.552575 0.000000 
22 1 94 0 2 1 3 3 1 0.951035 0.000000 
22 1 95 1 2 2 3 3 1 0.916351 0.000000 
22 1 96 2 1 5 2 2 1 1.564198 0.000000 
22 1 97 1 0 0 1 1 1 0.626421 0.000000 
22 1 98 2 3 5 4 4 1 0.533920 0.000000 
22 1 99 0 0 3 1 1 1 0.596732 0.000000 
22 1 100 1 3 3 4 4 1 0.609547 0.000000 
22 1 101 2 1 4 2 2 1 3.044824 0.000000 
22 1 102 0 1 0 2 2 1 0.504369 0.000000 
22 1 103 2 2 4 3 3 1 0.632541 0.000000 
22 1 104 0 3 2 4 4 1 0.612005 0.000000 
22 1 105 1 0 0 1 1 1 0.640200 0.000000 
22 1 106 0 2 1 3 2 0 0.771000 0.000000 
22 1 107 0 3 2 4 4 1 0.596500 0.000000 
22 1 108 1 2 2 3 3 1 0.800916 0.000000 
22 1 109 2 2 4 3 3 1 0.604127 0.000000 
22 1 110 0 0 3 1 1 1 1.816314 0.000000 
22 1 111 2 3 4 4 4 1 0.564221 0.000000 
22 1 112 2 2 5 3 3 1 0.690357 0.000000 
22 1 113 0 3 2 4 3 0 0.603197 0.000000 
22 1 114 1 2 2 3 3 1 0.835305 0.000000 
22 1 115 1 1 1 2 2 1 0.781805 0.000000 
22 1 116 0 0 3 1 1 1 0.706317 0.000000 
22 1 117 2 2 4 3 3 1 0.978547 0.000000 
22 1 118 1 0 0 1 1 1 0.576153 0.000000 
22 1 119 2 2 4 3 3 1 0.669627 0.000000 
22 1 120 2 0 5 1 1 1 0.639118 0.000000 
22 1 121 1 0 0 1 1 1 0.633953 0.000000 
22 1 122 0 1 0 2 2 1 1.252850 0.000000 
22 1 123 2 2 4 3 3 1 0.695193 0.000000 
22 1 124 1 1 1 2 2 1 0.990973 0.000000 
22 1 125 0 3 2 4 4 1 0.651967 0.000000 
22 1 126 0 3 2 4 4 1 0.502167 0.000000 
22 1 127 1 0 0 1 1 1 0.598271 0.000000 
22 1 128 0 2 1 3 3 1 0.683085 0.000000 
22 1 129 1 1 1 2 2 1 0.732133 0.000000 
22 1 130 2 0 5 1 1 1 1.419490 0.000000 
22 1 131 1 3 3 4 4 1 0.559204 0.000000 
22 1 132 0 2 1 3 3 1 0.668395 0.000000 
22 1 133 1 0 0 1 1 1 0.557886 0.000000 
22 1 134 1 0 0 1 1 1 0.499965 0.000000 
22 1 135 2 0 4 1 1 1 0.556135 0.000000 
22 1 136 0 1 0 2 2 1 0.634275 0.000000 
22 1 137 2 2 4 3 3 1 0.621096 0.000000 
22 1 138 2 3 5 4 4 1 0.592590 0.000000 
22 1 139 0 3 2 4 4 1 0.501390 0.000000 
22 1 140 1 0 0 1 1 1 0.517495 0.000000 
22 1 141 0 1 0 2 2 1 0.579951 0.000000 
22 1 142 0 2 1 3 3 1 0.833426 0.000000 
22 1 143 2 1 4 2 2 1 0.556290 0.000000 
22 1 144 1 0 0 1 1 1 0.554441 0.000000 
22 1 145 0 0 3 1 1 1 0.832601 0.000000 
22 1 146 0 1 0 2 2 1 0.635986 0.000000 
22 1 147 2 0 4 1 1 1 0.622997 0.000000 
22 1 148 0 0 3 1 1 1 0.482470 0.000000 
22 1 149 1 0 0 1 1 1 0.466900 0.000000 
22 1 150 2 1 5 2 2 1 0.684315 0.000000 
22 1 151 2 0 4 1 1 1 0.613208 0.000000 
22 1 152 2 3 5 4 4 1 0.537317 0.000000 
22 1 153 0 2 1 3 3 1 0.544111 0.000000 
22 1 154 2 2 5 3 3 1 0.462879 0.000000 
22 1 155 2 0 4 1 1 1 0.664986 0.000000 
22 1 156 2 2 5 3 3 1 0.587142 0.000000 
22 1 157 0 0 3 1 1 1 0.638960 0.000000 
22 1 158 0 1 0 2 2 1 0.825806 0.000000 
22 1 159 2 0 4 1 1 1 0.757335 0.000000 
22 1 160 0 3 2 4 4 1 0.579571 0.000000 
22 1 161 0 1 0 2 3 0 0.841031 0.000000 
22 1 162 2 1 5 2 2 1 0.719913 0.000000 
22 1 163 1 2 2 3 3 1 0.583017 0.000000 
22 1 164 2 3 5 4 4 1 0.684002 0.000000 
22 1 165 1 3 3 4 4 1 0.515652 0.000000 
22 1 166 2 0 5 1 1 1 0.587785 0.000000 
22 1 167 1 2 2 3 3 1 0.640580 0.000000 
22 1 168 1 3 3 4 4 1 0.531414 0.000000 
22 1 169 1 3 3 4 4 1 0.562873 0.000000 
22 1 170 1 3 3 4 4 1 0.424979 0.000000 
22 1 171 0 1 0 2 2 1 1.268411 0.000000 
22 1 172 2 0 5 1 1 1 0.662128 0.000000 
22 1 173 1 3 3 4 4 1 0.503297 0.000000 
22 1 174 1 3 3 4 4 1 0.439406 0.000000 
22 1 175 0 2 1 3 3 1 0.594150 0.000000 
22 1 176 2 2 5 3 3 1 0.478930 0.000000 
22 1 177 1 0 0 1 1 1 0.600402 0.000000 
22 1 178 0 1 0 2 3 0 0.492557 0.000000 
22 1 179 1 1 1 2 2 1 0.577295 0.000000 
22 1 180 2 2 5 3 3 1 0.590325 0.000000 
22 1 181 0 0 3 1 1 1 0.547139 0.000000 
22 1 182 2 3 5 4 4 1 0.640925 0.000000 
22 1 183 0 3 2 4 4 1 0.539758 0.000000 
22 1 184 0 3 2 4 4 1 0.498532 0.000000 
22 1 185 2 2 4 3 3 1 0.739336 0.000000 
22 1 186 2 2 5 3 3 1 0.474189 0.000000 
22 1 187 2 2 4 3 3 1 0.427613 0.000000 
22 1 188 1 2 2 3 3 1 0.462975 0.000000 
22 1 189 1 2 2 3 3 1 0.377121 0.000000 
22 1 190 2 0 5 1 1 1 0.734512 0.000000 
22 1 191 1 3 3 4 4 1 0.468373 0.000000 
22 1 192 2 3 5 4 4 1 0.477771 0.000000 
