20 1 1 0 1 2 2 2 1 1.938693 0.000000 
20 1 2 0 0 1 1 1 1 0.904408 0.000000 
20 1 3 2 1 4 2 2 1 0.776214 0.000000 
20 1 4 2 1 5 2 2 1 0.669856 0.000000 
20 1 5 0 3 0 4 4 1 0.631305 0.000000 
20 1 6 0 0 1 1 1 1 0.970374 0.000000 
20 1 7 1 0 0 1 1 1 0.856039 0.000000 
20 1 8 0 3 0 4 4 1 0.706431 0.000000 
20 1 9 0 1 2 2 2 1 0.810657 0.000000 
20 1 10 2 2 5 3 3 1 1.021867 0.000000 
20 1 11 1 3 3 4 4 1 1.065019 0.000000 
20 1 12 1 0 0 1 1 1 0.947484 0.000000 
20 1 13 0 1 2 2 2 1 0.826519 0.000000 
20 1 14 2 3 5 4 4 1 0.630124 0.000000 
20 1 15 2 2 4 3 3 1 0.705767 0.000000 
20 1 16 1 3 3 4 4 1 0.746020 0.000000 
20 1 17 1 3 3 4 4 1 0.560862 0.000000 
20 1 18 1 2 2 3 3 1 0.814104 0.000000 
20 1 19 1 3 3 4 4 1 0.522401 0.000000 
20 1 20 0 3 0 4 4 1 0.737970 0.000000 
20 1 21 2 0 4 1 1 1 1.000934 0.000000 
20 1 22 1 3 3 4 4 1 0.701284 0.000000 
20 1 23 2 3 4 4 4 1 1.365625 0.000000 
20 1 24 2 1 5 2 2 1 0.923981 0.000000 
20 1 25 1 2 2 3 3 1 0.730169 0.000000 
20 1 26 2 0 5 1 1 1 1.001792 0.000000 
20 1 27 1 3 3 4 4 1 0.662155 0.000000 
20 1 28 1 3 3 4 4 1 0.744405 0.000000 
20 1 29 1 3 3 4 4 1 0.535350 0.000000 
20 1 30 2 2 5 3 3 1 0.598261 0.000000 
20 1 31 1 0 0 1 1 1 0.755119 0.000000 
20 1 32 1 2 2 3 3 1 0.880392 0.000000 
20 1 33 2 3 4 4 4 1 0.914053 0.000000 
20 1 34 0 2 3 3 3 1 0.874410 0.000000 
20 1 35 1 0 0 1 1 1 0.804100 0.000000 
20 1 36 1 2 2 3 3 1 1.064430 0.000000 
20 1 37 0 3 0 4 4 1 0.522744 0.000000 
20 1 38 2 1 5 2 2 1 0.866306 0.000000 
20 1 39 0 2 3 3 3 1 0.627917 0.000000 
20 1 40 2 0 5 1 1 1 0.830582 0.000000 
20 1 41 0 3 0 4 4 1 0.698169 0.000000 
20 1 42 2 0 5 1 1 1 0.923173 0.000000 
20 1 43 0 2 3 3 3 1 0.698850 0.000000 
20 1 44 0 3 0 4 4 1 0.771780 0.000000 
20 1 45 0 3 0 4 4 1 0.545347 0.000000 
20 1 46 1 0 0 1 1 1 0.704252 0.000000 
20 1 47 2 2 4 3 3 1 0.728493 0.000000 
20 1 48 0 0 1 1 1 1 0.935165 0.000000 
20 1 49 0 1 2 2 2 1 0.750174 0.000000 
20 1 50 0 2 3 3 3 1 0.812457 0.000000 
20 1 51 1 0 0 1 1 1 0.736740 0.000000 
20 1 52 0 3 0 4 4 1 0.775738 0.000000 
20 1 53 1 0 0 1 1 1 0.973390 0.000000 
20 1 54 0 3 0 4 4 1 1.051002 0.000000 
20 1 55 0 0 1 1 1 1 1.036483 0.000000 
20 1 56 2 2 5 3 3 1 0.639540 0.000000 
20 1 57 1 3 3 4 4 1 0.610411 0.000000 
20 1 58 2 0 5 1 1 1 0.854664 0.000000 
20 1 59 0 2 3 3 3 1 0.784981 0.000000 
20 1 60 1 2 2 3 3 1 0.573950 0.000000 
20 1 61 0 2 3 3 3 1 0.651527 0.000000 
20 1 62 2 1 5 2 2 1 1.277798 0.000000 
20 1 63 2 2 4 3 3 1 0.726596 0.000000 
20 1 64 1 2 2 3 3 1 0.742193 0.000000 
20 1 65 1 0 0 1 1 1 0.693172 0.000000 
20 1 66 2 1 5 2 2 1 0.870098 0.000000 
20 1 67 0 0 1 1 1 1 0.887805 0.000000 
20 1 68 0 0 1 1 1 1 0.640751 0.000000 
20 1 69 1 3 3 4 4 1 0.635668 0.000000 
20 1 70 1 1 1 2 2 1 1.837671 0.000000 
20 1 71 2 2 4 3 3 1 0.616998 0.000000 
20 1 72 1 1 1 2 2 1 0.836517 0.000000 
20 1 73 0 0 1 1 1 1 0.751535 0.000000 
20 1 74 0 1 2 2 2 1 0.813813 0.000000 
20 1 75 1 2 2 3 3 1 0.602119 0.000000 
20 1 76 2 1 5 2 2 1 1.174370 0.000000 
20 1 77 0 1 2 2 2 1 0.883189 0.000000 
20 1 78 0 0 1 1 1 1 0.756193 0.000000 
20 1 79 0 0 1 1 1 1 0.642513 0.000000 
20 1 80 2 2 5 3 3 1 0.645347 0.000000 
20 1 81 2 0 4 1 1 1 1.768308 0.000000 
20 1 82 2 2 5 3 3 1 0.726319 0.000000 
20 1 83 2 0 4 1 1 1 1.309959 0.000000 
20 1 84 1 1 1 2 2 1 2.957584 0.000000 
20 1 85 0 3 0 4 4 1 0.636664 0.000000 
20 1 86 0 3 0 4 4 1 0.695556 0.000000 
20 1 87 0 1 2 2 2 1 0.904511 0.000000 
20 1 88 2 2 5 3 3 1 1.104865 0.000000 
20 1 89 2 3 4 4 4 1 0.929274 0.000000 
20 1 90 2 0 5 1 1 1 0.945004 0.000000 
20 1 91 2 3 4 4 4 1 0.694841 0.000000 
20 1 92 0 3 0 4 4 1 0.599284 0.000000 
20 1 93 0 3 0 4 4 1 0.555995 0.000000 
20 1 94 2 1 5 2 2 1 0.801671 0.000000 
20 1 95 1 1 1 2 2 1 0.613980 0.000000 
20 1 96 0 0 1 1 1 1 1.186236 0.000000 
20 1 97 0 0 1 1 1 1 0.551337 0.000000 
20 1 98 2 0 5 1 1 1 0.661585 0.000000 
20 1 99 2 0 4 1 1 1 0.670797 0.000000 
20 1 100 1 1 1 2 2 1 2.128498 0.000000 
20 1 101 1 3 3 4 4 1 0.688676 0.000000 
20 1 102 1 2 2 3 3 1 0.817510 0.000000 
20 1 103 2 3 4 4 4 1 0.637191 0.000000 
20 1 104 0 0 1 1 1 1 0.704102 0.000000 
20 1 105 2 2 4 3 3 1 0.992419 0.000000 
20 1 106 2 1 5 2 2 1 2.068541 0.000000 
20 1 107 0 1 2 2 2 1 0.590603 0.000000 
20 1 108 0 1 2 2 2 1 0.475499 0.000000 
20 1 109 2 3 4 4 4 1 0.660924 0.000000 
20 1 110 1 2 2 3 3 1 0.551213 0.000000 
20 1 111 2 3 4 4 4 1 0.661433 0.000000 
20 1 112 0 2 3 3 3 1 0.727706 0.000000 
20 1 113 1 3 3 4 4 1 0.863300 0.000000 
20 1 114 1 2 2 3 3 1 0.696599 0.000000 
20 1 115 1 1 1 2 2 1 1.289528 0.000000 
20 1 116 0 1 2 2 2 1 2.114785 0.000000 
20 1 117 1 3 3 4 4 1 0.611567 0.000000 
20 1 118 2 2 5 3 3 1 0.607826 0.000000 
20 1 119 2 0 4 1 1 1 0.660040 0.000000 
20 1 120 0 3 0 4 4 1 0.662248 0.000000 
20 1 121 2 3 4 4 4 1 0.607518 0.000000 
20 1 122 0 1 2 2 2 1 0.811736 0.000000 
20 1 123 1 2 2 3 3 1 0.736040 0.000000 
20 1 124 0 1 2 2 2 1 0.670976 0.000000 
20 1 125 2 0 4 1 1 1 0.608620 0.000000 
20 1 126 0 0 1 1 1 1 0.492764 0.000000 
20 1 127 1 1 1 2 2 1 2.085750 0.000000 
20 1 128 0 2 3 3 3 1 0.814149 0.000000 
20 1 129 0 1 2 2 1 0 0.850505 0.000000 
20 1 130 1 3 3 4 4 1 0.800633 0.000000 
20 1 131 0 1 2 2 2 1 1.124677 0.000000 
20 1 132 2 3 5 4 4 1 0.716469 0.000000 
20 1 133 1 2 2 3 3 1 1.148102 0.000000 
20 1 134 2 0 5 1 1 1 0.675220 0.000000 
20 1 135 1 3 3 4 4 1 0.651775 0.000000 
20 1 136 0 3 0 4 4 1 0.509934 0.000000 
20 1 137 1 1 1 2 2 1 1.462295 0.000000 
20 1 138 2 2 5 3 3 1 0.544788 0.000000 
20 1 139 0 0 1 1 1 1 0.639650 0.000000 
20 1 140 1 2 2 3 3 1 0.642600 0.000000 
20 1 141 0 1 2 2 2 1 0.933485 0.000000 
20 1 142 0 2 3 3 3 1 0.883582 0.000000 
20 1 143 1 3 3 4 4 1 0.468499 0.000000 
20 1 144 1 3 3 4 4 1 0.469967 0.000000 
20 1 145 1 1 1 2 2 1 1.423541 0.000000 
20 1 146 1 1 1 2 2 1 0.955451 0.000000 
20 1 147 0 1 2 2 2 1 1.169771 0.000000 
20 1 148 2 0 5 1 1 1 1.295589 0.000000 
20 1 149 1 0 0 1 1 1 0.776803 0.000000 
20 1 150 0 2 3 3 3 1 0.973405 0.000000 
20 1 151 1 0 0 1 1 1 0.611135 0.000000 
20 1 152 2 2 5 3 3 1 0.495319 0.000000 
20 1 153 1 1 1 2 2 1 0.856127 0.000000 
20 1 154 0 1 2 2 2 1 0.570527 0.000000 
20 1 155 2 1 4 2 2 1 0.584049 0.000000 
20 1 156 0 2 3 3 3 1 0.604931 0.000000 
20 1 157 1 0 0 1 1 1 0.537231 0.000000 
20 1 158 2 0 5 1 1 1 0.608046 0.000000 
20 1 159 2 2 4 3 3 1 0.523214 0.000000 
20 1 160 0 1 2 2 2 1 0.610794 0.000000 
20 1 161 0 0 1 1 1 1 0.742976 0.000000 
20 1 162 1 1 1 2 1 0 0.557974 0.000000 
20 1 163 2 0 4 1 1 1 0.855995 0.000000 
20 1 164 2 1 5 2 2 1 0.658002 0.000000 
20 1 165 2 1 4 2 2 1 0.715368 0.000000 
20 1 166 1 2 2 3 3 1 0.587568 0.000000 
20 1 167 1 3 3 4 4 1 0.472419 0.000000 
20 1 168 1 1 1 2 2 1 1.865998 0.000000 
20 1 169 1 0 0 1 1 1 0.588020 0.000000 
20 1 170 0 1 2 2 2 1 0.648875 0.000000 
20 1 171 1 2 2 3 3 1 0.619851 0.000000 
20 1 172 0 0 1 1 1 1 0.591371 0.000000 
20 1 173 2 2 4 3 3 1 0.588218 0.000000 
20 1 174 2 3 5 4 4 1 0.568214 0.000000 
20 1 175 1 2 2 3 3 1 0.557677 0.000000 
20 1 176 2 3 5 4 4 1 0.531906 0.000000 
20 1 177 1 1 1 2 2 1 0.779450 0.000000 
20 1 178 0 2 3 3 3 1 0.609042 0.000000 
20 1 179 2 3 4 4 4 1 0.525237 0.000000 
20 1 180 2 0 5 1 1 1 0.524810 0.000000 
20 1 181 2 2 4 3 3 1 0.564320 0.000000 
20 1 182 2 3 5 4 4 1 0.545548 0.000000 
20 1 183 0 1 2 2 2 1 0.472394 0.000000 
20 1 184 1 0 0 1 1 1 0.521866 0.000000 
20 1 185 2 1 4 2 2 1 0.617440 0.000000 
20 1 186 1 1 1 2 2 1 0.700947 0.000000 
20 1 187 1 2 2 3 3 1 0.581236 0.000000 
20 1 188 0 2 3 3 3 1 0.674821 0.000000 
20 1 189 1 0 0 1 1 1 0.580365 0.000000 
20 1 190 2 2 5 3 3 1 0.976978 0.000000 
20 1 191 2 1 4 2 2 1 0.590659 0.000000 
20 1 192 2 3 5 4 4 1 0.587536 0.000000 
20 1 1 1 0 0 1 1 1 3.149997 0.000000 
20 1 2 2 1 5 2 2 1 0.676495 0.000000 
20 1 3 2 2 4 3 3 1 0.821448 0.000000 
20 1 4 1 0 0 1 1 1 0.584538 0.000000 
20 1 5 2 0 4 1 1 1 1.069491 0.000000 
20 1 6 2 0 5 1 1 1 0.599201 0.000000 
20 1 7 1 1 1 2 2 1 0.722971 0.000000 
20 1 8 0 2 1 3 3 1 0.722056 0.000000 
20 1 9 2 3 4 4 4 1 0.601533 0.000000 
20 1 10 2 0 5 1 1 1 1.253304 0.000000 
20 1 11 0 2 1 3 3 1 2.175849 0.000000 
20 1 12 2 2 5 3 3 1 0.573901 0.000000 
20 1 13 1 1 1 2 2 1 1.651532 0.000000 
20 1 14 0 0 3 1 1 1 0.885172 0.000000 
20 1 15 2 1 4 2 2 1 1.726246 0.000000 
20 1 16 1 0 0 1 1 1 0.670207 0.000000 
20 1 17 0 1 0 2 2 1 1.647915 0.000000 
20 1 18 0 3 2 4 4 1 0.699136 0.000000 
20 1 19 2 2 4 3 3 1 1.156011 0.000000 
20 1 20 1 3 3 4 4 1 0.721830 0.000000 
20 1 21 2 1 4 2 2 1 2.000533 0.000000 
20 1 22 2 3 5 4 4 1 0.565282 0.000000 
20 1 23 1 3 3 4 4 1 0.507523 0.000000 
20 1 24 2 0 5 1 1 1 0.555753 0.000000 
20 1 25 2 1 4 2 3 0 0.625899 0.000000 
20 1 26 1 2 2 3 3 1 0.913306 0.000000 
20 1 27 1 3 3 4 4 1 0.600490 0.000000 
20 1 28 1 0 0 1 1 1 0.540583 0.000000 
20 1 29 2 0 4 1 1 1 2.139564 0.000000 
20 1 30 1 1 1 2 2 1 0.770982 0.000000 
20 1 31 1 0 0 1 1 1 0.648672 0.000000 
20 1 32 0 0 3 1 2 0 0.715619 0.000000 
20 1 33 0 2 1 3 3 1 0.919645 0.000000 
20 1 34 1 3 3 4 4 1 0.582089 0.000000 
20 1 35 1 0 0 1 1 1 0.707694 0.000000 
20 1 36 1 2 2 3 3 1 0.771907 0.000000 
20 1 37 1 0 0 1 1 1 0.537479 0.000000 
20 1 38 0 0 3 1 1 1 0.568363 0.000000 
20 1 39 2 0 4 1 1 1 0.437948 0.000000 
20 1 40 2 2 5 3 3 1 0.528707 0.000000 
20 1 41 1 3 3 4 4 1 0.456319 0.000000 
20 1 42 0 3 2 4 4 1 0.554444 0.000000 
20 1 43 0 3 2 4 4 1 0.447673 0.000000 
20 1 44 0 1 0 2 2 1 0.754447 0.000000 
20 1 45 2 3 4 4 4 1 0.592763 0.000000 
20 1 46 1 1 1 2 2 1 0.581669 0.000000 
20 1 47 0 2 1 3 3 1 0.611238 0.000000 
20 1 48 2 3 5 4 4 1 0.535469 0.000000 
20 1 49 1 3 3 4 4 1 0.494334 0.000000 
20 1 50 1 0 0 1 1 1 0.591180 0.000000 
20 1 51 2 1 4 2 2 1 1.267042 0.000000 
20 1 52 2 1 5 2 3 0 0.628852 0.000000 
20 1 53 1 3 3 4 4 1 0.636261 0.000000 
20 1 54 0 1 0 2 2 1 0.686873 0.000000 
20 1 55 0 2 1 3 3 1 0.551844 0.000000 
20 1 56 2 2 5 3 3 1 0.501939 0.000000 
20 1 57 2 2 4 3 3 1 0.438204 0.000000 
20 1 58 0 3 2 4 4 1 0.577036 0.000000 
20 1 59 0 0 3 1 1 1 0.589556 0.000000 
20 1 60 0 2 1 3 3 1 0.594468 0.000000 
20 1 61 2 1 4 2 2 1 0.639366 0.000000 
20 1 62 0 0 3 1 1 1 0.650276 0.000000 
20 1 63 1 3 3 4 4 1 0.516516 0.000000 
20 1 64 0 1 0 2 2 1 0.580000 0.000000 
20 1 65 1 1 1 2 2 1 0.721614 0.000000 
20 1 66 0 1 0 2 2 1 0.745267 0.000000 
20 1 67 0 0 3 1 1 1 0.616177 0.000000 
20 1 68 0 2 1 3 3 1 0.642959 0.000000 
20 1 69 2 3 4 4 4 1 0.557606 0.000000 
20 1 70 1 0 0 1 1 1 0.659825 0.000000 
20 1 71 2 2 4 3 3 1 0.966166 0.000000 
20 1 72 1 0 0 1 1 1 0.596088 0.000000 
20 1 73 0 0 3 1 1 1 0.512637 0.000000 
20 1 74 1 2 2 3 3 1 0.760881 0.000000 
20 1 75 0 2 1 3 3 1 0.487119 0.000000 
20 1 76 2 3 5 4 4 1 0.606967 0.000000 
20 1 77 2 2 4 3 3 1 0.803218 0.000000 
20 1 78 0 0 3 1 1 1 0.623594 0.000000 
20 1 79 0 1 0 2 2 1 2.275142 0.000000 
20 1 80 0 3 2 4 4 1 0.621417 0.000000 
20 1 81 1 3 3 4 4 1 0.792939 0.000000 
20 1 82 0 1 0 2 2 1 0.709032 0.000000 
20 1 83 1 3 3 4 4 1 0.629211 0.000000 
20 1 84 2 2 5 3 3 1 0.432801 0.000000 
20 1 85 1 3 3 4 4 1 0.628061 0.000000 
20 1 86 2 0 5 1 1 1 0.735125 0.000000 
20 1 87 2 2 4 3 3 1 0.534091 0.000000 
20 1 88 0 2 1 3 3 1 0.573007 0.000000 
20 1 89 2 1 4 2 2 1 0.562486 0.000000 
20 1 90 2 0 5 1 1 1 0.472742 0.000000 
20 1 91 0 3 2 4 4 1 0.546224 0.000000 
20 1 92 0 2 1 3 3 1 1.112168 0.000000 
20 1 93 2 2 4 3 3 1 0.528514 0.000000 
20 1 94 2 0 5 1 1 1 0.567975 0.000000 
20 1 95 2 1 4 2 2 1 0.693600 0.000000 
20 1 96 0 0 3 1 1 1 0.622562 0.000000 
20 1 97 2 0 4 1 1 1 0.514002 0.000000 
20 1 98 2 2 5 3 3 1 1.010272 0.000000 
20 1 99 2 3 4 4 4 1 0.621698 0.000000 
20 1 100 2 1 5 2 2 1 0.881267 0.000000 
20 1 101 2 0 4 1 1 1 0.570946 0.000000 
20 1 102 2 2 5 3 3 1 0.664464 0.000000 
20 1 103 1 0 0 1 1 1 0.610709 0.000000 
20 1 104 2 0 5 1 1 1 0.598967 0.000000 
20 1 105 1 0 0 1 1 1 0.547846 0.000000 
20 1 106 2 3 5 4 4 1 0.498661 0.000000 
20 1 107 0 1 0 2 2 1 0.555578 0.000000 
20 1 108 2 3 5 4 4 1 0.504742 0.000000 
20 1 109 1 3 3 4 4 1 0.424951 0.000000 
20 1 110 0 0 3 1 1 1 0.604427 0.000000 
20 1 111 2 3 4 4 4 1 0.520646 0.000000 
20 1 112 2 3 5 4 4 1 0.616161 0.000000 
20 1 113 0 1 0 2 2 1 0.635967 0.000000 
20 1 114 2 2 5 3 3 1 0.574685 0.000000 
20 1 115 0 1 0 2 2 1 0.620218 0.000000 
20 1 116 1 2 2 3 3 1 0.582758 0.000000 
20 1 117 1 0 0 1 1 1 0.651875 0.000000 
20 1 118 1 3 3 4 4 1 0.541781 0.000000 
20 1 119 1 2 2 3 3 1 0.620773 0.000000 
20 1 120 0 3 2 4 4 1 0.712344 0.000000 
20 1 121 2 1 4 2 2 1 0.856602 0.000000 
20 1 122 0 0 3 1 1 1 0.578912 0.000000 
20 1 123 0 0 3 1 1 1 0.576469 0.000000 
20 1 124 0 2 1 3 3 1 0.670007 0.000000 
20 1 125 0 2 1 3 3 1 0.470609 0.000000 
20 1 126 2 1 5 2 2 1 1.800226 0.000000 
20 1 127 0 2 1 3 3 1 0.628819 0.000000 
20 1 128 0 0 3 1 1 1 0.616387 0.000000 
20 1 129 0 2 1 3 3 1 0.651956 0.000000 
20 1 130 2 2 5 3 3 1 0.558245 0.000000 
20 1 131 2 2 4 3 3 1 0.707505 0.000000 
20 1 132 1 0 0 1 1 1 0.635677 0.000000 
20 1 133 2 1 4 2 2 1 0.870645 0.000000 
20 1 134 1 1 1 2 2 1 0.816295 0.000000 
20 1 135 1 2 2 3 3 1 0.923957 0.000000 
20 1 136 1 3 3 4 4 1 0.507626 0.000000 
20 1 137 2 1 4 2 2 1 1.299918 0.000000 
20 1 138 1 1 1 2 2 1 0.612397 0.000000 
20 1 139 1 3 3 4 4 1 0.527552 0.000000 
20 1 140 1 1 1 2 3 0 0.663054 0.000000 
20 1 141 2 2 4 3 3 1 0.629148 0.000000 
20 1 142 0 1 0 2 2 1 0.824504 0.000000 
20 1 143 0 1 0 2 2 1 1.412198 0.000000 
20 1 144 0 1 0 2 2 1 0.696688 0.000000 
20 1 145 1 2 2 3 3 1 0.681578 0.000000 
20 1 146 1 0 0 1 1 1 0.642311 0.000000 
20 1 147 1 2 2 3 3 1 0.645100 0.000000 
20 1 148 2 2 5 3 3 1 0.487995 0.000000 
20 1 149 1 1 1 2 2 1 0.744907 0.000000 
20 1 150 1 3 3 4 1 0 0.327777 0.000000 
20 1 151 1 3 3 4 4 1 0.507009 0.000000 
20 1 152 1 0 0 1 1 1 0.539014 0.000000 
20 1 153 1 3 3 4 4 1 0.481876 0.000000 
20 1 154 0 1 0 2 2 1 3.338538 0.000000 
20 1 155 0 2 1 3 3 1 0.698361 0.000000 
20 1 156 1 1 1 2 2 1 0.907369 0.000000 
20 1 157 2 1 4 2 2 1 0.675746 0.000000 
20 1 158 1 2 2 3 3 1 0.893359 0.000000 
20 1 159 2 0 4 1 1 1 0.982374 0.000000 
20 1 160 2 3 5 4 4 1 1.715997 0.000000 
20 1 161 1 0 0 1 1 1 0.763021 0.000000 
20 1 162 1 0 0 1 1 1 0.617319 0.000000 
20 1 163 0 2 1 3 3 1 0.628947 0.000000 
20 1 164 0 0 3 1 1 1 0.760455 0.000000 
20 1 165 0 1 0 2 2 1 0.942778 0.000000 
20 1 166 0 1 0 2 2 1 0.645862 0.000000 
20 1 167 2 3 4 4 4 1 1.768773 0.000000 
20 1 168 2 1 5 2 2 1 2.101846 0.000000 
20 1 169 1 1 1 2 2 1 1.854735 0.000000 
20 1 170 0 3 2 4 4 1 2.593439 0.000000 
20 1 171 1 3 3 4 0 0 5.000004 0.000000 
20 1 172 1 0 0 1 1 1 1.344018 0.000000 
20 1 173 1 1 1 2 2 1 0.702947 0.000000 
20 1 174 2 3 5 4 4 1 0.551281 0.000000 
20 1 175 0 3 2 4 4 1 0.461425 0.000000 
20 1 176 0 1 0 2 3 0 0.439630 0.000000 
20 1 177 1 3 3 4 4 1 0.550214 0.000000 
20 1 178 0 0 3 1 1 1 1.252221 0.000000 
20 1 179 1 1 1 2 1 0 2.061748 0.000000 
20 1 180 0 3 2 4 4 1 2.412457 0.000000 
20 1 181 0 2 1 3 3 1 2.969224 0.000000 
20 1 182 0 3 2 4 4 1 0.535650 0.000000 
20 1 183 1 1 1 2 3 0 1.838599 0.000000 
20 1 184 2 2 5 3 3 1 0.756730 0.000000 
20 1 185 1 0 0 1 1 1 0.498752 0.000000 
20 1 186 2 0 5 1 1 1 0.547624 0.000000 
20 1 187 0 3 2 4 0 0 5.000004 0.000000 
20 1 188 0 3 2 4 4 1 0.564659 0.000000 
20 1 189 0 2 1 3 3 1 0.770310 0.000000 
20 1 190 0 2 1 3 4 0 0.934990 0.000000 
20 1 191 1 1 1 2 2 1 0.673815 0.000000 
20 1 192 2 1 5 2 2 1 0.571115 0.000000 
