10 1 1 1 1 1 2 2 1 2.200501 0.000000 
10 1 2 1 2 2 3 3 1 1.724627 0.000000 
10 1 3 2 2 4 3 3 1 1.076062 0.000000 
10 1 4 1 0 0 1 1 1 0.932595 0.000000 
10 1 5 2 2 4 3 3 1 0.883738 0.000000 
10 1 6 0 2 3 3 3 1 0.556667 0.000000 
10 1 7 0 1 2 2 2 1 0.842858 0.000000 
10 1 8 0 1 2 2 2 1 1.053756 0.000000 
10 1 9 0 2 3 3 3 1 0.640095 0.000000 
10 1 10 2 3 5 4 1 0 1.058800 0.000000 
10 1 11 2 0 4 1 1 1 1.039227 0.000000 
10 1 12 2 0 5 1 1 1 0.706187 0.000000 
10 1 13 2 2 4 3 3 1 0.762437 0.000000 
10 1 14 2 1 5 2 2 1 0.744649 0.000000 
10 1 15 2 3 4 4 4 1 0.815566 0.000000 
10 1 16 0 2 3 3 3 1 0.675749 0.000000 
10 1 17 0 2 3 3 3 1 0.589312 0.000000 
10 1 18 1 1 1 2 2 1 1.034194 0.000000 
10 1 19 1 1 1 2 2 1 1.236203 0.000000 
10 1 20 1 1 1 2 2 1 0.831295 0.000000 
10 1 21 2 0 4 1 1 1 0.434855 0.000000 
10 1 22 0 1 2 2 2 1 0.781644 0.000000 
10 1 23 0 0 1 1 1 1 0.811234 0.000000 
10 1 24 0 1 2 2 2 1 0.719468 0.000000 
10 1 25 2 0 4 1 1 1 1.247041 0.000000 
10 1 26 2 2 5 3 3 1 0.698144 0.000000 
10 1 27 2 3 4 4 4 1 0.730007 0.000000 
10 1 28 2 3 5 4 4 1 0.633556 0.000000 
10 1 29 0 0 1 1 1 1 0.908377 0.000000 
10 1 30 1 2 2 3 3 1 0.852703 0.000000 
10 1 31 0 1 2 2 2 1 0.718971 0.000000 
10 1 32 1 3 3 4 4 1 0.670546 0.000000 
10 1 33 2 0 4 1 1 1 0.736055 0.000000 
10 1 34 1 1 1 2 2 1 0.765981 0.000000 
10 1 35 2 1 4 2 2 1 0.675988 0.000000 
10 1 36 2 1 5 2 2 1 0.565047 0.000000 
10 1 37 1 2 2 3 4 0 0.651219 0.000000 
10 1 38 1 2 2 3 3 1 0.953425 0.000000 
10 1 39 0 0 1 1 1 1 0.727260 0.000000 
10 1 40 0 3 0 4 4 1 0.830806 0.000000 
10 1 41 1 0 0 1 1 1 0.826408 0.000000 
10 1 42 2 2 5 3 3 1 0.869003 0.000000 
10 1 43 1 2 2 3 3 1 0.678558 0.000000 
10 1 44 2 0 5 1 1 1 0.608078 0.000000 
10 1 45 0 3 0 4 4 1 0.676312 0.000000 
10 1 46 1 1 1 2 2 1 0.853872 0.000000 
10 1 47 0 3 0 4 4 1 0.688113 0.000000 
10 1 48 1 0 0 1 1 1 0.656122 0.000000 
10 1 49 1 1 1 2 2 1 0.691185 0.000000 
10 1 50 2 3 5 4 4 1 0.651040 0.000000 
10 1 51 2 2 4 3 3 1 0.805266 0.000000 
10 1 52 2 3 5 4 4 1 0.705516 0.000000 
10 1 53 1 2 2 3 3 1 0.841740 0.000000 
10 1 54 0 2 3 3 3 1 0.588635 0.000000 
10 1 55 0 3 0 4 4 1 0.673488 0.000000 
10 1 56 1 1 1 2 2 1 0.778081 0.000000 
10 1 57 0 2 3 3 3 1 0.664605 0.000000 
10 1 58 1 2 2 3 3 1 0.833800 0.000000 
10 1 59 1 3 3 4 4 1 0.612721 0.000000 
10 1 60 1 2 2 3 3 1 0.624891 0.000000 
10 1 61 1 0 0 1 1 1 0.596402 0.000000 
10 1 62 0 3 0 4 4 1 0.705246 0.000000 
10 1 63 2 3 4 4 4 1 0.769481 0.000000 
10 1 64 1 3 3 4 4 1 0.719016 0.000000 
10 1 65 1 0 0 1 1 1 0.733595 0.000000 
10 1 66 1 3 3 4 4 1 0.660510 0.000000 
10 1 67 0 1 2 2 2 1 0.934676 0.000000 
10 1 68 0 1 2 2 2 1 0.693650 0.000000 
10 1 69 1 0 0 1 1 1 0.726518 0.000000 
10 1 70 2 1 5 2 3 0 0.654015 0.000000 
10 1 71 1 3 3 4 4 1 0.596290 0.000000 
10 1 72 2 0 5 1 1 1 0.680576 0.000000 
10 1 73 1 3 3 4 4 1 0.705147 0.000000 
10 1 74 1 2 2 3 3 1 0.929383 0.000000 
10 1 75 2 1 4 2 2 1 0.752987 0.000000 
10 1 76 1 0 0 1 2 0 1.215271 0.000000 
10 1 77 2 2 4 3 3 1 0.687659 0.000000 
10 1 78 2 1 5 2 2 1 0.832024 0.000000 
10 1 79 2 2 4 3 3 1 0.731692 0.000000 
10 1 80 0 0 1 1 1 1 0.546211 0.000000 
10 1 81 2 3 4 4 4 1 0.632983 0.000000 
10 1 82 2 0 5 1 1 1 0.620062 0.000000 
10 1 83 1 0 0 1 1 1 0.559377 0.000000 
10 1 84 2 0 5 1 1 1 0.573553 0.000000 
10 1 85 0 3 0 4 4 1 0.587018 0.000000 
10 1 86 2 0 5 1 1 1 0.543874 0.000000 
10 1 87 2 2 4 3 3 1 0.590676 0.000000 
10 1 88 2 2 5 3 3 1 0.715567 0.000000 
10 1 89 0 0 1 1 1 1 0.546749 0.000000 
10 1 90 1 2 2 3 4 0 0.657560 0.000000 
10 1 91 0 0 1 1 1 1 0.583755 0.000000 
10 1 92 1 3 3 4 4 1 0.548078 0.000000 
10 1 93 2 2 4 3 3 1 0.666931 0.000000 
10 1 94 1 2 2 3 3 1 0.524458 0.000000 
10 1 95 1 0 0 1 1 1 0.555940 0.000000 
10 1 96 1 3 3 4 4 1 0.650049 0.000000 
10 1 97 2 3 4 4 4 1 0.683316 0.000000 
10 1 98 2 1 5 2 3 0 0.764167 0.000000 
10 1 99 0 3 0 4 4 1 0.662399 0.000000 
10 1 100 0 2 3 3 3 1 0.800125 0.000000 
10 1 101 0 2 3 3 3 1 0.556380 0.000000 
10 1 102 2 0 5 1 1 1 0.578534 0.000000 
10 1 103 1 3 3 4 4 1 0.608002 0.000000 
10 1 104 1 0 0 1 1 1 0.731228 0.000000 
10 1 105 2 0 4 1 1 1 0.650760 0.000000 
10 1 106 1 1 1 2 1 0 0.468961 0.000000 
10 1 107 0 0 1 1 1 1 0.818413 0.000000 
10 1 108 0 1 2 2 2 1 0.765541 0.000000 
10 1 109 2 2 4 3 3 1 0.851780 0.000000 
10 1 110 0 3 0 4 4 1 0.686007 0.000000 
10 1 111 1 3 3 4 4 1 0.670904 0.000000 
10 1 112 2 3 5 4 4 1 0.599435 0.000000 
10 1 113 0 3 0 4 4 1 0.684089 0.000000 
10 1 114 0 2 3 3 3 1 0.756502 0.000000 
10 1 115 1 1 1 2 2 1 0.658725 0.000000 
10 1 116 0 0 1 1 1 1 0.540911 0.000000 
10 1 117 0 1 2 2 2 1 0.579746 0.000000 
10 1 118 2 1 5 2 2 1 0.585216 0.000000 
10 1 119 1 2 2 3 3 1 0.670016 0.000000 
10 1 120 0 3 0 4 4 1 0.670599 0.000000 
10 1 121 0 1 2 2 2 1 0.839950 0.000000 
10 1 122 2 2 5 3 3 1 0.691044 0.000000 
10 1 123 1 2 2 3 3 1 0.531927 0.000000 
10 1 124 1 3 3 4 4 1 0.587392 0.000000 
10 1 125 1 0 0 1 1 1 1.144285 0.000000 
10 1 126 0 0 1 1 1 1 0.591227 0.000000 
10 1 127 2 1 4 2 3 0 0.668114 0.000000 
10 1 128 1 0 0 1 1 1 0.744650 0.000000 
10 1 129 2 0 4 1 1 1 0.663036 0.000000 
10 1 130 0 3 0 4 4 1 0.705270 0.000000 
10 1 131 2 1 4 2 2 1 0.777487 0.000000 
10 1 132 2 2 5 3 3 1 0.623060 0.000000 
10 1 133 2 1 4 2 2 1 1.050593 0.000000 
10 1 134 2 0 5 1 1 1 0.684924 0.000000 
10 1 135 0 0 1 1 1 1 0.781805 0.000000 
10 1 136 0 3 0 4 4 1 0.682376 0.000000 
10 1 137 1 0 0 1 2 0 0.595904 0.000000 
10 1 138 2 3 5 4 4 1 0.716749 0.000000 
10 1 139 1 2 2 3 3 1 0.884074 0.000000 
10 1 140 0 2 3 3 3 1 0.604780 0.000000 
10 1 141 0 2 3 3 3 1 0.520935 0.000000 
10 1 142 1 0 0 1 1 1 0.536429 0.000000 
10 1 143 1 0 0 1 1 1 1.007269 0.000000 
10 1 144 0 1 2 2 1 0 0.538560 0.000000 
10 1 145 2 0 4 1 1 1 0.677385 0.000000 
10 1 146 1 2 2 3 3 1 0.598457 0.000000 
10 1 147 0 2 3 3 3 1 0.531289 0.000000 
10 1 148 1 1 1 2 1 0 0.642765 0.000000 
10 1 149 1 0 0 1 1 1 0.649610 0.000000 
10 1 150 0 1 2 2 2 1 0.667948 0.000000 
10 1 151 0 3 0 4 4 1 0.732548 0.000000 
10 1 152 2 2 5 3 3 1 0.739953 0.000000 
10 1 153 1 2 2 3 3 1 0.554993 0.000000 
10 1 154 0 0 1 1 1 1 0.857050 0.000000 
10 1 155 1 2 2 3 3 1 0.739406 0.000000 
10 1 156 0 1 2 2 2 1 1.018327 0.000000 
10 1 157 1 1 1 2 2 1 0.749970 0.000000 
10 1 158 2 1 5 2 2 1 0.612212 0.000000 
10 1 159 0 1 2 2 2 1 0.591285 0.000000 
10 1 160 0 1 2 2 2 1 0.540217 0.000000 
10 1 161 1 2 2 3 3 1 0.755032 0.000000 
10 1 162 2 0 5 1 1 1 0.665269 0.000000 
10 1 163 2 3 4 4 4 1 0.667462 0.000000 
10 1 164 0 3 0 4 4 1 0.692992 0.000000 
10 1 165 1 2 2 3 3 1 0.773864 0.000000 
10 1 166 1 3 3 4 4 1 0.683387 0.000000 
10 1 167 2 1 4 2 2 1 0.675278 0.000000 
10 1 168 0 1 2 2 2 1 0.788843 0.000000 
10 1 169 2 0 4 1 1 1 1.121807 0.000000 
10 1 170 1 0 0 1 1 1 0.865497 0.000000 
10 1 171 0 1 2 2 2 1 0.755695 0.000000 
10 1 172 0 0 1 1 1 1 0.713979 0.000000 
10 1 173 0 1 2 2 2 1 0.834208 0.000000 
10 1 174 2 1 5 2 2 1 0.653093 0.000000 
10 1 175 1 3 3 4 4 1 0.846330 0.000000 
10 1 176 2 3 5 4 4 1 0.553225 0.000000 
10 1 177 2 1 4 2 2 1 0.607412 0.000000 
10 1 178 2 0 5 1 1 1 0.739579 0.000000 
10 1 179 0 2 3 3 3 1 0.706453 0.000000 
10 1 180 2 3 5 4 2 0 0.786677 0.000000 
10 1 181 0 3 0 4 4 1 0.699536 0.000000 
10 1 182 0 3 0 4 4 1 0.643014 0.000000 
10 1 183 1 1 1 2 2 1 0.821860 0.000000 
10 1 184 0 3 0 4 4 1 0.641440 0.000000 
10 1 185 0 3 0 4 4 1 0.908313 0.000000 
10 1 186 0 2 3 3 3 1 0.732587 0.000000 
10 1 187 1 1 1 2 2 1 0.699942 0.000000 
10 1 188 2 1 5 2 2 1 0.716147 0.000000 
10 1 189 0 1 2 2 2 1 0.715895 0.000000 
10 1 190 0 2 3 3 3 1 0.778914 0.000000 
10 1 191 2 3 4 4 4 1 0.776723 0.000000 
10 1 192 1 0 0 1 1 1 0.774274 0.000000 
10 1 1 2 1 4 2 2 1 1.381334 0.000000 
10 1 2 2 1 5 2 2 1 0.570628 0.000000 
10 1 3 1 2 2 3 3 1 0.759924 0.000000 
10 1 4 0 0 2 1 2 0 0.637512 0.000000 
10 1 5 2 0 4 1 1 1 3.067988 0.000000 
10 1 6 2 2 5 3 3 1 0.877886 0.000000 
10 1 7 2 1 4 2 2 1 0.814459 0.000000 
10 1 8 0 1 3 2 2 1 0.538739 0.000000 
10 1 9 0 2 0 3 3 1 0.737588 0.000000 
10 1 10 2 1 5 2 2 1 0.624461 0.000000 
10 1 11 2 1 4 2 2 1 0.555964 0.000000 
10 1 12 1 2 2 3 3 1 0.834146 0.000000 
10 1 13 1 3 3 4 4 1 0.516866 0.000000 
10 1 14 0 2 0 3 3 1 1.196120 0.000000 
10 1 15 0 0 2 1 2 0 0.583913 0.000000 
10 1 16 0 0 2 1 1 1 0.712780 0.000000 
10 1 17 0 2 0 3 3 1 0.680472 0.000000 
10 1 18 2 0 5 1 1 1 0.602013 0.000000 
10 1 19 1 0 0 1 1 1 0.598199 0.000000 
10 1 20 1 2 2 3 3 1 0.787070 0.000000 
10 1 21 1 0 0 1 1 1 0.575969 0.000000 
10 1 22 1 3 3 4 4 1 0.749434 0.000000 
10 1 23 0 1 3 2 2 1 0.851173 0.000000 
10 1 24 1 3 3 4 4 1 0.724975 0.000000 
10 1 25 2 2 4 3 3 1 1.788578 0.000000 
10 1 26 2 2 5 3 3 1 0.553817 0.000000 
10 1 27 2 2 4 3 3 1 0.559971 0.000000 
10 1 28 0 0 2 1 1 1 0.558117 0.000000 
10 1 29 2 0 4 1 1 1 0.492265 0.000000 
10 1 30 2 0 5 1 1 1 0.491998 0.000000 
10 1 31 2 3 4 4 4 1 0.604821 0.000000 
10 1 32 2 2 5 3 3 1 1.393042 0.000000 
10 1 33 2 2 4 3 3 1 1.718168 0.000000 
10 1 34 1 0 0 1 1 1 0.694133 0.000000 
10 1 35 0 3 1 4 4 1 0.655008 0.000000 
10 1 36 1 1 1 2 2 1 2.664385 0.000000 
10 1 37 1 1 1 2 2 1 0.499131 0.000000 
10 1 38 1 3 3 4 4 1 0.627928 0.000000 
10 1 39 0 3 1 4 4 1 0.647494 0.000000 
10 1 40 1 3 3 4 4 1 0.506342 0.000000 
10 1 41 0 0 2 1 1 1 0.602461 0.000000 
10 1 42 1 1 1 2 1 0 0.574640 0.000000 
10 1 43 2 1 4 2 2 1 0.648154 0.000000 
10 1 44 2 0 5 1 1 1 0.633587 0.000000 
10 1 45 1 3 3 4 4 1 0.612379 0.000000 
10 1 46 1 2 2 3 1 0 1.456540 0.000000 
10 1 47 1 1 1 2 2 1 0.815078 0.000000 
10 1 48 0 0 2 1 1 1 0.682862 0.000000 
10 1 49 2 2 4 3 3 1 0.675953 0.000000 
10 1 50 1 0 0 1 1 1 0.549253 0.000000 
10 1 51 2 1 4 2 2 1 0.699874 0.000000 
10 1 52 0 0 2 1 1 1 0.699069 0.000000 
10 1 53 1 0 0 1 1 1 0.523481 0.000000 
10 1 54 0 1 3 2 2 1 0.706958 0.000000 
10 1 55 2 2 4 3 3 1 2.395268 0.000000 
10 1 56 0 3 1 4 4 1 0.528691 0.000000 
10 1 57 0 1 3 2 3 0 1.024220 0.000000 
10 1 58 0 3 1 4 4 1 0.719868 0.000000 
10 1 59 0 1 3 2 2 1 1.101958 0.000000 
10 1 60 1 1 1 2 2 1 0.638323 0.000000 
10 1 61 1 2 2 3 3 1 0.721175 0.000000 
10 1 62 2 0 5 1 1 1 0.744718 0.000000 
10 1 63 0 1 3 2 2 1 0.743612 0.000000 
10 1 64 2 0 5 1 1 1 0.662511 0.000000 
10 1 65 0 3 1 4 4 1 0.680705 0.000000 
10 1 66 2 3 5 4 4 1 0.594242 0.000000 
10 1 67 0 1 3 2 2 1 0.734068 0.000000 
10 1 68 2 3 5 4 4 1 0.652958 0.000000 
10 1 69 0 1 3 2 2 1 0.735141 0.000000 
10 1 70 0 3 1 4 4 1 0.622033 0.000000 
10 1 71 1 1 1 2 2 1 0.769554 0.000000 
10 1 72 2 0 5 1 1 1 0.655131 0.000000 
10 1 73 2 1 4 2 2 1 0.665329 0.000000 
10 1 74 1 3 3 4 4 1 0.627524 0.000000 
10 1 75 0 3 1 4 4 1 0.542016 0.000000 
10 1 76 2 3 5 4 4 1 0.724864 0.000000 
10 1 77 1 0 0 1 1 1 0.596367 0.000000 
10 1 78 1 0 0 1 1 1 0.529219 0.000000 
10 1 79 2 0 4 1 1 1 0.608709 0.000000 
10 1 80 0 0 2 1 1 1 0.580863 0.000000 
10 1 81 0 3 1 4 4 1 0.570343 0.000000 
10 1 82 1 3 3 4 4 1 0.559853 0.000000 
10 1 83 2 3 4 4 4 1 0.540956 0.000000 
10 1 84 2 2 5 3 3 1 0.931828 0.000000 
10 1 85 2 1 4 2 2 1 0.955463 0.000000 
10 1 86 1 0 0 1 1 1 0.625794 0.000000 
10 1 87 1 3 3 4 4 1 0.549246 0.000000 
10 1 88 0 1 3 2 2 1 0.675944 0.000000 
10 1 89 2 0 4 1 1 1 0.637523 0.000000 
10 1 90 1 0 0 1 1 1 0.696452 0.000000 
10 1 91 2 2 4 3 3 1 0.824288 0.000000 
10 1 92 1 0 0 1 1 1 0.619921 0.000000 
10 1 93 1 2 2 3 3 1 1.007431 0.000000 
10 1 94 1 1 1 2 2 1 1.091760 0.000000 
10 1 95 2 1 4 2 2 1 0.732820 0.000000 
10 1 96 0 1 3 2 2 1 0.547919 0.000000 
10 1 97 0 3 1 4 4 1 0.602488 0.000000 
10 1 98 0 2 0 3 3 1 0.758667 0.000000 
10 1 99 0 0 2 1 1 1 0.611846 0.000000 
10 1 100 1 3 3 4 4 1 0.632071 0.000000 
10 1 101 0 3 1 4 4 1 0.571596 0.000000 
10 1 102 0 1 3 2 2 1 0.697087 0.000000 
10 1 103 0 0 2 1 1 1 0.633947 0.000000 
10 1 104 2 0 5 1 1 1 0.516790 0.000000 
10 1 105 2 1 4 2 2 1 0.748277 0.000000 
10 1 106 0 2 0 3 3 1 0.643173 0.000000 
10 1 107 1 3 3 4 4 1 0.572993 0.000000 
10 1 108 1 2 2 3 3 1 0.730505 0.000000 
10 1 109 0 2 0 3 3 1 0.538053 0.000000 
10 1 110 2 1 5 2 3 0 0.624890 0.000000 
10 1 111 2 0 4 1 1 1 0.624389 0.000000 
10 1 112 2 2 5 3 3 1 0.731443 0.000000 
10 1 113 0 3 1 4 4 1 0.650989 0.000000 
10 1 114 2 2 5 3 3 1 0.645174 0.000000 
10 1 115 0 0 2 1 1 1 0.599003 0.000000 
10 1 116 0 3 1 4 4 1 0.611854 0.000000 
10 1 117 1 0 0 1 1 1 0.616049 0.000000 
10 1 118 1 3 3 4 4 1 0.596013 0.000000 
10 1 119 2 0 4 1 1 1 0.624373 0.000000 
10 1 120 1 2 2 3 3 1 0.699887 0.000000 
10 1 121 2 1 4 2 1 0 0.660108 0.000000 
10 1 122 0 1 3 2 2 1 0.762312 0.000000 
10 1 123 0 2 0 3 3 1 0.743006 0.000000 
10 1 124 0 0 2 1 1 1 0.653952 0.000000 
10 1 125 1 1 1 2 2 1 0.960177 0.000000 
10 1 126 1 0 0 1 1 1 0.662449 0.000000 
10 1 127 1 3 3 4 4 1 0.688671 0.000000 
10 1 128 0 3 1 4 4 1 0.633528 0.000000 
10 1 129 1 2 2 3 3 1 0.940369 0.000000 
10 1 130 0 3 1 4 4 1 0.626327 0.000000 
10 1 131 2 3 4 4 4 1 0.581859 0.000000 
10 1 132 1 3 3 4 4 1 0.507344 0.000000 
10 1 133 2 0 4 1 1 1 0.731492 0.000000 
10 1 134 1 2 2 3 3 1 0.771046 0.000000 
10 1 135 0 2 0 3 3 1 0.672590 0.000000 
10 1 136 1 3 3 4 4 1 0.722149 0.000000 
10 1 137 2 0 4 1 1 1 0.689652 0.000000 
10 1 138 1 3 3 4 4 1 0.562554 0.000000 
10 1 139 1 2 2 3 3 1 0.735676 0.000000 
10 1 140 2 1 5 2 4 0 0.758601 0.000000 
10 1 141 1 1 1 2 2 1 0.616842 0.000000 
10 1 142 0 2 0 3 1 0 1.396151 0.000000 
10 1 143 1 3 3 4 4 1 0.629038 0.000000 
10 1 144 2 3 5 4 4 1 1.280123 0.000000 
10 1 145 1 3 3 4 4 1 0.592890 0.000000 
10 1 146 1 0 0 1 1 1 0.629672 0.000000 
10 1 147 1 3 3 4 4 1 0.529190 0.000000 
10 1 148 2 2 5 3 3 1 0.808689 0.000000 
10 1 149 2 3 4 4 4 1 0.660953 0.000000 
10 1 150 1 0 0 1 1 1 0.671121 0.000000 
10 1 151 0 1 3 2 3 0 0.744606 0.000000 
10 1 152 0 2 0 3 3 1 0.819548 0.000000 
10 1 153 2 1 4 2 2 1 0.581651 0.000000 
10 1 154 1 2 2 3 4 0 0.603170 0.000000 
10 1 155 2 1 4 2 3 0 0.643333 0.000000 
10 1 156 1 3 3 4 4 1 0.609721 0.000000 
10 1 157 0 1 3 2 2 1 0.661444 0.000000 
10 1 158 1 2 2 3 3 1 0.991591 0.000000 
10 1 159 1 3 3 4 4 1 0.684558 0.000000 
10 1 160 2 1 5 2 2 1 0.805491 0.000000 
10 1 161 2 1 4 2 2 1 0.632745 0.000000 
10 1 162 0 2 0 3 3 1 0.836077 0.000000 
10 1 163 0 0 2 1 1 1 0.670506 0.000000 
10 1 164 0 0 2 1 1 1 0.624047 0.000000 
10 1 165 2 2 4 3 3 1 0.819575 0.000000 
10 1 166 2 2 5 3 3 1 0.743163 0.000000 
10 1 167 0 1 3 2 2 1 0.886026 0.000000 
10 1 168 1 2 2 3 3 1 0.717911 0.000000 
10 1 169 2 1 4 2 2 1 1.421574 0.000000 
10 1 170 1 0 0 1 1 1 0.609313 0.000000 
10 1 171 2 3 4 4 4 1 0.677516 0.000000 
10 1 172 2 0 5 1 1 1 0.591071 0.000000 
10 1 173 2 2 4 3 3 1 0.763937 0.000000 
10 1 174 0 2 0 3 3 1 0.658140 0.000000 
10 1 175 0 1 3 2 2 1 0.708340 0.000000 
10 1 176 0 1 3 2 2 1 0.691540 0.000000 
10 1 177 2 1 4 2 2 1 0.580417 0.000000 
10 1 178 1 1 1 2 2 1 0.513921 0.000000 
10 1 179 1 2 2 3 3 1 0.658044 0.000000 
10 1 180 0 3 1 4 4 1 0.668260 0.000000 
10 1 181 0 3 1 4 4 1 0.557771 0.000000 
10 1 182 1 1 1 2 2 1 0.651929 0.000000 
10 1 183 2 3 4 4 4 1 0.590111 0.000000 
10 1 184 0 3 1 4 4 1 0.593942 0.000000 
10 1 185 1 2 2 3 3 1 0.742781 0.000000 
10 1 186 0 2 0 3 3 1 0.701686 0.000000 
10 1 187 0 1 3 2 2 1 0.613881 0.000000 
10 1 188 2 2 5 3 3 1 0.570049 0.000000 
10 1 189 1 0 0 1 1 1 0.679552 0.000000 
10 1 190 0 1 3 2 2 1 0.865089 0.000000 
10 1 191 2 0 4 1 1 1 0.651358 0.000000 
10 1 192 0 2 0 3 3 1 0.548530 0.000000 
