19 1 1 2 1 4 2 2 1 1.757059 0.000000 
19 1 2 1 2 2 3 3 1 0.754977 0.000000 
19 1 3 1 3 3 4 4 1 0.768564 0.000000 
19 1 4 2 1 5 2 2 1 0.885630 0.000000 
19 1 5 0 0 2 1 1 1 0.693418 0.000000 
19 1 6 1 3 3 4 3 0 0.645801 0.000000 
19 1 7 0 2 0 3 3 1 1.051988 0.000000 
19 1 8 0 2 0 3 3 1 0.621808 0.000000 
19 1 9 1 1 1 2 2 1 0.825407 0.000000 
19 1 10 2 0 5 1 1 1 0.668953 0.000000 
19 1 11 0 3 1 4 4 1 0.782524 0.000000 
19 1 12 1 3 3 4 4 1 0.594875 0.000000 
19 1 13 0 3 1 4 4 1 0.607258 0.000000 
19 1 14 2 1 5 2 2 1 0.843430 0.000000 
19 1 15 2 1 4 2 2 1 0.534341 0.000000 
19 1 16 0 3 1 4 4 1 0.765190 0.000000 
19 1 17 0 0 2 1 1 1 0.763421 0.000000 
19 1 18 0 1 3 2 2 1 0.649659 0.000000 
19 1 19 2 1 4 2 2 1 0.716090 0.000000 
19 1 20 2 3 5 4 4 1 1.586938 0.000000 
19 1 21 1 2 2 3 2 0 1.175652 0.000000 
19 1 22 0 2 0 3 3 1 0.689402 0.000000 
19 1 23 0 0 2 1 1 1 0.753778 0.000000 
19 1 24 2 1 5 2 2 1 0.719965 0.000000 
19 1 25 0 1 3 2 2 1 0.839506 0.000000 
19 1 26 2 2 5 3 3 1 0.929598 0.000000 
19 1 27 2 2 4 3 3 1 0.705085 0.000000 
19 1 28 2 3 5 4 4 1 0.641275 0.000000 
19 1 29 2 0 4 1 1 1 0.676202 0.000000 
19 1 30 0 3 1 4 4 1 0.677795 0.000000 
19 1 31 2 1 4 2 2 1 0.655221 0.000000 
19 1 32 2 2 5 3 3 1 0.601463 0.000000 
19 1 33 2 1 4 2 2 1 0.685627 0.000000 
19 1 34 1 1 1 2 2 1 0.510503 0.000000 
19 1 35 0 0 2 1 1 1 0.709595 0.000000 
19 1 36 2 2 5 3 3 1 0.853871 0.000000 
19 1 37 1 0 0 1 2 0 0.512103 0.000000 
19 1 38 1 3 3 4 4 1 0.564318 0.000000 
19 1 39 1 2 2 3 3 1 0.737990 0.000000 
19 1 40 0 1 3 2 2 1 0.792846 0.000000 
19 1 41 2 0 4 1 1 1 0.549720 0.000000 
19 1 42 1 2 2 3 3 1 0.731891 0.000000 
19 1 43 2 1 4 2 1 0 0.562388 0.000000 
19 1 44 0 1 3 2 2 1 0.772657 0.000000 
19 1 45 1 1 1 2 2 1 0.729762 0.000000 
19 1 46 0 0 2 1 1 1 0.601278 0.000000 
19 1 47 1 1 1 2 2 1 0.565454 0.000000 
19 1 48 1 1 1 2 2 1 0.427610 0.000000 
19 1 49 0 0 2 1 1 1 0.790963 0.000000 
19 1 50 0 2 0 3 3 1 0.819889 0.000000 
19 1 51 1 3 3 4 4 1 0.558504 0.000000 
19 1 52 0 3 1 4 4 1 0.500684 0.000000 
19 1 53 1 1 1 2 2 1 0.820847 0.000000 
19 1 54 1 0 0 1 1 1 0.776386 0.000000 
19 1 55 0 1 3 2 3 0 0.653954 0.000000 
19 1 56 1 3 3 4 4 1 0.603970 0.000000 
19 1 57 0 1 3 2 2 1 0.751880 0.000000 
19 1 58 2 2 5 3 3 1 0.677097 0.000000 
19 1 59 0 1 3 2 2 1 0.718641 0.000000 
19 1 60 2 1 5 2 2 1 0.534227 0.000000 
19 1 61 0 3 1 4 4 1 0.845008 0.000000 
19 1 62 1 0 0 1 1 1 1.624027 0.000000 
19 1 63 2 0 4 1 1 1 1.747866 0.000000 
19 1 64 2 0 5 1 1 1 1.011148 0.000000 
19 1 65 0 2 0 3 4 0 0.783525 0.000000 
19 1 66 0 0 2 1 1 1 0.663209 0.000000 
19 1 67 1 2 2 3 3 1 1.049166 0.000000 
19 1 68 2 0 5 1 1 1 0.603992 0.000000 
19 1 69 1 2 2 3 3 1 0.751693 0.000000 
19 1 70 1 1 1 2 2 1 0.805936 0.000000 
19 1 71 2 1 4 2 2 1 0.490171 0.000000 
19 1 72 2 1 5 2 2 1 0.490951 0.000000 
19 1 73 1 3 3 4 4 1 0.627752 0.000000 
19 1 74 2 1 5 2 2 1 0.726222 0.000000 
19 1 75 1 2 2 3 4 0 0.557766 0.000000 
19 1 76 2 0 5 1 1 1 0.744018 0.000000 
19 1 77 1 3 3 4 4 1 0.582408 0.000000 
19 1 78 1 1 1 2 2 1 0.811894 0.000000 
19 1 79 0 0 2 1 1 1 0.680170 0.000000 
19 1 80 2 3 5 4 4 1 0.649697 0.000000 
19 1 81 0 3 1 4 2 0 0.491139 0.000000 
19 1 82 2 0 5 1 1 1 0.679652 0.000000 
19 1 83 0 2 0 3 3 1 0.944721 0.000000 
19 1 84 2 2 5 3 3 1 0.727742 0.000000 
19 1 85 1 3 3 4 4 1 0.543262 0.000000 
19 1 86 1 0 0 1 1 1 0.662110 0.000000 
19 1 87 0 0 2 1 1 1 0.552276 0.000000 
19 1 88 2 2 5 3 3 1 0.774444 0.000000 
19 1 89 0 0 2 1 1 1 0.947013 0.000000 
19 1 90 1 1 1 2 2 1 0.721953 0.000000 
19 1 91 2 1 4 2 2 1 0.537516 0.000000 
19 1 92 0 1 3 2 2 1 0.544368 0.000000 
19 1 93 2 0 4 1 1 1 0.695113 0.000000 
19 1 94 1 3 3 4 4 1 0.776005 0.000000 
19 1 95 0 3 1 4 4 1 0.533589 0.000000 
19 1 96 0 0 2 1 1 1 0.699344 0.000000 
19 1 97 0 1 3 2 3 0 0.740069 0.000000 
19 1 98 2 3 5 4 4 1 0.654567 0.000000 
19 1 99 1 3 3 4 4 1 0.456243 0.000000 
19 1 100 0 2 0 3 2 0 0.898351 0.000000 
19 1 101 2 2 4 3 3 1 0.655347 0.000000 
19 1 102 0 3 1 4 4 1 0.633058 0.000000 
19 1 103 0 2 0 3 3 1 0.595901 0.000000 
19 1 104 1 0 0 1 1 1 0.664759 0.000000 
19 1 105 2 2 4 3 3 1 0.681928 0.000000 
19 1 106 1 3 3 4 4 1 0.651474 0.000000 
19 1 107 0 2 0 3 3 1 0.757670 0.000000 
19 1 108 1 0 0 1 1 1 0.651899 0.000000 
19 1 109 2 0 4 1 1 1 0.574044 0.000000 
19 1 110 2 0 5 1 1 1 0.491573 0.000000 
19 1 111 1 2 2 3 3 1 0.716391 0.000000 
19 1 112 0 3 1 4 4 1 0.715920 0.000000 
19 1 113 0 1 3 2 2 1 0.970983 0.000000 
19 1 114 1 0 0 1 1 1 0.616117 0.000000 
19 1 115 1 0 0 1 1 1 0.467904 0.000000 
19 1 116 2 1 5 2 2 1 1.061114 0.000000 
19 1 117 2 2 4 3 2 0 0.527455 0.000000 
19 1 118 2 2 5 3 3 1 0.594895 0.000000 
19 1 119 1 3 3 4 4 1 0.439301 0.000000 
19 1 120 1 0 0 1 1 1 0.625100 0.000000 
19 1 121 0 1 3 2 3 0 0.780527 0.000000 
19 1 122 1 2 2 3 3 1 0.710182 0.000000 
19 1 123 2 3 4 4 4 1 0.749907 0.000000 
19 1 124 1 3 3 4 4 1 0.476152 0.000000 
19 1 125 1 2 2 3 2 0 0.869622 0.000000 
19 1 126 0 3 1 4 4 1 0.987255 0.000000 
19 1 127 2 1 4 2 2 1 0.903748 0.000000 
19 1 128 2 3 5 4 4 1 0.767011 0.000000 
19 1 129 2 2 4 3 3 1 0.772614 0.000000 
19 1 130 0 1 3 2 2 1 0.786173 0.000000 
19 1 131 1 1 1 2 2 1 0.735101 0.000000 
19 1 132 0 0 2 1 1 1 0.661995 0.000000 
19 1 133 2 0 4 1 1 1 0.456113 0.000000 
19 1 134 1 0 0 1 1 1 0.490272 0.000000 
19 1 135 1 0 0 1 1 1 0.417972 0.000000 
19 1 136 0 0 2 1 1 1 0.453402 0.000000 
19 1 137 0 1 3 2 2 1 0.639608 0.000000 
19 1 138 0 2 0 3 3 1 0.762482 0.000000 
19 1 139 0 3 1 4 4 1 0.624679 0.000000 
19 1 140 2 3 5 4 4 1 0.524183 0.000000 
19 1 141 2 0 4 1 1 1 0.811701 0.000000 
19 1 142 0 3 1 4 4 1 0.687983 0.000000 
19 1 143 1 3 3 4 4 1 0.479825 0.000000 
19 1 144 1 0 0 1 1 1 0.553248 0.000000 
19 1 145 2 2 4 3 3 1 1.015425 0.000000 
19 1 146 2 3 5 4 4 1 0.723717 0.000000 
19 1 147 2 2 4 3 3 1 1.067322 0.000000 
19 1 148 1 1 1 2 2 1 0.908947 0.000000 
19 1 149 1 2 2 3 3 1 0.789303 0.000000 
19 1 150 0 2 0 3 3 1 0.674178 0.000000 
19 1 151 2 1 4 2 2 1 0.690706 0.000000 
19 1 152 2 1 5 2 2 1 0.859630 0.000000 
19 1 153 0 3 1 4 4 1 0.909866 0.000000 
19 1 154 2 2 5 3 3 1 0.830141 0.000000 
19 1 155 0 1 3 2 2 1 0.753760 0.000000 
19 1 156 0 2 0 3 2 0 0.480013 0.000000 
19 1 157 0 1 3 2 2 1 0.677492 0.000000 
19 1 158 1 3 3 4 4 1 0.790482 0.000000 
19 1 159 0 0 2 1 1 1 0.714461 0.000000 
19 1 160 1 0 0 1 1 1 0.482600 0.000000 
19 1 161 1 0 0 1 1 1 0.443880 0.000000 
19 1 162 1 2 2 3 3 1 0.734176 0.000000 
19 1 163 1 1 1 2 2 1 0.973062 0.000000 
19 1 164 2 3 5 4 4 1 0.866732 0.000000 
19 1 165 2 0 4 1 1 1 0.636383 0.000000 
19 1 166 1 3 3 4 1 0 0.614243 0.000000 
19 1 167 1 1 1 2 2 1 0.734425 0.000000 
19 1 168 1 3 3 4 4 1 0.628880 0.000000 
19 1 169 1 3 3 4 4 1 0.448308 0.000000 
19 1 170 0 0 2 1 1 1 0.723128 0.000000 
19 1 171 1 3 3 4 4 1 0.634699 0.000000 
19 1 172 0 2 0 3 2 0 0.829549 0.000000 
19 1 173 0 3 1 4 4 1 0.652245 0.000000 
19 1 174 1 0 0 1 1 1 0.613878 0.000000 
19 1 175 1 2 2 3 3 1 1.057982 0.000000 
19 1 176 2 0 5 1 1 1 0.732376 0.000000 
19 1 177 0 1 3 2 2 1 1.011878 0.000000 
19 1 178 0 2 0 3 3 1 2.232344 0.000000 
19 1 179 2 0 4 1 1 1 0.619926 0.000000 
19 1 180 2 2 5 3 3 1 0.799253 0.000000 
19 1 181 0 2 0 3 3 1 0.858964 0.000000 
19 1 182 0 2 0 3 3 1 0.484791 0.000000 
19 1 183 2 2 4 3 3 1 0.477517 0.000000 
19 1 184 0 0 2 1 1 1 0.622982 0.000000 
19 1 185 1 3 3 4 4 1 0.538534 0.000000 
19 1 186 2 3 5 4 4 1 0.633362 0.000000 
19 1 187 2 0 4 1 1 1 0.580224 0.000000 
19 1 188 2 2 5 3 4 0 0.633676 0.000000 
19 1 189 0 1 3 2 2 1 1.023598 0.000000 
19 1 190 1 1 1 2 2 1 0.586729 0.000000 
19 1 191 2 2 4 3 3 1 0.647620 0.000000 
19 1 192 1 3 3 4 4 1 0.602415 0.000000 
19 1 1 2 1 4 2 2 1 3.345016 0.000000 
19 1 2 1 0 0 1 1 1 0.496149 0.000000 
19 1 3 1 3 3 4 4 1 0.512265 0.000000 
19 1 4 0 3 0 4 4 1 0.399903 0.000000 
19 1 5 1 2 2 3 3 1 0.811840 0.000000 
19 1 6 2 1 5 2 2 1 0.655613 0.000000 
19 1 7 1 3 3 4 4 1 0.553782 0.000000 
19 1 8 0 1 2 2 2 1 0.622923 0.000000 
19 1 9 0 2 3 3 2 0 0.498850 0.000000 
19 1 10 1 2 2 3 3 1 0.438605 0.000000 
19 1 11 1 2 2 3 3 1 0.488890 0.000000 
19 1 12 1 3 3 4 4 1 0.473701 0.000000 
19 1 13 1 0 0 1 1 1 0.579145 0.000000 
19 1 14 1 0 0 1 1 1 0.408596 0.000000 
19 1 15 2 0 4 1 1 1 0.492699 0.000000 
19 1 16 0 2 3 3 3 1 0.580523 0.000000 
19 1 17 1 2 2 3 3 1 0.545975 0.000000 
19 1 18 1 2 2 3 3 1 0.488755 0.000000 
19 1 19 0 3 0 4 4 1 0.529610 0.000000 
19 1 20 2 0 5 1 1 1 3.113206 0.000000 
19 1 21 0 0 1 1 1 1 0.466211 0.000000 
19 1 22 2 1 5 2 2 1 0.691941 0.000000 
19 1 23 0 3 0 4 4 1 0.571558 0.000000 
19 1 24 0 0 1 1 1 1 0.673009 0.000000 
19 1 25 1 3 3 4 4 1 0.562546 0.000000 
19 1 26 0 3 0 4 4 1 0.488671 0.000000 
19 1 27 2 0 4 1 1 1 0.633407 0.000000 
19 1 28 2 1 5 2 2 1 0.692402 0.000000 
19 1 29 2 0 4 1 1 1 0.637245 0.000000 
19 1 30 0 2 3 3 3 1 0.664124 0.000000 
19 1 31 2 1 4 2 2 1 0.674333 0.000000 
19 1 32 1 1 1 2 2 1 0.402808 0.000000 
19 1 33 1 1 1 2 2 1 0.414738 0.000000 
19 1 34 0 3 0 4 4 1 0.594369 0.000000 
19 1 35 0 0 1 1 1 1 0.591159 0.000000 
19 1 36 2 2 5 3 3 1 0.619951 0.000000 
19 1 37 1 0 0 1 1 1 0.583493 0.000000 
19 1 38 1 1 1 2 2 1 0.692326 0.000000 
19 1 39 1 2 2 3 3 1 0.589241 0.000000 
19 1 40 0 0 1 1 1 1 0.569066 0.000000 
19 1 41 2 0 4 1 1 1 0.606584 0.000000 
19 1 42 2 0 5 1 1 1 0.530731 0.000000 
19 1 43 0 0 1 1 1 1 0.498224 0.000000 
19 1 44 0 0 1 1 1 1 0.458871 0.000000 
19 1 45 0 2 3 3 3 1 0.741133 0.000000 
19 1 46 2 2 5 3 3 1 0.516015 0.000000 
19 1 47 2 2 4 3 3 1 0.483983 0.000000 
19 1 48 2 3 5 4 4 1 0.596245 0.000000 
19 1 49 0 1 2 2 1 0 0.584115 0.000000 
19 1 50 2 2 5 3 4 0 0.792821 0.000000 
19 1 51 1 0 0 1 1 1 0.649424 0.000000 
19 1 52 0 0 1 1 1 1 0.435762 0.000000 
19 1 53 1 0 0 1 1 1 0.430536 0.000000 
19 1 54 2 0 5 1 1 1 0.553944 0.000000 
19 1 55 1 2 2 3 3 1 0.520120 0.000000 
19 1 56 2 1 5 2 2 1 0.775564 0.000000 
19 1 57 1 1 1 2 2 1 0.460154 0.000000 
19 1 58 1 0 0 1 1 1 0.614321 0.000000 
19 1 59 2 0 4 1 1 1 0.474485 0.000000 
19 1 60 2 2 5 3 3 1 0.763947 0.000000 
19 1 61 0 1 2 2 2 1 0.698186 0.000000 
19 1 62 1 3 3 4 4 1 0.602821 0.000000 
19 1 63 0 2 3 3 3 1 0.759227 0.000000 
19 1 64 1 2 2 3 3 1 0.509447 0.000000 
19 1 65 2 2 4 3 3 1 0.452519 0.000000 
19 1 66 1 1 1 2 2 1 0.694727 0.000000 
19 1 67 0 0 1 1 2 0 0.479555 0.000000 
19 1 68 1 1 1 2 2 1 1.204819 0.000000 
19 1 69 0 3 0 4 4 1 0.593321 0.000000 
19 1 70 2 3 5 4 4 1 0.781758 0.000000 
19 1 71 1 0 0 1 1 1 0.595704 0.000000 
19 1 72 1 0 0 1 1 1 0.472181 0.000000 
19 1 73 0 1 2 2 2 1 0.712679 0.000000 
19 1 74 1 0 0 1 1 1 0.648858 0.000000 
19 1 75 0 1 2 2 2 1 0.699759 0.000000 
19 1 76 2 3 5 4 4 1 0.571909 0.000000 
19 1 77 1 3 3 4 4 1 0.361391 0.000000 
19 1 78 2 0 5 1 1 1 0.599498 0.000000 
19 1 79 2 2 4 3 3 1 0.715951 0.000000 
19 1 80 0 0 1 1 1 1 0.738897 0.000000 
19 1 81 1 3 3 4 4 1 0.545759 0.000000 
19 1 82 2 1 5 2 2 1 0.720592 0.000000 
19 1 83 1 3 3 4 4 1 0.592086 0.000000 
19 1 84 2 3 5 4 4 1 0.436908 0.000000 
19 1 85 2 3 4 4 4 1 0.447716 0.000000 
19 1 86 2 3 5 4 4 1 0.434517 0.000000 
19 1 87 1 1 1 2 2 1 0.557285 0.000000 
19 1 88 2 3 5 4 4 1 0.475393 0.000000 
19 1 89 0 2 3 3 3 1 0.819935 0.000000 
19 1 90 2 0 5 1 1 1 0.663489 0.000000 
19 1 91 0 1 2 2 1 0 0.481652 0.000000 
19 1 92 0 1 2 2 2 1 0.487137 0.000000 
19 1 93 2 2 4 3 4 0 0.775456 0.000000 
19 1 94 0 0 1 1 1 1 0.633057 0.000000 
19 1 95 1 1 1 2 1 0 0.483891 0.000000 
19 1 96 0 1 2 2 2 1 0.599944 0.000000 
19 1 97 0 3 0 4 4 1 0.595170 0.000000 
19 1 98 0 3 0 4 4 1 0.423658 0.000000 
19 1 99 2 1 4 2 3 0 0.579163 0.000000 
19 1 100 2 3 5 4 4 1 0.636707 0.000000 
19 1 101 2 2 4 3 3 1 0.623057 0.000000 
19 1 102 1 3 3 4 4 1 0.530576 0.000000 
19 1 103 1 0 0 1 1 1 0.585873 0.000000 
19 1 104 1 2 2 3 3 1 0.638176 0.000000 
19 1 105 1 1 1 2 1 0 0.584112 0.000000 
19 1 106 0 3 0 4 4 1 0.624672 0.000000 
19 1 107 1 3 3 4 4 1 0.491923 0.000000 
19 1 108 2 2 5 3 2 0 0.804733 0.000000 
19 1 109 0 2 3 3 3 1 0.661012 0.000000 
19 1 110 1 2 2 3 3 1 0.454740 0.000000 
19 1 111 0 1 2 2 2 1 0.656879 0.000000 
19 1 112 0 1 2 2 2 1 0.450032 0.000000 
19 1 113 1 3 3 4 4 1 0.676108 0.000000 
19 1 114 0 2 3 3 3 1 0.709697 0.000000 
19 1 115 2 1 4 2 2 1 0.629745 0.000000 
19 1 116 0 3 0 4 4 1 0.577433 0.000000 
19 1 117 1 2 2 3 3 1 0.598891 0.000000 
19 1 118 2 3 5 4 4 1 0.563627 0.000000 
19 1 119 2 0 4 1 1 1 0.689892 0.000000 
19 1 120 2 0 5 1 1 1 0.633801 0.000000 
19 1 121 0 3 0 4 4 1 0.636948 0.000000 
19 1 122 1 3 3 4 4 1 0.431453 0.000000 
19 1 123 2 0 4 1 1 1 0.722884 0.000000 
19 1 124 2 2 5 3 3 1 0.706812 0.000000 
19 1 125 1 0 0 1 1 1 0.531001 0.000000 
19 1 126 0 0 1 1 1 1 0.410122 0.000000 
19 1 127 2 3 4 4 4 1 0.542239 0.000000 
19 1 128 0 2 3 3 3 1 0.645020 0.000000 
19 1 129 2 1 4 2 1 0 0.655835 0.000000 
19 1 130 2 2 5 3 3 1 0.597105 0.000000 
19 1 131 1 0 0 1 1 1 0.593443 0.000000 
19 1 132 0 0 1 1 1 1 0.494239 0.000000 
19 1 133 0 2 3 3 3 1 0.470970 0.000000 
19 1 134 2 1 5 2 2 1 0.808549 0.000000 
19 1 135 2 3 4 4 4 1 0.572770 0.000000 
19 1 136 1 1 1 2 2 1 0.610257 0.000000 
19 1 137 0 3 0 4 4 1 0.638443 0.000000 
19 1 138 2 0 5 1 1 1 0.600243 0.000000 
19 1 139 2 1 4 2 3 0 0.724461 0.000000 
19 1 140 1 3 3 4 4 1 0.455734 0.000000 
19 1 141 1 2 2 3 4 0 0.193606 0.000000 
19 1 142 2 1 5 2 4 0 0.266285 0.000000 
19 1 143 2 0 4 1 4 0 0.031646 0.000000 
19 1 144 0 0 1 1 4 0 0.102668 0.000000 
19 1 145 1 2 2 3 4 0 0.185926 0.000000 
19 1 146 2 3 5 4 4 1 0.033394 0.000000 
19 1 147 1 1 1 2 4 0 0.188060 0.000000 
19 1 148 1 3 3 4 4 1 0.084271 0.000000 
19 1 149 1 0 0 1 4 0 0.156372 0.000000 
19 1 150 2 2 5 3 4 0 0.070384 0.000000 
19 1 151 1 2 2 3 4 0 0.154926 0.000000 
19 1 152 0 3 0 4 4 1 0.204751 0.000000 
19 1 153 1 0 0 1 4 0 0.168377 0.000000 
19 1 154 1 2 2 3 4 0 0.209437 0.000000 
19 1 155 1 1 1 2 4 0 0.127847 0.000000 
19 1 156 2 2 5 3 4 0 0.139093 0.000000 
19 1 157 0 2 3 3 4 0 0.212746 0.000000 
19 1 158 1 2 2 3 4 0 0.196595 0.000000 
19 1 159 0 0 1 1 4 0 0.165041 0.000000 
19 1 160 0 1 2 2 2 1 1.622609 0.000000 
19 1 161 0 1 2 2 2 1 0.561999 0.000000 
19 1 162 1 1 1 2 2 1 0.447120 0.000000 
19 1 163 0 2 3 3 3 1 0.673953 0.000000 
19 1 164 2 3 5 4 4 1 0.563497 0.000000 
19 1 165 1 3 3 4 4 1 0.377563 0.000000 
19 1 166 0 3 0 4 4 1 0.390985 0.000000 
19 1 167 0 2 3 3 3 1 0.515686 0.000000 
19 1 168 0 1 2 2 2 1 0.707932 0.000000 
19 1 169 2 1 4 2 2 1 0.476091 0.000000 
19 1 170 0 1 2 2 2 1 0.437554 0.000000 
19 1 171 2 3 4 4 4 1 0.583370 0.000000 
19 1 172 1 0 0 1 1 1 0.636223 0.000000 
19 1 173 0 1 2 2 2 1 0.647050 0.000000 
19 1 174 2 0 5 1 1 1 1.425958 0.000000 
19 1 175 0 3 0 4 2 0 0.485756 0.000000 
19 1 176 0 0 1 1 2 0 0.210536 0.000000 
19 1 177 1 2 2 3 2 0 0.001801 0.000000 
19 1 178 1 2 2 3 3 1 0.192731 0.000000 
19 1 179 2 3 4 4 3 0 0.221400 0.000000 
19 1 180 1 2 2 3 3 1 0.020793 0.000000 
19 1 181 2 1 4 2 3 0 0.135583 0.000000 
19 1 182 0 3 0 4 3 0 0.154200 0.000000 
19 1 183 0 1 2 2 3 0 0.187792 0.000000 
19 1 184 0 2 3 3 3 1 0.083744 0.000000 
19 1 185 0 1 2 2 3 0 0.412127 0.000000 
19 1 186 2 0 5 1 3 0 0.004192 0.000000 
19 1 187 2 1 4 2 3 0 0.114860 0.000000 
19 1 188 0 1 2 2 3 0 0.086850 0.000000 
19 1 189 2 0 4 1 3 0 0.034978 0.000000 
19 1 190 0 1 2 2 3 0 0.216916 0.000000 
19 1 191 1 3 3 4 3 0 0.903910 0.000000 
19 1 192 2 1 5 2 3 0 0.091927 0.000000 
