17 1 1 2 2 4 3 3 1 2.931729 0.000000 
17 1 2 0 2 0 3 3 1 0.715581 0.000000 
17 1 3 0 1 3 2 2 1 0.787517 0.000000 
17 1 4 0 0 2 1 1 1 0.919744 0.000000 
17 1 5 1 2 2 3 3 1 0.853922 0.000000 
17 1 6 1 2 2 3 3 1 0.536163 0.000000 
17 1 7 1 1 1 2 2 1 0.942980 0.000000 
17 1 8 1 2 2 3 3 1 0.637901 0.000000 
17 1 9 2 2 4 3 3 1 0.544725 0.000000 
17 1 10 1 0 0 1 1 1 0.823549 0.000000 
17 1 11 1 1 1 2 2 1 0.971129 0.000000 
17 1 12 1 0 0 1 1 1 0.824678 0.000000 
17 1 13 2 2 4 3 3 1 0.691278 0.000000 
17 1 14 1 1 1 2 2 1 1.148140 0.000000 
17 1 15 0 3 1 4 4 1 0.858910 0.000000 
17 1 16 1 1 1 2 2 1 0.772738 0.000000 
17 1 17 2 3 4 4 4 1 1.146304 0.000000 
17 1 18 0 2 0 3 3 1 0.609267 0.000000 
17 1 19 0 2 0 3 3 1 0.781489 0.000000 
17 1 20 0 3 1 4 4 1 0.689969 0.000000 
17 1 21 1 1 1 2 2 1 0.930834 0.000000 
17 1 22 2 3 5 4 4 1 0.706442 0.000000 
17 1 23 1 2 2 3 3 1 0.666599 0.000000 
17 1 24 0 3 1 4 4 1 0.716111 0.000000 
17 1 25 0 2 0 3 3 1 2.020158 0.000000 
17 1 26 2 1 5 2 2 1 0.983663 0.000000 
17 1 27 1 0 0 1 1 1 0.803686 0.000000 
17 1 28 2 2 5 3 3 1 1.847940 0.000000 
17 1 29 0 3 1 4 4 1 0.611185 0.000000 
17 1 30 0 0 2 1 1 1 0.703320 0.000000 
17 1 31 1 1 1 2 2 1 0.695511 0.000000 
17 1 32 0 0 2 1 1 1 0.736362 0.000000 
17 1 33 1 2 2 3 3 1 0.727242 0.000000 
17 1 34 2 2 5 3 3 1 0.638704 0.000000 
17 1 35 1 2 2 3 3 1 0.656561 0.000000 
17 1 36 2 1 5 2 2 1 0.850696 0.000000 
17 1 37 1 0 0 1 1 1 0.628982 0.000000 
17 1 38 1 3 3 4 4 1 0.664528 0.000000 
17 1 39 2 3 4 4 4 1 0.650602 0.000000 
17 1 40 2 1 5 2 2 1 1.252772 0.000000 
17 1 41 2 0 4 1 1 1 0.719211 0.000000 
17 1 42 0 2 0 3 3 1 0.797755 0.000000 
17 1 43 2 0 4 1 1 1 0.786651 0.000000 
17 1 44 2 2 5 3 3 1 0.831544 0.000000 
17 1 45 0 0 2 1 1 1 0.699016 0.000000 
17 1 46 1 1 1 2 2 1 0.787942 0.000000 
17 1 47 0 3 1 4 4 1 0.696839 0.000000 
17 1 48 0 1 3 2 2 1 0.865671 0.000000 
17 1 49 2 3 4 4 4 1 0.731914 0.000000 
17 1 50 2 2 5 3 3 1 0.762468 0.000000 
17 1 51 0 0 2 1 1 1 0.616647 0.000000 
17 1 52 2 1 5 2 2 1 0.660119 0.000000 
17 1 53 2 3 4 4 4 1 0.662259 0.000000 
17 1 54 0 3 1 4 4 1 0.632489 0.000000 
17 1 55 0 1 3 2 2 1 0.779953 0.000000 
17 1 56 2 1 5 2 2 1 0.729516 0.000000 
17 1 57 0 1 3 2 2 1 0.512999 0.000000 
17 1 58 1 2 2 3 3 1 1.121120 0.000000 
17 1 59 2 2 4 3 3 1 0.511805 0.000000 
17 1 60 1 3 3 4 4 1 0.519883 0.000000 
17 1 61 1 2 2 3 3 1 0.519383 0.000000 
17 1 62 2 3 5 4 4 1 0.598823 0.000000 
17 1 63 1 1 1 2 2 1 0.867669 0.000000 
17 1 64 0 1 3 2 2 1 0.613221 0.000000 
17 1 65 1 2 2 3 3 1 0.609323 0.000000 
17 1 66 2 3 5 4 4 1 0.621503 0.000000 
17 1 67 1 3 3 4 4 1 0.527982 0.000000 
17 1 68 0 3 1 4 4 1 0.487447 0.000000 
17 1 69 0 1 3 2 2 1 0.760256 0.000000 
17 1 70 1 2 2 3 3 1 0.998463 0.000000 
17 1 71 2 2 4 3 3 1 0.531396 0.000000 
17 1 72 2 3 5 4 4 1 0.666821 0.000000 
17 1 73 2 1 4 2 2 1 0.756355 0.000000 
17 1 74 2 0 5 1 1 1 0.642525 0.000000 
17 1 75 0 2 0 3 3 1 0.804370 0.000000 
17 1 76 0 2 0 3 3 1 0.528603 0.000000 
17 1 77 2 1 4 2 2 1 0.760019 0.000000 
17 1 78 2 1 5 2 2 1 0.790296 0.000000 
17 1 79 0 3 1 4 4 1 0.683194 0.000000 
17 1 80 0 1 3 2 2 1 0.619983 0.000000 
17 1 81 2 1 4 2 2 1 0.599510 0.000000 
17 1 82 2 2 5 3 3 1 0.772062 0.000000 
17 1 83 1 1 1 2 2 1 0.992193 0.000000 
17 1 84 2 1 5 2 2 1 0.685141 0.000000 
17 1 85 1 1 1 2 2 1 0.509926 0.000000 
17 1 86 2 1 5 2 2 1 0.526128 0.000000 
17 1 87 1 1 1 2 2 1 0.501535 0.000000 
17 1 88 1 1 1 2 2 1 0.477673 0.000000 
17 1 89 1 2 2 3 3 1 0.735106 0.000000 
17 1 90 0 3 1 4 4 1 0.645985 0.000000 
17 1 91 2 1 4 2 2 1 0.759793 0.000000 
17 1 92 0 2 0 3 3 1 0.733960 0.000000 
17 1 93 2 1 4 2 2 1 0.660852 0.000000 
17 1 94 2 3 5 4 4 1 0.647009 0.000000 
17 1 95 2 0 4 1 1 1 0.801881 0.000000 
17 1 96 1 0 0 1 1 1 0.566078 0.000000 
17 1 97 2 3 4 4 4 1 0.860014 0.000000 
17 1 98 2 0 5 1 1 1 0.678463 0.000000 
17 1 99 1 1 1 2 2 1 0.799002 0.000000 
17 1 100 1 3 3 4 4 1 0.635882 0.000000 
17 1 101 0 0 2 1 1 1 0.630699 0.000000 
17 1 102 1 0 0 1 1 1 0.682194 0.000000 
17 1 103 1 2 2 3 3 1 0.827707 0.000000 
17 1 104 0 2 0 3 3 1 0.959253 0.000000 
17 1 105 2 1 4 2 2 1 0.821541 0.000000 
17 1 106 0 0 2 1 1 1 0.697002 0.000000 
17 1 107 2 0 4 1 1 1 0.648963 0.000000 
17 1 108 2 2 5 3 3 1 0.627777 0.000000 
17 1 109 1 3 3 4 4 1 0.687254 0.000000 
17 1 110 1 0 0 1 1 1 0.624092 0.000000 
17 1 111 0 3 1 4 4 1 0.691598 0.000000 
17 1 112 1 2 2 3 3 1 0.972446 0.000000 
17 1 113 1 3 3 4 4 1 0.762011 0.000000 
17 1 114 2 1 5 2 2 1 0.712244 0.000000 
17 1 115 0 3 1 4 4 1 0.759476 0.000000 
17 1 116 1 3 3 4 4 1 0.485655 0.000000 
17 1 117 0 2 0 3 3 1 0.830459 0.000000 
17 1 118 2 3 5 4 4 1 0.561899 0.000000 
17 1 119 0 0 2 1 1 1 0.656062 0.000000 
17 1 120 1 3 3 4 4 1 0.698310 0.000000 
17 1 121 2 0 4 1 1 1 0.563142 0.000000 
17 1 122 0 2 0 3 3 1 0.689305 0.000000 
17 1 123 1 0 0 1 1 1 0.545126 0.000000 
17 1 124 0 3 1 4 4 1 0.503980 0.000000 
17 1 125 0 2 0 3 3 1 0.671985 0.000000 
17 1 126 1 2 2 3 3 1 0.769555 0.000000 
17 1 127 0 1 3 2 2 1 0.743035 0.000000 
17 1 128 1 1 1 2 2 1 1.157941 0.000000 
17 1 129 1 2 2 3 3 1 0.700314 0.000000 
17 1 130 1 0 0 1 1 1 0.516482 0.000000 
17 1 131 1 0 0 1 1 1 0.635196 0.000000 
17 1 132 2 3 5 4 4 1 0.781773 0.000000 
17 1 133 0 3 1 4 4 1 0.739334 0.000000 
17 1 134 2 3 5 4 4 1 0.554151 0.000000 
17 1 135 2 0 4 1 1 1 0.712272 0.000000 
17 1 136 1 1 1 2 2 1 0.768538 0.000000 
17 1 137 2 0 4 1 1 1 1.070014 0.000000 
17 1 138 1 2 2 3 3 1 0.863747 0.000000 
17 1 139 0 0 2 1 1 1 0.665008 0.000000 
17 1 140 2 2 5 3 3 1 0.931156 0.000000 
17 1 141 2 3 4 4 4 1 0.634737 0.000000 
17 1 142 2 2 5 3 3 1 1.205598 0.000000 
17 1 143 2 0 4 1 1 1 0.641946 0.000000 
17 1 144 0 3 1 4 4 1 0.636721 0.000000 
17 1 145 1 3 3 4 4 1 0.711609 0.000000 
17 1 146 1 1 1 2 2 1 0.935821 0.000000 
17 1 147 0 3 1 4 4 1 0.717734 0.000000 
17 1 148 0 1 3 2 2 1 0.813277 0.000000 
17 1 149 0 0 2 1 1 1 0.745519 0.000000 
17 1 150 0 3 1 4 4 1 0.664340 0.000000 
17 1 151 0 0 2 1 1 1 0.618519 0.000000 
17 1 152 0 1 3 2 2 1 1.173978 0.000000 
17 1 153 1 2 2 3 3 1 0.803716 0.000000 
17 1 154 1 2 2 3 3 1 0.534941 0.000000 
17 1 155 2 0 4 1 1 1 0.581720 0.000000 
17 1 156 1 3 3 4 4 1 0.723198 0.000000 
17 1 157 2 2 4 3 3 1 0.978737 0.000000 
17 1 158 0 2 0 3 3 1 0.608345 0.000000 
17 1 159 0 3 1 4 4 1 0.676508 0.000000 
17 1 160 2 3 5 4 4 1 0.741984 0.000000 
17 1 161 2 3 4 4 4 1 0.540849 0.000000 
17 1 162 0 2 0 3 3 1 0.627669 0.000000 
17 1 163 2 0 4 1 1 1 0.710069 0.000000 
17 1 164 0 3 1 4 4 1 0.702347 0.000000 
17 1 165 0 0 2 1 1 1 0.662528 0.000000 
17 1 166 2 0 5 1 1 1 0.656680 0.000000 
17 1 167 0 0 2 1 1 1 0.730873 0.000000 
17 1 168 0 0 2 1 1 1 0.578382 0.000000 
17 1 169 0 1 3 2 2 1 0.639860 0.000000 
17 1 170 0 2 0 3 3 1 0.746718 0.000000 
17 1 171 0 3 1 4 4 1 0.664557 0.000000 
17 1 172 2 0 5 1 1 1 0.682665 0.000000 
17 1 173 1 3 3 4 4 1 0.580025 0.000000 
17 1 174 1 1 1 2 2 1 0.825653 0.000000 
17 1 175 1 0 0 1 1 1 0.661259 0.000000 
17 1 176 0 0 2 1 1 1 0.631377 0.000000 
17 1 177 1 2 2 3 3 1 0.778939 0.000000 
17 1 178 0 0 2 1 1 1 0.632477 0.000000 
17 1 179 2 0 4 1 1 1 0.682982 0.000000 
17 1 180 2 2 5 3 3 1 0.780025 0.000000 
17 1 181 1 1 1 2 2 1 0.713359 0.000000 
17 1 182 0 0 2 1 1 1 0.625535 0.000000 
17 1 183 1 0 0 1 1 1 0.604985 0.000000 
17 1 184 2 1 5 2 2 1 0.649175 0.000000 
17 1 185 0 0 2 1 1 1 0.651997 0.000000 
17 1 186 1 3 3 4 4 1 0.606121 0.000000 
17 1 187 0 3 1 4 4 1 0.537307 0.000000 
17 1 188 1 0 0 1 1 1 0.592036 0.000000 
17 1 189 2 2 4 3 3 1 0.764935 0.000000 
17 1 190 1 1 1 2 2 1 0.771133 0.000000 
17 1 191 1 1 1 2 2 1 0.688673 0.000000 
17 1 192 2 0 5 1 1 1 0.673533 0.000000 
17 1 1 1 0 0 1 1 1 3.861596 0.000000 
17 1 2 1 2 2 3 3 1 1.072149 0.000000 
17 1 3 1 3 3 4 4 1 0.625149 0.000000 
17 1 4 2 2 5 3 3 1 0.924249 0.000000 
17 1 5 1 3 3 4 4 1 0.571814 0.000000 
17 1 6 2 1 5 2 2 1 0.705042 0.000000 
17 1 7 0 0 2 1 1 1 0.808814 0.000000 
17 1 8 0 0 2 1 1 1 0.597030 0.000000 
17 1 9 1 2 2 3 3 1 0.736874 0.000000 
17 1 10 1 0 0 1 1 1 0.551754 0.000000 
17 1 11 0 0 2 1 1 1 0.541851 0.000000 
17 1 12 0 2 0 3 3 1 0.540610 0.000000 
17 1 13 2 1 4 2 2 1 0.923462 0.000000 
17 1 14 0 1 3 2 2 1 0.715016 0.000000 
17 1 15 0 1 3 2 2 1 0.451178 0.000000 
17 1 16 2 0 5 1 1 1 0.517324 0.000000 
17 1 17 2 2 4 3 3 1 1.131794 0.000000 
17 1 18 1 0 0 1 1 1 0.675417 0.000000 
17 1 19 2 0 4 1 1 1 0.572931 0.000000 
17 1 20 2 1 5 2 2 1 1.098428 0.000000 
17 1 21 0 0 2 1 1 1 0.635415 0.000000 
17 1 22 0 3 1 4 4 1 0.662275 0.000000 
17 1 23 0 2 0 3 3 1 0.672414 0.000000 
17 1 24 0 3 1 4 4 1 0.721921 0.000000 
17 1 25 0 2 0 3 3 1 1.272503 0.000000 
17 1 26 2 0 5 1 1 1 0.634199 0.000000 
17 1 27 1 3 3 4 4 1 0.605018 0.000000 
17 1 28 2 1 5 2 2 1 0.657149 0.000000 
17 1 29 1 1 1 2 2 1 0.723332 0.000000 
17 1 30 0 1 3 2 2 1 0.506847 0.000000 
17 1 31 0 3 1 4 4 1 0.626970 0.000000 
17 1 32 2 2 5 3 3 1 0.814502 0.000000 
17 1 33 0 2 0 3 3 1 0.617689 0.000000 
17 1 34 1 2 2 3 3 1 1.469218 0.000000 
17 1 35 0 2 0 3 3 1 0.470967 0.000000 
17 1 36 1 3 3 4 4 1 0.728466 0.000000 
17 1 37 2 1 4 2 2 1 0.911975 0.000000 
17 1 38 0 2 0 3 3 1 1.648289 0.000000 
17 1 39 0 3 1 4 4 1 0.635440 0.000000 
17 1 40 1 0 0 1 1 1 0.621271 0.000000 
17 1 41 1 1 1 2 2 1 0.680715 0.000000 
17 1 42 1 1 1 2 2 1 0.546246 0.000000 
17 1 43 0 1 3 2 2 1 0.648981 0.000000 
17 1 44 0 0 2 1 1 1 0.475846 0.000000 
17 1 45 0 0 2 1 1 1 0.661286 0.000000 
17 1 46 0 3 1 4 4 1 0.567468 0.000000 
17 1 47 1 3 3 4 4 1 0.612832 0.000000 
17 1 48 0 2 0 3 3 1 0.816073 0.000000 
17 1 49 1 3 3 4 4 1 0.628073 0.000000 
17 1 50 1 3 3 4 4 1 0.559155 0.000000 
17 1 51 1 0 0 1 1 1 0.613274 0.000000 
17 1 52 0 3 1 4 4 1 0.569424 0.000000 
17 1 53 1 2 2 3 3 1 0.814921 0.000000 
17 1 54 2 2 5 3 3 1 0.627102 0.000000 
17 1 55 2 2 4 3 3 1 0.526614 0.000000 
17 1 56 1 1 1 2 2 1 1.317129 0.000000 
17 1 57 2 3 4 4 4 1 0.796807 0.000000 
17 1 58 0 0 2 1 1 1 0.705713 0.000000 
17 1 59 2 3 4 4 4 1 0.609882 0.000000 
17 1 60 2 2 5 3 3 1 0.862014 0.000000 
17 1 61 2 1 4 2 2 1 0.832294 0.000000 
17 1 62 1 0 0 1 1 1 0.627843 0.000000 
17 1 63 0 3 1 4 4 1 0.647303 0.000000 
17 1 64 1 2 2 3 3 1 1.577194 0.000000 
17 1 65 0 1 3 2 2 1 0.751033 0.000000 
17 1 66 1 1 1 2 2 1 0.925148 0.000000 
17 1 67 1 3 3 4 4 1 0.636828 0.000000 
17 1 68 0 0 2 1 1 1 0.615629 0.000000 
17 1 69 0 0 2 1 1 1 0.691829 0.000000 
17 1 70 1 2 2 3 3 1 1.364677 0.000000 
17 1 71 2 3 4 4 4 1 0.602163 0.000000 
17 1 72 2 2 5 3 3 1 0.726249 0.000000 
17 1 73 2 2 4 3 3 1 0.501774 0.000000 
17 1 74 1 2 2 3 3 1 0.509865 0.000000 
17 1 75 0 1 3 2 2 1 0.861998 0.000000 
17 1 76 2 2 5 3 3 1 0.760244 0.000000 
17 1 77 1 3 3 4 4 1 0.566434 0.000000 
17 1 78 1 3 3 4 4 1 0.428085 0.000000 
17 1 79 2 0 4 1 1 1 0.759339 0.000000 
17 1 80 2 3 5 4 4 1 0.604539 0.000000 
17 1 81 1 3 3 4 4 1 0.608644 0.000000 
17 1 82 2 2 5 3 3 1 0.796817 0.000000 
17 1 83 2 1 4 2 2 1 0.657724 0.000000 
17 1 84 1 1 1 2 2 1 0.595869 0.000000 
17 1 85 1 3 3 4 4 1 0.616706 0.000000 
17 1 86 0 0 2 1 1 1 0.628190 0.000000 
17 1 87 2 0 4 1 1 1 0.663662 0.000000 
17 1 88 1 3 3 4 4 1 0.744855 0.000000 
17 1 89 1 0 0 1 1 1 0.639697 0.000000 
17 1 90 0 1 3 2 2 1 0.674539 0.000000 
17 1 91 2 1 4 2 2 1 0.499983 0.000000 
17 1 92 1 0 0 1 1 1 0.644160 0.000000 
17 1 93 0 3 1 4 4 1 0.646990 0.000000 
17 1 94 1 1 1 2 2 1 0.977856 0.000000 
17 1 95 1 2 2 3 3 1 0.879418 0.000000 
17 1 96 2 1 5 2 2 1 0.840025 0.000000 
17 1 97 0 2 0 3 3 1 0.642941 0.000000 
17 1 98 1 0 0 1 1 1 0.621765 0.000000 
17 1 99 1 1 1 2 2 1 0.665251 0.000000 
17 1 100 2 1 5 2 2 1 0.515397 0.000000 
17 1 101 0 2 0 3 3 1 1.011553 0.000000 
17 1 102 0 0 2 1 3 0 0.759834 0.000000 
17 1 103 0 3 1 4 4 1 0.697956 0.000000 
17 1 104 2 3 5 4 4 1 0.689534 0.000000 
17 1 105 2 0 4 1 1 1 0.642269 0.000000 
17 1 106 2 1 5 2 2 1 0.645072 0.000000 
17 1 107 0 0 2 1 1 1 1.535957 0.000000 
17 1 108 0 2 0 3 2 0 0.695037 0.000000 
17 1 109 2 0 4 1 1 1 0.691889 0.000000 
17 1 110 1 2 2 3 3 1 0.812321 0.000000 
17 1 111 0 0 2 1 1 1 0.631537 0.000000 
17 1 112 0 0 2 1 1 1 1.155023 0.000000 
17 1 113 1 2 2 3 3 1 0.681363 0.000000 
17 1 114 2 1 5 2 2 1 1.482948 0.000000 
17 1 115 1 1 1 2 2 1 0.748001 0.000000 
17 1 116 0 2 0 3 3 1 0.842938 0.000000 
17 1 117 2 1 4 2 2 1 0.605796 0.000000 
17 1 118 2 3 5 4 4 1 0.577968 0.000000 
17 1 119 0 2 0 3 3 1 0.662432 0.000000 
17 1 120 0 0 2 1 1 1 0.624624 0.000000 
17 1 121 2 3 4 4 4 1 0.564055 0.000000 
17 1 122 0 1 3 2 2 1 1.810291 0.000000 
17 1 123 1 2 2 3 3 1 0.654834 0.000000 
17 1 124 2 0 5 1 1 1 0.673007 0.000000 
17 1 125 2 3 4 4 4 1 0.602505 0.000000 
17 1 126 1 0 0 1 1 1 0.741722 0.000000 
17 1 127 1 0 0 1 1 1 0.604536 0.000000 
17 1 128 2 1 5 2 2 1 0.768688 0.000000 
17 1 129 2 3 4 4 4 1 0.702234 0.000000 
17 1 130 1 2 2 3 3 1 1.542473 0.000000 
17 1 131 2 0 4 1 1 1 0.669659 0.000000 
17 1 132 2 2 5 3 2 0 1.047130 0.000000 
17 1 133 1 2 2 3 3 1 0.686033 0.000000 
17 1 134 2 3 5 4 4 1 0.693473 0.000000 
17 1 135 2 3 4 4 4 1 0.638329 0.000000 
17 1 136 0 2 0 3 3 1 0.585119 0.000000 
17 1 137 1 2 2 3 3 1 1.165972 0.000000 
17 1 138 2 1 5 2 2 1 0.700053 0.000000 
17 1 139 2 1 4 2 2 1 0.980030 0.000000 
17 1 140 1 3 3 4 4 1 0.625447 0.000000 
17 1 141 2 1 4 2 2 1 0.604978 0.000000 
17 1 142 2 1 5 2 2 1 0.472055 0.000000 
17 1 143 1 1 1 2 2 1 0.441510 0.000000 
17 1 144 1 3 3 4 4 1 0.588274 0.000000 
17 1 145 1 2 2 3 3 1 0.641023 0.000000 
17 1 146 1 1 1 2 2 1 0.691928 0.000000 
17 1 147 0 2 0 3 4 0 0.572766 0.000000 
17 1 148 0 3 1 4 4 1 0.566174 0.000000 
17 1 149 1 3 3 4 4 1 0.515888 0.000000 
17 1 150 1 1 1 2 2 1 0.746985 0.000000 
17 1 151 2 0 4 1 1 1 0.537859 0.000000 
17 1 152 0 1 3 2 2 1 0.632664 0.000000 
17 1 153 2 0 4 1 1 1 0.395977 0.000000 
17 1 154 2 0 5 1 1 1 0.600869 0.000000 
17 1 155 1 3 3 4 4 1 0.556995 0.000000 
17 1 156 1 0 0 1 1 1 0.499125 0.000000 
17 1 157 0 3 1 4 4 1 0.659941 0.000000 
17 1 158 2 3 5 4 4 1 0.614093 0.000000 
17 1 159 2 3 4 4 4 1 0.481242 0.000000 
17 1 160 1 2 2 3 3 1 0.618681 0.000000 
17 1 161 0 2 0 3 3 1 0.526150 0.000000 
17 1 162 0 0 2 1 1 1 0.741542 0.000000 
17 1 163 1 0 0 1 1 1 0.572476 0.000000 
17 1 164 0 1 3 2 2 1 0.641950 0.000000 
17 1 165 0 2 0 3 3 1 2.004833 0.000000 
17 1 166 0 0 2 1 1 1 0.600480 0.000000 
17 1 167 0 0 2 1 1 1 0.636594 0.000000 
17 1 168 2 2 5 3 3 1 0.639461 0.000000 
17 1 169 0 1 3 2 1 0 0.570269 0.000000 
17 1 170 1 3 3 4 4 1 0.515675 0.000000 
17 1 171 0 0 2 1 1 1 0.635390 0.000000 
17 1 172 0 2 0 3 3 1 0.702219 0.000000 
17 1 173 0 1 3 2 2 1 0.830403 0.000000 
17 1 174 2 1 5 2 2 1 0.545018 0.000000 
17 1 175 0 1 3 2 2 1 0.511748 0.000000 
17 1 176 2 2 5 3 3 1 0.751890 0.000000 
17 1 177 1 3 3 4 4 1 0.622050 0.000000 
17 1 178 0 3 1 4 4 1 0.529550 0.000000 
17 1 179 1 3 3 4 4 1 0.424979 0.000000 
17 1 180 1 1 1 2 2 1 0.828445 0.000000 
17 1 181 2 0 4 1 1 1 0.743959 0.000000 
17 1 182 1 2 2 3 3 1 0.701935 0.000000 
17 1 183 0 3 1 4 4 1 0.758021 0.000000 
17 1 184 2 0 5 1 1 1 3.388397 0.000000 
17 1 185 2 3 4 4 4 1 0.674135 0.000000 
17 1 186 1 0 0 1 1 1 0.659665 0.000000 
17 1 187 2 2 4 3 3 1 0.701807 0.000000 
17 1 188 0 1 3 2 2 1 0.789980 0.000000 
17 1 189 0 1 3 2 2 1 0.609897 0.000000 
17 1 190 2 3 5 4 4 1 2.358108 0.000000 
17 1 191 2 0 4 1 1 1 0.612854 0.000000 
17 1 192 2 1 5 2 2 1 1.105028 0.000000 
