13 1 1 0 0 1 1 1 1 1.254139 0.000000 
13 1 2 2 2 5 3 3 1 1.967906 0.000000 
13 1 3 0 0 1 1 1 1 0.629428 0.000000 
13 1 4 1 1 1 2 2 1 0.944771 0.000000 
13 1 5 1 3 3 4 4 1 0.519114 0.000000 
13 1 6 1 3 3 4 4 1 0.446105 0.000000 
13 1 7 2 1 4 2 2 1 0.744914 0.000000 
13 1 8 2 2 5 3 3 1 0.591818 0.000000 
13 1 9 2 0 4 1 1 1 0.532604 0.000000 
13 1 10 1 3 3 4 4 1 0.562968 0.000000 
13 1 11 1 0 0 1 1 1 0.616671 0.000000 
13 1 12 2 1 5 2 2 1 0.660219 0.000000 
13 1 13 1 1 1 2 2 1 0.630359 0.000000 
13 1 14 1 1 1 2 2 1 0.537936 0.000000 
13 1 15 0 1 2 2 3 0 0.616777 0.000000 
13 1 16 1 0 0 1 1 1 0.536322 0.000000 
13 1 17 0 3 0 4 1 0 0.542684 0.000000 
13 1 18 0 0 1 1 1 1 0.888536 0.000000 
13 1 19 0 3 0 4 4 1 0.649009 0.000000 
13 1 20 0 2 3 3 3 1 0.707915 0.000000 
13 1 21 1 0 0 1 1 1 0.588133 0.000000 
13 1 22 2 1 5 2 2 1 0.824970 0.000000 
13 1 23 2 1 4 2 2 1 0.620573 0.000000 
13 1 24 1 0 0 1 1 1 0.616087 0.000000 
13 1 25 1 0 0 1 1 1 0.468108 0.000000 
13 1 26 0 2 3 3 4 0 0.556122 0.000000 
13 1 27 2 0 4 1 1 1 0.606250 0.000000 
13 1 28 0 3 0 4 4 1 0.577978 0.000000 
13 1 29 0 3 0 4 4 1 0.503529 0.000000 
13 1 30 2 2 5 3 3 1 0.575681 0.000000 
13 1 31 0 1 2 2 2 1 0.645198 0.000000 
13 1 32 2 2 5 3 3 1 0.592003 0.000000 
13 1 33 0 3 0 4 1 0 0.908888 0.000000 
13 1 34 1 0 0 1 1 1 0.735954 0.000000 
13 1 35 0 0 1 1 1 1 0.462657 0.000000 
13 1 36 0 1 2 2 3 0 0.736798 0.000000 
13 1 37 0 2 3 3 3 1 0.611737 0.000000 
13 1 38 1 2 2 3 3 1 0.639454 0.000000 
13 1 39 0 3 0 4 4 1 0.570328 0.000000 
13 1 40 2 3 5 4 4 1 0.775871 0.000000 
13 1 41 0 3 0 4 4 1 0.621418 0.000000 
13 1 42 2 0 5 1 1 1 0.679947 0.000000 
13 1 43 2 3 4 4 4 1 0.585496 0.000000 
13 1 44 1 3 3 4 4 1 0.494339 0.000000 
13 1 45 0 3 0 4 4 1 0.503163 0.000000 
13 1 46 1 1 1 2 2 1 0.799232 0.000000 
13 1 47 1 2 2 3 3 1 0.564042 0.000000 
13 1 48 1 2 2 3 3 1 0.489731 0.000000 
13 1 49 0 0 1 1 1 1 0.609580 0.000000 
13 1 50 0 1 2 2 2 1 0.757764 0.000000 
13 1 51 1 2 2 3 2 0 0.619992 0.000000 
13 1 52 0 0 1 1 1 1 0.659568 0.000000 
13 1 53 2 2 4 3 3 1 0.557278 0.000000 
13 1 54 1 2 2 3 3 1 0.507403 0.000000 
13 1 55 2 1 4 2 2 1 0.699603 0.000000 
13 1 56 0 1 2 2 2 1 0.612047 0.000000 
13 1 57 1 3 3 4 4 1 0.566960 0.000000 
13 1 58 1 1 1 2 2 1 0.604542 0.000000 
13 1 59 2 1 4 2 2 1 0.512712 0.000000 
13 1 60 0 2 3 3 3 1 0.576840 0.000000 
13 1 61 2 1 4 2 2 1 0.838403 0.000000 
13 1 62 0 2 3 3 3 1 0.529331 0.000000 
13 1 63 0 3 0 4 4 1 0.488827 0.000000 
13 1 64 2 1 5 2 3 0 0.841602 0.000000 
13 1 65 1 0 0 1 2 0 0.487613 0.000000 
13 1 66 1 2 2 3 3 1 0.587899 0.000000 
13 1 67 1 3 3 4 4 1 0.480314 0.000000 
13 1 68 2 0 5 1 1 1 0.593801 0.000000 
13 1 69 1 2 2 3 3 1 0.686659 0.000000 
13 1 70 2 2 5 3 3 1 0.495512 0.000000 
13 1 71 0 1 2 2 2 1 0.776361 0.000000 
13 1 72 2 1 5 2 2 1 0.501947 0.000000 
13 1 73 2 3 4 4 4 1 0.582029 0.000000 
13 1 74 1 0 0 1 1 1 0.594560 0.000000 
13 1 75 2 0 4 1 1 1 0.503456 0.000000 
13 1 76 2 2 5 3 3 1 0.631558 0.000000 
13 1 77 1 3 3 4 4 1 0.499131 0.000000 
13 1 78 2 3 5 4 4 1 0.507876 0.000000 
13 1 79 2 2 4 3 3 1 0.531980 0.000000 
13 1 80 2 0 5 1 1 1 0.507525 0.000000 
13 1 81 0 2 3 3 3 1 0.722792 0.000000 
13 1 82 2 2 5 3 3 1 0.578258 0.000000 
13 1 83 1 1 1 2 2 1 0.615820 0.000000 
13 1 84 2 1 5 2 2 1 0.507957 0.000000 
13 1 85 2 2 4 3 3 1 0.612155 0.000000 
13 1 86 2 1 5 2 2 1 0.568338 0.000000 
13 1 87 2 3 4 4 4 1 0.525844 0.000000 
13 1 88 0 3 0 4 4 1 0.533352 0.000000 
13 1 89 1 1 1 2 2 1 0.595240 0.000000 
13 1 90 2 0 5 1 1 1 0.592993 0.000000 
13 1 91 1 2 2 3 3 1 0.612873 0.000000 
13 1 92 2 0 5 1 1 1 0.512996 0.000000 
13 1 93 2 2 4 3 3 1 0.513202 0.000000 
13 1 94 2 1 5 2 2 1 0.649382 0.000000 
13 1 95 2 2 4 3 3 1 0.716049 0.000000 
13 1 96 0 3 0 4 4 1 0.499798 0.000000 
13 1 97 0 0 1 1 1 1 0.539959 0.000000 
13 1 98 2 1 5 2 2 1 0.706798 0.000000 
13 1 99 1 0 0 1 1 1 0.577955 0.000000 
13 1 100 2 0 5 1 1 1 0.519526 0.000000 
13 1 101 0 3 0 4 4 1 0.551014 0.000000 
13 1 102 2 3 5 4 4 1 0.437117 0.000000 
13 1 103 1 0 0 1 1 1 0.503964 0.000000 
13 1 104 1 2 2 3 3 1 0.656025 0.000000 
13 1 105 0 2 3 3 3 1 0.482329 0.000000 
13 1 106 0 0 1 1 1 1 0.499799 0.000000 
13 1 107 0 0 1 1 1 1 0.530973 0.000000 
13 1 108 0 1 2 2 2 1 0.626402 0.000000 
13 1 109 1 0 0 1 1 1 0.461965 0.000000 
13 1 110 0 1 2 2 3 0 0.640077 0.000000 
13 1 111 0 3 0 4 4 1 0.574991 0.000000 
13 1 112 1 0 0 1 1 1 0.436010 0.000000 
13 1 113 1 1 1 2 2 1 0.542824 0.000000 
13 1 114 0 3 0 4 4 1 0.485578 0.000000 
13 1 115 0 1 2 2 2 1 0.598416 0.000000 
13 1 116 1 0 0 1 1 1 0.450305 0.000000 
13 1 117 2 2 4 3 3 1 0.588394 0.000000 
13 1 118 0 3 0 4 4 1 0.481294 0.000000 
13 1 119 1 0 0 1 1 1 0.434741 0.000000 
13 1 120 0 0 1 1 1 1 0.421523 0.000000 
13 1 121 2 2 4 3 3 1 0.640987 0.000000 
13 1 122 1 2 2 3 3 1 0.635871 0.000000 
13 1 123 2 3 4 4 4 1 0.534716 0.000000 
13 1 124 0 2 3 3 3 1 0.652514 0.000000 
13 1 125 1 3 3 4 4 1 0.574757 0.000000 
13 1 126 1 3 3 4 4 1 0.460180 0.000000 
13 1 127 1 3 3 4 4 1 0.358402 0.000000 
13 1 128 0 3 0 4 4 1 0.476449 0.000000 
13 1 129 2 0 4 1 1 1 0.581989 0.000000 
13 1 130 2 1 5 2 2 1 0.683475 0.000000 
13 1 131 0 0 1 1 1 1 0.564305 0.000000 
13 1 132 1 2 2 3 3 1 0.570516 0.000000 
13 1 133 0 3 0 4 4 1 0.542991 0.000000 
13 1 134 0 1 2 2 2 1 0.661817 0.000000 
13 1 135 2 1 4 2 2 1 0.472032 0.000000 
13 1 136 2 0 5 1 1 1 0.569553 0.000000 
13 1 137 0 3 0 4 4 1 0.519042 0.000000 
13 1 138 1 1 1 2 2 1 0.574560 0.000000 
13 1 139 2 3 4 4 4 1 0.524052 0.000000 
13 1 140 1 0 0 1 1 1 0.475544 0.000000 
13 1 141 2 1 4 2 2 1 0.571983 0.000000 
13 1 142 0 3 0 4 4 1 0.521550 0.000000 
13 1 143 2 3 4 4 4 1 0.465032 0.000000 
13 1 144 1 3 3 4 4 1 0.467179 0.000000 
13 1 145 1 3 3 4 4 1 0.412657 0.000000 
13 1 146 1 2 2 3 3 1 0.672745 0.000000 
13 1 147 2 3 4 4 4 1 0.426289 0.000000 
13 1 148 1 2 2 3 2 0 0.517732 0.000000 
13 1 149 0 0 1 1 1 1 0.688250 0.000000 
13 1 150 1 3 3 4 4 1 0.496632 0.000000 
13 1 151 0 2 3 3 3 1 0.577478 0.000000 
13 1 152 0 0 1 1 1 1 0.486989 0.000000 
13 1 153 0 2 3 3 3 1 0.487784 0.000000 
13 1 154 2 1 5 2 2 1 0.672617 0.000000 
13 1 155 0 0 1 1 1 1 0.578144 0.000000 
13 1 156 0 0 1 1 1 1 0.503607 0.000000 
13 1 157 0 1 2 2 3 0 0.663824 0.000000 
13 1 158 2 1 5 2 3 0 0.845017 0.000000 
13 1 159 1 0 0 1 1 1 0.507538 0.000000 
13 1 160 2 0 5 1 1 1 0.699224 0.000000 
13 1 161 2 0 4 1 1 1 0.483942 0.000000 
13 1 162 2 3 5 4 4 1 0.636900 0.000000 
13 1 163 1 1 1 2 2 1 0.703784 0.000000 
13 1 164 1 2 2 3 3 1 0.544014 0.000000 
13 1 165 1 1 1 2 2 1 0.750869 0.000000 
13 1 166 1 3 3 4 4 1 0.524061 0.000000 
13 1 167 0 2 3 3 3 1 0.563564 0.000000 
13 1 168 1 2 2 3 3 1 0.585717 0.000000 
13 1 169 0 3 0 4 4 1 0.566588 0.000000 
13 1 170 2 2 5 3 3 1 0.644078 0.000000 
13 1 171 1 1 1 2 2 1 0.542935 0.000000 
13 1 172 2 1 5 2 2 1 0.789808 0.000000 
13 1 173 2 2 4 3 3 1 0.506744 0.000000 
13 1 174 0 0 1 1 1 1 0.625890 0.000000 
13 1 175 1 3 3 4 4 1 0.525373 0.000000 
13 1 176 2 0 5 1 1 1 0.540907 0.000000 
13 1 177 1 2 2 3 3 1 1.139780 0.000000 
13 1 178 0 2 3 3 3 1 0.466805 0.000000 
13 1 179 1 2 2 3 3 1 0.460277 0.000000 
13 1 180 0 0 1 1 1 1 0.494421 0.000000 
13 1 181 0 1 2 2 2 1 0.638276 0.000000 
13 1 182 1 0 0 1 1 1 0.482047 0.000000 
13 1 183 2 1 4 2 2 1 0.586589 0.000000 
13 1 184 0 2 3 3 3 1 0.559424 0.000000 
13 1 185 1 1 1 2 1 0 0.581595 0.000000 
13 1 186 2 0 5 1 1 1 0.647081 0.000000 
13 1 187 1 1 1 2 2 1 0.577422 0.000000 
13 1 188 1 1 1 2 2 1 0.406957 0.000000 
13 1 189 2 3 4 4 4 1 0.595130 0.000000 
13 1 190 0 3 0 4 4 1 0.654933 0.000000 
13 1 191 2 2 4 3 3 1 0.593142 0.000000 
13 1 192 0 1 2 2 3 0 0.542006 0.000000 
13 1 1 1 0 0 1 1 1 1.670066 0.000000 
13 1 2 1 1 1 2 2 1 0.575296 0.000000 
13 1 3 2 1 4 2 2 1 0.548311 0.000000 
13 1 4 2 1 5 2 2 1 0.539179 0.000000 
13 1 5 2 2 4 3 3 1 0.713815 0.000000 
13 1 6 2 3 5 4 4 1 0.560358 0.000000 
13 1 7 2 0 4 1 1 1 0.638019 0.000000 
13 1 8 1 1 1 2 2 1 0.576952 0.000000 
13 1 9 2 1 4 2 2 1 0.438448 0.000000 
13 1 10 1 0 0 1 1 1 0.577245 0.000000 
13 1 11 2 0 4 1 1 1 0.470763 0.000000 
13 1 12 2 2 5 3 3 1 0.568209 0.000000 
13 1 13 0 1 3 2 3 0 0.509746 0.000000 
13 1 14 1 0 0 1 1 1 0.560340 0.000000 
13 1 15 0 3 1 4 4 1 0.598590 0.000000 
13 1 16 0 1 3 2 2 1 1.203485 0.000000 
13 1 17 2 3 4 4 4 1 0.527874 0.000000 
13 1 18 0 1 3 2 2 1 0.863320 0.000000 
13 1 19 1 3 3 4 4 1 0.481653 0.000000 
13 1 20 1 1 1 2 2 1 0.683164 0.000000 
13 1 21 0 3 1 4 4 1 0.524000 0.000000 
13 1 22 0 3 1 4 4 1 0.490468 0.000000 
13 1 23 0 1 3 2 2 1 0.675328 0.000000 
13 1 24 1 3 3 4 4 1 0.444892 0.000000 
13 1 25 2 1 4 2 2 1 0.503669 0.000000 
13 1 26 1 2 2 3 3 1 0.663822 0.000000 
13 1 27 0 0 2 1 1 1 0.577997 0.000000 
13 1 28 0 0 2 1 1 1 0.551496 0.000000 
13 1 29 1 3 3 4 4 1 0.429693 0.000000 
13 1 30 1 1 1 2 3 0 0.640227 0.000000 
13 1 31 1 2 2 3 3 1 0.583077 0.000000 
13 1 32 1 2 2 3 3 1 0.507913 0.000000 
13 1 33 0 0 2 1 1 1 0.556235 0.000000 
13 1 34 0 2 0 3 3 1 0.658415 0.000000 
13 1 35 1 0 0 1 1 1 0.540600 0.000000 
13 1 36 0 0 2 1 1 1 0.491452 0.000000 
13 1 37 0 1 3 2 2 1 0.676296 0.000000 
13 1 38 2 0 5 1 1 1 0.460851 0.000000 
13 1 39 2 0 4 1 1 1 0.462937 0.000000 
13 1 40 0 2 0 3 3 1 0.513020 0.000000 
13 1 41 2 1 4 2 2 1 0.889243 0.000000 
13 1 42 0 1 3 2 2 1 0.442184 0.000000 
13 1 43 0 1 3 2 2 1 0.476978 0.000000 
13 1 44 1 0 0 1 1 1 0.566489 0.000000 
13 1 45 0 1 3 2 2 1 0.483965 0.000000 
13 1 46 0 0 2 1 1 1 0.532773 0.000000 
13 1 47 1 2 2 3 3 1 0.547058 0.000000 
13 1 48 1 3 3 4 4 1 0.457423 0.000000 
13 1 49 1 3 3 4 4 1 0.435568 0.000000 
13 1 50 2 2 5 3 3 1 0.662344 0.000000 
13 1 51 0 1 3 2 1 0 0.640580 0.000000 
13 1 52 0 2 0 3 3 1 0.511440 0.000000 
13 1 53 1 1 1 2 2 1 0.839146 0.000000 
13 1 54 0 3 1 4 4 1 0.514007 0.000000 
13 1 55 0 0 2 1 1 1 0.601257 0.000000 
13 1 56 2 3 5 4 4 1 0.485447 0.000000 
13 1 57 0 2 0 3 3 1 0.542217 0.000000 
13 1 58 1 3 3 4 4 1 0.468983 0.000000 
13 1 59 1 1 1 2 2 1 0.686529 0.000000 
13 1 60 2 0 5 1 1 1 0.535422 0.000000 
13 1 61 2 1 4 2 2 1 0.614200 0.000000 
13 1 62 0 1 3 2 2 1 0.562467 0.000000 
13 1 63 1 0 0 1 1 1 0.544604 0.000000 
13 1 64 1 2 2 3 3 1 0.630443 0.000000 
13 1 65 0 2 0 3 3 1 0.465983 0.000000 
13 1 66 1 2 2 3 3 1 0.419938 0.000000 
13 1 67 1 1 1 2 2 1 0.591566 0.000000 
13 1 68 1 3 3 4 4 1 0.444390 0.000000 
13 1 69 0 1 3 2 3 0 0.503193 0.000000 
13 1 70 0 0 2 1 1 1 0.515378 0.000000 
13 1 71 1 1 1 2 2 1 0.851016 0.000000 
13 1 72 0 3 1 4 4 1 0.580294 0.000000 
13 1 73 1 3 3 4 4 1 0.993860 0.000000 
13 1 74 0 0 2 1 1 1 0.534827 0.000000 
13 1 75 0 3 1 4 4 1 0.565688 0.000000 
13 1 76 2 3 5 4 4 1 0.571838 0.000000 
13 1 77 0 3 1 4 4 1 0.585368 0.000000 
13 1 78 2 2 5 3 3 1 0.590193 0.000000 
13 1 79 0 1 3 2 2 1 0.659007 0.000000 
13 1 80 1 0 0 1 2 0 0.365258 0.000000 
13 1 81 1 2 2 3 3 1 0.726384 0.000000 
13 1 82 0 2 0 3 3 1 0.773483 0.000000 
13 1 83 1 2 2 3 3 1 0.475007 0.000000 
13 1 84 1 0 0 1 1 1 0.580510 0.000000 
13 1 85 0 3 1 4 4 1 0.537995 0.000000 
13 1 86 0 1 3 2 2 1 0.696880 0.000000 
13 1 87 1 2 2 3 3 1 0.489717 0.000000 
13 1 88 2 2 5 3 3 1 0.402568 0.000000 
13 1 89 2 3 4 4 4 1 0.493686 0.000000 
13 1 90 0 0 2 1 1 1 0.606494 0.000000 
13 1 91 1 0 0 1 1 1 0.562684 0.000000 
13 1 92 2 1 5 2 3 0 0.576847 0.000000 
13 1 93 1 2 2 3 3 1 0.578377 0.000000 
13 1 94 0 0 2 1 1 1 0.543428 0.000000 
13 1 95 2 2 4 3 3 1 0.526237 0.000000 
13 1 96 2 0 5 1 1 1 0.557736 0.000000 
13 1 97 1 1 1 2 2 1 0.698907 0.000000 
13 1 98 0 1 3 2 2 1 0.483819 0.000000 
13 1 99 2 2 4 3 4 0 0.588609 0.000000 
13 1 100 2 2 5 3 3 1 0.549472 0.000000 
13 1 101 1 2 2 3 3 1 0.443836 0.000000 
13 1 102 2 2 5 3 3 1 0.478622 0.000000 
13 1 103 1 2 2 3 3 1 0.456036 0.000000 
13 1 104 2 0 5 1 1 1 0.530172 0.000000 
13 1 105 2 1 4 2 2 1 0.672710 0.000000 
13 1 106 2 0 5 1 1 1 0.546249 0.000000 
13 1 107 0 0 2 1 1 1 0.545050 0.000000 
13 1 108 1 3 3 4 4 1 0.567945 0.000000 
13 1 109 1 2 2 3 3 1 0.541403 0.000000 
13 1 110 2 3 5 4 4 1 0.524269 0.000000 
13 1 111 2 2 4 3 3 1 0.659749 0.000000 
13 1 112 0 0 2 1 1 1 0.605910 0.000000 
13 1 113 1 1 1 2 2 1 0.625202 0.000000 
13 1 114 2 3 5 4 4 1 0.492684 0.000000 
13 1 115 0 3 1 4 4 1 0.501484 0.000000 
13 1 116 1 0 0 1 1 1 0.533656 0.000000 
13 1 117 0 0 2 1 1 1 0.508474 0.000000 
13 1 118 1 1 1 2 2 1 0.684629 0.000000 
13 1 119 2 0 4 1 1 1 0.597519 0.000000 
13 1 120 2 0 5 1 2 0 0.474382 0.000000 
13 1 121 1 1 1 2 2 1 0.631859 0.000000 
13 1 122 2 2 5 3 3 1 0.585917 0.000000 
13 1 123 2 3 4 4 4 1 0.526749 0.000000 
13 1 124 0 1 3 2 2 1 1.054286 0.000000 
13 1 125 1 2 2 3 3 1 0.560628 0.000000 
13 1 126 1 0 0 1 1 1 0.510811 0.000000 
13 1 127 2 1 4 2 2 1 0.574964 0.000000 
13 1 128 1 1 1 2 2 1 0.508454 0.000000 
13 1 129 1 2 2 3 3 1 0.635686 0.000000 
13 1 130 0 2 0 3 3 1 0.550456 0.000000 
13 1 131 0 3 1 4 4 1 0.508644 0.000000 
13 1 132 1 0 0 1 1 1 0.540820 0.000000 
13 1 133 0 0 2 1 1 1 0.707633 0.000000 
13 1 134 1 1 1 2 2 1 0.563861 0.000000 
13 1 135 0 0 2 1 2 0 0.457980 0.000000 
13 1 136 2 3 5 4 4 1 0.560170 0.000000 
13 1 137 2 2 4 3 3 1 0.645869 0.000000 
13 1 138 2 3 5 4 4 1 0.487715 0.000000 
13 1 139 2 2 4 3 3 1 0.504498 0.000000 
13 1 140 2 3 5 4 4 1 0.512724 0.000000 
13 1 141 2 1 4 2 3 0 0.520841 0.000000 
13 1 142 2 3 5 4 4 1 0.596379 0.000000 
13 1 143 2 2 4 3 3 1 0.616741 0.000000 
13 1 144 1 3 3 4 4 1 0.484228 0.000000 
13 1 145 2 2 4 3 3 1 0.668122 0.000000 
13 1 146 1 3 3 4 4 1 0.485640 0.000000 
13 1 147 0 3 1 4 4 1 0.606446 0.000000 
13 1 148 1 3 3 4 4 1 0.418583 0.000000 
13 1 149 0 0 2 1 1 1 0.606022 0.000000 
13 1 150 0 0 2 1 1 1 0.602275 0.000000 
13 1 151 2 1 4 2 2 1 0.678497 0.000000 
13 1 152 1 2 2 3 2 0 0.479987 0.000000 
13 1 153 2 3 4 4 4 1 0.517493 0.000000 
13 1 154 2 0 5 1 1 1 0.580512 0.000000 
13 1 155 1 1 1 2 2 1 0.696982 0.000000 
13 1 156 0 1 3 2 2 1 0.577919 0.000000 
13 1 157 0 2 0 3 3 1 0.623430 0.000000 
13 1 158 2 2 5 3 3 1 0.658963 0.000000 
13 1 159 0 1 3 2 2 1 0.821111 0.000000 
13 1 160 1 3 3 4 4 1 0.528787 0.000000 
13 1 161 2 3 4 4 4 1 0.584258 0.000000 
13 1 162 2 3 5 4 4 1 0.485150 0.000000 
13 1 163 2 2 4 3 3 1 0.636907 0.000000 
13 1 164 0 1 3 2 2 1 1.159838 0.000000 
13 1 165 0 0 2 1 1 1 0.614211 0.000000 
13 1 166 0 3 1 4 4 1 0.562375 0.000000 
13 1 167 1 0 0 1 1 1 0.568562 0.000000 
13 1 168 1 2 2 3 3 1 0.694050 0.000000 
13 1 169 2 3 4 4 4 1 0.718995 0.000000 
13 1 170 2 3 5 4 4 1 0.462552 0.000000 
13 1 171 0 2 0 3 3 1 0.583649 0.000000 
13 1 172 2 0 5 1 1 1 0.532517 0.000000 
13 1 173 0 3 1 4 4 1 0.467966 0.000000 
13 1 174 0 1 3 2 2 1 0.725506 0.000000 
13 1 175 2 2 4 3 3 1 0.533058 0.000000 
13 1 176 2 0 5 1 1 1 0.532116 0.000000 
13 1 177 1 3 3 4 4 1 0.467375 0.000000 
13 1 178 2 3 5 4 4 1 0.491912 0.000000 
13 1 179 2 0 4 1 1 1 0.517673 0.000000 
13 1 180 2 1 5 2 2 1 1.268181 0.000000 
13 1 181 1 0 0 1 1 1 0.533927 0.000000 
13 1 182 0 1 3 2 1 0 0.524779 0.000000 
13 1 183 2 1 4 2 2 1 0.480278 0.000000 
13 1 184 0 2 0 3 3 1 0.673285 0.000000 
13 1 185 1 3 3 4 4 1 1.138863 0.000000 
13 1 186 1 3 3 4 4 1 0.521848 0.000000 
13 1 187 2 2 4 3 3 1 0.600392 0.000000 
13 1 188 0 3 1 4 4 1 0.596612 0.000000 
13 1 189 0 1 3 2 3 0 0.657445 0.000000 
13 1 190 1 0 0 1 1 1 0.567656 0.000000 
13 1 191 1 2 2 3 3 1 0.636692 0.000000 
13 1 192 0 0 2 1 1 1 0.623568 0.000000 
