4 1 1 2 1 4 2 2 1 3.106717 0.000000 
4 1 2 0 2 1 3 3 1 1.635200 0.000000 
4 1 3 0 3 2 4 4 1 0.845760 0.000000 
4 1 4 0 3 2 4 4 1 0.655209 0.000000 
4 1 5 2 2 4 3 3 1 0.585446 0.000000 
4 1 6 1 0 0 1 1 1 0.894120 0.000000 
4 1 7 0 1 0 2 2 1 0.774608 0.000000 
4 1 8 2 2 5 3 3 1 1.700231 0.000000 
4 1 9 2 1 4 2 2 1 1.100813 0.000000 
4 1 10 1 2 2 3 3 1 0.877208 0.000000 
4 1 11 0 3 2 4 4 1 0.709812 0.000000 
4 1 12 0 2 1 3 3 1 0.718081 0.000000 
4 1 13 1 0 0 1 1 1 1.101687 0.000000 
4 1 14 2 0 5 1 1 1 0.494032 0.000000 
4 1 15 0 1 0 2 2 1 0.590818 0.000000 
4 1 16 1 0 0 1 1 1 0.643688 0.000000 
4 1 17 0 2 1 3 3 1 0.774583 0.000000 
4 1 18 2 0 5 1 1 1 1.028179 0.000000 
4 1 19 2 2 4 3 3 1 0.791891 0.000000 
4 1 20 1 0 0 1 1 1 0.691789 0.000000 
4 1 21 0 3 2 4 4 1 1.004643 0.000000 
4 1 22 1 1 1 2 1 0 0.632971 0.000000 
4 1 23 1 0 0 1 1 1 0.759889 0.000000 
4 1 24 0 0 3 1 1 1 0.781731 0.000000 
4 1 25 0 2 1 3 3 1 0.691246 0.000000 
4 1 26 1 0 0 1 1 1 0.668193 0.000000 
4 1 27 2 0 4 1 1 1 0.836750 0.000000 
4 1 28 2 0 5 1 1 1 0.623634 0.000000 
4 1 29 2 0 4 1 1 1 0.643207 0.000000 
4 1 30 1 2 2 3 3 1 2.470184 0.000000 
4 1 31 1 0 0 1 1 1 0.696361 0.000000 
4 1 32 0 0 3 1 1 1 2.017303 0.000000 
4 1 33 1 2 2 3 3 1 0.684283 0.000000 
4 1 34 0 1 0 2 2 1 0.997231 0.000000 
4 1 35 2 2 4 3 3 1 0.650188 0.000000 
4 1 36 2 1 5 2 2 1 1.708463 0.000000 
4 1 37 2 2 4 3 3 1 0.701084 0.000000 
4 1 38 1 3 3 4 4 1 0.725347 0.000000 
4 1 39 0 2 1 3 3 1 0.580892 0.000000 
4 1 40 1 0 0 1 1 1 0.642414 0.000000 
4 1 41 0 2 1 3 1 0 0.740229 0.000000 
4 1 42 1 1 1 2 2 1 0.847225 0.000000 
4 1 43 2 0 4 1 1 1 0.625677 0.000000 
4 1 44 1 3 3 4 4 1 0.597161 0.000000 
4 1 45 0 2 1 3 3 1 0.962080 0.000000 
4 1 46 2 3 5 4 4 1 0.584339 0.000000 
4 1 47 0 3 2 4 4 1 0.636309 0.000000 
4 1 48 2 2 5 3 3 1 0.823090 0.000000 
4 1 49 1 3 3 4 4 1 0.642727 0.000000 
4 1 50 0 1 0 2 2 1 0.845613 0.000000 
4 1 51 1 2 2 3 3 1 0.776557 0.000000 
4 1 52 0 3 2 4 4 1 0.622129 0.000000 
4 1 53 2 0 4 1 1 1 0.849641 0.000000 
4 1 54 0 0 3 1 1 1 0.523944 0.000000 
4 1 55 0 2 1 3 3 1 0.642524 0.000000 
4 1 56 0 1 0 2 2 1 0.774340 0.000000 
4 1 57 0 0 3 1 1 1 0.786877 0.000000 
4 1 58 2 2 5 3 3 1 1.151822 0.000000 
4 1 59 2 2 4 3 3 1 0.574260 0.000000 
4 1 60 0 1 0 2 2 1 0.603719 0.000000 
4 1 61 1 2 2 3 3 1 0.919959 0.000000 
4 1 62 2 3 5 4 4 1 0.623602 0.000000 
4 1 63 1 2 2 3 4 0 0.547141 0.000000 
4 1 64 1 3 3 4 4 1 0.564949 0.000000 
4 1 65 1 3 3 4 4 1 0.506644 0.000000 
4 1 66 1 3 3 4 4 1 0.442791 0.000000 
4 1 67 2 2 4 3 3 1 0.813597 0.000000 
4 1 68 1 1 1 2 2 1 0.881920 0.000000 
4 1 69 2 1 4 2 2 1 0.667530 0.000000 
4 1 70 0 1 0 2 2 1 0.533070 0.000000 
4 1 71 2 1 4 2 2 1 0.619143 0.000000 
4 1 72 2 0 5 1 1 1 0.678450 0.000000 
4 1 73 2 2 4 3 3 1 0.743991 0.000000 
4 1 74 2 2 5 3 3 1 1.006922 0.000000 
4 1 75 0 3 2 4 4 1 0.555198 0.000000 
4 1 76 1 1 1 2 2 1 0.937395 0.000000 
4 1 77 2 1 4 2 2 1 0.616422 0.000000 
4 1 78 0 1 0 2 2 1 0.555952 0.000000 
4 1 79 1 1 1 2 2 1 0.642128 0.000000 
4 1 80 1 3 3 4 4 1 0.579999 0.000000 
4 1 81 1 3 3 4 4 1 0.457496 0.000000 
4 1 82 0 0 3 1 1 1 0.811590 0.000000 
4 1 83 1 3 3 4 4 1 0.567905 0.000000 
4 1 84 0 1 0 2 2 1 0.701367 0.000000 
4 1 85 0 1 0 2 2 1 0.541613 0.000000 
4 1 86 2 1 5 2 2 1 0.676465 0.000000 
4 1 87 1 3 3 4 4 1 0.605067 0.000000 
4 1 88 2 0 5 1 1 1 0.873185 0.000000 
4 1 89 0 3 2 4 4 1 0.698804 0.000000 
4 1 90 0 1 0 2 2 1 1.475783 0.000000 
4 1 91 0 1 0 2 2 1 1.789609 0.000000 
4 1 92 2 1 5 2 2 1 0.562924 0.000000 
4 1 93 0 0 3 1 1 1 0.737080 0.000000 
4 1 94 1 3 3 4 4 1 0.592017 0.000000 
4 1 95 1 1 1 2 2 1 0.716888 0.000000 
4 1 96 0 0 3 1 1 1 0.691419 0.000000 
4 1 97 2 2 4 3 3 1 0.804345 0.000000 
4 1 98 2 0 5 1 1 1 1.392574 0.000000 
4 1 99 2 2 4 3 3 1 0.893765 0.000000 
4 1 100 1 1 1 2 0 0 5.000003 0.000000 
4 1 101 1 3 3 4 4 1 0.623694 0.000000 
4 1 102 2 3 5 4 4 1 0.602791 0.000000 
4 1 103 1 1 1 2 2 1 0.790995 0.000000 
4 1 104 2 3 5 4 4 1 0.531925 0.000000 
4 1 105 0 3 2 4 4 1 0.491347 0.000000 
4 1 106 0 0 3 1 1 1 0.644230 0.000000 
4 1 107 1 2 2 3 3 1 0.695098 0.000000 
4 1 108 0 3 2 4 4 1 0.702928 0.000000 
4 1 109 0 0 3 1 1 1 0.599180 0.000000 
4 1 110 1 1 1 2 2 1 0.755907 0.000000 
4 1 111 2 3 4 4 4 1 0.602311 0.000000 
4 1 112 2 1 5 2 2 1 0.974461 0.000000 
4 1 113 1 1 1 2 2 1 0.700129 0.000000 
4 1 114 1 1 1 2 2 1 0.532398 0.000000 
4 1 115 2 0 4 1 1 1 0.595875 0.000000 
4 1 116 0 2 1 3 3 1 0.752762 0.000000 
4 1 117 1 2 2 3 3 1 1.046016 0.000000 
4 1 118 0 0 3 1 1 1 0.632972 0.000000 
4 1 119 0 1 0 2 2 1 0.772141 0.000000 
4 1 120 2 2 5 3 3 1 0.657498 0.000000 
4 1 121 2 0 4 1 1 1 0.603707 0.000000 
4 1 122 2 2 5 3 3 1 0.879929 0.000000 
4 1 123 1 1 1 2 2 1 2.097535 0.000000 
4 1 124 1 2 2 3 3 1 0.705920 0.000000 
4 1 125 1 0 0 1 1 1 0.618197 0.000000 
4 1 126 1 3 3 4 4 1 0.621719 0.000000 
4 1 127 2 1 4 2 2 1 0.769226 0.000000 
4 1 128 2 2 5 3 3 1 0.606867 0.000000 
4 1 129 0 3 2 4 4 1 0.603020 0.000000 
4 1 130 2 3 5 4 4 1 0.511241 0.000000 
4 1 131 1 3 3 4 4 1 0.647377 0.000000 
4 1 132 1 3 3 4 4 1 0.489255 0.000000 
4 1 133 1 2 2 3 3 1 0.586054 0.000000 
4 1 134 1 1 1 2 2 1 0.670929 0.000000 
4 1 135 1 0 0 1 1 1 0.528477 0.000000 
4 1 136 1 3 3 4 4 1 0.535962 0.000000 
4 1 137 2 1 4 2 2 1 0.694804 0.000000 
4 1 138 2 0 5 1 1 1 0.631675 0.000000 
4 1 139 0 1 0 2 2 1 0.707200 0.000000 
4 1 140 0 0 3 1 1 1 0.538407 0.000000 
4 1 141 0 2 1 3 3 1 0.721193 0.000000 
4 1 142 1 0 0 1 1 1 0.592781 0.000000 
4 1 143 2 1 4 2 2 1 0.669616 0.000000 
4 1 144 0 0 3 1 1 1 1.583295 0.000000 
4 1 145 0 3 2 4 4 1 0.596474 0.000000 
4 1 146 0 3 2 4 4 1 0.433345 0.000000 
4 1 147 1 0 0 1 1 1 0.580147 0.000000 
4 1 148 1 0 0 1 1 1 0.433652 0.000000 
4 1 149 1 0 0 1 1 1 0.427447 0.000000 
4 1 150 2 3 5 4 4 1 0.558898 0.000000 
4 1 151 1 2 2 3 4 0 0.677017 0.000000 
4 1 152 0 1 0 2 2 1 0.746639 0.000000 
4 1 153 1 3 3 4 4 1 0.577019 0.000000 
4 1 154 2 2 5 3 3 1 0.734588 0.000000 
4 1 155 0 0 3 1 1 1 0.693438 0.000000 
4 1 156 0 2 1 3 3 1 0.725336 0.000000 
4 1 157 1 1 1 2 2 1 0.796902 0.000000 
4 1 158 0 1 0 2 2 1 0.697833 0.000000 
4 1 159 2 1 4 2 2 1 0.658786 0.000000 
4 1 160 0 2 1 3 3 1 0.676991 0.000000 
4 1 161 2 0 4 1 1 1 0.622518 0.000000 
4 1 162 2 0 5 1 1 1 0.665981 0.000000 
4 1 163 2 1 4 2 2 1 0.756097 0.000000 
4 1 164 0 2 1 3 3 1 0.712879 0.000000 
4 1 165 1 3 3 4 4 1 0.625101 0.000000 
4 1 166 1 3 3 4 4 1 0.492608 0.000000 
4 1 167 2 3 4 4 4 1 0.605415 0.000000 
4 1 168 2 1 5 2 1 0 0.737618 0.000000 
4 1 169 0 3 2 4 4 1 0.708506 0.000000 
4 1 170 2 3 5 4 4 1 0.476309 0.000000 
4 1 171 1 2 2 3 3 1 0.901793 0.000000 
4 1 172 0 0 3 1 1 1 0.637047 0.000000 
4 1 173 0 2 1 3 3 1 0.943980 0.000000 
4 1 174 0 3 2 4 4 1 0.646956 0.000000 
4 1 175 2 2 4 3 3 1 1.073858 0.000000 
4 1 176 2 1 5 2 2 1 0.779533 0.000000 
4 1 177 2 2 4 3 3 1 0.689078 0.000000 
4 1 178 0 0 3 1 1 1 0.897984 0.000000 
4 1 179 1 3 3 4 4 1 0.658998 0.000000 
4 1 180 1 1 1 2 2 1 0.956171 0.000000 
4 1 181 2 2 4 3 3 1 0.666542 0.000000 
4 1 182 1 0 0 1 1 1 0.572099 0.000000 
4 1 183 0 2 1 3 3 1 0.689595 0.000000 
4 1 184 2 3 5 4 4 1 0.626440 0.000000 
4 1 185 2 3 4 4 4 1 0.526025 0.000000 
4 1 186 1 3 3 4 4 1 0.437448 0.000000 
4 1 187 2 0 4 1 1 1 0.631337 0.000000 
4 1 188 1 2 2 3 3 1 0.738834 0.000000 
4 1 189 0 2 1 3 3 1 0.569746 0.000000 
4 1 190 0 3 2 4 4 1 0.599205 0.000000 
4 1 191 0 0 3 1 1 1 0.595991 0.000000 
4 1 192 2 0 5 1 1 1 0.768918 0.000000 
4 1 1 1 0 0 1 0 0 5.000012 0.000000 
4 1 2 2 0 5 1 1 1 0.723059 0.000000 
4 1 3 0 2 1 3 3 1 0.946427 0.000000 
4 1 4 2 3 5 4 4 1 0.633151 0.000000 
4 1 5 1 0 0 1 1 1 0.596070 0.000000 
4 1 6 1 2 2 3 3 1 0.768437 0.000000 
4 1 7 2 1 4 2 2 1 1.133882 0.000000 
4 1 8 1 1 1 2 2 1 0.644439 0.000000 
4 1 9 0 0 3 1 1 1 0.542235 0.000000 
4 1 10 0 1 0 2 2 1 0.661149 0.000000 
4 1 11 2 1 4 2 2 1 0.607353 0.000000 
4 1 12 1 2 2 3 3 1 0.587548 0.000000 
4 1 13 1 1 1 2 2 1 0.656407 0.000000 
4 1 14 2 1 5 2 2 1 0.674601 0.000000 
4 1 15 0 3 2 4 4 1 0.556153 0.000000 
4 1 16 1 3 3 4 4 1 0.449381 0.000000 
4 1 17 0 3 2 4 4 1 0.467954 0.000000 
4 1 18 1 0 0 1 2 0 0.772936 0.000000 
4 1 19 2 1 4 2 2 1 0.614315 0.000000 
4 1 20 0 1 0 2 2 1 0.778259 0.000000 
4 1 21 1 0 0 1 1 1 0.423779 0.000000 
4 1 22 2 1 5 2 2 1 0.611279 0.000000 
4 1 23 1 0 0 1 1 1 0.487469 0.000000 
4 1 24 0 3 2 4 4 1 0.608297 0.000000 
4 1 25 0 3 2 4 4 1 0.507476 0.000000 
4 1 26 2 3 5 4 4 1 0.531637 0.000000 
4 1 27 0 3 2 4 4 1 0.531081 0.000000 
4 1 28 0 3 2 4 4 1 0.466602 0.000000 
4 1 29 0 1 0 2 2 1 0.700097 0.000000 
4 1 30 1 1 1 2 2 1 0.524327 0.000000 
4 1 31 0 3 2 4 4 1 0.579816 0.000000 
4 1 32 1 2 2 3 3 1 0.865339 0.000000 
4 1 33 1 2 2 3 3 1 0.434652 0.000000 
4 1 34 1 3 3 4 4 1 0.517353 0.000000 
4 1 35 1 0 0 1 1 1 0.580889 0.000000 
4 1 36 2 2 5 3 3 1 0.554377 0.000000 
4 1 37 2 1 4 2 2 1 0.664591 0.000000 
4 1 38 2 1 5 2 2 1 0.578754 0.000000 
4 1 39 1 1 1 2 2 1 0.464287 0.000000 
4 1 40 2 0 5 1 1 1 0.610443 0.000000 
4 1 41 1 2 2 3 3 1 0.654606 0.000000 
4 1 42 2 2 5 3 3 1 0.455853 0.000000 
4 1 43 1 3 3 4 4 1 0.521952 0.000000 
4 1 44 0 3 2 4 4 1 0.505384 0.000000 
4 1 45 1 0 0 1 1 1 0.561547 0.000000 
4 1 46 0 1 0 2 2 1 0.695759 0.000000 
4 1 47 2 3 4 4 4 1 0.592651 0.000000 
4 1 48 2 1 5 2 2 1 0.629531 0.000000 
4 1 49 2 1 4 2 2 1 0.608997 0.000000 
4 1 50 0 3 2 4 4 1 0.621217 0.000000 
4 1 51 2 1 4 2 2 1 0.783767 0.000000 
4 1 52 0 0 3 1 1 1 0.636690 0.000000 
4 1 53 0 1 0 2 2 1 0.559543 0.000000 
4 1 54 0 2 1 3 3 1 0.749722 0.000000 
4 1 55 0 0 3 1 1 1 0.603977 0.000000 
4 1 56 0 2 1 3 3 1 0.544191 0.000000 
4 1 57 2 1 4 2 2 1 0.711016 0.000000 
4 1 58 1 1 1 2 2 1 0.567222 0.000000 
4 1 59 1 2 2 3 3 1 0.619720 0.000000 
4 1 60 0 3 2 4 4 1 0.687275 0.000000 
4 1 61 1 2 2 3 3 1 0.592158 0.000000 
4 1 62 2 2 5 3 3 1 0.516996 0.000000 
4 1 63 0 2 1 3 3 1 0.556505 0.000000 
4 1 64 0 0 3 1 1 1 0.578655 0.000000 
4 1 65 0 0 3 1 1 1 0.440183 0.000000 
4 1 66 2 3 5 4 4 1 0.562959 0.000000 
4 1 67 1 1 1 2 2 1 0.720142 0.000000 
4 1 68 1 0 0 1 1 1 0.631715 0.000000 
4 1 69 0 0 3 1 1 1 0.467234 0.000000 
4 1 70 1 3 3 4 4 1 0.556710 0.000000 
4 1 71 1 3 3 4 4 1 0.434876 0.000000 
4 1 72 2 0 5 1 1 1 0.661689 0.000000 
4 1 73 2 2 4 3 3 1 0.719868 0.000000 
4 1 74 1 0 0 1 1 1 0.599436 0.000000 
4 1 75 2 1 4 2 2 1 0.715152 0.000000 
4 1 76 0 2 1 3 3 1 0.778849 0.000000 
4 1 77 0 3 2 4 4 1 0.600341 0.000000 
4 1 78 1 1 1 2 2 1 0.852679 0.000000 
4 1 79 0 1 0 2 2 1 0.590933 0.000000 
4 1 80 2 2 5 3 3 1 0.587791 0.000000 
4 1 81 1 1 1 2 2 1 0.896657 0.000000 
4 1 82 2 2 5 3 3 1 0.641626 0.000000 
4 1 83 1 2 2 3 3 1 0.460478 0.000000 
4 1 84 2 3 5 4 4 1 0.581639 0.000000 
4 1 85 0 3 2 4 4 1 0.515068 0.000000 
4 1 86 2 2 5 3 3 1 0.547288 0.000000 
4 1 87 0 0 3 1 1 1 0.658122 0.000000 
4 1 88 2 0 5 1 1 1 0.740332 0.000000 
4 1 89 0 3 2 4 4 1 0.523235 0.000000 
4 1 90 2 0 5 1 1 1 0.602720 0.000000 
4 1 91 1 0 0 1 1 1 1.022938 0.000000 
4 1 92 0 3 2 4 4 1 0.529584 0.000000 
4 1 93 1 2 2 3 3 1 0.569042 0.000000 
4 1 94 2 0 5 1 1 1 0.558592 0.000000 
4 1 95 0 2 1 3 3 1 0.508717 0.000000 
4 1 96 0 1 0 2 1 0 0.628934 0.000000 
4 1 97 0 3 2 4 4 1 0.556472 0.000000 
4 1 98 2 2 5 3 3 1 0.690163 0.000000 
4 1 99 1 1 1 2 2 1 0.610069 0.000000 
4 1 100 0 1 0 2 2 1 0.710260 0.000000 
4 1 101 1 2 2 3 3 1 0.622491 0.000000 
4 1 102 0 0 3 1 1 1 0.698022 0.000000 
4 1 103 2 3 4 4 4 1 0.602896 0.000000 
4 1 104 1 0 0 1 1 1 0.671056 0.000000 
4 1 105 2 0 4 1 1 1 0.656635 0.000000 
4 1 106 2 0 5 1 1 1 0.498730 0.000000 
4 1 107 2 0 4 1 1 1 0.659670 0.000000 
4 1 108 1 0 0 1 1 1 0.540850 0.000000 
4 1 109 0 1 0 2 2 1 0.739706 0.000000 
4 1 110 1 2 2 3 3 1 0.642618 0.000000 
4 1 111 1 3 3 4 4 1 0.565483 0.000000 
4 1 112 2 1 5 2 2 1 0.635668 0.000000 
4 1 113 1 1 1 2 2 1 0.566522 0.000000 
4 1 114 0 3 2 4 4 1 0.603992 0.000000 
4 1 115 1 0 0 1 1 1 0.648241 0.000000 
4 1 116 2 1 5 2 2 1 0.786027 0.000000 
4 1 117 2 1 4 2 2 1 0.655003 0.000000 
4 1 118 0 2 1 3 3 1 0.889262 0.000000 
4 1 119 1 0 0 1 1 1 0.658213 0.000000 
4 1 120 2 3 5 4 4 1 0.612426 0.000000 
4 1 121 1 3 3 4 4 1 0.448605 0.000000 
4 1 122 2 0 5 1 1 1 0.547369 0.000000 
4 1 123 0 1 0 2 2 1 0.689312 0.000000 
4 1 124 0 1 0 2 2 1 0.570099 0.000000 
4 1 125 1 1 1 2 2 1 0.463620 0.000000 
4 1 126 2 1 5 2 2 1 0.569755 0.000000 
4 1 127 1 2 2 3 3 1 0.863285 0.000000 
4 1 128 1 2 2 3 3 1 0.593571 0.000000 
4 1 129 0 3 2 4 4 1 0.598421 0.000000 
4 1 130 0 2 1 3 3 1 0.555268 0.000000 
4 1 131 2 0 4 1 1 1 2.712528 0.000000 
4 1 132 1 2 2 3 3 1 0.705473 0.000000 
4 1 133 0 0 3 1 1 1 0.625702 0.000000 
4 1 134 1 3 3 4 4 1 0.557235 0.000000 
4 1 135 0 1 0 2 2 1 0.707415 0.000000 
4 1 136 0 1 0 2 2 1 0.651632 0.000000 
4 1 137 0 2 1 3 3 1 0.653858 0.000000 
4 1 138 0 3 2 4 4 1 0.559990 0.000000 
4 1 139 1 2 2 3 3 1 0.478225 0.000000 
4 1 140 2 0 5 1 1 1 0.550681 0.000000 
4 1 141 0 2 1 3 3 1 0.716878 0.000000 
4 1 142 0 0 3 1 1 1 0.676447 0.000000 
4 1 143 1 0 0 1 1 1 0.645996 0.000000 
4 1 144 2 0 5 1 1 1 0.536872 0.000000 
4 1 145 0 1 0 2 2 1 0.735699 0.000000 
4 1 146 2 1 5 2 2 1 0.542615 0.000000 
4 1 147 2 3 4 4 4 1 0.597436 0.000000 
4 1 148 1 1 1 2 4 0 0.737277 0.000000 
4 1 149 1 2 2 3 3 1 0.643984 0.000000 
4 1 150 2 3 5 4 4 1 0.590606 0.000000 
4 1 151 1 3 3 4 4 1 0.659464 0.000000 
4 1 152 2 3 5 4 4 1 0.621671 0.000000 
4 1 153 1 2 2 3 3 1 0.601212 0.000000 
4 1 154 1 1 1 2 2 1 0.589382 0.000000 
4 1 155 2 2 4 3 3 1 0.537314 0.000000 
4 1 156 2 0 5 1 1 1 0.952045 0.000000 
4 1 157 0 2 1 3 3 1 0.742423 0.000000 
4 1 158 2 2 5 3 3 1 0.549311 0.000000 
4 1 159 2 0 4 1 1 1 0.619950 0.000000 
4 1 160 0 3 2 4 4 1 0.606983 0.000000 
4 1 161 2 3 4 4 3 0 0.683220 0.000000 
4 1 162 2 2 5 3 3 1 0.599862 0.000000 
4 1 163 0 0 3 1 1 1 0.691049 0.000000 
4 1 164 0 3 2 4 4 1 0.531684 0.000000 
4 1 165 2 2 4 3 3 1 0.691173 0.000000 
4 1 166 0 1 0 2 2 1 0.924109 0.000000 
4 1 167 1 1 1 2 2 1 0.651750 0.000000 
4 1 168 0 3 2 4 4 1 0.597969 0.000000 
4 1 169 0 2 1 3 3 1 0.778837 0.000000 
4 1 170 2 3 5 4 4 1 0.608403 0.000000 
4 1 171 1 2 2 3 3 1 0.740602 0.000000 
4 1 172 2 3 5 4 4 1 0.626518 0.000000 
4 1 173 1 3 3 4 4 1 0.621989 0.000000 
4 1 174 2 0 5 1 1 1 0.657580 0.000000 
4 1 175 2 0 4 1 1 1 0.515748 0.000000 
4 1 176 2 2 5 3 3 1 0.563935 0.000000 
4 1 177 1 3 3 4 4 1 0.594039 0.000000 
4 1 178 2 2 5 3 3 1 0.606969 0.000000 
4 1 179 0 3 2 4 4 1 0.594227 0.000000 
4 1 180 1 2 2 3 3 1 0.726986 0.000000 
4 1 181 0 0 3 1 1 1 0.574551 0.000000 
4 1 182 1 0 0 1 1 1 0.451987 0.000000 
4 1 183 0 1 0 2 2 1 0.822233 0.000000 
4 1 184 1 1 1 2 2 1 0.577813 0.000000 
4 1 185 1 0 0 1 1 1 0.615307 0.000000 
4 1 186 1 0 0 1 1 1 0.611512 0.000000 
4 1 187 0 0 3 1 1 1 0.582683 0.000000 
4 1 188 2 0 5 1 1 1 0.532014 0.000000 
4 1 189 0 3 2 4 4 1 0.579004 0.000000 
4 1 190 2 0 5 1 1 1 0.632576 0.000000 
4 1 191 1 3 3 4 4 1 0.443911 0.000000 
4 1 192 2 2 5 3 3 1 0.670911 0.000000 
