16 1 1 1 2 2 3 3 1 2.401222 0.000000 
16 1 2 1 1 1 2 2 1 1.037273 0.000000 
16 1 3 2 2 4 3 3 1 1.262900 0.000000 
16 1 4 1 3 3 4 4 1 0.673022 0.000000 
16 1 5 2 2 4 3 3 1 0.562101 0.000000 
16 1 6 0 3 1 4 4 1 0.688238 0.000000 
16 1 7 1 1 1 2 2 1 0.753110 0.000000 
16 1 8 0 0 2 1 1 1 0.823046 0.000000 
16 1 9 1 0 0 1 1 1 0.762188 0.000000 
16 1 10 2 2 5 3 3 1 1.072436 0.000000 
16 1 11 0 1 3 2 2 1 0.728981 0.000000 
16 1 12 2 0 5 1 1 1 0.744584 0.000000 
16 1 13 2 0 4 1 1 1 0.983460 0.000000 
16 1 14 0 1 3 2 2 1 0.620789 0.000000 
16 1 15 2 3 4 4 4 1 1.143953 0.000000 
16 1 16 0 1 3 2 2 1 0.526937 0.000000 
16 1 17 2 3 4 4 4 1 0.598369 0.000000 
16 1 18 2 3 5 4 4 1 0.643192 0.000000 
16 1 19 0 1 3 2 2 1 0.444927 0.000000 
16 1 20 2 2 5 3 3 1 0.727776 0.000000 
16 1 21 1 2 2 3 3 1 1.215332 0.000000 
16 1 22 1 0 0 1 1 1 0.531679 0.000000 
16 1 23 2 0 4 1 1 1 0.747138 0.000000 
16 1 24 1 3 3 4 4 1 0.625986 0.000000 
16 1 25 0 2 0 3 3 1 0.797507 0.000000 
16 1 26 2 1 5 2 2 1 0.722379 0.000000 
16 1 27 0 2 0 3 3 1 0.584871 0.000000 
16 1 28 2 0 5 1 1 1 0.605722 0.000000 
16 1 29 0 0 2 1 1 1 0.665856 0.000000 
16 1 30 1 3 3 4 4 1 0.579995 0.000000 
16 1 31 2 2 4 3 3 1 0.681517 0.000000 
16 1 32 0 0 2 1 1 1 0.666997 0.000000 
16 1 33 1 2 2 3 3 1 0.804572 0.000000 
16 1 34 1 1 1 2 2 1 0.736718 0.000000 
16 1 35 0 2 0 3 3 1 0.646587 0.000000 
16 1 36 1 3 3 4 4 1 0.449408 0.000000 
16 1 37 1 3 3 4 4 1 0.516012 0.000000 
16 1 38 0 1 3 2 2 1 0.484018 0.000000 
16 1 39 0 0 2 1 1 1 0.628392 0.000000 
16 1 40 1 0 0 1 1 1 0.751882 0.000000 
16 1 41 1 0 0 1 1 1 0.454076 0.000000 
16 1 42 0 1 3 2 2 1 0.568181 0.000000 
16 1 43 0 3 1 4 4 1 0.613649 0.000000 
16 1 44 1 0 0 1 1 1 0.536790 0.000000 
16 1 45 2 3 4 4 4 1 0.599589 0.000000 
16 1 46 2 2 5 3 3 1 0.748140 0.000000 
16 1 47 1 0 0 1 1 1 0.674625 0.000000 
16 1 48 2 2 5 3 3 1 0.628128 0.000000 
16 1 49 0 0 2 1 1 1 0.687579 0.000000 
16 1 50 2 1 5 2 2 1 1.400450 0.000000 
16 1 51 0 3 1 4 4 1 0.564899 0.000000 
16 1 52 2 2 5 3 3 1 0.674006 0.000000 
16 1 53 1 3 3 4 4 1 0.475530 0.000000 
16 1 54 0 0 2 1 1 1 0.588945 0.000000 
16 1 55 2 2 4 3 3 1 0.977816 0.000000 
16 1 56 2 0 5 1 1 1 0.695419 0.000000 
16 1 57 1 3 3 4 4 1 0.536252 0.000000 
16 1 58 2 1 5 2 2 1 1.463065 0.000000 
16 1 59 0 1 3 2 2 1 0.880538 0.000000 
16 1 60 1 2 2 3 3 1 0.698108 0.000000 
16 1 61 2 2 4 3 3 1 0.562967 0.000000 
16 1 62 1 0 0 1 1 1 0.529025 0.000000 
16 1 63 2 3 4 4 4 1 0.744525 0.000000 
16 1 64 1 0 0 1 1 1 0.575420 0.000000 
16 1 65 0 3 1 4 4 1 0.652893 0.000000 
16 1 66 2 3 5 4 4 1 0.510995 0.000000 
16 1 67 2 1 4 2 2 1 0.838187 0.000000 
16 1 68 2 1 5 2 2 1 0.848995 0.000000 
16 1 69 0 3 1 4 4 1 1.003976 0.000000 
16 1 70 1 2 2 3 3 1 0.816288 0.000000 
16 1 71 1 0 0 1 1 1 0.636007 0.000000 
16 1 72 1 2 2 3 3 1 1.390936 0.000000 
16 1 73 1 0 0 1 1 1 0.531756 0.000000 
16 1 74 0 0 2 1 1 1 0.531220 0.000000 
16 1 75 1 2 2 3 3 1 0.673679 0.000000 
16 1 76 1 0 0 1 1 1 0.643216 0.000000 
16 1 77 2 2 4 3 3 1 0.549975 0.000000 
16 1 78 0 3 1 4 4 1 0.628133 0.000000 
16 1 79 2 1 4 2 2 1 0.823642 0.000000 
16 1 80 0 1 3 2 2 1 0.627224 0.000000 
16 1 81 0 0 2 1 1 1 0.606721 0.000000 
16 1 82 0 1 3 2 2 1 0.650842 0.000000 
16 1 83 0 2 0 3 3 1 0.612016 0.000000 
16 1 84 0 3 1 4 4 1 0.592147 0.000000 
16 1 85 0 3 1 4 4 1 0.604953 0.000000 
16 1 86 0 0 2 1 1 1 0.729120 0.000000 
16 1 87 1 1 1 2 2 1 0.632663 0.000000 
16 1 88 2 0 5 1 3 0 0.683968 0.000000 
16 1 89 2 3 4 4 4 1 0.584917 0.000000 
16 1 90 1 0 0 1 1 1 0.533285 0.000000 
16 1 91 1 2 2 3 3 1 0.595088 0.000000 
16 1 92 1 3 3 4 4 1 0.591911 0.000000 
16 1 93 0 1 3 2 2 1 0.580732 0.000000 
16 1 94 1 3 3 4 4 1 0.546211 0.000000 
16 1 95 1 2 2 3 3 1 0.656957 0.000000 
16 1 96 2 0 5 1 1 1 0.643153 0.000000 
16 1 97 0 1 3 2 2 1 0.837997 0.000000 
16 1 98 0 2 0 3 3 1 1.008902 0.000000 
16 1 99 2 1 4 2 2 1 0.812231 0.000000 
16 1 100 2 2 5 3 3 1 1.048452 0.000000 
16 1 101 1 2 2 3 3 1 0.499389 0.000000 
16 1 102 1 2 2 3 3 1 0.467998 0.000000 
16 1 103 1 0 0 1 1 1 0.701630 0.000000 
16 1 104 0 1 3 2 2 1 0.877781 0.000000 
16 1 105 1 3 3 4 4 1 0.559378 0.000000 
16 1 106 0 1 3 2 2 1 0.597479 0.000000 
16 1 107 0 2 0 3 3 1 0.578317 0.000000 
16 1 108 1 3 3 4 4 1 0.526750 0.000000 
16 1 109 2 2 4 3 3 1 0.958246 0.000000 
16 1 110 2 2 5 3 3 1 0.748506 0.000000 
16 1 111 2 0 4 1 1 1 0.643369 0.000000 
16 1 112 2 3 5 4 4 1 0.686231 0.000000 
16 1 113 0 3 1 4 4 1 0.887043 0.000000 
16 1 114 1 3 3 4 4 1 0.543978 0.000000 
16 1 115 0 2 0 3 3 1 0.774801 0.000000 
16 1 116 0 1 3 2 2 1 0.867375 0.000000 
16 1 117 1 3 3 4 4 1 0.660884 0.000000 
16 1 118 0 1 3 2 2 1 0.679024 0.000000 
16 1 119 0 0 2 1 1 1 0.624548 0.000000 
16 1 120 1 2 2 3 3 1 0.628007 0.000000 
16 1 121 0 3 1 4 4 1 0.471535 0.000000 
16 1 122 2 3 5 4 3 0 0.608980 0.000000 
16 1 123 1 0 0 1 1 1 0.632052 0.000000 
16 1 124 0 0 2 1 1 1 0.675141 0.000000 
16 1 125 0 1 3 2 2 1 0.732648 0.000000 
16 1 126 0 1 3 2 2 1 0.523997 0.000000 
16 1 127 1 1 1 2 2 1 0.523641 0.000000 
16 1 128 2 2 5 3 3 1 0.499065 0.000000 
16 1 129 0 3 1 4 4 1 0.539863 0.000000 
16 1 130 2 3 5 4 4 1 0.634632 0.000000 
16 1 131 2 1 4 2 2 1 0.613470 0.000000 
16 1 132 1 2 2 3 3 1 0.672645 0.000000 
16 1 133 1 1 1 2 2 1 0.954164 0.000000 
16 1 134 2 0 5 1 1 1 0.680384 0.000000 
16 1 135 2 0 4 1 1 1 0.625939 0.000000 
16 1 136 1 3 3 4 4 1 1.693463 0.000000 
16 1 137 2 0 4 1 1 1 0.590650 0.000000 
16 1 138 1 1 1 2 2 1 0.691449 0.000000 
16 1 139 0 1 3 2 2 1 0.523310 0.000000 
16 1 140 0 3 1 4 4 1 0.618764 0.000000 
16 1 141 2 3 4 4 4 1 0.646235 0.000000 
16 1 142 2 0 5 1 1 1 0.641106 0.000000 
16 1 143 1 1 1 2 1 0 0.507896 0.000000 
16 1 144 2 0 5 1 1 1 0.767979 0.000000 
16 1 145 2 1 4 2 2 1 0.573091 0.000000 
16 1 146 1 2 2 3 3 1 0.802581 0.000000 
16 1 147 1 2 2 3 3 1 0.494777 0.000000 
16 1 148 1 1 1 2 2 1 1.102537 0.000000 
16 1 149 2 0 4 1 1 1 0.574904 0.000000 
16 1 150 1 3 3 4 4 1 0.492371 0.000000 
16 1 151 2 2 4 3 3 1 0.709152 0.000000 
16 1 152 1 3 3 4 4 1 0.637334 0.000000 
16 1 153 2 3 4 4 4 1 0.536141 0.000000 
16 1 154 2 2 5 3 3 1 0.646937 0.000000 
16 1 155 2 1 4 2 2 1 0.665779 0.000000 
16 1 156 2 1 5 2 2 1 0.554894 0.000000 
16 1 157 0 1 3 2 2 1 0.521017 0.000000 
16 1 158 0 1 3 2 2 1 0.464485 0.000000 
16 1 159 0 2 0 3 4 0 0.562604 0.000000 
16 1 160 0 2 0 3 3 1 0.524694 0.000000 
16 1 161 2 0 4 1 2 0 0.731732 0.000000 
16 1 162 1 0 0 1 1 1 0.679207 0.000000 
16 1 163 0 0 2 1 1 1 0.560299 0.000000 
16 1 164 2 1 5 2 2 1 1.381470 0.000000 
16 1 165 2 1 4 2 2 1 1.563248 0.000000 
16 1 166 2 3 5 4 4 1 0.513683 0.000000 
16 1 167 2 2 4 3 3 1 0.705838 0.000000 
16 1 168 2 3 5 4 4 1 0.682010 0.000000 
16 1 169 1 0 0 1 1 1 0.579513 0.000000 
16 1 170 0 1 3 2 2 1 1.457014 0.000000 
16 1 171 0 3 1 4 4 1 0.658462 0.000000 
16 1 172 2 0 5 1 1 1 0.636641 0.000000 
16 1 173 1 1 1 2 2 1 0.711450 0.000000 
16 1 174 2 3 5 4 4 1 0.655669 0.000000 
16 1 175 0 1 3 2 2 1 0.721815 0.000000 
16 1 176 0 2 0 3 3 1 1.961397 0.000000 
16 1 177 1 0 0 1 1 1 0.887988 0.000000 
16 1 178 0 3 1 4 4 1 0.671929 0.000000 
16 1 179 2 0 4 1 1 1 0.705446 0.000000 
16 1 180 1 1 1 2 2 1 1.041663 0.000000 
16 1 181 0 2 0 3 3 1 1.356635 0.000000 
16 1 182 1 0 0 1 1 1 0.595009 0.000000 
16 1 183 0 3 1 4 4 1 0.655867 0.000000 
16 1 184 1 2 2 3 3 1 0.721989 0.000000 
16 1 185 0 1 3 2 2 1 0.897569 0.000000 
16 1 186 0 0 2 1 1 1 0.673482 0.000000 
16 1 187 0 2 0 3 3 1 1.202989 0.000000 
16 1 188 2 1 5 2 2 1 0.711292 0.000000 
16 1 189 0 3 1 4 4 1 0.591547 0.000000 
16 1 190 1 2 2 3 3 1 0.652347 0.000000 
16 1 191 1 2 2 3 3 1 0.502486 0.000000 
16 1 192 1 1 1 2 2 1 0.606640 0.000000 
16 1 1 2 0 4 1 1 1 3.592140 0.000000 
16 1 2 0 2 0 3 3 1 0.869296 0.000000 
16 1 3 0 2 0 3 3 1 0.509420 0.000000 
16 1 4 0 0 2 1 1 1 0.669580 0.000000 
16 1 5 1 3 3 4 4 1 0.598824 0.000000 
16 1 6 0 2 0 3 3 1 0.635206 0.000000 
16 1 7 0 3 1 4 4 1 0.550036 0.000000 
16 1 8 1 3 3 4 4 1 0.540178 0.000000 
16 1 9 2 3 4 4 4 1 0.458937 0.000000 
16 1 10 1 3 3 4 4 1 0.501005 0.000000 
16 1 11 1 2 2 3 3 1 0.533152 0.000000 
16 1 12 2 1 5 2 2 1 0.770776 0.000000 
16 1 13 2 3 4 4 4 1 0.520500 0.000000 
16 1 14 1 0 0 1 1 1 0.647960 0.000000 
16 1 15 0 3 1 4 4 1 0.642776 0.000000 
16 1 16 0 0 2 1 1 1 0.645608 0.000000 
16 1 17 2 2 4 3 4 0 0.528410 0.000000 
16 1 18 1 0 0 1 1 1 0.531836 0.000000 
16 1 19 2 0 4 1 1 1 0.594847 0.000000 
16 1 20 2 2 5 3 4 0 0.534662 0.000000 
16 1 21 2 1 4 2 2 1 0.769440 0.000000 
16 1 22 1 2 2 3 3 1 0.614543 0.000000 
16 1 23 1 2 2 3 3 1 0.594682 0.000000 
16 1 24 1 1 1 2 4 0 1.015527 0.000000 
16 1 25 0 2 0 3 3 1 1.031792 0.000000 
16 1 26 0 2 0 3 3 1 0.707010 0.000000 
16 1 27 2 2 4 3 2 0 2.250269 0.000000 
16 1 28 0 1 3 2 2 1 0.968924 0.000000 
16 1 29 0 2 0 3 3 1 1.566149 0.000000 
16 1 30 1 2 2 3 3 1 0.540137 0.000000 
16 1 31 0 3 1 4 4 1 0.594758 0.000000 
16 1 32 0 0 2 1 1 1 0.639561 0.000000 
16 1 33 1 0 0 1 1 1 1.322438 0.000000 
16 1 34 0 3 1 4 4 1 0.593151 0.000000 
16 1 35 1 3 3 4 4 1 0.693940 0.000000 
16 1 36 0 0 2 1 2 0 0.710800 0.000000 
16 1 37 1 2 2 3 3 1 0.746947 0.000000 
16 1 38 1 0 0 1 1 1 0.697383 0.000000 
16 1 39 1 3 3 4 4 1 0.586250 0.000000 
16 1 40 1 2 2 3 3 1 0.711013 0.000000 
16 1 41 0 1 3 2 2 1 0.494284 0.000000 
16 1 42 2 1 5 2 2 1 0.470952 0.000000 
16 1 43 0 0 2 1 1 1 0.632416 0.000000 
16 1 44 1 3 3 4 4 1 0.667920 0.000000 
16 1 45 2 1 4 2 2 1 0.869426 0.000000 
16 1 46 0 0 2 1 1 1 2.831104 0.000000 
16 1 47 1 2 2 3 3 1 3.530551 0.000000 
16 1 48 1 2 2 3 3 1 0.482942 0.000000 
16 1 49 0 3 1 4 4 1 0.604134 0.000000 
16 1 50 2 1 5 2 2 1 0.791920 0.000000 
16 1 51 0 1 3 2 2 1 0.764775 0.000000 
16 1 52 2 0 5 1 1 1 0.666980 0.000000 
16 1 53 2 3 4 4 4 1 0.540467 0.000000 
16 1 54 2 3 5 4 4 1 0.523269 0.000000 
16 1 55 2 3 4 4 4 1 0.498733 0.000000 
16 1 56 0 2 0 3 3 1 0.778525 0.000000 
16 1 57 2 3 4 4 4 1 0.616008 0.000000 
16 1 58 0 3 1 4 4 1 0.515990 0.000000 
16 1 59 1 3 3 4 4 1 0.452042 0.000000 
16 1 60 0 1 3 2 3 0 1.021771 0.000000 
16 1 61 1 0 0 1 1 1 0.645316 0.000000 
16 1 62 1 1 1 2 2 1 0.871765 0.000000 
16 1 63 1 2 2 3 3 1 0.768362 0.000000 
16 1 64 0 2 0 3 3 1 0.629861 0.000000 
16 1 65 2 1 4 2 2 1 1.265391 0.000000 
16 1 66 0 1 3 2 2 1 0.691752 0.000000 
16 1 67 2 2 4 3 3 1 0.804601 0.000000 
16 1 68 2 3 5 4 4 1 0.576828 0.000000 
16 1 69 0 3 1 4 4 1 1.406327 0.000000 
16 1 70 1 1 1 2 2 1 1.881870 0.000000 
16 1 71 1 1 1 2 2 1 0.851735 0.000000 
16 1 72 1 2 2 3 3 1 2.214052 0.000000 
16 1 73 0 0 2 1 1 1 0.810729 0.000000 
16 1 74 2 3 5 4 4 1 1.791025 0.000000 
16 1 75 1 0 0 1 1 1 2.892355 0.000000 
16 1 76 2 3 5 4 4 1 0.612961 0.000000 
16 1 77 0 2 0 3 3 1 0.961046 0.000000 
16 1 78 1 1 1 2 2 1 0.887336 0.000000 
16 1 79 1 1 1 2 2 1 2.256393 0.000000 
16 1 80 1 1 1 2 2 1 0.627051 0.000000 
16 1 81 0 0 2 1 1 1 1.838623 0.000000 
16 1 82 1 0 0 1 1 1 1.217885 0.000000 
16 1 83 2 3 4 4 4 1 0.652562 0.000000 
16 1 84 1 1 1 2 2 1 2.062785 0.000000 
16 1 85 0 2 0 3 3 1 2.297548 0.000000 
16 1 86 2 1 5 2 2 1 3.435110 0.000000 
16 1 87 0 0 2 1 1 1 0.734815 0.000000 
16 1 88 0 1 3 2 2 1 1.060695 0.000000 
16 1 89 0 3 1 4 4 1 0.646985 0.000000 
16 1 90 1 2 2 3 3 1 0.937869 0.000000 
16 1 91 2 0 4 1 1 1 0.656735 0.000000 
16 1 92 0 0 2 1 1 1 0.570937 0.000000 
16 1 93 0 0 2 1 1 1 0.560398 0.000000 
16 1 94 0 2 0 3 3 1 0.766533 0.000000 
16 1 95 1 2 2 3 3 1 0.660104 0.000000 
16 1 96 2 2 5 3 3 1 0.749257 0.000000 
16 1 97 2 3 4 4 4 1 0.611974 0.000000 
16 1 98 0 2 0 3 3 1 0.608290 0.000000 
16 1 99 1 2 2 3 3 1 0.636434 0.000000 
16 1 100 0 1 3 2 2 1 0.479234 0.000000 
16 1 101 2 1 4 2 2 1 0.576688 0.000000 
16 1 102 2 3 5 4 4 1 0.614163 0.000000 
16 1 103 0 3 1 4 4 1 0.482269 0.000000 
16 1 104 2 0 5 1 1 1 0.642752 0.000000 
16 1 105 1 2 2 3 3 1 0.613568 0.000000 
16 1 106 1 1 1 2 2 1 0.793695 0.000000 
16 1 107 0 0 2 1 1 1 0.718629 0.000000 
16 1 108 2 2 5 3 3 1 0.646108 0.000000 
16 1 109 0 1 3 2 2 1 0.776948 0.000000 
16 1 110 1 2 2 3 3 1 0.670513 0.000000 
16 1 111 0 3 1 4 4 1 0.615976 0.000000 
16 1 112 2 1 5 2 3 0 0.819057 0.000000 
16 1 113 0 0 2 1 2 0 0.498656 0.000000 
16 1 114 2 3 5 4 4 1 0.598973 0.000000 
16 1 115 2 0 4 1 1 1 0.619360 0.000000 
16 1 116 0 2 0 3 2 0 0.582830 0.000000 
16 1 117 2 2 4 3 3 1 0.536002 0.000000 
16 1 118 2 0 5 1 1 1 0.566610 0.000000 
16 1 119 2 3 4 4 4 1 0.516085 0.000000 
16 1 120 1 1 1 2 2 1 0.731009 0.000000 
16 1 121 1 1 1 2 2 1 0.786750 0.000000 
16 1 122 1 1 1 2 2 1 0.431621 0.000000 
16 1 123 1 3 3 4 4 1 0.587015 0.000000 
16 1 124 2 0 5 1 1 1 0.647873 0.000000 
16 1 125 2 2 4 3 3 1 0.690697 0.000000 
16 1 126 0 3 1 4 4 1 0.531524 0.000000 
16 1 127 2 3 4 4 4 1 0.554976 0.000000 
16 1 128 1 2 2 3 3 1 0.641111 0.000000 
16 1 129 1 1 1 2 2 1 0.594901 0.000000 
16 1 130 1 1 1 2 2 1 0.463802 0.000000 
16 1 131 2 0 4 1 1 1 0.689824 0.000000 
16 1 132 0 1 3 2 2 1 1.314721 0.000000 
16 1 133 1 1 1 2 2 1 0.739098 0.000000 
16 1 134 2 0 5 1 1 1 1.377995 0.000000 
16 1 135 0 0 2 1 1 1 0.551703 0.000000 
16 1 136 0 3 1 4 4 1 1.532827 0.000000 
16 1 137 1 1 1 2 2 1 0.612003 0.000000 
16 1 138 0 3 1 4 4 1 0.744235 0.000000 
16 1 139 1 2 2 3 3 1 0.695091 0.000000 
16 1 140 2 2 5 3 3 1 0.583916 0.000000 
16 1 141 2 1 4 2 3 0 0.508711 0.000000 
16 1 142 1 3 3 4 4 1 0.600798 0.000000 
16 1 143 2 0 4 1 1 1 0.604509 0.000000 
16 1 144 1 1 1 2 2 1 0.751664 0.000000 
16 1 145 0 0 2 1 1 1 0.749871 0.000000 
16 1 146 0 3 1 4 4 1 0.604036 0.000000 
16 1 147 2 1 4 2 2 1 0.824224 0.000000 
16 1 148 0 0 2 1 1 1 0.579765 0.000000 
16 1 149 1 3 3 4 4 1 0.665278 0.000000 
16 1 150 0 0 2 1 1 1 0.619437 0.000000 
16 1 151 0 3 1 4 4 1 0.606909 0.000000 
16 1 152 1 1 1 2 2 1 0.698136 0.000000 
16 1 153 0 2 0 3 3 1 0.642926 0.000000 
16 1 154 1 2 2 3 3 1 0.773764 0.000000 
16 1 155 0 0 2 1 1 1 0.731291 0.000000 
16 1 156 2 0 5 1 1 1 0.594813 0.000000 
16 1 157 2 1 4 2 2 1 0.647618 0.000000 
16 1 158 2 1 5 2 2 1 0.602456 0.000000 
16 1 159 1 2 2 3 3 1 0.654554 0.000000 
16 1 160 1 1 1 2 2 1 1.735823 0.000000 
16 1 161 2 0 4 1 1 1 0.702947 0.000000 
16 1 162 1 2 2 3 3 1 0.679220 0.000000 
16 1 163 0 1 3 2 2 1 2.304826 0.000000 
16 1 164 0 0 2 1 1 1 1.441558 0.000000 
16 1 165 1 3 3 4 4 1 0.796660 0.000000 
16 1 166 2 1 5 2 2 1 1.177752 0.000000 
16 1 167 2 0 4 1 4 0 0.758257 0.000000 
16 1 168 1 0 0 1 4 0 0.600402 0.000000 
16 1 169 2 0 4 1 1 1 0.480337 0.000000 
16 1 170 1 0 0 1 1 1 0.449760 0.000000 
16 1 171 0 2 0 3 4 0 1.908050 0.000000 
16 1 172 1 3 3 4 2 0 1.128477 0.000000 
16 1 173 2 1 4 2 2 1 0.626673 0.000000 
16 1 174 2 1 5 2 2 1 0.493692 0.000000 
16 1 175 0 2 0 3 3 1 0.742522 0.000000 
16 1 176 1 2 2 3 3 1 0.613381 0.000000 
16 1 177 2 1 4 2 2 1 0.681533 0.000000 
16 1 178 2 1 5 2 2 1 0.482980 0.000000 
16 1 179 2 3 4 4 4 1 0.619986 0.000000 
16 1 180 0 0 2 1 1 1 0.671292 0.000000 
16 1 181 1 0 0 1 1 1 0.503816 0.000000 
16 1 182 2 1 5 2 2 1 0.695941 0.000000 
16 1 183 0 3 1 4 4 1 0.896774 0.000000 
16 1 184 2 0 5 1 1 1 0.689690 0.000000 
16 1 185 2 3 4 4 4 1 0.618507 0.000000 
16 1 186 1 0 0 1 1 1 0.597945 0.000000 
16 1 187 2 3 4 4 4 1 0.698833 0.000000 
16 1 188 2 2 5 3 3 1 1.771714 0.000000 
16 1 189 1 3 3 4 4 1 0.568581 0.000000 
16 1 190 0 0 2 1 1 1 0.614049 0.000000 
16 1 191 2 3 4 4 4 1 0.618222 0.000000 
16 1 192 0 0 2 1 1 1 0.925700 0.000000 
