21 1 1 1 0 0 1 1 1 1.445854 0.000000 
21 1 2 2 0 5 1 1 1 0.784469 0.000000 
21 1 3 1 0 0 1 1 1 0.596479 0.000000 
21 1 4 1 2 2 3 3 1 0.673116 0.000000 
21 1 5 0 3 2 4 4 1 0.922045 0.000000 
21 1 6 1 1 1 2 2 1 0.657018 0.000000 
21 1 7 1 3 3 4 1 0 0.634771 0.000000 
21 1 8 2 0 5 1 1 1 0.769644 0.000000 
21 1 9 2 2 4 3 3 1 0.910726 0.000000 
21 1 10 0 3 2 4 4 1 0.791015 0.000000 
21 1 11 1 2 2 3 2 0 1.218987 0.000000 
21 1 12 0 0 3 1 1 1 1.266778 0.000000 
21 1 13 0 3 2 4 4 1 0.716070 0.000000 
21 1 14 1 2 2 3 3 1 1.036195 0.000000 
21 1 15 1 1 1 2 2 1 0.662718 0.000000 
21 1 16 1 0 0 1 1 1 0.656925 0.000000 
21 1 17 1 3 3 4 4 1 0.675125 0.000000 
21 1 18 2 1 5 2 2 1 1.379688 0.000000 
21 1 19 2 1 4 2 2 1 0.617516 0.000000 
21 1 20 1 1 1 2 2 1 0.565013 0.000000 
21 1 21 0 0 3 1 1 1 0.619220 0.000000 
21 1 22 2 1 5 2 2 1 0.550757 0.000000 
21 1 23 1 1 1 2 2 1 0.612922 0.000000 
21 1 24 0 1 0 2 2 1 0.561064 0.000000 
21 1 25 0 2 1 3 3 1 0.863304 0.000000 
21 1 26 0 2 1 3 3 1 0.640510 0.000000 
21 1 27 2 1 4 2 2 1 0.707451 0.000000 
21 1 28 0 2 1 3 3 1 0.899657 0.000000 
21 1 29 1 0 0 1 1 1 0.627963 0.000000 
21 1 30 0 3 2 4 4 1 0.647542 0.000000 
21 1 31 0 0 3 1 1 1 0.610366 0.000000 
21 1 32 1 0 0 1 1 1 0.542599 0.000000 
21 1 33 2 0 4 1 1 1 0.485398 0.000000 
21 1 34 0 2 1 3 3 1 0.781223 0.000000 
21 1 35 0 0 3 1 1 1 0.554759 0.000000 
21 1 36 1 3 3 4 4 1 0.488976 0.000000 
21 1 37 1 3 3 4 4 1 0.601792 0.000000 
21 1 38 1 3 3 4 4 1 0.437968 0.000000 
21 1 39 1 2 2 3 3 1 0.904801 0.000000 
21 1 40 1 3 3 4 4 1 0.521066 0.000000 
21 1 41 1 0 0 1 1 1 0.576568 0.000000 
21 1 42 1 1 1 2 3 0 1.149070 0.000000 
21 1 43 1 0 0 1 1 1 0.559936 0.000000 
21 1 44 2 0 5 1 1 1 0.629922 0.000000 
21 1 45 2 1 4 2 2 1 0.681399 0.000000 
21 1 46 2 1 5 2 2 1 0.610896 0.000000 
21 1 47 0 0 3 1 1 1 0.567120 0.000000 
21 1 48 2 3 5 4 4 1 0.636645 0.000000 
21 1 49 2 1 4 2 3 0 1.159564 0.000000 
21 1 50 1 1 1 2 2 1 0.728954 0.000000 
21 1 51 1 2 2 3 3 1 0.656025 0.000000 
21 1 52 2 2 5 3 3 1 0.898276 0.000000 
21 1 53 0 3 2 4 4 1 0.635247 0.000000 
21 1 54 0 1 0 2 2 1 1.030139 0.000000 
21 1 55 1 3 3 4 4 1 0.569793 0.000000 
21 1 56 1 0 0 1 1 1 0.607294 0.000000 
21 1 57 2 0 4 1 1 1 0.571494 0.000000 
21 1 58 0 0 3 1 1 1 0.504004 0.000000 
21 1 59 1 0 0 1 1 1 0.480156 0.000000 
21 1 60 1 3 3 4 4 1 0.593619 0.000000 
21 1 61 2 2 4 3 3 1 0.638469 0.000000 
21 1 62 0 2 1 3 3 1 0.617362 0.000000 
21 1 63 2 1 4 2 2 1 0.668874 0.000000 
21 1 64 0 2 1 3 3 1 0.646430 0.000000 
21 1 65 2 0 4 1 1 1 0.569290 0.000000 
21 1 66 0 3 2 4 4 1 0.597763 0.000000 
21 1 67 2 1 4 2 2 1 0.770665 0.000000 
21 1 68 2 0 5 1 1 1 0.560245 0.000000 
21 1 69 0 1 0 2 2 1 0.814418 0.000000 
21 1 70 2 2 5 3 3 1 0.762707 0.000000 
21 1 71 1 2 2 3 3 1 0.632941 0.000000 
21 1 72 2 0 5 1 1 1 0.628024 0.000000 
21 1 73 2 3 4 4 4 1 0.599290 0.000000 
21 1 74 1 3 3 4 4 1 0.490993 0.000000 
21 1 75 0 0 3 1 1 1 0.539348 0.000000 
21 1 76 2 1 5 2 2 1 0.738187 0.000000 
21 1 77 0 2 1 3 3 1 0.609113 0.000000 
21 1 78 2 1 5 2 2 1 0.701272 0.000000 
21 1 79 0 0 3 1 1 1 0.557494 0.000000 
21 1 80 2 0 5 1 1 1 0.443663 0.000000 
21 1 81 0 3 2 4 4 1 0.606476 0.000000 
21 1 82 1 2 2 3 3 1 0.873670 0.000000 
21 1 83 2 2 4 3 3 1 0.659291 0.000000 
21 1 84 2 3 5 4 4 1 0.565494 0.000000 
21 1 85 1 3 3 4 4 1 0.491713 0.000000 
21 1 86 2 1 5 2 2 1 1.068420 0.000000 
21 1 87 2 1 4 2 2 1 0.582210 0.000000 
21 1 88 2 0 5 1 1 1 0.643707 0.000000 
21 1 89 2 3 4 4 4 1 0.654585 0.000000 
21 1 90 0 3 2 4 4 1 0.543778 0.000000 
21 1 91 0 1 0 2 2 1 0.630618 0.000000 
21 1 92 2 2 5 3 3 1 0.810148 0.000000 
21 1 93 1 3 3 4 4 1 0.574397 0.000000 
21 1 94 1 1 1 2 2 1 0.971952 0.000000 
21 1 95 0 3 2 4 4 1 0.593589 0.000000 
21 1 96 0 3 2 4 4 1 0.518452 0.000000 
21 1 97 1 2 2 3 3 1 0.621010 0.000000 
21 1 98 0 2 1 3 3 1 0.592445 0.000000 
21 1 99 1 0 0 1 1 1 0.621270 0.000000 
21 1 100 2 3 5 4 4 1 0.600856 0.000000 
21 1 101 0 2 1 3 3 1 1.181082 0.000000 
21 1 102 1 0 0 1 1 1 0.546787 0.000000 
21 1 103 2 0 4 1 1 1 0.545629 0.000000 
21 1 104 0 3 2 4 4 1 0.600462 0.000000 
21 1 105 0 2 1 3 3 1 0.676650 0.000000 
21 1 106 2 1 5 2 2 1 0.765263 0.000000 
21 1 107 2 1 4 2 2 1 0.651454 0.000000 
21 1 108 0 2 1 3 3 1 0.685624 0.000000 
21 1 109 0 0 3 1 1 1 0.574553 0.000000 
21 1 110 0 0 3 1 1 1 0.468041 0.000000 
21 1 111 1 3 3 4 4 1 0.501536 0.000000 
21 1 112 0 3 2 4 4 1 0.557661 0.000000 
21 1 113 1 0 0 1 1 1 0.555854 0.000000 
21 1 114 2 3 5 4 4 1 0.545966 0.000000 
21 1 115 2 3 4 4 4 1 0.727865 0.000000 
21 1 116 1 2 2 3 3 1 0.647413 0.000000 
21 1 117 0 2 1 3 3 1 0.650287 0.000000 
21 1 118 1 0 0 1 1 1 0.540479 0.000000 
21 1 119 2 1 4 2 2 1 0.723335 0.000000 
21 1 120 1 1 1 2 2 1 0.594933 0.000000 
21 1 121 1 2 2 3 3 1 0.551728 0.000000 
21 1 122 2 3 5 4 4 1 0.541924 0.000000 
21 1 123 0 1 0 2 2 1 0.915734 0.000000 
21 1 124 1 2 2 3 3 1 0.563993 0.000000 
21 1 125 1 2 2 3 3 1 0.650252 0.000000 
21 1 126 0 1 0 2 2 1 0.532434 0.000000 
21 1 127 0 2 1 3 3 1 0.619950 0.000000 
21 1 128 2 1 5 2 2 1 0.583473 0.000000 
21 1 129 2 0 4 1 1 1 0.628330 0.000000 
21 1 130 2 3 5 4 4 1 0.503854 0.000000 
21 1 131 1 3 3 4 4 1 0.454952 0.000000 
21 1 132 0 1 0 2 2 1 0.769144 0.000000 
21 1 133 2 3 4 4 4 1 0.574729 0.000000 
21 1 134 2 2 5 3 3 1 0.716254 0.000000 
21 1 135 1 2 2 3 3 1 0.812048 0.000000 
21 1 136 0 0 3 1 1 1 0.544071 0.000000 
21 1 137 1 0 0 1 1 1 0.470904 0.000000 
21 1 138 0 3 2 4 4 1 0.600405 0.000000 
21 1 139 0 1 0 2 2 1 0.643625 0.000000 
21 1 140 0 1 0 2 2 1 0.590440 0.000000 
21 1 141 1 2 2 3 3 1 0.643296 0.000000 
21 1 142 0 3 2 4 4 1 0.614176 0.000000 
21 1 143 1 2 2 3 3 1 0.554296 0.000000 
21 1 144 1 0 0 1 1 1 0.536524 0.000000 
21 1 145 2 3 4 4 4 1 0.559346 0.000000 
21 1 146 0 3 2 4 4 1 0.477496 0.000000 
21 1 147 2 0 4 1 1 1 0.598973 0.000000 
21 1 148 2 0 5 1 1 1 0.658851 0.000000 
21 1 149 1 3 3 4 4 1 0.620959 0.000000 
21 1 150 0 1 0 2 2 1 0.744589 0.000000 
21 1 151 0 1 0 2 2 1 0.527474 0.000000 
21 1 152 0 2 1 3 3 1 0.638985 0.000000 
21 1 153 2 3 4 4 4 1 0.841878 0.000000 
21 1 154 1 1 1 2 2 1 0.580777 0.000000 
21 1 155 0 1 0 2 2 1 0.545361 0.000000 
21 1 156 2 0 5 1 2 0 0.552163 0.000000 
21 1 157 1 3 3 4 4 1 0.578336 0.000000 
21 1 158 1 2 2 3 3 1 0.631320 0.000000 
21 1 159 1 1 1 2 2 1 0.570849 0.000000 
21 1 160 0 1 0 2 2 1 0.688425 0.000000 
21 1 161 2 0 4 1 1 1 0.545195 0.000000 
21 1 162 0 1 0 2 2 1 0.568077 0.000000 
21 1 163 2 2 4 3 3 1 0.597594 0.000000 
21 1 164 2 2 5 3 3 1 0.641441 0.000000 
21 1 165 0 0 3 1 1 1 0.580347 0.000000 
21 1 166 2 2 5 3 3 1 0.601860 0.000000 
21 1 167 0 0 3 1 1 1 0.550032 0.000000 
21 1 168 1 1 1 2 2 1 0.700223 0.000000 
21 1 169 1 2 2 3 3 1 0.604486 0.000000 
21 1 170 1 0 0 1 1 1 0.552664 0.000000 
21 1 171 0 1 0 2 2 1 0.646781 0.000000 
21 1 172 0 2 1 3 3 1 0.608701 0.000000 
21 1 173 1 2 2 3 2 0 0.644834 0.000000 
21 1 174 2 2 5 3 3 1 0.627782 0.000000 
21 1 175 0 2 1 3 3 1 0.678838 0.000000 
21 1 176 0 1 0 2 2 1 0.592330 0.000000 
21 1 177 2 0 4 1 1 1 0.581179 0.000000 
21 1 178 0 2 1 3 2 0 0.738753 0.000000 
21 1 179 1 0 0 1 1 1 0.549675 0.000000 
21 1 180 2 1 5 2 2 1 0.770914 0.000000 
21 1 181 0 0 3 1 1 1 0.568619 0.000000 
21 1 182 0 3 2 4 4 1 0.566067 0.000000 
21 1 183 1 1 1 2 2 1 0.612060 0.000000 
21 1 184 0 1 0 2 2 1 0.687788 0.000000 
21 1 185 1 3 3 4 4 1 0.512708 0.000000 
21 1 186 2 1 5 2 2 1 0.576883 0.000000 
21 1 187 2 0 4 1 1 1 0.542380 0.000000 
21 1 188 2 3 5 4 4 1 0.549221 0.000000 
21 1 189 1 2 2 3 3 1 0.818903 0.000000 
21 1 190 2 3 5 4 4 1 0.726666 0.000000 
21 1 191 2 0 4 1 1 1 0.566225 0.000000 
21 1 192 2 3 5 4 4 1 0.539918 0.000000 
21 1 1 0 1 3 2 2 1 1.868336 0.000000 
21 1 2 0 0 2 1 1 1 0.717675 0.000000 
21 1 3 2 1 4 2 2 1 0.724726 0.000000 
21 1 4 1 0 0 1 1 1 0.620303 0.000000 
21 1 5 1 3 3 4 4 1 0.623667 0.000000 
21 1 6 2 1 5 2 2 1 0.586692 0.000000 
21 1 7 0 0 2 1 1 1 0.559562 0.000000 
21 1 8 1 3 3 4 4 1 0.580681 0.000000 
21 1 9 1 1 1 2 2 1 0.650243 0.000000 
21 1 10 1 1 1 2 2 1 0.596438 0.000000 
21 1 11 0 2 0 3 1 0 0.961092 0.000000 
21 1 12 2 3 5 4 4 1 0.610090 0.000000 
21 1 13 1 3 3 4 4 1 0.550035 0.000000 
21 1 14 0 2 0 3 3 1 0.636236 0.000000 
21 1 15 0 3 1 4 4 1 0.622151 0.000000 
21 1 16 2 2 5 3 3 1 0.753574 0.000000 
21 1 17 0 3 1 4 4 1 0.599862 0.000000 
21 1 18 2 0 5 1 1 1 0.812092 0.000000 
21 1 19 0 3 1 4 4 1 0.592331 0.000000 
21 1 20 1 0 0 1 1 1 1.037203 0.000000 
21 1 21 2 2 4 3 3 1 0.616233 0.000000 
21 1 22 1 0 0 1 1 1 0.627970 0.000000 
21 1 23 1 3 3 4 4 1 0.575280 0.000000 
21 1 24 2 0 5 1 1 1 0.579652 0.000000 
21 1 25 1 1 1 2 2 1 1.401324 0.000000 
21 1 26 2 2 5 3 3 1 0.621807 0.000000 
21 1 27 1 3 3 4 4 1 0.529342 0.000000 
21 1 28 0 2 0 3 3 1 0.576820 0.000000 
21 1 29 0 3 1 4 4 1 0.534348 0.000000 
21 1 30 2 2 5 3 3 1 0.565171 0.000000 
21 1 31 0 2 0 3 3 1 0.587343 0.000000 
21 1 32 1 0 0 1 1 1 0.527176 0.000000 
21 1 33 2 0 4 1 1 1 0.582636 0.000000 
21 1 34 2 1 5 2 2 1 0.604014 0.000000 
21 1 35 2 2 4 3 3 1 0.551728 0.000000 
21 1 36 2 1 5 2 2 1 0.701897 0.000000 
21 1 37 1 1 1 2 2 1 0.782139 0.000000 
21 1 38 1 2 2 3 3 1 0.555696 0.000000 
21 1 39 0 2 0 3 3 1 0.585871 0.000000 
21 1 40 2 0 5 1 1 1 0.589685 0.000000 
21 1 41 0 3 1 4 4 1 0.634589 0.000000 
21 1 42 1 1 1 2 2 1 0.797482 0.000000 
21 1 43 0 3 1 4 4 1 0.586396 0.000000 
21 1 44 0 0 2 1 1 1 0.679196 0.000000 
21 1 45 0 0 2 1 1 1 0.608790 0.000000 
21 1 46 0 1 3 2 2 1 0.764903 0.000000 
21 1 47 1 3 3 4 4 1 0.619231 0.000000 
21 1 48 2 1 5 2 2 1 0.637774 0.000000 
21 1 49 2 2 4 3 3 1 0.728648 0.000000 
21 1 50 1 2 2 3 3 1 0.880238 0.000000 
21 1 51 1 2 2 3 3 1 0.745849 0.000000 
21 1 52 0 1 3 2 2 1 0.928766 0.000000 
21 1 53 0 2 0 3 3 1 0.600411 0.000000 
21 1 54 1 3 3 4 4 1 0.556604 0.000000 
21 1 55 1 1 1 2 2 1 0.658766 0.000000 
21 1 56 0 0 2 1 1 1 0.651948 0.000000 
21 1 57 2 0 4 1 1 1 0.518192 0.000000 
21 1 58 0 0 2 1 1 1 0.597693 0.000000 
21 1 59 2 1 4 2 2 1 0.642559 0.000000 
21 1 60 0 1 3 2 2 1 0.517406 0.000000 
21 1 61 1 2 2 3 3 1 0.636893 0.000000 
21 1 62 2 2 5 3 3 1 0.527774 0.000000 
21 1 63 2 1 4 2 2 1 0.591189 0.000000 
21 1 64 1 0 0 1 1 1 0.571046 0.000000 
21 1 65 2 0 4 1 1 1 0.632626 0.000000 
21 1 66 1 1 1 2 2 1 0.883977 0.000000 
21 1 67 0 0 2 1 1 1 0.588403 0.000000 
21 1 68 2 3 5 4 4 1 0.585314 0.000000 
21 1 69 0 3 1 4 4 1 0.502164 0.000000 
21 1 70 0 2 0 3 3 1 0.534324 0.000000 
21 1 71 2 1 4 2 2 1 0.597136 0.000000 
21 1 72 2 0 5 1 1 1 0.673036 0.000000 
21 1 73 1 1 1 2 2 1 0.634544 0.000000 
21 1 74 2 1 5 2 2 1 0.525365 0.000000 
21 1 75 2 1 4 2 2 1 0.572901 0.000000 
21 1 76 2 2 5 3 3 1 0.610413 0.000000 
21 1 77 2 1 4 2 2 1 0.686600 0.000000 
21 1 78 2 1 5 2 2 1 0.559503 0.000000 
21 1 79 2 0 4 1 1 1 0.573678 0.000000 
21 1 80 1 0 0 1 1 1 0.531171 0.000000 
21 1 81 0 3 1 4 4 1 0.545698 0.000000 
21 1 82 1 1 1 2 2 1 0.776486 0.000000 
21 1 83 0 0 2 1 1 1 0.526072 0.000000 
21 1 84 1 1 1 2 2 1 0.653596 0.000000 
21 1 85 2 0 4 1 1 1 0.551786 0.000000 
21 1 86 0 1 3 2 2 1 0.709952 0.000000 
21 1 87 1 3 3 4 4 1 0.534196 0.000000 
21 1 88 0 3 1 4 4 1 0.509023 0.000000 
21 1 89 0 1 3 2 2 1 0.524192 0.000000 
21 1 90 2 2 5 3 3 1 0.563651 0.000000 
21 1 91 1 1 1 2 2 1 0.521831 0.000000 
21 1 92 2 3 5 4 4 1 0.577327 0.000000 
21 1 93 0 3 1 4 4 1 0.590835 0.000000 
21 1 94 0 0 2 1 1 1 0.587686 0.000000 
21 1 95 1 3 3 4 4 1 0.504554 0.000000 
21 1 96 0 1 3 2 2 1 0.656692 0.000000 
21 1 97 1 3 3 4 4 1 0.506897 0.000000 
21 1 98 0 2 0 3 3 1 0.578046 0.000000 
21 1 99 0 3 1 4 4 1 0.671561 0.000000 
21 1 100 2 2 5 3 3 1 0.601096 0.000000 
21 1 101 1 0 0 1 1 1 0.573307 0.000000 
21 1 102 2 0 5 1 1 1 0.642844 0.000000 
21 1 103 0 0 2 1 1 1 0.581695 0.000000 
21 1 104 0 1 3 2 2 1 0.627194 0.000000 
21 1 105 1 3 3 4 4 1 0.557781 0.000000 
21 1 106 1 3 3 4 4 1 0.499856 0.000000 
21 1 107 1 0 0 1 1 1 0.564051 0.000000 
21 1 108 0 3 1 4 4 1 0.634228 0.000000 
21 1 109 1 3 3 4 4 1 0.517025 0.000000 
21 1 110 0 2 0 3 3 1 0.620526 0.000000 
21 1 111 2 0 4 1 1 1 0.576119 0.000000 
21 1 112 0 2 0 3 3 1 0.621623 0.000000 
21 1 113 0 0 2 1 1 1 0.585146 0.000000 
21 1 114 0 3 1 4 4 1 0.509005 0.000000 
21 1 115 1 1 1 2 2 1 0.669130 0.000000 
21 1 116 0 2 0 3 3 1 0.646658 0.000000 
21 1 117 1 1 1 2 2 1 0.593577 0.000000 
21 1 118 2 2 5 3 3 1 0.558435 0.000000 
21 1 119 0 3 1 4 4 1 0.548592 0.000000 
21 1 120 1 0 0 1 1 1 0.539431 0.000000 
21 1 121 0 3 1 4 4 1 0.586253 0.000000 
21 1 122 1 3 3 4 4 1 0.471105 0.000000 
21 1 123 2 3 4 4 4 1 0.479556 0.000000 
21 1 124 1 2 2 3 3 1 0.601027 0.000000 
21 1 125 0 1 3 2 2 1 0.677246 0.000000 
21 1 126 2 3 5 4 4 1 0.574789 0.000000 
21 1 127 2 2 4 3 3 1 0.580321 0.000000 
21 1 128 1 3 3 4 4 1 0.529816 0.000000 
21 1 129 0 2 0 3 3 1 0.609322 0.000000 
21 1 130 0 0 2 1 1 1 0.580547 0.000000 
21 1 131 1 0 0 1 1 1 0.561996 0.000000 
21 1 132 1 2 2 3 3 1 0.664199 0.000000 
21 1 133 2 2 4 3 3 1 0.514323 0.000000 
21 1 134 1 0 0 1 1 1 0.530530 0.000000 
21 1 135 1 3 3 4 4 1 0.706023 0.000000 
21 1 136 2 3 5 4 4 1 0.594257 0.000000 
21 1 137 1 2 2 3 3 1 0.575126 0.000000 
21 1 138 2 3 5 4 4 1 0.548608 0.000000 
21 1 139 2 2 4 3 3 1 0.763435 0.000000 
21 1 140 0 2 0 3 3 1 0.536688 0.000000 
21 1 141 2 0 4 1 1 1 0.551538 0.000000 
21 1 142 2 3 5 4 4 1 0.637662 0.000000 
21 1 143 0 0 2 1 1 1 0.568565 0.000000 
21 1 144 1 2 2 3 3 1 0.542086 0.000000 
21 1 145 2 0 4 1 1 1 0.532892 0.000000 
21 1 146 0 3 1 4 4 1 0.579981 0.000000 
21 1 147 2 0 4 1 1 1 0.569226 0.000000 
21 1 148 1 2 2 3 3 1 0.541742 0.000000 
21 1 149 0 3 1 4 4 1 0.540591 0.000000 
21 1 150 2 2 5 3 3 1 0.539375 0.000000 
21 1 151 2 2 4 3 3 1 0.482250 0.000000 
21 1 152 1 3 3 4 4 1 0.595721 0.000000 
21 1 153 1 0 0 1 1 1 0.528569 0.000000 
21 1 154 2 1 5 2 2 1 0.624071 0.000000 
21 1 155 2 1 4 2 2 1 0.467585 0.000000 
21 1 156 2 1 5 2 2 1 0.484051 0.000000 
21 1 157 0 2 0 3 3 1 0.580868 0.000000 
21 1 158 0 2 0 3 3 1 0.490390 0.000000 
21 1 159 2 1 4 2 2 1 0.619204 0.000000 
21 1 160 0 1 3 2 2 1 0.750738 0.000000 
21 1 161 1 1 1 2 2 1 0.468979 0.000000 
21 1 162 0 3 1 4 4 1 0.590398 0.000000 
21 1 163 1 0 0 1 1 1 0.523247 0.000000 
21 1 164 0 3 1 4 4 1 0.514788 0.000000 
21 1 165 0 0 2 1 1 1 0.537911 0.000000 
21 1 166 2 1 5 2 2 1 0.560773 0.000000 
21 1 167 2 1 4 2 2 1 0.830951 0.000000 
21 1 168 0 1 3 2 2 1 0.426553 0.000000 
21 1 169 1 3 3 4 4 1 0.525937 0.000000 
21 1 170 2 1 5 2 2 1 0.557486 0.000000 
21 1 171 1 1 1 2 2 1 0.563683 0.000000 
21 1 172 1 0 0 1 1 1 0.608886 0.000000 
21 1 173 2 2 4 3 3 1 0.550018 0.000000 
21 1 174 1 2 2 3 3 1 0.563216 0.000000 
21 1 175 0 3 1 4 4 1 0.569373 0.000000 
21 1 176 2 0 5 1 1 1 0.550863 0.000000 
21 1 177 2 0 4 1 1 1 0.573048 0.000000 
21 1 178 1 1 1 2 2 1 0.562559 0.000000 
21 1 179 1 0 0 1 1 1 0.552732 0.000000 
21 1 180 0 0 2 1 1 1 0.518844 0.000000 
21 1 181 0 0 2 1 1 1 0.422336 0.000000 
21 1 182 2 3 5 4 4 1 0.520809 0.000000 
21 1 183 1 2 2 3 3 1 0.536278 0.000000 
21 1 184 2 2 5 3 3 1 0.703169 0.000000 
21 1 185 0 2 0 3 3 1 0.575407 0.000000 
21 1 186 1 1 1 2 2 1 0.612888 0.000000 
21 1 187 1 1 1 2 2 1 0.545106 0.000000 
21 1 188 2 2 5 3 3 1 0.567931 0.000000 
21 1 189 2 1 4 2 2 1 0.469421 0.000000 
21 1 190 1 2 2 3 3 1 0.629910 0.000000 
21 1 191 1 2 2 3 3 1 0.513432 0.000000 
21 1 192 0 0 2 1 1 1 0.617589 0.000000 
