8 1 1 2 2 4 3 3 1 1.783998 0.000000 
8 1 2 2 1 5 2 2 1 0.747596 0.000000 
8 1 3 2 0 4 1 1 1 0.577873 0.000000 
8 1 4 1 0 0 1 1 1 0.550874 0.000000 
8 1 5 0 2 1 3 3 1 0.621054 0.000000 
8 1 6 2 1 5 2 3 0 0.552599 0.000000 
8 1 7 2 3 4 4 4 1 0.634134 0.000000 
8 1 8 2 3 5 4 4 1 0.708517 0.000000 
8 1 9 1 0 0 1 1 1 0.572749 0.000000 
8 1 10 1 1 1 2 2 1 0.617549 0.000000 
8 1 11 1 2 2 3 3 1 0.700810 0.000000 
8 1 12 2 2 5 3 3 1 1.309032 0.000000 
8 1 13 0 1 0 2 2 1 0.669488 0.000000 
8 1 14 2 3 5 4 4 1 0.535043 0.000000 
8 1 15 1 3 3 4 4 1 0.485872 0.000000 
8 1 16 2 0 5 1 1 1 0.574688 0.000000 
8 1 17 1 3 3 4 4 1 0.540181 0.000000 
8 1 18 2 3 5 4 4 1 0.513981 0.000000 
8 1 19 0 3 2 4 4 1 0.442171 0.000000 
8 1 20 1 0 0 1 1 1 0.556926 0.000000 
8 1 21 0 0 3 1 1 1 0.579151 0.000000 
8 1 22 2 0 5 1 1 1 0.512641 0.000000 
8 1 23 2 1 4 2 2 1 0.608796 0.000000 
8 1 24 0 3 2 4 4 1 0.580982 0.000000 
8 1 25 2 2 4 3 3 1 0.826459 0.000000 
8 1 26 1 1 1 2 2 1 0.701123 0.000000 
8 1 27 1 1 1 2 2 1 0.509294 0.000000 
8 1 28 1 0 0 1 1 1 0.533464 0.000000 
8 1 29 1 3 3 4 4 1 0.492310 0.000000 
8 1 30 1 3 3 4 4 1 0.373120 0.000000 
8 1 31 1 0 0 1 1 1 0.530565 0.000000 
8 1 32 0 2 1 3 3 1 0.626046 0.000000 
8 1 33 0 1 0 2 2 1 0.821585 0.000000 
8 1 34 2 3 5 4 4 1 0.473195 0.000000 
8 1 35 0 0 3 1 1 1 0.481612 0.000000 
8 1 36 0 0 3 1 1 1 0.427086 0.000000 
8 1 37 1 3 3 4 4 1 0.534578 0.000000 
8 1 38 1 0 0 1 1 1 0.517408 0.000000 
8 1 39 2 3 4 4 4 1 0.476904 0.000000 
8 1 40 0 3 2 4 4 1 0.534366 0.000000 
8 1 41 0 2 1 3 3 1 0.661206 0.000000 
8 1 42 2 1 5 2 2 1 0.478467 0.000000 
8 1 43 2 1 4 2 2 1 0.479900 0.000000 
8 1 44 1 0 0 1 1 1 0.521354 0.000000 
8 1 45 2 0 4 1 1 1 0.504842 0.000000 
8 1 46 2 1 5 2 2 1 0.592983 0.000000 
8 1 47 0 2 1 3 2 0 0.437821 0.000000 
8 1 48 0 0 3 1 1 1 0.524606 0.000000 
8 1 49 0 0 3 1 1 1 0.467667 0.000000 
8 1 50 1 3 3 4 4 1 0.461138 0.000000 
8 1 51 1 1 1 2 2 1 0.575272 0.000000 
8 1 52 2 0 5 1 1 1 0.531783 0.000000 
8 1 53 0 3 2 4 4 1 0.475269 0.000000 
8 1 54 1 2 2 3 3 1 0.708746 0.000000 
8 1 55 0 2 1 3 3 1 0.460963 0.000000 
8 1 56 1 0 0 1 1 1 0.511092 0.000000 
8 1 57 2 0 4 1 1 1 0.447197 0.000000 
8 1 58 1 1 1 2 2 1 0.642014 0.000000 
8 1 59 0 3 2 4 4 1 0.492898 0.000000 
8 1 60 2 3 5 4 4 1 0.396689 0.000000 
8 1 61 2 2 4 3 3 1 0.697498 0.000000 
8 1 62 2 1 5 2 2 1 0.610380 0.000000 
8 1 63 2 0 4 1 1 1 0.526567 0.000000 
8 1 64 1 3 3 4 4 1 0.438062 0.000000 
8 1 65 0 1 0 2 2 1 0.560858 0.000000 
8 1 66 2 0 5 1 1 1 0.503013 0.000000 
8 1 67 2 2 4 3 3 1 0.703181 0.000000 
8 1 68 0 2 1 3 3 1 0.478436 0.000000 
8 1 69 0 2 1 3 3 1 0.447871 0.000000 
8 1 70 1 2 2 3 3 1 0.778699 0.000000 
8 1 71 0 2 1 3 3 1 0.440233 0.000000 
8 1 72 1 3 3 4 4 1 0.483039 0.000000 
8 1 73 1 2 2 3 3 1 0.700117 0.000000 
8 1 74 0 1 0 2 2 1 0.588064 0.000000 
8 1 75 0 0 3 1 1 1 0.496865 0.000000 
8 1 76 1 2 2 3 3 1 0.553709 0.000000 
8 1 77 0 1 0 2 2 1 0.590870 0.000000 
8 1 78 1 2 2 3 3 1 0.515747 0.000000 
8 1 79 0 3 2 4 4 1 0.491913 0.000000 
8 1 80 0 3 2 4 4 1 0.556718 0.000000 
8 1 81 0 0 3 1 1 1 0.530887 0.000000 
8 1 82 0 2 1 3 3 1 0.546378 0.000000 
8 1 83 0 1 0 2 2 1 0.521153 0.000000 
8 1 84 0 3 2 4 4 1 0.456701 0.000000 
8 1 85 0 3 2 4 4 1 0.450830 0.000000 
8 1 86 0 0 3 1 1 1 0.427937 0.000000 
8 1 87 0 2 1 3 3 1 0.639412 0.000000 
8 1 88 2 1 5 2 2 1 0.594292 0.000000 
8 1 89 1 3 3 4 4 1 0.487121 0.000000 
8 1 90 1 0 0 1 1 1 0.503946 0.000000 
8 1 91 1 1 1 2 2 1 0.392042 0.000000 
8 1 92 2 0 5 1 1 1 0.556865 0.000000 
8 1 93 1 3 3 4 4 1 0.435023 0.000000 
8 1 94 1 0 0 1 1 1 0.461846 0.000000 
8 1 95 0 1 0 2 2 1 0.558959 0.000000 
8 1 96 0 2 1 3 3 1 0.461121 0.000000 
8 1 97 0 3 2 4 4 1 0.471249 0.000000 
8 1 98 0 3 2 4 4 1 0.440682 0.000000 
8 1 99 1 1 1 2 2 1 0.459513 0.000000 
8 1 100 0 0 3 1 1 1 0.477646 0.000000 
8 1 101 2 2 4 3 3 1 0.583112 0.000000 
8 1 102 1 1 1 2 2 1 0.579964 0.000000 
8 1 103 1 1 1 2 2 1 0.464470 0.000000 
8 1 104 1 0 0 1 1 1 0.466614 0.000000 
8 1 105 1 2 2 3 3 1 0.460073 0.000000 
8 1 106 0 3 2 4 4 1 0.550199 0.000000 
8 1 107 0 1 0 2 2 1 0.540364 0.000000 
8 1 108 0 1 0 2 2 1 0.459203 0.000000 
8 1 109 1 3 3 4 4 1 0.469282 0.000000 
8 1 110 1 2 2 3 3 1 0.558806 0.000000 
8 1 111 2 3 4 4 4 1 0.468019 0.000000 
8 1 112 2 1 5 2 2 1 0.549411 0.000000 
8 1 113 0 0 3 1 1 1 0.476087 0.000000 
8 1 114 2 0 5 1 1 1 0.517082 0.000000 
8 1 115 1 2 2 3 3 1 0.532583 0.000000 
8 1 116 2 2 5 3 3 1 0.771936 0.000000 
8 1 117 2 1 4 2 2 1 0.473606 0.000000 
8 1 118 1 1 1 2 2 1 0.571118 0.000000 
8 1 119 2 2 4 3 4 0 0.528639 0.000000 
8 1 120 2 1 5 2 2 1 0.547180 0.000000 
8 1 121 0 2 1 3 3 1 0.609499 0.000000 
8 1 122 2 1 5 2 3 0 0.549688 0.000000 
8 1 123 2 2 4 3 3 1 0.432340 0.000000 
8 1 124 1 1 1 2 2 1 0.595517 0.000000 
8 1 125 1 0 0 1 1 1 0.416369 0.000000 
8 1 126 0 1 0 2 2 1 0.612058 0.000000 
8 1 127 1 1 1 2 2 1 0.560001 0.000000 
8 1 128 2 0 5 1 1 1 0.510177 0.000000 
8 1 129 2 2 4 3 3 1 0.653336 0.000000 
8 1 130 0 3 2 4 4 1 0.527537 0.000000 
8 1 131 2 3 4 4 4 1 0.582984 0.000000 
8 1 132 1 0 0 1 1 1 0.468124 0.000000 
8 1 133 1 2 2 3 3 1 0.629349 0.000000 
8 1 134 2 2 5 3 3 1 0.432866 0.000000 
8 1 135 2 0 4 1 1 1 0.539894 0.000000 
8 1 136 2 2 5 3 3 1 0.553550 0.000000 
8 1 137 0 2 1 3 3 1 0.479619 0.000000 
8 1 138 0 3 2 4 4 1 0.505153 0.000000 
8 1 139 0 0 3 1 1 1 0.545276 0.000000 
8 1 140 0 0 3 1 1 1 0.424105 0.000000 
8 1 141 2 1 4 2 2 1 0.419503 0.000000 
8 1 142 1 2 2 3 3 1 0.599012 0.000000 
8 1 143 1 3 3 4 4 1 0.467870 0.000000 
8 1 144 0 0 3 1 1 1 0.445286 0.000000 
8 1 145 0 1 0 2 2 1 0.583160 0.000000 
8 1 146 1 2 2 3 3 1 0.491944 0.000000 
8 1 147 1 3 3 4 4 1 0.388772 0.000000 
8 1 148 2 2 5 3 2 0 0.617558 0.000000 
8 1 149 1 1 1 2 2 1 0.385100 0.000000 
8 1 150 2 3 5 4 4 1 0.469390 0.000000 
8 1 151 1 2 2 3 3 1 0.574860 0.000000 
8 1 152 1 3 3 4 4 1 0.476371 0.000000 
8 1 153 2 0 4 1 1 1 0.533843 0.000000 
8 1 154 2 3 5 4 4 1 0.483658 0.000000 
8 1 155 2 1 4 2 2 1 0.604486 0.000000 
8 1 156 0 2 1 3 3 1 0.600683 0.000000 
8 1 157 0 1 0 2 2 1 0.564864 0.000000 
8 1 158 0 3 2 4 4 1 0.467036 0.000000 
8 1 159 1 2 2 3 3 1 0.556503 0.000000 
8 1 160 0 3 2 4 4 1 0.498690 0.000000 
8 1 161 1 1 1 2 2 1 0.563491 0.000000 
8 1 162 2 2 5 3 3 1 0.680640 0.000000 
8 1 163 2 2 4 3 3 1 0.442147 0.000000 
8 1 164 0 0 3 1 1 1 0.420991 0.000000 
8 1 165 2 2 4 3 3 1 0.528529 0.000000 
8 1 166 1 0 0 1 1 1 0.527941 0.000000 
8 1 167 0 1 0 2 2 1 0.567435 0.000000 
8 1 168 1 0 0 1 1 1 0.484938 0.000000 
8 1 169 2 2 4 3 3 1 0.445753 0.000000 
8 1 170 0 1 0 2 2 1 0.600543 0.000000 
8 1 171 2 2 4 3 3 1 0.787720 0.000000 
8 1 172 2 0 5 1 1 1 0.512644 0.000000 
8 1 173 0 2 1 3 3 1 0.536824 0.000000 
8 1 174 2 3 5 4 4 1 0.487635 0.000000 
8 1 175 2 0 4 1 1 1 0.488445 0.000000 
8 1 176 1 1 1 2 2 1 0.433248 0.000000 
8 1 177 1 0 0 1 1 1 0.476060 0.000000 
8 1 178 2 3 5 4 4 1 0.501507 0.000000 
8 1 179 1 3 3 4 4 1 0.453606 0.000000 
8 1 180 2 0 5 1 1 1 0.462724 0.000000 
8 1 181 0 0 3 1 1 1 0.432905 0.000000 
8 1 182 0 0 3 1 1 1 0.419899 0.000000 
8 1 183 2 1 4 2 2 1 0.431152 0.000000 
8 1 184 2 3 5 4 4 1 0.402561 0.000000 
8 1 185 0 3 2 4 4 1 0.518667 0.000000 
8 1 186 1 1 1 2 2 1 0.590156 0.000000 
8 1 187 1 2 2 3 3 1 0.515058 0.000000 
8 1 188 0 3 2 4 4 1 0.523213 0.000000 
8 1 189 0 3 2 4 4 1 0.465698 0.000000 
8 1 190 1 1 1 2 1 0 0.523835 0.000000 
8 1 191 1 2 2 3 3 1 0.543330 0.000000 
8 1 192 2 1 5 2 2 1 0.589705 0.000000 
8 1 1 0 1 3 2 2 1 1.102956 0.000000 
8 1 2 0 2 0 3 3 1 0.598639 0.000000 
8 1 3 2 2 4 3 3 1 0.457990 0.000000 
8 1 4 1 1 1 2 2 1 0.564139 0.000000 
8 1 5 0 2 0 3 3 1 0.866312 0.000000 
8 1 6 1 0 0 1 1 1 0.643763 0.000000 
8 1 7 1 0 0 1 1 1 0.454147 0.000000 
8 1 8 2 2 5 3 3 1 0.712279 0.000000 
8 1 9 2 3 4 4 4 1 0.552335 0.000000 
8 1 10 2 3 5 4 4 1 0.461995 0.000000 
8 1 11 2 3 4 4 4 1 0.440132 0.000000 
8 1 12 2 1 5 2 2 1 0.569906 0.000000 
8 1 13 2 1 4 2 2 1 0.495442 0.000000 
8 1 14 1 2 2 3 3 1 0.568197 0.000000 
8 1 15 2 3 4 4 4 1 0.493737 0.000000 
8 1 16 2 3 5 4 4 1 0.454553 0.000000 
8 1 17 1 2 2 3 3 1 0.640717 0.000000 
8 1 18 0 2 0 3 3 1 0.451570 0.000000 
8 1 19 1 3 3 4 4 1 0.437708 0.000000 
8 1 20 0 0 2 1 1 1 0.567492 0.000000 
8 1 21 1 2 2 3 3 1 0.573007 0.000000 
8 1 22 1 1 1 2 2 1 0.634511 0.000000 
8 1 23 1 2 2 3 3 1 0.469393 0.000000 
8 1 24 0 0 2 1 1 1 0.550856 0.000000 
8 1 25 0 0 2 1 1 1 0.493020 0.000000 
8 1 26 0 0 2 1 1 1 0.453832 0.000000 
8 1 27 2 0 4 1 1 1 0.655974 0.000000 
8 1 28 2 0 5 1 1 1 0.442171 0.000000 
8 1 29 1 3 3 4 4 1 0.507938 0.000000 
8 1 30 2 2 5 3 3 1 0.428099 0.000000 
8 1 31 0 2 0 3 3 1 0.519587 0.000000 
8 1 32 1 2 2 3 3 1 0.519051 0.000000 
8 1 33 1 0 0 1 1 1 0.494524 0.000000 
8 1 34 2 3 5 4 4 1 0.543337 0.000000 
8 1 35 2 2 4 3 3 1 0.582184 0.000000 
8 1 36 0 3 1 4 4 1 0.571695 0.000000 
8 1 37 2 1 4 2 2 1 0.497210 0.000000 
8 1 38 1 2 2 3 3 1 0.520968 0.000000 
8 1 39 1 3 3 4 4 1 0.456503 0.000000 
8 1 40 1 2 2 3 3 1 0.554630 0.000000 
8 1 41 1 3 3 4 4 1 0.440804 0.000000 
8 1 42 2 0 5 1 1 1 0.531622 0.000000 
8 1 43 2 1 4 2 2 1 0.523092 0.000000 
8 1 44 0 0 2 1 1 1 0.530573 0.000000 
8 1 45 2 2 4 3 3 1 0.881161 0.000000 
8 1 46 1 0 0 1 1 1 0.506611 0.000000 
8 1 47 1 0 0 1 1 1 0.602852 0.000000 
8 1 48 0 1 3 2 2 1 0.655042 0.000000 
8 1 49 1 2 2 3 3 1 0.569240 0.000000 
8 1 50 2 3 5 4 4 1 0.470746 0.000000 
8 1 51 2 0 4 1 1 1 0.544239 0.000000 
8 1 52 1 0 0 1 1 1 0.527075 0.000000 
8 1 53 1 3 3 4 4 1 0.486578 0.000000 
8 1 54 0 3 1 4 4 1 0.511343 0.000000 
8 1 55 0 3 1 4 4 1 0.430454 0.000000 
8 1 56 2 3 5 4 4 1 0.465963 0.000000 
8 1 57 2 1 4 2 2 1 1.219964 0.000000 
8 1 58 2 3 5 4 4 1 0.559207 0.000000 
8 1 59 1 1 1 2 2 1 0.741384 0.000000 
8 1 60 1 1 1 2 2 1 0.524279 0.000000 
8 1 61 0 3 1 4 4 1 0.499779 0.000000 
8 1 62 2 2 5 3 3 1 0.563924 0.000000 
8 1 63 2 1 4 2 2 1 0.601103 0.000000 
8 1 64 2 0 5 1 1 1 0.581284 0.000000 
8 1 65 0 0 2 1 1 1 0.506787 0.000000 
8 1 66 0 2 0 3 3 1 0.610918 0.000000 
8 1 67 2 0 4 1 1 1 0.575138 0.000000 
8 1 68 1 3 3 4 4 1 0.516659 0.000000 
8 1 69 2 0 4 1 1 1 0.588148 0.000000 
8 1 70 0 0 2 1 1 1 0.440039 0.000000 
8 1 71 1 2 2 3 3 1 0.626748 0.000000 
8 1 72 0 2 0 3 3 1 0.510321 0.000000 
8 1 73 0 3 1 4 4 1 0.526466 0.000000 
8 1 74 0 1 3 2 3 0 1.101980 0.000000 
8 1 75 1 0 0 1 1 1 0.530375 0.000000 
8 1 76 0 1 3 2 2 1 0.425368 0.000000 
8 1 77 2 0 4 1 1 1 0.604830 0.000000 
8 1 78 2 0 5 1 1 1 0.521020 0.000000 
8 1 79 0 1 3 2 2 1 0.807575 0.000000 
8 1 80 2 1 5 2 2 1 0.499750 0.000000 
8 1 81 0 2 0 3 3 1 0.491926 0.000000 
8 1 82 0 0 2 1 1 1 0.604749 0.000000 
8 1 83 2 2 4 3 3 1 0.472952 0.000000 
8 1 84 2 2 5 3 3 1 0.434384 0.000000 
8 1 85 2 3 4 4 4 1 0.621195 0.000000 
8 1 86 2 3 5 4 4 1 0.424687 0.000000 
8 1 87 1 2 2 3 3 1 0.636167 0.000000 
8 1 88 0 3 1 4 4 1 0.478020 0.000000 
8 1 89 2 3 4 4 4 1 0.479507 0.000000 
8 1 90 1 1 1 2 2 1 0.728991 0.000000 
8 1 91 1 0 0 1 1 1 0.552540 0.000000 
8 1 92 2 3 5 4 4 1 0.494718 0.000000 
8 1 93 0 2 0 3 3 1 0.599485 0.000000 
8 1 94 1 2 2 3 3 1 0.836024 0.000000 
8 1 95 0 2 0 3 3 1 0.446652 0.000000 
8 1 96 0 1 3 2 2 1 0.576431 0.000000 
8 1 97 1 0 0 1 1 1 0.541982 0.000000 
8 1 98 2 1 5 2 2 1 0.836784 0.000000 
8 1 99 1 1 1 2 2 1 0.471730 0.000000 
8 1 100 2 0 5 1 1 1 0.609226 0.000000 
8 1 101 2 3 4 4 4 1 0.501414 0.000000 
8 1 102 1 3 3 4 4 1 0.413568 0.000000 
8 1 103 0 0 2 1 1 1 0.625674 0.000000 
8 1 104 1 2 2 3 3 1 0.477196 0.000000 
8 1 105 1 1 1 2 2 1 0.605663 0.000000 
8 1 106 0 0 2 1 1 1 0.593867 0.000000 
8 1 107 1 3 3 4 4 1 0.494722 0.000000 
8 1 108 2 0 5 1 1 1 0.591525 0.000000 
8 1 109 1 0 0 1 1 1 0.516357 0.000000 
8 1 110 1 0 0 1 1 1 0.380105 0.000000 
8 1 111 0 0 2 1 1 1 0.793308 0.000000 
8 1 112 1 1 1 2 2 1 0.710236 0.000000 
8 1 113 1 1 1 2 2 1 0.637451 0.000000 
8 1 114 0 1 3 2 2 1 0.464314 0.000000 
8 1 115 0 1 3 2 2 1 0.426460 0.000000 
8 1 116 1 1 1 2 2 1 0.501913 0.000000 
8 1 117 1 3 3 4 4 1 0.462060 0.000000 
8 1 118 0 2 0 3 3 1 0.624202 0.000000 
8 1 119 1 0 0 1 1 1 0.507717 0.000000 
8 1 120 0 0 2 1 1 1 0.739895 0.000000 
8 1 121 0 2 0 3 3 1 0.617747 0.000000 
8 1 122 1 1 1 2 2 1 0.605366 0.000000 
8 1 123 1 1 1 2 2 1 0.529501 0.000000 
8 1 124 0 0 2 1 1 1 0.544987 0.000000 
8 1 125 1 2 2 3 3 1 0.543817 0.000000 
8 1 126 1 1 1 2 2 1 0.518639 0.000000 
8 1 127 2 1 4 2 2 1 0.525406 0.000000 
8 1 128 2 0 5 1 1 1 0.581616 0.000000 
8 1 129 2 3 4 4 4 1 0.538214 0.000000 
8 1 130 0 3 1 4 4 1 0.520939 0.000000 
8 1 131 1 0 0 1 1 1 0.528475 0.000000 
8 1 132 1 3 3 4 4 1 0.575939 0.000000 
8 1 133 0 0 2 1 1 1 0.557460 0.000000 
8 1 134 0 2 0 3 3 1 0.491631 0.000000 
8 1 135 2 3 4 4 4 1 0.508465 0.000000 
8 1 136 0 1 3 2 2 1 0.564605 0.000000 
8 1 137 1 1 1 2 2 1 0.570738 0.000000 
8 1 138 0 1 3 2 2 1 0.471269 0.000000 
8 1 139 2 0 4 1 1 1 0.552754 0.000000 
8 1 140 0 0 2 1 1 1 0.534913 0.000000 
8 1 141 2 3 4 4 4 1 0.493736 0.000000 
8 1 142 2 2 5 3 3 1 0.646550 0.000000 
8 1 143 1 3 3 4 4 1 0.417422 0.000000 
8 1 144 0 1 3 2 2 1 0.516875 0.000000 
8 1 145 0 2 0 3 3 1 0.500341 0.000000 
8 1 146 2 2 5 3 3 1 0.404458 0.000000 
8 1 147 0 2 0 3 3 1 0.463660 0.000000 
8 1 148 1 1 1 2 2 1 0.553743 0.000000 
8 1 149 0 2 0 3 3 1 0.535921 0.000000 
8 1 150 0 2 0 3 3 1 0.446752 0.000000 
8 1 151 0 2 0 3 3 1 0.417540 0.000000 
8 1 152 0 1 3 2 2 1 0.540889 0.000000 
8 1 153 0 1 3 2 2 1 0.467815 0.000000 
8 1 154 2 0 5 1 1 1 0.573303 0.000000 
8 1 155 1 2 2 3 3 1 0.530806 0.000000 
8 1 156 0 1 3 2 2 1 0.609293 0.000000 
8 1 157 0 0 2 1 1 1 0.605456 0.000000 
8 1 158 1 3 3 4 4 1 0.425664 0.000000 
8 1 159 1 0 0 1 1 1 0.533128 0.000000 
8 1 160 2 2 5 3 3 1 0.451951 0.000000 
8 1 161 0 0 2 1 1 1 0.534111 0.000000 
8 1 162 0 1 3 2 2 1 0.556907 0.000000 
8 1 163 0 2 0 3 3 1 0.562979 0.000000 
8 1 164 2 2 5 3 3 1 0.504266 0.000000 
8 1 165 2 2 4 3 3 1 0.440406 0.000000 
8 1 166 1 1 1 2 2 1 0.579206 0.000000 
8 1 167 0 1 3 2 2 1 0.504703 0.000000 
8 1 168 1 3 3 4 4 1 0.488861 0.000000 
8 1 169 2 3 4 4 4 1 0.441666 0.000000 
8 1 170 1 1 1 2 2 1 0.548460 0.000000 
8 1 171 0 3 1 4 4 1 0.459295 0.000000 
8 1 172 0 1 3 2 2 1 0.517423 0.000000 
8 1 173 0 3 1 4 4 1 0.499920 0.000000 
8 1 174 1 0 0 1 1 1 0.548060 0.000000 
8 1 175 2 1 4 2 2 1 0.610895 0.000000 
8 1 176 2 3 5 4 4 1 0.479086 0.000000 
8 1 177 1 2 2 3 3 1 0.592556 0.000000 
8 1 178 2 2 5 3 3 1 0.477395 0.000000 
8 1 179 2 3 4 4 4 1 0.470868 0.000000 
8 1 180 0 0 2 1 1 1 0.560334 0.000000 
8 1 181 1 1 1 2 2 1 0.581559 0.000000 
8 1 182 2 3 5 4 4 1 0.474985 0.000000 
8 1 183 2 1 4 2 2 1 0.556498 0.000000 
8 1 184 1 1 1 2 2 1 0.474654 0.000000 
8 1 185 0 3 1 4 4 1 0.516122 0.000000 
8 1 186 2 1 5 2 2 1 0.564100 0.000000 
8 1 187 1 3 3 4 4 1 0.441777 0.000000 
8 1 188 1 3 3 4 4 1 0.396588 0.000000 
8 1 189 0 3 1 4 4 1 0.505356 0.000000 
8 1 190 2 0 5 1 1 1 0.576490 0.000000 
8 1 191 2 1 4 2 2 1 0.573987 0.000000 
8 1 192 2 2 5 3 3 1 0.539530 0.000000 
