5 1 1 1 0 0 1 3 0 0.611093 0.000000 
5 1 2 0 0 2 1 1 1 1.345665 0.000000 
5 1 3 2 0 4 1 1 1 0.592601 0.000000 
5 1 4 0 2 0 3 3 1 0.693477 0.000000 
5 1 5 1 2 2 3 3 1 0.550395 0.000000 
5 1 6 0 0 2 1 1 1 0.660581 0.000000 
5 1 7 1 2 2 3 3 1 0.638880 0.000000 
5 1 8 2 2 5 3 3 1 0.785730 0.000000 
5 1 9 0 2 0 3 3 1 0.750772 0.000000 
5 1 10 0 2 0 3 3 1 0.580072 0.000000 
5 1 11 0 1 3 2 1 0 0.481414 0.000000 
5 1 12 2 3 5 4 4 1 0.845810 0.000000 
5 1 13 1 3 3 4 4 1 0.544317 0.000000 
5 1 14 0 3 1 4 4 1 0.687190 0.000000 
5 1 15 0 1 3 2 2 1 0.792068 0.000000 
5 1 16 2 0 5 1 1 1 0.645059 0.000000 
5 1 17 2 0 4 1 1 1 0.558957 0.000000 
5 1 18 0 1 3 2 2 1 0.653204 0.000000 
5 1 19 2 0 4 1 1 1 0.647480 0.000000 
5 1 20 1 2 2 3 3 1 0.802328 0.000000 
5 1 21 1 0 0 1 1 1 0.566685 0.000000 
5 1 22 1 2 2 3 3 1 0.620154 0.000000 
5 1 23 2 0 4 1 1 1 0.551747 0.000000 
5 1 24 2 3 5 4 4 1 0.605972 0.000000 
5 1 25 2 0 4 1 1 1 0.650222 0.000000 
5 1 26 2 1 5 2 2 1 0.723437 0.000000 
5 1 27 0 1 3 2 3 0 1.083099 0.000000 
5 1 28 0 3 1 4 4 1 0.567938 0.000000 
5 1 29 1 2 2 3 3 1 0.717267 0.000000 
5 1 30 2 2 5 3 3 1 0.780843 0.000000 
5 1 31 1 0 0 1 1 1 0.578489 0.000000 
5 1 32 2 0 5 1 1 1 0.664079 0.000000 
5 1 33 1 0 0 1 1 1 0.641300 0.000000 
5 1 34 2 0 5 1 1 1 0.700213 0.000000 
5 1 35 1 2 2 3 3 1 0.588471 0.000000 
5 1 36 1 3 3 4 4 1 0.409297 0.000000 
5 1 37 1 2 2 3 3 1 0.517495 0.000000 
5 1 38 1 3 3 4 4 1 0.692994 0.000000 
5 1 39 2 0 4 1 1 1 0.549947 0.000000 
5 1 40 1 3 3 4 4 1 0.636168 0.000000 
5 1 41 0 2 0 3 3 1 0.574086 0.000000 
5 1 42 1 3 3 4 4 1 0.483657 0.000000 
5 1 43 1 3 3 4 4 1 0.452486 0.000000 
5 1 44 1 3 3 4 4 1 0.422684 0.000000 
5 1 45 2 2 4 3 3 1 0.578020 0.000000 
5 1 46 1 0 0 1 1 1 0.559633 0.000000 
5 1 47 2 3 4 4 4 1 0.589916 0.000000 
5 1 48 1 2 2 3 3 1 0.690750 0.000000 
5 1 49 1 2 2 3 3 1 0.627655 0.000000 
5 1 50 1 1 1 2 1 0 0.846293 0.000000 
5 1 51 1 2 2 3 3 1 0.805012 0.000000 
5 1 52 1 0 0 1 1 1 0.553088 0.000000 
5 1 53 2 3 4 4 4 1 0.455334 0.000000 
5 1 54 1 3 3 4 4 1 0.449419 0.000000 
5 1 55 1 3 3 4 4 1 0.492116 0.000000 
5 1 56 0 1 3 2 2 1 0.628528 0.000000 
5 1 57 0 2 0 3 3 1 0.559117 0.000000 
5 1 58 1 1 1 2 2 1 0.677254 0.000000 
5 1 59 2 1 4 2 2 1 0.686826 0.000000 
5 1 60 1 1 1 2 2 1 0.623836 0.000000 
5 1 61 2 0 4 1 1 1 0.515321 0.000000 
5 1 62 2 0 5 1 1 1 0.531568 0.000000 
5 1 63 2 2 4 3 3 1 0.739045 0.000000 
5 1 64 0 0 2 1 1 1 0.625953 0.000000 
5 1 65 2 0 4 1 1 1 0.509564 0.000000 
5 1 66 0 3 1 4 4 1 0.588742 0.000000 
5 1 67 0 0 2 1 1 1 0.633595 0.000000 
5 1 68 0 2 0 3 3 1 0.636536 0.000000 
5 1 69 2 0 4 1 1 1 0.567419 0.000000 
5 1 70 0 2 0 3 3 1 0.644987 0.000000 
5 1 71 2 1 4 2 2 1 0.711927 0.000000 
5 1 72 1 3 3 4 4 1 0.552170 0.000000 
5 1 73 0 0 2 1 1 1 0.558390 0.000000 
5 1 74 1 2 2 3 3 1 0.604607 0.000000 
5 1 75 0 1 3 2 1 0 0.551861 0.000000 
5 1 76 2 2 5 3 3 1 0.577814 0.000000 
5 1 77 2 1 4 2 2 1 0.519115 0.000000 
5 1 78 0 3 1 4 4 1 0.526620 0.000000 
5 1 79 2 3 4 4 4 1 0.582146 0.000000 
5 1 80 1 1 1 2 2 1 0.531726 0.000000 
5 1 81 2 3 4 4 4 1 0.499281 0.000000 
5 1 82 2 0 5 1 1 1 0.539894 0.000000 
5 1 83 1 3 3 4 4 1 0.553312 0.000000 
5 1 84 2 1 5 2 2 1 0.623559 0.000000 
5 1 85 0 2 0 3 3 1 0.691068 0.000000 
5 1 86 2 3 5 4 4 1 0.532007 0.000000 
5 1 87 0 1 3 2 2 1 0.579579 0.000000 
5 1 88 1 3 3 4 4 1 0.521031 0.000000 
5 1 89 1 3 3 4 4 1 0.536566 0.000000 
5 1 90 2 1 5 2 2 1 0.543422 0.000000 
5 1 91 2 0 4 1 1 1 0.525379 0.000000 
5 1 92 0 2 0 3 3 1 0.636839 0.000000 
5 1 93 0 1 3 2 2 1 0.543764 0.000000 
5 1 94 1 1 1 2 2 1 0.694608 0.000000 
5 1 95 1 3 3 4 4 1 0.511536 0.000000 
5 1 96 2 2 5 3 3 1 0.583757 0.000000 
5 1 97 2 0 4 1 1 1 0.516641 0.000000 
5 1 98 2 3 5 4 4 1 0.540069 0.000000 
5 1 99 1 3 3 4 4 1 0.578973 0.000000 
5 1 100 0 2 0 3 3 1 0.631600 0.000000 
5 1 101 0 1 3 2 2 1 0.507166 0.000000 
5 1 102 0 1 3 2 2 1 0.651285 0.000000 
5 1 103 2 2 4 3 3 1 0.589551 0.000000 
5 1 104 1 2 2 3 3 1 0.522446 0.000000 
5 1 105 1 2 2 3 3 1 0.425933 0.000000 
5 1 106 1 3 3 4 4 1 0.469488 0.000000 
5 1 107 0 0 2 1 1 1 0.598979 0.000000 
5 1 108 0 0 2 1 1 1 0.530882 0.000000 
5 1 109 2 3 4 4 4 1 0.570339 0.000000 
5 1 110 1 1 1 2 2 1 0.535907 0.000000 
5 1 111 1 1 1 2 2 1 0.510843 0.000000 
5 1 112 0 1 3 2 2 1 0.550965 0.000000 
5 1 113 2 0 4 1 1 1 0.517188 0.000000 
5 1 114 2 3 5 4 4 1 0.572728 0.000000 
5 1 115 0 1 3 2 2 1 0.570277 0.000000 
5 1 116 1 2 2 3 3 1 0.591815 0.000000 
5 1 117 0 2 0 3 3 1 0.627655 0.000000 
5 1 118 0 2 0 3 3 1 0.503237 0.000000 
5 1 119 0 0 2 1 1 1 0.599501 0.000000 
5 1 120 0 0 2 1 1 1 0.467955 0.000000 
5 1 121 0 2 0 3 3 1 0.661170 0.000000 
5 1 122 0 0 2 1 1 1 0.647412 0.000000 
5 1 123 2 0 4 1 1 1 0.594328 0.000000 
5 1 124 0 0 2 1 1 1 0.542347 0.000000 
5 1 125 0 2 0 3 3 1 0.629037 0.000000 
5 1 126 0 3 1 4 4 1 0.544660 0.000000 
5 1 127 2 1 4 2 2 1 0.591565 0.000000 
5 1 128 0 0 2 1 1 1 0.564378 0.000000 
5 1 129 1 1 1 2 2 1 0.490660 0.000000 
5 1 130 1 0 0 1 1 1 0.555506 0.000000 
5 1 131 1 3 3 4 4 1 0.521688 0.000000 
5 1 132 2 0 5 1 1 1 0.537170 0.000000 
5 1 133 1 3 3 4 4 1 0.496007 0.000000 
5 1 134 1 2 2 3 3 1 0.608011 0.000000 
5 1 135 2 0 4 1 1 1 0.532124 0.000000 
5 1 136 0 0 2 1 1 1 0.555678 0.000000 
5 1 137 0 2 0 3 3 1 0.609858 0.000000 
5 1 138 0 3 1 4 4 1 0.566134 0.000000 
5 1 139 1 3 3 4 4 1 0.516121 0.000000 
5 1 140 1 1 1 2 2 1 0.619844 0.000000 
5 1 141 0 0 2 1 1 1 0.614464 0.000000 
5 1 142 0 2 0 3 3 1 0.626661 0.000000 
5 1 143 0 3 1 4 4 1 0.550156 0.000000 
5 1 144 1 0 0 1 1 1 0.540410 0.000000 
5 1 145 2 3 4 4 4 1 0.571229 0.000000 
5 1 146 0 2 0 3 3 1 0.648783 0.000000 
5 1 147 2 3 4 4 4 1 0.571712 0.000000 
5 1 148 1 1 1 2 2 1 0.649239 0.000000 
5 1 149 0 1 3 2 2 1 0.836023 0.000000 
5 1 150 2 1 5 2 2 1 0.661621 0.000000 
5 1 151 1 0 0 1 1 1 0.559806 0.000000 
5 1 152 0 0 2 1 1 1 0.605977 0.000000 
5 1 153 2 0 4 1 1 1 0.722205 0.000000 
5 1 154 0 2 0 3 3 1 0.633840 0.000000 
5 1 155 2 2 4 3 3 1 1.044738 0.000000 
5 1 156 0 1 3 2 2 1 0.559734 0.000000 
5 1 157 0 3 1 4 4 1 0.526012 0.000000 
5 1 158 0 2 0 3 2 0 1.012522 0.000000 
5 1 159 1 0 0 1 1 1 0.556685 0.000000 
5 1 160 2 1 5 2 2 1 0.682693 0.000000 
5 1 161 1 0 0 1 1 1 0.500032 0.000000 
5 1 162 2 2 5 3 3 1 0.644013 0.000000 
5 1 163 2 1 4 2 2 1 0.566694 0.000000 
5 1 164 1 3 3 4 4 1 0.484213 0.000000 
5 1 165 0 0 2 1 1 1 0.605064 0.000000 
5 1 166 2 3 5 4 4 1 0.520306 0.000000 
5 1 167 0 2 0 3 3 1 0.591838 0.000000 
5 1 168 2 1 5 2 2 1 0.596767 0.000000 
5 1 169 2 1 4 2 2 1 0.849618 0.000000 
5 1 170 1 3 3 4 4 1 0.499937 0.000000 
5 1 171 2 3 4 4 4 1 0.612132 0.000000 
5 1 172 2 1 5 2 2 1 0.600373 0.000000 
5 1 173 2 1 4 2 2 1 1.500713 0.000000 
5 1 174 1 1 1 2 2 1 0.620219 0.000000 
5 1 175 0 1 3 2 2 1 0.551745 0.000000 
5 1 176 2 3 5 4 4 1 0.613946 0.000000 
5 1 177 1 2 2 3 3 1 0.602201 0.000000 
5 1 178 1 3 3 4 4 1 0.542461 0.000000 
5 1 179 0 2 0 3 3 1 0.533275 0.000000 
5 1 180 0 1 3 2 2 1 0.676114 0.000000 
5 1 181 2 1 4 2 2 1 0.525788 0.000000 
5 1 182 1 3 3 4 4 1 0.468310 0.000000 
5 1 183 2 1 4 2 2 1 0.541783 0.000000 
5 1 184 1 3 3 4 4 1 0.444584 0.000000 
5 1 185 0 1 3 2 2 1 0.527415 0.000000 
5 1 186 0 1 3 2 2 1 0.519007 0.000000 
5 1 187 2 2 4 3 3 1 0.510487 0.000000 
5 1 188 1 0 0 1 1 1 0.494718 0.000000 
5 1 189 2 3 4 4 4 1 0.599523 0.000000 
5 1 190 0 1 3 2 2 1 0.555946 0.000000 
5 1 191 1 1 1 2 2 1 0.464976 0.000000 
5 1 192 2 1 5 2 2 1 0.635184 0.000000 
5 1 1 0 2 0 3 3 1 1.391724 0.000000 
5 1 2 2 2 5 3 3 1 0.628414 0.000000 
5 1 3 0 0 2 1 1 1 0.703855 0.000000 
5 1 4 0 0 2 1 1 1 0.527549 0.000000 
5 1 5 1 3 3 4 4 1 0.502937 0.000000 
5 1 6 2 2 5 3 3 1 0.566604 0.000000 
5 1 7 1 2 2 3 3 1 0.499210 0.000000 
5 1 8 2 1 5 2 3 0 0.739902 0.000000 
5 1 9 0 0 2 1 1 1 0.702129 0.000000 
5 1 10 1 2 2 3 3 1 1.222197 0.000000 
5 1 11 1 0 0 1 1 1 0.569961 0.000000 
5 1 12 1 2 2 3 3 1 0.551555 0.000000 
5 1 13 1 1 1 2 2 1 0.757722 0.000000 
5 1 14 1 1 1 2 2 1 0.419976 0.000000 
5 1 15 2 1 4 2 2 1 0.470479 0.000000 
5 1 16 2 3 5 4 4 1 0.567975 0.000000 
5 1 17 2 2 4 3 3 1 0.621530 0.000000 
5 1 18 2 0 5 1 1 1 0.601114 0.000000 
5 1 19 0 1 3 2 2 1 0.661349 0.000000 
5 1 20 0 3 1 4 4 1 0.535617 0.000000 
5 1 21 1 1 1 2 2 1 0.670459 0.000000 
5 1 22 2 1 5 2 2 1 0.528031 0.000000 
5 1 23 0 2 0 3 4 0 0.534559 0.000000 
5 1 24 0 1 3 2 3 0 0.553275 0.000000 
5 1 25 2 3 4 4 4 1 0.562959 0.000000 
5 1 26 0 2 0 3 3 1 0.576987 0.000000 
5 1 27 1 3 3 4 4 1 0.462498 0.000000 
5 1 28 0 3 1 4 4 1 0.552679 0.000000 
5 1 29 0 3 1 4 4 1 0.470901 0.000000 
5 1 30 1 1 1 2 2 1 0.592376 0.000000 
5 1 31 2 1 4 2 2 1 0.524301 0.000000 
5 1 32 2 0 5 1 1 1 0.587816 0.000000 
5 1 33 0 2 0 3 3 1 0.648713 0.000000 
5 1 34 2 0 5 1 1 1 0.571619 0.000000 
5 1 35 1 0 0 1 1 1 0.561163 0.000000 
5 1 36 1 0 0 1 1 1 0.383390 0.000000 
5 1 37 2 1 4 2 1 0 0.476130 0.000000 
5 1 38 1 1 1 2 2 1 0.609455 0.000000 
5 1 39 2 3 4 4 4 1 0.508456 0.000000 
5 1 40 2 3 5 4 4 1 0.508637 0.000000 
5 1 41 0 3 1 4 4 1 0.428808 0.000000 
5 1 42 1 3 3 4 4 1 0.376253 0.000000 
5 1 43 1 3 3 4 4 1 0.357746 0.000000 
5 1 44 2 2 5 3 3 1 0.531868 0.000000 
5 1 45 1 2 2 3 3 1 0.379434 0.000000 
5 1 46 1 2 2 3 3 1 0.384861 0.000000 
5 1 47 0 1 3 2 2 1 0.533657 0.000000 
5 1 48 0 1 3 2 2 1 0.523542 0.000000 
5 1 49 1 0 0 1 1 1 0.443003 0.000000 
5 1 50 2 2 5 3 3 1 0.549889 0.000000 
5 1 51 1 3 3 4 4 1 0.492107 0.000000 
5 1 52 1 3 3 4 4 1 0.428961 0.000000 
5 1 53 1 1 1 2 2 1 0.680426 0.000000 
5 1 54 0 0 2 1 1 1 0.601966 0.000000 
5 1 55 1 0 0 1 1 1 0.550238 0.000000 
5 1 56 0 2 0 3 3 1 0.595412 0.000000 
5 1 57 1 0 0 1 1 1 0.568390 0.000000 
5 1 58 2 1 5 2 2 1 0.725914 0.000000 
5 1 59 1 3 3 4 4 1 0.429471 0.000000 
5 1 60 2 0 5 1 1 1 0.520941 0.000000 
5 1 61 1 0 0 1 1 1 0.512510 0.000000 
5 1 62 1 0 0 1 1 1 0.456661 0.000000 
5 1 63 1 1 1 2 2 1 0.882851 0.000000 
5 1 64 1 0 0 1 1 1 0.556103 0.000000 
5 1 65 0 3 1 4 4 1 0.513070 0.000000 
5 1 66 2 2 5 3 3 1 0.537276 0.000000 
5 1 67 2 1 4 2 1 0 0.736137 0.000000 
5 1 68 0 0 2 1 1 1 0.426877 0.000000 
5 1 69 1 1 1 2 2 1 0.566122 0.000000 
5 1 70 1 0 0 1 1 1 0.563929 0.000000 
5 1 71 2 2 4 3 3 1 0.553899 0.000000 
5 1 72 0 2 0 3 3 1 0.663226 0.000000 
5 1 73 2 3 4 4 4 1 0.529338 0.000000 
5 1 74 0 2 0 3 3 1 0.544856 0.000000 
5 1 75 0 0 2 1 1 1 0.527721 0.000000 
5 1 76 0 3 1 4 4 1 0.607221 0.000000 
5 1 77 1 2 2 3 3 1 0.571426 0.000000 
5 1 78 2 3 5 4 4 1 0.520983 0.000000 
5 1 79 2 3 4 4 4 1 0.488547 0.000000 
5 1 80 0 1 3 2 2 1 0.729373 0.000000 
5 1 81 2 3 4 4 4 1 0.488008 0.000000 
5 1 82 0 1 3 2 2 1 0.584842 0.000000 
5 1 83 2 0 4 1 1 1 0.525737 0.000000 
5 1 84 1 1 1 2 2 1 0.653220 0.000000 
5 1 85 2 1 4 2 2 1 0.575542 0.000000 
5 1 86 0 3 1 4 4 1 0.509111 0.000000 
5 1 87 2 3 4 4 4 1 0.629279 0.000000 
5 1 88 2 3 5 4 4 1 0.448790 0.000000 
5 1 89 2 1 4 2 2 1 0.578768 0.000000 
5 1 90 1 2 2 3 3 1 0.576211 0.000000 
5 1 91 2 0 4 1 1 1 0.533748 0.000000 
5 1 92 0 2 0 3 3 1 0.452549 0.000000 
5 1 93 1 2 2 3 3 1 0.534795 0.000000 
5 1 94 2 3 5 4 4 1 0.533617 0.000000 
5 1 95 2 3 4 4 4 1 0.660525 0.000000 
5 1 96 1 3 3 4 4 1 0.406768 0.000000 
5 1 97 2 3 4 4 4 1 0.434894 0.000000 
5 1 98 1 3 3 4 4 1 0.364740 0.000000 
5 1 99 0 2 0 3 3 1 0.522852 0.000000 
5 1 100 1 1 1 2 2 1 0.874420 0.000000 
5 1 101 1 0 0 1 1 1 0.515993 0.000000 
5 1 102 0 0 2 1 1 1 0.564078 0.000000 
5 1 103 2 1 4 2 2 1 0.649708 0.000000 
5 1 104 0 0 2 1 1 1 0.579988 0.000000 
5 1 105 0 2 0 3 3 1 0.641559 0.000000 
5 1 106 2 3 5 4 4 1 0.467564 0.000000 
5 1 107 1 3 3 4 4 1 0.476967 0.000000 
5 1 108 0 0 2 1 1 1 0.542506 0.000000 
5 1 109 2 3 4 4 4 1 0.477301 0.000000 
5 1 110 1 0 0 1 1 1 0.518891 0.000000 
5 1 111 0 1 3 2 2 1 0.534417 0.000000 
5 1 112 1 0 0 1 1 1 0.525237 0.000000 
5 1 113 0 3 1 4 4 1 0.428752 0.000000 
5 1 114 0 0 2 1 1 1 0.512249 0.000000 
5 1 115 1 1 1 2 2 1 0.592454 0.000000 
5 1 116 2 0 5 1 1 1 0.524316 0.000000 
5 1 117 2 0 4 1 1 1 0.515855 0.000000 
5 1 118 2 0 5 1 1 1 0.539875 0.000000 
5 1 119 1 1 1 2 2 1 0.562253 0.000000 
5 1 120 1 0 0 1 1 1 0.552444 0.000000 
5 1 121 0 3 1 4 4 1 0.510655 0.000000 
5 1 122 1 0 0 1 1 1 0.614859 0.000000 
5 1 123 1 1 1 2 2 1 0.619090 0.000000 
5 1 124 1 1 1 2 2 1 0.589605 0.000000 
5 1 125 0 0 2 1 1 1 0.562562 0.000000 
5 1 126 2 1 5 2 2 1 0.568730 0.000000 
5 1 127 2 1 4 2 2 1 0.758292 0.000000 
5 1 128 0 0 2 1 1 1 0.532615 0.000000 
5 1 129 2 3 4 4 4 1 0.523935 0.000000 
5 1 130 2 0 5 1 1 1 0.578975 0.000000 
5 1 131 0 1 3 2 2 1 0.616499 0.000000 
5 1 132 0 1 3 2 2 1 0.475075 0.000000 
5 1 133 2 2 4 3 3 1 0.660610 0.000000 
5 1 134 2 3 5 4 4 1 0.502853 0.000000 
5 1 135 0 1 3 2 2 1 0.543024 0.000000 
5 1 136 1 2 2 3 3 1 0.693843 0.000000 
5 1 137 0 1 3 2 2 1 0.574837 0.000000 
5 1 138 0 1 3 2 2 1 0.636369 0.000000 
5 1 139 1 2 2 3 3 1 0.527256 0.000000 
5 1 140 2 2 5 3 3 1 0.494778 0.000000 
5 1 141 0 3 1 4 4 1 0.502632 0.000000 
5 1 142 1 1 1 2 2 1 0.574804 0.000000 
5 1 143 2 1 4 2 2 1 0.484368 0.000000 
5 1 144 1 2 2 3 4 0 0.525244 0.000000 
5 1 145 1 3 3 4 4 1 0.512556 0.000000 
5 1 146 0 3 1 4 4 1 0.464501 0.000000 
5 1 147 2 1 4 2 3 0 0.522653 0.000000 
5 1 148 1 0 0 1 1 1 0.541312 0.000000 
5 1 149 1 3 3 4 4 1 0.491596 0.000000 
5 1 150 0 2 0 3 3 1 0.516508 0.000000 
5 1 151 2 1 4 2 2 1 0.555927 0.000000 
5 1 152 0 1 3 2 2 1 0.682212 0.000000 
5 1 153 1 0 0 1 1 1 0.531763 0.000000 
5 1 154 2 2 5 3 3 1 0.563296 0.000000 
5 1 155 0 0 2 1 1 1 0.577491 0.000000 
5 1 156 0 2 0 3 3 1 0.567060 0.000000 
5 1 157 0 0 2 1 1 1 0.588646 0.000000 
5 1 158 0 1 3 2 2 1 0.672466 0.000000 
5 1 159 1 2 2 3 3 1 0.625998 0.000000 
5 1 160 1 2 2 3 3 1 0.549605 0.000000 
5 1 161 0 0 2 1 1 1 0.588042 0.000000 
5 1 162 0 2 0 3 3 1 0.680762 0.000000 
5 1 163 0 2 0 3 3 1 0.442374 0.000000 
5 1 164 0 3 1 4 4 1 0.509195 0.000000 
5 1 165 2 0 4 1 1 1 0.604397 0.000000 
5 1 166 2 2 5 3 3 1 0.528564 0.000000 
5 1 167 2 3 4 4 4 1 0.584089 0.000000 
5 1 168 2 3 5 4 4 1 0.461020 0.000000 
5 1 169 0 1 3 2 2 1 0.575202 0.000000 
5 1 170 1 2 2 3 3 1 0.604692 0.000000 
5 1 171 2 0 4 1 1 1 0.512919 0.000000 
5 1 172 0 2 0 3 3 1 0.617090 0.000000 
5 1 173 0 3 1 4 4 1 0.516665 0.000000 
5 1 174 2 0 5 1 1 1 0.572184 0.000000 
5 1 175 0 0 2 1 1 1 0.560808 0.000000 
5 1 176 1 2 2 3 3 1 0.558977 0.000000 
5 1 177 2 0 4 1 1 1 0.477143 0.000000 
5 1 178 1 2 2 3 3 1 0.614678 0.000000 
5 1 179 1 3 3 4 4 1 0.418884 0.000000 
5 1 180 1 2 2 3 3 1 0.566391 0.000000 
5 1 181 0 1 3 2 2 1 0.595969 0.000000 
5 1 182 0 2 0 3 3 1 0.520821 0.000000 
5 1 183 2 1 4 2 2 1 0.583344 0.000000 
5 1 184 2 3 5 4 4 1 0.484189 0.000000 
5 1 185 1 2 2 3 3 1 0.565048 0.000000 
5 1 186 0 2 0 3 3 1 0.523310 0.000000 
5 1 187 2 3 4 4 4 1 0.506744 0.000000 
5 1 188 0 2 0 3 3 1 0.490971 0.000000 
5 1 189 0 3 1 4 4 1 0.531807 0.000000 
5 1 190 1 0 0 1 1 1 0.531387 0.000000 
5 1 191 2 2 4 3 3 1 0.505892 0.000000 
5 1 192 2 1 5 2 2 1 0.602096 0.000000 
