7 1 1 2 1 4 2 2 1 1.655144 0.000000 
7 1 2 0 1 2 2 2 1 0.561217 0.000000 
7 1 3 2 1 4 2 2 1 0.671398 0.000000 
7 1 4 1 3 3 4 4 1 0.584779 0.000000 
7 1 5 2 1 4 2 2 1 0.725175 0.000000 
7 1 6 0 2 3 3 3 1 0.740548 0.000000 
7 1 7 0 0 1 1 1 1 0.673745 0.000000 
7 1 8 1 1 1 2 2 1 0.722864 0.000000 
7 1 9 1 0 0 1 1 1 0.618432 0.000000 
7 1 10 2 0 5 1 1 1 0.845943 0.000000 
7 1 11 1 3 3 4 4 1 0.552883 0.000000 
7 1 12 1 1 1 2 1 0 0.959092 0.000000 
7 1 13 1 3 3 4 4 1 0.513180 0.000000 
7 1 14 2 3 5 4 4 1 0.737057 0.000000 
7 1 15 0 0 1 1 1 1 0.806958 0.000000 
7 1 16 0 3 0 4 4 1 0.699266 0.000000 
7 1 17 1 3 3 4 4 1 0.515970 0.000000 
7 1 18 1 2 2 3 3 1 0.843667 0.000000 
7 1 19 2 0 4 1 1 1 0.694552 0.000000 
7 1 20 1 2 2 3 3 1 0.775474 0.000000 
7 1 21 1 2 2 3 3 1 0.485098 0.000000 
7 1 22 1 0 0 1 1 1 1.004925 0.000000 
7 1 23 2 1 4 2 2 1 0.673265 0.000000 
7 1 24 2 3 5 4 4 1 0.530789 0.000000 
7 1 25 1 0 0 1 1 1 0.850303 0.000000 
7 1 26 1 1 1 2 2 1 0.660537 0.000000 
7 1 27 0 0 1 1 1 1 0.622732 0.000000 
7 1 28 2 2 5 3 3 1 0.802306 0.000000 
7 1 29 1 0 0 1 1 1 0.766589 0.000000 
7 1 30 0 0 1 1 1 1 0.747171 0.000000 
7 1 31 1 1 1 2 2 1 0.658086 0.000000 
7 1 32 1 3 3 4 4 1 0.460322 0.000000 
7 1 33 2 2 4 3 3 1 0.550439 0.000000 
7 1 34 0 0 1 1 1 1 0.620582 0.000000 
7 1 35 0 0 1 1 1 1 0.544122 0.000000 
7 1 36 1 0 0 1 1 1 0.574973 0.000000 
7 1 37 2 2 4 3 3 1 0.628374 0.000000 
7 1 38 0 1 2 2 2 1 0.782961 0.000000 
7 1 39 0 3 0 4 4 1 0.548151 0.000000 
7 1 40 0 3 0 4 4 1 0.578756 0.000000 
7 1 41 1 0 0 1 1 1 0.576272 0.000000 
7 1 42 0 3 0 4 4 1 0.453784 0.000000 
7 1 43 2 2 4 3 3 1 0.599906 0.000000 
7 1 44 0 1 2 2 2 1 0.684083 0.000000 
7 1 45 1 0 0 1 1 1 0.612942 0.000000 
7 1 46 1 0 0 1 1 1 0.873195 0.000000 
7 1 47 2 3 4 4 4 1 0.585778 0.000000 
7 1 48 2 3 5 4 4 1 0.566623 0.000000 
7 1 49 1 1 1 2 2 1 0.620165 0.000000 
7 1 50 1 1 1 2 2 1 0.599695 0.000000 
7 1 51 2 0 4 1 1 1 0.548118 0.000000 
7 1 52 0 3 0 4 4 1 0.506727 0.000000 
7 1 53 0 0 1 1 1 1 0.562850 0.000000 
7 1 54 0 3 0 4 4 1 0.496073 0.000000 
7 1 55 1 2 2 3 3 1 0.592836 0.000000 
7 1 56 1 0 0 1 1 1 0.589695 0.000000 
7 1 57 2 3 4 4 4 1 0.498482 0.000000 
7 1 58 2 1 5 2 2 1 0.611346 0.000000 
7 1 59 1 3 3 4 4 1 0.463538 0.000000 
7 1 60 2 3 5 4 4 1 0.449652 0.000000 
7 1 61 2 1 4 2 2 1 0.635984 0.000000 
7 1 62 2 1 5 2 2 1 0.606677 0.000000 
7 1 63 0 1 2 2 2 1 0.529875 0.000000 
7 1 64 2 1 5 2 2 1 0.481335 0.000000 
7 1 65 1 1 1 2 2 1 0.562813 0.000000 
7 1 66 2 2 5 3 3 1 0.624976 0.000000 
7 1 67 1 2 2 3 3 1 0.508511 0.000000 
7 1 68 2 0 5 1 1 1 0.588660 0.000000 
7 1 69 2 1 4 2 2 1 0.649519 0.000000 
7 1 70 1 0 0 1 1 1 0.555953 0.000000 
7 1 71 2 3 4 4 4 1 0.584976 0.000000 
7 1 72 0 2 3 3 3 1 0.533712 0.000000 
7 1 73 0 1 2 2 2 1 0.764560 0.000000 
7 1 74 1 3 3 4 4 1 0.514818 0.000000 
7 1 75 2 2 4 3 3 1 0.602980 0.000000 
7 1 76 1 2 2 3 3 1 0.503170 0.000000 
7 1 77 2 3 4 4 4 1 0.535299 0.000000 
7 1 78 0 0 1 1 1 1 0.526145 0.000000 
7 1 79 0 0 1 1 1 1 0.525578 0.000000 
7 1 80 0 1 2 2 3 0 1.045022 0.000000 
7 1 81 0 0 1 1 1 1 0.722938 0.000000 
7 1 82 0 1 2 2 2 1 0.626261 0.000000 
7 1 83 2 3 4 4 4 1 0.533798 0.000000 
7 1 84 2 1 5 2 2 1 0.700633 0.000000 
7 1 85 1 2 2 3 3 1 0.716854 0.000000 
7 1 86 2 3 5 4 4 1 0.532411 0.000000 
7 1 87 2 1 4 2 2 1 0.562975 0.000000 
7 1 88 0 0 1 1 1 1 0.577068 0.000000 
7 1 89 0 0 1 1 1 1 0.918618 0.000000 
7 1 90 2 2 5 3 3 1 0.710258 0.000000 
7 1 91 1 1 1 2 2 1 0.638481 0.000000 
7 1 92 2 2 5 3 3 1 0.529322 0.000000 
7 1 93 0 3 0 4 4 1 0.496843 0.000000 
7 1 94 2 2 5 3 3 1 0.585641 0.000000 
7 1 95 2 3 4 4 4 1 0.582497 0.000000 
7 1 96 0 1 2 2 2 1 0.898955 0.000000 
7 1 97 1 1 1 2 2 1 0.619902 0.000000 
7 1 98 0 2 3 3 3 1 0.599462 0.000000 
7 1 99 0 1 2 2 2 1 0.716214 0.000000 
7 1 100 1 2 2 3 3 1 0.595888 0.000000 
7 1 101 2 3 4 4 4 1 0.488784 0.000000 
7 1 102 0 2 3 3 3 1 0.553603 0.000000 
7 1 103 2 0 4 1 1 1 0.623648 0.000000 
7 1 104 2 0 5 1 1 1 0.779296 0.000000 
7 1 105 0 3 0 4 4 1 0.567834 0.000000 
7 1 106 0 3 0 4 4 1 0.453382 0.000000 
7 1 107 2 1 4 2 2 1 0.647521 0.000000 
7 1 108 2 2 5 3 3 1 0.570374 0.000000 
7 1 109 0 3 0 4 4 1 0.487886 0.000000 
7 1 110 0 0 1 1 1 1 0.584691 0.000000 
7 1 111 0 3 0 4 4 1 0.509542 0.000000 
7 1 112 0 3 0 4 4 1 0.469611 0.000000 
7 1 113 1 2 2 3 3 1 0.534185 0.000000 
7 1 114 0 0 1 1 1 1 0.516963 0.000000 
7 1 115 2 1 4 2 2 1 0.708486 0.000000 
7 1 116 2 0 5 1 1 1 0.556712 0.000000 
7 1 117 1 2 2 3 3 1 0.531133 0.000000 
7 1 118 1 0 0 1 1 1 0.514376 0.000000 
7 1 119 2 0 4 1 1 1 0.650532 0.000000 
7 1 120 1 0 0 1 1 1 0.588729 0.000000 
7 1 121 2 3 4 4 4 1 0.585541 0.000000 
7 1 122 0 1 2 2 2 1 0.629433 0.000000 
7 1 123 0 3 0 4 4 1 0.512962 0.000000 
7 1 124 1 0 0 1 1 1 0.505102 0.000000 
7 1 125 0 3 0 4 4 1 0.545267 0.000000 
7 1 126 1 3 3 4 4 1 0.488096 0.000000 
7 1 127 0 0 1 1 1 1 0.600909 0.000000 
7 1 128 1 2 2 3 3 1 0.605074 0.000000 
7 1 129 0 1 2 2 2 1 0.721230 0.000000 
7 1 130 0 2 3 3 3 1 0.655800 0.000000 
7 1 131 0 1 2 2 2 1 0.593982 0.000000 
7 1 132 2 0 5 1 1 1 0.510850 0.000000 
7 1 133 0 2 3 3 3 1 0.591075 0.000000 
7 1 134 1 0 0 1 1 1 0.531886 0.000000 
7 1 135 0 2 3 3 3 1 0.571400 0.000000 
7 1 136 0 0 1 1 1 1 0.768941 0.000000 
7 1 137 1 1 1 2 2 1 0.630493 0.000000 
7 1 138 1 2 2 3 3 1 0.673053 0.000000 
7 1 139 2 3 4 4 4 1 0.530503 0.000000 
7 1 140 1 0 0 1 1 1 0.562035 0.000000 
7 1 141 2 1 4 2 2 1 0.608187 0.000000 
7 1 142 1 3 3 4 3 0 0.452371 0.000000 
7 1 143 1 0 0 1 1 1 0.538332 0.000000 
7 1 144 2 3 5 4 4 1 0.616866 0.000000 
7 1 145 2 2 4 3 3 1 0.540395 0.000000 
7 1 146 1 2 2 3 3 1 0.643240 0.000000 
7 1 147 0 2 3 3 3 1 0.509165 0.000000 
7 1 148 1 0 0 1 1 1 0.493246 0.000000 
7 1 149 1 2 2 3 3 1 0.534126 0.000000 
7 1 150 1 3 3 4 4 1 0.468946 0.000000 
7 1 151 2 2 4 3 3 1 0.526339 0.000000 
7 1 152 2 2 5 3 3 1 0.469898 0.000000 
7 1 153 1 0 0 1 1 1 0.479341 0.000000 
7 1 154 1 0 0 1 1 1 0.664798 0.000000 
7 1 155 1 0 0 1 1 1 0.537969 0.000000 
7 1 156 0 3 0 4 4 1 0.584889 0.000000 
7 1 157 2 1 4 2 2 1 0.637744 0.000000 
7 1 158 2 2 5 3 3 1 0.712595 0.000000 
7 1 159 1 1 1 2 2 1 0.592828 0.000000 
7 1 160 0 1 2 2 2 1 0.493684 0.000000 
7 1 161 0 0 1 1 1 1 0.622500 0.000000 
7 1 162 0 2 3 3 3 1 0.633030 0.000000 
7 1 163 0 2 3 3 3 1 0.755883 0.000000 
7 1 164 2 1 5 2 2 1 0.674149 0.000000 
7 1 165 1 3 3 4 4 1 0.683700 0.000000 
7 1 166 2 1 5 2 2 1 1.884654 0.000000 
7 1 167 2 1 4 2 2 1 0.509948 0.000000 
7 1 168 1 2 2 3 3 1 0.654058 0.000000 
7 1 169 1 2 2 3 3 1 0.680317 0.000000 
7 1 170 2 1 5 2 2 1 0.641839 0.000000 
7 1 171 0 0 1 1 1 1 0.571682 0.000000 
7 1 172 1 2 2 3 3 1 0.569256 0.000000 
7 1 173 1 2 2 3 3 1 0.446755 0.000000 
7 1 174 1 3 3 4 4 1 0.457541 0.000000 
7 1 175 0 2 3 3 3 1 0.587681 0.000000 
7 1 176 2 1 5 2 2 1 0.616520 0.000000 
7 1 177 1 1 1 2 2 1 0.588029 0.000000 
7 1 178 1 3 3 4 4 1 0.560849 0.000000 
7 1 179 1 2 2 3 3 1 0.582067 0.000000 
7 1 180 0 0 1 1 1 1 0.587537 0.000000 
7 1 181 2 1 4 2 2 1 0.592423 0.000000 
7 1 182 0 3 0 4 4 1 0.541286 0.000000 
7 1 183 2 1 4 2 2 1 1.020131 0.000000 
7 1 184 0 3 0 4 4 1 0.511764 0.000000 
7 1 185 2 3 4 4 4 1 0.511966 0.000000 
7 1 186 0 3 0 4 4 1 0.448042 0.000000 
7 1 187 0 2 3 3 3 1 0.562913 0.000000 
7 1 188 2 1 5 2 2 1 0.592053 0.000000 
7 1 189 2 3 4 4 4 1 0.540915 0.000000 
7 1 190 2 1 5 2 2 1 0.635731 0.000000 
7 1 191 0 2 3 3 3 1 0.542606 0.000000 
7 1 192 0 2 3 3 3 1 0.525460 0.000000 
7 1 1 1 2 2 3 3 1 2.095656 0.000000 
7 1 2 2 0 5 1 1 1 0.847462 0.000000 
7 1 3 0 2 3 3 3 1 1.001858 0.000000 
7 1 4 2 3 5 4 4 1 0.662036 0.000000 
7 1 5 1 3 3 4 4 1 0.559757 0.000000 
7 1 6 2 0 5 1 1 1 0.573932 0.000000 
7 1 7 1 1 1 2 2 1 1.227289 0.000000 
7 1 8 0 3 0 4 4 1 0.558559 0.000000 
7 1 9 1 3 3 4 4 1 0.524724 0.000000 
7 1 10 1 2 2 3 3 1 0.603186 0.000000 
7 1 11 2 1 4 2 2 1 0.647435 0.000000 
7 1 12 0 1 2 2 2 1 0.562215 0.000000 
7 1 13 2 2 4 3 3 1 0.624431 0.000000 
7 1 14 1 0 0 1 1 1 0.579966 0.000000 
7 1 15 0 2 3 3 3 1 0.569488 0.000000 
7 1 16 0 2 3 3 3 1 0.551028 0.000000 
7 1 17 0 0 1 1 1 1 0.596215 0.000000 
7 1 18 0 1 2 2 2 1 0.649009 0.000000 
7 1 19 1 3 3 4 4 1 0.531858 0.000000 
7 1 20 0 1 2 2 2 1 0.603364 0.000000 
7 1 21 2 3 4 4 4 1 0.599571 0.000000 
7 1 22 0 2 3 3 3 1 0.563995 0.000000 
7 1 23 2 1 4 2 2 1 0.617936 0.000000 
7 1 24 2 3 5 4 4 1 0.557457 0.000000 
7 1 25 1 0 0 1 1 1 0.627608 0.000000 
7 1 26 2 3 5 4 4 1 0.639160 0.000000 
7 1 27 0 1 2 2 2 1 0.633020 0.000000 
7 1 28 1 2 2 3 3 1 0.724143 0.000000 
7 1 29 0 2 3 3 3 1 0.971493 0.000000 
7 1 30 2 3 5 4 4 1 0.569122 0.000000 
7 1 31 2 1 4 2 2 1 0.654634 0.000000 
7 1 32 1 1 1 2 2 1 0.960873 0.000000 
7 1 33 1 1 1 2 2 1 0.607180 0.000000 
7 1 34 1 0 0 1 1 1 0.554406 0.000000 
7 1 35 2 2 4 3 3 1 0.624560 0.000000 
7 1 36 1 2 2 3 3 1 0.572068 0.000000 
7 1 37 2 1 4 2 2 1 0.761604 0.000000 
7 1 38 1 0 0 1 1 1 0.639836 0.000000 
7 1 39 2 0 4 1 1 1 0.802728 0.000000 
7 1 40 2 2 5 3 3 1 0.574936 0.000000 
7 1 41 0 0 1 1 1 1 0.612492 0.000000 
7 1 42 0 1 2 2 2 1 0.664664 0.000000 
7 1 43 0 2 3 3 3 1 0.673892 0.000000 
7 1 44 0 2 3 3 3 1 0.611403 0.000000 
7 1 45 2 2 4 3 3 1 0.447643 0.000000 
7 1 46 0 1 2 2 2 1 0.626398 0.000000 
7 1 47 2 1 4 2 2 1 0.613943 0.000000 
7 1 48 2 1 5 2 2 1 0.434126 0.000000 
7 1 49 0 2 3 3 3 1 0.684932 0.000000 
7 1 50 2 1 5 2 2 1 0.740895 0.000000 
7 1 51 1 0 0 1 1 1 0.595702 0.000000 
7 1 52 2 0 5 1 1 1 0.760589 0.000000 
7 1 53 2 1 4 2 2 1 0.622783 0.000000 
7 1 54 0 2 3 3 3 1 0.570357 0.000000 
7 1 55 1 2 2 3 3 1 0.543872 0.000000 
7 1 56 1 1 1 2 2 1 0.670703 0.000000 
7 1 57 2 2 4 3 3 1 0.656251 0.000000 
7 1 58 0 3 0 4 4 1 0.578473 0.000000 
7 1 59 0 3 0 4 4 1 0.606968 0.000000 
7 1 60 2 3 5 4 4 1 0.587168 0.000000 
7 1 61 2 2 4 3 3 1 0.647997 0.000000 
7 1 62 0 3 0 4 4 1 0.602890 0.000000 
7 1 63 0 1 2 2 2 1 0.711086 0.000000 
7 1 64 0 0 1 1 1 1 0.735309 0.000000 
7 1 65 1 3 3 4 4 1 0.566222 0.000000 
7 1 66 1 0 0 1 1 1 0.611974 0.000000 
7 1 67 1 3 3 4 4 1 0.614942 0.000000 
7 1 68 1 3 3 4 4 1 0.603146 0.000000 
7 1 69 2 0 4 1 1 1 0.551280 0.000000 
7 1 70 2 3 5 4 4 1 0.589477 0.000000 
7 1 71 0 3 0 4 4 1 0.554303 0.000000 
7 1 72 2 2 5 3 3 1 0.584505 0.000000 
7 1 73 1 2 2 3 3 1 0.605347 0.000000 
7 1 74 1 0 0 1 1 1 0.553528 0.000000 
7 1 75 1 3 3 4 4 1 0.527683 0.000000 
7 1 76 0 3 0 4 4 1 0.534178 0.000000 
7 1 77 2 3 4 4 4 1 0.564995 0.000000 
7 1 78 1 3 3 4 4 1 0.651204 0.000000 
7 1 79 1 2 2 3 3 1 0.573420 0.000000 
7 1 80 2 0 5 1 1 1 0.578886 0.000000 
7 1 81 2 1 4 2 2 1 0.664419 0.000000 
7 1 82 2 3 5 4 4 1 0.554624 0.000000 
7 1 83 0 3 0 4 4 1 0.600803 0.000000 
7 1 84 0 1 2 2 2 1 0.692002 0.000000 
7 1 85 0 0 1 1 1 1 0.732868 0.000000 
7 1 86 2 0 5 1 1 1 0.612021 0.000000 
7 1 87 2 3 4 4 4 1 0.607996 0.000000 
7 1 88 0 0 1 1 1 1 0.548180 0.000000 
7 1 89 0 0 1 1 1 1 0.579023 0.000000 
7 1 90 1 3 3 4 4 1 0.552495 0.000000 
7 1 91 0 2 3 3 3 1 0.606667 0.000000 
7 1 92 0 3 0 4 4 1 0.641902 0.000000 
7 1 93 1 0 0 1 1 1 0.628746 0.000000 
7 1 94 2 0 5 1 1 1 0.544262 0.000000 
7 1 95 2 2 4 3 3 1 0.559119 0.000000 
7 1 96 1 2 2 3 3 1 0.645290 0.000000 
7 1 97 2 0 4 1 1 1 0.688166 0.000000 
7 1 98 0 0 1 1 1 1 0.601017 0.000000 
7 1 99 1 3 3 4 4 1 0.525218 0.000000 
7 1 100 1 1 1 2 2 1 0.668733 0.000000 
7 1 101 0 2 3 3 3 1 0.629228 0.000000 
7 1 102 1 1 1 2 2 1 0.584807 0.000000 
7 1 103 2 3 4 4 4 1 0.533651 0.000000 
7 1 104 1 1 1 2 2 1 0.636465 0.000000 
7 1 105 1 3 3 4 4 1 0.511348 0.000000 
7 1 106 0 1 2 2 2 1 0.655500 0.000000 
7 1 107 1 1 1 2 2 1 0.497709 0.000000 
7 1 108 0 0 1 1 1 1 0.602521 0.000000 
7 1 109 2 2 4 3 3 1 0.605679 0.000000 
7 1 110 0 2 3 3 3 1 0.625902 0.000000 
7 1 111 0 0 1 1 1 1 0.549430 0.000000 
7 1 112 2 1 5 2 2 1 0.612092 0.000000 
7 1 113 0 2 3 3 3 1 0.575762 0.000000 
7 1 114 0 0 1 1 1 1 0.597293 0.000000 
7 1 115 1 3 3 4 4 1 0.738160 0.000000 
7 1 116 1 0 0 1 1 1 0.529038 0.000000 
7 1 117 2 1 4 2 2 1 0.871542 0.000000 
7 1 118 2 3 5 4 4 1 0.513173 0.000000 
7 1 119 1 1 1 2 2 1 0.601326 0.000000 
7 1 120 1 3 3 4 4 1 0.461517 0.000000 
7 1 121 2 2 4 3 3 1 0.519653 0.000000 
7 1 122 1 2 2 3 3 1 0.552883 0.000000 
7 1 123 0 0 1 1 1 1 0.573310 0.000000 
7 1 124 0 2 3 3 3 1 0.546799 0.000000 
7 1 125 0 3 0 4 4 1 0.529650 0.000000 
7 1 126 1 2 2 3 4 0 0.520076 0.000000 
7 1 127 2 0 4 1 1 1 0.619655 0.000000 
7 1 128 1 1 1 2 2 1 0.766711 0.000000 
7 1 129 1 0 0 1 1 1 0.612303 0.000000 
7 1 130 0 0 1 1 1 1 0.656490 0.000000 
7 1 131 2 1 4 2 2 1 1.106727 0.000000 
7 1 132 2 3 5 4 4 1 0.627049 0.000000 
7 1 133 0 1 2 2 2 1 0.589609 0.000000 
7 1 134 2 2 5 3 3 1 0.842465 0.000000 
7 1 135 1 0 0 1 1 1 0.541403 0.000000 
7 1 136 2 0 5 1 1 1 0.612238 0.000000 
7 1 137 2 3 4 4 4 1 0.616430 0.000000 
7 1 138 2 0 5 1 1 1 0.539971 0.000000 
7 1 139 2 2 4 3 3 1 0.666751 0.000000 
7 1 140 2 2 5 3 3 1 0.668337 0.000000 
7 1 141 0 0 1 1 1 1 0.684920 0.000000 
7 1 142 0 1 2 2 2 1 0.749746 0.000000 
7 1 143 0 0 1 1 1 1 0.748015 0.000000 
7 1 144 2 1 5 2 2 1 0.658953 0.000000 
7 1 145 2 1 4 2 2 1 0.509173 0.000000 
7 1 146 2 2 5 3 3 1 0.581306 0.000000 
7 1 147 2 2 4 3 3 1 0.714813 0.000000 
7 1 148 2 0 5 1 1 1 0.595039 0.000000 
7 1 149 1 3 3 4 4 1 0.607906 0.000000 
7 1 150 1 2 2 3 3 1 0.619068 0.000000 
7 1 151 0 3 0 4 4 1 0.598625 0.000000 
7 1 152 1 2 2 3 3 1 0.595485 0.000000 
7 1 153 1 2 2 3 3 1 0.576329 0.000000 
7 1 154 1 1 1 2 2 1 0.661843 0.000000 
7 1 155 2 1 4 2 2 1 0.559980 0.000000 
7 1 156 1 0 0 1 1 1 0.590220 0.000000 
7 1 157 1 0 0 1 1 1 0.587079 0.000000 
7 1 158 1 1 1 2 2 1 0.654902 0.000000 
7 1 159 1 1 1 2 2 1 0.561140 0.000000 
7 1 160 1 0 0 1 1 1 0.543297 0.000000 
7 1 161 1 0 0 1 1 1 0.526137 0.000000 
7 1 162 0 1 2 2 2 1 0.645621 0.000000 
7 1 163 2 3 4 4 4 1 0.584416 0.000000 
7 1 164 1 1 1 2 2 1 0.669352 0.000000 
7 1 165 0 0 1 1 1 1 0.670900 0.000000 
7 1 166 1 3 3 4 4 1 0.535431 0.000000 
7 1 167 2 3 4 4 4 1 0.622271 0.000000 
7 1 168 1 2 2 3 3 1 0.553803 0.000000 
7 1 169 1 1 1 2 2 1 0.607963 0.000000 
7 1 170 0 0 1 1 1 1 0.604166 0.000000 
7 1 171 2 1 4 2 2 1 0.712347 0.000000 
7 1 172 0 3 0 4 4 1 0.584579 0.000000 
7 1 173 2 1 4 2 2 1 0.589437 0.000000 
7 1 174 1 3 3 4 4 1 0.522258 0.000000 
7 1 175 0 1 2 2 2 1 0.640770 0.000000 
7 1 176 0 1 2 2 2 1 0.571647 0.000000 
7 1 177 0 3 0 4 4 1 0.561164 0.000000 
7 1 178 2 2 5 3 3 1 0.527324 0.000000 
7 1 179 0 3 0 4 4 1 0.526803 0.000000 
7 1 180 2 2 5 3 3 1 0.550302 0.000000 
7 1 181 1 0 0 1 1 1 0.660479 0.000000 
7 1 182 1 0 0 1 1 1 0.510687 0.000000 
7 1 183 1 1 1 2 2 1 0.653789 0.000000 
7 1 184 2 0 5 1 1 1 0.680031 0.000000 
7 1 185 0 2 3 3 3 1 0.529594 0.000000 
7 1 186 0 0 1 1 1 1 0.569082 0.000000 
7 1 187 1 3 3 4 4 1 0.526578 0.000000 
7 1 188 0 1 2 2 2 1 0.686071 0.000000 
7 1 189 0 3 0 4 4 1 0.574983 0.000000 
7 1 190 0 2 3 3 3 1 0.588506 0.000000 
7 1 191 0 2 3 3 3 1 0.544264 0.000000 
7 1 192 0 3 0 4 4 1 0.575170 0.000000 
