21 1 0 0 0 0 1 1 1 1 1 1914    1 
21 1 0 3 3 3 1 1 4 4 1 1069    1 
21 1 0 0 3 3 1 0 4 4 1  793    1 
21 1 0 0 3 3 1 0 4 4 1  545    1 
21 1 0 0 3 3 0 0 4 4 1  506    1 
21 1 0 1 0 0 0 0 1 1 1  989    1 
21 1 1 3 2 2 1 0 4 4 1 2132    1 
21 1 0 0 3 3 1 0 4 4 1 1246    1 
21 1 0 0 3 3 0 0 4 4 1  611    1 
21 1 0 0 0 3 0 1 1 1 1 1746    1 
21 1 0 0 3 3 0 0 4 4 1  852    1 
21 1 1 3 2 2 1 0 4 4 1 1313    1 
21 1 0 0 0 0 1 1 1 1 1 1019    1 
21 1 1 1 1 1 1 1 2 2 1 2338    1 
21 1 1 0 3 3 1 0 1 1 1 1571    0 
21 1 0 0 0 3 0 1 1 1 1  931    1 
21 1 0 0 0 3 0 1 1 1 1  774    1 
21 1 0 2 2 2 1 1 3 3 1 1486    1 
21 1 1 1 0 0 0 0 2 2 1 1817    1 
21 1 0 1 0 0 0 0 1 1 1 1688    1 
21 1 1 0 0 3 0 1 1 2 0 1907    1 
21 1 0 0 0 0 1 1 1 1 1 1428    1 
21 1 1 2 1 1 0 0 3 3 1 2210    1 
21 1 0 2 2 2 1 1 3 3 1  745    1 
21 1 1 1 0 0 1 0 2 2 1 1163    1 
21 1 0 1 0 0 1 0 1 1 1 1020    1 
21 1 1 2 2 1 0 1 3 3 1 1890    1 
21 1 0 3 3 3 1 1 4 4 1 1277    1 
21 1 0 2 1 1 0 0 2 2 1 2073    1 
21 1 0 0 0 3 0 1 1 1 1 1038    1 
21 1 0 2 2 1 0 1 3 3 1 1323    1 
21 1 1 2 2 1 0 1 3 3 1 1381    1 
21 1 0 0 0 3 0 1 1 1 1 1046    1 
21 1 0 3 2 2 0 0 3 3 1 1627    1 
21 1 0 1 1 0 0 1 2 2 1 2137    1 
21 1 0 0 3 3 0 0 4 4 1  891    1 
21 1 0 1 1 0 0 1 2 2 1 1302    1 
21 1 0 3 3 3 1 1 4 4 1  817    1 
21 1 0 1 1 0 0 1 2 2 1  703    1 
21 1 0 2 1 1 0 0 2 2 1  922    1 
21 1 1 1 0 0 1 0 2 2 1 1572    1 
21 1 0 1 0 0 1 0 1 1 1  877    0 
21 1 0 3 2 2 1 0 3 3 1  985   30 
21 1 1 1 1 0 0 1 2 2 1 1888    1 
21 1 0 2 2 1 0 1 3 3 1 1452    1 
21 1 0 1 1 0 0 1 2 2 1 1113    1 
21 1 0 3 3 3 1 1 4 4 1  628    1 
21 1 0 0 0 0 1 1 1 1 1  722    1 
21 1 0 3 3 3 1 1 4 4 1  524    1 
21 1 0 0 3 3 1 0 4 4 1  446    1 
21 1 1 2 2 2 1 1 3 2 0 1315    1 
21 1 0 1 1 1 1 1 2 2 1 1028    1 
21 1 0 1 1 0 0 1 2 2 1 1650    1 
21 1 1 0 3 3 0 0 1 1 1 1511    1 
21 1 1 3 2 2 0 0 4 4 1 1482    1 
21 1 1 1 1 1 1 1 2 2 1 1470    1 
21 1 0 1 0 0 0 0 1 1 1 1362    1 
21 1 0 3 2 2 1 0 3 3 1  963    1 
21 1 0 1 1 0 0 1 2 2 1  988    1 
21 1 0 0 3 3 0 0 4 4 1  795    1 
21 1 0 1 1 1 1 1 2 3 0  859    1 
21 1 0 0 0 0 1 1 1 1 1  757    1 
21 1 0 3 2 2 1 0 3 2 0  878    1 
21 1 0 2 2 2 1 1 3 3 1  816    1 
21 1 0 1 0 0 0 0 1 1 1 1807    0 
21 1 1 3 2 2 1 0 4 4 1 1374    1 
21 1 1 1 1 0 0 1 2 2 1 2350    1 
21 1 0 3 2 2 1 0 3 3 1  599   37 
21 1 0 1 0 0 1 0 1 1 1 1205    1 
21 1 0 3 2 2 1 0 3 3 1 1132    1 
21 1 0 2 1 1 0 0 2 2 1  902    1 
21 1 1 1 0 0 0 0 2 2 1 1681    1 
21 1 0 3 3 3 1 1 4 4 1  693    1 
21 1 0 2 1 1 1 0 2 2 1  976    1 
21 1 1 3 3 2 0 1 4 4 1 1929    1 
21 1 0 2 1 1 1 0 2 2 1 1163    1 
21 1 1 0 3 3 0 0 1 1 1 1652    1 
21 1 0 0 3 3 1 0 4 4 1 1169    1 
21 1 0 2 2 2 1 1 3 3 1 1457    1 
21 1 0 0 0 3 0 1 1 1 1  934    1 
21 1 0 1 1 1 1 1 2 2 1  799    1 
21 1 0 2 1 1 1 0 2 2 1  726    0 
21 1 0 1 0 0 0 0 1 1 1  784    0 
21 1 0 0 3 3 1 0 4 4 1  808    1 
21 1 0 3 3 3 1 1 4 4 1  502    1 
21 1 1 0 3 3 1 0 1 1 1 1033    0 
21 1 1 3 2 2 0 0 4 4 1 1063    1 
21 1 0 3 3 3 1 1 4 4 1  611    1 
21 1 0 1 0 0 1 0 1 1 1  730    1 
21 1 0 3 3 2 0 1 4 1 0  948    1 
21 1 0 2 1 1 1 0 2 2 1 1411    1 
21 1 0 1 0 0 0 0 1 1 1  946    1 
21 1 0 3 3 2 0 1 4 4 1  964    1 
21 1 0 3 2 2 0 0 3 3 1 1332    1 
21 1 0 2 2 1 0 1 3 3 1  750    1 
21 1 0 2 2 1 0 1 3 3 1  543    1 
21 1 1 3 3 2 0 1 4 4 1 1120    1 
21 1 0 3 2 2 0 0 3 3 1 1498    1 
21 1 0 0 3 3 1 0 4 4 1 1389    1 
21 1 0 2 2 2 1 1 3 3 1  885    1 
21 1 0 2 2 1 0 1 3 3 1  776    1 
21 1 1 3 3 3 1 1 4 4 1 1201    1 
21 1 1 0 3 3 1 0 1 1 1 1439    1 
21 1 1 2 2 2 1 1 3 3 1 1701    1 
21 1 0 0 0 0 1 1 1 1 1  680    1 
21 1 0 0 3 3 1 0 4 4 1 1108    1 
21 1 1 3 2 2 1 0 4 4 1 1487    1 
21 1 0 0 0 0 1 1 1 1 1  642    1 
21 1 0 2 1 1 1 0 2 2 1 1072    1 
21 1 0 0 0 0 1 1 1 1 1  692    1 
21 1 0 1 1 1 1 1 2 2 1 1111    1 
21 1 1 3 3 3 1 1 4 4 1  826    1 
21 1 0 3 3 2 0 1 4 4 1  704    0 
21 1 0 0 0 3 0 1 1 1 1 1155    1 
21 1 0 2 1 1 1 0 2 2 1  884    1 
21 1 1 1 1 0 0 1 2 2 1 1640    1 
21 1 0 0 3 3 1 0 4 4 1 1141    1 
21 1 0 3 2 2 0 0 3 3 1  847    0 
21 1 0 3 2 2 1 0 3 3 1  644    1 
21 1 1 2 1 1 0 0 3 3 1 1218    1 
21 1 0 2 2 2 1 1 3 3 1  672    1 
21 1 0 2 2 1 0 1 3 3 1  756    1 
21 1 0 0 3 3 0 0 4 4 1  781    0 
21 1 0 0 3 3 0 0 4 4 1  669    1 
21 1 0 1 0 0 0 0 1 1 1 1121    1 
21 1 0 1 0 0 1 0 1 1 1  499    1 
21 1 1 3 2 2 0 0 4 4 1 1006    1 
21 1 0 2 1 1 1 0 2 2 1 1773    1 
21 1 1 1 1 1 1 1 2 2 1  933    1 
21 1 0 2 2 2 1 1 3 3 1  607    0 
21 1 0 1 0 0 1 0 1 1 1  645    0 
21 1 0 0 0 3 0 1 1 1 1  619    1 
21 1 0 2 1 1 1 0 2 2 1 1433    1 
21 1 0 1 0 0 0 0 1 1 1  631    1 
21 1 0 2 1 1 1 0 2 2 1  821    1 
21 1 0 1 1 0 0 1 2 2 1 1003    1 
21 1 0 1 0 0 0 0 1 1 1  602    0 
21 1 0 0 0 3 0 1 1 1 1  688    1 
21 1 0 3 2 2 1 0 3 3 1 1132    1 
21 1 0 2 2 1 0 1 3 3 1  637    0 
21 1 0 1 1 1 1 1 2 2 1  811    1 
21 1 1 0 3 3 0 0 1 1 1 1386    1 
21 1 0 3 2 2 1 0 3 3 1  985    1 
21 1 0 2 1 1 1 0 2 2 1  769    1 
21 1 0 2 2 1 0 1 3 3 1  745    1 
21 1 1 2 2 1 0 1 3 3 1 1386    1 
21 1 0 1 1 0 0 1 2 2 1  882    1 
21 1 0 1 1 1 1 1 2 2 1  533    1 
21 1 0 2 2 1 0 1 3 3 1  647    1 
21 1 0 1 1 1 1 1 2 2 1  476    1 
21 1 0 1 0 0 1 0 1 1 1  880    1 
21 1 1 2 2 1 0 1 3 3 1 1229    0 
21 1 1 1 1 0 0 1 2 2 1  707    1 
21 1 1 2 2 2 1 1 3 3 1  918    1 
21 1 0 3 3 2 0 1 4 4 1  944    1 
21 1 1 3 2 2 1 0 4 4 1 2025    1 
21 1 1 3 3 2 0 1 4 4 1  664    1 
21 1 0 0 0 0 1 1 1 1 1  756    1 
21 1 0 2 1 1 0 0 2 2 1  757    1 
21 1 0 1 0 0 1 0 1 1 1 1590    1 
21 1 0 0 3 3 0 0 4 4 1  822    1 
21 1 1 2 2 1 0 1 3 3 1 1044    1 
21 1 0 3 3 3 1 1 4 4 1  961    1 
21 1 0 3 2 2 1 0 3 2 0 1242    1 
21 1 1 1 0 0 0 0 2 1 0  942    1 
21 1 0 0 3 3 1 0 4 4 1 1893    1 
21 1 0 3 2 2 1 0 3 3 1  985    1 
21 1 0 2 1 1 1 0 2 2 1  912    1 
21 1 0 1 0 0 0 0 1 1 1 1147    1 
21 1 1 0 0 0 1 1 1 1 1 1028    0 
21 1 0 2 2 1 0 1 3 3 1  795    1 
21 1 0 3 3 2 0 1 4 4 1 1602    1 
21 1 0 3 2 2 0 0 3 3 1  905    0 
21 1 0 0 0 0 1 1 1 1 1 1132    1 
21 1 0 3 2 2 0 0 3 3 1  998    1 
21 1 0 2 1 1 0 0 2 2 1 2462    1 
21 1 0 0 3 3 1 0 4 4 1  730    1 
21 1 0 2 1 1 0 0 2 3 0  789    1 
21 1 0 1 0 0 0 0 1 1 1  802    0 
21 1 1 0 3 3 0 0 1 1 1 1257    1 
21 1 0 2 1 1 0 0 2 3 0 2030    1 
21 1 0 2 2 1 0 1 3 3 1 1306    1 
21 1 1 3 2 2 1 0 4 4 1 1461    1 
21 1 1 1 1 0 0 1 2 2 1 2098    1 
21 1 1 1 0 0 1 0 2 2 1 1253    1 
21 1 0 3 3 3 1 1 4 4 1 1042    1 
21 1 0 3 3 2 0 1 4 4 1  656    1 
21 1 0 3 3 3 1 1 4 4 1  965    1 
21 1 0 3 3 2 0 1 4 4 1 1445    1 
21 1 0 2 2 1 0 1 3 2 0  931    1 
21 1 1 2 2 1 0 1 3 3 1  659    1 
21 1 0 0 0 3 0 1 1 1 1 1048    0 
21 2 1 3 0 1 0 0 4 4 1 2182    1 
21 2 0 0 0 2 0 1 1 1 1 2286    1 
21 2 0 1 2 3 0 0 3 3 1 1330    1 
21 2 0 1 1 3 0 1 2 2 1  996    1 
21 2 0 3 3 1 0 1 4 4 1  755    1 
21 2 0 0 1 1 1 0 2 2 1 1148    1 
21 2 1 1 1 3 0 1 2 2 1 1206    1 
21 2 0 3 3 1 0 1 4 4 1  844    1 
21 2 1 1 1 3 0 1 2 2 1 1218    1 
21 2 1 0 1 1 1 0 1 1 1 1584    1 
21 2 1 0 1 2 0 0 1 1 1 1104    1 
21 2 0 3 0 1 0 0 1 1 1  955    1 
21 2 0 1 1 3 0 1 2 2 1 1067    1 
21 2 0 2 3 3 1 0 4 4 1  960    1 
21 2 1 0 0 0 1 1 1 1 1  984    1 
21 2 0 3 0 0 1 0 1 1 1  912    1 
21 2 0 0 1 1 1 0 2 2 1  963    1 
21 2 0 2 2 2 1 1 3 3 1  716    1 
21 2 0 3 0 1 0 0 1 1 1  910    1 
21 2 0 2 2 0 0 1 3 3 1  944    1 
21 2 0 1 2 3 0 0 3 3 1  682    1 
21 2 0 3 3 3 1 1 4 4 1  709    1 
21 2 0 2 2 0 0 1 3 3 1 1408    1 
21 2 1 1 1 1 1 1 2 2 1  903    1 
21 2 0 1 1 1 1 1 2 2 1  506    1 
21 2 1 3 0 1 0 0 4 4 1 1181    1 
21 2 0 2 3 3 1 0 4 4 1  781    1 
21 2 1 0 0 0 1 1 1 1 1 1085    1 
21 2 0 3 3 1 0 1 4 3 0  785    1 
21 2 0 1 1 1 1 1 2 2 1 2078    1 
21 2 0 3 3 3 1 1 4 4 1  690    1 
21 2 0 1 1 1 1 1 2 2 1 1318    1 
21 2 0 0 0 2 0 1 1 1 1  872    1 
21 2 0 2 3 0 0 0 4 4 1 1092    1 
21 2 0 1 2 3 0 0 3 3 1 1792    1 
21 2 0 2 2 0 0 1 3 3 1  711    0 
21 2 0 1 1 3 0 1 2 2 1 1362    1 
21 2 0 1 1 1 1 1 2 2 1  531    1 
21 2 0 2 2 2 1 1 3 3 1  757    1 
21 2 1 3 3 1 0 1 4 4 1  926    1 
21 2 0 1 1 1 1 1 2 2 1  848    1 
21 2 1 0 0 2 0 1 1 1 1  894    1 
21 2 0 1 2 3 0 0 3 3 1 1257    1 
21 2 0 0 1 2 0 0 2 2 1  966    1 
21 2 1 1 1 3 0 1 2 2 1 1030    1 
21 2 0 0 0 0 1 1 1 1 1  772    1 
21 2 0 0 1 1 1 0 2 2 1 1956    1 
21 2 1 2 3 0 0 0 3 3 1 1469    1 
21 2 0 3 0 0 1 0 1 1 1 1329    1 
21 2 0 1 2 2 1 0 3 3 1 1380    1 
21 2 0 2 3 3 1 0 4 4 1  764    1 
21 2 0 2 3 0 0 0 4 4 1  653    1 
21 2 0 0 1 2 0 0 2 2 1 1433    1 
21 2 0 3 0 1 0 0 1 1 1  831    1 
21 2 0 0 0 0 1 1 1 1 1  573    1 
21 2 1 3 3 1 0 1 4 4 1 1013    1 
21 2 0 3 3 1 0 1 4 4 1  484    1 
21 2 0 3 3 3 1 1 4 4 1  504    1 
21 2 0 2 3 3 1 0 4 4 1  890    0 
21 2 0 3 0 0 1 0 1 1 1  590    1 
21 2 0 0 1 2 0 0 2 2 1 1101    0 
21 2 0 0 1 2 0 0 2 1 0  520    1 
21 2 1 2 2 0 0 1 3 3 1 1832    1 
21 2 0 0 1 1 1 0 2 2 1 2046    1 
21 2 0 3 3 1 0 1 4 4 1  683    1 
21 2 0 1 2 2 1 0 3 3 1 1095    1 
21 2 1 2 2 0 0 1 3 3 1 1130    1 
21 2 1 3 0 1 0 0 4 4 1  989    1 
21 2 0 2 2 0 0 1 3 3 1 2516    1 
21 2 0 2 3 3 1 0 4 4 1  870    1 
21 2 0 0 0 2 0 1 1 1 1  931    1 
21 2 0 1 2 3 0 0 3 3 1 1541    1 
21 2 0 3 0 0 1 0 1 1 1 1886    1 
21 2 0 2 3 0 0 0 4 4 1  762    1 
21 2 0 3 3 1 0 1 4 4 1  635    1 
21 2 0 0 1 2 0 0 2 2 1 1352    1 
21 2 1 2 2 2 1 1 3 3 1 1049    1 
21 2 1 1 2 2 1 0 2 2 1 2158    1 
21 2 1 3 3 1 0 1 4 4 1 1271    1 
21 2 1 3 0 1 0 0 4 4 1  787    1 
21 2 0 0 1 1 1 0 2 2 1 1442    1 
21 2 0 3 0 1 0 0 1 1 1  968    1 
21 2 0 3 3 1 0 1 4 4 1  904    1 
21 2 0 2 3 0 0 0 4 4 1  723    1 
21 2 0 2 3 3 1 0 4 4 1  629    1 
21 2 1 0 0 2 0 1 1 1 1  867    0 
21 2 0 2 2 2 1 1 3 3 1  823    1 
21 2 0 3 0 0 1 0 1 1 1  806    1 
21 2 0 1 2 2 1 0 3 3 1  836    1 
21 2 0 1 2 3 0 0 3 3 1  714    1 
21 2 1 3 3 1 0 1 4 4 1  709    1 
21 2 0 2 3 0 0 0 4 4 1  648    1 
21 2 0 1 2 3 0 0 3 3 1 1149    1 
21 2 0 1 1 1 1 1 2 2 1  830    1 
21 2 0 1 2 2 1 0 3 3 1  764    1 
21 2 0 3 3 3 1 1 4 4 1  621    1 
21 2 1 1 1 1 1 1 2 2 1 1523    1 
21 2 0 0 0 2 0 1 1 1 1  741    1 
21 2 0 0 0 0 1 1 1 1 1  687    1 
21 2 0 0 1 2 0 0 2 3 0 1058    1 
21 2 1 2 2 2 1 1 3 3 1 1261    1 
21 2 1 2 3 3 1 0 3 3 1 1306    0 
21 2 0 3 3 3 1 1 4 4 1  661    1 
21 2 0 3 0 1 0 0 1 1 1 1241    1 
21 2 0 1 2 3 0 0 3 3 1  719    1 
21 2 1 1 2 3 0 0 2 2 1 1825    1 
21 2 1 0 0 2 0 1 1 1 1 1039    1 
21 2 0 1 1 1 1 1 2 2 1 1021    0 
21 2 1 0 1 2 0 0 1 1 1 1355    1 
21 2 0 3 0 1 0 0 1 2 0  804    1 
21 2 1 0 1 1 1 0 1 1 1 1441    1 
21 2 0 1 1 3 0 1 2 2 1 1006    1 
21 2 0 1 1 1 1 1 2 2 1  589    1 
21 2 0 1 1 1 1 1 2 2 1  501    1 
21 2 1 1 2 3 0 0 2 2 1 1303    1 
21 2 0 2 2 2 1 1 3 3 1 1546    1 
21 2 0 1 2 2 1 0 3 3 1  444    1 
21 2 0 1 2 2 1 0 3 3 1  425    1 
21 2 0 3 3 3 1 1 4 4 1  543    1 
21 2 0 1 2 3 0 0 3 3 1  809    1 
21 2 1 0 1 1 1 0 1 1 1  968    1 
21 2 1 2 3 0 0 0 3 4 0 1672    1 
21 2 0 2 2 0 0 1 3 3 1 1210    1 
21 2 1 3 0 0 1 0 4 4 1 1385    1 
21 2 1 1 2 2 1 0 2 2 1 1112    1 
21 2 0 1 1 3 0 1 2 2 1 1291    1 
21 2 1 2 2 0 0 1 3 3 1 1743    1 
21 2 0 2 2 0 0 1 3 3 1  480    1 
21 2 1 2 2 2 1 1 3 3 1  677    1 
21 2 0 0 0 2 0 1 1 1 1  681    1 
21 2 0 1 2 2 1 0 3 3 1 1005    1 
21 2 0 2 3 3 1 0 4 4 1  740    1 
21 2 0 3 0 1 0 0 1 2 0  693    0 
21 2 0 3 3 3 1 1 4 4 1  711    1 
21 2 0 3 3 3 1 1 4 4 1  513    1 
21 2 0 3 3 3 1 1 4 4 1  588    1 
21 2 1 3 0 1 0 0 4 4 1 1420    1 
21 2 0 0 0 0 1 1 1 1 1  858    1 
21 2 0 1 1 1 1 1 2 2 1 1599    1 
21 2 0 0 0 0 1 1 1 1 1  638    1 
21 2 0 2 2 2 1 1 3 3 1  851    1 
21 2 0 3 0 1 0 0 1 1 1 1072   46 
21 2 0 2 3 3 1 0 4 4 1  772    1 
21 2 0 2 2 2 1 1 3 3 1 1580    0 
21 2 0 0 0 2 0 1 1 1 1  684    1 
21 2 0 2 2 2 1 1 3 3 1  928    1 
21 2 0 3 0 1 0 0 1 1 1  786    1 
21 2 0 0 1 1 1 0 2 2 1 1201    1 
21 2 0 0 0 2 0 1 1 1 1  656    1 
21 2 0 0 0 0 1 1 1 1 1  501    1 
21 2 0 2 3 3 1 0 4 4 1  616    1 
21 2 1 2 3 0 0 0 3 3 1 1446    1 
21 2 0 2 3 3 1 0 4 4 1  588    1 
21 2 1 2 3 3 1 0 3 3 1  939    1 
21 2 1 3 0 1 0 0 4 4 1 1189    1 
21 2 0 2 2 2 1 1 3 3 1  812    1 
21 2 0 3 3 3 1 1 4 4 1  651    1 
21 2 0 3 3 1 0 1 4 4 1  712    1 
21 2 1 2 2 2 1 1 3 3 1  931    1 
21 2 0 1 2 2 1 0 3 3 1  589    1 
21 2 1 3 3 3 1 1 4 4 1  772    1 
21 2 0 1 2 2 1 0 3 3 1  644    1 
21 2 0 0 1 2 0 0 2 2 1 1114    1 
21 2 0 2 2 0 0 1 3 3 1 1397    1 
21 2 0 2 3 3 1 0 4 4 1  492    1 
21 2 0 1 1 3 0 1 2 2 1  816    1 
21 2 0 2 3 3 1 0 4 4 1  742    1 
21 2 0 0 1 2 0 0 2 2 1  615    1 
21 2 0 1 1 3 0 1 2 2 1  677    1 
21 2 0 2 2 2 1 1 3 4 0  562    1 
21 2 0 3 3 1 0 1 4 4 1  736    1 
21 2 1 1 1 3 0 1 2 3 0  914    1 
21 2 1 0 1 2 0 0 1 1 1 1355    0 
21 2 1 0 0 0 1 1 1 1 1 1020    1 
21 2 0 0 0 0 1 1 1 1 1  530    1 
21 2 0 2 2 2 1 1 3 3 1 1156    1 
21 2 0 0 1 2 0 0 2 2 1 1493    1 
21 2 1 2 3 3 1 0 3 4 0  840    1 
21 2 0 0 0 2 0 1 1 1 1  948    1 
21 2 0 0 1 1 1 0 2 2 1 1509    1 
21 2 1 3 0 0 1 0 4 4 1 1440    1 
21 2 0 0 1 1 1 0 2 2 1 1806    1 
21 2 0 1 2 2 1 0 3 3 1 2669    1 
21 2 0 1 2 2 1 0 3 3 1  513    1 
21 2 0 0 0 2 0 1 1 1 1  868    1 
21 2 0 0 0 0 1 1 1 1 1  608    1 
21 2 0 0 1 1 1 0 2 2 1 1519    1 
21 2 0 0 0 2 0 1 1 1 1  713    1 
21 2 0 3 0 1 0 0 1 1 1  900    1 
21 2 0 1 1 3 0 1 2 2 1  926   77 
21 2 0 2 3 0 0 0 4 4 1  849    1 
21 2 0 3 0 0 1 0 1 1 1  797    1 
21 3 0 3 3 0 0 1 4 4 1 1695    1 
21 3 0 0 3 3 1 0 4 4 1  611    1 
21 3 1 2 2 3 0 1 3 3 1 1938    2 
21 3 1 3 3 0 0 1 4 4 1  779    1 
21 3 1 2 2 3 0 1 3 3 1  867    1 
21 3 0 1 1 1 1 1 2 2 1 1159    1 
21 3 1 1 0 2 0 0 2 1 0  816    1 
21 3 0 3 2 0 0 0 3 3 1 2636    1 
21 3 1 3 2 2 1 0 4 4 1 1210    1 
21 3 0 2 2 2 1 1 3 3 1 1033    1 
21 3 0 0 3 3 1 0 4 4 1 1014    1 
21 3 1 2 1 3 0 0 3 3 1 1269    1 
21 3 0 3 3 0 0 1 4 4 1  706    1 
21 3 0 3 3 0 0 1 4 4 1  540    1 
21 3 0 1 0 2 0 0 1 1 1 1518    1 
21 3 0 3 2 2 1 0 3 3 1 1216    1 
21 3 1 0 0 1 0 1 1 1 1 1006    1 
21 3 1 2 2 2 1 1 3 3 1 1573    1 
21 3 0 2 2 3 0 1 3 3 1 1093    0 
21 3 1 1 1 1 1 1 2 2 1 2009    1 
21 3 0 1 0 2 0 0 1 1 1  800    1 
21 3 0 0 3 1 0 0 4 4 1 1118    1 
21 3 1 0 0 0 1 1 1 1 1  945    1 
21 3 0 2 1 1 1 0 2 2 1 1138    0 
21 3 0 3 2 0 0 0 3 3 1 1116    1 
21 3 0 3 3 0 0 1 4 4 1  822    1 
21 3 0 1 0 0 1 0 1 1 1 1244    0 
21 3 1 2 2 2 1 1 3 3 1 2522    1 
21 3 0 2 2 2 1 1 3 3 1  908    1 
21 3 0 2 2 2 1 1 3 3 1  719    1 
21 3 0 0 3 3 1 0 4 4 1  881    1 
21 3 0 0 3 3 1 0 4 4 1 1285    1 
21 3 0 1 1 2 0 1 2 2 1 2928    1 
21 3 1 1 0 2 0 0 2 2 1 1187    1 
21 3 0 0 0 1 0 1 1 1 1  706    1 
21 3 1 1 0 2 0 0 2 2 1 1021    1 
21 3 0 0 3 3 1 0 4 4 1  867    1 
21 3 0 1 1 1 1 1 2 2 1  735    1 
21 3 1 1 0 0 1 0 2 2 1  961    1 
21 3 0 0 0 0 1 1 1 1 1  706    1 
21 3 0 0 3 3 1 0 4 4 1  725    1 
21 3 0 2 2 2 1 1 3 3 1  687    1 
21 3 0 3 3 3 1 1 4 4 1  666    1 
21 3 0 3 2 2 1 0 3 3 1  678    0 
21 3 0 0 3 3 1 0 4 4 1  522    1 
21 3 0 0 0 1 0 1 1 1 1  965    1 
21 3 1 3 3 0 0 1 4 4 1 1253    1 
21 3 1 1 0 2 0 0 2 2 1 1290    0 
21 3 0 1 0 0 1 0 1 1 1  894    1 
21 3 0 2 1 1 1 0 2 2 1 1089    1 
21 3 0 3 3 3 1 1 4 3 0  589    1 
21 3 0 3 3 0 0 1 4 4 1  866    0 
21 3 0 0 0 1 0 1 1 1 1  670    1 
21 3 1 0 3 3 1 0 1 1 1 1147    1 
21 3 1 1 0 0 1 0 2 2 1 1244    1 
21 3 0 2 1 3 0 0 2 2 1 1146    0 
21 3 0 0 0 1 0 1 1 1 1  755    1 
21 3 0 2 1 1 1 0 2 2 1 1108    0 
21 3 0 1 1 1 1 1 2 2 1  775    1 
21 3 0 3 3 3 1 1 4 4 1  607    1 
21 3 0 0 0 0 1 1 1 1 1  654    1 
21 3 0 0 3 1 0 0 4 4 1  891    1 
21 3 0 3 3 3 1 1 4 4 1  630    1 
21 3 1 0 0 1 0 1 1 1 1 1092    0 
21 3 0 2 1 1 1 0 2 2 1 1040    1 
21 3 0 1 0 2 0 0 1 1 1  773    1 
21 3 0 1 1 2 0 1 2 2 1  965    1 
21 3 0 3 3 3 1 1 4 4 1  621    1 
21 3 0 3 2 2 1 0 3 3 1  836    0 
21 3 0 3 2 2 1 0 3 3 1  521    1 
21 3 1 3 2 0 0 0 4 4 1 1195    1 
21 3 1 1 0 2 0 0 2 2 1 2427    1 
21 3 0 1 1 1 1 1 2 2 1  745    1 
21 3 0 0 3 3 1 0 4 4 1  763    1 
21 3 1 3 3 0 0 1 4 4 1 1091    1 
21 3 0 0 0 1 0 1 1 1 1  623    1 
21 3 0 0 0 1 0 1 1 1 1  565    1 
21 3 0 0 0 0 1 1 1 1 1  542    1 
21 3 0 2 1 1 1 0 2 2 1  999    1 
21 3 0 0 3 1 0 0 4 4 1 1446    1 
21 3 0 2 2 3 0 1 3 3 1  916    1 
21 3 0 2 1 3 0 0 2 2 1 1534    1 
21 3 0 3 3 3 1 1 4 4 1  783    0 
21 3 1 3 2 0 0 0 4 4 1 1015    1 
21 3 0 1 1 2 0 1 2 2 1 1262    1 
21 3 0 3 3 0 0 1 4 4 1  882    1 
21 3 0 0 0 0 1 1 1 1 1  718    1 
21 3 0 1 1 1 1 1 2 2 1 1216    1 
21 3 0 1 0 2 0 0 1 1 1 1054    1 
21 3 0 1 0 0 1 0 1 1 1  627    1 
21 3 1 3 3 3 1 1 4 4 1  809    1 
21 3 1 1 0 0 1 0 2 2 1 1184    1 
21 3 0 3 3 0 0 1 4 4 1 1088    0 
21 3 0 3 2 2 1 0 3 3 1  811    0 
21 3 0 0 3 3 1 0 4 4 1 1042    1 
21 3 0 1 0 0 1 0 1 1 1  823    1 
21 3 1 2 2 3 0 1 3 3 1 1526    1 
21 3 0 1 1 1 1 1 2 2 1 1672    1 
21 3 0 0 0 1 0 1 1 1 1  916    0 
21 3 1 1 0 0 1 0 2 2 1 1990    1 
21 3 0 0 3 3 1 0 4 4 1  694    1 
21 3 0 1 0 0 1 0 1 1 1 1001    1 
21 3 0 2 1 1 1 0 2 2 1  816    1 
21 3 0 3 3 0 0 1 4 4 1  902    1 
21 3 1 1 0 0 1 0 2 2 1  953    1 
21 3 0 2 1 3 0 0 2 2 1  898    1 
21 3 0 1 0 2 0 0 1 1 1  725    1 
21 3 0 0 3 1 0 0 4 4 1  688    1 
21 3 1 1 1 1 1 1 2 2 1 1395    1 
21 3 0 2 2 3 0 1 3 3 1 1275    1 
21 3 0 1 0 2 0 0 1 1 1  687    1 
21 3 0 1 1 2 0 1 2 2 1  906    1 
21 3 0 3 2 2 1 0 3 3 1 1213    0 
21 3 0 1 1 2 0 1 2 2 1  756    1 
21 3 0 0 3 3 1 0 4 4 1  637    1 
21 3 0 3 2 0 0 0 3 3 1  978    1 
21 3 0 1 0 2 0 0 1 1 1  898    1 
21 3 0 2 2 3 0 1 3 3 1  734    1 
21 3 1 0 3 3 1 0 1 1 1 1143    1 
21 3 1 2 1 1 1 0 3 3 1  913    1 
21 3 1 3 3 0 0 1 4 4 1  876    1 
21 3 0 1 0 2 0 0 1 1 1  992    1 
21 3 0 3 3 0 0 1 4 4 1  735    1 
21 3 0 2 2 2 1 1 3 3 1  737    1 
21 3 0 3 3 0 0 1 4 4 1  626    1 
21 3 1 2 1 1 1 0 3 3 1 1184    1 
21 3 0 2 1 3 0 0 2 2 1 1576    1 
21 3 0 1 1 2 0 1 2 2 1  680    1 
21 3 0 0 0 0 1 1 1 1 1  668    1 
21 3 0 2 2 3 0 1 3 3 1  800    1 
21 3 0 3 2 0 0 0 3 3 1  743    1 
21 3 1 2 2 2 1 1 3 3 1  913    0 
21 3 0 0 0 1 0 1 1 1 1  827    1 
21 3 0 3 2 0 0 0 3 3 1  762    1 
21 3 1 2 2 3 0 1 3 3 1  827    1 
21 3 1 1 1 2 0 1 2 2 1 1081    1 
21 3 1 1 1 2 0 1 2 2 1  933    1 
21 3 0 2 2 2 1 1 3 3 1  694    1 
21 3 0 0 3 1 0 0 4 4 1 1018    1 
21 3 0 2 2 2 1 1 3 3 1  608    1 
21 3 0 0 3 3 1 0 4 4 1  967    1 
21 3 1 0 3 1 0 0 1 4 0  551    1 
21 3 0 2 2 2 1 1 3 3 1 1534    1 
21 3 0 2 1 3 0 0 2 2 1 1463    1 
21 3 0 3 2 2 1 0 3 3 1 1188    1 
21 3 1 3 3 3 1 1 4 4 1 1012    1 
21 3 0 2 1 1 1 0 2 3 0  923    1 
21 3 1 0 3 3 1 0 1 4 0 1387    1 
21 3 0 1 1 2 0 1 2 2 1 1600    1 
21 3 0 3 2 2 1 0 3 3 1 1087    1 
21 3 1 2 2 2 1 1 3 3 1 1171    1 
21 3 0 2 2 2 1 1 3 3 1  611    1 
21 3 0 3 3 3 1 1 4 4 1  714    1 
21 3 1 2 1 3 0 0 3 3 1 1508    1 
21 3 0 1 0 2 0 0 1 1 1 1111    1 
21 3 0 3 2 0 0 0 3 3 1 1234    1 
21 3 0 3 2 2 1 0 3 3 1  624    1 
21 3 0 3 3 3 1 1 4 4 1  606    1 
21 3 0 2 2 3 0 1 3 3 1  837    1 
21 3 0 2 1 3 0 0 2 2 1  810    1 
21 3 1 3 3 0 0 1 4 4 1 1049    1 
21 3 0 0 3 1 0 0 4 4 1  750    1 
21 3 1 2 2 3 0 1 3 3 1 1015    1 
21 3 0 3 3 0 0 1 4 4 1  693    1 
21 3 0 1 0 2 0 0 1 1 1  777    1 
21 3 0 0 0 0 1 1 1 1 1  553    1 
21 3 1 2 1 1 1 0 3 3 1 1002    1 
21 3 0 1 1 2 0 1 2 2 1  857    1 
21 3 0 1 0 0 1 0 1 1 1  702    1 
21 3 0 2 2 3 0 1 3 3 1  712    1 
21 3 0 0 0 0 1 1 1 1 1  691    1 
21 3 0 2 1 1 1 0 2 2 1 1487    1 
21 3 0 0 3 3 1 0 4 4 1  674    1 
21 3 0 0 3 3 1 0 4 4 1  478    1 
21 3 0 0 0 1 0 1 1 1 1 1562    1 
21 3 0 3 2 2 1 0 3 3 1  963    1 
21 3 0 2 2 3 0 1 3 3 1  588    1 
21 3 0 3 3 3 1 1 4 4 1  532    1 
21 3 0 1 1 1 1 1 2 3 0 1558    1 
21 3 0 2 1 1 1 0 2 2 1  909    1 
21 3 0 0 0 1 0 1 1 1 1 1127    1 
21 3 1 0 3 3 1 0 1 1 1  978    1 
21 3 0 0 3 1 0 0 4 4 1  682    1 
21 3 1 3 2 0 0 0 4 4 1 1758    0 
21 3 0 3 3 3 1 1 4 4 1  527    1 
21 3 0 2 2 3 0 1 3 3 1 1113    1 
21 3 0 0 3 3 1 0 4 4 1 1332    1 
21 3 0 1 0 2 0 0 1 1 1  686    1 
21 3 0 1 0 2 0 0 1 1 1  545    1 
21 3 0 2 2 2 1 1 3 3 1  691    0 
21 3 1 0 0 1 0 1 1 1 1  990    1 
21 3 0 1 0 2 0 0 1 1 1 1454    1 
21 4 1 3 2 2 1 0 4 4 1 1978    1 
21 4 0 2 2 3 0 1 3 3 1 1562    1 
21 4 0 1 1 1 1 1 2 2 1  979    1 
21 4 0 0 3 1 0 0 4 4 1 1099    1 
21 4 1 2 2 3 0 1 3 3 1 1270    1 
21 4 0 3 3 0 0 1 4 4 1  770    1 
21 4 1 2 1 3 0 0 3 3 1 1850    1 
21 4 0 3 3 0 0 1 4 4 1 1391    1 
21 4 0 2 2 2 1 1 3 3 1  783    1 
21 4 0 2 1 1 1 0 2 2 1  958    1 
21 4 0 2 1 3 0 0 2 2 1  735    1 
21 4 0 3 2 2 1 0 3 3 1  881    1 
21 4 1 1 1 1 1 1 2 3 0 1197    1 
21 4 0 3 2 2 1 0 3 3 1  810    1 
21 4 0 1 1 2 0 1 2 2 1  793    1 
21 4 0 1 0 2 0 0 1 1 1  953    1 
21 4 0 1 1 1 1 1 2 2 1 1010    1 
21 4 0 0 3 1 0 0 4 4 1  960    1 
21 4 0 3 2 2 1 0 3 3 1 1865    1 
21 4 0 2 1 1 1 0 2 2 1  701    1 
21 4 0 1 0 0 1 0 1 1 1 1472    1 
21 4 0 3 2 2 1 0 3 3 1  948    1 
21 4 0 1 1 1 1 1 2 2 1  854    1 
21 4 1 0 0 1 0 1 1 1 1 1147    1 
21 4 0 0 3 1 0 0 4 4 1  892    1 
21 4 1 2 1 3 0 0 3 3 1 1328    1 
21 4 1 2 2 2 1 1 3 3 1  674    1 
21 4 0 2 1 1 1 0 2 2 1  702    1 
21 4 0 3 3 0 0 1 4 4 1  977    1 
21 4 0 1 1 1 1 1 2 2 1  697    1 
21 4 0 0 0 1 0 1 1 1 1  797    1 
21 4 1 0 0 1 0 1 1 1 1  700    1 
21 4 0 1 1 2 0 1 2 2 1 1047    1 
21 4 0 2 1 1 1 0 2 2 1  644    1 
21 4 0 0 3 1 0 0 4 4 1  722    0 
21 4 0 3 3 3 1 1 4 4 1  500    1 
21 4 0 3 2 2 1 0 3 3 1  783    1 
21 4 0 0 0 0 1 1 1 1 1  606    1 
21 4 0 2 2 3 0 1 3 3 1  821    1 
21 4 0 2 1 1 1 0 2 2 1  667    0 
21 4 0 3 3 0 0 1 4 4 1  527    1 
21 4 0 0 0 1 0 1 1 1 1  649    1 
21 4 1 0 0 1 0 1 1 4 0  782    1 
21 4 1 2 1 1 1 0 3 3 1 1196    1 
21 4 0 1 0 0 1 0 1 1 1  907    1 
21 4 0 0 3 3 1 0 4 4 1  718    1 
21 4 0 0 3 1 0 0 4 4 1  664    1 
21 4 1 3 2 0 0 0 4 4 1 1045    1 
21 4 0 0 0 0 1 1 1 1 1  723    1 
21 4 1 1 1 1 1 1 2 2 1  957    1 
21 4 0 0 3 3 1 0 4 4 1  966    1 
21 4 0 3 2 0 0 0 3 3 1 1038    1 
21 4 0 1 0 2 0 0 1 1 1  795    1 
21 4 1 3 2 2 1 0 4 4 1  947    1 
21 4 1 2 2 2 1 1 3 3 1 1028    1 
21 4 1 2 1 3 0 0 3 3 1 1194    1 
21 4 0 2 1 1 1 0 2 2 1  722    1 
21 4 0 2 2 2 1 1 3 3 1  820    1 
21 4 0 3 3 3 1 1 4 4 1  698    1 
21 4 0 3 3 0 0 1 4 4 1  590    1 
21 4 0 2 2 3 0 1 3 3 1  933    1 
21 4 0 1 1 1 1 1 2 2 1  511    1 
21 4 0 3 2 2 1 0 3 3 1  521    1 
21 4 1 1 1 2 0 1 2 2 1 1412    1 
21 4 0 3 2 2 1 0 3 3 1  762    1 
21 4 0 2 2 2 1 1 3 3 1  595    1 
21 4 0 0 3 3 1 0 4 4 1  587    1 
21 4 0 1 1 1 1 1 2 2 1  858    1 
21 4 0 0 0 1 0 1 1 1 1  495    1 
21 4 0 0 3 1 0 0 4 4 1  690    1 
21 4 0 3 3 0 0 1 4 4 1  734    0 
21 4 0 0 3 1 0 0 4 4 1  495    1 
21 4 0 0 3 1 0 0 4 4 1  491    1 
21 4 1 0 0 0 1 1 1 1 1  838    1 
21 4 0 0 3 3 1 0 4 4 1  852    1 
21 4 1 1 0 2 0 0 2 1 0 1049    1 
21 4 0 0 0 0 1 1 1 1 1  740    1 
21 4 1 0 0 0 1 1 1 1 1  749    1 
21 4 0 2 1 3 0 0 2 2 1  950    1 
21 4 0 0 0 1 0 1 1 1 1  671    1 
21 4 0 2 2 3 0 1 3 3 1  675    1 
21 4 0 2 1 1 1 0 2 2 1  767    1 
21 4 0 1 1 1 1 1 2 2 1  623    1 
21 4 1 1 0 2 0 0 2 2 1 1181    0 
21 4 1 1 1 2 0 1 2 2 1  789    1 
21 4 0 1 1 1 1 1 2 2 1  965    1 
21 4 1 1 1 1 1 1 2 2 1  622    1 
21 4 0 2 2 3 0 1 3 3 1 1252    0 
21 4 1 3 3 0 0 1 4 4 1 1177    1 
21 4 1 3 3 3 1 1 4 4 1  513    1 
21 4 0 3 3 3 1 1 4 4 1  484    1 
21 4 1 2 1 3 0 0 3 3 1 1527    1 
21 4 0 2 2 2 1 1 3 3 1  881    1 
21 4 0 0 3 3 1 0 4 4 1 1029    1 
21 4 0 1 0 2 0 0 1 2 0 1124    1 
21 4 1 3 2 2 1 0 4 4 1 1892    1 
21 4 0 3 2 2 1 0 3 3 1 1111    1 
21 4 1 1 1 1 1 1 2 2 1 1082    1 
21 4 0 1 0 0 1 0 1 1 1  918    1 
21 4 0 2 2 3 0 1 3 3 1  968    0 
21 4 0 1 0 0 1 0 1 1 1  752    0 
21 4 0 2 2 3 0 1 3 3 1  841    1 
21 4 0 2 2 3 0 1 3 3 1  878    1 
21 4 1 2 2 3 0 1 3 3 1  867    1 
21 4 0 3 2 0 0 0 3 3 1  999    1 
21 4 0 3 2 0 0 0 3 3 1  542    1 
21 4 0 0 0 0 1 1 1 1 1  631    1 
21 4 0 0 0 0 1 1 1 1 1  493    1 
21 4 0 2 2 2 1 1 3 3 1  929    0 
21 4 0 3 2 2 1 0 3 3 1  723    1 
21 4 0 2 1 1 1 0 2 2 1  845    1 
21 4 0 3 2 0 0 0 3 3 1  874    1 
21 4 0 3 3 0 0 1 4 4 1  783    1 
21 4 0 1 0 2 0 0 1 1 1  958    1 
21 4 0 0 3 1 0 0 4 4 1  831    1 
21 4 0 1 1 1 1 1 2 2 1  877    1 
21 4 0 1 1 1 1 1 2 2 1  609    1 
21 4 0 3 2 0 0 0 3 3 1 1616    1 
21 4 0 0 3 1 0 0 4 4 1  830    1 
21 4 0 1 0 2 0 0 1 1 1 1036    1 
21 4 0 0 0 0 1 1 1 1 1  626    1 
21 4 1 0 0 0 1 1 1 1 1  952    1 
21 4 1 2 2 2 1 1 3 3 1 1105    1 
21 4 0 2 2 3 0 1 3 3 1  564    1 
21 4 0 0 3 3 1 0 4 4 1  628    1 
21 4 0 3 2 2 1 0 3 3 1 1235    1 
21 4 0 1 1 2 0 1 2 2 1 1472    1 
21 4 0 3 3 3 1 1 4 4 1  916    1 
21 4 0 1 0 2 0 0 1 1 1 1270    1 
21 4 0 2 2 3 0 1 3 3 1  731    1 
21 4 0 1 0 2 0 0 1 1 1  757    0 
21 4 0 1 1 2 0 1 2 2 1 1078    1 
21 4 0 2 2 3 0 1 3 3 1  666    1 
21 4 1 2 1 3 0 0 3 3 1 1006    1 
21 4 1 2 1 3 0 0 3 3 1  613    1 
21 4 0 0 3 3 1 0 4 4 1  916    1 
21 4 1 3 2 2 1 0 4 4 1 1006    1 
21 4 0 3 3 0 0 1 4 4 1  885    0 
21 4 0 0 0 0 1 1 1 1 1  760    1 
21 4 0 1 0 2 0 0 1 1 1  665    1 
21 4 1 1 0 0 1 0 2 2 1 1070    1 
21 4 0 1 0 2 0 0 1 1 1 1442    1 
21 4 0 2 2 2 1 1 3 3 1 1119    1 
21 4 0 2 1 3 0 0 2 2 1  946    1 
21 4 0 2 1 3 0 0 2 2 1  515    1 
21 4 1 2 2 2 1 1 3 3 1  822    1 
21 4 0 0 3 3 1 0 4 4 1  700    1 
21 4 0 2 1 1 1 0 2 2 1  807    1 
21 4 0 3 3 0 0 1 4 4 1  758    1 
21 4 0 1 1 2 0 1 2 2 1  774    1 
21 4 1 0 0 1 0 1 1 1 1 1183    1 
21 4 0 3 2 0 0 0 3 3 1 1030    1 
21 4 0 0 0 1 0 1 1 1 1  748    1 
21 4 0 1 1 2 0 1 2 2 1  758    1 
21 4 1 0 0 0 1 1 1 1 1  791    1 
21 4 0 2 1 1 1 0 2 2 1 1046    1 
21 4 1 1 1 2 0 1 2 2 1  956    1 
21 4 0 1 0 0 1 0 1 1 1  724    1 
21 4 0 0 3 1 0 0 4 4 1  687    1 
21 4 0 2 1 1 1 0 2 2 1  794    1 
21 4 0 3 3 3 1 1 4 4 1  673    1 
21 4 0 1 1 1 1 1 2 2 1  774    1 
21 4 0 0 3 3 1 0 4 4 1  526    1 
21 4 1 3 2 2 1 0 4 4 1 1352    1 
21 4 1 3 2 2 1 0 4 4 1  649    1 
21 4 0 0 3 3 1 0 4 4 1  718    1 
21 4 0 2 1 1 1 0 2 2 1  872    1 
21 4 0 1 1 2 0 1 2 2 1 1100    1 
21 4 0 0 0 0 1 1 1 1 1  647    1 
21 4 0 3 2 2 1 0 3 3 1 1444    1 
21 4 1 0 3 1 0 0 1 1 1 1242    1 
21 4 0 3 3 3 1 1 4 4 1  687    0 
21 4 1 2 1 3 0 0 3 3 1 1403    1 
21 4 0 0 0 1 0 1 1 1 1  786    1 
21 4 0 3 2 2 1 0 3 3 1  897    1 
21 4 0 3 3 3 1 1 4 4 1  637    1 
21 4 1 2 1 3 0 0 3 3 1 1082    1 
21 4 0 3 3 0 0 1 4 4 1 1486    1 
21 4 0 3 3 0 0 1 4 4 1  473    1 
21 4 1 1 0 0 1 0 2 2 1 1061    1 
21 4 0 0 3 1 0 0 4 4 1 1138    0 
21 4 1 1 0 2 0 0 2 2 1  980    1 
21 4 0 3 3 0 0 1 4 4 1  772    1 
21 4 0 0 3 3 1 0 4 4 1  604    1 
21 4 0 3 2 2 1 0 3 3 1  715    1 
21 4 1 0 0 0 1 1 1 1 1  717    1 
21 4 0 1 0 2 0 0 1 1 1  888    1 
21 4 1 1 1 2 0 1 2 2 1 1203    1 
21 4 0 3 3 0 0 1 4 4 1  642    1 
21 4 0 1 1 2 0 1 2 2 1  719    1 
21 4 0 1 1 2 0 1 2 2 1  594    1 
21 4 1 0 3 1 0 0 1 1 1 1985    1 
