24 1 0 2 3 0 0 0 4 0 0 5000    1 
24 1 0 3 3 3 1 1 4 4 1  704    1 
24 1 0 1 1 1 1 1 2 2 1  922    1 
24 1 0 2 3 0 0 0 4 4 1 1157    1 
24 1 0 3 0 1 0 0 1 1 1  925    1 
24 1 1 1 1 1 1 1 2 2 1 1287    1 
24 1 1 0 0 0 1 1 1 1 1 1043    1 
24 1 0 3 3 1 0 1 4 4 1  872    1 
24 1 0 3 0 1 0 0 1 1 1 1420    1 
24 1 1 3 0 0 1 0 4 4 1 1435    1 
24 1 0 3 0 0 1 0 1 1 1 1168    1 
24 1 0 1 2 2 1 0 3 3 1  792    1 
24 1 0 1 2 2 1 0 3 3 1  520    1 
24 1 1 3 0 1 0 0 4 1 0 1770    1 
24 1 0 3 3 3 1 1 4 4 1 1184    1 
24 1 1 0 1 1 1 0 1 1 1 1279    1 
24 1 0 1 2 3 0 0 3 3 1 1156    0 
24 1 0 0 1 1 1 0 2 2 1 1212    1 
24 1 0 0 0 2 0 1 1 1 1 1155    1 
24 1 0 0 1 2 0 0 2 2 1  820    1 
24 1 0 3 0 1 0 0 1 1 1  858    1 
24 1 1 3 3 3 1 1 4 4 1  687    1 
24 1 0 2 2 0 0 1 3 3 1  778    1 
24 1 0 2 3 3 1 0 4 4 1  626    1 
24 1 0 3 0 1 0 0 1 1 1 1664    1 
24 1 1 2 2 0 0 1 3 3 1 1741    1 
24 1 0 1 2 3 0 0 3 3 1  703    1 
24 1 0 2 2 2 1 1 3 3 1 1041    1 
24 1 0 3 3 1 0 1 4 4 1 1103    1 
24 1 1 3 3 3 1 1 4 4 1 1042    1 
24 1 0 0 0 0 1 1 1 2 0 1823    1 
24 1 0 0 0 0 1 1 1 1 1  619    1 
24 1 0 3 0 1 0 0 1 1 1  705    1 
24 1 0 3 3 1 0 1 4 4 1 1100    1 
24 1 1 1 1 3 0 1 2 2 1 1575    1 
24 1 0 2 3 0 0 0 4 4 1 1479    0 
24 1 0 1 1 3 0 1 2 2 1 1395    1 
24 1 0 2 3 3 1 0 4 4 1 1355    1 
24 1 0 0 1 2 0 0 2 2 1 1723    1 
24 1 0 0 0 0 1 1 1 1 1  606    1 
24 1 0 1 2 2 1 0 3 3 1  708    1 
24 1 1 2 2 0 0 1 3 3 1 1207    1 
24 1 0 3 3 1 0 1 4 4 1  646    1 
24 1 0 1 1 3 0 1 2 2 1  563    1 
24 1 0 2 2 0 0 1 3 3 1  756    0 
24 1 0 1 1 3 0 1 2 2 1  645    1 
24 1 0 0 1 2 0 0 2 2 1  570    1 
24 1 0 3 0 1 0 0 1 1 1  786    1 
24 1 1 3 0 0 1 0 4 4 1  938    1 
24 1 1 3 0 1 0 0 4 4 1 1779    1 
24 1 0 0 1 1 1 0 2 2 1 1083    1 
24 1 0 0 0 0 1 1 1 1 1  607    1 
24 1 0 3 3 1 0 1 4 4 1  606    1 
24 1 0 1 2 3 0 0 3 3 1  660    1 
24 1 0 2 3 3 1 0 4 4 1  497    1 
24 1 0 0 0 2 0 1 1 1 1  669    1 
24 1 0 1 2 3 0 0 3 3 1 1057   31 
24 1 1 2 2 0 0 1 3 3 1  965    1 
24 1 0 1 2 2 1 0 3 3 1 1014    1 
24 1 1 3 0 0 1 0 4 4 1  996    1 
24 1 0 0 1 2 0 0 2 2 1  732    1 
24 1 0 2 2 2 1 1 3 3 1  574    1 
24 1 0 1 1 1 1 1 2 2 1  582    1 
24 1 0 3 0 0 1 0 1 1 1  749    1 
24 1 0 2 2 2 1 1 3 3 1  614    1 
24 1 0 2 2 0 0 1 3 3 1 1869    1 
24 1 0 0 1 1 1 0 2 2 1  633    1 
24 1 0 2 3 0 0 0 4 4 1  935    1 
24 1 1 2 3 0 0 0 3 3 1  816    1 
24 1 0 2 3 0 0 0 4 4 1 1294   28 
24 1 0 0 0 2 0 1 1 1 1  721    1 
24 1 0 2 3 0 0 0 4 4 1  876    0 
24 1 0 0 1 1 1 0 2 2 1  616    1 
24 1 0 2 3 3 1 0 4 4 1  798    1 
24 1 0 3 3 3 1 1 4 4 1  477    1 
24 1 0 0 1 2 0 0 2 2 1  857    1 
24 1 1 1 1 3 0 1 2 2 1 1118    1 
24 1 0 1 2 2 1 0 3 3 1 1024    1 
24 1 1 1 1 3 0 1 2 2 1 1014    1 
24 1 0 1 2 2 1 0 3 3 1  693    1 
24 1 0 0 0 2 0 1 1 1 1  641    1 
24 1 0 2 3 0 0 0 4 4 1  590    1 
24 1 1 2 2 2 1 1 3 3 1  749    1 
24 1 0 2 3 3 1 0 4 4 1  918    1 
24 1 1 0 0 0 1 1 1 1 1  904    1 
24 1 0 2 2 0 0 1 3 3 1  915    1 
24 1 0 1 1 1 1 1 2 2 1  558    1 
24 1 0 0 0 2 0 1 1 1 1  799    1 
24 1 0 0 0 0 1 1 1 1 1  493    1 
24 1 0 3 3 1 0 1 4 4 1  593    1 
24 1 0 0 1 1 1 0 2 2 1  824    1 
24 1 0 1 2 2 1 0 3 3 1  614    1 
24 1 1 1 2 2 1 0 2 2 1  989    1 
24 1 0 1 1 3 0 1 2 2 1  740    1 
24 1 0 2 3 3 1 0 4 4 1  710    1 
24 1 1 3 0 0 1 0 4 4 1 1041    1 
24 1 0 2 3 0 0 0 4 4 1  550    1 
24 1 0 2 2 0 0 1 3 3 1  567    1 
24 1 0 0 1 2 0 0 2 1 0  607    1 
24 1 0 0 1 2 0 0 2 2 1  436    1 
24 1 1 2 2 2 1 1 3 3 1 1145    7 
24 1 0 0 0 0 1 1 1 1 1  619    0 
24 1 1 0 1 2 0 0 1 1 1 1361    1 
24 1 1 3 0 1 0 0 4 4 1  922    1 
24 1 0 1 1 3 0 1 2 2 1 1668    1 
24 1 0 1 2 2 1 0 3 3 1  568    1 
24 1 0 1 1 1 1 1 2 2 1  576    1 
24 1 0 1 2 3 0 0 3 3 1  680    1 
24 1 0 1 1 3 0 1 2 2 1  708    1 
24 1 0 3 0 1 0 0 1 1 1 1143    1 
24 1 0 1 1 1 1 1 2 2 1  656    1 
24 1 0 3 3 1 0 1 4 4 1  701    1 
24 1 0 2 2 2 1 1 3 3 1  616    1 
24 1 0 0 1 1 1 0 2 2 1 1262    1 
24 1 0 0 1 2 0 0 2 2 1  643    1 
24 1 0 0 0 0 1 1 1 1 1  696    1 
24 1 1 1 1 3 0 1 2 2 1  724    1 
24 1 0 2 3 0 0 0 4 4 1  790    1 
24 1 0 0 0 0 1 1 1 1 1  749    1 
24 1 0 2 2 2 1 1 3 3 1  646    1 
24 1 0 3 3 3 1 1 4 4 1  547    1 
24 1 1 0 1 2 0 0 1 1 1 1237    1 
24 1 1 3 0 0 1 0 4 4 1 1074    1 
24 1 0 3 3 1 0 1 4 4 1  990    1 
24 1 0 0 0 0 1 1 1 1 1  542    1 
24 1 0 2 3 3 1 0 4 4 1  543    1 
24 1 1 1 2 3 0 0 2 2 1 1185    1 
24 1 0 0 1 1 1 0 2 2 1 1240    1 
24 1 0 3 0 0 1 0 1 1 1 1686    1 
24 1 0 2 2 0 0 1 3 3 1 1089    1 
24 1 1 0 0 0 1 1 1 1 1 1132    1 
24 1 0 3 0 0 1 0 1 1 1  478    1 
24 1 1 0 0 2 0 1 1 1 1 1394    1 
24 1 1 1 2 2 1 0 2 2 1 1145    1 
24 1 1 3 0 0 1 0 4 4 1  723    1 
24 1 0 2 2 2 1 1 3 3 1  781    1 
24 1 1 3 0 0 1 0 4 4 1  765    1 
24 1 0 0 0 0 1 1 1 1 1  646   50 
24 1 1 1 2 3 0 0 2 2 1 1187    1 
24 1 0 1 1 1 1 1 2 2 1  979    1 
24 1 0 1 1 3 0 1 2 2 1  691    1 
24 1 0 1 1 1 1 1 2 2 1  566    1 
24 1 0 3 3 3 1 1 4 4 1  590    1 
24 1 1 1 2 2 1 0 2 2 1  662    1 
24 1 0 3 3 1 0 1 4 4 1  506    1 
24 1 0 2 2 2 1 1 3 3 1  517    1 
24 1 0 0 0 0 1 1 1 1 1  559    1 
24 1 0 1 2 2 1 0 3 3 1 1176    1 
24 1 0 2 3 0 0 0 4 4 1  624    1 
24 1 0 2 2 0 0 1 3 3 1  846    1 
24 1 1 3 0 0 1 0 4 4 1  772    1 
24 1 1 2 2 0 0 1 3 3 1 1372    1 
24 1 0 0 0 0 1 1 1 1 1  732    1 
24 1 0 0 0 2 0 1 1 1 1  965    1 
24 1 0 0 1 2 0 0 2 2 1  422    1 
24 1 1 3 3 3 1 1 4 4 1  684    1 
24 1 0 2 3 0 0 0 4 4 1  887    1 
24 1 0 2 3 3 1 0 4 4 1  443    1 
24 1 1 3 0 1 0 0 4 4 1 1248    1 
24 1 0 0 1 1 1 0 2 2 1 1053    1 
24 1 1 2 2 0 0 1 3 3 1 1066    1 
24 1 0 1 2 2 1 0 3 3 1  870    1 
24 1 0 2 2 0 0 1 3 3 1  570    1 
24 1 1 3 0 1 0 0 4 4 1  771    1 
24 1 0 2 2 0 0 1 3 3 1  611    1 
24 1 0 0 1 2 0 0 2 2 1  889    1 
24 1 0 1 1 3 0 1 2 2 1  581   16 
24 1 0 3 0 0 1 0 1 1 1 1365    1 
24 1 0 0 0 2 0 1 1 1 1  782    1 
24 1 0 2 2 2 1 1 3 3 1  822    1 
24 1 1 1 2 2 1 0 2 2 1  972    1 
24 1 0 2 3 3 1 0 4 4 1  844    1 
24 1 0 1 1 3 0 1 2 2 1 1449    1 
24 1 0 3 3 3 1 1 4 4 1  574    1 
24 1 0 0 0 2 0 1 1 1 1  662    1 
24 1 0 1 1 1 1 1 2 2 1  603    1 
24 1 1 0 0 2 0 1 1 1 1 1018    1 
24 1 0 1 1 1 1 1 2 2 1 1224    1 
24 1 1 1 2 2 1 0 2 2 1  998    1 
24 1 0 1 1 1 1 1 2 2 1  894    1 
24 1 1 2 3 0 0 0 3 3 1  977    1 
24 1 0 0 0 0 1 1 1 1 1  585    1 
24 1 1 1 2 3 0 0 2 2 1 1049    1 
24 1 1 2 3 3 1 0 3 3 1  590    1 
24 1 1 3 0 1 0 0 4 4 1  805    1 
24 1 0 3 0 1 0 0 1 4 0  500    1 
24 1 0 0 1 1 1 0 2 2 1  973    0 
24 1 0 2 2 0 0 1 3 3 1 1261    1 
24 1 0 3 3 3 1 1 4 4 1  586    1 
24 1 0 1 2 3 0 0 3 2 0 1257    1 
24 1 0 3 3 3 1 1 4 4 1 1764    1 
24 1 0 3 3 1 0 1 4 4 1  661    1 
24 2 1 1 1 3 0 1 2 2 1 2843    1 
24 2 0 3 0 1 0 0 1 1 1 1440    1 
24 2 0 3 0 0 1 0 1 1 1 1006    1 
24 2 0 1 1 1 1 1 2 2 1  693    1 
24 2 0 0 0 2 0 1 1 1 1  640    1 
24 2 0 1 1 3 0 1 2 2 1  669    1 
24 2 0 2 2 0 0 1 3 3 1  697    0 
24 2 0 3 3 1 0 1 4 4 1  653    1 
24 2 0 3 0 1 0 0 1 1 1  722    1 
24 2 0 2 2 0 0 1 3 3 1 1196    1 
24 2 0 1 2 2 1 0 3 3 1  731    1 
24 2 1 2 3 0 0 0 3 3 1  725   89 
24 2 1 3 0 0 1 0 4 4 1  807    1 
24 2 0 1 2 3 0 0 3 3 1  814    1 
24 2 0 3 0 0 1 0 1 1 1  693    1 
24 2 1 3 0 1 0 0 4 4 1 1184    1 
24 2 0 2 2 0 0 1 3 3 1  696    1 
24 2 0 0 0 2 0 1 1 1 1 1139    1 
24 2 0 0 0 0 1 1 1 1 1  509    1 
24 2 0 1 1 3 0 1 2 2 1  776    1 
24 2 0 1 2 2 1 0 3 3 1  632    1 
24 2 0 1 1 3 0 1 2 2 1  670    1 
24 2 1 0 1 1 1 0 1 1 1 1010    1 
24 2 0 1 2 2 1 0 3 3 1  881    1 
24 2 0 3 0 1 0 0 1 4 0  557    1 
24 2 0 1 1 1 1 1 2 2 1 1851    1 
24 2 0 2 3 0 0 0 4 4 1  920    1 
24 2 0 1 1 1 1 1 2 2 1  730    1 
24 2 0 2 2 2 1 1 3 3 1  453    1 
24 2 0 0 1 1 1 0 2 1 0  729    1 
24 2 0 2 3 0 0 0 4 4 1  889    1 
24 2 1 3 0 1 0 0 4 4 1  757    1 
24 2 1 1 2 3 0 0 2 2 1 2118    1 
24 2 0 2 3 0 0 0 4 4 1  864    1 
24 2 0 0 1 2 0 0 2 2 1 1029    1 
24 2 0 2 3 0 0 0 4 4 1 1227    1 
24 2 1 2 3 3 1 0 3 3 1 1121    1 
24 2 0 1 2 3 0 0 3 3 1  451    1 
24 2 0 3 3 3 1 1 4 4 1  496    1 
24 2 0 1 1 1 1 1 2 2 1 1603    1 
24 2 0 3 3 3 1 1 4 4 1  618    1 
24 2 0 2 3 3 1 0 4 4 1  448    1 
24 2 0 2 2 0 0 1 3 3 1  613    1 
24 2 0 1 1 1 1 1 2 2 1  636    1 
24 2 0 0 0 2 0 1 1 1 1  338    1 
24 2 1 0 0 2 0 1 1 1 1 1027    1 
24 2 0 0 0 0 1 1 1 1 1  593    1 
24 2 0 1 2 2 1 0 3 3 1  697    1 
24 2 0 3 0 1 0 0 1 1 1 1052   33 
24 2 0 1 1 3 0 1 2 2 1  617    1 
24 2 0 2 2 2 1 1 3 3 1  727    1 
24 2 1 2 2 0 0 1 3 3 1  929    1 
24 2 0 2 2 0 0 1 3 3 1  539    0 
24 2 1 1 1 3 0 1 2 2 1  900    1 
24 2 0 0 1 2 0 0 2 2 1 1255    1 
24 2 1 2 2 0 0 1 3 3 1  764    1 
24 2 0 3 0 0 1 0 1 1 1 1509    1 
24 2 0 1 2 2 1 0 3 3 1  832    1 
24 2 1 1 2 3 0 0 2 2 1  926    1 
24 2 0 2 3 3 1 0 4 4 1  824    1 
24 2 0 1 2 2 1 0 3 3 1  958    1 
24 2 0 0 1 1 1 0 2 2 1  887    1 
24 2 1 3 3 3 1 1 4 4 1  722    1 
24 2 0 1 2 3 0 0 3 3 1  996    1 
24 2 0 0 1 1 1 0 2 2 1 1684    1 
24 2 1 3 3 1 0 1 4 4 1  679    1 
24 2 0 2 2 2 1 1 3 3 1  523    1 
24 2 0 1 2 3 0 0 3 3 1  493    1 
24 2 0 2 2 2 1 1 3 3 1  569    1 
24 2 0 1 2 2 1 0 3 3 1  569    1 
24 2 1 2 2 2 1 1 3 3 1  881    1 
24 2 0 1 2 2 1 0 3 3 1  389    1 
24 2 0 3 3 1 0 1 4 4 1  636    1 
24 2 0 1 2 3 0 0 3 3 1  610    1 
24 2 0 3 3 1 0 1 4 4 1  585    1 
24 2 1 3 3 3 1 1 4 4 1  712    1 
24 2 0 0 0 2 0 1 1 1 1  611    1 
24 2 1 1 2 2 1 0 2 2 1 1322    1 
24 2 1 3 0 0 1 0 4 4 1  756    1 
24 2 0 2 2 2 1 1 3 3 1  548    1 
24 2 1 0 0 0 1 1 1 1 1  670    1 
24 2 0 3 0 1 0 0 1 1 1  658    1 
24 2 0 0 1 1 1 0 2 2 1  639    1 
24 2 1 2 2 0 0 1 3 3 1  708    1 
24 2 0 2 3 0 0 0 4 4 1  663    1 
24 2 0 0 1 2 0 0 2 2 1  580    1 
24 2 0 0 0 0 1 1 1 1 1  516    1 
24 2 1 1 2 3 0 0 2 3 0  670    1 
24 2 1 0 1 1 1 0 1 1 1 1184    1 
24 2 0 1 1 1 1 1 2 2 1  647    1 
24 2 1 1 1 3 0 1 2 2 1  573    1 
24 2 0 1 2 3 0 0 3 3 1  653    1 
24 2 0 0 0 2 0 1 1 1 1 1026    1 
24 2 0 2 2 2 1 1 3 3 1  544    1 
24 2 0 1 2 3 0 0 3 3 1  913   17 
24 2 0 1 1 1 1 1 2 2 1  668    1 
24 2 0 2 2 2 1 1 3 3 1  488    1 
24 2 0 3 0 1 0 0 1 1 1  908    1 
24 2 0 0 0 2 0 1 1 1 1 1030    1 
24 2 0 2 3 0 0 0 4 4 1  956    1 
24 2 0 0 1 1 1 0 2 2 1  805    1 
24 2 0 3 0 1 0 0 1 1 1 1292    1 
24 2 1 0 0 0 1 1 1 1 1  935    1 
24 2 0 0 0 0 1 1 1 1 1  489    1 
24 2 0 0 0 2 0 1 1 1 1  516    1 
24 2 0 0 1 1 1 0 2 2 1 1134    1 
24 2 0 3 3 1 0 1 4 4 1  624    1 
24 2 0 3 0 1 0 0 1 1 1  806    1 
24 2 0 0 1 1 1 0 2 2 1  765    1 
24 2 1 0 0 0 1 1 1 1 1  661    0 
24 2 0 1 2 2 1 0 3 3 1  714    1 
24 2 1 2 3 3 1 0 3 3 1  701    1 
24 2 0 0 0 0 1 1 1 1 1  592    1 
24 2 0 1 2 2 1 0 3 3 1  647    1 
24 2 0 1 2 3 0 0 3 3 1  773    1 
24 2 0 3 3 3 1 1 4 4 1  581    1 
24 2 0 3 0 0 1 0 1 1 1  677    1 
24 2 0 2 2 2 1 1 3 3 1  593    1 
24 2 0 1 1 1 1 1 2 2 1  800    1 
24 2 0 1 1 1 1 1 2 2 1  519    1 
24 2 0 0 0 2 0 1 1 1 1  633    1 
24 2 0 2 3 3 1 0 4 3 0  503    1 
24 2 1 2 2 0 0 1 3 3 1  927    1 
24 2 0 3 0 1 0 0 1 1 1  785    1 
24 2 0 3 0 0 1 0 1 1 1 1705    1 
24 2 0 0 0 0 1 1 1 1 1  428   44 
24 2 0 1 2 3 0 0 3 3 1  602    1 
24 2 1 3 0 0 1 0 4 4 1 1161    1 
24 2 0 0 0 0 1 1 1 1 1  473    1 
24 2 0 3 3 1 0 1 4 4 1  557    1 
24 2 1 2 2 0 0 1 3 3 1  910    0 
24 2 1 3 0 0 1 0 4 4 1  585    1 
24 2 0 0 1 2 0 0 2 2 1  760    1 
24 2 0 0 1 2 0 0 2 2 1  433    1 
24 2 1 1 2 3 0 0 2 2 1 1103    0 
24 2 1 0 1 1 1 0 1 1 1  993    1 
24 2 0 3 3 3 1 1 4 4 1  849    1 
24 2 0 2 3 0 0 0 4 3 0  662    1 
24 2 0 0 0 2 0 1 1 1 1  824    1 
24 2 0 0 0 0 1 1 1 1 1  974    0 
24 2 0 3 3 1 0 1 4 4 1  575    1 
24 2 0 2 2 2 1 1 3 3 1  567    1 
24 2 0 0 0 0 1 1 1 1 1  567    1 
24 2 0 1 1 3 0 1 2 2 1  815    1 
24 2 0 3 3 3 1 1 4 4 1  750    1 
24 2 0 0 1 2 0 0 2 2 1 2166    0 
24 2 1 1 1 3 0 1 2 2 1  847    1 
24 2 0 2 3 0 0 0 4 4 1  900    1 
24 2 0 1 1 1 1 1 2 2 1  815    1 
24 2 0 3 0 0 1 0 1 1 1  942    1 
24 2 0 0 1 2 0 0 2 2 1 2135    1 
24 2 0 0 0 2 0 1 1 1 1  649    1 
24 2 1 2 2 2 1 1 3 3 1  630    1 
24 2 0 3 3 1 0 1 4 4 1  564    1 
24 2 0 1 2 2 1 0 3 3 1 2157    1 
24 2 1 1 1 1 1 1 2 2 1 1030    1 
24 2 0 3 3 3 1 1 4 4 1  508    1 
24 2 0 2 3 3 1 0 4 4 1 2134    1 
24 2 1 1 2 3 0 0 2 2 1  944    1 
24 2 1 3 0 1 0 0 4 4 1  857    1 
24 2 1 3 0 0 1 0 4 4 1  862    1 
24 2 1 3 0 1 0 0 4 4 1 1243    1 
24 2 1 3 3 3 1 1 4 4 1  840    1 
24 2 0 0 1 2 0 0 2 2 1  734    1 
24 2 1 0 0 0 1 1 1 1 1  719    1 
24 2 0 2 2 0 0 1 3 3 1  585   48 
24 2 0 3 3 1 0 1 4 4 1  881    1 
24 2 0 2 3 0 0 0 4 4 1  509    0 
24 2 0 2 2 0 0 1 3 3 1  664    1 
24 2 0 0 0 2 0 1 1 1 1  660    1 
24 2 0 0 1 1 1 0 2 2 1  657    1 
24 2 1 2 3 0 0 0 3 3 1  734    1 
24 2 0 0 0 0 1 1 1 1 1  591    1 
24 2 0 2 3 0 0 0 4 3 0  511    1 
24 2 0 3 0 0 1 0 1 4 0  896    1 
24 2 0 2 3 0 0 0 4 4 1  737    1 
24 2 1 3 3 3 1 1 4 4 1  539    1 
24 2 0 2 3 0 0 0 4 4 1  780    0 
24 2 0 3 0 1 0 0 1 1 1  708    1 
24 2 0 2 3 0 0 0 4 4 1  615    1 
24 2 0 1 1 1 1 1 2 2 1  614    1 
24 2 0 2 2 2 1 1 3 3 1  540    1 
24 2 0 2 3 3 1 0 4 4 1  606    1 
24 2 0 0 0 0 1 1 1 1 1  796    1 
24 2 1 3 0 0 1 0 4 4 1  636    1 
24 2 1 0 0 2 0 1 1 1 1 1505    1 
24 2 0 2 3 0 0 0 4 4 1  780    1 
24 2 1 3 0 0 1 0 4 4 1  676    1 
24 2 0 0 0 0 1 1 1 1 1  552    1 
24 2 0 3 3 1 0 1 4 4 1  537    1 
24 2 1 1 1 1 1 1 2 2 1  763    1 
24 2 0 2 2 2 1 1 3 3 1  531    1 
24 3 0 3 3 1 0 1 4 4 1 1589    1 
24 3 0 0 0 2 0 1 1 1 1  661    1 
24 3 0 2 2 0 0 1 3 3 1 1009    1 
24 3 0 2 0 0 1 0 1 1 1  904    1 
24 3 0 3 1 1 1 0 2 2 1 1547    1 
24 3 0 0 0 2 0 1 1 1 1  604    1 
24 3 0 1 3 3 0 0 4 4 1  939    1 
24 3 1 3 1 1 0 0 4 4 1  813    1 
24 3 1 0 0 2 0 1 1 1 1 1003    1 
24 3 0 0 2 2 0 0 3 3 1 1018    1 
24 3 0 0 2 2 1 0 3 3 1  696    1 
24 3 0 3 1 1 0 0 2 4 0  684    0 
24 3 0 0 0 0 1 1 1 1 1  709    1 
24 3 0 2 0 0 0 0 1 1 1 1032    1 
24 3 1 3 1 1 1 0 4 4 1  726    1 
24 3 0 0 2 2 0 0 3 3 1  944    1 
24 3 0 2 0 0 0 0 1 1 1 1178    1 
24 3 0 0 0 2 0 1 1 1 1  642    1 
24 3 0 1 3 3 1 0 4 4 1  663    1 
24 3 1 0 2 2 1 0 1 1 1 1132    1 
24 3 0 3 3 3 1 1 4 4 1  806    1 
24 3 0 0 2 2 0 0 3 3 1  413    0 
24 3 0 3 3 3 1 1 4 4 1  547    0 
24 3 0 0 2 2 1 0 3 3 1  493    1 
24 3 0 0 2 2 1 0 3 4 0  400    1 
24 3 0 2 2 2 1 1 3 3 1  437    1 
24 3 0 0 2 2 0 0 3 3 1  354    1 
24 3 0 0 2 2 1 0 3 3 1  571    1 
24 3 0 2 0 0 0 0 1 1 1  755    1 
24 3 1 3 3 1 0 1 4 4 1  644    1 
24 3 0 3 3 3 1 1 4 4 1  466    1 
24 3 1 3 1 1 1 0 4 4 1 2062    1 
24 3 1 0 0 2 0 1 1 1 1 1034    1 
24 3 1 2 2 0 0 1 3 3 1  712    1 
24 3 0 2 2 2 1 1 3 3 1  611    1 
24 3 0 1 3 3 1 0 4 4 1  881    1 
24 3 0 3 1 1 0 0 2 2 1  821    1 
24 3 1 0 2 2 1 0 1 1 1  932    1 
24 3 0 0 2 2 1 0 3 3 1  894    1 
24 3 1 2 0 0 0 0 3 3 1 1041    1 
24 3 1 3 3 3 1 1 4 4 1  607    1 
24 3 0 2 0 0 0 0 1 1 1  957    1 
24 3 0 2 0 0 0 0 1 1 1  542    0 
24 3 0 2 2 2 1 1 3 3 1 1567    1 
24 3 0 1 3 3 0 0 4 4 1  840    1 
24 3 1 3 1 1 0 0 4 2 0 1349    1 
24 3 0 1 1 3 0 1 2 2 1  604    1 
24 3 1 3 3 1 0 1 4 4 1  739    1 
24 3 0 0 0 0 1 1 1 1 1  676    1 
24 3 0 3 3 3 1 1 4 4 1 1024    1 
24 3 0 2 2 0 0 1 3 3 1  734    1 
24 3 0 3 1 1 1 0 2 2 1 1192    1 
24 3 0 3 3 1 0 1 4 4 1  711    1 
24 3 1 2 0 0 1 0 3 3 1  762    1 
24 3 1 0 0 2 0 1 1 1 1  867    1 
24 3 0 3 3 3 1 1 4 4 1  503    1 
24 3 0 0 0 2 0 1 1 1 1  634    1 
24 3 0 3 3 1 0 1 4 4 1  615    1 
24 3 0 2 0 0 1 0 1 1 1 1550    1 
24 3 0 2 2 2 1 1 3 3 1 1351    1 
24 3 1 2 2 0 0 1 3 3 1 1159    0 
24 3 1 0 0 0 1 1 1 1 1  752    1 
24 3 0 2 0 0 0 0 1 1 1 1257    0 
24 3 0 1 1 1 1 1 2 2 1  598    1 
24 3 0 3 3 1 0 1 4 4 1  621    1 
24 3 0 0 0 0 1 1 1 1 1  651    1 
24 3 1 1 1 3 0 1 2 2 1 1280    1 
24 3 0 0 0 0 1 1 1 1 1  604    1 
24 3 0 0 0 2 0 1 1 1 1  907    1 
24 3 0 2 0 0 0 0 1 1 1  902    1 
24 3 1 1 3 3 1 0 2 2 1 1992    1 
24 3 0 2 0 0 1 0 1 3 0  704    1 
24 3 1 2 0 0 0 0 3 3 1 1553    1 
24 3 0 0 0 0 1 1 1 1 1  690    1 
24 3 0 0 0 2 0 1 1 1 1  541    1 
24 3 0 2 0 0 0 0 1 1 1  758    1 
24 3 0 1 3 3 1 0 4 4 1 1279    1 
24 3 1 3 3 3 1 1 4 4 1  667    1 
24 3 0 1 3 3 0 0 4 4 1  367    1 
24 3 0 1 1 3 0 1 2 2 1  895    1 
24 3 0 3 3 3 1 1 4 4 1  499    1 
24 3 0 1 1 3 0 1 2 2 1  678    1 
24 3 1 3 1 1 0 0 4 4 1  962    1 
24 3 0 2 0 0 0 0 1 1 1  915    1 
24 3 0 2 0 0 1 0 1 1 1  949    1 
24 3 0 1 1 1 1 1 2 2 1  678    1 
24 3 0 1 3 3 1 0 4 4 1  778    1 
24 3 0 2 2 0 0 1 3 3 1  698    1 
24 3 0 1 1 1 1 1 2 2 1  694    1 
24 3 0 0 2 2 0 0 3 3 1 1921    1 
24 3 0 3 3 1 0 1 4 4 1  627    1 
24 3 0 2 0 0 1 0 1 1 1  953    1 
24 3 0 2 2 2 1 1 3 3 1  642   33 
24 3 0 0 0 0 1 1 1 1 1  616    1 
24 3 0 3 1 1 0 0 2 2 1  822    1 
24 3 0 1 3 3 1 0 4 2 0  596    0 
24 3 0 1 3 3 0 0 4 4 1  585    1 
24 3 0 0 0 0 1 1 1 1 1  561    1 
24 3 0 3 3 1 0 1 4 4 1  650    1 
24 3 1 1 1 3 0 1 2 2 1 1294    1 
24 3 1 0 0 0 1 1 1 1 1  706    1 
24 3 0 3 1 1 1 0 2 4 0  500    1 
24 3 0 1 3 3 1 0 4 4 1  749    0 
24 3 0 1 3 3 0 0 4 4 1  502    1 
24 3 1 1 3 3 1 0 2 2 1  977    1 
24 3 0 1 1 1 1 1 2 2 1  649    1 
24 3 0 1 1 1 1 1 2 2 1  438    1 
24 3 0 1 1 1 1 1 2 2 1  419    1 
24 3 0 3 3 3 1 1 4 4 1  529    1 
24 3 0 2 0 0 0 0 1 1 1  859    1 
24 3 0 2 0 0 0 0 1 1 1  416    1 
24 3 0 1 3 3 0 0 4 4 1  758    1 
24 3 0 2 0 0 1 0 1 1 1  967    0 
24 3 0 1 1 1 1 1 2 2 1  775    1 
24 3 0 0 2 2 0 0 3 3 1  807    1 
24 3 0 1 3 3 1 0 4 4 1  622    1 
24 3 1 0 2 2 0 0 1 1 1  820    1 
24 3 1 0 2 2 1 0 1 1 1  658    1 
24 3 1 1 1 3 0 1 2 2 1 1095    1 
24 3 0 0 0 0 1 1 1 1 1  722    1 
24 3 0 2 0 0 1 0 1 1 1  324    1 
24 3 1 1 1 1 1 1 2 2 1  838    1 
24 3 0 2 2 2 1 1 3 3 1  708    1 
24 3 0 3 1 1 0 0 2 2 1  991    1 
24 3 0 1 3 3 1 0 4 4 1  582    1 
24 3 0 2 2 0 0 1 3 3 1  637    1 
24 3 0 3 3 1 0 1 4 4 1  579    1 
24 3 0 0 2 2 0 0 3 3 1  795    1 
24 3 1 3 3 3 1 1 4 4 1  834    1 
24 3 0 0 2 2 1 0 3 3 1  712    1 
24 3 0 3 1 1 1 0 2 2 1  867    1 
24 3 0 1 3 3 1 0 4 4 1  551    1 
24 3 0 1 1 3 0 1 2 4 0  495    1 
24 3 0 0 2 2 0 0 3 3 1 1129    1 
24 3 1 2 0 0 0 0 3 3 1  803    1 
24 3 0 3 3 3 1 1 4 4 1  562   48 
24 3 0 3 3 3 1 1 4 4 1  715    1 
24 3 0 2 2 0 0 1 3 3 1  557    1 
24 3 0 1 1 1 1 1 2 2 1  734    1 
24 3 0 1 3 3 1 0 4 4 1  568    1 
24 3 0 1 1 1 1 1 2 2 1  592    1 
24 3 1 0 0 0 1 1 1 1 1  871    1 
24 3 0 2 2 0 0 1 3 3 1  635    0 
24 3 0 3 1 1 1 0 2 2 1  793    1 
24 3 0 1 1 3 0 1 2 2 1  568    1 
24 3 0 3 1 1 0 0 2 2 1  480    1 
24 3 0 3 3 1 0 1 4 4 1  868    1 
24 3 1 1 3 3 1 0 2 2 1  880    1 
24 3 0 3 1 1 1 0 2 2 1  716    1 
24 3 0 1 1 3 0 1 2 2 1  479    1 
24 3 0 3 1 1 1 0 2 2 1  691    1 
24 3 0 2 2 0 0 1 3 3 1  542    1 
24 3 0 2 0 0 0 0 1 1 1  511    1 
24 3 0 2 0 0 1 0 1 1 1  370    1 
24 3 1 2 0 0 0 0 3 1 0  658    1 
24 3 0 2 2 2 1 1 3 3 1  789    1 
24 3 0 2 0 0 0 0 1 1 1  740    1 
24 3 1 0 2 2 0 0 1 1 1 1126    1 
24 3 1 3 3 3 1 1 4 4 1  640    1 
24 3 1 1 3 3 0 0 2 2 1  629    1 
24 3 1 0 2 2 1 0 1 1 1  716    1 
24 3 0 2 0 0 0 0 1 1 1 1206    1 
24 3 0 1 3 3 0 0 4 4 1  756    1 
24 3 0 1 1 3 0 1 2 2 1  693    1 
24 3 1 3 3 1 0 1 4 4 1  849    1 
24 3 1 0 0 2 0 1 1 1 1  957    1 
24 3 0 0 2 2 1 0 3 3 1  758    1 
24 3 1 0 0 0 1 1 1 1 1  695    1 
24 3 0 0 2 2 0 0 3 3 1  866    1 
24 3 0 3 1 1 1 0 2 2 1 1158    0 
24 3 0 0 0 2 0 1 1 1 1  583    1 
24 3 0 0 0 0 1 1 1 1 1 1463    1 
24 3 0 3 1 1 1 0 2 2 1  852    1 
24 3 0 2 2 2 1 1 3 3 1  496   46 
24 3 0 2 2 0 0 1 3 3 1  548    1 
24 3 0 1 1 3 0 1 2 2 1  509    1 
24 3 0 1 3 3 1 0 4 4 1  560    1 
24 3 1 3 3 1 0 1 4 4 1  961  104 
24 3 0 3 3 3 1 1 4 4 1  593    1 
24 3 1 0 0 2 0 1 1 1 1  801    1 
24 3 1 2 0 0 0 0 3 3 1  808    1 
24 3 0 3 1 1 0 0 2 2 1  910    1 
24 3 1 3 3 1 0 1 4 4 1  689    1 
24 3 0 1 1 1 1 1 2 2 1  573    1 
24 3 0 1 3 3 1 0 4 3 0  485    1 
24 3 0 3 1 1 1 0 2 2 1 1142    1 
24 3 0 1 1 1 1 1 2 2 1  448    1 
24 3 1 2 2 2 1 1 3 3 1  717    1 
24 3 1 1 3 3 0 0 2 2 1  663    1 
24 3 0 2 2 0 0 1 3 3 1  572    1 
24 3 0 1 3 3 0 0 4 2 0  524    1 
24 3 1 0 0 0 1 1 1 1 1  748    1 
24 4 0 1 2 3 0 0 3 3 1 1723    1 
24 4 1 1 1 3 0 1 2 2 1 1742    1 
24 4 0 0 0 0 1 1 1 1 1  639    1 
24 4 0 0 1 1 1 0 2 2 1  757    1 
24 4 1 3 3 1 0 1 4 4 1  541    1 
24 4 0 2 2 2 1 1 3 3 1  519    1 
24 4 0 0 0 2 0 1 1 1 1 1545    1 
24 4 0 1 2 2 1 0 3 3 1  770    1 
24 4 1 3 3 3 1 1 4 4 1  506    1 
24 4 0 1 2 3 0 0 3 2 0  645    1 
24 4 1 1 2 3 0 0 2 2 1  937    1 
24 4 0 2 2 0 0 1 3 3 1  722    1 
24 4 0 1 2 2 1 0 3 3 1  812    1 
24 4 0 0 1 2 0 0 2 2 1 1059    0 
24 4 0 3 3 1 0 1 4 4 1  576    1 
24 4 1 1 1 1 1 1 2 2 1  784    1 
24 4 0 2 2 2 1 1 3 3 1  463    1 
24 4 0 2 2 2 1 1 3 3 1  428    1 
24 4 1 3 3 3 1 1 4 4 1  778    1 
24 4 0 2 2 2 1 1 3 3 1  818    1 
24 4 0 2 2 2 1 1 3 3 1  872    1 
24 4 0 1 1 3 0 1 2 2 1  596    1 
24 4 0 2 3 3 1 0 4 4 1  436    1 
24 4 1 0 1 2 0 0 1 1 1  849    1 
24 4 1 3 0 1 0 0 4 4 1  710    1 
24 4 0 1 1 3 0 1 2 2 1  777    1 
24 4 0 0 0 2 0 1 1 1 1  689    1 
24 4 0 2 2 0 0 1 3 3 1  660   39 
24 4 1 0 1 2 0 0 1 1 1  897    1 
24 4 1 0 1 2 0 0 1 1 1  605    1 
24 4 0 1 1 1 1 1 2 2 1  643    1 
24 4 1 3 0 0 1 0 4 4 1  777    1 
24 4 0 3 0 0 1 0 1 4 0  489    1 
24 4 1 3 0 0 1 0 4 4 1 1178    1 
24 4 0 2 2 2 1 1 3 3 1  546    1 
24 4 0 2 2 2 1 1 3 3 1  364    1 
24 4 0 0 0 2 0 1 1 1 1  605    1 
24 4 0 0 0 0 1 1 1 1 1  451    1 
24 4 0 2 3 0 0 0 4 3 0  528    1 
24 4 1 0 1 1 1 0 1 1 1 1008    1 
24 4 0 0 1 2 0 0 2 2 1 1303    0 
24 4 0 0 1 1 1 0 2 2 1  410    1 
24 4 0 2 2 0 0 1 3 3 1  545    1 
24 4 1 1 1 1 1 1 2 2 1  834    1 
24 4 1 3 0 0 1 0 4 4 1  719    1 
24 4 0 1 1 1 1 1 2 2 1  658    1 
24 4 0 1 2 2 1 0 3 3 1  638    1 
24 4 0 0 1 1 1 0 2 2 1  876    1 
24 4 0 3 3 1 0 1 4 4 1  632    0 
24 4 0 2 3 0 0 0 4 4 1  678    1 
24 4 0 3 3 3 1 1 4 4 1  674    1 
24 4 0 2 3 0 0 0 4 4 1  646    0 
24 4 0 3 0 1 0 0 1 1 1  771    1 
24 4 0 3 0 0 1 0 1 1 1  516    1 
24 4 0 0 0 0 1 1 1 1 1  518   28 
24 4 0 3 3 3 1 1 4 4 1  536    1 
24 4 0 0 0 0 1 1 1 1 1  737   42 
24 4 0 0 1 2 0 0 2 2 1  763    1 
24 4 0 3 3 1 0 1 4 4 1  611    1 
24 4 0 1 1 3 0 1 2 2 1  850    1 
24 4 0 3 0 1 0 0 1 1 1  975    1 
24 4 0 3 3 3 1 1 4 4 1  567    1 
24 4 1 3 0 1 0 0 4 4 1 1047    1 
24 4 1 1 1 3 0 1 2 2 1  756    0 
24 4 1 1 2 3 0 0 2 3 0  773    1 
24 4 1 0 1 2 0 0 1 1 1  819    1 
24 4 0 0 0 0 1 1 1 1 1 1394    1 
24 4 1 0 0 2 0 1 1 1 1  761    0 
24 4 0 2 3 3 1 0 4 4 1  850    1 
24 4 0 2 2 2 1 1 3 3 1  639    1 
24 4 1 1 1 1 1 1 2 2 1  740   30 
24 4 0 2 2 2 1 1 3 3 1  765    1 
24 4 1 0 1 2 0 0 1 1 1  933    1 
24 4 0 2 2 0 0 1 3 3 1  959    1 
24 4 0 1 2 3 0 0 3 3 1 1624    1 
24 4 0 1 1 1 1 1 2 2 1  622    1 
24 4 1 2 3 0 0 0 3 3 1 1292    1 
24 4 0 3 0 0 1 0 1 1 1  783    1 
24 4 0 3 3 1 0 1 4 4 1  791    1 
24 4 1 3 0 1 0 0 4 4 1 1246    1 
24 4 1 1 1 3 0 1 2 2 1  756    1 
24 4 0 0 0 0 1 1 1 1 1  612    1 
24 4 0 1 1 1 1 1 2 2 1  651    1 
24 4 1 3 0 1 0 0 4 4 1 1096    1 
24 4 0 2 3 3 1 0 4 3 0  556    1 
24 4 0 3 0 0 1 0 1 1 1 1458   38 
24 4 0 1 2 3 0 0 3 3 1  751    1 
24 4 0 2 3 3 1 0 4 4 1  544    1 
24 4 0 3 3 3 1 1 4 4 1  465    1 
24 4 0 1 2 3 0 0 3 3 1  622    1 
24 4 1 1 2 2 1 0 2 2 1 1284    1 
24 4 0 0 1 1 1 0 2 2 1 1128    1 
24 4 0 0 1 1 1 0 2 2 1  410    1 
24 4 1 0 0 2 0 1 1 1 1 1072    1 
24 4 0 0 1 1 1 0 2 2 1  661    1 
24 4 1 0 1 1 1 0 1 1 1  833    1 
24 4 0 1 1 1 1 1 2 2 1  663    1 
24 4 1 3 3 1 0 1 4 4 1  667    1 
24 4 1 3 3 1 0 1 4 4 1  632    1 
24 4 0 1 1 3 0 1 2 2 1  894    1 
24 4 0 2 3 0 0 0 4 4 1  705    1 
24 4 0 2 2 2 1 1 3 3 1 1124    1 
24 4 0 2 3 0 0 0 4 4 1  710    1 
24 4 0 2 2 0 0 1 3 3 1 1537    1 
24 4 0 3 3 3 1 1 4 4 1  594    1 
24 4 0 2 2 0 0 1 3 3 1 1130    1 
24 4 0 1 1 1 1 1 2 2 1  876    1 
24 4 0 2 2 0 0 1 3 3 1  584    1 
24 4 0 0 0 2 0 1 1 1 1  615    1 
24 4 0 1 1 1 1 1 2 2 1  645    1 
24 4 0 3 0 0 1 0 1 1 1  771    1 
24 4 0 3 0 1 0 0 1 1 1  867    1 
24 4 0 2 3 3 1 0 4 4 1  815    1 
24 4 0 3 3 1 0 1 4 4 1  598    1 
24 4 0 1 2 3 0 0 3 3 1 1181    1 
24 4 0 2 3 0 0 0 4 4 1  629    1 
24 4 0 0 1 2 0 0 2 2 1  739    1 
24 4 0 1 1 1 1 1 2 2 1  509    1 
24 4 1 2 3 0 0 0 3 3 1 1080    1 
24 4 0 2 3 3 1 0 4 4 1  548    1 
24 4 0 3 3 1 0 1 4 4 1  485    1 
24 4 0 2 2 0 0 1 3 3 1  537    1 
24 4 0 2 3 0 0 0 4 4 1  394    1 
24 4 0 3 0 0 1 0 1 1 1  753    1 
24 4 0 0 1 1 1 0 2 2 1  570    1 
24 4 1 1 1 3 0 1 2 2 1  618    0 
24 4 0 1 2 3 0 0 3 3 1  688    1 
24 4 0 2 3 0 0 0 4 4 1  532    0 
24 4 0 0 1 1 1 0 2 2 1  910    1 
24 4 0 0 1 1 1 0 2 2 1  489    1 
24 4 0 2 2 0 0 1 3 3 1  572    1 
24 4 1 0 1 1 1 0 1 1 1 1196    1 
24 4 0 2 2 2 1 1 3 3 1  596    1 
24 4 0 0 0 2 0 1 1 1 1  923    1 
24 4 0 3 0 0 1 0 1 1 1 1453    1 
24 4 0 3 0 1 0 0 1 1 1  730    1 
24 4 0 2 3 3 1 0 4 4 1  516    1 
24 4 0 0 1 2 0 0 2 2 1  582    1 
24 4 0 0 0 0 1 1 1 1 1  598    1 
24 4 0 1 2 3 0 0 3 3 1  965    1 
24 4 0 0 0 0 1 1 1 1 1 1134    1 
24 4 1 2 3 3 1 0 3 3 1  999    1 
24 4 0 0 1 2 0 0 2 2 1  806    1 
24 4 0 1 2 3 0 0 3 3 1 1109    1 
24 4 0 3 0 0 1 0 1 1 1  808    1 
24 4 0 0 1 2 0 0 2 2 1  558    1 
24 4 0 1 1 3 0 1 2 2 1  551    1 
24 4 0 0 1 2 0 0 2 2 1  512    0 
24 4 0 2 2 0 0 1 3 4 0  563    1 
24 4 0 3 0 0 1 0 1 1 1 1345    1 
24 4 1 1 1 3 0 1 2 2 1 1211    1 
24 4 0 2 3 3 1 0 4 4 1  754    1 
24 4 0 0 0 0 1 1 1 1 1  690    1 
24 4 0 1 1 3 0 1 2 2 1  590    1 
24 4 0 0 1 2 0 0 2 2 1  581    1 
24 4 0 1 1 1 1 1 2 2 1  381    1 
24 4 0 1 2 2 1 0 3 3 1  669    1 
24 4 0 2 2 0 0 1 3 3 1  610    1 
24 4 0 0 0 2 0 1 1 1 1  616    1 
24 4 1 1 1 3 0 1 2 2 1  646    0 
24 4 0 3 0 1 0 0 1 1 1  668    1 
24 4 0 0 0 2 0 1 1 1 1  512    1 
24 4 0 3 3 3 1 1 4 4 1  603    1 
24 4 1 0 1 2 0 0 1 1 1 1193    1 
24 4 1 0 1 1 1 0 1 2 0  961    1 
24 4 0 2 3 3 1 0 4 3 0  568    1 
24 4 0 3 3 3 1 1 4 4 1  798    1 
24 4 1 3 0 0 1 0 4 4 1 1533    1 
24 4 0 3 3 3 1 1 4 4 1  431    1 
24 4 1 0 0 0 1 1 1 1 1 1013    1 
24 4 0 1 2 3 0 0 3 3 1  836    1 
24 4 1 2 2 2 1 1 3 3 1 1521    1 
24 4 0 2 3 0 0 0 4 4 1  987    1 
24 4 1 2 2 0 0 1 3 3 1  875    1 
24 4 0 1 1 1 1 1 2 2 1  711    1 
24 4 0 2 2 0 0 1 3 3 1  817    1 
24 4 0 1 2 2 1 0 3 3 1  744    1 
24 4 1 1 2 2 1 0 2 2 1  721    1 
24 4 0 1 2 2 1 0 3 3 1  787    1 
24 4 0 3 0 0 1 0 1 1 1 1419    1 
24 4 0 3 0 0 1 0 1 1 1  513    1 
24 4 0 3 0 0 1 0 1 1 1  443    1 
24 4 1 0 0 2 0 1 1 1 1 1057    1 
24 4 0 1 1 3 0 1 2 2 1  990    1 
24 4 1 3 0 0 1 0 4 4 1 1157    1 
24 4 0 3 3 1 0 1 4 4 1  734    1 
24 4 1 2 2 0 0 1 3 3 1  831    1 
24 4 0 3 3 1 0 1 4 4 1  901    0 
24 4 1 3 3 3 1 1 4 4 1 1024    1 
24 4 0 1 1 3 0 1 2 2 1  686    1 
24 4 0 1 1 1 1 1 2 2 1  554    1 
24 4 0 2 3 3 1 0 4 3 0  722    1 
