1 1 0 2 0 1 0 0 1 1 1 3152    1 
1 1 0 3 1 1 1 0 2 2 1 2001    1 
1 1 1 2 2 1 0 1 3 3 1 1232    1 
1 1 0 2 0 1 0 0 1 1 1 1118    1 
1 1 0 3 3 3 1 1 4 4 1  648    1 
1 1 0 1 3 3 1 0 4 4 1  974    1 
1 1 0 3 3 3 1 1 4 4 1  982    1 
1 1 1 3 1 1 1 0 4 4 1 1126    1 
1 1 0 2 2 2 1 1 3 3 1  832    1 
1 1 1 1 1 0 0 1 2 2 1  886    0 
1 1 0 0 2 3 0 0 3 3 1  913    1 
1 1 0 0 2 2 1 0 3 2 0 1172    1 
1 1 0 1 3 0 0 0 4 4 1 1010    1 
1 1 0 0 2 2 1 0 3 3 1 1009    1 
1 1 1 2 2 1 0 1 3 3 1 1496    1 
1 1 0 3 3 3 1 1 4 4 1  731    1 
1 1 1 1 3 0 0 0 2 2 1 1597    1 
1 1 0 2 2 1 0 1 3 3 1  845    1 
1 1 0 2 0 1 0 0 1 1 1  803    1 
1 1 1 1 3 0 0 0 2 2 1 1233    1 
1 1 1 2 2 2 1 1 3 3 1  839    1 
1 1 1 2 0 1 0 0 3 3 1 1164    1 
1 1 0 0 0 3 0 1 1 1 1  973    1 
1 1 0 1 3 3 1 0 4 4 1  797    1 
1 1 0 0 2 3 0 0 3 3 1 1141    1 
1 1 0 2 0 0 1 0 1 1 1 1998    0 
1 1 0 1 1 0 0 1 2 2 1  654    1 
1 1 0 2 0 1 0 0 1 1 1  795    1 
1 1 0 3 1 1 1 0 2 2 1 1402    1 
1 1 0 3 1 2 0 0 2 2 1  913    1 
1 1 1 0 0 0 1 1 1 1 1  964    1 
1 1 1 1 1 0 0 1 2 2 1 1621    1 
1 1 0 2 0 1 0 0 1 1 1 1699    1 
1 1 0 3 3 2 0 1 4 4 1 2078    1 
1 1 0 0 2 2 1 0 3 3 1 1522    1 
1 1 0 1 3 0 0 0 4 4 1  756    1 
1 1 0 2 0 1 0 0 1 2 0  597    0 
1 1 1 2 2 2 1 1 3 3 1 2099    1 
1 1 0 2 2 2 1 1 3 3 1  502    1 
1 1 0 3 1 1 1 0 2 2 1 1192    1 
1 1 0 3 3 3 1 1 4 4 1  624    1 
1 1 1 0 2 2 1 0 1 1 1 2334    1 
1 1 0 2 0 0 1 0 1 1 1  960    1 
1 1 0 0 2 2 1 0 3 3 1 3176    1 
1 1 0 1 3 3 1 0 4 4 1 1081    1 
1 1 1 2 0 0 1 0 3 3 1 1517    1 
1 1 1 3 3 3 1 1 4 4 1 1167    1 
1 1 1 2 0 1 0 0 3 3 1 1167    1 
1 1 0 1 1 0 0 1 2 2 1  928    1 
1 1 0 1 1 1 1 1 2 2 1  546    1 
1 1 0 3 1 1 1 0 2 2 1 1035    1 
1 1 1 0 0 3 0 1 1 1 1  897    1 
1 1 0 1 1 1 1 1 2 2 1 1508    1 
1 1 1 2 0 1 0 0 3 3 1 1319    1 
1 1 0 3 3 3 1 1 4 4 1  833    1 
1 1 1 2 2 2 1 1 3 3 1 1247    1 
1 1 0 1 1 1 1 1 2 2 1  644    1 
1 1 0 1 1 0 0 1 2 2 1  570    1 
1 1 1 0 0 0 1 1 1 1 1  730    1 
1 1 0 1 1 1 1 1 2 2 1  636    1 
1 1 0 1 3 0 0 0 4 4 1  962    1 
1 1 0 1 3 3 1 0 4 4 1  506    1 
1 1 0 1 3 3 1 0 4 4 1  469    1 
1 1 1 3 3 3 1 1 4 4 1  657    1 
1 1 0 0 2 2 1 0 3 3 1 1334    1 
1 1 0 2 2 2 1 1 3 3 1  840    1 
1 1 0 3 3 2 0 1 4 4 1  645    0 
1 1 0 1 1 0 0 1 2 2 1  627    1 
1 1 1 3 1 2 0 0 4 4 1  657    1 
1 1 0 1 3 0 0 0 4 4 1 1038    1 
1 1 0 0 0 3 0 1 1 1 1  651    1 
1 1 1 2 0 1 0 0 3 1 0  528    1 
1 1 0 1 1 0 0 1 2 2 1  768    1 
1 1 0 2 2 1 0 1 3 3 1 1048    1 
1 1 0 3 1 1 1 0 2 2 1  918    1 
1 1 0 0 2 2 1 0 3 1 0  640    1 
1 1 0 1 1 1 1 1 2 2 1  643    1 
1 1 0 2 0 0 1 0 1 1 1 1545    1 
1 1 1 3 3 2 0 1 4 4 1  970    0 
1 1 0 2 2 2 1 1 3 3 1 1234    1 
1 1 0 0 2 3 0 0 3 3 1  944    1 
1 1 0 0 2 2 1 0 3 3 1  962    1 
1 1 0 3 1 1 1 0 2 2 1 1298    0 
1 1 1 3 3 3 1 1 4 2 0  830    1 
1 1 0 2 0 1 0 0 1 1 1  986    0 
1 1 0 3 1 2 0 0 2 2 1 1026    1 
1 1 0 3 1 1 1 0 2 2 1  608    1 
1 1 0 0 2 2 1 0 3 3 1 1479    1 
1 1 0 2 2 1 0 1 3 3 1  627    1 
1 1 0 3 3 2 0 1 4 4 1  761    1 
1 1 1 1 3 3 1 0 2 2 1 1506    1 
1 1 0 3 1 2 0 0 2 2 1  933    1 
1 1 0 3 1 2 0 0 2 2 1  654    1 
1 1 1 1 1 1 1 1 2 2 1 1035    1 
1 1 1 3 1 1 1 0 4 4 1  816    1 
1 1 0 2 2 1 0 1 3 3 1  911    1 
1 1 0 3 1 2 0 0 2 2 1  921    1 
1 1 0 0 0 3 0 1 1 1 1  844    1 
1 1 0 2 2 1 0 1 3 3 1 1057    1 
1 1 0 1 1 0 0 1 2 2 1  694    1 
1 1 0 3 3 2 0 1 4 4 1  657    1 
1 1 0 3 3 2 0 1 4 4 1  534    1 
1 1 0 1 1 0 0 1 2 2 1  544    1 
1 1 0 3 1 2 0 0 2 2 1  713    1 
1 1 1 0 2 3 0 0 1 1 1 1396    1 
1 1 1 1 3 3 1 0 2 1 0 1011    0 
1 1 1 0 0 0 1 1 1 1 1 1488    1 
1 1 0 3 1 2 0 0 2 2 1  964    0 
1 1 0 0 0 3 0 1 1 1 1  621    1 
1 1 0 0 0 3 0 1 1 1 1  891    1 
1 1 0 2 0 0 1 0 1 1 1 1462    1 
1 1 0 2 0 0 1 0 1 1 1  419    1 
1 1 0 1 3 3 1 0 4 2 0  729    1 
1 1 0 3 1 2 0 0 2 2 1  833    1 
1 1 0 2 2 1 0 1 3 3 1  791    1 
1 1 1 0 0 0 1 1 1 1 1  822    1 
1 1 1 0 0 3 0 1 1 1 1  893    1 
1 1 0 2 2 2 1 1 3 3 1  688    1 
1 1 1 0 0 3 0 1 1 1 1  604    1 
1 1 0 0 0 0 1 1 1 1 1  954    1 
1 1 1 1 3 3 1 0 2 4 0  931    1 
1 1 0 0 0 0 1 1 1 1 1  731    1 
1 1 0 2 2 1 0 1 3 3 1 1957    1 
1 1 0 2 0 1 0 0 1 2 0  630    1 
1 1 1 3 1 1 1 0 4 4 1 1058    1 
1 1 0 1 3 0 0 0 4 4 1  767    1 
1 1 0 2 2 1 0 1 3 3 1  551    1 
1 1 0 0 2 2 1 0 3 3 1 1608    1 
1 1 0 2 2 1 0 1 3 3 1  583    1 
1 1 0 0 0 0 1 1 1 1 1 1318    1 
1 1 1 1 3 3 1 0 2 2 1 1208    1 
1 1 1 0 2 3 0 0 1 3 0  903    1 
1 1 1 3 1 2 0 0 4 4 1  808    1 
1 1 0 1 1 1 1 1 2 2 1  791    1 
1 1 0 1 3 3 1 0 4 4 1  910    1 
1 1 0 0 2 2 1 0 3 3 1 1377    1 
1 1 0 3 1 1 1 0 2 2 1  873    1 
1 1 0 1 1 0 0 1 2 2 1  773    1 
1 1 0 3 1 1 1 0 2 2 1 1406    1 
1 1 0 3 3 3 1 1 4 4 1  700    1 
1 1 0 3 3 3 1 1 4 4 1  751    1 
1 1 1 0 0 3 0 1 1 1 1  912    1 
1 1 0 3 3 2 0 1 4 4 1  851    1 
1 1 0 1 1 1 1 1 2 2 1  600    1 
1 1 0 2 0 1 0 0 1 1 1  919    1 
1 1 0 1 3 3 1 0 4 4 1  745    1 
1 1 0 2 2 1 0 1 3 3 1  594    1 
1 1 0 3 1 2 0 0 2 2 1  818    1 
1 1 0 1 3 3 1 0 4 4 1  816    1 
1 1 0 0 2 3 0 0 3 3 1  838    1 
1 1 0 3 1 1 1 0 2 2 1  803    1 
1 1 0 2 2 2 1 1 3 3 1  746    1 
1 1 0 0 0 0 1 1 1 1 1  788    1 
1 1 0 3 1 2 0 0 2 2 1  819    1 
1 1 0 0 0 0 1 1 1 1 1  673    1 
1 1 0 0 2 3 0 0 3 3 1  782    1 
1 1 1 2 2 2 1 1 3 3 1 1142    1 
1 1 0 3 3 2 0 1 4 4 1  679    1 
1 1 0 0 0 3 0 1 1 1 1  603    1 
1 1 0 1 3 0 0 0 4 4 1 1010    1 
1 1 0 1 1 1 1 1 2 2 1  737    1 
1 1 0 0 2 2 1 0 3 3 1  810    1 
1 1 1 1 3 3 1 0 2 2 1 1081   34 
1 1 0 0 2 3 0 0 3 3 1  949    1 
1 1 0 3 3 3 1 1 4 4 1  806    1 
1 1 1 2 2 1 0 1 3 3 1  821    1 
1 1 0 3 3 3 1 1 4 4 1  779    1 
1 1 0 0 0 0 1 1 1 1 1  731    1 
1 1 0 2 2 1 0 1 3 3 1  830    1 
1 1 1 1 3 0 0 0 2 2 1 1140    1 
1 1 1 0 2 2 1 0 1 1 1 1445    1 
1 1 0 3 3 2 0 1 4 3 0 1035    1 
1 1 0 2 0 1 0 0 1 1 1 1718    1 
1 1 0 3 3 2 0 1 4 4 1  705    1 
1 1 0 1 1 0 0 1 2 2 1  587    1 
1 1 0 0 0 0 1 1 1 1 1  867    1 
1 1 0 0 2 2 1 0 3 3 1  863    1 
1 1 1 3 3 3 1 1 4 4 1  932    1 
1 1 0 1 3 3 1 0 4 4 1  822    1 
1 1 0 0 0 3 0 1 1 1 1  612    1 
1 1 0 2 2 2 1 1 3 3 1  635    1 
1 1 0 0 0 3 0 1 1 1 1 1336    0 
1 1 1 1 1 1 1 1 2 2 1  986    1 
1 1 0 2 0 0 1 0 1 1 1 1161    1 
1 1 0 1 1 0 0 1 2 2 1  698    1 
1 1 0 2 0 1 0 0 1 1 1  894    1 
1 1 0 0 2 2 1 0 3 3 1  857    1 
1 1 1 1 3 3 1 0 2 4 0  870    1 
1 1 0 0 2 3 0 0 3 3 1 2272    1 
1 1 1 0 0 3 0 1 1 1 1 2613    1 
1 1 0 1 1 0 0 1 2 2 1  772    1 
1 1 0 2 2 1 0 1 3 3 1  636    1 
1 2 0 0 0 3 0 1 1 1 1 2292    1 
1 2 0 3 3 3 1 1 4 4 1  847    1 
1 2 0 0 0 0 1 1 1 1 1  853    1 
1 2 1 3 3 2 0 1 4 4 1 1018    1 
1 2 0 1 3 3 1 0 4 2 0  728    1 
1 2 0 1 1 1 1 1 2 2 1 1240    1 
1 2 0 2 0 0 1 0 1 3 0  678    1 
1 2 0 0 2 3 0 0 3 3 1  736    1 
1 2 1 0 2 2 1 0 1 1 1 1057    1 
1 2 1 3 1 1 1 0 4 2 0 1326    1 
1 2 0 1 3 3 1 0 4 4 1 1854    1 
1 2 0 3 3 3 1 1 4 4 1  771    1 
1 2 0 0 0 0 1 1 1 1 1 1083    1 
1 2 0 0 0 0 1 1 1 1 1  519    1 
1 2 0 0 2 2 1 0 3 3 1 2177    1 
1 2 1 2 2 1 0 1 3 3 1 1201    1 
1 2 0 2 2 2 1 1 3 3 1  528    1 
1 2 0 1 1 1 1 1 2 2 1  714    1 
1 2 1 2 2 1 0 1 3 3 1 1213    1 
1 2 0 2 2 1 0 1 3 3 1  460    1 
1 2 0 1 3 0 0 0 4 4 1  793    1 
1 2 1 2 2 1 0 1 3 3 1  792    1 
1 2 0 1 3 0 0 0 4 2 0  664    1 
1 2 1 0 0 3 0 1 1 1 1 1099    1 
1 2 0 1 1 1 1 1 2 2 1  701    1 
1 2 0 1 3 0 0 0 4 3 0  824    1 
1 2 0 3 1 2 0 0 2 2 1  844    1 
1 2 0 3 3 3 1 1 4 4 1  674    1 
1 2 0 3 3 2 0 1 4 4 1  494    1 
1 2 0 3 1 2 0 0 2 2 1  729    1 
1 2 1 0 0 3 0 1 1 1 1  588    1 
1 2 0 2 0 1 0 0 1 1 1  995    1 
1 2 0 3 1 1 1 0 2 2 1 1019    1 
1 2 0 0 2 2 1 0 3 3 1 1097    1 
1 2 0 2 0 0 1 0 1 1 1 1788    1 
1 2 0 1 1 0 0 1 2 2 1 1180    0 
1 2 1 1 3 3 1 0 2 2 1 1068    1 
1 2 1 0 2 2 1 0 1 1 1 1160    1 
1 2 0 1 1 0 0 1 2 2 1  625    1 
1 2 0 1 1 1 1 1 2 2 1  463    1 
1 2 0 2 2 2 1 1 3 3 1  540    1 
1 2 1 3 1 2 0 0 4 4 1 1381    1 
1 2 1 2 2 1 0 1 3 3 1 1030    1 
1 2 0 3 1 1 1 0 2 2 1 1028    3 
1 2 0 2 0 1 0 0 1 1 1  946    1 
1 2 1 0 0 0 1 1 1 1 1  955    0 
1 2 0 2 0 0 1 0 1 1 1  964    1 
1 2 0 2 2 1 0 1 3 3 1  797    1 
1 2 0 3 1 1 1 0 2 4 0  989    1 
1 2 1 3 1 1 1 0 4 4 1  906    1 
1 2 0 2 2 1 0 1 3 3 1  925    1 
1 2 1 2 2 2 1 1 3 3 1 1039    1 
1 2 0 0 0 0 1 1 1 1 1  669    1 
1 2 0 3 3 3 1 1 4 3 0  681    1 
1 2 0 1 1 1 1 1 2 2 1  747    1 
1 2 0 2 0 0 1 0 1 2 0 1036    1 
1 2 0 3 1 1 1 0 2 2 1 1712    1 
1 2 0 1 1 1 1 1 2 2 1  459    1 
1 2 0 1 3 3 1 0 4 4 1  648    1 
1 2 0 0 0 0 1 1 1 1 1  565    0 
1 2 1 1 3 3 1 0 2 2 1  942    1 
1 2 0 3 3 3 1 1 4 4 1  615    1 
1 2 0 0 0 3 0 1 1 1 1 1598    1 
1 2 1 2 2 1 0 1 3 3 1  869    1 
1 2 0 0 2 2 1 0 3 3 1 1537    1 
1 2 0 1 1 1 1 1 2 2 1  595    1 
1 2 0 1 3 3 1 0 4 4 1  858    1 
1 2 0 3 3 3 1 1 4 4 1  503    1 
1 2 1 1 1 1 1 1 2 2 1  778    1 
1 2 0 2 0 1 0 0 1 3 0  858    1 
1 2 0 3 1 1 1 0 2 2 1  925    0 
1 2 0 2 0 1 0 0 1 3 0  799    1 
1 2 0 1 3 3 1 0 4 4 1 1260    1 
1 2 0 2 0 0 1 0 1 1 1  873    1 
1 2 0 0 0 0 1 1 1 1 1  725    0 
1 2 0 3 1 2 0 0 2 2 1  743    1 
1 2 0 2 0 1 0 0 1 3 0  761    1 
1 2 1 1 1 1 1 1 2 2 1 1103    1 
1 2 0 2 2 1 0 1 3 3 1 1042    1 
1 2 0 3 1 2 0 0 2 2 1  752    1 
1 2 0 3 1 2 0 0 2 2 1  601    1 
1 2 0 3 1 2 0 0 2 2 1  471    1 
1 2 0 1 1 0 0 1 2 2 1  707    1 
1 2 0 2 2 1 0 1 3 3 1  710    1 
1 2 0 0 2 3 0 0 3 3 1  977    1 
1 2 0 2 0 1 0 0 1 1 1  833    1 
1 2 1 3 3 2 0 1 4 4 1 1183    1 
1 2 0 2 0 0 1 0 1 1 1 1230    1 
1 2 0 2 2 2 1 1 3 3 1  620    1 
1 2 0 1 3 0 0 0 4 4 1 1651    1 
1 2 1 1 3 0 0 0 2 2 1 1280    1 
1 2 0 1 1 0 0 1 2 2 1  916    1 
1 2 0 1 3 3 1 0 4 4 1  686    1 
1 2 0 0 0 0 1 1 1 1 1  625    1 
1 2 0 0 0 3 0 1 1 1 1  511    1 
1 2 0 2 0 1 0 0 1 1 1  682    1 
1 2 0 1 3 3 1 0 4 4 1  718    1 
1 2 0 3 1 2 0 0 2 2 1  784    1 
1 2 0 3 1 2 0 0 2 2 1  759    1 
1 2 0 3 3 3 1 1 4 4 1  968    1 
1 2 0 3 3 2 0 1 4 4 1  512    1 
1 2 1 1 3 0 0 0 2 2 1 1163    1 
1 2 0 0 0 3 0 1 1 1 1 1372    1 
1 2 0 1 1 0 0 1 2 2 1  644    1 
1 2 1 2 0 1 0 0 3 3 1 1338    1 
1 2 1 3 3 2 0 1 4 4 1  971    1 
1 2 0 1 1 0 0 1 2 2 1 1003    1 
1 2 0 3 3 2 0 1 4 4 1  634    1 
1 2 0 2 2 1 0 1 3 3 1 1368    1 
1 2 0 0 0 3 0 1 1 1 1  488    1 
1 2 0 2 0 1 0 0 1 1 1  723    1 
1 2 0 1 1 0 0 1 2 2 1 1141    1 
1 2 0 0 2 2 1 0 3 3 1  879    1 
1 2 1 1 1 1 1 1 2 2 1 1123    1 
1 2 0 3 3 3 1 1 4 4 1  517    1 
1 2 0 3 1 2 0 0 2 2 1  679    1 
1 2 0 3 3 2 0 1 4 4 1  572    1 
1 2 0 0 0 3 0 1 1 1 1  604    1 
1 2 0 3 3 3 1 1 4 4 1  731    1 
1 2 0 3 1 1 1 0 2 2 1 1285    1 
1 2 0 3 1 2 0 0 2 2 1  560    1 
1 2 0 0 0 0 1 1 1 1 1  553    1 
1 2 0 0 0 3 0 1 1 1 1  570    1 
1 2 0 1 3 3 1 0 4 4 1  618    1 
1 2 0 0 2 2 1 0 3 3 1 1336    1 
1 2 0 1 3 0 0 0 4 4 1  714    0 
1 2 1 2 2 1 0 1 3 2 0  972    1 
1 2 1 2 2 2 1 1 3 3 1  627    1 
1 2 0 0 0 0 1 1 1 1 1  545    0 
1 2 1 0 2 2 1 0 1 1 1 1170    1 
1 2 1 3 3 3 1 1 4 4 1 1186    1 
1 2 0 2 0 1 0 0 1 1 1  962    1 
1 2 0 1 3 0 0 0 4 4 1  755    1 
1 2 1 2 0 1 0 0 3 3 1 1116    1 
1 2 0 0 0 3 0 1 1 1 1 1366    1 
1 2 0 0 0 0 1 1 1 1 1  470    1 
1 2 0 1 3 3 1 0 4 4 1  834    1 
1 2 1 1 3 3 1 0 2 2 1 1144    1 
1 2 0 0 2 2 1 0 3 3 1 1617    1 
1 2 1 3 3 2 0 1 4 4 1  911    1 
1 2 0 1 3 3 1 0 4 4 1  818    1 
1 2 0 3 1 2 0 0 2 2 1  744    1 
1 2 0 0 0 0 1 1 1 1 1 1058    1 
1 2 0 2 0 0 1 0 1 1 1  711   76 
1 2 0 0 2 3 0 0 3 3 1  881    1 
1 2 0 1 1 0 0 1 2 2 1  918    1 
1 2 1 0 2 3 0 0 1 1 1 1040    1 
1 2 0 0 0 0 1 1 1 1 1  837    1 
1 2 1 1 3 0 0 0 2 2 1 1755    1 
1 2 0 3 1 2 0 0 2 2 1  836    1 
1 2 0 1 1 0 0 1 2 2 1  521    1 
1 2 1 0 2 2 1 0 1 1 1  771    1 
1 2 1 1 1 1 1 1 2 2 1  883    1 
1 2 0 2 2 2 1 1 3 3 1  679    1 
1 2 0 0 0 3 0 1 1 2 0  595    1 
1 2 0 3 3 2 0 1 4 4 1  849    1 
1 2 0 1 1 0 0 1 2 2 1  597    1 
1 2 0 0 0 0 1 1 1 1 1 1389    1 
1 2 0 2 0 1 0 0 1 1 1  492    1 
1 2 0 2 0 0 1 0 1 1 1  552    1 
1 2 1 2 2 2 1 1 3 3 1  937    1 
1 2 0 1 3 3 1 0 4 2 0  874    1 
1 2 1 2 2 1 0 1 3 3 1 1148    1 
1 2 0 3 3 2 0 1 4 4 1  854    1 
1 2 0 0 0 3 0 1 1 1 1  619    1 
1 2 1 1 3 0 0 0 2 2 1 1097    1 
1 2 1 0 2 3 0 0 1 1 1 1132    1 
1 2 0 2 2 1 0 1 3 3 1  798    1 
1 2 0 2 2 2 1 1 3 3 1  861    1 
1 2 1 2 0 1 0 0 3 1 0 1970    1 
1 2 0 3 1 1 1 0 2 2 1 2200    1 
1 2 0 1 3 3 1 0 4 4 1  783    1 
1 2 0 2 2 1 0 1 3 3 1  703    1 
1 2 1 3 3 3 1 1 4 4 1  722  100 
1 2 0 3 1 1 1 0 2 2 1  996    1 
1 2 1 3 1 1 1 0 4 4 1 1203    1 
1 2 0 0 2 2 1 0 3 3 1 1098    1 
1 2 1 0 2 2 1 0 1 1 1  894    1 
1 2 0 1 3 0 0 0 4 4 1  745    1 
1 2 0 3 3 2 0 1 4 4 1  523    1 
1 2 0 3 3 2 0 1 4 4 1  437    1 
1 2 0 2 0 1 0 0 1 1 1  930    1 
1 2 1 0 0 3 0 1 1 1 1  948    1 
1 2 0 2 0 1 0 0 1 1 1 1422    1 
1 2 0 0 2 2 1 0 3 3 1  980    1 
1 2 1 0 2 3 0 0 1 1 1 2068    1 
1 2 0 1 3 3 1 0 4 4 1 1656    1 
1 2 1 0 0 3 0 1 1 1 1  685    1 
1 2 1 2 2 2 1 1 3 3 1  889    1 
1 2 0 2 0 0 1 0 1 1 1  884    1 
1 2 0 0 2 2 1 0 3 3 1 1144    1 
1 2 0 3 1 1 1 0 2 2 1 1569    1 
1 3 0 2 2 3 0 1 3 3 1 1350    1 
1 3 0 0 0 1 0 1 1 1 1  654    1 
1 3 0 2 2 2 1 1 3 3 1 1203    1 
1 3 0 1 0 2 0 0 1 1 1 1482    1 
1 3 0 1 1 1 1 1 2 1 0  750    1 
1 3 0 3 2 0 0 0 3 3 1 1020    1 
1 3 1 1 1 2 0 1 2 2 1 1387    1 
1 3 1 2 2 3 0 1 3 3 1  738    1 
1 3 1 3 3 3 1 1 4 4 1  604    1 
1 3 0 1 1 1 1 1 2 2 1  699    1 
1 3 0 0 3 3 1 0 4 3 0  886    1 
1 3 1 1 0 2 0 0 2 2 1 1311    1 
1 3 1 3 2 0 0 0 4 4 1  978    1 
1 3 0 3 3 3 1 1 4 4 1  546    1 
1 3 1 3 2 0 0 0 4 4 1  980    1 
1 3 0 2 1 3 0 0 2 2 1  828    1 
1 3 1 0 0 0 1 1 1 1 1 1082    1 
1 3 0 2 2 2 1 1 3 3 1  790    1 
1 3 1 3 2 2 1 0 4 4 1  829    1 
1 3 0 2 2 3 0 1 3 3 1  787    1 
1 3 0 2 1 1 1 0 2 2 1  947    1 
1 3 0 0 3 3 1 0 4 4 1 1100    1 
1 3 0 1 1 1 1 1 2 2 1  535    1 
1 3 0 0 0 0 1 1 1 1 1  609    1 
1 3 0 1 1 1 1 1 2 2 1  672    1 
1 3 0 1 1 1 1 1 2 2 1  460    0 
1 3 0 1 0 0 1 0 1 1 1  776    1 
1 3 0 1 0 2 0 0 1 1 1  617    1 
1 3 1 0 3 3 1 0 1 1 1  903    1 
1 3 0 0 0 1 0 1 1 1 1  738    1 
1 3 0 2 2 2 1 1 3 3 1  523    1 
1 3 0 2 2 2 1 1 3 3 1  461    1 
1 3 1 3 3 0 0 1 4 4 1  554    1 
1 3 0 0 0 0 1 1 1 1 1  539    0 
1 3 1 3 3 0 0 1 4 4 1  820    1 
1 3 0 0 3 1 0 0 4 4 1  906    1 
1 3 0 2 1 1 1 0 2 2 1  965    1 
1 3 1 1 0 2 0 0 2 2 1 1269    1 
1 3 0 2 1 1 1 0 2 2 1  506    1 
1 3 0 3 2 0 0 0 3 3 1 1148    1 
1 3 0 1 1 1 1 1 2 2 1  678    1 
1 3 0 0 3 3 1 0 4 4 1 1442    1 
1 3 0 0 3 1 0 0 4 4 1  488    1 
1 3 0 1 1 2 0 1 2 2 1  891    1 
1 3 0 2 1 1 1 0 2 2 1 1423    1 
1 3 0 3 2 0 0 0 3 3 1 1213    1 
1 3 0 1 1 2 0 1 2 2 1  828    1 
1 3 0 2 1 3 0 0 2 2 1  586    1 
1 3 0 1 0 0 1 0 1 1 1  625    1 
1 3 0 1 1 1 1 1 2 2 1  663    1 
1 3 0 1 0 0 1 0 1 1 1  748    1 
1 3 0 3 2 2 1 0 3 3 1  902    1 
1 3 1 2 2 2 1 1 3 3 1  600    1 
1 3 0 2 2 2 1 1 3 3 1  463    1 
1 3 0 2 1 3 0 0 2 2 1  668    0 
1 3 1 0 0 1 0 1 1 1 1  920    1 
1 3 0 2 1 3 0 0 2 2 1 1002    1 
1 3 0 0 3 1 0 0 4 4 1  873    1 
1 3 0 2 1 3 0 0 2 2 1  781    1 
1 3 0 2 1 3 0 0 2 2 1  502    1 
1 3 1 1 0 0 1 0 2 2 1 1016    1 
1 3 0 1 1 1 1 1 2 2 1  447    1 
1 3 0 2 1 3 0 0 2 2 1  780   29 
1 3 1 1 1 2 0 1 2 2 1  868    1 
1 3 0 0 0 1 0 1 1 1 1  696    1 
1 3 1 0 0 0 1 1 1 1 1  964    1 
1 3 0 0 0 0 1 1 1 1 1  653    1 
1 3 1 2 1 1 1 0 3 3 1 1961    1 
1 3 0 3 2 2 1 0 3 3 1 1506    1 
1 3 0 2 2 2 1 1 3 3 1  469    1 
1 3 0 1 0 0 1 0 1 1 1 1369    0 
1 3 1 3 3 3 1 1 4 4 1  929    1 
1 3 1 3 2 0 0 0 4 4 1 1356    1 
1 3 0 2 1 1 1 0 2 2 1  941    1 
1 3 1 1 1 1 1 1 2 2 1 1022    1 
1 3 0 2 1 3 0 0 2 2 1  580    1 
1 3 0 1 0 0 1 0 1 1 1 1348    1 
1 3 0 2 2 2 1 1 3 3 1  694    1 
1 3 0 3 2 2 1 0 3 4 0  657    1 
1 3 0 1 0 0 1 0 1 1 1  804    1 
1 3 0 0 0 1 0 1 1 1 1  579    1 
1 3 0 0 3 1 0 0 4 4 1  939    1 
1 3 0 0 0 0 1 1 1 1 1  829    1 
1 3 0 0 0 0 1 1 1 1 1  619    1 
1 3 0 2 1 1 1 0 2 2 1  785    1 
1 3 0 0 0 1 0 1 1 1 1  608    1 
1 3 1 1 1 1 1 1 2 2 1 1023    1 
1 3 0 3 3 3 1 1 4 4 1  757    1 
1 3 0 0 0 1 0 1 1 1 1  686    1 
1 3 0 0 0 1 0 1 1 1 1  458    1 
1 3 0 1 0 2 0 0 1 1 1  886    1 
1 3 0 3 2 0 0 0 3 3 1 2514    1 
1 3 0 0 0 0 1 1 1 1 1  573    1 
1 3 0 3 2 0 0 0 3 3 1  765    1 
1 3 0 0 3 1 0 0 4 4 1 1054    1 
1 3 0 2 2 3 0 1 3 3 1  579    1 
1 3 1 2 2 2 1 1 3 3 1  843    1 
1 3 0 1 0 0 1 0 1 1 1 1208    1 
1 3 0 3 2 0 0 0 3 3 1  791    1 
1 3 0 3 2 2 1 0 3 3 1  607    1 
1 3 0 3 2 0 0 0 3 3 1  477    1 
1 3 0 1 1 1 1 1 2 2 1  610    1 
1 3 0 3 3 0 0 1 4 4 1  584    1 
1 3 1 3 3 3 1 1 4 4 1  640    1 
1 3 0 2 2 3 0 1 3 3 1  621    1 
1 3 0 2 1 1 1 0 2 2 1  779    1 
1 3 0 1 1 2 0 1 2 2 1  820    1 
1 3 0 1 1 1 1 1 2 2 1  458    1 
1 3 0 0 0 1 0 1 1 1 1 1111    1 
1 3 0 2 1 1 1 0 2 2 1  753    1 
1 3 0 0 0 0 1 1 1 1 1 1434    1 
1 3 0 1 0 0 1 0 1 1 1  464    1 
1 3 0 3 3 3 1 1 4 4 1  581    1 
1 3 1 1 1 2 0 1 2 2 1  877    1 
1 3 1 3 2 0 0 0 4 4 1  697    1 
1 3 0 1 1 2 0 1 2 2 1  580    1 
1 3 1 1 0 0 1 0 2 2 1  749    1 
1 3 0 0 3 3 1 0 4 4 1  934    1 
1 3 0 1 0 0 1 0 1 1 1  991    0 
1 3 1 2 2 2 1 1 3 3 1 1183    1 
1 3 0 0 0 0 1 1 1 1 1  614    1 
1 3 0 2 2 3 0 1 3 3 1  821    1 
1 3 1 3 2 2 1 0 4 4 1  691    1 
1 3 1 3 3 3 1 1 4 4 1  575    1 
1 3 1 3 2 2 1 0 4 4 1  623    0 
1 3 1 2 2 3 0 1 3 3 1  701    1 
1 3 0 3 2 2 1 0 3 4 0  632    1 
1 3 0 3 3 0 0 1 4 4 1  603    1 
1 3 0 2 2 3 0 1 3 3 1  562    1 
1 3 0 0 0 0 1 1 1 1 1 1011    1 
1 3 1 2 1 1 1 0 3 3 1 1130    1 
1 3 1 3 2 0 0 0 4 4 1  700    0 
1 3 0 3 3 3 1 1 4 4 1  639    1 
1 3 0 1 0 0 1 0 1 1 1  940    1 
1 3 0 3 3 0 0 1 4 3 0  686    1 
1 3 0 1 1 2 0 1 2 2 1 1559    0 
1 3 0 1 1 1 1 1 2 2 1  736    1 
1 3 0 1 1 1 1 1 2 2 1  610    1 
1 3 0 2 1 1 1 0 2 2 1  465    1 
1 3 1 0 0 1 0 1 1 1 1  605    1 
1 3 0 0 3 1 0 0 4 4 1  884    0 
1 3 0 1 0 0 1 0 1 1 1  880    1 
1 3 0 2 1 3 0 0 2 3 0  580    1 
1 3 1 0 3 1 0 0 1 1 1 1530    1 
1 3 0 3 3 0 0 1 4 4 1  772    1 
1 3 0 0 0 0 1 1 1 1 1  812    1 
1 3 0 0 3 3 1 0 4 4 1 1195    1 
1 3 1 1 1 1 1 1 2 2 1  899    1 
1 3 0 3 3 0 0 1 4 4 1  637    1 
1 3 0 3 2 0 0 0 3 3 1  651    1 
1 3 0 1 1 2 0 1 2 2 1  744    0 
1 3 0 0 0 0 1 1 1 1 1  529    1 
1 3 0 1 0 2 0 0 1 1 1 1027    1 
1 3 0 3 2 0 0 0 3 3 1 1938    1 
1 3 0 0 3 1 0 0 4 4 1  779    1 
1 3 1 2 2 3 0 1 3 3 1 1171    1 
1 3 0 0 3 1 0 0 4 4 1  755    1 
1 3 1 3 2 0 0 0 4 4 1 1988    1 
1 3 0 2 2 3 0 1 3 3 1  796    1 
1 3 0 3 2 0 0 0 3 3 1  627    1 
1 3 1 0 3 3 1 0 1 4 0 1105    1 
1 3 0 0 0 0 1 1 1 1 1  578    1 
1 3 0 1 1 2 0 1 2 2 1  610    1 
1 3 0 0 0 1 0 1 1 1 1  633    1 
1 3 0 2 1 1 1 0 2 2 1  863    1 
1 3 0 3 2 0 0 0 3 3 1 1292    1 
1 3 0 2 1 3 0 0 2 2 1  815    1 
1 3 0 3 2 0 0 0 3 3 1 2046    1 
1 3 0 0 0 1 0 1 1 1 1  548    1 
1 3 0 2 2 3 0 1 3 3 1 1093    1 
1 3 0 1 0 2 0 0 1 1 1  849    1 
1 3 1 0 0 0 1 1 1 1 1  950    1 
1 3 0 2 1 3 0 0 2 2 1  735    1 
1 3 1 1 1 2 0 1 2 2 1 1344    1 
1 3 0 0 3 1 0 0 4 1 0  682    1 
1 3 0 0 3 3 1 0 4 4 1  715    1 
1 3 0 0 0 1 0 1 1 1 1  677    1 
1 3 1 1 0 2 0 0 2 2 1 1122    1 
1 3 0 3 2 2 1 0 3 3 1 2140    1 
1 3 1 1 1 1 1 1 2 2 1  821    0 
1 3 0 2 1 3 0 0 2 2 1  828    1 
1 3 0 0 0 0 1 1 1 1 1 1330    1 
1 3 0 3 2 0 0 0 3 4 0  924    1 
1 3 0 0 3 1 0 0 4 4 1  700    1 
1 3 1 3 2 0 0 0 4 4 1 1711    1 
1 3 0 3 3 0 0 1 4 4 1  682    1 
1 3 0 3 3 0 0 1 4 4 1  518    1 
1 3 1 2 1 3 0 0 3 3 1 1088    1 
1 3 1 3 3 3 1 1 4 4 1  772    1 
1 3 1 2 1 1 1 0 3 3 1  708    1 
1 3 0 3 3 3 1 1 4 4 1  695    1 
1 3 0 2 1 1 1 0 2 2 1 1426    1 
1 4 0 3 2 2 1 0 3 0 0 5000    1 
1 4 0 3 2 2 1 0 3 3 1 1992    1 
1 4 0 2 1 1 0 0 2 2 1  800    1 
1 4 0 1 0 0 0 0 1 1 1 1342    1 
1 4 0 1 0 0 0 0 1 1 1  488    1 
1 4 1 2 1 1 0 0 3 3 1 1163    1 
1 4 1 3 2 2 1 0 4 4 1 1444    0 
1 4 1 0 0 3 0 1 1 1 1  682    1 
1 4 0 1 1 1 1 1 2 2 1 1350    1 
1 4 1 1 0 0 1 0 2 1 0  919    1 
1 4 0 1 1 0 0 1 2 2 1  743    1 
1 4 0 3 3 2 0 1 4 4 1  648    1 
1 4 0 0 3 3 0 0 4 4 1 1038    1 
1 4 0 2 2 1 0 1 3 3 1  643    1 
1 4 0 0 3 3 1 0 4 4 1  745    1 
1 4 1 1 0 0 0 0 2 2 1  986    1 
1 4 1 3 3 3 1 1 4 4 1  834    1 
1 4 1 1 0 0 0 0 2 2 1  847    1 
1 4 1 3 3 2 0 1 4 4 1  613    1 
1 4 0 0 0 3 0 1 1 1 1 1060    1 
1 4 1 0 0 0 1 1 1 1 1  848    1 
1 4 0 1 0 0 1 0 1 1 1  854    1 
1 4 0 3 2 2 0 0 3 3 1  939    1 
1 4 0 3 2 2 0 0 3 3 1  476    1 
1 4 1 0 0 3 0 1 1 1 1  944    1 
1 4 0 2 1 1 1 0 2 2 1  898    1 
1 4 0 2 1 1 0 0 2 2 1  573    1 
1 4 0 2 1 1 1 0 2 2 1  486    1 
1 4 0 0 3 3 0 0 4 4 1  753    1 
1 4 0 2 2 2 1 1 3 3 1  994    1 
1 4 0 3 2 2 0 0 3 4 0  809    1 
1 4 0 3 2 2 1 0 3 3 1  766    1 
1 4 0 1 0 0 1 0 1 1 1  910    1 
1 4 1 3 2 2 0 0 4 4 1  785    1 
1 4 1 1 1 0 0 1 2 2 1 1121    1 
1 4 0 0 0 3 0 1 1 1 1  603    1 
1 4 0 1 0 0 0 0 1 1 1  866    1 
1 4 0 2 1 1 1 0 2 3 0  934    1 
1 4 0 1 0 0 0 0 1 1 1  829    1 
1 4 1 2 2 1 0 1 3 3 1 1315    1 
1 4 1 2 2 1 0 1 3 3 1  590    1 
1 4 0 3 2 2 1 0 3 3 1  933    1 
1 4 0 2 2 2 1 1 3 3 1  807    1 
1 4 0 1 1 1 1 1 2 2 1  725    1 
1 4 1 2 1 1 1 0 3 3 1 1800    1 
1 4 0 2 1 1 1 0 2 3 0  462    1 
1 4 0 2 1 1 0 0 2 2 1  857    1 
1 4 0 2 2 2 1 1 3 3 1  678    1 
1 4 0 0 0 3 0 1 1 1 1  610    1 
1 4 0 2 1 1 0 0 2 3 0 2177    1 
1 4 0 3 3 3 1 1 4 4 1  535    1 
1 4 0 1 1 0 0 1 2 2 1  665    1 
1 4 0 2 1 1 1 0 2 2 1  854    1 
1 4 1 0 0 0 1 1 1 1 1  642    1 
1 4 0 1 1 0 0 1 2 2 1  584    1 
1 4 0 0 3 3 0 0 4 1 0  527    1 
1 4 0 1 1 1 1 1 2 2 1 1000    1 
1 4 0 3 3 3 1 1 4 4 1  870    1 
1 4 1 3 3 3 1 1 4 4 1  819    1 
1 4 0 1 1 0 0 1 2 2 1  649    1 
1 4 0 0 0 0 1 1 1 1 1  637    1 
1 4 0 0 0 0 1 1 1 1 1  555    1 
1 4 0 0 0 0 1 1 1 1 1  548    1 
1 4 0 3 2 2 1 0 3 3 1 1237    1 
1 4 0 0 0 0 1 1 1 1 1  547    1 
1 4 1 3 2 2 0 0 4 4 1  804    1 
1 4 0 0 0 3 0 1 1 1 1  539    1 
1 4 0 0 3 3 1 0 4 4 1  676    1 
1 4 0 1 0 0 0 0 1 1 1 1177    1 
1 4 1 0 3 3 1 0 1 1 1 1233    1 
1 4 1 0 0 0 1 1 1 1 1  718    1 
1 4 0 1 1 1 1 1 2 2 1  656    0 
1 4 0 2 2 2 1 1 3 3 1  557    1 
1 4 0 3 3 3 1 1 4 4 1  606    1 
1 4 0 0 0 0 1 1 1 1 1  565    1 
1 4 1 2 2 1 0 1 3 3 1  734    1 
1 4 1 2 2 2 1 1 3 3 1  567    1 
1 4 0 0 3 3 0 0 4 3 0  687    1 
1 4 0 2 1 1 1 0 2 3 0  569    1 
1 4 0 2 1 1 0 0 2 2 1  599    1 
1 4 0 0 0 3 0 1 1 1 1  598    1 
1 4 0 2 2 2 1 1 3 3 1 1333    1 
1 4 0 2 1 1 0 0 2 3 0  759    1 
1 4 0 2 2 1 0 1 3 3 1  926    1 
1 4 0 3 3 3 1 1 4 4 1  584    1 
1 4 0 1 0 0 1 0 1 1 1  895    1 
1 4 0 0 3 3 1 0 4 4 1 1123    1 
1 4 1 3 3 3 1 1 4 4 1  885    1 
1 4 0 2 2 1 0 1 3 3 1 1144    1 
1 4 1 1 1 0 0 1 2 2 1 1322    1 
1 4 0 1 0 0 0 0 1 1 1  860    1 
1 4 0 2 1 1 1 0 2 2 1 1081    1 
1 4 0 1 0 0 0 0 1 1 1  709    1 
1 4 0 0 0 0 1 1 1 1 1 1032    1 
1 4 0 1 0 0 1 0 1 1 1  661    1 
1 4 0 2 2 2 1 1 3 3 1  658    1 
1 4 0 0 0 3 0 1 1 1 1  663    1 
1 4 0 0 0 0 1 1 1 1 1  948    0 
1 4 1 2 2 2 1 1 3 3 1  773    1 
1 4 0 1 0 0 1 0 1 1 1  645    0 
1 4 0 2 2 2 1 1 3 3 1  563    1 
1 4 0 1 1 1 1 1 2 2 1  788    1 
1 4 0 0 3 3 1 0 4 4 1  443    0 
1 4 0 3 2 2 1 0 3 3 1 1329    1 
1 4 0 0 3 3 0 0 4 4 1  987    1 
1 4 0 0 3 3 0 0 4 4 1  378    1 
1 4 0 1 1 0 0 1 2 2 1 1611    1 
1 4 0 3 3 2 0 1 4 4 1  617    1 
1 4 1 2 1 1 1 0 3 3 1 1968    1 
1 4 0 1 0 0 0 0 1 1 1  960    1 
1 4 0 3 3 2 0 1 4 4 1  553    1 
1 4 0 3 3 3 1 1 4 4 1  465    1 
1 4 1 2 2 2 1 1 3 3 1 1966    1 
1 4 0 3 2 2 0 0 3 4 0  622    1 
1 4 0 1 1 1 1 1 2 2 1  762    1 
1 4 1 0 0 3 0 1 1 1 1  787    1 
1 4 0 3 3 3 1 1 4 4 1  714    1 
1 4 0 0 3 3 0 0 4 4 1  733    0 
1 4 0 2 1 1 0 0 2 2 1  775    1 
1 4 0 2 2 1 0 1 3 3 1  759    1 
1 4 0 3 2 2 0 0 3 3 1  992    1 
1 4 0 1 1 1 1 1 2 2 1  991    1 
1 4 1 3 3 2 0 1 4 4 1  863    1 
1 4 0 1 1 0 0 1 2 2 1  603    1 
1 4 0 3 3 3 1 1 4 4 1  618    1 
1 4 1 2 1 1 0 0 3 3 1  720    1 
1 4 1 0 0 0 1 1 1 1 1  626    1 
1 4 1 1 1 0 0 1 2 2 1  689    1 
1 4 1 1 0 0 0 0 2 1 0  596    0 
1 4 0 2 1 1 0 0 2 3 0 1090    1 
1 4 1 3 2 2 0 0 4 4 1 1291    1 
1 4 1 1 1 1 1 1 2 2 1  759    1 
1 4 0 3 3 3 1 1 4 4 1  639    1 
1 4 0 2 2 1 0 1 3 3 1  613    1 
1 4 1 3 2 2 0 0 4 4 1 1252    1 
1 4 1 1 0 0 1 0 2 2 1 1097    1 
1 4 0 0 0 0 1 1 1 1 1  636    1 
1 4 1 3 2 2 1 0 4 4 1  562    1 
1 4 0 3 2 2 0 0 3 4 0  762    1 
1 4 0 3 3 3 1 1 4 4 1  729    1 
1 4 0 1 0 0 1 0 1 1 1 1011    1 
1 4 0 2 2 1 0 1 3 3 1  594    1 
1 4 0 0 0 0 1 1 1 1 1  562    1 
1 4 1 3 2 2 1 0 4 4 1  690    1 
1 4 0 0 3 3 0 0 4 4 1  774    1 
1 4 0 3 3 3 1 1 4 4 1  566    1 
1 4 0 2 2 2 1 1 3 3 1  686    1 
1 4 0 0 0 3 0 1 1 1 1  818    1 
1 4 0 3 2 2 1 0 3 3 1 1368    1 
1 4 0 0 0 3 0 1 1 1 1  616    1 
1 4 0 0 0 0 1 1 1 1 1  550    1 
1 4 0 3 2 2 1 0 3 3 1  935    1 
1 4 0 1 1 0 0 1 2 2 1 1392    1 
1 4 1 1 0 0 0 0 2 2 1  944    1 
1 4 0 1 0 0 0 0 1 2 0  705    1 
1 4 0 2 1 1 1 0 2 3 0  530    1 
1 4 0 3 2 2 0 0 3 4 0  570    1 
1 4 0 1 0 0 0 0 1 1 1  809    1 
1 4 1 1 0 0 0 0 2 2 1 1031    1 
1 4 1 3 2 2 0 0 4 4 1 1302    1 
1 4 0 0 3 3 1 0 4 4 1  816    1 
1 4 0 0 3 3 0 0 4 4 1  487    1 
1 4 0 3 2 2 0 0 3 3 1 1074    1 
1 4 1 0 0 3 0 1 1 1 1  998    1 
1 4 0 1 1 1 1 1 2 2 1 1966    1 
1 4 1 0 3 3 1 0 1 1 1  854    1 
1 4 0 0 3 3 1 0 4 2 0 1139    1 
1 4 0 1 0 0 0 0 1 1 1  690    1 
1 4 0 1 0 0 1 0 1 1 1  518    1 
1 4 1 2 1 1 0 0 3 3 1  952    1 
1 4 1 2 1 1 0 0 3 3 1  689    1 
1 4 0 1 1 0 0 1 2 2 1  948    1 
1 4 0 1 1 0 0 1 2 2 1  550    1 
1 4 0 3 2 2 1 0 3 3 1 1183    1 
1 4 0 1 0 0 1 0 1 1 1  854    1 
1 4 0 2 2 1 0 1 3 3 1  603    1 
1 4 0 0 0 0 1 1 1 1 1  666    1 
1 4 0 3 3 3 1 1 4 4 1 1334    1 
1 4 0 2 1 1 1 0 2 2 1 1119    1 
1 4 0 2 2 1 0 1 3 3 1  954    1 
1 4 0 3 2 2 0 0 3 3 1 1298    1 
1 4 0 0 3 3 1 0 4 4 1  918    1 
1 4 0 0 0 3 0 1 1 1 1  640    1 
1 4 0 3 3 3 1 1 4 4 1  694    1 
1 4 0 2 2 2 1 1 3 3 1  625    1 
1 4 0 2 2 1 0 1 3 3 1  687    1 
1 4 1 0 0 0 1 1 1 1 1  555    1 
1 4 0 3 2 2 1 0 3 3 1 1075    1 
1 4 0 2 2 1 0 1 3 3 1  464    1 
1 4 0 3 2 2 0 0 3 3 1  580    1 
1 4 0 0 3 3 1 0 4 4 1  925    1 
1 4 1 1 1 0 0 1 2 2 1 1095    1 
