28 1 1 0 0 0 1 1 1 1 1 1795    1 
28 1 0 2 2 2 1 1 3 3 1  715    1 
28 1 0 2 2 2 1 1 3 3 1  462    1 
28 1 0 0 1 1 1 0 2 1 0  859  133 
28 1 0 1 1 3 0 1 2 2 1 3061    1 
28 1 0 1 2 3 0 0 3 3 1 1106    1 
28 1 1 3 0 0 1 0 4 4 1 1197    1 
28 1 0 3 0 1 0 0 1 1 1 1565    1 
28 1 0 0 0 0 1 1 1 1 1 1070    1 
28 1 0 0 0 0 1 1 1 1 1  546    1 
28 1 0 2 3 0 0 0 4 4 1 1395    1 
28 1 0 1 1 3 0 1 2 2 1  787    1 
28 1 0 3 0 0 1 0 1 1 1 1554    1 
28 1 0 0 1 1 1 0 2 2 1 1211    1 
28 1 0 3 0 1 0 0 1 1 1 2018    2 
28 1 0 0 0 0 1 1 1 1 1  784    1 
28 1 1 0 0 2 0 1 1 1 1 1424    3 
28 1 0 2 2 2 1 1 3 3 1 1310    1 
28 1 0 2 2 2 1 1 3 3 1  497    1 
28 1 0 1 2 3 0 0 3 3 1  572    1 
28 1 0 3 0 1 0 0 1 1 1  708    1 
28 1 1 1 1 3 0 1 2 2 1 1599    1 
28 1 0 1 1 1 1 1 2 2 1  518    1 
28 1 0 3 0 1 0 0 1 1 1  744    1 
28 1 1 0 0 2 0 1 1 1 1 1194    1 
28 1 1 1 2 2 1 0 2 2 1 1761    1 
28 1 1 2 3 3 1 0 3 3 1 1258    2 
28 1 0 2 3 3 1 0 4 4 1 1183    1 
28 1 0 2 3 0 0 0 4 4 1  503    1 
28 1 0 1 1 1 1 1 2 2 1  921    1 
28 1 0 2 2 2 1 1 3 3 1  843    1 
28 1 0 0 0 0 1 1 1 1 1  809    1 
28 1 1 0 0 2 0 1 1 1 1 1016    1 
28 1 1 1 1 1 1 1 2 2 1 1166    1 
28 1 0 1 2 2 1 0 3 3 1 1206    1 
28 1 0 1 1 3 0 1 2 2 1  701    1 
28 1 0 2 3 3 1 0 4 4 1  672    0 
28 1 1 0 1 2 0 0 1 2 0 1140    1 
28 1 0 0 1 2 0 0 2 2 1 1331    1 
28 1 0 2 2 0 0 1 3 3 1  774    1 
28 1 0 1 2 3 0 0 3 3 1  958    1 
28 1 0 1 2 3 0 0 3 3 1  511    1 
28 1 0 2 3 0 0 0 4 4 1  929    1 
28 1 0 1 1 3 0 1 2 2 1  708    1 
28 1 1 3 3 3 1 1 4 4 1  846    1 
28 1 1 1 2 2 1 0 2 2 1 1132    1 
28 1 0 0 0 2 0 1 1 1 1 1509    1 
28 1 0 1 1 3 0 1 2 2 1  696    1 
28 1 1 3 3 3 1 1 4 4 1  804    1 
28 1 0 0 1 1 1 0 2 2 1 1803    1 
28 1 0 1 1 1 1 1 2 2 1  746    1 
28 1 0 2 3 3 1 0 4 4 1  779    1 
28 1 1 3 3 3 1 1 4 4 1  947    1 
28 1 1 3 3 3 1 1 4 4 1  485    1 
28 1 0 3 0 1 0 0 1 1 1  824    1 
28 1 0 2 2 2 1 1 3 3 1  846    1 
28 1 0 1 1 1 1 1 2 2 1  692    1 
28 1 0 0 1 2 0 0 2 2 1  791    1 
28 1 1 0 0 0 1 1 1 1 1 1191    1 
28 1 0 1 1 3 0 1 2 2 1  686    1 
28 1 0 3 3 1 0 1 4 4 1  738    1 
28 1 0 3 3 1 0 1 4 4 1  491    1 
28 1 0 1 2 3 0 0 3 3 1  807    1 
28 1 1 3 0 0 1 0 4 4 1 1005    1 
28 1 0 2 3 0 0 0 4 4 1 1348    1 
28 1 1 3 3 1 0 1 4 4 1 1206    1 
28 1 1 0 1 2 0 0 1 1 1  813    1 
28 1 0 2 2 0 0 1 3 3 1 1027    1 
28 1 0 2 3 0 0 0 4 4 1  650    1 
28 1 1 0 0 2 0 1 1 1 1 1022    1 
28 1 1 0 0 0 1 1 1 1 1  565   28 
28 1 0 2 2 2 1 1 3 3 1  717    1 
28 1 0 1 2 3 0 0 3 2 0  704    1 
28 1 0 0 0 2 0 1 1 1 1  936    1 
28 1 0 0 1 1 1 0 2 2 1 1450    1 
28 1 0 0 0 0 1 1 1 1 1  687    1 
28 1 0 2 3 0 0 0 4 4 1 1570    1 
28 1 0 0 1 2 0 0 2 2 1  987    1 
28 1 0 1 2 3 0 0 3 3 1  730    1 
28 1 0 2 2 2 1 1 3 3 1  772    1 
28 1 0 1 1 1 1 1 2 2 1  708    1 
28 1 0 2 2 0 0 1 3 3 1  831    1 
28 1 0 3 0 0 1 0 1 1 1 1557    1 
28 1 1 3 3 1 0 1 4 4 1 1166    1 
28 1 1 0 1 1 1 0 1 1 1 1566    1 
28 1 0 1 2 3 0 0 3 3 1  887    1 
28 1 1 0 0 0 1 1 1 1 1  826    1 
28 1 0 3 3 1 0 1 4 3 0  680    1 
28 1 0 2 2 2 1 1 3 3 1  730    1 
28 1 0 3 3 3 1 1 4 4 1  660    1 
28 1 0 2 3 0 0 0 4 4 1  601    1 
28 1 1 0 0 0 1 1 1 1 1  728    1 
28 1 0 2 3 3 1 0 4 4 1 1602    1 
28 1 0 3 3 3 1 1 4 4 1  617    1 
28 1 1 2 3 3 1 0 3 3 1 1255    1 
28 1 0 3 0 0 1 0 1 1 1  852   87 
28 1 1 3 3 1 0 1 4 4 1 1401    1 
28 1 0 1 2 3 0 0 3 3 1  872    1 
28 1 0 2 2 0 0 1 3 3 1  700    1 
28 1 0 2 3 3 1 0 4 4 1  855    1 
28 1 1 3 0 0 1 0 4 4 1 1132    1 
28 1 0 0 1 2 0 0 2 2 1  790    1 
28 1 0 2 2 2 1 1 3 3 1  797    1 
28 1 0 2 3 3 1 0 4 4 1 1061    1 
28 1 1 1 2 3 0 0 2 2 1 1570    1 
28 1 0 3 3 1 0 1 4 4 1  722    1 
28 1 0 2 3 3 1 0 4 4 1  668    1 
28 1 0 0 1 2 0 0 2 2 1  792    1 
28 1 1 1 2 2 1 0 2 2 1 1208    1 
28 1 0 0 0 0 1 1 1 1 1  670    1 
28 1 0 1 2 3 0 0 3 3 1  755    1 
28 1 0 0 0 2 0 1 1 1 1  595    1 
28 1 0 2 3 3 1 0 4 4 1  627    1 
28 1 1 3 3 1 0 1 4 4 1 1025    1 
28 1 0 1 2 3 0 0 3 2 0  663    1 
28 1 0 3 0 1 0 0 1 1 1 1066    1 
28 1 0 1 1 3 0 1 2 2 1  702    1 
28 1 1 1 1 3 0 1 2 2 1 1345    1 
28 1 0 3 0 0 1 0 1 4 0 1635    1 
28 1 0 0 1 2 0 0 2 2 1 2062    1 
28 1 0 2 3 3 1 0 4 4 1  851    1 
28 1 0 3 0 0 1 0 1 1 1 1208    1 
28 1 0 1 2 2 1 0 3 3 1 2255    1 
28 1 0 0 1 2 0 0 2 1 0  660    1 
28 1 0 3 0 1 0 0 1 1 1 1182    1 
28 1 0 1 2 3 0 0 3 3 1  902    1 
28 1 0 0 0 2 0 1 1 1 1  665    1 
28 1 0 0 1 1 1 0 2 2 1 1406    1 
28 1 0 0 0 2 0 1 1 1 1  620    1 
28 1 1 0 0 0 1 1 1 1 1  907    1 
28 1 0 1 1 1 1 1 2 2 1  909    1 
28 1 0 3 0 0 1 0 1 1 1 1200    1 
28 1 0 1 1 1 1 1 2 2 1  799    1 
28 1 0 3 0 1 0 0 1 1 1  502    1 
28 1 0 2 2 0 0 1 3 3 1  769    1 
28 1 0 2 2 0 0 1 3 3 1  537    1 
28 1 0 0 0 0 1 1 1 1 1  530    1 
28 1 0 3 3 3 1 1 4 4 1  636    1 
28 1 0 1 2 2 1 0 3 3 1 2018    1 
28 1 1 3 0 1 0 0 4 4 1 1144    1 
28 1 0 0 1 2 0 0 2 2 1  786    1 
28 1 1 2 3 3 1 0 3 3 1 1057    1 
28 1 1 0 0 0 1 1 1 1 1  734    1 
28 1 0 2 2 0 0 1 3 3 1 1024    1 
28 1 0 2 3 0 0 0 4 4 1  734    1 
28 1 0 1 1 1 1 1 2 2 1  815    1 
28 1 0 1 1 3 0 1 2 2 1  773    1 
28 1 0 1 1 3 0 1 2 2 1  550    1 
28 1 1 2 2 2 1 1 3 4 0  878    1 
28 1 0 2 2 0 0 1 3 3 1  889    1 
28 1 0 1 2 2 1 0 3 3 1 1156    1 
28 1 0 0 0 0 1 1 1 1 1  749    1 
28 1 0 0 1 1 1 0 2 2 1  894    1 
28 1 0 0 0 0 1 1 1 2 0  489    1 
28 1 0 0 1 1 1 0 2 2 1 1547    1 
28 1 0 3 3 3 1 1 4 4 1  788    1 
28 1 0 0 0 2 0 1 1 1 1 1004    1 
28 1 1 3 0 1 0 0 4 4 1 1130    1 
28 1 0 1 1 1 1 1 2 2 1  861    1 
28 1 0 1 2 3 0 0 3 3 1 1241    1 
28 1 0 1 2 3 0 0 3 3 1  575    1 
28 1 0 0 1 2 0 0 2 2 1  839    1 
28 1 0 1 1 1 1 1 2 2 1  869    1 
28 1 0 1 1 3 0 1 2 2 1  537    1 
28 1 1 1 1 1 1 1 2 2 1 1074    1 
28 1 0 3 3 1 0 1 4 4 1  894    1 
28 1 1 2 3 0 0 0 3 3 1 1066    1 
28 1 0 2 2 0 0 1 3 3 1  630    1 
28 1 0 2 3 0 0 0 4 4 1  764    1 
28 1 0 3 0 1 0 0 1 1 1 1029    1 
28 1 0 2 3 3 1 0 4 4 1  923   47 
28 1 0 3 3 1 0 1 4 4 1  509    1 
28 1 0 1 2 3 0 0 3 2 0  912    1 
28 1 0 3 3 1 0 1 4 4 1 1225    1 
28 1 0 3 0 0 1 0 1 1 1  871    1 
28 1 0 2 3 0 0 0 4 4 1  771    1 
28 1 0 2 2 2 1 1 3 3 1  876    1 
28 1 1 3 3 3 1 1 4 4 1  952    1 
28 1 1 3 0 1 0 0 4 4 1 1072    1 
28 1 1 2 3 0 0 0 3 3 1 1501    1 
28 1 0 3 0 1 0 0 1 2 0 1568    1 
28 1 0 3 0 0 1 0 1 1 1  806    1 
28 1 1 3 3 3 1 1 4 4 1  813    1 
28 1 0 2 3 3 1 0 4 4 1 1195    1 
28 1 0 0 1 1 1 0 2 2 1  939    1 
28 1 0 0 0 0 1 1 1 1 1  948    1 
28 1 1 3 0 0 1 0 4 4 1 1190    1 
28 1 0 0 0 0 1 1 1 1 1 1189    1 
28 1 1 3 3 1 0 1 4 4 1 1405    1 
28 1 0 3 0 0 1 0 1 1 1 1716    1 
28 1 1 1 1 1 1 1 2 2 1 1126   36 
28 1 1 2 3 0 0 0 3 3 1 1072    1 
28 2 1 0 3 3 1 0 1 1 1 1995    1 
28 2 0 0 0 2 0 1 1 1 1 1811    1 
28 2 1 1 1 3 0 1 2 2 1 1169    1 
28 2 1 2 1 1 1 0 3 3 1  938    1 
28 2 0 1 1 3 0 1 2 2 1  771    1 
28 2 0 3 2 1 0 0 3 4 0  691    1 
28 2 0 2 2 0 0 1 3 3 1  717    1 
28 2 0 3 2 1 0 0 3 3 1  615    1 
28 2 0 3 2 2 1 0 3 3 1  678    1 
28 2 0 0 3 3 1 0 4 4 1  890    1 
28 2 0 1 0 3 0 0 1 1 1  653    1 
28 2 0 0 3 3 1 0 4 1 0  690    1 
28 2 0 0 3 2 0 0 4 4 1 1452    1 
28 2 0 3 3 1 0 1 4 4 1  744    1 
28 2 0 2 1 0 0 0 2 2 1 1370    1 
28 2 0 1 1 3 0 1 2 2 1  602    1 
28 2 1 1 1 3 0 1 2 2 1 1153    1 
28 2 0 0 0 2 0 1 1 1 1  722    1 
28 2 0 3 3 3 1 1 4 4 1  828    1 
28 2 0 3 2 1 0 0 3 3 1  810    1 
28 2 0 2 2 0 0 1 3 3 1  649    1 
28 2 0 0 0 2 0 1 1 1 1  646    1 
28 2 0 1 0 0 1 0 1 1 1 1307    1 
28 2 1 3 2 2 1 0 4 4 1  950    1 
28 2 0 3 3 3 1 1 4 4 1  863    1 
28 2 1 2 2 2 1 1 3 3 1 1020    1 
28 2 0 2 1 1 1 0 2 2 1 1146    1 
28 2 0 2 1 0 0 0 2 2 1  595    1 
28 2 0 1 1 1 1 1 2 2 1  571  136 
28 2 0 0 0 2 0 1 1 1 1  715    1 
28 2 0 3 3 3 1 1 4 4 1  846    1 
28 2 0 2 2 0 0 1 3 3 1 1715    1 
28 2 1 1 0 0 1 0 2 2 1 1142    1 
28 2 0 0 3 3 1 0 4 4 1 1151    1 
28 2 0 0 3 2 0 0 4 4 1 1040    1 
28 2 0 1 1 3 0 1 2 2 1  717    1 
28 2 0 3 3 1 0 1 4 4 1  720    1 
28 2 0 2 1 0 0 0 2 2 1  986    1 
28 2 0 2 2 0 0 1 3 3 1 1009    1 
28 2 0 0 3 2 0 0 4 4 1 2456    1 
28 2 0 0 3 3 1 0 4 4 1  765    1 
28 2 0 3 3 1 0 1 4 4 1  654    0 
28 2 0 1 0 0 1 0 1 1 1 1019    0 
28 2 0 3 3 1 0 1 4 4 1 1393    1 
28 2 0 3 3 3 1 1 4 4 1  616    1 
28 2 0 1 1 1 1 1 2 2 1 1686    1 
28 2 1 3 3 1 0 1 4 4 1 1210    1 
28 2 0 0 3 3 1 0 4 4 1  825    1 
28 2 0 3 3 3 1 1 4 4 1  463    1 
28 2 0 3 3 1 0 1 4 4 1  468    1 
28 2 1 3 2 2 1 0 4 4 1 1296    1 
28 2 1 2 1 0 0 0 3 3 1 1307    1 
28 2 0 3 2 1 0 0 3 3 1  750    1 
28 2 0 0 3 3 1 0 4 4 1  847    1 
28 2 0 1 1 3 0 1 2 2 1 1117    1 
28 2 0 1 1 3 0 1 2 2 1  519    1 
28 2 1 1 0 0 1 0 2 2 1 1473    0 
28 2 0 3 2 2 1 0 3 3 1  941    1 
28 2 1 3 3 3 1 1 4 4 1 1183    1 
28 2 0 2 2 2 1 1 3 3 1  966    1 
28 2 1 2 2 2 1 1 3 3 1 1086    1 
28 2 0 0 3 2 0 0 4 4 1 1122    1 
28 2 1 1 0 0 1 0 2 2 1 1076    9 
28 2 0 0 3 3 1 0 4 4 1  840    1 
28 2 1 0 0 0 1 1 1 1 1 1118    0 
28 2 1 3 2 1 0 0 4 4 1 1560    1 
28 2 1 2 2 0 0 1 3 3 1  921    1 
28 2 1 2 2 2 1 1 3 3 1  579    1 
28 2 0 3 3 1 0 1 4 4 1  795    1 
28 2 0 1 0 0 1 0 1 1 1 1187   47 
28 2 1 1 1 1 1 1 2 2 1 1146    1 
28 2 0 1 0 0 1 0 1 1 1  764    1 
28 2 1 2 1 0 0 0 3 2 0  940    1 
28 2 0 2 2 2 1 1 3 3 1  772   37 
28 2 0 2 2 2 1 1 3 3 1  588    1 
28 2 1 3 3 3 1 1 4 4 1 1172    1 
28 2 0 0 3 3 1 0 4 4 1  884    1 
28 2 1 0 0 2 0 1 1 1 1 1511    1 
28 2 0 0 0 2 0 1 1 1 1  546    1 
28 2 0 0 0 0 1 1 1 1 1  436    1 
28 2 1 0 3 2 0 0 1 4 0  769    1 
28 2 0 1 0 3 0 0 1 1 1 1447    1 
28 2 1 2 2 2 1 1 3 3 1 1173    1 
28 2 1 2 1 0 0 0 3 3 1 1445    1 
28 2 0 1 0 0 1 0 1 1 1  906    1 
28 2 0 2 2 2 1 1 3 3 1  669    1 
28 2 0 1 0 0 1 0 1 1 1  777    1 
28 2 0 0 3 2 0 0 4 4 1 1298    1 
28 2 0 0 0 2 0 1 1 1 1  773    1 
28 2 1 1 1 3 0 1 2 2 1 1341    1 
28 2 0 1 0 0 1 0 1 1 1  807    1 
28 2 0 2 2 0 0 1 3 3 1  886    1 
28 2 0 3 3 1 0 1 4 4 1  697   48 
28 2 0 1 1 3 0 1 2 2 1  893    1 
28 2 0 2 1 0 0 0 2 2 1 1464    1 
28 2 0 3 3 3 1 1 4 4 1  621    1 
28 2 0 3 3 3 1 1 4 4 1  803    1 
28 2 1 2 1 1 1 0 3 3 1 1194    1 
28 2 0 3 2 1 0 0 3 3 1  945    1 
28 2 0 0 3 3 1 0 4 4 1  867    1 
28 2 0 0 0 0 1 1 1 1 1  655    1 
28 2 0 1 0 0 1 0 1 1 1 1140    1 
28 2 0 3 2 2 1 0 3 4 0  645    1 
28 2 0 2 1 1 1 0 2 2 1 1161    1 
28 2 1 3 3 1 0 1 4 4 1 1202    1 
28 2 0 1 0 0 1 0 1 1 1 1073    1 
28 2 1 3 3 3 1 1 4 4 1 1597    1 
28 2 0 1 1 1 1 1 2 1 0 1668    1 
28 2 0 2 1 0 0 0 2 2 1 1735    1 
28 2 0 3 2 1 0 0 3 3 1 1304    1 
28 2 0 0 0 0 1 1 1 1 1  763    1 
28 2 0 2 1 1 1 0 2 2 1  940    1 
28 2 1 0 0 2 0 1 1 1 1 1005    1 
28 2 0 0 0 0 1 1 1 1 1  828    1 
28 2 0 3 2 1 0 0 3 3 1 1042    1 
28 2 0 3 3 1 0 1 4 4 1  832    1 
28 2 0 3 2 1 0 0 3 3 1  854    1 
28 2 0 1 1 1 1 1 2 2 1  731    1 
28 2 0 1 0 0 1 0 1 1 1  853    1 
28 2 0 3 2 1 0 0 3 3 1  946    1 
28 2 0 3 2 2 1 0 3 3 1  539    1 
28 2 0 2 1 0 0 0 2 2 1  845    1 
28 2 1 1 0 0 1 0 2 2 1 1138    1 
28 2 0 3 3 1 0 1 4 4 1  764    1 
28 2 1 0 3 3 1 0 1 1 1 1301    1 
28 2 0 3 3 1 0 1 4 4 1 1111    1 
28 2 0 0 3 3 1 0 4 4 1 2490    1 
28 2 0 2 1 1 1 0 2 2 1  902    1 
28 2 0 1 0 0 1 0 1 1 1  729    1 
28 2 0 0 0 0 1 1 1 1 1  627    1 
28 2 0 1 1 3 0 1 2 2 1  841    1 
28 2 0 1 1 3 0 1 2 2 1  558    0 
28 2 0 0 3 2 0 0 4 4 1 1287    0 
28 2 1 2 2 0 0 1 3 3 1 1307    1 
28 2 1 2 1 1 1 0 3 3 1 1950    1 
28 2 0 0 3 3 1 0 4 4 1 1023    1 
28 2 0 1 1 3 0 1 2 2 1 1013    1 
28 2 0 1 1 1 1 1 2 2 1  923    1 
28 2 0 0 3 3 1 0 4 4 1  838    1 
28 2 0 2 1 0 0 0 2 2 1 1275    1 
28 2 0 2 2 0 0 1 3 3 1  719    1 
28 2 0 2 1 1 1 0 2 3 0  714    1 
28 2 0 1 0 0 1 0 1 1 1 1450    1 
28 2 0 2 2 0 0 1 3 3 1  879   39 
28 2 0 1 0 0 1 0 1 1 1 1131    0 
28 2 0 2 2 2 1 1 3 3 1 1182    1 
28 2 1 3 2 1 0 0 4 3 0 1038    1 
28 2 0 1 1 1 1 1 2 2 1 1041    0 
28 2 1 0 3 3 1 0 1 1 1 1271    1 
28 2 1 1 1 3 0 1 2 2 1 1211    1 
28 2 1 1 1 3 0 1 2 2 1  882    1 
28 2 1 2 1 0 0 0 3 3 1 1358   46 
28 2 0 1 1 3 0 1 2 2 1 1775    1 
28 2 0 0 0 2 0 1 1 1 1  695    1 
28 2 0 0 0 2 0 1 1 1 1 1667    1 
28 2 0 1 0 0 1 0 1 1 1 1119    0 
28 2 0 1 0 3 0 0 1 1 1  505    1 
28 2 0 3 3 3 1 1 4 4 1  596    0 
28 2 1 2 1 1 1 0 3 3 1 1043    1 
28 2 0 0 0 0 1 1 1 1 1 1193   30 
28 2 1 2 2 0 0 1 3 3 1  936    1 
28 2 0 3 2 1 0 0 3 3 1  778    1 
28 2 0 2 1 0 0 0 2 2 1 1330    1 
28 2 0 1 0 0 1 0 1 1 1 1612   38 
28 2 0 2 1 1 1 0 2 2 1 1427    1 
28 2 1 3 3 3 1 1 4 4 1 1089    1 
28 2 0 0 0 0 1 1 1 1 1  701    1 
28 2 0 0 3 3 1 0 4 4 1 1567    1 
28 2 0 2 2 2 1 1 3 3 1  704    1 
28 2 1 0 0 2 0 1 1 1 1 1059    1 
28 2 0 1 0 3 0 0 1 1 1 1135    1 
28 2 0 0 0 2 0 1 1 1 1  593    1 
28 2 0 0 0 0 1 1 1 1 1  696    1 
28 2 0 2 1 1 1 0 2 2 1 1916    0 
28 2 0 2 1 1 1 0 2 2 1  598    1 
28 2 0 2 1 0 0 0 2 2 1  542    1 
28 2 1 3 2 1 0 0 4 4 1 1711    2 
28 2 0 0 0 2 0 1 1 1 1  810   47 
28 2 0 1 1 1 1 1 2 2 1  833    1 
28 2 1 0 3 2 0 0 1 1 1 1118    1 
28 2 0 2 1 0 0 0 2 2 1 1048    1 
28 2 0 3 2 1 0 0 3 4 0 1022    1 
28 2 1 3 3 1 0 1 4 4 1 1082    1 
28 2 1 3 3 3 1 1 4 4 1  750    1 
28 2 0 0 0 0 1 1 1 1 1 3742    1 
28 2 0 2 2 0 0 1 3 3 1 1928    1 
28 2 0 1 1 3 0 1 2 2 1  634    1 
28 2 0 1 0 3 0 0 1 1 1  616    1 
28 2 0 3 3 1 0 1 4 4 1  678    1 
28 2 1 3 2 1 0 0 4 4 1 1018    1 
28 2 0 0 0 0 1 1 1 1 1  576    1 
28 2 0 2 1 1 1 0 2 2 1 1136    1 
28 3 0 2 3 3 1 0 4 4 1 2105    1 
28 3 1 2 3 0 0 0 3 3 1 1252    1 
28 3 0 3 0 0 1 0 1 1 1  808    1 
28 3 0 0 1 2 0 0 2 2 1  823    1 
28 3 1 2 2 2 1 1 3 3 1 1021    1 
28 3 0 0 1 2 0 0 2 2 1  723    1 
28 3 0 3 3 3 1 1 4 4 1  558    1 
28 3 1 2 3 3 1 0 3 3 1 1046    1 
28 3 0 3 0 0 1 0 1 1 1 1060    1 
28 3 1 3 0 0 1 0 4 4 1 1033    1 
28 3 0 0 1 1 1 0 2 2 1  806    1 
28 3 0 3 0 1 0 0 1 3 0  597    1 
28 3 0 0 0 0 1 1 1 1 1  723    1 
28 3 0 1 2 2 1 0 3 2 0  725    1 
28 3 0 0 0 2 0 1 1 1 1  669    1 
28 3 0 3 3 1 0 1 4 4 1  761    1 
28 3 0 2 3 3 1 0 4 4 1  850    1 
28 3 0 2 2 0 0 1 3 3 1  703    1 
28 3 1 3 3 1 0 1 4 4 1  993    1 
28 3 0 0 0 2 0 1 1 1 1 1001    1 
28 3 0 3 0 1 0 0 1 1 1 1040    1 
28 3 1 3 3 1 0 1 4 4 1  901    1 
28 3 0 0 1 2 0 0 2 2 1  840    1 
28 3 0 1 2 2 1 0 3 3 1  470    1 
28 3 0 2 3 0 0 0 4 4 1  994    1 
28 3 0 2 2 0 0 1 3 3 1  649    1 
28 3 0 3 0 1 0 0 1 1 1  814    1 
28 3 1 3 3 1 0 1 4 4 1 1293    1 
28 3 0 1 1 1 1 1 2 2 1  784    1 
28 3 1 3 0 1 0 0 4 4 1 1872    1 
28 3 0 1 2 2 1 0 3 3 1  876    1 
28 3 0 1 1 1 1 1 2 2 1  664    1 
28 3 1 3 0 1 0 0 4 1 0  781    1 
28 3 0 2 3 0 0 0 4 4 1  891    1 
28 3 0 2 2 0 0 1 3 3 1  782    1 
28 3 0 0 1 2 0 0 2 2 1 1062    1 
28 3 0 2 2 2 1 1 3 3 1  874    1 
28 3 0 0 1 2 0 0 2 2 1  695    1 
28 3 0 0 0 2 0 1 1 1 1  730    1 
28 3 0 3 0 0 1 0 1 1 1 1140    1 
28 3 0 3 3 1 0 1 4 4 1  998    1 
28 3 1 0 0 0 1 1 1 1 1  957    1 
28 3 0 2 3 0 0 0 4 4 1  894    1 
28 3 0 3 0 0 1 0 1 4 0  562    1 
28 3 0 1 2 3 0 0 3 3 1  888    1 
28 3 1 1 1 3 0 1 2 2 1 1356    1 
28 3 1 0 0 0 1 1 1 1 1  733    1 
28 3 1 1 1 1 1 1 2 1 0  998    1 
28 3 0 3 3 1 0 1 4 4 1 1339    1 
28 3 0 1 1 3 0 1 2 2 1  877    1 
28 3 0 1 2 2 1 0 3 3 1 1137    0 
28 3 0 1 1 1 1 1 2 2 1  938    1 
28 3 1 0 0 0 1 1 1 1 1  900    1 
28 3 0 1 2 2 1 0 3 3 1  967    1 
28 3 1 2 3 3 1 0 3 3 1 1023    1 
28 3 1 2 2 2 1 1 3 3 1  725    1 
28 3 1 3 0 0 1 0 4 4 1  759    1 
28 3 0 2 2 2 1 1 3 3 1  776    1 
28 3 0 2 2 2 1 1 3 3 1  456    1 
28 3 0 3 0 0 1 0 1 1 1  773    0 
28 3 0 3 3 3 1 1 4 4 1  533    0 
28 3 0 3 3 1 0 1 4 4 1  590    1 
28 3 1 0 1 2 0 0 1 1 1 1166    1 
28 3 1 3 3 3 1 1 4 4 1 1190    1 
28 3 0 0 0 2 0 1 1 1 1 1054    1 
28 3 0 0 1 2 0 0 2 2 1  898    1 
28 3 0 3 3 1 0 1 4 4 1  654    1 
28 3 0 0 1 1 1 0 2 2 1 1155    1 
28 3 1 3 0 0 1 0 4 4 1 1044    1 
28 3 0 1 1 3 0 1 2 2 1  769    0 
28 3 0 3 0 0 1 0 1 1 1 1169    1 
28 3 0 0 0 0 1 1 1 1 1  489    0 
28 3 0 3 0 1 0 0 1 1 1  549    1 
28 3 0 1 2 3 0 0 3 3 1 1102    1 
28 3 1 2 2 0 0 1 3 3 1 1041    1 
28 3 0 1 2 3 0 0 3 3 1  742    1 
28 3 1 1 2 3 0 0 2 3 0 1640    1 
28 3 0 1 1 1 1 1 2 2 1 1659    1 
28 3 0 1 2 3 0 0 3 3 1  840    1 
28 3 0 2 2 0 0 1 3 3 1  589    1 
28 3 0 2 2 0 0 1 3 3 1  477    1 
28 3 1 0 0 0 1 1 1 1 1  969    1 
28 3 1 2 2 0 0 1 3 3 1 1313    0 
28 3 0 3 0 0 1 0 1 4 0  908    1 
28 3 0 2 3 0 0 0 4 4 1  701    1 
28 3 0 1 1 1 1 1 2 2 1 1008    1 
28 3 0 2 3 0 0 0 4 4 1  791    1 
28 3 1 0 0 0 1 1 1 2 0 1118    1 
28 3 0 1 1 3 0 1 2 2 1  566    1 
28 3 1 2 3 0 0 0 3 3 1 1374    1 
28 3 1 3 3 1 0 1 4 4 1  855    1 
28 3 1 2 2 0 0 1 3 4 0  835    1 
28 3 0 0 0 0 1 1 1 1 1 1295    1 
28 3 0 3 3 1 0 1 4 4 1  754    0 
28 3 0 3 0 0 1 0 1 1 1  723    1 
28 3 0 3 3 3 1 1 4 4 1  597    1 
28 3 0 2 3 3 1 0 4 4 1  981    1 
28 3 0 3 0 0 1 0 1 1 1  781    1 
28 3 0 2 3 3 1 0 4 4 1  549    1 
28 3 1 0 1 1 1 0 1 1 1 1070    1 
28 3 1 3 0 1 0 0 4 4 1 1194    1 
28 3 0 1 2 2 1 0 3 3 1 3786   42 
28 3 0 2 2 2 1 1 3 3 1  617    1 
28 3 0 0 0 0 1 1 1 1 1  584    1 
28 3 0 1 2 3 0 0 3 3 1  791    0 
28 3 1 2 3 0 0 0 3 3 1 1239    1 
28 3 1 1 2 2 1 0 2 3 0  988    1 
28 3 0 0 1 1 1 0 2 1 0 1002    1 
28 3 0 1 2 3 0 0 3 3 1  838    0 
28 3 0 0 0 0 1 1 1 1 1  572    1 
28 3 0 0 0 2 0 1 1 1 1  564    1 
28 3 0 1 1 1 1 1 2 2 1  709    1 
28 3 0 1 1 1 1 1 2 2 1  448    1 
28 3 0 2 3 0 0 0 4 4 1  909    1 
28 3 0 2 2 2 1 1 3 3 1 1528    1 
28 3 0 0 1 2 0 0 2 2 1  746    1 
28 3 1 0 1 2 0 0 1 1 1 1196    1 
28 3 0 1 2 2 1 0 3 3 1 1611    1 
28 3 1 1 1 1 1 1 2 2 1 1130    1 
28 3 1 0 1 2 0 0 1 1 1 1356    1 
28 3 0 1 1 3 0 1 2 2 1 1693    1 
28 3 1 0 1 1 1 0 1 1 1 3297    1 
28 3 0 1 2 2 1 0 3 3 1 1052    1 
28 3 0 0 1 1 1 0 2 2 1 1153    1 
28 3 1 3 3 3 1 1 4 4 1 1018    1 
28 3 0 2 2 0 0 1 3 3 1  728    1 
28 3 0 1 2 2 1 0 3 3 1  770    1 
28 3 0 3 0 1 0 0 1 1 1 1738    1 
28 3 1 0 1 2 0 0 1 1 1 1180    1 
28 3 0 3 3 1 0 1 4 4 1 2996    1 
28 3 1 0 1 1 1 0 1 1 1  908    1 
28 3 1 2 2 2 1 1 3 3 1  823    1 
28 3 1 0 1 2 0 0 1 1 1  885    1 
28 3 0 2 2 0 0 1 3 3 1  680    1 
28 3 0 3 3 3 1 1 4 4 1  869    1 
28 3 0 0 0 2 0 1 1 1 1 1281    1 
28 3 0 3 3 1 0 1 4 4 1  693    1 
28 3 0 1 1 1 1 1 2 2 1  928    1 
28 3 0 3 0 1 0 0 1 4 0  666    1 
28 3 0 0 1 1 1 0 2 2 1 1429    1 
28 3 0 0 1 1 1 0 2 2 1  507    1 
28 3 0 2 2 2 1 1 3 3 1  838    0 
28 3 0 3 0 1 0 0 1 1 1 1155    1 
28 3 0 1 2 2 1 0 3 3 1 1092    1 
28 3 1 2 2 0 0 1 3 3 1 1352    1 
28 3 0 3 3 3 1 1 4 4 1  640    1 
28 3 0 3 0 1 0 0 1 1 1 1374    1 
28 3 0 3 3 1 0 1 4 4 1  702    1 
28 3 0 3 3 1 0 1 4 4 1  721    1 
28 3 0 1 2 2 1 0 3 3 1 1403    1 
28 3 0 1 1 1 1 1 2 2 1 1410    1 
28 3 1 1 1 3 0 1 2 2 1 1017    1 
28 3 0 2 3 3 1 0 4 4 1 1351    1 
28 3 1 0 0 2 0 1 1 1 1 1528    1 
28 3 0 2 2 0 0 1 3 3 1  866    1 
28 3 0 0 0 0 1 1 1 1 1  590    1 
28 3 1 1 2 3 0 0 2 2 1 1190    1 
28 3 0 2 2 2 1 1 3 3 1  869    1 
28 3 0 2 3 3 1 0 4 4 1  937    1 
28 3 0 0 0 2 0 1 1 1 1  651    0 
28 3 0 1 1 1 1 1 2 2 1 1184    1 
28 3 0 0 1 2 0 0 2 2 1  679    1 
28 3 0 0 0 2 0 1 1 1 1 2067    1 
28 3 0 2 2 2 1 1 3 3 1  704    1 
28 3 0 0 0 0 1 1 1 1 1  642    1 
28 3 0 1 1 1 1 1 2 2 1  896    1 
28 3 0 1 2 3 0 0 3 3 1 2043  133 
28 3 0 2 2 2 1 1 3 3 1  553    1 
28 3 0 0 1 1 1 0 2 2 1  802    1 
28 3 0 1 1 1 1 1 2 2 1  496    1 
28 3 0 0 1 2 0 0 2 2 1  700    1 
28 3 0 3 0 1 0 0 1 1 1 4991    1 
28 3 0 1 2 2 1 0 3 3 1  903    1 
28 3 1 1 2 2 1 0 2 2 1 1225    1 
28 3 0 3 0 0 1 0 1 1 1 2816    1 
28 3 1 1 2 3 0 0 2 2 1 1174    1 
28 3 0 3 3 1 0 1 4 4 1  734    1 
28 3 0 3 3 3 1 1 4 4 1  480    1 
28 3 1 0 0 0 1 1 1 1 1  524    1 
28 3 0 1 2 3 0 0 3 3 1  918    1 
28 3 0 1 1 1 1 1 2 2 1  888    1 
28 3 0 1 2 2 1 0 3 3 1  987    1 
28 3 0 2 3 0 0 0 4 4 1  699    1 
28 3 0 0 0 0 1 1 1 1 1  614    1 
28 3 0 1 2 3 0 0 3 3 1  925    1 
28 3 0 2 3 3 1 0 4 4 1 1135    1 
28 3 0 0 0 2 0 1 1 1 1 1032    1 
28 3 0 2 2 0 0 1 3 3 1  790    1 
28 3 0 2 2 0 0 1 3 3 1  565    1 
28 3 0 2 3 0 0 0 4 4 1  709    0 
28 3 0 2 2 0 0 1 3 3 1 1248    1 
28 3 0 2 2 0 0 1 3 3 1  518    0 
28 4 1 0 0 1 0 1 1 1 1 2118    1 
28 4 0 2 2 2 1 1 3 3 1 1200    1 
28 4 0 0 0 1 0 1 1 1 1  647    1 
28 4 0 3 3 0 0 1 4 4 1  597    0 
28 4 0 1 1 2 0 1 2 2 1 2276    1 
28 4 0 2 3 3 1 0 4 4 1  888    1 
28 4 1 2 3 3 1 0 3 3 1 1076    1 
28 4 0 1 2 2 0 0 3 3 1 1584    1 
28 4 0 0 0 0 1 1 1 1 1  536    1 
28 4 0 2 2 3 0 1 3 3 1  593    0 
28 4 0 0 1 1 1 0 2 2 1 1049    1 
28 4 0 1 1 1 1 1 2 2 1  653    1 
28 4 0 3 0 0 1 0 1 4 0  658    1 
28 4 0 2 3 3 0 0 4 4 1 1013    1 
28 4 0 3 3 0 0 1 4 4 1  556    1 
28 4 0 2 3 3 0 0 4 4 1  469    1 
28 4 1 3 0 0 0 0 4 4 1 1017    1 
28 4 0 0 0 0 1 1 1 1 1  655    0 
28 4 0 2 2 3 0 1 3 3 1  684    1 
28 4 1 3 3 0 0 1 4 4 1  983    0 
28 4 0 2 2 2 1 1 3 3 1  607    1 
28 4 0 2 2 2 1 1 3 3 1  486    1 
28 4 1 2 2 2 1 1 3 3 1  793    1 
28 4 0 1 2 2 1 0 3 3 1 1072    1 
28 4 0 2 3 3 1 0 4 4 1  789    1 
28 4 0 3 3 3 1 1 4 4 1 1052    1 
28 4 1 3 0 0 1 0 4 4 1  993    1 
28 4 0 3 3 3 1 1 4 4 1  632    1 
28 4 0 1 2 2 0 0 3 3 1  814   99 
28 4 0 0 1 1 0 0 2 1 0  685    1 
28 4 0 3 3 0 0 1 4 4 1  678    1 
28 4 0 2 2 2 1 1 3 3 1  651    1 
28 4 1 2 2 3 0 1 3 3 1  927    1 
28 4 0 3 3 0 0 1 4 4 1  729    1 
28 4 0 3 0 0 0 0 1 1 1  828    1 
28 4 0 3 0 0 1 0 1 1 1  442    1 
28 4 0 3 0 0 0 0 1 1 1  423    1 
28 4 0 2 2 2 1 1 3 3 1  597    0 
28 4 0 0 1 1 1 0 2 2 1 1341    1 
28 4 1 2 3 3 1 0 3 3 1  998    1 
28 4 0 3 3 0 0 1 4 4 1  654    1 
28 4 0 1 1 2 0 1 2 2 1  571    1 
28 4 0 0 1 1 1 0 2 2 1 1027    1 
28 4 1 0 0 0 1 1 1 1 1  833    1 
28 4 0 2 2 3 0 1 3 3 1  646    1 
28 4 0 3 0 0 1 0 1 4 0  660    1 
28 4 0 1 2 2 1 0 3 3 1  839    1 
28 4 0 0 0 1 0 1 1 1 1 1052    1 
28 4 0 1 2 2 1 0 3 3 1  833    1 
28 4 0 2 3 3 1 0 4 4 1  791    1 
28 4 0 2 2 2 1 1 3 3 1  990    1 
28 4 1 2 3 3 1 0 3 3 1  934    1 
28 4 1 0 1 1 1 0 1 1 1  831    1 
28 4 0 1 2 2 1 0 3 3 1 1037    1 
28 4 0 2 2 3 0 1 3 3 1  595    1 
28 4 0 3 0 0 0 0 1 1 1 1002    1 
28 4 0 1 2 2 1 0 3 3 1  841    1 
28 4 0 2 2 3 0 1 3 3 1  534    1 
28 4 0 2 3 3 1 0 4 4 1  704    0 
28 4 1 0 0 0 1 1 1 1 1  747    1 
28 4 0 1 1 1 1 1 2 2 1  796    1 
28 4 1 1 1 1 1 1 2 2 1  852    1 
28 4 0 0 1 1 0 0 2 1 0  689    1 
28 4 0 3 3 3 1 1 4 4 1  626    1 
28 4 0 3 0 0 0 0 1 1 1 1736    1 
28 4 0 2 2 2 1 1 3 3 1  578    1 
28 4 1 2 3 3 1 0 3 3 1  786    1 
28 4 1 1 2 2 0 0 2 2 1  913    1 
28 4 0 0 1 1 0 0 2 2 1  980    1 
28 4 1 2 2 2 1 1 3 3 1  780    1 
28 4 0 2 2 3 0 1 3 3 1  700    1 
28 4 1 1 2 2 0 0 2 2 1 1127    1 
28 4 1 1 1 2 0 1 2 2 1  729    1 
28 4 0 2 2 3 0 1 3 3 1  628    1 
28 4 0 3 0 0 0 0 1 1 1  842    1 
28 4 0 1 2 2 1 0 3 3 1  991    1 
28 4 0 0 0 0 1 1 1 1 1  639    1 
28 4 0 1 1 1 1 1 2 2 1  932    1 
28 4 0 1 2 2 0 0 3 3 1  606    1 
28 4 1 2 2 2 1 1 3 3 1  949    1 
28 4 1 3 3 3 1 1 4 4 1  781    1 
28 4 0 0 1 1 1 0 2 1 0  950    1 
28 4 0 1 2 2 1 0 3 3 1  852    1 
28 4 0 0 1 1 0 0 2 1 0  641    1 
28 4 0 3 3 0 0 1 4 4 1  709    1 
28 4 0 3 0 0 1 0 1 1 1  839    1 
28 4 0 0 0 0 1 1 1 1 1  661    1 
28 4 1 0 0 1 0 1 1 1 1 1010    1 
28 4 1 3 3 0 0 1 4 4 1 1201    1 
28 4 1 0 1 1 1 0 1 1 1  935    1 
28 4 0 3 3 3 1 1 4 4 1  657    1 
28 4 0 3 0 0 0 0 1 1 1  638    1 
28 4 0 1 2 2 0 0 3 3 1  555    1 
28 4 0 0 0 0 1 1 1 1 1  572    1 
28 4 0 0 1 1 1 0 2 2 1  764    1 
28 4 0 0 1 1 0 0 2 2 1  509    1 
28 4 0 2 2 3 0 1 3 3 1  616    1 
28 4 0 0 1 1 0 0 2 2 1  614    1 
28 4 0 3 0 0 1 0 1 1 1  885  149 
28 4 0 3 3 0 0 1 4 4 1  640    1 
28 4 0 1 1 2 0 1 2 2 1  790    1 
28 4 0 0 0 0 1 1 1 1 1  589    1 
28 4 0 0 0 1 0 1 1 2 0  797    1 
28 4 0 0 1 1 0 0 2 2 1  802    1 
28 4 1 0 1 1 1 0 1 2 0  777    1 
28 4 0 2 3 3 0 0 4 4 1 1039    0 
28 4 0 3 3 3 1 1 4 4 1  597    1 
28 4 0 2 2 2 1 1 3 3 1 1012    1 
28 4 0 0 0 0 1 1 1 1 1  579    1 
28 4 0 0 0 0 1 1 1 1 1  539    1 
28 4 0 3 0 0 0 0 1 1 1  885    1 
28 4 0 3 3 3 1 1 4 4 1  632    1 
28 4 0 1 1 2 0 1 2 2 1 1381    1 
28 4 0 2 2 2 1 1 3 3 1  614    1 
28 4 0 0 1 1 0 0 2 1 0  788    1 
28 4 1 3 0 0 1 0 4 4 1 1242   28 
28 4 0 3 0 0 0 0 1 1 1 1088    1 
28 4 1 1 1 2 0 1 2 2 1  907    1 
28 4 1 2 3 3 0 0 3 4 0 1006    1 
28 4 0 2 3 3 0 0 4 3 0  595    1 
28 4 0 3 0 0 0 0 1 1 1 1456    1 
28 4 0 3 0 0 0 0 1 1 1  469    2 
28 4 0 2 2 2 1 1 3 3 1  633    1 
28 4 0 1 1 2 0 1 2 2 1  663    1 
28 4 0 3 0 0 0 0 1 1 1 1011    1 
28 4 0 0 1 1 0 0 2 2 1  914    1 
28 4 0 1 1 1 1 1 2 2 1  669    1 
28 4 0 1 2 2 1 0 3 3 1 1065    1 
28 4 0 0 0 0 1 1 1 1 1  581    1 
28 4 0 1 2 2 1 0 3 3 1  974    0 
28 4 1 0 0 1 0 1 1 1 1 1014    1 
28 4 1 0 0 0 1 1 1 1 1  805    0 
28 4 1 1 2 2 1 0 2 2 1 1195    1 
28 4 0 0 0 1 0 1 1 1 1  779    1 
28 4 0 1 2 2 1 0 3 3 1  779    1 
28 4 0 0 0 0 1 1 1 1 1  563    2 
28 4 0 1 2 2 1 0 3 3 1  652    1 
28 4 1 2 2 3 0 1 3 3 1 1177    3 
28 4 0 1 1 2 0 1 2 2 1  993    1 
28 4 0 1 1 2 0 1 2 2 1  545    3 
28 4 0 1 1 1 1 1 2 2 1  538    1 
28 4 1 3 0 0 1 0 4 4 1 1059    1 
28 4 0 3 0 0 1 0 1 4 0  480    1 
28 4 0 3 3 3 1 1 4 4 1  714    1 
28 4 1 3 3 3 1 1 4 4 1  845    2 
28 4 0 2 3 3 0 0 4 4 1 1235    1 
28 4 1 2 2 2 1 1 3 3 1  712    1 
28 4 1 1 2 2 0 0 2 3 0 1163    1 
28 4 0 2 3 3 1 0 4 4 1 1106    1 
28 4 0 1 2 2 1 0 3 3 1  909    0 
28 4 0 0 1 1 1 0 2 2 1  848    1 
28 4 1 1 1 2 0 1 2 2 1 1045    1 
28 4 0 1 1 2 0 1 2 2 1  563    1 
28 4 1 2 2 2 1 1 3 3 1  731    1 
28 4 1 2 3 3 0 0 3 3 1 1014    1 
28 4 0 1 1 2 0 1 2 2 1  708    2 
28 4 1 2 2 2 1 1 3 3 1  775    1 
28 4 0 0 0 1 0 1 1 1 1  951    1 
28 4 1 0 0 1 0 1 1 1 1  912    1 
28 4 0 3 0 0 0 0 1 1 1  707    1 
28 4 1 0 0 0 1 1 1 1 1  798    1 
28 4 1 1 2 2 0 0 2 2 1 1389    3 
28 4 0 1 2 2 0 0 3 3 1 1037    1 
28 4 0 1 2 2 0 0 3 3 1  498    1 
28 4 1 1 1 2 0 1 2 2 1 1398    1 
28 4 0 1 2 2 1 0 3 3 1  797    1 
28 4 0 3 0 0 1 0 1 1 1  941    1 
28 4 0 0 1 1 0 0 2 2 1 1590    1 
28 4 0 3 0 0 1 0 1 1 1  782    1 
28 4 1 3 3 0 0 1 4 4 1 1574    1 
28 4 0 2 3 3 0 0 4 4 1 1318    1 
28 4 1 0 1 1 1 0 1 1 1  952    1 
28 4 0 1 2 2 0 0 3 3 1  801    1 
28 4 0 0 0 0 1 1 1 1 1  664    1 
28 4 1 0 1 1 0 0 1 1 1 1021    1 
28 4 0 2 2 3 0 1 3 3 1  667    1 
28 4 0 3 0 0 0 0 1 1 1  935    1 
28 4 0 3 3 0 0 1 4 4 1  665    1 
28 4 0 2 2 2 1 1 3 3 1 1405    1 
28 4 0 2 3 3 0 0 4 4 1  636    1 
28 4 1 1 1 2 0 1 2 2 1 1818    1 
28 4 0 3 3 0 0 1 4 4 1  656    1 
28 4 0 1 2 2 1 0 3 3 1  981    1 
28 4 0 3 3 0 0 1 4 4 1  621    1 
28 4 0 2 3 3 1 0 4 4 1 1139    1 
28 4 0 0 0 0 1 1 1 1 1  613    0 
28 4 1 3 0 0 0 0 4 4 1 1035    1 
28 4 0 1 1 2 0 1 2 2 1  769    0 
28 4 0 0 1 1 0 0 2 2 1  881    1 
28 4 0 1 2 2 1 0 3 3 1  789    0 
28 4 0 0 1 1 0 0 2 2 1  989    1 
28 4 0 2 3 3 1 0 4 4 1  708    1 
