18 1 0 1 0 0 1 0 1 1 1 2724    1 
18 1 0 1 0 3 0 0 1 1 1  894    1 
18 1 0 1 0 3 0 0 1 1 1  522    1 
18 1 0 2 1 1 1 0 2 2 1 1148    1 
18 1 1 3 3 3 1 1 4 4 1 1117    1 
18 1 0 3 3 1 0 1 4 4 1  583    1 
18 1 0 2 2 0 0 1 3 3 1  695    1 
18 1 0 1 0 3 0 0 1 1 1  578    0 
18 1 1 0 3 3 1 0 1 1 1  850    1 
18 1 1 2 1 0 0 0 3 2 0  815    1 
18 1 0 0 0 0 1 1 1 1 1  955    1 
18 1 0 2 1 0 0 0 2 2 1 1540    1 
18 1 0 1 1 1 1 1 2 2 1  622    0 
18 1 0 0 0 2 0 1 1 1 1  700    1 
18 1 0 3 3 3 1 1 4 4 1  655    1 
18 1 0 3 2 1 0 0 3 3 1  811    1 
18 1 0 2 1 0 0 0 2 2 1  898    1 
18 1 0 2 1 1 1 0 2 2 1  606    1 
18 1 0 1 0 3 0 0 1 1 1  684    1 
18 1 0 3 3 1 0 1 4 4 1  688    1 
18 1 0 2 1 1 1 0 2 3 0  747    1 
18 1 0 3 3 3 1 1 4 4 1  739    1 
18 1 0 2 2 0 0 1 3 3 1 1028    1 
18 1 1 3 3 3 1 1 4 4 1 1338    0 
18 1 1 2 1 0 0 0 3 3 1 1356    1 
18 1 0 1 1 3 0 1 2 2 1  877    1 
18 1 1 1 0 0 1 0 2 2 1 1665    1 
18 1 0 1 0 3 0 0 1 1 1  646    1 
18 1 0 3 2 2 1 0 3 3 1  979    0 
18 1 1 0 0 0 1 1 1 1 1 1051    1 
18 1 0 3 3 3 1 1 4 4 1 1040    1 
18 1 1 1 1 3 0 1 2 2 1 1302    1 
18 1 0 2 1 0 0 0 2 2 1  833    1 
18 1 0 2 2 2 1 1 3 3 1  782    1 
18 1 0 3 3 3 1 1 4 4 1  518    1 
18 1 0 1 1 1 1 1 2 2 1  824    1 
18 1 0 3 2 1 0 0 3 3 1  710    1 
18 1 1 0 3 3 1 0 1 1 1  993    1 
18 1 0 2 1 1 1 0 2 2 1 1496    1 
18 1 1 1 1 1 1 1 2 2 1 1060    1 
18 1 0 0 0 2 0 1 1 1 1 1120    1 
18 1 0 1 0 3 0 0 1 1 1  579    1 
18 1 0 2 1 1 1 0 2 2 1 1051    1 
18 1 0 3 2 2 1 0 3 3 1  760    1 
18 1 0 2 1 0 0 0 2 2 1  656    1 
18 1 1 1 0 3 0 0 2 2 1 1261    1 
18 1 0 0 0 0 1 1 1 1 1  818    1 
18 1 0 3 3 3 1 1 4 4 1 1032    1 
18 1 0 0 0 2 0 1 1 1 1 1334    1 
18 1 0 0 3 3 1 0 4 4 1  695    1 
18 1 0 0 0 0 1 1 1 1 1  563    1 
18 1 1 2 1 1 1 0 3 3 1 1267    1 
18 1 1 1 0 3 0 0 2 1 0  672    1 
18 1 1 1 1 1 1 1 2 2 1 1618    1 
18 1 0 0 0 0 1 1 1 1 1  712    1 
18 1 0 0 0 2 0 1 1 1 1  739    1 
18 1 1 2 2 2 1 1 3 3 1 1012    1 
18 1 0 1 1 3 0 1 2 2 1  875    1 
18 1 0 0 3 2 0 0 4 4 1  983    1 
18 1 0 3 3 3 1 1 4 4 1  927    1 
18 1 0 0 0 2 0 1 1 1 1  665    1 
18 1 0 0 3 2 0 0 4 4 1  750    1 
18 1 0 2 2 2 1 1 3 3 1  830    1 
18 1 0 2 1 1 1 0 2 2 1  685    1 
18 1 0 1 1 3 0 1 2 2 1  656    0 
18 1 0 0 3 2 0 0 4 4 1  917    1 
18 1 1 3 2 1 0 0 4 4 1 1335    1 
18 1 0 1 1 3 0 1 2 2 1  928    1 
18 1 0 1 1 3 0 1 2 2 1  523    1 
18 1 1 1 0 0 1 0 2 2 1  997    0 
18 1 0 3 2 1 0 0 3 3 1  828    1 
18 1 0 3 3 1 0 1 4 4 1 1226    1 
18 1 0 1 1 3 0 1 2 2 1  920    1 
18 1 0 0 0 2 0 1 1 1 1  739    1 
18 1 1 0 0 0 1 1 1 1 1  956    1 
18 1 0 0 3 3 1 0 4 4 1  813    1 
18 1 1 0 0 2 0 1 1 1 1  932    1 
18 1 0 1 1 1 1 1 2 2 1 1046    1 
18 1 0 1 1 3 0 1 2 2 1  627    1 
18 1 1 3 2 1 0 0 4 4 1 1226    1 
18 1 0 3 2 1 0 0 3 3 1 1360    1 
18 1 0 0 0 0 1 1 1 1 1  553    1 
18 1 0 2 1 0 0 0 2 2 1 1273    1 
18 1 0 3 2 2 1 0 3 3 1  693    1 
18 1 0 0 3 3 1 0 4 1 0  529    1 
18 1 0 1 1 3 0 1 2 2 1 3673    1 
18 1 0 2 2 0 0 1 3 3 1  861    1 
18 1 0 3 3 3 1 1 4 4 1  618    1 
18 1 0 0 3 2 0 0 4 4 1 1176    1 
18 1 0 1 1 1 1 1 2 2 1  985    1 
18 1 1 3 2 2 1 0 4 4 1 1048    1 
18 1 0 3 2 1 0 0 3 3 1 1126    1 
18 1 0 2 1 0 0 0 2 2 1  720    1 
18 1 0 1 0 3 0 0 1 1 1  650    1 
18 1 1 1 1 3 0 1 2 2 1 1239    1 
18 1 0 2 2 0 0 1 3 3 1 1276    0 
18 1 0 1 1 1 1 1 2 2 1  760    0 
18 1 0 3 3 1 0 1 4 4 1  617    1 
18 1 0 3 3 3 1 1 4 4 1  615    1 
18 1 1 0 0 0 1 1 1 1 1  821    1 
18 1 0 1 1 1 1 1 2 2 1  803    1 
18 1 0 2 2 2 1 1 3 3 1  586    1 
18 1 0 0 0 0 1 1 1 1 1 1122    1 
18 1 0 1 1 3 0 1 2 2 1 3596    1 
18 1 1 3 2 1 0 0 4 4 1 1220    1 
18 1 0 3 3 3 1 1 4 4 1  698    1 
18 1 0 3 2 1 0 0 3 3 1 1445    1 
18 1 1 3 2 1 0 0 4 4 1  907    1 
18 1 0 1 0 0 1 0 1 2 0  918    1 
18 1 1 2 2 2 1 1 3 3 1 1622    1 
18 1 0 0 3 3 1 0 4 4 1  980    1 
18 1 1 2 2 0 0 1 3 3 1 1516    1 
18 1 0 0 3 2 0 0 4 4 1 1006    1 
18 1 0 1 0 0 1 0 1 1 1  733    1 
18 1 1 0 0 2 0 1 1 1 1 1071    1 
18 1 0 1 1 1 1 1 2 2 1  835    1 
18 1 0 1 0 3 0 0 1 1 1  752    1 
18 1 1 1 0 3 0 0 2 2 1 1113    1 
18 1 0 1 1 1 1 1 2 1 0  708    0 
18 1 1 1 0 3 0 0 2 1 0 1829    1 
18 1 1 2 1 1 1 0 3 3 1 3809    1 
18 1 0 2 1 0 0 0 2 2 1 1472    1 
18 1 0 0 3 3 1 0 4 4 1  804    1 
18 1 0 1 0 3 0 0 1 1 1 1251    1 
18 1 0 1 0 3 0 0 1 1 1  472    1 
18 1 0 3 3 3 1 1 4 4 1  580    1 
18 1 0 2 1 0 0 0 2 2 1 2596    0 
18 1 1 0 0 0 1 1 1 1 1  948    0 
18 1 0 0 0 2 0 1 1 1 1  773    1 
18 1 0 0 0 0 1 1 1 1 1  565    1 
18 1 0 2 2 0 0 1 3 3 1 1061    1 
18 1 1 3 3 3 1 1 4 4 1  898    1 
18 1 0 2 1 1 1 0 2 2 1 1070    1 
18 1 0 0 3 2 0 0 4 4 1 1426    1 
18 1 0 0 0 2 0 1 1 1 1  872    1 
18 1 0 2 1 0 0 0 2 2 1 1076    1 
18 1 0 3 3 1 0 1 4 4 1  640    1 
18 1 0 3 3 3 1 1 4 4 1  526    1 
18 1 1 0 0 2 0 1 1 1 1  992    1 
18 1 0 3 2 2 1 0 3 3 1  759    1 
18 1 0 0 3 2 0 0 4 4 1  896    1 
18 1 1 0 0 0 1 1 1 1 1  788    1 
18 1 0 3 2 1 0 0 3 3 1  971    1 
18 1 0 2 2 0 0 1 3 3 1  659    1 
18 1 0 2 2 2 1 1 3 3 1  576    1 
18 1 1 3 2 2 1 0 4 4 1 1128    1 
18 1 0 2 1 1 1 0 2 2 1  714    1 
18 1 1 1 1 1 1 1 2 2 1  877    1 
18 1 0 2 2 0 0 1 3 3 1  769    1 
18 1 1 3 3 1 0 1 4 4 1 1017    1 
18 1 0 3 2 2 1 0 3 3 1 1520    1 
18 1 1 3 2 2 1 0 4 4 1  994    1 
18 1 0 2 2 0 0 1 3 3 1  609    1 
18 1 0 0 3 2 0 0 4 3 0  720    1 
18 1 0 2 2 0 0 1 3 3 1 1016    1 
18 1 0 3 3 3 1 1 4 4 1  518    1 
18 1 1 2 2 2 1 1 3 3 1 1920    1 
18 1 0 3 2 1 0 0 3 3 1  843    1 
18 1 1 2 1 1 1 0 3 3 1 1192    1 
18 1 1 0 3 3 1 0 1 1 1 1240    1 
18 1 0 3 2 2 1 0 3 3 1 2413    1 
18 1 0 3 3 1 0 1 4 4 1  604    1 
18 1 0 1 0 0 1 0 1 1 1  827    1 
18 1 0 1 0 3 0 0 1 1 1  641    1 
18 1 0 0 0 2 0 1 1 1 1  527    0 
18 1 0 1 1 1 1 1 2 2 1  817    1 
18 1 0 0 3 2 0 0 4 4 1  727    1 
18 1 1 2 2 0 0 1 3 3 1 1169    0 
18 1 0 0 0 0 1 1 1 1 1  657    1 
18 1 0 2 1 1 1 0 2 2 1  814    0 
18 1 0 1 0 0 1 0 1 1 1  669    1 
18 1 0 0 0 0 1 1 1 1 1  633    1 
18 1 0 0 3 2 0 0 4 4 1  766    1 
18 1 0 3 2 1 0 0 3 3 1  823    1 
18 1 0 1 1 1 1 1 2 2 1  853    1 
18 1 0 1 1 1 1 1 2 2 1  513    1 
18 1 0 3 3 3 1 1 4 4 1  532    1 
18 1 1 2 2 2 1 1 3 3 1 1158    1 
18 1 0 2 2 2 1 1 3 3 1  670    1 
18 1 1 2 1 1 1 0 3 3 1  947    1 
18 1 1 2 1 1 1 0 3 3 1  980    1 
18 1 0 2 2 0 0 1 3 3 1  756    1 
18 1 1 0 3 2 0 0 1 1 1 1493    0 
18 1 0 0 3 3 1 0 4 4 1 1097    1 
18 1 0 0 3 2 0 0 4 4 1  556    1 
18 1 0 0 3 2 0 0 4 4 1  549    1 
18 1 1 3 2 2 1 0 4 4 1 2094    1 
18 1 0 3 2 2 1 0 3 3 1 1425    1 
18 1 0 1 0 3 0 0 1 1 1  719    1 
18 1 0 2 1 1 1 0 2 2 1  841    1 
18 1 0 2 1 1 1 0 2 2 1  575    1 
18 1 0 3 3 1 0 1 4 4 1  647    1 
18 2 0 3 3 0 0 1 4 4 1 1828    1 
18 2 1 1 2 2 1 0 2 2 1 1738    1 
18 2 1 0 0 0 1 1 1 1 1  892    1 
18 2 0 0 1 1 1 0 2 2 1  959    1 
18 2 1 1 2 2 0 0 2 2 1 1664    1 
18 2 0 2 3 3 0 0 4 4 1 1141    1 
18 2 0 1 2 2 1 0 3 3 1 1031    1 
18 2 1 3 0 0 0 0 4 4 1 1029    1 
18 2 1 0 1 1 1 0 1 1 1 1051    1 
18 2 0 2 3 3 0 0 4 4 1  720    1 
18 2 0 2 3 3 0 0 4 4 1  442    0 
18 2 0 2 2 2 1 1 3 3 1 1175    1 
18 2 0 2 3 3 0 0 4 4 1  600    1 
18 2 1 1 1 1 1 1 2 2 1  998    1 
18 2 0 3 0 0 1 0 1 4 0 1174    1 
18 2 0 1 2 2 0 0 3 3 1 1132    1 
18 2 0 0 0 0 1 1 1 1 1  605    0 
18 2 1 0 1 1 1 0 1 1 1  796    1 
18 2 0 1 2 2 0 0 3 3 1  884    1 
18 2 1 2 3 3 0 0 3 3 1 1183    0 
18 2 1 1 1 1 1 1 2 2 1  839    1 
18 2 0 3 3 3 1 1 4 4 1  636    1 
18 2 0 3 0 0 0 0 1 1 1  594    1 
18 2 0 0 0 0 1 1 1 1 1  561    1 
18 2 1 2 2 3 0 1 3 3 1 1546    1 
18 2 1 2 3 3 1 0 3 3 1  931    1 
18 2 0 1 1 1 1 1 2 2 1  926    1 
18 2 0 2 2 2 1 1 3 3 1  520    1 
18 2 0 3 3 0 0 1 4 4 1  738    1 
18 2 0 2 3 3 1 0 4 4 1  731    1 
18 2 0 1 2 2 1 0 3 3 1 1221    1 
18 2 1 0 1 1 1 0 1 1 1  860    1 
18 2 0 0 1 1 0 0 2 2 1  968    1 
18 2 0 0 1 1 1 0 2 2 1  553    1 
18 2 0 1 2 2 0 0 3 3 1  841    1 
18 2 0 0 0 0 1 1 1 1 1  631    1 
18 2 0 3 0 0 0 0 1 1 1  597    1 
18 2 0 0 1 1 1 0 2 2 1  636    1 
18 2 0 2 2 2 1 1 3 3 1  594    1 
18 2 0 2 3 3 1 0 4 4 1  401    1 
18 2 0 1 2 2 0 0 3 3 1  888    1 
18 2 0 0 0 0 1 1 1 1 1  596    1 
18 2 0 0 0 0 1 1 1 1 1  531    1 
18 2 1 1 1 2 0 1 2 2 1 1429    1 
18 2 0 1 2 2 0 0 3 3 1  803    1 
18 2 0 0 0 1 0 1 1 1 1  834    1 
18 2 1 2 2 3 0 1 3 3 1  984    1 
18 2 0 0 0 1 0 1 1 1 1 1327    1 
18 2 0 2 3 3 0 0 4 4 1  617    1 
18 2 0 0 1 1 0 0 2 2 1  719    1 
18 2 0 2 3 3 0 0 4 4 1  666    1 
18 2 1 3 0 0 0 0 4 4 1 1270    1 
18 2 0 0 1 1 0 0 2 2 1  810    1 
18 2 1 3 3 0 0 1 4 4 1 1209    1 
18 2 0 3 3 3 1 1 4 4 1  575    1 
18 2 0 2 2 2 1 1 3 3 1  840    1 
18 2 1 2 2 2 1 1 3 3 1  685    1 
18 2 1 2 2 3 0 1 3 3 1  745    1 
18 2 0 0 0 0 1 1 1 1 1  818    1 
18 2 1 3 0 0 0 0 4 4 1 1296    1 
18 2 0 3 3 0 0 1 4 4 1  788    1 
18 2 0 1 2 2 0 0 3 3 1  707    1 
18 2 1 2 3 3 0 0 3 3 1 1150    1 
18 2 0 0 1 1 0 0 2 2 1 1127    1 
18 2 0 0 1 1 1 0 2 2 1  497    1 
18 2 0 3 3 3 1 1 4 4 1  484    1 
18 2 0 2 3 3 0 0 4 4 1  424    1 
18 2 1 0 0 1 0 1 1 1 1 1014    1 
18 2 0 3 3 0 0 1 4 4 1  605    1 
18 2 1 0 1 1 0 0 1 1 1  948    1 
18 2 0 2 2 2 1 1 3 3 1  677    1 
18 2 0 2 3 3 0 0 4 4 1  601   79 
18 2 1 3 0 0 0 0 4 4 1 1008    1 
18 2 0 0 1 1 0 0 2 2 1  983    1 
18 2 0 1 1 1 1 1 2 2 1  518    1 
18 2 0 2 2 3 0 1 3 3 1  864    1 
18 2 1 0 0 0 1 1 1 1 1  829    0 
18 2 0 0 1 1 1 0 2 2 1  795    1 
18 2 0 1 2 2 0 0 3 3 1  899    1 
18 2 0 3 3 3 1 1 4 4 1  422    1 
18 2 0 1 2 2 1 0 3 3 1  556    0 
18 2 0 3 3 3 1 1 4 4 1  500    1 
18 2 0 1 1 1 1 1 2 2 1  519    1 
18 2 0 0 1 1 1 0 2 2 1  465    1 
18 2 0 2 2 2 1 1 3 3 1  774    1 
18 2 0 2 3 3 0 0 4 4 1  422    1 
18 2 0 1 2 2 1 0 3 3 1  420    1 
18 2 0 1 1 2 0 1 2 2 1 1066    1 
18 2 0 2 2 3 0 1 3 3 1  710    1 
18 2 0 2 2 3 0 1 3 3 1  513    1 
18 2 0 3 0 0 0 0 1 1 1  852    1 
18 2 0 1 2 2 1 0 3 3 1  608    1 
18 2 1 0 0 0 1 1 1 1 1  823    1 
18 2 0 0 0 0 1 1 1 1 1  653    1 
18 2 0 0 0 1 0 1 1 1 1  690    1 
18 2 1 1 2 2 1 0 2 2 1 1022    1 
18 2 0 3 0 0 0 0 1 1 1  732    1 
18 2 0 3 3 3 1 1 4 4 1  614    1 
18 2 1 1 2 2 0 0 2 2 1 1405    1 
18 2 0 2 3 3 0 0 4 4 1  700    1 
18 2 1 3 3 3 1 1 4 4 1  934    1 
18 2 0 2 2 2 1 1 3 3 1  560    1 
18 2 1 1 2 2 1 0 2 2 1  945    1 
18 2 0 3 0 0 1 0 1 1 1  698    1 
18 2 0 3 3 3 1 1 4 4 1  990    1 
18 2 0 3 3 3 1 1 4 4 1  333    1 
18 2 0 3 3 0 0 1 4 4 1  542    1 
18 2 0 3 3 0 0 1 4 4 1  504    1 
18 2 0 0 0 1 0 1 1 1 1  523    1 
18 2 0 1 1 1 1 1 2 2 1  645    1 
18 2 0 2 3 3 0 0 4 4 1  778    1 
18 2 0 1 2 2 1 0 3 3 1  498    1 
18 2 0 0 0 0 1 1 1 1 1  598    1 
18 2 0 0 1 1 1 0 2 2 1  637    1 
18 2 0 0 0 0 1 1 1 1 1  587    1 
18 2 0 1 2 2 1 0 3 3 1  586    1 
18 2 0 0 1 1 0 0 2 2 1  794    1 
18 2 0 3 3 3 1 1 4 4 1  497    1 
18 2 0 1 2 2 1 0 3 3 1  589    1 
18 2 1 0 1 1 1 0 1 1 1  820    1 
18 2 0 3 3 0 0 1 4 4 1  586    1 
18 2 1 3 0 0 1 0 4 1 0  746    1 
18 2 0 3 3 0 0 1 4 4 1  498    1 
18 2 0 2 3 3 0 0 4 4 1  853    1 
18 2 0 1 1 1 1 1 2 2 1  585    1 
18 2 0 1 1 2 0 1 2 2 1  833    1 
18 2 0 2 2 2 1 1 3 3 1  710    1 
18 2 0 2 2 3 0 1 3 3 1  593    1 
18 2 0 0 1 1 1 0 2 2 1  657    1 
18 2 0 3 0 0 0 0 1 1 1  653    1 
18 2 0 2 3 3 1 0 4 4 1  538    1 
18 2 0 0 1 1 0 0 2 2 1  644    1 
18 2 1 2 3 3 0 0 3 3 1 1257    1 
18 2 1 0 0 1 0 1 1 1 1 1118    1 
18 2 0 2 2 2 1 1 3 3 1  656    1 
18 2 0 1 1 1 1 1 2 2 1  565    1 
18 2 0 2 2 2 1 1 3 3 1  502    1 
18 2 1 2 2 3 0 1 3 3 1 1248    1 
18 2 1 0 0 1 0 1 1 1 1  758    1 
18 2 0 3 0 0 0 0 1 1 1  975    1 
18 2 0 3 0 0 1 0 1 1 1  519    0 
18 2 1 2 3 3 1 0 3 3 1 1073    1 
18 2 1 2 3 3 0 0 3 3 1  805    1 
18 2 0 3 3 0 0 1 4 4 1  836    1 
18 2 0 1 2 2 1 0 3 3 1  945    1 
18 2 0 0 0 1 0 1 1 1 1  603    1 
18 2 0 2 2 3 0 1 3 3 1  770    1 
18 2 0 3 3 3 1 1 4 4 1  634    1 
18 2 0 1 2 2 0 0 3 3 1  735    1 
18 2 0 1 1 1 1 1 2 2 1  769    1 
18 2 0 3 3 0 0 1 4 4 1  593    1 
18 2 0 1 1 2 0 1 2 2 1 1160    1 
18 2 1 2 3 3 1 0 3 3 1  937    1 
18 2 0 2 2 2 1 1 3 3 1 1155    1 
18 2 0 0 0 1 0 1 1 1 1  596    1 
18 2 0 3 0 0 1 0 1 1 1  563    0 
18 2 1 0 0 1 0 1 1 1 1 1052    1 
18 2 1 2 3 3 0 0 3 1 0 1193    1 
18 2 0 3 3 3 1 1 4 4 1  814    1 
18 2 0 3 0 0 0 0 1 3 0  757    1 
18 2 0 1 1 2 0 1 2 2 1 1612    1 
18 2 0 1 2 2 1 0 3 3 1 1067    1 
18 2 0 3 0 0 0 0 1 1 1  895    1 
18 2 0 3 0 0 0 0 1 1 1  434    1 
18 2 1 2 3 3 0 0 3 3 1 2056    1 
18 2 0 3 0 0 1 0 1 1 1 1269    1 
18 2 0 1 1 2 0 1 2 2 1  817    1 
18 2 0 1 1 1 1 1 2 2 1  511    1 
18 2 0 1 1 2 0 1 2 2 1  554    1 
18 2 0 3 0 0 1 0 1 1 1  802    1 
18 2 0 1 2 2 0 0 3 3 1  729    1 
18 2 0 2 2 2 1 1 3 3 1  499    1 
18 2 1 3 3 0 0 1 4 4 1 1142    1 
18 2 0 0 1 1 1 0 2 2 1  968    1 
18 2 1 0 0 0 1 1 1 1 1 1144    1 
18 2 0 3 0 0 0 0 1 1 1 1393    1 
18 2 0 2 3 3 0 0 4 4 1  777    1 
18 2 0 1 1 1 1 1 2 2 1  865    1 
18 2 0 1 1 1 1 1 2 2 1  494    1 
18 2 0 0 0 0 1 1 1 1 1  553    1 
18 2 0 1 2 2 0 0 3 3 1  730    1 
18 2 0 0 0 0 1 1 1 1 1  564    1 
18 2 1 0 1 1 0 0 1 1 1  685    1 
18 2 0 3 3 3 1 1 4 4 1  648    1 
18 2 1 1 2 2 0 0 2 2 1 1118    1 
18 2 0 3 0 0 1 0 1 1 1  648    0 
18 2 0 2 3 3 1 0 4 4 1  518    1 
18 2 1 1 1 1 1 1 2 2 1 1056    1 
18 2 1 0 0 0 1 1 1 1 1  668    1 
18 2 0 1 1 2 0 1 2 2 1  785    1 
18 2 1 3 3 0 0 1 4 4 1 1040    1 
18 2 0 1 1 2 0 1 2 2 1  982    1 
18 3 1 0 0 3 0 1 1 1 1 2207    1 
18 3 1 2 2 1 0 1 3 3 1 1550    1 
18 3 0 1 0 0 0 0 1 1 1  943    1 
18 3 0 3 2 2 0 0 3 3 1  721    1 
18 3 1 3 3 2 0 1 4 4 1 1043    1 
18 3 0 2 2 2 1 1 3 3 1  992    1 
18 3 1 2 2 1 0 1 3 3 1  920    1 
18 3 1 2 2 1 0 1 3 3 1  698    1 
18 3 1 0 3 3 0 0 1 1 1  709    1 
18 3 0 1 1 0 0 1 2 2 1  944    1 
18 3 0 2 1 1 0 0 2 2 1  706    1 
18 3 0 2 2 2 1 1 3 3 1  556    0 
18 3 1 3 3 3 1 1 4 4 1  781    1 
18 3 0 0 3 3 0 0 4 4 1  965    1 
18 3 0 0 0 3 0 1 1 1 1  638    1 
18 3 0 1 1 1 1 1 2 2 1  531    1 
18 3 0 0 3 3 1 0 4 4 1  637    1 
18 3 0 0 0 3 0 1 1 2 0  571    1 
18 3 0 1 0 0 0 0 1 1 1 1457    1 
18 3 0 2 1 1 1 0 2 2 1  774    1 
18 3 0 1 0 0 0 0 1 1 1  718    1 
18 3 0 3 3 3 1 1 4 4 1  496    1 
18 3 0 2 1 1 0 0 2 2 1 2411    1 
18 3 0 2 1 1 0 0 2 2 1  506    1 
18 3 1 2 1 1 1 0 3 3 1 1005    1 
18 3 0 2 2 1 0 1 3 3 1  716    1 
18 3 0 2 1 1 0 0 2 2 1  878    1 
18 3 0 1 0 0 0 0 1 1 1  730    1 
18 3 0 0 3 3 1 0 4 4 1  628    1 
18 3 1 1 0 0 0 0 2 2 1  898    1 
18 3 1 1 1 0 0 1 2 2 1  894    1 
18 3 0 1 0 0 0 0 1 1 1 1217    1 
18 3 0 2 1 1 1 0 2 2 1  815    1 
18 3 0 1 1 0 0 1 2 2 1  774    1 
18 3 1 3 2 2 0 0 4 4 1  966    1 
18 3 1 1 1 0 0 1 2 2 1  894    1 
18 3 0 1 1 0 0 1 2 2 1  849    1 
18 3 0 0 0 0 1 1 1 1 1  558    1 
18 3 0 1 1 1 1 1 2 2 1  687   14 
18 3 0 3 2 2 0 0 3 3 1  858    1 
18 3 0 3 2 2 1 0 3 3 1  527    1 
18 3 0 0 3 3 0 0 4 4 1  513    1 
18 3 0 1 0 0 0 0 1 1 1  708   29 
18 3 0 2 2 2 1 1 3 3 1  615    1 
18 3 1 2 1 1 1 0 3 3 1 1054    1 
18 3 0 1 1 0 0 1 2 2 1  835    1 
18 3 1 1 1 0 0 1 2 2 1  856    1 
18 3 0 1 1 0 0 1 2 2 1 1189    1 
18 3 0 0 0 3 0 1 1 1 1  620   30 
18 3 0 0 3 3 0 0 4 4 1  531    1 
18 3 0 1 1 1 1 1 2 2 1  557    1 
18 3 0 0 0 3 0 1 1 1 1  565    1 
18 3 0 0 3 3 0 0 4 4 1  765    1 
18 3 0 3 3 3 1 1 4 4 1  686    1 
18 3 0 1 1 0 0 1 2 2 1  801    1 
18 3 0 3 2 2 1 0 3 3 1  672    1 
18 3 0 3 2 2 1 0 3 3 1  516    1 
18 3 1 0 0 0 1 1 1 1 1  878    1 
18 3 1 3 3 3 1 1 4 4 1  994    0 
18 3 0 0 3 3 0 0 4 4 1  586    1 
18 3 0 1 0 0 0 0 1 1 1  833    1 
18 3 0 3 3 2 0 1 4 4 1  623    1 
18 3 0 1 0 0 0 0 1 1 1  813    1 
18 3 0 3 3 3 1 1 4 4 1  484    1 
18 3 0 3 2 2 1 0 3 3 1  487    1 
18 3 1 3 3 2 0 1 4 4 1 1555    1 
18 3 0 3 2 2 1 0 3 3 1  627    1 
18 3 1 3 3 3 1 1 4 4 1  753    1 
18 3 1 2 1 1 1 0 3 3 1  714    1 
18 3 0 3 2 2 0 0 3 3 1  749    1 
18 3 0 0 3 3 0 0 4 4 1  614    0 
18 3 0 3 3 2 0 1 4 4 1  677    1 
18 3 0 3 3 3 1 1 4 4 1  409    1 
18 3 1 3 3 2 0 1 4 4 1 1008    1 
18 3 0 2 2 2 1 1 3 3 1  622    1 
18 3 0 2 1 1 1 0 2 2 1  589    0 
18 3 0 3 2 2 1 0 3 3 1  532    1 
18 3 0 1 1 1 1 1 2 2 1  494    1 
18 3 0 1 0 0 0 0 1 1 1  553    0 
18 3 0 1 1 0 0 1 2 2 1  826    1 
18 3 0 3 3 2 0 1 4 4 1  856    1 
18 3 0 0 3 3 0 0 4 4 1  637    1 
18 3 0 2 1 1 0 0 2 2 1  754    1 
18 3 0 2 1 1 1 0 2 2 1  555    1 
18 3 0 3 3 3 1 1 4 4 1  548    1 
18 3 0 2 2 1 0 1 3 3 1  861    1 
18 3 0 1 1 0 0 1 2 2 1  786    1 
18 3 0 0 3 3 1 0 4 4 1  593    1 
18 3 0 3 3 3 1 1 4 4 1  553    1 
18 3 0 0 0 3 0 1 1 1 1  618    1 
18 3 0 1 0 0 1 0 1 1 1  592    1 
18 3 0 0 3 3 0 0 4 4 1  623    1 
18 3 1 2 1 1 1 0 3 3 1  917    1 
18 3 0 2 2 2 1 1 3 3 1  616    1 
18 3 0 0 3 3 1 0 4 4 1  638    1 
18 3 1 0 3 3 1 0 1 1 1 1011    1 
18 3 1 2 1 1 0 0 3 3 1  770    1 
18 3 0 1 1 1 1 1 2 2 1  874    1 
18 3 0 3 3 2 0 1 4 4 1  582    1 
18 3 0 2 1 1 1 0 2 2 1  942    1 
18 3 0 3 3 3 1 1 4 4 1  463    1 
18 3 0 2 1 1 1 0 2 2 1  524    0 
18 3 1 2 2 2 1 1 3 3 1  838    1 
18 3 0 0 3 3 0 0 4 4 1 1036    1 
18 3 0 2 1 1 1 0 2 3 0  681    1 
18 3 1 1 1 1 1 1 2 2 1 1314    1 
18 3 0 2 1 1 0 0 2 2 1  677    1 
18 3 1 0 3 3 0 0 1 1 1  946    1 
18 3 0 0 3 3 1 0 4 4 1  771    1 
18 3 0 0 3 3 1 0 4 4 1  459    1 
18 3 0 1 0 0 1 0 1 1 1  896    1 
18 3 1 2 1 1 1 0 3 3 1  907    1 
18 3 0 2 2 1 0 1 3 3 1  726    1 
18 3 1 1 0 0 0 0 2 2 1 1008    1 
18 3 0 0 0 0 1 1 1 1 1  575    1 
18 3 0 3 2 2 1 0 3 3 1  791    1 
18 3 0 1 1 0 0 1 2 2 1  695    1 
18 3 0 0 0 3 0 1 1 1 1  530    1 
18 3 0 3 2 2 1 0 3 2 0  860    1 
18 3 1 3 2 2 1 0 4 4 1 2007    1 
18 3 0 3 3 3 1 1 4 4 1  806    1 
18 3 0 1 0 0 0 0 1 1 1  637    1 
18 3 0 0 3 3 0 0 4 4 1  618    1 
18 3 0 1 1 0 0 1 2 2 1  688    1 
18 3 0 2 1 1 1 0 2 2 1  684    1 
18 3 0 3 3 2 0 1 4 4 1  687    1 
18 3 0 3 3 3 1 1 4 4 1  467    1 
18 3 0 3 2 2 0 0 3 3 1  759    1 
18 3 1 3 3 2 0 1 4 4 1 1136    1 
18 3 0 3 3 3 1 1 4 4 1  593    1 
18 3 0 2 1 1 1 0 2 2 1  825    1 
18 3 1 1 1 1 1 1 2 2 1  839    1 
18 3 1 3 3 2 0 1 4 4 1 1068    1 
18 3 0 1 0 0 1 0 1 1 1  776    1 
18 3 0 2 1 1 1 0 2 2 1  785    1 
18 3 1 0 0 0 1 1 1 1 1  736    1 
18 3 0 1 1 0 0 1 2 2 1  698    1 
18 3 1 2 2 1 0 1 3 3 1  685    1 
18 3 0 3 3 3 1 1 4 4 1  584    1 
18 3 0 0 3 3 1 0 4 4 1  608    1 
18 3 0 0 3 3 1 0 4 4 1  959    1 
18 3 0 1 0 0 0 0 1 2 0  624    1 
18 3 0 0 0 3 0 1 1 1 1  652    1 
18 3 0 1 1 1 1 1 2 2 1  736    1 
18 3 0 3 3 3 1 1 4 4 1  610    0 
18 3 0 2 2 2 1 1 3 3 1  633    1 
18 3 0 0 0 0 1 1 1 1 1  614    1 
18 3 0 3 2 2 1 0 3 3 1 1157    1 
18 3 0 3 3 3 1 1 4 4 1  518    1 
18 3 0 1 0 0 1 0 1 1 1  656    1 
18 3 1 0 3 3 1 0 1 1 1  701    1 
18 3 0 3 2 2 1 0 3 3 1  647    1 
18 3 0 2 2 1 0 1 3 3 1  805    1 
18 3 0 1 1 1 1 1 2 2 1  908    1 
18 3 0 0 3 3 1 0 4 4 1  495    1 
18 3 0 3 2 2 0 0 3 3 1  554    1 
18 3 1 2 2 1 0 1 3 3 1  611    1 
18 3 1 1 1 1 1 1 2 2 1  778    1 
18 3 0 0 0 0 1 1 1 1 1  810    1 
18 3 0 0 0 0 1 1 1 1 1  481    1 
18 3 1 0 0 0 1 1 1 1 1  765    1 
18 3 1 2 1 1 0 0 3 3 1 1021    1 
18 3 0 0 0 3 0 1 1 1 1  828    1 
18 3 0 1 0 0 0 0 1 1 1  514    5 
18 3 0 1 0 0 0 0 1 1 1  564    1 
18 3 0 3 2 2 1 0 3 3 1  677    1 
18 3 1 0 3 3 1 0 1 1 1  833    1 
18 3 0 2 1 1 0 0 2 2 1  831    1 
18 3 0 1 0 0 0 0 1 1 1  701    1 
18 3 1 1 0 0 0 0 2 2 1 1152    1 
18 3 1 2 1 1 1 0 3 3 1  689    1 
18 3 0 0 0 0 1 1 1 1 1  812    1 
18 3 0 0 0 0 1 1 1 1 1  427   14 
18 3 0 2 2 2 1 1 3 3 1  601    1 
18 3 0 3 3 2 0 1 4 4 1  632    0 
18 3 0 1 0 0 0 0 1 1 1 1798    1 
18 3 0 3 3 2 0 1 4 4 1  574    1 
18 3 1 0 3 3 0 0 1 1 1  934    1 
18 3 0 0 3 3 0 0 4 4 1  775    0 
18 3 0 1 1 1 1 1 2 2 1  919    1 
18 3 1 3 3 3 1 1 4 4 1 1489    0 
18 3 0 2 2 2 1 1 3 3 1  645    0 
18 3 0 0 0 3 0 1 1 1 1  650    1 
18 3 1 2 1 1 1 0 3 3 1  839    1 
18 3 1 1 0 0 0 0 2 2 1 1205    1 
18 3 0 2 1 1 0 0 2 2 1  891    1 
18 3 0 0 3 3 0 0 4 4 1  735    0 
18 3 1 3 2 2 0 0 4 4 1 1288    1 
18 3 0 2 2 2 1 1 3 3 1  628    1 
18 3 0 2 2 2 1 1 3 3 1  498    1 
18 3 1 2 2 2 1 1 3 3 1  909    1 
18 3 0 0 0 0 1 1 1 1 1  728    1 
18 4 0 3 0 0 1 0 1 1 1 2195    1 
18 4 1 0 0 0 1 1 1 1 1  915    1 
18 4 0 0 0 0 1 1 1 1 1 1150    1 
18 4 0 0 1 3 0 0 2 2 1  791    1 
18 4 0 0 0 3 0 1 1 1 1  582    1 
18 4 0 0 0 0 1 1 1 1 1  486    1 
18 4 0 2 2 2 1 1 3 3 1  537    1 
18 4 1 3 3 3 1 1 4 4 1  794    1 
18 4 0 2 2 2 1 1 3 3 1  570    1 
18 4 0 3 0 0 1 0 1 1 1  754    0 
18 4 0 0 1 3 0 0 2 2 1 1115    1 
18 4 0 3 0 0 1 0 1 1 1  726    1 
18 4 0 1 1 0 0 1 2 2 1  704    1 
18 4 0 0 1 3 0 0 2 2 1  747    1 
18 4 0 1 2 0 0 0 3 3 1  716    1 
18 4 0 0 1 1 1 0 2 2 1  646    1 
18 4 0 2 3 1 0 0 4 4 1  660    1 
18 4 0 3 3 2 0 1 4 4 1  528    1 
18 4 0 3 0 0 1 0 1 2 0  603    1 
18 4 1 1 2 0 0 0 2 2 1 1079    1 
18 4 1 0 0 3 0 1 1 1 1  891    1 
18 4 1 1 1 0 0 1 2 2 1  991    1 
18 4 0 2 2 2 1 1 3 3 1  806    1 
18 4 0 2 3 3 1 0 4 4 1  677    1 
18 4 0 1 1 1 1 1 2 2 1  785    1 
18 4 0 2 2 1 0 1 3 3 1  761    1 
18 4 1 2 3 1 0 0 3 3 1  906    1 
18 4 0 3 3 2 0 1 4 4 1  812    1 
18 4 0 2 3 3 1 0 4 4 1  603    1 
18 4 0 0 0 0 1 1 1 1 1  570    1 
18 4 0 0 0 3 0 1 1 1 1  482   46 
18 4 0 3 3 3 1 1 4 4 1 1022    1 
18 4 0 0 0 3 0 1 1 1 1  636    1 
18 4 0 0 1 3 0 0 2 2 1  665    1 
18 4 0 3 0 0 1 0 1 1 1  997    1 
18 4 1 2 2 2 1 1 3 4 0  965    1 
18 4 0 1 1 0 0 1 2 2 1 2499    0 
18 4 1 1 2 0 0 0 2 2 1 1014    1 
18 4 0 0 1 3 0 0 2 2 1  645    1 
18 4 0 2 3 1 0 0 4 4 1  778    1 
18 4 0 1 1 1 1 1 2 2 1  746    1 
18 4 1 1 2 0 0 0 2 2 1  820    1 
18 4 0 0 0 0 1 1 1 1 1  666    1 
18 4 0 0 1 3 0 0 2 2 1  790    1 
18 4 0 0 1 3 0 0 2 2 1  598    1 
18 4 0 2 3 1 0 0 4 4 1  717    1 
18 4 0 2 3 1 0 0 4 4 1  575    1 
18 4 0 0 0 0 1 1 1 1 1  575    1 
18 4 0 1 2 0 0 0 3 3 1  623    1 
18 4 0 2 3 3 1 0 4 4 1  598    1 
18 4 0 0 1 3 0 0 2 2 1  853    1 
18 4 0 0 0 0 1 1 1 1 1  650    1 
18 4 0 0 1 1 1 0 2 2 1  775    1 
18 4 0 2 2 1 0 1 3 3 1  607    1 
18 4 0 1 1 1 1 1 2 2 1  902    0 
18 4 0 1 1 1 1 1 2 2 1  544    1 
18 4 0 0 0 3 0 1 1 1 1  906    1 
18 4 0 3 0 0 1 0 1 1 1  685    1 
18 4 0 2 3 1 0 0 4 4 1  632    1 
18 4 1 2 2 2 1 1 3 3 1 1318    1 
18 4 0 2 2 1 0 1 3 3 1  744    1 
18 4 0 2 2 1 0 1 3 3 1  498    1 
18 4 0 0 1 3 0 0 2 2 1  853    1 
18 4 0 3 3 2 0 1 4 4 1  577    1 
18 4 0 3 0 0 1 0 1 1 1  890    1 
18 4 0 1 1 1 1 1 2 2 1  541    1 
18 4 0 2 3 3 1 0 4 4 1  582    1 
18 4 0 0 0 0 1 1 1 1 1  614    1 
18 4 0 1 1 1 1 1 2 2 1  717    0 
18 4 1 1 2 0 0 0 2 2 1 1095    1 
18 4 0 0 1 1 1 0 2 2 1  650    1 
18 4 0 1 1 1 1 1 2 2 1  423    1 
18 4 1 1 2 0 0 0 2 2 1 1149    1 
18 4 1 3 3 2 0 1 4 4 1  958    1 
18 4 1 1 2 2 1 0 2 2 1  759    0 
18 4 0 1 2 0 0 0 3 3 1  872    1 
18 4 0 0 1 3 0 0 2 2 1  772    1 
18 4 0 1 2 2 1 0 3 3 1  596    1 
18 4 0 3 3 2 0 1 4 4 1  603    1 
18 4 1 0 0 3 0 1 1 1 1  898    1 
18 4 1 1 2 2 1 0 2 2 1  822    1 
18 4 0 2 2 2 1 1 3 3 1  660    1 
18 4 0 3 3 2 0 1 4 4 1  625    1 
18 4 0 1 2 2 1 0 3 3 1  655    1 
18 4 1 1 1 0 0 1 2 2 1 1004    1 
18 4 0 3 3 2 0 1 4 4 1  594    1 
18 4 1 2 3 1 0 0 3 3 1 1530    1 
18 4 0 3 3 3 1 1 4 4 1  596    1 
18 4 0 0 0 3 0 1 1 1 1  611    0 
18 4 0 3 0 2 0 0 1 1 1  954    1 
18 4 1 3 0 0 1 0 4 4 1 1011    1 
18 4 0 2 2 2 1 1 3 3 1  738    1 
18 4 0 0 1 1 1 0 2 2 1 1115    1 
18 4 1 3 3 2 0 1 4 4 1 1614    1 
18 4 1 0 1 1 1 0 1 1 1  828    1 
18 4 0 1 2 0 0 0 3 3 1  891    1 
18 4 0 0 0 0 1 1 1 1 1  606    1 
18 4 0 2 2 1 0 1 3 3 1  533    1 
18 4 1 3 3 3 1 1 4 4 1  798    1 
18 4 0 0 0 3 0 1 1 1 1  622    0 
18 4 0 0 0 0 1 1 1 1 1  556    0 
18 4 0 3 0 2 0 0 1 1 1  669    1 
18 4 1 3 0 0 1 0 4 1 0  969    1 
18 4 0 2 2 1 0 1 3 3 1  663    1 
18 4 0 1 2 2 1 0 3 3 1 1788    1 
18 4 0 1 2 0 0 0 3 3 1  467    1 
18 4 0 3 3 3 1 1 4 4 1  487    1 
18 4 0 2 2 1 0 1 3 3 1  579    1 
18 4 0 0 0 0 1 1 1 1 1  643    1 
18 4 0 2 3 3 1 0 4 4 1  488    1 
18 4 0 3 0 2 0 0 1 1 1 1212    1 
18 4 0 1 2 0 0 0 3 3 1  707    1 
18 4 0 0 1 1 1 0 2 2 1  774    1 
18 4 0 0 0 0 1 1 1 1 1  534    1 
18 4 0 2 3 3 1 0 4 4 1  815    1 
18 4 0 2 2 1 0 1 3 3 1 2054    1 
18 4 0 0 1 3 0 0 2 2 1  731    1 
18 4 0 3 0 0 1 0 1 1 1  901    1 
18 4 1 3 3 3 1 1 4 4 1  736    1 
18 4 0 2 2 2 1 1 3 3 1  577    1 
18 4 0 1 1 1 1 1 2 2 1  601    1 
18 4 1 0 1 3 0 0 1 1 1  984    1 
18 4 0 3 3 3 1 1 4 4 1  536    1 
18 4 1 3 3 2 0 1 4 4 1 1025    1 
18 4 1 2 2 2 1 1 3 3 1  807    1 
18 4 0 2 3 1 0 0 4 4 1 1350    1 
18 4 0 3 3 2 0 1 4 4 1  647    1 
18 4 1 1 1 1 1 1 2 2 1  780    1 
18 4 0 1 2 2 1 0 3 3 1  813    1 
18 4 0 0 0 0 1 1 1 1 1  523    0 
18 4 1 2 3 3 1 0 3 3 1 1013    1 
18 4 1 3 3 3 1 1 4 4 1  780    1 
18 4 0 3 0 0 1 0 1 1 1  708    1 
18 4 0 2 2 2 1 1 3 3 1  591    1 
18 4 0 3 3 2 0 1 4 4 1  743    1 
18 4 1 0 0 0 1 1 1 1 1  864    1 
18 4 1 3 0 0 1 0 4 4 1  869    0 
18 4 1 2 2 1 0 1 3 3 1  689    0 
18 4 0 3 3 3 1 1 4 4 1  621    1 
18 4 0 1 1 1 1 1 2 2 1  547    1 
18 4 0 2 3 1 0 0 4 4 1  692    1 
18 4 0 3 3 2 0 1 4 4 1  512    1 
18 4 0 3 0 0 1 0 1 1 1  523    1 
18 4 0 3 0 2 0 0 1 2 0  748    1 
18 4 0 2 3 1 0 0 4 4 1 2339    0 
18 4 0 1 1 0 0 1 2 2 1  677    1 
18 4 0 1 2 0 0 0 3 3 1  673    1 
18 4 0 1 2 0 0 0 3 3 1  437    1 
18 4 0 0 0 3 0 1 1 1 1  539    1 
18 4 0 2 2 1 0 1 3 3 1  740    0 
18 4 0 1 2 2 1 0 3 3 1  526    1 
18 4 0 1 2 0 0 0 3 3 1  496    1 
18 4 0 2 3 3 1 0 4 4 1 1139    1 
18 4 0 1 2 0 0 0 3 3 1  709    1 
18 4 1 1 2 0 0 0 2 2 1 1111    1 
18 4 0 3 0 2 0 0 1 1 1  866    1 
18 4 1 0 0 0 1 1 1 1 1  782    1 
18 4 0 1 1 1 1 1 2 2 1  902    1 
18 4 0 3 0 2 0 0 1 1 1  681    1 
18 4 1 1 1 1 1 1 2 2 1  973    1 
18 4 1 0 0 3 0 1 1 1 1  621    1 
18 4 0 3 3 3 1 1 4 4 1  923    1 
18 4 1 1 2 0 0 0 2 3 0 2021    1 
18 4 0 3 0 2 0 0 1 1 1 1065    1 
18 4 0 0 1 3 0 0 2 2 1 1830    1 
18 4 0 0 1 3 0 0 2 2 1  484    1 
18 4 1 3 0 0 1 0 4 4 1  855    1 
18 4 1 3 0 2 0 0 4 4 1  692    1 
18 4 1 2 3 1 0 0 3 3 1  896    1 
18 4 0 1 2 0 0 0 3 3 1  787    1 
18 4 0 2 2 2 1 1 3 3 1  427    1 
18 4 0 1 1 1 1 1 2 2 1  593    1 
18 4 0 2 2 2 1 1 3 3 1  480    1 
18 4 0 2 3 3 1 0 4 4 1  532    1 
18 4 0 1 2 2 1 0 3 3 1  630    1 
18 4 1 2 2 2 1 1 3 3 1  588    1 
18 4 0 0 1 3 0 0 2 2 1  843    1 
18 4 0 3 3 2 0 1 4 4 1  545    1 
18 4 0 0 0 3 0 1 1 1 1  650    1 
18 4 1 2 2 2 1 1 3 3 1  607    1 
18 4 0 2 3 3 1 0 4 4 1  758    1 
18 4 0 2 3 1 0 0 4 4 1  711    1 
18 4 1 1 1 0 0 1 2 2 1 1193    1 
18 4 0 1 2 2 1 0 3 3 1 1113    1 
18 4 1 1 1 1 1 1 2 2 1  692    1 
18 4 0 1 1 0 0 1 2 2 1  775    1 
18 4 1 3 3 2 0 1 4 4 1  751    1 
18 4 1 3 3 2 0 1 4 4 1  560    0 
18 4 0 3 0 0 1 0 1 1 1  777    1 
18 4 1 0 1 1 1 0 1 1 1  737    1 
18 4 0 2 3 3 1 0 4 4 1 1058    1 
18 4 0 2 3 3 1 0 4 4 1  503    1 
