27 1 1 2 3 3 1 0 3 0 0 5000    0 
27 1 0 0 1 2 0 0 2 2 1 2316    0 
27 1 1 0 1 2 0 0 1 1 1 1734    0 
27 1 0 3 0 0 1 0 1 1 1 1975    0 
27 1 0 1 1 1 1 1 2 2 1 1039    1 
27 1 1 0 0 0 1 1 1 1 1  965    0 
27 1 0 2 2 2 1 1 3 3 1 2317    0 
27 1 1 1 1 1 1 1 2 2 1 1215    0 
27 1 1 0 1 2 0 0 1 1 1 1965    0 
27 1 0 1 1 1 1 1 2 2 1 1045    1 
27 1 0 3 3 3 1 1 4 4 1  691    0 
27 1 1 3 3 1 0 1 4 4 1 2110    1 
27 1 0 3 3 3 1 1 4 4 1  921    1 
27 1 0 2 3 3 1 0 4 4 1 1179    0 
27 1 0 1 2 3 0 0 3 3 1 1979    0 
27 1 0 1 1 3 0 1 2 2 1 1083    1 
27 1 0 2 2 2 1 1 3 3 1 1238    0 
27 1 1 3 3 3 1 1 4 4 1 1027    0 
27 1 0 1 2 2 1 0 3 3 1  857    0 
27 1 0 0 1 2 0 0 2 2 1 1542    0 
27 1 1 1 1 3 0 1 2 2 1 1247    1 
27 1 1 1 2 3 0 0 2 2 1 2589    0 
27 1 1 0 1 1 1 0 1 1 1 1204    0 
27 1 0 1 2 3 0 0 3 3 1 2435    1 
27 1 0 3 3 1 0 1 4 4 1  736    0 
27 1 0 1 1 1 1 1 2 2 1  849    0 
27 1 1 1 2 3 0 0 2 2 1 1286  132 
27 1 0 1 2 2 1 0 3 3 1 1793    0 
27 1 0 3 0 0 1 0 1 1 1 1561    0 
27 1 0 0 0 0 1 1 1 1 1  793    1 
27 1 1 0 0 0 1 1 1 1 1  777    0 
27 1 0 2 2 0 0 1 3 3 1 1129    0 
27 1 0 0 1 1 1 0 2 2 1 1091    0 
27 1 0 3 0 1 0 0 1 3 0  902    1 
27 1 0 1 2 3 0 0 3 3 1 1423    0 
27 1 1 3 0 0 1 0 4 4 1 1285    0 
27 1 1 2 2 0 0 1 3 3 1 1144    0 
27 1 0 2 3 0 0 0 4 4 1 1057    1 
27 1 0 2 2 2 1 1 3 3 1 1486    1 
27 1 1 2 2 2 1 1 3 3 1  858    6 
27 1 0 0 0 2 0 1 1 1 1 1350    0 
27 1 0 0 1 1 1 0 2 2 1 1071    0 
27 1 0 0 1 1 1 0 2 2 1  515    1 
27 1 0 1 2 3 0 0 3 3 1 1093    0 
27 1 0 3 0 0 1 0 1 1 1 1152    0 
27 1 1 1 2 3 0 0 2 2 1 1337    1 
27 1 0 1 1 3 0 1 2 2 1  946    0 
27 1 1 1 2 3 0 0 2 2 1 1284    0 
27 1 0 2 3 0 0 0 4 4 1  951    0 
27 1 0 3 3 3 1 1 4 4 1  608    0 
27 1 0 0 0 2 0 1 1 1 1  862    0 
27 1 0 1 2 3 0 0 3 3 1 1467    0 
27 1 0 3 3 3 1 1 4 4 1  679    0 
27 1 1 1 2 2 1 0 2 2 1 1091    1 
27 1 0 1 2 2 1 0 3 3 1 1078    1 
27 1 0 0 0 0 1 1 1 1 1  610    1 
27 1 0 2 2 0 0 1 3 3 1 1625    0 
27 1 0 2 2 2 1 1 3 3 1  639    1 
27 1 1 0 0 2 0 1 1 1 1 1260    0 
27 1 0 3 3 3 1 1 4 4 1  985    1 
27 1 0 2 2 0 0 1 3 3 1  752    0 
27 1 0 3 3 1 0 1 4 4 1  817    0 
27 1 0 0 1 2 0 0 2 2 1  927    0 
27 1 0 2 3 0 0 0 4 4 1  673    0 
27 1 0 2 3 0 0 0 4 4 1  517    0 
27 1 0 3 3 1 0 1 4 4 1  719    0 
27 1 0 0 1 2 0 0 2 2 1  817    1 
27 1 1 0 0 2 0 1 1 1 1  663    0 
27 1 1 2 3 3 1 0 3 3 1  916    0 
27 1 1 3 0 0 1 0 4 4 1  830    0 
27 1 0 2 3 3 1 0 4 4 1 1028    1 
27 1 0 1 1 1 1 1 2 2 1 1378    1 
27 1 1 2 2 0 0 1 3 3 1 1514    0 
27 1 0 2 3 3 1 0 4 4 1 1012    0 
27 1 0 0 0 2 0 1 1 3 0 2011    0 
27 1 0 0 1 2 0 0 2 2 1 2608    0 
27 1 0 1 2 3 0 0 3 3 1  799    0 
27 1 0 3 0 1 0 0 1 1 1 1293    1 
27 1 0 3 3 3 1 1 4 4 1  584  114 
27 1 0 3 0 0 1 0 1 1 1  888    0 
27 1 1 3 0 1 0 0 4 4 1 1579  123 
27 1 0 3 3 3 1 1 4 4 1  619    0 
27 1 0 2 2 2 1 1 3 3 1  593    1 
27 1 0 1 1 3 0 1 2 2 1 1073    1 
27 1 0 1 2 3 0 0 3 3 1  901    0 
27 1 0 1 1 1 1 1 2 2 1 1527    1 
27 1 0 1 1 3 0 1 2 2 1  865    0 
27 1 0 0 1 2 0 0 2 2 1  533   78 
27 1 0 3 3 3 1 1 4 4 1  559    0 
27 1 0 2 2 2 1 1 3 3 1  679    0 
27 1 0 2 2 0 0 1 3 3 1  779    0 
27 1 0 0 0 0 1 1 1 1 1  611    1 
27 1 0 2 2 2 1 1 3 3 1 1306    0 
27 1 1 0 1 2 0 0 1 1 1 1173    0 
27 1 0 1 1 3 0 1 2 3 0  765    1 
27 1 0 3 0 0 1 0 1 4 0 1611    0 
27 1 0 2 2 0 0 1 3 3 1 1271   98 
27 1 0 1 1 1 1 1 2 2 1 1971    0 
27 1 0 2 2 0 0 1 3 3 1  771    0 
27 1 0 0 1 1 1 0 2 2 1 1643    1 
27 1 0 1 1 3 0 1 2 2 1  697    1 
27 1 0 0 1 2 0 0 2 2 1  572    0 
27 1 0 0 1 1 1 0 2 2 1  540    0 
27 1 0 1 2 3 0 0 3 3 1  877    1 
27 1 0 0 0 2 0 1 1 1 1  721    0 
27 1 1 3 3 3 1 1 4 4 1  987    0 
27 1 0 1 1 1 1 1 2 2 1 2091    0 
27 1 0 1 1 1 1 1 2 2 1  494    0 
27 1 0 2 2 0 0 1 3 3 1  641    0 
27 1 0 2 2 0 0 1 3 3 1  975    0 
27 1 0 0 0 2 0 1 1 3 0  495    0 
27 1 0 1 2 2 1 0 3 3 1 2544    0 
27 1 0 0 1 1 1 0 2 2 1  969    1 
27 1 0 2 3 0 0 0 4 4 1  681    1 
27 1 0 3 0 0 1 0 1 1 1 1733   99 
27 1 0 2 3 0 0 0 4 4 1 1247    0 
27 1 1 3 3 3 1 1 4 4 1 1116    1 
27 1 0 3 0 0 1 0 1 1 1 1070    1 
27 1 0 3 3 3 1 1 4 4 1  714    0 
27 1 0 3 0 0 1 0 1 1 1  693    1 
27 1 0 2 2 0 0 1 3 3 1  928    1 
27 1 0 2 3 0 0 0 4 4 1  986    0 
27 1 0 2 2 2 1 1 3 3 1  833    0 
27 1 0 0 0 0 1 1 1 1 1  791    1 
27 1 0 2 2 2 1 1 3 3 1 1150    1 
27 1 1 3 0 0 1 0 4 4 1 1159   82 
27 1 0 0 1 2 0 0 2 2 1 1895    0 
27 1 1 1 2 3 0 0 2 2 1 2659  108 
27 1 0 3 3 1 0 1 4 4 1  783    1 
27 1 0 3 3 1 0 1 4 4 1  455    1 
27 1 0 0 0 2 0 1 1 1 1 1076   89 
27 1 0 0 1 2 0 0 2 2 1  672    0 
27 1 1 3 0 1 0 0 4 4 1 1492    0 
27 1 1 2 3 3 1 0 3 3 1 1447    1 
27 1 0 2 3 0 0 0 4 4 1 1140    1 
27 1 1 3 3 1 0 1 4 4 1 1134    0 
27 1 0 3 3 3 1 1 4 4 1  727    0 
27 1 0 2 2 2 1 1 3 3 1  649    0 
27 1 0 2 3 3 1 0 4 4 1 1230    0 
27 1 0 1 2 2 1 0 3 3 1 1380    0 
27 1 0 2 2 2 1 1 3 3 1  852    0 
27 1 1 1 2 2 1 0 2 2 1 1096    0 
27 1 0 1 1 1 1 1 2 2 1  740    1 
27 1 0 1 1 1 1 1 2 2 1  429   88 
27 1 0 0 0 2 0 1 1 1 1  955    1 
27 1 0 2 3 3 1 0 4 4 1 1748    1 
27 1 0 0 1 2 0 0 2 2 1  965    1 
27 1 1 0 1 1 1 0 1 1 1  701    0 
27 1 0 2 3 3 1 0 4 4 1  896    0 
27 1 0 0 1 2 0 0 2 2 1  691    0 
27 1 0 3 0 0 1 0 1 1 1 1022    1 
27 1 1 0 0 0 1 1 1 1 1  732    1 
27 1 1 3 0 1 0 0 4 4 1 1550    1 
27 1 0 3 0 0 1 0 1 1 1 1334    0 
27 1 0 3 0 1 0 0 1 1 1 1120    0 
27 1 1 2 2 2 1 1 3 3 1  914    0 
27 1 0 1 1 1 1 1 2 2 1  996    1 
27 1 1 3 3 1 0 1 4 4 1 1372    0 
27 1 0 0 1 1 1 0 2 2 1 1228    1 
27 1 0 2 2 2 1 1 3 3 1  778    0 
27 1 0 1 1 3 0 1 2 2 1 1778    0 
27 1 0 0 1 2 0 0 2 2 1  578    1 
27 1 0 2 3 3 1 0 4 4 1 2178    0 
27 1 0 0 1 2 0 0 2 2 1 1178    1 
27 1 0 2 3 3 1 0 4 4 1  770    1 
27 1 0 0 1 2 0 0 2 2 1  898    0 
27 1 0 3 0 1 0 0 1 1 1  917    0 
27 1 1 0 1 2 0 0 1 1 1  951  106 
27 1 0 0 0 2 0 1 1 1 1  896    0 
27 1 0 0 0 2 0 1 1 1 1  515    1 
27 1 0 1 2 2 1 0 3 3 1 1101   83 
27 1 0 3 0 0 1 0 1 1 1 1056    1 
27 1 1 2 3 3 1 0 3 3 1 1317    0 
27 1 0 0 0 0 1 1 1 1 1 1439    0 
27 1 0 1 1 1 1 1 2 2 1  940    0 
27 1 1 3 0 1 0 0 4 4 1 2109    0 
27 1 0 0 0 2 0 1 1 1 1  768    0 
27 1 0 3 3 1 0 1 4 4 1  528    0 
27 1 0 0 0 0 1 1 1 1 1  530    0 
27 1 1 1 1 1 1 1 2 2 1 1292    1 
27 1 1 1 1 3 0 1 2 2 1 1319    0 
27 1 0 3 0 1 0 0 1 4 0  713    0 
27 1 1 3 0 1 0 0 4 1 0 2266    1 
27 1 0 1 2 2 1 0 3 3 1 3740    0 
27 1 1 2 2 0 0 1 3 3 1 1469    0 
27 1 0 3 0 1 0 0 1 4 0  729    1 
27 1 0 1 1 3 0 1 2 2 1 3777    0 
27 1 1 2 3 0 0 0 3 3 1 1433    1 
27 1 0 1 1 3 0 1 2 2 1 1591    0 
27 1 1 3 3 3 1 1 4 4 1  958    0 
27 1 0 2 2 2 1 1 3 3 1  991    0 
27 1 1 1 2 3 0 0 2 2 1 2998    1 
27 2 1 2 0 1 0 0 3 3 1 4190    0 
27 2 1 2 0 0 1 0 3 3 1 1485    0 
27 2 1 2 2 2 1 1 3 3 1 1185    0 
27 2 0 0 0 3 0 1 1 1 1 1008    1 
27 2 1 0 2 3 0 0 1 1 1 1191    1 
27 2 0 1 1 1 1 1 2 2 1 1478    0 
27 2 0 1 1 0 0 1 2 2 1  890    0 
27 2 1 0 0 3 0 1 1 1 1 1077    0 
27 2 0 0 0 3 0 1 1 1 1  825    1 
27 2 0 0 0 0 1 1 1 1 1  663    0 
27 2 0 2 2 2 1 1 3 3 1  892    0 
27 2 0 3 1 2 0 0 2 2 1 1640    0 
27 2 0 3 3 2 0 1 4 4 1 1245    0 
27 2 0 2 0 1 0 0 1 1 1  954    1 
27 2 0 2 2 1 0 1 3 3 1  915    1 
27 2 1 1 3 3 1 0 2 2 1 1174    0 
27 2 0 2 2 2 1 1 3 3 1 1141    0 
27 2 0 3 1 2 0 0 2 2 1 1663    0 
27 2 0 2 0 1 0 0 1 1 1  980    1 
27 2 0 2 2 2 1 1 3 3 1  835    0 
27 2 0 1 3 3 1 0 4 4 1 1065    0 
27 2 0 2 2 1 0 1 3 3 1 1038    0 
27 2 0 0 0 3 0 1 1 1 1  691    0 
27 2 1 0 2 2 1 0 1 1 1  998    0 
27 2 0 2 0 1 0 0 1 1 1 1070    1 
27 2 1 2 0 0 1 0 3 3 1 1258    0 
27 2 1 0 2 2 1 0 1 1 1 1022    1 
27 2 0 3 1 1 1 0 2 2 1 1236    0 
27 2 0 0 0 0 1 1 1 0 0 5000    0 
27 2 0 0 0 3 0 1 1 1 1 1406    0 
27 2 0 3 1 2 0 0 2 2 1 1469    0 
27 2 1 3 1 2 0 0 4 4 1 1385    0 
27 2 0 3 3 2 0 1 4 4 1  864    1 
27 2 1 0 2 2 1 0 1 1 1 1133    0 
27 2 0 0 2 2 1 0 3 3 1 2486    0 
27 2 0 2 2 1 0 1 3 3 1  562    1 
27 2 0 0 0 0 1 1 1 1 1  578    1 
27 2 0 2 2 1 0 1 3 3 1  882    1 
27 2 0 3 1 2 0 0 2 4 0  686    0 
27 2 0 0 2 2 1 0 3 3 1 1559    1 
27 2 0 3 3 2 0 1 4 4 1  744    0 
27 2 1 2 2 2 1 1 3 3 1  993    1 
27 2 1 3 3 2 0 1 4 4 1 1936    0 
27 2 0 2 2 1 0 1 3 3 1  954    1 
27 2 0 2 0 1 0 0 1 1 1  690    1 
27 2 1 3 3 3 1 1 4 4 1 1134    0 
27 2 0 0 0 3 0 1 1 1 1  719    1 
27 2 0 1 3 3 1 0 4 4 1 1217    1 
27 2 0 2 0 0 1 0 1 1 1 1015    1 
27 2 0 2 2 2 1 1 3 3 1 1293    0 
27 2 0 3 3 3 1 1 4 4 1  641    1 
27 2 0 1 3 0 0 0 4 4 1 1118    1 
27 2 0 0 2 2 1 0 3 3 1 1448    0 
27 2 1 3 3 2 0 1 4 4 1 1437    1 
27 2 0 3 3 3 1 1 4 4 1  642    1 
27 2 0 1 1 0 0 1 2 2 1  952   97 
27 2 1 0 0 0 1 1 1 1 1  897    1 
27 2 0 3 3 2 0 1 4 4 1  612    0 
27 2 0 0 0 3 0 1 1 1 1  635    0 
27 2 0 3 1 1 1 0 2 2 1 1072    1 
27 2 0 1 3 3 1 0 4 4 1  892    0 
27 2 0 3 1 1 1 0 2 2 1 1311    0 
27 2 1 3 1 2 0 0 4 4 1 1554    0 
27 2 0 1 1 0 0 1 2 2 1 1043    1 
27 2 0 2 0 0 1 0 1 1 1  928    1 
27 2 0 1 1 1 1 1 2 2 1 1970    0 
27 2 1 2 2 1 0 1 3 3 1 1458    0 
27 2 0 2 0 0 1 0 1 1 1  727    0 
27 2 0 2 0 0 1 0 1 1 1  617    0 
27 2 1 0 0 0 1 1 1 1 1 1015    1 
27 2 0 3 3 3 1 1 4 4 1  645    0 
27 2 1 3 1 1 1 0 4 4 1  995    0 
27 2 0 1 1 0 0 1 2 2 1  898    0 
27 2 0 2 0 1 0 0 1 1 1  957    0 
27 2 0 2 2 1 0 1 3 3 1  886    0 
27 2 0 1 3 3 1 0 4 4 1 1369    0 
27 2 0 1 3 3 1 0 4 4 1  633    1 
27 2 0 2 2 2 1 1 3 3 1 1943    0 
27 2 0 3 3 3 1 1 4 4 1  672    0 
27 2 1 2 2 2 1 1 3 3 1 1444    0 
27 2 1 3 3 3 1 1 4 4 1  737    1 
27 2 0 1 3 0 0 0 4 4 1  931    0 
27 2 0 2 2 2 1 1 3 3 1  637    0 
27 2 0 1 3 3 1 0 4 4 1  746    0 
27 2 0 1 1 0 0 1 2 2 1  835    0 
27 2 1 1 3 3 1 0 2 2 1  897    0 
27 2 0 2 0 0 1 0 1 1 1 1132    0 
27 2 0 2 0 1 0 0 1 1 1  973    1 
27 2 1 2 2 1 0 1 3 3 1 1493  105 
27 2 0 3 3 3 1 1 4 4 1  521    1 
27 2 0 3 3 2 0 1 4 4 1  707    0 
27 2 0 1 3 3 1 0 4 4 1  813    1 
27 2 0 3 1 2 0 0 2 2 1  924    0 
27 2 1 3 1 2 0 0 4 4 1 1454    0 
27 2 0 3 1 1 1 0 2 4 0  707    0 
27 2 1 3 1 2 0 0 4 2 0 1219    0 
27 2 0 0 2 2 1 0 3 3 1 2080    1 
27 2 1 0 2 3 0 0 1 1 1 1147    0 
27 2 0 1 1 1 1 1 2 0 0 5000    0 
27 2 1 1 3 3 1 0 2 2 1 2521    0 
27 2 0 1 1 1 1 1 2 2 1  899    0 
27 2 0 2 0 0 1 0 1 1 1  854    1 
27 2 0 1 1 1 1 1 2 2 1  907    1 
27 2 1 3 1 1 1 0 4 4 1 1150    0 
27 2 1 0 0 0 1 1 1 1 1 1342    1 
27 2 1 1 3 3 1 0 2 2 1 1328    0 
27 2 0 3 1 2 0 0 2 2 1 1394    1 
27 2 1 1 3 3 1 0 2 2 1 2001    0 
27 2 1 3 1 1 1 0 4 4 1 1480    0 
27 2 0 2 0 0 1 0 1 3 0  708    0 
27 2 0 1 3 0 0 0 4 4 1 2108    1 
27 2 1 1 1 0 0 1 2 2 1 1391    0 
27 2 0 2 2 2 1 1 3 3 1 1518    1 
27 2 0 0 2 3 0 0 3 3 1  584    1 
27 2 0 2 2 2 1 1 3 3 1  472    0 
27 2 0 0 2 3 0 0 3 3 1  492    1 
27 2 0 3 1 2 0 0 2 2 1 2095    0 
27 2 0 1 3 0 0 0 4 4 1 1162    0 
27 2 0 0 2 3 0 0 3 3 1  779    1 
27 2 0 1 1 1 1 1 2 2 1  883    0 
27 2 0 0 2 3 0 0 3 3 1  758    1 
27 2 0 0 2 2 1 0 3 3 1  647    0 
27 2 0 0 2 3 0 0 3 3 1  436    1 
27 2 1 1 1 1 1 1 2 2 1 1162   90 
27 2 0 2 0 0 1 0 1 1 1 1090    0 
27 2 0 2 0 1 0 0 1 1 1  950    0 
27 2 1 0 0 0 1 1 1 1 1  918    1 
27 2 0 3 3 2 0 1 4 4 1  840    0 
27 2 1 1 1 0 0 1 2 2 1 1318    1 
27 2 0 3 3 2 0 1 4 4 1  704    1 
27 2 0 0 2 3 0 0 3 3 1  986    1 
27 2 0 0 2 3 0 0 3 3 1  658    0 
27 2 0 2 0 1 0 0 1 1 1 1926    0 
27 2 0 3 1 2 0 0 2 2 1  880    0 
27 2 1 0 2 3 0 0 1 1 1 1196    0 
27 2 0 1 1 0 0 1 2 2 1  996    0 
27 2 0 1 3 0 0 0 4 4 1  899    0 
27 2 1 0 0 0 1 1 1 1 1 1454    1 
27 2 1 2 0 1 0 0 3 1 0  826    0 
27 2 0 2 2 2 1 1 3 3 1 2110    1 
27 2 0 1 1 1 1 1 2 2 1 2601    1 
27 2 0 0 2 3 0 0 3 3 1  960    0 
27 2 0 3 1 2 0 0 2 4 0  760   73 
27 2 0 3 1 2 0 0 2 2 1 3367    0 
27 2 0 2 2 2 1 1 3 3 1 1199    0 
27 2 0 0 0 3 0 1 1 1 1 1374    1 
27 2 0 0 0 0 1 1 1 1 1  518   89 
27 2 0 3 3 2 0 1 4 4 1  944    0 
27 2 0 2 0 0 1 0 1 1 1 1441    0 
27 2 0 1 3 0 0 0 4 4 1 3335    1 
27 2 0 3 1 1 1 0 2 2 1  736    0 
27 2 0 0 0 0 1 1 1 1 1  713    1 
27 2 0 0 0 3 0 1 1 1 1  604    1 
27 2 0 2 2 1 0 1 3 4 0 1082    0 
27 2 0 3 3 3 1 1 4 4 1  772    1 
27 2 0 1 3 3 1 0 4 4 1  948    0 
27 2 0 0 0 3 0 1 1 1 1  725    1 
27 2 0 0 0 0 1 1 1 1 1  647  103 
27 2 0 2 0 1 0 0 1 1 1  733    0 
27 2 0 3 3 2 0 1 4 4 1  646    6 
27 2 0 1 3 3 1 0 4 4 1  595    0 
27 2 0 0 0 3 0 1 1 1 1  851    1 
27 2 0 3 1 1 1 0 2 2 1 3615    0 
27 2 0 1 3 0 0 0 4 4 1  917    1 
27 2 1 3 3 3 1 1 4 4 1  799    0 
27 2 0 3 3 3 1 1 4 4 1  590    0 
27 2 0 0 0 0 1 1 1 1 1  573    1 
27 2 1 1 3 0 0 0 2 2 1 1173    1 
27 2 0 1 1 1 1 1 2 2 1  773   92 
27 2 0 1 3 3 1 0 4 4 1  765    0 
27 2 0 0 0 0 1 1 1 1 1  661   82 
27 2 0 2 2 1 0 1 3 3 1 1146    0 
27 2 0 2 2 1 0 1 3 3 1  499    0 
27 2 0 3 1 1 1 0 2 4 0  862    0 
27 2 1 3 1 1 1 0 4 4 1 1641    1 
27 2 1 0 0 3 0 1 1 1 1 1862    0 
27 2 0 0 2 3 0 0 3 3 1  923    1 
27 2 1 1 1 0 0 1 2 2 1 1325    0 
27 2 0 1 3 0 0 0 4 4 1 1287    0 
27 2 0 3 3 2 0 1 4 4 1  762    0 
27 2 0 1 3 3 1 0 4 4 1  931    0 
27 2 0 1 1 1 1 1 2 3 0  693    0 
27 2 0 1 3 3 1 0 4 4 1 2046    0 
27 2 1 1 3 0 0 0 2 2 1 1323    0 
27 2 0 0 0 3 0 1 1 1 1 1421    0 
27 2 0 1 1 0 0 1 2 2 1 1107    1 
27 2 1 0 0 3 0 1 1 1 1  638    1 
27 2 0 2 2 2 1 1 3 3 1 1972    0 
27 2 0 0 2 2 1 0 3 3 1  884    0 
27 2 1 2 2 2 1 1 3 3 1  919    1 
27 2 0 1 1 0 0 1 2 2 1 1433    0 
27 2 0 3 1 2 0 0 2 2 1  950    1 
27 3 0 0 1 2 0 0 2 2 1 3903    0 
27 3 1 1 1 3 0 1 2 2 1 1418    0 
27 3 0 1 1 1 1 1 2 2 1  600    1 
27 3 0 3 3 3 1 1 4 4 1  790    0 
27 3 0 2 3 3 1 0 4 4 1 1382    0 
27 3 0 2 2 2 1 1 3 3 1 2589    0 
27 3 0 0 0 0 1 1 1 1 1 1044    0 
27 3 0 0 1 1 1 0 2 2 1 1058    0 
27 3 0 0 0 2 0 1 1 1 1 1094    0 
27 3 0 2 2 2 1 1 3 3 1  730    0 
27 3 0 2 3 0 0 0 4 4 1 1292    0 
27 3 0 2 2 2 1 1 3 3 1  703    0 
27 3 0 2 2 2 1 1 3 3 1  474    0 
27 3 1 2 2 0 0 1 3 3 1 1230    0 
27 3 0 0 0 0 1 1 1 1 1  644    0 
27 3 0 0 1 1 1 0 2 2 1  929    1 
27 3 1 3 3 3 1 1 4 4 1  971    0 
27 3 0 0 0 0 1 1 1 1 1  739    0 
27 3 0 2 2 2 1 1 3 3 1 1468    0 
27 3 0 0 0 2 0 1 1 1 1  560    1 
27 3 1 1 1 1 1 1 2 2 1  961    0 
27 3 0 2 2 0 0 1 3 3 1 1138    0 
27 3 0 0 0 2 0 1 1 2 0  683    1 
27 3 0 0 1 1 1 0 2 2 1 1101    0 
27 3 0 2 2 2 1 1 3 3 1  919    1 
27 3 0 2 3 0 0 0 4 4 1  713    0 
27 3 0 3 0 0 1 0 1 1 1 1276    0 
27 3 0 3 3 1 0 1 4 4 1  992    1 
27 3 1 0 0 2 0 1 1 1 1  911    0 
27 3 0 3 0 1 0 0 1 1 1  594    0 
27 3 1 3 0 1 0 0 4 1 0 1025    0 
27 3 0 0 1 1 1 0 2 2 1 1357    1 
27 3 0 3 3 1 0 1 4 4 1  750    0 
27 3 1 3 3 3 1 1 4 4 1 1279    0 
27 3 1 1 1 3 0 1 2 2 1 1339    1 
27 3 1 0 0 0 1 1 1 1 1 1084    0 
27 3 1 0 1 1 1 0 1 1 1 1391    0 
27 3 0 2 3 0 0 0 4 4 1 1119    1 
27 3 0 0 1 1 1 0 2 3 0 1433    0 
27 3 0 3 3 1 0 1 4 4 1  804    0 
27 3 0 0 0 2 0 1 1 1 1 1499    1 
27 3 0 0 0 0 1 1 1 1 1  517    1 
27 3 1 1 1 3 0 1 2 2 1 1119    1 
27 3 1 3 0 0 1 0 4 4 1  801    0 
27 3 1 1 2 2 1 0 2 2 1  800    0 
27 3 1 0 1 1 1 0 1 1 1  807    0 
27 3 0 1 1 1 1 1 2 2 1  877    0 
27 3 0 3 0 0 1 0 1 1 1 1225    1 
27 3 1 0 0 0 1 1 1 1 1 1143    0 
27 3 0 0 1 1 1 0 2 2 1 1185    0 
27 3 0 2 3 3 1 0 4 4 1  960    1 
27 3 0 3 3 3 1 1 4 4 1  433    0 
27 3 0 2 2 0 0 1 3 3 1  734    0 
27 3 1 3 3 3 1 1 4 4 1  711    1 
27 3 0 2 3 0 0 0 4 4 1  578    0 
27 3 0 1 1 1 1 1 2 2 1 1274    0 
27 3 0 3 0 1 0 0 1 1 1  958    1 
27 3 0 3 3 3 1 1 4 4 1  631    0 
27 3 1 2 3 3 1 0 3 3 1 1325    0 
27 3 1 2 3 0 0 0 3 3 1 1087    0 
27 3 0 0 1 2 0 0 2 2 1 1386    0 
27 3 0 1 1 3 0 1 2 2 1  561    0 
27 3 0 3 0 1 0 0 1 1 1  978    1 
27 3 0 2 3 3 1 0 4 4 1 1802    0 
27 3 0 3 3 1 0 1 4 4 1  673   90 
27 3 0 0 1 1 1 0 2 2 1  893   81 
27 3 0 2 2 0 0 1 3 3 1 1608    0 
27 3 0 3 3 1 0 1 4 4 1  687    0 
27 3 0 3 3 3 1 1 4 4 1  546    0 
27 3 0 2 2 2 1 1 3 3 1  715    1 
27 3 1 1 1 1 1 1 2 2 1  981    0 
27 3 0 2 2 0 0 1 3 3 1  957    0 
27 3 0 0 1 1 1 0 2 2 1  918    0 
27 3 1 3 3 1 0 1 4 4 1 1208    0 
27 3 0 0 0 0 1 1 1 1 1  895    1 
27 3 0 1 2 3 0 0 3 3 1  834    0 
27 3 0 3 3 1 0 1 4 4 1  584    0 
27 3 0 2 3 0 0 0 4 4 1  551    0 
27 3 0 2 3 0 0 0 4 4 1  528    0 
27 3 1 0 0 2 0 1 1 1 1  866    1 
27 3 0 0 1 1 1 0 2 1 0  694    1 
27 3 0 0 1 2 0 0 2 2 1 1735    1 
27 3 0 2 3 3 1 0 4 4 1 1312    1 
27 3 0 2 3 3 1 0 4 4 1  603    1 
27 3 0 0 1 1 1 0 2 2 1 1042    0 
27 3 1 3 0 1 0 0 4 4 1 1351    0 
27 3 1 2 2 2 1 1 3 3 1 1352   90 
27 3 0 2 2 2 1 1 3 3 1  792    1 
27 3 1 3 0 1 0 0 4 4 1 1384    0 
27 3 0 1 2 3 0 0 3 3 1 1503    1 
27 3 0 1 1 1 1 1 2 2 1 1586    1 
27 3 0 3 3 3 1 1 4 4 1 1257    0 
27 3 0 2 3 3 1 0 4 4 1  614    1 
27 3 1 2 3 0 0 0 3 3 1 1340    0 
27 3 0 1 1 3 0 1 2 2 1 1502    1 
27 3 0 0 1 2 0 0 2 2 1  608    1 
27 3 0 3 0 1 0 0 1 1 1 1087    0 
27 3 1 1 1 3 0 1 2 2 1  858    1 
27 3 0 2 3 0 0 0 4 4 1 1135    1 
27 3 0 2 3 3 1 0 4 4 1  584    0 
27 3 1 0 1 2 0 0 1 1 1 1032    1 
27 3 0 2 2 0 0 1 3 3 1 1261    0 
27 3 0 1 2 3 0 0 3 3 1  730    1 
27 3 0 2 3 3 1 0 4 4 1  900   88 
27 3 0 3 3 1 0 1 4 4 1  582    0 
27 3 1 3 3 3 1 1 4 4 1 1070    1 
27 3 0 3 3 3 1 1 4 4 1  682    0 
27 3 0 2 2 0 0 1 3 3 1  853    0 
27 3 1 0 1 2 0 0 1 1 1  962    0 
27 3 0 1 1 1 1 1 2 2 1 1154    0 
27 3 0 1 1 1 1 1 2 2 1  499    0 
27 3 0 1 2 3 0 0 3 3 1  798    1 
27 3 1 0 1 2 0 0 1 1 1 1525    0 
27 3 0 0 1 2 0 0 2 2 1 1087    1 
27 3 0 3 3 3 1 1 4 4 1  682    0 
27 3 0 3 0 1 0 0 1 1 1 1958    1 
27 3 0 2 2 2 1 1 3 3 1  903    1 
27 3 0 1 1 3 0 1 2 2 1  673    1 
27 3 0 1 2 3 0 0 3 3 1  757   86 
27 3 1 1 1 3 0 1 2 2 1 1126    0 
27 3 0 1 1 1 1 1 2 2 1  584    0 
27 3 0 1 2 2 1 0 3 3 1  671    0 
27 3 0 3 0 1 0 0 1 1 1 1299    0 
27 3 0 3 0 1 0 0 1 1 1 1702    0 
27 3 0 1 2 3 0 0 3 3 1  913    0 
27 3 0 2 2 0 0 1 3 3 1  635    0 
27 3 0 1 2 2 1 0 3 3 1  673    0 
27 3 0 0 1 1 1 0 2 2 1  893    1 
27 3 1 1 1 3 0 1 2 2 1 1048    0 
27 3 0 0 1 1 1 0 2 2 1  893    0 
27 3 1 0 0 2 0 1 1 1 1  833    1 
27 3 0 2 2 2 1 1 3 3 1 1134    0 
27 3 0 0 0 0 1 1 1 1 1 1703  103 
27 3 0 3 0 1 0 0 1 1 1  922    0 
27 3 0 3 0 1 0 0 1 1 1  652    0 
27 3 0 2 3 3 1 0 4 4 1 2121    0 
27 3 1 2 2 2 1 1 3 3 1 1051    0 
27 3 0 2 3 0 0 0 4 4 1 1055    0 
27 3 0 1 2 2 1 0 3 3 1 1132    1 
27 3 1 2 2 0 0 1 3 3 1 1029    0 
27 3 1 1 2 2 1 0 2 2 1 1715    0 
27 3 0 3 3 3 1 1 4 4 1  621    0 
27 3 0 2 3 0 0 0 4 4 1  691    0 
27 3 1 2 3 0 0 0 3 3 1 1423    1 
27 3 1 1 2 2 1 0 2 2 1 1061    0 
27 3 0 3 3 3 1 1 4 4 1  633    1 
27 3 1 3 0 1 0 0 4 4 1 2671    0 
27 3 1 1 2 3 0 0 2 2 1 1835    0 
27 3 0 3 3 3 1 1 4 4 1  632    0 
27 3 0 0 0 2 0 1 1 1 1  653    0 
27 3 0 1 1 1 1 1 2 2 1  770    1 
27 3 0 1 2 3 0 0 3 3 1  946    1 
27 3 1 1 2 2 1 0 2 3 0  851    0 
27 3 0 1 1 1 1 1 2 2 1 1598    0 
27 3 1 1 1 3 0 1 2 2 1  949    0 
27 3 0 1 1 3 0 1 2 2 1  582    1 
27 3 0 3 3 1 0 1 4 4 1  701    0 
27 3 0 2 2 2 1 1 3 3 1  704    1 
27 3 0 1 2 3 0 0 3 3 1  987    0 
27 3 0 1 1 3 0 1 2 2 1  866   97 
27 3 0 2 3 0 0 0 4 4 1  710    1 
27 3 0 3 0 0 1 0 1 1 1  921    1 
27 3 0 1 2 3 0 0 3 3 1 1587    1 
27 3 0 0 1 1 1 0 2 2 1  818    0 
27 3 0 2 2 2 1 1 3 3 1  576   98 
27 3 1 0 1 2 0 0 1 1 1 1192    0 
27 3 0 3 0 0 1 0 1 1 1 1112    1 
27 3 1 0 0 0 1 1 1 1 1  690    0 
27 3 0 2 2 0 0 1 3 3 1  830    0 
27 3 0 0 0 2 0 1 1 1 1  972    0 
27 3 0 3 3 3 1 1 4 4 1  508    0 
27 3 0 1 2 2 1 0 3 3 1 1022    1 
27 3 0 3 0 1 0 0 1 1 1 1092    0 
27 3 0 3 0 1 0 0 1 1 1  464    0 
27 3 0 0 0 2 0 1 1 1 1  564    0 
27 3 1 1 1 3 0 1 2 2 1  885    0 
27 3 0 1 2 2 1 0 3 3 1  896    1 
27 3 0 1 1 1 1 1 2 2 1  644    0 
27 3 1 0 1 1 1 0 1 1 1 1761    0 
27 3 0 3 0 0 1 0 1 1 1 1042    0 
27 3 0 0 1 1 1 0 2 2 1  839    0 
27 3 1 2 2 0 0 1 3 3 1 1300    0 
27 3 0 1 2 3 0 0 3 3 1  711   90 
27 3 0 3 0 1 0 0 1 4 0  634    0 
27 3 0 1 1 1 1 1 2 2 1 2677    0 
27 3 0 0 1 2 0 0 2 2 1  633    1 
27 3 0 1 1 3 0 1 2 2 1  654    0 
27 3 0 3 3 1 0 1 4 4 1 1347    0 
27 3 1 1 2 3 0 0 2 2 1  940    0 
27 3 0 0 1 1 1 0 2 2 1  830    1 
27 3 0 3 0 0 1 0 1 1 1 1324    0 
27 3 0 0 1 1 1 0 2 2 1  638    0 
27 4 0 3 0 2 0 0 1 1 1 2487    0 
27 4 1 3 0 0 1 0 4 4 1 1178    0 
27 4 0 3 3 2 0 1 4 4 1  626    1 
27 4 0 0 0 0 1 1 1 1 1  864    0 
27 4 0 0 1 1 1 0 2 2 1  645    0 
27 4 1 0 1 3 0 0 1 1 1 1298    0 
27 4 0 2 3 3 1 0 4 3 0  965    0 
27 4 0 1 2 2 1 0 3 3 1 1395    1 
27 4 0 0 0 0 1 1 1 1 1  675    1 
27 4 0 1 1 0 0 1 2 2 1  975    0 
27 4 0 2 2 2 1 1 3 3 1  927    1 
27 4 0 1 2 2 1 0 3 3 1  737    0 
27 4 1 1 2 0 0 0 2 2 1 1266    1 
27 4 0 1 1 0 0 1 2 2 1  710    0 
27 4 0 3 3 2 0 1 4 4 1  577    1 
27 4 0 1 1 0 0 1 2 2 1  649    0 
27 4 0 3 0 2 0 0 1 1 1 1141    1 
27 4 0 0 1 1 1 0 2 2 1  879    1 
27 4 0 1 2 0 0 0 3 3 1 1963    0 
27 4 1 3 3 2 0 1 4 4 1 1339    1 
27 4 1 1 1 1 1 1 2 2 1 1053    0 
27 4 0 2 3 3 1 0 4 4 1  985    1 
27 4 0 3 3 3 1 1 4 4 1  505    1 
27 4 1 2 3 3 1 0 3 3 1 1035    0 
27 4 0 2 3 3 1 0 4 4 1  921    6 
27 4 0 1 2 2 1 0 3 3 1  819    0 
27 4 0 2 3 3 1 0 4 4 1  665   90 
27 4 0 3 3 3 1 1 4 4 1  517    0 
27 4 0 3 3 3 1 1 4 4 1  615    1 
27 4 0 0 1 3 0 0 2 2 1 1181    1 
27 4 1 2 3 1 0 0 3 3 1 1261    0 
27 4 1 3 0 2 0 0 4 1 0 1242    0 
27 4 0 0 0 3 0 1 1 1 1 1149    1 
27 4 0 2 3 1 0 0 4 4 1 3366    0 
27 4 1 1 2 2 1 0 2 2 1 1190    1 
27 4 0 2 2 2 1 1 3 3 1 1173    1 
27 4 0 1 1 1 1 1 2 2 1 1429    0 
27 4 1 2 2 2 1 1 3 3 1 1003    1 
27 4 0 0 1 1 1 0 2 2 1 1018    0 
27 4 0 2 2 1 0 1 3 3 1  568    0 
27 4 0 0 1 3 0 0 2 2 1  624    1 
27 4 0 3 3 3 1 1 4 4 1  534    0 
27 4 1 0 0 0 1 1 1 1 1 1023    1 
27 4 0 3 3 2 0 1 4 4 1  781    0 
27 4 1 2 3 1 0 0 3 3 1 1285    0 
27 4 1 0 1 3 0 0 1 1 1 3473    1 
27 4 0 0 1 3 0 0 2 2 1  941    0 
27 4 0 0 0 0 1 1 1 1 1  846    1 
27 4 0 2 3 1 0 0 4 4 1 1252    0 
27 4 1 1 2 0 0 0 2 2 1 1040    0 
27 4 0 2 3 3 1 0 4 4 1  949    1 
27 4 1 0 1 1 1 0 1 1 1  766    0 
27 4 1 1 1 1 1 1 2 2 1  798    0 
27 4 1 1 2 2 1 0 2 2 1  790    0 
27 4 1 0 0 0 1 1 1 1 1  693    0 
27 4 0 1 2 0 0 0 3 3 1 1472    0 
27 4 0 3 0 0 1 0 1 1 1 1572    0 
27 4 1 3 0 2 0 0 4 4 1 1348    0 
27 4 0 1 2 2 1 0 3 3 1 1277    0 
27 4 0 2 2 1 0 1 3 3 1  977   89 
27 4 0 0 0 0 1 1 1 1 1 1897    0 
27 4 0 2 2 2 1 1 3 3 1  612    1 
27 4 0 2 2 2 1 1 3 3 1  467    0 
27 4 0 3 3 3 1 1 4 4 1  495    0 
27 4 0 1 2 2 1 0 3 2 0  802    0 
27 4 1 1 2 2 1 0 2 2 1 1887    1 
27 4 0 2 3 3 1 0 4 4 1 3738    1 
27 4 0 1 2 2 1 0 3 3 1  988    0 
27 4 1 1 2 0 0 0 2 2 1 1275    0 
27 4 1 1 2 0 0 0 2 2 1  551    0 
27 4 0 1 1 1 1 1 2 2 1  584    1 
27 4 0 0 0 0 1 1 1 1 1  655    0 
27 4 0 0 1 1 1 0 2 2 1  748    0 
27 4 0 2 3 1 0 0 4 4 1 1133    1 
27 4 0 0 0 3 0 1 1 1 1 1822    1 
27 4 0 0 0 3 0 1 1 1 1  452    0 
27 4 0 3 3 2 0 1 4 4 1 1193    0 
27 4 1 2 2 1 0 1 3 3 1 1040    1 
27 4 0 0 0 0 1 1 1 1 1  598    0 
27 4 1 0 1 1 1 0 1 1 1  829    0 
27 4 1 1 1 1 1 1 2 2 1  907    0 
27 4 0 2 2 2 1 1 3 3 1 1942    0 
27 4 0 0 1 3 0 0 2 2 1 2431    0 
27 4 0 2 3 3 1 0 4 4 1  829    0 
27 4 0 2 3 3 1 0 4 4 1  491    0 
27 4 1 0 0 0 1 1 1 1 1  750    1 
27 4 0 1 2 2 1 0 3 3 1 1063   87 
27 4 0 0 0 3 0 1 1 1 1 1604    1 
27 4 0 1 2 0 0 0 3 3 1 1298    0 
27 4 0 3 3 3 1 1 4 4 1  509    1 
27 4 0 3 0 0 1 0 1 1 1 1080    0 
27 4 0 0 1 1 1 0 2 2 1 3380    1 
27 4 0 0 1 3 0 0 2 2 1  556  121 
27 4 1 2 3 1 0 0 3 3 1 1509    0 
27 4 0 0 0 3 0 1 1 1 1 1815    0 
27 4 0 1 2 0 0 0 3 3 1 1333    1 
27 4 0 3 0 2 0 0 1 4 0  679    0 
27 4 0 2 3 3 1 0 4 4 1 1001    1 
27 4 0 3 3 2 0 1 4 4 1  599    0 
27 4 0 3 0 2 0 0 1 1 1 1190    0 
27 4 0 2 2 1 0 1 3 3 1  781    1 
27 4 1 0 0 0 1 1 1 1 1 1653    0 
27 4 1 1 1 0 0 1 2 2 1 1114    0 
27 4 0 3 0 2 0 0 1 4 0  741    1 
27 4 0 3 0 2 0 0 1 1 1 1732    1 
27 4 0 3 0 0 1 0 1 1 1 1021    0 
27 4 0 1 2 0 0 0 3 3 1 1083    0 
27 4 1 2 3 1 0 0 3 3 1 1175    1 
27 4 0 3 0 2 0 0 1 1 1 1199    1 
27 4 0 2 2 1 0 1 3 3 1  741    1 
27 4 0 2 2 1 0 1 3 3 1  487    0 
27 4 1 2 2 2 1 1 3 3 1 1458    0 
27 4 0 0 1 3 0 0 2 2 1 2175    0 
27 4 0 2 3 1 0 0 4 4 1 1047    1 
27 4 0 1 2 0 0 0 3 3 1  972    0 
27 4 0 1 1 1 1 1 2 3 0  716    0 
27 4 0 2 2 1 0 1 3 3 1 2844    0 
27 4 1 0 0 0 1 1 1 1 1 1105  128 
27 4 0 3 3 2 0 1 4 4 1 2204    0 
27 4 0 3 3 2 0 1 4 4 1  435    0 
27 4 0 0 0 3 0 1 1 1 1  672    1 
27 4 1 3 0 0 1 0 4 4 1  908    1 
27 4 0 2 3 1 0 0 4 4 1  679    0 
27 4 0 3 3 3 1 1 4 4 1  491    0 
27 4 1 1 2 2 1 0 2 2 1 1038    1 
27 4 0 0 0 3 0 1 1 1 1  739    1 
27 4 0 2 3 1 0 0 4 4 1  693    0 
27 4 1 1 1 0 0 1 2 2 1 1464    0 
27 4 0 1 1 0 0 1 2 2 1  845    0 
27 4 1 2 2 2 1 1 3 3 1 1914    0 
27 4 0 2 2 1 0 1 3 3 1  821    0 
27 4 0 2 2 2 1 1 3 3 1  411    0 
27 4 0 1 1 0 0 1 2 2 1 1025  102 
27 4 0 3 3 2 0 1 4 4 1  655    0 
27 4 0 3 3 3 1 1 4 4 1 2100    0 
27 4 0 0 1 3 0 0 2 2 1 1567  113 
27 4 0 1 1 0 0 1 2 2 1  519    0 
27 4 0 2 2 1 0 1 3 3 1  673    1 
27 4 0 0 1 3 0 0 2 2 1  693  124 
27 4 0 3 3 2 0 1 4 4 1  672    1 
27 4 0 1 1 0 0 1 2 2 1  652    1 
27 4 1 2 2 1 0 1 3 3 1  937    0 
27 4 0 2 3 1 0 0 4 4 1  794    0 
27 4 1 3 3 2 0 1 4 4 1 1122    0 
27 4 0 1 1 1 1 1 2 2 1 1108    1 
27 4 0 3 0 0 1 0 1 1 1 2566    1 
27 4 0 1 1 0 0 1 2 2 1  830    1 
27 4 0 1 2 0 0 0 3 3 1  748    1 
27 4 0 0 0 0 1 1 1 1 1  717    0 
27 4 0 0 1 1 1 0 2 2 1  831  108 
27 4 0 0 0 3 0 1 1 1 1  765    1 
27 4 0 3 0 2 0 0 1 1 1  870    0 
27 4 0 3 0 0 1 0 1 1 1  458    1 
27 4 1 2 3 3 1 0 3 3 1  934   83 
27 4 1 0 0 3 0 1 1 1 1 1032    0 
27 4 0 1 1 1 1 1 2 2 1  757    0 
27 4 0 1 2 0 0 0 3 3 1  670    1 
27 4 0 2 3 3 1 0 4 4 1 1266    0 
27 4 0 0 1 1 1 0 2 2 1 1070    1 
27 4 0 3 3 2 0 1 4 4 1  778    1 
27 4 0 1 1 1 1 1 2 2 1  610    1 
27 4 0 3 0 2 0 0 1 1 1 1392    1 
27 4 1 0 0 0 1 1 1 1 1  784    1 
27 4 0 3 3 2 0 1 4 4 1  695    0 
27 4 0 2 3 3 1 0 4 4 1 1930    1 
27 4 0 2 2 2 1 1 3 3 1  892    0 
27 4 0 2 2 2 1 1 3 3 1  488    0 
27 4 0 1 1 1 1 1 2 2 1  547    0 
27 4 1 0 0 0 1 1 1 1 1 1012    0 
27 4 0 0 0 3 0 1 1 1 1  675    0 
27 4 0 3 0 2 0 0 1 1 1  495    1 
27 4 0 3 3 2 0 1 4 4 1  658    0 
27 4 1 0 0 0 1 1 1 1 1  679    1 
27 4 1 1 2 0 0 0 2 2 1  875    1 
27 4 0 1 1 1 1 1 2 2 1 1447    0 
27 4 0 0 1 1 1 0 2 2 1  460    1 
27 4 0 1 2 0 0 0 3 3 1  777    0 
27 4 0 1 2 2 1 0 3 3 1  529    0 
27 4 1 1 1 0 0 1 2 2 1 1307    1 
27 4 0 2 3 1 0 0 4 4 1  750    0 
27 4 1 3 0 0 1 0 4 4 1  943    1 
27 4 0 3 0 0 1 0 1 1 1 1200    0 
27 4 0 3 3 2 0 1 4 4 1  639    0 
27 4 1 2 2 2 1 1 3 3 1 1076    0 
27 4 0 0 0 0 1 1 1 1 1  688    0 
27 4 0 3 0 0 1 0 1 1 1  939    0 
27 4 0 3 3 2 0 1 4 4 1  732    0 
27 4 1 3 0 0 1 0 4 4 1  846    1 
27 4 0 2 3 3 1 0 4 4 1 1307    1 
27 4 0 0 0 3 0 1 1 1 1 1422    0 
27 4 0 0 0 0 1 1 1 1 1 1252    0 
27 4 0 3 0 0 1 0 1 1 1  401    0 
