25 1 1 3 3 1 0 1 4 4 1 2767    1 
25 1 0 2 2 0 0 1 3 3 1 2535    1 
25 1 1 3 0 1 0 0 4 1 0 1081    1 
25 1 0 2 2 2 1 1 3 3 1 1531    0 
25 1 0 2 3 3 1 0 4 4 1  909    1 
25 1 1 3 3 3 1 1 4 4 1  744    0 
25 1 0 2 2 2 1 1 3 3 1  873    1 
25 1 0 2 2 0 0 1 3 3 1  885    1 
25 1 1 1 1 1 1 1 2 2 1 2017    3 
25 1 1 2 2 0 0 1 3 3 1 2343    1 
25 1 0 1 1 3 0 1 2 2 1 1104    1 
25 1 0 0 1 1 1 0 2 2 1 1083    1 
25 1 0 0 1 2 0 0 2 2 1 1199    1 
25 1 0 1 1 1 1 1 2 2 1  701    1 
25 1 1 0 0 0 1 1 1 1 1 1600    1 
25 1 0 3 3 3 1 1 4 4 1  879    0 
25 1 0 2 2 0 0 1 3 3 1 3027    1 
25 1 1 1 1 3 0 1 2 2 1 2793    1 
25 1 0 2 2 0 0 1 3 3 1  985    1 
25 1 0 0 0 2 0 1 1 1 1  864    1 
25 1 0 2 3 3 1 0 4 4 1  941    1 
25 1 0 3 3 3 1 1 4 4 1  487    1 
25 1 0 1 1 1 1 1 2 3 0 1234    1 
25 1 0 0 1 2 0 0 2 2 1  701    1 
25 1 0 1 2 2 1 0 3 3 1 1128    1 
25 1 0 3 3 3 1 1 4 4 1  594    1 
25 1 0 0 1 1 1 0 2 2 1 2106    1 
25 1 1 3 3 3 1 1 4 4 1 1548    1 
25 1 0 1 2 3 0 0 3 3 1 1014    1 
25 1 0 3 3 1 0 1 4 4 1 1245    1 
25 1 0 1 1 3 0 1 2 2 1 1130    1 
25 1 0 1 1 1 1 1 2 2 1 1612    1 
25 1 0 2 2 0 0 1 3 3 1  963    1 
25 1 0 2 3 0 0 0 4 4 1  764    1 
25 1 1 1 1 1 1 1 2 2 1 1293    1 
25 1 1 1 2 2 1 0 2 3 0 1008    1 
25 1 1 3 0 0 1 0 4 4 1 1669    1 
25 1 0 0 0 2 0 1 1 1 1 1265    1 
25 1 0 0 1 2 0 0 2 2 1 1174    1 
25 1 0 1 1 3 0 1 2 2 1  630    1 
25 1 0 1 1 1 1 1 2 2 1  668    1 
25 1 1 1 2 3 0 0 2 3 0  920    1 
25 1 0 2 2 0 0 1 3 3 1 1424    1 
25 1 1 1 1 1 1 1 2 2 1 2319    1 
25 1 0 3 3 3 1 1 4 4 1 1353    1 
25 1 0 2 2 2 1 1 3 3 1  938    1 
25 1 1 3 0 0 1 0 4 4 1 2867    1 
25 1 1 2 3 3 1 0 3 3 1 1143    1 
25 1 0 0 1 2 0 0 2 2 1  977    1 
25 1 0 3 3 1 0 1 4 4 1 1193    1 
25 1 0 3 0 0 1 0 1 1 1 1888    1 
25 1 1 2 2 0 0 1 3 3 1 1892    1 
25 1 0 0 0 0 1 1 1 1 1 2063   37 
25 1 0 1 1 3 0 1 2 2 1 1012    1 
25 1 0 2 3 0 0 0 4 4 1  931    1 
25 1 0 0 0 2 0 1 1 1 1 1061    1 
25 1 0 3 3 3 1 1 4 4 1 1954    1 
25 1 0 0 1 1 1 0 2 2 1 1619    1 
25 1 0 0 0 0 1 1 1 1 1  689    1 
25 1 0 1 1 1 1 1 2 2 1  796    1 
25 1 0 0 0 2 0 1 1 1 1 1004    1 
25 1 0 3 3 1 0 1 4 4 1  746    1 
25 1 1 2 2 2 1 1 3 3 1 2028    1 
25 1 1 1 2 2 1 0 2 3 0 3018    0 
25 1 0 0 1 1 1 0 2 2 1 3262    1 
25 1 0 0 0 0 1 1 1 1 1  699    1 
25 1 0 3 0 0 1 0 1 2 0 2326    1 
25 1 1 2 3 0 0 0 3 4 0  974    1 
25 1 0 3 0 1 0 0 1 1 1 2188    1 
25 1 0 1 1 1 1 1 2 2 1 1492    1 
25 1 0 0 1 2 0 0 2 2 1  991    1 
25 1 1 2 2 0 0 1 3 3 1 1911    1 
25 1 1 2 2 2 1 1 3 3 1 1425    1 
25 1 0 3 3 1 0 1 4 4 1  968    1 
25 1 0 0 1 1 1 0 2 1 0  984    1 
25 1 1 2 3 0 0 0 3 4 0 2469    1 
25 1 0 2 3 3 1 0 4 4 1 1527    1 
25 1 0 0 1 2 0 0 2 2 1 1746    1 
25 1 0 3 3 1 0 1 4 4 1 1043    1 
25 1 0 0 1 1 1 0 2 2 1 1160    1 
25 1 0 1 2 2 1 0 3 3 1  969    1 
25 1 0 2 2 0 0 1 3 3 1  937    1 
25 1 0 2 3 0 0 0 4 4 1  795    1 
25 1 1 0 0 2 0 1 1 1 1 2002    1 
25 1 1 2 3 0 0 0 3 4 0 1241    1 
25 1 0 0 1 1 1 0 2 2 1 3604    1 
25 1 0 3 3 3 1 1 4 4 1 1123    1 
25 1 1 3 0 1 0 0 4 4 1 1630    1 
25 1 0 3 3 3 1 1 4 4 1 1716   38 
25 1 0 1 1 1 1 1 2 2 1 1926    1 
25 1 0 3 0 1 0 0 1 1 1 2544    1 
25 1 0 3 0 0 1 0 1 1 1  818    1 
25 1 1 2 2 2 1 1 3 3 1 1656    1 
25 1 1 2 2 2 1 1 3 3 1  925    1 
25 1 0 1 2 2 1 0 3 3 1 2655    1 
25 1 0 3 0 1 0 0 1 1 1 1179    1 
25 1 0 1 1 3 0 1 2 2 1  932    1 
25 1 0 0 0 0 1 1 1 1 1  982    1 
25 1 1 1 2 2 1 0 2 2 1 1806    1 
25 1 1 3 3 3 1 1 4 3 0 2053    1 
25 1 0 2 3 0 0 0 4 4 1  920    0 
25 1 0 3 3 1 0 1 4 4 1  530    1 
25 1 0 0 1 2 0 0 2 2 1 1228    1 
25 1 0 2 3 3 1 0 4 3 0 1274    0 
25 1 0 0 1 2 0 0 2 2 1 1548    1 
25 1 0 2 3 0 0 0 4 4 1 1406    1 
25 1 0 1 2 2 1 0 3 3 1 2436    1 
25 1 0 3 0 0 1 0 1 2 0 2434    1 
25 1 0 0 0 0 1 1 1 1 1  805    1 
25 1 1 1 1 1 1 1 2 2 1 1548    1 
25 1 1 2 2 0 0 1 3 3 1 2486    1 
25 1 0 0 1 2 0 0 2 2 1 1065    0 
25 1 0 1 2 2 1 0 3 3 1 1230    1 
25 1 0 1 1 1 1 1 2 2 1 1316    1 
25 1 0 1 1 3 0 1 2 2 1  870    1 
25 1 0 3 0 0 1 0 1 1 1 1706    1 
25 1 1 3 3 3 1 1 4 4 1 1317    1 
25 1 0 0 1 2 0 0 2 2 1 1847    1 
25 1 0 3 0 0 1 0 1 1 1  869    0 
25 1 0 1 2 2 1 0 3 3 1 2785    1 
25 1 0 3 0 1 0 0 1 1 1 1752    1 
25 1 1 0 0 2 0 1 1 1 1 1865    1 
25 1 0 3 0 1 0 0 1 1 1  781    1 
25 1 0 1 1 1 1 1 2 2 1 1686    1 
25 1 0 2 3 3 1 0 4 4 1 1409    1 
25 1 0 2 2 0 0 1 3 3 1 1736    1 
25 1 0 0 1 2 0 0 2 2 1 1993    1 
25 1 0 0 0 2 0 1 1 1 1 1633    1 
25 1 0 0 0 2 0 1 1 1 1  862    1 
25 1 1 0 1 2 0 0 1 1 1 1339    1 
25 1 0 2 3 3 1 0 4 4 1 2485    1 
25 1 1 0 1 2 0 0 1 1 1 2264    1 
25 1 0 3 3 1 0 1 4 4 1 1701    1 
25 1 0 2 2 0 0 1 3 3 1  936    1 
25 1 1 3 0 1 0 0 4 4 1 1121    1 
25 1 1 0 0 2 0 1 1 1 1 2083    1 
25 1 0 1 1 1 1 1 2 2 1 1975    0 
25 1 0 2 3 0 0 0 4 3 0 1023    1 
25 1 0 2 3 3 1 0 4 4 1 1459    1 
25 1 0 2 3 0 0 0 4 4 1  704    1 
25 1 1 1 1 3 0 1 2 2 1 1963    1 
25 1 0 0 1 1 1 0 2 2 1 1044    0 
25 1 0 1 1 1 1 1 2 2 1  513    1 
25 1 0 0 0 0 1 1 1 3 0 1068    1 
25 1 0 2 3 0 0 0 4 4 1 1006    1 
25 1 0 1 1 1 1 1 2 2 1 1205    1 
25 1 0 3 3 1 0 1 4 4 1  859    1 
25 1 0 0 0 0 1 1 1 1 1  728    1 
25 1 0 0 1 1 1 0 2 2 1  938    1 
25 1 0 3 0 1 0 0 1 1 1 1052    1 
25 1 0 2 2 2 1 1 3 3 1 1352    1 
25 1 1 1 2 3 0 0 2 2 1 2121    1 
25 1 0 2 2 0 0 1 3 3 1 1340    1 
25 1 0 0 0 2 0 1 1 1 1 1029    1 
25 1 0 0 1 2 0 0 2 2 1 1027    1 
25 1 0 3 3 1 0 1 4 4 1 2833    1 
25 1 0 2 2 2 1 1 3 3 1 1055    1 
25 1 0 1 2 2 1 0 3 3 1 1604    1 
25 1 0 0 1 1 1 0 2 2 1 1202    1 
25 1 0 2 3 0 0 0 4 4 1 1273    1 
25 1 1 3 0 1 0 0 4 1 0 1749    1 
25 1 1 1 2 2 1 0 2 3 0 3052    1 
25 1 1 0 1 1 1 0 1 1 1 1327    1 
25 1 0 1 2 2 1 0 3 3 1 2105    1 
25 1 0 0 1 2 0 0 2 2 1 2076    1 
25 1 0 3 0 1 0 0 1 1 1  864    1 
25 1 1 2 2 2 1 1 3 3 1 1485    0 
25 1 0 3 3 1 0 1 4 4 1 1776    1 
25 1 0 3 3 1 0 1 4 4 1  561    1 
25 1 0 3 0 1 0 0 1 1 1 1345    1 
25 1 1 1 2 3 0 0 2 2 1 1907    1 
25 1 0 0 1 1 1 0 2 2 1 2230    1 
25 1 0 1 2 2 1 0 3 3 1  948    1 
25 1 0 1 2 2 1 0 3 2 0 1469    1 
25 1 0 2 2 0 0 1 3 3 1 1463    1 
25 1 1 1 2 3 0 0 2 2 1 1956    1 
25 1 1 2 3 0 0 0 3 3 1 1533    1 
25 1 0 3 0 0 1 0 1 2 0 2775    1 
25 1 0 0 1 1 1 0 2 2 1  821    1 
25 1 1 3 0 0 1 0 4 4 1 2827    1 
25 1 0 3 3 3 1 1 4 4 1 1121    1 
25 1 0 1 2 2 1 0 3 2 0 1291    1 
25 1 0 0 1 2 0 0 2 2 1 1045    1 
25 1 1 2 2 2 1 1 3 4 0 2890    1 
25 1 0 0 0 0 1 1 1 1 1  884    1 
25 1 0 1 2 3 0 0 3 3 1 1855    1 
25 1 0 3 0 1 0 0 1 1 1 1812    1 
25 1 0 1 2 2 1 0 3 3 1 1587    1 
25 1 0 3 0 0 1 0 1 1 1 1810    1 
25 1 0 2 2 0 0 1 3 3 1 1713    1 
25 1 0 1 1 3 0 1 2 2 1 1668    1 
25 1 0 1 1 3 0 1 2 2 1  912    1 
25 2 1 0 1 3 0 0 1 1 1 2588    1 
25 2 0 3 0 2 0 0 1 1 1 1820    1 
25 2 1 1 2 2 1 0 2 2 1 3002    1 
25 2 0 1 2 0 0 0 3 3 1 1857    1 
25 2 0 3 3 3 1 1 4 4 1  918    1 
25 2 0 2 3 1 0 0 4 4 1  824    1 
25 2 1 3 3 3 1 1 4 4 1 1214    1 
25 2 1 0 1 1 1 0 1 1 1 3453    1 
25 2 1 3 0 2 0 0 4 4 1 2609    1 
25 2 0 1 1 1 1 1 2 2 1 1728    1 
25 2 1 3 0 0 1 0 4 4 1 1234    1 
25 2 0 0 1 1 1 0 2 2 1 1288    1 
25 2 0 3 3 2 0 1 4 4 1 1219    1 
25 2 0 0 0 0 1 1 1 1 1 1410    1 
25 2 0 0 0 0 1 1 1 1 1  880    1 
25 2 1 3 3 2 0 1 4 4 1 1700    1 
25 2 0 1 2 2 1 0 3 2 0 1143    1 
25 2 0 0 0 3 0 1 1 1 1 1007    1 
25 2 0 0 0 3 0 1 1 1 1  670    1 
25 2 1 3 3 2 0 1 4 4 1 1866    1 
25 2 0 3 0 0 1 0 1 1 1 1518    1 
25 2 0 2 2 1 0 1 3 3 1 1440    1 
25 2 0 3 3 2 0 1 4 4 1 1533    1 
25 2 0 1 2 0 0 0 3 3 1 2015    1 
25 2 1 3 0 0 1 0 4 1 0 1958    1 
25 2 0 1 1 1 1 1 2 2 1 1109    1 
25 2 0 0 1 1 1 0 2 1 0  743    1 
25 2 1 3 3 2 0 1 4 4 1 1831    1 
25 2 0 2 2 1 0 1 3 3 1 1445    1 
25 2 1 3 3 2 0 1 4 4 1 1114    1 
25 2 0 3 0 2 0 0 1 1 1  901    1 
25 2 0 0 0 0 1 1 1 1 1  608    1 
25 2 0 1 1 0 0 1 2 2 1 1519    1 
25 2 0 0 1 3 0 0 2 2 1  849    1 
25 2 0 1 1 1 1 1 2 2 1  846    1 
25 2 0 1 1 0 0 1 2 2 1  627    1 
25 2 1 2 3 1 0 0 3 3 1 2345    1 
25 2 1 1 1 1 1 1 2 2 1 2443   40 
25 2 0 0 1 3 0 0 2 2 1 1000    1 
25 2 0 3 3 2 0 1 4 4 1 1023    1 
25 2 1 2 2 1 0 1 3 3 1 1981    1 
25 2 0 2 2 2 1 1 3 3 1  981    1 
25 2 0 2 3 1 0 0 4 4 1  797    1 
25 2 0 0 1 3 0 0 2 2 1 1981    1 
25 2 0 2 3 3 1 0 4 4 1  997    1 
25 2 0 2 3 1 0 0 4 4 1  589    1 
25 2 0 1 1 1 1 1 2 2 1 1700    1 
25 2 0 2 3 3 1 0 4 4 1 1119    1 
25 2 0 3 0 2 0 0 1 1 1  825    1 
25 2 1 3 3 2 0 1 4 4 1 1415    1 
25 2 1 3 0 0 1 0 4 4 1 2046    1 
25 2 1 2 3 3 1 0 3 3 1 1987    1 
25 2 0 2 3 3 1 0 4 4 1 1715    1 
25 2 0 3 3 2 0 1 4 4 1  518    1 
25 2 0 2 2 2 1 1 3 3 1 1048    1 
25 2 0 0 0 0 1 1 1 1 1 1205    1 
25 2 0 1 1 1 1 1 2 2 1 1204    1 
25 2 0 0 1 1 1 0 2 2 1 1659    1 
25 2 0 2 3 1 0 0 4 4 1  944    1 
25 2 0 3 3 3 1 1 4 4 1  721    1 
25 2 0 0 1 3 0 0 2 2 1 1763    1 
25 2 1 0 0 3 0 1 1 1 1 1396    1 
25 2 0 1 2 0 0 0 3 3 1  947    1 
25 2 0 2 3 1 0 0 4 4 1  797    1 
25 2 0 1 1 0 0 1 2 2 1 1220    1 
25 2 0 0 0 3 0 1 1 1 1 1034    1 
25 2 1 2 3 3 1 0 3 3 1 2312    1 
25 2 0 1 2 0 0 0 3 3 1 1043    1 
25 2 0 0 1 1 1 0 2 2 1  968    1 
25 2 0 2 2 1 0 1 3 3 1 2040    1 
25 2 1 2 3 1 0 0 3 4 0 1822    1 
25 2 0 3 3 3 1 1 4 4 1  770    0 
25 2 0 2 2 2 1 1 3 3 1 1138    1 
25 2 0 3 3 2 0 1 4 4 1  892    1 
25 2 0 0 0 0 1 1 1 1 1  847    1 
25 2 1 0 1 3 0 0 1 2 0 1740    1 
25 2 0 2 3 3 1 0 4 1 0 1028    1 
25 2 0 1 1 1 1 1 2 2 1 1088    1 
25 2 0 1 2 2 1 0 3 3 1  963    1 
25 2 0 3 3 2 0 1 4 4 1 1300    1 
25 2 0 0 0 3 0 1 1 1 1  959    1 
25 2 0 1 1 1 1 1 2 2 1  720    1 
25 2 0 0 0 3 0 1 1 1 1 1138    1 
25 2 1 2 3 3 1 0 3 3 1 1939    1 
25 2 0 1 2 2 1 0 3 3 1 1629    1 
25 2 0 3 3 2 0 1 4 4 1 1347    1 
25 2 1 2 2 2 1 1 3 3 1 1253    1 
25 2 1 0 0 3 0 1 1 1 1 1713    1 
25 2 1 0 0 3 0 1 1 1 1  860    1 
25 2 0 2 2 1 0 1 3 3 1 1753    1 
25 2 0 2 2 2 1 1 3 3 1  602    1 
25 2 0 1 1 0 0 1 2 2 1 1241    1 
25 2 1 2 3 3 1 0 3 3 1 2014    1 
25 2 0 3 3 3 1 1 4 4 1  709    1 
25 2 0 0 0 0 1 1 1 1 1  792    0 
25 2 0 1 1 0 0 1 2 3 0 1439    1 
25 2 0 0 0 0 1 1 1 1 1  683    0 
25 2 0 1 2 2 1 0 3 3 1 1022    1 
25 2 0 3 0 2 0 0 1 1 1 1092    1 
25 2 1 3 3 2 0 1 4 4 1 1439    1 
25 2 0 1 2 2 1 0 3 3 1 1949    1 
25 2 0 3 0 0 1 0 1 1 1 1350    1 
25 2 1 2 2 1 0 1 3 3 1 3319    1 
25 2 0 0 1 3 0 0 2 2 1 1265    0 
25 2 0 1 2 2 1 0 3 3 1 1118    1 
25 2 0 0 1 1 1 0 2 2 1  960    1 
25 2 1 0 0 0 1 1 1 1 1 1664    1 
25 2 1 3 0 0 1 0 4 4 1 1485    1 
25 2 0 2 2 2 1 1 3 3 1 1385    1 
25 2 0 0 0 0 1 1 1 1 1 1184    1 
25 2 0 2 2 1 0 1 3 3 1  984    1 
25 2 0 0 1 1 1 0 2 2 1 1207    1 
25 2 0 3 0 0 1 0 1 1 1 2214    1 
25 2 0 2 2 1 0 1 3 3 1 1109    1 
25 2 0 0 0 3 0 1 1 1 1 1056    1 
25 2 0 1 1 0 0 1 2 2 1 1340    1 
25 2 1 3 0 0 1 0 4 4 1 1142    1 
25 2 0 0 0 3 0 1 1 1 1 1543    1 
25 2 0 3 0 0 1 0 1 1 1  697    1 
25 2 0 3 3 2 0 1 4 4 1  964    1 
25 2 0 2 3 3 1 0 4 4 1  517    1 
25 2 0 1 2 0 0 0 3 3 1 1007    1 
25 2 1 1 2 2 1 0 2 2 1 3950    1 
25 2 0 0 1 3 0 0 2 2 1  783    0 
25 2 0 1 2 0 0 0 3 3 1 1830    1 
25 2 0 2 2 2 1 1 3 3 1  540    1 
25 2 1 1 2 0 0 0 2 4 0 1862    1 
25 2 0 1 2 2 1 0 3 3 1 1961    1 
25 2 0 2 3 1 0 0 4 4 1 1138    1 
25 2 1 2 2 2 1 1 3 3 1 1523    1 
25 2 0 2 3 1 0 0 4 4 1  989    1 
25 2 0 0 1 3 0 0 2 2 1 1189    1 
25 2 0 0 0 3 0 1 1 1 1 1524    1 
25 2 0 1 1 1 1 1 2 2 1 1542    1 
25 2 0 3 0 2 0 0 1 1 1 1136    1 
25 2 0 2 3 3 1 0 4 4 1  649    1 
25 2 0 1 1 0 0 1 2 2 1  990    1 
25 2 0 1 2 2 1 0 3 3 1 1445    1 
25 2 0 2 2 1 0 1 3 3 1  931    1 
25 2 1 1 2 0 0 0 2 2 1 2093    1 
25 2 0 1 2 2 1 0 3 3 1 1056    0 
25 2 1 1 1 1 1 1 2 2 1 2221    1 
25 2 0 0 1 1 1 0 2 2 1 1931    1 
25 2 0 3 0 0 1 0 1 1 1  878    1 
25 2 0 3 3 3 1 1 4 4 1 1922    1 
25 2 0 2 3 1 0 0 4 4 1  620    1 
25 2 0 3 3 2 0 1 4 4 1  618    1 
25 2 0 3 3 3 1 1 4 4 1  392    1 
25 2 1 3 0 0 1 0 4 4 1 1431    1 
25 2 1 0 1 1 1 0 1 1 1 3158    1 
25 2 1 2 3 1 0 0 3 3 1 1398    1 
25 2 0 2 2 1 0 1 3 3 1 1782    1 
25 2 0 1 2 2 1 0 3 3 1  742    1 
25 2 0 3 3 2 0 1 4 4 1  783    1 
25 2 0 3 3 2 0 1 4 4 1  470    1 
25 2 0 2 3 3 1 0 4 4 1  490    1 
25 2 1 3 0 0 1 0 4 4 1 2758    1 
25 2 0 3 0 2 0 0 1 1 1 1319    1 
25 2 1 1 1 1 1 1 2 2 1 1561    1 
25 2 1 3 3 2 0 1 4 4 1 1146    1 
25 2 0 1 1 1 1 1 2 2 1 1387    1 
25 2 0 1 1 0 0 1 2 2 1  875    1 
25 2 0 3 0 0 1 0 1 1 1 1519    1 
25 2 0 2 3 3 1 0 4 4 1 1529    1 
25 2 0 2 3 3 1 0 4 4 1  403    1 
25 2 0 0 0 0 1 1 1 1 1 1090    1 
25 2 1 0 0 3 0 1 1 1 1 3101    1 
25 2 0 1 1 1 1 1 2 2 1 1592    1 
25 2 0 1 2 2 1 0 3 4 0 1360    1 
25 2 1 1 2 2 1 0 2 2 1 1502    1 
25 2 1 0 1 3 0 0 1 1 1 1513    1 
25 2 0 0 0 3 0 1 1 1 1 1468    1 
25 2 0 1 1 0 0 1 2 2 1 1632    1 
25 2 0 0 0 0 1 1 1 2 0  638    1 
25 2 0 3 0 0 1 0 1 1 1 1185    1 
25 2 1 0 0 3 0 1 1 1 1 1521    1 
25 2 0 1 1 0 0 1 2 2 1 1347    1 
25 2 1 1 2 2 1 0 2 1 0 2572    1 
25 2 0 2 2 1 0 1 3 3 1 1842    0 
25 2 0 0 1 3 0 0 2 2 1 2472    1 
25 2 0 2 3 1 0 0 4 4 1  980    1 
25 2 0 1 2 2 1 0 3 3 1 2916    0 
25 2 0 0 0 0 1 1 1 1 1 2438    1 
25 2 0 1 1 0 0 1 2 2 1  852    1 
25 2 0 3 0 2 0 0 1 1 1 1473    1 
25 2 0 0 0 0 1 1 1 1 1  557    1 
25 2 0 2 2 1 0 1 3 3 1 1926    1 
25 2 0 2 3 1 0 0 4 4 1  728    1 
25 2 1 0 1 1 1 0 1 1 1 2322    1 
25 2 0 2 3 3 1 0 4 4 1  892    0 
25 2 0 3 0 0 1 0 1 2 0 3063    1 
25 2 0 2 3 1 0 0 4 4 1 1194    1 
25 3 0 0 0 0 1 1 1 1 1 1924    1 
25 3 0 2 2 2 1 1 3 3 1 1086    1 
25 3 1 1 3 3 0 0 2 4 0 1338    1 
25 3 0 0 0 0 1 1 1 2 0 1481    1 
25 3 1 0 0 0 1 1 1 1 1 1331    1 
25 3 1 3 1 1 0 0 4 4 1 1173    1 
25 3 1 1 1 3 0 1 2 2 1 2109    1 
25 3 0 0 2 2 0 0 3 3 1 1080    1 
25 3 1 1 3 3 0 0 2 2 1 1588    1 
25 3 0 2 0 0 0 0 1 1 1 1403    1 
25 3 0 1 1 3 0 1 2 2 1 1530    1 
25 3 0 1 3 3 0 0 4 4 1  908    1 
25 3 0 0 0 2 0 1 1 1 1 1159    1 
25 3 1 3 3 3 1 1 4 4 1 1944    1 
25 3 0 3 1 1 1 0 2 2 1 1609    1 
25 3 0 1 1 1 1 1 2 2 1  544    1 
25 3 0 0 2 2 0 0 3 1 0 1082    1 
25 3 0 1 1 3 0 1 2 2 1  915    1 
25 3 0 1 3 3 0 0 4 4 1 1070    1 
25 3 0 0 0 0 1 1 1 1 1  850   51 
25 3 0 3 1 1 0 0 2 2 1 1823    1 
25 3 0 1 1 3 0 1 2 2 1 2381    1 
25 3 0 0 2 2 0 0 3 3 1 1133    1 
25 3 1 2 2 2 1 1 3 3 1 1559    1 
25 3 1 0 0 2 0 1 1 1 1 1423    1 
25 3 0 0 2 2 1 0 3 3 1 1086    1 
25 3 0 1 3 3 1 0 4 4 1  577   48 
25 3 0 2 0 0 0 0 1 1 1  905    1 
25 3 0 1 1 3 0 1 2 2 1 1700    1 
25 3 0 1 3 3 0 0 4 4 1  687    1 
25 3 0 0 0 0 1 1 1 1 1  618    1 
25 3 0 0 0 0 1 1 1 1 1  544    1 
25 3 1 3 1 1 0 0 4 4 1 1322    1 
25 3 0 0 0 0 1 1 1 1 1  700    1 
25 3 0 2 2 2 1 1 3 3 1 1191    0 
25 3 0 3 1 1 0 0 2 2 1 2198   39 
25 3 1 3 1 1 0 0 4 4 1 1357    1 
25 3 0 3 1 1 1 0 2 2 1 1302    1 
25 3 1 3 3 1 0 1 4 4 1 1185    1 
25 3 0 1 1 1 1 1 2 2 1  657    1 
25 3 1 1 3 3 0 0 2 4 0  981    1 
25 3 1 2 0 0 0 0 3 3 1 2667    1 
25 3 0 0 0 0 1 1 1 1 1 1703    1 
25 3 1 0 0 2 0 1 1 1 1 1178    0 
25 3 0 1 3 3 1 0 4 2 0 1354    1 
25 3 0 2 0 0 1 0 1 3 0 1665    1 
25 3 0 3 1 1 1 0 2 4 0 1379    1 
25 3 0 0 0 2 0 1 1 1 1 1425    1 
25 3 1 1 1 3 0 1 2 2 1 2191    1 
25 3 1 3 3 3 1 1 4 4 1 1175    1 
25 3 0 2 0 0 0 0 1 1 1 1711    1 
25 3 0 1 1 3 0 1 2 2 1 1202    1 
25 3 0 3 1 1 1 0 2 2 1 2392    1 
25 3 0 2 0 0 0 0 1 1 1 1568    1 
25 3 0 0 0 0 1 1 1 1 1  576    1 
25 3 0 0 2 2 0 0 3 3 1  960    1 
25 3 0 3 3 3 1 1 4 4 1 1521    1 
25 3 1 2 2 2 1 1 3 3 1 2435    1 
25 3 0 3 3 1 0 1 4 4 1 1417    1 
25 3 1 0 0 2 0 1 1 1 1 1767    1 
25 3 0 1 3 3 0 0 4 4 1 1247    1 
25 3 0 2 2 2 1 1 3 3 1 1140    1 
25 3 0 2 2 2 1 1 3 3 1  710    1 
25 3 0 0 0 2 0 1 1 1 1  801    1 
25 3 0 2 0 0 1 0 1 1 1 1575    1 
25 3 0 2 0 0 0 0 1 1 1  560    1 
25 3 0 0 2 2 1 0 3 3 1 1288    1 
25 3 1 3 3 3 1 1 4 4 1 1692    1 
25 3 0 2 2 0 0 1 3 2 0 1991    1 
25 3 0 0 2 2 0 0 3 3 1 1205    0 
25 3 0 1 3 3 1 0 4 4 1  860    1 
25 3 0 1 1 1 1 1 2 2 1 1400    0 
25 3 0 3 3 1 0 1 4 4 1 1671    1 
25 3 0 1 1 3 0 1 2 2 1 1467    1 
25 3 0 3 3 3 1 1 4 4 1  759    1 
25 3 0 1 1 3 0 1 2 2 1  976    1 
25 3 0 1 3 3 1 0 4 4 1 1992  108 
25 3 0 0 2 2 0 0 3 3 1 1336    1 
25 3 0 3 3 1 0 1 4 4 1 1737    1 
25 3 0 1 1 3 0 1 2 2 1 1051    1 
25 3 0 0 0 2 0 1 1 1 1  704    1 
25 3 0 0 2 2 0 0 3 3 1  906    1 
25 3 0 1 1 1 1 1 2 2 1  965    0 
25 3 1 2 2 2 1 1 3 4 0 1350    1 
25 3 0 2 0 0 0 0 1 3 0 1629    1 
25 3 0 1 1 3 0 1 2 2 1  961    1 
25 3 0 2 2 0 0 1 3 3 1 1170    1 
25 3 0 1 1 3 0 1 2 2 1  818    1 
25 3 0 2 2 0 0 1 3 3 1 1400    1 
25 3 0 3 3 1 0 1 4 4 1 1863    0 
25 3 0 3 1 1 0 0 2 2 1 1372    1 
25 3 1 2 0 0 1 0 3 3 1 1700    1 
25 3 0 3 3 3 1 1 4 4 1 1662    1 
25 3 1 2 0 0 0 0 3 3 1 1523    1 
25 3 0 2 0 0 0 0 1 1 1 1341    1 
25 3 0 3 1 1 1 0 2 3 0 1407    1 
25 3 0 2 0 0 1 0 1 3 0 1980    1 
25 3 0 2 0 0 1 0 1 1 1  890    1 
25 3 0 2 0 0 1 0 1 1 1  789    1 
25 3 0 2 0 0 0 0 1 1 1  573    1 
25 3 0 2 0 0 1 0 1 1 1  549    1 
25 3 1 2 2 2 1 1 3 3 1 1950    1 
25 3 0 0 0 2 0 1 1 1 1  814    1 
25 3 0 3 3 3 1 1 4 4 1 1357    1 
25 3 0 0 0 0 1 1 1 2 0 1046    1 
25 3 0 3 1 1 0 0 2 2 1 2802    0 
25 3 0 2 0 0 0 0 1 1 1 1912    1 
25 3 0 0 0 2 0 1 1 1 1  547    1 
25 3 0 3 1 1 0 0 2 4 0  917    1 
25 3 1 1 3 3 1 0 2 2 1 3413    1 
25 3 0 2 0 0 1 0 1 1 1 1468    1 
25 3 0 0 2 2 1 0 3 3 1 1688    1 
25 3 0 0 0 0 1 1 1 1 1 1259    1 
25 3 0 0 2 2 0 0 3 3 1  984    1 
25 3 0 0 2 2 0 0 3 3 1  480    1 
25 3 0 1 1 3 0 1 2 2 1 1156    1 
25 3 0 3 1 1 0 0 2 2 1 2213    1 
25 3 1 1 1 3 0 1 2 2 1 1443    1 
25 3 0 1 1 3 0 1 2 2 1  849    1 
25 3 0 0 0 0 1 1 1 1 1  838    1 
25 3 1 1 1 1 1 1 2 2 1 1635    1 
25 3 1 2 0 0 0 0 3 3 1 3201    1 
25 3 0 1 3 3 1 0 4 4 1 1095    1 
25 3 1 0 0 0 1 1 1 1 1 1211    1 
25 3 0 1 3 3 0 0 4 4 1 1010    1 
25 3 0 0 0 0 1 1 1 2 0 1344    1 
25 3 0 3 3 1 0 1 4 4 1 1056    1 
25 3 0 0 0 2 0 1 1 1 1 1565    1 
25 3 0 3 1 1 0 0 2 2 1  981    1 
25 3 1 2 2 2 1 1 3 3 1 2310    1 
25 3 1 3 1 1 1 0 4 4 1 1481    1 
25 3 0 3 1 1 0 0 2 2 1 1981    1 
25 3 0 2 2 0 0 1 3 4 0 1245    1 
25 3 0 3 3 3 1 1 4 4 1 2704    0 
25 3 0 1 3 3 1 0 4 4 1 1107    1 
25 3 0 2 2 2 1 1 3 2 0 1446    1 
25 3 0 2 0 0 1 0 1 1 1  937    1 
25 3 0 1 1 1 1 1 2 2 1 1323    1 
25 3 0 3 1 1 0 0 2 2 1 1221    1 
25 3 0 2 2 2 1 1 3 3 1 1659    1 
25 3 1 3 3 3 1 1 4 4 1  992    1 
25 3 0 0 2 2 0 0 3 2 0 2807    0 
25 3 0 0 2 2 1 0 3 3 1 1532    1 
25 3 0 0 2 2 1 0 3 3 1  566    1 
25 3 1 1 3 3 0 0 2 3 0 2254    1 
25 3 1 3 3 3 1 1 4 4 1 3977    1 
25 3 0 2 2 2 1 1 3 3 1 1689    1 
25 3 0 1 3 3 1 0 4 4 1 1173    1 
25 3 0 1 1 1 1 1 2 2 1 1405    1 
25 3 0 2 0 0 1 0 1 1 1 1323    1 
25 3 0 3 3 3 1 1 4 4 1 2230    1 
25 3 1 0 2 2 1 0 1 1 1 1108    1 
25 3 0 3 1 1 1 0 2 2 1 1031    1 
25 3 0 2 0 0 0 0 1 3 0 1245    1 
25 3 1 2 2 0 0 1 3 3 1 1408    1 
25 3 0 0 0 0 1 1 1 1 1 1407    1 
25 3 0 1 3 3 0 0 4 2 0 1302    1 
25 3 0 0 2 2 1 0 3 3 1 2135    1 
25 3 0 1 1 1 1 1 2 2 1 1600    1 
25 3 0 0 0 2 0 1 1 1 1 1079    1 
25 3 0 3 3 1 0 1 4 4 1 1651    1 
25 3 0 0 0 0 1 1 1 1 1 1008    1 
25 3 1 3 1 1 0 0 4 2 0 3615    1 
25 3 0 0 2 2 1 0 3 3 1 2131    1 
25 3 1 3 3 1 0 1 4 4 1 1709    0 
25 3 1 3 1 1 0 0 4 4 1 1720    1 
25 3 0 2 0 0 1 0 1 3 0 1458    1 
25 3 1 1 1 1 1 1 2 2 1 2341    1 
25 3 1 2 2 2 1 1 3 4 0 1534    1 
25 3 0 3 1 1 1 0 2 4 0 2110    1 
25 3 0 1 3 3 0 0 4 4 1 1103    1 
25 3 0 3 3 1 0 1 4 4 1 1466    1 
25 3 0 3 3 3 1 1 4 4 1  926    0 
25 3 1 3 1 1 0 0 4 2 0 2408    1 
25 3 0 0 2 2 1 0 3 3 1 3045    1 
25 3 0 0 0 0 1 1 1 1 1 1234    1 
25 3 1 1 3 3 0 0 2 2 1 1816    1 
25 3 1 1 3 3 1 0 2 2 1 2782    1 
25 3 0 3 1 1 1 0 2 2 1 3949    1 
25 3 1 2 0 0 0 0 3 4 0 1838    1 
25 3 0 3 1 1 1 0 2 2 1 1490    1 
25 3 1 2 0 0 1 0 3 3 1 1669    1 
25 3 0 1 3 3 0 0 4 1 0 1498    0 
25 3 0 1 3 3 0 0 4 4 1 1123    1 
25 3 1 2 2 0 0 1 3 3 1 1733    1 
25 3 0 2 2 2 1 1 3 3 1 1415    1 
25 3 0 3 1 1 1 0 2 1 0 1173    1 
25 3 0 1 3 3 0 0 4 4 1 2780    1 
25 3 1 2 2 2 1 1 3 3 1 1844    0 
25 3 0 2 0 0 1 0 1 1 1 1985    1 
25 3 0 0 0 2 0 1 1 1 1 1017    1 
25 3 1 3 3 3 1 1 4 4 1 1271    1 
25 4 0 3 3 3 1 1 4 4 1 3033    1 
25 4 0 0 0 1 0 1 1 2 0 1455    1 
25 4 0 2 0 3 0 0 1 1 1 1793    1 
25 4 0 0 2 2 1 0 3 3 1 1137    1 
25 4 0 2 0 3 0 0 1 1 1 1090    1 
25 4 0 0 0 1 0 1 1 1 1  502    1 
25 4 0 2 2 3 0 1 3 3 1 1536    1 
25 4 0 2 0 3 0 0 1 1 1  810    1 
25 4 1 0 2 1 0 0 1 1 1 1793    1 
25 4 0 3 3 0 0 1 4 4 1 1088    1 
25 4 0 3 1 0 0 0 2 2 1 1588    1 
25 4 0 0 0 0 1 1 1 1 1 1235    1 
25 4 0 1 1 2 0 1 2 2 1 1521    1 
25 4 0 1 1 2 0 1 2 2 1  747    1 
25 4 0 3 1 1 1 0 2 2 1 1236    1 
25 4 1 0 2 2 1 0 1 1 1 1882    1 
25 4 0 3 1 0 0 0 2 2 1 2038    1 
25 4 0 3 3 3 1 1 4 4 1 1027    1 
25 4 0 2 2 2 1 1 3 3 1 1681    1 
25 4 0 1 1 2 0 1 2 2 1 2142    0 
25 4 0 2 0 0 1 0 1 1 1 1007    1 
25 4 0 0 0 0 1 1 1 1 1  702    1 
25 4 0 1 3 2 0 0 4 4 1  961    1 
25 4 0 1 3 3 1 0 4 4 1  402    1 
25 4 0 3 1 1 1 0 2 2 1 1048    0 
25 4 1 0 2 1 0 0 1 3 0 1030    1 
25 4 1 2 0 0 1 0 3 3 1 1786    1 
25 4 0 2 0 0 1 0 1 1 1  929    1 
25 4 1 0 2 2 1 0 1 3 0 1179    1 
25 4 0 2 2 3 0 1 3 3 1 1625    1 
25 4 0 0 2 1 0 0 3 3 1  768    1 
25 4 0 1 1 2 0 1 2 2 1  944    1 
25 4 0 3 1 1 1 0 2 2 1 2281   30 
25 4 0 1 3 2 0 0 4 4 1 1861    1 
25 4 0 1 3 2 0 0 4 4 1  610    1 
25 4 0 1 1 2 0 1 2 2 1 1113    1 
25 4 0 3 3 0 0 1 4 4 1  980    1 
25 4 0 0 0 0 1 1 1 1 1 1012    1 
25 4 0 1 3 3 1 0 4 4 1 2147    1 
25 4 0 0 2 2 1 0 3 3 1 1028    1 
25 4 1 0 2 1 0 0 1 1 1 3986    0 
25 4 1 0 0 0 1 1 1 1 1 1018    1 
25 4 1 1 3 3 1 0 2 2 1 1192    0 
25 4 0 3 3 3 1 1 4 4 1 1288    1 
25 4 0 1 3 2 0 0 4 4 1 1155    1 
25 4 0 3 3 0 0 1 4 4 1  604    1 
25 4 1 3 1 0 0 0 4 4 1 2587    1 
25 4 1 3 1 1 1 0 4 4 1 1690    1 
25 4 0 3 3 3 1 1 4 4 1  950    1 
25 4 0 1 1 1 1 1 2 2 1 1238    1 
25 4 0 0 0 0 1 1 1 1 1 1228    1 
25 4 0 1 3 2 0 0 4 4 1 2010    1 
25 4 0 1 1 1 1 1 2 2 1 1049    1 
25 4 0 0 0 0 1 1 1 1 1  758    1 
25 4 0 2 2 2 1 1 3 4 0  878    1 
25 4 0 1 3 3 1 0 4 4 1 1696    1 
25 4 1 2 0 0 1 0 3 4 0 2276    1 
25 4 1 2 2 3 0 1 3 3 1 1582    1 
25 4 1 2 0 0 1 0 3 3 1 1078    1 
25 4 1 3 3 0 0 1 4 4 1 2154    1 
25 4 1 1 1 2 0 1 2 3 0 2267    1 
25 4 1 1 3 3 1 0 2 4 0 1221    1 
25 4 0 2 2 3 0 1 3 3 1 1553    1 
25 4 0 3 1 1 1 0 2 2 1 1114    1 
25 4 0 1 1 1 1 1 2 2 1  612    1 
25 4 1 1 1 2 0 1 2 2 1 1523    1 
25 4 0 0 2 2 1 0 3 3 1 1341    1 
25 4 0 1 1 2 0 1 2 2 1 1087    1 
25 4 1 2 2 3 0 1 3 3 1 1154    1 
25 4 0 1 1 1 1 1 2 2 1  771    1 
25 4 0 3 3 0 0 1 4 4 1 1227    1 
25 4 0 2 2 2 1 1 3 3 1 1153    0 
25 4 0 3 1 0 0 0 2 2 1  986    0 
25 4 0 1 3 3 1 0 4 4 1  882    1 
25 4 1 1 3 2 0 0 2 2 1 2478    1 
25 4 0 2 0 3 0 0 1 1 1 1642    1 
25 4 0 0 0 0 1 1 1 1 1  511    1 
25 4 0 0 0 0 1 1 1 1 1  514    0 
25 4 0 1 1 2 0 1 2 2 1 1093    1 
25 4 1 3 3 3 1 1 4 4 1 1832    1 
25 4 0 3 1 0 0 0 2 3 0 1150    1 
25 4 0 2 2 2 1 1 3 3 1  813    1 
25 4 0 0 2 2 1 0 3 3 1  443    1 
25 4 0 3 3 3 1 1 4 4 1  937    1 
25 4 0 2 2 3 0 1 3 3 1 1290    1 
25 4 0 3 3 0 0 1 4 4 1 1350    1 
25 4 0 1 1 1 1 1 2 2 1 1215    1 
25 4 0 2 2 3 0 1 3 3 1 1141    1 
25 4 0 0 0 1 0 1 1 1 1 1031    1 
25 4 1 3 1 0 0 0 4 4 1 1869    1 
25 4 1 3 1 0 0 0 4 4 1 1161    1 
25 4 0 2 0 3 0 0 1 1 1 2858    1 
25 4 1 2 0 3 0 0 3 3 1 1671   32 
25 4 1 0 2 1 0 0 1 1 1 1387    1 
25 4 1 3 3 3 1 1 4 4 1 1122    1 
25 4 0 2 2 3 0 1 3 3 1 1293    1 
25 4 0 2 0 3 0 0 1 2 0 1016    1 
25 4 0 3 3 0 0 1 4 4 1 1180    1 
25 4 0 1 1 2 0 1 2 2 1 1068    1 
25 4 1 3 1 1 1 0 4 4 1 1824    1 
25 4 0 0 0 0 1 1 1 1 1  999    1 
25 4 0 3 1 0 0 0 2 2 1 1637    1 
25 4 0 2 0 0 1 0 1 1 1 1059    1 
25 4 0 1 3 2 0 0 4 4 1 1144    1 
25 4 1 2 0 0 1 0 3 1 0 1377    1 
25 4 0 3 1 0 0 0 2 2 1 2279    1 
25 4 0 2 0 0 1 0 1 1 1  923    1 
25 4 0 0 0 1 0 1 1 1 1  598    1 
25 4 1 1 3 3 1 0 2 2 1 2453    1 
25 4 0 3 1 1 1 0 2 2 1 2914    1 
25 4 0 3 1 0 0 0 2 2 1  909    1 
25 4 0 2 0 0 1 0 1 1 1 1591    1 
25 4 0 0 0 0 1 1 1 1 1  495    1 
25 4 0 0 0 1 0 1 1 1 1  538    0 
25 4 0 0 2 2 1 0 3 3 1 1788    1 
25 4 0 0 0 1 0 1 1 2 0 1123    1 
25 4 0 1 1 1 1 1 2 2 1 2099    1 
25 4 0 2 0 3 0 0 1 1 1  734    1 
25 4 0 2 2 2 1 1 3 3 1 1304    1 
25 4 1 1 1 2 0 1 2 2 1 2282    1 
25 4 0 3 3 0 0 1 4 4 1 2382    1 
25 4 1 3 3 0 0 1 4 4 1 1190    1 
25 4 0 3 3 3 1 1 4 4 1  829    1 
25 4 0 0 0 0 1 1 1 1 1  891    1 
25 4 0 1 3 2 0 0 4 4 1 1551    1 
25 4 0 1 3 3 1 0 4 4 1 1375    1 
25 4 1 0 0 1 0 1 1 1 1 1632    1 
25 4 1 2 0 0 1 0 3 3 1 2390    1 
25 4 1 0 0 1 0 1 1 1 1 1813   54 
25 4 0 0 0 1 0 1 1 1 1  860    0 
25 4 0 2 2 2 1 1 3 3 1 1481    1 
25 4 1 2 2 3 0 1 3 3 1 1349    0 
25 4 0 2 0 0 1 0 1 1 1 2622    1 
25 4 1 3 1 1 1 0 4 3 0 1548    1 
25 4 0 3 3 3 1 1 4 1 0 1683    0 
25 4 0 3 1 1 1 0 2 2 1 2388    0 
25 4 0 1 1 1 1 1 2 2 1  660    0 
25 4 0 0 2 1 0 0 3 3 1 1176    1 
25 4 1 2 0 3 0 0 3 3 1 3785    0 
25 4 0 2 0 3 0 0 1 2 0 1096    1 
25 4 0 3 1 0 0 0 2 2 1  946    1 
25 4 0 2 0 3 0 0 1 1 1 1283    1 
25 4 0 0 0 1 0 1 1 1 1 1295    1 
25 4 0 1 1 1 1 1 2 2 1 1218    1 
25 4 0 0 2 2 1 0 3 3 1 1120    1 
25 4 0 0 0 1 0 1 1 1 1  906    1 
25 4 0 3 3 0 0 1 4 4 1 1477    1 
25 4 1 0 2 2 1 0 1 1 1 2361    1 
25 4 0 1 3 2 0 0 4 2 0 2122    1 
25 4 0 2 0 0 1 0 1 3 0 4386    1 
25 4 0 0 0 0 1 1 1 1 1 1224    1 
25 4 0 1 3 3 1 0 4 2 0 1230    1 
25 4 1 3 1 0 0 0 4 4 1 1754    1 
25 4 0 2 2 2 1 1 3 3 1 2507    1 
25 4 1 0 0 0 1 1 1 2 0 2038    1 
25 4 0 0 0 1 0 1 1 1 1 1546    1 
25 4 0 0 2 2 1 0 3 3 1  995    1 
25 4 0 3 1 0 0 0 2 2 1 1394    1 
25 4 0 1 3 3 1 0 4 4 1 1178    1 
25 4 0 2 0 3 0 0 1 1 1 1162    0 
25 4 1 1 1 1 1 1 2 2 1 2395    1 
25 4 0 3 1 0 0 0 2 2 1 1458    1 
25 4 1 2 0 0 1 0 3 3 1 3199    0 
25 4 0 2 2 2 1 1 3 3 1 2310    1 
25 4 0 1 1 1 1 1 2 2 1 1393    1 
25 4 0 2 0 3 0 0 1 1 1 1672    1 
25 4 0 1 3 3 1 0 4 4 1  885    1 
25 4 0 3 3 3 1 1 4 4 1  584    1 
25 4 0 1 1 1 1 1 2 2 1  863    1 
25 4 0 3 1 0 0 0 2 2 1  956    1 
25 4 1 3 1 0 0 0 4 4 1  797    1 
25 4 0 0 0 0 1 1 1 1 1 1836    1 
25 4 0 1 1 2 0 1 2 3 0 1066    1 
25 4 1 0 2 1 0 0 1 0 0 5000    1 
25 4 1 2 2 2 1 1 3 3 1 1913    1 
25 4 0 0 2 2 1 0 3 2 0 1964    1 
25 4 1 2 2 3 0 1 3 3 1 2163    1 
25 4 0 3 1 0 0 0 2 1 0 1268   32 
25 4 0 3 1 0 0 0 2 2 1 1014    1 
25 4 0 2 0 3 0 0 1 1 1 2396    1 
25 4 0 0 0 0 1 1 1 1 1  772    1 
25 4 1 2 2 2 1 1 3 3 1 1372    1 
25 4 0 1 3 3 1 0 4 1 0 1068    1 
25 4 0 0 2 2 1 0 3 3 1 2054    1 
25 4 0 2 2 3 0 1 3 3 1  779    1 
25 4 1 1 1 2 0 1 2 2 1 1203    1 
25 4 0 1 1 1 1 1 2 2 1  754    1 
25 4 0 0 2 1 0 0 3 3 1 1227    1 
25 4 0 1 1 1 1 1 2 2 1 1257    1 
25 4 0 3 3 3 1 1 4 4 1  694    0 
25 4 0 1 1 1 1 1 2 2 1 1369    1 
25 4 1 0 2 1 0 0 1 1 1 2977    1 
