2 1 1 3 1 1 1 0 4 4 1 3210    1 
2 1 0 1 3 0 0 0 4 4 1 1177    1 
2 1 0 1 3 3 1 0 4 4 1  801    1 
2 1 1 0 0 0 1 1 1 1 1 1352    1 
2 1 0 1 1 0 0 1 2 2 1  833    1 
2 1 0 3 1 2 0 0 2 2 1  742    1 
2 1 0 1 1 0 0 1 2 2 1  504    1 
2 1 1 3 1 2 0 0 4 1 0 1442    1 
2 1 0 0 2 2 1 0 3 3 1 1046    1 
2 1 0 1 3 0 0 0 4 4 1  939    1 
2 1 0 2 0 1 0 0 1 1 1 1685    1 
2 1 0 2 2 2 1 1 3 3 1  928    1 
2 1 1 3 3 3 1 1 4 4 1  979    1 
2 1 1 3 3 3 1 1 4 4 1  467    1 
2 1 0 3 3 2 0 1 4 4 1  471    1 
2 1 0 2 0 0 1 0 1 1 1  747    1 
2 1 1 0 0 3 0 1 1 1 1  692    1 
2 1 0 3 1 2 0 0 2 2 1  968    1 
2 1 0 0 0 0 1 1 1 1 1 1224    1 
2 1 0 2 2 1 0 1 3 3 1  526    1 
2 1 0 2 2 1 0 1 3 3 1  520    1 
2 1 0 2 2 2 1 1 3 3 1  482    1 
2 1 1 3 3 2 0 1 4 4 1  614    1 
2 1 1 2 2 2 1 1 3 3 1 1757    1 
2 1 0 0 2 3 0 0 3 3 1  733    1 
2 1 0 1 3 3 1 0 4 4 1  927    1 
2 1 0 0 0 0 1 1 1 1 1  897    1 
2 1 0 1 1 0 0 1 2 2 1  669    1 
2 1 0 2 2 2 1 1 3 3 1  945    1 
2 1 0 2 0 0 1 0 1 1 1  698    0 
2 1 0 3 3 3 1 1 4 4 1  558    1 
2 1 1 1 3 0 0 0 2 2 1 1510    1 
2 1 0 3 3 2 0 1 4 4 1  697    1 
2 1 0 0 2 2 1 0 3 3 1  829    1 
2 1 0 3 1 1 1 0 2 2 1 1179    1 
2 1 0 2 0 0 1 0 1 1 1  907    1 
2 1 1 0 2 3 0 0 1 1 1 1246    1 
2 1 0 2 0 1 0 0 1 1 1 1747    1 
2 1 1 2 0 0 1 0 3 3 1 1149    1 
2 1 0 1 1 1 1 1 2 2 1  942    1 
2 1 0 3 1 2 0 0 2 2 1  783    1 
2 1 0 1 1 1 1 1 2 2 1  503    1 
2 1 0 0 2 3 0 0 3 1 0  561    0 
2 1 0 1 3 3 1 0 4 4 1  768    1 
2 1 0 1 1 0 0 1 2 2 1 1520    1 
2 1 0 0 2 2 1 0 3 3 1 1027    1 
2 1 0 0 0 0 1 1 1 1 1 1225    1 
2 1 0 2 2 2 1 1 3 3 1 1367    1 
2 1 1 1 1 0 0 1 2 2 1 2199    1 
2 1 0 1 1 1 1 1 2 2 1  502    1 
2 1 0 1 1 0 0 1 2 2 1  409    1 
2 1 0 2 2 1 0 1 3 3 1  760    1 
2 1 0 1 3 3 1 0 4 4 1  384    1 
2 1 0 0 2 3 0 0 3 3 1 1080    1 
2 1 0 1 1 0 0 1 2 2 1  820    1 
2 1 0 0 2 3 0 0 3 3 1  898    1 
2 1 1 1 1 0 0 1 2 2 1 1350    1 
2 1 1 1 1 0 0 1 2 2 1  631    1 
2 1 0 0 2 2 1 0 3 3 1  981    1 
2 1 0 1 3 3 1 0 4 4 1  741    0 
2 1 0 2 2 2 1 1 3 3 1 1110    1 
2 1 1 0 0 3 0 1 1 1 1 1153    1 
2 1 0 2 2 1 0 1 3 3 1  794    1 
2 1 0 0 0 3 0 1 1 1 1  777    1 
2 1 0 3 1 2 0 0 2 2 1  986    1 
2 1 0 2 2 1 0 1 3 3 1 1049    0 
2 1 0 3 1 2 0 0 2 2 1  766    0 
2 1 1 0 2 3 0 0 1 3 0 1358    1 
2 1 0 3 1 2 0 0 2 2 1 1077    1 
2 1 0 1 3 3 1 0 4 4 1  569    1 
2 1 0 0 0 0 1 1 1 1 1  529    1 
2 1 0 3 3 2 0 1 4 4 1 1059    1 
2 1 0 3 1 1 1 0 2 2 1  952    1 
2 1 0 0 2 3 0 0 3 3 1 1169    1 
2 1 0 1 3 0 0 0 4 4 1 1081    1 
2 1 0 0 2 3 0 0 3 3 1  885    1 
2 1 1 0 2 2 1 0 1 1 1  985    1 
2 1 1 3 3 3 1 1 4 4 1  848    1 
2 1 0 2 0 1 0 0 1 1 1 1022    1 
2 1 0 1 3 0 0 0 4 4 1  756    0 
2 1 1 2 0 0 1 0 3 3 1 1221    1 
2 1 1 1 3 3 1 0 2 4 0  651    1 
2 1 0 3 3 2 0 1 4 4 1  702    1 
2 1 0 1 1 1 1 1 2 2 1  664    1 
2 1 1 2 2 1 0 1 3 3 1 1101    1 
2 1 1 3 3 3 1 1 4 4 1  896    0 
2 1 0 2 0 1 0 0 1 1 1 1003    1 
2 1 0 0 0 0 1 1 1 1 1  618    1 
2 1 0 0 2 3 0 0 3 2 0 1104    1 
2 1 1 3 1 1 1 0 4 4 1 1057    1 
2 1 0 1 3 0 0 0 4 4 1  782    1 
2 1 1 1 1 0 0 1 2 2 1 2014    1 
2 1 1 0 0 3 0 1 1 1 1  956    1 
2 1 0 1 1 0 0 1 2 2 1  813    1 
2 1 1 0 2 3 0 0 1 1 1 1140    1 
2 1 1 2 0 0 1 0 3 3 1  982    1 
2 1 1 2 0 1 0 0 3 3 1  750    0 
2 1 0 1 3 0 0 0 4 4 1 1199    1 
2 1 0 0 0 0 1 1 1 1 1  597    1 
2 1 0 0 0 0 1 1 1 1 1  573    1 
2 1 0 3 3 3 1 1 4 4 1  701    1 
2 1 0 1 1 0 0 1 2 2 1 1424    1 
2 1 1 0 2 2 1 0 1 1 1 1382    1 
2 1 0 3 3 3 1 1 4 4 1  733    1 
2 1 0 3 3 2 0 1 4 4 1  543    1 
2 1 0 1 3 3 1 0 4 4 1  664    1 
2 1 1 3 1 2 0 0 4 4 1 1365    1 
2 1 1 0 0 0 1 1 1 1 1 1781    1 
2 1 0 1 1 1 1 1 2 2 1  790    1 
2 1 1 3 3 2 0 1 4 4 1 2325    1 
2 1 1 3 3 2 0 1 4 4 1  719    1 
2 1 0 1 3 3 1 0 4 4 1  785    1 
2 1 0 2 0 0 1 0 1 1 1  761    1 
2 1 0 0 2 2 1 0 3 3 1 1018    1 
2 1 0 2 0 0 1 0 1 1 1  936    1 
2 1 0 1 3 0 0 0 4 4 1  881    1 
2 1 0 2 0 1 0 0 1 1 1  893    1 
2 1 0 3 1 1 1 0 2 2 1  865    1 
2 1 0 0 0 0 1 1 1 1 1  806    1 
2 1 0 1 3 0 0 0 4 4 1  893    1 
2 1 0 2 0 0 1 0 1 1 1 1112    0 
2 1 0 1 1 1 1 1 2 2 1  707    1 
2 1 0 2 0 1 0 0 1 1 1  774    1 
2 1 0 3 3 2 0 1 4 4 1  662    1 
2 1 0 3 3 3 1 1 4 4 1  507    1 
2 1 0 3 3 3 1 1 4 4 1  413    1 
2 1 1 3 1 1 1 0 4 4 1 1396    1 
2 1 0 2 2 2 1 1 3 3 1 2452    1 
2 1 1 0 2 3 0 0 1 3 0  473    1 
2 1 0 1 1 0 0 1 2 2 1  883    1 
2 1 0 1 3 3 1 0 4 4 1  654    1 
2 1 0 3 3 3 1 1 4 4 1  763    1 
2 1 0 2 2 1 0 1 3 3 1 1260    1 
2 1 1 0 2 2 1 0 1 1 1  977    1 
2 1 0 1 1 0 0 1 2 2 1 1529    1 
2 1 0 2 2 2 1 1 3 3 1  875    1 
2 1 1 1 1 1 1 1 2 2 1 1887    1 
2 1 0 1 3 0 0 0 4 4 1  819    1 
2 1 0 0 0 3 0 1 1 1 1  761    1 
2 1 1 2 2 1 0 1 3 3 1 1858    1 
2 1 0 3 1 2 0 0 2 2 1 1447    0 
2 1 0 1 1 1 1 1 2 2 1  716    1 
2 1 0 3 1 1 1 0 2 2 1  494    1 
2 1 0 3 1 2 0 0 2 2 1  506    1 
2 1 0 2 2 1 0 1 3 3 1 1220    1 
2 1 1 3 3 3 1 1 4 4 1  955    1 
2 1 0 2 0 0 1 0 1 1 1 1675    1 
2 1 0 0 2 3 0 0 3 2 0 1144    1 
2 1 0 0 2 3 0 0 3 3 1 1111    1 
2 1 1 2 0 1 0 0 3 3 1 1474    1 
2 1 0 1 3 0 0 0 4 4 1  718    1 
2 1 0 0 0 0 1 1 1 1 1  664    1 
2 1 0 2 2 1 0 1 3 3 1 1149    1 
2 1 0 3 1 1 1 0 2 2 1  526    1 
2 1 0 2 0 0 1 0 1 1 1  744    1 
2 1 0 1 3 0 0 0 4 4 1  681    1 
2 1 0 1 1 1 1 1 2 2 1 1158    1 
2 1 0 3 1 2 0 0 2 2 1  726    1 
2 1 0 3 1 2 0 0 2 2 1  545    1 
2 1 0 2 0 0 1 0 1 1 1  786    1 
2 1 0 2 2 2 1 1 3 3 1  842    1 
2 1 1 2 2 2 1 1 3 3 1 1327    1 
2 1 0 1 1 1 1 1 2 2 1  745    1 
2 1 1 0 0 3 0 1 1 1 1 1355    1 
2 1 0 3 3 3 1 1 4 4 1  699    1 
2 1 0 0 0 0 1 1 1 1 1  974    0 
2 1 1 1 3 3 1 0 2 2 1 1670    1 
2 1 0 1 3 0 0 0 4 4 1  867    1 
2 1 0 3 1 1 1 0 2 2 1 1191    1 
2 1 0 2 2 1 0 1 3 3 1  934    1 
2 1 0 2 0 1 0 0 1 1 1  720    1 
2 1 0 3 3 3 1 1 4 4 1  802    1 
2 1 0 0 0 3 0 1 1 1 1  649    1 
2 1 1 0 2 2 1 0 1 1 1 1261    1 
2 1 0 3 3 3 1 1 4 4 1  666    1 
2 1 0 2 0 1 0 0 1 1 1  782    1 
2 1 1 2 0 0 1 0 3 3 1 1278    1 
2 1 0 3 3 3 1 1 4 4 1  818    1 
2 1 1 0 0 0 1 1 1 1 1  640    1 
2 1 0 2 2 1 0 1 3 3 1 1606    1 
2 1 0 0 2 3 0 0 3 3 1  821    1 
2 1 0 0 0 0 1 1 1 1 1  627    1 
2 1 0 0 0 3 0 1 1 1 1  809    1 
2 1 0 3 1 2 0 0 2 2 1  592    1 
2 1 1 0 2 2 1 0 1 1 1  999    1 
2 1 0 3 3 2 0 1 4 4 1  750    1 
2 1 0 2 2 1 0 1 3 3 1 1503    1 
2 1 1 2 0 0 1 0 3 1 0 1658    1 
2 1 0 2 0 0 1 0 1 1 1 1068    1 
2 1 0 0 2 2 1 0 3 3 1  857    1 
2 1 0 3 3 3 1 1 4 4 1  573    1 
2 1 0 0 0 3 0 1 1 1 1  630    1 
2 2 0 2 1 3 0 0 2 2 1 2053    1 
2 2 1 0 0 1 0 1 1 1 1 1274    1 
2 2 0 3 2 2 1 0 3 3 1 1526    1 
2 2 0 2 2 3 0 1 3 3 1 1208    1 
2 2 1 2 2 2 1 1 3 3 1 1031    1 
2 2 0 3 2 2 1 0 3 3 1  845    1 
2 2 0 1 0 0 1 0 1 1 1  755    1 
2 2 0 1 0 0 1 0 1 1 1  515    1 
2 2 1 1 0 0 1 0 2 2 1 1406    1 
2 2 0 3 2 0 0 0 3 3 1  812    1 
2 2 1 1 1 2 0 1 2 2 1 1419    1 
2 2 0 0 3 1 0 0 4 4 1  977    1 
2 2 0 1 1 2 0 1 2 2 1 1146    1 
2 2 0 2 1 3 0 0 2 2 1  507    1 
2 2 0 1 0 2 0 0 1 1 1  854    1 
2 2 0 0 0 0 1 1 1 1 1  491    1 
2 2 1 3 2 2 1 0 4 4 1 1214    1 
2 2 0 1 0 2 0 0 1 1 1  797    1 
2 2 0 3 3 0 0 1 4 4 1  964    1 
2 2 0 2 2 2 1 1 3 3 1 1845    1 
2 2 1 1 0 0 1 0 2 2 1 1299    1 
2 2 1 1 0 0 1 0 2 2 1  702    1 
2 2 0 1 0 2 0 0 1 1 1  848    1 
2 2 0 2 1 3 0 0 2 2 1 1806    1 
2 2 0 3 3 3 1 1 4 4 1  653    1 
2 2 1 1 0 0 1 0 2 2 1 1162    1 
2 2 1 1 1 1 1 1 2 2 1  818    1 
2 2 0 1 1 1 1 1 2 2 1 1057    1 
2 2 1 2 1 1 1 0 3 2 0 1349    1 
2 2 0 2 2 2 1 1 3 3 1 1036    1 
2 2 0 2 2 2 1 1 3 3 1  546    1 
2 2 1 1 0 2 0 0 2 2 1 1627    1 
2 2 1 0 0 1 0 1 1 1 1 1401    1 
2 2 0 0 0 0 1 1 1 1 1  536    1 
2 2 1 2 2 3 0 1 3 3 1 1394    1 
2 2 1 0 3 3 1 0 1 1 1 1353    1 
2 2 1 2 1 1 1 0 3 3 1 1450    1 
2 2 0 0 0 1 0 1 1 1 1  839    1 
2 2 0 1 0 2 0 0 1 1 1  820    1 
2 2 1 0 0 0 1 1 1 1 1 1002    1 
2 2 0 1 1 2 0 1 2 2 1 1385    1 
2 2 0 1 0 0 1 0 1 1 1 2217    1 
2 2 0 0 3 3 1 0 4 4 1 1367    0 
2 2 1 2 2 2 1 1 3 3 1 1071    1 
2 2 0 2 1 1 1 0 2 2 1 1003    1 
2 2 1 3 2 0 0 0 4 4 1 1378    0 
2 2 0 2 1 1 1 0 2 2 1 1458    1 
2 2 0 0 0 0 1 1 1 1 1  567    1 
2 2 1 2 1 3 0 0 3 3 1 1095    1 
2 2 0 3 3 3 1 1 4 4 1  971    1 
2 2 0 2 1 3 0 0 2 2 1 1003    1 
2 2 0 3 2 0 0 0 3 3 1 1002    1 
2 2 0 1 1 1 1 1 2 2 1  689    1 
2 2 1 3 3 0 0 1 4 4 1 1100    1 
2 2 0 3 2 0 0 0 3 3 1 1119    1 
2 2 1 2 1 1 1 0 3 3 1 1489    1 
2 2 1 1 1 1 1 1 2 2 1  973    1 
2 2 0 2 2 2 1 1 3 3 1 1085    1 
2 2 0 3 3 3 1 1 4 4 1  680    1 
2 2 0 3 2 0 0 0 3 3 1  868    1 
2 2 1 2 1 1 1 0 3 3 1 1689    1 
2 2 0 1 1 2 0 1 2 2 1  692    1 
2 2 1 3 2 0 0 0 4 4 1 1240    1 
2 2 0 1 0 0 1 0 1 1 1  813    1 
2 2 0 3 2 0 0 0 3 3 1 1604    1 
2 2 0 3 3 0 0 1 4 4 1  611    1 
2 2 0 3 3 0 0 1 4 4 1  538    1 
2 2 0 1 1 1 1 1 2 2 1  531    1 
2 2 0 2 1 1 1 0 2 2 1  517    1 
2 2 0 2 2 3 0 1 3 3 1  791    1 
2 2 0 1 0 2 0 0 1 1 1  663    0 
2 2 0 1 1 2 0 1 2 2 1  868    1 
2 2 0 2 1 1 1 0 2 2 1 1032    1 
2 2 1 0 3 1 0 0 1 1 1 1102    1 
2 2 0 2 2 2 1 1 3 3 1  753    1 
2 2 1 2 1 3 0 0 3 3 1 1337    1 
2 2 0 3 2 2 1 0 3 3 1 1731    1 
2 2 1 3 3 0 0 1 4 4 1 1261    1 
2 2 0 2 1 3 0 0 2 2 1  834    0 
2 2 0 0 0 0 1 1 1 1 1  591    1 
2 2 0 1 1 1 1 1 2 2 1  815    1 
2 2 0 0 3 3 1 0 4 1 0  534    1 
2 2 0 3 3 0 0 1 4 4 1  693    1 
2 2 0 3 3 0 0 1 4 4 1  489    1 
2 2 1 0 0 0 1 1 1 1 1 1244    1 
2 2 0 0 0 0 1 1 1 1 1  514    1 
2 2 0 2 2 2 1 1 3 3 1 1252    1 
2 2 0 2 1 3 0 0 2 2 1  593    1 
2 2 0 3 2 2 1 0 3 3 1  817    1 
2 2 0 0 0 1 0 1 1 1 1  679    1 
2 2 1 3 2 0 0 0 4 4 1 1347    0 
2 2 0 2 1 3 0 0 2 2 1  868    1 
2 2 0 0 3 3 1 0 4 4 1  745    1 
2 2 0 2 2 2 1 1 3 3 1  754    1 
2 2 1 1 1 2 0 1 2 2 1 1179    1 
2 2 0 0 0 1 0 1 1 1 1  611    1 
2 2 0 1 1 1 1 1 2 2 1  882    1 
2 2 0 3 2 0 0 0 3 3 1  725    1 
2 2 1 0 0 0 1 1 1 1 1  895    1 
2 2 0 2 1 1 1 0 2 2 1 1315    1 
2 2 0 0 0 1 0 1 1 1 1  606    0 
2 2 0 3 2 0 0 0 3 3 1  637    0 
2 2 0 0 0 1 0 1 1 1 1  594    1 
2 2 0 2 2 3 0 1 3 3 1  721    1 
2 2 0 1 1 2 0 1 2 2 1  612    1 
2 2 0 3 2 0 0 0 3 3 1  650    1 
2 2 0 0 0 1 0 1 1 1 1  703    1 
2 2 0 3 2 0 0 0 3 3 1 1802    1 
2 2 0 1 1 1 1 1 2 2 1  577    1 
2 2 0 3 2 2 1 0 3 3 1  753    1 
2 2 0 3 3 3 1 1 4 4 1  578    1 
2 2 0 1 0 2 0 0 1 1 1  658    1 
2 2 0 1 1 1 1 1 2 2 1  727    1 
2 2 0 3 3 3 1 1 4 4 1  665    1 
2 2 0 1 1 2 0 1 2 2 1  606    1 
2 2 0 3 2 2 1 0 3 3 1  724    1 
2 2 0 1 0 0 1 0 1 1 1 1023    1 
2 2 0 3 2 0 0 0 3 3 1  789    1 
2 2 0 2 1 1 1 0 2 2 1  732    1 
2 2 0 0 0 0 1 1 1 1 1  566    1 
2 2 0 2 2 2 1 1 3 3 1  694    1 
2 2 0 2 2 3 0 1 3 3 1  577    1 
2 2 0 2 1 3 0 0 2 2 1  641    1 
2 2 0 3 3 3 1 1 4 4 1  543    1 
2 2 1 0 0 0 1 1 1 1 1  824    1 
2 2 0 0 0 0 1 1 1 1 1  670    1 
2 2 0 3 3 0 0 1 4 4 1  955    1 
2 2 1 1 1 2 0 1 2 2 1 1435    1 
2 2 0 1 0 2 0 0 1 1 1 1281    1 
2 2 0 3 2 0 0 0 3 3 1  757    1 
2 2 0 0 0 1 0 1 1 1 1  598    1 
2 2 0 3 2 0 0 0 3 3 1  845    1 
2 2 0 2 2 3 0 1 3 3 1  851    1 
2 2 1 0 0 1 0 1 1 1 1  896    0 
2 2 0 0 0 1 0 1 1 1 1  587    1 
2 2 0 2 2 2 1 1 3 3 1  907    1 
2 2 0 3 3 0 0 1 4 4 1  517    1 
2 2 0 3 3 3 1 1 4 4 1  527    1 
2 2 1 0 3 3 1 0 1 1 1  882    1 
2 2 0 0 0 1 0 1 1 1 1  862    1 
2 2 1 0 0 1 0 1 1 1 1  907    1 
2 2 0 3 3 3 1 1 4 4 1  693    1 
2 2 0 0 3 3 1 0 4 4 1  817    1 
2 2 0 3 3 0 0 1 4 4 1  487    1 
2 2 1 0 0 1 0 1 1 1 1  778    1 
2 2 0 2 2 3 0 1 3 3 1 1051    1 
2 2 0 1 0 2 0 0 1 1 1  679    1 
2 2 0 0 3 3 1 0 4 4 1  619    1 
2 2 0 2 1 3 0 0 2 2 1  554    0 
2 2 1 2 1 1 1 0 3 3 1 1210    1 
2 2 0 3 2 2 1 0 3 3 1 1433    1 
2 2 1 1 1 1 1 1 2 2 1 1303    1 
2 2 1 2 2 2 1 1 3 3 1  762    1 
2 2 1 1 0 0 1 0 2 2 1  810    1 
2 2 0 0 0 1 0 1 1 1 1  817    1 
2 2 0 2 2 2 1 1 3 3 1  663    1 
2 2 0 0 3 1 0 0 4 4 1  716    1 
2 2 1 1 0 2 0 0 2 2 1 1622    1 
2 2 0 3 3 3 1 1 4 4 1  604    1 
2 2 0 0 3 3 1 0 4 4 1 1051    1 
2 2 0 3 3 3 1 1 4 4 1  552    1 
2 2 0 1 1 1 1 1 2 2 1  673    1 
2 2 1 3 3 3 1 1 4 4 1 1197    1 
2 2 0 0 0 0 1 1 1 1 1  676    1 
2 2 0 0 3 1 0 0 4 4 1  713    1 
2 2 0 1 0 2 0 0 1 3 0  771    1 
2 2 0 0 3 3 1 0 4 4 1  746    1 
2 2 0 1 0 0 1 0 1 1 1  675    1 
2 2 0 2 2 3 0 1 3 3 1  735    1 
2 2 0 1 0 2 0 0 1 1 1 1457    1 
2 2 1 0 3 3 1 0 1 1 1 1077    1 
2 2 0 1 1 2 0 1 2 2 1  794    1 
2 2 0 1 0 0 1 0 1 1 1  721    1 
2 2 1 0 3 1 0 0 1 1 1 1219    1 
2 2 0 2 2 3 0 1 3 3 1  793    1 
2 2 0 2 1 1 1 0 2 2 1 1137    1 
2 2 1 3 2 2 1 0 4 4 1 1290    1 
2 2 0 0 3 1 0 0 4 4 1  694    1 
2 2 0 2 1 3 0 0 2 2 1 1177    1 
2 2 1 0 3 3 1 0 1 1 1  802    1 
2 2 0 1 1 2 0 1 2 2 1  664    1 
2 2 0 3 2 0 0 0 3 3 1  693    1 
2 2 0 1 0 2 0 0 1 1 1  729    1 
2 2 0 2 2 3 0 1 3 3 1  803    1 
2 2 0 0 3 3 1 0 4 4 1  802    1 
2 2 0 2 2 2 1 1 3 3 1 1176    1 
2 2 0 0 3 1 0 0 4 4 1  873    1 
2 2 0 3 2 2 1 0 3 3 1  781    1 
2 2 0 0 0 1 0 1 1 1 1  645    1 
2 2 0 0 3 3 1 0 4 4 1  954    1 
2 2 0 3 3 0 0 1 4 4 1  523    1 
2 2 1 1 0 0 1 0 2 2 1 1717    1 
2 3 1 0 0 2 0 1 1 1 1 1376    1 
2 3 0 1 3 3 1 0 4 4 1  944    1 
2 3 0 0 2 2 0 0 3 3 1  866    1 
2 3 0 3 3 1 0 1 4 4 1  582    1 
2 3 0 1 3 3 0 0 4 4 1  814    1 
2 3 1 1 1 3 0 1 2 2 1  957    1 
2 3 0 2 2 0 0 1 3 3 1  622    1 
2 3 0 0 0 0 1 1 1 1 1  996    0 
2 3 0 2 2 0 0 1 3 3 1  867    1 
2 3 0 3 3 3 1 1 4 4 1  623    1 
2 3 0 3 3 3 1 1 4 4 1  421    1 
2 3 0 2 2 0 0 1 3 3 1  636    1 
2 3 1 1 1 3 0 1 2 2 1 1201    1 
2 3 0 1 1 1 1 1 2 2 1  512    1 
2 3 1 0 0 0 1 1 1 1 1  819    1 
2 3 0 0 2 2 0 0 3 3 1 1753    1 
2 3 0 1 1 1 1 1 2 2 1  842    1 
2 3 0 1 1 3 0 1 2 2 1  559    1 
2 3 1 0 0 0 1 1 1 1 1  768    1 
2 3 0 2 2 2 1 1 3 3 1  912    1 
2 3 1 0 2 2 1 0 1 1 1 1371    1 
2 3 0 0 0 2 0 1 1 1 1  731    1 
2 3 0 2 0 0 1 0 1 1 1  629    1 
2 3 0 1 1 1 1 1 2 2 1  851    1 
2 3 0 3 3 3 1 1 4 4 1  608    0 
2 3 1 2 2 0 0 1 3 3 1 1879    1 
2 3 0 1 3 3 0 0 4 4 1  723    1 
2 3 0 2 0 0 0 0 1 1 1  677    0 
2 3 0 1 1 3 0 1 2 2 1  841    0 
2 3 1 2 2 0 0 1 3 3 1 1311    1 
2 3 0 3 1 1 1 0 2 2 1 1946    1 
2 3 0 0 2 2 1 0 3 3 1 1163    1 
2 3 1 0 2 2 0 0 1 1 1  852    1 
2 3 0 3 1 1 0 0 2 2 1  953    1 
2 3 0 0 2 2 0 0 3 3 1  882    1 
2 3 1 3 3 3 1 1 4 4 1 1094    0 
2 3 0 1 3 3 1 0 4 4 1 1249    1 
2 3 0 2 0 0 0 0 1 1 1  846    1 
2 3 0 1 1 1 1 1 2 2 1 1796    1 
2 3 0 1 3 3 0 0 4 4 1  811    1 
2 3 1 2 0 0 0 0 3 3 1 2002    1 
2 3 1 1 3 3 0 0 2 2 1 1137    1 
2 3 1 3 1 1 0 0 4 4 1 1002    1 
2 3 0 2 2 2 1 1 3 3 1 1121    1 
2 3 1 0 2 2 1 0 1 1 1  971    1 
2 3 0 0 2 2 0 0 3 1 0  588    1 
2 3 0 3 3 1 0 1 4 4 1 1233    0 
2 3 0 0 2 2 1 0 3 3 1 1591    1 
2 3 0 0 2 2 1 0 3 3 1  478    1 
2 3 1 3 1 1 0 0 4 4 1 1138    1 
2 3 0 3 1 1 0 0 2 2 1 1156    1 
2 3 0 1 1 1 1 1 2 2 1 1005    1 
2 3 0 1 3 3 1 0 4 4 1  627    1 
2 3 0 3 1 1 1 0 2 2 1 1226    1 
2 3 0 2 2 2 1 1 3 3 1 1088    1 
2 3 0 0 2 2 0 0 3 3 1  955    1 
2 3 0 3 3 1 0 1 4 4 1  644    1 
2 3 0 1 3 3 0 0 4 4 1  665    1 
2 3 0 0 0 0 1 1 1 1 1  742    1 
2 3 0 1 1 1 1 1 2 2 1 1015    1 
2 3 0 2 0 0 0 0 1 1 1  806    1 
2 3 0 3 3 1 0 1 4 4 1  773    1 
2 3 0 3 1 1 1 0 2 2 1  869    1 
2 3 0 0 2 2 1 0 3 3 1  713    1 
2 3 0 0 0 2 0 1 1 1 1  764    1 
2 3 0 2 0 0 1 0 1 1 1  861    1 
2 3 0 1 3 3 1 0 4 4 1  633    1 
2 3 0 1 1 1 1 1 2 2 1 1015    0 
2 3 0 3 1 1 0 0 2 2 1  870    1 
2 3 0 1 3 3 1 0 4 4 1  650    1 
2 3 0 2 0 0 0 0 1 1 1  679    1 
2 3 0 1 1 1 1 1 2 2 1 1595    0 
2 3 1 0 0 0 1 1 1 1 1 1266    1 
2 3 1 2 0 0 1 0 3 3 1 1518    0 
2 3 1 2 0 0 1 0 3 3 1  497    1 
2 3 0 1 1 1 1 1 2 2 1  724    1 
2 3 1 0 0 2 0 1 1 1 1  942    1 
2 3 1 2 0 0 0 0 3 3 1  800    1 
2 3 0 0 2 2 1 0 3 3 1 1302    1 
2 3 0 0 0 0 1 1 1 1 1  745    1 
2 3 0 1 3 3 1 0 4 4 1  763    1 
2 3 0 0 0 0 1 1 1 1 1  788    1 
2 3 0 3 3 1 0 1 4 4 1  611    1 
2 3 0 3 1 1 0 0 2 2 1 1066    1 
2 3 1 3 3 3 1 1 4 4 1  910    1 
2 3 0 3 1 1 0 0 2 2 1 1233    1 
2 3 0 2 0 0 0 0 1 1 1  862    1 
2 3 1 1 3 3 0 0 2 2 1 2707    1 
2 3 0 3 3 1 0 1 4 4 1  838    1 
2 3 1 2 0 0 0 0 3 3 1 1972    1 
2 3 0 1 1 3 0 1 2 2 1  708    1 
2 3 1 1 1 3 0 1 2 2 1 1327    1 
2 3 0 0 2 2 1 0 3 3 1  977    1 
2 3 1 1 1 3 0 1 2 2 1 1833    1 
2 3 1 3 3 3 1 1 4 4 1  678    1 
2 3 0 2 2 2 1 1 3 3 1 1059    1 
2 3 0 1 1 1 1 1 2 2 1  631    1 
2 3 0 2 2 2 1 1 3 3 1 1461    1 
2 3 1 0 0 2 0 1 1 1 1 1082    1 
2 3 1 0 0 2 0 1 1 1 1  558    1 
2 3 0 2 2 2 1 1 3 3 1 1999    1 
2 3 0 0 0 2 0 1 1 1 1  702    1 
2 3 0 1 1 1 1 1 2 2 1  992    0 
2 3 0 3 3 1 0 1 4 4 1  592    1 
2 3 0 2 2 0 0 1 3 3 1  719    1 
2 3 0 2 0 0 1 0 1 1 1  721    1 
2 3 1 2 2 2 1 1 3 3 1 1228    1 
2 3 0 1 3 3 1 0 4 4 1  778    1 
2 3 0 3 3 3 1 1 4 4 1  450    1 
2 3 0 0 0 2 0 1 1 1 1  615    1 
2 3 0 1 3 3 0 0 4 4 1 1181    1 
2 3 0 1 3 3 1 0 4 4 1  574    1 
2 3 0 2 2 2 1 1 3 3 1 1134    1 
2 3 1 0 0 0 1 1 1 1 1  783    1 
2 3 0 0 2 2 1 0 3 3 1 1567    0 
2 3 1 1 3 3 0 0 2 4 0 1767    1 
2 3 0 0 2 2 0 0 3 3 1 1269    1 
2 3 0 1 1 1 1 1 2 2 1  953    1 
2 3 0 3 3 3 1 1 4 4 1  650    1 
2 3 1 3 1 1 0 0 4 4 1 1023    0 
2 3 1 0 2 2 0 0 1 1 1  725    1 
2 3 0 1 3 3 0 0 4 4 1 1143    0 
2 3 0 2 2 2 1 1 3 3 1 1513    1 
2 3 0 2 0 0 0 0 1 1 1  812    1 
2 3 0 3 1 1 0 0 2 2 1 1762    1 
2 3 1 0 2 2 1 0 1 1 1  931    1 
2 3 1 0 2 2 1 0 1 1 1  581    1 
2 3 0 2 0 0 0 0 1 1 1 1205    0 
2 3 1 2 0 0 0 0 3 3 1 1100    1 
2 3 0 1 3 3 1 0 4 4 1  911    1 
2 3 0 1 1 1 1 1 2 2 1  634    1 
2 3 0 3 1 1 1 0 2 2 1  743    1 
2 3 0 3 1 1 0 0 2 2 1  513    1 
2 3 0 0 0 0 1 1 1 1 1  668    1 
2 3 0 0 2 2 0 0 3 3 1  832    1 
2 3 0 1 1 3 0 1 2 2 1  718    1 
2 3 0 2 2 0 0 1 3 3 1  576    1 
2 3 0 0 2 2 1 0 3 3 1  792    1 
2 3 1 0 2 2 1 0 1 1 1  832    1 
2 3 0 0 0 2 0 1 1 1 1  686    1 
2 3 0 3 3 1 0 1 4 4 1  705    1 
2 3 0 3 3 1 0 1 4 4 1  476    1 
2 3 0 3 3 1 0 1 4 4 1  544    1 
2 3 0 2 2 0 0 1 3 3 1  466    1 
2 3 0 2 0 0 1 0 1 1 1  678    1 
2 3 1 3 3 1 0 1 4 4 1 1122    1 
2 3 0 3 3 1 0 1 4 4 1  508    1 
2 3 0 3 3 3 1 1 4 4 1  511    1 
2 3 0 3 3 3 1 1 4 4 1  354    1 
2 3 0 2 0 0 0 0 1 1 1  674    1 
2 3 0 3 3 1 0 1 4 4 1  711    1 
2 3 0 2 2 2 1 1 3 3 1  553    1 
2 3 0 1 3 3 1 0 4 4 1  618    1 
2 3 1 0 2 2 1 0 1 1 1  968    1 
2 3 0 0 2 2 1 0 3 3 1  944    1 
2 3 0 2 2 2 1 1 3 3 1  458    1 
2 3 0 1 3 3 0 0 4 4 1  495    1 
2 3 0 0 0 0 1 1 1 1 1  594    1 
2 3 0 1 3 3 0 0 4 4 1  602    1 
2 3 0 2 0 0 0 0 1 1 1  688    1 
2 3 0 1 1 1 1 1 2 2 1  428    1 
2 3 1 0 2 2 0 0 1 1 1  666    1 
2 3 1 2 0 0 1 0 3 3 1 1798    1 
2 3 0 0 2 2 0 0 3 3 1  758    1 
2 3 0 3 3 1 0 1 4 4 1  518    1 
2 3 0 3 3 1 0 1 4 4 1  473    1 
2 3 0 2 2 2 1 1 3 3 1  581    1 
2 3 0 2 2 2 1 1 3 3 1  485   32 
2 3 0 3 1 1 0 0 2 2 1  816    1 
2 3 1 3 1 1 0 0 4 4 1  846    1 
2 3 0 2 0 0 1 0 1 1 1  900    1 
2 3 0 2 0 0 1 0 1 1 1  495    1 
2 3 0 0 2 2 1 0 3 3 1  722    1 
2 3 0 1 3 3 0 0 4 4 1  524    1 
2 3 1 3 3 1 0 1 4 4 1 1046    1 
2 3 1 3 1 1 0 0 4 4 1  748    1 
2 3 0 2 0 0 1 0 1 1 1  773    1 
2 3 0 1 3 3 0 0 4 4 1  565    1 
2 3 1 3 1 1 1 0 4 4 1  662    1 
2 3 1 0 0 0 1 1 1 1 1  866    1 
2 3 0 1 3 3 1 0 4 4 1  783    1 
2 3 0 2 0 0 1 0 1 1 1 1318    0 
2 3 0 1 3 3 1 0 4 4 1  544    1 
2 3 1 3 3 1 0 1 4 4 1  610    1 
2 3 0 3 3 3 1 1 4 4 1  488    1 
2 3 0 2 0 0 0 0 1 1 1  772    1 
2 3 0 1 3 3 1 0 4 4 1  516    0 
2 3 0 2 2 0 0 1 3 3 1  710    1 
2 3 0 0 0 0 1 1 1 1 1  745    1 
2 3 0 2 2 2 1 1 3 3 1  562    1 
2 3 1 3 3 1 0 1 4 4 1  579    1 
2 3 0 3 3 1 0 1 4 4 1  507    1 
2 4 0 0 3 3 1 0 4 4 1 1547    1 
2 4 0 3 2 2 0 0 3 3 1 1141    1 
2 4 0 3 3 2 0 1 4 4 1  750    1 
2 4 1 2 2 1 0 1 3 3 1  751    1 
2 4 0 3 2 2 0 0 3 3 1  840    1 
2 4 0 0 0 0 1 1 1 1 1  621    1 
2 4 0 2 1 1 1 0 2 2 1  740    1 
2 4 0 2 1 1 0 0 2 2 1  453    1 
2 4 0 3 3 3 1 1 4 4 1  578    1 
2 4 0 2 2 1 0 1 3 3 1  906    1 
2 4 0 1 1 1 1 1 2 2 1  421    1 
2 4 0 3 3 3 1 1 4 4 1  659    1 
2 4 0 0 0 3 0 1 1 1 1  552    1 
2 4 1 1 0 0 0 0 2 2 1 1320    1 
2 4 1 2 1 1 0 0 3 3 1  643    1 
2 4 0 3 3 3 1 1 4 4 1  608    1 
2 4 0 0 3 3 0 0 4 4 1  463    1 
2 4 0 3 2 2 0 0 3 2 0  852    1 
2 4 0 2 1 1 1 0 2 2 1  478    1 
2 4 0 1 0 0 1 0 1 1 1  659    1 
2 4 0 1 1 0 0 1 2 2 1  463    1 
2 4 1 0 0 0 1 1 1 1 1  876    1 
2 4 0 2 1 1 1 0 2 2 1 1000    1 
2 4 0 0 3 3 0 0 4 4 1  887    1 
2 4 0 3 2 2 1 0 3 3 1  739    1 
2 4 0 2 2 1 0 1 3 3 1  764    1 
2 4 0 2 1 1 1 0 2 2 1  445    1 
2 4 1 0 3 3 0 0 1 1 1 1290    1 
2 4 0 0 0 3 0 1 1 1 1  606    1 
2 4 1 2 2 2 1 1 3 3 1 1493    1 
2 4 0 3 3 2 0 1 4 4 1  696    1 
2 4 0 3 2 2 1 0 3 3 1  756    1 
2 4 1 2 2 2 1 1 3 3 1  996    1 
2 4 0 2 1 1 0 0 2 3 0  700    1 
2 4 0 1 1 1 1 1 2 2 1  821    1 
2 4 0 1 0 0 1 0 1 1 1  707    1 
2 4 1 3 2 2 1 0 4 4 1  782    1 
2 4 0 3 2 2 0 0 3 3 1  958    1 
2 4 0 0 0 3 0 1 1 1 1  543    1 
2 4 1 0 3 3 0 0 1 1 1 1168    1 
2 4 0 2 2 2 1 1 3 3 1 1240    1 
2 4 0 0 3 3 1 0 4 4 1  766    1 
2 4 0 2 1 1 0 0 2 2 1  862    1 
2 4 0 1 1 0 0 1 2 2 1  603    1 
2 4 0 0 0 0 1 1 1 1 1  577    1 
2 4 0 2 2 1 0 1 3 3 1  706    1 
2 4 1 1 1 1 1 1 2 2 1  924    1 
2 4 0 2 1 1 0 0 2 2 1  567    1 
2 4 0 3 3 2 0 1 4 4 1  639    1 
2 4 0 2 2 1 0 1 3 3 1  644    1 
2 4 0 3 3 3 1 1 4 4 1  586    1 
2 4 0 1 1 1 1 1 2 2 1  785    1 
2 4 0 2 2 2 1 1 3 3 1  568    1 
2 4 0 3 3 3 1 1 4 4 1  513    1 
2 4 1 0 3 3 0 0 1 1 1  691    1 
2 4 0 2 1 1 1 0 2 2 1  855    1 
2 4 0 1 1 1 1 1 2 2 1  500    1 
2 4 0 1 1 0 0 1 2 2 1  486    1 
2 4 0 1 1 1 1 1 2 2 1  450    1 
2 4 1 1 1 1 1 1 2 2 1  775    1 
2 4 0 0 3 3 1 0 4 4 1  647    1 
2 4 0 2 1 1 0 0 2 2 1  764    1 
2 4 1 3 3 3 1 1 4 4 1  565    1 
2 4 1 1 0 0 1 0 2 2 1 1974    1 
2 4 0 2 2 1 0 1 3 3 1  806    1 
2 4 0 3 3 3 1 1 4 4 1  565    1 
2 4 0 3 2 2 0 0 3 3 1  854    1 
2 4 0 3 3 2 0 1 4 3 0  395    1 
2 4 0 2 1 1 0 0 2 2 1 1064    1 
2 4 0 3 3 3 1 1 4 4 1  541    1 
2 4 1 3 2 2 1 0 4 4 1  982    0 
2 4 0 1 1 0 0 1 2 2 1  662    1 
2 4 0 1 1 1 1 1 2 2 1  643    1 
2 4 0 2 1 1 1 0 2 2 1  568    1 
2 4 1 3 3 3 1 1 4 4 1  992    1 
2 4 0 3 3 3 1 1 4 4 1  480    1 
2 4 1 2 2 2 1 1 3 3 1 1684    1 
2 4 0 1 1 0 0 1 2 2 1  607    1 
2 4 0 2 2 1 0 1 3 3 1  686    1 
2 4 0 3 3 2 0 1 4 4 1  617    1 
2 4 0 1 1 1 1 1 2 2 1  592    1 
2 4 0 2 2 2 1 1 3 3 1  687    1 
2 4 0 1 1 0 0 1 2 2 1  539    1 
2 4 0 3 2 2 0 0 3 3 1  692    0 
2 4 1 2 1 1 0 0 3 3 1 2791    0 
2 4 0 1 1 1 1 1 2 2 1  655    1 
2 4 0 3 3 3 1 1 4 4 1  468    1 
2 4 1 2 2 1 0 1 3 3 1 1104    1 
2 4 0 0 0 3 0 1 1 1 1  795    1 
2 4 0 3 3 2 0 1 4 4 1  586    1 
2 4 1 3 3 3 1 1 4 4 1  978    1 
2 4 0 2 1 1 0 0 2 2 1  874    1 
2 4 1 3 3 3 1 1 4 4 1  894    1 
2 4 1 1 0 0 1 0 2 2 1 1690    1 
2 4 1 3 3 3 1 1 4 4 1  973    0 
2 4 0 0 3 3 1 0 4 4 1 1085    1 
2 4 0 1 0 0 1 0 1 1 1  649    1 
2 4 1 2 1 1 1 0 3 3 1  966    1 
2 4 1 2 1 1 1 0 3 3 1  814    1 
2 4 0 1 0 0 1 0 1 1 1  844    1 
2 4 1 1 1 0 0 1 2 2 1 2170    1 
2 4 0 2 1 1 1 0 2 2 1  778    1 
2 4 0 3 2 2 1 0 3 3 1  730    1 
2 4 0 0 3 3 1 0 4 4 1  956    1 
2 4 0 3 3 3 1 1 4 4 1  669    0 
2 4 0 1 1 1 1 1 2 2 1  873    1 
2 4 0 0 0 3 0 1 1 1 1  806    1 
2 4 0 0 3 3 1 0 4 4 1 1692    1 
2 4 0 3 2 2 0 0 3 3 1 2032    1 
2 4 0 2 2 1 0 1 3 3 1  661    1 
2 4 0 3 3 3 1 1 4 4 1 1170    1 
2 4 1 3 2 2 1 0 4 4 1 1362    1 
2 4 1 1 1 0 0 1 2 2 1  691    1 
2 4 1 2 2 1 0 1 3 3 1 1103    1 
2 4 1 2 1 1 0 0 3 3 1  626    1 
2 4 1 1 0 0 1 0 2 2 1  760    1 
2 4 0 0 0 0 1 1 1 1 1  776    1 
2 4 1 1 1 1 1 1 2 2 1 1041    0 
2 4 0 0 0 3 0 1 1 1 1  670    1 
2 4 0 2 2 2 1 1 3 3 1 1946    1 
2 4 0 0 0 3 0 1 1 1 1  604    1 
2 4 0 2 1 1 0 0 2 2 1 1355    1 
2 4 1 0 3 3 0 0 1 1 1  779    1 
2 4 0 0 3 3 1 0 4 4 1  924    1 
2 4 0 3 2 2 0 0 3 3 1  910    1 
2 4 1 0 3 3 1 0 1 1 1 1225    1 
2 4 0 0 0 0 1 1 1 1 1  751    1 
2 4 0 1 0 0 0 0 1 1 1  959    1 
2 4 0 1 0 0 1 0 1 1 1  744    1 
2 4 0 0 3 3 1 0 4 4 1  874    1 
2 4 0 1 1 1 1 1 2 2 1  950    1 
2 4 1 1 0 0 1 0 2 2 1  991    1 
2 4 0 0 3 3 0 0 4 1 0  870    1 
2 4 0 1 1 0 0 1 2 2 1  864    1 
2 4 1 0 0 0 1 1 1 1 1 1869    1 
2 4 0 3 2 2 0 0 3 3 1 1617    1 
2 4 0 0 3 3 0 0 4 4 1  920    1 
2 4 1 2 1 1 1 0 3 2 0 1306    1 
2 4 0 0 0 3 0 1 1 1 1  995    1 
2 4 0 3 2 2 1 0 3 3 1 1434    0 
2 4 0 1 1 1 1 1 2 2 1  632    1 
2 4 0 2 1 1 1 0 2 2 1  926    1 
2 4 1 3 2 2 0 0 4 4 1  880    1 
2 4 0 2 1 1 0 0 2 2 1  708    1 
2 4 0 1 0 0 0 0 1 1 1  695    0 
2 4 0 1 1 1 1 1 2 2 1 1154    1 
2 4 0 2 2 1 0 1 3 3 1  851    1 
2 4 0 2 1 1 1 0 2 2 1  920    0 
2 4 0 1 0 0 1 0 1 1 1 1266    1 
2 4 0 3 2 2 0 0 3 3 1 1902    1 
2 4 0 2 1 1 0 0 2 2 1  913    1 
2 4 0 1 1 1 1 1 2 2 1  756    1 
2 4 0 0 3 3 1 0 4 4 1  685    1 
2 4 0 0 3 3 0 0 4 4 1  584    1 
2 4 1 0 0 3 0 1 1 1 1 1032    1 
2 4 1 1 0 0 0 0 2 2 1 2526    1 
2 4 0 2 1 1 1 0 2 2 1  960    1 
2 4 0 1 0 0 0 0 1 1 1  873    1 
2 4 0 3 3 3 1 1 4 4 1  677    1 
2 4 0 1 0 0 0 0 1 1 1  737    1 
2 4 0 2 2 1 0 1 3 3 1  883    1 
2 4 0 0 3 3 0 0 4 1 0  606    1 
2 4 0 1 0 0 1 0 1 1 1  795    1 
2 4 0 3 3 2 0 1 4 4 1  578    1 
2 4 0 3 3 3 1 1 4 4 1  466    1 
2 4 0 1 1 0 0 1 2 2 1  783    1 
2 4 0 0 3 3 0 0 4 4 1  798    1 
2 4 1 1 1 1 1 1 2 2 1 1246    1 
2 4 0 0 3 3 0 0 4 4 1  883    1 
2 4 0 0 0 0 1 1 1 1 1 1111    1 
2 4 0 1 0 0 0 0 1 1 1  705    1 
2 4 1 3 3 2 0 1 4 4 1 1236    1 
2 4 1 1 0 0 0 0 2 2 1 1098    1 
2 4 0 0 0 0 1 1 1 1 1  829    1 
2 4 1 3 2 2 0 0 4 4 1 1219    1 
2 4 0 0 3 3 1 0 4 4 1  978    1 
2 4 0 2 2 1 0 1 3 3 1 1066    1 
2 4 1 3 2 2 0 0 4 4 1  942    0 
2 4 0 0 3 3 1 0 4 4 1  847    1 
2 4 0 1 1 0 0 1 2 2 1 1109    1 
2 4 0 0 3 3 0 0 4 4 1  768    1 
2 4 0 2 2 2 1 1 3 3 1  760    1 
2 4 0 1 0 0 0 0 1 1 1  585    1 
2 4 0 0 0 3 0 1 1 1 1  544    1 
2 4 0 3 3 3 1 1 4 4 1  593    1 
2 4 0 3 2 2 0 0 3 3 1 1289    1 
2 4 1 0 0 3 0 1 1 1 1 1020    1 
2 4 0 0 3 3 1 0 4 4 1  811    1 
2 4 0 0 0 3 0 1 1 1 1 1177    1 
2 4 1 0 3 3 0 0 1 1 1 1042    1 
2 4 0 0 3 3 0 0 4 1 0  471    1 
2 4 1 2 1 1 0 0 3 3 1 1729    1 
