13 1 0 2 2 2 1 1 3 3 1 1141    1 
13 1 0 0 0 0 1 1 1 1 1  758   37 
13 1 0 0 1 1 1 0 2 2 1 2679    1 
13 1 1 3 0 0 1 0 4 4 1 1883  312 
13 1 0 0 0 0 1 1 1 1 1  759    1 
13 1 0 3 3 0 0 1 4 4 1 1240    1 
13 1 0 0 0 0 1 1 1 1 1  757   51 
13 1 0 3 3 0 0 1 4 4 1  622    0 
13 1 1 3 0 0 1 0 4 4 1 2932    1 
13 1 0 3 0 0 1 0 1 4 0  694    1 
13 1 1 3 0 0 1 0 4 4 1 1007    1 
13 1 0 2 2 3 0 1 3 3 1 1214    1 
13 1 0 3 0 0 0 0 1 1 1 2869    1 
13 1 0 2 2 3 0 1 3 3 1  705    1 
13 1 0 0 0 1 0 1 1 1 1 1260    1 
13 1 0 2 2 2 1 1 3 3 1  793    1 
13 1 0 1 1 1 1 1 2 2 1  841    1 
13 1 1 3 0 0 1 0 4 4 1 1318    1 
13 1 0 1 1 1 1 1 2 2 1  968    1 
13 1 0 2 3 3 1 0 4 4 1 1544    1 
13 1 1 0 1 1 0 0 1 1 1 1538    1 
13 1 0 0 0 0 1 1 1 1 1  723    1 
13 1 0 0 1 1 1 0 2 2 1 1118    1 
13 1 0 2 2 3 0 1 3 3 1  696    1 
13 1 0 0 1 1 0 0 2 2 1 1019    1 
13 1 0 2 3 3 0 0 4 4 1 1289    1 
13 1 1 1 1 2 0 1 2 2 1 1285    1 
13 1 1 1 2 2 0 0 2 3 0 2201    1 
13 1 1 2 3 3 0 0 3 3 1 2709    0 
13 1 1 1 1 1 1 1 2 2 1 1040   81 
13 1 0 1 2 2 0 0 3 3 1 1902    1 
13 1 1 0 1 1 1 0 1 1 1 1873    1 
13 1 0 3 0 0 0 0 1 1 1 1901    1 
13 1 1 1 1 1 1 1 2 2 1 1264    1 
13 1 0 1 1 2 0 1 2 2 1  981    1 
13 1 1 1 1 2 0 1 2 2 1 1325    1 
13 1 0 3 0 0 1 0 1 1 1 1199    1 
13 1 0 3 0 0 1 0 1 1 1  566    1 
13 1 0 0 1 1 1 0 2 2 1 1046    1 
13 1 0 3 3 0 0 1 4 4 1  812    1 
13 1 0 1 2 2 0 0 3 3 1 1155    1 
13 1 1 1 2 2 0 0 2 2 1 1451    1 
13 1 0 3 3 3 1 1 4 4 1  784    1 
13 1 0 1 1 1 1 1 2 2 1 2240    1 
13 1 1 1 1 2 0 1 2 2 1  733    1 
13 1 0 3 3 3 1 1 4 4 1  631    1 
13 1 0 2 3 3 1 0 4 4 1  973    1 
13 1 1 0 1 1 1 0 1 1 1 1221    1 
13 1 0 3 0 0 0 0 1 1 1 1827    1 
13 1 0 0 0 0 1 1 1 1 1  682    1 
13 1 0 2 3 3 0 0 4 4 1  925    1 
13 1 0 0 0 0 1 1 1 1 1  727    1 
13 1 0 2 2 2 1 1 3 3 1 1033    1 
13 1 0 2 2 2 1 1 3 3 1  479    1 
13 1 0 1 1 2 0 1 2 2 1 1059   50 
13 1 0 2 2 2 1 1 3 3 1  792    1 
13 1 0 0 1 1 0 0 2 2 1  975    1 
13 1 0 0 1 1 1 0 2 2 1  616    0 
13 1 0 2 2 2 1 1 3 3 1  606    0 
13 1 1 3 0 0 0 0 4 4 1 1164    1 
13 1 0 2 3 3 1 0 4 4 1  885    1 
13 1 0 1 2 2 0 0 3 3 1 1129    1 
13 1 0 0 0 0 1 1 1 1 1  795    1 
13 1 0 3 0 0 1 0 1 1 1 1146    1 
13 1 1 1 2 2 0 0 2 2 1 1148    1 
13 1 0 1 2 2 0 0 3 2 0  886    1 
13 1 0 2 2 3 0 1 3 3 1  615    1 
13 1 0 1 1 2 0 1 2 2 1  758    1 
13 1 0 1 1 2 0 1 2 2 1  623    1 
13 1 0 0 0 1 0 1 1 1 1  685    1 
13 1 0 1 2 2 0 0 3 3 1 1264    1 
13 1 1 0 1 1 1 0 1 1 1 1421    1 
13 1 1 1 2 2 0 0 2 2 1 1187    0 
13 1 1 2 2 2 1 1 3 3 1 1003    1 
13 1 0 3 0 0 0 0 1 1 1 1042    1 
13 1 1 2 2 3 0 1 3 3 1  695    1 
13 1 0 3 0 0 1 0 1 4 0  787    1 
13 1 0 1 1 2 0 1 2 2 1  672    1 
13 1 0 2 3 3 0 0 4 4 1  916    1 
13 1 1 1 2 2 1 0 2 2 1 1254    1 
13 1 0 1 1 2 0 1 2 2 1  731    1 
13 1 1 3 3 3 1 1 4 4 1 1198    1 
13 1 0 1 1 2 0 1 2 2 1  621    1 
13 1 0 3 3 3 1 1 4 4 1  531    1 
13 1 0 0 0 0 1 1 1 1 1  637    1 
13 1 0 2 3 3 0 0 4 4 1  795    1 
13 1 0 1 2 2 1 0 3 3 1  914    1 
13 1 0 0 1 1 1 0 2 2 1  893    1 
13 1 0 1 1 1 1 1 2 2 1  481    1 
13 1 0 3 3 3 1 1 4 4 1  525    1 
13 1 0 2 3 3 1 0 4 3 0  647    1 
13 1 1 1 1 2 0 1 2 2 1  802    1 
13 1 0 2 3 3 0 0 4 4 1  865    1 
13 1 0 3 0 0 0 0 1 1 1  894    1 
13 1 0 2 3 3 0 0 4 4 1  905    1 
13 1 1 0 0 0 1 1 1 1 1  692    1 
13 1 0 3 0 0 1 0 1 1 1 1144    1 
13 1 0 3 3 3 1 1 4 4 1  673    1 
13 1 0 1 1 2 0 1 2 2 1  957    1 
13 1 0 0 0 1 0 1 1 1 1  670    1 
13 1 0 1 2 2 0 0 3 3 1 1122    1 
13 1 0 3 3 0 0 1 4 4 1  652    1 
13 1 0 2 3 3 1 0 4 4 1  881    1 
13 1 0 0 0 0 1 1 1 1 1  653    1 
13 1 0 3 3 0 0 1 4 4 1  650    1 
13 1 0 3 3 3 1 1 4 4 1  463    0 
13 1 0 3 3 3 1 1 4 4 1  395    1 
13 1 0 3 0 0 0 0 1 1 1  899    1 
13 1 0 2 3 3 1 0 4 4 1  766    1 
13 1 0 1 2 2 0 0 3 3 1  878    1 
13 1 0 0 1 1 1 0 2 2 1  914    1 
13 1 0 0 0 1 0 1 1 1 1  941    1 
13 1 0 2 2 3 0 1 3 3 1  710    1 
13 1 0 3 0 0 1 0 1 1 1  913    0 
13 1 0 3 0 0 0 0 1 1 1  556    1 
13 1 1 2 2 3 0 1 3 3 1  565    1 
13 1 0 0 0 1 0 1 1 1 1  933    1 
13 1 1 0 1 1 1 0 1 1 1 1695    1 
13 1 0 2 2 3 0 1 3 3 1  659    1 
13 1 0 3 0 0 0 0 1 1 1 1407    1 
13 1 0 0 0 1 0 1 1 1 1  550    1 
13 1 1 3 3 3 1 1 4 4 1  879    0 
13 1 0 1 2 2 0 0 3 2 0  651    1 
13 1 0 1 1 1 1 1 2 2 1  638    1 
13 1 0 2 3 3 1 0 4 4 1  803    1 
13 1 0 3 3 0 0 1 4 4 1  818    1 
13 1 1 2 3 3 0 0 3 4 0 1024    1 
13 1 0 0 1 1 0 0 2 2 1 1181    1 
13 1 1 0 1 1 1 0 1 1 1 1309    1 
13 1 1 2 3 3 0 0 3 3 1 1472   15 
13 1 0 2 2 3 0 1 3 3 1  668    1 
13 1 0 2 3 3 1 0 4 4 1 1192   16 
13 1 0 2 3 3 1 0 4 4 1  512    1 
13 1 1 2 3 3 1 0 3 3 1 1194    1 
13 1 0 0 0 0 1 1 1 1 1  746    1 
13 1 0 3 0 0 0 0 1 1 1 1315    1 
13 1 1 3 0 0 0 0 4 4 1 1430    1 
13 1 0 0 0 1 0 1 1 1 1  796    1 
13 1 0 1 1 2 0 1 2 2 1  771    1 
13 1 0 0 1 1 1 0 2 2 1 1651    1 
13 1 0 1 1 1 1 1 2 2 1  928    1 
13 1 0 1 1 1 1 1 2 2 1  674   50 
13 1 0 2 2 2 1 1 3 3 1  807    1 
13 1 0 0 1 1 0 0 2 2 1 1357    1 
13 1 0 1 1 2 0 1 2 2 1  670    1 
13 1 0 0 1 1 1 0 2 2 1  882    1 
13 1 0 2 3 3 0 0 4 4 1  862    1 
13 1 0 2 3 3 1 0 4 4 1  419    1 
13 1 1 1 1 1 1 1 2 2 1 1041   69 
13 1 0 0 1 1 0 0 2 2 1  942    1 
13 1 0 1 2 2 0 0 3 3 1 1072    1 
13 1 1 0 0 0 1 1 1 1 1 1108   49 
13 1 0 3 0 0 1 0 1 1 1 1047   49 
13 1 0 0 1 1 0 0 2 2 1  908    1 
13 1 1 2 2 2 1 1 3 3 1  983    1 
13 1 0 3 0 0 0 0 1 1 1 1015    1 
13 1 0 3 3 0 0 1 4 4 1  662    1 
13 1 0 2 3 3 0 0 4 4 1 1090    1 
13 1 0 1 1 1 1 1 2 2 1  622    1 
13 1 1 3 0 0 1 0 4 4 1 1308    1 
13 1 1 2 2 2 1 1 3 3 1  959    1 
13 1 1 1 1 1 1 1 2 2 1 1416    1 
13 1 1 0 1 1 1 0 1 1 1 1022    1 
13 1 1 1 1 2 0 1 2 2 1  868    1 
13 1 0 2 2 3 0 1 3 3 1  768    1 
13 1 0 0 0 1 0 1 1 1 1  712    1 
13 1 0 2 2 2 1 1 3 3 1  683    1 
13 1 1 2 3 3 0 0 3 4 0  655   50 
13 1 0 3 3 0 0 1 4 4 1  578    1 
13 1 0 2 3 3 1 0 4 4 1 1130    1 
13 1 0 1 2 2 1 0 3 3 1 1044    1 
13 1 1 1 1 1 1 1 2 2 1  969   83 
13 1 1 3 3 0 0 1 4 4 1  698    1 
13 1 1 0 1 1 0 0 1 1 1 1277    1 
13 1 1 3 0 0 0 0 4 4 1 1441    1 
13 1 0 3 0 0 1 0 1 1 1 1503    1 
13 1 0 1 1 1 1 1 2 2 1  658    1 
13 1 0 3 3 3 1 1 4 4 1  718    1 
13 1 0 0 1 1 0 0 2 2 1 1137    1 
13 1 0 0 1 1 1 0 2 2 1  458    1 
13 1 0 2 2 2 1 1 3 3 1  671    1 
13 1 0 1 2 2 1 0 3 3 1 1355    1 
13 1 0 0 0 0 1 1 1 1 1  660    1 
13 1 0 0 0 1 0 1 1 1 1  985    1 
13 1 0 0 1 1 0 0 2 2 1  856    1 
13 1 0 3 3 0 0 1 4 4 1  581    1 
13 1 1 3 3 0 0 1 4 4 1  413    1 
13 1 0 1 1 2 0 1 2 2 1  756    1 
13 1 1 0 1 1 1 0 1 2 0 1245    1 
13 1 0 2 3 3 0 0 4 4 1  888    1 
13 1 0 2 2 3 0 1 3 3 1  676    1 
13 1 0 1 2 2 1 0 3 3 1 1128    1 
13 2 0 0 2 2 0 0 3 3 1 3958    1 
13 2 1 1 1 3 0 1 2 2 1 1679    1 
13 2 1 2 0 0 1 0 3 3 1 1628    1 
13 2 0 2 0 0 1 0 1 3 0  762    1 
13 2 0 0 2 2 1 0 3 3 1 1297    1 
13 2 0 0 0 0 1 1 1 1 1 1540    1 
13 2 0 2 0 0 0 0 1 1 1 1270    1 
13 2 0 0 0 2 0 1 1 1 1  722    1 
13 2 0 0 2 2 1 0 3 3 1  844    1 
13 2 1 2 2 0 0 1 3 3 1  914    1 
13 2 0 2 2 0 0 1 3 3 1 1756    1 
13 2 0 2 0 0 1 0 1 1 1 1165    1 
13 2 0 3 3 3 1 1 4 4 1  613    1 
13 2 0 2 2 0 0 1 3 3 1  620    0 
13 2 0 1 1 3 0 1 2 2 1  658    1 
13 2 0 0 0 2 0 1 1 1 1  711    1 
13 2 0 0 2 2 0 0 3 3 1  922    1 
13 2 0 3 1 1 0 0 2 2 1  844    1 
13 2 0 2 0 0 0 0 1 1 1  890    1 
13 2 0 0 2 2 0 0 3 3 1 1045    1 
13 2 0 0 0 0 1 1 1 1 1  683    0 
13 2 1 1 1 3 0 1 2 2 1  734    1 
13 2 0 2 2 2 1 1 3 3 1  912    1 
13 2 0 2 2 2 1 1 3 3 1  450    1 
13 2 0 0 0 2 0 1 1 1 1  679    1 
13 2 1 2 0 0 1 0 3 3 1 2107    1 
13 2 0 2 2 2 1 1 3 3 1  998    1 
13 2 1 2 2 0 0 1 3 3 1  662    1 
13 2 1 1 1 3 0 1 2 2 1  803    1 
13 2 1 1 3 3 1 0 2 2 1 1361    1 
13 2 1 3 1 1 0 0 4 4 1 1130    1 
13 2 0 0 0 2 0 1 1 1 1  725  118 
13 2 1 1 1 3 0 1 2 2 1  727    0 
13 2 0 3 1 1 0 0 2 2 1 1289    1 
13 2 1 0 0 2 0 1 1 1 1  692    1 
13 2 0 0 2 2 1 0 3 3 1 1520    1 
13 2 0 1 1 3 0 1 2 2 1  642    1 
13 2 0 2 2 2 1 1 3 3 1  791    1 
13 2 1 0 0 2 0 1 1 1 1  791    1 
13 2 1 0 2 2 0 0 1 1 1 1454    1 
13 2 0 3 3 3 1 1 4 4 1  843    1 
13 2 0 2 0 0 1 0 1 1 1 1297    1 
13 2 1 1 1 3 0 1 2 2 1  788    1 
13 2 0 2 2 2 1 1 3 3 1 1180    1 
13 2 0 2 0 0 1 0 1 1 1  908    1 
13 2 0 3 1 1 1 0 2 2 1 1135    1 
13 2 0 1 1 1 1 1 2 2 1  704    1 
13 2 1 3 3 1 0 1 4 4 1  699    1 
13 2 0 3 3 3 1 1 4 4 1  854    1 
13 2 0 1 1 3 0 1 2 2 1  643    1 
13 2 0 3 1 1 0 0 2 4 0  632    1 
13 2 1 0 2 2 0 0 1 1 1 1284    1 
13 2 0 0 2 2 1 0 3 3 1 1151    1 
13 2 0 0 2 2 0 0 3 3 1  584   48 
13 2 1 3 1 1 0 0 4 4 1 1240    1 
13 2 0 1 1 1 1 1 2 2 1  853    1 
13 2 0 1 3 3 0 0 4 4 1  850    1 
13 2 0 2 2 0 0 1 3 3 1  935    1 
13 2 1 1 1 1 1 1 2 2 1  872    1 
13 2 0 0 2 2 0 0 3 3 1  972    1 
13 2 1 0 0 2 0 1 1 1 1  733    1 
13 2 0 3 1 1 1 0 2 2 1 1102    1 
13 2 1 1 3 3 1 0 2 2 1 1145    1 
13 2 0 2 2 2 1 1 3 3 1  658    1 
13 2 0 0 0 0 1 1 1 1 1  975    1 
13 2 0 1 1 1 1 1 2 2 1  695    1 
13 2 0 2 0 0 1 0 1 1 1 1083    1 
13 2 0 1 3 3 0 0 4 4 1  894    1 
13 2 0 2 2 0 0 1 3 3 1  626    1 
13 2 1 1 1 3 0 1 2 2 1  624    1 
13 2 1 0 0 2 0 1 1 1 1  590    1 
13 2 0 3 3 3 1 1 4 4 1  614    1 
13 2 0 0 0 0 1 1 1 1 1  756    1 
13 2 1 1 1 1 1 1 2 2 1  613   48 
13 2 0 1 1 3 0 1 2 2 1  612    1 
13 2 1 0 0 0 1 1 1 1 1  571    1 
13 2 0 1 1 1 1 1 2 2 1  467    1 
13 2 0 3 3 1 0 1 4 4 1  543    1 
13 2 0 0 0 0 1 1 1 1 1  641    1 
13 2 0 1 3 3 0 0 4 2 0  622    1 
13 2 0 3 3 1 0 1 4 4 1  562    1 
13 2 0 1 1 1 1 1 2 2 1  627    1 
13 2 1 3 1 1 1 0 4 4 1 1097    1 
13 2 0 2 0 0 1 0 1 1 1  917    1 
13 2 0 1 3 3 0 0 4 4 1  887    0 
13 2 0 2 0 0 0 0 1 1 1  914    1 
13 2 0 0 2 2 1 0 3 3 1 1093    1 
13 2 1 3 3 1 0 1 4 4 1  601    0 
13 2 0 3 3 3 1 1 4 4 1  712    1 
13 2 0 2 0 0 1 0 1 1 1  866    1 
13 2 0 2 0 0 0 0 1 1 1  583    1 
13 2 0 3 1 1 0 0 2 2 1 1286    1 
13 2 0 2 0 0 1 0 1 1 1  778    1 
13 2 1 0 0 0 1 1 1 1 1  658    1 
13 2 0 3 3 3 1 1 4 4 1  638    1 
13 2 1 0 0 2 0 1 1 1 1  644    1 
13 2 0 1 1 1 1 1 2 2 1  737    0 
13 2 0 3 1 1 0 0 2 4 0  715    1 
13 2 0 0 2 2 0 0 3 3 1 1011    1 
13 2 0 2 2 0 0 1 3 3 1  658   39 
13 2 0 3 3 1 0 1 4 4 1  799    1 
13 2 0 0 2 2 1 0 3 3 1  926    1 
13 2 0 2 2 0 0 1 3 3 1  584    0 
13 2 1 1 3 3 0 0 2 2 1 1879    1 
13 2 0 3 1 1 1 0 2 2 1  979    1 
13 2 1 2 2 2 1 1 3 3 1  892    1 
13 2 0 0 0 0 1 1 1 1 1  687    1 
13 2 0 2 2 2 1 1 3 3 1  587    1 
13 2 0 0 2 2 1 0 3 3 1 1314    1 
13 2 0 0 2 2 1 0 3 3 1  653    1 
13 2 0 1 3 3 0 0 4 4 1  794    1 
13 2 0 3 3 1 0 1 4 4 1  585    1 
13 2 0 1 1 3 0 1 2 2 1  721    1 
13 2 0 3 3 3 1 1 4 4 1  515    1 
13 2 0 2 0 0 1 0 1 1 1 1245    1 
13 2 0 2 0 0 1 0 1 1 1  627    1 
13 2 0 0 2 2 1 0 3 3 1 1201    1 
13 2 0 0 0 2 0 1 1 1 1  704    1 
13 2 0 2 0 0 1 0 1 1 1  859    1 
13 2 1 1 3 3 1 0 2 2 1 1248    1 
13 2 1 1 3 3 1 0 2 2 1  661    1 
13 2 0 2 2 2 1 1 3 3 1 1090    1 
13 2 0 1 1 3 0 1 2 2 1  654    1 
13 2 1 0 2 2 1 0 1 1 1 1034    1 
13 2 0 3 3 1 0 1 4 4 1  672    1 
13 2 0 0 2 2 0 0 3 3 1 1164    1 
13 2 1 3 1 1 1 0 4 4 1 1197    0 
13 2 1 1 3 3 0 0 2 2 1  788    1 
13 2 0 3 1 1 0 0 2 2 1 1212    1 
13 2 0 2 2 2 1 1 3 3 1  691    1 
13 2 0 2 2 2 1 1 3 3 1  454    1 
13 2 1 1 3 3 1 0 2 2 1  971    1 
13 2 0 1 1 3 0 1 2 2 1  667    1 
13 2 1 3 3 3 1 1 4 4 1  983    1 
13 2 1 3 1 1 1 0 4 4 1 1519   47 
13 2 0 1 1 1 1 1 2 2 1  705    1 
13 2 0 1 3 3 0 0 4 4 1  988    1 
13 2 0 0 2 2 1 0 3 3 1 1027    1 
13 2 1 2 0 0 1 0 3 1 0 1042    1 
13 2 0 3 1 1 0 0 2 2 1 2069    1 
13 2 1 1 1 1 1 1 2 2 1 2273    1 
13 2 0 0 0 2 0 1 1 1 1  758   48 
13 2 0 2 0 0 0 0 1 1 1 1278    1 
13 2 0 3 1 1 1 0 2 2 1 1163    1 
13 2 0 1 3 3 1 0 4 4 1 1164    1 
13 2 0 3 3 3 1 1 4 4 1  668    1 
13 2 1 1 3 3 0 0 2 2 1 1129    1 
13 2 0 1 3 3 1 0 4 4 1  915   46 
13 2 0 0 0 2 0 1 1 1 1  685    1 
13 2 0 2 2 0 0 1 3 3 1  641    1 
13 2 0 3 3 3 1 1 4 4 1  598    1 
13 2 0 3 1 1 0 0 2 2 1  886    1 
13 2 0 0 2 2 0 0 3 3 1  905    1 
13 2 0 3 1 1 1 0 2 2 1  892    1 
13 2 0 1 1 3 0 1 2 2 1  792   48 
13 2 0 3 3 3 1 1 4 4 1  535    1 
13 2 0 2 2 2 1 1 3 3 1  633    1 
13 2 1 1 3 3 0 0 2 2 1 1086    1 
13 2 0 1 1 3 0 1 2 2 1  650    1 
13 2 0 2 0 0 1 0 1 1 1 1022    0 
13 2 0 1 1 3 0 1 2 2 1  613    1 
13 2 0 3 1 1 1 0 2 2 1 1003    1 
13 2 0 3 3 1 0 1 4 4 1  690    1 
13 2 1 3 1 1 0 0 4 4 1 1214    1 
13 2 0 3 3 1 0 1 4 4 1  477    1 
13 2 1 2 2 0 0 1 3 3 1  649    1 
13 2 1 3 1 1 1 0 4 4 1 1462    1 
13 2 0 3 3 3 1 1 4 4 1  658    1 
13 2 0 3 1 1 0 0 2 4 0  775    1 
13 2 0 3 1 1 1 0 2 2 1  861    1 
13 2 1 1 1 3 0 1 2 2 1  666    1 
13 2 0 2 0 0 1 0 1 1 1  918    0 
13 2 1 0 0 2 0 1 1 1 1  769    1 
13 2 0 0 2 2 1 0 3 3 1 1193    0 
13 2 0 3 1 1 1 0 2 2 1  952    1 
13 2 0 1 1 1 1 1 2 2 1  705    1 
13 2 0 1 3 3 0 0 4 4 1  700    1 
13 2 0 2 0 0 1 0 1 1 1  815    1 
13 2 0 0 2 2 0 0 3 3 1  958    1 
13 2 0 2 2 2 1 1 3 3 1 1262    0 
13 2 0 2 0 0 0 0 1 1 1  867    1 
13 2 0 1 1 1 1 1 2 2 1  703    1 
13 2 0 2 2 0 0 1 3 3 1  602    0 
13 2 0 1 1 3 0 1 2 2 1  721    1 
13 2 0 3 1 1 0 0 2 2 1 1763    1 
13 2 0 0 2 2 0 0 3 3 1  900    1 
13 2 0 0 2 2 1 0 3 3 1  479    1 
13 2 0 0 2 2 0 0 3 3 1  419    1 
13 2 0 2 0 0 1 0 1 1 1  977    1 
13 2 1 3 1 1 0 0 4 4 1 1217    1 
13 2 0 3 1 1 1 0 2 2 1  959    1 
13 2 0 0 2 2 0 0 3 3 1 1016    1 
13 3 0 0 1 1 1 0 2 2 1 4616    1 
13 3 1 1 2 2 1 0 2 2 1 1783    1 
13 3 0 0 1 1 1 0 2 2 1  926    1 
13 3 0 3 3 3 1 1 4 4 1  608    1 
13 3 0 1 2 0 0 0 3 3 1  775    1 
13 3 0 2 3 1 0 0 4 4 1  855    1 
13 3 1 3 3 3 1 1 4 4 1  724    1 
13 3 1 1 2 0 0 0 2 2 1 1494    1 
13 3 0 2 2 1 0 1 3 3 1 1650    1 
13 3 0 2 2 2 1 1 3 3 1  839    1 
13 3 0 1 1 1 1 1 2 2 1  748    1 
13 3 0 2 3 1 0 0 4 4 1  902    1 
13 3 1 3 3 3 1 1 4 4 1  689    1 
13 3 0 3 3 2 0 1 4 4 1  540    1 
13 3 1 1 1 0 0 1 2 2 1  861    1 
13 3 0 3 0 2 0 0 1 1 1 1794   38 
13 3 1 1 2 0 0 0 2 3 0 2018    1 
13 3 0 0 0 3 0 1 1 1 1  790    1 
13 3 0 0 0 0 1 1 1 1 1  782    1 
13 3 0 1 1 0 0 1 2 2 1  646    1 
13 3 0 2 3 3 1 0 4 4 1 1035    1 
13 3 1 2 3 3 1 0 3 3 1 1257    1 
13 3 1 1 2 0 0 0 2 2 1 1230    1 
13 3 0 0 0 0 1 1 1 1 1  652    1 
13 3 0 2 2 1 0 1 3 3 1  625    1 
13 3 1 3 3 2 0 1 4 4 1  927    1 
13 3 0 2 2 1 0 1 3 3 1  681    1 
13 3 0 3 0 0 1 0 1 1 1 1405    1 
13 3 0 1 1 0 0 1 2 2 1  700    0 
13 3 0 0 1 1 1 0 2 2 1  999    1 
13 3 0 3 3 2 0 1 4 4 1  654    1 
13 3 0 3 3 3 1 1 4 4 1  674    1 
13 3 0 2 2 1 0 1 3 3 1  631    1 
13 3 0 1 1 0 0 1 2 2 1  645    1 
13 3 0 3 3 3 1 1 4 4 1  610    1 
13 3 0 0 1 3 0 0 2 2 1 1057    1 
13 3 0 3 0 0 1 0 1 1 1 1214    1 
13 3 1 0 0 3 0 1 1 1 1 1125    1 
13 3 1 2 3 3 1 0 3 3 1 1607   37 
13 3 0 2 3 3 1 0 4 4 1 1278    1 
13 3 0 0 1 1 1 0 2 2 1  922    1 
13 3 0 3 0 0 1 0 1 1 1 1196    1 
13 3 0 3 0 2 0 0 1 1 1  948    1 
13 3 1 0 1 1 1 0 1 1 1 1093    1 
13 3 0 1 2 0 0 0 3 3 1 1073    1 
13 3 0 1 1 1 1 1 2 2 1  853    1 
13 3 1 3 0 2 0 0 4 1 0 2106    1 
13 3 0 0 1 1 1 0 2 2 1  971    1 
13 3 0 1 1 0 0 1 2 2 1  939    1 
13 3 1 0 1 1 1 0 1 1 1 3460    1 
13 3 0 2 2 2 1 1 3 3 1  857    1 
13 3 0 1 1 1 1 1 2 2 1  790    1 
13 3 0 2 3 3 1 0 4 4 1  934    1 
13 3 0 0 1 1 1 0 2 2 1  975    1 
13 3 0 3 0 2 0 0 1 1 1 1183    1 
13 3 0 1 1 1 1 1 2 2 1  791    1 
13 3 0 3 0 0 1 0 1 1 1 2134    1 
13 3 0 1 2 2 1 0 3 3 1  976    1 
13 3 0 2 2 1 0 1 3 3 1  656    1 
13 3 0 3 3 3 1 1 4 4 1  605    1 
13 3 0 2 3 1 0 0 4 4 1  700    1 
13 3 1 2 2 1 0 1 3 3 1  671    1 
13 3 0 1 1 0 0 1 2 2 1  707    1 
13 3 0 3 0 0 1 0 1 1 1 1389    1 
13 3 0 0 0 3 0 1 1 1 1  589    1 
13 3 0 0 0 0 1 1 1 1 1  684   46 
13 3 1 1 1 1 1 1 2 2 1 1112    1 
13 3 0 3 3 3 1 1 4 4 1 1067    1 
13 3 0 2 3 1 0 0 4 3 0  647    1 
13 3 0 3 3 3 1 1 4 4 1  522    1 
13 3 0 1 1 1 1 1 2 2 1  677    1 
13 3 0 1 1 1 1 1 2 2 1  785    1 
13 3 0 2 2 2 1 1 3 3 1  816    1 
13 3 0 2 3 1 0 0 4 4 1  870    1 
13 3 0 3 3 2 0 1 4 4 1  707    1 
13 3 0 1 1 0 0 1 2 2 1  629    1 
13 3 0 3 0 2 0 0 1 1 1 1035    1 
13 3 0 3 0 0 1 0 1 1 1  785    1 
13 3 1 3 3 3 1 1 4 4 1 1008    0 
13 3 0 3 0 2 0 0 1 1 1  975    1 
13 3 0 0 1 3 0 0 2 2 1 1079    1 
13 3 0 2 3 1 0 0 4 3 0  692    1 
13 3 0 0 0 3 0 1 1 1 1  653    1 
13 3 0 0 1 3 0 0 2 2 1  938    1 
13 3 0 0 1 1 1 0 2 2 1  876    1 
13 3 0 2 2 2 1 1 3 3 1  896   46 
13 3 1 0 0 3 0 1 1 1 1 1211    1 
13 3 1 0 1 1 1 0 1 1 1  890    1 
13 3 1 2 2 2 1 1 3 3 1  797    1 
13 3 1 0 1 3 0 0 1 1 1 1373    1 
13 3 0 0 1 3 0 0 2 2 1 1445    1 
13 3 1 0 0 0 1 1 1 1 1  747   48 
13 3 0 3 0 0 1 0 1 1 1 1292    0 
13 3 0 0 1 1 1 0 2 2 1  912    1 
13 3 1 2 2 2 1 1 3 3 1  907    1 
13 3 0 1 2 0 0 0 3 3 1  781    1 
13 3 0 1 2 0 0 0 3 3 1  510    1 
13 3 0 3 3 2 0 1 4 4 1  552    1 
13 3 0 1 1 0 0 1 2 3 0  729    1 
13 3 0 0 0 0 1 1 1 1 1  697    1 
13 3 0 0 1 1 1 0 2 2 1  861    1 
13 3 0 1 1 1 1 1 2 2 1  682    0 
13 3 0 1 1 1 1 1 2 2 1  614    1 
13 3 1 2 2 2 1 1 3 3 1  861    1 
13 3 1 1 1 1 1 1 2 2 1 1161    1 
13 3 0 3 0 2 0 0 1 1 1  882    1 
13 3 0 1 1 1 1 1 2 2 1  734    1 
13 3 1 3 3 2 0 1 4 4 1  783    1 
13 3 0 2 2 2 1 1 3 3 1  727    1 
13 3 1 1 2 0 0 0 2 3 0  841    1 
13 3 0 3 3 2 0 1 4 4 1  636    1 
13 3 1 3 0 2 0 0 4 4 1 1402    1 
13 3 0 2 3 1 0 0 4 4 1 1257    0 
13 3 0 2 2 1 0 1 3 3 1  686   47 
13 3 1 3 3 2 0 1 4 4 1 1049    1 
13 3 0 0 0 3 0 1 1 1 1  734    1 
13 3 0 2 2 2 1 1 3 3 1  807    1 
13 3 0 1 2 0 0 0 3 3 1  814    1 
13 3 0 0 1 3 0 0 2 2 1  917    1 
13 3 0 2 2 1 0 1 3 3 1  727    1 
13 3 0 0 1 1 1 0 2 2 1  833    1 
13 3 0 1 2 0 0 0 3 3 1  751    1 
13 3 0 1 1 1 1 1 2 2 1  696    1 
13 3 0 1 2 2 1 0 3 3 1  603    1 
13 3 1 2 3 3 1 0 3 3 1 1114    1 
13 3 0 3 0 0 1 0 1 1 1 1589    1 
13 3 0 0 0 0 1 1 1 1 1  812    1 
13 3 1 1 2 0 0 0 2 3 0  699    1 
13 3 0 2 3 1 0 0 4 4 1 1228    1 
13 3 1 0 1 3 0 0 1 1 1 1554    1 
13 3 0 2 2 2 1 1 3 3 1  723    1 
13 3 0 2 3 3 1 0 4 4 1 1013    1 
13 3 0 0 1 3 0 0 2 2 1  908    1 
13 3 0 2 2 1 0 1 3 3 1  775    1 
13 3 0 1 2 0 0 0 3 3 1  959    1 
13 3 1 1 2 2 1 0 2 2 1 1384    1 
13 3 1 1 2 0 0 0 2 2 1 2455    1 
13 3 0 2 2 2 1 1 3 3 1  692    1 
13 3 0 3 3 2 0 1 4 4 1  656   48 
13 3 1 3 0 0 1 0 4 4 1 1501    1 
13 3 1 3 0 0 1 0 4 4 1  871   46 
13 3 0 0 0 0 1 1 1 1 1  820    1 
13 3 1 3 0 2 0 0 4 4 1 1730    1 
13 3 0 2 3 3 1 0 4 4 1  932    1 
13 3 0 1 1 1 1 1 2 2 1  766    1 
13 3 0 3 0 0 1 0 1 1 1 1414    0 
13 3 1 1 1 1 1 1 2 2 1  941    1 
13 3 0 2 3 1 0 0 4 4 1  966    1 
13 3 0 3 0 0 1 0 1 1 1 1278   38 
13 3 0 3 3 3 1 1 4 4 1  643    2 
13 3 1 3 3 2 0 1 4 4 1  704   39 
13 3 0 1 2 0 0 0 3 2 0  804    1 
13 3 0 1 1 1 1 1 2 2 1  608    1 
13 3 0 2 2 1 0 1 3 3 1 1006    1 
13 3 0 2 2 2 1 1 3 3 1  813    1 
13 3 0 3 3 3 1 1 4 4 1  596    1 
13 3 0 3 0 2 0 0 1 1 1 1276    1 
13 3 0 0 0 0 1 1 1 1 1  720    1 
13 3 1 2 3 3 1 0 3 3 1 1274    1 
13 3 0 0 1 3 0 0 2 2 1  958    1 
13 3 0 1 1 0 0 1 2 2 1  783    1 
13 3 1 3 3 2 0 1 4 4 1  622   46 
13 3 1 0 1 1 1 0 1 1 1 1045    1 
13 3 0 0 0 3 0 1 1 1 1  722    1 
13 3 0 2 2 1 0 1 3 3 1  676    1 
13 3 0 0 1 3 0 0 2 2 1 1544    1 
13 3 0 0 1 1 1 0 2 2 1 1130    1 
13 3 1 3 0 2 0 0 4 4 1 1428    1 
13 3 1 1 2 0 0 0 2 2 1 1594    1 
13 3 1 0 1 1 1 0 1 1 1 1482    1 
13 3 0 0 0 0 1 1 1 1 1  613    1 
13 3 0 1 1 0 0 1 2 2 1 1236    1 
13 3 1 1 1 1 1 1 2 2 1 1074    1 
13 3 0 0 0 3 0 1 1 1 1  678    0 
13 3 0 1 2 0 0 0 3 3 1  818    1 
13 3 0 1 2 0 0 0 3 3 1  528   48 
13 3 0 0 0 3 0 1 1 1 1  650    1 
13 3 0 0 0 0 1 1 1 1 1  591    0 
13 3 0 2 3 3 1 0 4 4 1  887    1 
13 3 0 3 0 0 1 0 1 1 1 1258    1 
13 3 0 2 2 2 1 1 3 3 1  711    1 
13 3 0 2 3 1 0 0 4 4 1  850    1 
13 3 0 2 3 1 0 0 4 4 1  439    1 
13 3 1 0 0 3 0 1 1 1 1 1044    1 
13 3 0 3 0 2 0 0 1 1 1 1050    1 
13 3 0 3 3 3 1 1 4 4 1  790    1 
13 3 0 0 1 1 1 0 2 2 1  910    1 
13 3 0 2 2 1 0 1 3 3 1  881    1 
13 3 1 2 3 1 0 0 3 4 0  741    1 
13 3 0 2 2 1 0 1 3 3 1 1172    1 
13 3 0 0 0 3 0 1 1 1 1  653    1 
13 3 0 1 2 2 1 0 3 3 1 1273    1 
13 4 0 3 3 3 1 1 4 4 1 1667    0 
13 4 1 3 3 3 1 1 4 4 1  983   46 
13 4 0 0 0 3 0 1 1 1 1  671    1 
13 4 0 1 1 0 0 1 2 2 1  691    1 
13 4 0 0 3 3 1 0 4 4 1  871    1 
13 4 1 0 3 3 1 0 1 4 0  883    1 
13 4 0 1 0 0 0 0 1 1 1 1220    1 
13 4 0 0 3 3 0 0 4 4 1  866    1 
13 4 0 1 1 0 0 1 2 2 1  839    1 
13 4 1 3 3 3 1 1 4 4 1  996    1 
13 4 1 3 3 3 1 1 4 4 1  796    1 
13 4 1 2 2 1 0 1 3 3 1 1411    1 
13 4 1 2 1 1 1 0 3 3 1 1626    1 
13 4 0 1 1 0 0 1 2 2 1  872    1 
13 4 0 3 2 2 0 0 3 3 1 1724    1 
13 4 0 1 1 0 0 1 2 2 1  695    1 
13 4 0 2 2 2 1 1 3 3 1  714    1 
13 4 1 0 3 3 0 0 1 1 1  957    1 
13 4 0 3 3 3 1 1 4 4 1  686    1 
13 4 1 3 2 2 1 0 4 4 1 1225    1 
13 4 0 2 1 1 0 0 2 2 1 1119    1 
13 4 0 1 1 0 0 1 2 2 1  602    1 
13 4 0 2 1 1 0 0 2 2 1 1000    1 
13 4 0 1 0 0 1 0 1 1 1  783    1 
13 4 0 2 2 1 0 1 3 3 1  655    1 
13 4 0 1 1 1 1 1 2 2 1  643    1 
13 4 1 1 1 1 1 1 2 2 1 1017    1 
13 4 1 2 1 1 1 0 3 3 1  719    1 
13 4 0 1 1 0 0 1 2 2 1  713    1 
13 4 0 0 0 3 0 1 1 1 1  588    1 
13 4 0 3 2 2 0 0 3 3 1  972    1 
13 4 0 3 2 2 0 0 3 3 1  636    1 
13 4 0 0 3 3 1 0 4 4 1  889    1 
13 4 0 2 1 1 1 0 2 2 1  909    1 
13 4 0 1 1 0 0 1 2 2 1  640    1 
13 4 0 1 0 0 0 0 1 1 1  805    1 
13 4 0 0 3 3 0 0 4 4 1  932    1 
13 4 0 3 2 2 0 0 3 3 1  710    1 
13 4 0 0 3 3 0 0 4 4 1  913    1 
13 4 0 2 2 1 0 1 3 3 1  588    1 
13 4 0 1 0 0 1 0 1 1 1 1107    1 
13 4 0 3 3 3 1 1 4 4 1  638    1 
13 4 0 1 1 1 1 1 2 2 1  651    1 
13 4 1 1 0 0 0 0 2 2 1  936    1 
13 4 0 0 3 3 1 0 4 1 0  666    1 
13 4 0 2 2 1 0 1 3 3 1  604    1 
13 4 0 2 1 1 0 0 2 2 1 1179    1 
13 4 0 3 3 3 1 1 4 4 1  595    1 
13 4 0 3 2 2 1 0 3 3 1  922    1 
13 4 1 2 2 2 1 1 3 3 1  989    1 
13 4 0 3 3 3 1 1 4 4 1  556    0 
13 4 1 1 1 1 1 1 2 2 1  901    1 
13 4 0 0 0 0 1 1 1 1 1  648    1 
13 4 0 3 3 3 1 1 4 4 1  605    1 
13 4 0 3 3 2 0 1 4 4 1  700    1 
13 4 0 3 3 3 1 1 4 4 1  543    0 
13 4 0 0 0 0 1 1 1 1 1  656    1 
13 4 1 3 3 3 1 1 4 4 1  789    1 
13 4 0 1 1 0 0 1 2 2 1  653    1 
13 4 0 2 2 1 0 1 3 3 1  657    1 
13 4 0 1 1 1 1 1 2 2 1  766    1 
13 4 0 1 0 0 0 0 1 1 1 1270    1 
13 4 1 3 3 3 1 1 4 4 1 1170    1 
13 4 1 0 3 3 0 0 1 1 1  699   47 
13 4 0 3 2 2 1 0 3 3 1 1317    1 
13 4 0 1 0 0 1 0 1 1 1 1008    1 
13 4 0 2 1 1 1 0 2 2 1  927    1 
13 4 0 2 1 1 1 0 2 2 1  705    1 
13 4 0 2 1 1 0 0 2 2 1  476    1 
13 4 0 3 2 2 0 0 3 3 1  856    1 
13 4 0 2 2 2 1 1 3 3 1  532    1 
13 4 0 3 2 2 1 0 3 3 1  990    1 
13 4 0 1 0 0 0 0 1 1 1  893   48 
13 4 0 1 1 1 1 1 2 2 1  737    1 
13 4 1 1 0 0 0 0 2 2 1 1130    1 
13 4 0 2 1 1 1 0 2 2 1 1077    1 
13 4 0 0 3 3 1 0 4 4 1  777    1 
13 4 1 3 3 3 1 1 4 4 1  849    1 
13 4 0 0 3 3 0 0 4 4 1 1070    1 
13 4 0 3 3 2 0 1 4 4 1  618    1 
13 4 0 0 0 3 0 1 1 1 1  719    1 
13 4 1 1 0 0 0 0 2 2 1  954    1 
13 4 1 0 0 3 0 1 1 1 1  946    1 
13 4 0 3 3 2 0 1 4 4 1  676    1 
13 4 1 2 2 1 0 1 3 3 1  664    1 
13 4 0 0 0 3 0 1 1 1 1  829    1 
13 4 0 3 2 2 0 0 3 3 1 1283    1 
13 4 1 0 0 3 0 1 1 1 1  870    1 
13 4 0 2 1 1 0 0 2 2 1 1019    1 
13 4 0 3 3 2 0 1 4 4 1  705    1 
13 4 0 0 0 3 0 1 1 1 1  692    1 
13 4 0 1 0 0 1 0 1 1 1 1255    1 
13 4 1 0 3 3 1 0 1 1 1 1164    1 
13 4 0 3 2 2 1 0 3 3 1  909    1 
13 4 1 0 0 3 0 1 1 1 1  736    1 
13 4 0 0 0 0 1 1 1 1 1  673    0 
13 4 0 1 0 0 0 0 1 1 1  997    1 
13 4 1 0 3 3 1 0 1 1 1 1053    1 
13 4 0 1 0 0 0 0 1 1 1  762   48 
13 4 0 0 3 3 1 0 4 4 1 1346    1 
13 4 1 0 0 3 0 1 1 1 1 1036    1 
13 4 1 2 2 2 1 1 3 3 1  937    0 
13 4 1 2 2 2 1 1 3 3 1  835    1 
13 4 0 3 2 2 0 0 3 3 1 1072    1 
13 4 0 1 1 1 1 1 2 2 1  733    0 
13 4 0 3 2 2 1 0 3 3 1  782    1 
13 4 0 0 3 3 1 0 4 4 1  910    1 
13 4 1 1 0 0 0 0 2 2 1 1072    1 
13 4 0 0 3 3 0 0 4 4 1 1101    1 
13 4 0 2 1 1 0 0 2 2 1 1048    1 
13 4 1 0 0 0 1 1 1 1 1 1013    1 
13 4 0 1 0 0 1 0 1 1 1  924    1 
13 4 0 1 0 0 1 0 1 1 1  494    1 
13 4 0 1 1 0 0 1 2 2 1  713   46 
13 4 0 3 2 2 0 0 3 3 1 1244    1 
13 4 0 1 1 0 0 1 2 2 1  722    1 
13 4 0 0 0 0 1 1 1 1 1  700    1 
13 4 0 3 2 2 1 0 3 3 1  791    1 
13 4 0 3 2 2 0 0 3 3 1  598    1 
13 4 1 2 1 1 1 0 3 3 1 1286    1 
13 4 1 0 3 3 0 0 1 1 1  729    1 
13 4 0 0 0 0 1 1 1 1 1  515    1 
13 4 0 1 1 1 1 1 2 2 1  678    1 
13 4 0 2 1 1 1 0 2 3 0  738    1 
13 4 0 2 1 1 1 0 2 2 1  609    1 
13 4 0 2 2 2 1 1 3 3 1  712    1 
13 4 0 2 2 2 1 1 3 3 1  907    1 
13 4 0 0 3 3 0 0 4 4 1  838    1 
13 4 0 0 3 3 1 0 4 4 1  531    1 
13 4 0 2 2 1 0 1 3 3 1  685    1 
13 4 0 2 1 1 0 0 2 2 1  977    1 
13 4 0 1 1 0 0 1 2 2 1  649    1 
13 4 0 2 2 1 0 1 3 3 1  654    1 
13 4 0 1 1 0 0 1 2 2 1  683    1 
13 4 0 2 2 2 1 1 3 3 1  590    1 
13 4 0 1 0 0 0 0 1 1 1  877    1 
13 4 0 0 0 0 1 1 1 1 1  514    1 
13 4 0 3 2 2 0 0 3 3 1  812    1 
13 4 1 0 3 3 1 0 1 1 1  939    1 
13 4 0 2 1 1 1 0 2 2 1 1821    1 
13 4 1 3 3 2 0 1 4 4 1  939    1 
13 4 0 1 1 1 1 1 2 2 1  636    1 
13 4 0 2 1 1 0 0 2 2 1 1090    1 
13 4 0 2 2 2 1 1 3 3 1  693    0 
13 4 0 2 2 1 0 1 3 3 1  529    1 
13 4 0 1 1 0 0 1 2 2 1  899   48 
13 4 0 1 0 0 1 0 1 1 1  870    1 
13 4 1 1 0 0 0 0 2 1 0  794    1 
13 4 1 2 1 1 1 0 3 3 1 1768    1 
13 4 1 2 2 2 1 1 3 3 1  992    1 
13 4 1 2 2 1 0 1 3 3 1 1263    0 
13 4 1 3 2 2 1 0 4 4 1 1204    1 
13 4 0 0 3 3 0 0 4 1 0  739    1 
13 4 0 0 3 3 1 0 4 4 1  555    1 
13 4 1 0 3 3 1 0 1 1 1 1195    1 
13 4 0 1 1 0 0 1 2 2 1  747    1 
13 4 1 0 3 3 0 0 1 1 1 1156    1 
13 4 0 2 2 1 0 1 3 3 1  685   49 
13 4 0 0 3 3 1 0 4 4 1  937    1 
13 4 0 0 3 3 0 0 4 4 1  426    1 
13 4 0 0 0 3 0 1 1 1 1  600    1 
13 4 1 0 0 0 1 1 1 1 1  847    1 
13 4 1 2 2 2 1 1 3 3 1  893   48 
13 4 0 3 2 2 1 0 3 3 1 1208    1 
13 4 0 0 0 3 0 1 1 1 1  695    1 
13 4 0 3 3 2 0 1 4 4 1  618    1 
13 4 0 3 3 2 0 1 4 4 1  481    1 
13 4 0 2 2 2 1 1 3 3 1  589    1 
13 4 0 2 1 1 1 0 2 2 1  740    1 
13 4 0 0 3 3 1 0 4 4 1  774   48 
13 4 0 3 3 2 0 1 4 4 1  534    1 
13 4 0 2 2 1 0 1 3 3 1  623    1 
13 4 1 3 2 2 0 0 4 4 1  965    1 
13 4 0 3 2 2 1 0 3 3 1 1166    1 
13 4 0 3 2 2 0 0 3 3 1  798    1 
13 4 0 2 2 1 0 1 3 3 1  693    1 
13 4 0 3 3 3 1 1 4 4 1  609   47 
13 4 0 2 1 1 0 0 2 2 1  936    1 
13 4 1 2 1 1 1 0 3 3 1 1289    1 
13 4 0 3 2 2 0 0 3 3 1 1125    1 
13 4 0 1 1 1 1 1 2 2 1  743    1 
13 4 0 2 1 1 1 0 2 2 1 1408    1 
13 4 0 1 1 1 1 1 2 2 1  615    1 
13 4 1 1 1 1 1 1 2 2 1  990    1 
13 4 0 1 0 0 1 0 1 1 1  877    1 
13 4 0 1 1 1 1 1 2 2 1  786    1 
13 4 1 3 2 2 0 0 4 4 1 2665    1 
13 4 1 3 3 2 0 1 4 4 1  701    1 
13 4 0 3 3 3 1 1 4 4 1  728    1 
13 4 0 0 3 3 0 0 4 1 0  666    1 
13 4 0 0 3 3 1 0 4 4 1  900    1 
13 4 0 1 1 0 0 1 2 2 1  775    1 
