10 1 0 2 3 1 0 0 4 4 1 1834    1 
10 1 0 0 0 3 0 1 1 1 1 2936    1 
10 1 1 0 0 0 1 1 1 1 1 1178    1 
10 1 1 3 3 2 0 1 4 4 1 1762    1 
10 1 0 2 2 2 1 1 3 3 1  971    1 
10 1 0 1 1 0 0 1 2 2 1  907    1 
10 1 0 2 2 2 1 1 3 3 1  798    1 
10 1 0 0 1 3 0 0 2 2 1  997    1 
10 1 1 1 1 1 1 1 2 2 1 1125    1 
10 1 0 0 0 0 1 1 1 1 1  679    1 
10 1 0 2 2 2 1 1 3 3 1  611    1 
10 1 0 2 3 3 1 0 4 4 1  754    0 
10 1 0 0 1 1 1 0 2 2 1  619    1 
10 1 0 2 3 1 0 0 4 4 1  977    1 
10 1 0 1 2 2 1 0 3 3 1  769    1 
10 1 0 0 1 3 0 0 2 2 1  897    1 
10 1 0 3 3 2 0 1 4 4 1  661    1 
10 1 1 1 1 0 0 1 2 2 1 1330    1 
10 1 1 2 2 1 0 1 3 3 1 1092    1 
10 1 0 1 1 1 1 1 2 2 1  863    1 
10 1 0 0 1 3 0 0 2 2 1 1996    1 
10 1 0 3 3 2 0 1 4 3 0  604    1 
10 1 0 1 1 1 1 1 2 2 1 1096    1 
10 1 0 1 1 1 1 1 2 2 1  676    1 
10 1 0 3 3 3 1 1 4 4 1  808    1 
10 1 0 2 2 1 0 1 3 3 1 1279    1 
10 1 1 2 3 3 1 0 3 3 1 3027    0 
10 1 1 1 1 0 0 1 2 2 1 1634    1 
10 1 0 1 2 0 0 0 3 3 1 1615    1 
10 1 0 0 1 1 1 0 2 2 1 1693    1 
10 1 1 1 2 0 0 0 2 2 1 1529    1 
10 1 0 3 0 2 0 0 1 1 1 1579    1 
10 1 0 3 0 2 0 0 1 1 1  611    1 
10 1 0 1 1 0 0 1 2 2 1  722    1 
10 1 1 3 0 2 0 0 4 4 1 1452    1 
10 1 0 1 1 0 0 1 2 2 1  809    1 
10 1 1 2 3 1 0 0 3 3 1  984    1 
10 1 0 3 3 3 1 1 4 4 1  671    1 
10 1 0 1 1 1 1 1 2 2 1  644    1 
10 1 0 1 1 0 0 1 2 2 1  697    1 
10 1 0 0 1 3 0 0 2 2 1 1037    0 
10 1 1 3 3 3 1 1 4 4 1  898    1 
10 1 0 0 0 3 0 1 1 1 1  670    1 
10 1 0 0 0 0 1 1 1 1 1  666    1 
10 1 0 2 2 1 0 1 3 3 1  694    1 
10 1 1 1 2 0 0 0 2 2 1 1553    1 
10 1 0 2 3 3 1 0 4 4 1 1418    1 
10 1 0 1 1 0 0 1 2 2 1 1432    1 
10 1 0 2 3 3 1 0 4 4 1 1118    0 
10 1 0 0 1 3 0 0 2 1 0 1008    1 
10 1 0 3 3 3 1 1 4 4 1 1061    1 
10 1 0 2 2 1 0 1 3 3 1  858    1 
10 1 0 1 2 0 0 0 3 3 1 3215    1 
10 1 0 1 1 1 1 1 2 2 1  678    1 
10 1 0 2 3 1 0 0 4 4 1  834    1 
10 1 0 0 1 3 0 0 2 2 1  623    1 
10 1 0 2 3 1 0 0 4 4 1  757    1 
10 1 0 0 1 1 1 0 2 2 1  734    0 
10 1 0 3 3 2 0 1 4 4 1  784   79 
10 1 0 0 0 0 1 1 1 1 1  751    1 
10 1 0 2 3 1 0 0 4 4 1  904    1 
10 1 1 0 1 1 1 0 1 1 1 1651    0 
10 1 0 3 0 2 0 0 1 4 0 1456    1 
10 1 0 2 3 3 1 0 4 4 1  795  233 
10 1 1 1 1 1 1 1 2 2 1 2266    1 
10 1 0 1 1 1 1 1 2 2 1  742    1 
10 1 1 3 3 3 1 1 4 4 1 1384    1 
10 1 0 1 2 2 1 0 3 3 1 1383    1 
10 1 0 1 2 0 0 0 3 3 1 1463    1 
10 1 0 2 2 2 1 1 3 4 0  924   35 
10 1 0 0 0 3 0 1 1 1 1 1124    1 
10 1 1 1 1 1 1 1 2 2 1 1566    1 
10 1 0 3 0 2 0 0 1 1 1 1478    0 
10 1 0 0 0 0 1 1 1 1 1  731    1 
10 1 0 0 1 1 1 0 2 2 1 1357    1 
10 1 0 2 2 2 1 1 3 3 1  966    1 
10 1 1 0 0 0 1 1 1 1 1 1638    1 
10 1 0 0 0 0 1 1 1 1 1 1003    1 
10 1 0 0 1 3 0 0 2 2 1 1122    1 
10 1 0 3 3 3 1 1 4 4 1  916    1 
10 1 0 3 0 2 0 0 1 1 1 1135    1 
10 1 0 3 0 2 0 0 1 1 1  752    0 
10 1 0 0 1 1 1 0 2 2 1  833    1 
10 1 1 3 0 2 0 0 4 4 1 1870    1 
10 1 0 1 2 2 1 0 3 2 0 1515    1 
10 1 0 0 1 1 1 0 2 2 1 1339    1 
10 1 0 0 1 3 0 0 2 2 1  748    1 
10 1 1 0 0 3 0 1 1 1 1 1286    0 
10 1 0 0 0 3 0 1 1 2 0 2041    1 
10 1 1 0 1 1 1 0 1 1 1  989    1 
10 1 0 3 0 0 1 0 1 4 0  965    1 
10 1 0 0 1 3 0 0 2 2 1  787    1 
10 1 0 0 0 3 0 1 1 1 1  850    0 
10 1 1 2 3 3 1 0 3 3 1 1367    1 
10 1 0 3 0 0 1 0 1 1 1  951    1 
10 1 0 2 2 1 0 1 3 3 1  800    0 
10 1 0 3 0 0 1 0 1 1 1 1303    0 
10 1 0 1 1 1 1 1 2 2 1  794    1 
10 1 1 2 3 3 1 0 3 3 1 1121    1 
10 1 0 2 3 3 1 0 4 4 1 1003    0 
10 1 1 1 2 2 1 0 2 2 1 2338    0 
10 1 0 2 2 1 0 1 3 3 1 1156    1 
10 1 0 0 1 3 0 0 2 2 1  701    1 
10 1 0 3 0 0 1 0 1 1 1 1344    1 
10 1 1 2 3 1 0 0 3 3 1 1313    1 
10 1 0 3 3 2 0 1 4 4 1 1060    1 
10 1 0 1 2 2 1 0 3 3 1 1881    1 
10 1 1 3 3 2 0 1 4 4 1 1621    1 
10 1 1 0 0 3 0 1 1 1 1 1219    1 
10 1 0 3 3 3 1 1 4 4 1 1330    1 
10 1 1 1 1 1 1 1 2 2 1 1868    1 
10 1 1 2 2 1 0 1 3 3 1 2656    1 
10 1 0 1 2 2 1 0 3 3 1  981    1 
10 1 0 1 1 0 0 1 2 2 1  925    0 
10 1 0 2 2 2 1 1 3 3 1  855    1 
10 1 1 1 1 1 1 1 2 3 0 2668    1 
10 1 0 1 2 2 1 0 3 3 1  878    1 
10 1 0 2 2 1 0 1 3 3 1  859    1 
10 1 1 3 0 2 0 0 4 4 1 1551    1 
10 1 0 2 2 2 1 1 3 3 1 1168    1 
10 1 1 1 1 0 0 1 2 2 1 1304    0 
10 1 0 3 0 2 0 0 1 4 0 2283    1 
10 1 1 0 1 3 0 0 1 1 1 1381    1 
10 1 1 3 0 2 0 0 4 4 1 1621    1 
10 1 0 2 3 1 0 0 4 4 1 1163    1 
10 1 0 3 0 2 0 0 1 1 1 1404    1 
10 1 1 1 2 2 1 0 2 2 1 1075    1 
10 1 0 3 3 3 1 1 4 4 1  799    1 
10 1 0 3 3 2 0 1 4 4 1  847    1 
10 1 0 2 2 2 1 1 3 3 1 1268    1 
10 1 0 3 0 0 1 0 1 1 1 3592    1 
10 1 0 3 3 3 1 1 4 4 1  903    1 
10 1 0 0 0 0 1 1 1 1 1  706    1 
10 1 1 2 3 1 0 0 3 3 1 2925    1 
10 1 0 2 3 3 1 0 4 4 1  896    1 
10 1 0 3 3 3 1 1 4 4 1 1051    1 
10 1 1 3 0 2 0 0 4 1 0 2280    1 
10 1 0 2 3 3 1 0 4 4 1 1266    1 
10 1 0 3 0 2 0 0 1 1 1  950    1 
10 1 1 0 1 1 1 0 1 1 1 1183    1 
10 1 0 0 1 3 0 0 2 1 0  887    1 
10 1 0 1 2 0 0 0 3 3 1 1496    1 
10 1 0 1 2 2 1 0 3 3 1 1260    1 
10 1 0 3 3 2 0 1 4 4 1  817    1 
10 1 0 0 1 3 0 0 2 2 1 2719    1 
10 1 0 1 2 0 0 0 3 3 1 1665    1 
10 1 1 2 3 1 0 0 3 3 1 1933    1 
10 1 0 1 1 1 1 1 2 2 1 1375    1 
10 1 0 1 1 1 1 1 2 2 1  695    1 
10 1 0 2 2 2 1 1 3 3 1 1107    1 
10 1 1 1 2 2 1 0 2 3 0 2261   50 
10 1 0 0 1 1 1 0 2 2 1  864    1 
10 1 1 3 0 2 0 0 4 4 1 1357    1 
10 1 0 1 2 2 1 0 3 3 1 1278    1 
10 1 0 2 2 1 0 1 3 3 1  970    1 
10 1 0 2 3 3 1 0 4 4 1 1370    1 
10 1 0 3 0 0 1 0 1 1 1  915    1 
10 1 0 1 1 1 1 1 2 2 1  877    1 
10 1 0 2 2 2 1 1 3 3 1  690    1 
10 1 0 0 0 0 1 1 1 1 1  677    1 
10 1 0 2 3 3 1 0 4 4 1 1137    1 
10 1 1 3 3 3 1 1 4 4 1 1387    1 
10 1 0 3 3 2 0 1 4 4 1  786    1 
10 1 0 1 2 2 1 0 3 3 1  922    1 
10 1 0 2 2 2 1 1 3 3 1  740    1 
10 1 1 3 3 2 0 1 4 4 1 1301    1 
10 1 0 3 3 2 0 1 4 4 1  704    0 
10 1 1 2 3 1 0 0 3 3 1 1811    1 
10 1 0 3 3 2 0 1 4 4 1  970    1 
10 1 1 1 1 0 0 1 2 2 1 1154    1 
10 1 0 1 1 0 0 1 2 2 1  859    1 
10 1 0 3 3 3 1 1 4 4 1  616    1 
10 1 0 2 2 1 0 1 3 3 1  638    1 
10 1 0 2 2 2 1 1 3 3 1  675    1 
10 1 0 0 1 3 0 0 2 2 1  944   35 
10 1 0 1 2 2 1 0 3 3 1  729    1 
10 1 0 1 1 0 0 1 2 2 1  707    1 
10 1 0 3 3 3 1 1 4 4 1  566    1 
10 1 1 0 1 3 0 0 1 1 1 1102    1 
10 1 0 1 1 0 0 1 2 2 1  801    1 
10 1 0 2 3 1 0 0 4 4 1  592    1 
10 1 0 0 1 3 0 0 2 2 1  791   47 
10 1 0 0 0 3 0 1 1 1 1  679    1 
10 1 0 3 0 0 1 0 1 1 1  699    0 
10 1 1 0 1 1 1 0 1 1 1 1030    1 
10 1 0 3 3 3 1 1 4 4 1  612   12 
10 1 1 2 3 1 0 0 3 3 1 1603   93 
10 1 0 0 1 3 0 0 2 2 1  746    1 
10 1 0 2 3 3 1 0 4 4 1  579    1 
10 1 0 0 0 3 0 1 1 2 0  651    1 
10 1 0 0 0 0 1 1 1 1 1  662    0 
10 1 1 0 0 0 1 1 1 1 1 1539    1 
10 2 0 2 2 2 1 1 3 3 1 2760    0 
10 2 0 3 1 1 1 0 2 2 1  929    1 
10 2 0 3 3 0 0 1 4 4 1  899    1 
10 2 0 0 2 2 1 0 3 3 1  862    1 
10 2 0 2 2 3 0 1 3 3 1  603    1 
10 2 0 1 3 2 0 0 4 4 1  746    1 
10 2 0 1 3 2 0 0 4 4 1 1035    0 
10 2 1 2 2 3 0 1 3 4 0 1017    1 
10 2 0 3 3 0 0 1 4 4 1 1029    1 
10 2 1 1 1 1 1 1 2 2 1 1275    1 
10 2 0 1 1 1 1 1 2 2 1  583    1 
10 2 0 1 1 2 0 1 2 2 1  695    1 
10 2 0 1 1 2 0 1 2 2 1  554    1 
10 2 0 1 1 1 1 1 2 2 1  475    1 
10 2 0 0 0 0 1 1 1 1 1  575    1 
10 2 0 0 2 1 0 0 3 3 1 1079    1 
10 2 0 2 2 2 1 1 3 3 1  587    1 
10 2 0 2 2 3 0 1 3 3 1  555    1 
10 2 0 2 0 3 0 0 1 1 1  692    1 
10 2 0 3 1 0 0 0 2 2 1 1015    1 
10 2 1 3 1 0 0 0 4 4 1 1149    1 
10 2 1 2 0 3 0 0 3 3 1  854   48 
10 2 0 2 2 3 0 1 3 3 1  715    1 
10 2 0 0 2 2 1 0 3 3 1 1142    1 
10 2 0 0 2 2 1 0 3 3 1  607    1 
10 2 1 3 1 0 0 0 4 4 1 1510    1 
10 2 0 0 0 1 0 1 1 1 1  841    1 
10 2 1 1 3 3 1 0 2 2 1 1215    1 
10 2 0 1 1 1 1 1 2 2 1  589    1 
10 2 0 3 1 0 0 0 2 2 1  757    1 
10 2 0 3 3 3 1 1 4 4 1  558    1 
10 2 0 2 2 3 0 1 3 4 0  615    1 
10 2 1 1 3 2 0 0 2 2 1 1267   40 
10 2 0 2 2 3 0 1 3 3 1  695    1 
10 2 1 0 0 0 1 1 1 1 1  738    1 
10 2 0 2 0 0 1 0 1 1 1 2076    0 
10 2 1 0 0 0 1 1 1 1 1  872    1 
10 2 1 0 0 0 1 1 1 1 1  668    1 
10 2 0 2 0 0 1 0 1 1 1 1152    1 
10 2 0 3 1 1 1 0 2 2 1  673    1 
10 2 1 3 1 0 0 0 4 4 1 1829    1 
10 2 0 0 0 1 0 1 1 1 1 1516    1 
10 2 0 0 2 2 1 0 3 3 1  870    1 
10 2 1 0 0 1 0 1 1 1 1 1010    1 
10 2 0 3 3 0 0 1 4 4 1  721    1 
10 2 0 1 1 2 0 1 2 2 1  787    1 
10 2 1 1 3 2 0 0 2 2 1 1282   47 
10 2 0 3 3 3 1 1 4 4 1  694    1 
10 2 0 2 2 3 0 1 3 3 1  858    1 
10 2 1 2 0 3 0 0 3 3 1 1134    1 
10 2 0 0 0 0 1 1 1 1 1  800    1 
10 2 1 3 1 0 0 0 4 4 1 1439    1 
10 2 0 0 2 1 0 0 3 3 1 1148    1 
10 2 0 1 1 2 0 1 2 2 1 1070    1 
10 2 0 1 3 3 1 0 4 4 1  770    1 
10 2 0 2 0 3 0 0 1 1 1 1402    1 
10 2 0 1 3 2 0 0 4 4 1 1353   40 
10 2 1 3 3 3 1 1 4 4 1 1034    1 
10 2 0 1 3 3 1 0 4 4 1 1639    1 
10 2 0 0 0 0 1 1 1 1 1  653    1 
10 2 0 1 1 2 0 1 2 2 1 1298    1 
10 2 1 0 0 0 1 1 1 1 1 2557    1 
10 2 0 2 2 3 0 1 3 3 1  782    1 
10 2 0 1 3 2 0 0 4 4 1 1142   50 
10 2 0 3 3 0 0 1 4 4 1 1391    1 
10 2 0 1 1 1 1 1 2 2 1  903    1 
10 2 0 2 2 3 0 1 3 3 1 2026    1 
10 2 0 3 1 0 0 0 2 2 1 1392    1 
10 2 0 0 2 2 1 0 3 3 1 2319    1 
10 2 1 1 3 3 1 0 2 3 0 1650    1 
10 2 1 3 3 0 0 1 4 4 1 1221    1 
10 2 0 0 0 1 0 1 1 2 0  739    1 
10 2 0 3 1 0 0 0 2 2 1 1282    1 
10 2 1 0 0 0 1 1 1 1 1 1430    1 
10 2 0 3 1 1 1 0 2 2 1  956    1 
10 2 0 2 0 0 1 0 1 1 1 1213    1 
10 2 0 0 2 1 0 0 3 3 1 1404    1 
10 2 0 3 3 3 1 1 4 4 1  907    0 
10 2 0 2 2 2 1 1 3 4 0 1893    1 
10 2 1 0 2 1 0 0 1 1 1 1207    1 
10 2 0 0 2 1 0 0 3 3 1 1494    1 
10 2 0 2 0 3 0 0 1 1 1 1169    0 
10 2 0 3 1 0 0 0 2 2 1 1242    1 
10 2 0 2 0 3 0 0 1 1 1 1567    1 
10 2 0 0 2 1 0 0 3 3 1 1047    1 
10 2 0 1 1 1 1 1 2 2 1 1461    1 
10 2 0 0 0 0 1 1 1 1 1 1258    1 
10 2 0 3 1 1 1 0 2 2 1 2390    1 
10 2 1 1 3 3 1 0 2 2 1 2710    1 
10 2 0 3 3 3 1 1 4 4 1  705    1 
10 2 0 0 0 0 1 1 1 1 1  620    1 
10 2 0 3 3 0 0 1 4 4 1  882    1 
10 2 1 0 2 1 0 0 1 1 1 1134    1 
10 2 0 3 1 0 0 0 2 2 1  919    1 
10 2 1 0 0 0 1 1 1 1 1 1081    1 
10 2 0 1 3 2 0 0 4 4 1 1325    1 
10 2 0 3 1 1 1 0 2 2 1 1160    1 
10 2 0 2 0 0 1 0 1 1 1 1256    1 
10 2 0 2 0 0 1 0 1 1 1  701    1 
10 2 0 3 3 3 1 1 4 4 1  656    1 
10 2 0 2 2 3 0 1 3 4 0  773    1 
10 2 1 3 1 1 1 0 4 4 1 1091    1 
10 2 0 2 2 3 0 1 3 3 1  983    1 
10 2 1 2 0 3 0 0 3 3 1 2502    1 
10 2 1 0 2 1 0 0 1 1 1 1289    1 
10 2 0 0 0 1 0 1 1 1 1 3485    1 
10 2 0 0 2 1 0 0 3 3 1  848    1 
10 2 0 2 0 3 0 0 1 1 1  846    1 
10 2 1 0 2 2 1 0 1 1 1  995    1 
10 2 1 2 2 2 1 1 3 3 1 1107    1 
10 2 0 1 1 1 1 1 2 2 1  702    1 
10 2 0 3 1 1 1 0 2 2 1 1193    1 
10 2 1 3 3 0 0 1 4 2 0 1976    1 
10 2 1 1 1 1 1 1 2 2 1  982    1 
10 2 1 1 3 3 1 0 2 2 1 1094    1 
10 2 1 1 1 1 1 1 2 2 1  961    1 
10 2 1 0 2 1 0 0 1 1 1  834    1 
10 2 0 2 2 2 1 1 3 3 1  776    1 
10 2 0 0 0 0 1 1 1 1 1  656    1 
10 2 0 1 1 1 1 1 2 2 1  717    1 
10 2 1 0 2 1 0 0 1 1 1 1095    0 
10 2 0 0 2 2 1 0 3 1 0  834    1 
10 2 0 1 3 2 0 0 4 4 1  886    1 
10 2 1 0 2 2 1 0 1 1 1  881    1 
10 2 0 1 1 1 1 1 2 2 1  773    1 
10 2 0 3 3 0 0 1 4 3 0  758    1 
10 2 1 3 1 1 1 0 4 1 0 3052    1 
10 2 1 0 0 0 1 1 1 1 1  967    1 
10 2 1 2 0 0 1 0 3 3 1 1152    1 
10 2 0 3 1 1 1 0 2 2 1 1969    1 
10 2 0 1 3 2 0 0 4 4 1 1449    1 
10 2 0 2 0 3 0 0 1 1 1 1006    1 
10 2 0 0 2 1 0 0 3 3 1 1132    1 
10 2 0 1 3 3 1 0 4 4 1 2006    1 
10 2 0 1 1 1 1 1 2 2 1 1229    1 
10 2 0 3 1 0 0 0 2 3 0 1947    1 
10 2 0 2 2 2 1 1 3 3 1  635    1 
10 2 0 1 3 3 1 0 4 4 1  680    1 
10 2 1 1 1 2 0 1 2 2 1 1245    1 
10 2 0 1 1 2 0 1 2 2 1 1418    1 
10 2 0 1 3 3 1 0 4 4 1  808    1 
10 2 0 1 1 1 1 1 2 2 1  911    1 
10 2 0 2 0 0 1 0 1 1 1  802    1 
10 2 1 2 0 0 1 0 3 1 0 1041    1 
10 2 0 1 3 3 1 0 4 4 1  676    1 
10 2 0 1 1 1 1 1 2 2 1  760    1 
10 2 0 3 3 0 0 1 4 4 1  937    1 
10 2 0 1 1 1 1 1 2 2 1  755    1 
10 2 0 2 0 0 1 0 1 1 1  947    1 
10 2 0 3 3 0 0 1 4 4 1  901    1 
10 2 1 2 2 2 1 1 3 3 1 1480    1 
10 2 0 2 2 2 1 1 3 3 1  660    1 
10 2 0 3 1 0 0 0 2 2 1  793    0 
10 2 0 1 1 1 1 1 2 2 1 1112    1 
10 2 1 0 0 1 0 1 1 1 1 1347    1 
10 2 1 3 3 3 1 1 4 4 1 1341    1 
10 2 0 3 1 0 0 0 2 2 1 1254    1 
10 2 0 0 2 1 0 0 3 3 1  955    1 
10 2 0 1 3 3 1 0 4 4 1  812    1 
10 2 0 1 1 1 1 1 2 1 0  867    1 
10 2 0 0 2 2 1 0 3 3 1 1021    1 
10 2 0 3 1 0 0 0 2 2 1  747    1 
10 2 0 3 3 0 0 1 4 4 1  908    1 
10 2 0 2 0 3 0 0 1 1 1 1895    1 
10 2 0 3 3 3 1 1 4 4 1  675    1 
10 2 0 2 2 2 1 1 3 3 1  759    1 
10 2 0 3 3 0 0 1 4 4 1  992    1 
10 2 0 1 3 3 1 0 4 4 1  847    1 
10 2 0 2 2 2 1 1 3 3 1  773    1 
10 2 0 1 1 2 0 1 2 2 1  893    1 
10 2 0 0 2 1 0 0 3 3 1 1208    1 
10 2 0 3 3 3 1 1 4 4 1  743    1 
10 2 0 2 2 3 0 1 3 3 1  849    1 
10 2 1 2 2 3 0 1 3 3 1 1190    1 
10 2 0 0 0 1 0 1 1 1 1  717    1 
10 2 0 0 0 0 1 1 1 1 1  719    1 
10 2 1 2 0 3 0 0 3 3 1 1489    1 
10 2 0 3 3 3 1 1 4 4 1 1269    1 
10 2 1 0 0 1 0 1 1 1 1 1065    0 
10 2 0 2 2 2 1 1 3 3 1  749    1 
10 2 0 2 0 3 0 0 1 1 1  870    1 
10 2 0 1 3 2 0 0 4 4 1  778    1 
10 2 0 3 1 0 0 0 2 2 1  826    1 
10 2 0 1 3 2 0 0 4 4 1  769    1 
10 2 0 2 0 3 0 0 1 1 1 1225    1 
10 2 0 3 1 0 0 0 2 1 0  911    1 
10 2 0 0 2 2 1 0 3 3 1 1264    1 
10 2 0 2 2 2 1 1 3 3 1  765    1 
10 2 0 3 3 3 1 1 4 4 1  629    1 
10 2 0 0 2 2 1 0 3 3 1 1500    1 
10 2 0 2 0 3 0 0 1 1 1  830    1 
10 2 1 0 0 0 1 1 1 1 1 1069   48 
10 3 1 0 0 3 0 1 1 1 1 1921    1 
10 3 0 3 0 0 1 0 1 1 1 1363    1 
10 3 0 1 1 0 0 1 2 2 1 1068    1 
10 3 0 0 1 1 1 0 2 2 1  744    1 
10 3 0 2 2 2 1 1 3 3 1  705    1 
10 3 1 0 1 1 1 0 1 1 1 1068    1 
10 3 1 1 1 1 1 1 2 2 1 1056    1 
10 3 0 0 0 3 0 1 1 1 1  669    1 
10 3 1 2 3 3 1 0 3 3 1 1097    1 
10 3 0 1 1 1 1 1 2 2 1  685    1 
10 3 0 2 3 1 0 0 4 4 1  944    1 
10 3 0 2 3 3 1 0 4 4 1 1194    1 
10 3 0 1 2 2 1 0 3 3 1 1169    1 
10 3 1 2 2 1 0 1 3 3 1 1090    1 
10 3 0 0 1 1 1 0 2 2 1  885    1 
10 3 0 3 0 0 1 0 1 1 1  713    1 
10 3 0 1 1 1 1 1 2 3 0  891    1 
10 3 1 1 1 0 0 1 2 2 1 1221    1 
10 3 0 3 0 0 1 0 1 1 1 1971    1 
10 3 0 3 0 0 1 0 1 1 1  651    1 
10 3 0 2 2 2 1 1 3 3 1  728    1 
10 3 0 0 0 0 1 1 1 2 0  954    1 
10 3 1 1 2 0 0 0 2 2 1 1369    0 
10 3 0 2 3 1 0 0 4 4 1 1153    1 
10 3 1 0 0 3 0 1 1 1 1  930    1 
10 3 0 0 0 3 0 1 1 1 1 1092    1 
10 3 0 3 0 0 1 0 1 1 1 1248    1 
10 3 0 3 3 3 1 1 4 4 1  654    1 
10 3 0 3 0 0 1 0 1 1 1  762    1 
10 3 1 1 2 0 0 0 2 2 1 1027    1 
10 3 1 3 3 2 0 1 4 4 1 1985    1 
10 3 0 2 3 1 0 0 4 4 1 1001    1 
10 3 0 3 3 2 0 1 4 4 1  592    1 
10 3 0 0 1 1 1 0 2 2 1  727    1 
10 3 1 1 2 0 0 0 2 2 1 1073    0 
10 3 1 0 0 3 0 1 1 1 1  821    1 
10 3 0 1 2 2 1 0 3 3 1 1156    1 
10 3 0 2 2 1 0 1 3 3 1  645    1 
10 3 1 0 0 3 0 1 1 1 1  858    0 
10 3 0 3 3 2 0 1 4 4 1  639    1 
10 3 0 3 3 3 1 1 4 4 1  604    1 
10 3 1 0 1 1 1 0 1 1 1  651    1 
10 3 1 1 1 0 0 1 2 2 1 1552    1 
10 3 0 1 1 0 0 1 2 2 1  697    1 
10 3 1 0 0 3 0 1 1 1 1  548    1 
10 3 0 2 3 1 0 0 4 4 1  750    1 
10 3 0 2 2 2 1 1 3 3 1  767    1 
10 3 1 3 3 3 1 1 4 4 1  727    1 
10 3 0 0 1 1 1 0 2 2 1 1009    1 
10 3 0 3 3 3 1 1 4 4 1  568    1 
10 3 0 0 1 1 1 0 2 2 1  680    1 
10 3 0 2 2 2 1 1 3 3 1  564    1 
10 3 1 3 0 2 0 0 4 4 1 1253    1 
10 3 0 3 0 0 1 0 1 1 1  898    1 
10 3 0 2 3 1 0 0 4 4 1 1189    1 
10 3 1 1 2 0 0 0 2 3 0 1309   48 
10 3 0 0 0 0 1 1 1 1 1  637    1 
10 3 0 1 2 0 0 0 3 4 0 1003    1 
10 3 0 3 0 2 0 0 1 4 0  896    1 
10 3 0 2 3 1 0 0 4 4 1  585    1 
10 3 0 2 2 2 1 1 3 3 1  681    1 
10 3 0 1 2 2 1 0 3 3 1  829    1 
10 3 0 0 1 3 0 0 2 2 1  819    1 
10 3 0 0 0 0 1 1 1 1 1  729    1 
10 3 0 1 1 0 0 1 2 2 1  963    1 
10 3 0 3 0 0 1 0 1 4 0 1621    1 
10 3 0 1 2 2 1 0 3 3 1  809    1 
10 3 0 0 0 3 0 1 1 1 1  879    1 
10 3 1 1 2 0 0 0 2 2 1 1156    1 
10 3 1 0 0 0 1 1 1 1 1  628    1 
10 3 0 3 3 3 1 1 4 4 1  571    1 
10 3 0 1 2 0 0 0 3 3 1  907    1 
10 3 0 3 0 0 1 0 1 1 1  757    1 
10 3 0 2 2 1 0 1 3 3 1 3142    1 
10 3 0 1 2 2 1 0 3 3 1 1144    1 
10 3 1 3 0 0 1 0 4 4 1 1153   48 
10 3 0 3 0 2 0 0 1 1 1 1242    1 
10 3 0 1 1 1 1 1 2 2 1  696    1 
10 3 0 0 1 1 1 0 2 2 1  907    1 
10 3 0 1 2 2 1 0 3 4 0 1438    1 
10 3 0 1 1 1 1 1 2 2 1 1426    1 
10 3 1 1 1 0 0 1 2 2 1 1144    1 
10 3 1 3 3 2 0 1 4 4 1  849    1 
10 3 0 0 0 3 0 1 1 2 0  710    1 
10 3 0 3 0 0 1 0 1 1 1  703    1 
10 3 0 1 2 0 0 0 3 3 1  826  124 
10 3 0 3 3 3 1 1 4 4 1  816    1 
10 3 0 3 3 2 0 1 4 1 0 2302    1 
10 3 0 2 3 3 1 0 4 4 1 1015    1 
10 3 1 1 2 0 0 0 2 2 1 1053    1 
10 3 1 1 2 2 1 0 2 2 1  842    0 
10 3 0 0 0 3 0 1 1 1 1  616    1 
10 3 1 1 2 2 1 0 2 2 1 1126    1 
10 3 0 2 3 1 0 0 4 4 1  632    1 
10 3 0 2 2 1 0 1 3 3 1  734    1 
10 3 0 2 3 3 1 0 4 4 1  799   87 
10 3 0 3 0 2 0 0 1 4 0  742    1 
10 3 1 1 1 1 1 1 2 2 1 1093    1 
10 3 0 1 1 0 0 1 2 2 1  809    1 
10 3 1 1 2 2 1 0 2 2 1 1216    1 
10 3 1 3 3 2 0 1 4 4 1 1086    1 
10 3 0 0 1 3 0 0 2 2 1 1337    1 
10 3 0 3 0 0 1 0 1 1 1 1531    1 
10 3 1 3 0 0 1 0 4 4 1 1285    1 
10 3 0 0 0 3 0 1 1 1 1  849    1 
10 3 0 2 2 2 1 1 3 3 1  821    1 
10 3 1 1 2 0 0 0 2 2 1 1404    1 
10 3 0 2 2 1 0 1 3 4 0 2370   51 
10 3 0 0 0 3 0 1 1 1 1 1569    1 
10 3 0 0 0 3 0 1 1 1 1  657    1 
10 3 0 2 3 1 0 0 4 4 1 1446    1 
10 3 0 2 3 3 1 0 4 4 1 1459    1 
10 3 0 2 3 1 0 0 4 4 1 1704    1 
10 3 0 3 0 2 0 0 1 1 1  819    1 
10 3 0 3 0 2 0 0 1 1 1 1001    1 
10 3 0 0 1 1 1 0 2 2 1  856    1 
10 3 1 0 0 3 0 1 1 1 1 1277    1 
10 3 0 1 1 1 1 1 2 2 1 1393    1 
10 3 1 2 2 1 0 1 3 3 1 1513    1 
10 3 0 2 3 1 0 0 4 4 1 1308    1 
10 3 1 0 1 1 1 0 1 1 1 1894    1 
10 3 0 0 1 3 0 0 2 2 1 1906    1 
10 3 0 2 3 3 1 0 4 4 1 1733    1 
10 3 0 3 3 3 1 1 4 4 1 2935    1 
10 3 0 0 0 3 0 1 1 1 1  608    1 
10 3 0 2 2 2 1 1 3 3 1  647    1 
10 3 0 3 3 2 0 1 4 4 1  580    1 
10 3 0 2 3 3 1 0 4 4 1  805    1 
10 3 0 1 2 2 1 0 3 3 1  707    1 
10 3 0 1 1 0 0 1 2 2 1  614    1 
10 3 0 0 0 3 0 1 1 1 1  589    1 
10 3 0 0 1 1 1 0 2 2 1  701    1 
10 3 0 3 3 3 1 1 4 4 1  511    1 
10 3 0 2 3 3 1 0 4 4 1  602   48 
10 3 0 2 3 3 1 0 4 4 1  521    1 
10 3 0 2 2 1 0 1 3 3 1  875    1 
10 3 0 3 3 2 0 1 4 4 1  743    1 
10 3 0 2 2 1 0 1 3 3 1  737    1 
10 3 0 0 1 3 0 0 2 2 1  610    1 
10 3 0 3 3 3 1 1 4 4 1  609    1 
10 3 1 1 2 2 1 0 2 2 1 1272    1 
10 3 0 1 1 0 0 1 2 2 1 1076    1 
10 3 0 2 3 1 0 0 4 4 1  824    1 
10 3 0 3 0 2 0 0 1 2 0  854    1 
10 3 0 2 2 2 1 1 3 3 1  913    1 
10 3 0 3 3 3 1 1 4 4 1  540    1 
10 3 0 0 1 3 0 0 2 2 1  597    1 
10 3 1 3 3 2 0 1 4 4 1 1293    0 
10 3 0 0 0 3 0 1 1 1 1  736    1 
10 3 1 0 1 3 0 0 1 1 1  994    1 
10 3 1 0 0 0 1 1 1 1 1  857    1 
10 3 0 1 1 1 1 1 2 2 1  742    1 
10 3 0 2 2 2 1 1 3 3 1  768    1 
10 3 1 3 3 3 1 1 4 4 1 1192    1 
10 3 0 2 2 1 0 1 3 3 1 1167    1 
10 3 0 2 2 2 1 1 3 3 1 1104    1 
10 3 1 2 2 1 0 1 3 3 1  882    1 
10 3 0 1 2 0 0 0 3 3 1 1246    1 
10 3 0 0 0 3 0 1 1 1 1 1099    1 
10 3 1 1 2 0 0 0 2 2 1 1646   48 
10 3 0 0 0 3 0 1 1 1 1  740    1 
10 3 0 1 2 2 1 0 3 3 1  997    1 
10 3 0 1 2 2 1 0 3 3 1  677    1 
10 3 0 0 0 0 1 1 1 1 1  617    0 
10 3 0 3 3 3 1 1 4 4 1  727    1 
10 3 1 3 0 2 0 0 4 1 0 1481    1 
10 3 0 0 0 3 0 1 1 1 1  843    1 
10 3 0 2 3 3 1 0 4 4 1 1264    1 
10 3 0 3 3 3 1 1 4 1 0 1381    1 
10 3 0 1 1 1 1 1 2 2 1  883   36 
10 3 0 2 3 3 1 0 4 4 1 1238    0 
10 3 0 0 0 3 0 1 1 1 1  620    1 
10 3 1 1 2 0 0 0 2 2 1 1090    0 
10 3 0 3 0 0 1 0 1 4 0 1677    1 
10 3 0 0 0 0 1 1 1 1 1  656    1 
10 3 1 0 1 3 0 0 1 1 1 1444    1 
10 3 1 3 0 0 1 0 4 4 1 1730    1 
10 3 0 3 0 0 1 0 1 1 1  868    1 
10 3 0 1 2 2 1 0 3 3 1  920    1 
10 3 0 2 3 1 0 0 4 4 1  691    1 
10 3 1 0 0 3 0 1 1 1 1  878    1 
10 3 0 2 2 1 0 1 3 3 1  866    1 
10 3 0 3 3 2 0 1 4 4 1  854    1 
10 3 0 2 2 1 0 1 3 3 1  731    1 
10 3 0 1 2 0 0 0 3 3 1  717    1 
10 3 0 2 3 3 1 0 4 4 1  968    1 
10 3 0 3 3 3 1 1 4 4 1  800    1 
10 3 0 2 2 2 1 1 3 3 1  823    1 
10 3 0 1 2 2 1 0 3 3 1  693    1 
10 3 1 1 2 2 1 0 2 2 1 2680    0 
10 3 0 2 2 1 0 1 3 3 1 1044    1 
10 3 0 0 0 3 0 1 1 1 1 1098    1 
10 4 0 1 1 1 1 1 2 2 1  895    1 
10 4 0 2 2 2 1 1 3 3 1  546    1 
10 4 0 3 0 1 0 0 1 4 0  780    1 
10 4 0 2 3 3 1 0 4 4 1  690    1 
10 4 1 1 1 3 0 1 2 2 1  573    1 
10 4 0 2 3 3 1 0 4 4 1  549    0 
10 4 0 1 1 1 1 1 2 2 1  646    1 
10 4 1 1 2 2 1 0 2 2 1 1076    1 
10 4 1 2 3 0 0 0 3 3 1 1504    1 
10 4 1 2 3 3 1 0 3 3 1 1771    1 
10 4 0 2 2 0 0 1 3 3 1  675    1 
10 4 0 1 2 2 1 0 3 3 1 1079    1 
10 4 0 3 3 1 0 1 4 4 1 1763    1 
10 4 0 3 0 1 0 0 1 1 1  916   48 
10 4 0 3 3 1 0 1 4 4 1  686    1 
10 4 0 0 1 2 0 0 2 1 0 1458    1 
10 4 0 2 2 0 0 1 3 3 1 1445    1 
10 4 0 2 2 0 0 1 3 3 1  698    1 
10 4 0 2 2 0 0 1 3 3 1  614    1 
10 4 1 3 3 3 1 1 4 4 1  940    1 
10 4 1 1 1 3 0 1 2 1 0 1198    1 
10 4 0 2 2 2 1 1 3 3 1  675   47 
10 4 1 0 0 0 1 1 1 1 1 1327    1 
10 4 1 1 2 2 1 0 2 2 1 2081    1 
10 4 0 1 1 3 0 1 2 2 1  733    1 
10 4 0 3 3 1 0 1 4 4 1  727    1 
10 4 0 0 0 2 0 1 1 1 1  641    1 
10 4 0 3 0 0 1 0 1 1 1 1775    1 
10 4 0 3 3 3 1 1 4 4 1 1591    1 
10 4 0 0 0 2 0 1 1 1 1  630    1 
10 4 0 3 3 1 0 1 4 2 0 1285    1 
10 4 0 3 3 3 1 1 4 4 1  574    1 
10 4 1 0 0 0 1 1 1 1 1  911    1 
10 4 0 0 1 1 1 0 2 2 1 1825    1 
10 4 0 2 3 0 0 0 4 4 1  943    1 
10 4 0 1 2 3 0 0 3 3 1  777    1 
10 4 0 3 0 0 1 0 1 4 0 1673    1 
10 4 0 1 1 3 0 1 2 2 1  723    1 
10 4 0 1 1 3 0 1 2 2 1  701    1 
10 4 0 1 2 3 0 0 3 3 1  760    1 
10 4 0 1 2 2 1 0 3 3 1  865    1 
10 4 0 2 3 0 0 0 4 4 1  742    1 
10 4 0 0 1 1 1 0 2 2 1  767   90 
10 4 0 0 0 0 1 1 1 1 1  847   49 
10 4 0 3 3 1 0 1 4 4 1  565    1 
10 4 1 2 2 0 0 1 3 3 1 1134   18 
10 4 0 0 1 1 1 0 2 2 1  743    1 
10 4 0 3 3 3 1 1 4 4 1  689    1 
10 4 0 2 3 0 0 0 4 4 1 1484    0 
10 4 1 2 3 0 0 0 3 3 1 1328    1 
10 4 0 0 0 0 1 1 1 1 1  682    1 
10 4 1 1 2 3 0 0 2 2 1 2574    1 
10 4 0 2 2 2 1 1 3 3 1 1054    1 
10 4 1 0 0 2 0 1 1 1 1 2179    1 
10 4 0 0 0 2 0 1 1 1 1 1075    1 
10 4 0 0 0 2 0 1 1 1 1  560    1 
10 4 0 0 0 0 1 1 1 1 1  680    1 
10 4 1 0 0 0 1 1 1 1 1 1125    1 
10 4 0 2 3 3 1 0 4 4 1 1063    1 
10 4 0 1 2 3 0 0 3 3 1  844    1 
10 4 0 1 1 3 0 1 2 2 1  537    1 
10 4 0 3 3 1 0 1 4 4 1  803   48 
10 4 1 0 1 1 1 0 1 1 1  913    1 
10 4 0 3 0 0 1 0 1 1 1  684    1 
10 4 1 0 1 2 0 0 1 1 1  992    1 
10 4 0 2 3 0 0 0 4 3 0  959    1 
10 4 0 2 2 2 1 1 3 3 1  550    0 
10 4 0 3 3 1 0 1 4 4 1  759    1 
10 4 1 1 2 2 1 0 2 2 1 1056    1 
10 4 1 1 2 2 1 0 2 2 1 1277   15 
10 4 0 1 2 3 0 0 3 2 0  905    1 
10 4 0 3 0 0 1 0 1 4 0  826    1 
10 4 0 1 2 2 1 0 3 3 1  830    1 
10 4 0 3 0 1 0 0 1 1 1 1076    1 
10 4 0 3 3 1 0 1 4 4 1  840    1 
10 4 0 0 1 1 1 0 2 2 1 1006    1 
10 4 0 3 3 3 1 1 4 4 1  620    1 
10 4 0 0 1 1 1 0 2 2 1  843    1 
10 4 0 1 2 3 0 0 3 3 1 1056    1 
10 4 0 0 0 0 1 1 1 1 1  981    1 
10 4 0 1 2 3 0 0 3 3 1  765    1 
10 4 0 0 0 0 1 1 1 1 1  598    1 
10 4 0 1 2 3 0 0 3 3 1  693    1 
10 4 0 3 3 3 1 1 4 4 1  673    1 
10 4 1 2 3 3 1 0 3 3 1 1125    1 
10 4 1 0 0 0 1 1 1 1 1  655    1 
10 4 1 2 2 0 0 1 3 3 1 1268    1 
10 4 0 1 1 3 0 1 2 2 1  744    1 
10 4 0 0 0 0 1 1 1 1 1  570    1 
10 4 0 2 2 2 1 1 3 3 1  618    1 
10 4 0 3 3 3 1 1 4 4 1  496    1 
10 4 1 2 3 0 0 0 3 3 1 1339    1 
10 4 0 0 1 1 1 0 2 2 1  869    1 
10 4 0 0 0 2 0 1 1 1 1  825    1 
10 4 1 3 0 1 0 0 4 4 1  991    1 
10 4 0 3 3 1 0 1 4 4 1  839    1 
10 4 1 3 0 1 0 0 4 4 1  796    1 
10 4 0 2 3 0 0 0 4 3 0  964    1 
10 4 0 0 0 2 0 1 1 1 1  626    1 
10 4 1 1 2 3 0 0 2 2 1 1105    1 
10 4 0 0 0 0 1 1 1 1 1  588    1 
10 4 1 1 1 3 0 1 2 2 1 1027    1 
10 4 0 0 0 0 1 1 1 1 1  681    1 
10 4 1 0 1 2 0 0 1 1 1  909    1 
10 4 1 0 0 0 1 1 1 1 1 1496    0 
10 4 0 3 0 1 0 0 1 1 1  772    1 
10 4 0 3 3 3 1 1 4 4 1  516    1 
10 4 0 3 0 1 0 0 1 1 1 1078   38 
10 4 1 3 3 3 1 1 4 4 1 1042    0 
10 4 0 1 1 3 0 1 2 2 1  864   51 
10 4 0 3 0 1 0 0 1 1 1 1021    1 
10 4 0 0 1 2 0 0 2 1 0  691    1 
10 4 0 0 1 2 0 0 2 2 1  964    1 
10 4 0 2 3 0 0 0 4 4 1 1021    1 
10 4 0 2 3 3 1 0 4 4 1 1315    1 
10 4 0 2 3 3 1 0 4 4 1  550    1 
10 4 1 2 2 2 1 1 3 3 1 2431    0 
10 4 1 1 1 1 1 1 2 2 1 1293    1 
10 4 0 1 2 2 1 0 3 2 0  841    1 
10 4 1 0 1 1 1 0 1 1 1 1892    1 
10 4 0 0 1 1 1 0 2 2 1 1072   34 
10 4 0 1 2 2 1 0 3 3 1  748    1 
10 4 0 1 1 3 0 1 2 2 1  925    1 
10 4 0 1 2 3 0 0 3 3 1  704    1 
10 4 0 2 3 0 0 0 4 4 1  754    1 
10 4 0 2 3 0 0 0 4 4 1  555    1 
10 4 0 3 0 0 1 0 1 1 1  676    1 
10 4 1 2 2 0 0 1 3 3 1  992    1 
10 4 1 0 1 1 1 0 1 1 1 1072    1 
10 4 0 0 0 0 1 1 1 1 1  700    1 
10 4 0 1 1 3 0 1 2 2 1 1023    1 
10 4 0 1 1 1 1 1 2 2 1  877    1 
10 4 1 3 0 1 0 0 4 4 1 2817    1 
10 4 1 3 0 1 0 0 4 4 1 1151    1 
10 4 0 2 3 0 0 0 4 4 1 1464    1 
10 4 1 1 2 2 1 0 2 2 1 2053    0 
10 4 0 3 0 1 0 0 1 1 1 1314   67 
10 4 0 1 2 3 0 0 3 2 0 1533    1 
10 4 0 2 2 2 1 1 3 3 1  524    1 
10 4 0 3 3 3 1 1 4 4 1  551    1 
10 4 0 3 0 1 0 0 1 1 1  759    1 
10 4 0 3 3 3 1 1 4 1 0 1424    1 
10 4 0 1 1 1 1 1 2 2 1  596    1 
10 4 1 1 1 3 0 1 2 1 0 1068    1 
10 4 0 0 1 1 1 0 2 1 0  654    1 
10 4 1 2 3 0 0 0 3 3 1 1305    1 
10 4 0 1 1 3 0 1 2 2 1  988    1 
10 4 0 2 2 0 0 1 3 3 1  699    1 
10 4 0 3 3 1 0 1 4 4 1  710    1 
10 4 0 0 0 0 1 1 1 1 1  625    1 
10 4 1 0 0 2 0 1 1 2 0  791    1 
10 4 0 2 3 3 1 0 4 4 1  821    0 
10 4 0 2 3 0 0 0 4 4 1  555    1 
10 4 0 0 0 0 1 1 1 1 1  532    1 
10 4 1 2 2 2 1 1 3 3 1 1222    1 
10 4 0 2 2 2 1 1 3 3 1  732    1 
10 4 1 0 1 2 0 0 1 1 1  958    0 
10 4 0 0 1 1 1 0 2 2 1 1007    1 
10 4 0 1 1 1 1 1 2 2 1  398    1 
10 4 0 3 0 1 0 0 1 4 0  605    1 
10 4 0 2 3 3 1 0 4 4 1  778    1 
10 4 1 2 3 0 0 0 3 3 1 1306    1 
10 4 0 0 1 1 1 0 2 2 1  917    1 
10 4 0 0 0 0 1 1 1 1 1  687    1 
10 4 0 2 3 3 1 0 4 4 1  867    1 
10 4 0 1 2 3 0 0 3 3 1  999    0 
10 4 0 1 2 2 1 0 3 3 1  774    1 
10 4 0 3 3 3 1 1 4 1 0 1182    1 
10 4 0 2 3 0 0 0 4 4 1 1259    1 
10 4 0 1 1 3 0 1 2 2 1  768    1 
10 4 0 2 3 3 1 0 4 4 1  616    1 
10 4 1 0 1 2 0 0 1 1 1  886    1 
10 4 0 1 1 1 1 1 2 2 1  602    1 
10 4 0 3 0 0 1 0 1 4 0  601    1 
10 4 0 3 0 0 1 0 1 1 1  702    1 
10 4 0 2 2 2 1 1 3 3 1  688    1 
10 4 1 3 0 1 0 0 4 4 1 1524    1 
10 4 0 1 2 2 1 0 3 3 1  974    1 
10 4 0 1 2 3 0 0 3 3 1  534    1 
10 4 0 2 2 2 1 1 3 3 1 1080    1 
10 4 0 0 0 2 0 1 1 1 1  732    1 
10 4 1 0 0 0 1 1 1 1 1  773    1 
10 4 0 2 3 3 1 0 4 4 1  709    1 
10 4 0 3 3 1 0 1 4 4 1  616    1 
10 4 0 0 1 1 1 0 2 2 1  758    0 
10 4 0 1 2 2 1 0 3 3 1  799    1 
10 4 1 3 3 1 0 1 4 4 1 1086   49 
10 4 1 2 2 0 0 1 3 3 1 1010    0 
10 4 0 3 3 1 0 1 4 4 1  616    1 
10 4 0 1 1 1 1 1 2 2 1  623    1 
10 4 0 3 3 1 0 1 4 4 1  941    1 
10 4 0 3 3 3 1 1 4 4 1  486    1 
