23 1 1 3 2 2 1 0 4 3 0 2890    1 
23 1 1 1 0 2 0 0 2 2 1 3107    1 
23 1 0 3 3 3 1 1 4 4 1  726    1 
23 1 0 3 2 2 1 0 3 3 1 1057    0 
23 1 1 1 1 1 1 1 2 2 1 1237    1 
23 1 0 1 1 1 1 1 2 2 1 1019    1 
23 1 0 2 1 1 1 0 2 2 1 1137    1 
23 1 0 3 2 0 0 0 3 3 1 2635    1 
23 1 1 2 2 2 1 1 3 3 1 1136    1 
23 1 0 2 2 3 0 1 3 3 1  946    0 
23 1 0 0 0 1 0 1 1 1 1  851    1 
23 1 1 2 1 1 1 0 3 3 1 1776    1 
23 1 0 2 1 1 1 0 2 2 1 1248    1 
23 1 1 2 1 1 1 0 3 3 1  918    1 
23 1 1 1 0 0 1 0 2 2 1 1560    1 
23 1 0 1 1 2 0 1 2 2 1 1057    1 
23 1 1 0 3 3 1 0 1 1 1  902    1 
23 1 0 0 0 0 1 1 1 1 1  704    1 
23 1 0 3 2 2 1 0 3 3 1 1043    1 
23 1 0 0 3 3 1 0 4 4 1  993    1 
23 1 0 3 3 3 1 1 4 4 1  528    1 
23 1 0 1 0 2 0 0 1 1 1  970    1 
23 1 0 3 3 3 1 1 4 4 1  794    1 
23 1 0 1 1 2 0 1 2 2 1  786    1 
23 1 1 0 3 3 1 0 1 1 1 1305    1 
23 1 0 0 3 3 1 0 4 4 1 1164    1 
23 1 0 2 2 2 1 1 3 3 1  693    1 
23 1 0 0 0 0 1 1 1 1 1  784    1 
23 1 1 2 1 3 0 0 3 3 1 1712    1 
23 1 0 0 3 1 0 0 4 4 1 1227    1 
23 1 0 1 0 2 0 0 1 1 1  993    0 
23 1 0 1 1 2 0 1 2 2 1  728    1 
23 1 0 3 3 3 1 1 4 4 1  779    0 
23 1 0 3 3 0 0 1 4 4 1 1251    1 
23 1 0 3 2 2 1 0 3 3 1  759    1 
23 1 0 3 2 2 1 0 3 3 1  624    1 
23 1 0 0 0 0 1 1 1 1 1  638    1 
23 1 0 3 3 0 0 1 4 4 1  892    1 
23 1 0 0 0 0 1 1 1 1 1  687    1 
23 1 1 1 0 0 1 0 2 2 1  779    1 
23 1 0 3 2 0 0 0 3 3 1  955    1 
23 1 1 2 1 1 1 0 3 3 1 1468    0 
23 1 0 3 2 2 1 0 3 3 1 1208    1 
23 1 0 1 0 0 1 0 1 1 1 1135    1 
23 1 1 1 0 0 1 0 2 2 1 1008    1 
23 1 0 2 2 3 0 1 3 3 1  967    1 
23 1 0 3 3 0 0 1 4 4 1  623    1 
23 1 1 2 1 3 0 0 3 3 1 1581    1 
23 1 0 3 3 0 0 1 4 4 1 1310    1 
23 1 0 3 3 3 1 1 4 4 1  520    1 
23 1 0 2 1 1 1 0 2 2 1 1035    1 
23 1 0 3 3 0 0 1 4 4 1  696    1 
23 1 0 1 1 2 0 1 2 2 1 1131    1 
23 1 1 1 0 2 0 0 2 2 1 1302    1 
23 1 0 1 1 1 1 1 2 2 1  752    1 
23 1 0 3 3 3 1 1 4 4 1  553    1 
23 1 0 0 0 0 1 1 1 1 1  546    1 
23 1 0 2 1 1 1 0 2 2 1 1036    1 
23 1 0 1 0 2 0 0 1 1 1  881    1 
23 1 1 0 0 1 0 1 1 1 1 1413    1 
23 1 0 1 1 2 0 1 2 2 1 1076    1 
23 1 0 3 2 0 0 0 3 3 1 1096    1 
23 1 0 3 2 0 0 0 3 3 1  500    1 
23 1 0 0 0 0 1 1 1 1 1  734    1 
23 1 0 3 3 3 1 1 4 4 1  600    0 
23 1 0 3 2 0 0 0 3 3 1  823    1 
23 1 0 2 1 3 0 0 2 2 1  837    1 
23 1 0 0 0 1 0 1 1 1 1  714    1 
23 1 0 3 3 0 0 1 4 4 1  645    1 
23 1 0 0 3 1 0 0 4 4 1  531    1 
23 1 0 1 1 1 1 1 2 2 1  821    1 
23 1 0 0 3 3 1 0 4 4 1  859    1 
23 1 0 2 2 2 1 1 3 3 1 1280    1 
23 1 0 2 2 3 0 1 3 3 1  740    1 
23 1 0 2 1 3 0 0 2 2 1  853    1 
23 1 0 1 0 0 1 0 1 1 1 1954    1 
23 1 0 2 2 2 1 1 3 3 1 1331    1 
23 1 0 3 2 0 0 0 3 3 1  661    1 
23 1 1 2 2 3 0 1 3 3 1 1154    1 
23 1 1 0 0 0 1 1 1 1 1  779    1 
23 1 1 0 3 3 1 0 1 1 1  659    1 
23 1 1 0 3 1 0 0 1 1 1  640    1 
23 1 0 1 0 2 0 0 1 1 1 1133    1 
23 1 0 2 1 3 0 0 2 2 1  943    1 
23 1 0 1 0 2 0 0 1 1 1  592    1 
23 1 0 1 0 2 0 0 1 1 1  512    1 
23 1 0 1 1 1 1 1 2 2 1  738    0 
23 1 0 2 1 1 1 0 2 2 1  468    1 
23 1 0 0 0 1 0 1 1 1 1  648    1 
23 1 1 1 0 2 0 0 2 2 1 1125    1 
23 1 0 0 0 1 0 1 1 1 1  856    1 
23 1 1 3 3 0 0 1 4 4 1 1524    1 
23 1 1 1 1 1 1 1 2 2 1  975    1 
23 1 0 3 2 2 1 0 3 4 0  927    1 
23 1 0 3 3 3 1 1 4 4 1 1127    1 
23 1 0 0 3 1 0 0 4 4 1  777    1 
23 1 1 3 3 3 1 1 4 4 1  913    1 
23 1 0 2 1 3 0 0 2 2 1  812    1 
23 1 0 3 3 0 0 1 4 4 1  643    1 
23 1 1 1 0 0 1 0 2 2 1 1080    1 
23 1 0 0 0 1 0 1 1 1 1  700    1 
23 1 0 1 1 1 1 1 2 2 1 1015    1 
23 1 0 3 3 0 0 1 4 4 1  766    1 
23 1 0 0 3 1 0 0 4 4 1  822    1 
23 1 1 2 1 1 1 0 3 3 1 1276    1 
23 1 0 1 1 1 1 1 2 2 1  896    0 
23 1 0 1 1 1 1 1 2 2 1  564    1 
23 1 0 0 0 1 0 1 1 1 1  589    1 
23 1 0 0 3 1 0 0 4 4 1  716    1 
23 1 0 1 0 2 0 0 1 1 1  830    1 
23 1 0 3 3 3 1 1 4 4 1  668    1 
23 1 0 2 2 3 0 1 3 3 1  801    1 
23 1 0 3 2 0 0 0 3 3 1  695    1 
23 1 1 0 3 3 1 0 1 1 1 1051    1 
23 1 0 2 2 3 0 1 3 3 1  856    1 
23 1 1 0 3 1 0 0 1 1 1  900    1 
23 1 0 0 0 1 0 1 1 1 1  847    1 
23 1 1 2 1 1 1 0 3 3 1 1061    1 
23 1 0 1 0 0 1 0 1 1 1 1234    1 
23 1 1 2 1 1 1 0 3 3 1  831    1 
23 1 0 0 3 1 0 0 4 4 1  901    1 
23 1 1 0 0 1 0 1 1 1 1  816    1 
23 1 0 3 3 3 1 1 4 4 1  694    1 
23 1 0 0 0 0 1 1 1 1 1 1002    0 
23 1 1 1 1 1 1 1 2 2 1 1200    0 
23 1 0 3 3 3 1 1 4 4 1  463    1 
23 1 0 0 3 3 1 0 4 4 1 1332    1 
23 1 0 2 2 3 0 1 3 3 1  654    1 
23 1 1 1 1 2 0 1 2 2 1 1626    1 
23 1 0 3 3 3 1 1 4 4 1  577    1 
23 1 0 1 1 1 1 1 2 2 1 1009    1 
23 1 0 3 3 0 0 1 4 4 1  656    1 
23 1 0 2 2 3 0 1 3 3 1  628    1 
23 1 0 3 3 3 1 1 4 4 1  538    1 
23 1 0 1 1 1 1 1 2 2 1  780    1 
23 1 0 0 0 1 0 1 1 1 1  516    1 
23 1 0 1 0 0 1 0 1 1 1 1334    1 
23 1 0 0 3 1 0 0 4 4 1  800    1 
23 1 0 3 2 0 0 0 3 3 1  630    0 
23 1 0 1 1 2 0 1 2 2 1  989    1 
23 1 1 3 2 2 1 0 4 4 1  964    0 
23 1 1 0 0 1 0 1 1 1 1  973    1 
23 1 0 0 0 1 0 1 1 1 1  565    1 
23 1 1 0 0 0 1 1 1 1 1  942    1 
23 1 0 3 3 0 0 1 4 4 1 1135    1 
23 1 1 2 2 2 1 1 3 3 1  905    1 
23 1 0 2 1 3 0 0 2 2 1 1091    1 
23 1 0 2 1 3 0 0 2 2 1  559    1 
23 1 1 0 3 1 0 0 1 1 1 1344    1 
23 1 0 0 0 0 1 1 1 1 1  753    0 
23 1 0 2 2 3 0 1 3 3 1  818    1 
23 1 1 2 1 3 0 0 3 3 1 1440    0 
23 1 0 2 1 1 1 0 2 2 1  910    1 
23 1 0 1 1 1 1 1 2 2 1  641    1 
23 1 1 2 1 3 0 0 3 3 1 1262    1 
23 1 1 2 2 2 1 1 3 3 1  899    1 
23 1 1 0 3 1 0 0 1 1 1  662    1 
23 1 0 0 3 1 0 0 4 4 1 1043    1 
23 1 1 1 1 1 1 1 2 2 1  832    1 
23 1 0 2 1 1 1 0 2 2 1 1293    1 
23 1 0 2 1 1 1 0 2 2 1  505    1 
23 1 0 3 2 0 0 0 3 3 1 1196    1 
23 1 0 2 2 3 0 1 3 3 1  563    1 
23 1 0 1 0 2 0 0 1 1 1  676    1 
23 1 0 2 1 1 1 0 2 2 1  880    1 
23 1 0 0 3 3 1 0 4 4 1  628    1 
23 1 1 3 3 3 1 1 4 4 1  922    1 
23 1 0 0 0 1 0 1 1 1 1  829    1 
23 1 0 3 3 0 0 1 4 4 1  739    1 
23 1 0 1 1 1 1 1 2 2 1  748    1 
23 1 0 0 3 3 1 0 4 4 1  814    1 
23 1 1 3 2 2 1 0 4 4 1 1172    1 
23 1 1 2 2 3 0 1 3 3 1 1213    1 
23 1 0 2 2 3 0 1 3 3 1  483    1 
23 1 0 2 1 1 1 0 2 2 1  583    1 
23 1 0 0 3 1 0 0 4 4 1  702    1 
23 1 0 1 1 1 1 1 2 2 1  801    1 
23 1 1 2 2 3 0 1 3 3 1  912    0 
23 1 0 0 0 0 1 1 1 1 1 1027    1 
23 1 0 2 1 3 0 0 2 2 1  969    1 
23 1 0 2 2 2 1 1 3 3 1 1361    1 
23 1 0 1 0 2 0 0 1 1 1  674    0 
23 1 0 1 0 2 0 0 1 1 1  566    1 
23 1 0 1 0 2 0 0 1 1 1  438    1 
23 1 0 3 2 2 1 0 3 4 0 1164    1 
23 1 0 3 2 0 0 0 3 3 1 1706    0 
23 1 0 3 2 0 0 0 3 3 1  709    1 
23 1 0 1 0 0 1 0 1 1 1 1288    1 
23 1 0 1 0 2 0 0 1 1 1  636    1 
23 1 0 0 3 3 1 0 4 4 1 1169    1 
23 1 1 1 1 1 1 1 2 2 1  985    1 
23 1 0 2 2 3 0 1 3 3 1 1001    1 
23 2 0 3 0 2 0 0 1 1 1 1553    1 
23 2 0 2 3 1 0 0 4 4 1 1233    1 
23 2 0 2 2 2 1 1 3 3 1  807    1 
23 2 0 2 3 3 1 0 4 4 1  918    1 
23 2 0 0 0 0 1 1 1 1 1  624    1 
23 2 1 2 3 1 0 0 3 3 1 1566    0 
23 2 0 0 1 3 0 0 2 2 1  886    1 
23 2 1 3 0 2 0 0 4 4 1 1306    1 
23 2 0 1 2 0 0 0 3 3 1 1036    1 
23 2 1 0 1 3 0 0 1 1 1  906    1 
23 2 1 3 3 3 1 1 4 4 1  821    1 
23 2 0 3 3 2 0 1 4 4 1  867    1 
23 2 0 0 0 0 1 1 1 1 1  535    1 
23 2 1 3 3 2 0 1 4 4 1 1000    1 
23 2 0 1 1 0 0 1 2 2 1  743    1 
23 2 1 2 2 1 0 1 3 3 1  865    1 
23 2 0 3 0 0 1 0 1 1 1  926    0 
23 2 0 3 0 0 1 0 1 1 1  648    0 
23 2 0 1 2 0 0 0 3 3 1 1213    1 
23 2 0 2 3 1 0 0 4 4 1  884    1 
23 2 0 0 1 3 0 0 2 2 1  896    1 
23 2 0 3 0 0 1 0 1 1 1 1315    1 
23 2 0 0 1 1 1 0 2 2 1 1038    1 
23 2 0 2 2 2 1 1 3 3 1 1147    1 
23 2 0 2 2 2 1 1 3 3 1  517    1 
23 2 0 3 0 0 1 0 1 1 1  959    1 
23 2 0 1 2 0 0 0 3 3 1  872    1 
23 2 0 0 1 3 0 0 2 2 1  876    1 
23 2 0 1 1 0 0 1 2 2 1  600    1 
23 2 1 3 3 3 1 1 4 4 1  823    1 
23 2 0 2 2 1 0 1 3 3 1  677    1 
23 2 0 1 2 0 0 0 3 3 1  713    1 
23 2 0 1 2 0 0 0 3 3 1  468    1 
23 2 0 1 2 2 1 0 3 3 1  568    1 
23 2 0 1 1 1 1 1 2 2 1  824    1 
23 2 1 1 2 2 1 0 2 2 1  838    1 
23 2 1 2 2 1 0 1 3 3 1  748    1 
23 2 0 1 1 0 0 1 2 2 1  693    1 
23 2 1 1 2 0 0 0 2 2 1  913    1 
23 2 0 1 1 1 1 1 2 2 1  507    1 
23 2 0 1 1 0 0 1 2 2 1  670    1 
23 2 0 1 1 0 0 1 2 2 1  498    1 
23 2 0 3 0 2 0 0 1 1 1  838    1 
23 2 0 2 2 1 0 1 3 3 1  795    1 
23 2 1 2 3 3 1 0 3 3 1  819    1 
23 2 0 2 3 1 0 0 4 4 1 1033    1 
23 2 0 0 1 3 0 0 2 2 1  846    1 
23 2 0 0 0 0 1 1 1 1 1  676    1 
23 2 0 3 3 3 1 1 4 4 1 1048    1 
23 2 0 3 3 3 1 1 4 4 1  461    1 
23 2 1 1 2 0 0 0 2 2 1 1050    1 
23 2 0 1 2 0 0 0 3 3 1 1167    1 
23 2 1 0 1 1 1 0 1 1 1  879    1 
23 2 0 1 2 0 0 0 3 3 1  947    1 
23 2 0 0 0 0 1 1 1 1 1  661    1 
23 2 0 1 1 1 1 1 2 2 1  882    1 
23 2 1 2 3 1 0 0 3 3 1  950    1 
23 2 0 3 0 0 1 0 1 1 1 1103    1 
23 2 0 2 2 1 0 1 3 3 1  833    1 
23 2 0 3 3 3 1 1 4 4 1  687    1 
23 2 1 2 3 3 1 0 3 3 1  962    1 
23 2 1 1 2 2 1 0 2 2 1  779    1 
23 2 0 0 0 3 0 1 1 1 1  907    1 
23 2 1 2 2 1 0 1 3 3 1  958    1 
23 2 0 0 1 1 1 0 2 2 1 1015    1 
23 2 1 0 0 0 1 1 1 1 1  974    1 
23 2 0 2 2 1 0 1 3 3 1  678    1 
23 2 0 2 3 3 1 0 4 4 1  914    1 
23 2 0 1 2 0 0 0 3 3 1  821    1 
23 2 0 1 1 1 1 1 2 2 1  651    1 
23 2 1 0 0 0 1 1 1 1 1  792    1 
23 2 1 1 2 2 1 0 2 2 1 1199    0 
23 2 0 0 1 1 1 0 2 2 1  942    1 
23 2 1 0 0 3 0 1 1 1 1 1280    1 
23 2 0 2 3 1 0 0 4 4 1  980    1 
23 2 0 2 3 3 1 0 4 4 1  684    1 
23 2 0 2 3 1 0 0 4 4 1  703    1 
23 2 0 1 2 2 1 0 3 3 1  954    1 
23 2 0 1 2 0 0 0 3 3 1  651    1 
23 2 1 3 3 3 1 1 4 4 1 1000    0 
23 2 0 3 3 2 0 1 4 4 1  615    1 
23 2 0 1 1 1 1 1 2 2 1  701    1 
23 2 0 3 0 2 0 0 1 1 1  768    1 
23 2 1 0 0 3 0 1 1 1 1  840    0 
23 2 0 1 2 0 0 0 3 3 1  750    1 
23 2 0 3 3 2 0 1 4 4 1  599    1 
23 2 1 3 0 2 0 0 4 4 1 1349    1 
23 2 0 2 3 1 0 0 4 4 1  606    1 
23 2 1 1 1 1 1 1 2 2 1  821    1 
23 2 0 0 0 0 1 1 1 1 1  883    1 
23 2 0 3 3 3 1 1 4 4 1  575    1 
23 2 0 1 2 0 0 0 3 3 1  695    1 
23 2 0 1 1 1 1 1 2 2 1  802    1 
23 2 1 0 1 3 0 0 1 1 1 1049    1 
23 2 0 3 0 0 1 0 1 1 1 1358    1 
23 2 0 2 2 1 0 1 3 3 1  911    1 
23 2 0 3 3 3 1 1 4 4 1  505    1 
23 2 1 1 2 2 1 0 2 2 1  980    1 
23 2 0 0 1 1 1 0 2 2 1 1148    1 
23 2 0 3 3 3 1 1 4 4 1  718    1 
23 2 1 1 2 2 1 0 2 2 1  880    1 
23 2 0 2 2 2 1 1 3 3 1 1108    1 
23 2 0 2 3 3 1 0 4 4 1  623    0 
23 2 1 3 0 2 0 0 4 4 1 1381    1 
23 2 0 0 0 0 1 1 1 1 1  645    1 
23 2 0 2 3 1 0 0 4 4 1  875    1 
23 2 1 0 0 3 0 1 1 1 1  711    1 
23 2 0 3 3 3 1 1 4 4 1  594    1 
23 2 0 3 3 3 1 1 4 4 1  465    1 
23 2 0 0 1 3 0 0 2 2 1  814    1 
23 2 1 3 0 0 1 0 4 4 1  757    1 
23 2 0 0 1 1 1 0 2 2 1  998    1 
23 2 0 0 1 3 0 0 2 2 1  637    1 
23 2 0 3 3 2 0 1 4 4 1  594    1 
23 2 0 0 1 3 0 0 2 2 1  642    1 
23 2 0 3 3 3 1 1 4 4 1  519    1 
23 2 0 2 2 1 0 1 3 3 1  650    1 
23 2 0 0 0 3 0 1 1 1 1  630    1 
23 2 0 2 2 2 1 1 3 3 1  788    1 
23 2 0 1 2 2 1 0 3 3 1  668    1 
23 2 0 3 0 2 0 0 1 1 1  816    1 
23 2 0 0 0 0 1 1 1 1 1  590    1 
23 2 0 2 2 1 0 1 3 3 1  678    1 
23 2 0 1 1 1 1 1 2 2 1 1282    1 
23 2 0 1 2 2 1 0 3 3 1 1102    1 
23 2 0 1 1 0 0 1 2 2 1  961    1 
23 2 0 3 3 2 0 1 4 4 1  650    1 
23 2 0 2 2 2 1 1 3 3 1  710    1 
23 2 0 1 2 2 1 0 3 3 1  913    1 
23 2 1 2 2 2 1 1 3 3 1 1020    1 
23 2 0 0 1 1 1 0 2 2 1  986    1 
23 2 0 2 3 3 1 0 4 4 1  882    1 
23 2 0 3 3 2 0 1 4 4 1  622    1 
23 2 0 2 2 2 1 1 3 3 1  932    1 
23 2 0 2 3 1 0 0 4 4 1  662    1 
23 2 1 3 0 0 1 0 4 4 1  987    1 
23 2 0 2 2 1 0 1 3 3 1 1146    1 
23 2 0 1 1 0 0 1 2 2 1  700    1 
23 2 0 0 0 0 1 1 1 1 1  662    1 
23 2 0 0 0 0 1 1 1 1 1  459    1 
23 2 0 3 0 0 1 0 1 1 1  896    0 
23 2 1 3 0 0 1 0 4 4 1  892    1 
23 2 0 3 3 3 1 1 4 4 1  623    1 
23 2 0 2 2 1 0 1 3 3 1  813    1 
23 2 1 1 2 2 1 0 2 2 1 1100    1 
23 2 0 0 0 0 1 1 1 1 1  719    1 
23 2 1 0 0 0 1 1 1 1 1  801    1 
23 2 1 2 3 3 1 0 3 3 1 1016    1 
23 2 0 0 0 0 1 1 1 1 1  814    1 
23 2 0 2 2 2 1 1 3 3 1  645    1 
23 2 0 3 3 2 0 1 4 4 1  642    1 
23 2 0 2 2 1 0 1 3 3 1  720    1 
23 2 1 3 0 0 1 0 4 4 1  946    1 
23 2 0 0 0 3 0 1 1 1 1  843    1 
23 2 0 3 3 2 0 1 4 4 1  713    1 
23 2 0 0 1 3 0 0 2 2 1  740    1 
23 2 0 3 3 2 0 1 4 4 1  701    1 
23 2 1 3 0 0 1 0 4 4 1  944    1 
23 2 0 2 3 1 0 0 4 4 1  617    0 
23 2 0 0 0 0 1 1 1 1 1  639    1 
23 2 0 2 2 2 1 1 3 3 1 1381    1 
23 2 0 1 2 0 0 0 3 3 1  621    1 
23 2 1 1 1 1 1 1 2 2 1 1419    1 
23 2 0 2 2 2 1 1 3 3 1  665    1 
23 2 0 0 1 3 0 0 2 2 1  653    1 
23 2 1 0 1 3 0 0 1 1 1 1106    0 
23 2 1 0 0 3 0 1 1 1 1  733    1 
23 2 0 0 0 0 1 1 1 1 1  767    1 
23 2 0 1 2 2 1 0 3 3 1 1127    1 
23 2 1 0 0 0 1 1 1 1 1  713    1 
23 2 0 2 2 2 1 1 3 3 1  628    1 
23 2 0 0 0 3 0 1 1 1 1 1082    1 
23 2 0 1 2 0 0 0 3 3 1  638    1 
23 2 0 1 2 0 0 0 3 3 1  483    1 
23 2 0 3 0 2 0 0 1 1 1  807    0 
23 2 0 1 2 0 0 0 3 3 1  654    1 
23 2 0 3 3 2 0 1 4 4 1  618    1 
23 2 0 0 0 3 0 1 1 1 1  609    1 
23 2 0 1 2 2 1 0 3 3 1  639    1 
23 2 0 1 1 0 0 1 2 2 1  821    1 
23 2 0 2 2 1 0 1 3 3 1  627    1 
23 2 1 3 0 0 1 0 4 4 1 1169    1 
23 2 0 0 1 1 1 0 2 2 1 1417    1 
23 2 1 2 3 1 0 0 3 3 1 1263    1 
23 2 0 1 1 1 1 1 2 2 1  708    1 
23 2 0 3 3 3 1 1 4 4 1  815    1 
23 2 1 0 1 3 0 0 1 1 1 1294    1 
23 2 0 3 0 2 0 0 1 1 1 1225    1 
23 2 1 3 0 2 0 0 4 4 1 1232    1 
23 2 1 0 0 3 0 1 1 1 1  918    1 
23 2 0 2 3 3 1 0 4 4 1  968    0 
23 2 0 2 3 1 0 0 4 4 1 1088    1 
23 3 0 2 2 1 0 1 3 3 1 1844    1 
23 3 0 3 0 0 1 0 1 1 1 1178    1 
23 3 0 3 3 2 0 1 4 4 1  666    1 
23 3 0 0 1 3 0 0 2 2 1  654    1 
23 3 0 2 3 3 1 0 4 4 1  587    1 
23 3 0 3 0 2 0 0 1 1 1  690    0 
23 3 0 1 2 0 0 0 3 3 1  806    1 
23 3 0 0 0 3 0 1 1 1 1  621    1 
23 3 0 2 2 2 1 1 3 3 1  779    1 
23 3 0 0 1 1 1 0 2 2 1  955    1 
23 3 0 3 3 2 0 1 4 4 1  660    1 
23 3 1 1 2 2 1 0 2 2 1  809    1 
23 3 0 1 2 2 1 0 3 3 1  791    0 
23 3 0 0 0 3 0 1 1 1 1  831    1 
23 3 0 2 3 3 1 0 4 4 1  645    1 
23 3 0 2 2 2 1 1 3 2 0  970    1 
23 3 0 3 3 3 1 1 4 4 1  681    1 
23 3 0 1 1 1 1 1 2 2 1  829    1 
23 3 0 2 3 1 0 0 4 4 1  675    1 
23 3 0 0 1 1 1 0 2 2 1  839    1 
23 3 0 1 1 0 0 1 2 2 1  669    1 
23 3 1 1 2 2 1 0 2 2 1  961    1 
23 3 0 1 2 0 0 0 3 3 1 1449    0 
23 3 1 3 3 3 1 1 4 4 1  846    1 
23 3 0 3 3 2 0 1 4 4 1  620    1 
23 3 1 2 2 1 0 1 3 3 1  850    1 
23 3 0 0 1 1 1 0 2 2 1 1919    1 
23 3 1 3 3 3 1 1 4 4 1  841    1 
23 3 1 3 0 0 1 0 4 4 1  918    1 
23 3 0 3 3 3 1 1 4 4 1  513    1 
23 3 0 2 3 1 0 0 4 4 1  571    1 
23 3 0 2 3 3 1 0 4 4 1 1011    0 
23 3 0 1 1 1 1 1 2 3 0  858    1 
23 3 0 2 2 2 1 1 3 3 1 1245    1 
23 3 0 2 3 1 0 0 4 4 1  771    1 
23 3 0 2 3 3 1 0 4 4 1  587    1 
23 3 0 0 1 1 1 0 2 2 1  666    1 
23 3 0 2 2 2 1 1 3 3 1  702    1 
23 3 0 0 1 3 0 0 2 2 1  809    1 
23 3 0 2 3 3 1 0 4 4 1  616    1 
23 3 0 3 0 0 1 0 1 1 1 1438    1 
23 3 0 0 1 3 0 0 2 2 1  908    1 
23 3 0 2 3 3 1 0 4 4 1  758    1 
23 3 1 3 3 2 0 1 4 4 1 1159    0 
23 3 0 3 0 2 0 0 1 1 1 1184    1 
23 3 0 2 2 1 0 1 3 3 1 1016    1 
23 3 0 1 2 2 1 0 3 3 1  638    1 
23 3 0 1 1 1 1 1 2 2 1  659    1 
23 3 0 2 2 1 0 1 3 3 1  864    1 
23 3 1 1 2 2 1 0 2 2 1  917    1 
23 3 0 2 3 1 0 0 4 4 1  943    1 
23 3 0 1 2 0 0 0 3 3 1 1096    1 
23 3 0 2 3 1 0 0 4 4 1  636    1 
23 3 0 1 1 0 0 1 2 2 1  841    1 
23 3 0 3 0 2 0 0 1 1 1  719    1 
23 3 0 2 2 2 1 1 3 3 1  593    1 
23 3 0 0 0 3 0 1 1 1 1  712    1 
23 3 0 1 2 0 0 0 3 3 1  603    1 
23 3 0 3 3 3 1 1 4 4 1  522    1 
23 3 0 2 2 1 0 1 3 3 1  612    1 
23 3 0 0 1 3 0 0 2 2 1  995    1 
23 3 0 3 3 3 1 1 4 4 1  522    1 
23 3 0 1 1 1 1 1 2 2 1  564    1 
23 3 0 3 0 0 1 0 1 1 1  669    1 
23 3 0 1 2 0 0 0 3 3 1  793    1 
23 3 0 1 2 0 0 0 3 3 1  473    1 
23 3 0 3 3 2 0 1 4 4 1  669    1 
23 3 0 2 3 3 1 0 4 4 1  513    1 
23 3 0 2 3 1 0 0 4 4 1  460    1 
23 3 1 1 1 0 0 1 2 2 1 1097    1 
23 3 0 2 2 1 0 1 3 3 1  908    1 
23 3 0 0 0 0 1 1 1 1 1  647    1 
23 3 0 0 0 0 1 1 1 1 1  628    1 
23 3 0 1 1 0 0 1 2 2 1 1019    1 
23 3 1 2 2 1 0 1 3 3 1  897    1 
23 3 0 3 3 2 0 1 4 4 1  644    1 
23 3 0 1 1 0 0 1 2 2 1  754    1 
23 3 0 1 2 2 1 0 3 3 1  714    1 
23 3 0 2 2 1 0 1 3 3 1  477    1 
23 3 0 0 0 3 0 1 1 1 1  553    1 
23 3 0 3 0 0 1 0 1 1 1  834    1 
23 3 0 3 3 3 1 1 4 4 1  920    1 
23 3 0 0 0 3 0 1 1 1 1  794    1 
23 3 0 3 0 0 1 0 1 1 1  745    1 
23 3 0 2 2 2 1 1 3 3 1  995    1 
23 3 1 1 1 1 1 1 2 2 1  946    1 
23 3 0 2 2 2 1 1 3 3 1  900    1 
23 3 1 0 1 3 0 0 1 1 1 1310    1 
23 3 1 0 0 3 0 1 1 1 1  705    1 
23 3 0 3 0 2 0 0 1 1 1 1348    1 
23 3 0 3 3 2 0 1 4 4 1  694    1 
23 3 1 1 2 2 1 0 2 2 1  961    1 
23 3 0 0 1 1 1 0 2 2 1  954    1 
23 3 0 1 2 2 1 0 3 3 1  723    1 
23 3 0 0 0 3 0 1 1 1 1  989    1 
23 3 0 3 0 0 1 0 1 1 1 1052    1 
23 3 0 0 1 1 1 0 2 2 1  841    1 
23 3 1 1 2 0 0 0 2 2 1 1159    1 
23 3 0 1 1 0 0 1 2 2 1 1071    1 
23 3 0 3 0 0 1 0 1 1 1  876    1 
23 3 0 3 3 2 0 1 4 4 1  720    1 
23 3 0 2 3 3 1 0 4 4 1  490    1 
23 3 1 3 3 3 1 1 4 4 1  725    1 
23 3 1 0 1 3 0 0 1 1 1 1127    1 
23 3 0 3 0 2 0 0 1 1 1  890    1 
23 3 1 3 0 2 0 0 4 4 1 1261    1 
23 3 1 3 3 3 1 1 4 4 1  682    1 
23 3 0 0 0 3 0 1 1 1 1  790    1 
23 3 0 0 1 3 0 0 2 2 1  725    0 
23 3 0 1 1 0 0 1 2 2 1  576    1 
23 3 0 1 2 2 1 0 3 3 1  712    1 
23 3 1 1 2 0 0 0 2 2 1 1155    1 
23 3 1 2 2 2 1 1 3 3 1  979    1 
23 3 0 0 1 1 1 0 2 2 1  860    1 
23 3 0 0 0 0 1 1 1 1 1  656    1 
23 3 1 0 1 3 0 0 1 1 1  901    1 
23 3 1 1 1 0 0 1 2 2 1 1064    0 
23 3 0 3 3 2 0 1 4 4 1  765    1 
23 3 1 3 3 3 1 1 4 4 1  590    1 
23 3 0 2 3 1 0 0 4 4 1  653    1 
23 3 0 0 1 3 0 0 2 2 1  786    1 
23 3 1 3 3 2 0 1 4 4 1  745    1 
23 3 0 0 0 3 0 1 1 1 1  643    1 
23 3 0 3 0 0 1 0 1 1 1 1512    1 
23 3 0 3 3 3 1 1 4 4 1  523    1 
23 3 0 2 3 3 1 0 4 4 1  485    1 
23 3 0 0 1 3 0 0 2 2 1  969    0 
23 3 1 2 3 3 1 0 3 3 1 1049    1 
23 3 1 0 1 3 0 0 1 1 1  702    1 
23 3 0 0 1 1 1 0 2 2 1  752    1 
23 3 0 2 3 3 1 0 4 4 1 1881    1 
23 3 0 3 3 2 0 1 4 4 1  589    1 
23 3 0 3 3 2 0 1 4 4 1  541    1 
23 3 0 0 1 1 1 0 2 2 1  574    1 
23 3 0 0 1 1 1 0 2 2 1  430    1 
23 3 0 1 1 1 1 1 2 2 1  493    1 
23 3 1 1 2 0 0 0 2 2 1 1080    1 
23 3 0 3 0 2 0 0 1 1 1  956    1 
23 3 0 0 1 3 0 0 2 2 1  613    1 
23 3 1 0 1 1 1 0 1 1 1  828    1 
23 3 0 2 3 3 1 0 4 4 1  794    1 
23 3 1 2 3 1 0 0 3 3 1 1105    1 
23 3 1 1 1 1 1 1 2 2 1  908    1 
23 3 0 2 3 1 0 0 4 4 1  743    1 
23 3 1 1 1 1 1 1 2 2 1  816    1 
23 3 0 1 1 0 0 1 2 2 1  671    1 
23 3 0 0 0 3 0 1 1 1 1  619    1 
23 3 0 2 2 1 0 1 3 3 1 1137    1 
23 3 0 3 0 2 0 0 1 1 1  986    1 
23 3 1 0 1 1 1 0 1 1 1  802    1 
23 3 0 2 2 2 1 1 3 3 1  993    1 
23 3 0 2 2 1 0 1 3 3 1  576    1 
23 3 1 1 1 1 1 1 2 2 1  888    1 
23 3 0 0 0 3 0 1 1 1 1  564    1 
23 3 1 3 3 3 1 1 4 4 1  916    1 
23 3 1 0 1 1 1 0 1 2 0 1087    1 
23 3 1 2 2 1 0 1 3 3 1 1544    1 
23 3 1 1 1 1 1 1 2 2 1 1074    1 
23 3 0 3 3 2 0 1 4 4 1  654    1 
23 3 0 1 2 2 1 0 3 2 0  907    1 
23 3 1 2 2 2 1 1 3 3 1 1355    1 
23 3 0 1 2 0 0 0 3 3 1 1108    0 
23 3 1 2 2 1 0 1 3 3 1 1295    1 
23 3 0 1 2 2 1 0 3 3 1 1403    1 
23 3 1 1 2 2 1 0 2 3 0  753    1 
23 3 0 1 2 2 1 0 3 3 1 1568    1 
23 3 0 1 2 2 1 0 3 3 1  760    1 
23 3 0 0 1 3 0 0 2 2 1  801    1 
23 3 0 2 3 3 1 0 4 4 1  904    1 
23 3 0 3 3 3 1 1 4 4 1  491    1 
23 3 1 0 0 3 0 1 1 1 1  966    1 
23 3 0 0 0 3 0 1 1 1 1  878    1 
23 3 0 3 0 0 1 0 1 1 1  747    1 
23 3 0 3 3 2 0 1 4 4 1  604    1 
23 3 1 2 2 1 0 1 3 3 1  923    1 
23 3 0 0 0 3 0 1 1 1 1  957    1 
23 3 0 0 1 1 1 0 2 2 1  838    1 
23 3 0 3 3 2 0 1 4 4 1  571    1 
23 3 0 1 2 2 1 0 3 3 1 1011    1 
23 3 0 0 0 0 1 1 1 1 1  826    1 
23 3 0 1 2 0 0 0 3 3 1  848    1 
23 3 1 1 1 1 1 1 2 2 1 1110    1 
23 3 1 0 0 0 1 1 1 1 1  745    0 
23 3 0 0 1 3 0 0 2 2 1  906    1 
23 3 0 2 2 2 1 1 3 3 1  765    1 
23 3 1 1 1 1 1 1 2 2 1 1062    1 
23 3 1 2 2 1 0 1 3 3 1 1363    1 
23 3 1 0 0 0 1 1 1 1 1  643    1 
23 3 0 3 3 2 0 1 4 4 1  721    1 
23 3 0 3 0 2 0 0 1 1 1  891    1 
23 3 0 1 1 1 1 1 2 2 1  638    1 
23 3 0 2 3 3 1 0 4 4 1  716    1 
23 4 0 0 0 3 0 1 1 1 1 2060    0 
23 4 0 3 0 0 1 0 1 1 1  625    1 
23 4 0 2 2 2 1 1 3 3 1  695    1 
23 4 0 1 1 1 1 1 2 2 1  578    1 
23 4 0 2 2 1 0 1 3 3 1  722    1 
23 4 0 2 2 1 0 1 3 3 1  444    1 
23 4 1 3 0 2 0 0 4 4 1 1154    1 
23 4 1 1 1 0 0 1 2 2 1  755    1 
23 4 0 0 0 0 1 1 1 1 1  723    1 
23 4 0 1 2 0 0 0 3 3 1  622    1 
23 4 1 2 2 2 1 1 3 3 1  860    1 
23 4 0 2 3 1 0 0 4 4 1  913    1 
23 4 1 0 0 0 1 1 1 1 1  755    1 
23 4 0 2 3 1 0 0 4 4 1 1172    1 
23 4 0 2 3 3 1 0 4 4 1  516    1 
23 4 0 3 0 2 0 0 1 1 1  678    1 
23 4 0 2 3 3 1 0 4 4 1  435    1 
23 4 0 1 1 1 1 1 2 2 1  576    1 
23 4 0 1 2 0 0 0 3 3 1  840    1 
23 4 0 0 1 3 0 0 2 2 1 1254    1 
23 4 0 3 0 2 0 0 1 1 1  706    0 
23 4 1 0 1 1 1 0 1 1 1  821    1 
23 4 0 0 1 1 1 0 2 2 1  843    1 
23 4 0 0 0 3 0 1 1 1 1  665    1 
23 4 0 2 2 1 0 1 3 3 1  686    1 
23 4 1 3 3 2 0 1 4 4 1 1033    1 
23 4 0 1 1 0 0 1 2 2 1 1087    1 
23 4 0 3 0 2 0 0 1 1 1  706    1 
23 4 0 2 2 2 1 1 3 2 0  909    1 
23 4 0 3 0 2 0 0 1 1 1 1886    1 
23 4 1 3 3 2 0 1 4 4 1  793    1 
23 4 0 0 1 3 0 0 2 2 1  801    1 
23 4 0 2 2 1 0 1 3 3 1 1312    1 
23 4 0 3 0 0 1 0 1 1 1  602    1 
23 4 0 0 1 3 0 0 2 2 1  913    1 
23 4 0 1 2 2 1 0 3 3 1 1508    1 
23 4 0 3 0 0 1 0 1 1 1 1151    1 
23 4 0 3 0 0 1 0 1 1 1  696    1 
23 4 0 3 0 2 0 0 1 1 1  747    1 
23 4 1 3 3 2 0 1 4 4 1  901    1 
23 4 0 1 1 0 0 1 2 2 1  815    1 
23 4 0 3 3 3 1 1 4 4 1  646    1 
23 4 0 2 3 3 1 0 4 4 1  595    1 
23 4 1 0 1 3 0 0 1 1 1  898    1 
23 4 0 3 3 3 1 1 4 4 1  534    0 
23 4 1 0 1 1 1 0 1 1 1  799    1 
23 4 0 2 2 2 1 1 3 3 1  614    1 
23 4 0 2 2 1 0 1 3 3 1  589    1 
23 4 1 2 2 2 1 1 3 3 1  756    1 
23 4 0 3 0 0 1 0 1 1 1 1045    1 
23 4 0 1 2 0 0 0 3 3 1  755    1 
23 4 0 1 1 0 0 1 2 2 1  788    1 
23 4 0 1 1 0 0 1 2 2 1  483    1 
23 4 0 1 2 0 0 0 3 3 1  710    1 
23 4 1 1 2 0 0 0 2 2 1  993    1 
23 4 1 3 3 2 0 1 4 4 1  825    1 
23 4 0 3 3 2 0 1 4 4 1  711    1 
23 4 0 3 3 3 1 1 4 4 1  442    1 
23 4 1 1 1 1 1 1 2 2 1  983    1 
23 4 0 2 2 1 0 1 3 3 1  991    1 
23 4 1 0 1 3 0 0 1 1 1  710    1 
23 4 0 2 2 2 1 1 3 3 1  841    1 
23 4 1 0 1 3 0 0 1 1 1  758    1 
23 4 0 0 0 3 0 1 1 1 1  863    1 
23 4 0 0 0 3 0 1 1 1 1  452    1 
23 4 0 0 1 1 1 0 2 2 1 1489    1 
23 4 1 1 1 0 0 1 2 2 1  860    1 
23 4 0 3 3 3 1 1 4 4 1  945    1 
23 4 0 2 3 1 0 0 4 4 1  531    1 
23 4 1 2 3 1 0 0 3 3 1 1061    1 
23 4 0 3 3 2 0 1 4 4 1  657    1 
23 4 1 2 2 2 1 1 3 3 1  654    1 
23 4 0 2 2 2 1 1 3 3 1  859    1 
23 4 0 3 3 3 1 1 4 4 1  520    1 
23 4 0 2 2 2 1 1 3 3 1  778    1 
23 4 0 1 1 0 0 1 2 2 1  650    1 
23 4 0 1 1 1 1 1 2 2 1  671    1 
23 4 0 2 2 2 1 1 3 3 1  707    1 
23 4 0 0 0 0 1 1 1 1 1  678    1 
23 4 0 0 1 1 1 0 2 2 1  802    1 
23 4 0 3 3 2 0 1 4 4 1  721    1 
23 4 1 0 1 1 1 0 1 1 1  779    1 
23 4 0 3 0 0 1 0 1 1 1 1515    1 
23 4 0 2 2 2 1 1 3 3 1  694    1 
23 4 1 2 3 1 0 0 3 3 1 1057    1 
23 4 0 3 0 2 0 0 1 1 1  766    1 
23 4 1 1 1 1 1 1 2 2 1  958    1 
23 4 0 1 2 2 1 0 3 3 1  799    1 
23 4 0 0 0 3 0 1 1 1 1  606    1 
23 4 0 3 0 0 1 0 1 1 1  765    1 
23 4 0 3 0 2 0 0 1 1 1  621    1 
23 4 1 2 2 2 1 1 3 3 1  740    1 
23 4 0 0 1 1 1 0 2 2 1 1061    1 
23 4 0 2 2 1 0 1 3 3 1  658    1 
23 4 0 1 2 2 1 0 3 3 1  487    1 
23 4 0 0 0 3 0 1 1 1 1  578    1 
23 4 1 3 3 2 0 1 4 4 1  802    1 
23 4 1 0 0 3 0 1 1 1 1 1057    1 
23 4 0 3 0 0 1 0 1 1 1  782    1 
23 4 0 2 2 1 0 1 3 3 1  646    1 
23 4 0 1 1 0 0 1 2 2 1  691    1 
23 4 0 3 3 3 1 1 4 4 1  639    1 
23 4 0 1 1 0 0 1 2 2 1  748    1 
23 4 0 1 2 0 0 0 3 3 1 1326    1 
23 4 0 1 2 0 0 0 3 3 1  424    0 
23 4 0 1 2 2 1 0 3 3 1  438    1 
23 4 1 2 2 2 1 1 3 3 1  828    1 
23 4 1 0 1 3 0 0 1 1 1  786    1 
23 4 0 0 0 3 0 1 1 1 1  713    1 
23 4 0 2 3 3 1 0 4 4 1  868    1 
23 4 0 2 2 1 0 1 3 3 1  600    1 
23 4 1 0 1 1 1 0 1 1 1  679    1 
23 4 0 0 1 3 0 0 2 2 1  843    1 
23 4 0 2 3 1 0 0 4 4 1  737    1 
23 4 1 1 1 0 0 1 2 2 1  874    1 
23 4 0 1 1 1 1 1 2 2 1  846    1 
23 4 1 3 3 3 1 1 4 4 1  676    1 
23 4 0 1 2 0 0 0 3 3 1  944    1 
23 4 0 0 1 1 1 0 2 2 1  785    1 
23 4 0 0 0 3 0 1 1 1 1 1032    1 
23 4 1 3 0 2 0 0 4 4 1  821    1 
23 4 0 0 1 3 0 0 2 2 1  708    1 
23 4 0 1 2 0 0 0 3 3 1  630    1 
23 4 1 1 2 0 0 0 2 2 1 1117    1 
23 4 1 2 2 2 1 1 3 3 1  695    1 
23 4 0 3 3 3 1 1 4 4 1  810    1 
23 4 0 1 2 0 0 0 3 3 1 1297    1 
23 4 0 0 1 3 0 0 2 2 1  853    1 
23 4 0 3 3 3 1 1 4 4 1  745    0 
23 4 0 1 2 2 1 0 3 3 1  603    1 
23 4 1 2 3 3 1 0 3 3 1  970    1 
23 4 0 1 2 0 0 0 3 3 1  730    1 
23 4 0 2 3 3 1 0 4 4 1  748    1 
23 4 0 3 0 0 1 0 1 1 1  853    1 
23 4 1 1 1 0 0 1 2 2 1 1186    1 
23 4 0 0 1 1 1 0 2 2 1  714    1 
23 4 0 0 1 1 1 0 2 2 1  468    1 
23 4 0 0 0 3 0 1 1 1 1  593    1 
23 4 0 1 2 2 1 0 3 3 1  672    1 
23 4 0 3 3 3 1 1 4 4 1  508    0 
23 4 0 1 1 0 0 1 2 2 1  783    1 
23 4 0 3 0 0 1 0 1 1 1 1086    1 
23 4 1 2 3 3 1 0 3 3 1  850    1 
23 4 1 1 2 2 1 0 2 2 1 1183    1 
23 4 0 0 1 1 1 0 2 2 1  950    1 
23 4 0 2 2 2 1 1 3 3 1 1159    0 
23 4 1 0 1 3 0 0 1 1 1 1120    1 
23 4 0 2 3 1 0 0 4 4 1 1090    0 
23 4 0 0 1 1 1 0 2 2 1  765    0 
23 4 1 3 0 0 1 0 4 4 1 1046    1 
23 4 1 0 1 1 1 0 1 1 1  859    1 
23 4 0 3 0 0 1 0 1 1 1  848    1 
23 4 0 0 1 1 1 0 2 2 1  877    1 
23 4 1 0 0 3 0 1 1 1 1  625    1 
23 4 0 3 0 2 0 0 1 1 1  928    1 
23 4 0 0 0 0 1 1 1 1 1  474    1 
23 4 0 0 0 0 1 1 1 1 1  422    1 
23 4 1 2 2 1 0 1 3 3 1  860    1 
23 4 0 2 3 1 0 0 4 4 1  913    1 
23 4 0 1 2 2 1 0 3 3 1  852    1 
23 4 0 2 2 2 1 1 3 3 1  720    1 
23 4 1 2 2 2 1 1 3 3 1  619    1 
23 4 0 3 3 3 1 1 4 4 1  537    1 
23 4 0 0 1 1 1 0 2 2 1  674    1 
23 4 0 0 0 0 1 1 1 1 1  654    1 
23 4 0 1 1 0 0 1 2 2 1  739    1 
23 4 0 2 2 2 1 1 3 3 1  756    1 
23 4 0 2 2 2 1 1 3 3 1  557    1 
23 4 0 1 1 1 1 1 2 2 1  846    1 
23 4 0 3 3 2 0 1 4 4 1  652    1 
23 4 0 2 3 1 0 0 4 4 1  448    1 
23 4 1 1 1 1 1 1 2 2 1 1078    1 
23 4 0 2 3 1 0 0 4 4 1  834    1 
23 4 1 3 3 2 0 1 4 4 1  927    1 
23 4 0 3 3 2 0 1 4 4 1  762    1 
23 4 0 2 3 1 0 0 4 4 1  498    0 
23 4 0 3 0 2 0 0 1 1 1  766    1 
23 4 0 3 3 3 1 1 4 4 1  598    1 
23 4 0 1 2 2 1 0 3 3 1 1109    1 
23 4 0 1 2 0 0 0 3 3 1  536    1 
23 4 1 3 0 2 0 0 4 4 1  930    1 
23 4 0 1 1 0 0 1 2 2 1  940    1 
23 4 0 0 0 0 1 1 1 1 1  621    1 
23 4 0 0 0 3 0 1 1 1 1 1051    1 
23 4 0 0 1 1 1 0 2 2 1 1080    1 
23 4 0 2 3 3 1 0 4 4 1  852    0 
23 4 0 1 2 2 1 0 3 3 1 1105    1 
23 4 0 0 0 0 1 1 1 1 1  652    1 
23 4 1 1 2 0 0 0 2 2 1 1081    1 
23 4 1 1 1 1 1 1 2 2 1  837    1 
23 4 0 3 0 0 1 0 1 1 1 1050    1 
23 4 0 1 1 0 0 1 2 2 1  831    1 
