12 1 0 0 3 3 1 0 4 4 1 1881    1 
12 1 0 3 2 2 1 0 3 3 1 1805    1 
12 1 0 3 3 0 0 1 4 4 1  876    1 
12 1 0 0 0 0 1 1 1 1 1 2208    1 
12 1 0 0 3 3 1 0 4 4 1 1911    1 
12 1 0 1 0 0 1 0 1 1 1  634    1 
12 1 1 1 0 2 0 0 2 2 1 1615    1 
12 1 1 3 3 0 0 1 4 4 1 1053    1 
12 1 0 0 3 1 0 0 4 4 1  890    1 
12 1 1 3 3 3 1 1 4 4 1 1070    1 
12 1 0 1 0 0 1 0 1 1 1 1018    1 
12 1 1 3 2 0 0 0 4 4 1 2224    1 
12 1 1 3 2 0 0 0 4 4 1 1446    1 
12 1 1 0 3 1 0 0 1 1 1 1067    1 
12 1 0 1 1 2 0 1 2 2 1 1056    1 
12 1 0 1 0 2 0 0 1 1 1  836    1 
12 1 0 0 0 1 0 1 1 1 1  658    1 
12 1 0 0 0 0 1 1 1 1 1  607    1 
12 1 0 2 1 1 1 0 2 2 1 1141    1 
12 1 0 1 0 0 1 0 1 1 1  575    1 
12 1 1 3 3 3 1 1 4 4 1  951    1 
12 1 0 3 2 2 1 0 3 3 1  904    1 
12 1 0 3 3 3 1 1 4 4 1 1666    1 
12 1 0 2 1 1 1 0 2 2 1 1399    1 
12 1 1 1 1 1 1 1 2 2 1 1101    1 
12 1 0 2 1 3 0 0 2 2 1 1656    1 
12 1 0 3 3 3 1 1 4 4 1 1869    1 
12 1 0 0 3 1 0 0 4 4 1  673    1 
12 1 1 2 2 2 1 1 3 3 1  909    1 
12 1 0 0 3 3 1 0 4 4 1  968    1 
12 1 0 1 1 2 0 1 2 2 1  712    1 
12 1 1 0 3 1 0 0 1 1 1 1427    1 
12 1 0 3 2 0 0 0 3 3 1 1049    1 
12 1 0 1 1 1 1 1 2 2 1  822    0 
12 1 1 1 0 2 0 0 2 2 1 1308    1 
12 1 0 0 3 1 0 0 4 4 1  767    1 
12 1 0 3 2 2 1 0 3 3 1  831    1 
12 1 0 3 3 3 1 1 4 4 1  821    1 
12 1 0 2 1 3 0 0 2 2 1  867    1 
12 1 0 1 0 0 1 0 1 1 1 2527    1 
12 1 1 3 3 0 0 1 4 4 1 1017    1 
12 1 0 0 0 0 1 1 1 1 1 1143    1 
12 1 1 1 1 1 1 1 2 2 1  937    1 
12 1 0 0 3 3 1 0 4 4 1  834    1 
12 1 1 0 3 1 0 0 1 1 1 1272    1 
12 1 1 0 3 1 0 0 1 1 1 1468    1 
12 1 0 2 2 3 0 1 3 3 1  808    1 
12 1 1 3 2 0 0 0 4 4 1  863    1 
12 1 0 2 2 3 0 1 3 3 1  788    1 
12 1 0 2 1 1 1 0 2 2 1  875    1 
12 1 0 2 2 2 1 1 3 3 1  807    1 
12 1 0 1 0 0 1 0 1 1 1 2230    1 
12 1 0 0 0 0 1 1 1 1 1  684    1 
12 1 0 0 3 3 1 0 4 4 1  840    1 
12 1 1 2 1 1 1 0 3 3 1 1325    1 
12 1 0 3 3 0 0 1 4 4 1 1215    1 
12 1 0 1 0 2 0 0 1 1 1  742    1 
12 1 0 1 0 0 1 0 1 1 1 1583    1 
12 1 1 3 3 3 1 1 4 4 1  999    1 
12 1 0 2 1 1 1 0 2 2 1  814    1 
12 1 0 3 3 0 0 1 4 4 1  740    1 
12 1 1 0 3 1 0 0 1 1 1 1278    1 
12 1 0 2 1 1 1 0 2 2 1 1722    1 
12 1 0 0 3 1 0 0 4 4 1  796    1 
12 1 0 2 2 3 0 1 3 3 1  628    1 
12 1 0 1 1 2 0 1 2 2 1  722    0 
12 1 0 2 1 1 1 0 2 2 1  700    1 
12 1 0 3 2 0 0 0 3 4 0  583    1 
12 1 1 3 3 3 1 1 4 4 1 1196    1 
12 1 0 2 1 3 0 0 2 2 1  667    1 
12 1 0 2 1 1 1 0 2 2 1  848    1 
12 1 1 3 3 0 0 1 4 4 1 1309    1 
12 1 0 2 2 3 0 1 3 3 1  672    1 
12 1 1 1 0 0 1 0 2 2 1 1236    1 
12 1 0 3 2 0 0 0 3 3 1  825    1 
12 1 0 3 3 3 1 1 4 4 1  543    1 
12 1 1 0 3 1 0 0 1 1 1 1225    1 
12 1 0 1 1 1 1 1 2 2 1  655    1 
12 1 0 2 2 2 1 1 3 3 1  612    1 
12 1 0 2 1 1 1 0 2 2 1  666    1 
12 1 0 3 3 0 0 1 4 4 1  847    0 
12 1 0 0 3 1 0 0 4 4 1  788    1 
12 1 0 1 0 2 0 0 1 2 0  715    1 
12 1 1 1 1 2 0 1 2 2 1 1684    1 
12 1 0 0 3 1 0 0 4 4 1  719    1 
12 1 0 2 2 2 1 1 3 3 1  881    0 
12 1 0 3 2 0 0 0 3 3 1  949    1 
12 1 0 3 3 0 0 1 4 4 1  606    1 
12 1 0 1 0 2 0 0 1 1 1  733    1 
12 1 0 0 0 0 1 1 1 1 1  702    1 
12 1 0 1 0 2 0 0 1 1 1  625    1 
12 1 0 3 2 2 1 0 3 3 1  695    0 
12 1 1 2 2 3 0 1 3 3 1 1139    1 
12 1 0 3 3 3 1 1 4 4 1  572    1 
12 1 0 1 1 1 1 1 2 2 1  724    1 
12 1 0 3 2 0 0 0 3 3 1  758    1 
12 1 0 1 1 2 0 1 2 2 1  823    1 
12 1 0 0 0 1 0 1 1 1 1  749    1 
12 1 0 3 2 2 1 0 3 3 1 1086    1 
12 1 0 3 3 0 0 1 4 4 1  625    1 
12 1 0 2 1 3 0 0 2 2 1  799    1 
12 1 0 1 1 2 0 1 2 2 1  662    1 
12 1 0 1 0 0 1 0 1 1 1  594    1 
12 1 0 3 3 3 1 1 4 4 1  602    1 
12 1 0 0 0 1 0 1 1 1 1  664    1 
12 1 1 2 1 3 0 0 3 3 1  909    1 
12 1 0 2 1 3 0 0 2 2 1 1040    1 
12 1 0 2 2 2 1 1 3 3 1  845    1 
12 1 0 1 1 1 1 1 2 2 1  675    1 
12 1 0 2 1 1 1 0 2 2 1  495    1 
12 1 0 2 1 1 1 0 2 2 1  602    1 
12 1 1 3 3 3 1 1 4 4 1 1121    1 
12 1 1 1 0 2 0 0 2 2 1 1155    1 
12 1 0 2 2 3 0 1 3 3 1  644    1 
12 1 0 2 1 3 0 0 2 2 1  794    1 
12 1 0 2 2 3 0 1 3 3 1  801    1 
12 1 1 0 3 1 0 0 1 1 1 1488    1 
12 1 0 0 0 0 1 1 1 1 1  715    1 
12 1 0 2 2 2 1 1 3 3 1  622    1 
12 1 0 1 1 1 1 1 2 2 1  580    1 
12 1 0 0 0 1 0 1 1 1 1  636    1 
12 1 0 1 1 2 0 1 2 2 1 1170    1 
12 1 1 0 3 3 1 0 1 1 1 1714    0 
12 1 0 3 2 2 1 0 3 3 1  741    1 
12 1 1 1 1 2 0 1 2 1 0  830    1 
12 1 0 0 0 0 1 1 1 1 1  730    1 
12 1 1 3 3 3 1 1 4 4 1  948    1 
12 1 0 1 1 1 1 1 2 2 1  534    1 
12 1 0 1 0 2 0 0 1 1 1  687    1 
12 1 1 0 3 1 0 0 1 1 1 1098    1 
12 1 0 3 2 2 1 0 3 3 1 2726    1 
12 1 1 1 0 0 1 0 2 2 1 1080    1 
12 1 0 1 0 2 0 0 1 1 1  772    1 
12 1 0 0 3 1 0 0 4 4 1  756    1 
12 1 1 3 2 0 0 0 4 4 1 1413    1 
12 1 0 3 3 3 1 1 4 4 1  548    1 
12 1 0 0 3 3 1 0 4 4 1 1101    1 
12 1 0 1 0 2 0 0 1 2 0  552    1 
12 1 0 2 2 2 1 1 3 3 1  727    1 
12 1 0 3 3 3 1 1 4 4 1  529    1 
12 1 1 2 2 2 1 1 3 3 1 1123    1 
12 1 0 0 3 1 0 0 4 4 1  949    1 
12 1 1 3 2 0 0 0 4 4 1 2278    1 
12 1 0 1 1 2 0 1 2 2 1  714    1 
12 1 0 1 0 0 1 0 1 1 1  605    1 
12 1 0 3 3 3 1 1 4 4 1  548    1 
12 1 0 2 2 2 1 1 3 3 1  629    0 
12 1 0 3 3 0 0 1 4 4 1  523    0 
12 1 0 0 0 0 1 1 1 1 1  549    1 
12 1 0 3 3 3 1 1 4 4 1  470    1 
12 1 1 1 1 1 1 1 2 2 1  914    1 
12 1 0 2 2 3 0 1 3 3 1  685    1 
12 1 1 0 3 1 0 0 1 1 1 1056    1 
12 1 1 3 2 0 0 0 4 4 1  949    1 
12 1 0 0 0 1 0 1 1 1 1 1086    1 
12 1 0 1 1 1 1 1 2 2 1  577    1 
12 1 1 2 1 1 1 0 3 3 1 1353    1 
12 1 0 1 1 1 1 1 2 2 1  642    1 
12 1 1 3 3 0 0 1 4 4 1 1056    1 
12 1 0 2 2 2 1 1 3 3 1  612    1 
12 1 0 2 1 3 0 0 2 2 1 1019    1 
12 1 0 0 0 1 0 1 1 1 1  633    1 
12 1 1 0 0 1 0 1 1 1 1 1071    1 
12 1 1 1 1 2 0 1 2 2 1  963    1 
12 1 0 1 1 2 0 1 2 2 1  700    1 
12 1 0 0 0 1 0 1 1 1 1  798    1 
12 1 0 1 1 1 1 1 2 2 1 1254    1 
12 1 0 3 3 0 0 1 4 4 1 1195    1 
12 1 0 0 0 0 1 1 1 1 1  666    1 
12 1 0 2 2 2 1 1 3 3 1  854    1 
12 1 0 2 2 2 1 1 3 3 1  635    1 
12 1 0 1 0 0 1 0 1 1 1 1600    1 
12 1 0 0 3 1 0 0 4 4 1 1711    1 
12 1 1 1 0 0 1 0 2 2 1 1034    1 
12 1 0 2 2 2 1 1 3 3 1  624    0 
12 1 0 0 0 0 1 1 1 1 1  734    1 
12 1 0 0 3 3 1 0 4 4 1 1239    1 
12 1 0 2 1 1 1 0 2 2 1  837    1 
12 1 1 0 3 1 0 0 1 1 1 1162    1 
12 1 0 3 3 0 0 1 4 4 1 1587    1 
12 1 0 2 1 1 1 0 2 2 1 1226    1 
12 1 0 0 0 0 1 1 1 1 1  640    1 
12 1 0 2 2 3 0 1 3 3 1  718    1 
12 1 1 2 2 2 1 1 3 3 1 1120    0 
12 1 0 2 1 1 1 0 2 2 1  666    1 
12 1 0 1 1 1 1 1 2 2 1  542    1 
12 1 0 0 0 1 0 1 1 1 1  640    1 
12 1 0 2 1 3 0 0 2 2 1  701    1 
12 1 0 1 0 2 0 0 1 1 1  600    1 
12 1 0 0 3 1 0 0 4 4 1  711    1 
12 1 0 2 1 3 0 0 2 2 1  873    1 
12 1 1 3 2 0 0 0 4 4 1 1101    1 
12 2 0 2 3 1 0 0 4 4 1 3609    1 
12 2 0 3 3 3 1 1 4 4 1  952    1 
12 2 1 0 0 0 1 1 1 1 1 1880    1 
12 2 0 0 1 3 0 0 2 2 1  893    1 
12 2 0 2 2 1 0 1 3 3 1  856    1 
12 2 0 2 2 1 0 1 3 3 1  613    1 
12 2 1 2 3 1 0 0 3 3 1 1012    1 
12 2 0 0 1 1 1 0 2 2 1 1130    1 
12 2 0 1 1 1 1 1 2 2 1  484    1 
12 2 0 1 2 2 1 0 3 4 0  640    1 
12 2 0 3 0 2 0 0 1 1 1  867    1 
12 2 0 2 3 1 0 0 4 4 1  815    1 
12 2 0 1 1 1 1 1 2 2 1  702    1 
12 2 0 0 0 3 0 1 1 1 1  616    1 
12 2 0 0 0 3 0 1 1 1 1  446    1 
12 2 0 3 0 0 1 0 1 1 1  692    0 
12 2 0 3 0 0 1 0 1 1 1  504    0 
12 2 0 0 1 3 0 0 2 2 1  722    1 
12 2 1 0 1 3 0 0 1 1 1 1236    1 
12 2 0 0 0 3 0 1 1 1 1  730    1 
12 2 1 3 0 2 0 0 4 4 1 1060    1 
12 2 0 1 1 1 1 1 2 2 1  752    1 
12 2 0 1 1 1 1 1 2 2 1  473    1 
12 2 0 2 3 1 0 0 4 4 1  941    1 
12 2 0 0 0 0 1 1 1 1 1  559    1 
12 2 0 3 0 0 1 0 1 1 1  944    1 
12 2 0 1 2 2 1 0 3 3 1  841    1 
12 2 0 1 1 0 0 1 2 2 1  726    1 
12 2 1 3 3 3 1 1 4 4 1  929    1 
12 2 0 2 3 1 0 0 4 4 1  659    1 
12 2 1 0 0 0 1 1 1 1 1  887    1 
12 2 1 2 2 1 0 1 3 3 1 1203    1 
12 2 1 1 1 1 1 1 2 2 1  802    1 
12 2 0 3 3 2 0 1 4 4 1  712    1 
12 2 0 1 2 2 1 0 3 3 1  867    1 
12 2 0 0 0 3 0 1 1 1 1  575    1 
12 2 0 3 3 3 1 1 4 4 1  743    1 
12 2 1 2 3 3 1 0 3 3 1 1065    1 
12 2 0 0 1 3 0 0 2 2 1  862    1 
12 2 1 2 3 3 1 0 3 3 1  714    1 
12 2 0 1 1 0 0 1 2 2 1  653    1 
12 2 1 1 2 0 0 0 2 2 1 1650    1 
12 2 0 2 3 1 0 0 4 4 1  759    1 
12 2 0 0 0 0 1 1 1 1 1  591  150 
12 2 0 2 3 1 0 0 4 3 0  639    0 
12 2 0 3 0 0 1 0 1 1 1  930    1 
12 2 1 2 2 1 0 1 3 3 1  868    1 
12 2 0 2 3 3 1 0 4 4 1  737    1 
12 2 0 0 1 1 1 0 2 2 1  922    1 
12 2 1 3 3 2 0 1 4 4 1  868    0 
12 2 1 2 3 1 0 0 3 3 1  784    1 
12 2 0 3 0 2 0 0 1 1 1  920    1 
12 2 0 3 0 0 1 0 1 1 1  722    1 
12 2 0 0 0 3 0 1 1 1 1  564    1 
12 2 1 3 0 2 0 0 4 4 1  981    1 
12 2 0 0 0 0 1 1 1 1 1  597    1 
12 2 0 2 3 3 1 0 4 4 1  772    1 
12 2 0 0 0 3 0 1 1 1 1  548    1 
12 2 0 1 1 1 1 1 2 2 1  558    1 
12 2 0 2 2 1 0 1 3 3 1  758    1 
12 2 0 3 0 2 0 0 1 1 1  743    1 
12 2 0 0 1 1 1 0 2 2 1  625    1 
12 2 0 0 1 3 0 0 2 2 1 1079    0 
12 2 1 0 0 3 0 1 1 1 1 1051    1 
12 2 1 2 2 1 0 1 3 3 1 1488    1 
12 2 1 3 0 0 1 0 4 4 1 1635    1 
12 2 1 1 2 0 0 0 2 2 1  873    1 
12 2 1 3 3 3 1 1 4 4 1  789    1 
12 2 0 1 1 1 1 1 2 2 1  652    1 
12 2 0 0 1 3 0 0 2 2 1  569    1 
12 2 0 1 1 1 1 1 2 2 1  529    1 
12 2 0 2 2 1 0 1 3 3 1  635    1 
12 2 0 1 1 0 0 1 2 2 1  712    1 
12 2 1 2 3 3 1 0 3 3 1  931    1 
12 2 0 2 2 2 1 1 3 3 1  701    1 
12 2 0 0 0 0 1 1 1 1 1  560    1 
12 2 0 1 1 1 1 1 2 2 1  697    1 
12 2 0 1 2 2 1 0 3 3 1 1140    1 
12 2 0 2 3 1 0 0 4 4 1  782    1 
12 2 0 2 3 1 0 0 4 4 1  742    1 
12 2 0 0 1 1 1 0 2 2 1 1127    1 
12 2 1 1 1 0 0 1 2 2 1  737    1 
12 2 0 0 0 3 0 1 1 1 1  771    1 
12 2 0 2 2 1 0 1 3 3 1  763    1 
12 2 0 1 1 0 0 1 2 2 1  660    1 
12 2 0 3 0 0 1 0 1 1 1 1209    0 
12 2 0 0 1 1 1 0 2 2 1 1031    1 
12 2 0 1 1 1 1 1 2 2 1  541    1 
12 2 0 2 2 1 0 1 3 3 1  607    1 
12 2 1 2 3 3 1 0 3 3 1 1086    1 
12 2 0 3 0 2 0 0 1 1 1 1169    1 
12 2 1 1 1 1 1 1 2 2 1 1105    1 
12 2 0 1 1 1 1 1 2 2 1  628    1 
12 2 1 1 1 1 1 1 2 2 1  850    1 
12 2 0 0 1 3 0 0 2 2 1  671    1 
12 2 0 0 0 3 0 1 1 1 1  691    1 
12 2 0 2 3 3 1 0 4 4 1 1094    1 
12 2 0 0 1 3 0 0 2 2 1  706    1 
12 2 1 2 3 3 1 0 3 3 1 1245    1 
12 2 1 1 2 2 1 0 2 2 1 2242    1 
12 2 0 0 0 0 1 1 1 1 1  616    1 
12 2 0 0 0 3 0 1 1 1 1  414    0 
12 2 0 3 0 0 1 0 1 1 1  676    1 
12 2 1 2 2 2 1 1 3 3 1  665    1 
12 2 0 1 1 0 0 1 2 2 1  669    1 
12 2 0 0 1 3 0 0 2 2 1 1649    1 
12 2 0 0 1 3 0 0 2 2 1  454    1 
12 2 0 3 3 2 0 1 4 4 1  603    1 
12 2 0 2 3 3 1 0 4 4 1  954    1 
12 2 1 2 3 1 0 0 3 3 1 1187    1 
12 2 0 3 3 3 1 1 4 4 1  730    1 
12 2 0 2 3 3 1 0 4 4 1  644    1 
12 2 0 0 0 3 0 1 1 1 1  553    1 
12 2 0 1 1 1 1 1 2 2 1  666    1 
12 2 0 3 3 3 1 1 4 4 1  574    1 
12 2 1 0 1 1 1 0 1 1 1 1166    1 
12 2 1 0 1 3 0 0 1 1 1 1247    1 
12 2 0 2 2 1 0 1 3 3 1  996    1 
12 2 0 1 2 2 1 0 3 3 1  835    1 
12 2 1 2 2 2 1 1 3 3 1 1249    1 
12 2 0 1 1 0 0 1 2 2 1  758    1 
12 2 0 3 0 2 0 0 1 1 1  974    1 
12 2 0 1 2 2 1 0 3 3 1 1719    1 
12 2 0 3 3 2 0 1 4 4 1  601    1 
12 2 0 2 3 1 0 0 4 4 1  976    1 
12 2 0 0 1 3 0 0 2 2 1  888    1 
12 2 0 3 3 3 1 1 4 4 1  627    1 
12 2 0 1 2 2 1 0 3 3 1  961    1 
12 2 0 1 2 0 0 0 3 3 1  826    1 
12 2 0 2 3 1 0 0 4 4 1  576    1 
12 2 1 0 0 0 1 1 1 1 1  816    1 
12 2 0 3 0 0 1 0 1 1 1 1278    1 
12 2 0 1 1 1 1 1 2 2 1  674    0 
12 2 0 0 0 0 1 1 1 1 1  622    1 
12 2 0 0 0 0 1 1 1 1 1  581    1 
12 2 0 3 0 0 1 0 1 1 1  541    1 
12 2 0 0 1 3 0 0 2 2 1  494    1 
12 2 0 3 3 3 1 1 4 4 1  529    0 
12 2 0 1 1 0 0 1 2 2 1  716    1 
12 2 0 1 2 0 0 0 3 3 1 1270    1 
12 2 0 3 0 2 0 0 1 1 1  922    1 
12 2 0 0 1 3 0 0 2 2 1  644    1 
12 2 0 0 1 3 0 0 2 2 1  577    1 
12 2 1 0 0 0 1 1 1 1 1  857    1 
12 2 0 3 3 3 1 1 4 4 1  534    1 
12 2 1 2 3 1 0 0 3 3 1 1272    1 
12 2 0 3 0 2 0 0 1 1 1  940    1 
12 2 1 3 0 2 0 0 4 4 1 1093    1 
12 2 1 3 0 0 1 0 4 4 1 1129    1 
12 2 1 2 3 3 1 0 3 3 1  755    1 
12 2 0 0 0 3 0 1 1 1 1  692    1 
12 2 1 1 1 0 0 1 2 2 1  975    1 
12 2 0 1 1 1 1 1 2 2 1  543    0 
12 2 0 3 3 3 1 1 4 4 1  521    1 
12 2 0 3 0 2 0 0 1 1 1  779    1 
12 2 0 2 2 1 0 1 3 3 1  699    1 
12 2 1 3 3 2 0 1 4 4 1 1021    1 
12 2 0 3 0 2 0 0 1 1 1  948    1 
12 2 0 1 1 1 1 1 2 2 1  581    1 
12 2 0 1 1 1 1 1 2 2 1  613    1 
12 2 1 0 0 3 0 1 1 1 1  924    1 
12 2 0 2 2 2 1 1 3 3 1  598    1 
12 2 0 3 0 0 1 0 1 1 1  701    1 
12 2 0 0 0 3 0 1 1 1 1  680    1 
12 2 0 1 2 2 1 0 3 3 1  988    1 
12 2 0 2 3 1 0 0 4 4 1  740    1 
12 2 0 2 2 2 1 1 3 3 1 1349    1 
12 2 0 2 2 1 0 1 3 3 1  662    1 
12 2 0 1 1 0 0 1 2 1 0  619    1 
12 2 0 1 2 2 1 0 3 3 1  719    1 
12 2 0 2 2 2 1 1 3 3 1  521    1 
12 2 0 3 0 0 1 0 1 1 1  747    1 
12 2 0 0 0 0 1 1 1 1 1  556    0 
12 2 1 2 2 2 1 1 3 3 1  989    1 
12 2 0 3 3 2 0 1 4 4 1  661    1 
12 2 1 3 3 3 1 1 4 4 1  929    1 
12 2 0 1 1 1 1 1 2 2 1  668    1 
12 2 0 2 3 1 0 0 4 4 1  824    1 
12 2 1 3 3 2 0 1 4 4 1  926    1 
12 2 0 1 2 2 1 0 3 3 1 1120    1 
12 2 0 0 1 1 1 0 2 2 1 1586    1 
12 2 1 1 2 2 1 0 2 2 1 1425    1 
12 2 1 2 3 3 1 0 3 3 1 2400    1 
12 2 1 3 0 2 0 0 4 4 1 1070    1 
12 2 0 3 0 2 0 0 1 1 1 1419    1 
12 2 1 3 0 2 0 0 4 4 1 1121    1 
12 2 0 1 2 0 0 0 3 3 1 1387    1 
12 2 0 1 1 0 0 1 2 2 1  658    1 
12 2 0 3 3 3 1 1 4 4 1  759    1 
12 2 0 3 3 3 1 1 4 4 1  640    1 
12 2 0 2 3 3 1 0 4 4 1  437    1 
12 2 0 1 1 0 0 1 2 2 1  579    1 
12 3 0 3 3 3 1 1 4 4 1 3012    1 
12 3 1 3 1 1 0 0 4 4 1 1131    0 
12 3 1 0 2 2 0 0 1 1 1  941    1 
12 3 0 1 1 1 1 1 2 2 1  695    1 
12 3 0 2 2 0 0 1 3 3 1  754    1 
12 3 0 2 2 0 0 1 3 3 1  515    1 
12 3 0 3 1 1 1 0 2 2 1  830    1 
12 3 0 2 0 0 1 0 1 1 1  724    1 
12 3 0 2 2 2 1 1 3 3 1  590    1 
12 3 0 0 0 2 0 1 1 1 1  613    1 
12 3 0 0 0 0 1 1 1 1 1  516    1 
12 3 0 2 0 0 0 0 1 1 1  438    1 
12 3 1 2 2 0 0 1 3 3 1 1548    1 
12 3 0 2 0 0 0 0 1 1 1  829    1 
12 3 0 3 3 3 1 1 4 4 1  555    1 
12 3 0 1 3 3 1 0 4 4 1  660    1 
12 3 0 3 3 1 0 1 4 4 1  745    1 
12 3 1 1 1 3 0 1 2 2 1 1010    1 
12 3 0 0 2 2 1 0 3 3 1  881    1 
12 3 0 1 1 1 1 1 2 2 1  821    1 
12 3 0 1 1 1 1 1 2 2 1  507    1 
12 3 1 1 1 3 0 1 2 2 1 1086    1 
12 3 1 0 0 0 1 1 1 1 1  769    1 
12 3 1 3 1 1 0 0 4 4 1 1122    1 
12 3 0 2 0 0 1 0 1 1 1  964    1 
12 3 1 2 2 2 1 1 3 3 1 1076    1 
12 3 0 0 2 2 1 0 3 3 1 1409    1 
12 3 0 2 0 0 1 0 1 1 1  655    1 
12 3 1 0 2 2 0 0 1 1 1 1060    1 
12 3 0 3 1 1 0 0 2 2 1 1385    1 
12 3 0 2 2 2 1 1 3 3 1  600    1 
12 3 0 3 3 3 1 1 4 4 1  391    1 
12 3 1 1 1 3 0 1 2 2 1  887    1 
12 3 0 0 0 0 1 1 1 1 1  498    1 
12 3 0 2 0 0 1 0 1 1 1  493    1 
12 3 1 3 1 1 0 0 4 4 1  841    1 
12 3 0 3 1 1 0 0 2 2 1 1054    1 
12 3 1 0 0 0 1 1 1 1 1 1267    1 
12 3 0 2 0 0 1 0 1 1 1  455    1 
12 3 0 0 0 0 1 1 1 1 1  628    1 
12 3 0 0 2 2 1 0 3 3 1  626    1 
12 3 0 1 3 3 1 0 4 4 1  720    1 
12 3 0 3 3 1 0 1 4 4 1  938    1 
12 3 0 0 2 2 0 0 3 3 1  804    1 
12 3 1 1 1 1 1 1 2 2 1  898    1 
12 3 0 0 0 2 0 1 1 1 1 2206    0 
12 3 0 0 2 2 0 0 3 3 1  749    1 
12 3 0 2 0 0 1 0 1 1 1  974    1 
12 3 0 3 3 1 0 1 4 4 1 4422    1 
12 3 0 1 1 3 0 1 2 2 1  804    1 
12 3 0 3 1 1 1 0 2 2 1 3155    0 
12 3 0 1 3 3 0 0 4 4 1  692    1 
12 3 0 1 1 3 0 1 2 2 1  679    0 
12 3 1 0 0 2 0 1 1 1 1 1091    1 
12 3 1 2 0 0 0 0 3 3 1  967    1 
12 3 0 3 1 1 0 0 2 2 1  839    1 
12 3 0 0 2 2 0 0 3 3 1  788    0 
12 3 0 1 3 3 0 0 4 4 1  628    1 
12 3 1 1 3 3 0 0 2 2 1 1106    1 
12 3 0 1 3 3 0 0 4 4 1 1124    1 
12 3 0 1 1 3 0 1 2 2 1  647    1 
12 3 0 3 1 1 1 0 2 2 1  556    1 
12 3 1 0 0 2 0 1 1 1 1  789    1 
12 3 0 0 2 2 1 0 3 3 1  980    0 
12 3 0 2 0 0 1 0 1 1 1  732    1 
12 3 1 3 3 1 0 1 4 4 1  974    1 
12 3 0 0 0 2 0 1 1 1 1  638    1 
12 3 1 0 0 0 1 1 1 1 1  723    1 
12 3 0 3 3 3 1 1 4 4 1  541    1 
12 3 0 0 0 0 1 1 1 2 0  591    1 
12 3 0 2 2 0 0 1 3 3 1 1300    1 
12 3 0 0 0 2 0 1 1 1 1  623    1 
12 3 0 0 2 2 1 0 3 3 1 1173    1 
12 3 0 1 3 3 1 0 4 4 1  733    1 
12 3 1 2 2 2 1 1 3 3 1  983    1 
12 3 0 1 1 1 1 1 2 2 1  694    1 
12 3 0 0 0 0 1 1 1 1 1  626    1 
12 3 1 2 2 2 1 1 3 3 1 1968    1 
12 3 1 3 3 3 1 1 4 4 1  872    1 
12 3 0 0 0 2 0 1 1 1 1  612    1 
12 3 0 0 0 0 1 1 1 1 1  475    1 
12 3 0 1 3 3 0 0 4 4 1  799    1 
12 3 1 1 3 3 1 0 2 2 1  854    1 
12 3 0 0 0 2 0 1 1 1 1  626    1 
12 3 0 3 3 3 1 1 4 4 1  537    1 
12 3 0 2 2 0 0 1 3 3 1  834    1 
12 3 0 2 0 0 1 0 1 1 1  823    1 
12 3 1 1 3 3 0 0 2 2 1  853    1 
12 3 1 1 1 3 0 1 2 2 1 1202    0 
12 3 0 1 1 3 0 1 2 2 1  505    1 
12 3 0 1 3 3 1 0 4 4 1  556    1 
12 3 0 0 0 0 1 1 1 1 1  533    1 
12 3 1 1 3 3 1 0 2 2 1 1038    3 
12 3 1 3 1 1 1 0 4 4 1 1363    1 
12 3 0 0 2 2 1 0 3 3 1 1076    1 
12 3 0 0 0 2 0 1 1 1 1  568    1 
12 3 0 0 2 2 1 0 3 3 1  520    1 
12 3 1 1 1 1 1 1 2 2 1  731    1 
12 3 0 3 3 3 1 1 4 4 1  493    1 
12 3 0 3 1 1 0 0 2 2 1 1520    1 
12 3 1 3 1 1 0 0 4 4 1  794    1 
12 3 0 3 1 1 1 0 2 4 0  578    1 
12 3 0 2 2 2 1 1 3 3 1  704    1 
12 3 0 3 1 1 0 0 2 2 1 1570    1 
12 3 0 3 1 1 1 0 2 2 1  891    1 
12 3 0 1 3 3 1 0 4 4 1  934    1 
12 3 0 3 3 3 1 1 4 4 1  728    1 
12 3 0 0 2 2 1 0 3 3 1  962    1 
12 3 0 0 0 2 0 1 1 1 1  730    1 
12 3 0 0 2 2 0 0 3 3 1  948    1 
12 3 0 0 2 2 1 0 3 3 1 1070    1 
12 3 1 3 3 3 1 1 4 4 1  722    1 
12 3 0 3 3 3 1 1 4 4 1  460    1 
12 3 0 2 2 0 0 1 3 3 1  617    1 
12 3 0 3 3 1 0 1 4 4 1  639    1 
12 3 0 0 2 2 0 0 3 3 1  980    1 
12 3 0 1 3 3 1 0 4 4 1  573    1 
12 3 0 2 2 2 1 1 3 3 1  605    1 
12 3 0 3 1 1 0 0 2 2 1  859    1 
12 3 1 3 1 1 0 0 4 4 1  920    1 
12 3 0 1 1 3 0 1 2 2 1  754    0 
12 3 0 2 0 0 1 0 1 1 1  771    1 
12 3 0 1 3 3 0 0 4 4 1  675    1 
12 3 0 3 1 1 0 0 2 2 1  759    1 
12 3 0 0 2 2 0 0 3 3 1 1008    1 
12 3 0 2 0 0 1 0 1 1 1  751    1 
12 3 0 2 0 0 1 0 1 1 1  624    1 
12 3 1 3 3 3 1 1 4 4 1  678    1 
12 3 1 3 1 1 0 0 4 2 0  906    1 
12 3 0 2 2 0 0 1 3 3 1  643    1 
12 3 0 2 0 0 0 0 1 1 1  776    1 
12 3 0 1 1 3 0 1 2 2 1  688    1 
12 3 0 3 1 1 0 0 2 2 1 1340    1 
12 3 0 0 0 2 0 1 1 1 1  621    1 
12 3 0 1 3 3 1 0 4 4 1  883    1 
12 3 0 3 1 1 0 0 2 2 1  719    1 
12 3 0 2 2 2 1 1 3 3 1  657    1 
12 3 1 3 3 3 1 1 4 4 1  741    1 
12 3 0 2 2 0 0 1 3 3 1  631    1 
12 3 1 2 0 0 1 0 3 3 1 1317    1 
12 3 0 3 3 1 0 1 4 4 1  663    1 
12 3 1 0 0 0 1 1 1 1 1 1004    1 
12 3 0 2 0 0 0 0 1 1 1  995    1 
12 3 1 0 0 2 0 1 1 1 1  858    1 
12 3 1 2 0 0 0 0 3 3 1  951    1 
12 3 0 1 3 3 0 0 4 4 1  903    1 
12 3 0 3 1 1 1 0 2 2 1  682    1 
12 3 0 2 0 0 1 0 1 1 1  766    1 
12 3 1 0 0 2 0 1 1 1 1  982    1 
12 3 0 2 0 0 0 0 1 1 1  709    1 
12 3 0 1 3 3 1 0 4 4 1  824    1 
12 3 0 1 1 1 1 1 2 2 1  606    1 
12 3 0 3 1 1 1 0 2 2 1  557    1 
12 3 0 3 3 3 1 1 4 4 1  590    1 
12 3 0 3 3 3 1 1 4 4 1  701    1 
12 3 0 0 2 2 1 0 3 3 1  832    1 
12 3 0 3 3 1 0 1 4 4 1  653    0 
12 3 0 3 1 1 0 0 2 2 1  634    1 
12 3 1 0 2 2 0 0 1 1 1  848    1 
12 3 0 0 0 0 1 1 1 1 1  829    1 
12 3 0 1 3 3 1 0 4 4 1  763    1 
12 3 0 2 0 0 0 0 1 1 1  780    1 
12 3 0 0 0 2 0 1 1 1 1  548    1 
12 3 0 2 2 2 1 1 3 3 1 1213    1 
12 3 0 1 1 3 0 1 2 2 1  860    1 
12 3 0 2 0 0 1 0 1 1 1  793    1 
12 3 0 1 1 3 0 1 2 2 1  632    1 
12 3 1 2 2 2 1 1 3 3 1 1270    1 
12 3 1 2 0 0 0 0 3 3 1  978    1 
12 3 0 0 0 2 0 1 1 1 1  594    0 
12 3 0 1 3 3 1 0 4 4 1  946    1 
12 3 0 2 2 0 0 1 3 3 1  747    1 
12 3 0 1 3 3 0 0 4 4 1  804    1 
12 3 0 1 1 1 1 1 2 2 1  867    1 
12 3 0 2 0 0 1 0 1 1 1 2383    1 
12 3 0 1 3 3 0 0 4 4 1  959    1 
12 3 0 1 3 3 1 0 4 4 1  432    1 
12 3 1 1 1 1 1 1 2 2 1  774    1 
12 3 0 1 3 3 1 0 4 4 1  774    1 
12 3 1 3 3 1 0 1 4 4 1 1374    1 
12 3 0 2 2 0 0 1 3 3 1  558    0 
12 3 0 1 1 1 1 1 2 2 1  687    1 
12 3 0 0 0 2 0 1 1 1 1  770    1 
12 3 1 2 0 0 0 0 3 3 1 1074    1 
12 3 0 3 1 1 0 0 2 2 1  943    1 
12 3 1 2 2 0 0 1 3 3 1 1416    1 
12 3 0 1 3 3 0 0 4 4 1 2222    1 
12 3 1 3 3 1 0 1 4 4 1 1236    1 
12 3 0 1 1 1 1 1 2 2 1  618    1 
12 3 0 0 2 2 1 0 3 3 1  960    0 
12 3 1 2 2 0 0 1 3 3 1  889    1 
12 3 0 2 0 0 1 0 1 1 1  764    1 
12 4 1 2 2 2 1 1 3 3 1 2005    1 
12 4 0 2 2 1 0 1 3 3 1  852    1 
12 4 0 0 0 0 1 1 1 1 1  633    1 
12 4 0 1 1 0 0 1 2 2 1  750    1 
12 4 0 3 0 2 0 0 1 1 1  943    1 
12 4 1 1 1 0 0 1 2 2 1 1120    1 
12 4 1 2 2 1 0 1 3 3 1 1002    1 
12 4 0 0 0 3 0 1 1 1 1  593    1 
12 4 0 3 3 2 0 1 4 4 1  633    1 
12 4 0 0 1 1 1 0 2 2 1  894    1 
12 4 0 1 2 2 1 0 3 3 1  898    1 
12 4 1 0 0 3 0 1 1 1 1  861    1 
12 4 0 0 0 0 1 1 1 1 1  442    1 
12 4 0 3 0 2 0 0 1 1 1  455    0 
12 4 0 3 0 2 0 0 1 1 1  452    1 
12 4 1 2 2 2 1 1 3 3 1  753    1 
12 4 0 0 1 3 0 0 2 2 1  681    0 
12 4 0 2 3 1 0 0 4 4 1  685    1 
12 4 0 1 2 2 1 0 3 3 1  833    1 
12 4 0 0 1 1 1 0 2 2 1 1150    1 
12 4 1 0 0 3 0 1 1 1 1 1023    1 
12 4 0 0 1 1 1 0 2 2 1  813    1 
12 4 0 0 0 3 0 1 1 1 1  588    1 
12 4 0 1 1 0 0 1 2 2 1  771    1 
12 4 0 0 0 3 0 1 1 1 1  595    1 
12 4 0 0 1 1 1 0 2 2 1  579    1 
12 4 0 1 2 0 0 0 3 3 1  739    1 
12 4 0 0 0 3 0 1 1 1 1  580    0 
12 4 0 1 2 0 0 0 3 3 1 1349    1 
12 4 0 0 1 3 0 0 2 2 1  846    1 
12 4 0 0 0 0 1 1 1 1 1  635    1 
12 4 0 0 0 3 0 1 1 1 1  729    1 
12 4 0 3 3 3 1 1 4 4 1  499    1 
12 4 0 3 0 0 1 0 1 1 1  614    1 
12 4 0 2 2 2 1 1 3 3 1  653    1 
12 4 0 1 2 2 1 0 3 3 1  737    1 
12 4 0 1 2 2 1 0 3 3 1  531    1 
12 4 0 2 3 1 0 0 4 4 1  637    1 
12 4 0 3 3 2 0 1 4 4 1  682    1 
12 4 0 2 2 2 1 1 3 3 1  798    1 
12 4 1 0 0 0 1 1 1 1 1  933    1 
12 4 1 2 2 1 0 1 3 3 1 1246    1 
12 4 1 2 3 1 0 0 3 3 1 1156    1 
12 4 1 3 3 2 0 1 4 4 1 1349    1 
12 4 1 2 2 1 0 1 3 3 1  806    1 
12 4 0 3 0 2 0 0 1 1 1 1068    1 
12 4 0 0 0 3 0 1 1 1 1  688    1 
12 4 0 3 3 3 1 1 4 4 1  604    1 
12 4 0 2 2 1 0 1 3 3 1  691    1 
12 4 0 3 0 0 1 0 1 1 1  694    1 
12 4 0 1 2 0 0 0 3 3 1  809    1 
12 4 0 1 2 2 1 0 3 3 1  888    1 
12 4 0 2 3 3 1 0 4 4 1  532    1 
12 4 1 1 2 2 1 0 2 2 1 1006    1 
12 4 0 2 2 1 0 1 3 3 1 1453    1 
12 4 1 3 3 2 0 1 4 4 1  985    1 
12 4 0 1 1 1 1 1 2 2 1  633    1 
12 4 0 2 3 1 0 0 4 4 1  782    1 
12 4 0 0 0 0 1 1 1 1 1  550    1 
12 4 1 3 0 2 0 0 4 4 1  878    1 
12 4 0 0 0 0 1 1 1 1 1  739    1 
12 4 0 3 0 0 1 0 1 1 1 1620    1 
12 4 0 3 3 2 0 1 4 4 1  674    1 
12 4 0 2 3 3 1 0 4 4 1  846    1 
12 4 0 1 2 2 1 0 3 3 1  740    1 
12 4 0 2 2 1 0 1 3 3 1  645    1 
12 4 0 0 0 3 0 1 1 1 1  482    1 
12 4 1 0 0 0 1 1 1 1 1  629    1 
12 4 0 1 2 2 1 0 3 3 1  851    1 
12 4 1 3 0 2 0 0 4 4 1  832    1 
12 4 1 0 0 3 0 1 1 1 1  934    1 
12 4 0 3 0 0 1 0 1 1 1  823    1 
12 4 0 2 3 3 1 0 4 4 1 1173    1 
12 4 0 3 3 3 1 1 4 4 1  469    1 
12 4 0 0 0 3 0 1 1 1 1  553    1 
12 4 1 2 2 1 0 1 3 3 1 2554    1 
12 4 0 1 1 1 1 1 2 2 1  611    0 
12 4 0 1 2 2 1 0 3 3 1 1202    1 
12 4 1 2 3 1 0 0 3 3 1 1217    0 
12 4 0 0 0 3 0 1 1 1 1  559    1 
12 4 1 3 0 0 1 0 4 4 1  823    1 
12 4 0 2 3 3 1 0 4 4 1  806    1 
12 4 1 0 1 3 0 0 1 1 1 1716    1 
12 4 1 2 3 3 1 0 3 3 1 1302    1 
12 4 0 1 2 2 1 0 3 3 1 1129    0 
12 4 0 3 3 2 0 1 4 4 1  763    1 
12 4 0 1 1 1 1 1 2 2 1  636    1 
12 4 1 2 2 2 1 1 3 3 1  746    1 
12 4 0 1 1 1 1 1 2 2 1  667    1 
12 4 0 1 1 0 0 1 2 2 1  959    1 
12 4 0 1 2 2 1 0 3 3 1 1288    1 
12 4 0 0 1 1 1 0 2 2 1 1443    1 
12 4 0 3 0 0 1 0 1 1 1  737    1 
12 4 1 2 3 1 0 0 3 3 1  978    1 
12 4 0 0 0 0 1 1 1 1 1  786    1 
12 4 1 2 3 3 1 0 3 3 1 1074    1 
12 4 0 3 0 2 0 0 1 1 1  990    1 
12 4 0 1 1 1 1 1 2 2 1  685    1 
12 4 0 0 1 1 1 0 2 2 1  873    1 
12 4 1 1 1 0 0 1 2 2 1  925    1 
12 4 0 2 2 1 0 1 3 3 1  807    1 
12 4 0 3 3 2 0 1 4 4 1  790    1 
12 4 0 3 3 2 0 1 4 4 1  621    1 
12 4 1 3 3 2 0 1 4 4 1  995    1 
12 4 0 0 1 3 0 0 2 2 1 1035   77 
12 4 0 2 3 1 0 0 4 4 1  792    1 
12 4 1 3 3 3 1 1 4 4 1 1000    1 
12 4 0 0 1 3 0 0 2 2 1  735    1 
12 4 0 3 0 2 0 0 1 1 1  912    1 
12 4 0 3 0 0 1 0 1 1 1 1027    1 
12 4 0 3 0 2 0 0 1 1 1  905    1 
12 4 0 3 0 0 1 0 1 1 1  516    1 
12 4 0 1 1 1 1 1 2 2 1  654    1 
12 4 0 3 3 2 0 1 4 4 1 1122    1 
12 4 1 3 0 2 0 0 4 4 1 1277    1 
12 4 0 2 2 1 0 1 3 3 1 1241    1 
12 4 0 3 0 2 0 0 1 1 1  694    1 
12 4 0 3 0 2 0 0 1 1 1  730    1 
12 4 0 0 0 0 1 1 1 1 1  636    1 
12 4 0 0 0 0 1 1 1 1 1  513    1 
12 4 1 0 1 1 1 0 1 1 1 1172    0 
12 4 0 1 2 0 0 0 3 3 1 1124    1 
12 4 0 0 0 3 0 1 1 1 1 1054    1 
12 4 1 2 3 3 1 0 3 3 1 1195    1 
12 4 1 2 2 2 1 1 3 3 1 2154    1 
12 4 1 0 1 1 1 0 1 1 1  763    1 
12 4 0 0 1 3 0 0 2 2 1  876    1 
12 4 0 2 3 1 0 0 4 4 1  736    1 
12 4 1 2 3 3 1 0 3 3 1  818    1 
12 4 0 2 3 3 1 0 4 4 1 1248    1 
12 4 0 1 1 0 0 1 2 2 1  669    1 
12 4 1 1 2 0 0 0 2 2 1 1281    1 
12 4 0 3 3 3 1 1 4 4 1  581    1 
12 4 0 1 1 0 0 1 2 2 1 1445    1 
12 4 0 3 0 2 0 0 1 1 1 1099    1 
12 4 1 0 0 3 0 1 1 1 1  902    1 
12 4 0 3 0 0 1 0 1 1 1  648    1 
12 4 0 3 0 0 1 0 1 1 1  494    1 
12 4 0 0 0 3 0 1 1 1 1  513    1 
12 4 0 1 2 0 0 0 3 3 1  980    1 
12 4 0 3 0 0 1 0 1 1 1  660    1 
12 4 0 2 3 1 0 0 4 4 1  777    1 
12 4 0 1 2 2 1 0 3 2 0  681    0 
12 4 0 2 3 3 1 0 4 4 1 1571    1 
12 4 1 1 1 1 1 1 2 2 1  987    1 
12 4 0 0 1 1 1 0 2 2 1  730    1 
12 4 1 0 0 0 1 1 1 1 1  740    1 
12 4 0 3 3 3 1 1 4 4 1  566    1 
12 4 0 0 0 0 1 1 1 1 1  686    1 
12 4 1 0 0 0 1 1 1 1 1  873    1 
12 4 0 1 1 1 1 1 2 2 1  677    0 
12 4 0 3 0 0 1 0 1 1 1  801    1 
12 4 1 1 2 0 0 0 2 2 1 1480    1 
12 4 0 1 2 2 1 0 3 3 1  788    1 
12 4 0 1 1 1 1 1 2 2 1  684    1 
12 4 0 1 1 1 1 1 2 2 1  567    1 
12 4 0 1 2 0 0 0 3 3 1 1255    1 
12 4 0 3 3 2 0 1 4 4 1  644    1 
12 4 0 0 0 0 1 1 1 1 1  617    1 
12 4 0 3 0 0 1 0 1 1 1  640    1 
12 4 0 0 0 3 0 1 1 1 1  589    1 
12 4 0 2 3 1 0 0 4 4 1  756    1 
12 4 0 1 1 1 1 1 2 2 1  629    1 
12 4 0 2 2 2 1 1 3 3 1  811    1 
12 4 0 3 0 2 0 0 1 1 1  834    1 
12 4 1 0 0 0 1 1 1 1 1  815    1 
12 4 0 0 0 3 0 1 1 1 1  622    1 
12 4 1 2 3 3 1 0 3 3 1 1164    1 
12 4 0 2 2 2 1 1 3 3 1  901    0 
12 4 0 1 1 1 1 1 2 2 1  615    1 
12 4 1 2 2 2 1 1 3 3 1  893    1 
12 4 0 1 1 0 0 1 2 2 1  761    1 
12 4 0 1 2 0 0 0 3 3 1  834    1 
12 4 1 0 0 0 1 1 1 1 1  623    1 
12 4 0 2 2 1 0 1 3 3 1  845    1 
12 4 0 3 0 2 0 0 1 1 1  747    1 
12 4 0 3 0 0 1 0 1 1 1  660    1 
12 4 1 2 2 1 0 1 3 3 1 1321    1 
12 4 0 2 3 3 1 0 4 4 1 1211    1 
12 4 0 2 2 1 0 1 3 3 1  954    1 
12 4 0 3 3 3 1 1 4 4 1  658    0 
12 4 0 1 1 1 1 1 2 2 1  671    1 
12 4 1 3 0 2 0 0 4 4 1 1067    1 
12 4 1 1 2 0 0 0 2 2 1 1463    1 
12 4 1 2 3 3 1 0 3 3 1  916    1 
12 4 0 2 3 1 0 0 4 4 1  758    1 
12 4 0 1 1 0 0 1 2 2 1  879    1 
12 4 0 2 3 1 0 0 4 4 1  715    1 
12 4 0 1 2 0 0 0 3 3 1  814    1 
12 4 0 1 1 1 1 1 2 2 1  589    1 
12 4 0 1 2 2 1 0 3 3 1  964    1 
12 4 0 2 3 1 0 0 4 4 1  573    1 
