16 1 0 3 3 1 0 1 4 4 1 1198    1 
16 1 0 2 2 2 1 1 3 4 0   69   17 
16 1 0 0 0 2 0 1 1 1 1  759    1 
16 1 0 0 1 1 1 0 2 2 1  824    1 
16 1 0 0 1 1 1 0 2 2 1  510    1 
16 1 0 0 0 2 0 1 1 1 1  625    1 
16 1 0 3 0 1 0 0 1 1 1  511    1 
16 1 0 2 3 3 1 0 4 4 1  698    0 
16 1 0 3 0 1 0 0 1 1 1  901    1 
16 1 1 2 2 2 1 1 3 3 1  856    1 
16 1 0 0 0 2 0 1 1 1 1  637    1 
16 1 0 0 0 0 1 1 1 1 1  690    1 
16 1 0 2 2 0 0 1 3 3 1  726    1 
16 1 0 2 3 0 0 0 4 4 1  624    1 
16 1 1 3 3 3 1 1 4 3 0  766    1 
16 1 0 3 0 0 1 0 1 1 1  580    1 
16 1 1 1 1 1 1 1 2 2 1 1133    1 
16 1 0 1 2 3 0 0 3 3 1  678    1 
16 1 0 0 0 2 0 1 1 1 1  594    1 
16 1 0 3 3 3 1 1 4 3 0  930    1 
16 1 1 2 3 0 0 0 3 3 1 1794    1 
16 1 1 2 3 0 0 0 3 3 1  585    1 
16 1 0 0 1 2 0 0 2 2 1 1217    1 
16 1 1 1 2 2 1 0 2 3 0 1143    1 
16 1 1 3 0 0 1 0 4 4 1 1399   24 
16 1 0 1 1 3 0 1 2 2 1 1205    1 
16 1 1 3 3 1 0 1 4 4 1  756    1 
16 1 0 0 0 0 1 1 1 1 1  589    1 
16 1 0 2 3 3 1 0 4 3 0  701    1 
16 1 0 1 1 1 1 1 2 2 1 1037    1 
16 1 1 2 3 0 0 0 3 4 0  899    1 
16 1 1 1 1 3 0 1 2 2 1 1444    1 
16 1 0 3 0 0 1 0 1 1 1  969    1 
16 1 0 1 1 3 0 1 2 2 1  745    1 
16 1 0 2 3 0 0 0 4 3 0  595    1 
16 1 0 2 2 0 0 1 3 3 1  745    1 
16 1 0 1 2 2 1 0 3 2 0 1418    1 
16 1 1 0 1 2 0 0 1 1 1 1726    1 
16 1 1 0 0 0 1 1 1 1 1  920    1 
16 1 0 2 2 0 0 1 3 3 1  659    1 
16 1 0 1 1 1 1 1 2 2 1 1135    1 
16 1 0 1 1 3 0 1 2 2 1  609    1 
16 1 0 3 0 0 1 0 1 1 1  960    1 
16 1 0 3 0 1 0 0 1 1 1  481    1 
16 1 0 1 2 2 1 0 3 3 1  669    1 
16 1 0 2 3 3 1 0 4 4 1  705    1 
16 1 0 3 3 3 1 1 4 4 1  444    0 
16 1 1 1 2 3 0 0 2 3 0  689    1 
16 1 0 1 2 2 1 0 3 3 1 1931    1 
16 1 0 3 0 1 0 0 1 1 1  765    1 
16 1 0 1 2 2 1 0 3 3 1 1262    1 
16 1 1 1 1 3 0 1 2 2 1 1362    1 
16 1 0 1 2 3 0 0 3 3 1  835    1 
16 1 1 2 3 0 0 0 3 4 0  681    1 
16 1 0 3 0 1 0 0 1 1 1  675    1 
16 1 0 3 0 0 1 0 1 4 0 1287    1 
16 1 0 3 0 1 0 0 1 1 1  897    1 
16 1 1 3 0 0 1 0 4 4 1 1140    1 
16 1 0 0 0 2 0 1 1 1 1  662    1 
16 1 0 0 0 2 0 1 1 1 1  498    1 
16 1 0 3 3 3 1 1 4 4 1  614    1 
16 1 1 0 0 0 1 1 1 1 1 1101    1 
16 1 0 3 0 1 0 0 1 1 1  672    1 
16 1 0 1 1 3 0 1 2 2 1  748    1 
16 1 0 2 3 0 0 0 4 4 1  797    1 
16 1 1 2 3 3 1 0 3 4 0  709    1 
16 1 0 2 3 3 1 0 4 3 0  590    1 
16 1 0 1 2 3 0 0 3 3 1 1403    1 
16 1 0 2 2 0 0 1 3 3 1  954    1 
16 1 0 1 1 3 0 1 2 2 1  699    1 
16 1 1 3 0 0 1 0 4 4 1 1262    1 
16 1 0 1 2 3 0 0 3 3 1  962    1 
16 1 1 2 2 0 0 1 3 3 1 1411    1 
16 1 1 1 1 3 0 1 2 2 1  898    1 
16 1 1 3 0 1 0 0 4 1 0  630    1 
16 1 0 1 2 2 1 0 3 3 1 2242    1 
16 1 1 0 0 0 1 1 1 1 1 1143    1 
16 1 1 1 2 3 0 0 2 2 1 1057    1 
16 1 1 2 2 0 0 1 3 3 1  774    1 
16 1 0 0 1 1 1 0 2 1 0  710    1 
16 1 1 0 0 2 0 1 1 1 1 1055    1 
16 1 0 0 1 2 0 0 2 2 1 1276    1 
16 1 0 2 2 2 1 1 3 3 1 1632    1 
16 1 1 0 0 2 0 1 1 1 1 1190    1 
16 1 0 1 2 2 1 0 3 3 1  973    1 
16 1 0 2 2 0 0 1 3 3 1  982    1 
16 1 1 0 0 0 1 1 1 1 1  758    1 
16 1 0 0 1 2 0 0 2 2 1 1415    1 
16 1 0 0 0 0 1 1 1 1 1  590    1 
16 1 0 0 0 0 1 1 1 1 1  621    1 
16 1 0 0 1 2 0 0 2 2 1  715    1 
16 1 0 2 3 3 1 0 4 4 1  926    1 
16 1 1 3 0 0 1 0 4 4 1 1056    1 
16 1 0 3 3 1 0 1 4 3 0  853    1 
16 1 0 0 1 1 1 0 2 2 1 1208    1 
16 1 0 3 3 1 0 1 4 4 1  735    1 
16 1 1 3 3 3 1 1 4 4 1  776    1 
16 1 0 0 0 2 0 1 1 1 1  608    1 
16 1 0 1 1 3 0 1 2 2 1  735    1 
16 1 0 1 2 2 1 0 3 3 1  849  156 
16 1 0 3 3 3 1 1 4 4 1  518   28 
16 1 0 2 2 2 1 1 3 3 1 1008    1 
16 1 0 1 1 1 1 1 2 2 1  671    1 
16 1 0 0 1 1 1 0 2 2 1  675    1 
16 1 1 1 2 2 1 0 2 3 0  839    1 
16 1 0 3 0 0 1 0 1 4 0  611    1 
16 1 0 2 2 2 1 1 3 3 1  768    1 
16 1 1 2 2 0 0 1 3 3 1  680    1 
16 1 1 2 2 2 1 1 3 3 1 1164    1 
16 1 0 3 3 3 1 1 4 4 1  661    0 
16 1 1 0 1 2 0 0 1 1 1 1498    1 
16 1 1 1 1 3 0 1 2 2 1 1085    1 
16 1 0 2 3 3 1 0 4 3 0  561    0 
16 1 0 2 3 0 0 0 4 4 1  967    1 
16 1 0 3 3 3 1 1 4 4 1  552    1 
16 1 0 3 0 1 0 0 1 1 1  608    1 
16 1 0 1 1 1 1 1 2 2 1  839    1 
16 1 0 2 3 3 1 0 4 4 1 1597    0 
16 1 1 2 2 2 1 1 3 2 0 1028    1 
16 1 0 2 2 2 1 1 3 3 1  480    1 
16 1 0 0 0 2 0 1 1 1 1  613    1 
16 1 0 0 0 2 0 1 1 1 1  811    1 
16 1 0 2 2 0 0 1 3 3 1  642    1 
16 1 0 0 0 2 0 1 1 1 1  888    1 
16 1 1 0 1 2 0 0 1 1 1 1483    1 
16 1 0 3 0 1 0 0 1 1 1 1191    1 
16 1 0 2 2 2 1 1 3 3 1  678   91 
16 1 0 0 0 2 0 1 1 1 1  626    1 
16 1 0 3 0 0 1 0 1 1 1  873    1 
16 1 0 2 2 2 1 1 3 3 1  573    1 
16 1 0 0 1 1 1 0 2 2 1  973    1 
16 1 0 2 3 3 1 0 4 4 1  709    1 
16 1 0 3 0 1 0 0 1 1 1  768    1 
16 1 0 3 0 0 1 0 1 1 1  640    0 
16 1 1 1 2 2 1 0 2 2 1 1261    1 
16 1 1 2 2 0 0 1 3 3 1 1138    1 
16 1 1 1 1 1 1 1 2 2 1  996    1 
16 1 0 0 0 0 1 1 1 1 1  555    1 
16 1 0 0 1 1 1 0 2 1 0  468    1 
16 1 1 0 0 2 0 1 1 1 1  686    1 
16 1 1 0 1 1 1 0 1 1 1  994    1 
16 1 0 1 1 3 0 1 2 2 1  817    1 
16 1 0 2 3 0 0 0 4 4 1  895    1 
16 1 0 0 1 1 1 0 2 2 1  811    1 
16 1 0 2 2 2 1 1 3 3 1  674    1 
16 1 0 0 0 0 1 1 1 1 1  566    1 
16 1 0 1 2 3 0 0 3 3 1  870    1 
16 1 0 1 2 3 0 0 3 3 1  474    1 
16 1 0 0 0 2 0 1 1 1 1  630   22 
16 1 0 3 0 0 1 0 1 2 0 1156    1 
16 1 0 0 1 1 1 0 2 3 0  659    1 
16 1 1 3 3 3 1 1 4 4 1 1182    1 
16 1 0 3 3 1 0 1 4 4 1  470    1 
16 1 1 1 1 3 0 1 2 2 1  666    1 
16 1 0 2 3 3 1 0 4 3 0  614    1 
16 1 1 0 1 1 1 0 1 1 1 1139    0 
16 1 0 2 2 2 1 1 3 2 0  948    1 
16 1 0 3 0 0 1 0 1 1 1  843    1 
16 1 0 3 0 1 0 0 1 1 1  769    1 
16 1 0 1 2 3 0 0 3 3 1 1105    0 
16 1 0 1 2 2 1 0 3 3 1  995    1 
16 1 0 3 3 1 0 1 4 4 1  787    1 
16 1 0 0 1 1 1 0 2 2 1 1019    1 
16 1 1 1 1 1 1 1 2 2 1 1209    1 
16 1 0 3 3 1 0 1 4 3 0  736   21 
16 1 0 1 1 3 0 1 2 2 1  583    1 
16 1 0 3 0 1 0 0 1 1 1  623    1 
16 1 0 2 3 0 0 0 4 4 1  573    1 
16 1 0 2 2 0 0 1 3 3 1  749    1 
16 1 0 2 3 0 0 0 4 4 1  966    1 
16 1 0 0 0 2 0 1 1 1 1  606    1 
16 1 1 1 1 3 0 1 2 2 1  669    1 
16 1 0 3 3 1 0 1 4 4 1  953    1 
16 1 0 1 1 3 0 1 2 1 0  554    1 
16 1 0 3 0 0 1 0 1 1 1  688    1 
16 1 0 1 2 2 1 0 3 3 1  868    1 
16 1 0 3 0 1 0 0 1 1 1  712    1 
16 1 0 2 2 2 1 1 3 3 1  947    1 
16 1 0 0 0 0 1 1 1 1 1  636    1 
16 1 0 0 0 0 1 1 1 1 1  522    1 
16 1 0 3 3 3 1 1 4 4 1  516    1 
16 1 0 0 1 1 1 0 2 2 1 1006    1 
16 1 0 1 2 3 0 0 3 2 0  661    1 
16 1 0 1 2 2 1 0 3 3 1  624    1 
16 1 0 1 2 2 1 0 3 3 1  486    1 
16 1 0 1 2 2 1 0 3 3 1  433    1 
16 1 0 2 3 0 0 0 4 4 1  903    1 
16 1 0 1 2 3 0 0 3 3 1  706    1 
16 1 0 3 3 1 0 1 4 4 1  756    1 
16 1 0 2 2 0 0 1 3 3 1  629    1 
16 1 0 3 3 3 1 1 4 4 1  795    1 
16 1 1 2 2 2 1 1 3 3 1 1203    1 
16 2 1 3 3 0 0 1 4 4 1 1411    1 
16 2 0 0 3 3 1 0 4 4 1 1138    1 
16 2 1 0 3 1 0 0 1 1 1  852    1 
16 2 1 0 3 3 1 0 1 1 1  593    1 
16 2 1 2 1 1 1 0 3 4 0  800    1 
16 2 1 3 3 0 0 1 4 4 1  837    1 
16 2 0 1 0 0 1 0 1 1 1 1186    1 
16 2 0 3 2 2 1 0 3 3 1  682    1 
16 2 0 3 2 0 0 0 3 3 1  598    1 
16 2 0 2 1 3 0 0 2 2 1  693    1 
16 2 0 2 2 3 0 1 3 3 1  649    1 
16 2 0 3 2 0 0 0 3 3 1  622    1 
16 2 0 0 3 1 0 0 4 1 0  588    0 
16 2 0 0 0 0 1 1 1 1 1  489    1 
16 2 0 1 0 2 0 0 1 1 1  525    1 
16 2 0 0 0 0 1 1 1 1 1  487    1 
16 2 0 2 2 3 0 1 3 3 1  746    1 
16 2 0 0 0 1 0 1 1 1 1  588    1 
16 2 0 2 2 2 1 1 3 3 1  739    1 
16 2 1 2 1 1 1 0 3 3 1 1005    1 
16 2 0 1 0 2 0 0 1 1 1  700    1 
16 2 1 0 3 3 1 0 1 1 1  910    1 
16 2 0 1 1 2 0 1 2 1 0  641    1 
16 2 0 3 3 0 0 1 4 3 0  525    1 
16 2 1 1 0 2 0 0 2 1 0 1101    1 
16 2 1 3 2 0 0 0 4 4 1  934    1 
16 2 1 0 0 1 0 1 1 1 1 1495    1 
16 2 1 0 3 1 0 0 1 1 1 1531    0 
16 2 0 2 2 3 0 1 3 3 1 1069    1 
16 2 0 1 1 2 0 1 2 2 1  561    1 
16 2 0 3 2 2 1 0 3 2 0 1394    1 
16 2 0 3 3 0 0 1 4 4 1  783    1 
16 2 0 0 0 1 0 1 1 1 1  711    1 
16 2 1 2 2 3 0 1 3 2 0  970    1 
16 2 0 1 1 1 1 1 2 2 1  752    1 
16 2 0 1 0 2 0 0 1 1 1  721    1 
16 2 1 3 2 0 0 0 4 3 0 1075    1 
16 2 0 1 0 0 1 0 1 1 1  741    1 
16 2 0 1 1 1 1 1 2 2 1  679    1 
16 2 1 3 2 0 0 0 4 4 1 1459    1 
16 2 0 1 0 0 1 0 1 1 1  616    1 
16 2 0 2 2 3 0 1 3 3 1  630    1 
16 2 0 2 2 3 0 1 3 3 1  556    1 
16 2 1 3 2 2 1 0 4 4 1 1341    1 
16 2 0 0 3 3 1 0 4 4 1 1614    1 
16 2 1 2 1 3 0 0 3 2 0 1013    1 
16 2 0 2 1 1 1 0 2 2 1 1074    1 
16 2 0 2 1 1 1 0 2 2 1  838    1 
16 2 0 0 0 1 0 1 1 1 1  836    1 
16 2 0 0 3 3 1 0 4 3 0  881    1 
16 2 0 0 3 1 0 0 4 3 0  627    1 
16 2 1 2 1 3 0 0 3 2 0 1167    1 
16 2 1 0 3 3 1 0 1 1 1  877    1 
16 2 0 3 2 2 1 0 3 3 1 1001    1 
16 2 1 3 3 3 1 1 4 4 1 1136    1 
16 2 0 3 3 3 1 1 4 4 1 1242    1 
16 2 0 2 2 3 0 1 3 3 1  727    1 
16 2 1 3 3 3 1 1 4 4 1  657    1 
16 2 0 3 2 2 1 0 3 3 1  774    1 
16 2 1 1 0 2 0 0 2 1 0  726    1 
16 2 1 2 2 3 0 1 3 3 1  830    1 
16 2 0 2 2 2 1 1 3 3 1  805    1 
16 2 0 2 1 1 1 0 2 2 1  835    1 
16 2 0 1 1 1 1 1 2 2 1  585    1 
16 2 1 0 3 1 0 0 1 1 1  808    0 
16 2 1 0 0 1 0 1 1 1 1  567    1 
16 2 1 1 1 2 0 1 2 2 1  679    1 
16 2 0 3 3 3 1 1 4 4 1 1011    0 
16 2 0 0 3 1 0 0 4 1 0  586    1 
16 2 1 1 0 0 1 0 2 2 1 1064    1 
16 2 1 0 0 1 0 1 1 1 1 1156    1 
16 2 0 0 3 3 1 0 4 4 1 1109    1 
16 2 0 0 0 1 0 1 1 1 1  728    1 
16 2 0 2 1 3 0 0 2 3 0 1194    1 
16 2 0 0 3 3 1 0 4 4 1 1016    1 
16 2 0 1 0 0 1 0 1 1 1 1286    1 
16 2 0 0 3 3 1 0 4 4 1  858    1 
16 2 0 3 3 3 1 1 4 4 1  902    1 
16 2 1 2 2 3 0 1 3 3 1 1825    1 
16 2 0 2 2 2 1 1 3 3 1  631    1 
16 2 0 1 0 0 1 0 1 1 1  886    1 
16 2 0 2 2 3 0 1 3 3 1  649    1 
16 2 0 3 2 2 1 0 3 3 1 1278    1 
16 2 0 1 0 2 0 0 1 1 1  946    1 
16 2 0 1 1 1 1 1 2 2 1  796    1 
16 2 0 2 1 3 0 0 2 2 1 1083    1 
16 2 0 2 1 1 1 0 2 2 1  823    1 
16 2 1 3 3 0 0 1 4 4 1  637    1 
16 2 0 2 2 2 1 1 3 2 0 1154    1 
16 2 1 3 3 0 0 1 4 4 1  689    1 
16 2 0 0 0 0 1 1 1 1 1  773    1 
16 2 0 2 1 1 1 0 2 2 1 1013    1 
16 2 0 2 1 1 1 0 2 2 1  588    1 
16 2 0 2 1 1 1 0 2 2 1  515    1 
16 2 0 3 2 2 1 0 3 3 1 1614    1 
16 2 0 3 3 3 1 1 4 4 1  645    1 
16 2 0 2 2 3 0 1 3 3 1  666    0 
16 2 1 1 1 2 0 1 2 2 1  702    1 
16 2 0 3 3 3 1 1 4 4 1  593    1 
16 2 0 3 3 0 0 1 4 4 1  713    1 
16 2 0 1 0 2 0 0 1 1 1  659    1 
16 2 0 2 1 1 1 0 2 2 1  816   24 
16 2 1 1 1 2 0 1 2 2 1 1318    1 
16 2 0 1 0 2 0 0 1 1 1  721    0 
16 2 0 0 0 0 1 1 1 1 1  515    1 
16 2 1 1 1 1 1 1 2 2 1 1046    1 
16 2 0 1 0 0 1 0 1 1 1  643    1 
16 2 0 0 0 1 0 1 1 1 1  585    1 
16 2 1 3 3 3 1 1 4 4 1 1168    1 
16 2 0 0 0 0 1 1 1 1 1  568    1 
16 2 1 3 3 0 0 1 4 4 1  536    1 
16 2 0 0 3 1 0 0 4 4 1  538    1 
16 2 0 2 2 2 1 1 3 3 1  659    1 
16 2 0 0 0 1 0 1 1 1 1  528    1 
16 2 0 2 2 3 0 1 3 3 1  570    1 
16 2 0 0 3 3 1 0 4 1 0  546    1 
16 2 0 2 2 2 1 1 3 3 1  602    1 
16 2 0 0 0 0 1 1 1 1 1  641    1 
16 2 0 2 2 2 1 1 3 4 0  806    1 
16 2 0 2 2 2 1 1 3 3 1  923    1 
16 2 0 0 0 1 0 1 1 1 1  525    1 
16 2 1 3 3 3 1 1 4 4 1  575    1 
16 2 1 0 0 1 0 1 1 1 1  559    1 
16 2 0 3 3 0 0 1 4 4 1  664    1 
16 2 0 1 0 0 1 0 1 1 1  877    1 
16 2 0 1 0 0 1 0 1 1 1  481    1 
16 2 0 3 2 0 0 0 3 4 0  661    1 
16 2 0 3 2 0 0 0 3 3 1  472    1 
16 2 0 0 3 3 1 0 4 4 1  652    1 
16 2 0 2 2 3 0 1 3 3 1  641    1 
16 2 0 1 0 0 1 0 1 1 1  726    1 
16 2 0 0 3 3 1 0 4 4 1  929    0 
16 2 0 3 2 0 0 0 3 3 1  659    1 
16 2 0 2 1 1 1 0 2 2 1  919    1 
16 2 0 1 0 0 1 0 1 1 1  618    2 
16 2 0 3 2 0 0 0 3 4 0  792    1 
16 2 0 2 1 1 1 0 2 2 1 1005    8 
16 2 0 1 1 1 1 1 2 2 1  524    1 
16 2 0 0 0 0 1 1 1 1 1  558    1 
16 2 0 1 0 0 1 0 1 1 1  575    1 
16 2 0 2 1 1 1 0 2 2 1  711    1 
16 2 0 3 2 2 1 0 3 3 1  786    1 
16 2 0 1 1 1 1 1 2 3 0  706    1 
16 2 0 3 2 0 0 0 3 3 1  866    1 
16 2 0 0 0 0 1 1 1 1 1  775    1 
16 2 0 3 3 0 0 1 4 4 1  663    1 
16 2 0 1 0 0 1 0 1 1 1  572    1 
16 2 0 1 1 1 1 1 2 2 1  740  211 
16 2 1 3 3 0 0 1 4 4 1 1133    1 
16 2 1 2 2 2 1 1 3 3 1  799    1 
16 2 1 1 0 2 0 0 2 2 1 1069    1 
16 2 0 2 2 2 1 1 3 3 1  554    1 
16 2 0 3 2 0 0 0 3 3 1  618    1 
16 2 0 1 1 2 0 1 2 2 1  657    1 
16 2 0 1 1 1 1 1 2 2 1  493    1 
16 2 0 3 2 0 0 0 3 3 1  865    1 
16 2 0 3 2 2 1 0 3 3 1  574    1 
16 2 1 1 0 2 0 0 2 2 1 1118    1 
16 2 1 3 3 0 0 1 4 4 1  904    1 
16 2 0 3 2 2 1 0 3 3 1 1155    1 
16 2 0 0 3 3 1 0 4 4 1 1196    1 
16 2 0 2 1 1 1 0 2 2 1  739    1 
16 2 0 2 2 2 1 1 3 3 1  693    1 
16 2 0 1 1 2 0 1 2 2 1  896    1 
16 2 1 1 1 1 1 1 2 2 1  940    1 
16 2 0 1 1 1 1 1 2 2 1  581    1 
16 2 0 1 0 2 0 0 1 1 1  677    1 
16 2 0 1 1 1 1 1 2 2 1  945    1 
16 2 1 3 2 2 1 0 4 4 1  755    1 
16 2 0 3 2 0 0 0 3 3 1  788    0 
16 2 0 0 0 0 1 1 1 1 1  587    1 
16 2 0 2 2 3 0 1 3 3 1  579    1 
16 2 0 1 1 2 0 1 2 2 1  939    1 
16 2 0 2 2 3 0 1 3 3 1  580    1 
16 2 1 3 2 0 0 0 4 4 1 1252    1 
16 2 0 0 0 0 1 1 1 1 1  521    1 
16 2 0 1 0 2 0 0 1 1 1  579    1 
16 2 0 2 1 3 0 0 2 3 0  596    1 
16 2 0 0 0 1 0 1 1 1 1  617    1 
16 2 1 0 0 1 0 1 1 1 1  991    1 
16 2 0 0 0 1 0 1 1 1 1  543    1 
16 2 0 2 1 3 0 0 2 3 0  592    0 
16 2 0 0 3 1 0 0 4 4 1 1382    1 
16 2 1 2 2 3 0 1 3 3 1  790    1 
16 2 0 0 3 3 1 0 4 4 1  917    1 
16 2 0 3 3 0 0 1 4 4 1  479    1 
16 2 0 0 3 3 1 0 4 4 1  556    1 
16 2 0 3 2 0 0 0 3 3 1  596    1 
16 2 0 1 0 2 0 0 1 1 1  580   54 
16 2 1 1 1 2 0 1 2 2 1  996    1 
16 2 0 0 0 0 1 1 1 1 1  572    1 
16 2 0 1 1 2 0 1 2 2 1  940    1 
16 3 1 1 0 3 0 0 2 1 0 1213    1 
16 3 0 2 2 2 1 1 3 3 1  738    1 
16 3 0 2 2 0 0 1 3 3 1  484    0 
16 3 0 1 0 3 0 0 1 1 1  503   63 
16 3 0 2 2 2 1 1 3 3 1  498    1 
16 3 0 0 3 3 1 0 4 1 0  525    1 
16 3 0 2 2 2 1 1 3 3 1 1382    1 
16 3 1 1 0 3 0 0 2 2 1 1286    1 
16 3 0 3 2 1 0 0 3 3 1 1049    1 
16 3 1 0 0 2 0 1 1 1 1  790    1 
16 3 0 1 1 3 0 1 2 2 1  654    1 
16 3 0 2 2 2 1 1 3 3 1  554    1 
16 3 0 2 1 1 1 0 2 3 0  659    1 
16 3 0 3 2 2 1 0 3 3 1  694    1 
16 3 0 2 1 1 1 0 2 2 1  618    1 
16 3 1 3 3 3 1 1 4 4 1  800    1 
16 3 1 2 2 0 0 1 3 2 0  735    1 
16 3 0 0 0 2 0 1 1 1 1  590    0 
16 3 0 3 3 3 1 1 4 4 1  558    1 
16 3 0 1 1 3 0 1 2 2 1  782    1 
16 3 1 0 3 2 0 0 1 1 1  918    1 
16 3 0 0 0 2 0 1 1 1 1  680    1 
16 3 0 2 1 0 0 0 2 2 1 1556    1 
16 3 0 0 3 3 1 0 4 4 1 1541    1 
16 3 0 3 3 3 1 1 4 4 1  438    1 
16 3 0 2 1 1 1 0 2 2 1  740    1 
16 3 1 0 0 2 0 1 1 1 1  629    1 
16 3 0 3 2 1 0 0 3 3 1  764    1 
16 3 0 3 3 1 0 1 4 4 1  924    1 
16 3 0 0 3 3 1 0 4 4 1  671    1 
16 3 0 0 3 2 0 0 4 4 1  547    1 
16 3 0 3 2 1 0 0 3 3 1  660    1 
16 3 1 1 1 3 0 1 2 2 1 1185    1 
16 3 0 2 2 2 1 1 3 3 1  672    1 
16 3 0 0 3 3 1 0 4 4 1  725    1 
16 3 0 0 3 2 0 0 4 4 1  583    1 
16 3 0 1 1 3 0 1 2 2 1  838    1 
16 3 1 1 0 3 0 0 2 1 0  708    1 
16 3 0 1 1 1 1 1 2 2 1  709    1 
16 3 1 2 2 0 0 1 3 3 1  575    1 
16 3 0 1 0 0 1 0 1 1 1  776    0 
16 3 1 2 2 2 1 1 3 3 1  608    1 
16 3 0 3 2 1 0 0 3 3 1  598    1 
16 3 0 3 2 1 0 0 3 3 1  662    1 
16 3 0 1 0 0 1 0 1 1 1  627    1 
16 3 0 2 1 1 1 0 2 2 1  913    1 
16 3 0 1 1 3 0 1 2 2 1  556    1 
16 3 1 0 0 0 1 1 1 1 1  621    1 
16 3 0 3 2 2 1 0 3 3 1 1587    1 
16 3 1 1 0 3 0 0 2 1 0  650    1 
16 3 0 0 3 2 0 0 4 4 1 1005    1 
16 3 0 2 1 0 0 0 2 2 1 1116    1 
16 3 1 2 1 1 1 0 3 3 1 1102    1 
16 3 1 2 2 0 0 1 3 3 1  873    1 
16 3 0 3 3 3 1 1 4 4 1  629    1 
16 3 1 0 3 2 0 0 1 1 1 1739    1 
16 3 1 0 0 0 1 1 1 1 1  813    0 
16 3 0 0 0 0 1 1 1 1 1  668    1 
16 3 0 2 1 0 0 0 2 3 0  552    1 
16 3 0 2 2 0 0 1 3 3 1  703    1 
16 3 0 2 2 2 1 1 3 3 1  769    1 
16 3 0 2 2 2 1 1 3 3 1  521    1 
16 3 0 2 2 2 1 1 3 3 1  468    1 
16 3 0 3 3 3 1 1 4 4 1  592    1 
16 3 0 3 3 1 0 1 4 4 1  495    1 
16 3 0 2 2 2 1 1 3 3 1  867    1 
16 3 0 0 3 2 0 0 4 4 1  615    1 
16 3 0 0 3 3 1 0 4 4 1  398    1 
16 3 1 0 0 0 1 1 1 1 1  749    1 
16 3 1 3 3 3 1 1 4 4 1  822    1 
16 3 1 3 2 1 0 0 4 3 0  900    1 
16 3 0 1 0 3 0 0 1 1 1  845    1 
16 3 0 0 0 0 1 1 1 1 1  562    1 
16 3 0 3 2 2 1 0 3 4 0  779    1 
16 3 0 3 3 3 1 1 4 4 1  673    1 
16 3 0 1 0 0 1 0 1 1 1  669    1 
16 3 0 3 3 3 1 1 4 4 1  730    1 
16 3 0 0 0 2 0 1 1 1 1  548    1 
16 3 0 1 0 0 1 0 1 1 1  645    1 
16 3 0 1 1 3 0 1 2 2 1  827    1 
16 3 0 0 3 2 0 0 4 1 0  785    1 
16 3 0 3 3 1 0 1 4 4 1  726    1 
16 3 0 1 0 3 0 0 1 1 1  569    1 
16 3 0 1 1 1 1 1 2 2 1 1225    1 
16 3 0 3 3 1 0 1 4 4 1  679    1 
16 3 0 2 1 1 1 0 2 2 1 1315    1 
16 3 0 0 3 2 0 0 4 4 1  918    1 
16 3 0 1 0 3 0 0 1 1 1  656    1 
16 3 0 3 2 2 1 0 3 3 1  629    1 
16 3 0 3 3 1 0 1 4 4 1  675    1 
16 3 1 0 0 2 0 1 1 1 1  607    1 
16 3 0 2 1 0 0 0 2 3 0  654    1 
16 3 0 0 3 2 0 0 4 4 1  561    1 
16 3 0 3 3 3 1 1 4 4 1  514    1 
16 3 0 1 0 3 0 0 1 1 1  668    1 
16 3 0 3 3 3 1 1 4 4 1  552    1 
16 3 0 2 2 0 0 1 3 3 1  577    1 
16 3 0 0 3 2 0 0 4 3 0  521    1 
16 3 0 2 2 2 1 1 3 3 1  594    1 
16 3 0 2 1 1 1 0 2 2 1  801    1 
16 3 1 3 2 1 0 0 4 4 1 1400    1 
16 3 1 1 1 1 1 1 2 2 1  751    1 
16 3 0 3 3 3 1 1 4 4 1  560    1 
16 3 1 0 0 2 0 1 1 1 1  640    1 
16 3 0 0 0 0 1 1 1 1 1  502    1 
16 3 1 2 2 0 0 1 3 3 1  593    1 
16 3 0 0 0 2 0 1 1 1 1  656    1 
16 3 0 3 3 1 0 1 4 3 0  701    1 
16 3 0 1 1 3 0 1 2 2 1 1326    1 
16 3 0 1 1 3 0 1 2 2 1  496    1 
16 3 0 2 2 0 0 1 3 3 1  643    1 
16 3 1 0 3 3 1 0 1 1 1  761    1 
16 3 1 3 3 3 1 1 4 4 1  938    1 
16 3 0 0 0 2 0 1 1 1 1  627    1 
16 3 0 1 0 0 1 0 1 1 1 1353    1 
16 3 0 1 0 3 0 0 1 1 1  482    1 
16 3 0 1 0 0 1 0 1 1 1  382    1 
16 3 0 0 3 2 0 0 4 4 1 1158    1 
16 3 0 3 3 1 0 1 4 4 1  479    1 
16 3 0 1 1 1 1 1 2 2 1  915    1 
16 3 0 0 3 2 0 0 4 4 1  614    1 
16 3 1 1 1 1 1 1 2 2 1 1300    1 
16 3 0 1 1 3 0 1 2 2 1  471    1 
16 3 0 3 2 1 0 0 3 4 0  947    1 
16 3 0 1 1 1 1 1 2 2 1 1011    1 
16 3 0 3 2 1 0 0 3 3 1  626    1 
16 3 1 3 3 3 1 1 4 4 1  952    1 
16 3 0 1 0 3 0 0 1 1 1  737    1 
16 3 0 3 2 2 1 0 3 3 1  618    1 
16 3 1 1 1 1 1 1 2 2 1  752    1 
16 3 0 1 1 1 1 1 2 2 1  601    1 
16 3 0 3 2 2 1 0 3 4 0  856    0 
16 3 1 0 3 3 1 0 1 1 1  979    1 
16 3 0 3 3 1 0 1 4 4 1  747    1 
16 3 0 0 3 3 1 0 4 4 1  764    1 
16 3 1 2 1 0 0 0 3 2 0 1069    1 
16 3 1 2 2 2 1 1 3 3 1  983    1 
16 3 0 1 0 0 1 0 1 1 1  735    0 
16 3 0 1 0 3 0 0 1 1 1  752    1 
16 3 0 3 2 2 1 0 3 2 0  921    1 
16 3 0 0 3 3 1 0 4 4 1  777    1 
16 3 1 0 3 2 0 0 1 1 1 1634    1 
16 3 0 1 0 0 1 0 1 1 1  687    1 
16 3 0 1 1 3 0 1 2 2 1  939    0 
16 3 1 0 0 0 1 1 1 1 1  580    1 
16 3 0 1 0 3 0 0 1 1 1  652    1 
16 3 0 0 0 0 1 1 1 1 1  449    1 
16 3 1 1 1 1 1 1 2 2 1  742    0 
16 3 1 2 1 0 0 0 3 3 1 1391    1 
16 3 1 3 3 1 0 1 4 4 1  735    1 
16 3 0 1 0 3 0 0 1 1 1  600    1 
16 3 0 3 2 2 1 0 3 2 0  775    0 
16 3 0 3 3 1 0 1 4 4 1  581    1 
16 3 0 3 3 3 1 1 4 4 1  557    1 
16 3 1 1 0 0 1 0 2 1 0  798    1 
16 3 1 2 2 0 0 1 3 3 1  731    1 
16 3 0 3 2 1 0 0 3 3 1  485    1 
16 3 0 2 1 0 0 0 2 2 1 1065    1 
16 3 0 3 2 2 1 0 3 3 1  542    1 
16 3 1 2 1 0 0 0 3 2 0  711    1 
16 3 0 2 2 2 1 1 3 3 1  840    1 
16 3 0 1 0 0 1 0 1 1 1  501    1 
16 3 0 0 3 3 1 0 4 4 1  560    1 
16 3 1 0 0 0 1 1 1 1 1 1025    1 
16 3 0 1 1 3 0 1 2 2 1  783    1 
16 3 0 1 1 3 0 1 2 2 1  959    1 
16 3 0 2 1 1 1 0 2 2 1  439    1 
16 3 1 1 0 0 1 0 2 1 0  517    1 
16 3 0 2 1 1 1 0 2 2 1  789    1 
16 3 0 3 3 3 1 1 4 4 1  684    1 
16 3 0 2 2 2 1 1 3 3 1  616    1 
16 3 0 3 2 1 0 0 3 3 1  614    1 
16 3 0 2 1 1 1 0 2 3 0  629    1 
16 3 0 3 3 1 0 1 4 4 1  737    1 
16 3 0 2 1 1 1 0 2 2 1 1051    1 
16 3 1 0 3 2 0 0 1 4 0  975    1 
16 3 0 2 1 1 1 0 2 2 1  774    1 
16 3 1 2 1 0 0 0 3 2 0  606    1 
16 3 0 2 1 1 1 0 2 2 1  675    1 
16 3 0 0 3 2 0 0 4 4 1  823    1 
16 3 1 0 3 2 0 0 1 1 1  797    1 
16 3 0 2 1 1 1 0 2 2 1  828    1 
16 3 0 0 0 2 0 1 1 1 1  634    1 
16 3 0 0 3 2 0 0 4 4 1  704    1 
16 3 0 3 3 1 0 1 4 4 1  579    1 
16 3 0 0 0 0 1 1 1 1 1  819    1 
16 3 1 2 2 2 1 1 3 3 1 1337    1 
16 3 0 1 0 3 0 0 1 1 1  563    1 
16 3 0 0 0 0 1 1 1 1 1  491    1 
16 3 0 3 3 1 0 1 4 4 1  687    1 
16 3 1 2 2 2 1 1 3 3 1  890    1 
16 3 0 1 1 1 1 1 2 2 1  774    1 
16 4 0 0 2 2 0 0 3 4 0 1343    1 
16 4 0 2 0 0 1 0 1 1 1  759    1 
16 4 0 0 0 0 1 1 1 1 1  496    1 
16 4 0 1 1 1 1 1 2 2 1  595    1 
16 4 0 0 2 2 1 0 3 3 1  771    1 
16 4 0 1 3 3 0 0 4 4 1 1155    1 
16 4 0 0 0 2 0 1 1 1 1  732    1 
16 4 0 3 1 1 0 0 2 2 1  830    1 
16 4 1 1 1 1 1 1 2 2 1 1020    1 
16 4 0 0 2 2 1 0 3 3 1  818    1 
16 4 1 0 0 0 1 1 1 1 1  624    1 
16 4 1 1 1 3 0 1 2 2 1  750    1 
16 4 0 2 2 2 1 1 3 3 1  631    1 
16 4 0 0 0 0 1 1 1 1 1  525    1 
16 4 0 2 0 0 1 0 1 1 1  784    1 
16 4 0 2 0 0 0 0 1 1 1  415    1 
16 4 0 3 3 1 0 1 4 3 0  654    1 
16 4 1 1 3 3 1 0 2 2 1 1073    1 
16 4 1 3 1 1 1 0 4 4 1  821    1 
16 4 0 0 0 2 0 1 1 1 1  643    1 
16 4 1 2 2 0 0 1 3 3 1  768    1 
16 4 0 0 2 2 1 0 3 3 1  793    1 
16 4 0 3 1 1 1 0 2 4 0  712    1 
16 4 0 3 1 1 0 0 2 2 1 1433    1 
16 4 0 0 2 2 0 0 3 3 1  750    1 
16 4 0 1 1 1 1 1 2 2 1  647    1 
16 4 0 2 2 0 0 1 3 4 0  757    1 
16 4 1 0 0 2 0 1 1 1 1  652    1 
16 4 0 1 3 3 1 0 4 4 1 1104    1 
16 4 0 2 2 0 0 1 3 3 1  619    1 
16 4 0 3 3 3 1 1 4 4 1  585    1 
16 4 0 2 2 2 1 1 3 3 1  857    1 
16 4 0 2 2 0 0 1 3 3 1  526    1 
16 4 1 3 3 3 1 1 4 4 1  832    1 
16 4 0 0 0 0 1 1 1 1 1  606    1 
16 4 0 0 2 2 1 0 3 3 1 1125    1 
16 4 0 1 3 3 1 0 4 4 1 1047    1 
16 4 1 1 1 3 0 1 2 2 1  868    1 
16 4 0 1 3 3 1 0 4 4 1 1049    1 
16 4 0 0 0 2 0 1 1 1 1  557    1 
16 4 0 2 0 0 1 0 1 3 0 1118    1 
16 4 0 1 1 1 1 1 2 2 1  830    1 
16 4 0 2 0 0 0 0 1 1 1 2213    1 
16 4 0 0 2 2 1 0 3 3 1 1427    1 
16 4 1 2 2 2 1 1 3 3 1 1018    1 
16 4 0 3 3 1 0 1 4 4 1  696    1 
16 4 0 0 2 2 0 0 3 3 1 1115    1 
16 4 0 0 0 0 1 1 1 1 1  654    1 
16 4 0 2 2 0 0 1 3 3 1  850    1 
16 4 0 3 3 3 1 1 4 4 1  847    1 
16 4 0 1 1 3 0 1 2 2 1 1365    0 
16 4 0 2 0 0 1 0 1 1 1  870    1 
16 4 0 2 2 0 0 1 3 3 1  770    1 
16 4 0 0 2 2 1 0 3 3 1 1954    1 
16 4 0 1 1 3 0 1 2 2 1  635    1 
16 4 0 3 1 1 0 0 2 3 0  752    1 
16 4 1 0 2 2 0 0 1 1 1 1415    1 
16 4 0 2 2 0 0 1 3 3 1  942    0 
16 4 1 0 2 2 0 0 1 1 1  815    1 
16 4 1 1 1 1 1 1 2 2 1  686    1 
16 4 0 1 1 3 0 1 2 2 1  633    1 
16 4 1 0 0 0 1 1 1 1 1  527    0 
16 4 0 1 3 3 1 0 4 4 1  873    1 
16 4 1 1 1 1 1 1 2 1 0  845    1 
16 4 1 0 2 2 0 0 1 3 0 1224    1 
16 4 0 2 2 0 0 1 3 3 1  749    1 
16 4 0 2 2 0 0 1 3 3 1  517    1 
16 4 0 2 2 2 1 1 3 2 0  863    1 
16 4 1 3 1 1 1 0 4 2 0 1306    1 
16 4 0 1 1 1 1 1 2 2 1  643    1 
16 4 0 3 1 1 1 0 2 2 1  897    1 
16 4 0 2 0 0 1 0 1 1 1  732    1 
16 4 0 0 2 2 1 0 3 3 1  670    1 
16 4 0 2 2 0 0 1 3 3 1  762    1 
16 4 0 3 1 1 1 0 2 2 1  691    1 
16 4 1 3 3 1 0 1 4 4 1 1254    1 
16 4 0 3 3 3 1 1 4 4 1  515    1 
16 4 0 3 1 1 0 0 2 2 1  814    1 
16 4 1 1 3 3 1 0 2 4 0  677    1 
16 4 0 2 2 0 0 1 3 3 1  639    1 
16 4 0 2 2 2 1 1 3 3 1  796    1 
16 4 0 3 1 1 0 0 2 2 1  628    1 
16 4 1 1 3 3 0 0 2 3 0  842    1 
16 4 0 1 1 3 0 1 2 2 1  573    1 
16 4 0 1 1 3 0 1 2 2 1  501    1 
16 4 0 0 0 2 0 1 1 1 1  592    1 
16 4 0 2 0 0 1 0 1 1 1  504    1 
16 4 0 3 3 3 1 1 4 4 1  603    1 
16 4 0 2 0 0 0 0 1 1 1  793    1 
16 4 1 0 2 2 1 0 1 3 0 1129    1 
16 4 1 3 1 1 1 0 4 4 1 1633    1 
16 4 0 2 2 0 0 1 3 3 1  791    1 
16 4 1 0 2 2 1 0 1 1 1  734    1 
16 4 1 0 0 2 0 1 1 1 1  672    1 
16 4 0 0 0 2 0 1 1 1 1  444    1 
16 4 0 0 2 2 0 0 3 3 1 1033    1 
16 4 0 2 2 2 1 1 3 3 1  727    0 
16 4 0 0 0 2 0 1 1 3 0  529    1 
16 4 1 3 1 1 0 0 4 4 1 1113    1 
16 4 1 1 3 3 1 0 2 2 1  764    1 
16 4 0 2 0 0 1 0 1 3 0  541    1 
16 4 1 2 2 2 1 1 3 3 1  660    1 
16 4 0 1 3 3 1 0 4 2 0  753    1 
16 4 1 3 1 1 0 0 4 2 0 4640    1 
16 4 0 1 1 1 1 1 2 2 1 2012    1 
16 4 0 3 3 3 1 1 4 4 1  506    1 
16 4 0 3 3 3 1 1 4 4 1  525    1 
16 4 0 3 1 1 1 0 2 4 0  951    1 
16 4 0 0 2 2 1 0 3 3 1  782    1 
16 4 1 3 1 1 0 0 4 4 1 1006    1 
16 4 0 3 3 1 0 1 4 4 1  693    1 
16 4 0 3 1 1 0 0 2 2 1  896    1 
16 4 0 0 2 2 0 0 3 3 1  796    1 
16 4 1 1 3 3 0 0 2 2 1 1587    1 
16 4 0 1 1 1 1 1 2 2 1  667    1 
16 4 1 2 2 2 1 1 3 3 1  687    1 
16 4 0 3 1 1 1 0 2 4 0  946    1 
16 4 1 2 0 0 1 0 3 3 1 1714    1 
16 4 0 1 3 3 1 0 4 4 1 1397    1 
16 4 0 1 1 3 0 1 2 2 1  724    1 
16 4 0 0 0 2 0 1 1 1 1  702    1 
16 4 0 2 2 0 0 1 3 4 0  609    1 
16 4 1 1 3 3 0 0 2 2 1 1750    1 
16 4 0 1 1 1 1 1 2 2 1 1071    1 
16 4 0 3 1 1 0 0 2 4 0  771    1 
16 4 0 3 1 1 0 0 2 2 1  721    1 
16 4 1 0 2 2 0 0 1 3 0 1259    1 
16 4 1 2 0 0 1 0 3 4 0  814    1 
16 4 0 0 0 2 0 1 1 1 1  667    0 
16 4 0 3 1 1 1 0 2 2 1 1199    1 
16 4 0 0 0 2 0 1 1 1 1  670    1 
16 4 0 0 2 2 1 0 3 4 0  682    1 
16 4 0 1 3 3 0 0 4 4 1 1628    0 
16 4 0 0 2 2 0 0 3 3 1 1386    1 
16 4 1 0 0 2 0 1 1 1 1  585    1 
16 4 0 1 1 1 1 1 2 2 1  641    1 
16 4 0 3 1 1 0 0 2 2 1 1598    1 
16 4 0 0 2 2 0 0 3 3 1 1342    1 
16 4 0 3 1 1 0 0 2 2 1 1143    1 
16 4 0 3 3 1 0 1 4 4 1  753    1 
16 4 0 3 1 1 1 0 2 2 1 1178    1 
16 4 0 2 0 0 1 0 1 1 1  634    1 
16 4 0 1 1 3 0 1 2 2 1 1111    1 
16 4 0 3 1 1 1 0 2 2 1  690    1 
16 4 1 2 2 2 1 1 3 3 1 1206    1 
16 4 0 3 3 1 0 1 4 4 1  773    1 
16 4 0 3 3 3 1 1 4 4 1  509    1 
16 4 1 0 2 2 1 0 1 3 0  831  133 
16 4 0 2 2 0 0 1 3 3 1  723    1 
16 4 0 0 2 2 1 0 3 3 1  877    0 
16 4 0 3 1 1 0 0 2 2 1  929    1 
16 4 1 1 1 3 0 1 2 2 1 1364    1 
16 4 0 2 0 0 0 0 1 1 1  740    1 
16 4 0 1 3 3 0 0 4 4 1  710    1 
16 4 0 1 1 3 0 1 2 3 0  713    1 
16 4 0 1 1 3 0 1 2 2 1  626    1 
16 4 0 3 1 1 1 0 2 2 1  912    1 
16 4 0 1 1 1 1 1 2 2 1  475    1 
16 4 0 0 0 2 0 1 1 1 1  615    1 
16 4 1 2 0 0 1 0 3 1 0 1317    1 
16 4 0 3 1 1 1 0 2 2 1  870    1 
16 4 0 1 1 1 1 1 2 2 1  482    1 
16 4 0 2 0 0 0 0 1 1 1  750    0 
16 4 1 3 1 1 1 0 4 4 1 1047    1 
16 4 0 0 2 2 0 0 3 3 1 1236    1 
16 4 0 2 2 2 1 1 3 3 1  530    1 
16 4 1 3 1 1 0 0 4 4 1 1268    1 
16 4 0 3 3 3 1 1 4 4 1  512    1 
16 4 0 1 1 1 1 1 2 2 1  611    1 
16 4 0 1 1 3 0 1 2 2 1  602    1 
16 4 0 2 2 0 0 1 3 3 1  737    1 
16 4 1 2 2 2 1 1 3 3 1 1226    1 
16 4 0 1 3 3 0 0 4 4 1 1200    1 
16 4 0 0 2 2 0 0 3 3 1  775    1 
16 4 0 1 1 1 1 1 2 2 1  527    1 
16 4 1 1 3 3 1 0 2 4 0  777    1 
16 4 0 3 1 1 0 0 2 4 0  664    1 
16 4 1 0 2 2 1 0 1 1 1  866    1 
16 4 0 2 0 0 0 0 1 1 1 1175    1 
16 4 1 2 0 0 0 0 3 3 1 1039    1 
16 4 0 1 1 1 1 1 2 2 1  692    1 
16 4 0 2 2 0 0 1 3 3 1  848    1 
16 4 0 2 0 0 0 0 1 1 1  829    1 
16 4 0 1 3 3 1 0 4 4 1  987    1 
16 4 0 3 1 1 0 0 2 2 1  731    1 
16 4 0 0 0 2 0 1 1 1 1  549    1 
16 4 0 3 3 3 1 1 4 4 1  494    1 
16 4 0 1 3 3 1 0 4 4 1  457    1 
16 4 1 2 2 2 1 1 3 3 1  846    1 
16 4 0 0 0 2 0 1 1 1 1  588    1 
16 4 0 2 2 2 1 1 3 3 1 2547    1 
16 4 1 3 3 1 0 1 4 4 1  581    1 
