6 1 0 2 2 2 1 1 3 3 1 1154    1 
6 1 0 0 2 2 1 0 3 3 1 1306    1 
6 1 0 1 3 3 0 0 4 4 1 1517    0 
6 1 0 0 0 2 0 1 1 1 1 1224    1 
6 1 0 3 3 3 1 1 4 4 1 1798    1 
6 1 0 0 2 2 0 0 3 3 1 1021    1 
6 1 1 1 1 3 0 1 2 2 1 1155    1 
6 1 0 1 3 3 0 0 4 4 1 1388    1 
6 1 0 0 2 2 1 0 3 3 1 1468    1 
6 1 0 1 1 1 1 1 2 2 1 1376    1 
6 1 0 2 0 0 1 0 1 1 1 1120    1 
6 1 0 2 2 0 0 1 3 3 1 1754    1 
6 1 0 0 2 2 1 0 3 3 1 1339    1 
6 1 1 2 0 0 1 0 3 3 1 1965    1 
6 1 0 3 3 3 1 1 4 4 1 1814    1 
6 1 0 1 1 3 0 1 2 2 1  941    1 
6 1 0 3 1 1 0 0 2 2 1 1462    1 
6 1 0 2 0 0 0 0 1 1 1  803    1 
6 1 1 2 2 0 0 1 3 3 1 2074    1 
6 1 0 3 1 1 1 0 2 2 1 1190    1 
6 1 0 2 0 0 0 0 1 1 1  638    1 
6 1 0 2 0 0 0 0 1 1 1  443    1 
6 1 0 0 2 2 0 0 3 3 1 1529    1 
6 1 1 3 1 1 0 0 4 4 1 1555    1 
6 1 1 0 2 2 0 0 1 1 1 1748    1 
6 1 0 3 3 3 1 1 4 4 1  805    1 
6 1 0 2 0 0 0 0 1 1 1 1108    0 
6 1 0 1 1 3 0 1 2 2 1 1047    1 
6 1 0 0 2 2 0 0 3 3 1 1396    1 
6 1 0 2 2 0 0 1 3 3 1  828    1 
6 1 1 0 0 2 0 1 1 1 1 1490    1 
6 1 0 0 2 2 0 0 3 3 1 2494    1 
6 1 0 1 1 1 1 1 2 2 1  945    1 
6 1 0 0 2 2 1 0 3 3 1 1219    1 
6 1 0 1 1 3 0 1 2 2 1 1273    1 
6 1 0 3 3 3 1 1 4 4 1  805    1 
6 1 0 2 2 0 0 1 3 3 1  836    1 
6 1 0 2 0 0 1 0 1 1 1 1505    1 
6 1 1 3 3 1 0 1 4 4 1 1972    1 
6 1 0 1 3 3 1 0 4 4 1 1549    1 
6 1 0 1 1 1 1 1 2 2 1 1301    1 
6 1 1 0 0 2 0 1 1 1 1  816    1 
6 1 0 1 3 3 1 0 4 4 1 1382    1 
6 1 1 3 1 1 1 0 4 4 1 1870    1 
6 1 0 0 2 2 0 0 3 3 1 1210    1 
6 1 0 0 0 2 0 1 1 1 1 1721    1 
6 1 0 3 3 1 0 1 4 4 1 1331    1 
6 1 0 2 2 0 0 1 3 3 1  846    1 
6 1 1 2 2 0 0 1 3 3 1 1555    1 
6 1 0 0 2 2 0 0 3 3 1 1316    1 
6 1 0 2 0 0 1 0 1 1 1 1246    0 
6 1 0 2 0 0 1 0 1 1 1  772    1 
6 1 0 1 1 3 0 1 2 2 1 1020    1 
6 1 1 3 3 3 1 1 4 4 1 1122    1 
6 1 0 3 1 1 0 0 2 2 1 1316    1 
6 1 0 1 3 3 0 0 4 4 1 2022    1 
6 1 1 1 3 3 1 0 2 2 1 1693    1 
6 1 0 0 0 2 0 1 1 1 1  776    1 
6 1 0 0 2 2 0 0 3 3 1 1520    1 
6 1 0 3 3 3 1 1 4 4 1  955    1 
6 1 0 2 0 0 1 0 1 1 1  779    1 
6 1 0 0 2 2 1 0 3 3 1 1387    1 
6 1 0 1 3 3 1 0 4 4 1 1091    1 
6 1 0 2 0 0 0 0 1 1 1  919    1 
6 1 1 3 1 1 0 0 4 4 1 1345    1 
6 1 0 3 1 1 1 0 2 2 1 1450    1 
6 1 0 0 0 2 0 1 1 1 1  839    1 
6 1 1 1 1 1 1 1 2 2 1 1589    1 
6 1 0 1 3 3 1 0 4 4 1  996    1 
6 1 0 0 0 2 0 1 1 1 1 1004    1 
6 1 0 3 1 1 1 0 2 2 1 1562    1 
6 1 1 2 2 2 1 1 3 3 1 1315    1 
6 1 0 2 0 0 0 0 1 1 1  774    1 
6 1 0 1 3 3 1 0 4 4 1  934    1 
6 1 0 3 3 3 1 1 4 4 1  791    1 
6 1 1 3 1 1 1 0 4 4 1 1575    0 
6 1 1 2 2 0 0 1 3 3 1  999    1 
6 1 0 1 1 1 1 1 2 2 1 1406    1 
6 1 0 3 1 1 0 0 2 2 1 1429    1 
6 1 0 2 2 2 1 1 3 3 1 1171    1 
6 1 1 0 2 2 0 0 1 1 1  979    1 
6 1 0 0 0 2 0 1 1 1 1 1267    1 
6 1 0 1 3 3 1 0 4 4 1 1543    1 
6 1 1 1 3 3 1 0 2 2 1 1617    1 
6 1 1 0 0 2 0 1 1 1 1  767    1 
6 1 0 2 2 2 1 1 3 3 1 1279    1 
6 1 0 1 1 1 1 1 2 2 1 2043    1 
6 1 1 3 3 3 1 1 4 4 1 1185    1 
6 1 0 3 3 1 0 1 4 4 1 1177    1 
6 1 0 1 3 3 1 0 4 4 1 2297    1 
6 1 0 2 0 0 1 0 1 1 1  812    1 
6 1 0 0 0 0 1 1 1 1 1  539    1 
6 1 0 0 0 0 1 1 1 1 1  445    1 
6 1 0 1 1 3 0 1 2 2 1  954    1 
6 1 0 2 2 0 0 1 3 3 1 1243    1 
6 1 0 2 2 2 1 1 3 3 1 2024    1 
6 1 0 2 0 0 0 0 1 1 1 1239    1 
6 1 1 0 0 0 1 1 1 1 1  988    1 
6 1 0 1 1 1 1 1 2 2 1  956    1 
6 1 1 3 3 3 1 1 4 4 1 1357    1 
6 1 0 1 1 1 1 1 2 2 1 1085    1 
6 1 1 3 3 3 1 1 4 4 1 1681    1 
6 1 0 1 3 3 0 0 4 4 1 1253    0 
6 1 1 3 1 1 1 0 4 4 1 1346    1 
6 1 1 0 2 2 0 0 1 1 1 1556    0 
6 1 0 2 2 0 0 1 3 3 1 1252    0 
6 1 1 3 3 3 1 1 4 4 1 1009    1 
6 1 0 3 1 1 0 0 2 2 1 1040    1 
6 1 1 0 2 2 0 0 1 1 1 1542    1 
6 1 0 0 2 2 0 0 3 3 1 1567    1 
6 1 0 2 2 2 1 1 3 3 1 1335    0 
6 1 0 1 3 3 1 0 4 4 1  809    1 
6 1 0 2 2 0 0 1 3 3 1 1096    1 
6 1 0 2 2 0 0 1 3 3 1  667    1 
6 1 0 0 0 2 0 1 1 1 1  720    1 
6 1 0 1 3 3 0 0 4 4 1 1114    1 
6 1 1 2 2 2 1 1 3 3 1 1108    1 
6 1 1 1 3 3 1 0 2 4 0 1823    1 
6 1 0 1 1 1 1 1 2 2 1  980    0 
6 1 0 0 2 2 1 0 3 3 1 1076    1 
6 1 0 1 1 3 0 1 2 2 1 1776    1 
6 1 0 3 3 1 0 1 4 4 1 1512    1 
6 1 1 3 1 1 1 0 4 4 1 1603    1 
6 1 1 3 3 3 1 1 4 4 1 1354    1 
6 1 0 2 0 0 0 0 1 1 1  899    1 
6 1 0 1 1 3 0 1 2 2 1  718    1 
6 1 0 0 0 2 0 1 1 1 1  744    0 
6 1 1 1 3 3 1 0 2 2 1 1969    1 
6 1 1 3 3 3 1 1 4 4 1 1242    1 
6 1 0 2 2 0 0 1 3 3 1 1111    0 
6 1 0 0 0 0 1 1 1 1 1  682    1 
6 1 1 2 2 0 0 1 3 3 1 2158    1 
6 1 0 0 2 2 0 0 3 3 1 1375    1 
6 1 0 3 3 3 1 1 4 4 1  807    1 
6 1 0 2 0 0 1 0 1 1 1 1006    1 
6 1 0 1 1 3 0 1 2 2 1  693    1 
6 1 0 0 2 2 1 0 3 3 1 1184    1 
6 1 1 2 0 0 0 0 3 3 1 1808    1 
6 1 0 3 1 1 1 0 2 2 1 1375    1 
6 1 1 0 2 2 1 0 1 1 1 1255    0 
6 1 0 1 3 3 1 0 4 4 1  980    1 
6 1 0 1 1 3 0 1 2 2 1  780    1 
6 1 1 2 2 0 0 1 3 3 1  940    1 
6 1 0 3 1 1 1 0 2 2 1 1518    1 
6 1 1 0 0 2 0 1 1 1 1  776    1 
6 1 0 0 2 2 0 0 3 3 1 2400    1 
6 1 1 1 3 3 1 0 2 2 1 1695    1 
6 1 0 0 2 2 0 0 3 3 1 1066    1 
6 1 1 2 0 0 0 0 3 3 1 1519    0 
6 1 0 2 0 0 1 0 1 1 1  921    1 
6 1 0 2 2 0 0 1 3 3 1 1115    1 
6 1 0 1 3 3 0 0 4 4 1 1022    1 
6 1 0 3 3 1 0 1 4 4 1  932    1 
6 1 0 0 0 2 0 1 1 1 1  702    1 
6 1 1 0 2 2 1 0 1 1 1 1192    1 
6 1 1 1 3 3 1 0 2 2 1 1472    1 
6 1 0 1 3 3 0 0 4 4 1 1020    0 
6 1 0 1 1 1 1 1 2 2 1 1274    1 
6 1 1 3 3 3 1 1 4 4 1 1542    1 
6 1 0 1 3 3 1 0 4 4 1 1408    1 
6 1 0 3 3 1 0 1 4 4 1  759    1 
6 1 0 3 3 1 0 1 4 4 1  544    1 
6 1 0 0 0 2 0 1 1 1 1  737    1 
6 1 1 0 2 2 0 0 1 1 1  843    1 
6 1 0 1 3 3 0 0 4 4 1 1192    1 
6 1 0 1 3 3 1 0 4 4 1 1448    1 
6 1 0 1 1 1 1 1 2 2 1  885    1 
6 1 0 0 2 2 0 0 3 3 1  985    1 
6 1 0 2 0 0 1 0 1 1 1  736    1 
6 1 0 0 0 0 1 1 1 1 1  658    0 
6 1 0 2 0 0 0 0 1 1 1  934    1 
6 1 0 3 3 3 1 1 4 4 1  936    1 
6 1 1 3 1 1 0 0 4 4 1 1617    1 
6 1 0 0 2 2 0 0 3 3 1 1384    1 
6 1 1 0 2 2 1 0 1 1 1 1159    1 
6 1 0 2 0 0 0 0 1 1 1 1576    1 
6 1 0 2 2 2 1 1 3 3 1  824    1 
6 1 0 3 3 3 1 1 4 4 1  758    1 
6 1 0 3 3 3 1 1 4 4 1  543    1 
6 1 0 0 0 0 1 1 1 1 1  705    1 
6 1 0 3 3 3 1 1 4 4 1 1043    1 
6 1 0 3 3 1 0 1 4 3 0  833    1 
6 1 0 1 3 3 1 0 4 4 1 1069    1 
6 1 0 3 1 1 1 0 2 2 1 1441    1 
6 1 0 3 1 1 0 0 2 2 1  582    1 
6 1 0 2 2 2 1 1 3 3 1  766    1 
6 1 0 3 1 1 1 0 2 2 1 1390    1 
6 1 0 1 1 3 0 1 2 2 1  837    1 
6 1 0 3 3 3 1 1 4 4 1  811    1 
6 1 1 2 2 2 1 1 3 3 1 1362    1 
6 1 0 3 1 1 0 0 2 2 1 1515    1 
6 1 0 2 2 0 0 1 3 3 1 1197    1 
6 2 0 2 2 2 1 1 3 3 1 1844    1 
6 2 0 3 3 0 0 1 4 4 1 1018    0 
6 2 0 1 1 1 1 1 2 2 1 1528    1 
6 2 1 2 2 3 0 1 3 3 1  946    1 
6 2 1 2 2 2 1 1 3 3 1 1596    1 
6 2 1 1 1 1 1 1 2 2 1 1843    1 
6 2 0 1 1 1 1 1 2 2 1  889    1 
6 2 0 1 2 2 0 0 3 3 1 1060    1 
6 2 1 3 0 0 0 0 4 4 1 1481    1 
6 2 1 2 3 3 0 0 3 3 1 1949    1 
6 2 1 0 0 1 0 1 1 1 1 1470    1 
6 2 1 1 1 1 1 1 2 2 1 1443    1 
6 2 0 0 1 1 0 0 2 2 1 1104    1 
6 2 0 1 2 2 0 0 3 3 1 1387    1 
6 2 1 1 1 2 0 1 2 2 1 1434    1 
6 2 0 3 3 0 0 1 4 4 1 1656    1 
6 2 0 3 0 0 0 0 1 1 1  837    1 
6 2 1 0 0 1 0 1 1 1 1 1186    1 
6 2 0 1 1 2 0 1 2 2 1  930    1 
6 2 0 1 1 1 1 1 2 2 1 1116    1 
6 2 0 2 3 3 1 0 4 4 1 1278    1 
6 2 0 2 3 3 0 0 4 4 1  690    1 
6 2 0 0 0 0 1 1 1 1 1  670    1 
6 2 0 3 3 3 1 1 4 4 1  914    1 
6 2 0 0 1 1 0 0 2 2 1 1597    1 
6 2 0 1 2 2 1 0 3 3 1 1148    1 
6 2 0 2 3 3 1 0 4 4 1  854    1 
6 2 0 2 3 3 0 0 4 4 1  843    1 
6 2 0 1 2 2 1 0 3 3 1 1240    1 
6 2 0 0 1 1 1 0 2 2 1 1158    1 
6 2 1 0 1 1 0 0 1 1 1 1143    0 
6 2 0 0 0 1 0 1 1 1 1  968    0 
6 2 0 0 0 0 1 1 1 1 1  688    1 
6 2 0 3 0 0 0 0 1 1 1 1348    1 
6 2 1 1 1 2 0 1 2 2 1 1813    1 
6 2 0 1 2 2 0 0 3 3 1 1220    1 
6 2 0 1 2 2 0 0 3 3 1  834    1 
6 2 0 2 3 3 0 0 4 4 1 1200    0 
6 2 0 3 3 0 0 1 4 4 1  671    1 
6 2 0 0 1 1 0 0 2 2 1 1259    1 
6 2 1 2 2 3 0 1 3 3 1 1912    1 
6 2 0 0 0 1 0 1 1 1 1 1259    1 
6 2 0 1 2 2 0 0 3 3 1 1071    0 
6 2 0 0 1 1 0 0 2 2 1 1148    1 
6 2 0 2 3 3 1 0 4 4 1  877    1 
6 2 1 3 3 3 1 1 4 4 1 1073    1 
6 2 0 3 0 0 0 0 1 1 1  918    1 
6 2 0 0 0 1 0 1 1 1 1  656    1 
6 2 0 2 2 2 1 1 3 3 1 1284    1 
6 2 0 2 2 2 1 1 3 3 1  688    1 
6 2 0 0 0 0 1 1 1 1 1  915    1 
6 2 0 1 1 2 0 1 2 2 1  806    0 
6 2 1 0 1 1 1 0 1 1 1  948    1 
6 2 0 1 2 2 0 0 3 3 1  894    1 
6 2 0 0 1 1 1 0 2 2 1 1057    1 
6 2 0 1 2 2 1 0 3 3 1  998    1 
6 2 0 3 0 0 1 0 1 1 1  942    1 
6 2 1 3 3 0 0 1 4 4 1 1727    1 
6 2 0 0 1 1 1 0 2 2 1 1394    1 
6 2 1 3 0 0 0 0 4 4 1 1249    1 
6 2 0 1 1 1 1 1 2 2 1 2342    1 
6 2 1 2 3 3 1 0 3 3 1 1456    1 
6 2 1 3 3 3 1 1 4 4 1 1372    1 
6 2 0 0 1 1 0 0 2 2 1 1197    1 
6 2 0 0 0 0 1 1 1 1 1  692    1 
6 2 0 2 3 3 0 0 4 4 1 1264    1 
6 2 0 1 2 2 1 0 3 3 1  949    1 
6 2 1 2 2 3 0 1 3 3 1 1678    1 
6 2 0 1 1 2 0 1 2 2 1 1554    1 
6 2 0 2 3 3 1 0 4 4 1  947    1 
6 2 1 2 3 3 1 0 3 3 1 1437    1 
6 2 0 3 3 0 0 1 4 4 1 1018    1 
6 2 0 0 0 1 0 1 1 1 1  720    1 
6 2 0 1 1 2 0 1 2 2 1  890    1 
6 2 1 2 3 3 1 0 3 3 1 1518    1 
6 2 0 2 2 3 0 1 3 3 1  800    0 
6 2 0 1 1 2 0 1 2 2 1  983    1 
6 2 0 3 0 0 0 0 1 1 1 1078    1 
6 2 0 3 0 0 0 0 1 1 1  635    1 
6 2 0 0 0 1 0 1 1 1 1  752    1 
6 2 0 1 1 2 0 1 2 2 1  737    1 
6 2 0 3 3 3 1 1 4 4 1  890    1 
6 2 0 1 1 2 0 1 2 2 1  718    1 
6 2 0 3 0 0 0 0 1 1 1  856    1 
6 2 0 1 2 2 1 0 3 3 1 1653    1 
6 2 1 0 0 1 0 1 1 1 1 1266    1 
6 2 0 0 1 1 0 0 2 2 1  846    1 
6 2 1 0 0 0 1 1 1 1 1  747    1 
6 2 0 3 3 0 0 1 4 4 1 1093    1 
6 2 0 0 1 1 0 0 2 2 1  976    1 
6 2 0 0 1 1 1 0 2 2 1  961    1 
6 2 0 3 3 0 0 1 4 4 1 1225    1 
6 2 0 2 3 3 1 0 4 4 1 1184    1 
6 2 1 0 0 0 1 1 1 1 1  911    1 
6 2 0 1 2 2 1 0 3 3 1  882    1 
6 2 0 3 3 3 1 1 4 4 1  885    1 
6 2 1 0 1 1 1 0 1 1 1 1449    1 
6 2 0 0 0 1 0 1 1 1 1  870    1 
6 2 0 3 0 0 1 0 1 1 1 1074    1 
6 2 0 2 2 2 1 1 3 3 1 1030    1 
6 2 0 3 3 3 1 1 4 4 1  772    1 
6 2 1 1 2 2 0 0 2 2 1 1413    1 
6 2 0 3 0 0 1 0 1 1 1  947    1 
6 2 1 0 1 1 1 0 1 1 1  941    1 
6 2 0 2 3 3 0 0 4 4 1  990    1 
6 2 0 2 2 3 0 1 3 3 1  958    1 
6 2 0 0 0 1 0 1 1 1 1  983    1 
6 2 0 0 0 0 1 1 1 1 1  766    1 
6 2 0 2 3 3 1 0 4 4 1  862    1 
6 2 0 0 0 0 1 1 1 1 1  571    1 
6 2 1 2 2 3 0 1 3 3 1 1611    1 
6 2 1 2 3 3 1 0 3 3 1 1522    1 
6 2 0 3 3 3 1 1 4 4 1  972    1 
6 2 0 1 1 1 1 1 2 2 1 1029    1 
6 2 1 0 1 1 0 0 1 1 1  947    1 
6 2 1 3 0 0 1 0 4 4 1 1324    1 
6 2 1 0 0 0 1 1 1 1 1  838    1 
6 2 1 2 3 3 1 0 3 3 1 1036    0 
6 2 0 1 2 2 1 0 3 3 1 1681    1 
6 2 0 2 2 2 1 1 3 3 1  798    0 
6 2 0 2 2 3 0 1 3 3 1  829    1 
6 2 0 3 3 3 1 1 4 4 1  803    1 
6 2 0 3 3 0 0 1 4 4 1  770    1 
6 2 0 0 1 1 1 0 2 2 1 1138    1 
6 2 0 3 0 0 1 0 1 1 1 1132    1 
6 2 1 1 2 2 0 0 2 2 1 1254    1 
6 2 0 1 1 1 1 1 2 2 1  715    1 
6 2 1 0 1 1 0 0 1 1 1 1326    1 
6 2 0 2 3 3 1 0 4 4 1  888    1 
6 2 0 3 3 3 1 1 4 4 1  955    1 
6 2 0 2 3 3 1 0 4 4 1  796    1 
6 2 0 1 2 2 0 0 3 3 1  924    1 
6 2 1 3 0 0 0 0 4 4 1 1326    1 
6 2 0 3 0 0 0 0 1 1 1 1152    1 
6 2 0 3 3 0 0 1 4 4 1 1201    1 
6 2 0 1 1 2 0 1 2 2 1 1000    1 
6 2 0 3 0 0 1 0 1 1 1 1103    1 
6 2 0 0 1 1 0 0 2 2 1 1041    1 
6 2 0 1 2 2 1 0 3 3 1  967    1 
6 2 0 1 2 2 1 0 3 3 1  967    1 
6 2 0 1 2 2 0 0 3 3 1 1127    1 
6 2 0 2 2 3 0 1 3 3 1  865    1 
6 2 1 1 2 2 1 0 2 2 1 1366    1 
6 2 0 3 0 0 0 0 1 1 1  798    1 
6 2 1 2 2 2 1 1 3 3 1 1149    1 
6 2 1 1 1 1 1 1 2 2 1 1278    1 
6 2 0 3 3 0 0 1 4 4 1 1314    1 
6 2 0 2 2 3 0 1 3 3 1  813    1 
6 2 1 0 0 1 0 1 1 1 1  692    1 
6 2 0 3 3 3 1 1 4 4 1  735    1 
6 2 0 1 2 2 0 0 3 3 1  961    0 
6 2 0 2 2 2 1 1 3 3 1 1042    1 
6 2 0 3 3 3 1 1 4 4 1  663    1 
6 2 0 2 3 3 0 0 4 4 1 1356    1 
6 2 0 1 1 2 0 1 2 2 1  789    1 
6 2 0 0 0 0 1 1 1 1 1  692    1 
6 2 0 3 0 0 0 0 1 1 1 1280    1 
6 2 0 3 0 0 1 0 1 1 1 1004    1 
6 2 0 0 0 0 1 1 1 1 1  651    0 
6 2 1 3 0 0 1 0 4 4 1 1480    1 
6 2 1 1 2 2 1 0 2 2 1 1132    1 
6 2 1 2 3 3 1 0 3 3 1 1669    1 
6 2 0 1 2 2 1 0 3 3 1 1034    1 
6 2 0 0 0 1 0 1 1 1 1  719    1 
6 2 0 1 2 2 1 0 3 3 1 1065    1 
6 2 0 2 3 3 0 0 4 4 1  726    1 
6 2 0 1 1 1 1 1 2 2 1  720    1 
6 2 0 3 0 0 1 0 1 1 1  778    1 
6 2 0 2 2 3 0 1 3 3 1  858    1 
6 2 0 3 3 0 0 1 4 4 1  903    1 
6 2 1 0 1 1 1 0 1 1 1  874    1 
6 2 0 0 0 0 1 1 1 1 1  702    1 
6 2 1 3 3 0 0 1 4 4 1 1721    1 
6 2 0 2 3 3 0 0 4 4 1 1507    1 
6 2 0 2 3 3 0 0 4 4 1  990    1 
6 2 0 2 3 3 1 0 4 4 1  805    1 
6 2 0 1 1 2 0 1 2 2 1  812    1 
6 2 0 3 0 0 0 0 1 1 1  819    1 
6 2 1 2 3 3 1 0 3 3 1 1457    1 
6 2 0 3 0 0 1 0 1 1 1  854    1 
6 2 0 1 2 2 1 0 3 3 1  859    1 
6 2 1 3 3 3 1 1 4 4 1  704    1 
6 2 0 3 0 0 1 0 1 1 1  786    1 
6 2 1 2 2 3 0 1 3 3 1 1658    1 
6 2 0 0 0 1 0 1 1 1 1  687    1 
6 2 0 0 0 0 1 1 1 1 1  570    1 
6 2 0 2 2 3 0 1 3 3 1  666    0 
6 2 0 2 2 3 0 1 3 3 1  750    1 
6 2 0 2 2 2 1 1 3 3 1 1295    1 
6 2 0 1 2 2 1 0 3 3 1 1003    1 
6 2 0 0 0 1 0 1 1 1 1  602    1 
6 2 0 0 0 0 1 1 1 1 1  648    1 
6 3 1 0 0 0 1 1 1 1 1 1607    1 
6 3 0 2 2 2 1 1 3 3 1  749    0 
6 3 0 0 3 2 0 0 4 4 1 1294    1 
6 3 0 1 0 3 0 0 1 1 1  738    1 
6 3 0 3 2 1 0 0 3 3 1  915    1 
6 3 0 0 3 3 1 0 4 4 1 2077    1 
6 3 0 2 1 1 1 0 2 2 1 1970    1 
6 3 0 3 3 1 0 1 4 4 1 1106    1 
6 3 0 3 2 2 1 0 3 3 1 1269    1 
6 3 1 2 1 1 1 0 3 3 1 1225    1 
6 3 0 1 0 3 0 0 1 1 1  831    1 
6 3 1 1 0 0 1 0 2 2 1 1837    1 
6 3 1 2 2 2 1 1 3 3 1 1611    1 
6 3 0 0 3 2 0 0 4 4 1 1554    1 
6 3 0 0 0 0 1 1 1 1 1  611    1 
6 3 0 3 3 1 0 1 4 4 1 1025    1 
6 3 1 0 0 2 0 1 1 1 1 1288    1 
6 3 0 0 3 2 0 0 4 4 1 1299    1 
6 3 1 0 0 2 0 1 1 1 1 1054    1 
6 3 0 1 1 3 0 1 2 2 1  907    1 
6 3 0 0 3 3 1 0 4 4 1 1110    1 
6 3 0 2 2 0 0 1 3 3 1  961    0 
6 3 0 0 3 3 1 0 4 4 1  969    1 
6 3 0 1 0 0 1 0 1 1 1 1026    1 
6 3 1 2 1 1 1 0 3 3 1 1128    1 
6 3 0 2 2 0 0 1 3 3 1  874    1 
6 3 1 1 1 3 0 1 2 2 1  942    1 
6 3 1 1 1 3 0 1 2 2 1 1375    1 
6 3 1 2 1 0 0 0 3 3 1 1184    1 
6 3 0 0 0 0 1 1 1 1 1  967    1 
6 3 0 0 3 3 1 0 4 4 1  855    1 
6 3 1 3 3 1 0 1 4 4 1  780    1 
6 3 1 1 0 3 0 0 2 2 1 1428    1 
6 3 0 0 3 2 0 0 4 4 1 1315    1 
6 3 0 0 0 2 0 1 1 1 1  781    1 
6 3 1 2 1 0 0 0 3 3 1 1206    1 
6 3 0 3 3 1 0 1 4 4 1 1052    1 
6 3 0 3 3 3 1 1 4 4 1  889    1 
6 3 0 1 1 1 1 1 2 2 1  845    1 
6 3 0 1 0 0 1 0 1 1 1  682    1 
6 3 0 3 2 2 1 0 3 3 1  838    1 
6 3 0 2 2 0 0 1 3 3 1  819    1 
6 3 0 2 2 2 1 1 3 3 1  833    1 
6 3 1 3 3 1 0 1 4 4 1 1439    0 
6 3 0 2 1 1 1 0 2 2 1 1148    1 
6 3 0 0 3 2 0 0 4 4 1 1902    0 
6 3 0 0 0 0 1 1 1 1 1  809    1 
6 3 0 2 1 1 1 0 2 2 1 1216    1 
6 3 0 2 2 2 1 1 3 3 1 1230    1 
6 3 0 0 0 2 0 1 1 1 1 1004    1 
6 3 0 3 3 1 0 1 4 4 1 1851    1 
6 3 0 2 2 2 1 1 3 3 1  928    1 
6 3 0 0 3 2 0 0 4 4 1 1234    1 
6 3 0 2 2 2 1 1 3 3 1  999    1 
6 3 0 1 0 0 1 0 1 1 1  846    1 
6 3 0 1 1 1 1 1 2 2 1  860    1 
6 3 0 3 3 3 1 1 4 4 1  977    1 
6 3 0 0 3 2 0 0 4 4 1  913    1 
6 3 0 1 0 0 1 0 1 1 1  836    1 
6 3 0 2 1 1 1 0 2 2 1 1129    1 
6 3 0 1 0 0 1 0 1 1 1  747    1 
6 3 0 1 1 3 0 1 2 2 1  925    1 
6 3 1 3 2 2 1 0 4 4 1 2375    1 
6 3 0 0 0 0 1 1 1 1 1  727    1 
6 3 0 3 2 1 0 0 3 3 1 1137    1 
6 3 0 1 1 3 0 1 2 2 1 1379    1 
6 3 0 1 0 3 0 0 1 1 1  739    1 
6 3 0 3 3 3 1 1 4 4 1  829    1 
6 3 1 2 1 1 1 0 3 3 1  947    1 
6 3 0 1 1 3 0 1 2 2 1 1052    1 
6 3 0 1 0 3 0 0 1 1 1  641    0 
6 3 1 1 0 3 0 0 2 2 1 1927    1 
6 3 1 3 2 2 1 0 4 4 1 1529    1 
6 3 0 1 0 0 1 0 1 1 1  899    1 
6 3 1 1 0 0 1 0 2 2 1 1230    1 
6 3 0 2 1 1 1 0 2 2 1 1660    1 
6 3 0 3 3 3 1 1 4 4 1  825    1 
6 3 0 0 3 2 0 0 4 4 1  911    1 
6 3 0 1 0 0 1 0 1 1 1  874    1 
6 3 0 3 3 3 1 1 4 4 1  790    1 
6 3 0 2 2 2 1 1 3 3 1 1982    1 
6 3 1 3 2 2 1 0 4 4 1 1030    0 
6 3 0 3 2 2 1 0 3 3 1 1524    0 
6 3 0 3 3 1 0 1 4 4 1 1118    1 
6 3 1 3 3 3 1 1 4 4 1 1096    1 
6 3 0 1 1 3 0 1 2 2 1 1052    1 
6 3 1 1 0 0 1 0 2 2 1 1433    1 
6 3 0 3 3 1 0 1 4 4 1  990    1 
6 3 1 1 1 1 1 1 2 2 1 1286    1 
6 3 0 2 1 1 1 0 2 2 1 1073    1 
6 3 0 0 3 3 1 0 4 4 1  981    1 
6 3 0 1 1 3 0 1 2 2 1  814    1 
6 3 1 0 0 0 1 1 1 1 1  900    1 
6 3 1 3 2 1 0 0 4 3 0  975    1 
6 3 1 3 2 2 1 0 4 4 1 1317    1 
6 3 0 1 1 3 0 1 2 2 1  968    1 
6 3 0 2 1 0 0 0 2 2 1 1200    1 
6 3 0 2 1 0 0 0 2 2 1  743    1 
6 3 0 0 3 2 0 0 4 4 1 1160    0 
6 3 1 3 2 1 0 0 4 4 1 1425    1 
6 3 0 3 2 2 1 0 3 3 1 1039    1 
6 3 0 1 1 1 1 1 2 2 1 1101    1 
6 3 0 0 0 0 1 1 1 1 1  560    1 
6 3 0 0 0 0 1 1 1 1 1  616    1 
6 3 0 0 3 2 0 0 4 4 1 1110    1 
6 3 1 0 0 2 0 1 1 1 1 1201    1 
6 3 1 3 3 1 0 1 4 4 1 1328    1 
6 3 0 3 3 1 0 1 4 4 1  882    1 
6 3 0 0 3 3 1 0 4 4 1 1382    0 
6 3 0 2 1 1 1 0 2 2 1 1141    1 
6 3 0 3 2 1 0 0 3 3 1  927    1 
6 3 0 1 1 1 1 1 2 2 1  905    1 
6 3 0 2 2 0 0 1 3 3 1 1076    1 
6 3 0 1 1 3 0 1 2 2 1  920    1 
6 3 0 2 2 0 0 1 3 3 1  802    2 
6 3 0 3 2 2 1 0 3 3 1  913    1 
6 3 0 3 3 3 1 1 4 4 1  860    1 
6 3 0 0 0 0 1 1 1 1 1    0    0 
6 3 0 0 3 2 0 0 4 4 1 1367    0 
6 3 0 1 1 3 0 1 2 2 1  920    1 
6 3 0 2 1 1 1 0 2 2 1 1250    1 
6 3 0 1 1 3 0 1 2 2 1  623    1 
6 3 1 0 0 0 1 1 1 1 1  797    1 
6 3 0 2 2 2 1 1 3 3 1  764    1 
6 3 1 1 1 3 0 1 2 2 1 1525    1 
6 3 0 0 3 2 0 0 4 4 1 1055    1 
6 3 0 3 3 1 0 1 4 4 1  772    1 
6 3 0 2 1 0 0 0 2 2 1 1332    1 
6 3 0 2 2 2 1 1 3 3 1  926    1 
6 3 1 1 0 0 1 0 2 2 1 1264    1 
6 3 0 2 1 1 1 0 2 2 1 1205    1 
6 3 1 1 0 3 0 0 2 2 1 1604    1 
6 3 1 3 3 1 0 1 4 4 1  803    1 
6 3 0 2 1 0 0 0 2 2 1 1201    1 
6 3 0 1 0 0 1 0 1 1 1  792    1 
6 3 0 1 0 3 0 0 1 1 1  608    1 
6 3 0 0 0 2 0 1 1 1 1  687    0 
6 3 0 0 3 2 0 0 4 4 1  802    1 
6 3 0 0 3 3 1 0 4 4 1 1625    1 
6 3 0 2 2 2 1 1 3 3 1  807    1 
6 3 0 1 0 3 0 0 1 1 1  798    1 
6 3 1 2 2 0 0 1 3 3 1 1405    1 
6 3 1 1 0 3 0 0 2 2 1 1492    1 
6 3 1 2 1 0 0 0 3 3 1 1480    1 
6 3 0 1 1 3 0 1 2 2 1  892    1 
6 3 1 1 1 1 1 1 2 2 1 1184    1 
6 3 1 3 2 1 0 0 4 4 1 1519    1 
6 3 0 2 2 0 0 1 3 3 1 2401    1 
6 3 1 0 3 3 1 0 1 1 1  872    1 
6 3 0 2 1 1 1 0 2 2 1 1332    1 
6 3 0 0 0 0 1 1 1 1 1  822    1 
6 3 0 0 0 0 1 1 1 1 1  636    1 
6 3 0 1 1 3 0 1 2 2 1  698    1 
6 3 1 2 1 0 0 0 3 3 1 1333    0 
6 3 1 0 3 2 0 0 1 1 1 1239    1 
6 3 0 3 2 2 1 0 3 3 1 1292    1 
6 3 1 3 2 1 0 0 4 4 1 1280    1 
6 3 0 1 1 1 1 1 2 2 1  756    1 
6 3 0 3 3 1 0 1 4 4 1 1005    1 
6 3 0 2 1 1 1 0 2 2 1 1291    0 
6 3 0 2 2 2 1 1 3 3 1 1023    1 
6 3 0 3 3 3 1 1 4 4 1  621    1 
6 3 0 0 0 2 0 1 1 1 1 1443    1 
6 3 0 2 1 1 1 0 2 2 1 1017    1 
6 3 0 3 3 1 0 1 4 4 1  967    1 
6 3 0 3 2 1 0 0 3 3 1 1079    1 
6 3 0 3 2 2 1 0 3 3 1 1035    1 
6 3 0 1 0 3 0 0 1 1 1  833    1 
6 3 0 3 3 1 0 1 4 4 1  822    1 
6 3 0 2 1 0 0 0 2 2 1 1116    1 
6 3 0 2 1 0 0 0 2 2 1  607    1 
6 3 0 3 3 1 0 1 4 4 1  909    1 
6 3 0 1 0 0 1 0 1 1 1  696    1 
6 3 0 2 2 0 0 1 3 3 1  844    1 
6 3 0 0 0 2 0 1 1 1 1  681    1 
6 3 1 0 0 0 1 1 1 1 1  885    1 
6 3 0 2 1 1 1 0 2 2 1 1017    1 
6 3 1 0 3 3 1 0 1 1 1 1119    1 
6 3 0 2 2 2 1 1 3 3 1  817    1 
6 3 0 3 3 1 0 1 4 4 1  887    1 
6 3 1 0 0 0 1 1 1 1 1  619    1 
6 3 1 1 1 3 0 1 2 2 1 1441    1 
6 3 1 0 3 3 1 0 1 1 1  695    1 
6 3 0 0 3 3 1 0 4 4 1 1234    1 
6 3 0 3 3 1 0 1 4 4 1  736    1 
6 3 0 2 1 0 0 0 2 2 1  905    1 
6 3 0 0 0 0 1 1 1 1 1  716    1 
6 3 0 3 3 1 0 1 4 4 1  726    1 
6 3 0 3 3 3 1 1 4 4 1 1096    1 
6 3 0 2 2 2 1 1 3 3 1  812    1 
6 3 0 3 2 1 0 0 3 3 1 1179    1 
6 3 0 1 1 1 1 1 2 2 1  835    1 
6 4 0 1 0 0 1 0 1 1 1 2162    1 
6 4 0 2 1 0 0 0 2 2 1 1059    1 
6 4 1 2 1 0 0 0 3 3 1 1376    1 
6 4 0 2 1 1 1 0 2 2 1 1008    1 
6 4 1 0 3 2 0 0 1 1 1 1223    1 
6 4 0 2 2 2 1 1 3 3 1 1189    1 
6 4 1 1 0 3 0 0 2 2 1 1396    1 
6 4 0 2 2 2 1 1 3 3 1 1036    1 
6 4 0 3 3 1 0 1 4 4 1  801    1 
6 4 1 1 1 3 0 1 2 2 1 1512    1 
6 4 0 1 1 3 0 1 2 2 1 1107    1 
6 4 1 0 3 3 1 0 1 1 1  758    1 
6 4 0 3 3 1 0 1 4 4 1  903    1 
6 4 0 1 0 0 1 0 1 1 1  738    1 
6 4 1 0 3 3 1 0 1 1 1  771    1 
6 4 0 2 2 2 1 1 3 3 1  755    1 
6 4 0 3 3 3 1 1 4 4 1  796    1 
6 4 0 0 3 2 0 0 4 4 1  924    1 
6 4 0 3 3 3 1 1 4 4 1 1038    1 
6 4 0 1 0 0 1 0 1 1 1  739    1 
6 4 1 0 3 3 1 0 1 1 1  717    1 
6 4 1 0 3 3 1 0 1 1 1  911    1 
6 4 0 0 0 2 0 1 1 1 1  634    0 
6 4 1 1 1 3 0 1 2 2 1 1455    1 
6 4 1 3 3 3 1 1 4 4 1  852    0 
6 4 0 1 0 3 0 0 1 1 1  849    1 
6 4 0 0 0 2 0 1 1 1 1  518    1 
6 4 1 3 3 3 1 1 4 4 1  896    1 
6 4 0 0 3 2 0 0 4 4 1  715    1 
6 4 0 1 0 0 1 0 1 1 1  750    1 
6 4 0 0 3 3 1 0 4 4 1 1102    1 
6 4 0 0 3 2 0 0 4 4 1  865    1 
6 4 0 3 3 1 0 1 4 4 1  605    1 
6 4 0 2 1 1 1 0 2 2 1  964    1 
6 4 0 3 3 1 0 1 4 4 1  741    1 
6 4 1 3 3 1 0 1 4 4 1 1206    1 
6 4 1 0 0 0 1 1 1 1 1  821    1 
6 4 0 3 3 3 1 1 4 4 1  755    1 
6 4 0 1 1 3 0 1 2 2 1  988    1 
6 4 0 0 3 2 0 0 4 4 1  836    1 
6 4 1 2 1 0 0 0 3 3 1 1289    1 
6 4 1 1 0 3 0 0 2 2 1 1469    1 
6 4 0 2 1 1 1 0 2 2 1 1137    1 
6 4 0 3 3 1 0 1 4 4 1  859    1 
6 4 0 2 2 2 1 1 3 3 1  679    1 
6 4 1 3 3 1 0 1 4 4 1 1443    1 
6 4 0 2 1 1 1 0 2 2 1 1337    1 
6 4 1 1 1 3 0 1 2 2 1 1267    1 
6 4 0 3 3 1 0 1 4 4 1  775    0 
6 4 0 2 2 2 1 1 3 3 1  743    1 
6 4 0 3 3 1 0 1 4 4 1  712    1 
6 4 0 2 2 2 1 1 3 3 1  795    1 
6 4 0 2 2 2 1 1 3 3 1  987    1 
6 4 0 1 1 3 0 1 2 2 1  818    1 
6 4 1 2 2 0 0 1 3 3 1 1800    1 
6 4 0 2 1 0 0 0 2 2 1 1055    1 
6 4 1 3 2 1 0 0 4 3 0 1300    1 
6 4 1 0 0 0 1 1 1 1 1 1093    1 
6 4 0 2 2 2 1 1 3 3 1 1104    1 
6 4 0 2 1 1 1 0 2 2 1  883    1 
6 4 0 2 1 1 1 0 2 2 1 1047    1 
6 4 1 0 0 0 1 1 1 1 1  788    1 
6 4 0 0 0 0 1 1 1 1 1  636    1 
6 4 0 1 0 3 0 0 1 1 1  841    1 
6 4 0 2 1 1 1 0 2 2 1  919    0 
6 4 0 0 3 3 1 0 4 4 1  825    1 
6 4 0 3 3 3 1 1 4 4 1  975    1 
6 4 0 2 2 2 1 1 3 3 1  831    1 
6 4 0 1 0 0 1 0 1 1 1  709    1 
6 4 0 1 1 1 1 1 2 2 1  792    1 
6 4 0 3 2 2 1 0 3 3 1  872    1 
6 4 1 1 0 3 0 0 2 2 1 1804    1 
6 4 0 2 1 0 0 0 2 2 1 1083    1 
6 4 0 1 0 3 0 0 1 1 1  950    0 
6 4 0 1 0 3 0 0 1 1 1  519    1 
6 4 0 3 3 1 0 1 4 4 1  913    1 
6 4 0 2 1 1 1 0 2 2 1 1004    1 
6 4 0 2 1 1 1 0 2 2 1  811    1 
6 4 0 1 1 3 0 1 2 2 1  674    1 
6 4 0 3 3 3 1 1 4 4 1  702    1 
6 4 1 0 3 2 0 0 1 1 1 1321    0 
6 4 1 1 0 3 0 0 2 2 1 1219    1 
6 4 0 0 0 0 1 1 1 1 1  721    1 
6 4 0 3 3 1 0 1 4 4 1  675    1 
6 4 0 0 0 0 1 1 1 1 1  767    1 
6 4 0 3 2 2 1 0 3 3 1  928    1 
6 4 0 2 2 0 0 1 3 3 1  722    1 
6 4 0 3 2 1 0 0 3 3 1  812    1 
6 4 0 3 2 1 0 0 3 3 1  659    1 
6 4 1 3 3 3 1 1 4 4 1 2367    1 
6 4 1 1 0 0 1 0 2 2 1 1552    1 
6 4 1 1 1 3 0 1 2 2 1 1697    1 
6 4 0 1 0 0 1 0 1 1 1  852    1 
6 4 0 3 2 2 1 0 3 3 1 1137    0 
6 4 0 0 3 3 1 0 4 4 1  867    1 
6 4 1 1 1 3 0 1 2 2 1 1119    1 
6 4 0 3 2 1 0 0 3 3 1 2041    0 
6 4 0 2 2 0 0 1 3 3 1 1030    1 
6 4 0 0 3 3 1 0 4 4 1 1037    1 
6 4 0 1 1 1 1 1 2 2 1  722    1 
6 4 0 1 0 0 1 0 1 1 1  844    1 
6 4 0 2 2 0 0 1 3 3 1 1042    0 
6 4 0 3 2 1 0 0 3 3 1 1095    1 
6 4 0 2 1 0 0 0 2 2 1  899    0 
6 4 0 0 3 2 0 0 4 4 1  966    1 
6 4 0 2 1 0 0 0 2 2 1 1278    1 
6 4 0 1 0 0 1 0 1 1 1  690    1 
6 4 0 3 2 2 1 0 3 3 1 1605    1 
6 4 1 0 0 2 0 1 1 1 1 1012    1 
6 4 0 0 3 3 1 0 4 4 1  803    1 
6 4 1 0 0 2 0 1 1 1 1  994    1 
6 4 0 0 0 0 1 1 1 1 1  705    1 
6 4 0 2 2 0 0 1 3 3 1  756    1 
6 4 0 3 2 1 0 0 3 3 1 1293    1 
6 4 0 0 3 3 1 0 4 4 1  841    1 
6 4 1 2 2 0 0 1 3 3 1 1502    1 
6 4 0 0 0 0 1 1 1 1 1  769    1 
6 4 1 1 0 0 1 0 2 2 1 1785    1 
6 4 0 2 2 2 1 1 3 3 1  689    1 
6 4 0 0 0 2 0 1 1 1 1  748    1 
6 4 0 1 0 0 1 0 1 1 1  806    0 
6 4 0 0 0 0 1 1 1 1 1  628    1 
6 4 1 1 1 1 1 1 2 2 1  763    1 
6 4 0 3 2 2 1 0 3 3 1 1035    1 
6 4 1 0 0 2 0 1 1 1 1 1777    1 
6 4 0 2 1 1 1 0 2 2 1  761    1 
6 4 0 2 2 0 0 1 3 3 1 1866    1 
6 4 0 2 1 0 0 0 2 2 1  886    1 
6 4 1 1 1 1 1 1 2 2 1 1370    1 
6 4 0 3 3 1 0 1 4 4 1  978    1 
6 4 0 1 0 3 0 0 1 1 1 1842    1 
6 4 0 3 2 1 0 0 3 3 1  752    1 
6 4 0 2 1 0 0 0 2 2 1  841    1 
6 4 0 2 1 0 0 0 2 2 1  622    1 
6 4 1 3 3 1 0 1 4 4 1 1380    1 
6 4 0 2 2 2 1 1 3 3 1  612    1 
6 4 0 0 0 2 0 1 1 1 1  651    1 
6 4 0 3 3 3 1 1 4 4 1  568    1 
6 4 0 1 1 3 0 1 2 2 1  792    1 
6 4 0 2 2 2 1 1 3 3 1  752    1 
6 4 0 0 0 0 1 1 1 1 1  648    1 
6 4 0 1 0 3 0 0 1 1 1  638    1 
6 4 0 0 0 0 1 1 1 1 1  651    1 
6 4 1 0 0 0 1 1 1 1 1  840    1 
6 4 0 1 0 3 0 0 1 1 1  582    1 
6 4 0 3 3 3 1 1 4 4 1  830    1 
6 4 1 0 0 0 1 1 1 1 1  572    1 
6 4 1 2 2 2 1 1 3 3 1 1596    1 
6 4 1 3 2 1 0 0 4 4 1 1852    1 
6 4 0 3 2 2 1 0 3 3 1 2409    1 
6 4 1 1 0 3 0 0 2 2 1 1455    1 
6 4 0 1 0 0 1 0 1 1 1  924    1 
6 4 1 3 3 3 1 1 4 4 1 1199    1 
6 4 0 0 0 2 0 1 1 1 1  701    1 
6 4 0 0 0 2 0 1 1 1 1  488    1 
6 4 0 2 1 1 1 0 2 2 1  868    1 
6 4 0 3 2 1 0 0 3 3 1  808    1 
6 4 0 1 0 3 0 0 1 1 1  695    1 
6 4 0 1 1 1 1 1 2 2 1  778    1 
6 4 0 2 1 0 0 0 2 2 1  722    0 
6 4 0 1 1 3 0 1 2 2 1  620   52 
6 4 0 2 2 2 1 1 3 3 1  795    1 
6 4 1 3 2 2 1 0 4 4 1 1394    1 
6 4 0 1 0 0 1 0 1 1 1  650    1 
6 4 0 3 2 1 0 0 3 3 1  694    1 
6 4 1 2 2 0 0 1 3 3 1 1194    0 
6 4 0 0 3 3 1 0 4 4 1  961    1 
6 4 0 0 3 3 1 0 4 4 1  546    1 
6 4 1 3 3 1 0 1 4 4 1 1292    1 
6 4 0 3 2 1 0 0 3 3 1 2183    1 
6 4 0 2 2 2 1 1 3 3 1  815    1 
6 4 1 2 2 2 1 1 3 3 1 1182    1 
6 4 0 0 0 2 0 1 1 1 1  790    1 
6 4 0 1 1 3 0 1 2 2 1  669    1 
6 4 0 3 2 1 0 0 3 3 1  753    1 
6 4 0 0 0 2 0 1 1 1 1 1026    1 
6 4 0 2 2 0 0 1 3 3 1  952    1 
6 4 0 1 1 1 1 1 2 2 1 1593    1 
6 4 1 0 3 2 0 0 1 1 1 2753    1 
6 4 0 3 2 1 0 0 3 3 1  898    1 
6 4 0 0 3 2 0 0 4 4 1 1021    1 
6 4 1 1 1 3 0 1 2 2 1 1163    1 
6 4 0 1 1 1 1 1 2 2 1  676    1 
6 4 0 3 2 2 1 0 3 3 1 2512    1 
6 4 0 1 0 0 1 0 1 1 1  667    1 
6 4 0 0 3 3 1 0 4 4 1  792    1 
6 4 0 2 1 1 1 0 2 2 1 1071    1 
6 4 0 0 0 0 1 1 1 1 1  643    1 
6 4 0 1 1 3 0 1 2 2 1  769    1 
6 4 0 3 2 2 1 0 3 3 1  905    1 
6 4 0 3 2 1 0 0 3 3 1  724    1 
6 4 0 0 3 2 0 0 4 4 1 1398    1 
