29 1 1 1 1 1 1 1 2 2 1 2894    1 
29 1 0 3 3 3 1 1 4 4 1  545    1 
29 1 1 1 2 2 0 0 2 3 0 2755    1 
29 1 1 3 0 0 1 0 4 4 1 1106    1 
29 1 0 0 0 1 0 1 1 1 1 1596    1 
29 1 0 1 2 2 1 0 3 3 1 2668    1 
29 1 0 1 2 2 1 0 3 3 1  864    1 
29 1 0 2 3 3 0 0 4 4 1 1557    1 
29 1 1 1 2 2 0 0 2 2 1 1470    1 
29 1 0 2 2 3 0 1 3 3 1 1250    1 
29 1 1 2 3 3 1 0 3 4 0  615    1 
29 1 1 3 3 3 1 1 4 4 1 1235    1 
29 1 1 1 1 2 0 1 2 2 1 2320    1 
29 1 1 1 2 2 1 0 2 2 1 1698    0 
29 1 0 0 1 1 0 0 2 2 1 2358    1 
29 1 1 0 0 0 1 1 1 1 1 1455    0 
29 1 0 3 0 0 0 0 1 1 1 1484    1 
29 1 0 1 2 2 1 0 3 2 0  919    1 
29 1 1 1 1 1 1 1 2 2 1 2743    1 
29 1 0 0 0 0 1 1 1 1 1  769    1 
29 1 0 2 2 2 1 1 3 3 1 1417    1 
29 1 0 3 3 0 0 1 4 4 1  855    1 
29 1 0 0 0 0 1 1 1 2 0 2220    1 
29 1 0 1 1 2 0 1 2 2 1 1208    1 
29 1 0 0 1 1 0 0 2 2 1  863    1 
29 1 0 0 0 0 1 1 1 1 1  531    1 
29 1 1 1 1 1 1 1 2 2 1  758    1 
29 1 0 2 2 2 1 1 3 3 1  446    1 
29 1 0 3 3 0 0 1 4 4 1  588    1 
29 1 0 2 3 3 0 0 4 4 1  547    1 
29 1 0 0 1 1 1 0 2 1 0  685    1 
29 1 0 2 2 2 1 1 3 3 1 1518    0 
29 1 1 0 0 1 0 1 1 2 0  768    1 
29 1 0 3 0 0 1 0 1 1 1 2950    1 
29 1 0 3 0 0 1 0 1 1 1  735    1 
29 1 0 0 1 1 0 0 2 2 1 1433    1 
29 1 0 0 0 1 0 1 1 2 0  662    0 
29 1 1 2 2 3 0 1 3 3 1 1953    1 
29 1 0 2 3 3 0 0 4 4 1 1186    1 
29 1 0 3 3 0 0 1 4 4 1  617    1 
29 1 0 3 3 0 0 1 4 4 1  807    1 
29 1 0 0 1 1 0 0 2 2 1 2478    1 
29 1 1 2 2 3 0 1 3 3 1 3074    1 
29 1 0 2 3 3 0 0 4 4 1  910   77 
29 1 1 3 0 0 1 0 4 4 1 1361    1 
29 1 0 3 3 0 0 1 4 4 1 1026    1 
29 1 1 2 2 3 0 1 3 3 1 1600    1 
29 1 0 0 1 1 1 0 2 2 1 1687    1 
29 1 1 3 0 0 1 0 4 4 1 2027    1 
29 1 1 2 3 3 1 0 3 3 1 2017    1 
29 1 1 3 3 3 1 1 4 4 1  839    1 
29 1 0 2 2 2 1 1 3 3 1 1188    1 
29 1 0 3 0 0 0 0 1 4 0  604    1 
29 1 1 0 1 1 1 0 1 2 0 3553    1 
29 1 0 1 1 2 0 1 2 2 1 1367    1 
29 1 1 0 1 1 0 0 1 1 1 1280    1 
29 1 0 3 3 3 1 1 4 4 1  548    1 
29 1 0 1 1 1 1 1 2 2 1 1669    1 
29 1 0 0 0 1 0 1 1 1 1 1289    1 
29 1 0 2 2 3 0 1 3 3 1 1301    1 
29 1 0 2 2 2 1 1 3 3 1  992    1 
29 1 1 2 3 3 1 0 3 4 0 1655    1 
29 1 1 2 2 3 0 1 3 3 1 2194    1 
29 1 0 1 1 2 0 1 2 2 1 1001    1 
29 1 0 2 2 2 1 1 3 3 1 1112    1 
29 1 0 1 2 2 0 0 3 3 1  651    1 
29 1 1 2 2 3 0 1 3 3 1 1248    1 
29 1 0 3 0 0 1 0 1 1 1 1813    1 
29 1 0 2 3 3 1 0 4 4 1 2028    1 
29 1 1 2 3 3 0 0 3 3 1 1426    1 
29 1 1 1 1 2 0 1 2 2 1 1672    1 
29 1 0 0 0 1 0 1 1 3 0 1476    1 
29 1 0 1 2 2 1 0 3 2 0 2335    1 
29 1 0 0 0 1 0 1 1 1 1 1990    1 
29 1 1 0 1 1 1 0 1 1 1 1078    0 
29 1 0 0 1 1 1 0 2 1 0  586    0 
29 1 0 2 2 3 0 1 3 3 1 1815    1 
29 1 0 2 3 3 0 0 4 4 1  893    1 
29 1 0 1 2 2 1 0 3 3 1 1201    1 
29 1 1 3 3 3 1 1 4 4 1 1880    1 
29 1 0 3 3 3 1 1 4 4 1  508    1 
29 1 0 3 3 3 1 1 4 4 1  422    0 
29 1 0 0 0 0 1 1 1 1 1 1933    1 
29 1 0 0 1 1 1 0 2 2 1 2382    1 
29 1 0 3 0 0 0 0 1 1 1 1406    1 
29 1 0 0 0 1 0 1 1 1 1  956    1 
29 1 0 3 3 0 0 1 4 4 1  869    1 
29 1 1 1 1 2 0 1 2 2 1 1769    1 
29 1 0 3 3 0 0 1 4 4 1  785    0 
29 1 1 3 0 0 0 0 4 4 1 1889    1 
29 1 1 0 1 1 0 0 1 1 1 1516    1 
29 1 0 2 3 3 1 0 4 4 1  975    1 
29 1 0 3 0 0 1 0 1 1 1 1991    1 
29 1 0 1 2 2 1 0 3 3 1 2046   36 
29 1 0 1 1 2 0 1 2 2 1 1100    1 
29 1 0 1 1 2 0 1 2 2 1  982    1 
29 1 0 3 3 0 0 1 4 4 1 1414    1 
29 1 0 3 0 0 1 0 1 1 1 1101    1 
29 1 0 3 3 3 1 1 4 4 1  591   31 
29 1 0 2 2 3 0 1 3 3 1 1095    1 
29 1 0 0 0 1 0 1 1 1 1 1482    1 
29 1 0 1 2 2 1 0 3 3 1 1366    1 
29 1 0 1 2 2 0 0 3 3 1  526    1 
29 1 0 1 2 2 1 0 3 3 1  408    1 
29 1 0 3 3 3 1 1 4 4 1  647    1 
29 1 0 2 2 2 1 1 3 3 1  988    1 
29 1 0 3 3 3 1 1 4 4 1  564    1 
29 1 0 0 1 1 0 0 2 2 1 1660   47 
29 1 1 3 0 0 0 0 4 4 1 1449    1 
29 1 0 1 1 1 1 1 2 2 1 1950    1 
29 1 0 0 0 1 0 1 1 1 1 1279    1 
29 1 0 1 2 2 0 0 3 3 1 1091    1 
29 1 1 2 2 3 0 1 3 3 1  999    1 
29 1 0 0 1 1 0 0 2 1 0 2294    1 
29 1 0 3 3 3 1 1 4 4 1 1983    1 
29 1 0 2 2 2 1 1 3 3 1 1271    1 
29 1 0 1 2 2 1 0 3 3 1  563   47 
29 1 1 2 3 3 1 0 3 3 1 3020    1 
29 1 1 1 2 2 0 0 2 2 1 2354    1 
29 1 1 0 0 0 1 1 1 1 1 1171    1 
29 1 0 2 3 3 0 0 4 4 1 1595    1 
29 1 1 2 3 3 1 0 3 3 1 1939    1 
29 1 0 2 3 3 0 0 4 4 1 1244    1 
29 1 0 2 2 2 1 1 3 3 1  706    1 
29 1 0 1 1 1 1 1 2 2 1  636    0 
29 1 0 2 2 3 0 1 3 3 1  690    1 
29 1 1 0 0 1 0 1 1 1 1  725    1 
29 1 0 1 2 2 0 0 3 2 0 1055    1 
29 1 0 1 2 2 1 0 3 2 0 1394    1 
29 1 0 3 3 0 0 1 4 4 1  952    1 
29 1 0 2 2 2 1 1 3 3 1  904    1 
29 1 0 1 2 2 1 0 3 3 1 1043   39 
29 1 0 3 0 0 0 0 1 4 0  921    1 
29 1 0 1 1 2 0 1 2 2 1 1913    1 
29 1 0 3 3 0 0 1 4 4 1 1043    1 
29 1 0 0 1 1 0 0 2 2 1 1657    1 
29 1 0 3 0 0 1 0 1 4 0  766    1 
29 1 0 1 2 2 0 0 3 3 1 1868    1 
29 1 0 1 2 2 1 0 3 3 1  616    1 
29 1 0 2 3 3 0 0 4 4 1  822    1 
29 1 0 1 1 2 0 1 2 2 1 1932    1 
29 1 0 1 1 1 1 1 2 2 1  926   40 
29 1 0 3 0 0 1 0 1 1 1 1360    1 
29 1 0 1 2 2 1 0 3 3 1 1113    1 
29 1 1 2 2 3 0 1 3 3 1 1251    1 
29 1 0 0 0 0 1 1 1 1 1 1200    1 
29 1 0 3 3 0 0 1 4 4 1  855    1 
29 1 0 3 0 0 1 0 1 1 1 1252    1 
29 1 0 3 3 3 1 1 4 4 1  897    1 
29 1 1 3 3 3 1 1 4 4 1  916    1 
29 1 0 0 0 1 0 1 1 1 1 1742    1 
29 1 0 3 3 3 1 1 4 4 1  520    1 
29 1 0 0 0 1 0 1 1 1 1  698    1 
29 1 0 0 1 1 1 0 2 1 0 3293    1 
29 1 0 0 0 0 1 1 1 1 1 1271    1 
29 1 0 0 1 1 1 0 2 2 1  499    1 
29 1 0 0 0 0 1 1 1 1 1  590    1 
29 1 1 2 2 2 1 1 3 3 1 1093    0 
29 1 0 1 2 2 0 0 3 3 1 1280    1 
29 1 0 2 2 3 0 1 3 3 1  989    1 
29 1 0 2 3 3 0 0 4 4 1  796    1 
29 1 1 1 1 2 0 1 2 3 0 1299    1 
29 1 1 0 1 1 0 0 1 1 1 2020    1 
29 1 0 1 2 2 1 0 3 3 1 1834    1 
29 1 0 1 2 2 0 0 3 3 1  712    1 
29 1 0 2 3 3 1 0 4 4 1  731    1 
29 1 0 2 3 3 0 0 4 4 1  461    1 
29 1 0 3 0 0 0 0 1 1 1 1306    1 
29 1 0 1 1 2 0 1 2 2 1 1516    1 
29 1 1 2 3 3 0 0 3 3 1 1079    0 
29 1 0 3 0 0 1 0 1 1 1 1379    1 
29 1 0 3 0 0 0 0 1 1 1  451    1 
29 1 0 3 0 0 0 0 1 1 1  448    1 
29 1 0 2 3 3 1 0 4 4 1 1085    1 
29 1 0 1 2 2 1 0 3 3 1 1288    1 
29 1 0 0 1 1 1 0 2 2 1 1140    1 
29 1 0 0 0 1 0 1 1 1 1  813    1 
29 1 0 3 0 0 1 0 1 4 0  596    1 
29 1 0 2 2 2 1 1 3 3 1 1594    1 
29 1 1 2 3 3 1 0 3 4 0 1633    1 
29 1 0 3 3 3 1 1 4 4 1  917    1 
29 1 0 0 0 0 1 1 1 2 0 1015   39 
29 1 0 0 1 1 1 0 2 2 1 2275    1 
29 1 0 2 3 3 1 0 4 4 1 1711    1 
29 1 0 0 1 1 1 0 2 2 1 2346    1 
29 1 0 1 1 2 0 1 2 2 1  867    1 
29 1 0 0 1 1 0 0 2 2 1  879    1 
29 1 0 0 1 1 0 0 2 2 1  716    1 
29 1 1 0 0 1 0 1 1 1 1  870   39 
29 1 1 1 2 2 1 0 2 2 1 1458    1 
29 1 0 1 1 2 0 1 2 2 1  719    1 
29 1 1 0 1 1 0 0 1 1 1 1337    1 
29 2 0 3 3 3 1 1 4 4 1 2352    1 
29 2 0 1 0 0 1 0 1 1 1 1793    1 
29 2 0 2 1 1 1 0 2 2 1 2089    1 
29 2 1 1 0 0 1 0 2 1 0 4676    1 
29 2 1 2 1 3 0 0 3 3 1 2143    1 
29 2 0 1 0 0 1 0 1 2 0 1624    1 
29 2 0 0 3 1 0 0 4 4 1 1628    0 
29 2 0 0 3 3 1 0 4 4 1  474    1 
29 2 0 2 2 3 0 1 3 3 1  815    1 
29 2 0 3 2 2 1 0 3 4 0 4117    1 
29 2 1 2 2 3 0 1 3 3 1 1438    1 
29 2 0 0 0 1 0 1 1 1 1 1123    1 
29 2 0 1 0 2 0 0 1 1 1 1069    1 
29 2 1 2 1 3 0 0 3 3 1 1521    1 
29 2 0 2 1 3 0 0 2 3 0 1203    1 
29 2 1 2 1 3 0 0 3 3 1 2344    1 
29 2 1 2 1 1 1 0 3 3 1 1658    1 
29 2 0 0 0 0 1 1 1 1 1  895    1 
29 2 0 0 3 1 0 0 4 4 1 1282    1 
29 2 0 1 0 2 0 0 1 1 1 2598    1 
29 2 1 3 3 0 0 1 4 4 1 1229    1 
29 2 0 0 0 0 1 1 1 1 1 1499    1 
29 2 1 1 0 0 1 0 2 2 1 1262    1 
29 2 0 0 0 0 1 1 1 1 1 1123    1 
29 2 0 3 2 2 1 0 3 4 0  725    1 
29 2 1 1 1 1 1 1 2 2 1 1429    1 
29 2 0 1 1 2 0 1 2 2 1  947    1 
29 2 0 0 0 1 0 1 1 1 1 1517    1 
29 2 0 2 1 3 0 0 2 2 1 1199    1 
29 2 0 3 3 3 1 1 4 4 1  590    1 
29 2 0 1 1 1 1 1 2 2 1  677    1 
29 2 1 0 0 1 0 1 1 1 1 1865    1 
29 2 0 1 0 2 0 0 1 1 1 2093    1 
29 2 0 0 3 1 0 0 4 4 1  689    1 
29 2 0 1 1 1 1 1 2 2 1 1292    1 
29 2 0 2 2 2 1 1 3 3 1 1192    1 
29 2 0 3 3 3 1 1 4 4 1  559    1 
29 2 0 0 0 1 0 1 1 1 1 1720    1 
29 2 0 2 2 2 1 1 3 3 1  866    1 
29 2 0 3 2 0 0 0 3 3 1 1022    1 
29 2 1 0 3 3 1 0 1 1 1 2196    1 
29 2 0 1 0 0 1 0 1 1 1  820    1 
29 2 0 2 2 3 0 1 3 3 1  650    1 
29 2 0 3 2 2 1 0 3 4 0  607   52 
29 2 0 2 1 3 0 0 2 2 1 1003    1 
29 2 0 3 2 2 1 0 3 4 0  882    1 
29 2 0 3 3 3 1 1 4 4 1 1139   63 
29 2 0 2 1 3 0 0 2 2 1 2444    1 
29 2 0 0 3 1 0 0 4 4 1  730    1 
29 2 1 0 0 0 1 1 1 1 1 1012    1 
29 2 0 3 2 0 0 0 3 3 1 1027    1 
29 2 0 1 0 2 0 0 1 1 1 1209    1 
29 2 0 3 2 0 0 0 3 4 0  976    1 
29 2 0 0 0 1 0 1 1 1 1 2310    1 
29 2 0 3 2 2 1 0 3 3 1 1537    1 
29 2 1 1 1 2 0 1 2 1 0 2042    1 
29 2 1 0 3 1 0 0 1 4 0  766    1 
29 2 0 3 3 3 1 1 4 4 1  628    1 
29 2 0 0 3 1 0 0 4 4 1  914    1 
29 2 0 3 3 3 1 1 4 4 1  565    1 
29 2 0 3 3 0 0 1 4 4 1  605    1 
29 2 1 0 0 1 0 1 1 1 1 1500    1 
29 2 0 0 0 1 0 1 1 1 1  655    1 
29 2 1 1 0 2 0 0 2 2 1 3204    1 
29 2 0 3 3 3 1 1 4 4 1  523    1 
29 2 1 2 2 2 1 1 3 3 1  917    1 
29 2 1 2 2 3 0 1 3 3 1  823    1 
29 2 0 3 3 3 1 1 4 4 1  581    1 
29 2 0 3 2 2 1 0 3 3 1  685    1 
29 2 0 2 2 2 1 1 3 3 1  465    1 
29 2 0 1 0 2 0 0 1 1 1 1109    1 
29 2 1 2 1 3 0 0 3 2 0 2416    1 
29 2 0 1 1 2 0 1 2 2 1 1476    1 
29 2 0 3 3 3 1 1 4 4 1 1048    1 
29 2 0 3 3 0 0 1 4 4 1  846    1 
29 2 0 1 1 1 1 1 2 2 1  787    1 
29 2 1 1 0 2 0 0 2 2 1 1459    1 
29 2 1 1 0 0 1 0 2 2 1 1968    1 
29 2 0 2 2 2 1 1 3 3 1 1472    1 
29 2 0 1 0 0 1 0 1 4 0 2316    1 
29 2 0 2 1 1 1 0 2 2 1 2300    1 
29 2 0 0 0 0 1 1 1 1 1 1559    1 
29 2 1 2 2 2 1 1 3 3 1 1392    1 
29 2 0 3 2 2 1 0 3 4 0  575    1 
29 2 0 1 0 0 1 0 1 1 1 3629    1 
29 2 0 0 0 0 1 1 1 1 1  564    1 
29 2 1 2 2 2 1 1 3 3 1 2004    1 
29 2 0 3 2 2 1 0 3 3 1 1651    1 
29 2 0 2 1 1 1 0 2 2 1 2488    1 
29 2 0 2 1 1 1 0 2 2 1  724    1 
29 2 0 2 2 2 1 1 3 3 1 1638    1 
29 2 1 0 0 0 1 1 1 1 1 1787    1 
29 2 0 1 1 2 0 1 2 2 1 1531    1 
29 2 0 2 2 3 0 1 3 3 1  909    1 
29 2 0 2 2 3 0 1 3 3 1  536    1 
29 2 0 0 0 0 1 1 1 1 1 1009    1 
29 2 0 0 0 0 1 1 1 1 1  704    1 
29 2 1 0 0 1 0 1 1 1 1 1859    1 
29 2 1 2 2 3 0 1 3 3 1 1551    1 
29 2 0 3 3 0 0 1 4 4 1  816    1 
29 2 0 1 1 1 1 1 2 2 1 1614    0 
29 2 0 1 0 0 1 0 1 1 1 1413    1 
29 2 0 2 1 3 0 0 2 2 1 1300    1 
29 2 0 1 1 1 1 1 2 2 1  623    1 
29 2 0 0 0 1 0 1 1 1 1 1469    1 
29 2 0 0 0 0 1 1 1 1 1  521    1 
29 2 1 0 3 1 0 0 1 4 0 3059    1 
29 2 0 1 0 2 0 0 1 1 1  966    1 
29 2 1 2 1 3 0 0 3 3 1 1342    1 
29 2 0 2 2 3 0 1 3 3 1 1048    1 
29 2 0 0 0 1 0 1 1 1 1  997    1 
29 2 1 0 3 1 0 0 1 1 1 1948    1 
29 2 0 3 3 0 0 1 4 4 1 1366    0 
29 2 1 3 3 3 1 1 4 4 1  942    1 
29 2 1 3 2 2 1 0 4 4 1 1272    1 
29 2 1 2 2 3 0 1 3 3 1 1532    1 
29 2 1 2 2 2 1 1 3 3 1  790    1 
29 2 0 2 1 3 0 0 2 2 1 1493    1 
29 2 0 3 2 2 1 0 3 3 1 3121    1 
29 2 0 1 1 1 1 1 2 2 1 1259    1 
29 2 0 0 0 0 1 1 1 1 1  784    1 
29 2 1 2 1 1 1 0 3 3 1 1783    1 
29 2 0 1 0 0 1 0 1 1 1 2287    1 
29 2 0 3 2 0 0 0 3 3 1  986    1 
29 2 0 0 0 0 1 1 1 1 1  970    1 
29 2 1 2 1 3 0 0 3 3 1 1906    0 
29 2 0 3 2 0 0 0 3 3 1  965    1 
29 2 0 3 2 0 0 0 3 3 1  565    1 
29 2 0 1 1 1 1 1 2 2 1 1437    1 
29 2 0 0 3 1 0 0 4 4 1  827    0 
29 2 0 1 1 1 1 1 2 2 1 2097    1 
29 2 0 2 1 1 1 0 2 2 1 1020    1 
29 2 0 2 1 3 0 0 2 2 1  659    1 
29 2 0 0 0 0 1 1 1 1 1  831    1 
29 2 0 1 0 2 0 0 1 1 1 1821    1 
29 2 1 1 1 2 0 1 2 2 1 2516    1 
29 2 1 0 0 0 1 1 1 1 1 1142    1 
29 2 0 1 1 1 1 1 2 2 1 1327    1 
29 2 1 3 3 0 0 1 4 4 1 1153    1 
29 2 0 2 1 3 0 0 2 3 0 2642    1 
29 2 0 1 0 0 1 0 1 1 1 1262    1 
29 2 0 3 3 3 1 1 4 4 1 1387    1 
29 2 1 3 3 3 1 1 4 4 1  770    1 
29 2 0 0 3 1 0 0 4 4 1  946    1 
29 2 1 2 1 1 1 0 3 3 1 1252    1 
29 2 0 3 2 0 0 0 3 3 1 1024    1 
29 2 1 0 0 1 0 1 1 1 1 1271    1 
29 2 0 3 3 0 0 1 4 4 1 1131    1 
29 2 1 1 1 2 0 1 2 3 0 1037    1 
29 2 0 2 2 2 1 1 3 3 1 2160    1 
29 2 0 2 2 3 0 1 3 3 1  993    1 
29 2 0 0 0 1 0 1 1 1 1  953    1 
29 2 0 3 3 0 0 1 4 4 1  657    1 
29 2 0 3 3 3 1 1 4 4 1  526    1 
29 2 0 0 3 1 0 0 4 4 1  608    1 
29 2 0 1 0 2 0 0 1 1 1 2927    1 
29 2 0 0 3 3 1 0 4 4 1 2201    1 
29 2 0 3 2 0 0 0 3 3 1 2432    1 
29 2 0 0 3 3 1 0 4 1 0 2606    1 
29 2 0 3 2 0 0 0 3 3 1 1258    1 
29 2 0 3 2 2 1 0 3 3 1 1879    1 
29 2 0 3 3 0 0 1 4 4 1  827    1 
29 2 0 2 1 1 1 0 2 2 1 1673    1 
29 2 0 0 0 1 0 1 1 1 1 1518    1 
29 2 0 1 1 1 1 1 2 2 1  848    1 
29 2 1 1 0 0 1 0 2 3 0 1757    1 
29 2 0 3 2 0 0 0 3 3 1  908    1 
29 2 1 0 3 3 1 0 1 1 1 1495    1 
29 2 0 2 2 3 0 1 3 3 1 1274    1 
29 2 0 1 0 2 0 0 1 1 1 1230    1 
29 2 1 0 0 0 1 1 1 1 1 3085    1 
29 2 0 3 3 0 0 1 4 4 1  584    1 
29 2 1 2 1 3 0 0 3 3 1 1720    1 
29 2 0 0 0 1 0 1 1 2 0  946    1 
29 2 0 3 3 3 1 1 4 4 1  593    1 
29 2 0 1 0 0 1 0 1 1 1 1969    1 
29 2 0 1 0 0 1 0 1 1 1  673    1 
29 2 0 0 3 3 1 0 4 4 1 2509    1 
29 2 0 1 0 2 0 0 1 3 0 2208    1 
29 2 0 1 0 2 0 0 1 1 1 1125    1 
29 2 1 3 2 2 1 0 4 4 1 1207    1 
29 2 0 0 0 0 1 1 1 1 1 1757    1 
29 2 0 1 1 2 0 1 2 2 1 3118    1 
29 2 0 3 3 3 1 1 4 4 1 1641    1 
29 2 1 1 0 2 0 0 2 1 0 2294    1 
29 2 0 3 2 0 0 0 3 4 0 1416    1 
29 2 0 2 1 3 0 0 2 2 1 2628    1 
29 2 0 1 0 0 1 0 1 1 1 1802    1 
29 2 0 1 0 2 0 0 1 1 1 1225    1 
29 2 0 0 0 0 1 1 1 1 1  671    1 
29 2 0 2 1 1 1 0 2 2 1 1643    1 
29 2 0 2 2 3 0 1 3 3 1  640    1 
29 3 0 3 1 0 0 0 2 2 1 2726    1 
29 3 0 2 2 3 0 1 3 3 1  632    1 
29 3 0 0 2 2 1 0 3 3 1 1341    1 
29 3 1 0 2 1 0 0 1 1 1 1527    1 
29 3 0 0 0 0 1 1 1 1 1  609    1 
29 3 0 0 2 2 1 0 3 3 1  888    1 
29 3 0 2 0 0 1 0 1 3 0 2099    1 
29 3 0 1 3 2 0 0 4 4 1 3764    1 
29 3 0 3 3 3 1 1 4 4 1  533    1 
29 3 0 1 1 2 0 1 2 2 1 1774    1 
29 3 0 3 1 1 1 0 2 2 1  695    1 
29 3 0 3 1 1 1 0 2 2 1  490    1 
29 3 0 2 2 2 1 1 3 3 1 2781    1 
29 3 0 2 0 0 1 0 1 1 1 1510    1 
29 3 0 3 1 1 1 0 2 1 0 1288    1 
29 3 0 2 0 3 0 0 1 1 1 1138    0 
29 3 0 3 3 3 1 1 4 4 1  883    1 
29 3 1 1 1 2 0 1 2 2 1  831    1 
29 3 0 0 2 1 0 0 3 3 1 1965    1 
29 3 0 1 3 2 0 0 4 4 1 1774    1 
29 3 0 0 0 1 0 1 1 1 1  798    1 
29 3 0 1 3 2 0 0 4 4 1  741    1 
29 3 0 1 3 3 1 0 4 4 1  559    0 
29 3 0 3 1 1 1 0 2 2 1 2096    1 
29 3 0 1 1 1 1 1 2 2 1  531    1 
29 3 1 3 3 3 1 1 4 4 1  941    1 
29 3 0 3 1 0 0 0 2 2 1 1863    1 
29 3 0 3 3 0 0 1 4 4 1  763    1 
29 3 0 1 1 2 0 1 2 2 1 1988    1 
29 3 1 3 3 0 0 1 4 4 1  836    1 
29 3 0 3 3 0 0 1 4 4 1  545    1 
29 3 0 2 2 3 0 1 3 3 1 1731    1 
29 3 0 2 2 2 1 1 3 3 1  669    1 
29 3 1 1 1 1 1 1 2 2 1 2025    1 
29 3 1 1 1 1 1 1 2 2 1  671    1 
29 3 0 2 0 3 0 0 1 3 0 1531    1 
29 3 1 3 1 1 1 0 4 4 1 2763    1 
29 3 0 0 0 1 0 1 1 1 1 1652    0 
29 3 1 0 0 1 0 1 1 1 1 1032    1 
29 3 0 2 2 2 1 1 3 3 1 1270    1 
29 3 0 3 1 0 0 0 2 2 1 2474    1 
29 3 1 3 1 0 0 0 4 4 1 1326    0 
29 3 1 3 3 0 0 1 4 4 1 1024    1 
29 3 1 1 3 2 0 0 2 2 1 2678    1 
29 3 0 2 2 3 0 1 3 3 1 1547    1 
29 3 0 2 2 3 0 1 3 3 1  508    1 
29 3 0 2 2 2 1 1 3 3 1  575    1 
29 3 0 3 3 0 0 1 4 4 1  991    0 
29 3 1 1 3 3 1 0 2 2 1 3718    0 
29 3 0 1 3 3 1 0 4 2 0  993    1 
29 3 0 1 1 2 0 1 2 2 1  766    0 
29 3 1 0 2 1 0 0 1 1 1 1806    1 
29 3 0 2 0 3 0 0 1 1 1  957    1 
29 3 0 3 3 3 1 1 4 4 1  966    1 
29 3 0 0 2 1 0 0 3 3 1 2382    1 
29 3 0 3 1 0 0 0 2 2 1 1989    1 
29 3 0 2 0 0 1 0 1 1 1 1373    1 
29 3 1 3 3 3 1 1 4 4 1 4093    1 
29 3 0 3 1 0 0 0 2 2 1 1177    0 
29 3 1 1 3 2 0 0 2 4 0 1041    1 
29 3 0 2 0 0 1 0 1 1 1 2804    1 
29 3 0 1 3 3 1 0 4 4 1 3323    1 
29 3 0 3 3 3 1 1 4 4 1  461    1 
29 3 0 0 0 0 1 1 1 1 1  874    1 
29 3 0 2 2 3 0 1 3 3 1  862    1 
29 3 0 2 0 3 0 0 1 1 1 1195    0 
29 3 0 2 0 3 0 0 1 1 1 1050    0 
29 3 0 1 3 3 1 0 4 4 1 1087    1 
29 3 1 1 3 2 0 0 2 2 1 3987    1 
29 3 0 3 1 0 0 0 2 2 1 1074    1 
29 3 0 2 2 3 0 1 3 3 1  598    1 
29 3 0 2 2 3 0 1 3 3 1  606    0 
29 3 0 3 1 1 1 0 2 4 0 1053    1 
29 3 0 3 1 1 1 0 2 2 1 1151    1 
29 3 0 1 3 2 0 0 4 4 1 1256    1 
29 3 0 0 0 1 0 1 1 1 1  733    1 
29 3 1 1 1 2 0 1 2 2 1 1734    1 
29 3 0 2 0 0 1 0 1 1 1 2072    1 
29 3 0 0 0 0 1 1 1 1 1  532    1 
29 3 1 0 0 0 1 1 1 1 1  726    1 
29 3 1 3 1 0 0 0 4 4 1 2264    1 
29 3 0 1 1 1 1 1 2 2 1 2757    1 
29 3 0 1 3 2 0 0 4 4 1 2029    1 
29 3 0 1 3 3 1 0 4 4 1  740    1 
29 3 0 2 2 3 0 1 3 3 1  941    1 
29 3 0 3 1 0 0 0 2 2 1  886    1 
29 3 0 3 3 0 0 1 4 4 1  818    1 
29 3 1 0 2 1 0 0 1 3 0 1544   48 
29 3 0 0 2 1 0 0 3 3 1  952    1 
29 3 0 0 0 1 0 1 1 1 1  728    1 
29 3 1 1 3 2 0 0 2 2 1 1738    1 
29 3 0 2 0 3 0 0 1 1 1 1764    1 
29 3 0 1 3 2 0 0 4 4 1 1037    1 
29 3 1 1 1 1 1 1 2 2 1 2130    1 
29 3 0 0 2 1 0 0 3 3 1 1948    1 
29 3 1 1 1 1 1 1 2 2 1 1190    1 
29 3 0 1 1 1 1 1 2 2 1  677    1 
29 3 0 3 1 0 0 0 2 2 1 1049    1 
29 3 1 3 3 3 1 1 4 4 1 3238    1 
29 3 1 0 0 0 1 1 1 1 1 1380    1 
29 3 0 0 2 1 0 0 3 3 1 1356    1 
29 3 0 3 3 3 1 1 4 4 1  773    1 
29 3 1 0 2 2 1 0 1 1 1 2317    1 
29 3 0 2 0 0 1 0 1 3 0 1047    1 
29 3 0 3 1 1 1 0 2 2 1 1954    1 
29 3 1 2 2 2 1 1 3 3 1 1051    1 
29 3 0 1 1 2 0 1 2 2 1  768    1 
29 3 0 2 0 0 1 0 1 4 0 1832    1 
29 3 0 0 0 0 1 1 1 1 1  756    1 
29 3 0 1 3 3 1 0 4 4 1 1804    1 
29 3 0 1 1 1 1 1 2 2 1 1531    1 
29 3 1 0 0 0 1 1 1 1 1 1805    1 
29 3 1 1 1 1 1 1 2 2 1 1572    1 
29 3 0 3 3 3 1 1 4 4 1 1804    1 
29 3 0 0 2 2 1 0 3 3 1 1851    1 
29 3 0 0 2 1 0 0 3 3 1  736    1 
29 3 0 2 2 3 0 1 3 3 1  529    1 
29 3 0 3 1 1 1 0 2 4 0  700    1 
29 3 0 3 1 1 1 0 2 2 1  892    1 
29 3 1 0 2 1 0 0 1 2 0 4128    0 
29 3 0 2 2 3 0 1 3 3 1  544    1 
29 3 0 0 0 1 0 1 1 1 1 1065    1 
29 3 0 0 0 0 1 1 1 1 1  622    1 
29 3 0 0 2 1 0 0 3 3 1 1948    1 
29 3 1 0 0 0 1 1 1 1 1 1781    0 
29 3 0 1 1 1 1 1 2 2 1  861    1 
29 3 0 2 2 3 0 1 3 3 1  698    1 
29 3 0 1 1 1 1 1 2 2 1 1486    1 
29 3 0 3 1 1 1 0 2 2 1 1833    1 
29 3 0 2 0 3 0 0 1 3 0  735    1 
29 3 0 0 0 1 0 1 1 1 1  758    1 
29 3 0 2 0 0 1 0 1 1 1  719    1 
29 3 1 0 0 1 0 1 1 1 1 2713    1 
29 3 0 3 1 0 0 0 2 2 1 1300    1 
29 3 0 1 1 2 0 1 2 3 0 1127    1 
29 3 1 0 2 1 0 0 1 3 0 2631    1 
29 3 0 1 3 3 1 0 4 4 1 1307   38 
29 3 0 2 2 3 0 1 3 3 1  910    1 
29 3 1 3 1 1 1 0 4 4 1 1216    1 
29 3 1 2 2 3 0 1 3 3 1 2167    1 
29 3 1 3 1 1 1 0 4 2 0 1415    1 
29 3 0 2 0 0 1 0 1 1 1 1843    1 
29 3 0 1 1 1 1 1 2 0 0 5000    1 
29 3 0 2 0 0 1 0 1 1 1 2437    1 
29 3 0 2 2 2 1 1 3 3 1  963    1 
29 3 0 3 3 0 0 1 4 4 1  836    1 
29 3 1 3 3 0 0 1 4 4 1 3193   36 
29 3 0 2 0 0 1 0 1 1 1 1145    1 
29 3 0 2 0 0 1 0 1 1 1  634    1 
29 3 0 2 0 3 0 0 1 1 1 1096    1 
29 3 0 0 2 1 0 0 3 3 1 2179    1 
29 3 0 1 1 2 0 1 2 3 0  539    1 
29 3 0 3 1 1 1 0 2 2 1  963    1 
29 3 0 1 1 1 1 1 2 2 1  451    1 
29 3 0 0 0 1 0 1 1 1 1  712    1 
29 3 1 0 2 1 0 0 1 1 1 2171    1 
29 3 0 1 3 2 0 0 4 4 1 1243    1 
29 3 0 2 0 0 1 0 1 1 1 2465    1 
29 3 0 0 2 1 0 0 3 3 1  782    1 
29 3 0 0 2 2 1 0 3 3 1  646    1 
29 3 1 2 2 2 1 1 3 3 1 1203    1 
29 3 0 3 3 3 1 1 4 4 1  570    1 
29 3 1 2 2 2 1 1 3 3 1 1218    1 
29 3 1 2 2 2 1 1 3 3 1  528    1 
29 3 0 3 1 1 1 0 2 4 0  626    1 
29 3 0 0 0 0 1 1 1 1 1  630    1 
29 3 0 1 1 1 1 1 2 3 0 1916    1 
29 3 0 2 2 2 1 1 3 3 1  597    1 
29 3 1 0 0 1 0 1 1 1 1 1452    1 
29 3 0 0 2 2 1 0 3 3 1 2145    1 
29 3 0 1 1 1 1 1 2 2 1  498    1 
29 3 0 3 1 0 0 0 2 4 0  694    0 
29 3 0 0 0 1 0 1 1 1 1 1007    1 
29 3 0 0 2 1 0 0 3 3 1  686    1 
29 3 0 2 0 0 1 0 1 1 1 2057    1 
29 3 1 2 0 3 0 0 3 1 0 2054    1 
29 3 0 1 1 1 1 1 2 2 1 1305    0 
29 3 0 3 3 0 0 1 4 3 0  732    1 
29 3 0 2 0 0 1 0 1 2 0 1027    1 
29 3 1 1 1 2 0 1 2 2 1 1815    1 
29 3 0 0 0 0 1 1 1 1 1  870    1 
29 3 0 0 0 0 1 1 1 1 1  666    1 
29 3 0 0 2 1 0 0 3 3 1 1942    0 
29 3 0 1 1 1 1 1 2 2 1  911    1 
29 3 1 1 3 2 0 0 2 2 1 2274    1 
29 3 1 1 3 3 1 0 2 2 1 2598    1 
29 3 1 3 3 0 0 1 4 4 1 1382    1 
29 3 1 0 0 1 0 1 1 1 1  926    0 
29 3 0 1 1 2 0 1 2 2 1 1744    1 
29 3 0 2 2 2 1 1 3 3 1  626    1 
29 3 0 0 2 1 0 0 3 3 1  856    1 
29 3 0 3 3 3 1 1 4 4 1  772    1 
29 4 0 3 1 1 1 0 2 2 1 2955    1 
29 4 1 0 0 1 0 1 1 3 0 1116    1 
29 4 0 3 3 3 1 1 4 4 1  516    1 
29 4 0 2 2 3 0 1 3 3 1  718    1 
29 4 0 0 2 2 1 0 3 3 1  832    1 
29 4 0 0 0 0 1 1 1 1 1  958    1 
29 4 0 1 1 1 1 1 2 2 1 1287    1 
29 4 0 0 2 2 1 0 3 3 1 1354    1 
29 4 0 2 2 2 1 1 3 3 1  891    1 
29 4 1 1 3 3 1 0 2 2 1 1870    1 
29 4 0 1 1 2 0 1 2 2 1  747    1 
29 4 0 1 3 3 1 0 4 4 1  900    1 
29 4 0 1 3 2 0 0 4 4 1  551    0 
29 4 0 3 1 1 1 0 2 4 0 1551    0 
29 4 0 2 2 2 1 1 3 3 1  806    1 
29 4 0 1 3 2 0 0 4 4 1  853    0 
29 4 0 2 2 2 1 1 3 3 1  778    1 
29 4 0 2 2 2 1 1 3 3 1  538    1 
29 4 0 0 2 1 0 0 3 3 1  635    1 
29 4 1 3 1 0 0 0 4 4 1 1313    1 
29 4 0 1 3 2 0 0 4 4 1  556    1 
29 4 0 3 3 3 1 1 4 4 1  732    1 
29 4 1 3 3 0 0 1 4 4 1 1214    1 
29 4 0 0 2 1 0 0 3 3 1 1245    1 
29 4 0 1 3 3 1 0 4 4 1 1002    1 
29 4 0 2 2 2 1 1 3 3 1  657    1 
29 4 0 3 1 1 1 0 2 2 1  590    1 
29 4 0 2 0 3 0 0 1 1 1  861    1 
29 4 0 1 1 1 1 1 2 2 1  898    1 
29 4 0 0 2 2 1 0 3 3 1 2637    1 
29 4 0 0 0 1 0 1 1 1 1  923    1 
29 4 1 1 1 1 1 1 2 2 1 1237    1 
29 4 0 2 2 2 1 1 3 3 1  642    1 
29 4 0 3 1 1 1 0 2 4 0  728    1 
29 4 0 3 1 0 0 0 2 2 1 1184    1 
29 4 0 2 2 2 1 1 3 3 1  415    1 
29 4 0 2 0 0 1 0 1 1 1 1237    1 
29 4 0 1 1 1 1 1 2 2 1  779    1 
29 4 0 1 3 3 1 0 4 4 1  755    1 
29 4 0 1 1 2 0 1 2 2 1 1156    1 
29 4 0 3 1 1 1 0 2 2 1  805    1 
29 4 0 1 3 2 0 0 4 4 1  931    1 
29 4 0 2 2 3 0 1 3 3 1  773    1 
29 4 0 3 3 3 1 1 4 4 1  606    1 
29 4 0 2 0 3 0 0 1 1 1 1092    1 
29 4 0 3 3 3 1 1 4 4 1  584    1 
29 4 0 1 1 1 1 1 2 2 1  767    1 
29 4 1 1 3 3 1 0 2 2 1 1967    1 
29 4 0 1 1 2 0 1 2 2 1  631    1 
29 4 0 2 2 2 1 1 3 3 1  590    1 
29 4 1 1 1 1 1 1 2 2 1  733    1 
29 4 0 0 0 1 0 1 1 1 1  702    1 
29 4 0 1 3 3 1 0 4 4 1 1417    1 
29 4 0 2 0 3 0 0 1 2 0  695    1 
29 4 0 1 3 3 1 0 4 3 0 1785    1 
29 4 0 0 0 0 1 1 1 1 1  974    1 
29 4 1 2 0 0 1 0 3 3 1 1310    1 
29 4 1 2 2 3 0 1 3 3 1  665    1 
29 4 0 2 2 2 1 1 3 3 1  446    1 
29 4 0 2 2 3 0 1 3 3 1  467    1 
29 4 1 0 2 2 1 0 1 1 1 2015    1 
29 4 0 3 1 0 0 0 2 2 1  926    1 
29 4 1 3 1 0 0 0 4 4 1 1160    1 
29 4 0 0 2 2 1 0 3 3 1 2361    1 
29 4 1 1 3 3 1 0 2 2 1 2097    1 
29 4 1 1 1 1 1 1 2 2 1 1069    1 
29 4 0 1 1 2 0 1 2 2 1  641    1 
29 4 1 3 1 1 1 0 4 4 1 1398    1 
29 4 1 2 0 3 0 0 3 3 1 3662    1 
29 4 0 1 3 2 0 0 4 4 1  795    0 
29 4 0 3 1 1 1 0 2 2 1 1346    1 
29 4 0 1 3 2 0 0 4 4 1  764    1 
29 4 0 3 3 0 0 1 4 4 1  845    1 
29 4 0 3 1 0 0 0 2 3 0 1138    1 
29 4 0 3 1 0 0 0 2 2 1  761    1 
29 4 0 1 1 2 0 1 2 2 1  850    1 
29 4 1 2 2 3 0 1 3 3 1 1263    1 
29 4 0 0 2 1 0 0 3 3 1  748    1 
29 4 0 2 2 3 0 1 3 3 1  445    1 
29 4 0 2 0 0 1 0 1 1 1 1835    0 
29 4 0 1 3 3 1 0 4 4 1  872    1 
29 4 1 3 3 0 0 1 4 4 1 1124    1 
29 4 1 2 2 3 0 1 3 3 1 1214    1 
29 4 0 1 1 2 0 1 2 2 1  805    1 
29 4 1 2 2 3 0 1 3 3 1 1500    1 
29 4 0 2 2 3 0 1 3 3 1  471    1 
29 4 0 2 2 2 1 1 3 3 1  435    0 
29 4 0 0 2 1 0 0 3 3 1  560    1 
29 4 0 0 0 1 0 1 1 1 1 1209    1 
29 4 0 0 2 1 0 0 3 3 1 1328    1 
29 4 0 1 1 1 1 1 2 2 1  706    1 
29 4 0 3 3 0 0 1 4 4 1  709    1 
29 4 0 2 2 3 0 1 3 3 1  735    1 
29 4 0 0 0 0 1 1 1 2 0  473    1 
29 4 1 3 1 0 0 0 4 4 1 1787    1 
29 4 1 3 3 0 0 1 4 4 1 1250    1 
29 4 1 3 3 0 0 1 4 4 1  895    1 
29 4 0 2 2 2 1 1 3 3 1  731    1 
29 4 1 1 1 2 0 1 2 2 1 1109    1 
29 4 0 2 0 0 1 0 1 3 0 2552    1 
29 4 1 0 0 0 1 1 1 1 1 1086    1 
29 4 0 3 1 1 1 0 2 4 0  730    1 
29 4 0 0 0 1 0 1 1 1 1 1378    1 
29 4 0 0 2 1 0 0 3 3 1 1274    1 
29 4 0 2 2 3 0 1 3 3 1  694    0 
29 4 0 2 0 0 1 0 1 1 1  794    1 
29 4 0 2 0 0 1 0 1 1 1  521    1 
29 4 1 0 2 1 0 0 1 3 0 2067    1 
29 4 1 0 2 2 1 0 1 3 0 1005    1 
29 4 0 3 3 3 1 1 4 4 1  946    1 
29 4 0 1 3 3 1 0 4 4 1 1068    1 
29 4 0 0 2 1 0 0 3 3 1 1840    1 
29 4 0 2 0 3 0 0 1 1 1 1277    1 
29 4 1 3 3 3 1 1 4 4 1  889    1 
29 4 0 1 1 1 1 1 2 2 1 2301    1 
29 4 1 0 2 2 1 0 1 1 1 1328    1 
29 4 0 3 3 0 0 1 4 4 1  666    1 
29 4 0 0 0 1 0 1 1 1 1 1430    1 
29 4 0 1 1 2 0 1 2 2 1 1820    1 
29 4 0 0 0 0 1 1 1 1 1  666    1 
29 4 0 0 2 2 1 0 3 3 1 1094    1 
29 4 0 3 1 1 1 0 2 2 1 1146    1 
29 4 1 1 1 1 1 1 2 2 1  827    1 
29 4 0 1 1 2 0 1 2 2 1  521    1 
29 4 0 2 0 0 1 0 1 3 0  788    1 
29 4 1 1 1 2 0 1 2 2 1 2721    1 
29 4 0 3 3 0 0 1 4 4 1  699    1 
29 4 0 2 0 3 0 0 1 1 1  966    1 
29 4 0 0 2 2 1 0 3 3 1 1454    1 
29 4 0 2 2 3 0 1 3 3 1  523    1 
29 4 0 0 2 2 1 0 3 1 0 1549    1 
29 4 1 2 0 3 0 0 3 2 0 2796    1 
29 4 0 1 3 3 1 0 4 4 1  945    1 
29 4 1 0 2 2 1 0 1 1 1 2243    1 
29 4 0 2 0 3 0 0 1 1 1 1216    1 
29 4 0 2 0 0 1 0 1 1 1  646    0 
29 4 0 3 1 1 1 0 2 2 1  812    1 
29 4 0 3 3 0 0 1 4 3 0  939    1 
29 4 1 3 1 1 1 0 4 3 0 2842    1 
29 4 1 3 1 0 0 0 4 2 0 1206    1 
29 4 0 0 2 1 0 0 3 3 1 2570    1 
29 4 1 2 2 3 0 1 3 3 1 1611    1 
29 4 0 1 1 2 0 1 2 2 1 1017    1 
29 4 1 0 0 1 0 1 1 1 1 3256    1 
29 4 0 3 1 1 1 0 2 2 1 2548    1 
29 4 0 1 3 2 0 0 4 2 0  885    1 
29 4 0 1 1 1 1 1 2 2 1  519    1 
29 4 0 1 3 2 0 0 4 4 1  841    1 
29 4 1 0 0 1 0 1 1 1 1 1470    1 
29 4 0 0 2 2 1 0 3 1 0  667    1 
29 4 0 2 2 3 0 1 3 3 1 1965    1 
29 4 0 0 2 2 1 0 3 3 1  749    1 
29 4 0 3 3 3 1 1 4 4 1  766    1 
29 4 0 0 0 0 1 1 1 1 1 1022    1 
29 4 0 0 0 0 1 1 1 1 1  604    1 
29 4 0 0 2 1 0 0 3 3 1 1963    1 
29 4 1 3 3 0 0 1 4 4 1 1644    1 
29 4 0 2 0 3 0 0 1 2 0 1537   37 
29 4 1 0 2 1 0 0 1 1 1 1145    1 
29 4 0 3 3 0 0 1 4 4 1  682    1 
29 4 0 3 3 3 1 1 4 4 1  638    0 
29 4 0 0 2 2 1 0 3 1 0 1723    1 
29 4 0 0 2 1 0 0 3 3 1 1211    1 
29 4 1 3 1 0 0 0 4 4 1 1682    1 
29 4 0 3 1 0 0 0 2 2 1 2190    1 
29 4 0 1 1 1 1 1 2 2 1  629    1 
29 4 0 0 0 1 0 1 1 1 1 1931    1 
29 4 1 2 2 2 1 1 3 3 1 1990    1 
29 4 1 0 0 0 1 1 1 2 0 1133    1 
29 4 0 0 0 0 1 1 1 1 1  413    0 
29 4 0 0 2 2 1 0 3 3 1 2243    1 
29 4 0 2 2 3 0 1 3 3 1  553    1 
29 4 1 3 3 0 0 1 4 4 1  690    1 
29 4 0 0 0 0 1 1 1 3 0  469    1 
29 4 0 2 2 2 1 1 3 3 1 1935    1 
29 4 0 1 3 3 1 0 4 4 1 2009    1 
29 4 0 1 1 2 0 1 2 3 0  919    1 
29 4 1 1 3 3 1 0 2 2 1 2376    1 
29 4 0 3 1 0 0 0 2 2 1 1080    1 
29 4 0 0 2 1 0 0 3 3 1  916    1 
29 4 1 3 1 0 0 0 4 3 0  966    1 
29 4 0 3 3 0 0 1 4 4 1  612    1 
29 4 0 0 2 1 0 0 3 3 1 1211    1 
29 4 1 3 1 0 0 0 4 2 0 1386    1 
29 4 0 2 0 3 0 0 1 1 1 1031    1 
29 4 1 1 3 3 1 0 2 2 1 3013    1 
29 4 1 2 2 3 0 1 3 3 1 2140    1 
29 4 0 3 3 3 1 1 4 4 1  518    1 
29 4 0 3 3 0 0 1 4 4 1  656    1 
29 4 0 1 1 1 1 1 2 2 1 1852    1 
29 4 0 1 3 3 1 0 4 3 0 1353    1 
29 4 0 2 0 0 1 0 1 1 1 2544    2 
