9 1 0 0 1 1 1 1361    0 
9 1 0 2 3 3 1  834   18 
9 1 0 1 2 2 1 1031   17 
9 1 0 2 3 1 0  685    0 
9 1 0 3 4 4 1  774    0 
9 1 0 0 1 1 1  574    0 
9 1 0 2 3 3 1 1214   18 
9 1 0 3 4 4 1  701    0 
9 1 0 1 2 2 1  624    0 
9 1 0 1 2 2 1  494    0 
9 1 0 1 2 2 1  425    0 
9 1 0 1 2 2 1  431    0 
9 1 0 3 4 4 1  781    0 
9 1 0 2 3 3 1 1221    0 
9 1 0 0 1 1 1  651   17 
9 1 0 3 4 4 1  959    0 
9 1 0 2 3 3 1 1000   18 
9 1 0 0 1 1 1  647    0 
9 1 0 3 4 4 1 1220    0 
9 1 0 3 4 4 1  386    0 
9 1 0 2 3 4 0  817    0 
9 1 0 0 1 1 1  629    0 
9 1 0 2 3 3 1 1003    0 
9 1 0 3 4 4 1  738    0 
9 1 0 3 4 4 1  435    0 
9 1 0 3 4 4 1  369    0 
9 1 0 0 1 1 1  641    0 
9 1 0 2 3 3 1  710   17 
9 1 0 2 3 3 1  513    0 
9 1 0 2 3 3 1  427    0 
9 1 0 3 4 4 1  625    0 
9 1 0 0 1 1 1  671    0 
9 1 0 1 2 2 1  779   18 
9 1 0 3 4 3 0  771    0 
9 1 0 3 4 4 1  553   17 
9 1 0 0 1 1 1  722    0 
9 1 0 2 3 3 1  924    0 
9 1 0 1 2 2 1  742   17 
9 1 0 0 1 1 1  855    0 
9 1 0 0 1 1 1  404    0 
9 1 0 0 1 1 1  482    0 
9 1 0 3 4 4 1  966    0 
9 1 0 2 3 3 1  662    0 
9 1 0 0 1 1 1  683    0 
9 1 0 1 2 2 1  638    0 
9 1 0 2 3 3 1  868    0 
9 1 0 2 3 3 1  464    0 
9 1 0 2 3 3 1  436    0 
9 1 0 3 4 4 1  706    0 
9 1 0 3 4 4 1  404    0 
9 1 0 0 1 1 1  579    0 
9 1 0 1 2 2 1  403    0 
9 1 0 0 1 1 1  706    0 
9 1 0 3 4 3 0  980   17 
9 1 0 0 1 1 1  690    0 
9 1 0 1 2 2 1  582    0 
9 1 0 1 2 1 0  462    0 
9 1 0 0 1 1 1  592   17 
9 1 0 2 3 3 1 1088    0 
9 1 0 0 1 1 1  771    0 
9 1 0 1 2 2 1  611    0 
9 1 0 0 1 1 1  522    0 
9 1 0 0 1 1 1  484    0 
9 1 0 1 2 1 0  439    0 
9 1 0 1 2 2 1  506   18 
9 1 0 3 4 4 1 1109    0 
9 1 0 2 3 3 1  904    0 
9 1 0 1 2 2 1  786    0 
9 1 0 1 2 2 1  441    0 
9 1 0 1 2 2 1  407    0 
9 1 0 3 4 4 1  997    0 
9 1 0 0 1 1 1  605    0 
9 1 0 3 4 4 1  667   17 
9 1 0 2 3 2 0  991   17 
9 1 0 2 3 3 1  501    0 
9 1 0 1 2 4 0  855    0 
9 1 0 1 2 2 1  658    0 
9 1 0 0 1 1 1  607    0 
9 1 0 1 2 2 1  677   17 
9 1 0 2 3 3 1  961    0 
9 1 0 0 1 1 1 1098   18 
9 1 0 3 4 2 0  461   17 
9 1 0 2 3 3 1 1568    0 
9 1 0 3 4 4 1  936   18 
9 1 0 1 2 2 1  641   18 
9 1 0 0 1 1 1  607    0 
9 1 0 3 4 4 1  725    0 
9 1 0 1 2 2 1 1007    0 
9 1 0 0 1 1 1  614    0 
9 1 0 1 2 2 1  501   18 
9 1 0 2 3 3 1  727    0 
9 1 0 2 3 3 1  505   17 
9 1 0 3 4 4 1  532    0 
9 1 0 1 2 2 1  694    0 
9 1 0 2 3 3 1  673    0 
9 1 0 3 4 4 1  717    0 
