4 1 0 3 4 4 1 1891    1 
4 1 0 2 3 3 1 1071    1 
4 1 0 3 4 4 1  595    1 
4 1 0 1 2 2 1  923    1 
4 1 0 2 3 3 1  757    0 
4 1 0 3 4 4 1  542    1 
4 1 0 0 1 1 1  575    1 
4 1 0 3 4 4 1  623    1 
4 1 0 0 1 1 1  941    1 
4 1 0 0 1 1 1  503    1 
4 1 0 2 3 3 1  802    1 
4 1 0 0 1 1 1  688    1 
4 1 0 1 2 2 1  588    1 
4 1 0 1 2 2 1  547    1 
4 1 0 1 2 2 1  389    1 
4 1 0 0 1 1 1  732    1 
4 1 0 1 2 2 1  542    1 
4 1 0 0 1 1 1  543    1 
4 1 0 0 1 1 1  377    1 
4 1 0 0 1 1 1  297    1 
4 1 0 0 1 1 1  548    1 
4 1 0 2 3 3 1  486    1 
4 1 0 3 4 4 1  329    1 
4 1 0 3 4 4 1  659    0 
4 1 0 0 1 3 0  544    1 
4 1 0 1 2 2 1  648    1 
4 1 0 1 2 2 1  517    1 
4 1 0 1 2 2 1  511    1 
4 1 0 3 4 4 1 1178    1 
4 1 0 0 1 1 1  570    1 
4 1 0 0 1 1 1  386    1 
4 1 0 3 4 4 1  530    1 
4 1 0 0 1 1 1  516    1 
4 1 0 3 4 4 1  518    1 
4 1 0 1 2 2 1  552    0 
4 1 0 2 3 3 1  337    0 
4 1 0 2 3 3 1  394    1 
4 1 0 1 2 2 1  738    1 
4 1 0 3 4 4 1  571    1 
4 1 0 0 1 1 1  348    0 
4 1 0 2 3 3 1  517    1 
4 1 0 2 3 3 1  471    1 
4 1 0 2 3 3 1  395    1 
4 1 0 1 2 2 1  499    0 
4 1 0 1 2 2 1  749    1 
4 1 0 0 1 1 1  726    1 
4 1 0 0 1 1 1  360    1 
4 1 0 3 4 4 1  449    1 
4 1 0 1 2 2 1  870    0 
4 1 0 3 4 4 1  698    1 
4 1 0 3 4 4 1  374    1 
4 1 0 1 2 2 1  494    1 
4 1 0 3 4 4 1  513    1 
4 1 0 3 4 4 1  388    1 
4 1 0 1 2 2 1  843    1 
4 1 0 2 3 3 1  625    1 
4 1 0 3 4 4 1  639    1 
4 1 0 2 3 4 0  445    1 
4 1 0 1 2 2 1  544    1 
4 1 0 2 3 3 1  537   45 
4 1 0 3 4 4 1  675    1 
4 1 0 1 2 2 1  711    1 
4 1 0 2 3 3 1  594    1 
4 1 0 1 2 2 1  745    1 
4 1 0 0 1 1 1  771    1 
4 1 0 0 1 1 1  387    1 
4 1 0 2 3 3 1  546    1 
4 1 0 3 4 4 1  524    0 
4 1 0 1 2 2 1  807    1 
4 1 0 0 1 1 1  677    1 
4 1 0 2 3 3 1  569    1 
4 1 0 1 2 2 1  561    1 
4 1 0 3 4 4 1  986    1 
4 1 0 2 3 3 1  625    1 
4 1 0 2 3 3 1  416    1 
4 1 0 0 1 1 1  494    1 
4 1 0 3 4 4 1  553    1 
4 1 0 2 3 3 1  570    1 
4 1 0 1 2 2 1  538    1 
4 1 0 3 4 3 0  412    1 
4 1 0 3 4 4 1  472    1 
4 1 0 3 4 4 1  484    1 
4 1 0 1 2 2 1  488    1 
4 1 0 1 2 2 1  579    1 
4 1 0 2 3 3 1  564    1 
4 1 0 2 3 3 1  484    1 
4 1 0 2 3 3 1  424    0 
4 1 0 2 3 3 1  526    1 
4 1 0 2 3 3 1  432    1 
4 1 0 0 1 1 1  470    1 
4 1 0 0 1 1 1  386    1 
4 1 0 1 2 1 0  433    1 
4 1 0 0 1 1 1 1093    1 
4 1 0 0 1 1 1  408    1 
4 1 0 3 4 4 1  495    1 
4 1 0 2 3 3 1  618    1 
