21 1 0 2 3 3 1 2813    0 
21 1 0 1 2 2 1 2180    0 
21 1 0 1 2 2 1 1444    0 
21 1 0 1 2 2 1  625    1 
21 1 0 1 2 2 1  519    0 
21 1 0 2 3 3 1  841    0 
21 1 0 1 2 2 1  862    1 
21 1 0 3 4 4 1 1587    0 
21 1 0 1 2 2 1 1002    0 
21 1 0 1 2 2 1  817    0 
21 1 0 1 2 2 1  591    0 
21 1 0 3 4 4 1  846    1 
21 1 0 2 3 3 1 1100    1 
21 1 0 2 3 3 1 1182    0 
21 1 0 3 4 4 1  846    0 
21 1 0 2 3 3 1  804    0 
21 1 0 0 1 1 1  962    0 
21 1 0 1 2 2 1 1035    0 
21 1 0 3 4 4 1  856    0 
21 1 0 2 3 3 1  821    1 
21 1 0 2 3 3 1  955    0 
21 1 0 0 1 1 1  788    0 
21 1 0 0 1 1 1  659    0 
21 1 0 2 3 3 1  808    0 
21 1 0 1 2 2 1  702    0 
21 1 0 0 1 1 1  705    0 
21 1 0 2 3 2 0  900    0 
21 1 0 2 3 3 1 1076    1 
21 1 0 2 3 3 1  584    1 
21 1 0 3 4 4 1  832    0 
21 1 0 0 1 1 1  726    1 
21 1 0 2 3 3 1  936    0 
21 1 0 0 1 1 1  681    0 
21 1 0 2 3 3 1  453    0 
21 1 0 3 4 4 1  650    1 
21 1 0 3 4 4 1  582    0 
21 1 0 3 4 4 1  470    0 
21 1 0 1 2 2 1  818  109 
21 1 0 0 1 1 1  448    0 
21 1 0 1 2 2 1  502    0 
21 1 0 0 1 1 1  560  102 
21 1 0 3 4 4 1  681    1 
21 1 0 2 3 3 1  557    0 
21 1 0 0 1 1 1  662    1 
21 1 0 2 3 3 1  762    1 
21 1 0 0 1 1 1  563    0 
21 1 0 2 3 3 1  636    0 
21 1 0 2 3 3 1  657    0 
21 1 0 3 4 4 1  606    0 
21 1 0 1 2 2 1  828    0 
21 1 0 3 4 4 1  690    0 
21 1 0 1 2 4 0  558    0 
21 1 0 3 4 4 1  636    0 
21 1 0 1 2 2 1  506    0 
21 1 0 1 2 2 1  772    0 
21 1 0 0 1 1 1  620    0 
21 1 0 1 2 2 1  698    0 
21 1 0 0 1 1 1  566    0 
21 1 0 1 2 2 1  382    0 
21 1 0 0 1 1 1  366   84 
21 1 0 0 1 1 1  694    0 
21 1 0 1 2 2 1  818    0 
21 1 0 3 4 4 1  584    0 
21 1 0 3 4 4 1  463    1 
21 1 0 0 1 1 1  636    0 
21 1 0 3 4 4 1  617    1 
21 1 0 3 4 4 1  495    0 
21 1 0 2 3 3 1 1066    0 
21 1 0 1 2 2 1  646    0 
21 1 0 0 1 1 1  603    1 
21 1 0 2 3 3 1 1146    0 
21 1 0 0 1 1 1  547    1 
21 1 0 2 3 3 1  781    0 
21 1 0 3 4 4 1  597    1 
21 1 0 3 4 4 1  444   97 
21 1 0 3 4 4 1  353    0 
21 1 0 1 2 2 1  578    0 
21 1 0 0 1 1 1  586    0 
21 1 0 0 1 2 0  513    0 
21 1 0 0 1 1 1  666    0 
21 1 0 3 4 4 1  566    0 
21 1 0 1 2 2 1  702    0 
21 1 0 0 1 1 1  561    0 
21 1 0 0 1 1 1  377    1 
21 1 0 3 4 4 1  481    1 
21 1 0 2 3 3 1  573    0 
21 1 0 2 3 3 1  437    0 
21 1 0 3 4 4 1  611   85 
21 1 0 1 2 2 1  825    0 
21 1 0 0 1 1 1  575    1 
21 1 0 3 4 4 1  655    0 
21 1 0 3 4 4 1  540    1 
21 1 0 0 1 1 1  581    1 
21 1 0 2 3 3 1  613    0 
21 1 0 2 3 3 1  428    1 
21 1 0 1 2 2 1  610    0 
