24 1 0 0 1 1 1 1319    1 
24 1 0 2 3 3 1  977    1 
24 1 0 1 2 2 1  897    1 
24 1 0 3 4 4 1 1045    1 
24 1 0 0 1 1 1  842    1 
24 1 0 1 2 2 1  752    1 
24 1 0 3 4 4 1  496    1 
24 1 0 2 3 3 1  788    1 
24 1 0 0 1 1 1  699    0 
24 1 0 0 1 1 1  558    1 
24 1 0 3 4 4 1  951    1 
24 1 0 1 2 2 1  976    1 
24 1 0 0 1 1 1  616    1 
24 1 0 1 2 2 1 1262    1 
24 1 0 2 3 3 1 1211    1 
24 1 0 2 3 3 1  498    1 
24 1 0 0 1 1 1 1093    1 
24 1 0 1 2 2 1  785    0 
24 1 0 0 1 1 1  632    1 
24 1 0 0 1 1 1  758    1 
24 1 0 0 1 1 1  687    1 
24 1 0 1 2 2 1  738    1 
24 1 0 3 4 4 1 1100    1 
24 1 0 2 3 2 0 1038    1 
24 1 0 3 4 4 1  770    1 
24 1 0 3 4 4 1  474    1 
24 1 0 2 3 3 1 1142    1 
24 1 0 2 3 3 1  488    1 
24 1 0 0 1 1 1  955    1 
24 1 0 3 4 4 1  508    1 
24 1 0 3 4 4 1  447    1 
24 1 0 2 3 4 0  452    1 
24 1 0 1 2 2 1 1031    0 
24 1 0 1 2 2 1  493    1 
24 1 0 1 2 2 1  433    1 
24 1 0 2 3 3 1  870    1 
24 1 0 1 2 2 1 1090    1 
24 1 0 2 3 3 1  950    1 
24 1 0 0 1 1 1  903    1 
24 1 0 0 1 1 1  769    1 
24 1 0 3 4 4 1  986    1 
24 1 0 0 1 1 1  849    1 
24 1 0 1 2 2 1  982    1 
24 1 0 1 2 2 1  485    1 
24 1 0 0 1 1 1 1017    1 
24 1 0 3 4 4 1  999    1 
24 1 0 2 3 3 1 1206    1 
24 1 0 0 1 1 1  725    1 
24 1 0 3 4 4 1 1495    1 
24 1 0 3 4 4 1  458    1 
24 1 0 2 3 3 1 1455    1 
24 1 0 0 1 1 1 1436    1 
24 1 0 2 3 3 1  922    1 
24 1 0 1 2 2 1  844    1 
24 1 0 2 3 3 1  809    1 
24 1 0 2 3 3 1  480    1 
24 1 0 3 4 4 1  604    1 
24 1 0 1 2 2 1  763    1 
24 1 0 3 4 4 1  996    1 
24 1 0 3 4 4 1  315    1 
24 1 0 0 1 1 1  693    1 
24 1 0 1 2 2 1  721    1 
24 1 0 1 2 2 1  715    1 
24 1 0 1 2 2 1  414    1 
24 1 0 3 4 4 1  605    1 
24 1 0 2 3 3 1 1075    1 
24 1 0 3 4 4 1  496    1 
24 1 0 2 3 3 1  947    1 
24 1 0 1 2 2 1  829    1 
24 1 0 0 1 1 1  675    1 
24 1 0 3 4 4 1  671    1 
24 1 0 3 4 4 1  451    1 
24 1 0 2 3 3 1 1024    1 
24 1 0 3 4 4 1  326    1 
24 1 0 2 3 3 1  568    1 
24 1 0 3 4 4 1  440    1 
24 1 0 1 2 2 1  982    1 
24 1 0 2 3 3 1 1222    0 
24 1 0 2 3 3 1  452    1 
24 1 0 0 1 1 1  633    1 
24 1 0 0 1 1 1  462    1 
24 1 0 2 3 4 0  603    1 
24 1 0 1 2 2 1  960    1 
24 1 0 3 4 3 0  681    1 
24 1 0 0 1 1 1  811    1 
24 1 0 3 4 4 1 1018    1 
24 1 0 2 3 3 1  536    1 
24 1 0 1 2 2 1  777    1 
24 1 0 1 2 2 1  650    1 
24 1 0 0 1 1 1  854    1 
24 1 0 1 2 2 1  851    1 
24 1 0 1 2 2 1  312    1 
24 1 0 2 3 3 1 1299    0 
24 1 0 3 4 4 1  862    1 
24 1 0 0 1 1 1  947    0 
24 1 0 0 1 1 1  412    1 
