6 1 0 2 3 3 1 3455    0 
6 1 0 1 2 2 1 2364    0 
6 1 0 3 4 4 1 1116    0 
6 1 0 2 3 3 1  814    1 
6 1 0 2 3 3 1  869    0 
6 1 0 3 4 4 1 1201    1 
6 1 0 1 2 2 1 1392    1 
6 1 0 1 2 2 1  631    1 
6 1 0 1 2 2 1  613    0 
6 1 0 3 4 4 1  788    0 
6 1 0 2 3 3 1  883    0 
6 1 0 3 4 4 1  742    1 
6 1 0 0 1 1 1  896    0 
6 1 0 1 2 2 1  579    0 
6 1 0 3 4 4 1  731    0 
6 1 0 2 3 3 1  581    0 
6 1 0 1 2 2 1  949    0 
6 1 0 1 2 2 1  686    1 
6 1 0 1 2 2 1  497    0 
6 1 0 3 4 4 1  828    1 
6 1 0 0 1 1 1  930    0 
6 1 0 2 3 3 1  884    0 
6 1 0 0 1 1 1 1600    0 
6 1 0 2 3 3 1  838    1 
6 1 0 2 3 3 1  628    0 
6 1 0 3 4 4 1  850    1 
6 1 0 0 1 1 1  766    1 
6 1 0 2 3 3 1  686    0 
6 1 0 0 1 1 1  770    1 
6 1 0 0 1 1 1  618    0 
6 1 0 0 1 1 1  432    0 
6 1 0 1 2 2 1  741    1 
6 1 0 3 4 4 1 1166    0 
6 1 0 3 4 4 1  678    0 
6 1 0 0 1 1 1  882    1 
6 1 0 2 3 3 1  662    1 
6 1 0 3 4 4 1  698    0 
6 1 0 3 4 4 1  542    0 
6 1 0 2 3 3 1  999    0 
6 1 0 2 3 3 1  638    1 
6 1 0 1 2 2 1  691    0 
6 1 0 2 3 3 1  638    0 
6 1 0 3 4 4 1  748    0 
6 1 0 2 3 3 1 1053    0 
6 1 0 0 1 1 1  730    1 
6 1 0 0 1 1 1  612    1 
6 1 0 1 2 2 1  802    1 
6 1 0 1 2 2 1  593    1 
6 1 0 3 4 4 1  688    1 
6 1 0 0 1 1 1  836    0 
6 1 0 2 3 3 1  801    0 
6 1 0 3 4 4 1  696    0 
6 1 0 1 2 2 1  683    1 
6 1 0 0 1 1 1  766    0 
6 1 0 0 1 1 1  518    0 
6 1 0 2 3 3 1  672    0 
6 1 0 0 1 1 1  988    1 
6 1 0 1 2 2 1  755    1 
6 1 0 1 2 2 1  788    0 
6 1 0 0 1 1 1  723    1 
6 1 0 1 2 1 0  494    1 
6 1 0 3 4 4 1 1031    1 
6 1 0 0 1 1 1  741    0 
6 1 0 3 4 4 1  742    0 
6 1 0 2 3 3 1  815    0 
6 1 0 0 1 1 1  901    0 
6 1 0 3 4 4 1  968    0 
6 1 0 3 4 4 1  456    0 
6 1 0 2 3 3 1  837    1 
6 1 0 0 1 1 1 1194    0 
6 1 0 1 2 2 1  657    0 
6 1 0 1 2 2 1  534    0 
6 1 0 2 3 3 1  527    1 
6 1 0 3 4 4 1  705    0 
6 1 0 0 1 1 1  708    1 
6 1 0 2 3 3 1  991    0 
6 1 0 2 3 3 1  654    0 
6 1 0 1 2 2 1  747    1 
6 1 0 1 2 2 1  732    0 
6 1 0 3 4 4 1  845    1 
6 1 0 0 1 1 1  835    1 
6 1 0 2 3 3 1  656    1 
6 1 0 1 2 2 1  869    1 
6 1 0 0 1 1 1 1025    1 
6 1 0 3 4 4 1  679    0 
6 1 0 3 4 4 1  667    1 
6 1 0 3 4 4 1  423    0 
6 1 0 2 3 3 1  677    0 
6 1 0 0 1 1 1  537    0 
6 1 0 0 1 1 1  530    1 
6 1 0 1 2 2 1  612    1 
6 1 0 3 4 4 1  715    0 
6 1 0 0 1 1 1  709    0 
6 1 0 1 2 2 1  760    0 
6 1 0 2 3 3 1  713    1 
6 1 0 1 2 2 1  907    1 
