1 1 0 3 4 4 1 4887    1 
1 1 0 2 3 0 0 5000    1 
1 1 0 1 2 2 1 1056    1 
1 1 0 2 3 4 0 1125    1 
1 1 0 3 4 3 0 1597    1 
1 1 0 0 1 4 0 1155    1 
1 1 0 1 2 1 0  849    1 
1 1 0 3 4 2 0  564    1 
1 1 0 0 1 4 0 1194    1 
1 1 0 1 2 4 0 2768    1 
1 1 0 0 1 3 0  734    1 
1 1 0 1 2 3 0 1694    1 
1 1 0 3 4 4 1  719    1 
1 1 0 2 3 1 0 2802    1 
1 1 0 0 1 2 0 3639    1 
1 1 0 1 2 4 0 2746    1 
1 1 0 2 3 1 0 2034    1 
1 1 0 0 1 3 0 1518    1 
1 1 0 1 2 4 0 1214    1 
1 1 0 2 3 4 0 1611    1 
1 1 0 2 3 3 1  752    1 
1 1 0 1 2 0 0 5000    1 
1 1 0 1 2 2 1 1102    1 
1 1 0 1 2 2 1 1480    1 
1 1 0 1 2 2 1  933    1 
1 1 0 1 2 2 1  758    1 
1 1 0 0 1 4 0 3671    1 
1 1 0 1 2 2 1 1273    1 
1 1 0 0 1 1 1 1886    1 
1 1 0 0 1 1 1  553    1 
1 1 0 1 2 2 1  970    1 
1 1 0 3 4 4 1 1162    1 
1 1 0 1 2 2 1 1539    1 
1 1 0 2 3 3 1 1156    1 
1 1 0 0 1 4 0 1341    1 
1 1 0 1 2 2 1 1749    1 
1 1 0 3 4 4 1 1574    1 
1 1 0 2 3 3 1 1182    1 
1 1 0 2 3 3 1 1117    1 
1 1 0 3 4 4 1 1064    1 
1 1 0 3 4 4 1  693    1 
1 1 0 0 1 1 1 1584    1 
1 1 0 2 3 2 0 1152    1 
1 1 0 2 3 3 1 1062    1 
1 1 0 3 4 4 1 1187    1 
1 1 0 0 1 2 0 1979    1 
1 1 0 0 1 1 1  657    1 
1 1 0 3 4 3 0 2046    1 
1 1 0 0 1 1 1 1490    1 
1 1 0 2 3 3 1 1381    1 
1 1 0 1 2 2 1 1453    1 
1 1 0 0 1 1 1 2634    1 
1 1 0 1 2 4 0 1904    1 
1 1 0 1 2 2 1 1809    1 
1 1 0 2 3 3 1 1632    1 
1 1 0 3 4 4 1  774    1 
1 1 0 3 4 4 1 1462    1 
1 1 0 3 4 4 1  643    1 
1 1 0 3 4 4 1  520    1 
1 1 0 0 1 1 1 1514    1 
1 1 0 1 2 2 1 2469    1 
1 1 0 0 1 1 1 1458    1 
1 1 0 1 2 2 1 3790    1 
1 1 0 3 4 4 1 1558    3 
1 1 0 2 3 3 1 2215    1 
1 1 0 2 3 3 1  654    1 
1 1 0 0 1 1 1 1995    1 
1 1 0 2 3 3 1 1714    1 
1 1 0 0 1 4 0 1245    1 
1 1 0 2 3 4 0 1897    1 
1 1 0 2 3 4 0 1002    1 
1 1 0 3 4 4 1 1623    1 
1 1 0 3 4 4 1  574    1 
1 1 0 1 2 2 1 2598    1 
1 1 0 0 1 1 1 1869    1 
1 1 0 3 4 4 1 1466    1 
1 1 0 0 1 1 1 1446    1 
1 1 0 2 3 3 1 1483    1 
1 1 0 2 3 3 1  599    1 
1 1 0 3 4 4 1 1222    1 
1 1 0 0 1 1 1 1132    1 
1 1 0 3 4 4 1 1446    1 
1 1 0 1 2 2 1 2572    0 
1 1 0 3 4 4 1 1564    1 
1 1 0 0 1 1 1 2029    1 
1 1 0 3 4 4 1 1603    1 
1 1 0 2 3 3 1 1346    1 
1 1 0 3 4 4 1  955    1 
1 1 0 2 3 3 1 1204    1 
1 1 0 3 4 4 1 1387    1 
1 1 0 1 2 2 1 2875    1 
1 1 0 1 2 2 1 1055    1 
1 1 0 0 1 1 1 1212    1 
1 1 0 0 1 1 1  923    1 
1 1 0 2 3 2 0 3317    0 
1 1 0 2 3 3 1 1741    1 
