12 1 0 0 1 1 1 1279    0 
12 1 0 1 2 2 1  603    0 
12 1 0 0 1 1 1  570    1 
12 1 0 0 1 1 1  538    0 
12 1 0 3 4 4 1  867    1 
12 1 0 3 4 4 1  463    0 
12 1 0 2 3 3 1  532    1 
12 1 0 3 4 4 1 1286    0 
12 1 0 2 3 3 1 1321    0 
12 1 0 3 4 4 1 1395    0 
12 1 0 1 2 2 1 1451    1 
12 1 0 1 2 2 1  639    0 
12 1 0 3 4 4 1  789    1 
12 1 0 0 1 1 1  436    0 
12 1 0 2 3 3 1  609    0 
12 1 0 2 3 3 1  544    1 
12 1 0 0 1 1 1  945    0 
12 1 0 0 1 1 1  555    0 
12 1 0 2 3 3 1 1155    0 
12 1 0 2 3 3 1  652    0 
12 1 0 3 4 4 1  561    0 
12 1 0 1 2 2 1 1377    0 
12 1 0 2 3 3 1  577    1 
12 1 0 1 2 2 1 1097    0 
12 1 0 1 2 2 1  501    0 
12 1 0 1 2 2 1  687    0 
12 1 0 1 2 2 1  595    1 
12 1 0 0 1 1 1  530    0 
12 1 0 1 2 2 1  588    0 
12 1 0 2 3 3 1 1075    0 
12 1 0 1 2 2 1  623    0 
12 1 0 2 3 3 1  949    1 
12 1 0 0 1 1 1  622    0 
12 1 0 3 4 4 1  884    0 
12 1 0 3 4 4 1  511    0 
12 1 0 0 1 1 1  746    0 
12 1 0 1 2 2 1  387    1 
12 1 0 2 3 3 1  627    0 
12 1 0 3 4 4 1 1161    0 
12 1 0 3 4 4 1  377    1 
12 1 0 0 1 1 1  513    0 
12 1 0 1 2 1 0  612    0 
12 1 0 0 1 1 1  577    0 
12 1 0 2 3 3 1  873    1 
12 1 0 0 1 1 1 1093    1 
12 1 0 0 1 1 1  720    1 
12 1 0 1 2 2 1  466    0 
12 1 0 3 4 4 1  606    0 
12 1 0 0 1 1 1  613    0 
12 1 0 0 1 1 1  411    0 
12 1 0 3 4 4 1 2050    0 
12 1 0 2 3 3 1  574    1 
12 1 0 2 3 3 1  375    0 
12 1 0 2 3 3 1  518    0 
12 1 0 1 2 1 0  632    0 
12 1 0 2 3 3 1 1124    0 
12 1 0 3 4 4 1  638    0 
12 1 0 0 1 1 1  507    0 
12 1 0 2 3 3 1  574    0 
12 1 0 1 2 2 1  782    1 
12 1 0 1 2 2 1  862    0 
12 1 0 3 4 3 0  594    0 
12 1 0 0 1 1 1  584    1 
12 1 0 0 1 1 1  823    1 
12 1 0 2 3 3 1  925    0 
12 1 0 3 4 4 1  375    0 
12 1 0 3 4 4 1  391    1 
12 1 0 2 3 3 1  518    0 
12 1 0 0 1 1 1  464    1 
12 1 0 1 2 2 1  653    1 
12 1 0 3 4 1 0  834    0 
12 1 0 3 4 4 1  477    1 
12 1 0 2 3 3 1  833    0 
12 1 0 2 3 3 1 1118    0 
12 1 0 3 4 4 1  496    0 
12 1 0 0 1 1 1  532    0 
12 1 0 2 3 3 1  734    0 
12 1 0 1 2 2 1  623    1 
12 1 0 2 3 3 1  589    0 
12 1 0 1 2 2 1  596    0 
12 1 0 0 1 1 1  532    0 
12 1 0 1 2 2 1  478    0 
12 1 0 3 4 4 1  450    1 
12 1 0 1 2 2 1  414    0 
12 1 0 3 4 4 1  461    0 
12 1 0 3 4 4 1  442    0 
12 1 0 3 4 4 1  391    0 
12 1 0 1 2 2 1  470    1 
12 1 0 0 1 1 1  570    1 
12 1 0 0 1 1 1  722    0 
12 1 0 1 2 2 1  708    0 
12 1 0 2 3 3 1  735    1 
12 1 0 2 3 3 1  416    0 
12 1 0 3 4 4 1  422    0 
12 1 0 1 2 1 0  476    0 
12 1 0 0 1 1 1 1022    1 
