3 1 0 3 4 4 1 1911    0 
3 1 0 1 2 2 1 1114    0 
3 1 0 3 4 4 1  828    0 
3 1 0 3 4 4 1 1154    0 
3 1 0 1 2 2 1  675    0 
3 1 0 0 1 1 1  575    0 
3 1 0 3 4 4 1  807    0 
3 1 0 0 1 1 1  646    0 
3 1 0 1 2 2 1  659    0 
3 1 0 0 1 1 1  640    0 
3 1 0 0 1 1 1  413    0 
3 1 0 0 1 1 1  404    0 
3 1 0 3 4 4 1  650    0 
3 1 0 2 3 3 1  415    0 
3 1 0 2 3 3 1  486    0 
3 1 0 1 2 2 1  569    0 
3 1 0 2 3 3 1  961    0 
3 1 0 3 4 4 1  658    0 
3 1 0 0 1 1 1  598    0 
3 1 0 2 3 3 1 1206    0 
3 1 0 2 3 3 1  516    0 
3 1 0 0 1 1 1  542    0 
3 1 0 1 2 4 0 1040    0 
3 1 0 3 4 4 1 1163    0 
3 1 0 3 4 4 1  540    0 
3 1 0 2 3 3 1  613    0 
3 1 0 3 4 4 1  988    0 
3 1 0 3 4 4 1 1075    0 
3 1 0 1 2 2 1 3031    0 
3 1 0 0 1 1 1  981    0 
3 1 0 2 3 3 1  733    0 
3 1 0 3 4 4 1  614    0 
3 1 0 0 1 1 1  573    0 
3 1 0 2 3 3 1  597    0 
3 1 0 3 4 4 1 1020    0 
3 1 0 3 4 4 1  858    0 
3 1 0 1 2 4 0  431    0 
3 1 0 3 4 4 1  531    0 
3 1 0 2 3 3 1 1853    0 
3 1 0 1 2 2 1  409    0 
3 1 0 0 1 1 1  616    0 
3 1 0 1 2 1 0  471    0 
3 1 0 3 4 4 1 1201    0 
3 1 0 2 3 3 1  967    0 
3 1 0 0 1 1 1  655    0 
3 1 0 2 3 3 1 1668    0 
3 1 0 3 4 4 1  752    0 
3 1 0 2 3 3 1 1065    0 
3 1 0 1 2 2 1  837    0 
3 1 0 1 2 2 1  499    0 
3 1 0 0 1 1 1  510    0 
3 1 0 1 2 2 1  680    0 
3 1 0 0 1 1 1  756    0 
3 1 0 1 2 2 1  597    0 
3 1 0 2 3 3 1  684    0 
3 1 0 1 2 2 1  696    0 
3 1 0 0 1 1 1  555    0 
3 1 0 2 3 3 1  668    0 
3 1 0 2 3 3 1  440    0 
3 1 0 2 3 3 1  437    0 
3 1 0 3 4 4 1  682    0 
3 1 0 1 2 2 1  486    0 
3 1 0 2 3 3 1 1050    0 
3 1 0 2 3 3 1  526    0 
3 1 0 2 3 3 1  400    0 
3 1 0 1 2 2 1  527    0 
3 1 0 2 3 3 1  633    0 
3 1 0 1 2 2 1  598    0 
3 1 0 0 1 1 1  598    0 
3 1 0 1 2 2 1  941    0 
3 1 0 0 1 1 1  646    0 
3 1 0 1 2 2 1  668    0 
3 1 0 2 3 3 1  512    0 
3 1 0 1 2 2 1  586    0 
3 1 0 1 2 2 1  522    0 
3 1 0 3 4 3 0  468    0 
3 1 0 0 1 1 1  534    0 
3 1 0 0 1 1 1  911    0 
3 1 0 3 4 4 1  585    0 
3 1 0 0 1 1 1  577    0 
3 1 0 2 3 3 1  401    0 
3 1 0 3 4 4 1  783    0 
3 1 0 3 4 4 1  439    0 
3 1 0 0 1 1 1  844    0 
3 1 0 0 1 1 1  577    0 
3 1 0 3 4 4 1  593    0 
3 1 0 2 3 3 1 1105    0 
3 1 0 1 2 2 1  587    0 
3 1 0 3 4 4 1  555    0 
3 1 0 0 1 1 1  635    0 
3 1 0 2 3 4 0  585    0 
3 1 0 0 1 1 1  590    0 
3 1 0 1 2 2 1  621    0 
3 1 0 1 2 2 1  555    0 
3 1 0 3 4 4 1  492    0 
3 1 0 0 1 1 1  655    0 
