7 1 0 1 2 2 1 2748    1 
7 1 0 0 1 1 1  678    1 
7 1 0 3 4 4 1  730    1 
7 1 0 2 3 3 1  412    1 
7 1 0 1 2 1 0  707    1 
7 1 0 3 4 4 1 1964    1 
7 1 0 0 1 1 1  621    1 
7 1 0 2 3 3 1  643    1 
7 1 0 0 1 1 1  688    1 
7 1 0 0 1 1 1  460    1 
7 1 0 2 3 3 1  640    1 
7 1 0 1 2 2 1  526    1 
7 1 0 1 2 2 1  488    1 
7 1 0 0 1 1 1  507    0 
7 1 0 0 1 1 1  902    1 
7 1 0 3 4 4 1  913    1 
7 1 0 2 3 3 1  612    1 
7 1 0 1 2 2 1  715    1 
7 1 0 2 3 4 0 1405    1 
7 1 0 0 1 1 1  682    1 
7 1 0 3 4 4 1  646    1 
7 1 0 1 2 2 1  851    1 
7 1 0 1 2 2 1  392    1 
7 1 0 0 1 1 1  560    1 
7 1 0 1 2 2 1  576    1 
7 1 0 1 2 2 1  457    1 
7 1 0 3 4 4 1 1317    1 
7 1 0 3 4 4 1  432    1 
7 1 0 0 1 1 1  566    1 
7 1 0 3 4 4 1  702    1 
7 1 0 1 2 2 1  625    1 
7 1 0 0 1 1 1  647    1 
7 1 0 0 1 1 1  636    1 
7 1 0 3 4 4 1  530    1 
7 1 0 0 1 1 1  604    1 
7 1 0 2 3 3 1  635    1 
7 1 0 1 2 2 1  680    1 
7 1 0 1 2 2 1  452    1 
7 1 0 3 4 4 1  673    0 
7 1 0 3 4 4 1  557    1 
7 1 0 1 2 2 1  614    1 
7 1 0 1 2 2 1  469    1 
7 1 0 1 2 2 1  449    1 
7 1 0 3 4 4 1  454    1 
7 1 0 1 2 2 1  547    1 
7 1 0 3 4 4 1  732    1 
7 1 0 1 2 2 1  477    1 
7 1 0 2 3 3 1  538    1 
7 1 0 2 3 4 0  467    1 
7 1 0 0 1 1 1  589    1 
7 1 0 2 3 3 1  533    1 
7 1 0 0 1 1 1 1022    1 
7 1 0 3 4 4 1  548    1 
7 1 0 3 4 4 1  398    1 
7 1 0 3 4 4 1  389    1 
7 1 0 1 2 2 1  677    1 
7 1 0 2 3 3 1 1273    1 
7 1 0 0 1 1 1  541    1 
7 1 0 0 1 1 1  494    1 
7 1 0 0 1 1 1  442    0 
7 1 0 2 3 3 1  671    1 
7 1 0 0 1 1 1  435    1 
7 1 0 2 3 3 1  953    1 
7 1 0 3 4 4 1  658    1 
7 1 0 2 3 3 1  455    1 
7 1 0 1 2 2 1 1059    1 
7 1 0 2 3 3 1  552    1 
7 1 0 2 3 3 1  505    1 
7 1 0 0 1 1 1  492    1 
7 1 0 1 2 2 1  639    1 
7 1 0 3 4 4 1  581    1 
7 1 0 1 2 2 1  653    1 
7 1 0 3 4 4 1  538    0 
7 1 0 2 3 3 1  467    1 
7 1 0 2 3 3 1  471    1 
7 1 0 3 4 4 1  595    1 
7 1 0 2 3 3 1  923    1 
7 1 0 2 3 3 1  469    1 
7 1 0 1 2 2 1  577    1 
7 1 0 3 4 4 1  513    1 
7 1 0 0 1 1 1  396    1 
7 1 0 2 3 3 1 1027    1 
7 1 0 1 2 2 1  666    1 
7 1 0 3 4 3 0 1278    1 
7 1 0 2 3 3 1  496    1 
7 1 0 0 1 1 1  595    1 
7 1 0 1 2 2 1  571    1 
7 1 0 2 3 3 1  939    1 
7 1 0 3 4 4 1 1085    1 
7 1 0 0 1 1 1  624    1 
7 1 0 3 4 4 1 1046    1 
7 1 0 3 4 4 1  404    1 
7 1 0 0 1 1 1  587    1 
7 1 0 2 3 3 1  466    1 
7 1 0 0 1 1 1 1214    1 
7 1 0 2 3 3 1 1429    1 
