22 1 0 2 3 3 1 3152    0 
22 1 0 0 1 1 1 2137    0 
22 1 0 0 1 1 1  802    0 
22 1 0 1 2 2 1 2481    1 
22 1 0 2 3 3 1 3085    1 
22 1 0 2 3 3 1  864    1 
22 1 0 2 3 3 1  733    1 
22 1 0 3 4 4 1  886    1 
22 1 0 2 3 3 1 2746    0 
22 1 0 2 3 3 1  659    0 
22 1 0 1 2 2 1 2512    1 
22 1 0 2 3 3 1 1434    0 
22 1 0 0 1 1 1  752    0 
22 1 0 3 4 4 1  928    0 
22 1 0 1 2 2 1 3642    1 
22 1 0 1 2 2 1  712    0 
22 1 0 0 1 1 1  922    0 
22 1 0 2 3 3 1  860    0 
22 1 0 0 1 1 1  873    0 
22 1 0 3 4 4 1  749    0 
22 1 0 1 2 2 1 2534    0 
22 1 0 1 2 2 1 1687    1 
22 1 0 3 4 4 1 2050    0 
22 1 0 1 2 2 1 2415    0 
22 1 0 3 4 4 1  702    0 
22 1 0 2 3 3 1  416    1 
22 1 0 1 2 2 1 1318    1 
22 1 0 1 2 2 1  632    0 
22 1 0 2 3 3 1  965    0 
22 1 0 2 3 3 1  437    0 
22 1 0 2 3 3 1  419    1 
22 1 0 1 2 2 1  817    0 
22 1 0 2 3 3 1  783    1 
22 1 0 2 3 3 1  654    0 
22 1 0 2 3 3 1  491    0 
22 1 0 2 3 3 1  414    0 
22 1 0 3 4 4 1  661    1 
22 1 0 3 4 4 1  425    0 
22 1 0 2 3 3 1  599    1 
22 1 0 0 1 1 1  686    1 
22 1 0 0 1 1 1  545    1 
22 1 0 0 1 1 1  579    0 
22 1 0 0 1 1 1  451    1 
22 1 0 1 2 2 1 1063    0 
22 1 0 3 4 4 1  780    0 
22 1 0 3 4 4 1  404    0 
22 1 0 3 4 4 1  379    1 
22 1 0 3 4 4 1  363    0 
22 1 0 1 2 2 1 1051    1 
22 1 0 0 1 1 1  664    0 
22 1 0 0 1 1 1  557    0 
22 1 0 1 2 2 1  869    0 
22 1 0 2 3 3 1  721    0 
22 1 0 3 4 4 1 1147    0 
22 1 0 0 1 1 1 1029    0 
22 1 0 3 4 4 1  715    0 
22 1 0 1 2 2 1  765    0 
22 1 0 3 4 4 1  861    0 
22 1 0 2 3 3 1 1442    0 
22 1 0 1 2 2 1 1863    0 
22 1 0 2 3 3 1 1732    0 
22 1 0 0 1 1 1  653    0 
22 1 0 3 4 4 1  586    0 
22 1 0 2 3 3 1  761    1 
22 1 0 3 4 4 1 1362    1 
22 1 0 0 1 1 1  603    0 
22 1 0 2 3 3 1  713    0 
22 1 0 1 2 2 1  796    1 
22 1 0 1 2 2 1  507    0 
22 1 0 1 2 2 1  486    1 
22 1 0 0 1 1 1  601    1 
22 1 0 0 1 1 1  440    0 
22 1 0 2 3 3 1  813    0 
22 1 0 0 1 1 1  708    1 
22 1 0 0 1 1 1  583    1 
22 1 0 3 4 4 1  662    1 
22 1 0 0 1 1 1  755  146 
22 1 0 1 2 2 1 1307    1 
22 1 0 0 1 1 1  566    1 
22 1 0 0 1 1 1  534    0 
22 1 0 3 4 4 1  551    0 
22 1 0 3 4 4 1  672    0 
22 1 0 1 2 2 1 1012    1 
22 1 0 3 4 4 1  883    0 
22 1 0 0 1 1 1  686    0 
22 1 0 0 1 1 1  449    0 
22 1 0 1 2 2 1 2182    1 
22 1 0 2 3 3 1  829    0 
22 1 0 1 2 2 1  995    1 
22 1 0 3 4 4 1  515    0 
22 1 0 1 2 2 1  861    0 
22 1 0 3 4 4 1  674    0 
22 1 0 1 2 2 1  734    1 
22 1 0 3 4 4 1  399    0 
22 1 0 3 4 4 1 2198    1 
22 1 0 0 1 1 1  557    1 
