17 1 1 1 1 2 2 1 1546    4 
17 1 1 2 2 3 3 1 1308    4 
17 1 1 2 2 3 3 1  632    5 
17 1 0 2 1 3 3 1  666    4 
17 1 0 2 1 3 3 1  482    5 
17 1 0 2 1 3 3 1  418    4 
17 1 0 1 0 2 2 1  829    4 
17 1 0 3 2 4 4 1  902    4 
17 1 0 2 1 3 3 1  564    4 
17 1 0 0 3 1 1 1  873    4 
17 1 1 2 2 3 3 1  680    4 
17 1 0 0 3 1 1 1  823    4 
17 1 1 2 2 3 3 1  616    5 
17 1 0 3 2 4 4 1  747    4 
17 1 1 2 2 3 3 1  568    4 
17 1 0 1 0 2 2 1 1284    4 
17 1 1 1 1 2 2 1  466    5 
17 1 1 2 2 3 3 1  627    4 
17 1 1 2 2 3 3 1  581    4 
17 1 1 3 3 4 4 1  665    4 
17 1 0 1 0 2 3 0  913    4 
17 1 1 1 1 2 2 1  644    4 
17 1 1 2 2 3 3 1  621    5 
17 1 0 1 0 2 2 1  830    4 
17 1 1 2 2 3 3 1  639    5 
17 1 1 3 3 4 4 1  808    5 
17 1 1 2 2 3 3 1 1410    5 
17 1 1 0 0 1 1 1  698    4 
17 1 0 3 2 4 4 1 1137    4 
17 1 0 1 0 2 2 1 1181    5 
17 1 0 3 2 4 4 1  671    4 
17 1 1 2 2 3 3 1  799    4 
17 1 1 2 2 3 3 1  554    4 
17 1 0 0 3 1 2 0 1510    4 
17 1 0 2 1 3 3 1  735    4 
17 1 1 3 3 4 4 1  693    4 
17 1 1 3 3 4 4 1  596    4 
17 1 1 2 2 3 3 1  591    4 
17 1 0 3 2 4 4 1  634    4 
17 1 1 2 2 3 3 1 1660    4 
17 1 1 0 0 1 1 1 1041    5 
17 1 1 2 2 3 3 1  713    4 
17 1 1 2 2 3 3 1  447    4 
17 1 1 0 0 1 1 1 1000    4 
17 1 1 1 1 2 2 1  930    5 
17 1 1 0 0 1 1 1  559    4 
17 1 1 2 2 3 3 1  604    4 
17 1 0 1 0 2 2 1 1622    4 
17 1 0 2 1 3 3 1  669    4 
17 1 1 1 1 2 2 1  709    4 
17 1 1 3 3 4 4 1  707    4 
17 1 1 0 0 1 1 1 1474    4 
17 1 1 0 0 1 1 1  455    4 
17 1 1 0 0 1 1 1  432    4 
17 1 0 2 1 3 3 1  618    4 
17 1 1 1 1 2 2 1 1556    4 
17 1 0 2 1 3 3 1  806    4 
17 1 0 3 2 4 4 1  696    4 
17 1 1 0 0 1 1 1 1007    4 
17 1 0 0 3 1 1 1  680    4 
17 1 1 0 0 1 1 1  551    4 
17 1 1 3 3 4 4 1 1077    4 
17 1 0 3 2 4 4 1  427    4 
17 1 1 3 3 4 4 1  413    4 
17 1 0 1 0 2 1 0  681    4 
17 1 0 1 0 2 2 1  629    4 
17 1 0 0 3 1 1 1 1711    4 
17 1 1 1 1 2 2 1  538    4 
17 1 0 0 3 1 2 0  648    4 
17 1 0 3 2 4 4 1  830    4 
17 1 0 0 3 1 1 1  695    5 
17 1 0 0 3 1 1 1  414    4 
17 1 0 0 3 1 1 1  361    5 
17 1 1 3 3 4 4 1  886    5 
17 1 0 1 0 2 2 1 1357    5 
17 1 0 3 2 4 4 1  727    4 
17 1 1 1 1 2 2 1 1253    4 
17 1 1 3 3 4 4 1  540    4 
17 1 1 2 2 3 3 1  873    4 
17 1 1 0 0 1 1 1 1024    4 
17 1 0 1 0 2 2 1 1001    4 
17 1 0 0 3 1 1 1  747    4 
17 1 0 2 1 3 3 1 1183    5 
17 1 1 2 2 3 3 1  513    5 
17 1 1 0 0 1 1 1 2696    4 
17 1 1 1 1 2 2 1 2577    4 
17 1 0 0 3 1 1 1 1423    5 
17 1 1 1 1 2 2 1  854    4 
17 1 0 0 3 1 1 1  766    5 
17 1 0 2 1 3 3 1  738    4 
17 1 0 1 0 2 1 0 1398    4 
17 1 0 0 3 1 1 1 1260    5 
17 1 1 2 2 3 3 1 1059    4 
17 1 1 3 3 4 4 1  658    4 
17 1 0 0 3 1 1 1 1210    5 
17 1 0 3 2 4 3 0  699    4 
17 1 1 2 2 3 3 1  847    5 
17 1 0 3 2 4 4 1  575    4 
17 1 0 3 2 4 4 1  507    4 
17 1 0 3 2 4 4 1  466    4 
17 1 0 2 1 3 3 1 1923    4 
17 1 1 0 0 1 1 1 1005    5 
17 1 0 1 0 2 2 1 3502    4 
17 1 0 3 2 4 4 1  684    4 
17 1 0 1 0 2 2 1  724    4 
17 1 0 1 0 2 2 1  457    4 
17 1 0 0 3 1 1 1 1122    5 
17 1 1 3 3 4 4 1  951    5 
17 1 0 1 0 2 2 1  771    4 
17 1 1 2 2 3 3 1 1718    4 
17 1 0 0 3 1 1 1 1585    4 
17 1 1 3 3 4 4 1  802    4 
17 1 0 1 0 2 1 0  757    4 
17 1 1 1 1 2 2 1  494    4 
17 1 1 1 1 2 2 1  453    5 
17 1 0 1 0 2 2 1  534    5 
17 1 0 0 3 1 1 1 1076    4 
17 1 1 2 2 3 3 1  939    5 
17 1 0 0 3 1 1 1 1071    4 
17 1 1 3 3 4 4 1 1965    4 
17 1 0 1 0 2 2 1 1757    4 
17 1 1 0 0 1 1 1  886    4 
17 1 0 1 0 2 2 1  773    4 
17 1 1 3 3 4 4 1  841    4 
17 1 0 0 3 1 1 1  769    4 
17 1 0 3 2 4 4 1  621    4 
17 1 0 2 1 3 3 1 1031    4 
17 1 1 2 2 3 3 1  599    5 
17 1 1 2 2 3 3 1  530    4 
17 1 1 0 0 1 1 1 1849    4 
17 1 0 3 2 4 4 1  662    4 
17 1 0 0 3 1 1 1  622    4 
17 1 0 3 2 4 4 1  648    4 
17 1 1 0 0 1 1 1 1089    5 
17 1 0 3 2 4 4 1  655    4 
17 1 1 3 3 4 4 1  487    4 
17 1 1 0 0 1 1 1  534    4 
17 1 0 3 2 4 4 1  628    4 
17 1 0 0 3 1 1 1  758    4 
17 1 1 0 0 1 1 1  578    4 
17 1 1 0 0 1 1 1  430    4 
17 1 1 1 1 2 2 1  824    4 
17 1 0 1 0 2 2 1  545    4 
17 1 1 1 1 2 2 1  447    4 
17 1 1 0 0 1 1 1  456    4 
17 1 1 3 3 4 4 1  577    4 
17 1 1 0 0 1 1 1  613    5 
17 1 0 3 2 4 4 1 1584    4 
17 1 0 3 2 4 4 1  424    4 
17 1 1 3 3 4 4 1  467    4 
17 1 0 2 1 3 1 0  644    4 
17 1 0 3 2 4 4 1 1498    4 
17 1 1 2 2 3 3 1 1366    5 
17 1 0 2 1 3 3 1  513    4 
17 1 1 1 1 2 2 1 1863    5 
17 1 0 0 3 1 1 1  596    4 
17 1 0 0 3 1 1 1  495    4 
17 1 0 1 0 2 2 1  799    4 
17 1 1 3 3 4 4 1  825    4 
17 1 1 0 0 1 1 1 1266    5 
17 1 0 0 3 1 1 1  513    4 
17 1 0 2 1 3 3 1 1760    5 
17 1 0 1 0 2 2 1 2033    6 
17 1 0 1 0 2 2 1  526    4 
17 1 1 1 1 2 2 1  524    5 
17 1 0 2 1 3 3 1 1970    4 
17 1 1 1 1 2 2 1 1186    5 
17 1 1 3 3 4 4 1  900    4 
17 1 0 3 2 4 4 1  555    4 
17 1 1 0 0 1 1 1 2535    4 
17 1 0 3 2 4 4 1  879    4 
17 1 1 0 0 1 1 1  582    5 
17 1 1 3 3 4 4 1  674    4 
17 1 0 2 1 3 3 1 1746    5 
17 1 0 2 1 3 3 1  771    4 
17 1 0 1 0 2 2 1 3559    4 
17 1 1 1 1 2 2 1  571    5 
17 1 1 3 3 4 4 1  719    4 
17 1 1 1 1 2 2 1  509    5 
17 1 1 1 1 2 2 1  500    5 
17 1 0 2 1 3 3 1 1427    5 
17 1 0 1 0 2 2 1  851    5 
17 1 0 2 1 3 3 1 1691    4 
17 1 0 1 0 2 2 1  895    4 
17 1 1 0 0 1 1 1  461    4 
17 1 0 2 1 3 2 0  622    5 
17 1 1 3 3 4 4 1  509    4 
17 1 0 2 1 3 3 1  684    4 
17 1 1 1 1 2 2 1  963    5 
17 1 1 1 1 2 2 1  551    4 
17 1 1 3 3 4 4 1  788    4 
17 1 1 3 3 4 4 1  550    5 
17 1 1 0 0 1 1 1 2385    5 
17 1 0 3 1 4 4 1  951    5 
17 1 0 3 1 4 4 1  443    5 
17 1 0 1 3 2 2 1  805    4 
17 1 1 0 0 1 1 1 1007    4 
17 1 0 0 2 1 1 1  696    4 
17 1 1 3 3 4 4 1 1087    4 
17 1 1 3 3 4 4 1  437    4 
17 1 1 0 0 1 1 1  791    4 
17 1 1 2 2 3 3 1 2145    4 
17 1 1 3 3 4 4 1  778    5 
17 1 1 2 2 3 3 1  797    5 
17 1 0 0 2 1 1 1  928    5 
17 1 1 1 1 2 2 1 1148    4 
17 1 0 3 1 4 4 1 1512    4 
17 1 1 1 1 2 3 0  964    5 
17 1 0 0 2 1 1 1 2492    4 
17 1 1 1 1 2 2 1 2630    5 
17 1 0 0 2 1 1 1 1065    4 
17 1 0 1 3 2 2 1  696    5 
17 1 0 0 2 1 1 1  567    4 
17 1 0 2 0 3 3 1  988    5 
17 1 0 0 2 1 1 1 1238    5 
17 1 1 1 1 2 2 1  933    5 
17 1 0 0 2 1 1 1  634    5 
17 1 1 0 0 1 1 1  492    4 
17 1 1 3 3 4 4 1  643    4 
17 1 1 1 1 2 1 0  684    4 
17 1 1 1 1 2 2 1  553    4 
17 1 0 2 0 3 3 1  749    4 
17 1 0 1 3 2 2 1  650    4 
17 1 1 1 1 2 2 1  475    4 
17 1 1 2 2 3 3 1 1315    5 
17 1 1 2 2 3 3 1  560    4 
17 1 1 1 1 2 2 1  932    5 
17 1 0 1 3 2 2 1  689    5 
17 1 0 0 2 1 1 1 2520    5 
17 1 0 2 0 3 3 1  825    4 
17 1 0 1 3 2 2 1 1938    4 
17 1 1 3 3 4 3 0  652    4 
17 1 1 2 2 3 3 1  586    4 
17 1 0 1 3 2 2 1 1013    5 
17 1 0 0 2 1 1 1  638    4 
17 1 0 0 2 1 2 0  543    4 
17 1 0 1 3 2 2 1  562    4 
17 1 1 3 3 4 4 1  574    5 
17 1 1 1 1 2 2 1  818    5 
17 1 0 3 1 4 4 1  780    4 
17 1 1 2 2 3 3 1 2040    5 
17 1 1 2 2 3 3 1  469    5 
17 1 0 0 2 1 1 1 1149    4 
17 1 0 3 1 4 4 1  881    5 
17 1 1 1 1 2 2 1  896    4 
17 1 0 2 0 3 3 1 1342    5 
17 1 0 2 0 3 3 1  505    5 
17 1 1 1 1 2 2 1 1608    5 
17 1 1 3 3 4 4 1  999    5 
17 1 0 0 2 1 1 1  873    5 
17 1 1 3 3 4 4 1 1096    5 
17 1 1 0 0 1 1 1 1334    5 
17 1 0 3 1 4 4 1 1017    4 
17 1 0 0 2 1 1 1  746    5 
17 1 1 3 3 4 4 1  727    4 
17 1 1 1 1 2 2 1  941    4 
17 1 1 2 2 3 3 1 1417    5 
17 1 0 1 3 2 4 0  865    5 
17 1 0 3 1 4 4 1 3486    5 
17 1 0 1 3 2 2 1  853    5 
17 1 1 3 3 4 4 1 1829    5 
17 1 0 1 3 2 2 1 2043    5 
17 1 1 0 0 1 1 1  760    5 
17 1 0 3 1 4 4 1 1356    5 
17 1 1 2 2 3 3 1  910    5 
17 1 0 2 0 3 3 1  652    4 
17 1 0 2 0 3 3 1  525    5 
17 1 1 2 2 3 3 1  411    4 
17 1 0 0 2 1 2 0 1390    5 
17 1 1 1 1 2 2 1 1204    4 
17 1 0 2 0 3 3 1  965    5 
17 1 1 3 3 4 4 1  713    4 
17 1 1 2 2 3 3 1 1431    5 
17 1 0 2 0 3 3 1  502    4 
17 1 1 3 3 4 4 1  605    5 
17 1 1 1 1 2 2 1  703    5 
17 1 1 1 1 2 2 1  517    4 
17 1 0 2 0 3 3 1 1380    5 
17 1 0 2 0 3 3 1  558    5 
17 1 0 1 3 2 2 1  882   80 
17 1 0 2 0 3 3 1  713    5 
17 1 0 1 3 2 2 1  631    4 
17 1 1 1 1 2 2 1  513    5 
17 1 1 0 0 1 1 1  760    4 
17 1 1 3 3 4 4 1  628    4 
17 1 1 3 3 4 4 1  453    5 
17 1 1 3 3 4 4 1  470    5 
17 1 1 3 3 4 4 1  399    4 
17 1 1 0 0 1 1 1  786    5 
17 1 1 2 2 3 3 1  869    5 
17 1 0 3 1 4 4 1  781    4 
17 1 0 1 3 2 2 1  712    5 
17 1 0 0 2 1 1 1  766    4 
17 1 0 1 3 2 2 1 1402    4 
17 1 1 2 2 3 3 1 1083    4 
17 1 0 2 0 3 3 1  505    5 
17 1 0 2 0 3 3 1  472    5 
17 1 0 1 3 2 2 1 1096    5 
17 1 1 3 3 4 4 1 1678    4 
17 1 0 2 0 3 3 1  986    4 
17 1 1 0 0 1 1 1 1365    4 
17 1 0 0 2 1 1 1  455    5 
17 1 1 1 1 2 2 1  816    4 
17 1 0 1 3 2 2 1  570    5 
17 1 1 0 0 1 1 1  718    5 
17 1 1 2 2 3 3 1 1100    4 
17 1 0 1 3 2 2 1  738    4 
17 1 0 1 3 2 2 1  486    5 
17 1 1 2 2 3 3 1 1110    5 
17 1 1 0 0 1 1 1 1123    5 
17 1 0 3 1 4 4 1  647    5 
17 1 0 3 1 4 4 1  528    5 
17 1 1 2 2 3 1 0  886    5 
17 1 0 2 0 3 3 1  522    4 
17 1 0 3 1 4 4 1 1072    4 
17 1 0 0 2 1 2 0  839    4 
17 1 1 0 0 1 1 1  556    4 
17 1 0 3 1 4 4 1  929    4 
17 1 0 3 1 4 4 1  414    5 
17 1 0 3 1 4 4 1  417    4 
17 1 0 1 3 2 2 1 1036    4 
17 1 1 1 1 2 2 1  580    4 
17 1 0 3 1 4 4 1  856    5 
17 1 0 0 2 1 1 1 2776    5 
17 1 0 0 2 1 1 1  461    5 
17 1 0 0 2 1 1 1  398    5 
17 1 1 0 0 1 1 1  450    4 
17 1 1 0 0 1 1 1  491    5 
17 1 0 2 0 3 3 1 1107    4 
17 1 1 1 1 2 2 1  872    4 
17 1 1 2 2 3 3 1 2231    4 
17 1 0 0 2 1 1 1  900    5 
17 1 1 2 2 3 3 1  698    5 
17 1 0 0 2 1 1 1  545    5 
17 1 1 1 1 2 2 1 1750    5 
17 1 1 0 0 1 1 1 1800    4 
17 1 0 3 1 4 4 1  911    5 
17 1 0 0 2 1 1 1 1245    4 
17 1 1 3 3 4 4 1  860    5 
17 1 1 3 3 4 4 1  452    4 
17 1 0 2 0 3 3 1  893    5 
17 1 1 0 0 1 1 1 1004    4 
17 1 0 2 0 3 3 1  821    4 
17 1 0 0 2 1 1 1  774    5 
17 1 1 3 3 4 4 1 1049    4 
17 1 1 3 3 4 4 1  697    4 
17 1 0 2 0 3 3 1 1632    5 
17 1 0 2 0 3 3 1  455    4 
17 1 1 1 1 2 2 1 2424    4 
17 1 0 1 3 2 2 1  452    4 
17 1 1 0 0 1 1 1 1005    4 
17 1 1 1 1 2 2 1  527    4 
17 1 0 0 2 1 1 1  973    4 
17 1 0 3 1 4 4 1 1063    4 
17 1 1 3 3 4 4 1  454    4 
17 1 0 2 0 3 3 1  727    4 
17 1 0 2 0 3 3 1  501    4 
17 1 1 3 3 4 4 1  868    4 
17 1 0 1 3 2 2 1  900    5 
17 1 1 3 3 4 4 1 1354    5 
17 1 1 1 1 2 2 1  797    5 
17 1 0 2 0 3 3 1 1040    4 
17 1 1 0 0 1 1 1 1495    4 
17 1 0 2 0 3 3 1 1004    4 
17 1 0 1 3 2 2 1  901    4 
17 1 1 2 2 3 3 1 1955    4 
17 1 1 0 0 1 1 1 1044    4 
17 1 0 0 2 1 1 1  452    4 
17 1 1 3 3 4 4 1  909    5 
17 1 1 3 3 4 4 1  579    4 
17 1 1 3 3 4 4 1  495    4 
17 1 1 3 3 4 4 1  454    4 
17 1 1 0 0 1 2 0 1431    4 
17 1 1 2 2 3 3 1  844    5 
17 1 0 2 0 3 3 1  452    4 
17 1 1 1 1 2 2 1 1101    5 
17 1 1 1 1 2 2 1  466    5 
17 1 1 3 3 4 4 1 1379    5 
17 1 1 0 0 1 1 1 1269    4 
17 1 1 2 2 3 3 1  803    5 
17 1 0 2 0 3 3 1  517    5 
17 1 0 0 2 1 1 1  996    4 
17 1 0 3 1 4 4 1 2382    4 
17 1 0 1 3 2 2 1  788    5 
