5 1 1 0 0 1 1 1  823    4 
5 1 0 2 0 3 3 1  648    5 
5 1 1 0 0 1 1 1  449    4 
5 1 0 2 0 3 3 1  506    6 
5 1 1 0 0 1 1 1  409  119 
5 1 0 3 1 4 4 1  636    7 
5 1 0 0 2 1 1 1  565   73 
5 1 0 3 1 4 4 1  642    4 
5 1 1 3 3 4 4 1  411    4 
5 1 1 0 0 1 1 1  446    5 
5 1 1 1 1 2 2 1  656    5 
5 1 0 1 3 2 2 1  672    5 
5 1 1 0 0 1 1 1  471    5 
5 1 1 3 3 4 4 1  560    5 
5 1 1 2 2 3 3 1  612    4 
5 1 1 0 0 1 1 1  487    5 
5 1 0 0 2 1 1 1  558    5 
5 1 0 2 0 3 3 1  555    4 
5 1 0 0 2 1 1 1  607    4 
5 1 0 2 0 3 3 1  802    5 
5 1 0 2 0 3 3 1  596    4 
5 1 0 0 2 1 1 1  568    4 
5 1 1 1 1 2 2 1  676    5 
5 1 1 1 1 2 2 1  540    5 
5 1 1 0 0 1 1 1  529    4 
5 1 0 1 3 2 2 1  623  222 
5 1 0 2 0 3 3 1  593    4 
5 1 1 0 0 1 1 1  548    5 
5 1 0 2 0 3 3 1  496    4 
5 1 0 2 0 3 3 1  456    5 
5 1 0 0 2 1 1 1  529    5 
5 1 0 1 3 2 2 1  623    5 
5 1 0 0 2 1 1 1  569    4 
5 1 0 0 2 1 1 1  517    4 
5 1 1 0 0 1 1 1  508    4 
5 1 0 3 1 4 4 1  595    4 
5 1 0 1 3 2 2 1  558    4 
5 1 1 2 2 3 3 1  554    5 
5 1 1 1 1 2 2 1  663    5 
5 1 1 2 2 3 3 1  663    4 
5 1 0 3 1 4 4 1  600    4 
5 1 0 1 3 2 2 1  643    4 
5 1 0 3 1 4 4 1  532    4 
5 1 1 0 0 1 1 1  410    4 
5 1 0 0 2 1 1 1  485    4 
5 1 1 1 1 2 2 1  669    4 
5 1 0 2 0 3 3 1  557    4 
5 1 0 2 0 3 3 1  521    5 
5 1 1 2 2 3 3 1  439    4 
5 1 0 1 3 2 2 1  585    4 
5 1 1 3 3 4 4 1  541    5 
5 1 0 2 0 3 3 1  490    5 
5 1 0 1 3 2 2 1  642    4 
5 1 1 2 2 3 3 1  571    4 
5 1 1 2 2 3 3 1  502    4 
5 1 0 3 1 4 4 1  613    4 
5 1 1 1 1 2 2 1  600    4 
5 1 1 2 2 3 3 1  483    4 
5 1 1 3 3 4 4 1  587    4 
5 1 1 1 1 2 2 1  542    4 
5 1 0 0 2 1 3 0  564    4 
5 1 1 1 1 2 2 1  709    4 
5 1 1 3 3 4 4 1  572    4 
5 1 1 3 3 4 4 1  495    5 
5 1 0 2 0 3 3 1  559    4 
5 1 1 0 0 1 1 1  419    4 
5 1 0 0 2 1 1 1  478    4 
5 1 0 2 0 3 3 1  494    4 
5 1 1 2 2 3 3 1  461    5 
5 1 1 2 2 3 3 1  478    4 
5 1 0 3 1 4 4 1  583    4 
5 1 0 3 1 4 4 1  474    4 
5 1 1 2 2 3 3 1  531    4 
5 1 1 3 3 4 4 1  569    5 
5 1 1 3 3 4 4 1  525    4 
5 1 0 2 0 3 3 1  715    4 
5 1 1 3 3 4 4 1  561    4 
5 1 1 1 1 2 2 1  558    4 
5 1 1 0 0 1 1 1  443    4 
5 1 0 0 2 1 1 1  516    4 
5 1 1 0 0 1 1 1  427    5 
5 1 0 2 0 3 3 1  469    4 
5 1 1 0 0 1 1 1  525    5 
5 1 1 3 3 4 4 1  468    5 
5 1 0 2 0 3 3 1  588    5 
5 1 0 1 3 2 2 1  672    5 
5 1 0 1 3 2 2 1  551    4 
5 1 1 2 2 3 3 1  541    4 
5 1 0 1 3 2 2 1  642    4 
5 1 0 2 0 3 3 1  595    4 
5 1 1 0 0 1 1 1  422    5 
5 1 0 1 3 2 2 1  632    4 
5 1 0 0 2 1 1 1  618    5 
5 1 0 2 0 3 3 1  548    4 
5 1 1 3 3 4 4 1  674    4 
5 1 0 3 1 4 4 1  545    5 
5 1 0 1 3 2 2 1  567    4 
5 1 0 1 3 2 2 1  547    4 
5 1 0 1 3 2 2 1  521    5 
5 1 0 2 0 3 3 1  663    4 
5 1 1 1 1 2 2 1  607    4 
5 1 1 2 2 3 3 1  529    5 
5 1 0 3 1 4 4 1  647    5 
5 1 0 1 3 2 2 1  608    4 
5 1 1 0 0 1 1 1  563    4 
5 1 1 1 1 2 2 1  663    5 
5 1 1 1 1 2 2 1  544    4 
5 1 0 1 3 2 2 1  661    5 
5 1 1 1 1 2 2 1  501    5 
5 1 1 1 1 2 2 1  477    4 
5 1 0 2 0 3 3 1  645    4 
5 1 1 1 1 2 2 1  638    5 
5 1 0 3 1 4 4 1  543    5 
5 1 0 3 1 4 4 1  492    4 
5 1 1 0 0 1 1 1  564    4 
5 1 1 0 0 1 1 1  464    5 
5 1 1 1 1 2 2 1  961    5 
5 1 1 1 1 2 2 1  477    4 
5 1 0 3 1 4 4 1  517    4 
5 1 1 2 2 3 3 1  484    4 
5 1 1 1 1 2 2 1  604    5 
5 1 1 0 0 1 1 1  462    4 
5 1 1 2 2 3 3 1  695    5 
5 1 1 1 1 2 2 1  550    4 
5 1 0 3 1 4 4 1  499    4 
5 1 0 1 3 2 2 1  571    4 
5 1 0 3 1 4 4 1  527    4 
5 1 1 3 3 4 4 1  413    5 
5 1 1 1 1 2 2 1  544    4 
5 1 1 3 3 4 4 1  525    4 
5 1 1 3 3 4 4 1  435    4 
5 1 0 1 3 2 2 1  565    5 
5 1 0 2 0 3 3 1  585    5 
5 1 0 3 1 4 4 1  669    5 
5 1 1 3 3 4 4 1  461    4 
5 1 0 1 3 2 2 1  606    4 
5 1 1 1 1 2 2 1  472    4 
5 1 0 0 2 1 1 1  536    4 
5 1 0 0 2 1 1 1  502    4 
5 1 0 3 1 4 4 1  597    4 
5 1 0 0 2 1 1 1  592    4 
5 1 0 3 1 4 4 1  547    4 
5 1 0 0 2 1 1 1  593    4 
5 1 1 0 0 1 1 1  460    4 
5 1 0 2 0 3 3 1  493    4 
5 1 1 1 1 2 2 1  604    4 
5 1 1 2 2 3 3 1  519    4 
5 1 0 3 1 4 2 0  645    5 
5 1 0 3 1 4 4 1  563    4 
5 1 0 3 1 4 4 1  504    5 
5 1 0 0 2 1 1 1  798    4 
5 1 1 0 0 1 1 1  657    4 
5 1 1 2 2 3 3 1  481    4 
5 1 1 1 1 2 2 1  577    4 
5 1 0 2 0 3 3 1  637    4 
5 1 0 0 2 1 1 1  590    5 
5 1 0 2 0 3 3 1  585    5 
5 1 1 1 1 2 2 1  589    4 
5 1 1 3 3 4 4 1  697    4 
5 1 1 0 0 1 1 1  503    5 
5 1 0 2 0 3 3 1  614    5 
5 1 0 1 3 2 2 1  569    4 
5 1 0 0 2 1 1 1  629    4 
5 1 0 0 2 1 1 1  527    4 
5 1 0 3 1 4 4 1  581    4 
5 1 1 0 0 1 1 1  801    5 
5 1 1 3 3 4 4 1  627    4 
5 1 1 0 0 1 1 1  541    4 
5 1 1 3 3 4 4 1  570    5 
5 1 0 3 1 4 4 1  638    4 
5 1 1 3 3 4 4 1  487    5 
5 1 1 2 2 3 3 1  511    5 
5 1 0 3 1 4 4 1  574    5 
5 1 1 3 3 4 4 1  457    4 
5 1 1 3 3 4 4 1  474    4 
5 1 1 1 1 2 2 1  587    4 
5 1 1 1 1 2 2 1  462    4 
5 1 0 0 2 1 1 1  695    5 
5 1 1 3 3 4 4 1  597    4 
5 1 1 2 2 3 3 1  537    5 
5 1 0 0 2 1 1 1  606    5 
5 1 0 3 1 4 4 1  600    4 
5 1 1 2 2 3 3 1  556    4 
5 1 0 2 0 3 3 1  592    4 
5 1 0 1 3 2 2 1  691    4 
5 1 0 1 3 2 2 1  658    5 
5 1 1 3 3 4 4 1  554    5 
5 1 1 2 2 3 3 1  527    4 
5 1 0 2 0 3 3 1  573    5 
5 1 1 2 2 3 3 1  449    4 
5 1 1 0 0 1 1 1  547    5 
5 1 1 0 0 1 1 1  432    4 
5 1 1 0 0 1 1 1 1922    4 
5 1 0 0 1 1 1 1  565    5 
5 1 1 2 2 3 3 1  473    4 
5 1 0 3 0 4 4 1 1074    4 
5 1 1 0 0 1 1 1  528    4 
5 1 1 0 0 1 1 1  382    4 
5 1 0 2 3 3 3 1  763    4 
5 1 1 2 2 3 3 1  431    4 
5 1 1 3 3 4 4 1  553    4 
5 1 1 3 3 4 4 1  389    4 
5 1 1 1 1 2 2 1  513    5 
5 1 0 2 3 3 3 1  672    4 
5 1 0 1 2 2 2 1  552    4 
5 1 0 0 1 1 1 1  493    5 
5 1 1 0 0 1 1 1  388    5 
5 1 0 2 3 3 3 1 1016    4 
5 1 1 3 3 4 4 1  537    4 
5 1 0 3 0 4 4 1  503    4 
5 1 0 3 0 4 4 1  397    4 
5 1 1 3 3 4 4 1  425    4 
5 1 0 0 1 1 1 1  516    4 
5 1 0 3 0 4 4 1  890    4 
5 1 0 1 2 2 2 1  649    5 
5 1 0 1 2 2 2 1  514    5 
5 1 1 2 2 3 3 1  648    4 
5 1 1 2 2 3 3 1  393    4 
5 1 1 0 0 1 1 1  461    4 
5 1 0 0 1 1 1 1  502    4 
5 1 0 2 3 3 3 1  597    4 
5 1 1 0 0 1 1 1  449    4 
5 1 1 0 0 1 1 1  410    5 
5 1 1 3 3 4 4 1  821    5 
5 1 0 3 0 4 4 1  614    4 
5 1 0 0 1 1 1 1  585    5 
5 1 0 0 1 1 1 1  389    4 
5 1 1 3 3 4 4 1  521    4 
5 1 0 3 0 4 4 1  415    5 
5 1 1 1 1 2 2 1  674    5 
5 1 0 3 0 4 4 1  545    5 
5 1 0 2 3 3 3 1  566    5 
5 1 0 3 0 4 4 1  475    4 
5 1 0 0 1 1 1 1  475    4 
5 1 1 3 3 4 4 1  515    4 
5 1 1 3 3 4 4 1  418    4 
5 1 0 1 2 2 2 1  645    4 
5 1 1 0 0 1 1 1  534    5 
5 1 1 1 1 2 1 0  460    5 
5 1 0 3 0 4 4 1  626    5 
5 1 0 3 0 4 4 1  644    4 
5 1 1 1 1 2 2 1  541    4 
5 1 1 1 1 2 2 1  458    4 
5 1 1 1 1 2 2 1  443    4 
5 1 0 0 1 1 1 1  573    5 
5 1 0 1 2 2 2 1  809    4 
5 1 1 1 1 2 2 1  419    5 
5 1 0 1 2 2 2 1  517    4 
5 1 1 0 0 1 1 1  620    4 
5 1 0 2 3 3 3 1  606    4 
5 1 1 2 2 3 3 1  448    5 
5 1 0 2 3 3 3 1  386    4 
5 1 0 0 1 1 1 1  453    5 
5 1 0 1 2 2 2 1  678    4 
5 1 1 2 2 3 3 1  542    4 
5 1 1 3 3 4 4 1  467    4 
5 1 1 1 1 2 2 1  580    4 
5 1 1 0 0 1 1 1  456    4 
5 1 0 3 0 4 4 1  793    4 
5 1 0 0 1 1 1 1  627    4 
5 1 0 1 2 2 2 1  621    5 
5 1 1 2 2 3 3 1  487    4 
5 1 1 0 0 1 1 1  454    5 
5 1 1 2 2 3 3 1  943    4 
5 1 0 1 2 2 2 1  579    5 
5 1 1 3 3 4 4 1  623    5 
5 1 0 2 3 3 3 1  585    4 
5 1 1 3 3 4 4 1  461    4 
5 1 1 3 3 4 4 1  422    5 
5 1 0 1 2 2 2 1  616    4 
5 1 1 2 2 3 3 1  579    4 
5 1 0 0 1 1 1 1  526    4 
5 1 1 0 0 1 1 1  436    4 
5 1 1 2 2 3 3 1  526    5 
5 1 0 1 2 2 2 1  524    5 
5 1 1 0 0 1 1 1  554    5 
5 1 0 0 1 1 1 1  567    4 
5 1 0 1 2 2 2 1  571    4 
5 1 0 3 0 4 4 1  551    4 
5 1 1 0 0 1 1 1  541    4 
5 1 0 0 1 1 1 1  538    4 
5 1 1 3 3 4 4 1  503    4 
5 1 1 3 3 4 4 1  454    5 
5 1 0 1 2 2 2 1  647    5 
5 1 0 1 2 2 2 1  488    5 
5 1 0 0 1 1 1 1  511    4 
5 1 0 2 3 3 3 1  526    5 
5 1 0 2 3 3 3 1  476    5 
5 1 1 2 2 3 3 1  388    4 
5 1 0 3 0 4 4 1  832    5 
5 1 1 0 0 1 1 1  457    5 
5 1 1 0 0 1 1 1  474    4 
5 1 1 1 1 2 2 1  586    4 
5 1 1 1 1 2 2 1  445    4 
5 1 0 2 3 3 3 1  647    4 
5 1 0 2 3 3 3 1  448    4 
5 1 0 1 2 2 2 1 1250    5 
5 1 1 2 2 3 3 1  409    5 
5 1 0 1 2 2 2 1  532    4 
5 1 0 2 3 3 3 1  602    4 
5 1 0 3 0 4 4 1  549    4 
5 1 1 3 3 4 4 1  402    5 
5 1 1 1 1 2 2 1  717    4 
5 1 0 0 1 1 1 1  580    4 
5 1 0 2 3 3 3 1  663    4 
5 1 0 0 1 1 1 1  552    4 
5 1 0 3 0 4 4 1  693    4 
5 1 0 1 2 2 2 1  668    5 
5 1 0 0 1 1 1 1  524    6 
5 1 1 1 1 2 2 1  674    4 
5 1 0 0 1 1 1 1  570    4 
5 1 1 0 0 1 1 1  470    4 
5 1 1 1 1 2 2 1  574    4 
5 1 1 0 0 1 1 1  530    4 
5 1 1 1 1 2 2 1  552    5 
5 1 0 2 3 3 3 1  597    4 
5 1 0 0 1 1 1 1  520    4 
5 1 1 1 1 2 2 1  542    5 
5 1 1 3 3 4 4 1  668    4 
5 1 0 1 2 2 2 1  612    4 
5 1 1 1 1 2 2 1  550    4 
5 1 1 0 0 1 1 1  460    5 
5 1 1 2 2 3 3 1  485    5 
5 1 0 3 0 4 1 0  389    5 
5 1 0 3 0 4 4 1  510    5 
5 1 1 2 2 3 3 1  485    4 
5 1 0 3 0 4 4 1  621    4 
5 1 1 3 3 4 4 1  463    4 
5 1 0 1 2 2 2 1  727    4 
5 1 0 2 3 3 3 1  525    4 
5 1 1 1 1 2 2 1  515    4 
5 1 0 3 0 4 4 1  578    4 
5 1 0 2 3 3 3 1  534    4 
5 1 0 2 3 3 3 1  548    4 
5 1 0 2 3 3 3 1  417    5 
5 1 1 3 3 4 4 1  540    5 
5 1 1 2 2 3 3 1  465    4 
5 1 1 3 3 4 4 1  474    5 
5 1 0 3 0 4 4 1  554    5 
5 1 0 1 2 2 2 1  615    5 
5 1 0 3 0 4 4 1 1153    4 
5 1 0 3 0 4 4 1  349    4 
5 1 1 0 0 1 1 1  459    4 
5 1 1 1 1 2 2 1  532    4 
5 1 0 2 3 3 3 1  890    5 
5 1 1 2 2 3 3 1  392    4 
5 1 0 2 3 3 3 1  404    4 
5 1 0 1 2 2 2 1  567    5 
5 1 0 0 1 1 1 1  539    5 
5 1 1 3 3 4 4 1  465    4 
5 1 1 3 3 4 4 1  418    4 
5 1 1 1 1 2 2 1  509    4 
5 1 0 1 2 2 2 1  475    5 
5 1 1 2 2 3 3 1  524    4 
5 1 1 2 2 3 3 1  402    4 
5 1 0 1 2 2 2 1  533    4 
5 1 0 1 2 2 2 1  467    4 
5 1 0 0 1 1 1 1  524    4 
5 1 1 0 0 1 1 1  490    4 
5 1 1 1 1 2 2 1  498    5 
5 1 0 2 3 3 3 1  585    4 
5 1 0 2 3 3 3 1  381    4 
5 1 1 0 0 1 1 1  418    4 
5 1 1 2 2 3 3 1  429    5 
5 1 1 3 3 4 4 1  615    5 
5 1 0 0 1 1 1 1  465    4 
5 1 1 3 3 4 4 1  546    4 
5 1 1 3 3 4 4 1  440    5 
5 1 1 2 2 3 3 1  513    5 
5 1 1 2 2 3 3 1  496    4 
5 1 1 0 0 1 1 1  352    4 
5 1 1 3 3 4 4 1  365    5 
5 1 0 1 2 2 2 1  530    5 
5 1 0 2 3 3 3 1  704    4 
5 1 1 0 0 1 1 1  446    4 
5 1 1 3 3 4 4 1  696    4 
5 1 1 1 1 2 2 1  671    4 
5 1 1 1 1 2 2 1  438    5 
5 1 1 1 1 2 2 1  424    5 
5 1 1 0 0 1 1 1  514    5 
5 1 1 2 2 3 3 1  513    4 
5 1 0 2 3 3 3 1  432    4 
5 1 0 2 3 3 3 1  498    5 
5 1 0 0 1 1 1 1  473    4 
