2 1 0 3 2 4 4 1 2890    4 
2 1 1 1 1 2 2 1  715    5 
2 1 0 2 1 3 3 1  761    5 
2 1 1 1 1 2 2 1  781    4 
2 1 1 3 3 4 4 1  601    4 
2 1 0 2 1 3 3 1  692    4 
2 1 0 1 0 2 2 1  835    4 
2 1 0 0 3 1 1 1  716    5 
2 1 1 2 2 3 3 1  842    4 
2 1 0 3 2 4 2 0  690    4 
2 1 1 2 2 3 3 1  510    4 
2 1 1 1 1 2 2 1  661    4 
2 1 0 0 3 1 1 1  541    4 
2 1 1 2 2 3 3 1  547    5 
2 1 0 0 3 1 1 1  760    4 
2 1 0 1 0 2 1 0  492    4 
2 1 1 1 1 2 2 1  633    4 
2 1 0 2 1 3 3 1  546    5 
2 1 0 0 3 1 1 1  736    5 
2 1 1 1 1 2 2 1 1141    4 
2 1 0 3 2 4 4 1  585    5 
2 1 1 2 2 3 3 1  613    5 
2 1 0 3 2 4 4 1  527    4 
2 1 0 0 3 1 1 1  533    4 
2 1 1 2 2 3 3 1  579    5 
2 1 1 1 1 2 2 1  567    4 
2 1 0 1 0 2 2 1  780    4 
2 1 0 2 1 3 3 1  535    4 
2 1 0 1 0 2 2 1  677    4 
2 1 1 3 3 4 4 1  525    5 
2 1 1 3 3 4 4 1  379    5 
2 1 0 1 0 2 1 0  727    4 
2 1 0 0 3 1 1 1  834    5 
2 1 0 0 3 1 1 1  659    5 
2 1 1 2 2 3 3 1  579    4 
2 1 0 1 0 2 1 0 1015    4 
2 1 0 3 2 4 4 1  549    4 
2 1 1 2 2 3 3 1  555    5 
2 1 1 2 2 3 3 1  415    4 
2 1 0 2 1 3 3 1  530    4 
2 1 1 3 3 4 4 1  552    4 
2 1 1 2 2 3 3 1  469    5 
2 1 0 0 3 1 1 1  565    5 
2 1 1 3 3 4 4 1  530    4 
2 1 0 0 3 1 1 1  544    5 
2 1 1 3 3 4 4 1  541    5 
2 1 1 1 1 2 2 1  707    5 
2 1 0 2 1 3 3 1  649    4 
2 1 0 0 3 1 1 1  642    5 
2 1 1 0 0 1 1 1  459    4 
2 1 0 1 0 2 1 0  380    5 
2 1 1 3 3 4 4 1  501    4 
2 1 1 2 2 3 3 1  517    5 
2 1 0 1 0 2 2 1  692    4 
2 1 0 2 1 3 3 1  578    4 
2 1 1 2 2 3 3 1  478    4 
2 1 1 1 1 2 2 1  734    4 
2 1 1 3 3 4 4 1  548    4 
2 1 0 0 3 1 3 0  521    4 
2 1 0 1 0 2 2 1  676    4 
2 1 1 3 3 4 4 1  588    4 
2 1 1 3 3 4 4 1  399    4 
2 1 1 1 1 2 1 0  691    5 
2 1 0 1 0 2 2 1  767    4 
2 1 1 1 1 2 2 1  859    5 
2 1 1 0 0 1 1 1  571    5 
2 1 1 2 2 3 3 1  599    5 
2 1 1 3 3 4 4 1  474    4 
2 1 1 2 2 3 3 1  370    4 
2 1 1 0 0 1 1 1  623    5 
2 1 0 3 2 4 4 1  648    5 
2 1 1 3 3 4 4 1  481    4 
2 1 0 1 0 2 2 1  705    5 
2 1 1 1 1 2 2 1  384    4 
2 1 0 0 3 1 3 0  660    4 
2 1 0 2 1 3 3 1  802    4 
2 1 0 0 3 1 1 1  628    4 
2 1 1 3 3 4 2 0 1414    4 
2 1 0 3 2 4 4 1  443    4 
2 1 0 0 3 1 1 1  581    5 
2 1 1 2 2 3 3 1  513    4 
2 1 0 0 3 1 1 1  767    4 
2 1 0 1 0 2 1 0  395    4 
2 1 0 3 2 4 4 1 1004    5 
2 1 0 0 3 1 1 1 1046    5 
2 1 0 0 3 1 1 1  469    4 
2 1 0 2 1 3 3 1  542    4 
2 1 0 0 3 1 1 1  699    4 
2 1 1 0 0 1 3 0  626    4 
2 1 0 1 0 2 2 1  761    4 
2 1 0 3 2 4 4 1  613    5 
2 1 1 2 2 3 3 1  591    4 
2 1 0 0 3 1 1 1  858    4 
2 1 0 3 2 4 4 1  522    4 
2 1 1 0 0 1 1 1 1224    4 
2 1 0 2 1 3 3 1  600    4 
2 1 1 0 0 1 1 1  499    4 
2 1 0 2 1 3 3 1  587    5 
2 1 1 1 1 2 2 1  638    4 
2 1 1 1 1 2 2 1  687    4 
2 1 0 3 2 4 4 1  574    4 
2 1 1 3 3 4 4 1  418    4 
2 1 0 3 2 4 4 1  437    5 
2 1 1 2 2 3 3 1  550    5 
2 1 1 1 1 2 2 1 1100    4 
2 1 0 0 3 1 4 0  481    4 
2 1 1 0 0 1 1 1  375    4 
2 1 1 1 1 2 2 1  555    4 
2 1 1 2 2 3 3 1  544    5 
2 1 0 1 0 2 2 1  789    5 
2 1 1 0 0 1 1 1  696    4 
2 1 0 3 2 4 4 1  638    4 
2 1 0 3 2 4 4 1  479    5 
2 1 1 3 3 4 4 1  488    4 
2 1 1 3 3 4 4 1  351    5 
2 1 1 2 2 3 3 1  981    4 
2 1 1 3 3 4 4 1  456    4 
2 1 0 0 3 1 4 0  433    4 
2 1 1 3 3 4 4 1  528    5 
2 1 0 1 0 2 2 1  894    4 
2 1 1 1 1 2 2 1  580    4 
2 1 1 3 3 4 4 1  576    5 
2 1 1 3 3 4 4 1  452    4 
2 1 0 2 1 3 3 1  637    5 
2 1 0 0 3 1 2 0 1214    4 
2 1 1 2 2 3 3 1  676    5 
2 1 0 0 3 1 1 1  596    5 
2 1 0 0 3 1 1 1  439    4 
2 1 1 3 3 4 4 1  600    5 
2 1 0 1 0 2 2 1  796    5 
2 1 1 0 0 1 1 1  654    6 
2 1 1 1 1 2 2 1 1222    4 
2 1 0 1 0 2 2 1  686    4 
2 1 0 0 3 1 1 1  533    4 
2 1 1 0 0 1 1 1  539    5 
2 1 0 1 0 2 2 1  665    5 
2 1 0 3 2 4 4 1  617    5 
2 1 1 3 3 4 4 1  539    5 
2 1 0 2 1 3 3 1  601    4 
2 1 0 1 0 2 2 1 1156    4 
2 1 1 3 3 4 4 1  559    4 
2 1 0 1 0 2 2 1  723    4 
2 1 1 0 0 1 1 1  625    4 
2 1 1 2 2 3 3 1  802    4 
2 1 0 1 0 2 2 1  725    4 
2 1 0 2 1 3 3 1  690    4 
2 1 0 2 1 3 3 1  457    4 
2 1 0 2 1 3 3 1  426    5 
2 1 0 0 3 1 1 1  716    4 
2 1 1 0 0 1 1 1  427    4 
2 1 0 1 0 2 2 1  725    4 
2 1 0 2 1 3 3 1  698    5 
2 1 0 2 1 3 3 1  337    4 
2 1 0 3 2 4 4 1  543    5 
2 1 1 0 0 1 1 1  388    5 
2 1 1 2 2 3 3 1  520    4 
2 1 0 3 2 4 3 0  374    4 
2 1 0 3 2 4 4 1  664    4 
2 1 0 1 0 2 2 1  720    5 
2 1 0 0 3 1 3 0  606    4 
2 1 1 1 1 2 2 1  653    4 
2 1 1 2 2 3 3 1  998    4 
2 1 1 0 0 1 1 1  544    4 
2 1 0 2 1 3 3 1 1109    5 
2 1 1 2 2 3 3 1  338    5 
2 1 1 2 2 3 3 1  376    4 
2 1 1 2 2 3 3 1  420    4 
2 1 1 0 0 1 1 1  695    5 
2 1 0 3 2 4 4 1  686    5 
2 1 1 0 0 1 1 1  565    4 
2 1 0 3 2 4 4 1  618    4 
2 1 0 0 3 1 3 0  644    4 
2 1 1 1 1 2 2 1  578    4 
2 1 0 0 3 1 1 1  574    4 
2 1 0 2 1 3 3 1  610    5 
2 1 1 2 2 3 3 1  533    4 
2 1 1 2 2 3 3 1  459    4 
2 1 1 3 3 4 4 1  563    5 
2 1 1 0 0 1 1 1  568    4 
2 1 0 0 3 1 1 1  485    5 
2 1 1 3 3 4 2 0  717    4 
2 1 0 1 0 2 2 1  704    4 
2 1 0 3 2 4 4 1  678    4 
2 1 1 1 1 2 2 1  950    5 
2 1 1 1 1 2 2 1  490    4 
2 1 1 1 1 2 2 1  506    4 
2 1 0 0 3 1 1 1  640    4 
2 1 1 3 3 4 4 1  489    5 
2 1 1 1 1 2 2 1  537    4 
2 1 1 1 1 2 2 1  422    5 
2 1 1 3 3 4 4 1  456    5 
2 1 1 2 2 3 3 1  513    5 
2 1 0 2 1 3 3 1 1733    5 
2 1 0 2 1 3 3 1  591    4 
2 1 0 1 0 2 2 1  843    5 
2 1 0 0 3 1 1 1  643    4 
2 1 0 3 2 4 4 1  620    5 
2 1 1 3 3 4 4 1  454    5 
2 1 0 3 2 4 4 1  399    5 
2 1 0 0 3 1 1 1  546    4 
2 1 1 0 0 1 1 1  488    5 
2 1 1 1 1 2 2 1  535    5 
2 1 1 2 2 3 3 1  565    4 
2 1 1 2 2 3 3 1  410    5 
2 1 0 1 0 2 1 0  421    5 
2 1 0 0 3 1 2 0  476    5 
2 1 0 0 3 1 1 1  810    4 
2 1 0 0 3 1 1 1  540    5 
2 1 0 3 2 4 4 1  561    5 
2 1 0 0 3 1 1 1  766    4 
2 1 0 0 3 1 1 1  394    4 
2 1 0 3 2 4 4 1  597    5 
2 1 0 0 3 1 1 1  665    4 
2 1 0 1 0 2 2 1  929    4 
2 1 0 1 0 2 2 1  494    4 
2 1 1 2 2 3 3 1  629    4 
2 1 0 2 1 3 3 1  639    5 
2 1 0 1 0 2 2 1  768    5 
2 1 0 3 2 4 4 1  548    4 
2 1 1 1 1 2 2 1  593    4 
2 1 1 0 0 1 1 1  612    5 
2 1 0 1 0 2 2 1  639    4 
2 1 0 1 0 2 2 1  472    5 
2 1 1 3 3 4 4 1  680    5 
2 1 0 2 1 3 2 0  584    4 
2 1 0 2 1 3 3 1  593   23 
2 1 1 0 0 1 1 1  652    5 
2 1 1 0 0 1 1 1  509    5 
2 1 1 2 2 3 3 1  572    4 
2 1 1 2 2 3 3 1  424    4 
2 1 1 3 3 4 4 1  746    5 
2 1 0 3 2 4 4 1  583    4 
2 1 0 3 2 4 4 1  426    5 
2 1 0 1 0 2 2 1  781    5 
2 1 1 2 2 3 4 0  504    4 
2 1 0 3 2 4 4 1  668    4 
2 1 1 1 1 2 2 1  644    4 
2 1 1 2 2 3 3 1  765    5 
2 1 0 3 2 4 4 1  577    4 
2 1 0 1 0 2 2 1  549    5 
2 1 0 0 3 1 1 1  635    5 
2 1 1 1 1 2 2 1  564    5 
2 1 0 1 0 2 2 1  417    4 
2 1 0 0 3 1 1 1  516    5 
2 1 0 2 1 3 3 1  643    5 
2 1 0 2 1 3 3 1  516    4 
2 1 1 1 1 2 2 1  666    5 
2 1 1 2 2 3 3 1  531    4 
2 1 1 0 0 1 1 1  393    5 
2 1 0 1 0 2 2 1  669    4 
2 1 0 0 3 1 1 1  517    5 
2 1 1 3 3 4 4 1  588    4 
2 1 1 1 1 2 2 1  615    4 
2 1 1 2 2 3 3 1  465    4 
2 1 1 1 1 2 2 1  554    4 
2 1 1 0 0 1 1 1  487    4 
2 1 0 2 1 3 3 1  582    5 
2 1 1 1 1 2 2 1  602    5 
2 1 0 0 3 1 1 1  621    5 
2 1 1 0 0 1 2 0  599    5 
2 1 1 3 3 4 4 1  495    5 
2 1 1 1 1 2 2 1  567    4 
2 1 1 3 3 4 4 1  475    5 
2 1 1 2 2 3 3 1  484    4 
2 1 0 3 2 4 4 1  748    4 
2 1 1 1 1 2 2 1  561    4 
2 1 0 0 3 1 2 0  461    4 
2 1 1 2 2 3 3 1  715    4 
2 1 1 0 0 1 1 1  433    4 
2 1 1 2 2 3 3 1  572    5 
2 1 0 2 1 3 3 1  648    4 
2 1 0 3 2 4 4 1  929    4 
2 1 1 1 1 2 2 1  629    4 
2 1 0 2 1 3 3 1  591    5 
2 1 1 0 0 1 1 1  450    5 
2 1 0 3 2 4 4 1  612    4 
2 1 0 3 2 4 4 1  518    4 
2 1 1 1 1 2 2 1  565    4 
2 1 1 2 2 3 3 1  578    5 
2 1 1 2 2 3 3 1  422    4 
2 1 1 0 0 1 1 1  584    5 
2 1 0 2 1 3 3 1  948    4 
2 1 0 2 1 3 3 1  408    5 
2 1 0 3 2 4 4 1  547    5 
2 1 1 1 1 2 3 0  992    4 
2 1 1 2 2 3 3 1  496    4 
2 1 1 2 2 3 3 1  407    4 
2 1 1 3 3 4 4 1 1978    4 
2 1 0 2 1 3 3 1  778    4 
2 1 1 3 3 4 4 1  437    4 
2 1 0 0 3 1 1 1  567    4 
2 1 0 2 1 3 3 1  539    5 
2 1 1 2 2 3 3 1  752    5 
2 1 0 2 1 3 3 1  533    4 
2 1 0 0 3 1 4 0  459    4 
2 1 1 1 1 2 2 1  665    5 
2 1 0 0 3 1 1 1  546    4 
2 1 0 1 0 2 2 1  767    4 
2 1 1 1 1 2 2 1  587    5 
2 1 1 2 2 3 3 1  590    5 
2 1 1 1 1 2 2 1  609    4 
2 1 1 3 3 4 4 1  588    5 
2 1 0 3 2 4 4 1  471    5 
2 1 1 0 0 1 1 1  999    5 
2 1 1 3 3 4 4 1  465    5 
2 1 0 0 3 1 1 1  482    4 
2 1 0 3 2 4 4 1  554    4 
2 1 1 1 1 2 2 1  567    5 
2 1 0 1 0 2 2 1  555    5 
2 1 1 3 3 4 4 1  576    4 
2 1 0 2 1 3 3 1  788    4 
2 1 1 1 1 2 4 0  622    5 
2 1 1 0 0 1 1 1  621    5 
2 1 0 0 3 1 1 1  655    4 
2 1 1 1 1 2 2 1  559    5 
2 1 1 0 0 1 1 1  652    5 
2 1 0 3 2 4 4 1  581    4 
2 1 0 1 0 2 2 1  745    5 
2 1 0 3 2 4 4 1  566    4 
2 1 0 2 1 3 3 1  586    5 
2 1 1 0 0 1 1 1  581    4 
2 1 0 1 0 2 2 1  681    4 
2 1 0 2 1 3 3 1  513    5 
2 1 0 3 2 4 4 1  536    5 
2 1 0 3 2 4 4 1  397    5 
2 1 0 1 0 2 1 0  577    4 
2 1 0 1 0 2 2 1  522    4 
2 1 0 3 2 4 4 1  912    5 
2 1 0 2 1 3 3 1  637    4 
2 1 1 0 0 1 1 1  502    4 
2 1 0 1 0 2 2 1  597    5 
2 1 1 3 3 4 4 1  480    5 
2 1 1 0 0 1 1 1  520    4 
2 1 1 0 0 1 1 1  446    4 
2 1 1 3 3 4 4 1  576    5 
2 1 1 3 3 4 4 1  436    4 
2 1 0 3 2 4 4 1  494    4 
2 1 0 0 3 1 1 1  541    5 
2 1 0 3 2 4 4 1  514    5 
2 1 0 2 1 3 3 1  545    4 
2 1 1 1 1 2 1 0  654    5 
2 1 1 2 2 3 3 1  884    5 
2 1 1 1 1 2 2 1  547    5 
2 1 1 0 0 1 1 1  504    4 
2 1 1 3 3 4 4 1  359    4 
2 1 0 3 2 4 4 1  732    4 
2 1 1 3 3 4 4 1  466    4 
2 1 1 1 1 2 2 1 1019    4 
2 1 0 3 2 4 4 1  508    4 
2 1 1 1 1 2 4 0  467    5 
2 1 1 0 0 1 1 1  641    4 
2 1 1 2 2 3 3 1  650    5 
2 1 1 2 2 3 3 1  451    5 
2 1 1 0 0 1 1 1  500    4 
2 1 0 3 2 4 4 1  612    4 
2 1 0 3 2 4 4 1  510    4 
2 1 0 2 1 3 3 1  765    4 
2 1 0 0 3 1 1 1  593    5 
2 1 1 2 2 3 3 1  492    5 
2 1 1 1 1 2 2 1  604    5 
2 1 0 0 3 1 1 1  878   33 
2 1 1 1 1 2 2 1  669    4 
2 1 1 2 2 3 3 1  517    4 
2 1 1 1 1 2 2 1  652   81 
2 1 0 1 0 2 2 1  629    4 
2 1 0 2 1 3 3 1  679    5 
2 1 1 3 3 4 4 1  558    4 
2 1 1 2 2 3 3 1  491    5 
2 1 1 0 0 1 1 1  603    5 
2 1 0 3 2 4 2 0  597    5 
2 1 0 1 0 2 2 1  493    4 
2 1 1 0 0 1 1 1  549    4 
2 1 1 0 0 1 1 1  426    4 
2 1 1 0 0 1 1 1  380    4 
2 1 0 0 3 1 1 1  553    4 
2 1 1 1 1 2 2 1  598    5 
2 1 1 0 0 1 1 1  569    4 
2 1 1 2 2 3 3 1  661    4 
2 1 0 3 2 4 4 1  566    4 
2 1 0 0 3 1 1 1  618    4 
2 1 0 3 2 4 4 1  637    5 
2 1 1 3 3 4 4 1  398    4 
2 1 1 2 2 3 3 1  433    4 
2 1 0 1 0 2 2 1  564    4 
