4 1 0 3 0 4 4 1  907    4 
4 1 0 2 3 3 3 1  792    4 
4 1 0 1 2 2 2 1  659    4 
4 1 1 3 3 4 4 1  675    5 
4 1 1 0 0 1 1 1  715    5 
4 1 0 0 1 1 1 1  473    5 
4 1 1 3 3 4 4 1  529    5 
4 1 0 2 3 3 3 1  695    4 
4 1 0 2 3 3 3 1  374    4 
4 1 1 1 1 2 2 1  618    4 
4 1 1 2 2 3 3 1  453    4 
4 1 0 0 1 1 1 1  686    4 
4 1 0 1 2 2 3 0  693    4 
4 1 1 1 1 2 2 1  809    4 
4 1 0 3 0 4 4 1  683    5 
4 1 1 2 2 3 3 1  459    4 
4 1 1 2 2 3 3 1  332    4 
4 1 1 1 1 2 2 1  762    5 
4 1 0 1 2 2 2 1  486    4 
4 1 1 0 0 1 1 1  678    4 
4 1 0 0 1 1 1 1  461    4 
4 1 1 2 2 3 3 1  502    4 
4 1 1 1 1 2 2 1  637    4 
4 1 0 2 3 3 3 1 1118    5 
4 1 0 2 3 3 3 1  499    4 
4 1 1 1 1 2 4 0  691    4 
4 1 1 2 2 3 3 1  631    4 
4 1 1 2 2 3 3 1  392    4 
4 1 1 2 2 3 3 1  460    5 
4 1 0 0 1 1 2 0  749    4 
4 1 1 0 0 1 1 1  415    5 
4 1 1 1 1 2 2 1  714    5 
4 1 1 2 2 3 3 1  888    4 
4 1 0 3 0 4 4 1  622    4 
4 1 0 2 3 3 3 1  488    4 
4 1 0 3 0 4 4 1  568    4 
4 1 0 0 1 1 1 1  580    5 
4 1 0 3 0 4 4 1  640    4 
4 1 0 2 3 3 3 1  609    4 
4 1 0 0 1 1 2 0  572    4 
4 1 0 1 2 2 2 1  661    4 
4 1 0 2 3 3 3 1  653    4 
4 1 1 0 0 1 1 1  637    5 
4 1 0 0 1 1 1 1  414    4 
4 1 0 2 3 3 3 1  617    4 
4 1 1 0 0 1 1 1  588    4 
4 1 1 3 3 4 2 0  583    4 
4 1 1 3 3 4 4 1  480    5 
4 1 0 1 2 2 1 0 1040    4 
4 1 1 0 0 1 1 1  429    4 
4 1 0 1 2 2 2 1  704    4 
4 1 1 3 3 4 4 1  678    4 
4 1 1 3 3 4 4 1  477    4 
4 1 1 1 1 2 2 1  854    4 
4 1 1 0 0 1 1 1  517    5 
4 1 1 2 2 3 3 1  484    5 
4 1 0 0 1 1 1 1  780    4 
4 1 0 3 0 4 2 0  503    5 
4 1 1 2 2 3 3 1  763    4 
4 1 0 1 2 2 2 1  847    4 
4 1 0 1 2 2 2 1  504    4 
4 1 0 0 1 1 1 1  735    4 
4 1 1 2 2 3 3 1  556    4 
4 1 1 1 1 2 2 1  697    5 
4 1 1 3 3 4 4 1  648    4 
4 1 0 3 0 4 4 1  481    5 
4 1 1 2 2 3 3 1  633    5 
4 1 0 2 3 3 3 1  458    5 
4 1 0 3 0 4 4 1  619    4 
4 1 0 0 1 1 1 1  637    4 
4 1 0 2 3 3 3 1  846    5 
4 1 1 2 2 3 3 1  438    5 
4 1 0 0 1 1 1 1  664    4 
4 1 0 0 1 1 1 1  376    4 
4 1 1 2 2 3 3 1  629    4 
4 1 0 1 2 2 2 1  703    4 
4 1 1 3 3 4 4 1  549    4 
4 1 0 1 2 2 3 0  610    5 
4 1 0 1 2 2 2 1  658    5 
4 1 1 1 1 2 2 1  530    5 
4 1 1 2 2 3 3 1  576    4 
4 1 0 0 1 1 1 1  676    4 
4 1 0 0 1 1 1 1  404    4 
4 1 1 1 1 2 2 1  815    4 
4 1 0 3 0 4 4 1  720    5 
4 1 0 1 2 2 2 1  878    4 
4 1 1 1 1 2 2 1  509    4 
4 1 1 1 1 2 2 1  476    4 
4 1 1 3 3 4 4 1  660    4 
4 1 0 1 2 2 2 1  692    5 
4 1 1 3 3 4 4 1  515    4 
4 1 0 0 1 1 1 1  666    4 
4 1 1 3 3 4 4 1  554    5 
4 1 1 1 1 2 2 1 1223    4 
4 1 0 0 1 1 1 1  463    5 
4 1 0 3 0 4 3 0  607    4 
4 1 0 3 0 4 4 1  431    5 
4 1 0 3 0 4 4 1  361    4 
4 1 1 3 3 4 4 1  591    4 
4 1 0 3 0 4 4 1  506    5 
4 1 1 1 1 2 1 0  697    4 
4 1 1 1 1 2 2 1  533    5 
4 1 0 3 0 4 4 1  723    4 
4 1 0 1 2 2 1 0  592    5 
4 1 1 1 1 2 2 1  449    5 
4 1 0 2 3 3 3 1  554    4 
4 1 0 3 0 4 4 1  607    4 
4 1 1 1 1 2 2 1 1049    4 
4 1 1 0 0 1 1 1  457    4 
4 1 0 1 2 2 1 0  458    5 
4 1 0 0 1 1 1 1  544    4 
4 1 0 3 0 4 4 1  565    4 
4 1 1 1 1 2 2 1  970    4 
4 1 0 0 1 1 1 1  525    5 
4 1 1 1 1 2 2 1  635    5 
4 1 0 2 3 3 3 1  773    4 
4 1 0 0 1 1 2 0  808    4 
4 1 0 1 2 2 2 1  791    4 
4 1 1 2 2 3 1 0  562    5 
4 1 0 3 0 4 4 1  556    4 
4 1 0 1 2 2 2 1  824    5 
4 1 0 0 1 1 1 1  818    4 
4 1 1 2 2 3 3 1  587    4 
4 1 0 3 0 4 4 1  519    4 
4 1 1 3 3 4 4 1  501    4 
4 1 0 0 1 1 1 1  717    4 
4 1 1 2 2 3 3 1 1883    5 
4 1 1 2 2 3 3 1  399    4 
4 1 1 1 1 2 2 1  675    4 
4 1 1 0 0 1 1 1  546    5 
4 1 1 0 0 1 1 1  496    4 
4 1 1 3 3 4 4 1  551    4 
4 1 0 0 1 1 1 1  636    5 
4 1 1 2 2 3 3 1  525    4 
4 1 0 3 0 4 4 1  539    4 
4 1 0 1 2 2 2 1  681    4 
4 1 1 0 0 1 1 1 1104    4 
4 1 1 0 0 1 1 1  373    4 
4 1 0 3 0 4 4 1  538    4 
4 1 1 2 2 3 3 1  751    4 
4 1 1 1 1 2 2 1  748    4 
4 1 1 3 3 4 4 1  864    5 
4 1 0 3 0 4 4 1  896    4 
4 1 1 1 1 2 3 0  582    4 
4 1 0 1 2 2 2 1  568    5 
4 1 0 0 1 1 1 1  588    5 
4 1 0 2 3 3 3 1  559    4 
4 1 1 3 3 4 4 1  532    4 
4 1 1 3 3 4 4 1  354    5 
4 1 1 2 2 3 3 1  511    5 
4 1 0 0 1 1 1 1  686    4 
4 1 0 3 0 4 4 1  581    4 
4 1 1 1 1 2 2 1  673    5 
4 1 1 0 0 1 1 1  521    4 
4 1 0 2 3 3 3 1  607    5 
4 1 1 0 0 1 1 1  529    5 
4 1 0 2 3 3 3 1  767    5 
4 1 1 1 1 2 2 1  531    4 
4 1 1 3 3 4 4 1  521    5 
4 1 1 2 2 3 3 1  424    5 
4 1 1 3 3 4 4 1  434    4 
4 1 1 2 2 3 3 1  364    5 
4 1 0 2 3 3 3 1  441    5 
4 1 0 2 3 3 3 1  539    5 
4 1 0 0 1 1 1 1  664    5 
4 1 1 0 0 1 1 1  401    4 
4 1 1 1 1 2 2 1  484    4 
4 1 1 0 0 1 1 1  405    4 
4 1 1 3 3 4 4 1  656    4 
4 1 0 2 3 3 3 1  416    4 
4 1 1 2 2 3 3 1  355    4 
4 1 1 1 1 2 2 1  568    5 
4 1 1 1 1 2 2 1  541    4 
4 1 1 1 1 2 2 1  450    5 
4 1 1 0 0 1 1 1  724    4 
4 1 1 0 0 1 1 1  489    4 
4 1 1 2 2 3 3 1  408    6 
4 1 1 0 0 1 1 1  484    5 
4 1 0 2 3 3 3 1  620    4 
4 1 1 3 3 4 4 1  542    4 
4 1 0 3 0 4 4 1  427    4 
4 1 0 3 0 4 4 1  357    4 
4 1 0 3 0 4 4 1  362    4 
4 1 0 3 0 4 4 1  368    5 
4 1 1 2 2 3 3 1  421    5 
4 1 0 2 3 3 3 1  647    5 
4 1 0 3 0 4 3 0  584    4 
4 1 0 0 1 1 1 1  817    5 
4 1 0 1 2 2 2 1  579    5 
4 1 1 0 0 1 1 1  423    4 
4 1 0 0 1 1 1 1  481    4 
4 1 0 0 1 1 1 1  562    4 
4 1 1 0 0 1 1 1 2198    5 
4 1 1 0 0 1 1 1  516    4 
4 1 0 2 1 3 3 1  995    5 
4 1 0 1 0 2 2 1  693    4 
4 1 1 3 3 4 4 1  683    5 
4 1 0 3 2 4 4 1  371    5 
4 1 1 2 2 3 3 1  591    5 
4 1 1 3 3 4 4 1  491    4 
4 1 0 0 3 1 1 1  834    4 
4 1 1 1 1 2 2 1  739    5 
4 1 0 1 0 2 2 1  480    4 
4 1 0 0 3 1 1 1  584    4 
4 1 0 1 0 2 2 1  548    4 
4 1 1 0 0 1 1 1  793    4 
4 1 1 2 2 3 3 1  636    4 
4 1 0 3 2 4 4 1  661    5 
4 1 1 1 1 2 2 1  741    4 
4 1 0 2 1 3 1 0  514    4 
4 1 0 0 3 1 2 0  774    4 
4 1 0 3 2 4 4 1  694    4 
4 1 1 0 0 1 1 1  901    5 
4 1 0 2 1 3 3 1  676    4 
4 1 1 1 1 2 2 1  795    5 
4 1 1 0 0 1 1 1 1054    5 
4 1 1 1 1 2 2 1  565    4 
4 1 1 2 2 3 3 1  633    4 
4 1 0 0 3 1 1 1 1083    4 
4 1 1 2 2 3 3 1  665    4 
4 1 1 3 3 4 4 1  650    4 
4 1 0 2 1 3 3 1  803    4 
4 1 0 1 0 2 2 1  637    4 
4 1 0 1 0 2 2 1  438    4 
4 1 1 2 2 3 3 1  584    4 
4 1 1 2 2 3 3 1  412    4 
4 1 1 3 3 4 4 1  719    5 
4 1 1 3 3 4 4 1  413    4 
4 1 0 1 0 2 1 0  880    5 
4 1 1 1 1 2 2 1  540    4 
4 1 1 1 1 2 2 1  450    5 
4 1 1 1 1 2 2 1  443    4 
4 1 0 1 0 2 2 1  589    4 
4 1 1 2 2 3 3 1  584    5 
4 1 0 0 3 1 1 1  908    5 
4 1 1 0 0 1 1 1  753    4 
4 1 1 2 2 3 3 1  686    7 
4 1 1 3 3 4 4 1  501    4 
4 1 0 3 2 4 4 1  444    5 
4 1 0 2 1 3 3 1  790    5 
4 1 1 3 3 4 4 1  801    5 
4 1 0 2 1 3 1 0  723    5 
4 1 0 0 3 1 1 1 1062    4 
4 1 0 0 3 1 1 1  429    4 
4 1 0 2 1 3 3 1  503    4 
4 1 0 0 3 1 1 1  950    4 
4 1 1 3 3 4 4 1  730    4 
4 1 1 2 2 3 3 1  728    4 
4 1 1 3 3 4 4 1  517    5 
4 1 0 2 1 3 3 1  724    4 
4 1 1 3 3 4 4 1  481    5 
4 1 1 3 3 4 4 1  569    4 
4 1 1 1 1 2 2 1  837    4 
4 1 1 1 1 2 2 1  422    5 
4 1 1 1 1 2 2 1  432    5 
4 1 0 1 0 2 2 1  674    4 
4 1 0 2 1 3 3 1  714    5 
4 1 1 3 3 4 4 1  448    5 
4 1 1 2 2 3 3 1  378    4 
4 1 0 0 3 1 1 1  678    4 
4 1 1 0 0 1 1 1  478    5 
4 1 1 2 2 3 3 1 1750    4 
4 1 1 3 3 4 4 1  472    4 
4 1 0 0 3 1 1 1  672    5 
4 1 0 2 1 3 3 1  735    4 
4 1 0 3 2 4 4 1  725    4 
4 1 1 1 1 2 2 1  754    4 
4 1 1 1 1 2 2 1  470    4 
4 1 0 3 2 4 4 1  902    4 
4 1 0 2 1 3 1 0  565    5 
4 1 0 1 0 2 2 1 1047    5 
4 1 0 1 0 2 2 1  446    4 
4 1 1 2 2 3 3 1  600    4 
4 1 0 0 3 1 1 1  779    5 
4 1 1 2 2 3 3 1  982    5 
4 1 1 1 1 2 2 1  681    5 
4 1 1 0 0 1 1 1  809    4 
4 1 1 2 2 3 3 1 1571    4 
4 1 0 0 3 1 1 1  852    4 
4 1 1 0 0 1 1 1  484    4 
4 1 0 2 1 3 3 1  573    4 
4 1 0 2 1 3 3 1  521    4 
4 1 1 2 2 3 3 1  543    5 
4 1 1 2 2 3 3 1  460    5 
4 1 0 0 3 1 1 1  909    4 
4 1 0 0 3 1 1 1  378    4 
4 1 0 0 3 1 1 1  423    5 
4 1 0 3 2 4 4 1  809    5 
4 1 0 3 2 4 4 1  531    4 
4 1 0 0 3 1 1 1 1217    5 
4 1 1 3 3 4 4 1 1026    5 
4 1 0 1 0 2 2 1  610    5 
4 1 1 2 2 3 3 1  493    5 
4 1 1 1 1 2 2 1  788    4 
4 1 1 1 1 2 2 1  535    5 
4 1 0 0 3 1 1 1  661    4 
4 1 1 0 0 1 1 1  973    4 
4 1 0 3 2 4 4 1 1392    5 
4 1 1 2 2 3 1 0  672    5 
4 1 1 2 2 3 3 1  397    5 
4 1 1 3 3 4 4 1  585    4 
4 1 1 0 0 1 1 1  653    4 
4 1 1 1 1 2 2 1  629    4 
4 1 1 3 3 4 4 1  559    5 
4 1 0 2 1 3 3 1  812    4 
4 1 0 0 3 1 1 1  613    4 
4 1 0 1 0 2 2 1  880    4 
4 1 1 1 1 2 2 1  551    4 
4 1 0 2 1 3 3 1  740    4 
4 1 0 3 2 4 4 1  737    4 
4 1 0 0 3 1 1 1  950    5 
4 1 0 2 1 3 3 1  610    5 
4 1 0 0 3 1 1 1  756    4 
4 1 0 3 2 4 4 1  512    4 
4 1 1 3 3 4 4 1  407    4 
4 1 1 1 1 2 3 0  658    4 
4 1 0 1 0 2 2 1  551    4 
4 1 1 3 3 4 4 1  933    4 
4 1 1 1 1 2 2 1  714    4 
4 1 0 0 3 1 1 1 1112    4 
4 1 0 2 1 3 3 1  581    4 
4 1 1 2 2 3 3 1  465    6 
4 1 0 3 2 4 2 0  609    4 
4 1 1 1 1 2 2 1  825    4 
4 1 1 0 0 1 1 1  682    4 
4 1 0 0 3 1 1 1  482    4 
4 1 1 3 3 4 4 1  610    4 
4 1 1 0 0 1 2 0  724    4 
4 1 0 2 1 3 3 1  743    4 
4 1 0 1 0 2 2 1  700    4 
4 1 0 1 0 2 2 1  467    5 
4 1 0 0 3 1 1 1  700    4 
4 1 0 0 3 1 1 1  562    5 
4 1 1 1 1 2 2 1  919    5 
4 1 1 3 3 4 4 1 1357    4 
4 1 1 2 2 3 1 0  663    4 
4 1 1 0 0 1 1 1  684    4 
4 1 1 3 3 4 4 1  892    4 
4 1 0 1 0 2 2 1  650    5 
4 1 0 3 2 4 4 1  539    4 
4 1 0 1 0 2 2 1  816    5 
4 1 0 3 2 4 4 1  482    5 
4 1 1 1 1 2 2 1  650    4 
4 1 0 1 0 2 2 1  604    4 
4 1 0 2 1 3 3 1  710    5 
4 1 0 2 1 3 3 1  540    5 
4 1 1 0 0 1 1 1  689    5 
4 1 0 2 1 3 3 1 1064    4 
4 1 0 3 2 4 4 1  735    4 
4 1 0 3 2 4 4 1  389    4 
4 1 1 1 1 2 2 1 1641    4 
4 1 1 3 3 4 4 1  687    5 
4 1 0 1 0 2 2 1  621    5 
4 1 0 0 3 1 1 1  663    4 
4 1 1 3 3 4 3 0  807    5 
4 1 1 0 0 1 1 1  951    5 
4 1 0 0 3 1 1 1  459    5 
4 1 0 3 2 4 2 0  612    5 
4 1 1 1 1 2 2 1  883    4 
4 1 0 1 0 2 2 1  418    4 
4 1 0 0 3 1 1 1  653    4 
4 1 1 1 1 2 2 1  582    4 
4 1 0 1 0 2 2 1  521    4 
4 1 1 2 2 3 3 1 1311    4 
4 1 1 3 3 4 4 1  436    4 
4 1 0 1 0 2 2 1 1021    4 
4 1 1 0 0 1 1 1  734    4 
4 1 1 3 3 4 4 1  795    4 
4 1 1 0 0 1 1 1  838    4 
4 1 0 2 1 3 3 1 1014    5 
4 1 0 2 1 3 3 1  648    5 
4 1 0 0 3 1 1 1 1801    4 
4 1 0 3 2 4 4 1  824    5 
4 1 1 1 1 2 1 0  745    4 
4 1 1 3 3 4 4 1  595    5 
4 1 1 0 0 1 1 1  646    5 
4 1 0 2 1 3 3 1  831    4 
4 1 0 3 2 4 2 0 1329    5 
4 1 0 2 1 3 1 0  681    5 
4 1 1 2 2 3 3 1  438    4 
4 1 0 0 3 1 1 1  664    5 
4 1 1 3 3 4 4 1  888    4 
4 1 1 3 3 4 4 1  550    4 
4 1 0 3 2 4 4 1  420    5 
