22 1 1 2 2 3 3 1 1193    5 
22 1 0 3 1 4 4 1  906    4 
22 1 1 0 0 1 1 1  688    4 
22 1 0 0 2 1 1 1  751    4 
22 1 1 0 0 1 1 1  587    5 
22 1 1 3 3 4 4 1  935    4 
22 1 0 0 2 1 1 1  635    5 
22 1 1 3 3 4 4 1  685    5 
22 1 1 1 1 2 2 1  909    5 
22 1 1 2 2 3 3 1  754    4 
22 1 0 2 0 3 3 1  654    5 
22 1 0 1 3 2 2 1  831    4 
22 1 0 0 2 1 1 1  768    5 
22 1 0 1 3 2 2 1  716    4 
22 1 1 0 0 1 1 1  722    4 
22 1 1 1 1 2 2 1  607    4 
22 1 0 0 2 1 1 1  506    5 
22 1 0 0 2 1 1 1  544    4 
22 1 1 3 3 4 4 1  838    5 
22 1 1 1 1 2 2 1  678    4 
22 1 1 3 3 4 4 1  638    4 
22 1 1 1 1 2 2 1  639    5 
22 1 1 0 0 1 1 1  672    4 
22 1 0 3 1 4 4 1  823    4 
22 1 1 1 1 2 2 1  632    5 
22 1 1 3 3 4 4 1  586    5 
22 1 0 3 1 4 4 1  677    4 
22 1 0 0 2 1 1 1  621    4 
22 1 1 2 2 3 3 1  527    4 
22 1 1 0 0 1 1 1  533    5 
22 1 1 3 3 4 2 0  715    4 
22 1 0 0 2 1 1 1  710    5 
22 1 0 2 0 3 3 1  644    5 
22 1 1 2 2 3 1 0  613    4 
22 1 0 2 0 3 3 1  757    4 
22 1 0 1 3 2 2 1  713    5 
22 1 1 1 1 2 2 1  663    4 
22 1 0 2 0 3 1 0  695    4 
22 1 0 2 0 3 3 1  548    5 
22 1 0 1 3 2 2 1  761    4 
22 1 1 2 2 3 3 1  917    4 
22 1 1 0 0 1 1 1  554    4 
22 1 0 3 1 4 4 1  783    4 
22 1 0 1 3 2 2 1  674    5 
22 1 0 2 0 3 3 1  778    6 
22 1 0 3 1 4 4 1  813    5 
22 1 1 0 0 1 1 1  719    4 
22 1 1 1 1 2 2 1  965    4 
22 1 0 0 2 1 1 1  816    4 
22 1 0 0 2 1 1 1  466    5 
22 1 0 1 3 2 4 0  683    5 
22 1 0 2 0 3 3 1  992    4 
22 1 1 3 3 4 4 1  778    5 
22 1 0 1 3 2 2 1  661    5 
22 1 1 3 3 4 4 1  678    5 
22 1 0 2 0 3 1 0  661    5 
22 1 1 0 0 1 3 0  547    4 
22 1 0 1 3 2 2 1  725    5 
22 1 1 2 2 3 3 1  915    5 
22 1 0 0 2 1 1 1  600    5 
22 1 0 1 3 2 2 1  675    4 
22 1 0 1 3 2 2 1  563    4 
22 1 1 3 3 4 4 1  912    4 
22 1 0 1 3 2 2 1  613    5 
22 1 0 0 2 1 3 0  840    4 
22 1 1 3 3 4 4 1  725    5 
22 1 1 3 3 4 4 1  587    4 
22 1 0 0 2 1 1 1  638    5 
22 1 0 2 0 3 3 1  671    4 
22 1 0 0 2 1 1 1  614    4 
22 1 0 1 3 2 2 1  745    5 
22 1 0 2 0 3 3 1  910    4 
22 1 0 3 1 4 4 1  699    4 
22 1 1 0 0 1 1 1 1034    4 
22 1 1 3 3 4 4 1  675    4 
22 1 0 1 3 2 2 1  650    4 
22 1 1 3 3 4 4 1  747    4 
22 1 0 0 2 1 1 1  640    4 
22 1 1 3 3 4 2 0  857    4 
22 1 0 1 3 2 2 1  694    5 
22 1 1 2 2 3 3 1  813    5 
22 1 1 0 0 1 1 1  558    5 
22 1 1 3 3 4 2 0  739    5 
22 1 0 1 3 2 2 1  669    4 
22 1 0 1 3 2 2 1  525    4 
22 1 0 3 1 4 4 1  787    5 
22 1 0 1 3 2 2 1  622    5 
22 1 0 3 1 4 4 1  608    5 
22 1 0 2 0 3 1 0 1570    5 
22 1 0 2 0 3 3 1  577    4 
22 1 1 0 0 1 1 1  605    5 
22 1 1 0 0 1 1 1  479    4 
22 1 1 0 0 1 1 1  399    5 
22 1 0 1 3 2 2 1  891    5 
22 1 1 2 2 3 3 1 1193    4 
22 1 0 3 1 4 4 1  683    4 
22 1 0 0 2 1 1 1  714    5 
22 1 0 3 1 4 4 1  656    4 
22 1 1 0 0 1 1 1  793    5 
22 1 0 1 3 2 2 1  747    5 
22 1 1 3 3 4 4 1  680    4 
22 1 1 3 3 4 4 1  680    5 
22 1 1 3 3 4 4 1  583    5 
22 1 0 1 3 2 2 1  667    4 
22 1 0 0 2 1 1 1  571    5 
22 1 0 1 3 2 4 0  639    4 
22 1 1 2 2 3 3 1 1230    5 
22 1 1 2 2 3 3 1  549    5 
22 1 1 2 2 3 3 1  515    5 
22 1 1 2 2 3 3 1  514    4 
22 1 0 0 2 1 1 1  512    4 
22 1 0 2 0 3 3 1  767    5 
22 1 0 3 1 4 4 1  747    4 
22 1 0 2 0 3 3 1  976    4 
22 1 0 2 0 3 3 1  586    5 
22 1 0 0 2 1 1 1  566    5 
22 1 1 2 2 3 3 1  674    4 
22 1 0 2 0 3 3 1  586    5 
22 1 1 0 0 1 1 1  693    4 
22 1 1 1 1 2 2 1  908    4 
22 1 1 2 2 3 3 1  577    5 
22 1 1 1 1 2 2 1  613    4 
22 1 1 3 3 4 4 1  584    4 
22 1 1 1 1 2 2 1  564    5 
22 1 0 0 2 1 1 1  616    4 
22 1 0 2 0 3 3 1  507    5 
22 1 0 2 0 3 3 1  505    5 
22 1 1 0 0 1 1 1  616    4 
22 1 1 1 1 2 2 1  547    5 
22 1 1 2 2 3 3 1  568    5 
22 1 0 3 1 4 4 1  612    5 
22 1 1 1 1 2 2 1  639    5 
22 1 0 3 1 4 4 1  560    4 
22 1 0 3 1 4 4 1  605    5 
22 1 1 0 0 1 1 1  527    4 
22 1 1 1 1 2 2 1  709    4 
22 1 0 3 1 4 4 1  619    4 
22 1 1 3 3 4 4 1  485    4 
22 1 0 1 3 2 2 1  573    4 
22 1 1 1 1 2 2 1  601    5 
22 1 1 0 0 1 1 1  484    5 
22 1 0 3 1 4 4 1  652    5 
22 1 1 0 0 1 1 1  549    5 
22 1 1 3 3 4 4 1  579    4 
22 1 0 1 3 2 2 1  606    5 
22 1 1 0 0 1 1 1  529    4 
22 1 1 2 2 3 1 0  575    5 
22 1 1 3 3 4 4 1  848    5 
22 1 0 3 1 4 4 1  729    5 
22 1 1 2 2 3 3 1  598    4 
22 1 0 1 3 2 2 1  753    4 
22 1 0 2 0 3 1 0  709    4 
22 1 0 1 3 2 2 1  736    4 
22 1 0 1 3 2 2 1  525    5 
22 1 1 1 1 2 2 1  531    4 
22 1 1 3 3 4 4 1  585    5 
22 1 1 1 1 2 2 1  541    4 
22 1 1 0 0 1 1 1  706    4 
22 1 1 3 3 4 4 1  697    4 
22 1 0 2 0 3 1 0  535    4 
22 1 1 2 2 3 3 1  627    5 
22 1 1 2 2 3 3 1  524    4 
22 1 1 2 2 3 3 1  474    4 
22 1 1 2 2 3 3 1  547    5 
22 1 0 3 1 4 4 1  672    5 
22 1 1 0 0 1 1 1  528    4 
22 1 1 3 3 4 4 1  542    4 
22 1 0 1 3 2 2 1  675    5 
22 1 1 0 0 1 1 1  642    5 
22 1 1 1 1 2 2 1  948    5 
22 1 0 3 1 4 4 1  640    4 
22 1 0 0 2 1 1 1  633    5 
22 1 0 2 0 3 3 1  594    4 
22 1 0 2 0 3 3 1  526    5 
22 1 1 2 2 3 3 1  572    4 
22 1 1 0 0 1 1 1  495    5 
22 1 1 0 0 1 1 1  439    5 
22 1 0 3 1 4 4 1  801    4 
22 1 1 2 2 3 3 1  691    4 
22 1 0 3 1 4 4 1  626    5 
22 1 1 0 0 1 1 1  524    4 
22 1 0 0 2 1 1 1  498    5 
22 1 1 0 0 1 1 1  569    4 
22 1 0 2 0 3 3 1  685    4 
22 1 1 2 2 3 3 1  557    4 
22 1 1 3 3 4 4 1  649    5 
22 1 1 1 1 2 2 1  794    5 
22 1 0 1 3 2 2 1  533    4 
22 1 1 2 2 3 3 1  507    4 
22 1 0 3 1 4 4 1  690    4 
22 1 0 1 3 2 2 1  600    5 
22 1 0 1 3 2 2 1  492    5 
22 1 0 1 3 2 2 1 2110    5 
22 1 1 3 3 4 4 1  720    4 
22 1 1 0 0 1 1 1  877    4 
22 1 0 3 1 4 3 0 1004    4 
22 1 0 2 0 3 3 1  963    4 
22 1 1 2 2 3 3 1  486    4 
22 1 0 1 3 2 2 1  798    4 
22 1 0 1 3 2 2 1  544    5 
22 1 1 2 2 3 3 1  901    4 
22 1 1 3 3 4 4 1  732    4 
22 1 1 1 1 2 2 1  673    4 
22 1 1 3 3 4 4 1  593    4 
22 1 0 3 1 4 4 1  652    4 
22 1 0 3 1 4 4 1  557    4 
22 1 1 0 0 1 1 1  529    4 
22 1 1 0 0 1 1 1  536    5 
22 1 1 3 3 4 4 1  597    4 
22 1 1 2 2 3 3 1  624    5 
22 1 0 2 0 3 3 1  610    5 
22 1 0 2 0 3 3 1  540    5 
22 1 0 2 0 3 3 1  465    4 
22 1 1 2 2 3 3 1  474    5 
22 1 0 0 2 1 1 1  547    4 
22 1 0 1 3 2 2 1  808    4 
22 1 0 3 1 4 4 1  554    4 
22 1 1 3 3 4 4 1  662    4 
22 1 1 3 3 4 4 1  543    4 
22 1 0 1 3 2 2 1  660    4 
22 1 0 3 1 4 4 1  732    4 
22 1 0 2 0 3 3 1  770    5 
22 1 0 3 1 4 4 1  573  167 
22 1 1 1 1 2 2 1  593    5 
22 1 0 0 2 1 3 0  916    5 
22 1 0 0 2 1 1 1  495    5 
22 1 1 3 3 4 4 1  566    5 
22 1 0 0 2 1 1 1  499    5 
22 1 1 2 2 3 3 1  602    4 
22 1 1 0 0 1 1 1  789    4 
22 1 1 3 3 4 4 1  575    4 
22 1 0 0 2 1 1 1  883    4 
22 1 0 1 3 2 4 0  626    5 
22 1 1 3 3 4 4 1  729    5 
22 1 0 2 0 3 3 1  943    5 
22 1 1 1 1 2 2 1  723    5 
22 1 0 3 1 4 3 0  616    4 
22 1 1 3 3 4 4 1  576    4 
22 1 0 0 2 1 1 1  756    5 
22 1 1 0 0 1 1 1  640    4 
22 1 1 0 0 1 1 1  561    4 
22 1 1 2 2 3 3 1  677    4 
22 1 0 2 0 3 3 1  533    4 
22 1 1 2 2 3 3 1  571    4 
22 1 1 0 0 1 1 1  575    4 
22 1 0 1 3 2 2 1  899    5 
22 1 1 0 0 1 1 1  545    5 
22 1 0 1 3 2 2 1  486    4 
22 1 0 1 3 2 2 1  502    4 
22 1 0 2 0 3 3 1  965    5 
22 1 1 0 0 1 1 1  537    4 
22 1 1 0 0 1 1 1  534    4 
22 1 0 2 0 3 3 1  548    4 
22 1 0 3 1 4 4 1  681    4 
22 1 1 0 0 1 1 1  609    4 
22 1 1 1 1 2 2 1  947    4 
22 1 0 1 3 2 2 1  567    4 
22 1 1 0 0 1 1 1  508    4 
22 1 0 2 0 3 4 0  643    5 
22 1 0 3 1 4 4 1  657    4 
22 1 0 2 0 3 3 1  593    4 
22 1 1 1 1 2 2 1  676    4 
22 1 0 3 1 4 3 0  996    4 
22 1 0 3 1 4 4 1  643    5 
22 1 1 2 2 3 3 1 1244    4 
22 1 1 1 1 2 2 1  555    4 
22 1 0 1 3 2 2 1  840    5 
22 1 1 1 1 2 2 1  488    5 
22 1 1 3 3 4 4 1  800    4 
22 1 1 1 1 2 2 1  578    4 
22 1 1 1 1 2 2 1  502    5 
22 1 0 0 2 1 1 1  621    5 
22 1 0 1 3 2 2 1  727    4 
22 1 0 0 2 1 1 1  580    4 
22 1 1 0 0 1 1 1  424    5 
22 1 1 0 0 1 1 1  394   12 
22 1 0 1 3 2 2 1  582    4 
22 1 0 2 0 3 3 1  682    4 
22 1 0 0 2 1 1 1  554    4 
22 1 0 3 1 4 4 1  598    4 
22 1 0 1 3 2 2 1  753    4 
22 1 1 0 0 1 1 1  853    5 
22 1 1 0 0 1 1 1  573    5 
22 1 0 0 2 1 1 1  473    4 
22 1 1 2 2 3 3 1  673    4 
22 1 0 3 1 4 4 1  601    5 
22 1 0 3 1 4 4 1  572    4 
22 1 1 0 0 1 3 0  680    4 
22 1 0 2 0 3 3 1  517    5 
22 1 0 1 3 2 2 1  923    4 
22 1 1 0 0 1 1 1  616    4 
22 1 1 1 1 2 2 1  779    5 
22 1 1 0 0 1 1 1  470    4 
22 1 0 2 0 3 3 1  590    5 
22 1 0 0 2 1 1 1  545    4 
22 1 0 1 3 2 2 1  751    4 
22 1 1 1 1 2 2 1  595    4 
22 1 1 0 0 1 1 1  591    4 
22 1 1 3 3 4 4 1  618    4 
22 1 1 3 3 4 4 1  508    4 
22 1 1 3 3 4 4 1  467    5 
22 1 0 1 3 2 2 1  612    4 
22 1 1 2 2 3 3 1  630    5 
22 1 0 1 3 2 2 1  616    4 
22 1 1 1 1 2 2 1  538    4 
22 1 1 1 1 2 2 1  432    4 
22 1 0 0 2 1 1 1  562    4 
22 1 1 2 2 3 3 1  527    5 
22 1 1 3 3 4 4 1  509    4 
22 1 1 3 3 4 4 1  499    4 
22 1 0 2 0 3 3 1  651    5 
22 1 0 2 0 3 3 1  524    4 
22 1 0 3 1 4 4 1  762    4 
22 1 1 3 3 4 4 1  694    5 
22 1 1 3 3 4 4 1  509    4 
22 1 0 2 0 3 3 1  603    4 
22 1 0 1 3 2 2 1  710    5 
22 1 0 1 3 2 2 1  444    4 
22 1 1 0 0 1 1 1  542    4 
22 1 1 1 1 2 2 1  523    5 
22 1 0 1 3 2 2 1  457    4 
22 1 1 2 2 3 3 1  754    4 
22 1 0 2 0 3 3 1  494    5 
22 1 1 1 1 2 2 1  589    4 
22 1 1 3 3 4 3 0  817    5 
22 1 1 0 0 1 1 1  552    4 
22 1 1 2 2 3 3 1  541    5 
22 1 0 0 2 1 1 1  642    4 
22 1 1 2 2 3 3 1  715    4 
22 1 0 3 1 4 4 1  673    4 
22 1 1 2 2 3 3 1  505    5 
22 1 0 2 0 3 3 1  480    5 
22 1 0 3 1 4 4 1  616    4 
22 1 1 2 2 3 3 1  562    4 
22 1 0 0 2 1 1 1  599    4 
22 1 0 3 1 4 4 1  626    4 
22 1 1 0 0 1 1 1  620    5 
22 1 1 0 0 1 1 1  430    5 
22 1 1 0 0 1 1 1  384    4 
22 1 0 2 0 3 3 1  644    4 
22 1 0 0 2 1 1 1  550    5 
22 1 1 2 2 3 3 1  587    4 
22 1 1 3 3 4 4 1  534    5 
22 1 0 1 3 2 2 1  660    4 
22 1 1 3 3 4 4 1  548    4 
22 1 0 2 0 3 3 1  570    4 
22 1 0 1 3 2 2 1  702    4 
22 1 0 3 1 4 4 1  564    4 
22 1 1 3 3 4 4 1  593    4 
22 1 0 3 1 4 4 1  492    4 
22 1 0 1 3 2 2 1  612    4 
22 1 1 1 1 2 2 1  542    5 
22 1 0 0 2 1 3 0  627    4 
22 1 0 3 1 4 4 1  706    4 
22 1 1 3 3 4 4 1  608    5 
22 1 1 3 3 4 4 1  483    4 
22 1 1 0 0 1 1 1  691    4 
22 1 1 2 2 3 3 1  530    5 
22 1 1 0 0 1 1 1  448    5 
22 1 1 2 2 3 3 1  506    4 
22 1 0 3 1 4 4 1  632    5 
22 1 0 3 1 4 4 1  594    4 
22 1 1 2 2 3 3 1  597    4 
22 1 0 0 2 1 1 1  640    4 
22 1 0 1 3 2 4 0  585    4 
22 1 0 2 0 3 3 1  907    5 
22 1 1 1 1 2 2 1  600    4 
22 1 0 1 3 2 2 1  555    5 
22 1 0 2 0 3 3 1  672    4 
22 1 1 0 0 1 1 1  663    4 
22 1 1 1 1 2 2 1  704    4 
22 1 0 1 3 2 2 1  590    4 
22 1 0 2 0 3 1 0  569    4 
22 1 1 2 2 3 1 0  514    4 
22 1 0 1 3 2 2 1 1198    4 
22 1 1 2 2 3 3 1  800    4 
22 1 1 1 1 2 2 1  610    4 
22 1 1 2 2 3 3 1  605    4 
22 1 0 2 0 3 3 1  543    4 
22 1 1 3 3 4 4 1  660    4 
22 1 0 0 2 1 1 1  653    4 
22 1 0 1 3 2 2 1  661    5 
22 1 1 0 0 1 1 1 1053    4 
22 1 0 0 2 1 1 1  677    5 
