25 1 0 2 3 3 3 1 3167    5 
25 1 0 0 1 1 1 1  956    4 
25 1 0 2 3 3 3 1 1087    5 
25 1 1 2 2 3 3 1  789    4 
25 1 1 3 3 4 4 1  559    4 
25 1 0 3 0 4 4 1  764    5 
25 1 0 1 2 2 2 1 1192    4 
25 1 0 0 1 1 1 1 1113    4 
25 1 1 3 3 4 4 1  918    5 
25 1 1 1 1 2 2 1 1020    5 
25 1 0 1 2 2 2 1  669    4 
25 1 0 3 0 4 4 1  669    5 
25 1 0 2 3 3 3 1  493    5 
25 1 1 3 3 4 4 1  612    4 
25 1 1 0 0 1 1 1  663    5 
25 1 1 1 1 2 2 1  751    4 
25 1 0 1 2 2 2 1  636    4 
25 1 0 3 0 4 4 1  589    4 
25 1 1 1 1 2 2 1  928    5 
25 1 0 0 1 1 1 1  685    5 
25 1 0 2 3 3 3 1  556    4 
25 1 1 2 2 3 3 1  497    4 
25 1 0 1 2 2 2 1  657    4 
25 1 1 0 0 1 1 1  561    5 
25 1 1 2 2 3 3 1  573    5 
25 1 1 3 3 4 4 1  505    5 
25 1 1 1 1 2 2 1  944    5 
25 1 1 3 3 4 4 1 1244    4 
25 1 0 3 0 4 4 1  595    4 
25 1 1 3 3 4 4 1  526    5 
25 1 1 2 2 3 3 1 1421    5 
25 1 0 0 1 1 1 1  781    4 
25 1 1 2 2 3 3 1  792    5 
25 1 1 2 2 3 3 1  466    4 
25 1 1 1 1 2 2 1  755    4 
25 1 1 1 1 2 2 1  607    5 
25 1 0 1 2 2 2 1  754    4 
25 1 0 2 3 3 3 1  638    4 
25 1 0 2 3 3 3 1  503    5 
25 1 0 1 2 2 2 1  773    4 
25 1 1 2 2 3 3 1  753    4 
25 1 0 0 1 1 1 1  789    4 
25 1 1 0 0 1 1 1  567    5 
25 1 0 2 3 3 3 1 1188    4 
25 1 0 2 3 3 3 1  461    4 
25 1 0 2 3 3 3 1  494    4 
25 1 1 0 0 1 1 1  910    4 
25 1 1 2 2 3 3 1  883    5 
25 1 0 0 1 1 1 1  826    5 
25 1 0 2 3 3 3 1 1587    4 
25 1 0 3 0 4 4 1  620    5 
25 1 1 0 0 1 1 1  958    5 
25 1 1 1 1 2 2 1  737    4 
25 1 1 0 0 1 1 1 1110    5 
25 1 0 0 1 1 1 1  995    4 
25 1 0 2 3 3 3 1  853    4 
25 1 0 1 2 2 2 1  621    5 
25 1 1 0 0 1 1 1  663    5 
25 1 1 1 1 2 2 1  655    4 
25 1 1 3 3 4 4 1  712    4 
25 1 1 0 0 1 1 1  702    4 
25 1 1 3 3 4 4 1  621    5 
25 1 0 1 2 2 2 1  734    5 
25 1 0 1 2 2 2 1  524    4 
25 1 0 3 0 4 4 1  906    5 
25 1 1 0 0 1 1 1  551    5 
25 1 0 1 2 2 4 0 1085    5 
25 1 0 3 0 4 4 1  936    5 
25 1 0 0 1 1 1 1  773    5 
25 1 1 1 1 2 2 1 1408    4 
25 1 1 3 3 4 4 1  584    5 
25 1 0 0 1 1 1 1  724    4 
25 1 0 0 1 1 1 1  586    4 
25 1 0 1 2 2 2 1  749    5 
25 1 0 3 0 4 4 1  546    4 
25 1 0 2 3 3 3 1  487    5 
25 1 1 3 3 4 4 1  766    4 
25 1 0 0 1 1 1 1  666    5 
25 1 0 0 1 1 1 1  571    4 
25 1 0 1 2 2 2 1  879    4 
25 1 0 1 2 2 2 1  653    4 
25 1 1 0 0 1 1 1  710    4 
25 1 1 1 1 2 2 1 1052    4 
25 1 1 1 1 2 2 1  548    4 
25 1 0 1 2 2 2 1  585    4 
25 1 0 1 2 2 2 1  549    4 
25 1 0 2 3 3 3 1 1322    4 
25 1 0 0 1 1 1 1  686    4 
25 1 1 3 3 4 4 1 1013    4 
25 1 0 2 3 3 3 1 1503    4 
25 1 0 0 1 1 1 1 1067    5 
25 1 0 3 0 4 4 1  626    5 
25 1 1 1 1 2 2 1 2108    4 
25 1 1 3 3 4 4 1  670    5 
25 1 0 2 3 3 3 1 1157    4 
25 1 1 0 0 1 1 1  696    5 
25 1 0 1 2 2 2 1  871    5 
25 1 0 0 1 1 1 1  702    5 
25 1 0 2 3 3 3 1  805    5 
25 1 0 0 1 1 1 1  663    4 
25 1 0 3 0 4 4 1  655    5 
25 1 0 1 2 2 2 1  919    4 
25 1 0 3 0 4 4 1  597    4 
25 1 1 0 0 1 1 1  776    5 
25 1 1 3 3 4 4 1  547    4 
25 1 1 2 2 3 2 0  841    4 
25 1 1 3 3 4 4 1  878    4 
25 1 1 0 0 1 1 1  661    4 
25 1 0 2 3 3 3 1  806    5 
25 1 1 3 3 4 4 1  559    4 
25 1 1 0 0 1 1 1  572    5 
25 1 0 0 1 1 1 1  680    4 
25 1 1 2 2 3 3 1  767    5 
25 1 0 1 2 2 2 1  731    4 
25 1 1 0 0 1 1 1  577    4 
25 1 0 2 3 3 3 1  933    4 
25 1 1 3 3 4 4 1  514    4 
25 1 1 3 3 4 4 1  504    4 
25 1 0 0 1 1 1 1  615    4 
25 1 1 0 0 1 1 1  562    5 
25 1 0 2 3 3 3 1  806    5 
25 1 0 3 0 4 4 1  568    5 
25 1 1 2 2 3 3 1  917    5 
25 1 1 2 2 3 3 1  706    4 
25 1 1 2 2 3 3 1  592    4 
25 1 0 0 1 1 1 1  731    4 
25 1 0 1 2 2 2 1  713    5 
25 1 1 3 3 4 4 1  591    5 
25 1 1 1 1 2 2 1 1250    4 
25 1 1 1 1 2 2 1  577    4 
25 1 1 1 1 2 2 1  461    5 
25 1 0 2 3 3 3 1  894    5 
25 1 1 2 2 3 3 1  500    5 
25 1 0 0 1 1 1 1  756    4 
25 1 1 3 3 4 4 1  624    4 
25 1 1 1 1 2 2 1  906    4 
25 1 1 2 2 3 3 1  583    4 
25 1 0 0 1 1 1 1 1083    5 
25 1 1 0 0 1 1 1  545    5 
25 1 1 3 3 4 4 1  591    4 
25 1 0 0 1 1 1 1  722    4 
25 1 0 3 0 4 4 1  583    4 
25 1 0 1 2 2 2 1 1419    4 
25 1 1 1 1 2 2 1 1067    5 
25 1 1 3 3 4 4 1  538    4 
25 1 1 3 3 4 4 1  480    4 
25 1 0 3 0 4 4 1  672    5 
25 1 0 3 0 4 4 1  455    4 
25 1 1 2 2 3 3 1  968    5 
25 1 1 1 1 2 2 1  908    4 
25 1 0 3 0 4 4 1  617    4 
25 1 1 3 3 4 4 1  516    4 
25 1 1 0 0 1 1 1  762    5 
25 1 1 2 2 3 3 1  758    5 
25 1 0 2 3 3 3 1  706    4 
25 1 1 3 3 4 4 1  505    4 
25 1 0 1 2 2 2 1 1023    4 
25 1 1 0 0 1 1 1  744    4 
25 1 0 1 2 2 2 1 1005    5 
25 1 1 2 2 3 3 1  894    5 
25 1 1 3 3 4 4 1  668    4 
25 1 0 1 2 2 2 1 1252    4 
25 1 1 1 1 2 2 1  612    4 
25 1 1 0 0 1 1 1  662    4 
25 1 1 3 3 4 4 1  558    4 
25 1 1 3 3 4 4 1  523    4 
25 1 0 2 3 3 3 1 1505    5 
25 1 1 2 2 3 3 1  509    5 
25 1 0 0 1 1 1 1 1172    4 
25 1 0 0 1 1 1 1  550    5 
25 1 1 1 1 2 4 0  715    4 
25 1 0 1 2 2 2 1 1655    4 
25 1 0 3 0 4 4 1  701    5 
25 1 0 2 3 3 3 1 1892    5 
25 1 0 3 0 4 4 1  671    5 
25 1 1 3 3 4 4 1  959    4 
25 1 1 1 1 2 2 1 1354    4 
25 1 1 0 0 1 1 1  645    4 
25 1 0 2 3 3 3 1  846    4 
25 1 1 1 1 2 2 1 1630    5 
25 1 1 2 2 3 3 1 1477    4 
25 1 0 1 2 2 2 1  730    4 
25 1 1 3 3 4 4 1  560    4 
25 1 0 1 2 2 2 1 1204    4 
25 1 1 2 2 3 3 1 1133    4 
25 1 0 0 1 1 1 1  681    4 
25 1 1 3 3 4 4 1  569    5 
25 1 1 0 0 1 1 1  549    4 
25 1 0 2 3 3 3 1  707    5 
25 1 0 0 1 1 1 1  745    4 
25 1 1 2 2 3 3 1  709    4 
25 1 0 2 3 3 3 1  827    4 
25 1 1 0 0 1 1 1 1235  147 
25 1 0 3 2 4 4 1  851    4 
25 1 1 2 2 3 3 1  715    4 
25 1 1 0 0 1 1 1  801    5 
25 1 1 1 1 2 2 1  844    5 
25 1 1 0 0 1 1 1  596    5 
25 1 1 0 0 1 1 1  535    4 
25 1 0 0 3 1 1 1  789    4 
25 1 1 2 2 3 3 1  568    5 
25 1 0 2 1 3 3 1  476    4 
25 1 0 2 1 3 3 1  509    5 
25 1 0 0 3 1 1 1  755    4 
25 1 0 0 3 1 1 1  511    4 
25 1 0 3 2 4 4 1  726  300 
25 1 0 0 3 1 1 1  652   29 
25 1 1 2 2 3 3 1  645    5 
25 1 1 0 0 1 1 1  662    5 
25 1 1 0 0 1 1 1  502    4 
25 1 0 3 2 4 4 1  677    5 
25 1 1 3 3 4 4 1  533    4 
25 1 0 0 3 1 1 1 1139    4 
25 1 0 3 2 4 4 1  758    4 
25 1 1 1 1 2 2 1  898    4 
25 1 0 0 3 1 1 1  649    4 
25 1 1 1 1 2 2 1  570    4 
25 1 0 1 0 2 2 1  894    5 
25 1 0 2 1 3 3 1 1052    5 
25 1 0 1 0 2 2 1  948    4 
25 1 0 3 2 4 4 1  688    5 
25 1 0 2 1 3 3 1 1767    5 
25 1 0 0 3 1 1 1  992    4 
25 1 0 3 2 4 4 1 1426    4 
25 1 0 3 2 4 4 1  537    5 
25 1 1 1 1 2 2 1  734    4 
25 1 1 0 0 1 1 1  644    4 
25 1 1 1 1 2 4 0 1965    4 
25 1 0 0 3 1 1 1 1034    4 
25 1 1 0 0 1 1 1  555    5 
25 1 0 2 1 3 3 1  743    5 
25 1 0 3 2 4 4 1  772    5 
25 1 1 3 3 4 4 1  503    5 
25 1 1 1 1 2 2 1  910    5 
25 1 1 1 1 2 2 1  556    4 
25 1 1 1 1 2 2 1  496    5 
25 1 1 0 0 1 1 1  696    4 
25 1 0 3 2 4 4 1  743    4 
25 1 1 3 3 4 4 1  579    4 
25 1 1 3 3 4 4 1  511    5 
25 1 0 1 0 2 2 1  918    5 
25 1 0 2 1 3 3 1  707    4 
25 1 1 1 1 2 2 1  722    5 
25 1 0 1 0 2 2 1  775    5 
25 1 1 1 1 2 2 1  794    4 
25 1 0 2 1 3 3 1 1317    5 
25 1 1 0 0 1 1 1  625    5 
25 1 1 1 1 2 2 1  611    5 
25 1 1 3 3 4 4 1  613    5 
25 1 1 2 2 3 3 1  464    4 
25 1 0 3 2 4 4 1  721    4 
25 1 1 3 3 4 4 1  918    5 
25 1 0 1 0 2 2 1  820    5 
25 1 0 1 0 2 2 1  573    4 
25 1 0 3 2 4 4 1  825    5 
25 1 1 3 3 4 4 1  874    4 
25 1 0 0 3 1 1 1  705    4 
25 1 0 0 3 1 1 1  575    4 
25 1 1 2 2 3 3 1 1331    4 
25 1 0 1 0 2 2 1  854    4 
25 1 0 2 1 3 3 1  966    4 
25 1 0 0 3 1 1 1 1090    4 
25 1 0 2 1 3 3 1  823    4 
25 1 1 3 3 4 4 1  600    4 
25 1 0 3 2 4 4 1  524    4 
25 1 1 1 1 2 2 1 1234    5 
25 1 1 2 2 3 3 1  737    4 
25 1 1 0 0 1 1 1  734    5 
25 1 1 2 2 3 3 1  892    4 
25 1 0 0 3 1 1 1  746    5 
25 1 0 1 0 2 2 1  743    4 
25 1 0 3 2 4 4 1  675    5 
25 1 1 1 1 2 2 1  675    4 
25 1 1 3 3 4 4 1  658    4 
25 1 0 3 2 4 4 1  779    4 
25 1 1 0 0 1 1 1 1070    5 
25 1 0 0 3 1 1 1  669    4 
25 1 0 1 0 2 2 1  781    5 
25 1 1 2 2 3 3 1 1185    5 
25 1 1 1 1 2 2 1  843    4 
25 1 1 2 2 3 3 1  587    4 
25 1 1 0 0 1 1 1  926    5 
25 1 1 1 1 2 2 1 1211    4 
25 1 0 2 1 3 3 1  908    4 
25 1 0 3 2 4 4 1  897    4 
25 1 0 2 1 3 3 1  768    5 
25 1 0 1 0 2 2 1  804    4 
25 1 0 1 0 2 2 1  869    5 
25 1 0 3 2 4 4 1  765    5 
25 1 0 2 1 3 3 1  777    4 
25 1 0 3 2 4 4 1  716    4 
25 1 0 0 3 1 1 1 1235    5 
25 1 1 0 0 1 1 1  570    4 
25 1 0 1 0 2 2 1  982    4 
25 1 0 2 1 3 3 1  849    5 
25 1 1 1 1 2 2 1  873    4 
25 1 0 3 2 4 4 1  640    4 
25 1 0 2 1 3 3 1  761    4 
25 1 0 2 1 3 3 1  573    4 
25 1 0 3 2 4 4 1  617    4 
25 1 1 1 1 2 2 1  876    5 
25 1 1 2 2 3 3 1  571    4 
25 1 0 3 2 4 4 1  583    4 
25 1 1 3 3 4 4 1  570    4 
25 1 1 2 2 3 3 1  550    5 
25 1 0 2 1 3 3 1  620    5 
25 1 0 0 3 1 1 1  677    5 
25 1 1 0 0 1 1 1  485    4 
25 1 1 0 0 1 1 1  493    4 
25 1 0 3 2 4 4 1  701    5 
25 1 1 2 2 3 3 1  651    4 
25 1 1 3 3 4 4 1  580    4 
25 1 1 2 2 3 3 1  600    4 
25 1 1 2 2 3 3 1  459    5 
25 1 1 1 1 2 2 1  628    4 
25 1 1 1 1 2 2 1  590    4 
25 1 0 1 0 2 2 1  689    4 
25 1 0 3 2 4 4 1  832    4 
25 1 0 2 1 3 3 1  705    4 
25 1 1 1 1 2 2 1  775    4 
25 1 0 1 0 2 2 1  627    5 
25 1 1 2 2 3 3 1  564    4 
25 1 1 2 2 3 3 1  537    4 
25 1 0 0 3 1 1 1  862    5 
25 1 0 3 2 4 4 1  662    5 
25 1 1 3 3 4 4 1  670    4 
25 1 1 2 2 3 3 1  622    5 
25 1 0 2 1 3 3 1  768    4 
25 1 1 1 1 2 2 1  804    4 
25 1 1 2 2 3 3 1  701    4 
25 1 0 3 2 4 4 1  668    5 
25 1 0 1 0 2 2 1 1709    4 
25 1 1 1 1 2 2 1  664    4 
25 1 1 2 2 3 3 1  568    4 
25 1 1 2 2 3 3 1  637    4 
25 1 1 2 2 3 3 1  534    4 
25 1 0 0 3 1 1 1  988    5 
25 1 1 0 0 1 1 1  502    5 
25 1 1 3 3 4 4 1  565    5 
25 1 0 0 3 1 1 1  538    4 
25 1 1 1 1 2 2 1  631    4 
25 1 1 3 3 4 4 1  657    4 
25 1 1 1 1 2 2 1  601    5 
25 1 0 3 2 4 4 1 1092    4 
25 1 0 3 2 4 4 1  602    4 
25 1 0 0 3 1 1 1 1093    4 
25 1 1 1 1 2 2 1  723    5 
25 1 0 3 2 4 4 1  800    5 
25 1 1 3 3 4 4 1  539    4 
25 1 0 2 1 3 3 1  696    5 
25 1 1 2 2 3 3 1  551    4 
25 1 0 3 2 4 4 1  588    4 
25 1 1 3 3 4 4 1  559    4 
25 1 1 2 2 3 3 1  612    5 
25 1 0 0 3 1 1 1  678    4 
25 1 0 2 1 3 3 1  782    4 
25 1 1 0 0 1 1 1  897    4 
25 1 1 1 1 2 2 1 1712    4 
25 1 0 1 0 2 2 1  627    4 
25 1 1 0 0 1 1 1 1308    4 
25 1 0 3 2 4 4 1 1409    5 
25 1 0 1 0 2 2 1  849    5 
25 1 1 2 2 3 3 1  537    4 
25 1 1 1 1 2 2 1  758    4 
25 1 0 1 0 2 2 1  658    4 
25 1 0 0 3 1 1 1  739    4 
25 1 1 0 0 1 1 1 1271    5 
25 1 1 0 0 1 1 1  493    4 
25 1 1 0 0 1 1 1  405    4 
25 1 0 1 0 2 2 1  792    4 
25 1 1 1 1 2 2 1  618    4 
25 1 0 0 3 1 1 1  693    5 
25 1 0 3 2 4 4 1  732    4 
25 1 0 0 3 1 1 1 1377    5 
25 1 1 2 2 3 3 1 1411    5 
25 1 1 3 3 4 4 1 1331    5 
25 1 1 2 2 3 3 1  734    4 
25 1 0 0 3 1 1 1  844    5 
25 1 1 2 2 3 3 1 1180    4 
25 1 0 2 1 3 3 1  598    4 
25 1 1 0 0 1 1 1  793    4 
25 1 1 0 0 1 1 1  556    5 
25 1 0 3 2 4 4 1  728    5 
25 1 0 1 0 2 2 1  830    5 
