11 1 1 2 2 3 3 1 3494    5 
11 1 0 0 2 1 1 1  685    4 
11 1 1 0 0 1 1 1  524    5 
11 1 0 1 3 2 2 1  906    5 
11 1 0 1 3 2 2 1  888    5 
11 1 0 1 3 2 2 1  574    5 
11 1 1 3 3 4 4 1  882    5 
11 1 0 1 3 2 1 0  697    4 
11 1 1 2 2 3 3 1  909    4 
11 1 0 2 0 3 3 1  747    4 
11 1 0 0 2 1 1 1  751    5 
11 1 1 3 3 4 4 1  716    5 
11 1 0 0 2 1 1 1  594    4 
11 1 1 0 0 1 1 1  469    5 
11 1 0 2 0 3 3 1 1798    5 
11 1 0 3 1 4 4 1 1197    5 
11 1 0 0 2 1 1 1  630    5 
11 1 0 3 1 4 4 1  712    4 
11 1 0 1 3 2 2 1 1166    4 
11 1 0 2 0 3 3 1 2241    4 
11 1 0 0 2 1 1 1  621    4 
11 1 1 2 2 3 3 1  975    4 
11 1 0 3 1 4 4 1  714    5 
11 1 0 2 0 3 3 1  832    5 
11 1 0 2 0 3 3 1  745    5 
11 1 1 0 0 1 1 1  630    5 
11 1 1 1 1 2 2 1  927    4 
11 1 1 2 2 3 3 1  836    5 
11 1 0 3 1 4 4 1  925    5 
11 1 0 1 3 2 2 1 1330    5 
11 1 1 2 2 3 3 1  782    4 
11 1 0 3 1 4 4 1  833    5 
11 1 0 2 0 3 3 1  730    5 
11 1 1 1 1 2 2 1  712    4 
11 1 1 0 0 1 1 1  438    4 
11 1 0 1 3 2 2 1  839    5 
11 1 1 1 1 2 2 1  792    5 
11 1 0 1 3 2 2 1  522    4 
11 1 0 2 0 3 3 1  584  109 
11 1 0 3 1 4 4 1  732    5 
11 1 0 1 3 2 2 1 1538    4 
11 1 0 1 3 2 2 1  613    4 
11 1 0 2 0 3 3 1 1831    5 
11 1 0 2 0 3 3 1  813    4 
11 1 1 1 1 2 2 1 1727    5 
11 1 1 0 0 1 1 1  529    4 
11 1 1 1 1 2 2 1  728    5 
11 1 0 3 1 4 4 1  589    4 
11 1 1 3 3 4 4 1  544    4 
11 1 0 0 2 1 1 1  757    4 
11 1 0 2 0 3 3 1 1025    5 
11 1 0 1 3 2 2 1 1714    4 
11 1 0 3 1 4 4 1  669    4 
11 1 1 3 3 4 4 1  477    5 
11 1 1 2 2 3 3 1 1022    4 
11 1 1 1 1 2 2 1  846    4 
11 1 0 2 0 3 3 1  775    4 
11 1 1 0 0 1 1 1  626    5 
11 1 1 0 0 1 1 1  451    5 
11 1 1 2 2 3 3 1 2845    5 
11 1 1 2 2 3 3 1  519    4 
11 1 1 2 2 3 3 1  422    4 
11 1 0 1 3 2 2 1  792    4 
11 1 1 3 3 4 4 1  602    5 
11 1 1 0 0 1 1 1  637    5 
11 1 0 3 1 4 4 1  694    4 
11 1 0 0 2 1 1 1  653    5 
11 1 1 0 0 1 1 1  453    5 
11 1 1 3 3 4 4 1  518    4 
11 1 1 1 1 2 2 1  621    4 
11 1 1 1 1 2 2 1  526    5 
11 1 0 1 3 2 2 1  492    4 
11 1 0 2 0 3 3 1  588    4 
11 1 1 3 3 4 4 1  639    4 
11 1 1 1 1 2 2 1  872    5 
11 1 0 0 2 1 1 1  631    4 
11 1 1 2 2 3 3 1  665    4 
11 1 0 0 2 1 1 1  633    4 
11 1 1 3 3 4 4 1  619    5 
11 1 1 0 0 1 1 1  653    4 
11 1 0 0 2 1 1 1  462    4 
11 1 0 3 1 4 4 1  470    5 
11 1 0 0 2 1 1 1  623    4 
11 1 1 2 2 3 3 1 1160    4 
11 1 0 1 3 2 2 1  707    4 
11 1 1 2 2 3 3 1  449    4 
11 1 0 2 0 3 3 1  667    4 
11 1 0 0 2 1 1 1  563    4 
11 1 1 2 2 3 3 1  672    4 
11 1 0 1 3 2 4 0  543    4 
11 1 1 0 0 1 1 1  690    4 
11 1 1 1 1 2 2 1  817    5 
11 1 1 0 0 1 1 1  739    5 
11 1 0 0 2 1 1 1  559    4 
11 1 1 3 3 4 4 1  668    5 
11 1 0 1 3 2 2 1  844    4 
11 1 0 0 2 1 1 1  869    4 
11 1 0 1 3 2 2 1  900    5 
11 1 1 1 1 2 2 1  539    4 
11 1 0 3 1 4 4 1  624    4 
11 1 0 1 3 2 2 1  674    5 
11 1 1 3 3 4 4 1 1009    4 
11 1 1 3 3 4 4 1  570    4 
11 1 0 2 0 3 3 1 1446    4 
11 1 0 1 3 2 2 1 2173    4 
11 1 0 1 3 2 2 1  853    4 
11 1 1 3 3 4 4 1 1189    4 
11 1 1 0 0 1 1 1  583    5 
11 1 0 1 3 2 2 1  810    4 
11 1 0 0 2 1 1 1  732    4 
11 1 0 3 1 4 4 1  658    4 
11 1 1 3 3 4 4 1  506    5 
11 1 0 3 1 4 4 1  569    4 
11 1 1 0 0 1 1 1  749    4 
11 1 1 2 2 3 4 0 1338    4 
11 1 1 2 2 3 3 1  482    5 
11 1 1 1 1 2 2 1  770    4 
11 1 1 0 0 1 1 1  566    5 
11 1 0 3 1 4 4 1  562    5 
11 1 0 2 0 3 3 1  663    5 
11 1 0 2 0 3 3 1  535    5 
11 1 1 0 0 1 1 1  653    5 
11 1 1 1 1 2 2 1  797    4 
11 1 0 2 0 3 3 1  656    4 
11 1 0 2 0 3 3 1  624    4 
11 1 1 3 3 4 4 1  682    5 
11 1 0 0 2 1 1 1  762    5 
11 1 1 1 1 2 2 1  926    4 
11 1 1 2 2 3 3 1 1418    5 
11 1 1 3 3 4 4 1  538    4 
11 1 1 1 1 2 2 1  856    4 
11 1 0 2 0 3 3 1  823    4 
11 1 0 2 0 3 3 1  641    5 
11 1 0 3 1 4 4 1  858    4 
11 1 0 1 3 2 2 1 1785    4 
11 1 1 3 3 4 4 1  682    4 
11 1 0 3 1 4 4 1  601    4 
11 1 0 0 2 1 1 1  796    4 
11 1 1 1 1 2 2 1  831    4 
11 1 0 0 2 1 1 1 1144    4 
11 1 1 3 3 4 4 1  571    4 
11 1 1 0 0 1 1 1  791    4 
11 1 0 3 1 4 4 1 1338    5 
11 1 1 0 0 1 1 1  757    4 
11 1 1 0 0 1 1 1  561    4 
11 1 1 0 0 1 1 1  509    4 
11 1 1 3 3 4 4 1  620    5 
11 1 1 2 2 3 3 1  950    4 
11 1 0 1 3 2 2 1  858    4 
11 1 1 3 3 4 4 1  706    5 
11 1 1 1 1 2 2 1 1848    4 
11 1 0 3 1 4 4 1  765    4 
11 1 1 0 0 1 1 1  737    5 
11 1 0 2 0 3 3 1 1142    5 
11 1 0 1 3 2 2 1 1089    4 
11 1 1 3 3 4 4 1  767    5 
11 1 0 3 1 4 4 1  563    5 
11 1 1 2 2 3 3 1 1088    4 
11 1 1 0 0 1 1 1  565    5 
11 1 1 2 2 3 3 1  602    5 
11 1 1 3 3 4 4 1  573    4 
11 1 0 1 3 2 2 1  769    4 
11 1 1 3 3 4 4 1  749    5 
11 1 0 2 0 3 3 1  690    4 
11 1 1 1 1 2 2 1  745    4 
11 1 1 3 3 4 4 1  549    4 
11 1 1 2 2 3 3 1  683    4 
11 1 1 0 0 1 1 1  730    4 
11 1 1 2 2 3 3 1  768    4 
11 1 1 3 3 4 4 1  684    5 
11 1 0 2 0 3 3 1 2107    4 
11 1 1 1 1 2 2 1  829    4 
11 1 0 0 2 1 1 1  742    4 
11 1 0 0 2 1 1 1  563    5 
11 1 0 3 1 4 4 1  559    5 
11 1 1 0 0 1 1 1  684    5 
11 1 0 2 0 3 3 1  612    4 
11 1 0 3 1 4 2 0  518    4 
11 1 1 0 0 1 1 1  874    4 
11 1 1 2 2 3 3 1  609    4 
11 1 0 2 0 3 3 1 1172    4 
11 1 0 1 3 2 2 1  990    4 
11 1 1 2 2 3 3 1 1616    4 
11 1 0 0 2 1 1 1  567    5 
11 1 1 1 1 2 2 1  708    5 
11 1 1 3 3 4 4 1  546    4 
11 1 0 3 1 4 4 1  599    5 
11 1 1 3 3 4 4 1  426    4 
11 1 0 1 3 2 2 1  845    4 
11 1 1 0 0 1 1 1 1013    4 
11 1 0 1 3 2 2 1  950    4 
11 1 1 0 0 1 1 1  890    5 
11 1 0 2 1 3 3 1 2227    4 
11 1 0 2 1 3 3 1  520    5 
11 1 0 0 3 1 1 1  686    5 
11 1 0 0 3 1 1 1  453    4 
11 1 0 1 0 2 2 1 1334    5 
11 1 1 1 1 2 2 1  970    5 
11 1 1 3 3 4 4 1 1029    4 
11 1 0 0 3 1 1 1  813    4 
11 1 0 3 2 4 4 1 1055    4 
11 1 0 2 1 3 3 1  806    4 
11 1 1 2 2 3 2 0  792    4 
11 1 1 3 3 4 4 1  632    5 
11 1 0 3 2 4 4 1  698    5 
11 1 0 1 0 2 2 1 1497    5 
11 1 1 3 3 4 4 1  589    5 
11 1 0 2 1 3 3 1  744    5 
11 1 1 2 2 3 3 1  789    5 
11 1 0 3 2 4 4 1  656    5 
11 1 1 3 3 4 4 1  552    4 
11 1 0 0 3 1 1 1 1237    4 
11 1 1 2 2 3 3 1 1101    4 
11 1 1 3 3 4 4 1  547    4 
11 1 1 1 1 2 2 1 1296    4 
11 1 0 3 2 4 4 1  741    5 
11 1 0 3 2 4 4 1  482    5 
11 1 0 3 2 4 4 1  554    4 
11 1 1 2 2 3 3 1 1407    4 
11 1 1 2 2 3 3 1  799    5 
11 1 1 1 1 2 2 1  697    4 
11 1 1 2 2 3 3 1  672    5 
11 1 0 0 3 1 1 1 1072    4 
11 1 1 1 1 2 2 1  974    5 
11 1 0 0 3 1 1 1  929    4 
11 1 0 3 2 4 4 1  573    4 
11 1 0 1 0 2 2 1 2745    4 
11 1 1 1 1 2 2 1  792    5 
11 1 1 2 2 3 3 1  915    5 
11 1 0 3 2 4 4 1 1344    5 
11 1 1 3 3 4 4 1  603    5 
11 1 1 0 0 1 1 1 1701    5 
11 1 0 2 1 3 3 1 1977    5 
11 1 0 1 0 2 2 1 3569    5 
11 1 1 3 3 4 4 1  580    4 
11 1 0 1 0 2 2 1 1512    4 
11 1 0 1 0 2 2 1 1244    4 
11 1 1 0 0 1 1 1  771    5 
11 1 0 2 1 3 3 1 1007    5 
11 1 0 2 1 3 3 1  608    5 
11 1 0 1 0 2 2 1 1290    4 
11 1 0 1 0 2 2 1 1415    4 
11 1 1 3 3 4 4 1  743    4 
11 1 1 1 1 2 2 1  676    5 
11 1 0 0 3 1 1 1  876    5 
11 1 0 2 1 3 3 1  683    5 
11 1 1 0 0 1 1 1  914    4 
11 1 0 2 1 3 3 1  776    4 
11 1 1 0 0 1 1 1  571    4 
11 1 1 0 0 1 1 1  583    4 
11 1 0 2 1 3 3 1  795    4 
11 1 1 2 2 3 3 1  925    4 
11 1 0 0 3 1 1 1  642    4 
11 1 1 2 2 3 3 1  899    4 
11 1 0 0 3 1 1 1  705    5 
11 1 1 3 3 4 4 1  624    4 
11 1 0 1 0 2 2 1  953    4 
11 1 1 1 1 2 2 1  613    4 
11 1 0 3 2 4 4 1  704    4 
11 1 0 2 1 3 3 1 1230    5 
11 1 1 0 0 1 1 1  550    4 
11 1 1 0 0 1 1 1  571    4 
11 1 0 2 1 3 3 1  927    4 
11 1 0 0 3 1 1 1  868    5 
11 1 1 1 1 2 2 1  716    5 
11 1 0 3 2 4 4 1  514    5 
11 1 1 2 2 3 3 1 1097    5 
11 1 0 1 0 2 2 1 1182    4 
11 1 0 1 0 2 2 1 1208    5 
11 1 1 1 1 2 2 1  689    4 
11 1 1 1 1 2 2 1  584    4 
11 1 0 1 0 2 2 1  996    4 
11 1 1 0 0 1 1 1  638    4 
11 1 0 1 0 2 2 1 1111    5 
11 1 0 1 0 2 2 1  820    5 
11 1 1 3 3 4 4 1  661    4 
11 1 1 3 3 4 4 1  430    4 
11 1 0 1 0 2 2 1  824    4 
11 1 0 1 0 2 2 1  953    5 
11 1 0 3 2 4 4 1  653    5 
11 1 1 3 3 4 4 1  573    5 
11 1 0 2 1 3 3 1 1817    5 
11 1 1 0 0 1 1 1  552    5 
11 1 0 3 2 4 4 1  581    4 
11 1 0 3 2 4 4 1  553    4 
11 1 0 0 3 1 1 1  621    4 
11 1 0 3 2 4 4 1  671    4 
11 1 1 3 3 4 4 1  495    4 
11 1 1 1 1 2 2 1 1254    4 
11 1 1 0 0 1 1 1  589    5 
11 1 0 0 3 1 1 1  624    4 
11 1 1 3 3 4 4 1  634    5 
11 1 1 0 0 1 1 1  644    4 
11 1 0 2 1 3 2 0  573    4 
11 1 1 1 1 2 3 0  774    4 
11 1 0 2 1 3 3 1  767    5 
11 1 0 3 2 4 4 1  779    4 
11 1 1 3 3 4 4 1  486    4 
11 1 1 3 3 4 4 1  421    4 
11 1 0 0 3 1 1 1  784    4 
11 1 1 0 0 1 1 1  819    5 
11 1 0 0 3 1 1 1  613    5 
11 1 0 2 1 3 3 1  775    5 
11 1 1 0 0 1 1 1  714    5 
11 1 0 3 2 4 4 1  561    4 
11 1 0 0 3 1 1 1  749    4 
11 1 1 3 3 4 4 1  530    4 
11 1 1 0 0 1 1 1  584    4 
11 1 1 1 1 2 2 1  772    5 
11 1 1 3 3 4 4 1  511    4 
11 1 1 2 2 3 3 1  574    4 
11 1 0 3 2 4 4 1  618    4 
11 1 1 2 2 3 3 1 1052    4 
11 1 0 2 1 3 3 1  660    5 
11 1 0 1 0 2 2 1 1404    4 
11 1 0 3 2 4 4 1  637    4 
11 1 1 0 0 1 1 1  654    5 
11 1 0 2 1 3 3 1 1678    5 
11 1 1 2 2 3 3 1  699    4 
11 1 0 1 0 2 1 0  802    4 
11 1 1 3 3 4 4 1  714    4 
11 1 0 0 3 1 1 1 1144    4 
11 1 0 2 1 3 3 1 2811    5 
11 1 1 0 0 1 1 1  551    4 
11 1 1 2 2 3 3 1  748    4 
11 1 0 3 2 4 4 1  545    5 
11 1 1 1 1 2 2 1 2086    4 
11 1 1 0 0 1 1 1 1506    5 
11 1 1 3 3 4 4 1  605    4 
11 1 1 2 2 3 3 1  848    5 
11 1 1 3 3 4 4 1  544    4 
11 1 1 0 0 1 1 1  790    4 
11 1 1 1 1 2 2 1  976    4 
11 1 0 2 1 3 3 1  763    4 
11 1 0 1 0 2 2 1 2247    5 
11 1 0 0 3 1 1 1  747    4 
11 1 1 0 0 1 1 1  696    4 
11 1 0 3 2 4 4 1  799    4 
11 1 1 3 3 4 4 1  601    5 
11 1 1 0 0 1 1 1  516    4 
11 1 1 3 3 4 4 1  579    5 
11 1 1 3 3 4 4 1  391    5 
11 1 0 1 0 2 2 1 1179    4 
11 1 1 0 0 1 1 1  557    4 
11 1 1 2 2 3 3 1  849    4 
11 1 0 1 0 2 2 1 1258    5 
11 1 1 1 1 2 2 1  560    5 
11 1 1 2 2 3 3 1  805    5 
11 1 0 0 3 1 1 1  807    4 
11 1 0 0 3 1 1 1  609    5 
11 1 1 1 1 2 2 1 1491    5 
11 1 1 1 1 2 2 1  647    5 
11 1 0 0 3 1 1 1  672    5 
11 1 0 2 1 3 3 1  656    4 
11 1 1 1 1 2 2 1 1040    5 
11 1 0 0 3 1 1 1  752    4 
11 1 0 0 3 1 1 1  693    4 
11 1 1 1 1 2 2 1 1908    4 
11 1 1 2 2 3 3 1  486    5 
11 1 1 1 1 2 2 1 1598    4 
11 1 0 1 0 2 2 1 1078    4 
11 1 1 2 2 3 3 1  652    5 
11 1 1 1 1 2 2 1 1109    4 
11 1 1 2 2 3 3 1  578    4 
11 1 0 0 3 1 1 1  630    4 
11 1 0 0 3 1 1 1  536    5 
11 1 0 1 0 2 2 1 1061    4 
11 1 1 2 2 3 3 1  644    5 
11 1 0 2 1 3 3 1  565    5 
11 1 0 3 2 4 4 1  650    4 
11 1 0 3 2 4 4 1  483    4 
11 1 1 2 2 3 3 1  675    4 
11 1 1 1 1 2 2 1  731    5 
11 1 1 2 2 3 3 1 1360    4 
11 1 0 0 3 1 1 1  658    4 
11 1 1 0 0 1 1 1  938    5 
11 1 0 1 0 2 2 1 1943    4 
11 1 1 3 3 4 4 1  616    4 
11 1 1 2 2 3 3 1 1466    5 
11 1 0 0 3 1 1 1  800    4 
11 1 0 2 1 3 3 1 1883    5 
11 1 1 1 1 2 2 1 1599    4 
11 1 1 2 2 3 3 1  719    5 
11 1 0 3 2 4 4 1  597    4 
