23 1 1 0 0 1 0 0 5000    4 
23 1 1 3 3 4 0 0 5000    5 
23 1 1 1 1 2 2 1  942    5 
23 1 1 2 2 3 3 1  834    5 
23 1 0 2 3 3 3 1  611    5 
23 1 1 0 0 1 1 1  869    5 
23 1 0 2 3 3 3 1  789    5 
23 1 1 0 0 1 1 1  815    4 
23 1 1 3 3 4 4 1  945    4 
23 1 0 0 1 1 1 1  717    4 
23 1 0 1 2 2 2 1  827    5 
23 1 1 1 1 2 1 0  741    5 
23 1 1 0 0 1 2 0  695    4 
23 1 1 1 1 2 2 1  835    4 
23 1 0 3 0 4 4 1  580    5 
23 1 0 1 2 2 2 1  680    4 
23 1 0 3 0 4 4 1  687    4 
23 1 0 2 3 3 3 1  678    4 
23 1 0 3 0 4 4 1  734    4 
23 1 1 2 2 3 3 1  915    5 
23 1 1 1 1 2 2 1  673    4 
23 1 1 3 3 4 4 1  952    5 
23 1 0 0 1 1 1 1  740    4 
23 1 1 2 2 3 4 0  713    5 
23 1 0 3 0 4 4 1  852    5 
23 1 0 2 3 3 3 1  605    5 
23 1 1 3 3 4 4 1  887    4 
23 1 0 0 1 1 1 1  630    4 
23 1 1 3 3 4 4 1  591    5 
23 1 1 1 1 2 2 1  674    5 
23 1 0 0 1 1 1 1  538    4 
23 1 1 0 0 1 1 1  615    5 
23 1 0 3 0 4 4 1  586    4 
23 1 1 3 3 4 4 1  397    4 
23 1 1 3 3 4 4 1  417    5 
23 1 1 3 3 4 4 1  428    5 
23 1 0 3 0 4 4 1  566    5 
23 1 0 1 2 2 2 1  619    5 
23 1 1 2 2 3 3 1  605    4 
23 1 0 2 3 3 3 1  440    4 
23 1 1 0 0 1 1 1  833    5 
23 1 0 0 1 1 1 1  458    4 
23 1 1 0 0 1 1 1  363    4 
23 1 1 3 3 4 4 1  552    4 
23 1 0 1 2 2 2 1  669    4 
23 1 0 0 1 1 1 1  549    4 
23 1 1 2 2 3 3 1  571    4 
23 1 1 1 1 2 2 1  567    5 
23 1 1 1 1 2 2 1  499    5 
23 1 0 2 3 3 4 0  699    4 
23 1 0 2 3 3 3 1  719    4 
23 1 1 3 3 4 4 1  389    5 
23 1 0 0 1 1 1 1  473    4 
23 1 0 1 2 2 2 1  681    4 
23 1 0 0 1 1 1 1  520    4 
23 1 1 0 0 1 1 1  406    5 
23 1 0 2 3 3 4 0  522    4 
23 1 1 1 1 2 2 1  741    4 
23 1 1 3 3 4 4 1  746    5 
23 1 1 1 1 2 1 0  774    5 
23 1 0 0 1 1 1 1  591    6 
23 1 1 0 0 1 1 1  450    4 
23 1 1 1 1 2 2 1  588    5 
23 1 1 0 0 1 1 1  711    4 
23 1 0 0 1 1 1 1  437    5 
23 1 1 0 0 1 1 1  374    4 
23 1 0 0 1 1 1 1  387    4 
23 1 0 3 0 4 1 0  751    4 
23 1 1 2 2 3 3 1  849    5 
23 1 0 1 2 2 2 1  617    4 
23 1 0 1 2 2 2 1  707    5 
23 1 0 0 1 1 3 0  698    5 
23 1 0 0 1 1 1 1  702    4 
23 1 0 1 2 2 2 1  717    5 
23 1 1 1 1 2 2 1  451    4 
23 1 1 0 0 1 1 1  516    4 
23 1 0 2 3 3 3 1  643    4 
23 1 0 2 3 3 3 1  380    4 
23 1 0 2 3 3 3 1  393    5 
23 1 1 2 2 3 3 1  492    4 
23 1 1 3 3 4 4 1  476    4 
23 1 0 2 3 3 3 1  676    5 
23 1 0 0 1 1 1 1  628    5 
23 1 0 2 3 3 4 0  573    4 
23 1 0 2 3 3 3 1  591    4 
23 1 0 0 1 1 1 1  586    4 
23 1 0 0 1 1 1 1  373    5 
23 1 1 0 0 1 1 1  393    4 
23 1 1 2 2 3 3 1  549    4 
23 1 0 0 1 1 1 1  602    5 
23 1 1 2 2 3 3 1  429    4 
23 1 1 1 1 2 2 1  655    5 
23 1 1 3 3 4 4 1  568  239 
23 1 1 2 2 3 3 1  436    4 
23 1 1 1 1 2 2 1  670    5 
23 1 0 3 0 4 4 1  637    4 
23 1 0 3 0 4 4 1  430    4 
23 1 1 2 2 3 3 1  529    5 
23 1 0 0 1 1 1 1  703    5 
23 1 1 1 1 2 2 1  957    4 
23 1 0 2 3 3 3 1  704    4 
23 1 0 3 0 4 4 1  398    5 
23 1 0 3 0 4 4 1  490    4 
23 1 0 1 2 2 2 1  658    4 
23 1 1 2 2 3 3 1  514    4 
23 1 1 0 0 1 1 1  585    4 
23 1 1 1 1 2 2 1  636    4 
23 1 0 1 2 2 2 1  630    4 
23 1 1 3 3 4 4 1  671    4 
23 1 1 3 3 4 4 1  343    5 
23 1 1 2 2 3 3 1  461    4 
23 1 1 0 0 1 1 1  454    4 
23 1 0 2 3 3 4 0  727    5 
23 1 1 0 0 1 1 1  689    5 
23 1 1 1 1 2 2 1  560    5 
23 1 0 2 3 3 3 1  653    4 
23 1 0 2 3 3 3 1  381    4 
23 1 0 1 2 2 2 1  761    5 
23 1 1 0 0 1 1 1  589    5 
23 1 0 2 3 3 4 0  505    5 
23 1 1 0 0 1 1 1  581    4 
23 1 1 1 1 2 2 1  632    5 
23 1 1 3 3 4 4 1  602    5 
23 1 1 2 2 3 3 1  437    4 
23 1 0 1 2 2 2 1  623    5 
23 1 1 2 2 3 3 1  569    4 
23 1 1 2 2 3 3 1  381    5 
23 1 1 3 3 4 4 1  466    5 
23 1 1 1 1 2 2 1  947    5 
23 1 1 2 2 3 3 1  559    5 
23 1 1 1 1 2 2 1  603    4 
23 1 1 2 2 3 3 1  430    4 
23 1 0 3 0 4 1 0  440    4 
23 1 1 1 1 2 2 1  583    4 
23 1 0 0 1 1 1 1  731    4 
23 1 1 2 2 3 3 1  544    4 
23 1 1 3 3 4 4 1  358    4 
23 1 0 0 1 1 1 1  691    4 
23 1 0 1 2 2 2 1  442    5 
23 1 0 3 0 4 4 1  475    4 
23 1 0 0 1 1 1 1  652    4 
23 1 1 3 3 4 4 1  597    4 
23 1 0 2 3 3 3 1  600    4 
23 1 0 3 0 4 1 0  483    4 
23 1 0 1 2 2 2 1  696    4 
23 1 1 3 3 4 4 1  471    5 
23 1 1 2 2 3 3 1  719    4 
23 1 0 3 0 4 4 1  813    5 
23 1 0 3 0 4 4 1  503    4 
23 1 1 1 1 2 2 1  773    4 
23 1 1 1 1 2 2 1  425    4 
23 1 0 3 0 4 3 0  611    4 
23 1 0 2 3 3 3 1 1051    5 
23 1 1 3 3 4 4 1  546    5 
23 1 0 0 1 1 1 1  656    5 
23 1 1 0 0 1 1 1  392    4 
23 1 0 0 1 1 1 1  492    4 
23 1 0 1 2 2 2 1  435    5 
23 1 0 2 3 3 3 1  733    4 
23 1 1 3 3 4 4 1  434    4 
23 1 0 2 3 3 3 1  573    4 
23 1 1 2 2 3 3 1  409    5 
23 1 0 3 0 4 4 1  548    5 
23 1 1 0 0 1 1 1  409    5 
23 1 0 3 0 4 4 1  580    5 
23 1 0 3 0 4 4 1  472    5 
23 1 0 1 2 2 2 1  656    5 
23 1 1 0 0 1 1 1  704    4 
23 1 0 2 3 3 3 1  663    5 
23 1 1 1 1 2 2 1  639    5 
23 1 0 1 2 2 2 1  472    4 
23 1 1 1 1 2 2 1  464    5 
23 1 0 1 2 2 1 0  609    4 
23 1 1 3 3 4 4 1  545    4 
23 1 1 2 2 3 3 1  702    4 
23 1 0 1 2 2 3 0  477    4 
23 1 0 0 1 1 2 0  826    4 
23 1 0 3 0 4 4 1  753    4 
23 1 0 3 0 4 4 1  525    4 
23 1 0 3 0 4 4 1  339    5 
23 1 1 3 3 4 4 1  385    4 
23 1 1 2 2 3 3 1  533    4 
23 1 0 0 1 1 1 1  627    4 
23 1 1 1 1 2 2 1  629    5 
23 1 0 1 2 2 2 1  623    4 
23 1 0 0 1 1 1 1  680    5 
23 1 1 1 1 2 2 1  560    5 
23 1 0 1 2 2 2 1  572    5 
23 1 1 1 1 2 2 1  392    4 
23 1 0 2 3 3 3 1  628    5 
23 1 1 3 3 4 4 1  518    4 
23 1 0 0 1 1 1 1  709    4 
23 1 0 3 0 4 2 0 1580    4 
23 1 1 2 2 3 3 1 1170    4 
23 1 1 0 0 1 1 1  917    4 
23 1 0 0 1 1 1 1  474    4 
23 1 0 0 1 1 1 1  386    5 
23 1 0 0 1 1 1 1  366    4 
23 1 0 0 1 1 1 1  363    4 
23 1 1 3 3 4 3 0  577    5 
23 1 0 2 3 3 3 1  754    5 
23 1 0 3 0 4 1 0  838    4 
23 1 0 3 0 4 4 1  515    5 
23 1 1 0 0 1 2 0 1154    4 
23 1 0 0 1 1 1 1  987    5 
23 1 1 1 1 2 2 1  613    4 
23 1 1 2 2 3 3 1  567    4 
23 1 0 3 0 4 4 1  644    5 
23 1 1 2 2 3 3 1  469    5 
23 1 1 3 3 4 4 1  437    4 
23 1 0 2 3 3 3 1  679    4 
23 1 1 0 0 1 1 1  622    4 
23 1 1 3 3 4 4 1  968    4 
23 1 0 2 3 3 3 1  627    5 
23 1 0 0 1 1 1 1  773    5 
23 1 0 1 2 2 2 1  904    4 
23 1 0 3 0 4 4 1  574    5 
23 1 1 2 2 3 3 1  514    5 
23 1 1 3 3 4 2 0  729    5 
23 1 1 1 1 2 3 0  811    5 
23 1 0 0 1 1 1 1  970    5 
23 1 1 0 0 1 1 1  437    4 
23 1 1 2 2 3 3 1  503    4 
23 1 0 1 2 2 4 0  837    5 
23 1 0 2 3 3 3 1  715    5 
23 1 0 2 3 3 3 1  457    4 
23 1 0 0 1 1 1 1  554    4 
23 1 0 0 1 1 1 1  383    4 
23 1 0 3 0 4 4 1  627    4 
23 1 1 3 3 4 4 1  525    4 
23 1 1 0 0 1 1 1 1275    5 
23 1 1 3 3 4 4 1  513    5 
23 1 0 0 1 1 1 1  847    5 
23 1 0 2 3 3 3 1 1472    5 
23 1 0 0 1 1 1 1  845    4 
23 1 1 2 2 3 3 1  541    5 
23 1 0 3 0 4 2 0 1035    4 
23 1 1 1 1 2 1 0  880    5 
23 1 0 3 0 4 4 1 1917    5 
23 1 1 1 1 2 2 1 1175    4 
23 1 0 2 3 3 3 1  697    5 
23 1 0 2 3 3 3 1  400    4 
23 1 0 1 2 2 2 1  668    4 
23 1 1 1 1 2 2 1  436    5 
23 1 1 3 3 4 4 1  782    5 
23 1 1 1 1 2 2 1  553    4 
23 1 0 0 1 1 3 0  686    5 
23 1 0 3 0 4 4 1  538    4 
23 1 1 1 1 2 2 1  744    5 
23 1 1 1 1 2 2 1  477    4 
23 1 0 2 3 3 3 1  965    5 
23 1 1 1 1 2 2 1 1016    4 
23 1 0 1 2 2 2 1  521    5 
23 1 1 2 2 3 3 1  823    4 
23 1 0 3 0 4 4 1  849    5 
23 1 1 1 1 2 3 0  857    5 
23 1 0 2 3 3 2 0 1430    5 
23 1 0 1 2 2 2 1  706    4 
23 1 0 0 1 1 1 1 1529    5 
23 1 0 0 1 1 1 1  460    5 
23 1 0 1 2 2 3 0  876    4 
23 1 1 2 2 3 3 1 1289    4 
23 1 0 2 3 3 3 1  478    5 
23 1 1 1 1 2 2 1  574    4 
23 1 1 0 0 1 1 1  474    4 
23 1 0 3 0 4 4 1  546    5 
23 1 0 0 1 1 1 1 1319    4 
23 1 1 3 3 4 4 1  500    4 
23 1 0 0 1 1 1 1  899    5 
23 1 0 1 2 2 2 1  729    4 
23 1 0 2 3 3 4 0  495    4 
23 1 0 1 2 2 2 1  603    4 
23 1 1 2 2 3 3 1  574    5 
23 1 1 3 3 4 4 1  458    4 
23 1 0 3 0 4 4 1  491    4 
23 1 1 1 1 2 2 1 1282    5 
23 1 1 0 0 1 3 0  600    4 
23 1 1 1 1 2 2 1  704    4 
23 1 0 2 3 3 3 1  855    4 
23 1 0 1 2 2 2 1  886    4 
23 1 1 2 2 3 3 1 2189    5 
23 1 1 2 2 3 3 1  444    5 
23 1 1 3 3 4 2 0  694    4 
23 1 0 3 0 4 4 1  594    4 
23 1 1 1 1 2 2 1  677    4 
23 1 1 3 3 4 4 1  613    5 
23 1 1 0 0 1 3 0  927    5 
23 1 0 3 0 4 4 1 1017    5 
23 1 1 2 2 3 3 1 1442    5 
23 1 1 0 0 1 1 1  641    4 
23 1 0 3 0 4 4 1  522    4 
23 1 1 3 3 4 4 1  456    4 
23 1 0 0 1 1 1 1  737    5 
23 1 1 3 3 4 4 1  598    4 
23 1 1 0 0 1 1 1 1177    5 
23 1 1 1 1 2 2 1  587    4 
23 1 1 0 0 1 1 1  574    4 
23 1 1 2 2 3 3 1  682    4 
23 1 1 1 1 2 2 1  666    4 
23 1 1 2 2 3 3 1  594    5 
23 1 0 1 2 2 3 0  477    5 
23 1 0 2 3 3 3 1  650    4 
23 1 0 1 2 2 2 1  507    4 
23 1 1 0 0 1 1 1  386    4 
23 1 1 3 3 4 4 1  366    4 
23 1 1 1 1 2 2 1  611    4 
23 1 1 0 0 1 1 1  566    4 
23 1 1 1 1 2 2 1  602    4 
23 1 1 2 2 3 3 1  469    4 
23 1 1 3 3 4 4 1  438    4 
23 1 1 1 1 2 2 1  551    5 
23 1 1 0 0 1 1 1  460    5 
23 1 1 1 1 2 2 1  485    5 
23 1 0 2 3 3 4 0  533    4 
23 1 1 0 0 1 1 1  728    5 
23 1 1 3 3 4 4 1  526    5 
23 1 0 2 3 3 3 1  836  122 
23 1 1 2 2 3 3 1  437    4 
23 1 0 1 2 2 2 1  718    4 
23 1 0 0 1 1 1 1  444    5 
23 1 1 3 3 4 4 1  470    5 
23 1 1 2 2 3 3 1  654    4 
23 1 0 0 1 1 1 1  991    5 
23 1 0 2 3 3 4 0  505    4 
23 1 0 3 0 4 4 1  677    5 
23 1 0 1 2 2 2 1  596    4 
23 1 1 0 0 1 1 1  935    5 
23 1 0 1 2 2 2 1  604    4 
23 1 0 1 2 2 2 1  591    4 
23 1 0 1 2 2 2 1  434    4 
23 1 0 0 1 1 1 1  804    4 
23 1 1 1 1 2 2 1  478    5 
23 1 0 0 1 1 1 1  590    4 
23 1 1 3 3 4 4 1  577    4 
23 1 1 3 3 4 4 1  389    4 
23 1 1 3 3 4 4 1  369    4 
23 1 0 1 2 2 3 0  541    4 
23 1 1 2 2 3 3 1  648    5 
23 1 0 2 3 3 3 1  537    5 
23 1 0 0 1 1 1 1  542    4 
23 1 0 2 3 3 4 0  668    5 
23 1 0 2 3 3 3 1  409    5 
23 1 0 1 2 2 2 1  724    4 
23 1 1 2 2 3 3 1 1522    5 
23 1 0 1 2 2 2 1  605    5 
23 1 1 3 3 4 4 1  560    4 
23 1 1 3 3 4 4 1  604    5 
23 1 0 3 0 4 4 1  495    5 
23 1 0 0 1 1 1 1  894    4 
23 1 1 1 1 2 2 1 1573    4 
23 1 1 0 0 1 1 1  525    4 
23 1 0 0 1 1 1 1  595    4 
23 1 1 3 3 4 4 1  431    4 
23 1 0 3 0 4 4 1  473    5 
23 1 0 3 0 4 4 1  361    4 
23 1 1 3 3 4 4 1  366    4 
23 1 1 1 1 2 1 0  740    4 
23 1 1 3 3 4 4 1  925    5 
23 1 1 0 0 1 3 0  954    4 
23 1 1 2 2 3 3 1  555    5 
23 1 1 1 1 2 2 1  824    4 
23 1 1 2 2 3 3 1  801    4 
23 1 1 1 1 2 2 1  507    4 
23 1 1 1 1 2 2 1  546    4 
23 1 1 0 0 1 1 1  591    5 
23 1 0 0 1 1 1 1  634    5 
23 1 1 2 2 3 3 1  780    4 
23 1 1 3 3 4 4 1  367    4 
23 1 0 1 2 2 3 0  437    4 
23 1 0 2 3 3 3 1  716    4 
23 1 0 2 3 3 3 1  434    5 
23 1 0 0 1 1 2 0  988    4 
23 1 0 3 0 4 1 0  779    4 
23 1 0 3 0 4 4 1  532    5 
23 1 0 2 3 3 3 1  794    4 
23 1 0 0 1 1 1 1  852    5 
23 1 0 1 2 2 2 1 1365    4 
23 1 1 3 3 4 4 1  615    4 
23 1 1 2 2 3 3 1  569    4 
23 1 0 0 1 1 1 1  837   12 
23 1 0 2 3 3 3 1  694    5 
23 1 0 1 2 2 2 1  765    4 
23 1 0 2 3 3 3 1  592    4 
23 1 1 0 0 1 1 1  604    5 
