20 1 1 3 3 4 4 1 2374    5 
20 1 1 1 1 2 2 1 1637    4 
20 1 1 1 1 2 2 1  500    4 
20 1 0 0 2 1 1 1  675    4 
20 1 1 1 1 2 2 1  699    4 
20 1 1 2 2 3 3 1  769    5 
20 1 1 2 2 3 3 1  405    4 
20 1 1 2 2 3 3 1  480    5 
20 1 1 2 2 3 3 1  489    4 
20 1 1 2 2 3 3 1  384    5 
20 1 1 3 3 4 4 1 1341    4 
20 1 0 3 1 4 4 1  552    4 
20 1 1 2 2 3 3 1  493    5 
20 1 0 1 3 2 1 0  916    5 
20 1 0 0 2 1 1 1  927    4 
20 1 1 0 0 1 1 1  404    4 
20 1 1 3 3 4 4 1  455    5 
20 1 1 2 2 3 3 1  416    4 
20 1 1 1 1 2 2 1  723    4 
20 1 0 2 0 3 3 1  960    4 
20 1 1 3 3 4 4 1  540    4 
20 1 0 0 2 1 1 1  609    4 
20 1 1 2 2 3 3 1 1140    4 
20 1 0 2 0 3 3 1  495    4 
20 1 1 2 2 3 3 1  454    5 
20 1 0 2 0 3 3 1  639    4 
20 1 1 0 0 1 1 1  608    4 
20 1 1 0 0 1 1 1  363    5 
20 1 0 2 0 3 3 1 1040    4 
20 1 0 2 0 3 3 1  472    4 
20 1 0 2 0 3 3 1  392    4 
20 1 0 1 3 2 2 1  748    4 
20 1 0 1 3 2 2 1  400    5 
20 1 1 2 2 3 3 1  548    4 
20 1 1 1 1 2 2 1  890    5 
20 1 0 2 0 3 1 0  552    5 
20 1 0 1 3 2 2 1 1370    4 
20 1 1 1 1 2 2 1  445    4 
20 1 0 1 3 2 2 1  606    4 
20 1 0 2 0 3 3 1  745    5 
20 1 1 3 3 4 4 1  461    4 
20 1 0 3 1 4 4 1  446    4 
20 1 1 2 2 3 3 1  592    5 
20 1 1 1 1 2 2 1 1091    4 
20 1 1 0 0 1 1 1  577    4 
20 1 0 1 3 2 2 1 1149    4 
20 1 1 0 0 1 3 0  736    4 
20 1 0 1 3 2 2 1  811    5 
20 1 1 1 1 2 2 1  429    5 
20 1 0 0 2 1 1 1  559    5 
20 1 1 1 1 2 2 1  459    4 
20 1 1 1 1 2 2 1  548    5 
20 1 0 0 2 1 1 1  354    5 
20 1 1 3 3 4 4 1  631    4 
20 1 0 3 1 4 4 1  457    4 
20 1 1 2 2 3 3 1  506    4 
20 1 1 1 1 2 2 1  776    4 
20 1 1 1 1 2 2 1  708    4 
20 1 1 1 1 2 2 1  514    5 
20 1 0 2 0 3 3 1  737    5 
20 1 0 0 2 1 1 1 1237    4 
20 1 0 0 2 1 1 1  437    5 
20 1 0 0 2 1 1 1  375    4 
20 1 0 3 1 4 4 1  891    4 
20 1 0 2 0 3 3 1  673    5 
20 1 0 3 1 4 4 1  481    4 
20 1 1 2 2 3 3 1  593    4 
20 1 1 0 0 1 1 1  636    5 
20 1 1 3 3 4 2 0  517    4 
20 1 1 1 1 2 2 1 1225    5 
20 1 0 0 2 1 1 1  625    4 
20 1 0 2 0 3 3 1 1283    5 
20 1 0 2 0 3 3 1  425    4 
20 1 0 3 1 4 4 1  579    5 
20 1 0 3 1 4 4 1  471    4 
20 1 0 1 3 2 2 1  703    5 
20 1 1 0 0 1 1 1  517    5 
20 1 0 2 0 3 3 1  852    4 
20 1 0 2 0 3 3 1  453    4 
20 1 1 0 0 1 1 1  861    5 
20 1 1 0 0 1 1 1  389    5 
20 1 1 3 3 4 4 1  697    5 
20 1 0 2 0 3 3 1  864    5 
20 1 1 1 1 2 2 1 1263    4 
20 1 0 2 0 3 3 1  886    5 
20 1 0 0 2 1 1 1  661    4 
20 1 0 2 0 3 3 1  829    5 
20 1 1 0 0 1 1 1  638    4 
20 1 0 3 1 4 4 1  567    5 
20 1 1 1 1 2 2 1 1956    4 
20 1 1 3 3 4 4 1  725    5 
20 1 0 2 0 3 3 1 1539    4 
20 1 0 2 0 3 3 1  469    4 
20 1 1 2 2 3 3 1  461    4 
20 1 1 2 2 3 3 1  454    4 
20 1 0 3 1 4 4 1  719    5 
20 1 1 1 1 2 2 1 1229    4 
20 1 1 0 0 1 1 1  581    4 
20 1 0 2 0 3 3 1  857    5 
20 1 1 0 0 1 1 1  632    5 
20 1 1 0 0 1 1 1  458    5 
20 1 1 3 3 4 4 1  755    5 
20 1 1 1 1 2 2 1  831    4 
20 1 0 3 1 4 4 1  648    5 
20 1 1 0 0 1 1 1  561    4 
20 1 1 3 3 4 4 1  646    4 
20 1 1 3 3 4 4 1  399    4 
20 1 0 3 1 4 4 1  522    4 
20 1 1 0 0 1 1 1  553    5 
20 1 0 3 1 4 4 1  557    4 
20 1 0 3 1 4 4 1  370    4 
20 1 0 0 2 1 1 1  678    4 
20 1 1 1 1 2 2 1  958    4 
20 1 0 3 1 4 4 1  513    4 
20 1 0 0 2 1 1 1  608    4 
20 1 1 1 1 2 2 1 1026    4 
20 1 0 0 2 1 1 1  571    5 
20 1 0 3 1 4 4 1  703    5 
20 1 1 2 2 3 3 1  621    4 
20 1 1 0 0 1 1 1  863    4 
20 1 0 0 2 1 1 1  414    4 
20 1 0 0 2 1 1 1  505    5 
20 1 1 2 2 3 3 1  960    5 
20 1 0 1 3 2 2 1 2676    5 
20 1 0 0 2 1 3 0  541    4 
20 1 1 1 1 2 2 1 1120    4 
20 1 1 1 1 2 2 1  533    4 
20 1 0 1 3 2 2 1  499    5 
20 1 1 0 0 1 1 1  842    5 
20 1 0 3 1 4 4 1  691    4 
20 1 1 3 3 4 4 1  809    4 
20 1 0 2 0 3 3 1  771    4 
20 1 0 3 1 4 4 1  630    4 
20 1 1 0 0 1 1 1  624    5 
20 1 0 3 1 4 4 1  562    5 
20 1 0 2 0 3 3 1  959    4 
20 1 1 2 2 3 3 1  538    5 
20 1 1 3 3 4 4 1 1175    4 
20 1 0 3 1 4 4 1  545    5 
20 1 0 0 2 1 1 1  759    5 
20 1 0 2 0 3 3 1  683    4 
20 1 0 0 2 1 1 1  770    5 
20 1 1 1 1 2 2 1 2062    4 
20 1 1 1 1 2 2 1  426    5 
20 1 0 1 3 2 2 1  540    4 
20 1 0 3 1 4 4 1  641    5 
20 1 0 0 2 1 1 1  602    4 
20 1 1 3 3 4 4 1  525    4 
20 1 1 3 3 4 4 1  427    4 
20 1 1 2 2 3 3 1  734    5 
20 1 0 3 1 4 2 0  563    5 
20 1 0 3 1 4 4 1  557    5 
20 1 0 0 2 1 1 1  594    4 
20 1 0 2 0 3 3 1  629    5 
20 1 0 0 2 1 1 1 1159    5 
20 1 1 3 3 4 4 1  633    5 
20 1 0 2 0 3 1 0  651    4 
20 1 1 0 0 1 1 1  889    5 
20 1 0 2 0 3 3 1  696    4 
20 1 0 3 1 4 4 1 1038    4 
20 1 1 1 1 2 2 1 1374    5 
20 1 1 1 1 2 2 1  552    4 
20 1 1 0 0 1 1 1 1229    5 
20 1 1 3 3 4 4 1  597    4 
20 1 0 1 3 2 2 1  728    4 
20 1 1 1 1 2 2 1  501    4 
20 1 1 2 2 3 3 1  765    4 
20 1 1 0 0 1 1 1  825    5 
20 1 1 2 2 3 3 1 1298    5 
20 1 1 3 3 4 4 1  655    5 
20 1 0 1 3 2 1 0  999    5 
20 1 1 2 2 3 3 1  855    5 
20 1 0 0 2 1 1 1  846    5 
20 1 1 0 0 1 1 1 1055    5 
20 1 0 0 2 1 1 1  470    4 
20 1 1 1 1 2 2 1 1838    4 
20 1 1 3 3 4 4 1  660    5 
20 1 1 0 0 1 1 1 1644    4 
20 1 1 0 0 1 1 1  658    5 
20 1 0 3 1 4 4 1  835    4 
20 1 0 1 3 2 2 1 1252    4 
20 1 0 1 3 2 2 1  467    4 
20 1 0 1 3 2 2 1  684    4 
20 1 1 3 3 4 4 1  748    5 
20 1 1 0 0 1 1 1 1112    4 
20 1 0 1 3 2 2 1 1269    4 
20 1 0 3 1 4 4 1  652    4 
20 1 0 1 3 2 2 1 1325    5 
20 1 0 3 1 4 4 1  568    4 
20 1 0 1 3 2 2 1  941    4 
20 1 0 3 1 4 4 1  433    5 
20 1 0 1 3 2 2 1  339    4 
20 1 0 0 1 1 1 1 1570    4 
20 1 1 2 2 3 3 1  739    5 
20 1 1 3 3 4 4 1  624    4 
20 1 1 3 3 4 4 1  370    4 
20 1 1 2 2 3 3 1  662    4 
20 1 1 0 0 1 1 1  591    4 
20 1 0 1 2 2 2 1  706    4 
20 1 1 2 2 3 3 1  640    4 
20 1 0 1 2 2 2 1  793    5 
20 1 1 1 1 2 2 1  539    4 
20 1 0 0 1 1 1 1  793    5 
20 1 1 0 0 1 1 1  443    4 
20 1 0 3 0 4 4 1  549    5 
20 1 1 1 1 2 2 1  946    4 
20 1 0 3 0 4 4 1  734    5 
20 1 0 3 0 4 4 1  468    5 
20 1 1 3 3 4 4 1  501    5 
20 1 0 0 1 1 1 1  676    5 
20 1 1 0 0 1 1 1  460    4 
20 1 1 3 3 4 4 1  501    4 
20 1 1 0 0 1 1 1  860    5 
20 1 1 2 2 3 3 1 1156    4 
20 1 0 3 0 4 4 1 1023    5 
20 1 0 2 3 3 3 1 1247    4 
20 1 0 1 2 2 2 1 1070    4 
20 1 0 2 3 3 3 1 1717    4 
20 1 0 0 1 1 1 1 1017    5 
20 1 1 0 0 1 1 1  514    4 
20 1 1 2 2 3 3 1  720    4 
20 1 0 3 0 4 4 1  574    5 
20 1 0 0 1 1 1 1  650    5 
20 1 0 3 0 4 4 1  731    4 
20 1 1 0 0 1 1 1 1552    4 
20 1 1 0 0 1 1 1  507    5 
20 1 1 3 3 4 4 1  857    5 
20 1 1 1 1 2 2 1 2001    4 
20 1 1 1 1 2 2 1  512    4 
20 1 0 3 0 4 4 1  647    4 
20 1 1 2 2 3 3 1  880    5 
20 1 0 3 0 4 4 1  639    4 
20 1 0 2 3 3 3 1  728    4 
20 1 1 3 3 4 4 1  549    5 
20 1 0 2 3 3 3 1  602    5 
20 1 1 1 1 2 2 1 2829    5 
20 1 1 2 2 3 3 1  736    4 
20 1 0 1 2 2 2 1 1021    4 
20 1 1 1 1 2 2 1  598    4 
20 1 0 1 2 2 2 1  537    4 
20 1 1 1 1 2 2 1  582    4 
20 1 1 2 2 3 3 1 1858    4 
20 1 1 1 1 2 2 1  615    4 
20 1 1 2 2 3 3 1  857    5 
20 1 0 0 1 1 1 1 1073    4 
20 1 0 0 1 1 1 1  431    4 
20 1 0 2 3 3 3 1 2954    5 
20 1 1 1 1 2 2 1 1144    4 
20 1 1 1 1 2 2 1  555    4 
20 1 0 2 3 3 3 1  808    5 
20 1 1 3 3 4 4 1  858    5 
20 1 1 1 1 2 2 1  729    4 
20 1 1 3 3 4 4 1  599    5 
20 1 1 2 2 3 3 1  562    4 
20 1 0 3 0 4 4 1  647    5 
20 1 1 3 3 4 4 1  480    4 
20 1 1 2 2 3 3 1  592    4 
20 1 0 0 1 1 1 1  627    5 
20 1 0 2 3 3 3 1  717    4 
20 1 1 3 3 4 4 1  611    4 
20 1 0 0 1 1 1 1  693    4 
20 1 1 1 1 2 2 1  732    4 
20 1 0 2 3 3 3 1  666    4 
20 1 0 1 2 2 2 1 1250    4 
20 1 1 3 3 4 4 1  585    4 
20 1 0 1 2 2 3 0  709    4 
20 1 1 3 3 4 4 1  648    4 
20 1 0 3 0 4 4 1  433    5 
20 1 0 1 2 2 2 1  892    4 
20 1 0 0 1 1 1 1  626    5 
20 1 1 1 1 2 2 1  852    5 
20 1 0 1 2 2 2 1  940    5 
20 1 1 2 2 3 3 1  696    5 
20 1 0 0 1 1 1 1  559    4 
20 1 0 2 3 3 3 1  796    5 
20 1 0 0 1 1 1 1  574    5 
20 1 1 2 2 3 3 1  474    5 
20 1 0 1 2 2 3 0  498    5 
20 1 0 1 2 2 2 1  863    4 
20 1 1 3 3 4 4 1 1087    5 
20 1 1 0 0 1 1 1  525    4 
20 1 1 3 3 4 4 1  523    4 
20 1 1 3 3 4 4 1  441    4 
20 1 0 1 2 2 2 1 1779    4 
20 1 0 0 1 1 1 1  587    4 
20 1 1 2 2 3 3 1  854    5 
20 1 1 1 1 2 2 1 2510    4 
20 1 1 3 3 4 4 1  511    4 
20 1 1 2 2 3 3 1  629    4 
20 1 1 0 0 1 1 1  871    4 
20 1 1 0 0 1 1 1  486    4 
20 1 1 2 2 3 3 1 1262    5 
20 1 0 1 2 2 2 1 1236    4 
20 1 1 0 0 1 1 1  748    5 
20 1 0 0 1 1 1 1  473    4 
20 1 1 3 3 4 4 1  617    4 
20 1 0 0 1 1 1 1  643    4 
20 1 0 1 2 2 3 0 1772    4 
20 1 0 0 1 1 1 1  650    5 
20 1 0 3 0 4 4 1  580    4 
20 1 1 1 1 2 2 1  711    4 
20 1 1 3 3 4 4 1  646    4 
20 1 1 3 3 4 4 1  423    5 
20 1 1 3 3 4 4 1  401    4 
20 1 0 1 2 2 2 1 1877    4 
20 1 0 1 2 2 2 1  665    5 
20 1 0 0 1 1 1 1  577    4 
20 1 0 0 1 1 1 1  429    5 
20 1 1 0 0 1 1 1  407    4 
20 1 0 2 3 3 3 1 2338    4 
20 1 1 1 1 2 2 1 1499    5 
20 1 0 1 2 2 2 1  543    5 
20 1 0 2 3 3 3 1  957    5 
20 1 0 0 1 1 1 1  600    5 
20 1 1 1 1 2 2 1 3251    4 
20 1 1 3 3 4 4 1 1484    5 
20 1 1 0 0 1 1 1  649    4 
20 1 1 1 1 2 2 1 3018    4 
20 1 1 2 2 3 3 1  718    4 
20 1 1 2 2 3 3 1  436    5 
20 1 1 2 2 3 3 1  413    4 
20 1 0 2 3 3 3 1  880    4 
20 1 0 0 1 1 1 1  695    4 
20 1 0 0 1 1 1 1  398    5 
20 1 1 1 1 2 2 1 2170    5 
20 1 0 0 1 1 1 1  546    4 
20 1 0 0 1 1 1 1 1359    5 
20 1 0 0 1 1 1 1  489    4 
20 1 1 3 3 4 4 1  753    5 
20 1 0 2 3 3 3 1  605    4 
20 1 1 2 2 3 3 1  551    5 
20 1 0 3 0 4 1 0  444    4 
20 1 0 1 2 2 2 1  891    4 
20 1 0 0 1 1 1 1  842    4 
20 1 1 1 1 2 2 1  682    4 
20 1 0 1 2 2 2 1  626    5 
20 1 0 1 2 2 2 1  491    4 
20 1 0 1 2 2 2 1  451    4 
20 1 0 2 3 3 3 1  900    5 
20 1 1 3 3 4 4 1  475    4 
20 1 1 0 0 1 1 1  659    4 
20 1 0 3 0 4 4 1 1003    5 
20 1 1 2 2 3 3 1  765    5 
20 1 1 3 3 4 4 1  473    4 
20 1 0 1 2 2 2 1  737    4 
20 1 1 0 0 1 1 1  694    4 
20 1 1 0 0 1 1 1  501    5 
20 1 1 2 2 3 3 1 2164    5 
20 1 1 0 0 1 1 1  708    4 
20 1 0 3 0 4 4 1  586    4 
20 1 0 1 2 2 2 1 1429    5 
20 1 0 2 3 3 3 1  957    5 
20 1 0 3 0 4 4 1  560    4 
20 1 0 2 3 3 3 1  853    5 
20 1 0 2 3 3 3 1  485    4 
20 1 0 0 1 1 1 1  629    4 
20 1 0 2 3 3 3 1  727    5 
20 1 1 2 2 3 3 1  652    5 
20 1 0 2 3 3 3 1 1053    4 
20 1 1 0 0 1 1 1  621    5 
20 1 1 1 1 2 2 1 1206    4 
20 1 1 3 3 4 4 1 1743    5 
20 1 0 1 2 2 3 0  681    5 
20 1 1 3 3 4 4 1  565    4 
20 1 1 2 2 3 3 1  874    5 
20 1 0 3 0 4 4 1  617    5 
20 1 1 3 3 4 4 1  459    4 
20 1 0 0 1 1 1 1  668    5 
20 1 0 1 2 2 2 1 3597    5 
20 1 0 0 1 1 1 1  583    4 
20 1 1 2 2 3 3 1  427    4 
20 1 1 2 2 3 3 1  405    4 
20 1 0 2 3 3 3 1  528    4 
20 1 0 3 0 4 4 1  854    4 
20 1 1 3 3 4 4 1  486    4 
20 1 1 3 3 4 4 1  437    5 
20 1 1 3 3 4 4 1  583    4 
20 1 1 0 0 1 1 1 1467    5 
20 1 0 2 3 3 3 1 1417    4 
20 1 0 2 3 3 3 1  601    5 
20 1 0 1 2 2 2 1 2468    5 
20 1 0 1 2 2 2 1  575    5 
20 1 0 0 1 1 1 1  683    4 
20 1 0 3 0 4 4 1  594    5 
