3 1 1 0 0 1 1 1 1558    5 
3 1 0 3 2 4 4 1  815    4 
3 1 0 0 3 1 1 1  689    4 
3 1 0 3 2 4 4 1  736    4 
3 1 1 1 1 2 1 0  741    4 
3 1 0 3 2 4 4 1  783    5 
3 1 0 1 0 2 2 1  754    5 
3 1 1 2 2 3 3 1 1102    4 
3 1 0 0 3 1 1 1  796    4 
3 1 1 0 0 1 2 0  662    4 
3 1 1 3 3 4 4 1  756    5 
3 1 0 1 0 2 2 1  856    4 
3 1 0 2 1 3 3 1  655    5 
3 1 0 0 3 1 1 1 1040    4 
3 1 1 0 0 1 1 1  480    4 
3 1 0 2 1 3 3 1 1440    4 
3 1 0 2 1 3 3 1  638    4 
3 1 1 0 0 1 1 1  639    5 
3 1 0 1 0 2 2 1  736    5 
3 1 1 3 3 4 3 0  725    5 
3 1 1 1 1 2 2 1 1272    4 
3 1 0 0 3 1 1 1  638    5 
3 1 1 3 3 4 4 1  671    5 
3 1 0 1 0 2 2 1  742    4 
3 1 1 3 3 4 4 1 1299    4 
3 1 1 2 2 3 3 1  704    4 
3 1 0 3 2 4 4 1  734    4 
3 1 0 2 1 3 3 1 1043    4 
3 1 1 1 1 2 2 1  883    4 
3 1 0 0 3 1 1 1  682    5 
3 1 1 0 0 1 1 1  962    4 
3 1 1 3 3 4 4 1  677    6 
3 1 0 0 3 1 1 1  973    4 
3 1 1 0 0 1 1 1  503    4 
3 1 1 1 1 2 2 1  662    4 
3 1 0 1 0 2 2 1  663    4 
3 1 1 2 2 3 3 1  711    4 
3 1 1 0 0 1 1 1  573    4 
3 1 1 3 3 4 4 1  777    4 
3 1 0 3 2 4 4 1  604    5 
3 1 0 0 3 1 1 1  575    5 
3 1 1 3 3 4 4 1  762    4 
3 1 1 1 1 2 2 1  846    5 
3 1 1 1 1 2 2 1  543    5 
3 1 1 2 2 3 3 1 1276    5 
3 1 0 3 2 4 4 1  626    4 
3 1 1 3 3 4 3 0  612    5 
3 1 1 2 2 3 3 1  555    5 
3 1 1 1 1 2 2 1  768    4 
3 1 0 3 2 4 4 1  556    4 
3 1 0 1 0 2 2 1  729    4 
3 1 1 0 0 1 1 1  550    4 
3 1 0 0 3 1 1 1 1115    4 
3 1 0 0 3 1 1 1  592    4 
3 1 1 2 2 3 4 0  787    5 
3 1 0 2 1 3 3 1  691    5 
3 1 1 0 0 1 1 1  554    4 
3 1 0 0 3 1 1 1  519    4 
3 1 0 2 1 3 3 1  669    4 
3 1 0 3 2 4 4 1  645    4 
3 1 1 1 1 2 2 1 1086    4 
3 1 1 2 2 3 3 1 1084    4 
3 1 0 0 3 1 1 1  779    5 
3 1 0 1 0 2 2 1  750    4 
3 1 0 0 3 1 1 1  699    5 
3 1 1 1 1 2 2 1  746    5 
3 1 1 3 3 4 4 1  630    4 
3 1 1 0 0 1 1 1  728    4 
3 1 0 0 3 1 1 1  509    5 
3 1 1 2 2 3 3 1  956    4 
3 1 0 2 1 3 3 1  656    4 
3 1 0 1 0 2 1 0  632    4 
3 1 1 0 0 1 1 1  543    4 
3 1 1 3 3 4 4 1  588    4 
3 1 1 3 3 4 4 1  663    4 
3 1 0 2 1 3 3 1  888    4 
3 1 1 0 0 1 1 1  686    5 
3 1 0 1 0 2 2 1  717    4 
3 1 0 2 1 3 3 1  723    5 
3 1 0 1 0 2 4 0  720    5 
3 1 1 2 2 3 3 1  963    5 
3 1 1 3 3 4 4 1  670    5 
3 1 1 1 1 2 2 1  790    4 
3 1 1 3 3 4 4 1  729    4 
3 1 1 0 0 1 1 1  630    5 
3 1 1 3 3 4 4 1 1352    5 
3 1 1 2 2 3 3 1  811    4 
3 1 1 1 1 2 2 1  836    4 
3 1 0 0 3 1 1 1 1037    4 
3 1 1 1 1 2 2 1  885    5 
3 1 1 3 3 4 4 1  580    4 
3 1 0 1 0 2 2 1  648    5 
3 1 0 3 2 4 4 1  721  232 
3 1 0 3 2 4 4 1  455    4 
3 1 0 1 0 2 2 1  688    5 
3 1 0 3 2 4 4 1  566    4 
3 1 1 2 2 3 3 1  739    5 
3 1 1 3 3 4 4 1  608    4 
3 1 1 1 1 2 2 1  602    4 
3 1 0 3 2 4 4 1  605    4 
3 1 1 2 2 3 3 1 1320    5 
3 1 0 2 1 3 3 1  572    4 
3 1 1 0 0 1 1 1  704    4 
3 1 0 1 0 2 2 1  606    4 
3 1 1 2 2 3 3 1  513    4 
3 1 1 2 2 3 3 1  479    5 
3 1 0 2 1 3 3 1  576    4 
3 1 0 3 2 4 4 1  555    5 
3 1 1 3 3 4 4 1  480    4 
3 1 1 2 2 3 3 1  944    4 
3 1 1 1 1 2 2 1  572    4 
3 1 1 1 1 2 2 1  544    4 
3 1 0 0 3 1 1 1  709    5 
3 1 1 1 1 2 2 1  836    4 
3 1 0 0 3 1 1 1  829    4 
3 1 1 0 0 1 1 1  470    5 
3 1 0 3 2 4 4 1  614    4 
3 1 0 0 3 1 1 1  657    4 
3 1 1 1 1 2 2 1  641    5 
3 1 1 2 2 3 3 1  562    4 
3 1 0 2 1 3 3 1  630    4 
3 1 1 1 1 2 1 0  624    4 
3 1 0 1 0 2 2 1  759    4 
3 1 0 0 3 1 1 1  723    4 
3 1 1 3 3 4 4 1  585    4 
3 1 1 3 3 4 4 1  484    4 
3 1 1 3 3 4 4 1  373    4 
3 1 0 1 0 2 2 1  721    4 
3 1 0 0 3 1 1 1  831    4 
3 1 1 1 1 2 2 1  776    4 
3 1 0 0 3 1 1 1  707    5 
3 1 1 2 2 3 3 1  721    4 
3 1 0 0 3 1 1 1  815    5 
3 1 1 3 3 4 4 1  672    5 
3 1 1 1 1 2 2 1  632    4 
3 1 0 0 3 1 1 1  722    4 
3 1 1 3 3 4 4 1 1215    5 
3 1 0 2 1 3 3 1  808    4 
3 1 0 0 3 1 1 1  882    5 
3 1 0 1 0 2 2 1  601    5 
3 1 0 1 0 2 2 1  468    4 
3 1 0 1 0 2 2 1  493    4 
3 1 1 2 2 3 3 1  644    4 
3 1 0 0 3 1 1 1  669    4 
3 1 1 2 2 3 3 1  669    4 
3 1 1 0 0 1 1 1  933    4 
3 1 0 1 0 2 2 1 1322    4 
3 1 0 0 3 1 1 1  685    4 
3 1 0 2 1 3 3 1 1261    5 
3 1 0 2 1 3 3 1  499    4 
3 1 0 3 2 4 4 1  451    5 
3 1 1 2 2 3 3 1 1021    4 
3 1 1 3 3 4 4 1  541    4 
3 1 1 1 1 2 2 1 1074    4 
3 1 1 1 1 2 2 1  625    5 
3 1 0 1 0 2 2 1  779    5 
3 1 0 2 1 3 3 1  678    4 
3 1 1 1 1 2 2 1  773    4 
3 1 1 1 1 2 2 1  689    5 
3 1 0 2 1 3 3 1  711    4 
3 1 1 1 1 2 2 1  606    4 
3 1 0 3 2 4 4 1  680    4 
3 1 0 2 1 3 3 1 1240    4 
3 1 0 3 2 4 4 1  647    4 
3 1 0 0 3 1 1 1  688    4 
3 1 1 0 0 1 1 1  471    4 
3 1 1 1 1 2 2 1  591    4 
3 1 0 0 3 1 1 1  650    4 
3 1 1 2 2 3 3 1  739    5 
3 1 1 2 2 3 3 1  496    4 
3 1 1 3 3 4 4 1  639    4 
3 1 1 3 3 4 4 1  480    4 
3 1 0 2 1 3 3 1  936    5 
3 1 1 3 3 4 4 1  501    5 
3 1 0 1 0 2 2 1  933    5 
3 1 0 2 1 3 3 1  698    5 
3 1 0 0 3 1 1 1  704    4 
3 1 0 3 2 4 4 1  687    5 
3 1 0 0 3 1 1 1  781    5 
3 1 0 2 1 3 3 1 1265    5 
3 1 1 0 0 1 4 0  543    4 
3 1 1 3 3 4 4 1  442    4 
3 1 0 1 0 2 1 0  547    4 
3 1 1 2 2 3 3 1  766    5 
3 1 0 3 2 4 4 1  746    4 
3 1 0 3 2 4 4 1  503    5 
3 1 0 2 1 3 3 1  917    5 
3 1 0 3 2 4 4 1  843    4 
3 1 0 0 3 1 1 1  627    4 
3 1 0 2 1 3 3 1  813    5 
3 1 1 2 2 3 3 1 1527    5 
3 1 1 2 2 3 3 1  490    4 
3 1 0 3 0 4 4 1 1864    4 
3 1 1 1 1 2 2 1 1221    4 
3 1 1 1 1 2 2 1  469    5 
3 1 1 1 1 2 2 1  422    4 
3 1 0 3 0 4 4 1  632    5 
3 1 1 0 0 1 1 1  938    5 
3 1 0 0 1 1 1 1  566    5 
3 1 0 0 1 1 1 1  482    5 
3 1 0 3 0 4 4 1  531    5 
3 1 0 0 1 1 2 0  609    5 
3 1 0 3 0 4 4 1  824    4 
3 1 1 0 0 1 1 1  633    5 
3 1 0 2 3 3 3 1  779    5 
3 1 0 2 3 3 3 1  510    4 
3 1 0 0 1 1 1 1  749    4 
3 1 0 1 2 2 2 1 1074    5 
3 1 0 3 0 4 4 1  656    4 
3 1 1 1 1 2 2 1  873    5 
3 1 1 3 3 4 4 1  847    4 
3 1 1 1 1 2 2 1  576    5 
3 1 0 2 3 3 3 1  588    5 
3 1 0 3 0 4 4 1  695    4 
3 1 1 0 0 1 1 1  742    5 
3 1 0 2 3 3 3 1 1123    4 
3 1 0 2 3 3 3 1  487    4 
3 1 0 0 1 1 1 1  574    4 
3 1 1 1 1 2 2 1  658    5 
3 1 1 3 3 4 4 1  594    5 
3 1 0 1 2 2 2 1  982    5 
3 1 1 3 3 4 4 1  568    5 
3 1 0 2 3 3 3 1  629    5 
3 1 0 2 3 3 3 1  567    4 
3 1 1 0 0 1 1 1 1067    4 
3 1 1 3 3 4 4 1  650    4 
3 1 0 1 2 2 2 1  739    5 
3 1 0 2 3 3 3 1  824    4 
3 1 1 0 0 1 1 1 1577    4 
3 1 1 0 0 1 1 1  450    4 
3 1 1 2 2 3 3 1  836    4 
3 1 1 3 3 4 4 1  469    4 
3 1 1 1 1 2 2 1  541    5 
3 1 1 2 2 3 3 1  594    5 
3 1 1 3 3 4 4 1  381    5 
3 1 0 2 3 3 3 1  658    4 
3 1 1 3 3 4 4 1  546    5 
3 1 1 1 1 2 2 1  583    5 
3 1 0 2 3 3 3 1  779    5 
3 1 1 0 0 1 1 1  559    4 
3 1 0 3 0 4 4 1  523    4 
3 1 0 2 3 3 3 1  569    4 
3 1 0 3 0 4 4 1  533    5 
3 1 1 2 2 3 3 1  531    4 
3 1 0 3 0 4 4 1  921    4 
3 1 1 0 0 1 1 1  606    5 
3 1 1 0 0 1 1 1  488    4 
3 1 1 2 2 3 3 1  576    4 
3 1 0 2 3 3 3 1  692    5 
3 1 0 0 1 1 1 1  611    4 
3 1 0 3 0 4 4 1  565    5 
3 1 0 1 2 2 2 1  682    5 
3 1 0 3 0 4 4 1 1193    5 
3 1 0 3 0 4 4 1  419    5 
3 1 1 2 2 3 3 1  581    5 
3 1 1 1 1 2 2 1  625    4 
3 1 0 1 2 2 2 1 1115    5 
3 1 1 0 0 1 1 1  616    4 
3 1 1 3 3 4 4 1  458    5 
3 1 0 3 0 4 4 1  627    5 
3 1 0 2 3 3 3 1  581    5 
3 1 1 2 2 3 3 1  544    4 
3 1 0 3 0 4 4 1  654    4 
3 1 1 3 3 4 4 1 1078    4 
3 1 0 0 1 1 1 1  564    5 
3 1 1 0 0 1 1 1  481    5 
3 1 0 0 1 1 1 1  601    5 
3 1 0 1 2 2 2 1  772    5 
3 1 0 1 2 2 2 1  592    4 
3 1 1 0 0 1 4 0  507    4 
3 1 0 0 1 1 1 1  583    5 
3 1 1 3 3 4 4 1  627    4 
3 1 0 0 1 1 1 1  708    4 
3 1 1 1 1 2 2 1 1051    5 
3 1 0 0 1 1 1 1  706    5 
3 1 0 0 1 1 1 1  545    4 
3 1 0 2 3 3 3 1  790    4 
3 1 1 3 3 4 4 1  520    4 
3 1 1 2 2 3 3 1  542    4 
3 1 1 2 2 3 3 1  564    4 
3 1 1 1 1 2 2 1 1248    4 
3 1 1 0 0 1 1 1  608    4 
3 1 1 2 2 3 3 1  458    4 
3 1 1 2 2 3 3 1  531    4 
3 1 0 1 2 2 2 1  833    4 
3 1 0 2 3 3 3 1  706    4 
3 1 1 0 0 1 1 1  624    5 
3 1 0 0 1 1 1 1  562    4 
3 1 0 2 3 3 3 1  591    4 
3 1 0 2 3 3 3 1  890    4 
3 1 1 0 0 1 1 1  632    4 
3 1 1 3 3 4 4 1  626    5 
3 1 1 3 3 4 4 1  419    4 
3 1 1 1 1 2 2 1  998    5 
3 1 0 1 2 2 2 1  664    4 
3 1 1 0 0 1 1 1  512    5 
3 1 0 1 2 2 2 1  959    4 
3 1 0 0 1 1 1 1  610    4 
3 1 1 1 1 2 2 1  837    5 
3 1 0 1 2 2 2 1  533    4 
3 1 1 0 0 1 1 1  555    4 
3 1 0 0 1 1 1 1  600    4 
3 1 1 2 2 3 3 1 1051    5 
3 1 0 1 2 2 2 1  667    5 
3 1 0 0 1 1 1 1  603    5 
3 1 1 3 3 4 4 1  453    4 
3 1 0 2 3 3 3 1  918    4 
3 1 0 0 1 1 2 0  668    4 
3 1 0 1 2 2 2 1  993    4 
3 1 1 1 1 2 2 1  595    5 
3 1 0 0 1 1 1 1  742    5 
3 1 1 3 3 4 4 1  963    4 
3 1 0 0 1 1 1 1  671    5 
3 1 1 3 3 4 4 1  646    5 
3 1 1 3 3 4 4 1  423    4 
3 1 1 3 3 4 4 1  409    5 
3 1 1 2 2 3 3 1  485    5 
3 1 0 1 2 2 2 1  645    4 
3 1 0 1 2 2 2 1  750    4 
3 1 0 0 1 1 1 1  762    4 
3 1 1 2 2 3 3 1  766    4 
3 1 1 1 1 2 2 1  642    4 
3 1 0 2 3 3 3 1  555    4 
3 1 1 1 1 2 2 1  640    5 
3 1 0 1 2 2 3 0  497    5 
3 1 1 3 3 4 4 1 1222    5 
3 1 1 1 1 2 2 1 1262    4 
3 1 1 3 3 4 4 1  612    5 
3 1 0 2 3 3 3 1  591    5 
3 1 1 0 0 1 1 1  762    5 
3 1 1 2 2 3 3 1  598    4 
3 1 0 1 2 2 2 1  769    4 
3 1 0 1 2 2 2 1  501    5 
3 1 0 3 0 4 4 1 1164    5 
3 1 0 2 3 3 4 0  631    5 
3 1 1 0 0 1 1 1  598    4 
3 1 1 0 0 1 1 1  465    4 
3 1 1 0 0 1 1 1  410    4 
3 1 1 2 2 3 3 1  757    5 
3 1 0 0 1 1 1 1  857    5 
3 1 1 2 2 3 3 1  585    5 
3 1 0 0 1 1 1 1 1317    4 
3 1 1 2 2 3 3 1  545    4 
3 1 1 2 2 3 3 1  430    5 
3 1 1 2 2 3 3 1  393    5 
3 1 0 2 3 3 3 1  725    5 
3 1 1 0 0 1 1 1 1018    4 
3 1 1 3 3 4 4 1  563    4 
3 1 0 3 0 4 4 1  496    5 
3 1 0 3 0 4 4 1  415    4 
3 1 1 2 2 3 3 1  538    4 
3 1 0 1 2 2 2 1  712    5 
3 1 1 2 2 3 3 1  582    5 
3 1 1 2 2 3 3 1  402    4 
3 1 1 3 3 4 4 1  533    4 
3 1 0 0 1 1 1 1  883    5 
3 1 0 1 2 2 2 1 1026    5 
3 1 1 2 2 3 3 1  602    4 
3 1 0 3 0 4 4 1  589    5 
3 1 0 3 0 4 4 1  472    5 
3 1 0 3 0 4 4 1  360    5 
3 1 0 1 2 2 2 1  741    4 
3 1 1 0 0 1 1 1  802    5 
3 1 0 3 0 4 4 1  653    5 
3 1 0 0 1 1 1 1 1085    4 
3 1 0 1 2 2 2 1  795    5 
3 1 1 2 2 3 3 1 1382    4 
3 1 1 3 3 4 4 1  535    4 
3 1 0 1 2 2 3 0  853    5 
3 1 0 2 3 3 3 1  770    4 
3 1 1 3 3 4 4 1  606    5 
3 1 0 1 2 2 3 0  632    4 
3 1 0 3 0 4 4 1  631    4 
3 1 0 1 2 2 2 1 1129    5 
3 1 1 1 1 2 2 1  621    4 
3 1 1 1 1 2 2 1  447    4 
3 1 1 2 2 3 3 1  592    4 
3 1 1 3 3 4 4 1  907    4 
3 1 1 1 1 2 2 1  665    4 
3 1 1 0 0 1 1 1  601    5 
3 1 0 1 2 2 3 0  708    5 
3 1 0 1 2 2 2 1  520    4 
3 1 1 1 1 2 2 1  486    5 
3 1 1 3 3 4 4 1  573    5 
