6 1 1 3 3 4 4 1 1227    5 
6 1 1 0 0 1 1 1 1219    4 
6 1 0 2 3 3 3 1 2251    5 
6 1 0 3 0 4 2 0  967    4 
6 1 0 2 3 3 3 1  920    5 
6 1 1 2 2 3 3 1  701    5 
6 1 1 0 0 1 1 1  988    4 
6 1 0 1 2 2 2 1 3854    4 
6 1 0 0 1 1 1 1 1149    5 
6 1 1 1 1 2 2 1 1137    4 
6 1 0 3 0 4 4 1 1109    4 
6 1 1 2 2 3 3 1  722    4 
6 1 1 1 1 2 2 1 1055    4 
6 1 0 0 1 1 1 1  974    4 
6 1 0 1 2 2 2 1 3209    4 
6 1 1 0 0 1 1 1  724    5 
6 1 0 0 1 1 1 1 1010    4 
6 1 0 2 3 3 3 1 1027    4 
6 1 1 0 0 1 1 1  699    4 
6 1 1 0 0 1 1 1  402    5 
6 1 1 0 0 1 1 1  349    4 
6 1 0 0 1 1 2 0  827    5 
6 1 0 1 2 2 4 0 2690    4 
6 1 1 1 1 2 4 0 1200    4 
6 1 0 0 1 1 1 1 1223    4 
6 1 0 3 0 4 4 1  799    4 
6 1 0 2 3 3 3 1  905    5 
6 1 0 1 2 2 2 1 1783    4 
6 1 0 1 2 2 2 1 1247    4 
6 1 0 3 0 4 4 1  846    4 
6 1 0 2 3 3 3 1 1055    4 
6 1 1 3 3 4 2 0  774    5 
6 1 1 3 3 4 4 1  606    5 
6 1 0 3 0 4 4 1  697    4 
6 1 0 2 3 3 3 1  888    5 
6 1 0 3 0 4 4 1  782    4 
6 1 0 1 2 2 2 1 1689    4 
6 1 0 2 3 3 3 1 1197    4 
6 1 1 3 3 4 4 1 1583    4 
6 1 1 2 2 3 3 1 3079    4 
6 1 1 1 1 2 4 0  864    4 
6 1 0 1 2 2 2 1 1157    4 
6 1 1 1 1 2 2 1  543    4 
6 1 1 2 2 3 3 1  797    4 
6 1 1 3 3 4 4 1  543    5 
6 1 1 0 0 1 1 1  693    4 
6 1 0 1 2 2 4 0 1444    4 
6 1 1 1 1 2 4 0  807    4 
6 1 1 0 0 1 1 1  662    4 
6 1 0 0 1 1 1 1  767    4 
6 1 0 3 0 4 4 1  835    4 
6 1 1 1 1 2 2 1  876    4 
6 1 0 2 3 3 3 1  851    4 
6 1 0 2 3 3 3 1  627    4 
6 1 1 1 1 2 2 1  917    4 
6 1 1 1 1 2 2 1  522    4 
6 1 1 1 1 2 2 1  336    4 
6 1 0 3 0 4 4 1  902    4 
6 1 1 1 1 2 2 1  757    5 
6 1 0 0 1 1 1 1  657    4 
6 1 1 2 2 3 3 1  841    4 
6 1 1 2 2 3 3 1  537    5 
6 1 0 3 0 4 4 1  879    4 
6 1 1 0 0 1 1 1  582    5 
6 1 1 0 0 1 1 1  394    4 
6 1 1 0 0 1 1 1  349    4 
6 1 1 3 3 4 4 1  779    4 
6 1 1 1 1 2 2 1  967    5 
6 1 1 1 1 2 2 1  370    4 
6 1 1 0 0 1 1 1  838    5 
6 1 0 0 1 1 1 1  887    4 
6 1 0 1 2 2 4 0 1045    4 
6 1 1 2 2 3 3 1  738    4 
6 1 1 2 2 3 3 1 1135    5 
6 1 0 0 1 1 1 1  843    5 
6 1 1 2 2 3 3 1  955    4 
6 1 1 3 3 4 4 1  799    4 
6 1 1 2 2 3 3 1 1521    5 
6 1 0 0 1 1 1 1  789    5 
6 1 0 2 3 3 3 1 1568    4 
6 1 0 0 1 1 1 1  769    4 
6 1 0 0 1 1 1 1  701    5 
6 1 0 1 2 2 2 1 1236    4 
6 1 1 2 2 3 3 1 1076    4 
6 1 1 2 2 3 3 1  410    4 
6 1 0 2 3 3 3 1  933    4 
6 1 1 1 1 2 2 1  882    4 
6 1 1 3 3 4 4 1  953    4 
6 1 0 3 0 4 4 1  605    5 
6 1 0 0 1 1 1 1  664    4 
6 1 1 0 0 1 1 1  488    4 
6 1 0 1 2 2 2 1 1144    5 
6 1 0 3 0 4 1 0 1123    5 
6 1 0 0 1 1 1 1  693    4 
6 1 0 3 0 4 4 1  675    4 
6 1 0 3 0 4 4 1  475    5 
6 1 1 1 1 2 2 1 1155    4 
6 1 0 2 3 3 3 1  862    4 
6 1 1 0 0 1 1 1  806    4 
6 1 0 1 2 2 2 1 1496    4 
6 1 0 2 3 3 3 1  980    4 
6 1 0 2 3 3 3 1  591    4 
6 1 1 1 1 2 2 1  810    4 
6 1 0 0 1 1 1 1  572    5 
6 1 1 0 0 1 1 1  512    4 
6 1 1 1 1 2 2 1 1022    5 
6 1 0 0 1 1 1 1  647    5 
6 1 1 0 0 1 1 1  536    4 
6 1 0 1 2 2 2 1 1221    5 
6 1 0 1 2 2 2 1  701    4 
6 1 1 1 1 2 2 1  532    5 
6 1 0 2 3 3 3 1  690    4 
6 1 0 2 3 3 3 1  569    4 
6 1 1 2 2 3 3 1  485    5 
6 1 0 0 1 1 1 1  949    4 
6 1 0 2 3 3 3 1  841    4 
6 1 0 2 3 3 3 1  449    4 
6 1 0 2 3 3 3 1  371    5 
6 1 1 1 1 2 1 0  751    5 
6 1 0 1 2 2 2 1 1233    5 
6 1 0 0 1 1 1 1  609    4 
6 1 0 3 0 4 4 1  844    4 
6 1 1 3 3 4 4 1 1604    4 
6 1 1 1 1 2 3 0  764    5 
6 1 1 2 2 3 3 1 1054    4 
6 1 1 3 3 4 4 1 1509    4 
6 1 1 2 2 3 3 1  825    4 
6 1 0 3 0 4 4 1  738    4 
6 1 0 3 0 4 4 1  479    5 
6 1 1 2 2 3 3 1  863    4 
6 1 1 1 1 2 2 1  815    5 
6 1 0 3 0 4 4 1  737    5 
6 1 0 1 2 2 2 1 1429    4 
6 1 1 0 0 1 1 1  629    4 
6 1 1 2 2 3 3 1  862    4 
6 1 0 3 0 4 2 0  806    4 
6 1 1 2 2 3 3 1  701    4 
6 1 1 3 3 4 2 0  972    5 
6 1 0 1 2 2 2 1 1356   34 
6 1 1 3 3 4 4 1 1222    4 
6 1 0 2 3 3 3 1  886    4 
6 1 1 0 0 1 1 1  621    4 
6 1 0 0 1 1 1 1  999    4 
6 1 0 0 1 1 1 1  449    5 
6 1 0 3 0 4 4 1 1642    4 
6 1 0 2 3 3 3 1  888    5 
6 1 1 0 0 1 1 1  759    4 
6 1 0 1 2 2 2 1 1603    4 
6 1 1 2 2 3 1 0  763    4 
6 1 0 0 1 1 1 1 1004    4 
6 1 0 3 0 4 2 0  885    4 
6 1 1 3 3 4 4 1 1345    4 
6 1 1 2 2 3 3 1  988    4 
6 1 0 3 0 4 4 1  726    5 
6 1 0 3 0 4 4 1  444    4 
6 1 1 2 2 3 3 1  557    5 
6 1 1 0 0 1 1 1  570    4 
6 1 1 1 1 2 3 0 1510    4 
6 1 0 2 3 3 3 1  831    5 
6 1 1 3 3 4 2 0  656    4 
6 1 0 2 3 3 3 1  901    5 
6 1 0 2 3 3 3 1  460    4 
6 1 1 0 0 1 1 1  741    5 
6 1 0 3 0 4 4 1 1889    4 
6 1 1 0 0 1 1 1  733    4 
6 1 0 3 0 4 4 1 1947    4 
6 1 1 0 0 1 1 1  636    5 
6 1 0 1 2 2 2 1 1725    4 
6 1 0 3 0 4 4 1  895    4 
6 1 1 1 1 2 2 1 1029    4 
6 1 1 2 2 3 3 1  942    4 
6 1 0 0 1 1 1 1  970    5 
6 1 0 1 2 2 3 0 1149    4 
6 1 1 1 1 2 4 0  982    4 
6 1 1 3 3 4 4 1  885    5 
6 1 1 0 0 1 1 1  628    4 
6 1 1 3 3 4 4 1 1310    4 
6 1 1 2 2 3 3 1 1138    5 
6 1 0 3 0 4 4 1 2022    5 
6 1 1 3 3 4 4 1  900    4 
6 1 1 3 3 4 4 1  450    4 
6 1 1 0 0 1 1 1  676    5 
6 1 1 2 2 3 3 1  644    5 
6 1 0 1 2 2 2 1 1301    4 
6 1 1 3 3 4 4 1  754    4 
6 1 1 1 1 2 2 1 1214    4 
6 1 0 3 0 4 4 1  782    4 
6 1 1 3 3 4 4 1 1666    5 
6 1 1 0 0 1 1 1  631    4 
6 1 1 3 3 4 4 1  609    4 
6 1 0 1 2 2 2 1 1363    5 
6 1 0 1 2 2 2 1  669    4 
6 1 0 3 0 4 4 1 2244    4 
6 1 0 1 2 2 2 1 1272    5 
6 1 1 2 2 3 3 1 1014    4 
6 1 0 2 3 3 3 1  599    4 
6 1 1 0 0 1 1 1  635    4 
6 1 0 1 2 2 2 1 1212    4 
6 1 1 3 3 4 4 1  709    5 
6 1 1 3 3 4 4 1  395    5 
6 1 1 1 1 2 2 1  663    4 
6 1 0 3 0 4 4 1  991    4 
6 1 1 2 2 3 3 1 1033    4 
6 1 1 2 2 3 3 1  466    4 
6 1 1 1 1 2 2 1  651    5 
6 1 1 0 0 1 1 1  572    5 
6 1 0 2 3 3 3 1 1007    4 
6 1 1 3 3 4 2 0  761    5 
6 1 1 0 0 1 1 1  618    4 
6 1 0 3 0 4 4 1  732    5 
6 1 0 1 2 2 2 1  802    4 
6 1 0 1 2 2 2 1  452    5 
6 1 0 1 2 2 2 1  437    4 
6 1 1 2 2 3 3 1  623    4 
6 1 1 3 3 4 4 1 1441    5 
6 1 0 3 0 4 4 1  431    4 
6 1 1 0 0 1 1 1  538    4 
6 1 0 2 3 3 3 1  807    4 
6 1 1 0 0 1 1 1 1041    4 
6 1 0 1 2 2 2 1  793    5 
6 1 0 2 3 3 3 1  739    4 
6 1 0 2 3 3 3 1  784    4 
6 1 0 0 1 1 1 1  619    5 
6 1 0 3 0 4 4 1  613    4 
6 1 0 0 1 1 1 1  591    4 
6 1 0 2 3 3 1 0  602    5 
6 1 0 1 2 2 2 1  947    4 
6 1 1 0 0 1 1 1  735    4 
6 1 0 3 0 4 4 1  852    4 
6 1 1 3 3 4 4 1  461    5 
6 1 0 1 2 2 2 1  934    4 
6 1 1 3 3 4 4 1  530    4 
6 1 0 3 0 4 4 1  624    4 
6 1 0 2 3 3 1 0  538    4 
6 1 0 0 1 1 1 1  925    5 
6 1 1 3 3 4 4 1 1090    5 
6 1 1 1 1 2 2 1 2551    5 
6 1 0 1 2 2 2 1  775    5 
6 1 0 0 1 1 1 1  642    4 
6 1 1 3 3 4 4 1  771    5 
6 1 1 1 1 2 2 1  654    5 
6 1 1 1 1 2 2 1  406    4 
6 1 1 1 1 2 2 1  369    4 
6 1 1 1 1 2 2 1  334    5 
6 1 1 2 2 3 3 1 1181    4 
6 1 1 0 0 1 1 1  631    5 
6 1 1 3 3 4 4 1 1072    4 
6 1 0 1 2 2 2 1 1207    4 
6 1 1 1 1 2 2 1  447    5 
6 1 0 1 2 2 2 1  673    5 
6 1 0 3 0 4 4 1  665    4 
6 1 1 1 1 2 2 1  681    4 
6 1 0 3 0 4 2 0  560    5 
6 1 1 0 0 1 1 1  482    5 
6 1 0 0 1 1 1 1  570    4 
6 1 0 0 1 1 1 1  470    4 
6 1 1 3 3 4 4 1 1071    5 
6 1 0 3 0 4 4 1  525    4 
6 1 1 0 0 1 1 1  803    4 
6 1 1 0 0 1 1 1  389    4 
6 1 0 1 2 2 2 1 1313    5 
6 1 1 3 3 4 4 1  653    5 
6 1 1 1 1 2 2 1  573    4 
6 1 0 1 2 2 2 1  737    4 
6 1 0 1 2 2 2 1  550    4 
6 1 1 0 0 1 1 1  499    4 
6 1 0 2 3 3 3 1  875    5 
6 1 0 1 2 2 2 1  826    4 
6 1 1 0 0 1 1 1  555    4 
6 1 0 2 3 3 4 0 1071    4 
6 1 0 3 0 4 4 1  931    5 
6 1 1 3 3 4 4 1  432    4 
6 1 0 0 1 1 1 1  626    5 
6 1 1 3 3 4 4 1  892    5 
6 1 0 1 2 2 1 0  898    4 
6 1 1 2 2 3 3 1 1030    4 
6 1 0 1 2 2 2 1  726    5 
6 1 0 2 3 3 3 1  595    5 
6 1 1 0 0 1 1 1  583    5 
6 1 0 0 1 1 1 1  571    5 
6 1 1 3 3 4 4 1  694    4 
6 1 1 0 0 1 1 1  573    4 
6 1 0 1 2 2 2 1  801    4 
6 1 1 3 3 4 4 1 1068    4 
6 1 0 3 0 4 4 1  563    4 
6 1 1 1 1 2 2 1  935    4 
6 1 1 1 1 2 2 1  460    4 
6 1 1 2 2 3 1 0  597    4 
6 1 1 2 2 3 3 1  574    5 
6 1 0 1 2 2 2 1 1169    5 
6 1 0 1 2 2 2 1  468    5 
6 1 0 3 0 4 4 1  701    5 
6 1 1 3 3 4 4 1  428    5 
6 1 1 2 2 3 3 1  606    4 
6 1 0 1 2 2 2 1  633    5 
6 1 1 2 2 3 3 1  730    4 
6 1 0 0 1 1 1 1  736    5 
6 1 1 1 1 2 2 1  957    5 
6 1 0 2 3 3 3 1  697    5 
6 1 1 2 2 3 3 1  424    4 
6 1 0 0 1 1 1 1  610    5 
6 1 1 1 1 2 2 1  852    4 
6 1 0 2 3 3 1 0  677    5 
6 1 1 2 2 3 3 1  746    5 
6 1 0 3 0 4 4 1  766    5 
6 1 1 2 2 3 3 1  530    4 
6 1 1 0 0 1 1 1  592    4 
6 1 0 2 3 3 3 1 1643    4 
6 1 0 2 3 3 3 1  546    5 
6 1 0 1 2 2 2 1  735    5 
6 1 1 0 0 1 1 1  556    5 
6 1 1 2 2 3 3 1  761    5 
6 1 1 0 0 1 1 1  501    5 
6 1 1 2 2 3 3 1  892    4 
6 1 0 3 0 4 4 1  667    5 
6 1 0 3 0 4 4 1  459    4 
6 1 1 2 2 3 3 1  636    4 
6 1 1 2 2 3 3 1  461    5 
6 1 0 2 3 3 3 1  606    5 
6 1 0 2 3 3 3 1  456    4 
6 1 1 3 3 4 4 1 1049    5 
6 1 0 1 2 2 2 1  865    4 
6 1 1 3 3 4 4 1  913    4 
6 1 0 3 0 4 4 1  462    4 
6 1 1 1 1 2 2 1  807    4 
6 1 0 0 1 1 1 1  633    4 
6 1 1 3 3 4 4 1  579    4 
6 1 0 0 1 1 1 1  742    4 
6 1 0 1 2 2 2 1  771    5 
6 1 0 1 2 2 2 1  454    4 
6 1 1 0 0 1 1 1  551    5 
6 1 1 0 0 1 1 1  349    5 
6 1 1 3 3 4 4 1  811    4 
6 1 1 2 2 3 3 1  876    5 
6 1 1 2 2 3 3 1  451    4 
6 1 0 2 3 3 3 1  525    4 
6 1 0 3 0 4 4 1 1411    4 
6 1 0 0 1 1 1 1 1091    5 
6 1 1 0 0 1 1 1  409    5 
6 1 0 2 3 3 3 1  820    4 
6 1 0 0 1 1 1 1  557    5 
6 1 0 3 0 4 4 1  633    5 
6 1 0 2 3 3 3 1  787    5 
6 1 1 2 2 3 3 1  574    5 
6 1 1 3 3 4 4 1  650    4 
6 1 1 2 2 3 3 1  523    4 
6 1 1 3 3 4 4 1  537    4 
6 1 0 0 1 1 1 1  790    4 
6 1 1 0 0 1 1 1  417    5 
6 1 1 0 0 1 1 1  364    4 
6 1 1 1 1 2 2 1  753    4 
6 1 0 3 0 4 4 1  581    5 
6 1 0 1 2 2 2 1 1033    5 
6 1 0 0 1 1 1 1  617    4 
6 1 0 0 1 1 2 0  420    4 
6 1 0 1 2 2 2 1  947    4 
6 1 1 0 0 1 1 1  519    4 
6 1 1 2 2 3 3 1  821    4 
6 1 1 1 1 2 2 1  670    4 
6 1 0 0 1 1 1 1  718    4 
6 1 1 3 3 4 4 1  740    4 
6 1 1 3 3 4 4 1  393    4 
6 1 0 0 1 1 1 1  853    4 
6 1 0 2 3 3 3 1  973    4 
6 1 1 0 0 1 1 1  672    4 
6 1 0 2 3 3 2 0  879    5 
6 1 1 2 2 3 3 1  692    5 
6 1 0 3 0 4 4 1  786    4 
6 1 1 3 3 4 4 1  397    4 
6 1 0 3 0 4 4 1  401    4 
6 1 0 2 3 3 3 1  757    4 
6 1 0 0 1 1 1 1  953    4 
6 1 1 1 1 2 2 1  805    4 
6 1 0 0 1 1 1 1  638    4 
6 1 1 0 0 1 1 1  599    5 
6 1 1 2 2 3 3 1  699    5 
6 1 0 0 1 1 1 1  642    4 
6 1 0 1 2 2 2 1  755    5 
6 1 1 0 0 1 1 1  551    5 
6 1 0 1 2 2 2 1 1012    4 
6 1 1 1 1 2 2 1  477    4 
6 1 0 3 0 4 4 1  901    5 
6 1 1 2 2 3 1 0  668    4 
6 1 1 2 2 3 3 1  633    4 
