8 1 0 2 3 2 0 3.973923 0.000000 
8 1 0 3 4 4 1 1.352052 0.000000 
8 1 0 3 4 4 1 0.677230 0.000000 
8 1 0 0 1 1 1 0.630791 0.000000 
8 1 0 3 4 4 1 0.682337 0.000000 
8 1 0 2 3 3 1 0.795887 0.000000 
8 1 0 2 3 3 1 0.440754 0.000000 
8 1 0 3 4 4 1 0.715607 0.000000 
8 1 0 0 1 1 1 0.642853 0.000000 
8 1 0 1 2 2 1 0.710689 0.000000 
8 1 0 0 1 2 0 0.613931 0.000000 
8 1 0 1 2 1 0 0.541869 0.000000 
8 1 0 3 4 4 1 0.848479 0.000000 
8 1 0 3 4 4 1 0.490991 0.000000 
8 1 0 0 1 1 1 0.443793 0.000000 
8 1 0 1 2 2 1 0.462593 0.000000 
8 1 0 0 1 1 1 0.592745 0.000000 
8 1 0 2 3 3 1 0.588537 0.000000 
8 1 0 1 2 2 1 0.713437 0.000000 
8 1 0 2 3 3 1 0.537671 0.000000 
8 1 0 2 3 3 1 0.640516 0.000000 
8 1 0 2 3 3 1 0.523362 0.000000 
8 1 0 0 1 1 1 0.530791 0.000000 
8 1 0 3 4 4 1 0.474300 0.000000 
8 1 0 0 1 1 1 0.523755 0.000000 
8 1 0 0 1 1 1 0.490275 0.000000 
8 1 0 1 2 1 0 0.436129 0.000000 
8 1 0 3 4 4 1 0.473679 0.000000 
8 1 0 2 3 3 1 0.730925 0.000000 
8 1 0 1 2 2 1 0.586464 0.000000 
8 1 0 0 1 1 1 0.463313 0.000000 
8 1 0 2 3 3 1 0.689461 0.000000 
8 1 0 3 4 4 1 0.330325 0.000000 
8 1 0 0 1 1 1 0.545774 0.000000 
8 1 0 0 1 1 1 0.472586 0.000000 
8 1 0 3 4 4 1 0.513066 0.000000 
8 1 0 3 4 4 1 0.433219 0.000000 
8 1 0 2 3 3 1 0.667988 0.000000 
8 1 0 0 1 1 1 0.509556 0.000000 
8 1 0 2 3 4 0 0.493724 0.000000 
8 1 0 3 4 4 1 0.378526 0.000000 
8 1 0 1 2 2 1 0.630581 0.000000 
8 1 0 1 2 2 1 0.555014 0.000000 
8 1 0 0 1 1 1 0.640157 0.000000 
8 1 0 3 4 4 1 0.474953 0.000000 
8 1 0 0 1 1 1 0.548539 0.000000 
8 1 0 2 3 3 1 0.579387 0.000000 
8 1 0 0 1 1 1 0.568818 0.000000 
8 1 0 1 2 2 1 0.470327 0.000000 
8 1 0 2 3 3 1 0.599803 0.000000 
8 1 0 2 3 3 1 0.435968 0.000000 
8 1 0 0 1 1 1 0.534830 0.000000 
8 1 0 0 1 1 1 0.532650 0.000000 
8 1 0 1 2 2 1 0.603965 0.000000 
8 1 0 2 3 3 1 0.759702 0.000000 
8 1 0 0 1 1 1 0.477928 0.000000 
8 1 0 1 2 2 1 0.583426 0.000000 
8 1 0 3 4 4 1 0.444240 0.000000 
8 1 0 2 3 3 1 0.607049 0.000000 
8 1 0 2 3 3 1 0.379232 0.000000 
8 1 0 1 2 1 0 0.527663 0.000000 
8 1 0 2 3 3 1 0.458943 0.000000 
8 1 0 3 4 4 1 0.428822 0.000000 
8 1 0 2 3 3 1 0.696278 0.000000 
8 1 0 3 4 4 1 0.529170 0.000000 
8 1 0 1 2 2 1 0.704667 0.000000 
8 1 0 1 2 2 1 0.784903 0.000000 
8 1 0 2 3 3 1 0.972828 0.000000 
8 1 0 2 3 3 1 1.474519 0.000000 
8 1 0 1 2 2 1 0.668364 0.000000 
8 1 0 3 4 4 1 0.493918 0.000000 
8 1 0 1 2 2 1 0.542716 0.000000 
8 1 0 3 4 4 1 0.469540 0.000000 
8 1 0 2 3 3 1 0.583018 0.000000 
8 1 0 0 1 1 1 0.588129 0.000000 
8 1 0 1 2 2 1 0.680740 0.000000 
8 1 0 3 4 4 1 0.561281 0.000000 
8 1 0 2 3 3 1 0.623460 0.000000 
8 1 0 0 1 1 1 0.666996 0.000000 
8 1 0 3 4 4 1 0.676479 0.000000 
8 1 0 0 1 1 1 0.806095 0.000000 
8 1 0 0 1 1 1 0.850373 0.000000 
8 1 0 0 1 1 1 0.476643 0.000000 
8 1 0 1 2 2 1 0.462119 0.000000 
8 1 0 1 2 2 1 0.487269 0.000000 
8 1 0 1 2 2 1 0.424060 0.000000 
8 1 0 3 4 4 1 0.547465 0.000000 
8 1 0 1 2 2 1 0.522344 0.000000 
8 1 0 2 3 3 1 0.537776 0.000000 
8 1 0 1 2 2 1 0.664660 0.000000 
8 1 0 3 4 4 1 0.442866 0.000000 
8 1 0 1 2 2 1 0.669672 0.000000 
8 1 0 3 4 4 1 0.518208 0.000000 
8 1 0 0 1 1 1 0.629685 0.000000 
8 1 0 1 2 2 1 0.601219 0.000000 
8 1 0 3 4 4 1 0.413366 0.000000 
