25 1 0 1 2 2 1 1.280323 0.000000 
25 1 0 0 1 1 1 0.833585 0.000000 
25 1 0 2 3 0 0 5.000003 0.000000 
25 1 0 2 3 0 0 5.000003 0.000000 
25 1 0 1 2 2 1 0.895072 0.000000 
25 1 0 0 1 1 1 0.575515 0.000000 
25 1 0 3 4 4 1 0.509037 0.000000 
25 1 0 1 2 3 0 0.653205 0.000000 
25 1 0 1 2 2 1 0.899466 0.000000 
25 1 0 2 3 0 0 5.000004 0.000000 
25 1 0 3 4 4 1 0.676706 0.000000 
25 1 0 1 2 2 1 0.654002 0.000000 
25 1 0 2 3 0 0 5.000006 0.000000 
25 1 0 1 2 2 1 0.849974 0.000000 
25 1 0 2 3 0 0 5.000004 0.000000 
25 1 0 1 2 2 1 0.860772 0.000000 
25 1 0 3 4 4 1 0.638816 0.000000 
25 1 0 2 3 3 1 0.481632 0.000000 
25 1 0 0 1 1 1 0.739103 0.000000 
25 1 0 3 4 4 1 0.722063 0.000000 
25 1 0 2 3 3 1 0.712602 0.000000 
25 1 0 3 4 4 1 0.504828 0.000000 
25 1 0 3 4 4 1 0.640936 0.000000 
25 1 0 3 4 4 1 0.443880 0.000000 
25 1 0 2 3 3 1 0.518677 0.000000 
25 1 0 3 4 4 1 0.534147 0.000000 
25 1 0 0 1 1 1 0.612969 0.000000 
25 1 0 1 2 2 1 0.689157 0.000000 
25 1 0 0 1 1 1 0.457006 0.000000 
25 1 0 2 3 3 1 0.747136 0.000000 
25 1 0 1 2 1 0 0.626027 0.000000 
25 1 0 0 1 1 1 0.649329 0.000000 
25 1 0 0 1 1 1 0.507830 0.000000 
25 1 0 0 1 1 1 0.499400 0.000000 
25 1 0 0 1 1 1 0.419843 0.000000 
25 1 0 3 4 4 1 0.598976 0.000000 
25 1 0 2 3 3 1 0.714797 0.000000 
25 1 0 3 4 4 1 0.682418 0.000000 
25 1 0 1 2 2 1 0.723952 0.000000 
25 1 0 1 2 2 1 0.578877 0.000000 
25 1 0 2 3 3 1 0.808316 0.000000 
25 1 0 3 4 4 1 0.603984 0.000000 
25 1 0 0 1 1 1 0.704234 0.000000 
25 1 0 1 2 1 0 0.560467 0.000000 
25 1 0 0 1 1 1 0.625510 0.000000 
25 1 0 2 3 3 1 0.668795 0.000000 
25 1 0 1 2 2 1 0.846388 0.000000 
25 1 0 3 4 4 1 0.617343 0.000000 
25 1 0 3 4 4 1 0.484867 0.000000 
25 1 0 0 1 1 1 0.549716 0.000000 
25 1 0 0 1 1 1 0.508097 0.000000 
25 1 0 0 1 1 1 0.555954 0.000000 
25 1 0 3 4 4 1 0.737159 0.000000 
25 1 0 1 2 3 0 0.616025 0.000000 
25 1 0 1 2 2 1 0.632071 0.000000 
25 1 0 1 2 2 1 0.475308 0.000000 
25 1 0 0 1 1 1 0.612788 0.000000 
25 1 0 2 3 3 1 0.640958 0.000000 
25 1 0 2 3 3 1 0.619834 0.000000 
25 1 0 3 4 4 1 0.543361 0.000000 
25 1 0 3 4 4 1 0.613213 0.000000 
25 1 0 1 2 2 1 0.905400 0.000000 
25 1 0 2 3 3 1 1.593741 0.000000 
25 1 0 0 1 1 1 0.678944 0.000000 
25 1 0 1 2 2 1 0.800454 0.000000 
25 1 0 3 4 4 1 0.564720 0.000000 
25 1 0 2 3 3 1 0.658869 0.000000 
25 1 0 3 4 4 1 0.661075 0.000000 
25 1 0 2 3 3 1 0.446355 0.000000 
25 1 0 2 3 3 1 0.497205 0.000000 
25 1 0 1 2 2 1 0.722001 0.000000 
25 1 0 3 4 4 1 0.529520 0.000000 
25 1 0 0 1 1 1 0.769062 0.000000 
25 1 0 3 4 4 1 0.918652 0.000000 
25 1 0 2 3 3 1 0.510310 0.000000 
25 1 0 1 2 2 1 0.598463 0.000000 
25 1 0 2 3 3 1 0.602259 0.000000 
25 1 0 0 1 1 1 0.662480 0.000000 
25 1 0 2 3 3 1 0.520633 0.000000 
25 1 0 0 1 1 1 0.568170 0.000000 
25 1 0 3 4 4 1 0.501664 0.000000 
25 1 0 2 3 3 1 0.589815 0.000000 
25 1 0 3 4 4 1 0.530688 0.000000 
25 1 0 0 1 1 1 0.746195 0.000000 
25 1 0 2 3 3 1 0.568146 0.000000 
25 1 0 1 2 2 1 0.685634 0.000000 
25 1 0 0 1 1 1 0.910549 0.000000 
25 1 0 3 4 4 1 0.622838 0.000000 
25 1 0 2 3 3 1 0.834358 0.000000 
25 1 0 0 1 1 1 0.741178 0.000000 
25 1 0 1 2 2 1 0.692205 0.000000 
25 1 0 3 4 4 1 0.621103 0.000000 
25 1 0 0 1 1 1 0.655629 0.000000 
25 1 0 1 2 2 1 0.721856 0.000000 
25 1 0 1 2 2 1 0.609393 0.000000 
25 1 0 0 1 1 1 0.597566 0.000000 
