15 1 0 3 4 4 1 1.410472 0.000000 
15 1 0 1 2 2 1 2.261602 0.000000 
15 1 0 1 2 2 1 2.584600 0.000000 
15 1 0 1 2 2 1 3.718363 0.000000 
15 1 0 0 1 1 1 3.943201 0.000000 
15 1 0 0 1 1 1 1.174458 0.000000 
15 1 0 0 1 1 1 0.708114 0.000000 
15 1 0 3 4 4 1 1.420437 0.000000 
15 1 0 0 1 4 0 0.008248 0.000000 
15 1 0 2 3 3 1 3.184606 0.000000 
15 1 0 3 4 4 1 1.342481 0.000000 
15 1 0 2 3 3 1 1.716739 0.000000 
15 1 0 0 1 1 1 1.652789 0.000000 
15 1 0 0 1 1 1 1.031437 0.000000 
15 1 0 0 1 1 1 0.627111 0.000000 
15 1 0 2 3 3 1 1.198703 0.000000 
15 1 0 0 1 1 1 0.915816 0.000000 
15 1 0 1 2 2 1 1.939050 0.000000 
15 1 0 0 1 1 1 0.913930 0.000000 
15 1 0 0 1 1 1 0.722323 0.000000 
15 1 0 1 2 2 1 1.281987 0.000000 
15 1 0 0 1 1 1 1.803793 0.000000 
15 1 0 3 4 4 1 1.264472 0.000000 
15 1 0 0 1 1 1 0.842934 0.000000 
15 1 0 1 2 2 1 0.948904 0.000000 
15 1 0 3 4 4 1 1.115976 0.000000 
15 1 0 3 4 4 1 0.643990 0.000000 
15 1 0 2 3 3 1 1.070676 0.000000 
15 1 0 2 3 3 1 0.504429 0.000000 
15 1 0 3 4 4 1 0.832584 0.000000 
15 1 0 2 3 3 1 1.508158 0.000000 
15 1 0 3 4 4 1 0.875249 0.000000 
15 1 0 0 1 1 1 0.892841 0.000000 
15 1 0 0 1 1 1 0.581886 0.000000 
15 1 0 2 3 3 1 0.891448 0.000000 
15 1 0 3 4 4 1 0.604464 0.000000 
15 1 0 1 2 2 1 1.240744 0.000000 
15 1 0 1 2 2 1 0.595878 0.000000 
15 1 0 3 4 4 1 0.703742 0.000000 
15 1 0 0 1 1 1 2.576009 0.000000 
15 1 0 1 2 2 1 0.622377 0.000000 
15 1 0 3 4 4 1 0.641900 0.000000 
15 1 0 2 3 3 1 0.916831 0.000000 
15 1 0 3 4 4 1 0.724512 0.000000 
15 1 0 1 2 2 1 1.684209 0.000000 
15 1 0 1 2 2 1 0.653445 0.000000 
15 1 0 0 1 1 1 0.918753 0.000000 
15 1 0 1 2 2 1 2.070450 0.000000 
15 1 0 0 1 1 1 0.704525 0.000000 
15 1 0 3 4 4 1 0.656809 0.000000 
15 1 0 1 2 2 1 1.283138 0.000000 
15 1 0 0 1 1 1 1.036284 0.000000 
15 1 0 3 4 4 1 2.158395 0.000000 
15 1 0 1 2 2 1 0.933194 0.000000 
15 1 0 3 4 4 1 0.620273 0.000000 
15 1 0 2 3 3 1 0.831796 0.000000 
15 1 0 1 2 2 1 0.795474 0.000000 
15 1 0 2 3 3 1 0.944404 0.000000 
15 1 0 2 3 3 1 0.991524 0.000000 
15 1 0 0 1 1 1 0.739479 0.000000 
15 1 0 3 4 4 1 0.738473 0.000000 
15 1 0 2 3 3 1 0.801359 0.000000 
15 1 0 3 4 4 1 0.645768 0.000000 
15 1 0 0 1 1 1 0.704696 0.000000 
15 1 0 2 3 3 1 1.008949 0.000000 
15 1 0 3 4 4 1 0.701283 0.000000 
15 1 0 3 4 4 1 0.684597 0.000000 
15 1 0 2 3 3 1 0.765478 0.000000 
15 1 0 1 2 2 1 0.747797 0.000000 
15 1 0 1 2 2 1 0.698724 0.000000 
15 1 0 3 4 4 1 1.035639 0.000000 
15 1 0 0 1 1 1 1.030695 0.000000 
15 1 0 3 4 4 1 0.810436 0.000000 
15 1 0 1 2 3 0 0.734758 0.000000 
15 1 0 0 1 1 1 0.696508 0.000000 
15 1 0 0 1 1 1 0.809162 0.000000 
15 1 0 3 4 4 1 0.653545 0.000000 
15 1 0 2 3 3 1 0.951784 0.000000 
15 1 0 2 3 3 1 0.694079 0.000000 
15 1 0 1 2 2 1 1.735046 0.000000 
15 1 0 0 1 1 1 0.678412 0.000000 
15 1 0 2 3 3 1 0.918937 0.000000 
15 1 0 1 2 2 1 0.862691 0.000000 
15 1 0 2 3 3 1 0.648935 0.000000 
15 1 0 2 3 3 1 0.651942 0.000000 
15 1 0 2 3 3 1 0.470101 0.000000 
15 1 0 2 3 3 1 0.495669 0.000000 
15 1 0 2 3 3 1 0.520474 0.000000 
15 1 0 3 4 4 1 1.615986 0.000000 
15 1 0 3 4 4 1 0.651016 0.000000 
15 1 0 2 3 3 1 0.941224 0.000000 
15 1 0 1 2 2 1 0.900295 0.000000 
15 1 0 2 3 2 0 0.916631 0.000000 
15 1 0 1 2 2 1 1.096164 0.000000 
15 1 0 1 2 2 1 0.585001 0.000000 
15 1 0 1 2 2 1 0.501888 0.000000 
