4 1 0 1 2 2 1 3.732195 0.000000 
4 1 0 1 2 2 1 1.483984 0.000000 
4 1 0 1 2 2 1 0.556879 0.000000 
4 1 0 2 3 3 1 1.506068 0.000000 
4 1 0 2 3 3 1 0.594585 0.000000 
4 1 0 1 2 2 1 0.847452 0.000000 
4 1 0 3 4 4 1 0.642452 0.000000 
4 1 0 3 4 4 1 0.605287 0.000000 
4 1 0 1 2 2 1 0.817499 0.000000 
4 1 0 3 4 4 1 0.669072 0.000000 
4 1 0 2 3 3 1 1.205690 0.000000 
4 1 0 1 2 2 1 0.866030 0.000000 
4 1 0 3 4 4 1 0.659963 0.000000 
4 1 0 1 2 2 1 0.637947 0.000000 
4 1 0 2 3 3 1 0.552809 0.000000 
4 1 0 0 1 1 1 1.095006 0.000000 
4 1 0 2 3 3 1 1.551959 0.000000 
4 1 0 0 1 1 1 0.934601 0.000000 
4 1 0 1 2 2 1 0.636606 0.000000 
4 1 0 1 2 2 1 0.679468 0.000000 
4 1 0 1 2 2 1 0.528977 0.000000 
4 1 0 3 4 4 1 0.608511 0.000000 
4 1 0 0 1 1 1 0.708708 0.000000 
4 1 0 0 1 1 1 0.468921 0.000000 
4 1 0 0 1 1 1 0.478413 0.000000 
4 1 0 1 2 2 1 0.703822 0.000000 
4 1 0 2 3 3 1 0.911080 0.000000 
4 1 0 0 1 1 1 0.663432 0.000000 
4 1 0 2 3 3 1 0.697624 0.000000 
4 1 0 3 4 4 1 0.658505 0.000000 
4 1 0 1 2 2 1 0.932736 0.000000 
4 1 0 1 2 2 1 0.587943 0.000000 
4 1 0 0 1 1 1 0.592562 0.000000 
4 1 0 2 3 3 1 0.844397 0.000000 
4 1 0 2 3 3 1 0.479332 0.000000 
4 1 0 0 1 1 1 0.752841 0.000000 
4 1 0 3 4 4 1 1.535077 0.000000 
4 1 0 3 4 4 1 0.510281 0.000000 
4 1 0 3 4 4 1 0.694468 0.000000 
4 1 0 0 1 1 1 1.247389 0.000000 
4 1 0 0 1 1 1 0.538483 0.000000 
4 1 0 1 2 2 1 0.768318 0.000000 
4 1 0 2 3 3 1 0.637845 0.000000 
4 1 0 3 4 4 1 0.584705 0.000000 
4 1 0 1 2 2 1 0.853613 0.000000 
4 1 0 2 3 3 1 0.895902 0.000000 
4 1 0 1 2 2 1 0.848886 0.000000 
4 1 0 1 2 2 1 0.523833 0.000000 
4 1 0 2 3 3 1 1.699384 0.000000 
4 1 0 0 1 1 1 0.994970 0.000000 
4 1 0 0 1 1 1 0.527970 0.000000 
4 1 0 1 2 1 0 0.487409 0.000000 
4 1 0 1 2 2 1 0.732293 0.000000 
4 1 0 0 1 1 1 0.579395 0.000000 
4 1 0 0 1 1 1 0.576890 0.000000 
4 1 0 1 2 2 1 0.726407 0.000000 
4 1 0 3 4 4 1 0.692952 0.000000 
4 1 0 2 3 3 1 0.733884 0.000000 
4 1 0 3 4 4 1 0.604780 0.000000 
4 1 0 0 1 1 1 0.736984 0.000000 
4 1 0 0 1 1 1 0.559884 0.000000 
4 1 0 3 4 4 1 0.622008 0.000000 
4 1 0 1 2 2 1 0.825558 0.000000 
4 1 0 3 4 4 1 0.725190 0.000000 
4 1 0 3 4 4 1 1.195795 0.000000 
4 1 0 2 3 3 1 0.632865 0.000000 
4 1 0 0 1 1 1 0.787980 0.000000 
4 1 0 3 4 4 1 0.576659 0.000000 
4 1 0 0 1 2 0 1.150203 0.000000 
4 1 0 0 1 1 1 0.552603 0.000000 
4 1 0 2 3 3 1 0.782314 0.000000 
4 1 0 1 2 1 0 0.659904 0.000000 
4 1 0 0 1 1 1 0.625106 0.000000 
4 1 0 0 1 1 1 0.612168 0.000000 
4 1 0 3 4 4 1 0.576363 0.000000 
4 1 0 2 3 3 1 1.549938 0.000000 
4 1 0 3 4 4 1 0.692429 0.000000 
4 1 0 0 1 1 1 1.677398 0.000000 
4 1 0 2 3 3 1 1.718294 0.000000 
4 1 0 3 4 4 1 0.574242 0.000000 
4 1 0 3 4 4 1 0.787789 0.000000 
4 1 0 0 1 1 1 1.088717 0.000000 
4 1 0 0 1 1 1 0.537755 0.000000 
4 1 0 2 3 3 1 1.512631 0.000000 
4 1 0 1 2 2 1 0.825147 0.000000 
4 1 0 2 3 3 1 0.692731 0.000000 
4 1 0 3 4 4 1 0.596648 0.000000 
4 1 0 2 3 3 1 0.513488 0.000000 
4 1 0 2 3 3 1 0.593626 0.000000 
4 1 0 2 3 3 1 0.638492 0.000000 
4 1 0 3 4 4 1 0.529367 0.000000 
4 1 0 3 4 4 1 0.424860 0.000000 
4 1 0 2 3 3 1 0.596311 0.000000 
4 1 0 1 2 2 1 0.777165 0.000000 
4 1 0 2 3 3 1 0.677708 0.000000 
4 1 0 3 4 4 1 0.879259 0.000000 
