17 1 0 0 1 1 1 1.835033 0.000000 
17 1 0 0 1 1 1 0.973822 0.000000 
17 1 0 0 1 1 1 0.571455 0.000000 
17 1 0 2 3 2 0 0.712948 0.000000 
17 1 0 3 4 4 1 0.932106 0.000000 
17 1 0 2 3 3 1 0.843280 0.000000 
17 1 0 0 1 1 1 0.734181 0.000000 
17 1 0 2 3 3 1 1.101011 0.000000 
17 1 0 3 4 4 1 0.717382 0.000000 
17 1 0 2 3 3 1 0.964887 0.000000 
17 1 0 1 2 1 0 0.987151 0.000000 
17 1 0 1 2 2 1 0.612094 0.000000 
17 1 0 1 2 2 1 0.590797 0.000000 
17 1 0 0 1 1 1 0.643645 0.000000 
17 1 0 0 1 1 1 0.566483 0.000000 
17 1 0 3 4 4 1 0.780159 0.000000 
17 1 0 3 4 4 1 0.537473 0.000000 
17 1 0 2 3 3 1 0.752281 0.000000 
17 1 0 0 1 1 1 0.542465 0.000000 
17 1 0 2 3 3 1 0.685264 0.000000 
17 1 0 3 4 4 1 0.493071 0.000000 
17 1 0 2 3 3 1 0.581880 0.000000 
17 1 0 3 4 4 1 0.755327 0.000000 
17 1 0 0 1 1 1 0.585495 0.000000 
17 1 0 2 3 3 1 0.654380 0.000000 
17 1 0 2 3 3 1 0.504487 0.000000 
17 1 0 3 4 4 1 0.568628 0.000000 
17 1 0 3 4 4 1 0.750117 0.000000 
17 1 0 2 3 3 1 0.476321 0.000000 
17 1 0 1 2 2 1 1.012776 0.000000 
17 1 0 0 1 1 1 0.737037 0.000000 
17 1 0 0 1 1 1 0.551887 0.000000 
17 1 0 3 4 4 1 0.685998 0.000000 
17 1 0 1 2 2 1 0.854883 0.000000 
17 1 0 0 1 1 1 0.609043 0.000000 
17 1 0 1 2 2 1 0.589237 0.000000 
17 1 0 3 4 4 1 0.706066 0.000000 
17 1 0 1 2 2 1 0.529241 0.000000 
17 1 0 2 3 3 1 0.432697 0.000000 
17 1 0 2 3 3 1 0.580007 0.000000 
17 1 0 0 1 1 1 0.569545 0.000000 
17 1 0 3 4 4 1 0.542984 0.000000 
17 1 0 0 1 1 1 0.685858 0.000000 
17 1 0 1 2 2 1 0.638704 0.000000 
17 1 0 3 4 4 1 0.841527 0.000000 
17 1 0 3 4 4 1 0.507410 0.000000 
17 1 0 1 2 2 1 0.787583 0.000000 
17 1 0 1 2 2 1 0.504431 0.000000 
17 1 0 1 2 2 1 0.456513 0.000000 
17 1 0 0 1 1 1 0.442636 0.000000 
17 1 0 2 3 3 1 0.885416 0.000000 
17 1 0 3 4 4 1 0.558302 0.000000 
17 1 0 2 3 3 1 0.868491 0.000000 
17 1 0 2 3 3 1 0.485001 0.000000 
17 1 0 1 2 2 1 0.805842 0.000000 
17 1 0 3 4 4 1 0.706015 0.000000 
17 1 0 1 2 2 1 0.738229 0.000000 
17 1 0 3 4 4 1 0.713104 0.000000 
17 1 0 0 1 1 1 0.857288 0.000000 
17 1 0 1 2 2 1 0.731515 0.000000 
17 1 0 1 2 2 1 0.587012 0.000000 
17 1 0 0 1 1 1 0.558811 0.000000 
17 1 0 1 2 2 1 0.628995 0.000000 
17 1 0 3 4 4 1 0.480402 0.000000 
17 1 0 2 3 3 1 0.425878 0.000000 
17 1 0 2 3 3 1 0.469327 0.000000 
17 1 0 0 1 1 1 0.622739 0.000000 
17 1 0 2 3 4 0 0.570222 0.000000 
17 1 0 0 1 1 1 0.787674 0.000000 
17 1 0 2 3 3 1 0.543151 0.000000 
17 1 0 2 3 3 1 0.525885 0.000000 
17 1 0 3 4 4 1 0.469376 0.000000 
17 1 0 3 4 4 1 0.526777 0.000000 
17 1 0 3 4 4 1 0.430243 0.000000 
17 1 0 1 2 2 1 0.785683 0.000000 
17 1 0 3 4 4 1 0.614525 0.000000 
17 1 0 2 3 3 1 0.442697 0.000000 
17 1 0 0 1 1 1 0.557430 0.000000 
17 1 0 0 1 1 1 0.578569 0.000000 
17 1 0 1 2 2 1 0.696036 0.000000 
17 1 0 0 1 1 1 0.576848 0.000000 
17 1 0 3 4 4 1 0.726373 0.000000 
17 1 0 2 3 3 1 0.413849 0.000000 
17 1 0 1 2 2 1 0.961987 0.000000 
17 1 0 0 1 1 1 0.608229 0.000000 
17 1 0 3 4 4 1 0.556391 0.000000 
17 1 0 1 2 2 1 0.690535 0.000000 
17 1 0 2 3 3 1 0.978386 0.000000 
17 1 0 1 2 2 1 0.735990 0.000000 
17 1 0 0 1 1 1 0.606854 0.000000 
17 1 0 2 3 3 1 0.618979 0.000000 
17 1 0 3 4 4 1 0.406496 0.000000 
17 1 0 1 2 2 1 0.738567 0.000000 
17 1 0 1 2 2 1 0.561428 0.000000 
17 1 0 0 1 1 1 0.694533 0.000000 
17 1 0 1 2 2 1 0.623415 0.000000 
