5 1 0 3 4 0 0 5.000015 0.000000 
5 1 0 3 4 0 0 5.000005 0.000000 
5 1 0 1 2 0 0 5.000005 0.000000 
5 1 0 1 2 0 0 5.000004 0.000000 
5 1 0 0 1 3 0 3.566343 0.000000 
5 1 0 3 4 1 0 0.968561 0.000000 
5 1 0 0 1 1 1 2.552900 0.000000 
5 1 0 3 4 3 0 4.359749 0.000000 
5 1 0 2 3 3 1 1.243219 0.000000 
5 1 0 2 3 3 1 0.782094 0.000000 
5 1 0 3 4 4 1 1.123828 0.000000 
5 1 0 2 3 3 1 0.778528 0.000000 
5 1 0 1 2 1 0 0.736165 0.000000 
5 1 0 2 3 1 0 2.627012 0.000000 
5 1 0 1 2 1 0 0.995124 0.000000 
5 1 0 2 3 0 0 5.000004 0.000000 
5 1 0 2 3 1 0 4.580340 0.000000 
5 1 0 0 1 0 0 5.000004 0.000000 
5 1 0 3 4 3 0 2.687598 0.000000 
5 1 0 3 4 3 0 0.612867 0.000000 
5 1 0 2 3 1 0 2.732771 0.000000 
5 1 0 3 4 0 0 5.000005 0.000000 
5 1 0 1 2 0 0 5.000005 0.000000 
5 1 0 1 2 1 0 1.858289 0.000000 
5 1 0 2 3 0 0 5.000004 0.000000 
5 1 0 0 1 1 1 0.785220 0.000000 
5 1 0 0 1 1 1 0.549922 0.000000 
5 1 0 3 4 3 0 0.660128 0.000000 
5 1 0 1 2 1 0 0.642143 0.000000 
5 1 0 0 1 1 1 0.648639 0.000000 
5 1 0 2 3 0 0 5.000004 0.000000 
5 1 0 3 4 0 0 5.000004 0.000000 
5 1 0 3 4 3 0 2.373856 0.000000 
5 1 0 1 2 1 0 0.847650 0.000000 
5 1 0 1 2 0 0 5.000004 0.000000 
5 1 0 1 2 1 0 3.871009 0.000000 
5 1 0 0 1 0 0 5.000004 0.000000 
5 1 0 3 4 3 0 0.670049 0.000000 
5 1 0 0 1 1 1 0.555115 0.000000 
5 1 0 0 1 1 1 0.441020 0.000000 
5 1 0 3 4 4 1 0.683908 0.000000 
5 1 0 1 2 1 0 0.452805 0.000000 
5 1 0 1 2 1 0 1.018811 0.000000 
5 1 0 1 2 0 0 5.000004 0.000000 
5 1 0 0 1 1 1 0.562653 0.000000 
5 1 0 1 2 0 0 5.000004 0.000000 
5 1 0 3 4 4 1 0.818583 0.000000 
5 1 0 3 4 4 1 0.420944 0.000000 
5 1 0 2 3 3 1 4.528675 0.000000 
5 1 0 0 1 1 1 0.801625 0.000000 
5 1 0 1 2 0 0 5.000004 0.000000 
5 1 0 2 3 4 0 1.470921 0.000000 
5 1 0 2 3 3 1 0.476303 0.000000 
5 1 0 3 4 4 1 0.565595 0.000000 
5 1 0 1 2 3 0 0.587822 0.000000 
5 1 0 3 4 4 1 0.580457 0.000000 
5 1 0 0 1 1 1 0.577746 0.000000 
5 1 0 1 2 0 0 5.000004 0.000000 
5 1 0 1 2 2 1 2.512266 0.000000 
5 1 0 2 3 4 0 1.609000 0.000000 
5 1 0 2 3 2 0 0.921433 0.000000 
5 1 0 0 1 1 1 0.796705 0.000000 
5 1 0 2 3 3 1 0.600412 0.000000 
5 1 0 3 4 4 1 0.660603 0.000000 
5 1 0 3 4 4 1 0.718842 0.000000 
5 1 0 0 1 1 1 0.654481 0.000000 
5 1 0 1 2 2 1 0.664706 0.000000 
5 1 0 1 2 2 1 0.730972 0.000000 
5 1 0 3 4 4 1 0.618559 0.000000 
5 1 0 1 2 2 1 0.598153 0.000000 
5 1 0 2 3 3 1 0.515071 0.000000 
5 1 0 0 1 1 1 0.538211 0.000000 
5 1 0 2 3 2 0 0.873116 0.000000 
5 1 0 2 3 3 1 0.766569 0.000000 
5 1 0 2 3 3 1 0.483950 0.000000 
5 1 0 3 4 4 1 0.428820 0.000000 
5 1 0 3 4 4 1 0.472262 0.000000 
5 1 0 0 1 1 1 0.945812 0.000000 
5 1 0 1 2 2 1 0.575818 0.000000 
5 1 0 2 3 3 1 1.037392 0.000000 
5 1 0 0 1 1 1 0.544429 0.000000 
5 1 0 1 2 2 1 0.735317 0.000000 
5 1 0 3 4 4 1 0.598258 0.000000 
5 1 0 0 1 1 1 0.659185 0.000000 
5 1 0 3 4 4 1 0.677432 0.000000 
5 1 0 0 1 1 1 0.526915 0.000000 
5 1 0 0 1 1 1 0.541509 0.000000 
5 1 0 0 1 1 1 0.420347 0.000000 
5 1 0 2 3 2 0 0.639856 0.000000 
5 1 0 0 1 1 1 0.798551 0.000000 
5 1 0 0 1 1 1 0.579289 0.000000 
5 1 0 2 3 3 1 0.776795 0.000000 
5 1 0 2 3 3 1 0.606429 0.000000 
5 1 0 2 3 3 1 0.546702 0.000000 
5 1 0 0 1 1 1 0.568563 0.000000 
5 1 0 1 2 2 1 0.574138 0.000000 
