16 1 0 3 4 0 0 5.000007 0.000000 
16 1 0 0 1 1 1 1.611010 0.000000 
16 1 0 2 3 3 1 1.935069 0.000000 
16 1 0 0 1 1 1 0.638382 0.000000 
16 1 0 1 2 2 1 0.449170 0.000000 
16 1 0 1 2 2 1 0.579978 0.000000 
16 1 0 3 4 4 1 0.537434 0.000000 
16 1 0 3 4 4 1 0.480202 0.000000 
16 1 0 2 3 3 1 0.657664 0.000000 
16 1 0 0 1 1 1 0.482794 0.000000 
16 1 0 1 2 2 1 0.483955 0.000000 
16 1 0 2 3 3 1 0.748365 0.000000 
16 1 0 1 2 2 1 0.667249 0.000000 
16 1 0 0 1 1 1 0.572755 0.000000 
16 1 0 3 4 4 1 0.514209 0.000000 
16 1 0 2 3 3 1 0.730290 0.000000 
16 1 0 3 4 4 1 0.697848 0.000000 
16 1 0 0 1 1 1 0.514706 0.000000 
16 1 0 2 3 2 0 0.553796 0.000000 
16 1 0 2 3 2 0 0.859884 0.000000 
16 1 0 3 4 4 1 0.473645 0.000000 
16 1 0 0 1 1 1 0.530671 0.000000 
16 1 0 0 1 1 1 0.626136 0.000000 
16 1 0 2 3 3 1 0.573596 0.000000 
16 1 0 0 1 1 1 0.571076 0.000000 
16 1 0 0 1 1 1 0.512552 0.000000 
16 1 0 1 2 2 1 0.583621 0.000000 
16 1 0 3 4 4 1 0.492429 0.000000 
16 1 0 0 1 1 1 0.501213 0.000000 
16 1 0 1 2 2 1 0.493339 0.000000 
16 1 0 0 1 1 1 0.510008 0.000000 
16 1 0 0 1 1 1 0.590231 0.000000 
16 1 0 0 1 1 1 0.443007 0.000000 
16 1 0 0 1 1 1 0.613768 0.000000 
16 1 0 0 1 1 1 0.561892 0.000000 
16 1 0 3 4 4 1 0.575011 0.000000 
16 1 0 3 4 1 0 0.460542 0.000000 
16 1 0 2 3 3 1 0.858592 0.000000 
16 1 0 3 4 4 1 0.668343 0.000000 
16 1 0 1 2 2 1 0.637911 0.000000 
16 1 0 1 2 2 1 0.688726 0.000000 
16 1 0 1 2 2 1 0.513601 0.000000 
16 1 0 1 2 2 1 0.729683 0.000000 
16 1 0 3 4 4 1 0.600212 0.000000 
16 1 0 3 4 4 1 0.540362 0.000000 
16 1 0 3 4 4 1 0.531164 0.000000 
16 1 0 0 1 1 1 0.538605 0.000000 
16 1 0 1 2 2 1 0.553406 0.000000 
16 1 0 1 2 2 1 0.567541 0.000000 
16 1 0 3 4 4 1 0.836981 0.000000 
16 1 0 2 3 3 1 0.495896 0.000000 
16 1 0 0 1 1 1 0.407655 0.000000 
16 1 0 3 4 4 1 0.507726 0.000000 
16 1 0 3 4 4 1 0.539858 0.000000 
16 1 0 2 3 3 1 0.682669 0.000000 
16 1 0 1 2 2 1 0.595992 0.000000 
16 1 0 3 4 4 1 0.520924 0.000000 
16 1 0 2 3 3 1 0.768377 0.000000 
16 1 0 2 3 3 1 0.549922 0.000000 
16 1 0 1 2 2 1 0.723133 0.000000 
16 1 0 3 4 4 1 0.634533 0.000000 
16 1 0 3 4 4 1 0.613456 0.000000 
16 1 0 1 2 2 1 0.593601 0.000000 
16 1 0 2 3 3 1 0.702418 0.000000 
16 1 0 2 3 3 1 0.502589 0.000000 
16 1 0 1 2 2 1 0.790685 0.000000 
16 1 0 1 2 2 1 0.531611 0.000000 
16 1 0 3 4 4 1 0.547011 0.000000 
16 1 0 0 1 1 1 0.496838 0.000000 
16 1 0 3 4 4 1 0.601605 0.000000 
16 1 0 1 2 2 1 0.645756 0.000000 
16 1 0 2 3 3 1 0.600578 0.000000 
16 1 0 2 3 3 1 0.588740 0.000000 
16 1 0 0 1 1 1 0.553487 0.000000 
16 1 0 0 1 1 1 0.543679 0.000000 
16 1 0 0 1 1 1 0.550460 0.000000 
16 1 0 0 1 1 1 0.507608 0.000000 
16 1 0 1 2 2 1 0.635702 0.000000 
16 1 0 2 3 3 1 2.214565 0.000000 
16 1 0 1 2 2 1 0.627286 0.000000 
16 1 0 2 3 3 1 0.790814 0.000000 
16 1 0 0 1 1 1 0.587672 0.000000 
16 1 0 2 3 3 1 0.640448 0.000000 
16 1 0 1 2 2 1 0.419307 0.000000 
16 1 0 2 3 3 1 0.469705 0.000000 
16 1 0 2 3 3 1 0.535121 0.000000 
16 1 0 1 2 2 1 0.629928 0.000000 
16 1 0 2 3 3 1 0.673379 0.000000 
16 1 0 3 4 4 1 0.578929 0.000000 
16 1 0 3 4 4 1 1.296402 0.000000 
16 1 0 3 4 4 1 0.497487 0.000000 
16 1 0 1 2 2 1 0.586220 0.000000 
16 1 0 2 3 3 1 0.445966 0.000000 
16 1 0 2 3 3 1 0.512809 0.000000 
16 1 0 0 1 1 1 0.584905 0.000000 
16 1 0 1 2 2 1 0.589715 0.000000 
