10 1 0 3 4 4 1 1.055306 0.000000 
10 1 0 2 3 1 0 1.433204 0.000000 
10 1 0 0 1 1 1 2.760439 0.000000 
10 1 0 3 4 4 1 0.806921 0.000000 
10 1 0 0 1 1 1 0.587169 0.000000 
10 1 0 1 2 1 0 0.510992 0.000000 
10 1 0 3 4 4 1 0.755144 0.000000 
10 1 0 3 4 4 1 0.752907 0.000000 
10 1 0 2 3 3 1 1.359193 0.000000 
10 1 0 0 1 1 1 0.525526 0.000000 
10 1 0 1 2 2 1 0.765103 0.000000 
10 1 0 0 1 2 0 0.619339 0.000000 
10 1 0 2 3 3 1 1.265898 0.000000 
10 1 0 2 3 3 1 0.611779 0.000000 
10 1 0 2 3 3 1 0.856006 0.000000 
10 1 0 1 2 2 1 0.778280 0.000000 
10 1 0 3 4 1 0 0.815870 0.000000 
10 1 0 1 2 1 0 0.936123 0.000000 
10 1 0 1 2 2 1 1.146649 0.000000 
10 1 0 3 4 4 1 0.912221 0.000000 
10 1 0 3 4 4 1 0.632521 0.000000 
10 1 0 2 3 3 1 0.747961 0.000000 
10 1 0 3 4 4 1 0.762889 0.000000 
10 1 0 1 2 2 1 0.665147 0.000000 
10 1 0 2 3 3 1 0.755378 0.000000 
10 1 0 2 3 3 1 0.521587 0.000000 
10 1 0 1 2 2 1 0.641078 0.000000 
10 1 0 0 1 1 1 0.770936 0.000000 
10 1 0 3 4 4 1 0.768503 0.000000 
10 1 0 3 4 4 1 0.510019 0.000000 
10 1 0 3 4 4 1 0.518176 0.000000 
10 1 0 1 2 2 1 0.741658 0.000000 
10 1 0 0 1 1 1 0.532501 0.000000 
10 1 0 3 4 4 1 0.771906 0.000000 
10 1 0 1 2 2 1 0.680619 0.000000 
10 1 0 2 3 3 1 0.762145 0.000000 
10 1 0 1 2 1 0 0.568404 0.000000 
10 1 0 1 2 2 1 0.593904 0.000000 
10 1 0 0 1 1 1 0.638267 0.000000 
10 1 0 2 3 3 1 0.721134 0.000000 
10 1 0 0 1 1 1 0.544681 0.000000 
10 1 0 3 4 4 1 0.839541 0.000000 
10 1 0 0 1 1 1 0.745451 0.000000 
10 1 0 0 1 1 1 0.544302 0.000000 
10 1 0 0 1 1 1 0.559142 0.000000 
10 1 0 1 2 2 1 1.565366 0.000000 
10 1 0 0 1 1 1 0.971860 0.000000 
10 1 0 2 3 3 1 1.185539 0.000000 
10 1 0 0 1 1 1 0.558576 0.000000 
10 1 0 0 1 1 1 1.339773 0.000000 
10 1 0 2 3 3 1 1.338900 0.000000 
10 1 0 3 4 4 1 0.778011 0.000000 
10 1 0 0 1 3 0 0.943592 0.000000 
10 1 0 0 1 1 1 1.530612 0.000000 
10 1 0 2 3 3 1 0.921980 0.000000 
10 1 0 0 1 1 1 0.577593 0.000000 
10 1 0 1 2 2 1 1.046039 0.000000 
10 1 0 0 1 1 1 0.961088 0.000000 
10 1 0 0 1 1 1 1.591479 0.000000 
10 1 0 3 4 4 1 0.788667 0.000000 
10 1 0 0 1 1 1 0.753576 0.000000 
10 1 0 2 3 3 1 0.863822 0.000000 
10 1 0 3 4 4 1 1.074048 0.000000 
10 1 0 3 4 1 0 1.010743 0.000000 
10 1 0 2 3 3 1 1.403155 0.000000 
10 1 0 2 3 3 1 0.855146 0.000000 
10 1 0 2 3 3 1 0.593400 0.000000 
10 1 0 3 4 1 0 0.534248 0.000000 
10 1 0 1 2 2 1 0.841094 0.000000 
10 1 0 1 2 2 1 0.603547 0.000000 
10 1 0 3 4 4 1 0.455725 0.000000 
10 1 0 1 2 2 1 0.704829 0.000000 
10 1 0 1 2 2 1 0.609043 0.000000 
10 1 0 1 2 2 1 0.493215 0.000000 
10 1 0 1 2 2 1 0.534009 0.000000 
10 1 0 3 4 4 1 0.540812 0.000000 
10 1 0 2 3 3 1 0.827601 0.000000 
10 1 0 3 4 4 1 0.807247 0.000000 
10 1 0 2 3 2 0 0.795515 0.000000 
10 1 0 1 2 2 1 0.603418 0.000000 
10 1 0 1 2 2 1 0.591137 0.000000 
10 1 0 0 1 2 0 0.363949 0.000000 
10 1 0 3 4 4 1 1.078061 0.000000 
10 1 0 3 4 4 1 0.479264 0.000000 
10 1 0 2 3 3 1 0.880748 0.000000 
10 1 0 2 3 4 0 0.650337 0.000000 
10 1 0 1 2 2 1 0.759539 0.000000 
10 1 0 0 1 1 1 0.829310 0.000000 
10 1 0 0 1 1 1 0.496888 0.000000 
10 1 0 1 2 2 1 0.737700 0.000000 
10 1 0 0 1 1 1 0.720598 0.000000 
10 1 0 2 3 3 1 0.824171 0.000000 
10 1 0 2 3 3 1 0.811733 0.000000 
10 1 0 1 2 2 1 0.784014 0.000000 
10 1 0 2 3 3 1 0.835886 0.000000 
10 1 0 3 4 1 0 1.070860 0.000000 
