20 1 0 1 2 2 1 2.404147 0.000000 
20 1 0 3 4 0 0 5.000005 0.000000 
20 1 0 0 1 1 1 0.945435 0.000000 
20 1 0 1 2 1 0 0.496170 0.000000 
20 1 0 0 1 1 1 0.364830 0.000000 
20 1 0 0 1 1 1 0.498732 0.000000 
20 1 0 3 4 0 0 5.000004 0.000000 
20 1 0 1 2 1 0 0.412417 0.000000 
20 1 0 3 4 0 0 5.000005 0.000000 
20 1 0 1 2 2 1 1.093774 0.000000 
20 1 0 3 4 4 1 4.893793 0.000000 
20 1 0 0 1 1 1 1.200287 0.000000 
20 1 0 1 2 2 1 1.212791 0.000000 
20 1 0 0 1 1 1 2.417328 0.000000 
20 1 0 3 4 4 1 0.805563 0.000000 
20 1 0 3 4 4 1 0.544861 0.000000 
20 1 0 2 3 3 1 0.695792 0.000000 
20 1 0 0 1 1 1 1.024688 0.000000 
20 1 0 0 1 1 1 0.596382 0.000000 
20 1 0 3 4 4 1 0.585252 0.000000 
20 1 0 3 4 4 1 0.526155 0.000000 
20 1 0 1 2 2 1 1.421731 0.000000 
20 1 0 1 2 2 1 0.729564 0.000000 
20 1 0 1 2 2 1 0.632180 0.000000 
20 1 0 0 1 2 0 0.403774 0.000000 
20 1 0 0 1 1 1 0.523692 0.000000 
20 1 0 3 4 4 1 0.506950 0.000000 
20 1 0 0 1 1 1 0.715155 0.000000 
20 1 0 2 3 3 1 0.747453 0.000000 
20 1 0 2 3 3 1 0.666371 0.000000 
20 1 0 3 4 4 1 0.667996 0.000000 
20 1 0 0 1 1 1 0.612558 0.000000 
20 1 0 0 1 1 1 0.704785 0.000000 
20 1 0 3 4 4 1 0.929035 0.000000 
20 1 0 2 3 3 1 0.680695 0.000000 
20 1 0 1 2 1 0 0.882288 0.000000 
20 1 0 1 2 2 1 0.631752 0.000000 
20 1 0 3 4 4 1 0.787104 0.000000 
20 1 0 0 1 1 1 0.672003 0.000000 
20 1 0 0 1 1 1 0.528660 0.000000 
20 1 0 0 1 1 1 0.632155 0.000000 
20 1 0 3 4 4 1 0.539778 0.000000 
20 1 0 0 1 1 1 0.666585 0.000000 
20 1 0 2 3 3 1 0.700177 0.000000 
20 1 0 1 2 2 1 0.892450 0.000000 
20 1 0 2 3 3 1 0.693426 0.000000 
20 1 0 2 3 3 1 0.534413 0.000000 
20 1 0 1 2 2 1 1.228253 0.000000 
20 1 0 2 3 3 1 0.680032 0.000000 
20 1 0 3 4 4 1 0.593682 0.000000 
20 1 0 1 2 2 1 1.798639 0.000000 
20 1 0 3 4 4 1 0.651880 0.000000 
20 1 0 0 1 1 1 0.710219 0.000000 
20 1 0 1 2 2 1 0.813523 0.000000 
20 1 0 2 3 3 1 1.889749 0.000000 
20 1 0 2 3 3 1 0.475197 0.000000 
20 1 0 2 3 3 1 0.468675 0.000000 
20 1 0 1 2 2 1 1.230173 0.000000 
20 1 0 3 4 4 1 0.697937 0.000000 
20 1 0 2 3 3 1 0.746967 0.000000 
20 1 0 3 4 4 1 0.657858 0.000000 
20 1 0 2 3 3 1 0.835166 0.000000 
20 1 0 0 1 1 1 0.686017 0.000000 
20 1 0 2 3 3 1 0.967069 0.000000 
20 1 0 1 2 2 1 1.204728 0.000000 
20 1 0 2 3 3 1 0.665207 0.000000 
20 1 0 2 3 3 1 1.171519 0.000000 
20 1 0 1 2 2 1 1.081244 0.000000 
20 1 0 3 4 4 1 1.075036 0.000000 
20 1 0 3 4 4 1 0.531711 0.000000 
20 1 0 3 4 4 1 0.499316 0.000000 
20 1 0 1 2 2 1 0.971953 0.000000 
20 1 0 2 3 3 1 0.601228 0.000000 
20 1 0 0 1 1 1 0.789379 0.000000 
20 1 0 1 2 2 1 0.778338 0.000000 
20 1 0 2 3 3 1 0.607945 0.000000 
20 1 0 3 4 4 1 0.387177 0.000000 
20 1 0 0 1 1 1 0.607981 0.000000 
20 1 0 0 1 2 0 0.684246 0.000000 
20 1 0 0 1 1 1 0.504899 0.000000 
20 1 0 2 3 3 1 0.560940 0.000000 
20 1 0 0 1 1 1 0.663094 0.000000 
20 1 0 2 3 3 1 0.913356 0.000000 
20 1 0 1 2 2 1 0.889728 0.000000 
20 1 0 2 3 3 1 0.689676 0.000000 
20 1 0 1 2 1 0 0.634620 0.000000 
20 1 0 2 3 3 1 0.737359 0.000000 
20 1 0 1 2 2 1 0.855998 0.000000 
20 1 0 2 3 3 1 1.018429 0.000000 
20 1 0 1 2 2 1 0.750084 0.000000 
20 1 0 0 1 1 1 0.716390 0.000000 
20 1 0 1 2 2 1 0.691047 0.000000 
20 1 0 3 4 4 1 0.723932 0.000000 
20 1 0 3 4 4 1 0.635526 0.000000 
20 1 0 2 3 3 1 0.566465 0.000000 
20 1 0 3 4 4 1 0.523920 0.000000 
