12 1 0 3 4 4 1 0.658991 0.000000 
12 1 0 2 3 3 1 0.948740 0.000000 
12 1 0 2 3 3 1 0.843681 0.000000 
12 1 0 1 2 2 1 0.933613 0.000000 
12 1 0 3 4 4 1 0.580496 0.000000 
12 1 0 1 2 2 1 0.993971 0.000000 
12 1 0 3 4 4 1 0.558908 0.000000 
12 1 0 1 2 2 1 0.709018 0.000000 
12 1 0 3 4 4 1 0.493210 0.000000 
12 1 0 3 4 4 1 0.438454 0.000000 
12 1 0 1 2 2 1 0.632767 0.000000 
12 1 0 2 3 3 1 0.620004 0.000000 
12 1 0 0 1 1 1 0.630067 0.000000 
12 1 0 1 2 1 0 0.457588 0.000000 
12 1 0 2 3 3 1 0.623617 0.000000 
12 1 0 0 1 1 1 0.642629 0.000000 
12 1 0 1 2 2 1 0.621458 0.000000 
12 1 0 0 1 1 1 0.673005 0.000000 
12 1 0 1 2 2 1 0.762463 0.000000 
12 1 0 3 4 4 1 0.591776 0.000000 
12 1 0 3 4 4 1 0.500506 0.000000 
12 1 0 0 1 1 1 0.924658 0.000000 
12 1 0 2 3 3 1 0.676206 0.000000 
12 1 0 1 2 1 0 0.741762 0.000000 
12 1 0 1 2 2 1 0.792552 0.000000 
12 1 0 2 3 3 1 0.621004 0.000000 
12 1 0 0 1 1 1 0.680500 0.000000 
12 1 0 1 2 2 1 0.873046 0.000000 
12 1 0 3 4 4 1 0.490635 0.000000 
12 1 0 2 3 3 1 0.803396 0.000000 
12 1 0 0 1 1 1 0.559561 0.000000 
12 1 0 1 2 2 1 0.589754 0.000000 
12 1 0 1 2 2 1 0.642509 0.000000 
12 1 0 2 3 3 1 0.701393 0.000000 
12 1 0 0 1 1 1 0.829505 0.000000 
12 1 0 2 3 3 1 0.512167 0.000000 
12 1 0 1 2 2 1 0.720261 0.000000 
12 1 0 0 1 1 1 0.575779 0.000000 
12 1 0 3 4 4 1 0.477171 0.000000 
12 1 0 2 3 3 1 0.678661 0.000000 
12 1 0 0 1 1 1 0.584135 0.000000 
12 1 0 0 1 1 1 0.612931 0.000000 
12 1 0 3 4 4 1 1.001157 0.000000 
12 1 0 3 4 4 1 0.541414 0.000000 
12 1 0 3 4 4 1 0.563169 0.000000 
12 1 0 3 4 4 1 0.473311 0.000000 
12 1 0 3 4 4 1 0.562802 0.000000 
12 1 0 3 4 4 1 0.376910 0.000000 
12 1 0 3 4 4 1 0.350257 0.000000 
12 1 0 0 1 1 1 0.996355 0.000000 
12 1 0 1 2 2 1 0.657319 0.000000 
12 1 0 3 4 4 1 0.459486 0.000000 
12 1 0 2 3 3 1 0.612568 0.000000 
12 1 0 1 2 2 1 0.984752 0.000000 
12 1 0 2 3 3 1 0.869645 0.000000 
12 1 0 2 3 3 1 0.519288 0.000000 
12 1 0 2 3 3 1 0.686756 0.000000 
12 1 0 0 1 1 1 0.551596 0.000000 
12 1 0 2 3 3 1 0.549690 0.000000 
12 1 0 3 4 4 1 0.532008 0.000000 
12 1 0 1 2 2 1 0.698331 0.000000 
12 1 0 2 3 3 1 0.547124 0.000000 
12 1 0 0 1 1 1 0.521884 0.000000 
12 1 0 2 3 3 1 0.513467 0.000000 
12 1 0 0 1 1 1 0.529486 0.000000 
12 1 0 0 1 1 1 0.480939 0.000000 
12 1 0 0 1 1 1 0.402327 0.000000 
12 1 0 1 2 2 1 0.606439 0.000000 
12 1 0 0 1 1 1 0.594538 0.000000 
12 1 0 0 1 1 1 0.494389 0.000000 
12 1 0 0 1 1 1 0.503172 0.000000 
12 1 0 2 3 3 1 0.599279 0.000000 
12 1 0 0 1 1 1 0.611937 0.000000 
12 1 0 1 2 2 1 0.696250 0.000000 
12 1 0 2 3 3 1 0.584994 0.000000 
12 1 0 3 4 4 1 0.597894 0.000000 
12 1 0 2 3 3 1 0.658671 0.000000 
12 1 0 0 1 1 1 0.612835 0.000000 
12 1 0 1 2 2 1 0.736009 0.000000 
12 1 0 1 2 2 1 0.574866 0.000000 
12 1 0 0 1 3 0 0.628367 0.000000 
12 1 0 0 1 1 1 0.571746 0.000000 
12 1 0 2 3 3 1 0.576819 0.000000 
12 1 0 3 4 4 1 0.518298 0.000000 
12 1 0 2 3 3 1 0.653746 0.000000 
12 1 0 1 2 2 1 0.639902 0.000000 
12 1 0 3 4 4 1 0.641730 0.000000 
12 1 0 2 3 3 1 1.004573 0.000000 
12 1 0 3 4 4 1 0.472893 0.000000 
12 1 0 0 1 1 1 0.586333 0.000000 
12 1 0 2 3 3 1 0.911160 0.000000 
12 1 0 1 2 2 1 0.775421 0.000000 
12 1 0 1 2 1 0 0.724897 0.000000 
12 1 0 3 4 4 1 0.504382 0.000000 
12 1 0 1 2 2 1 0.559153 0.000000 
12 1 0 3 4 4 1 0.597192 0.000000 
