21 1 0 1 2 2 1 2.928854 0.000000 
21 1 0 1 2 2 1 1.536707 0.000000 
21 1 0 2 3 3 1 2.456000 0.000000 
21 1 0 2 3 3 1 2.465876 0.000000 
21 1 0 0 1 1 1 1.435978 0.000000 
21 1 0 0 1 1 1 0.751329 0.000000 
21 1 0 0 1 1 1 3.389703 0.000000 
21 1 0 1 2 2 1 1.355581 0.000000 
21 1 0 2 3 3 1 1.321154 0.000000 
21 1 0 2 3 3 1 0.633832 0.000000 
21 1 0 0 1 1 1 0.691756 0.000000 
21 1 0 1 2 2 1 0.772595 0.000000 
21 1 0 3 4 4 1 0.810254 0.000000 
21 1 0 1 2 2 1 1.518498 0.000000 
21 1 0 3 4 4 1 0.942417 0.000000 
21 1 0 2 3 3 1 2.333422 0.000000 
21 1 0 0 1 1 1 0.715940 0.000000 
21 1 0 0 1 1 1 0.643942 0.000000 
21 1 0 1 2 2 1 0.710400 0.000000 
21 1 0 1 2 2 1 0.606631 0.000000 
21 1 0 1 2 2 1 0.634827 0.000000 
21 1 0 2 3 3 1 0.941698 0.000000 
21 1 0 0 1 1 1 0.708679 0.000000 
21 1 0 2 3 3 1 1.652968 0.000000 
21 1 0 3 4 4 1 0.518520 0.000000 
21 1 0 1 2 3 0 1.822061 0.000000 
21 1 0 0 1 1 1 0.806001 0.000000 
21 1 0 0 1 1 1 0.681846 0.000000 
21 1 0 2 3 2 0 1.099433 0.000000 
21 1 0 1 2 2 1 3.096106 0.000000 
21 1 0 2 3 3 1 1.552890 0.000000 
21 1 0 0 1 1 1 0.615402 0.000000 
21 1 0 0 1 1 1 0.707596 0.000000 
21 1 0 1 2 2 1 1.563908 0.000000 
21 1 0 0 1 1 1 0.802441 0.000000 
21 1 0 1 2 2 1 0.910688 0.000000 
21 1 0 1 2 2 1 0.783032 0.000000 
21 1 0 3 4 4 1 0.874914 0.000000 
21 1 0 1 2 2 1 1.188587 0.000000 
21 1 0 3 4 4 1 0.769667 0.000000 
21 1 0 3 4 4 1 0.687274 0.000000 
21 1 0 0 1 1 1 0.672178 0.000000 
21 1 0 2 3 3 1 2.025779 0.000000 
21 1 0 3 4 4 1 0.677819 0.000000 
21 1 0 3 4 4 1 0.710297 0.000000 
21 1 0 1 2 2 1 1.110556 0.000000 
21 1 0 1 2 2 1 1.927022 0.000000 
21 1 0 3 4 4 1 0.663025 0.000000 
21 1 0 2 3 3 1 0.953270 0.000000 
21 1 0 0 1 1 1 0.599531 0.000000 
21 1 0 1 2 2 1 1.419015 0.000000 
21 1 0 2 3 3 1 1.022623 0.000000 
21 1 0 2 3 3 1 1.306295 0.000000 
21 1 0 2 3 3 1 0.626791 0.000000 
21 1 0 0 1 1 1 0.566308 0.000000 
21 1 0 1 2 2 1 0.684081 0.000000 
21 1 0 3 4 4 1 0.692675 0.000000 
21 1 0 1 2 2 1 0.685616 0.000000 
21 1 0 2 3 3 1 0.589508 0.000000 
21 1 0 3 4 4 1 0.562361 0.000000 
21 1 0 0 1 1 1 0.536505 0.000000 
21 1 0 3 4 4 1 0.447352 0.000000 
21 1 0 0 1 1 1 0.570171 0.000000 
21 1 0 2 3 3 1 0.727626 0.000000 
21 1 0 3 4 4 1 0.519185 0.000000 
21 1 0 1 2 2 1 0.822705 0.000000 
21 1 0 0 1 1 1 0.625316 0.000000 
21 1 0 2 3 3 1 0.964882 0.000000 
21 1 0 3 4 4 1 0.571208 0.000000 
21 1 0 1 2 2 1 0.632726 0.000000 
21 1 0 2 3 3 1 0.740055 0.000000 
21 1 0 1 2 2 1 0.970509 0.000000 
21 1 0 3 4 4 1 0.488164 0.000000 
21 1 0 2 3 3 1 0.896990 0.000000 
21 1 0 3 4 4 1 0.704968 0.000000 
21 1 0 3 4 4 1 0.545140 0.000000 
21 1 0 0 1 1 1 0.703958 0.000000 
21 1 0 0 1 1 1 0.456243 0.000000 
21 1 0 3 4 4 1 0.722380 0.000000 
21 1 0 2 3 3 1 0.793940 0.000000 
21 1 0 0 1 1 1 0.686881 0.000000 
21 1 0 0 1 1 1 0.415739 0.000000 
21 1 0 3 4 4 1 0.410850 0.000000 
21 1 0 0 1 1 1 0.670991 0.000000 
21 1 0 0 1 1 1 0.448516 0.000000 
21 1 0 1 2 2 1 2.611374 0.000000 
21 1 0 1 2 2 1 0.552320 0.000000 
21 1 0 2 3 3 1 1.014528 0.000000 
21 1 0 3 4 4 1 0.690870 0.000000 
21 1 0 2 3 2 0 0.794701 0.000000 
21 1 0 3 4 4 1 0.563685 0.000000 
21 1 0 3 4 4 1 0.569331 0.000000 
21 1 0 3 4 4 1 0.582878 0.000000 
21 1 0 3 4 4 1 0.411976 0.000000 
21 1 0 2 3 3 1 0.767869 0.000000 
21 1 0 2 3 3 1 0.477441 0.000000 
