6 1 0 0 1 1 1 1.790038 0.000000 
6 1 0 0 1 1 1 1.354895 0.000000 
6 1 0 3 4 4 1 1.657400 0.000000 
6 1 0 1 2 2 1 1.788069 0.000000 
6 1 0 1 2 2 1 0.673401 0.000000 
6 1 0 1 2 2 1 0.594963 0.000000 
6 1 0 2 3 3 1 0.687897 0.000000 
6 1 0 2 3 3 1 0.559788 0.000000 
6 1 0 3 4 4 1 0.509917 0.000000 
6 1 0 1 2 2 1 1.054185 0.000000 
6 1 0 1 2 1 0 0.928617 0.000000 
6 1 0 0 1 1 1 0.844084 0.000000 
6 1 0 2 3 3 1 0.790815 0.000000 
6 1 0 1 2 2 1 0.723769 0.000000 
6 1 0 2 3 3 1 0.746389 0.000000 
6 1 0 1 2 2 1 0.761313 0.000000 
6 1 0 3 4 4 1 0.583609 0.000000 
6 1 0 3 4 4 1 0.588516 0.000000 
6 1 0 0 1 1 1 0.681423 0.000000 
6 1 0 0 1 1 1 0.594963 0.000000 
6 1 0 3 4 4 1 0.663856 0.000000 
6 1 0 0 1 1 1 0.666109 0.000000 
6 1 0 3 4 4 1 0.626941 0.000000 
6 1 0 0 1 1 1 0.662240 0.000000 
6 1 0 3 4 4 1 0.624472 0.000000 
6 1 0 0 1 1 1 0.580017 0.000000 
6 1 0 0 1 1 1 0.537620 0.000000 
6 1 0 2 3 3 1 0.984503 0.000000 
6 1 0 1 2 2 1 0.829501 0.000000 
6 1 0 2 3 3 1 0.865162 0.000000 
6 1 0 3 4 4 1 0.690495 0.000000 
6 1 0 2 3 3 1 1.099402 0.000000 
6 1 0 3 4 4 1 0.588056 0.000000 
6 1 0 2 3 3 1 0.624732 0.000000 
6 1 0 1 2 2 1 0.668297 0.000000 
6 1 0 0 1 1 1 0.581859 0.000000 
6 1 0 1 2 2 1 0.819487 0.000000 
6 1 0 3 4 4 1 0.575064 0.000000 
6 1 0 3 4 4 1 0.595539 0.000000 
6 1 0 1 2 2 1 0.672471 0.000000 
6 1 0 1 2 2 1 0.674087 0.000000 
6 1 0 1 2 2 1 0.555663 0.000000 
6 1 0 0 1 1 1 0.625821 0.000000 
6 1 0 2 3 3 1 0.981398 0.000000 
6 1 0 2 3 3 1 0.499102 0.000000 
6 1 0 0 1 1 1 0.691967 0.000000 
6 1 0 0 1 1 1 0.579853 0.000000 
6 1 0 2 3 3 1 0.641443 0.000000 
6 1 0 0 1 1 1 0.564283 0.000000 
6 1 0 3 4 4 1 0.642529 0.000000 
6 1 0 1 2 2 1 0.861435 0.000000 
6 1 0 3 4 4 1 0.615762 0.000000 
6 1 0 1 2 2 1 0.651926 0.000000 
6 1 0 1 2 2 1 0.550218 0.000000 
6 1 0 3 4 4 1 0.523365 0.000000 
6 1 0 0 1 1 1 0.794968 0.000000 
6 1 0 0 1 1 1 0.639939 0.000000 
6 1 0 2 3 3 1 0.746793 0.000000 
6 1 0 1 2 2 1 0.705746 0.000000 
6 1 0 3 4 4 1 0.609965 0.000000 
6 1 0 0 1 1 1 0.614272 0.000000 
6 1 0 1 2 2 1 0.738541 0.000000 
6 1 0 2 3 3 1 0.624345 0.000000 
6 1 0 0 1 1 1 0.588005 0.000000 
6 1 0 2 3 3 1 0.664855 0.000000 
6 1 0 3 4 4 1 0.555086 0.000000 
6 1 0 1 2 2 1 0.649283 0.000000 
6 1 0 2 3 3 1 0.604038 0.000000 
6 1 0 0 1 1 1 0.775743 0.000000 
6 1 0 1 2 2 1 0.645365 0.000000 
6 1 0 3 4 4 1 0.543302 0.000000 
6 1 0 3 4 4 1 0.542160 0.000000 
6 1 0 2 3 3 1 0.748993 0.000000 
6 1 0 1 2 2 1 0.659923 0.000000 
6 1 0 3 4 4 1 0.566164 0.000000 
6 1 0 2 3 3 1 0.643988 0.000000 
6 1 0 0 1 1 1 0.558662 0.000000 
6 1 0 2 3 3 1 0.660869 0.000000 
6 1 0 1 2 2 1 0.702145 0.000000 
6 1 0 2 3 3 1 0.734392 0.000000 
6 1 0 2 3 3 1 0.581271 0.000000 
6 1 0 3 4 4 1 0.594859 0.000000 
6 1 0 3 4 4 1 0.583744 0.000000 
6 1 0 0 1 1 1 0.612573 0.000000 
6 1 0 0 1 1 1 0.552891 0.000000 
6 1 0 1 2 2 1 0.654946 0.000000 
6 1 0 3 4 4 1 0.585308 0.000000 
6 1 0 2 3 3 1 0.789177 0.000000 
6 1 0 0 1 1 1 0.562102 0.000000 
6 1 0 0 1 1 1 0.592391 0.000000 
6 1 0 2 3 3 1 0.805246 0.000000 
6 1 0 2 3 3 1 0.649473 0.000000 
6 1 0 3 4 4 1 0.595992 0.000000 
6 1 0 3 4 4 1 0.568586 0.000000 
6 1 0 1 2 2 1 0.702185 0.000000 
6 1 0 2 3 3 1 0.661412 0.000000 
