9 1 0 0 1 1 1 3.092093 0.000000 
9 1 0 0 1 1 1 1.772396 0.000000 
9 1 0 3 4 4 1 4.098423 0.000000 
9 1 0 2 3 2 0 1.516021 0.000000 
9 1 0 3 4 4 1 1.079813 0.000000 
9 1 0 2 3 2 0 2.089496 0.000000 
9 1 0 0 1 1 1 1.325781 0.000000 
9 1 0 3 4 4 1 1.005164 0.000000 
9 1 0 2 3 3 1 1.249464 0.000000 
9 1 0 3 4 4 1 0.884040 0.000000 
9 1 0 0 1 1 1 1.308796 0.000000 
9 1 0 0 1 1 1 1.429199 0.000000 
9 1 0 0 1 1 1 0.528948 0.000000 
9 1 0 2 3 3 1 1.039458 0.000000 
9 1 0 3 4 4 1 0.722428 0.000000 
9 1 0 3 4 4 1 0.769955 0.000000 
9 1 0 1 2 2 1 1.079464 0.000000 
9 1 0 1 2 2 1 3.753220 0.000000 
9 1 0 0 1 1 1 0.632503 0.000000 
9 1 0 3 4 4 1 0.755000 0.000000 
9 1 0 3 4 4 1 0.673199 0.000000 
9 1 0 0 1 1 1 0.842740 0.000000 
9 1 0 1 2 2 1 0.717613 0.000000 
9 1 0 0 1 1 1 0.613155 0.000000 
9 1 0 2 3 3 1 0.585288 0.000000 
9 1 0 3 4 4 1 0.606038 0.000000 
9 1 0 2 3 3 1 3.313404 0.000000 
9 1 0 2 3 3 1 0.722399 0.000000 
9 1 0 0 1 1 1 0.753968 0.000000 
9 1 0 2 3 3 1 1.448228 0.000000 
9 1 0 3 4 4 1 0.659301 0.000000 
9 1 0 3 4 4 1 0.797490 0.000000 
9 1 0 1 2 2 1 1.034376 0.000000 
9 1 0 3 4 4 1 1.684389 0.000000 
9 1 0 0 1 1 1 2.037626 0.000000 
9 1 0 2 3 3 1 0.608930 0.000000 
9 1 0 2 3 3 1 0.669152 0.000000 
9 1 0 0 1 1 1 0.678633 0.000000 
9 1 0 1 2 2 1 0.672141 0.000000 
9 1 0 2 3 3 1 2.449721 0.000000 
9 1 0 0 1 1 1 0.851501 0.000000 
9 1 0 1 2 2 1 0.621745 0.000000 
9 1 0 1 2 2 1 0.641233 0.000000 
9 1 0 1 2 2 1 0.707992 0.000000 
9 1 0 2 3 3 1 1.364224 0.000000 
9 1 0 0 1 1 1 0.722679 0.000000 
9 1 0 3 4 4 1 0.442188 0.000000 
9 1 0 1 2 2 1 0.923999 0.000000 
9 1 0 0 1 1 1 0.595512 0.000000 
9 1 0 0 1 1 1 0.656311 0.000000 
9 1 0 2 3 3 1 0.770564 0.000000 
9 1 0 2 3 3 1 0.624085 0.000000 
9 1 0 2 3 3 1 0.755563 0.000000 
9 1 0 1 2 2 1 1.185752 0.000000 
9 1 0 1 2 2 1 0.822826 0.000000 
9 1 0 1 2 2 1 0.593365 0.000000 
9 1 0 0 1 1 1 0.630195 0.000000 
9 1 0 0 1 1 1 0.641657 0.000000 
9 1 0 1 2 2 1 0.652489 0.000000 
9 1 0 0 1 1 1 0.726655 0.000000 
9 1 0 2 3 3 1 0.870227 0.000000 
9 1 0 1 2 2 1 0.711761 0.000000 
9 1 0 2 3 3 1 1.071992 0.000000 
9 1 0 1 2 2 1 0.816650 0.000000 
9 1 0 2 3 3 1 0.692196 0.000000 
9 1 0 3 4 4 1 0.476997 0.000000 
9 1 0 1 2 2 1 0.678449 0.000000 
9 1 0 0 1 1 1 0.487978 0.000000 
9 1 0 1 2 2 1 0.704771 0.000000 
9 1 0 2 3 3 1 1.440933 0.000000 
9 1 0 1 2 2 1 1.020099 0.000000 
9 1 0 3 4 4 1 0.774697 0.000000 
9 1 0 1 2 2 1 0.748287 0.000000 
9 1 0 2 3 3 1 0.835169 0.000000 
9 1 0 3 4 4 1 0.846023 0.000000 
9 1 0 3 4 4 1 2.769039 0.000000 
9 1 0 3 4 4 1 0.695257 0.000000 
9 1 0 1 2 2 1 0.935155 0.000000 
9 1 0 3 4 4 1 0.581957 0.000000 
9 1 0 3 4 4 1 0.651523 0.000000 
9 1 0 3 4 4 1 0.709659 0.000000 
9 1 0 1 2 2 1 0.829883 0.000000 
9 1 0 3 4 4 1 0.633459 0.000000 
9 1 0 1 2 2 1 0.740284 0.000000 
9 1 0 3 4 4 1 0.555131 0.000000 
9 1 0 2 3 3 1 1.976310 0.000000 
9 1 0 0 1 1 1 0.766251 0.000000 
9 1 0 2 3 2 0 2.508062 0.000000 
9 1 0 1 2 2 1 0.968650 0.000000 
9 1 0 1 2 2 1 0.517841 0.000000 
9 1 0 0 1 1 1 0.581268 0.000000 
9 1 0 3 4 4 1 0.706800 0.000000 
9 1 0 2 3 3 1 1.241981 0.000000 
9 1 0 0 1 1 1 0.668988 0.000000 
9 1 0 2 3 3 1 1.166565 0.000000 
9 1 0 0 1 1 1 0.724250 0.000000 
