5 1 0 2 0 3 3 1 1671    0 
5 1 1 2 2 3 3 1  883    0 
5 1 1 3 3 4 4 1  654    0 
5 1 1 2 2 3 3 1  595    0 
5 1 0 2 0 3 3 1  682   17 
5 1 0 2 0 3 3 1  590    0 
5 1 1 0 0 1 1 1  606    0 
5 1 1 1 1 2 2 1  700    0 
5 1 0 0 2 1 1 1  639    0 
5 1 1 0 0 1 1 1  636    0 
5 1 0 0 2 1 1 1  537    0 
5 1 0 0 2 1 1 1  443    0 
5 1 1 2 2 3 3 1  640    0 
5 1 0 3 1 4 2 0  477    0 
5 1 0 3 1 4 4 1  639   17 
5 1 0 2 0 3 3 1  733   17 
5 1 1 2 2 3 3 1 1310    0 
5 1 1 0 0 1 1 1  593    0 
5 1 1 0 0 1 1 1  624    0 
5 1 1 2 2 3 3 1  782   18 
5 1 0 0 2 1 1 1  878    0 
5 1 1 3 3 4 4 1  762    0 
5 1 0 0 2 1 1 1  627    0 
5 1 0 1 3 2 2 1 1761    0 
5 1 0 3 1 4 4 1 1233    0 
5 1 1 3 3 4 4 1  759    0 
5 1 0 3 1 4 4 1  615    0 
5 1 0 0 2 1 1 1  638   18 
5 1 1 2 2 3 3 1  611   17 
5 1 1 1 1 2 2 1 1074    0 
5 1 0 2 0 3 3 1  774    0 
5 1 1 3 3 4 4 1  806   17 
5 1 1 3 3 4 4 1  636    0 
5 1 1 0 0 1 1 1  570    0 
5 1 0 0 2 1 1 1  650   17 
5 1 0 0 2 1 1 1  686    0 
5 1 0 0 2 1 1 1  674    0 
5 1 1 1 1 2 2 1  702    0 
5 1 1 0 0 1 1 1  600    0 
5 1 0 1 3 2 2 1  719   17 
5 1 0 0 2 1 1 1  625    0 
5 1 1 3 3 4 4 1  599    0 
5 1 1 2 2 3 3 1  622    0 
5 1 1 3 3 4 4 1  684    0 
5 1 1 0 0 1 1 1  568    0 
5 1 1 2 2 3 3 1  648    0 
5 1 1 1 1 2 2 1  637   17 
5 1 0 3 1 4 4 1  626    0 
5 1 0 2 0 3 3 1  712   17 
5 1 0 0 2 1 1 1  587   17 
5 1 0 0 2 1 1 1  658   18 
5 1 0 3 1 4 4 1  583    0 
5 1 1 2 2 3 3 1  622    0 
5 1 0 1 3 2 2 1 1380    0 
5 1 1 2 2 3 3 1 1012    0 
5 1 1 2 2 3 3 1  675    0 
5 1 0 1 3 2 2 1  887   17 
5 1 0 1 3 2 2 1  626   17 
5 1 0 3 1 4 4 1 1048    0 
5 1 0 3 1 4 4 1  621    0 
5 1 1 3 3 4 4 1  635   18 
5 1 1 0 0 1 1 1  593   17 
5 1 0 1 3 2 2 1  696   17 
5 1 0 1 3 2 2 1  651    0 
5 1 1 3 3 4 4 1 1152    0 
5 1 0 3 1 4 4 1  641    0 
5 1 0 0 2 1 1 1  702    0 
5 1 0 2 0 3 3 1  745    0 
5 1 1 1 1 2 2 1  714    0 
5 1 1 0 0 1 1 1  645    0 
5 1 0 0 2 1 1 1  554    0 
5 1 1 1 1 2 2 1  667    0 
5 1 0 2 0 3 3 1  823    0 
5 1 1 0 0 1 1 1  661    0 
5 1 1 2 2 3 1 0  841    0 
5 1 1 0 0 1 1 1  573   17 
5 1 1 3 3 4 4 1  725   18 
5 1 1 1 1 2 2 1  767    0 
5 1 1 1 1 2 2 1 1735    0 
5 1 1 2 2 3 3 1 1248    0 
5 1 1 0 0 1 1 1  565   17 
5 1 1 2 2 3 3 1  878    0 
5 1 1 1 1 2 2 1  658    0 
5 1 1 0 0 1 1 1  670    0 
5 1 1 1 1 2 2 1 1339   18 
5 1 1 0 0 1 1 1  604    0 
5 1 0 2 0 3 3 1  810    0 
5 1 1 0 0 1 1 1  657   17 
5 1 0 2 0 3 3 1  830   18 
5 1 1 3 3 4 4 1  492   18 
5 1 1 3 3 4 4 1  663    0 
5 1 0 2 0 3 3 1  836    0 
5 1 0 1 3 2 2 1  801    0 
5 1 1 0 0 1 1 1  568    0 
5 1 0 2 0 3 3 1  888   17 
5 1 1 3 3 4 4 1  587    0 
5 1 1 2 2 3 3 1  978    0 
5 1 1 1 1 2 2 1 1146    0 
5 1 1 1 1 2 2 1  604   18 
5 1 0 2 0 3 3 1  642    0 
5 1 1 1 1 2 2 1  736    0 
5 1 0 1 3 2 2 1  681    0 
5 1 0 0 2 1 1 1  965   18 
5 1 1 2 2 3 3 1 1094   18 
5 1 0 1 3 2 2 1  681    0 
5 1 0 1 3 2 2 1  653   18 
5 1 0 1 3 2 2 1  650    0 
5 1 1 0 0 1 1 1  718    0 
5 1 0 0 2 1 1 1  576    0 
5 1 1 1 1 2 2 1  592   17 
5 1 1 3 3 4 4 1  640    0 
5 1 1 3 3 4 4 1  581   17 
5 1 0 1 3 2 2 1  613    0 
5 1 0 0 2 1 1 1  763    0 
5 1 0 1 3 2 2 1  660    0 
5 1 0 0 2 1 1 1  657    0 
5 1 1 1 1 2 2 1 1205    0 
5 1 0 1 3 2 2 1  596    0 
5 1 0 3 1 4 4 1 1115    0 
5 1 0 0 2 1 1 1  638    0 
5 1 1 2 2 3 3 1 1059    0 
5 1 1 0 0 1 1 1  800    0 
5 1 1 3 3 4 4 1  615   18 
5 1 0 1 3 2 2 1 1205    0 
5 1 0 0 2 1 1 1  700    0 
5 1 0 3 1 4 4 1  671    0 
5 1 0 2 0 3 3 1  651    0 
5 1 1 2 2 3 3 1 1023    0 
5 1 1 3 3 4 4 1  605   18 
5 1 0 1 3 2 2 1  700    0 
5 1 0 1 3 2 2 1  639    0 
5 1 1 3 3 4 4 1  604    0 
5 1 0 3 1 4 4 1  723   17 
5 1 1 3 3 4 4 1  757   17 
5 1 1 3 3 4 4 1  653    0 
5 1 0 3 1 4 4 1  762   17 
5 1 1 3 3 4 4 1  842    0 
5 1 0 0 2 1 1 1  576    0 
5 1 1 3 3 4 4 1  640   18 
5 1 1 1 1 2 2 1  637   17 
5 1 1 2 2 3 3 1  762   17 
5 1 1 1 1 2 2 1 1131   18 
5 1 1 0 0 1 1 1  637   18 
5 1 1 2 2 3 3 1  618   17 
5 1 1 2 2 3 3 1  752    0 
5 1 1 1 1 2 2 1  665    0 
5 1 1 2 2 3 3 1  606    0 
5 1 1 3 3 4 4 1  700    0 
5 1 0 1 3 2 3 0 1767   17 
5 1 0 2 0 3 3 1  661    0 
5 1 0 3 1 4 4 1  882    0 
5 1 0 2 0 3 4 0  702    0 
5 1 1 3 3 4 4 1  630    0 
5 1 0 2 0 3 3 1  724    0 
5 1 0 3 1 4 4 1  478    0 
5 1 0 1 3 2 2 1  650    0 
5 1 0 2 0 3 3 1  599    0 
5 1 0 0 2 1 1 1  630    0 
5 1 1 1 1 2 2 1 1148    0 
5 1 1 3 3 4 4 1  886    0 
5 1 0 1 3 2 2 1 1809    0 
5 1 0 1 3 2 2 1  623    0 
5 1 1 3 3 4 4 1  605   15 
5 1 1 3 3 4 4 1  804    0 
5 1 0 3 1 4 4 1  683    0 
5 1 0 0 2 1 1 1  566   17 
5 1 0 0 2 1 1 1  878   17 
5 1 0 1 3 2 2 1  762   17 
5 1 1 1 1 2 2 1  699   18 
5 1 0 2 0 3 3 1  982    0 
5 1 0 2 0 3 3 1  662    0 
5 1 1 2 2 3 3 1  763    0 
5 1 1 2 2 3 3 1  739    0 
5 1 0 2 0 3 3 1  805    0 
5 1 0 2 0 3 3 1  787    0 
5 1 1 1 1 2 2 1  619    0 
5 1 1 3 3 4 4 1  745   17 
5 1 1 0 0 1 1 1  978   18 
5 1 0 0 2 1 1 1  674    0 
5 1 0 3 1 4 4 1  726    0 
5 1 1 2 2 3 1 0  856   18 
5 1 0 0 2 1 1 1  843    0 
5 1 0 1 3 2 2 1 1296   17 
5 1 0 3 1 4 4 1  723   17 
5 1 0 1 3 2 2 1 1445    0 
5 1 0 1 3 2 2 1  715    0 
5 1 0 0 2 1 1 1  693    0 
5 1 0 2 0 3 3 1  928    0 
5 1 0 1 3 2 2 1  898    0 
5 1 1 3 3 4 4 1  646    0 
5 1 1 0 0 1 1 1  739    0 
5 1 0 3 1 4 4 1  948    0 
5 1 1 0 0 1 1 1 2653    0 
5 1 0 2 1 3 3 1  746   18 
5 1 0 0 3 1 1 1  771    0 
5 1 1 3 3 4 4 1 1123   17 
5 1 1 3 3 4 4 1  669    0 
5 1 0 3 2 4 4 1  729    0 
5 1 0 1 0 2 2 1 1203    0 
5 1 0 2 1 3 3 1  770   17 
5 1 1 3 3 4 4 1  738    0 
5 1 0 2 1 3 3 1  843    0 
5 1 0 1 0 2 2 1  696    0 
5 1 1 0 0 1 1 1  771    0 
5 1 0 2 1 3 3 1  819    0 
5 1 0 3 2 4 4 1  713    0 
5 1 1 3 3 4 4 1  652    0 
5 1 1 1 1 2 2 1  625    0 
5 1 1 3 3 4 4 1  559    0 
5 1 1 0 0 1 1 1  895    0 
5 1 0 1 0 2 2 1  691    0 
5 1 1 1 1 2 2 1 1558    0 
5 1 0 1 0 2 2 1  615    0 
5 1 0 0 3 1 1 1 1013    0 
5 1 1 1 1 2 2 1  740    0 
5 1 1 2 2 3 3 1  845    0 
5 1 1 2 2 3 3 1  763    0 
5 1 1 3 3 4 4 1  627    0 
5 1 1 0 0 1 1 1  705    0 
5 1 0 1 0 2 2 1  668    0 
5 1 0 1 0 2 2 1  680    0 
5 1 0 3 2 4 4 1 1188    0 
5 1 0 2 1 3 3 1  651    0 
5 1 1 2 2 3 3 1 1160    0 
5 1 1 0 0 1 1 1  624    0 
5 1 0 2 1 3 3 1  670    0 
5 1 1 3 3 4 4 1  634    0 
5 1 0 0 3 1 1 1  720    0 
5 1 1 3 3 4 1 0  738   17 
5 1 1 3 3 4 4 1  481   18 
5 1 0 0 3 1 1 1  661   18 
5 1 0 1 0 2 2 1  722   18 
5 1 1 1 1 2 2 1 1020    0 
5 1 1 0 0 1 1 1  682    0 
5 1 0 1 0 2 2 1  646    0 
5 1 1 1 1 2 2 1  651    0 
5 1 1 2 2 3 3 1  656    0 
5 1 1 3 3 4 4 1  604    0 
5 1 1 3 3 4 4 1  675   17 
5 1 1 3 3 4 4 1  663    0 
5 1 1 1 1 2 2 1  852   17 
5 1 0 1 0 2 2 1  640   18 
5 1 1 3 3 4 4 1  686   18 
5 1 1 0 0 1 1 1  793    0 
5 1 1 0 0 1 1 1  664    0 
5 1 0 3 2 4 1 0  773    0 
5 1 0 0 3 1 1 1 1499    0 
5 1 0 0 3 1 1 1  614    0 
5 1 1 0 0 1 1 1  565    0 
5 1 0 2 1 3 3 1  750    0 
5 1 0 3 2 4 4 1  798    0 
5 1 0 0 3 1 1 1  774    0 
5 1 0 1 0 2 2 1  677    0 
5 1 1 2 2 3 3 1  745    0 
5 1 1 0 0 1 1 1  963    0 
5 1 1 0 0 1 1 1 1027   18 
5 1 0 3 2 4 4 1 1113   18 
5 1 0 2 1 3 3 1  948    0 
5 1 1 1 1 2 2 1  685    0 
5 1 0 3 2 4 4 1 1049    0 
5 1 1 0 0 1 1 1  670   17 
5 1 0 2 1 3 3 1 1858   18 
5 1 1 1 1 2 2 1  711    0 
5 1 1 2 2 3 2 0  761   17 
5 1 1 1 1 2 2 1  624    0 
5 1 0 3 2 4 4 1  686    0 
5 1 0 1 0 2 2 1  913    0 
5 1 0 0 3 1 1 1  756    0 
5 1 1 2 2 3 3 1  917    0 
5 1 1 0 0 1 1 1  831    0 
5 1 1 2 2 3 3 1  717   17 
5 1 0 0 3 1 1 1  855    0 
5 1 0 3 2 4 4 1 1299    0 
5 1 1 2 2 3 3 1 1575    0 
5 1 0 3 2 4 4 1  846    0 
5 1 0 1 0 2 2 1  668    0 
5 1 1 2 2 3 3 1 1016   18 
5 1 0 1 0 2 2 1  670    0 
5 1 1 3 3 4 4 1  658    0 
5 1 0 2 1 3 3 1  847    0 
5 1 1 3 3 4 4 1  732   17 
5 1 1 2 2 3 3 1  710    0 
5 1 1 0 0 1 1 1  593   17 
5 1 1 2 2 3 3 1  672    0 
5 1 0 3 2 4 4 1  748   17 
5 1 1 1 1 2 2 1  566    0 
5 1 0 3 2 4 4 1  822   18 
5 1 0 2 1 3 3 1  804   18 
5 1 1 1 1 2 2 1  731    0 
5 1 0 1 0 2 2 1  949    0 
5 1 1 0 0 1 1 1  726    0 
5 1 0 3 2 4 3 0  712    0 
5 1 0 1 0 2 2 1  609    0 
5 1 1 0 0 1 1 1  632    0 
5 1 0 2 1 3 3 1  774    0 
5 1 1 2 2 3 3 1  790    0 
5 1 0 0 3 1 1 1  941    0 
5 1 0 0 3 1 1 1 1190   17 
5 1 0 3 2 4 4 1 1302    0 
5 1 0 2 1 3 3 1 1272   18 
5 1 1 2 2 3 3 1 1268   18 
5 1 0 2 1 3 3 1  744    0 
5 1 1 1 1 2 2 1  817    0 
5 1 0 0 3 1 1 1 1111    0 
5 1 0 3 2 4 4 1  994    0 
5 1 0 3 2 4 4 1  769    0 
5 1 1 2 2 3 3 1 1713    0 
5 1 0 3 2 4 4 1 1340    0 
5 1 0 0 3 1 1 1  797   18 
5 1 1 3 3 4 4 1 1413   18 
5 1 0 0 3 1 1 1  611   18 
5 1 1 1 1 2 2 1  746    0 
5 1 0 2 1 3 3 1  635    0 
5 1 0 1 0 2 2 1  689    0 
5 1 1 2 2 3 3 1 1236    0 
5 1 1 1 1 2 2 1  665    0 
5 1 0 3 2 4 4 1  942    0 
5 1 0 0 3 1 1 1  711    0 
5 1 1 0 0 1 1 1 1074   18 
5 1 0 1 0 2 2 1  742    0 
5 1 1 0 0 1 1 1 1359    0 
5 1 0 0 3 1 1 1  640    0 
5 1 0 2 1 3 3 1  677    0 
5 1 1 0 0 1 1 1  793   18 
5 1 1 3 3 4 4 1  752    0 
5 1 1 2 2 3 3 1  721   18 
5 1 0 2 1 3 3 1  915    0 
5 1 1 2 2 3 3 1  662   17 
5 1 1 3 3 4 4 1 1018   18 
5 1 0 3 2 4 4 1  856    0 
5 1 0 0 3 1 1 1 1085    0 
5 1 1 0 0 1 1 1  680    0 
5 1 0 3 2 4 4 1  684    0 
5 1 1 1 1 2 2 1  728    0 
5 1 0 1 0 2 2 1  706    0 
5 1 0 3 2 4 1 0  692    0 
5 1 0 1 0 2 2 1  742    0 
5 1 1 0 0 1 1 1  631    0 
5 1 0 3 2 4 4 1  989    0 
5 1 0 3 2 4 4 1  772    0 
5 1 1 3 3 4 4 1 1388    0 
5 1 0 2 1 3 3 1  820    0 
5 1 0 2 1 3 3 1 1002    0 
5 1 1 1 1 2 2 1 1096    0 
5 1 0 2 1 3 3 1  972    0 
5 1 1 0 0 1 1 1  787    0 
5 1 0 3 2 4 4 1  947    0 
5 1 1 2 2 3 3 1  876   17 
5 1 0 0 3 1 1 1  832    0 
5 1 0 3 2 4 4 1  798    0 
5 1 1 3 3 4 4 1 1421    0 
5 1 0 3 2 4 4 1  835    0 
5 1 0 2 1 3 3 1  961    0 
5 1 1 0 0 1 1 1  913    0 
5 1 0 3 2 4 4 1 1204    0 
5 1 1 1 1 2 2 1  707   18 
5 1 1 1 1 2 2 1 1397   17 
5 1 1 0 0 1 1 1  773   18 
5 1 1 0 0 1 1 1  877   17 
5 1 0 2 1 3 3 1  921   17 
5 1 1 2 2 3 3 1  731    0 
5 1 1 0 0 1 1 1  637    0 
5 1 0 1 0 2 2 1  714    0 
5 1 1 2 2 3 4 0 1173    0 
5 1 1 1 1 2 2 1  771    0 
5 1 1 0 0 1 1 1  546    0 
5 1 0 2 1 3 3 1  780    0 
5 1 0 1 0 2 2 1  812    0 
5 1 0 1 0 2 2 1  818    0 
5 1 1 1 1 2 2 1  976    0 
5 1 0 1 0 2 2 1  928    0 
5 1 0 2 1 3 3 1  786    0 
5 1 1 1 1 2 2 1  714    0 
5 1 0 0 3 1 1 1 1204   18 
5 1 1 2 2 3 3 1 1179    0 
5 1 0 1 0 2 2 1 1427    0 
5 1 1 3 3 4 4 1 1513    0 
5 1 1 0 0 1 1 1  668   17 
5 1 1 1 1 2 2 1 1280    0 
5 1 1 0 0 1 1 1  860    0 
5 1 0 1 0 2 2 1 1664    0 
5 1 1 2 2 3 3 1  725    0 
5 1 0 2 1 3 3 1  767   17 
5 1 1 1 1 2 2 1 1295   18 
