23 1 0 1 3 2 2 1 3609    0 
23 1 1 3 3 4 4 1  775    0 
23 1 0 2 0 3 3 1  719    0 
23 1 0 1 3 2 2 1  833    0 
23 1 0 3 1 4 2 0  935    0 
23 1 1 0 0 1 1 1  958    0 
23 1 0 2 0 3 3 1  838    0 
23 1 0 1 3 2 2 1  940    0 
23 1 0 3 1 4 4 1  789    0 
23 1 0 3 1 4 4 1  652    0 
23 1 1 1 1 2 2 1  889    0 
23 1 0 1 3 2 2 1 1188    0 
23 1 1 2 2 3 3 1 1588    0 
23 1 1 0 0 1 1 1 3747    0 
23 1 0 3 1 4 4 1  644   16 
23 1 1 3 3 4 4 1  562    0 
23 1 0 0 2 1 1 1  914    0 
23 1 1 3 3 4 4 1  885    0 
23 1 0 1 3 2 2 1  672    0 
23 1 0 3 1 4 4 1  748    0 
23 1 0 2 0 3 3 1 1734    0 
23 1 1 2 2 3 3 1  991    0 
23 1 1 1 1 2 2 1  798    0 
23 1 1 0 0 1 1 1  726    0 
23 1 1 2 2 3 3 1  808    0 
23 1 1 2 2 3 3 1  550    0 
23 1 1 3 3 4 4 1  671    0 
23 1 1 3 3 4 4 1  499    0 
23 1 0 1 3 2 2 1  846    0 
23 1 1 3 3 4 4 1  595    0 
23 1 0 2 0 3 3 1  947    0 
23 1 1 0 0 1 1 1  596    0 
23 1 0 0 2 1 1 1  723    0 
23 1 0 1 3 2 2 1 2189    0 
23 1 0 2 0 3 3 1  909    0 
23 1 1 1 1 2 4 0  863    0 
23 1 0 0 2 1 1 1  962    0 
23 1 0 0 2 1 1 1  675    0 
23 1 0 3 1 4 4 1 1951    0 
23 1 0 2 0 3 3 1  943    0 
23 1 0 0 2 1 2 0  761    0 
23 1 1 1 1 2 2 1 1247    0 
23 1 1 0 0 1 1 1  677    0 
23 1 1 2 2 3 3 1 1073    0 
23 1 1 3 3 4 4 1  685    0 
23 1 0 1 3 2 2 1 2904    0 
23 1 1 0 0 1 1 1  851    0 
23 1 1 2 2 3 3 1  895    0 
23 1 0 1 3 2 2 1 1467    0 
23 1 0 3 1 4 4 1  759    0 
23 1 0 1 3 2 2 1  791    0 
23 1 0 3 1 4 4 1 1335    0 
23 1 1 0 0 1 1 1  744    0 
23 1 1 3 3 4 4 1  705    0 
23 1 1 2 2 3 3 1 1044    0 
23 1 1 1 1 2 2 1  809    0 
23 1 0 3 1 4 4 1  976    0 
23 1 1 2 2 3 3 1 2544    0 
23 1 1 3 3 4 4 1  561    0 
23 1 1 0 0 1 1 1  762    0 
23 1 1 0 0 1 1 1  594    0 
23 1 0 0 2 1 1 1  578    0 
23 1 1 0 0 1 1 1  562    0 
23 1 0 0 2 1 1 1  634    0 
23 1 1 2 2 3 3 1  648    0 
23 1 0 3 1 4 4 1  613    0 
23 1 1 3 3 4 4 1  844    0 
23 1 1 1 1 2 2 1  841    0 
23 1 0 1 3 2 2 1  614    0 
23 1 0 1 3 2 2 1  533    0 
23 1 0 1 3 2 2 1  558    0 
23 1 0 0 2 1 1 1 1287    0 
23 1 0 0 2 1 1 1  594    0 
23 1 1 3 3 4 4 1  689    0 
23 1 0 1 3 2 2 1  941    0 
23 1 1 3 3 4 4 1  790    0 
23 1 1 1 1 2 2 1 1486    0 
23 1 1 0 0 1 1 1  729    0 
23 1 0 3 1 4 2 0  651    0 
23 1 0 0 2 1 1 1  709    0 
23 1 0 0 2 1 1 1  536    0 
23 1 0 2 0 3 3 1  753    0 
23 1 0 1 3 2 2 1  858    0 
23 1 1 1 1 2 2 1  631    0 
23 1 1 1 1 2 2 1  517    0 
23 1 0 2 0 3 3 1  983    0 
23 1 0 0 2 1 2 0  767    0 
23 1 0 3 1 4 4 1  781    0 
23 1 1 0 0 1 1 1  725    0 
23 1 0 3 1 4 4 1  943    0 
23 1 0 3 1 4 4 1  576    0 
23 1 1 2 2 3 3 1  960    0 
23 1 1 3 3 4 4 1  809    0 
23 1 0 0 2 1 1 1  711    0 
23 1 1 3 3 4 4 1  666    0 
23 1 1 1 1 2 2 1 1463    0 
23 1 1 3 3 4 4 1  587    0 
23 1 1 3 3 4 4 1  459    0 
23 1 1 3 3 4 4 1  679    0 
23 1 0 2 0 3 3 1  811    0 
23 1 1 2 2 3 3 1  506    0 
23 1 0 0 2 1 1 1  692    0 
23 1 0 2 0 3 1 0  640    0 
23 1 1 0 0 1 1 1  683    0 
23 1 0 2 0 3 2 0  686    0 
23 1 0 1 3 2 2 1 2240    0 
23 1 1 0 0 1 1 1  709    0 
23 1 1 2 2 3 3 1 1152    0 
23 1 0 1 3 2 2 1  808    0 
23 1 0 2 0 3 3 1 1079    0 
23 1 0 0 2 1 1 1  771    0 
23 1 1 3 3 4 4 1  571    0 
23 1 0 2 0 3 3 1 1155    0 
23 1 1 3 3 4 4 1  724    0 
23 1 1 2 2 3 1 0  854    0 
23 1 1 1 1 2 2 1  912    0 
23 1 1 2 2 3 3 1  819    0 
23 1 1 3 3 4 4 1  737    0 
23 1 0 1 3 2 2 1 1498    0 
23 1 0 1 3 2 2 1  790    0 
23 1 0 0 2 1 1 1  837    0 
23 1 1 2 2 3 3 1  586    0 
23 1 0 0 2 1 1 1  746    0 
23 1 1 2 2 3 1 0  787    0 
23 1 0 1 3 2 2 1 1696    0 
23 1 1 2 2 3 3 1  651    0 
23 1 0 2 0 3 3 1  968    0 
23 1 1 0 0 1 1 1  728    0 
23 1 0 0 2 1 3 0  634    0 
23 1 1 2 2 3 3 1  741    0 
23 1 1 3 3 4 4 1  831    0 
23 1 0 1 3 2 2 1  781    0 
23 1 0 0 2 1 1 1  749    0 
23 1 1 0 0 1 1 1  646    0 
23 1 1 2 2 3 3 1  603    0 
23 1 0 0 2 1 1 1  770    0 
23 1 1 0 0 1 1 1  626    0 
23 1 0 2 0 3 3 1 1136    0 
23 1 1 1 1 2 2 1 2105    0 
23 1 0 2 0 3 0 0 5000    0 
23 1 1 0 0 1 0 0 5000    0 
23 1 0 0 2 1 1 1  677    0 
23 1 1 3 3 4 4 1  729    0 
23 1 0 1 3 2 2 1  827    0 
23 1 0 1 3 2 2 1  881    0 
23 1 0 0 2 1 3 0 1933    0 
23 1 1 0 0 1 1 1 1532    0 
23 1 0 2 0 3 3 1  798    0 
23 1 1 3 3 4 4 1  654    0 
23 1 1 1 1 2 2 1  602    0 
23 1 0 2 0 3 3 1  737    0 
23 1 1 2 2 3 3 1  778    0 
23 1 0 2 0 3 3 1  658    0 
23 1 0 1 3 2 2 1  783    0 
23 1 1 3 3 4 4 1  542    0 
23 1 1 1 1 2 2 1  848    0 
23 1 1 3 3 4 4 1  605    0 
23 1 1 0 0 1 1 1  476    0 
23 1 1 2 2 3 3 1  536    0 
23 1 0 0 2 1 1 1  761    0 
23 1 0 2 0 3 3 1  770    0 
23 1 0 2 0 3 1 0  490    0 
23 1 1 3 3 4 4 1  667    0 
23 1 1 1 1 2 2 1  687    0 
23 1 0 3 1 4 4 1  722    0 
23 1 1 3 3 4 4 1  492    0 
23 1 1 3 3 4 4 1  560    0 
23 1 1 0 0 1 1 1  792    0 
23 1 0 1 3 2 2 1  863    0 
23 1 1 0 0 1 1 1  764    0 
23 1 0 1 3 2 2 1  861    0 
23 1 0 1 3 2 2 1  665    0 
23 1 1 2 2 3 3 1  766    0 
23 1 0 2 0 3 3 1  558    0 
23 1 0 0 2 1 1 1  935    0 
23 1 1 3 3 4 4 1  584    0 
23 1 1 2 2 3 3 1  815    0 
23 1 0 1 3 2 2 1  886    0 
23 1 1 3 3 4 4 1  601    0 
23 1 0 2 0 3 3 1  640    0 
23 1 0 1 3 2 2 1  901    0 
23 1 1 2 2 3 3 1  840    0 
23 1 1 1 1 2 2 1 1405    0 
23 1 1 2 2 3 3 1  756    0 
23 1 0 3 1 4 4 1  709    0 
23 1 0 1 3 2 2 1  911    0 
23 1 0 3 1 4 4 1  722   15 
23 1 1 1 1 2 2 1  788    0 
23 1 1 0 0 1 1 1  731    0 
23 1 0 3 1 4 4 1  693    0 
23 1 1 0 0 1 1 1  753    0 
23 1 0 1 3 2 4 0  625    0 
23 1 1 0 0 1 1 1 1813    0 
23 1 1 3 3 4 4 1 1219    0 
23 1 1 1 1 2 2 1 1089    0 
23 1 0 3 0 4 4 1  741    0 
23 1 0 3 0 4 4 1  502    0 
23 1 0 2 3 3 2 0 4201    0 
23 1 0 1 2 2 2 1  733    0 
23 1 0 3 0 4 4 1  647    0 
23 1 0 1 2 2 2 1  772    0 
23 1 0 0 1 1 1 1  676    0 
23 1 1 0 0 1 1 1  808    0 
23 1 0 0 1 1 1 1  631    0 
23 1 0 2 3 3 4 0  685    0 
23 1 0 3 0 4 2 0 4358    0 
23 1 1 3 3 4 3 0  748    0 
23 1 1 0 0 1 1 1  644    0 
23 1 1 3 3 4 4 1 1001    0 
23 1 0 0 1 1 1 1  680    0 
23 1 0 2 3 3 3 1  876    0 
23 1 0 3 0 4 4 1  688    0 
23 1 0 2 3 3 3 1  971    0 
23 1 1 0 0 1 1 1  611    0 
23 1 1 2 2 3 3 1  882    0 
23 1 0 0 1 1 1 1  646    0 
23 1 1 1 1 2 2 1 2515    0 
23 1 1 2 2 3 3 1 1598    0 
23 1 0 3 0 4 4 1  693    0 
23 1 1 3 3 4 4 1  888    0 
23 1 1 1 1 2 2 1  636    0 
23 1 0 2 3 3 3 1  865    0 
23 1 0 2 3 3 4 0  750    0 
23 1 1 0 0 1 1 1  572    0 
23 1 1 1 1 2 2 1 1196    0 
23 1 0 3 0 4 4 1  948    0 
23 1 1 0 0 1 1 1  693    0 
23 1 1 2 2 3 3 1  752    0 
23 1 0 1 2 2 2 1 1609    0 
23 1 1 1 1 2 2 1  791    0 
23 1 0 1 2 2 2 1  671    0 
23 1 0 3 0 4 4 1 1435    0 
23 1 0 3 0 4 4 1  520    0 
23 1 1 1 1 2 2 1  730    0 
23 1 1 3 3 4 4 1  556    0 
23 1 0 1 2 2 2 1  925    0 
23 1 0 2 3 3 3 1  807    0 
23 1 1 1 1 2 2 1  901    0 
23 1 1 2 2 3 4 0  656    0 
23 1 0 1 2 2 2 1  843    0 
23 1 1 2 2 3 3 1  712    0 
23 1 1 2 2 3 3 1  547    0 
23 1 1 0 0 1 1 1  644    0 
23 1 0 3 0 4 4 1  753    0 
23 1 1 0 0 1 1 1  682    0 
23 1 1 0 0 1 1 1  470    0 
23 1 1 3 3 4 4 1  666    0 
23 1 0 0 1 1 1 1  671    0 
23 1 0 1 2 2 2 1  659    0 
23 1 1 3 3 4 4 1  975    0 
23 1 0 3 0 4 4 1  655    0 
23 1 1 1 1 2 2 1  820    0 
23 1 1 1 1 2 2 1  602    0 
23 1 0 0 1 1 1 1  744    0 
23 1 1 0 0 1 1 1  634    0 
23 1 0 2 3 3 3 1  807    0 
23 1 0 3 0 4 2 0  894    0 
23 1 1 0 0 1 1 1  591    0 
23 1 1 2 2 3 3 1  622    0 
23 1 0 0 1 1 1 1 1620   18 
23 1 1 1 1 2 2 1  666    0 
23 1 0 2 3 3 3 1  798    0 
23 1 0 2 3 3 3 1  678    0 
23 1 1 3 3 4 4 1  506    0 
23 1 1 3 3 4 4 1  604    0 
23 1 0 0 1 1 1 1  683    0 
23 1 0 1 2 2 2 1  934    0 
23 1 1 3 3 4 4 1  608    0 
23 1 0 2 3 3 3 1  974    0 
23 1 1 2 2 3 3 1  574    0 
23 1 1 3 3 4 4 1  598    0 
23 1 0 0 1 1 1 1 1174    0 
23 1 0 0 1 1 1 1  654    0 
23 1 1 0 0 1 1 1  418    0 
23 1 1 2 2 3 3 1  904    0 
23 1 0 3 0 4 1 0  899    0 
23 1 1 1 1 2 2 1 1836    0 
23 1 1 0 0 1 1 1 2033    0 
23 1 1 2 2 3 3 1 1479    0 
23 1 0 3 0 4 4 1 1771    0 
23 1 1 2 2 3 3 1  963    0 
23 1 1 2 2 3 3 1  491    0 
23 1 1 0 0 1 1 1  527    0 
23 1 0 2 3 3 4 0  689    0 
23 1 0 2 3 3 2 0  642    0 
23 1 0 1 2 2 2 1  701    0 
23 1 0 3 0 4 4 1 2240    0 
23 1 1 1 1 2 2 1  781   18 
23 1 1 2 2 3 3 1  781    0 
23 1 1 1 1 2 2 1  597    0 
23 1 1 2 2 3 3 1  637    0 
23 1 0 3 0 4 4 1  850    0 
23 1 1 1 1 2 2 1  839    0 
23 1 0 3 0 4 4 1  844    0 
23 1 0 2 3 3 3 1  753   18 
23 1 1 1 1 2 2 1 1474    0 
23 1 0 0 1 1 1 1  654    0 
23 1 0 1 2 2 2 1  714    0 
23 1 1 1 1 2 2 1  973    0 
23 1 0 1 2 2 2 1  645    0 
23 1 1 1 1 2 2 1  522    0 
23 1 1 3 3 4 4 1  676    0 
23 1 1 3 3 4 4 1  456    0 
23 1 0 3 0 4 4 1  549    0 
23 1 1 0 0 1 1 1  558    0 
23 1 1 2 2 3 3 1  895    0 
23 1 1 0 0 1 1 1  514    0 
23 1 0 0 1 1 1 1  821    0 
23 1 0 2 3 3 3 1 1603    0 
23 1 0 1 2 2 2 1  730    0 
23 1 1 2 2 3 3 1 2740   18 
23 1 0 0 1 1 1 1  693    0 
23 1 1 0 0 1 1 1  560    0 
23 1 0 2 3 3 2 0 1313    0 
23 1 0 1 2 2 2 1  802    0 
23 1 1 2 2 3 3 1  760    0 
23 1 1 0 0 1 1 1  657    0 
23 1 0 1 2 2 3 0 2406    0 
23 1 0 1 2 2 2 1  666    0 
23 1 0 1 2 2 2 1  454    0 
23 1 1 0 0 1 1 1  563    0 
23 1 1 1 1 2 1 0  515    0 
23 1 1 3 3 4 4 1  636    0 
23 1 0 0 1 1 1 1  777    0 
23 1 1 2 2 3 3 1  657    0 
23 1 1 2 2 3 3 1  550    0 
23 1 1 2 2 3 3 1  479    0 
23 1 0 3 0 4 4 1  939    0 
23 1 0 0 1 1 1 1  692    0 
23 1 1 3 3 4 4 1  719    0 
23 1 0 3 0 4 4 1  617    0 
23 1 0 2 3 3 3 1  783   18 
23 1 1 2 2 3 3 1  487    0 
23 1 0 0 1 1 1 1  786    0 
23 1 1 1 1 2 2 1  737    0 
23 1 1 3 3 4 4 1  531    0 
23 1 1 0 0 1 1 1  557    0 
23 1 1 0 0 1 1 1  533    0 
23 1 1 0 0 1 1 1  367    0 
23 1 1 3 3 4 4 1  455    0 
23 1 0 1 2 2 3 0  723    0 
23 1 1 1 1 2 2 1  643    0 
23 1 1 2 2 3 3 1  673    0 
23 1 0 1 2 2 2 1  701    0 
23 1 1 1 1 2 2 1  607    0 
23 1 0 1 2 2 2 1  598    0 
23 1 1 0 0 1 1 1  549    0 
23 1 1 3 3 4 4 1  535    0 
23 1 0 0 1 1 1 1 1608    0 
23 1 0 2 3 3 4 0  694    0 
23 1 0 3 0 4 4 1  864    0 
23 1 0 1 2 2 2 1  804    0 
23 1 0 1 2 2 2 1  571    0 
23 1 1 0 0 1 1 1  539    0 
23 1 0 3 0 4 4 1  540    0 
23 1 0 1 2 2 2 1  886    0 
23 1 1 0 0 1 1 1  545    0 
23 1 0 0 1 1 1 1  650    0 
23 1 0 2 3 3 3 1 1871    0 
23 1 1 3 3 4 4 1  459    0 
23 1 1 0 0 1 1 1  616   18 
23 1 1 2 2 3 3 1  574    0 
23 1 0 1 2 2 2 1  638    0 
23 1 0 1 2 2 2 1  660    0 
23 1 0 0 1 1 1 1  576    0 
23 1 1 3 3 4 4 1  592    0 
23 1 0 3 0 4 4 1  552    0 
23 1 0 2 3 3 3 1  672    0 
23 1 1 2 2 3 3 1  460    0 
23 1 0 1 2 2 2 1  833    0 
23 1 0 2 3 3 4 0  542    0 
23 1 0 3 0 4 4 1  710    0 
23 1 0 0 1 1 1 1  800    0 
23 1 0 3 0 4 4 1  799    0 
23 1 0 2 3 3 3 1  734   17 
23 1 1 3 3 4 4 1  711    0 
23 1 1 0 0 1 1 1  554    0 
23 1 0 0 1 1 1 1  587    0 
23 1 0 2 3 3 4 0  618    0 
23 1 0 1 2 2 2 1  702    0 
23 1 1 3 3 4 4 1  649    0 
23 1 0 3 0 4 4 1  518    0 
23 1 1 1 1 2 2 1  784    0 
23 1 1 2 2 3 3 1  607    0 
