4 1 1 3 3 4 4 1 2632    1 
4 1 0 3 2 4 4 1  550    1 
4 1 0 1 0 2 2 1 1143    1 
4 1 0 1 0 2 2 1  752    1 
4 1 0 0 3 1 1 1  833    1 
4 1 1 3 3 4 4 1  679    1 
4 1 1 2 2 3 3 1  555    1 
4 1 0 1 0 2 2 1  492    1 
4 1 1 0 0 1 1 1  471    1 
4 1 1 2 2 3 3 1  427    1 
4 1 1 3 3 4 4 1  545    1 
4 1 0 2 1 3 4 0  651    1 
4 1 0 1 0 2 2 1  766    1 
4 1 1 0 0 1 1 1  998    1 
4 1 1 1 1 2 2 1 1109    1 
4 1 0 2 1 3 3 1 1080    1 
4 1 0 3 2 4 4 1  844    1 
4 1 0 0 3 1 1 1  778    0 
4 1 0 3 2 4 4 1  722    1 
4 1 1 0 0 1 1 1  844    0 
4 1 1 0 0 1 1 1  538    1 
4 1 1 2 2 3 3 1  835    1 
4 1 0 3 2 4 4 1  689    1 
4 1 1 1 1 2 2 1  764    1 
4 1 1 3 3 4 4 1  629    1 
4 1 1 0 0 1 1 1  683    1 
4 1 1 1 1 2 2 1  790    0 
4 1 1 3 3 4 4 1  534    1 
4 1 0 1 0 2 2 1  583    1 
4 1 0 2 1 3 3 1  783    1 
4 1 0 0 3 1 1 1  742    1 
4 1 0 3 2 4 4 1  632    1 
4 1 0 0 3 1 2 0  653    1 
4 1 0 3 2 4 4 1 1112    1 
4 1 1 2 2 3 3 1  571    1 
4 1 1 0 0 1 1 1 1451    1 
4 1 1 1 1 2 2 1  648    1 
4 1 0 2 1 3 3 1  805    1 
4 1 1 0 0 1 1 1 1076    1 
4 1 1 1 1 2 2 1  688    1 
4 1 1 1 1 2 2 1  828    0 
4 1 0 3 2 4 4 1  978    1 
4 1 1 0 0 1 1 1  610    1 
4 1 0 3 2 4 4 1  889    1 
4 1 0 2 1 3 3 1  621    1 
4 1 1 2 2 3 3 1  779    1 
4 1 1 3 3 4 4 1  715    1 
4 1 0 1 0 2 2 1  678    1 
4 1 0 3 2 4 4 1  690    1 
4 1 1 0 0 1 1 1  549    0 
4 1 1 0 0 1 1 1  446    1 
4 1 1 1 1 2 2 1  651    1 
4 1 1 1 1 2 2 1  488    1 
4 1 0 2 1 3 3 1  612    1 
4 1 0 3 2 4 4 1  379    1 
4 1 1 0 0 1 1 1  347    1 
4 1 0 1 0 2 2 1  556    1 
4 1 1 0 0 1 1 1  613    1 
4 1 1 3 3 4 4 1  540    1 
4 1 0 2 1 3 3 1  709    1 
4 1 0 1 0 2 2 1  456    1 
4 1 0 0 3 1 1 1  605    1 
4 1 1 3 3 4 4 1  772    1 
4 1 1 2 2 3 3 1  396    1 
4 1 0 3 2 4 4 1  563  113 
4 1 0 3 2 4 4 1  532    1 
4 1 0 0 3 1 1 1  605    1 
4 1 1 2 2 3 3 1  660    1 
4 1 1 1 1 2 2 1  849    1 
4 1 0 0 3 1 1 1  630    1 
4 1 1 3 3 4 4 1  740    1 
4 1 1 2 2 3 3 1  454    1 
4 1 0 1 0 2 2 1  530    1 
4 1 0 1 0 2 2 1  620    1 
4 1 1 0 0 1 4 0  939    1 
4 1 0 2 1 3 3 1  714    1 
4 1 1 0 0 1 1 1  757    1 
4 1 1 3 3 4 4 1  718    1 
4 1 1 2 2 3 3 1  512    0 
4 1 1 2 2 3 3 1  451    1 
4 1 0 1 0 2 2 1  647    1 
4 1 1 0 0 1 1 1  781    1 
4 1 1 3 3 4 4 1  637    0 
4 1 0 0 3 1 1 1  723    1 
4 1 1 3 3 4 4 1 1213    1 
4 1 1 0 0 1 1 1  788    1 
4 1 1 1 1 2 2 1  931    1 
4 1 1 0 0 1 1 1  605    1 
4 1 1 1 1 2 2 1  532    1 
4 1 0 2 1 3 3 1  422    1 
4 1 0 1 0 2 2 1  612    1 
4 1 0 2 1 3 3 1  658    1 
4 1 1 0 0 1 2 0  431    1 
4 1 1 2 2 3 3 1 1155    1 
4 1 0 3 2 4 4 1  532    1 
4 1 0 2 1 3 3 1  958    1 
4 1 0 0 3 1 1 1 1766    1 
4 1 1 0 0 1 1 1  687    0 
4 1 0 2 1 3 3 1  578    1 
4 1 1 3 3 4 4 1  818    1 
4 1 1 3 3 4 4 1  552    1 
4 1 0 1 0 2 2 1  569    1 
4 1 0 0 3 1 1 1  481    1 
4 1 1 1 1 2 2 1  550    1 
4 1 0 3 2 4 4 1 1230    1 
4 1 0 2 1 3 3 1 1173    1 
4 1 0 2 1 3 3 1  557    1 
4 1 1 3 3 4 4 1  837    0 
4 1 1 2 2 3 3 1 1115    1 
4 1 1 0 0 1 1 1 1470    0 
4 1 1 1 1 2 2 1  498    1 
4 1 0 3 2 4 4 1  821    1 
4 1 1 1 1 2 2 1  796    1 
4 1 0 1 0 2 2 1  643    1 
4 1 1 3 3 4 4 1  601    1 
4 1 1 2 2 3 3 1  751    1 
4 1 1 3 3 4 4 1  808    1 
4 1 0 3 2 4 4 1  727    1 
4 1 1 1 1 2 2 1  585    0 
4 1 1 2 2 3 3 1 1433    1 
4 1 0 2 1 3 3 1  574    1 
4 1 1 1 1 2 2 1  582    1 
4 1 0 1 0 2 2 1  590    1 
4 1 1 2 2 3 3 1  541    1 
4 1 1 2 2 3 3 1  655    1 
4 1 1 3 3 4 4 1  579    1 
4 1 0 0 3 1 1 1 1116    1 
4 1 0 3 2 4 4 1  678    1 
4 1 1 1 1 2 2 1 1546    1 
4 1 0 3 2 4 4 1  548    1 
4 1 0 0 3 1 1 1  845    1 
4 1 1 2 2 3 3 1  938    1 
4 1 0 2 1 3 3 1  556    1 
4 1 0 2 1 3 3 1  549    1 
4 1 1 0 0 1 1 1  966    1 
4 1 0 0 3 1 1 1  574    1 
4 1 0 1 0 2 2 1  790    1 
4 1 1 3 3 4 4 1  645    1 
4 1 1 0 0 1 1 1 1147    1 
4 1 0 0 3 1 1 1  892    1 
4 1 0 3 2 4 4 1 1280    1 
4 1 0 1 0 2 2 1 1220    1 
4 1 1 0 0 1 1 1 1506    1 
4 1 1 2 2 3 3 1 1093    1 
4 1 1 1 1 2 2 1  585    1 
4 1 0 2 1 3 3 1 1152    1 
4 1 1 2 2 3 3 1  561    1 
4 1 0 2 1 3 3 1  594    1 
4 1 1 2 2 3 3 1  441    1 
4 1 0 3 2 4 4 1  887    1 
4 1 0 2 1 3 3 1  650    1 
4 1 1 0 0 1 1 1  607    0 
4 1 0 3 2 4 4 1 1142    1 
4 1 1 2 2 3 3 1  887    1 
4 1 0 1 0 2 2 1 1499    1 
4 1 0 1 0 2 2 1  990    1 
4 1 0 2 1 3 3 1  781    1 
4 1 0 3 2 4 4 1  701    0 
4 1 1 0 0 1 1 1  544    0 
4 1 0 1 0 2 2 1  682    1 
4 1 0 3 2 4 4 1  590    1 
4 1 1 2 2 3 3 1  525    1 
4 1 0 1 0 2 2 1  583    1 
4 1 0 0 3 1 1 1  431    1 
4 1 1 1 1 2 2 1  533    1 
4 1 1 1 1 2 2 1  526    1 
4 1 0 3 2 4 4 1  592    1 
4 1 1 3 3 4 4 1  552    1 
4 1 1 0 0 1 3 0  625    0 
4 1 0 0 3 1 1 1  741    1 
4 1 1 3 3 4 4 1  982    0 
4 1 0 0 3 1 1 1  734    1 
4 1 0 0 3 1 1 1  431    1 
4 1 0 1 0 2 2 1  709    1 
4 1 0 1 0 2 2 1  624    1 
4 1 0 2 1 3 3 1  758    1 
4 1 0 0 3 1 1 1  583    1 
4 1 1 3 3 4 1 0  983   48 
4 1 1 0 0 1 1 1  604    1 
4 1 0 1 0 2 2 1  683    1 
4 1 0 1 0 2 2 1  519    1 
4 1 0 1 0 2 2 1  449    1 
4 1 1 2 2 3 3 1  621    1 
4 1 0 3 2 4 4 1  812    1 
4 1 1 2 2 3 3 1  586    1 
4 1 1 0 0 1 1 1  650   27 
4 1 0 2 1 3 3 1 1095    1 
4 1 1 1 1 2 2 1  578    8 
4 1 0 1 0 2 2 1  586    1 
4 1 0 3 2 4 4 1  842    1 
4 1 1 2 2 3 3 1  535    1 
4 1 0 0 3 1 1 1 1521    1 
4 1 1 2 2 3 3 1 4651    1 
4 1 1 0 0 1 1 1 1057    1 
4 1 1 1 1 2 2 1  653    1 
4 1 0 3 2 4 4 1  498    1 
4 1 1 3 3 4 4 1  334    1 
4 1 1 1 1 2 2 1  383    1 
4 1 1 1 1 2 2 1  359    1 
4 1 1 0 0 1 3 0  519    1 
4 1 1 2 2 3 3 1  432    1 
4 1 1 2 2 3 3 1  486    1 
4 1 1 0 0 1 1 1  473    1 
4 1 0 3 2 4 3 0  349    1 
4 1 1 1 1 2 1 0  532    1 
4 1 0 3 2 4 3 0  676    1 
4 1 0 2 1 3 3 1  606    1 
4 1 0 1 0 2 2 1  660    1 
4 1 0 1 0 2 2 1  529    1 
4 1 1 2 2 3 3 1  475    1 
4 1 0 1 0 2 2 1  600    1 
4 1 0 3 2 4 2 0  462    1 
4 1 1 1 1 2 2 1  625    1 
4 1 1 3 3 4 4 1  375    1 
4 1 0 3 2 4 4 1  431    1 
4 1 0 0 3 1 3 0  462    1 
4 1 0 1 0 2 2 1  688    1 
4 1 1 3 3 4 3 0  628    1 
4 1 0 0 3 1 1 1 1848    1 
4 1 1 0 0 1 1 1  518    1 
4 1 1 0 0 1 1 1  496    1 
4 1 1 2 2 3 3 1  571    1 
4 1 0 1 0 2 2 1 1163    1 
4 1 1 0 0 1 4 0  540    1 
4 1 1 1 1 2 2 1  796    1 
4 1 1 0 0 1 4 0  579    1 
4 1 1 1 1 2 2 1  601    1 
4 1 1 1 1 2 2 1  544    1 
4 1 0 0 3 1 3 0  658    1 
4 1 1 0 0 1 3 0  516    1 
4 1 0 0 3 1 1 1  525    1 
4 1 0 2 1 3 3 1 1015    0 
4 1 0 1 0 2 1 0  581    1 
4 1 1 1 1 2 2 1  739    1 
4 1 0 2 1 3 3 1  588    1 
4 1 1 1 1 2 2 1  540    0 
4 1 0 3 2 4 4 1  693    1 
4 1 0 1 0 2 3 0  465    1 
4 1 1 2 2 3 3 1  443    1 
4 1 0 3 2 4 4 1  568    1 
4 1 0 3 2 4 4 1  497    1 
4 1 1 3 3 4 4 1  532    1 
4 1 0 2 1 3 2 0  589    1 
4 1 1 1 1 2 2 1  587    1 
4 1 1 3 3 4 4 1  579    1 
4 1 1 3 3 4 4 1  411    1 
4 1 0 2 1 3 2 0  713    1 
4 1 1 1 1 2 2 1  674    1 
4 1 1 2 2 3 1 0  638    1 
4 1 1 0 0 1 1 1  962    1 
4 1 1 0 0 1 1 1  443    1 
4 1 0 2 1 3 3 1  584    1 
4 1 1 0 0 1 1 1  504    1 
4 1 1 3 3 4 4 1  378    1 
4 1 0 2 1 3 2 0  363    1 
4 1 0 0 3 1 2 0  529    1 
4 1 1 1 1 2 2 1  690    1 
4 1 0 3 2 4 3 0  533    1 
4 1 0 2 1 3 3 1  772    1 
4 1 0 2 1 3 3 1  477    1 
4 1 1 2 2 3 3 1  417    1 
4 1 1 0 0 1 2 0  599    1 
4 1 0 0 3 1 1 1 1580    0 
4 1 0 0 3 1 1 1 1044    1 
4 1 1 0 0 1 1 1  673    1 
4 1 1 2 2 3 3 1 1694    1 
4 1 1 0 0 1 1 1 1073    1 
4 1 0 0 3 1 1 1  429    1 
4 1 0 2 1 3 3 1 2683    1 
4 1 0 1 0 2 2 1 4543    1 
4 1 1 3 3 4 4 1 1105    1 
4 1 0 1 0 2 2 1 1116    1 
4 1 1 1 1 2 2 1  942    1 
4 1 1 3 3 4 4 1 1687    1 
4 1 0 2 1 3 3 1 1003    1 
4 1 0 2 1 3 3 1  570    1 
4 1 0 0 3 1 1 1  938    1 
4 1 0 0 3 1 1 1  427    1 
4 1 0 0 3 1 1 1  649    1 
4 1 0 3 2 4 4 1 1574    1 
4 1 0 1 0 2 2 1 1182    1 
4 1 1 2 2 3 3 1  614    1 
4 1 1 1 1 2 2 1  589    1 
4 1 0 2 1 3 3 1  564    1 
4 1 0 0 3 1 2 0  693    1 
4 1 0 2 1 3 3 1  471    1 
4 1 0 2 1 3 3 1  499    1 
4 1 0 1 0 2 3 0  718    1 
4 1 1 2 2 3 3 1  470    1 
4 1 1 2 2 3 3 1  954    1 
4 1 0 3 2 4 2 0  555    1 
4 1 1 1 1 2 2 1  722    1 
4 1 0 1 0 2 4 0  980    1 
4 1 1 1 1 2 2 1  658    1 
4 1 1 3 3 4 3 0  463    1 
4 1 0 1 0 2 3 0  698    1 
4 1 0 2 1 3 4 0  163    1 
4 1 1 2 2 3 3 1   50    1 
4 1 1 1 1 2 3 0  254    1 
4 1 1 1 1 2 3 0  185    1 
4 1 0 3 2 4 4 1    0    0 
4 1 0 2 1 3 3 1  269    1 
4 1 1 1 1 2 3 0  474    1 
4 1 1 3 3 4 3 0  300    1 
4 1 0 2 1 3 0 0 5000    1 
4 1 1 0 0 1 1 1 1162    1 
4 1 0 1 0 2 2 1  795    1 
4 1 1 0 0 1 1 1 1386    0 
4 1 0 0 3 1 1 1  498    1 
4 1 0 0 3 1 1 1  405    1 
4 1 0 0 3 1 1 1  396    1 
4 1 1 0 0 1 1 1  491    1 
4 1 0 0 3 1 1 1  447    1 
4 1 1 0 0 1 1 1  364    1 
4 1 0 3 2 4 4 1  509    1 
4 1 0 3 2 4 4 1  424    1 
4 1 0 2 1 3 3 1  638    1 
4 1 1 3 3 4 1 0  931    1 
4 1 1 1 1 2 1 0  571    1 
4 1 1 0 0 1 1 1  777    1 
4 1 1 1 1 2 2 1  505    0 
4 1 0 0 3 1 1 1  764    1 
4 1 0 0 3 1 3 0  461    1 
4 1 1 0 0 1 1 1  136    1 
4 1 1 0 0 1 1 1 2945    1 
4 1 1 0 0 1 1 1  379    1 
4 1 1 3 3 4 3 0  539    1 
4 1 1 3 3 4 4 1  634    0 
4 1 0 0 3 1 1 1  968    1 
4 1 0 2 1 3 3 1  968    1 
4 1 0 3 2 4 2 0 1304    1 
4 1 1 2 2 3 3 1  449    1 
4 1 0 0 3 1 3 0  646    1 
4 1 0 2 1 3 3 1  665    1 
4 1 0 1 0 2 2 1  893    1 
4 1 1 3 3 4 2 0 1209    1 
4 1 1 1 1 2 2 1  950    1 
4 1 1 0 0 1 3 0  535    1 
4 1 1 2 2 3 3 1  518    1 
4 1 1 3 3 4 2 0 1040    1 
4 1 0 1 0 2 2 1 1012    1 
4 1 1 2 2 3 3 1 1035    1 
4 1 0 3 2 4 4 1 1152    1 
4 1 1 3 3 4 4 1  641    1 
4 1 1 3 3 4 4 1 1030    1 
4 1 1 3 3 4 4 1  341    1 
4 1 1 3 3 4 4 1  494    0 
4 1 0 2 1 3 3 1 1321    1 
4 1 0 1 0 2 2 1 1188    1 
4 1 0 0 3 1 1 1  811    1 
4 1 1 2 2 3 4 0  962    1 
4 1 1 3 3 4 2 0 2201    1 
4 1 1 1 1 2 2 1 2102    1 
4 1 0 2 1 3 3 1  761    1 
4 1 0 1 0 2 2 1  682    1 
4 1 0 1 0 2 2 1 2054    1 
4 1 0 0 3 1 2 0  555    1 
4 1 0 2 1 3 3 1  721    1 
4 1 0 3 2 4 4 1  372    1 
4 1 0 2 1 3 3 1  468    1 
4 1 1 2 2 3 3 1  536    1 
4 1 1 2 2 3 3 1 2761    1 
4 1 0 3 2 4 2 0  554    1 
4 1 0 2 1 3 3 1  537    1 
4 1 0 3 2 4 3 0  523    1 
4 1 1 0 0 1 2 0  163    1 
4 1 1 3 3 4 3 0  162    1 
4 1 1 3 3 4 2 0  704    1 
4 1 0 3 2 4 1 0  353    1 
4 1 1 1 1 2 3 0  448    1 
4 1 1 1 1 2 2 1  531    1 
4 1 0 3 2 4 3 0  797    1 
4 1 0 1 0 2 3 0  522    1 
4 1 0 0 3 1 1 1  690    1 
4 1 1 1 1 2 2 1  766    1 
4 1 1 2 2 3 0 0 5000    1 
4 1 0 3 2 4 4 1 1171    1 
4 1 0 3 2 4 4 1  995    0 
4 1 1 3 3 4 4 1  843    1 
4 1 0 1 0 2 4 0  489    1 
4 1 0 2 1 3 3 1 1530    1 
4 1 0 3 2 4 4 1  572    1 
4 1 0 2 1 3 3 1  820    1 
4 1 1 0 0 1 1 1 1218    1 
