15 1 0 2 1 3 3 1 3262    1 
15 1 0 0 3 1 1 1  795    1 
15 1 1 2 2 3 3 1 1851    1 
15 1 0 0 3 1 1 1  744    1 
15 1 0 0 3 1 1 1  513    1 
15 1 0 2 1 3 3 1  908    1 
15 1 1 1 1 2 2 1 1111    1 
15 1 0 3 2 4 4 1  722    1 
15 1 0 2 1 3 3 1 1124    1 
15 1 1 2 2 3 3 1 1118    1 
15 1 0 2 1 3 3 1  592    1 
15 1 1 2 2 3 3 1  496    1 
15 1 1 0 0 1 1 1  499    1 
15 1 0 0 3 1 1 1  518   11 
15 1 0 2 1 3 3 1  792    0 
15 1 1 3 3 4 4 1  543    1 
15 1 0 2 1 3 3 1  673    1 
15 1 0 3 2 4 4 1  757    1 
15 1 1 1 1 2 2 1 1022    1 
15 1 0 2 1 3 3 1  860    1 
15 1 0 0 3 1 1 1  897    1 
15 1 0 3 2 4 4 1  644    1 
15 1 1 1 1 2 2 1  890    1 
15 1 0 1 0 2 2 1  637    1 
15 1 1 1 1 2 2 1  443   17 
15 1 0 1 0 2 2 1  488    1 
15 1 1 3 3 4 4 1  564    1 
15 1 0 1 0 2 2 1  773    0 
15 1 1 2 2 3 3 1  845    1 
15 1 0 2 1 3 3 1  458    1 
15 1 0 3 2 4 4 1  567    1 
15 1 0 0 3 1 1 1  631    1 
15 1 1 3 3 4 4 1  725    1 
15 1 1 0 0 1 1 1 1431    1 
15 1 0 0 3 1 1 1  542    1 
15 1 0 2 1 3 3 1 1655    1 
15 1 0 1 0 2 2 1 1052    1 
15 1 0 1 0 2 2 1  817    1 
15 1 0 2 1 3 3 1 1039    1 
15 1 1 3 3 4 4 1 1588    1 
15 1 1 2 2 3 3 1 1140    1 
15 1 1 1 1 2 2 1 1173    0 
15 1 1 3 3 4 4 1  710    1 
15 1 0 1 0 2 2 1 1104    1 
15 1 1 3 3 4 4 1 1027    1 
15 1 1 0 0 1 1 1 1425    1 
15 1 1 2 2 3 3 1  912    1 
15 1 0 2 1 3 3 1 1202    1 
15 1 0 1 0 2 2 1  929    1 
15 1 1 2 2 3 3 1 1908    1 
15 1 1 2 2 3 3 1  526    0 
15 1 1 0 0 1 1 1  481    1 
15 1 0 1 0 2 2 1  789    1 
15 1 0 0 3 1 1 1  644    1 
15 1 1 3 3 4 4 1  618    1 
15 1 0 3 2 4 4 1  512    1 
15 1 0 2 1 3 3 1  811    1 
15 1 1 0 0 1 1 1  785    1 
15 1 1 1 1 2 2 1  617    1 
15 1 1 3 3 4 4 1  575    1 
15 1 0 0 3 1 1 1  567    1 
15 1 1 1 1 2 2 1  663    1 
15 1 1 3 3 4 4 1  700    1 
15 1 1 3 3 4 4 1  439    1 
15 1 1 3 3 4 4 1  388    1 
15 1 1 3 3 4 4 1  364    1 
15 1 0 3 2 4 4 1  373    1 
15 1 0 1 0 2 2 1  709    1 
15 1 0 3 2 4 4 1  456    1 
15 1 1 3 3 4 4 1  356    1 
15 1 1 1 1 2 2 1  709    1 
15 1 0 3 2 4 4 1  568    1 
15 1 0 0 3 1 1 1  728    1 
15 1 0 0 3 1 1 1  410    1 
15 1 0 1 0 2 2 1 2561    1 
15 1 0 1 0 2 2 1  466    1 
15 1 0 2 1 3 3 1  750    1 
15 1 0 2 1 3 3 1 1567    1 
15 1 1 2 2 3 3 1  839    1 
15 1 0 3 2 4 4 1  589    1 
15 1 0 0 3 1 1 1  644    1 
15 1 1 0 0 1 1 1  545    1 
15 1 0 3 2 4 4 1  619    1 
15 1 0 2 1 3 3 1 1025    1 
15 1 1 0 0 1 1 1  799    1 
15 1 1 2 2 3 3 1  838    1 
15 1 0 0 3 1 1 1  884    1 
15 1 0 1 0 2 2 1  823    1 
15 1 0 2 1 3 3 1  789    1 
15 1 1 2 2 3 3 1  749    1 
15 1 0 1 0 2 2 1  830    1 
15 1 1 1 1 2 2 1  588    1 
15 1 0 1 0 2 2 1  491    1 
15 1 1 1 1 2 2 1  519    1 
15 1 1 2 2 3 3 1  825    0 
15 1 1 0 0 1 1 1  487    1 
15 1 1 1 1 2 2 1  698    1 
15 1 0 1 0 2 2 1  662    1 
15 1 1 3 3 4 4 1  579    1 
15 1 0 0 3 1 1 1  587    1 
15 1 0 0 3 1 1 1  866    1 
15 1 1 2 2 3 3 1  742    1 
15 1 1 3 3 4 4 1  520    1 
15 1 1 2 2 3 3 1  890    1 
15 1 1 3 3 4 4 1  806    1 
15 1 0 2 1 3 3 1 1380    1 
15 1 1 2 2 3 3 1  493    1 
15 1 0 3 2 4 4 1  480    0 
15 1 1 3 3 4 4 1  668    1 
15 1 1 2 2 3 3 1  760    1 
15 1 0 0 3 1 1 1  665    1 
15 1 1 0 0 1 1 1  550    9 
15 1 0 1 0 2 2 1  855    1 
15 1 1 0 0 1 1 1  580    1 
15 1 1 3 3 4 4 1  508    1 
15 1 1 0 0 1 1 1  422    1 
15 1 0 0 3 1 1 1  637    1 
15 1 1 2 2 3 3 1  690    1 
15 1 1 3 3 4 4 1  518    1 
15 1 1 3 3 4 4 1  384    1 
15 1 0 1 0 2 2 1  815    1 
15 1 0 3 2 4 3 0  566    1 
15 1 0 0 3 1 1 1  716    1 
15 1 1 2 2 3 3 1 1102    1 
15 1 0 0 3 1 1 1  697    1 
15 1 1 2 2 3 3 1  949    1 
15 1 0 2 1 3 3 1  589    1 
15 1 1 2 2 3 3 1  437    1 
15 1 0 2 1 3 3 1  482    1 
15 1 0 0 3 1 1 1  614    1 
15 1 0 1 0 2 2 1 1333    1 
15 1 0 2 1 3 3 1  878    1 
15 1 0 1 0 2 2 1  746    1 
15 1 0 1 0 2 2 1  532    1 
15 1 1 2 2 3 3 1  678    1 
15 1 1 1 1 2 4 0  562    1 
15 1 0 3 2 4 4 1  617    1 
15 1 1 1 1 2 2 1 1199    1 
15 1 1 1 1 2 2 1  478    1 
15 1 0 3 2 4 4 1  802    1 
15 1 1 1 1 2 2 1  769    1 
15 1 0 0 3 1 1 1  649    1 
15 1 0 3 2 4 4 1  982    1 
15 1 0 3 2 4 4 1  446    1 
15 1 0 0 3 1 1 1 1003    1 
15 1 0 3 2 4 4 1  938    1 
15 1 0 3 2 4 4 1  564    1 
15 1 1 2 2 3 3 1 2084    1 
15 1 1 2 2 3 3 1  560    1 
15 1 0 2 1 3 3 1  777    1 
15 1 1 0 0 1 1 1  761    1 
15 1 0 3 2 4 4 1  514    1 
15 1 0 1 0 2 2 1  805    1 
15 1 0 3 2 4 4 1  723    1 
15 1 1 0 0 1 1 1  718    1 
15 1 1 2 2 3 3 1  768    1 
15 1 0 0 3 1 1 1  952    1 
15 1 1 1 1 2 2 1  825    1 
15 1 1 3 3 4 4 1  559    1 
15 1 1 1 1 2 2 1  688    1 
15 1 1 1 1 2 2 1  539    1 
15 1 1 0 0 1 1 1  661    1 
15 1 0 1 0 2 2 1 1657    1 
15 1 1 0 0 1 1 1  854    0 
15 1 0 3 2 4 4 1  859    1 
15 1 0 0 3 1 1 1 1320    1 
15 1 0 0 3 1 1 1  442    1 
15 1 1 3 3 4 4 1  648    1 
15 1 0 3 2 4 4 1  597    1 
15 1 1 1 1 2 2 1  669    1 
15 1 1 0 0 1 1 1  673    1 
15 1 1 3 3 4 4 1 1461    0 
15 1 1 2 2 3 3 1 1018    1 
15 1 0 1 0 2 2 1  752    1 
15 1 1 2 2 3 3 1  825    1 
15 1 1 1 1 2 2 1  743    1 
15 1 0 3 2 4 4 1  592    1 
15 1 0 1 0 2 2 1 1288    1 
15 1 1 0 0 1 1 1  587    1 
15 1 1 0 0 1 1 1  531    1 
15 1 0 0 3 1 1 1 1973    1 
15 1 1 1 1 2 2 1  677    1 
15 1 1 0 0 1 1 1  497    1 
15 1 1 0 0 1 1 1  429    1 
15 1 0 2 1 3 3 1  795    1 
15 1 1 0 0 1 1 1  594    1 
15 1 0 3 2 4 4 1  578    1 
15 1 1 3 3 4 4 1 1434    1 
15 1 1 1 1 2 2 1  928    0 
15 1 1 1 1 2 2 1  522    1 
15 1 1 1 1 2 2 1  412    1 
15 1 1 0 0 1 1 1  715    1 
15 1 1 1 1 2 2 1 2582    1 
15 1 1 0 0 1 1 1  702    1 
15 1 1 2 2 3 3 1  625    1 
15 1 0 0 1 1 1 1 1175    1 
15 1 1 3 3 4 4 1  607    1 
15 1 0 3 0 4 4 1  542    1 
15 1 1 0 0 1 1 1  655    1 
15 1 1 2 2 3 3 1  500    1 
15 1 0 2 3 3 3 1  391    1 
15 1 0 3 0 4 1 0  566    1 
15 1 1 3 3 4 4 1  573    1 
15 1 1 2 2 3 3 1 1405    1 
15 1 0 3 0 4 4 1  595    1 
15 1 0 1 2 2 2 1  611    1 
15 1 1 3 3 4 4 1  706    1 
15 1 0 0 1 1 1 1  573    1 
15 1 1 2 2 3 3 1  525    1 
15 1 0 2 3 3 3 1 1759    1 
15 1 0 0 1 1 2 0  640    0 
15 1 1 1 1 2 2 1  747    0 
15 1 1 3 3 4 4 1  685    1 
15 1 0 1 2 2 2 1  856    1 
15 1 0 1 2 2 2 1  773    1 
15 1 1 3 3 4 4 1  789    1 
15 1 1 2 2 3 3 1  789    1 
15 1 0 0 1 1 1 1  620    1 
15 1 1 0 0 1 2 0 1002    1 
15 1 0 0 1 1 1 1  743    1 
15 1 0 1 2 2 2 1  793    1 
15 1 0 2 3 3 3 1 1016    1 
15 1 1 2 2 3 3 1  518    1 
15 1 1 0 0 1 2 0  840    1 
15 1 1 3 3 4 4 1 2108    1 
15 1 1 0 0 1 1 1  743    1 
15 1 0 3 0 4 4 1 2336    3 
15 1 1 0 0 1 1 1  546    1 
15 1 1 1 1 2 2 1  819    1 
15 1 1 1 1 2 2 1  450    1 
15 1 1 2 2 3 3 1  630    1 
15 1 1 3 3 4 4 1  557    1 
15 1 0 2 3 3 3 1  597    1 
15 1 1 3 3 4 4 1  525    1 
15 1 0 0 1 1 2 0  399    1 
15 1 1 1 1 2 2 1  580    1 
15 1 1 0 0 1 1 1  604    0 
15 1 1 0 0 1 1 1  427    1 
15 1 1 2 2 3 3 1  529    1 
15 1 0 0 1 1 1 1  691    1 
15 1 1 0 0 1 1 1  446    1 
15 1 1 1 1 2 2 1  572    1 
15 1 1 0 0 1 1 1  452    1 
15 1 1 2 2 3 3 1  433    1 
15 1 0 3 0 4 4 1  862    1 
15 1 1 0 0 1 1 1 1763    1 
15 1 1 3 3 4 4 1  636    1 
15 1 0 1 2 2 2 1 2329    1 
15 1 0 1 2 2 2 1  556    1 
15 1 1 0 0 1 1 1 1061    1 
15 1 1 0 0 1 1 1  753    1 
15 1 0 3 0 4 4 1 1082    1 
15 1 0 2 3 3 3 1 1286    1 
15 1 1 1 1 2 2 1 1297    1 
15 1 0 2 3 3 3 1  869    1 
15 1 1 1 1 2 2 1  593    1 
15 1 0 0 1 1 1 1  664    1 
15 1 0 3 0 4 4 1  653    1 
15 1 1 3 3 4 4 1  482    1 
15 1 1 1 1 2 2 1 1517    1 
15 1 1 2 2 3 3 1  840    1 
15 1 0 1 2 2 2 1  693    1 
15 1 0 3 0 4 4 1  809    1 
15 1 1 3 3 4 4 1  791    1 
15 1 0 3 0 4 4 1  479    1 
15 1 1 3 3 4 4 1  363    1 
15 1 1 3 3 4 4 1  396    1 
15 1 0 0 1 1 1 1  947    1 
15 1 0 2 3 3 3 1 1133    1 
15 1 1 2 2 3 3 1  774    1 
15 1 0 1 2 2 2 1  918    1 
15 1 1 0 0 1 1 1 1185    1 
15 1 0 0 1 1 1 1  944    1 
15 1 0 0 1 1 1 1  554    1 
15 1 1 1 1 2 2 1  778    1 
15 1 1 3 3 4 4 1  571    1 
15 1 0 0 1 1 1 1  747    1 
15 1 1 3 3 4 4 1  836    1 
15 1 0 1 2 2 2 1 1818    1 
15 1 1 3 3 4 4 1  800    1 
15 1 1 0 0 1 1 1  559    1 
15 1 1 3 3 4 2 0 1143    1 
15 1 1 2 2 3 3 1  631    1 
15 1 1 3 3 4 3 0  749    0 
15 1 1 1 1 2 2 1 2444    1 
15 1 1 3 3 4 4 1 1594    1 
15 1 1 1 1 2 2 1 1729    1 
15 1 0 2 3 3 3 1 2235    1 
15 1 0 1 2 2 2 1  937    1 
15 1 1 1 1 2 2 1 1131    1 
15 1 0 1 2 2 2 1  629    1 
15 1 1 1 1 2 2 1  507    1 
15 1 0 2 3 3 3 1  862    1 
15 1 0 2 3 3 3 1  546    1 
15 1 1 2 2 3 3 1  436    1 
15 1 0 0 1 1 1 1  825    1 
15 1 1 1 1 2 2 1  824    1 
15 1 0 3 0 4 4 1  774    1 
15 1 1 1 1 2 2 1  878    1 
15 1 1 3 3 4 3 0 2042    1 
15 1 1 3 3 4 4 1  414    1 
15 1 0 0 1 1 1 1 1348    1 
15 1 0 2 3 3 3 1  814    1 
15 1 0 0 1 1 1 1 1445    1 
15 1 0 3 0 4 4 1  866    1 
15 1 1 2 2 3 3 1 1966    1 
15 1 0 3 0 4 4 1 1847    1 
15 1 0 1 2 2 2 1  972    0 
15 1 1 2 2 3 3 1 1108    1 
15 1 0 0 1 1 2 0 1183    1 
15 1 0 2 3 3 3 1  813    1 
15 1 1 0 0 1 1 1  972    1 
15 1 0 1 2 2 3 0 1028    1 
15 1 0 2 3 3 3 1 1016    1 
15 1 0 3 0 4 4 1 1646    1 
15 1 1 1 1 2 2 1 1940    1 
15 1 1 1 1 2 2 1  661    1 
15 1 0 3 0 4 4 1  786    1 
15 1 0 0 1 1 1 1  690    1 
15 1 1 2 2 3 3 1  605    1 
15 1 1 0 0 1 1 1  716    1 
15 1 1 1 1 2 2 1 1638    1 
15 1 0 0 1 1 1 1  796    1 
15 1 0 0 1 1 1 1  611    1 
15 1 0 2 3 3 3 1 1346    1 
15 1 0 0 1 1 1 1  931    1 
15 1 1 0 0 1 1 1 1582    1 
15 1 0 1 2 2 2 1 2910    1 
15 1 0 1 2 2 2 1 1057    1 
15 1 0 0 1 1 1 1  894    1 
15 1 0 0 1 1 1 1 1049    1 
15 1 1 1 1 2 2 1  726    1 
15 1 1 0 0 1 1 1 1288    1 
15 1 0 2 3 3 3 1 1612    1 
15 1 1 3 3 4 4 1 1058    1 
15 1 1 0 0 1 1 1 1271    1 
15 1 1 3 3 4 4 1 1868    1 
15 1 1 1 1 2 2 1 1184    1 
15 1 0 2 3 3 3 1 1103    1 
15 1 1 3 3 4 4 1 3418    1 
15 1 1 3 3 4 4 1  592    1 
15 1 0 1 2 2 2 1  824    1 
15 1 0 1 2 2 2 1  822    1 
15 1 0 3 0 4 4 1  852    1 
15 1 0 3 0 4 4 1  513    1 
15 1 0 1 2 2 2 1 1036    1 
15 1 0 0 1 1 1 1  713    1 
15 1 0 3 0 4 4 1 1188    1 
15 1 0 0 1 1 1 1  668    1 
15 1 0 2 3 3 3 1  888    1 
15 1 1 2 2 3 3 1  747    1 
15 1 0 1 2 2 2 1 1693    1 
15 1 1 2 2 3 4 0 2296    1 
15 1 1 1 1 2 2 1  826    1 
15 1 0 0 1 1 1 1  744    1 
15 1 0 1 2 2 2 1  818    1 
15 1 1 3 3 4 4 1 1056    1 
15 1 0 2 3 3 2 0 1333    1 
15 1 0 2 3 3 3 1  812    1 
15 1 0 1 2 2 2 1  843    1 
15 1 1 2 2 3 3 1  921    1 
15 1 1 3 3 4 4 1 1107    1 
15 1 0 3 0 4 4 1  774    1 
15 1 0 2 3 3 3 1 1342    1 
15 1 0 1 2 2 2 1 1263    1 
15 1 0 2 3 3 3 1  876    1 
15 1 0 3 0 4 4 1 1104    1 
15 1 1 2 2 3 3 1  675    1 
15 1 0 2 3 3 3 1  687    1 
15 1 1 2 2 3 3 1  499    1 
15 1 0 0 1 1 1 1 1222    1 
15 1 0 2 3 3 3 1  764    1 
15 1 1 0 0 1 1 1  885    1 
15 1 1 2 2 3 3 1 1152    1 
15 1 1 2 2 3 3 1  609    1 
15 1 0 3 0 4 1 0  728    1 
15 1 1 1 1 2 2 1  784    1 
15 1 0 2 3 3 3 1  807    1 
15 1 1 1 1 2 2 1  958    1 
15 1 0 1 2 2 2 1  855    1 
15 1 1 0 0 1 1 1  716    1 
15 1 0 2 3 3 3 1  982    0 
15 1 0 1 2 2 2 1  813    1 
15 1 0 3 0 4 4 1  948    1 
