18 1 1 0 0 1 1 1 1279    1 
18 1 0 3 1 4 4 1 1619    1 
18 1 1 2 2 3 3 1  705    1 
18 1 0 1 3 2 2 1 1004    1 
18 1 1 3 3 4 4 1 1171    1 
18 1 1 0 0 1 1 1  667    1 
18 1 0 1 3 2 2 1  967    1 
18 1 0 0 2 1 1 1  767    1 
18 1 1 3 3 4 4 1  767    1 
18 1 1 3 3 4 4 1  488    1 
18 1 0 2 0 3 3 1  635    1 
18 1 1 0 0 1 1 1 1297   37 
18 1 1 2 2 3 3 1  860    1 
18 1 0 1 3 2 2 1  945    1 
18 1 0 1 3 2 2 1  530    1 
18 1 0 2 0 3 3 1  717    0 
18 1 0 2 0 3 3 1  543    1 
18 1 1 3 3 4 4 1  672    1 
18 1 1 2 2 3 3 1  812    1 
18 1 0 0 2 1 1 1  507    1 
18 1 0 2 0 3 3 1  726    1 
18 1 1 1 1 2 2 1 2016    1 
18 1 0 2 0 3 3 1  806    1 
18 1 1 0 0 1 1 1  637    1 
18 1 1 2 2 3 3 1  667    1 
18 1 1 1 1 2 2 1  935    1 
18 1 1 1 1 2 2 1  496    1 
18 1 1 2 2 3 3 1  956    1 
18 1 1 1 1 2 2 1  757    1 
18 1 1 2 2 3 3 1  677    1 
18 1 0 2 0 3 3 1  609    1 
18 1 0 2 0 3 3 1  472    1 
18 1 1 2 2 3 3 1  460    1 
18 1 0 2 0 3 3 1  473    1 
18 1 0 1 3 2 2 1 1069    1 
18 1 0 3 1 4 4 1  713    1 
18 1 1 3 3 4 4 1  628    1 
18 1 0 2 0 3 3 1 1155    1 
18 1 1 3 3 4 4 1  955    1 
18 1 1 0 0 1 1 1  972    1 
18 1 0 2 0 3 3 1  564    1 
18 1 1 0 0 1 1 1  597    1 
18 1 0 0 2 1 1 1  669    1 
18 1 1 0 0 1 1 1  441    1 
18 1 0 0 2 1 1 1  478    1 
18 1 0 0 2 1 1 1  386    1 
18 1 1 1 1 2 2 1  882    1 
18 1 1 3 3 4 4 1  518    1 
18 1 0 3 1 4 4 1  688    1 
18 1 0 1 3 2 2 1  556    1 
18 1 0 1 3 2 2 1  828    1 
18 1 0 0 2 1 3 0  835    1 
18 1 1 3 3 4 4 1 1326    1 
18 1 1 1 1 2 2 1  752    1 
18 1 0 3 1 4 4 1  545    1 
18 1 0 0 2 1 1 1  898    1 
18 1 0 0 2 1 1 1  461    1 
18 1 0 1 3 2 2 1  842    1 
18 1 0 1 3 2 2 1  520    1 
18 1 0 0 2 1 1 1  922    1 
18 1 0 3 1 4 4 1  708    1 
18 1 1 2 2 3 3 1  663    1 
18 1 1 0 0 1 1 1  660    1 
18 1 0 3 1 4 4 1 1096    1 
18 1 0 2 0 3 3 1  844    1 
18 1 1 3 3 4 4 1 1193    1 
18 1 1 3 3 4 4 1  441    1 
18 1 1 3 3 4 4 1  358    1 
18 1 1 0 0 1 1 1 1311    1 
18 1 1 1 1 2 2 1  738    1 
18 1 0 2 0 3 3 1  739    1 
18 1 1 2 2 3 3 1  477    1 
18 1 0 3 1 4 4 1  657    1 
18 1 1 3 3 4 4 1  478    1 
18 1 1 0 0 1 1 1  586    1 
18 1 1 2 2 3 3 1  529    1 
18 1 1 3 3 4 4 1  484    1 
18 1 0 3 1 4 4 1  511    1 
18 1 0 2 0 3 3 1  730    1 
18 1 1 3 3 4 4 1  740    1 
18 1 0 0 2 1 1 1 1141    1 
18 1 0 3 1 4 4 1  671    1 
18 1 0 0 2 1 1 1 1099    1 
18 1 1 1 1 2 2 1  846  110 
18 1 0 2 0 3 3 1  779    1 
18 1 0 1 3 2 2 1  812    1 
18 1 0 0 2 1 1 1  706    1 
18 1 0 0 2 1 1 1  445    1 
18 1 1 2 2 3 3 1  699    1 
18 1 0 3 1 4 4 1  678    1 
18 1 0 2 0 3 3 1 1554    1 
18 1 1 3 3 4 4 1 1130    0 
18 1 0 1 3 2 2 1  565    1 
18 1 0 2 0 3 3 1  837    1 
18 1 0 2 0 3 3 1  555    1 
18 1 1 1 1 2 2 1  724    1 
18 1 0 1 3 2 2 1  494    1 
18 1 1 2 2 3 1 0 1217    1 
18 1 1 1 1 2 2 1  910    1 
18 1 0 1 3 2 2 1  488    0 
18 1 0 3 1 4 4 1  684    1 
18 1 1 0 0 1 1 1  711    1 
18 1 0 2 0 3 3 1  722    1 
18 1 1 2 2 3 3 1  484    1 
18 1 0 3 1 4 4 1  736    1 
18 1 0 1 3 2 2 1  729    1 
18 1 0 3 1 4 4 1  827    0 
18 1 1 0 0 1 1 1  626    1 
18 1 0 0 2 1 1 1  656    1 
18 1 1 0 0 1 1 1  429    1 
18 1 0 0 2 1 1 1  435    1 
18 1 1 3 3 4 4 1  608    1 
18 1 1 3 3 4 4 1  583    1 
18 1 1 0 0 1 1 1  798    1 
18 1 1 1 1 2 2 1  790    1 
18 1 1 1 1 2 2 1  501    1 
18 1 1 1 1 2 2 1  424    1 
18 1 1 3 3 4 4 1  478    1 
18 1 1 0 0 1 1 1  578    1 
18 1 1 3 3 4 4 1  507    1 
18 1 1 1 1 2 2 1  525    1 
18 1 0 0 2 1 1 1  639    1 
18 1 0 1 3 2 4 0  605    1 
18 1 0 0 2 1 1 1  658    1 
18 1 0 3 1 4 4 1  758    1 
18 1 1 1 1 2 2 1  703    0 
18 1 1 0 0 1 1 1  746    1 
18 1 1 1 1 2 2 1  724    1 
18 1 1 3 3 4 4 1  518    1 
18 1 0 3 1 4 4 1  656    1 
18 1 0 2 0 3 3 1  645    1 
18 1 0 0 2 1 1 1  602    1 
18 1 1 1 1 2 2 1 1041    1 
18 1 1 2 2 3 3 1  718    1 
18 1 0 0 2 1 1 1  873    1 
18 1 1 0 0 1 1 1  541    0 
18 1 0 1 3 2 2 1  894    1 
18 1 1 0 0 1 1 1 1674    1 
18 1 1 3 3 4 4 1  654    1 
18 1 0 1 3 2 2 1  651    0 
18 1 1 3 3 4 4 1  504    1 
18 1 0 2 0 3 3 1  570    0 
18 1 0 1 3 2 2 1  682    1 
18 1 0 2 0 3 3 1  646    1 
18 1 1 0 0 1 1 1  683    1 
18 1 0 0 2 1 1 1  535    1 
18 1 0 0 2 1 1 1  520    1 
18 1 1 2 2 3 3 1 1178    1 
18 1 0 2 0 3 3 1  491    1 
18 1 0 2 0 3 3 1  470   15 
18 1 0 1 3 2 2 1  706    1 
18 1 1 3 3 4 4 1  701    1 
18 1 0 2 0 3 1 0  672    1 
18 1 0 3 1 4 4 1  770    1 
18 1 0 2 0 3 3 1  714    1 
18 1 1 0 0 1 1 1  557    1 
18 1 1 1 1 2 2 1  790    1 
18 1 0 1 3 2 2 1  701    1 
18 1 0 3 1 4 4 1  592    1 
18 1 0 0 2 1 1 1  768    1 
18 1 1 3 3 4 4 1  704    1 
18 1 1 1 1 2 2 1  683    1 
18 1 1 1 1 2 2 1  670    1 
18 1 1 0 0 1 1 1 1258    1 
18 1 0 3 1 4 4 1  575    1 
18 1 0 0 2 1 1 1  607    1 
18 1 0 1 3 2 2 1  702    1 
18 1 1 1 1 2 2 1  689    1 
18 1 1 1 1 2 2 1  484    1 
18 1 0 3 1 4 4 1  760    1 
18 1 1 2 2 3 3 1  913    1 
18 1 1 0 0 1 1 1 1563    1 
18 1 0 2 0 3 3 1 1292    1 
18 1 1 1 1 2 2 1 1120    1 
18 1 1 1 1 2 2 1  506    1 
18 1 1 0 0 1 1 1  957    1 
18 1 1 2 2 3 3 1  766    1 
18 1 0 2 0 3 3 1  606    1 
18 1 1 1 1 2 2 1 1149    1 
18 1 1 3 3 4 4 1  621    1 
18 1 1 3 3 4 4 1  419    1 
18 1 0 1 3 2 2 1  578    1 
18 1 0 1 3 2 2 1  394    1 
18 1 0 2 0 3 3 1  681    1 
18 1 1 0 0 1 1 1  453    1 
18 1 0 2 0 3 3 1  930    1 
18 1 1 3 3 4 4 1  628    1 
18 1 0 2 0 3 1 0  594    1 
18 1 1 2 2 3 1 0  800    1 
18 1 1 3 3 4 4 1  845    1 
18 1 1 3 3 4 4 1  554    1 
18 1 0 0 2 1 1 1  915    1 
18 1 1 0 0 1 1 1 2040    1 
18 1 1 3 3 4 4 1  654    1 
18 1 0 0 2 1 1 1  594    1 
18 1 0 0 2 1 1 1  434  167 
18 1 0 3 1 4 4 1  591    0 
18 1 1 1 1 2 2 1  679    1 
18 1 0 3 1 4 4 1  691  193 
18 1 0 1 3 2 2 1  558    0 
18 1 1 2 2 3 3 1  695    1 
18 1 1 0 0 1 1 1  555    1 
18 1 1 2 2 3 3 1  571    1 
18 1 0 0 2 1 1 1  603    1 
18 1 0 0 2 1 1 1  674    1 
18 1 0 3 1 4 4 1  734    1 
18 1 1 1 1 2 2 1  600    1 
18 1 0 1 3 2 2 1  631    1 
18 1 0 1 3 2 2 1  469    1 
18 1 1 3 3 4 4 1  769    1 
18 1 0 1 3 2 2 1  569    1 
18 1 0 2 0 3 3 1 2265  167 
18 1 1 1 1 2 2 1 2934  200 
18 1 0 2 0 3 3 1  775    1 
18 1 1 2 2 3 3 1 1247    1 
18 1 0 2 0 3 3 1  557    1 
18 1 0 2 0 3 3 1  654    1 
18 1 1 3 3 4 4 1  754    1 
18 1 1 0 0 1 1 1 1067    1 
18 1 0 1 3 2 2 1  815    1 
18 1 1 3 3 4 4 1  486    1 
18 1 1 0 0 1 1 1  697    1 
18 1 1 2 2 3 3 1  621  100 
18 1 1 0 0 1 1 1  555    1 
18 1 0 1 3 2 2 1  739    1 
18 1 1 0 0 1 1 1  693    1 
18 1 1 1 1 2 2 1 1024    1 
18 1 1 3 3 4 4 1  855    1 
18 1 0 2 0 3 3 1  771    1 
18 1 0 2 0 3 3 1  524    1 
18 1 1 2 2 3 3 1  414    1 
18 1 0 3 1 4 4 1  653    1 
18 1 0 1 3 2 2 1  481    1 
18 1 0 1 3 2 2 1  542    1 
18 1 1 2 2 3 3 1  631    0 
18 1 0 3 1 4 4 1  645    1 
18 1 1 2 2 3 3 1  739  163 
18 1 0 2 0 3 3 1  620    1 
18 1 1 3 3 4 4 1  658    1 
18 1 1 1 1 2 2 1  959    1 
18 1 0 2 0 3 3 1 1080    1 
18 1 1 3 3 4 4 1  556    1 
18 1 1 3 3 4 4 1  389    0 
18 1 0 3 1 4 4 1  460    1 
18 1 0 0 2 1 1 1 1825    1 
18 1 1 2 2 3 3 1  735    1 
18 1 1 2 2 3 3 1  681    1 
18 1 1 1 1 2 2 1  749    1 
18 1 0 0 2 1 1 1 1182    1 
18 1 1 3 3 4 4 1  806    1 
18 1 0 2 0 3 3 1  949   88 
18 1 1 2 2 3 3 1  918    1 
18 1 1 3 3 4 4 1 1184    1 
18 1 0 0 2 1 1 1 1063    1 
18 1 0 3 1 4 4 1  756  161 
18 1 1 0 0 1 1 1  597    1 
18 1 0 0 2 1 1 1  492    1 
18 1 0 2 0 3 3 1  616    1 
18 1 0 1 3 2 2 1 1790    1 
18 1 0 3 1 4 4 1  598    1 
18 1 0 0 2 1 2 0  781    1 
18 1 1 3 3 4 4 1  563    1 
18 1 1 2 2 3 3 1  668    1 
18 1 0 3 1 4 4 1  560    0 
18 1 1 1 1 2 2 1  601    1 
18 1 1 0 0 1 1 1  600    1 
18 1 0 0 2 1 1 1  534    1 
18 1 1 0 0 1 1 1  424    1 
18 1 0 2 0 3 3 1  526    1 
18 1 1 1 1 2 2 1  768    1 
18 1 1 2 2 3 3 1  792    1 
18 1 0 0 2 1 1 1  568    1 
18 1 1 1 1 2 1 0  832    1 
18 1 0 2 0 3 3 1 1187    1 
18 1 1 3 3 4 4 1  595    1 
18 1 1 0 0 1 1 1  611    1 
18 1 0 2 0 3 3 1 1449    1 
18 1 0 0 2 1 1 1  494    1 
18 1 0 0 2 1 1 1  442    1 
18 1 1 0 0 1 1 1  511    1 
18 1 0 2 0 3 3 1  594    1 
18 1 0 1 3 2 2 1  713    1 
18 1 0 0 2 1 1 1 1004    1 
18 1 0 1 3 2 2 1 2331    1 
18 1 1 3 3 4 4 1  925    1 
18 1 1 0 0 1 1 1  919    1 
18 1 1 1 1 2 2 1  610    1 
18 1 1 2 2 3 3 1  616    1 
18 1 0 1 3 2 2 1 1071    1 
18 1 1 0 0 1 1 1  779    1 
18 1 0 3 1 4 4 1  667    1 
18 1 1 2 2 3 3 1 1167    0 
18 1 0 1 3 2 2 1  751    1 
18 1 1 2 2 3 3 1 2192    1 
18 1 1 1 1 2 2 1  600    1 
18 1 0 2 0 3 3 1  670    1 
18 1 0 3 1 4 4 1  595    1 
18 1 0 2 0 3 3 1  626    1 
18 1 0 3 1 4 4 1  416    1 
18 1 0 1 3 2 2 1  606    1 
18 1 1 2 2 3 3 1  573    1 
18 1 1 3 3 4 4 1  573    1 
18 1 1 0 0 1 1 1  709    1 
18 1 1 1 1 2 2 1  984    1 
18 1 0 0 2 1 1 1  856    1 
18 1 0 2 0 3 3 1  668    1 
18 1 1 0 0 1 1 1  793    1 
18 1 1 1 1 2 2 1  840    1 
18 1 1 3 3 4 4 1  662    1 
18 1 1 2 2 3 1 0  866    1 
18 1 0 3 1 4 4 1  701    1 
18 1 0 0 2 1 1 1  791    1 
18 1 1 2 2 3 1 0  679    1 
18 1 0 0 2 1 1 1  865    1 
18 1 0 2 0 3 3 1  502    0 
18 1 1 1 1 2 2 1  777    1 
18 1 0 3 1 4 4 1  689    1 
18 1 1 0 0 1 1 1  732    1 
18 1 1 1 1 2 2 1  886    1 
18 1 1 1 1 2 2 1  753    1 
18 1 0 0 2 1 3 0  866    1 
18 1 0 0 2 1 1 1 1132    1 
18 1 1 0 0 1 1 1  398    1 
18 1 0 1 3 2 2 1  813    1 
18 1 0 2 0 3 3 1  716    1 
18 1 0 3 1 4 4 1  750    1 
18 1 0 3 1 4 4 1  671    1 
18 1 0 1 3 2 2 1  659    1 
18 1 0 3 1 4 4 1  888    1 
18 1 1 2 2 3 3 1  643  163 
18 1 1 2 2 3 3 1  449    1 
18 1 1 1 1 2 2 1  654    1 
18 1 0 0 2 1 1 1 1354   30 
18 1 0 3 1 4 4 1  539    1 
18 1 1 3 3 4 4 1  397    1 
18 1 0 3 1 4 4 1  412    1 
18 1 1 0 0 1 1 1  707    1 
18 1 0 3 1 4 4 1  590    1 
18 1 1 1 1 2 2 1  701    1 
18 1 0 1 3 2 2 1  704   75 
18 1 1 0 0 1 1 1  827    1 
18 1 0 3 1 4 4 1  545    1 
18 1 1 2 2 3 3 1  635    1 
18 1 0 3 1 4 1 0  752   42 
18 1 1 0 0 1 1 1  791  163 
18 1 1 0 0 1 1 1  438    1 
18 1 0 3 1 4 4 1  668    1 
18 1 0 0 2 1 1 1  648    1 
18 1 1 1 1 2 2 1  717    1 
18 1 0 3 1 4 4 1 1400    1 
18 1 1 2 2 3 3 1  670    1 
18 1 1 1 1 2 2 1  595    1 
18 1 0 3 1 4 4 1  650    1 
18 1 0 1 3 2 2 1  703    1 
18 1 1 2 2 3 3 1  762    1 
18 1 0 1 3 2 2 1  619    1 
18 1 1 3 3 4 4 1  521    1 
18 1 1 3 3 4 4 1  523    1 
18 1 0 2 0 3 3 1  941    1 
18 1 0 2 0 3 3 1  734   22 
18 1 0 1 3 2 2 1  744    1 
18 1 0 1 3 2 2 1 1513    1 
18 1 1 2 2 3 3 1 4060    1 
18 1 1 1 1 2 2 1  873    1 
18 1 0 1 3 2 2 1  782    1 
18 1 1 0 0 1 1 1  742    1 
18 1 0 3 1 4 4 1 1327    1 
18 1 1 3 3 4 4 1  457    1 
18 1 1 0 0 1 2 0  566   71 
18 1 1 3 3 4 4 1  524    1 
18 1 0 3 1 4 4 1  646    1 
18 1 0 2 0 3 3 1  596    1 
18 1 1 1 1 2 2 1  675    1 
18 1 1 3 3 4 4 1  623    1 
18 1 1 0 0 1 1 1 1214    1 
18 1 0 1 3 2 2 1  796   17 
18 1 0 2 0 3 3 1  828    1 
18 1 1 1 1 2 2 1 1826    1 
18 1 0 1 3 2 2 1  560    1 
18 1 0 0 2 1 1 1  657    1 
18 1 1 0 0 1 1 1  726    1 
18 1 1 2 2 3 3 1  544    1 
18 1 1 0 0 1 1 1 1058    1 
18 1 1 1 1 2 2 1  782    1 
