2 1 0 2 0 3 3 1 2566    1 
2 1 0 3 1 4 4 1 1222    1 
2 1 1 1 1 2 2 1  772    1 
2 1 1 0 0 1 1 1  420    1 
2 1 1 3 3 4 4 1  530    1 
2 1 1 2 2 3 3 1 1021    1 
2 1 0 2 0 3 3 1  491    1 
2 1 0 0 2 1 2 0  638    9 
2 1 0 1 3 2 2 1  714    1 
2 1 1 0 0 1 1 1  372    1 
2 1 0 0 2 1 1 1  669    1 
2 1 0 3 1 4 4 1  713    1 
2 1 1 3 3 4 4 1  444    1 
2 1 0 0 2 1 3 0  609    1 
2 1 1 2 2 3 3 1  854    1 
2 1 1 3 3 4 4 1  699    1 
2 1 1 1 1 2 2 1  773    1 
2 1 0 1 3 2 2 1  566    1 
2 1 1 0 0 1 1 1  486    1 
2 1 0 2 0 3 1 0  489    1 
2 1 0 3 1 4 2 0  563    1 
2 1 1 3 3 4 4 1  441    1 
2 1 1 2 2 3 3 1  759    1 
2 1 1 3 3 4 4 1  520    1 
2 1 0 0 2 1 1 1  618    1 
2 1 1 0 0 1 1 1  432    1 
2 1 1 2 2 3 3 1  533    1 
2 1 1 3 3 4 4 1  415    1 
2 1 0 2 0 3 3 1  742    1 
2 1 1 2 2 3 3 1  487    1 
2 1 0 2 0 3 3 1  699    1 
2 1 0 0 2 1 1 1  598    1 
2 1 0 1 3 2 2 1  797    1 
2 1 0 3 1 4 4 1  588    1 
2 1 0 2 0 3 1 0  556   11 
2 1 1 3 3 4 4 1  643    1 
2 1 0 2 0 3 1 0  448    1 
2 1 0 0 2 1 1 1  739    1 
2 1 0 2 0 3 1 0  421    1 
2 1 1 3 3 4 4 1  609    1 
2 1 1 0 0 1 1 1  559    1 
2 1 1 0 0 1 1 1  552    2 
2 1 0 2 0 3 3 1 2481    1 
2 1 0 2 0 3 3 1  525    1 
2 1 0 3 1 4 4 1  943    1 
2 1 1 1 1 2 2 1 1489    1 
2 1 0 2 0 3 3 1  853    1 
2 1 1 3 3 4 4 1 1241    1 
2 1 0 2 0 3 1 0  615    1 
2 1 1 0 0 1 1 1 1195    1 
2 1 1 1 1 2 2 1 1331    1 
2 1 1 1 1 2 2 1  669    1 
2 1 0 2 0 3 3 1  681    8 
2 1 0 0 2 1 1 1 1805    8 
2 1 1 0 0 1 1 1  412    1 
2 1 1 2 2 3 3 1  547    1 
2 1 0 3 1 4 4 1  700    1 
2 1 0 0 2 1 1 1  783    1 
2 1 1 1 1 2 4 0  854    1 
2 1 1 3 3 4 4 1  937    1 
2 1 0 3 1 4 4 1  467    1 
2 1 1 1 1 2 2 1 1327    1 
2 1 1 1 1 2 2 1 1049    1 
2 1 1 2 2 3 3 1  670    0 
2 1 1 0 0 1 1 1 1666    1 
2 1 0 0 2 1 1 1  630    1 
2 1 0 1 3 2 4 0 1004    1 
2 1 1 3 3 4 4 1  673    1 
2 1 1 2 2 3 3 1  581    1 
2 1 1 1 1 2 2 1  510   15 
2 1 1 1 1 2 2 1  568    4 
2 1 1 1 1 2 2 1  449    1 
2 1 1 1 1 2 2 1  414    1 
2 1 0 1 3 2 2 1  533    1 
2 1 0 2 0 3 3 1  694    1 
2 1 0 3 1 4 4 1  554   11 
2 1 0 2 0 3 3 1  706    1 
2 1 1 1 1 2 2 1  901    1 
2 1 0 1 3 2 2 1  560    1 
2 1 1 0 0 1 1 1  593    1 
2 1 0 0 2 1 1 1  752    1 
2 1 0 3 1 4 4 1  833    1 
2 1 0 0 2 1 1 1  863    1 
2 1 1 0 0 1 1 1  468    1 
2 1 0 0 2 1 1 1  416    1 
2 1 0 1 3 2 2 1  782   12 
2 1 1 2 2 3 3 1  573    1 
2 1 0 2 0 3 3 1  541    1 
2 1 1 0 0 1 1 1  615    9 
2 1 0 2 0 3 3 1  646    1 
2 1 0 0 2 1 1 1  635    1 
2 1 1 0 0 1 1 1  385    1 
2 1 0 1 3 2 2 1  736    9 
2 1 1 3 3 4 4 1  746    1 
2 1 1 3 3 4 4 1  475    1 
2 1 0 2 0 3 1 0  551    1 
2 1 1 1 1 2 2 1  726    1 
2 1 1 3 3 4 4 1  832    1 
2 1 0 1 3 2 2 1  694    1 
2 1 1 1 1 2 2 1  489    1 
2 1 1 1 1 2 2 1  525    1 
2 1 0 0 2 1 1 1  847    1 
2 1 1 2 2 3 3 1 1292    1 
2 1 0 2 0 3 3 1  792    1 
2 1 1 1 1 2 2 1 1015   10 
2 1 1 3 3 4 4 1  909    1 
2 1 0 3 1 4 4 1  776    1 
2 1 1 1 1 2 2 1 2400    1 
2 1 0 3 1 4 4 1 4903    1 
2 1 0 0 2 1 1 1 1714    1 
2 1 1 3 3 4 4 1  669    1 
2 1 0 2 0 3 3 1 2529    1 
2 1 0 0 2 1 1 1 1132    1 
2 1 0 2 0 3 3 1 3214    0 
2 1 1 1 1 2 2 1 1197    1 
2 1 0 2 0 3 3 1 1940   12 
2 1 1 3 3 4 4 1  630    1 
2 1 1 1 1 2 2 1 1500    1 
2 1 1 0 0 1 1 1  663    1 
2 1 0 1 3 2 2 1 1660    1 
2 1 0 0 2 1 1 1 1065    1 
2 1 1 2 2 3 3 1 1126    1 
2 1 0 2 0 3 3 1  688    1 
2 1 1 3 3 4 2 0 1299    1 
2 1 1 2 2 3 4 0 1916    1 
2 1 0 0 2 1 1 1  676    1 
2 1 1 3 3 4 4 1 1217    1 
2 1 1 3 3 4 4 1  527    1 
2 1 0 3 1 4 4 1  417    1 
2 1 0 0 2 1 1 1  615    1 
2 1 1 0 0 1 1 1  542    1 
2 1 0 3 1 4 4 1  679    1 
2 1 0 2 0 3 3 1 1395    1 
2 1 1 1 1 2 2 1 1147    1 
2 1 0 2 0 3 3 1  900    1 
2 1 0 1 3 2 2 1  903   42 
2 1 1 3 3 4 4 1  866    2 
2 1 1 3 3 4 4 1  494    1 
2 1 1 2 2 3 3 1 1914    1 
2 1 0 3 1 4 4 1  901    1 
2 1 1 0 0 1 1 1  671   38 
2 1 0 2 0 3 3 1  900    1 
2 1 1 3 3 4 4 1  742    1 
2 1 0 1 3 2 2 1  872    1 
2 1 1 3 3 4 4 1  772    1 
2 1 0 3 1 4 4 1  476    1 
2 1 0 0 2 1 1 1 1016    0 
2 1 0 0 2 1 1 1  494    1 
2 1 1 2 2 3 4 0  834    1 
2 1 0 0 2 1 1 1  613   20 
2 1 0 0 2 1 1 1  732    1 
2 1 1 2 2 3 3 1  678    1 
2 1 1 3 3 4 2 0  778    1 
2 1 1 1 1 2 2 1  960    1 
2 1 1 2 2 3 3 1 3441    1 
2 1 0 0 2 1 1 1 1255    1 
2 1 0 1 3 2 2 1 1499    1 
2 1 1 3 3 4 4 1  622    1 
2 1 0 0 2 1 1 1 1388    1 
2 1 0 1 3 2 2 1 4692    1 
2 1 1 1 1 2 2 1  536    1 
2 1 0 1 3 2 2 1  457    1 
2 1 1 3 3 4 4 1  638    1 
2 1 1 1 1 2 2 1  980    1 
2 1 1 2 2 3 3 1 1020    1 
2 1 0 0 2 1 1 1  858    1 
2 1 1 1 1 2 2 1  783   29 
2 1 0 1 3 2 0 0 5000    1 
2 1 1 2 2 3 3 1 1123    0 
2 1 1 1 1 2 2 1  702    1 
2 1 0 3 1 4 4 1  704    1 
2 1 0 0 2 1 1 1  707    1 
2 1 0 1 3 2 2 1 1038   10 
2 1 0 0 2 1 1 1  707    1 
2 1 1 2 2 3 3 1  870    1 
2 1 0 3 1 4 2 0  683    0 
2 1 1 1 1 2 2 1  732    1 
2 1 0 0 2 1 1 1  597    1 
2 1 0 2 0 3 3 1  637    1 
2 1 1 2 2 3 3 1  546    0 
2 1 0 2 0 3 3 1  612   11 
2 1 0 3 1 4 4 1  475    1 
2 1 1 0 0 1 1 1  647    1 
2 1 1 3 3 4 4 1 2404    1 
2 1 1 3 3 4 4 1  395    1 
2 1 0 1 3 2 2 1  603    1 
2 1 1 0 0 1 1 1  553    1 
2 1 1 0 0 1 1 1  450    1 
2 1 0 1 3 2 4 0  639    1 
2 1 1 1 1 2 2 1  619    1 
2 1 0 1 3 2 2 1  409    1 
2 1 0 3 1 4 4 1  679    1 
2 1 0 3 2 4 2 0 1252    1 
2 1 1 0 0 1 3 0  327    1 
2 1 0 3 2 4 4 1    0    0 
2 1 0 1 0 2 3 0  158    1 
2 1 1 3 3 4 1 0    0    0 
2 1 1 3 3 4 4 1    0    1 
2 1 1 0 0 1 2 0  200    1 
2 1 0 3 2 4 3 0   53    1 
2 1 1 1 1 2 1 0  111    1 
2 1 1 2 2 3 2 0 1072    1 
2 1 1 2 2 3 4 0  234    1 
2 1 0 3 2 4 3 0  142    1 
2 1 1 3 3 4 3 0  269    1 
2 1 1 1 1 2 3 0  215    1 
2 1 0 0 3 1 3 0    4    1 
2 1 1 0 0 1 4 0  360    0 
2 1 0 2 1 3 2 0  119    1 
2 1 0 3 2 4 4 1    0    1 
2 1 1 3 3 4 3 0    0    0 
2 1 1 3 3 4 1 0   75    1 
2 1 0 0 3 1 3 0    0    0 
2 1 0 3 2 4 4 1    0    0 
2 1 0 3 2 4 4 1  176    1 
2 1 0 3 2 4 4 1   25    1 
2 1 0 2 1 3 4 0  199    1 
2 1 1 1 1 2 3 0  347    1 
2 1 1 3 3 4 4 1  339    0 
2 1 0 1 0 2 4 0  156    1 
2 1 1 3 3 4 3 0  387    1 
2 1 0 2 1 3 3 1    0    0 
2 1 1 1 1 2 3 0 1151    1 
2 1 0 2 1 3 3 1    0    0 
2 1 0 0 3 1 4 0  133    1 
2 1 1 0 0 1 3 0    0    0 
2 1 0 1 0 2 4 0   41    1 
2 1 0 2 1 3 3 1  125    1 
2 1 0 3 2 4 4 1  175    1 
2 1 1 1 1 2 3 0  223    1 
2 1 1 3 3 4 4 1    0    0 
2 1 0 3 2 4 3 0   50    0 
2 1 0 1 0 2 4 0    0    0 
2 1 0 0 3 1 3 0   25    1 
2 1 0 0 3 1 3 0  973    1 
2 1 1 3 3 4 3 0 1052    1 
2 1 0 3 2 4 3 0  990    1 
2 1 1 1 1 2 3 0  724    1 
2 1 0 2 1 3 4 0  676    1 
2 1 0 3 2 4 4 1    0    0 
2 1 1 3 3 4 4 1    0    0 
2 1 1 3 3 4 3 0    0    0 
2 1 0 0 3 1 4 0  409    1 
2 1 1 0 0 1 3 0  373    1 
2 1 0 1 0 2 4 0 2652    1 
2 1 0 1 0 2 3 0    0    1 
2 1 0 1 0 2 4 0  427    1 
2 1 0 2 1 3 3 1    0    0 
2 1 0 1 0 2 4 0  134    1 
2 1 0 1 0 2 3 0   78    1 
2 1 0 3 2 4 4 1  416    1 
2 1 1 1 1 2 3 0   38    1 
2 1 1 2 2 3 4 0    0    0 
2 1 0 3 2 4 3 0  390    1 
2 1 1 1 1 2 2 1 2412    1 
2 1 1 1 1 2 2 1  523    1 
2 1 0 3 2 4 3 0  997    1 
2 1 1 1 1 2 2 1  602    1 
2 1 1 2 2 3 3 1  633    0 
2 1 1 1 1 2 2 1 1310    1 
2 1 1 2 2 3 3 1  369    1 
2 1 1 3 3 4 4 1 1121    1 
2 1 0 3 2 4 4 1  548    1 
2 1 0 1 0 2 2 1 1325    0 
2 1 1 2 2 3 3 1  247    1 
2 1 1 2 2 3 4 0    0    0 
2 1 1 0 0 1 3 0    0    0 
2 1 0 2 1 3 3 1    0    0 
2 1 0 3 2 4 3 0  173    1 
2 1 0 1 0 2 4 0  387    1 
2 1 0 2 1 3 1 0  233    1 
2 1 1 3 3 4 1 0   12    1 
2 1 1 1 1 2 2 1    0    0 
2 1 0 0 3 1 1 1  328    1 
2 1 1 1 1 2 2 1  266    1 
2 1 1 0 0 1 1 1    0    0 
2 1 0 0 3 1 2 0  477    1 
2 1 0 1 0 2 1 0    7    1 
2 1 0 0 3 1 3 0  555    1 
2 1 0 2 1 3 4 0  578    1 
2 1 1 1 1 2 3 0  240    1 
2 1 1 1 1 2 1 0  140    1 
2 1 0 1 0 2 2 1  907    1 
2 1 1 0 0 1 2 0  470    1 
2 1 1 3 3 4 2 0  696    0 
2 1 1 1 1 2 2 1 1594    1 
2 1 1 2 2 3 2 0  625    1 
2 1 1 2 2 3 2 0 1662    1 
2 1 0 2 1 3 2 0  680    1 
2 1 1 1 1 2 1 0   75    1 
2 1 0 0 3 1 2 0  101    1 
2 1 1 0 0 1 1 1  253    1 
2 1 1 0 0 1 1 1  114    1 
2 1 0 3 2 4 1 0   53    1 
2 1 1 0 0 1 2 0  256    1 
2 1 0 0 3 1 3 0 2931    1 
2 1 0 1 0 2 4 0 1723    1 
2 1 1 2 2 3 4 0  427    1 
2 1 0 0 3 1 4 0  367    1 
2 1 1 3 3 4 4 1 1037    1 
2 1 0 0 3 1 4 0  107    1 
2 1 1 0 0 1 3 0   28    1 
2 1 1 3 3 4 4 1  264    1 
2 1 0 3 2 4 3 0   85    1 
2 1 0 2 1 3 4 0    0    0 
2 1 1 2 2 3 3 1 1275    1 
2 1 1 0 0 1 3 0  447    1 
2 1 0 1 0 2 2 1    0    0 
2 1 1 2 2 3 3 1  113    1 
2 1 0 2 1 3 4 0  260    1 
2 1 0 2 1 3 3 1 1447    1 
2 1 0 0 3 1 4 0  668    1 
2 1 1 2 2 3 3 1  527    1 
2 1 0 1 0 2 4 0 2065    1 
2 1 1 1 1 2 3 0  235    1 
2 1 0 2 1 3 4 0  438    1 
2 1 0 0 3 1 4 0  642    0 
2 1 0 2 1 3 4 0  421    1 
2 1 0 0 3 1 4 0  338    1 
2 1 0 0 3 1 3 0  265    1 
2 1 0 1 0 2 1 0 1547    0 
2 1 1 2 2 3 2 0  931    1 
2 1 1 1 1 2 1 0  315    1 
2 1 1 3 3 4 2 0  283    1 
2 1 0 3 2 4 1 0  605    1 
2 1 1 2 2 3 2 0  537    1 
2 1 0 3 2 4 1 0  297    1 
2 1 1 1 1 2 1 0  178    1 
2 1 0 3 2 4 2 0  320    1 
2 1 0 0 3 1 1 1  729    1 
2 1 1 0 0 1 2 0  755    0 
2 1 0 1 0 2 1 0  289    1 
2 1 0 1 0 2 3 0  275    1 
2 1 1 2 2 3 4 0 1093    1 
2 1 1 2 2 3 4 0    0    0 
2 1 1 3 3 4 3 0    3    1 
2 1 1 1 1 2 4 0  248    1 
2 1 1 0 0 1 3 0  363    1 
2 1 1 0 0 1 3 0  346    1 
2 1 0 3 2 4 3 0    1    1 
2 1 0 2 1 3 3 1  174    1 
2 1 1 3 3 4 3 0  510    0 
2 1 0 1 0 2 3 0  679    1 
2 1 1 3 3 4 3 0  177    1 
2 1 1 2 2 3 3 1  167    0 
2 1 0 0 3 1 3 0  615    1 
2 1 1 0 0 1 3 0  211    1 
2 1 0 2 1 3 3 1  304    1 
2 1 1 0 0 1 3 0  451    1 
2 1 0 0 3 1 3 0  350    1 
2 1 1 2 2 3 3 1  293    1 
2 1 0 1 0 2 3 0  567    1 
2 1 1 2 2 3 3 1  494    1 
2 1 1 2 2 3 2 0  817    1 
2 1 1 0 0 1 2 0  277    1 
2 1 0 1 0 2 2 1  335    1 
2 1 0 2 1 3 2 0 1409    1 
2 1 0 0 3 1 2 0  318    1 
2 1 1 2 2 3 2 0  286    1 
2 1 1 3 3 4 2 0  327    1 
2 1 1 2 2 3 2 0  311    1 
2 1 0 0 3 1 2 0  288    1 
2 1 0 1 0 2 1 0  274    1 
2 1 1 0 0 1 1 1  180    1 
2 1 0 1 0 2 1 0  460    1 
2 1 0 1 0 2 2 1  239    1 
2 1 0 2 1 3 1 0  436    1 
2 1 1 2 2 3 1 0   48    1 
2 1 1 2 2 3 1 0  643    1 
2 1 1 0 0 1 1 1  375    1 
2 1 0 3 2 4 1 0   47    1 
2 1 1 0 0 1 1 1  418    1 
2 1 1 3 3 4 1 0   24    1 
2 1 0 2 1 3 3 1  652    1 
2 1 0 2 1 3 4 0    9    1 
2 1 1 3 3 4 3 0    0    0 
2 1 0 1 0 2 4 0   59    1 
2 1 0 1 0 2 4 0   77    1 
2 1 1 3 3 4 3 0   40    1 
2 1 0 0 3 1 4 0  235    1 
2 1 1 0 0 1 4 0   39    1 
2 1 1 0 0 1 3 0   42    1 
2 1 1 0 0 1 4 0  173    1 
2 1 1 2 2 3 4 0    0    0 
