16 1 1 2 2 3 3 1 1524    0 
16 1 0 2 3 3 3 1  646    0 
16 1 0 3 0 4 4 1  627    0 
16 1 1 1 1 2 2 1  689    0 
16 1 0 1 2 2 2 1  612   18 
16 1 1 1 1 2 2 1  499    0 
16 1 0 3 0 4 3 0  534    0 
16 1 1 0 0 1 1 1  598    0 
16 1 1 3 3 4 2 0  597    0 
16 1 0 2 3 3 4 0  530    0 
16 1 1 2 2 3 3 1  602    0 
16 1 1 0 0 1 1 1  521    0 
16 1 1 0 0 1 1 1  483    0 
16 1 0 2 3 3 3 1  958    0 
16 1 1 1 1 2 2 1  743    0 
16 1 0 2 3 3 3 1  584    0 
16 1 1 2 2 3 3 1  495    0 
16 1 0 0 1 1 1 1  683    0 
16 1 0 2 3 3 3 1  654    0 
16 1 0 1 2 2 4 0  555    0 
16 1 1 2 2 3 3 1  625    0 
16 1 0 1 2 2 2 1  615    0 
16 1 0 1 2 2 2 1  566    0 
16 1 0 2 3 3 3 1  750    0 
16 1 0 1 2 2 2 1  591    0 
16 1 1 1 1 2 2 1  798    0 
16 1 0 1 2 2 2 1  525    0 
16 1 1 1 1 2 2 1  511    0 
16 1 0 2 3 3 3 1  666    0 
16 1 1 3 3 4 4 1  567    0 
16 1 1 0 0 1 1 1  519    0 
16 1 0 2 3 3 3 1  617    0 
16 1 1 2 2 3 3 1  471    0 
16 1 0 1 2 2 2 1  659    0 
16 1 0 3 0 4 4 1  719    0 
16 1 0 2 3 3 3 1  705    0 
16 1 1 0 0 1 1 1  540    0 
16 1 0 2 3 3 3 1  773    0 
16 1 0 0 1 1 1 1  629    0 
16 1 1 1 1 2 2 1  675    0 
16 1 1 2 2 3 3 1  623    0 
16 1 1 0 0 1 1 1  461    0 
16 1 1 2 2 3 3 1  490    0 
16 1 1 2 2 3 3 1  421    0 
16 1 0 1 2 2 2 1  675    0 
16 1 0 2 3 3 3 1  703    0 
16 1 1 3 3 4 4 1  530    0 
16 1 0 1 2 2 3 0  532    0 
16 1 0 2 3 3 3 1  764    0 
16 1 1 0 0 1 1 1  484    0 
16 1 0 1 2 2 3 0  520    0 
16 1 1 0 0 1 1 1  472    0 
16 1 1 0 0 1 1 1  540    0 
16 1 0 1 2 2 2 1  669    0 
16 1 1 0 0 1 1 1  521    0 
16 1 0 2 3 3 3 1  683    0 
16 1 0 2 3 3 3 1  510    0 
16 1 1 0 0 1 1 1  521    0 
16 1 0 0 1 1 1 1  523    0 
16 1 0 1 2 2 3 0  725    0 
16 1 1 0 0 1 1 1  533    0 
16 1 1 3 3 4 4 1  638    0 
16 1 1 3 3 4 4 1  500    0 
16 1 0 1 2 2 2 1  670    0 
16 1 1 3 3 4 4 1  570    0 
16 1 0 2 3 3 4 0  570    0 
16 1 1 2 2 3 3 1  872    0 
16 1 1 1 1 2 2 1  732    0 
16 1 1 2 2 3 3 1  550    0 
16 1 0 1 2 2 2 1  607    0 
16 1 1 2 2 3 3 1  478    0 
16 1 1 0 0 1 1 1  513    0 
16 1 0 1 2 2 2 1  724    0 
16 1 1 0 0 1 1 1  470    0 
16 1 0 3 0 4 4 1  578    0 
16 1 0 1 2 2 2 1  594    0 
16 1 1 3 3 4 4 1  529    0 
16 1 0 1 2 2 2 1  731    0 
16 1 0 2 3 3 3 1  493    0 
16 1 1 0 0 1 1 1  465    0 
16 1 1 3 3 4 4 1  637    0 
16 1 1 3 3 4 4 1  435    0 
16 1 0 3 0 4 4 1  456    0 
16 1 1 3 3 4 4 1  461    0 
16 1 1 3 3 4 4 1  449    0 
16 1 0 3 0 4 4 1  423    0 
16 1 1 2 2 3 3 1  621    0 
16 1 1 0 0 1 1 1  443    0 
16 1 1 2 2 3 3 1  472    0 
16 1 1 0 0 1 1 1  540    0 
16 1 1 0 0 1 1 1  429    0 
16 1 0 1 2 2 3 0  459    0 
16 1 1 0 0 1 1 1  558    0 
16 1 1 0 0 1 1 1  455    0 
16 1 0 1 2 2 2 1  499    0 
16 1 0 1 2 2 2 1  455    0 
16 1 0 3 0 4 1 0  483    0 
16 1 0 3 0 4 4 1  477    0 
16 1 1 3 3 4 4 1  449    0 
16 1 1 3 3 4 4 1  438    0 
16 1 0 1 2 2 1 0  651    0 
16 1 0 0 1 1 1 1  566    0 
16 1 1 3 3 4 4 1  630    0 
16 1 1 1 1 2 2 1  556    0 
16 1 0 1 2 2 2 1  565    0 
16 1 1 0 0 1 1 1  494    0 
16 1 0 3 0 4 4 1  585    0 
16 1 0 3 0 4 4 1  592    0 
16 1 0 3 0 4 4 1  392    0 
16 1 0 3 0 4 4 1  463    0 
16 1 0 3 0 4 4 1  468    0 
16 1 0 2 3 3 3 1  680    0 
16 1 0 1 2 2 2 1  556    0 
16 1 1 3 3 4 4 1  596    0 
16 1 0 1 2 2 1 0  548    0 
16 1 0 0 1 1 1 1  635    0 
16 1 0 1 2 2 2 1  440    0 
16 1 1 3 3 4 4 1  574    0 
16 1 1 0 0 1 1 1  598    0 
16 1 1 1 1 2 4 0  565    0 
16 1 1 3 3 4 3 0  644    0 
16 1 0 2 3 3 3 1  663    0 
16 1 0 0 1 1 1 1  596    0 
16 1 0 1 2 2 2 1  595    0 
16 1 1 0 0 1 1 1  554    0 
16 1 0 0 1 1 2 0  475    0 
16 1 1 1 1 2 2 1  789    0 
16 1 1 0 0 1 1 1  420    0 
16 1 0 0 1 1 1 1  578    0 
16 1 0 2 3 3 4 0  586    0 
16 1 1 2 2 3 3 1  463    0 
16 1 1 0 0 1 1 1  524    0 
16 1 0 3 0 4 4 1  830    0 
16 1 1 3 3 4 4 1  540    0 
16 1 1 2 2 3 3 1  653    0 
16 1 0 2 3 3 3 1  482    0 
16 1 1 3 3 4 3 0  494    0 
16 1 1 2 2 3 3 1  703    0 
16 1 1 1 1 2 2 1  618    0 
16 1 0 0 1 1 1 1  528    0 
16 1 0 3 0 4 4 1  754    0 
16 1 0 0 1 1 1 1  619    0 
16 1 0 1 2 2 2 1  713    0 
16 1 1 2 2 3 2 0  475    0 
16 1 0 0 1 1 1 1  685    0 
16 1 0 0 1 1 1 1  553    0 
16 1 0 3 0 4 4 1  609    0 
16 1 0 3 0 4 4 1  488    0 
16 1 0 2 3 3 2 0  899    0 
16 1 1 3 3 4 4 1  677    0 
16 1 1 0 0 1 1 1  529    0 
16 1 0 2 3 3 4 0  915    0 
16 1 1 0 0 1 1 1  547    0 
16 1 0 0 1 1 1 1  645    0 
16 1 1 3 3 4 4 1  562    0 
16 1 0 3 0 4 4 1  546    0 
16 1 1 1 1 2 4 0  676    0 
16 1 0 1 2 2 2 1  558    0 
16 1 1 3 3 4 3 0  567    0 
16 1 1 2 2 3 3 1  444    0 
16 1 0 1 2 2 3 0  546    0 
16 1 1 3 3 4 4 1  569    0 
16 1 1 3 3 4 4 1  489    0 
16 1 0 0 1 1 1 1  644    0 
16 1 0 3 0 4 4 1  762    0 
16 1 0 0 1 1 2 0  882    0 
16 1 1 2 2 3 3 1  532    0 
16 1 0 2 3 3 3 1  526    0 
16 1 1 3 3 4 4 1  640    0 
16 1 1 1 1 2 2 1  622    0 
16 1 0 3 0 4 4 1  700    0 
16 1 1 2 2 3 3 1  622    0 
16 1 0 2 3 3 3 1  612    0 
16 1 0 2 3 3 3 1  443    0 
16 1 1 1 1 2 2 1  448    0 
16 1 1 0 0 1 1 1  454    0 
16 1 0 2 3 3 3 1  674    0 
16 1 0 1 2 2 3 0  558    0 
16 1 1 1 1 2 2 1  461    0 
16 1 0 3 0 4 4 1  674    0 
16 1 1 3 3 4 4 1  574    0 
16 1 1 0 0 1 1 1  550    0 
16 1 1 0 0 1 1 1  502    0 
16 1 1 1 1 2 2 1  625    0 
16 1 1 0 0 1 1 1  575    0 
16 1 0 2 3 3 4 0  535    0 
16 1 1 0 0 1 1 1  542    0 
16 1 1 1 1 2 2 1  511    0 
16 1 0 0 1 1 2 0  466    0 
16 1 0 2 3 3 4 0  476    0 
16 1 1 3 3 4 4 1  862    0 
16 1 0 1 2 2 2 1  667    0 
16 1 1 0 0 1 1 1 1174    0 
16 1 0 2 0 3 3 1  558    0 
16 1 1 3 3 4 4 1  558    0 
16 1 1 3 3 4 4 1  431    0 
16 1 0 0 2 1 3 0  437    0 
16 1 0 1 3 2 2 1  688    0 
16 1 0 0 2 1 1 1 1283    0 
16 1 0 2 0 3 3 1  527    0 
16 1 1 2 2 3 3 1  433    0 
16 1 1 2 2 3 3 1  398    0 
16 1 0 1 3 2 4 0  469    0 
16 1 0 2 0 3 3 1  767    0 
16 1 0 3 1 4 4 1  623    0 
16 1 1 0 0 1 1 1  421    0 
16 1 0 1 3 2 2 1  595    0 
16 1 0 2 0 3 3 1  587    0 
16 1 1 0 0 1 2 0  514    0 
16 1 0 3 1 4 4 1  667    0 
16 1 1 1 1 2 2 1  727    0 
16 1 0 2 0 3 3 1  633    0 
16 1 1 2 2 3 3 1  487    0 
16 1 1 1 1 2 2 1  770    0 
16 1 0 0 2 1 1 1  706    0 
16 1 0 2 0 3 3 1  717    0 
16 1 1 0 0 1 1 1  663    0 
16 1 0 2 0 3 3 1  739    0 
16 1 1 3 3 4 4 1  557    0 
16 1 1 3 3 4 4 1  517    0 
16 1 1 0 0 1 1 1  559    0 
16 1 0 1 3 2 2 1 1088    0 
16 1 1 1 1 2 2 1  459    0 
16 1 1 1 1 2 2 1  440    0 
16 1 0 0 2 1 1 1  581    0 
16 1 1 1 1 2 2 1  861    0 
16 1 1 2 2 3 3 1  546    0 
16 1 1 2 2 3 3 1  443   18 
16 1 0 2 0 3 3 1  568    0 
16 1 0 3 1 4 4 1  632    0 
16 1 0 1 3 2 2 1  638    0 
16 1 0 3 1 4 4 1  556    0 
16 1 1 0 0 1 1 1  692    0 
16 1 0 0 2 1 1 1  464    0 
16 1 0 0 2 1 1 1  436    0 
16 1 1 3 3 4 4 1  626    0 
16 1 0 2 0 3 3 1  640    0 
16 1 1 3 3 4 2 0  805    0 
16 1 0 0 2 1 1 1  778    0 
16 1 1 0 0 1 1 1  442    0 
16 1 1 3 3 4 4 1  599    0 
16 1 1 1 1 2 2 1  622    0 
16 1 1 3 3 4 4 1  644    0 
16 1 1 0 0 1 1 1  514    0 
16 1 1 1 1 2 2 1  932    0 
16 1 1 1 1 2 2 1  446    0 
16 1 1 0 0 1 1 1  508    0 
16 1 1 2 2 3 3 1  534    0 
16 1 1 0 0 1 1 1  416    0 
16 1 1 2 2 3 3 1  542    0 
16 1 1 0 0 1 1 1  391    0 
16 1 0 0 2 1 1 1  559    0 
16 1 1 0 0 1 1 1  407    0 
16 1 0 3 1 4 4 1  654    0 
16 1 1 3 3 4 4 1  459    0 
16 1 1 3 3 4 4 1  367    0 
16 1 0 3 1 4 4 1  495    0 
16 1 0 3 1 4 4 1  411    0 
16 1 1 2 2 3 3 1  489    0 
16 1 0 2 0 3 3 1  437    0 
16 1 1 0 0 1 1 1  514    0 
16 1 0 1 3 2 2 1  557    0 
16 1 1 1 1 2 2 1  381    0 
16 1 0 3 1 4 3 0  557    0 
16 1 1 2 2 3 3 1  620    0 
16 1 0 2 0 3 3 1  514    0 
16 1 1 1 1 2 2 1  541    0 
16 1 1 2 2 3 3 1  590    0 
16 1 0 0 2 1 1 1  949    0 
16 1 0 1 3 2 2 1  535    0 
16 1 1 0 0 1 1 1  456    0 
16 1 0 0 2 1 1 1  453    0 
16 1 1 2 2 3 3 1  689    0 
16 1 1 1 1 2 2 1  701    0 
16 1 0 1 3 2 2 1  463    0 
16 1 0 2 0 3 1 0  516    0 
16 1 1 3 3 4 4 1  589    0 
16 1 1 3 3 4 4 1  484    0 
16 1 1 1 1 2 2 1  591    0 
16 1 1 1 1 2 2 1  447    0 
16 1 0 1 3 2 2 1  508    0 
16 1 0 2 0 3 3 1  566    0 
16 1 0 3 1 4 4 1  598    0 
16 1 1 0 0 1 1 1  550    0 
16 1 0 0 2 1 1 1  486    0 
16 1 1 2 2 3 2 0  506    0 
16 1 1 2 2 3 3 1  386    0 
16 1 0 3 1 4 4 1  594    0 
16 1 0 1 3 2 2 1  601    0 
16 1 0 1 3 2 2 1  464    0 
16 1 0 2 0 3 3 1  684    0 
16 1 1 0 0 1 1 1  552    0 
16 1 1 3 3 4 4 1  544    0 
16 1 0 1 3 2 2 1  594    0 
16 1 0 3 1 4 4 1  665    0 
16 1 0 3 1 4 4 1  446    0 
16 1 0 1 3 2 2 1  579    0 
16 1 0 0 2 1 3 0  491    0 
16 1 1 3 3 4 4 1  532    0 
16 1 1 1 1 2 2 1  566    0 
16 1 0 3 1 4 4 1  630    0 
16 1 0 3 1 4 4 1  524    0 
16 1 0 1 3 2 2 1  614    0 
16 1 1 1 1 2 2 1  421    0 
16 1 1 0 0 1 1 1  603    0 
16 1 1 3 3 4 4 1  578   11 
16 1 0 2 0 3 1 0  442    0 
16 1 1 1 1 2 2 1  413    0 
16 1 1 0 0 1 1 1  515    0 
16 1 0 1 3 2 2 1  598    0 
16 1 0 1 3 2 2 1  397    0 
16 1 1 2 2 3 3 1  501    0 
16 1 1 2 2 3 3 1  471    0 
16 1 0 0 2 1 1 1  619    0 
16 1 1 3 3 4 4 1  481    0 
16 1 1 2 2 3 3 1  597    0 
16 1 1 0 0 1 1 1  541    0 
16 1 1 1 1 2 2 1  526    0 
16 1 0 3 1 4 4 1  648    0 
16 1 1 3 3 4 4 1  469    0 
16 1 1 3 3 4 4 1  401    0 
16 1 0 0 2 1 3 0  472    0 
16 1 1 1 1 2 2 1  538    0 
16 1 0 2 0 3 1 0  595    0 
16 1 0 1 3 2 2 1  617    0 
16 1 1 2 2 3 3 1  559    0 
16 1 0 2 0 3 3 1  551    0 
16 1 0 2 0 3 3 1  544    0 
16 1 1 3 3 4 4 1  561    0 
16 1 0 2 0 3 1 0  522   11 
16 1 1 1 1 2 2 1  578    0 
16 1 1 2 2 3 3 1  938    0 
16 1 0 0 2 1 1 1  595    0 
16 1 1 2 2 3 3 1  579    0 
16 1 0 2 0 3 3 1  587    0 
16 1 0 2 0 3 3 1  498    0 
16 1 0 0 2 1 2 0  597    0 
16 1 1 0 0 1 1 1  434    0 
16 1 1 2 2 3 3 1  592    0 
16 1 0 1 3 2 2 1 1055    0 
16 1 1 0 0 1 1 1  580    0 
16 1 0 0 2 1 1 1  492    0 
16 1 1 3 3 4 4 1  663    0 
16 1 0 3 1 4 4 1  484    0 
16 1 1 1 1 2 2 1  679    0 
16 1 1 3 3 4 4 1  603    0 
16 1 0 1 3 2 2 1  578    0 
16 1 0 0 2 1 1 1  706    0 
16 1 0 1 3 2 2 1  620    0 
16 1 0 2 0 3 3 1  938    0 
16 1 1 3 3 4 4 1  572    0 
16 1 1 0 0 1 1 1  484    0 
16 1 1 1 1 2 2 1  687    0 
16 1 0 1 3 2 2 1  570    0 
16 1 0 1 3 2 2 1  482    0 
16 1 1 1 1 2 2 1  462    0 
16 1 0 0 2 1 1 1  619    0 
16 1 0 2 0 3 3 1  561    0 
16 1 1 3 3 4 4 1  610    0 
16 1 1 3 3 4 4 1  456    0 
16 1 1 0 0 1 1 1  517    0 
16 1 0 1 3 2 4 0  567    0 
16 1 0 3 1 4 3 0  605    0 
16 1 0 2 0 3 3 1  690    0 
16 1 0 2 0 3 3 1  477    0 
16 1 1 2 2 3 3 1  537    0 
16 1 1 0 0 1 1 1  474    0 
16 1 0 1 3 2 2 1  654   18 
16 1 1 3 3 4 4 1  563    0 
16 1 0 3 1 4 2 0  427    0 
16 1 0 1 3 2 2 1  535    0 
16 1 0 0 2 1 1 1  649    0 
16 1 0 0 2 1 1 1  518    0 
16 1 0 3 1 4 4 1  608    0 
16 1 0 1 3 2 2 1  567    0 
16 1 0 2 0 3 3 1  751    0 
16 1 0 3 1 4 4 1  615    0 
16 1 0 0 2 1 1 1  550    0 
16 1 0 2 0 3 4 0  583    0 
16 1 1 3 3 4 4 1  660    0 
16 1 0 3 1 4 4 1  745    0 
16 1 1 0 0 1 1 1  562    0 
16 1 1 0 0 1 1 1  467    0 
16 1 1 3 3 4 4 1  591    0 
