10 1 1 0 0 1 1 1 1555    1 
10 1 1 2 2 3 3 1  892    0 
10 1 1 3 3 4 4 1  791    1 
10 1 0 1 3 2 2 1 1079    0 
10 1 1 2 2 3 3 1 1194    0 
10 1 0 0 2 1 1 1  674    0 
10 1 0 1 3 2 2 1  910    0 
10 1 0 2 0 3 1 0  560    0 
10 1 1 3 3 4 4 1  743    0 
10 1 1 3 3 4 4 1  608    0 
10 1 0 3 1 4 4 1  631    0 
10 1 1 3 3 4 4 1  501    0 
10 1 1 2 2 3 3 1 1008    0 
10 1 0 2 0 3 3 1  590    1 
10 1 1 0 0 1 1 1  590    1 
10 1 0 0 2 1 1 1  581    0 
10 1 0 3 1 4 4 1 1221    1 
10 1 0 1 3 2 3 0 1091    0 
10 1 0 0 2 1 1 1  684    0 
10 1 0 1 3 2 2 1  608    0 
10 1 1 1 1 2 2 1  758    0 
10 1 1 2 2 3 3 1 1007    1 
10 1 1 3 3 4 4 1  638    0 
10 1 0 0 2 1 1 1  635    0 
10 1 1 1 1 2 3 0  848    1 
10 1 0 2 0 3 3 1 1011    1 
10 1 1 0 0 1 1 1  618    0 
10 1 0 3 1 4 4 1  632    0 
10 1 0 0 2 1 1 1  733    0 
10 1 1 2 2 3 3 1 1294    0 
10 1 1 1 1 2 2 1  826    0 
10 1 1 3 3 4 4 1  656    0 
10 1 1 2 2 3 3 1 1316    0 
10 1 1 2 2 3 3 1  526    1 
10 1 1 0 0 1 1 1  640    0 
10 1 0 1 3 2 2 1 1022    1 
10 1 1 1 1 2 2 1  612    0 
10 1 0 0 2 1 1 1  738    0 
10 1 0 2 0 3 3 1  652    0 
10 1 0 3 1 4 4 1  496    0 
10 1 1 0 0 1 1 1  684    0 
10 1 1 3 3 4 4 1  495    0 
10 1 1 0 0 1 1 1  650    0 
10 1 1 0 0 1 1 1  487    1 
10 1 1 0 0 1 1 1  394    0 
10 1 1 3 3 4 4 1  506    0 
10 1 0 3 1 4 4 1  676    0 
10 1 1 3 3 4 4 1  488    1 
10 1 0 3 1 4 4 1  476    1 
10 1 1 0 0 1 1 1  488    0 
10 1 0 0 2 1 1 1  827    0 
10 1 1 2 2 3 3 1  705    1 
10 1 0 1 3 2 2 1  732    0 
10 1 1 2 2 3 3 1  549    1 
10 1 0 1 3 2 2 1  462    0 
10 1 1 3 3 4 4 1  610    1 
10 1 1 2 2 3 3 1  521    1 
10 1 0 0 2 1 1 1  579    0 
10 1 1 3 3 4 4 1  523    1 
10 1 1 3 3 4 4 1  629    0 
10 1 1 2 2 3 3 1  891    1 
10 1 0 1 3 2 1 0  518    1 
10 1 0 0 2 1 1 1  614    0 
10 1 1 0 0 1 1 1  613    1 
10 1 0 2 0 3 3 1  763    1 
10 1 1 0 0 1 1 1  708    0 
10 1 0 3 1 4 4 1  567    0 
10 1 1 0 0 1 3 0  647    0 
10 1 1 2 2 3 3 1  650    1 
10 1 0 2 0 3 3 1  671    0 
10 1 0 1 3 2 2 1 1179    0 
10 1 0 2 0 3 3 1  587    0 
10 1 1 2 2 3 3 1  834    0 
10 1 0 3 1 4 4 1  567    0 
10 1 0 1 3 2 2 1  823    0 
10 1 0 1 3 2 2 1  493    0 
10 1 0 0 2 1 1 1  649    0 
10 1 1 3 3 4 4 1  597    0 
10 1 0 1 3 2 3 0  693    0 
10 1 1 2 2 3 3 1 1150    1 
10 1 0 3 1 4 4 1  671    0 
10 1 0 3 1 4 4 1  755    0 
10 1 0 3 1 4 4 1  523    0 
10 1 1 3 3 4 4 1  437    1 
10 1 0 1 3 2 2 1  563    0 
10 1 0 1 3 2 2 1  459    0 
10 1 1 0 0 1 1 1  896    1 
10 1 1 0 0 1 1 1  379    0 
10 1 1 1 1 2 2 1 1291    0 
10 1 0 0 2 1 3 0  511    1 
10 1 0 1 3 2 2 1  847    1 
10 1 0 1 3 2 2 1  805    0 
10 1 1 2 2 3 3 1 2083    1 
10 1 1 1 1 2 2 1 1087    0 
10 1 0 1 3 2 2 1  658    0 
10 1 0 3 1 4 4 1 1855    0 
10 1 0 2 0 3 3 1  715    0 
10 1 1 3 3 4 4 1  645    1 
10 1 0 0 2 1 1 1  659    1 
10 1 0 0 2 1 1 1 1199    1 
10 1 0 2 0 3 3 1  678    0 
10 1 1 1 1 2 2 1  690    0 
10 1 0 1 3 2 2 1  941    0 
10 1 0 3 1 4 4 1  575    0 
10 1 1 2 2 3 3 1  735    1 
10 1 1 1 1 2 2 1 1144    0 
10 1 0 3 1 4 4 1  841    0 
10 1 0 1 3 2 2 1 1047    1 
10 1 1 2 2 3 3 1 2908    0 
10 1 0 3 1 4 4 1 1479    0 
10 1 1 1 1 2 2 1 1179    1 
10 1 0 2 0 3 3 1 1139    1 
10 1 0 2 0 3 3 1  788    0 
10 1 0 1 3 2 2 1 1251    0 
10 1 1 2 2 3 3 1 1184    0 
10 1 1 1 1 2 2 1  951    0 
10 1 1 0 0 1 1 1  720    0 
10 1 1 0 0 1 1 1  426    0 
10 1 0 3 1 4 4 1  560    0 
10 1 1 3 3 4 4 1  433    0 
10 1 0 3 1 4 4 1  462    1 
10 1 0 2 0 3 3 1  859    0 
10 1 1 2 2 3 3 1  519    0 
10 1 0 2 0 3 3 1  537    0 
10 1 0 3 1 4 4 1  643    0 
10 1 1 0 0 1 1 1  720    0 
10 1 1 2 2 3 3 1  938    0 
10 1 1 2 2 3 3 1  507    0 
10 1 0 0 2 1 1 1  782    0 
10 1 0 0 2 1 1 1  501    1 
10 1 0 0 2 1 1 1  384    0 
10 1 0 3 1 4 4 1  671    0 
10 1 1 3 3 4 4 1  507    0 
10 1 0 3 1 4 4 1  542    0 
10 1 0 1 3 2 2 1 1199    0 
10 1 1 3 3 4 4 1  662    1 
10 1 0 1 3 2 2 1 1091    0 
10 1 0 1 3 2 2 1  574    1 
10 1 1 1 1 2 2 1  486    1 
10 1 0 1 3 2 2 1  641    0 
10 1 1 2 2 3 3 1  630    1 
10 1 1 2 2 3 3 1  524    1 
10 1 0 3 1 4 4 1  566    1 
10 1 0 0 2 1 1 1  558    1 
10 1 0 0 2 1 1 1  415    0 
10 1 0 3 1 4 4 1  397    0 
10 1 1 0 0 1 1 1  692    1 
10 1 0 0 2 1 1 1  472    0 
10 1 0 3 1 4 4 1  452    0 
10 1 1 1 1 2 3 0  520    0 
10 1 0 1 3 2 2 1  808    1 
10 1 0 3 1 4 4 1  631    1 
10 1 1 3 3 4 4 1  501    0 
10 1 1 2 2 3 3 1  816    0 
10 1 1 0 0 1 1 1  582    1 
10 1 1 3 3 4 4 1  493    0 
10 1 1 2 2 3 2 0  896    0 
10 1 0 1 3 2 2 1  674    1 
10 1 1 0 0 1 1 1  446    0 
10 1 1 0 0 1 1 1  603    0 
10 1 0 1 3 2 2 1 1194    0 
10 1 1 2 2 3 3 1  497    1 
10 1 1 0 0 1 1 1  516    0 
10 1 1 1 1 2 2 1 1022    0 
10 1 1 1 1 2 2 1  740    0 
10 1 0 0 2 1 1 1  606    1 
10 1 0 1 3 2 2 1  756    0 
10 1 1 2 2 3 3 1  981    1 
10 1 1 3 3 4 4 1  709    1 
10 1 1 0 0 1 1 1  624    0 
10 1 0 2 0 3 3 1  830    1 
10 1 1 0 0 1 1 1  340    0 
10 1 1 1 1 2 2 1 1829    1 
10 1 1 3 3 4 4 1  595    1 
10 1 1 2 2 3 3 1 1026    1 
10 1 0 0 2 1 1 1  784    0 
10 1 0 3 1 4 4 1  648    1 
10 1 0 0 2 1 1 1  557    1 
10 1 1 0 0 1 1 1  454    1 
10 1 0 1 3 2 2 1  850    0 
10 1 0 1 3 2 2 1  735    1 
10 1 1 2 2 3 3 1 1336    0 
10 1 0 2 0 3 3 1  610    0 
10 1 1 2 2 3 3 1  512    0 
10 1 1 0 0 1 1 1  499    1 
10 1 1 3 3 4 4 1  518    0 
10 1 0 1 3 2 2 1  848    0 
10 1 0 2 0 3 1 0  525    0 
10 1 1 1 1 2 2 1 1293    0 
10 1 0 1 3 2 2 1  664    1 
10 1 0 2 0 3 1 0  533    0 
10 1 1 2 2 3 3 1  852    0 
10 1 1 2 2 3 3 1 1270    1 
10 1 1 2 2 3 3 1  498    0 
10 1 1 1 1 2 2 1  709    0 
10 1 1 3 3 4 4 1  536    0 
10 1 0 3 2 4 4 1  449    1 
10 1 1 1 1 2 2 1  854    0 
10 1 1 2 2 3 3 1  714    0 
10 1 1 1 1 2 2 1  549    0 
10 1 1 1 1 2 2 1  734    1 
10 1 0 2 1 3 3 1  647    0 
10 1 1 0 0 1 1 1  548    0 
10 1 1 3 3 4 4 1  525    1 
10 1 0 1 0 2 2 1  927    0 
10 1 1 0 0 1 1 1  585    1 
10 1 1 0 0 1 1 1  408    0 
10 1 0 3 2 4 3 0  463    0 
10 1 0 0 3 1 1 1 1338    1 
10 1 1 0 0 1 1 1  379    0 
10 1 0 1 0 2 2 1  643    0 
10 1 0 0 3 1 1 1  736    0 
10 1 0 0 3 1 1 1  514    0 
10 1 1 2 2 3 3 1  564    0 
10 1 1 0 0 1 1 1  333   93 
10 1 0 1 0 2 2 1  750    0 
10 1 0 3 2 4 4 1  519    1 
10 1 0 0 3 1 1 1  529    0 
10 1 0 0 3 1 1 1  475    0 
10 1 1 2 2 3 3 1 1143    1 
10 1 0 3 2 4 4 1  448    0 
10 1 0 0 3 1 1 1  501    1 
10 1 1 3 3 4 4 1  488    1 
10 1 0 1 0 2 2 1  907    1 
10 1 1 0 0 1 1 1  534    1 
10 1 0 0 3 1 1 1  511    0 
10 1 1 2 2 3 3 1  530    1 
10 1 1 1 1 2 2 1  684    1 
10 1 0 0 3 1 1 1  639    0 
10 1 1 1 1 2 2 1  692    1 
10 1 1 0 0 1 1 1  488    0 
10 1 0 3 2 4 4 1  907    0 
10 1 1 0 0 1 1 1  446    1 
10 1 1 3 3 4 4 1  491    0 
10 1 0 2 1 3 3 1  646    0 
10 1 1 1 1 2 1 0  996    1 
10 1 0 2 1 3 3 1  793    0 
10 1 0 2 1 3 3 1  672    0 
10 1 1 3 3 4 4 1  556    0 
10 1 0 3 2 4 4 1  557    0 
10 1 1 1 1 2 2 1 1222    0 
10 1 1 0 0 1 1 1  500    0 
10 1 1 1 1 2 3 0  702    0 
10 1 0 3 2 4 4 1  551    0 
10 1 1 2 2 3 3 1  784    0 
10 1 0 2 1 3 3 1  631    1 
10 1 1 1 1 2 3 0  765    1 
10 1 0 2 1 3 3 1  683    0 
10 1 0 0 3 1 1 1  702    0 
10 1 1 0 0 1 1 1  705    0 
10 1 0 1 0 2 1 0  508    0 
10 1 0 0 3 1 1 1  652    0 
10 1 0 2 1 3 3 1  873    0 
10 1 0 3 2 4 4 1  557    1 
10 1 1 0 0 1 1 1  605    0 
10 1 1 0 0 1 1 1  412    1 
10 1 1 1 1 2 2 1  819    0 
10 1 0 2 1 3 3 1  633    0 
10 1 1 0 0 1 1 1  526    1 
10 1 0 2 1 3 2 0  776    0 
10 1 1 0 0 1 1 1  430    0 
10 1 0 3 2 4 4 1  580    0 
10 1 1 3 3 4 4 1  524    0 
10 1 1 1 1 2 2 1 1310    1 
10 1 1 0 0 1 1 1  449    0 
10 1 1 2 2 3 3 1  573    1 
10 1 1 3 3 4 4 1  493    0 
10 1 1 0 0 1 1 1  521    0 
10 1 0 2 1 3 3 1  723    0 
10 1 1 2 2 3 3 1 1093    0 
10 1 1 3 3 4 4 1  584    0 
10 1 0 2 1 3 3 1  655    0 
10 1 1 3 3 4 4 1  436    0 
10 1 1 2 2 3 3 1  657    0 
10 1 0 0 3 1 1 1  670    1 
10 1 0 2 1 3 3 1  738    0 
10 1 1 3 3 4 4 1  499    0 
10 1 0 2 1 3 3 1  814    0 
10 1 1 1 1 2 2 1 1237    0 
10 1 1 3 3 4 4 1  562    0 
10 1 0 1 0 2 3 0 1339    0 
10 1 0 3 2 4 4 1  482    1 
10 1 0 1 0 2 2 1  717    1 
10 1 0 1 0 2 2 1  647    0 
10 1 0 2 1 3 3 1  621    0 
10 1 0 3 2 4 4 1  643    0 
10 1 0 1 0 2 2 1  752    1 
10 1 1 2 2 3 3 1  857    1 
10 1 0 3 2 4 4 1  541    0 
10 1 0 2 1 3 3 1  679    0 
10 1 1 2 2 3 3 1  523    0 
10 1 0 3 2 4 4 1  485    0 
10 1 1 0 0 1 1 1  616    0 
10 1 0 3 2 4 4 1  502    1 
10 1 0 2 1 3 3 1  689    1 
10 1 0 2 1 3 3 1  540    0 
10 1 0 1 0 2 1 0  837    1 
10 1 0 1 0 2 2 1  537    0 
10 1 1 3 3 4 4 1  354    1 
10 1 0 0 3 1 1 1  787  109 
10 1 0 1 0 2 2 1  770    0 
10 1 0 1 0 2 2 1  402    0 
10 1 0 1 0 2 2 1  401    0 
10 1 0 1 0 2 2 1  407    0 
10 1 0 2 1 3 3 1  830    0 
10 1 1 1 1 2 3 0  700    0 
10 1 1 1 1 2 2 1  589    1 
10 1 0 3 2 4 4 1  580    0 
10 1 1 0 0 1 1 1  700    0 
10 1 0 1 0 2 2 1  943    0 
10 1 0 0 3 1 1 1  712    1 
10 1 1 2 2 3 3 1  595    1 
10 1 1 0 0 1 1 1  602    0 
10 1 1 3 3 4 4 1  545    1 
10 1 1 0 0 1 1 1  490    0 
10 1 1 1 1 2 2 1  829    0 
10 1 0 3 2 4 4 1  555    0 
10 1 0 0 3 1 1 1  668    1 
10 1 1 3 3 4 4 1  680    0 
10 1 1 3 3 4 4 1  524    0 
10 1 0 3 2 4 4 1  598    0 
10 1 0 1 0 2 1 0  581    0 
10 1 0 3 2 4 4 1  531    0 
10 1 0 3 2 4 4 1  445    0 
10 1 1 3 3 4 4 1  442    0 
10 1 0 0 3 1 1 1  663    0 
10 1 1 1 1 2 2 1  724    1 
10 1 0 3 2 4 4 1  494    1 
10 1 1 0 0 1 1 1  705    0 
10 1 0 2 1 3 3 1 1356    0 
10 1 0 1 0 2 2 1  749    0 
10 1 0 2 1 3 3 1  757    0 
10 1 0 2 1 3 3 1  470    0 
10 1 0 3 2 4 4 1  570    0 
10 1 0 3 2 4 4 1  850    1 
10 1 1 1 1 2 2 1  815    1 
10 1 1 1 1 2 2 1  525    1 
10 1 1 0 0 1 1 1  591    1 
10 1 1 1 1 2 2 1  615    0 
10 1 1 2 2 3 2 0  781    0 
10 1 1 1 1 2 2 1  802    0 
10 1 1 2 2 3 3 1  409    0 
10 1 1 3 3 4 4 1  472    0 
10 1 0 2 1 3 3 1  780    0 
10 1 0 1 0 2 1 0  556    0 
10 1 1 0 0 1 1 1  586    1 
10 1 1 0 0 1 1 1  674    1 
10 1 0 0 3 1 1 1  542    0 
10 1 0 1 0 2 1 0  455    0 
10 1 0 2 1 3 3 1  834    0 
10 1 0 3 2 4 4 1  583    0 
10 1 1 3 3 4 4 1  510    0 
10 1 1 2 2 3 3 1  721    1 
10 1 0 0 3 1 1 1  971    0 
10 1 1 0 0 1 1 1  515    0 
10 1 0 0 3 1 1 1  397    1 
10 1 0 0 3 1 1 1  492    0 
10 1 1 0 0 1 1 1  368    0 
10 1 0 1 0 2 2 1  976    0 
10 1 1 2 2 3 3 1  832    1 
10 1 0 3 2 4 4 1  557    1 
10 1 1 3 3 4 4 1  558    0 
10 1 1 3 3 4 4 1  438    0 
10 1 1 1 1 2 2 1  772    1 
10 1 0 2 1 3 3 1  724    0 
10 1 1 3 3 4 4 1  414    0 
10 1 1 2 2 3 3 1  828    0 
10 1 0 2 1 3 3 1  650    1 
10 1 1 0 0 1 1 1  455    1 
10 1 0 3 2 4 4 1  500    1 
10 1 0 0 3 1 1 1  622    1 
10 1 1 1 1 2 2 1  612    0 
10 1 1 1 1 2 2 1  411    0 
10 1 1 2 2 3 3 1 1178    0 
10 1 1 2 2 3 3 1  450  107 
10 1 0 1 0 2 2 1  990    0 
10 1 0 1 0 2 2 1  590    0 
10 1 1 2 2 3 3 1  653    0 
10 1 0 2 1 3 3 1  634    1 
10 1 0 0 3 1 1 1  615    0 
10 1 1 2 2 3 3 1  501    0 
10 1 1 1 1 2 3 0  632    0 
10 1 1 3 3 4 4 1  491    0 
10 1 0 3 2 4 3 0  494    1 
