17 1 1 1 1 2 2 1 2938    0 
17 1 1 2 2 3 3 1 1788    0 
17 1 1 0 0 1 1 1  883    0 
17 1 1 1 1 2 2 1  790    0 
17 1 0 0 1 1 1 1  894    1 
17 1 0 0 1 1 1 1  673    0 
17 1 0 1 2 2 2 1  925    0 
17 1 0 1 2 2 2 1  551    0 
17 1 1 2 2 3 3 1 1296    0 
17 1 0 3 0 4 1 0  651    0 
17 1 0 2 3 3 3 1  854    0 
17 1 1 0 0 1 1 1  666    0 
17 1 0 2 3 3 3 1  990    1 
17 1 1 2 2 3 3 1  638    0 
17 1 1 3 3 4 4 1  531    0 
17 1 1 3 3 4 4 1  453    0 
17 1 0 2 3 3 3 1  618    0 
17 1 0 1 2 2 1 0 1344    1 
17 1 1 0 0 1 1 1 1055    0 
17 1 1 0 0 1 1 1  492    1 
17 1 1 1 1 2 2 1  815    0 
17 1 1 2 2 3 3 1  622    0 
17 1 1 0 0 1 1 1  748    0 
17 1 0 2 3 3 4 0  637    0 
17 1 1 3 3 4 4 1  792    0 
17 1 1 3 3 4 4 1  464    0 
17 1 0 1 2 2 3 0  516    0 
17 1 1 0 0 1 1 1  796    0 
17 1 0 3 0 4 4 1  628    0 
17 1 0 1 2 2 2 1 1138    0 
17 1 1 1 1 2 2 1 1659    1 
17 1 0 3 0 4 4 1  824    0 
17 1 1 0 0 1 1 1  670    1 
17 1 1 0 0 1 1 1  354    0 
17 1 1 3 3 4 4 1  578    0 
17 1 1 0 0 1 1 1  570    0 
17 1 0 1 2 2 2 1  906    0 
17 1 0 3 0 4 1 0  605    0 
17 1 1 0 0 1 1 1  618   92 
17 1 1 3 3 4 4 1  575    0 
17 1 1 3 3 4 4 1  592    0 
17 1 1 3 3 4 4 1  479    0 
17 1 1 3 3 4 4 1  459    0 
17 1 0 2 3 3 3 1 1367    0 
17 1 1 1 1 2 2 1  831    0 
17 1 1 2 2 3 3 1  670    0 
17 1 1 1 1 2 2 1  745    0 
17 1 0 3 0 4 1 0  995    0 
17 1 0 0 1 1 1 1  936    0 
17 1 0 0 1 1 1 1  497    1 
17 1 0 1 2 2 2 1  765    0 
17 1 0 1 2 2 2 1  453    0 
17 1 1 1 1 2 2 1  650    0 
17 1 1 1 1 2 2 1  519  107 
17 1 0 2 3 3 4 0  673    1 
17 1 0 2 3 3 3 1  579   83 
17 1 0 2 3 3 3 1  379    0 
17 1 1 0 0 1 1 1  595    0 
17 1 0 2 3 3 3 1  746    1 
17 1 1 0 0 1 1 1  635    1 
17 1 0 2 3 3 3 1  513    0 
17 1 1 3 3 4 4 1  523    0 
17 1 1 2 2 3 3 1  613    0 
17 1 1 0 0 1 1 1  588    1 
17 1 1 0 0 1 1 1  427    0 
17 1 1 1 1 2 2 1  601    0 
17 1 1 0 0 1 1 1  496    0 
17 1 0 0 1 1 1 1  643    0 
17 1 0 3 0 4 4 1  729    0 
17 1 0 2 3 3 3 1  755    1 
17 1 0 1 2 2 2 1  795    1 
17 1 0 0 1 1 1 1  899    0 
17 1 1 0 0 1 1 1  429    1 
17 1 0 1 2 2 2 1  699    1 
17 1 0 2 3 3 4 0  654    0 
17 1 1 3 3 4 4 1  497    0 
17 1 1 2 2 3 3 1  444    0 
17 1 0 2 3 3 3 1  441    1 
17 1 0 2 3 3 3 1  455    0 
17 1 0 0 1 1 1 1  603    1 
17 1 1 0 0 1 1 1  314    0 
17 1 0 2 3 3 4 0  549    0 
17 1 0 3 0 4 3 0 1491    0 
17 1 0 1 2 2 2 1  885    0 
17 1 0 2 3 3 4 0  800   88 
17 1 1 1 1 2 2 1 1165    1 
17 1 0 3 0 4 1 0  837    1 
17 1 1 2 2 3 3 1  585    0 
17 1 1 1 1 2 1 0  912    1 
17 1 0 1 2 2 3 0 1321    0 
17 1 1 1 1 2 2 1  529    0 
17 1 1 3 3 4 4 1  555    0 
17 1 1 0 0 1 1 1  459    1 
17 1 0 3 0 4 4 1  680    0 
17 1 0 3 0 4 4 1  476    0 
17 1 1 2 2 3 3 1  968    0 
17 1 1 1 1 2 1 0  760   87 
17 1 0 3 0 4 4 1 1903    0 
17 1 1 0 0 1 1 1  633    0 
17 1 0 2 3 3 3 1  759    1 
17 1 1 0 0 1 3 0  863    0 
17 1 1 0 0 1 1 1  450    0 
17 1 0 3 0 4 2 0  519    1 
17 1 1 0 0 1 4 0  511    0 
17 1 0 1 2 2 2 1  895    0 
17 1 0 3 0 4 4 1  667    0 
17 1 0 0 1 1 1 1  655    0 
17 1 1 0 0 1 1 1  611    0 
17 1 0 3 0 4 4 1 1530    0 
17 1 0 2 3 3 3 1  916    1 
17 1 1 0 0 1 1 1  774    0 
17 1 0 2 3 3 3 1  894    0 
17 1 0 1 2 2 2 1  841    0 
17 1 1 2 2 3 3 1 1022    1 
17 1 1 0 0 1 1 1  484    1 
17 1 1 2 2 3 3 1  688    0 
17 1 0 3 0 4 4 1  795    0 
17 1 0 0 1 1 2 0  651    0 
17 1 0 3 0 4 4 1  821    0 
17 1 0 2 3 3 3 1  747    0 
17 1 0 3 0 4 1 0  797    0 
17 1 0 1 2 2 2 1 1546    0 
17 1 0 0 1 1 1 1  635    0 
17 1 0 1 2 2 2 1  552    1 
17 1 1 0 0 1 1 1  441    0 
17 1 0 1 2 2 2 1  622    0 
17 1 1 2 2 3 3 1  604    0 
17 1 0 0 1 1 1 1 1491    0 
17 1 0 3 0 4 4 1 1750    0 
17 1 0 1 2 2 2 1 1087    0 
17 1 0 1 2 2 4 0  594    0 
17 1 0 1 2 2 3 0  464    1 
17 1 0 1 2 2 2 1  642    0 
17 1 1 2 2 3 3 1 1471    0 
17 1 1 3 3 4 4 1  739    0 
17 1 1 1 1 2 2 1  660  103 
17 1 0 2 3 3 3 1 1825    0 
17 1 1 2 2 3 3 1  383    1 
17 1 0 0 1 1 1 1  678    1 
17 1 0 2 3 3 3 1  682    0 
17 1 1 0 0 1 1 1  622    1 
17 1 1 0 0 1 1 1  444    0 
17 1 0 2 3 3 3 1  809    1 
17 1 0 1 2 2 3 0  912    0 
17 1 0 3 0 4 4 1  744    0 
17 1 0 1 2 2 3 0  650    0 
17 1 1 1 1 2 1 0  804    1 
17 1 1 1 1 2 3 0  689    0 
17 1 1 3 3 4 4 1  994    0 
17 1 1 0 0 1 1 1  898    0 
17 1 0 3 0 4 4 1  669    0 
17 1 0 3 0 4 4 1  377    1 
17 1 0 2 3 3 1 0  865    1 
17 1 0 1 2 2 3 0  627    0 
17 1 1 0 0 1 1 1  615    0 
17 1 1 0 0 1 1 1  549    0 
17 1 0 1 2 2 3 0  990    0 
17 1 0 3 0 4 4 1  819    0 
17 1 0 1 2 2 2 1  881    0 
17 1 0 1 2 2 2 1  421    0 
17 1 1 3 3 4 4 1  771    0 
17 1 1 3 3 4 4 1  563    0 
17 1 0 2 3 3 1 0  732    0 
17 1 0 3 0 4 4 1  763    0 
17 1 1 1 1 2 2 1  868    0 
17 1 1 2 2 3 4 0  880    0 
17 1 1 2 2 3 3 1  746    0 
17 1 0 1 2 2 1 0  763    1 
17 1 1 2 2 3 3 1  770    1 
17 1 1 3 3 4 4 1  946    0 
17 1 0 2 3 3 3 1  707    0 
17 1 0 3 0 4 4 1  766    0 
17 1 1 0 0 1 2 0 1014    1 
17 1 1 3 3 4 4 1  754    0 
17 1 1 0 0 1 1 1  619    1 
17 1 1 3 3 4 4 1  529    1 
17 1 1 2 2 3 3 1  699    0 
17 1 0 2 3 3 3 1  470    1 
17 1 1 3 3 4 4 1  594    0 
17 1 0 0 1 1 1 1  881    0 
17 1 0 3 0 4 2 0  605    0 
17 1 1 2 2 3 3 1  562    1 
17 1 0 1 2 2 2 1  786    0 
17 1 0 2 3 3 4 0  946    1 
17 1 1 3 3 4 1 0  785    0 
17 1 1 1 1 2 2 1  702    0 
17 1 1 2 2 3 3 1  737    0 
17 1 0 0 1 1 1 1  866    0 
17 1 1 3 3 4 4 1  614    0 
17 1 1 0 0 1 1 1  405    0 
17 1 1 3 3 4 4 1  475    0 
17 1 1 1 1 2 2 1  807    0 
17 1 1 3 3 4 4 1 1461    1 
17 1 0 3 0 4 4 1  634    0 
17 1 1 3 3 4 4 1  439    1 
17 1 1 3 3 4 4 1  548    0 
17 1 0 1 2 2 2 1 1765    0 
17 1 1 0 0 1 1 1  693    1 
17 1 1 3 3 4 4 1  569    1 
17 1 1 1 1 2 2 1  633    0 
17 1 1 0 0 1 1 1  542    0 
17 1 1 0 0 1 1 1  367    0 
17 1 1 0 0 1 1 1  399    0 
17 1 1 1 1 2 2 1  494    0 
17 1 1 1 1 2 2 1  441    1 
17 1 1 3 3 4 2 0  287    0 
17 1 1 1 1 2 2 1  384    0 
17 1 1 1 1 2 2 1  391    0 
17 1 1 2 2 3 3 1  895    0 
17 1 1 1 1 2 2 1  450    0 
17 1 1 2 2 3 3 1  423    0 
17 1 0 2 3 3 3 1  501    0 
17 1 1 3 3 4 4 1  559    0 
17 1 0 2 3 3 3 1  656    1 
17 1 1 2 2 3 3 1  549    0 
17 1 1 2 2 3 3 1  389    0 
17 1 0 0 1 1 2 0  645    0 
17 1 1 3 3 4 4 1  680    0 
17 1 1 3 3 4 4 1  412    1 
17 1 0 1 2 2 3 0  667    0 
17 1 1 2 2 3 3 1  781    1 
17 1 0 0 1 1 2 0  885    0 
17 1 0 2 3 3 4 0  774    0 
17 1 1 2 2 3 3 1  588    1 
17 1 0 3 0 4 4 1  819    0 
17 1 0 2 3 3 2 0  681    0 
17 1 0 2 3 3 4 0  563    0 
17 1 0 3 0 4 1 0  769    0 
17 1 0 0 1 1 2 0  751    1 
17 1 0 3 0 4 4 1  934    1 
17 1 0 3 0 4 4 1  343    1 
17 1 0 2 3 3 3 1  881    1 
17 1 0 3 0 4 3 0  693    0 
17 1 0 2 3 3 4 0  510    0 
17 1 0 0 1 1 1 1  775    1 
17 1 1 1 1 2 3 0  783    1 
17 1 1 3 3 4 3 0  932    1 
17 1 0 2 3 3 4 0  715    1 
17 1 0 1 2 2 3 0  939    0 
17 1 1 1 1 2 1 0  747    0 
17 1 0 3 0 4 2 0  738    1 
17 1 1 2 2 3 3 1  569    0 
17 1 0 0 1 1 1 1  817    1 
17 1 0 0 1 1 1 1  439    1 
17 1 1 3 3 4 4 1  429    1 
17 1 0 0 1 1 1 1  531    0 
17 1 1 3 3 4 4 1  429    0 
17 1 0 1 2 2 3 0  571    0 
17 1 0 0 1 1 1 1  593    0 
17 1 1 1 1 2 2 1  488    0 
17 1 0 0 1 1 1 1  459    1 
17 1 0 3 0 4 3 0  632    0 
17 1 1 3 3 4 4 1  419    1 
17 1 0 2 3 3 1 0  657  102 
17 1 0 2 3 3 2 0  596    0 
17 1 1 1 1 2 1 0  761    0 
17 1 1 3 3 4 4 1  584    0 
17 1 0 0 1 1 1 1  519    1 
17 1 1 2 2 3 3 1  617    0 
17 1 0 3 0 4 4 1  519    1 
17 1 0 2 3 3 3 1  785    0 
17 1 0 1 2 2 2 1  577    0 
17 1 1 0 0 1 1 1  528    1 
17 1 0 1 2 2 2 1  907    1 
17 1 0 2 3 3 2 0 1021    0 
17 1 0 1 2 2 2 1  857    1 
17 1 1 1 1 2 2 1    0    0 
17 1 0 1 2 2 2 1  196    1 
17 1 1 1 1 2 2 1  484    0 
17 1 1 0 0 1 1 1  527    0 
17 1 0 0 1 1 2 0  457    0 
17 1 0 2 3 3 3 1 1268    1 
17 1 0 1 2 2 3 0  456    1 
17 1 1 1 1 2 4 0 1146    0 
17 1 1 1 1 2 2 1  650    1 
17 1 0 3 0 4 1 0  558  111 
17 1 1 1 1 2 4 0  573    0 
17 1 0 2 3 3 4 0  867  106 
17 1 1 2 2 3 1 0  365    0 
17 1 1 2 2 3 3 1  427    0 
17 1 0 3 0 4 1 0  873    0 
17 1 0 3 0 4 4 1  363    0 
17 1 1 1 1 2 2 1 1108    1 
17 1 0 3 0 4 1 0  606    1 
17 1 0 0 1 1 1 1  675    1 
17 1 0 1 2 2 3 0 1447    0 
17 1 1 0 0 1 1 1  658    0 
17 1 0 3 0 4 4 1  646    0 
17 1 1 0 0 1 1 1  636    0 
17 1 0 0 1 1 1 1  553    1 
17 1 0 0 1 1 1 1  418    0 
17 1 1 2 2 3 3 1  568    0 
17 1 0 0 1 1 1 1  640    1 
17 1 1 3 3 4 4 1  589    0 
17 1 0 0 1 1 1 1  740    0 
17 1 1 3 3 4 4 1  526    0 
17 1 0 2 3 3 2 0  872    0 
17 1 0 0 1 1 1 1  586    0 
17 1 0 0 1 1 1 1  441    1 
17 1 1 0 0 1 1 1  446    0 
17 1 1 0 0 1 1 1  396    0 
17 1 1 2 2 3 3 1  595    1 
17 1 0 1 2 2 2 1 1370    1 
17 1 0 0 1 1 1 1  882    0 
17 1 0 0 1 1 1 1  390  106 
17 1 0 3 0 4 4 1  669    0 
17 1 1 2 2 3 3 1  817  101 
17 1 0 3 0 4 4 1  695    0 
17 1 1 2 2 3 3 1  586    1 
17 1 1 0 0 1 1 1  698    0 
17 1 1 0 0 1 1 1  365    0 
17 1 1 3 3 4 4 1  525    0 
17 1 1 2 2 3 3 1  487    0 
17 1 1 3 3 4 4 1  698    1 
17 1 1 2 2 3 3 1  525    0 
17 1 0 0 1 1 1 1  967    0 
17 1 0 0 1 1 1 1  495    0 
17 1 0 3 0 4 2 0  698    1 
17 1 0 3 0 4 2 0 1011    1 
17 1 0 1 2 2 2 1  928    1 
17 1 0 1 2 2 2 1  418    0 
17 1 1 3 3 4 2 0  224    0 
17 1 1 1 1 2 1 0  188    0 
17 1 0 1 2 2 3 0  865    1 
17 1 0 2 3 3 3 1  723    1 
17 1 0 2 3 3 3 1  421    1 
17 1 1 3 3 4 4 1  651    1 
17 1 1 1 1 2 2 1  640    0 
17 1 1 3 3 4 3 0  485    0 
17 1 0 1 2 2 3 0  678    1 
17 1 1 0 0 1 1 1  616    0 
17 1 0 0 1 1 1 1  454    1 
17 1 0 0 1 1 1 1  355    1 
17 1 1 0 0 1 1 1  324    0 
17 1 0 3 0 4 4 1  645   82 
17 1 0 1 2 2 3 0  827    0 
17 1 1 0 0 1 1 1  695    1 
17 1 0 1 2 2 3 0  882    0 
17 1 1 0 0 1 1 1  628    0 
17 1 1 1 1 2 2 1  633    0 
17 1 0 2 3 3 4 0  791    1 
17 1 1 0 0 1 1 1  596    1 
17 1 1 1 1 2 2 1  619    0 
17 1 1 2 2 3 3 1  577    1 
17 1 1 3 3 4 4 1  617  107 
17 1 0 1 2 2 3 0  551    1 
17 1 1 3 3 4 4 1  718    0 
17 1 0 0 1 1 2 0  568    0 
17 1 1 2 2 3 3 1  486  115 
17 1 1 1 1 2 1 0  433    0 
17 1 1 2 2 3 3 1  549    0 
17 1 0 3 0 4 1 0  517    0 
17 1 1 2 2 3 4 0  325    0 
17 1 0 3 0 4 2 0  597    0 
17 1 0 1 2 2 3 0  394    0 
17 1 0 2 3 3 4 0  687    0 
17 1 1 2 2 3 3 1  681    1 
17 1 1 2 2 3 3 1  389    0 
17 1 0 2 3 3 3 1  508    1 
17 1 1 0 0 1 1 1  615    0 
17 1 1 1 1 2 2 1  557    0 
17 1 0 2 3 3 4 0  774    1 
17 1 1 1 1 2 3 0  284    0 
17 1 0 3 0 4 1 0  461    0 
17 1 0 2 3 3 4 0  544    1 
17 1 1 1 1 2 2 1  735    0 
17 1 0 1 2 2 2 1  601    0 
17 1 0 0 1 1 3 0  847    0 
17 1 1 3 3 4 4 1  666    0 
17 1 0 0 1 1 2 0  822    0 
17 1 1 1 1 2 1 0  498    1 
17 1 1 0 0 1 1 1  539    1 
17 1 0 3 0 4 4 1  740    0 
17 1 0 1 2 2 3 0  701  101 
17 1 1 2 2 3 2 0  702  110 
17 1 1 1 1 2 4 0  223    0 
17 1 0 3 0 4 1 0  187    0 
17 1 0 0 1 1 4 0  128    0 
17 1 1 1 1 2 3 0  376    1 
17 1 1 0 0 1 2 0  350    0 
17 1 1 2 2 3 1 0  421    0 
17 1 1 2 2 3 4 0  121    0 
17 1 0 2 3 3 3 1  273    1 
17 1 1 3 3 4 2 0  501    1 
