6 1 0 1 3 2 2 1 2595    1 
6 1 1 2 2 3 3 1 1282    1 
6 1 0 1 3 2 2 1  998    0 
6 1 0 2 0 3 3 1 1005    1 
6 1 1 0 0 1 1 1  980    0 
6 1 0 0 2 1 1 1  700    0 
6 1 1 0 0 1 1 1  518    1 
6 1 1 2 2 3 3 1  864    0 
6 1 0 2 0 3 3 1  797    1 
6 1 1 2 2 3 3 1  580    0 
6 1 0 1 3 2 2 1  900    0 
6 1 1 3 3 4 4 1 1103    0 
6 1 1 1 1 2 2 1  978    0 
6 1 0 3 1 4 4 1  978    0 
6 1 1 0 0 1 1 1  906    0 
6 1 1 1 1 2 2 1 2140    0 
6 1 0 0 2 1 1 1  886    0 
6 1 1 1 1 2 2 1 1057    1 
6 1 0 3 1 4 4 1  926  115 
6 1 1 0 0 1 1 1  928    0 
6 1 1 0 0 1 1 1  602    1 
6 1 0 0 2 1 1 1  672    0 
6 1 0 2 0 3 3 1  828    0 
6 1 1 1 1 2 2 1  850    0 
6 1 0 3 1 4 4 1  751    1 
6 1 0 2 0 3 3 1  792    1 
6 1 1 2 2 3 3 1  631    0 
6 1 1 0 0 1 1 1  541    0 
6 1 1 2 2 3 3 1  646    0 
6 1 1 0 0 1 1 1  596    1 
6 1 1 2 2 3 3 1  491    0 
6 1 1 0 0 1 1 1  526    1 
6 1 0 3 1 4 4 1  832    0 
6 1 1 0 0 1 1 1  686    0 
6 1 1 0 0 1 1 1  553    1 
6 1 0 3 1 4 4 1  986    0 
6 1 1 1 1 2 2 1 1001    0 
6 1 0 1 3 2 2 1  904    0 
6 1 0 0 2 1 1 1 1026    0 
6 1 0 1 3 2 2 1 1984    0 
6 1 0 3 1 4 4 1  736    0 
6 1 0 2 0 3 3 1  873    0 
6 1 0 2 0 3 3 1  533    0 
6 1 0 3 1 4 4 1  718    0 
6 1 1 1 1 2 2 1  848    0 
6 1 1 0 0 1 1 1  741    1 
6 1 0 3 1 4 2 0  814    0 
6 1 1 3 3 4 4 1  786    0 
6 1 0 1 3 2 2 1 1898    0 
6 1 0 0 2 1 1 1  933    0 
6 1 0 1 3 2 2 1 1350    1 
6 1 1 1 1 2 2 1  839    0 
6 1 1 2 2 3 3 1  876    0 
6 1 0 2 0 3 3 1  712    0 
6 1 0 2 0 3 3 1  491    0 
6 1 1 1 1 2 2 1 1670    1 
6 1 0 3 1 4 4 1  698    0 
6 1 1 2 2 3 3 1  790    0 
6 1 0 3 1 4 4 1  925    0 
6 1 1 1 1 2 2 1 1503    1 
6 1 1 3 3 4 4 1  882    0 
6 1 0 3 1 4 4 1 1638    1 
6 1 1 0 0 1 1 1  811    1 
6 1 1 2 2 3 3 1  721    1 
6 1 1 0 0 1 1 1 1363    0 
6 1 1 0 0 1 1 1  492    0 
6 1 1 3 3 4 4 1  759    0 
6 1 1 3 3 4 4 1  616    1 
6 1 0 0 2 1 1 1  966    0 
6 1 0 0 2 1 1 1  590    0 
6 1 1 1 1 2 2 1 1157    0 
6 1 0 2 0 3 3 1  822    1 
6 1 1 0 0 1 1 1  756    1 
6 1 0 3 1 4 4 1  845    0 
6 1 0 1 3 2 2 1  930    0 
6 1 0 3 1 4 4 1  876    1 
6 1 1 2 2 3 3 1  816    0 
6 1 1 0 0 1 1 1  750    1 
6 1 1 2 2 3 3 1 1943    0 
6 1 0 2 0 3 3 1  672    0 
6 1 0 2 0 3 3 1  644    0 
6 1 0 3 1 4 4 1  753    1 
6 1 1 0 0 1 1 1  946    1 
6 1 0 3 1 4 4 1  803    0 
6 1 0 1 3 2 2 1 1946    0 
6 1 1 3 3 4 4 1  803  117 
6 1 1 3 3 4 4 1  978    0 
6 1 1 2 2 3 3 1  770    0 
6 1 0 3 1 4 4 1  658    0 
6 1 1 3 3 4 4 1  671    0 
6 1 0 3 1 4 4 1  523    0 
6 1 0 1 3 2 2 1  949    0 
6 1 0 3 1 4 4 1  669    1 
6 1 1 3 3 4 4 1  729    0 
6 1 1 3 3 4 4 1  987    0 
6 1 1 1 1 2 2 1 1123    0 
6 1 0 2 0 3 3 1  885    1 
6 1 1 0 0 1 1 1  768    0 
6 1 0 0 2 1 1 1  720    1 
6 1 0 3 1 4 4 1  770    0 
6 1 1 0 0 1 1 1  842    1 
6 1 0 1 3 2 2 1  959    0 
6 1 0 3 1 4 4 1  696   97 
6 1 0 0 2 1 1 1  723    0 
6 1 1 0 0 1 1 1  805    1 
6 1 0 3 1 4 4 1  668    0 
6 1 1 1 1 2 2 1 1232    1 
6 1 0 2 0 3 3 1  781    0 
6 1 1 0 0 1 1 1 1005    1 
6 1 1 1 1 2 2 1 1188    1 
6 1 0 0 2 1 1 1  763    0 
6 1 1 1 1 2 2 1  724    0 
6 1 1 2 2 3 3 1  806    1 
6 1 0 2 0 3 3 1  605    0 
6 1 1 1 1 2 2 1  707    0 
6 1 0 2 0 3 3 1  670    1 
6 1 1 2 2 3 3 1  634    0 
6 1 0 2 0 3 3 1  767    1 
6 1 1 0 0 1 1 1  895    1 
6 1 1 0 0 1 1 1  723    0 
6 1 1 1 1 2 2 1  925    0 
6 1 0 2 0 3 3 1  663    0 
6 1 1 3 3 4 4 1  867    1 
6 1 0 3 1 4 4 1  831    0 
6 1 0 2 0 3 3 1  741    1 
6 1 1 3 3 4 4 1  623    0 
6 1 0 0 2 1 1 1  973    0 
6 1 0 1 3 2 2 1  845    0 
6 1 0 0 2 1 1 1 1106  107 
6 1 0 0 2 1 1 1  740    0 
6 1 1 3 3 4 4 1  726    0 
6 1 0 3 1 4 4 1  656    0 
6 1 1 2 2 3 3 1  821    0 
6 1 0 2 0 3 3 1  755    1 
6 1 1 1 1 2 2 1  907    0 
6 1 0 3 1 4 4 1  710    0 
6 1 1 3 3 4 4 1  737    0 
6 1 0 1 3 2 2 1  786    1 
6 1 1 1 1 2 2 1  673    0 
6 1 1 2 2 3 3 1  789    1 
6 1 1 3 3 4 4 1  628    1 
6 1 1 0 0 1 1 1  770    0 
6 1 0 0 2 1 1 1  626    0 
6 1 0 0 2 1 1 1  616    0 
6 1 1 0 0 1 1 1  646    1 
6 1 1 2 2 3 3 1  780    1 
6 1 0 0 2 1 1 1  812    0 
6 1 0 3 1 4 4 1  786    1 
6 1 0 3 1 4 4 1  650    0 
6 1 1 3 3 4 4 1  758    1 
6 1 0 1 3 2 2 1  895    0 
6 1 1 3 3 4 4 1 1282    0 
6 1 0 1 3 2 2 1 1078    0 
6 1 0 1 3 2 2 1  706    0 
6 1 1 2 2 3 3 1  788    1 
6 1 1 2 2 3 3 1  572    0 
6 1 0 2 0 3 3 1  804    1 
6 1 0 2 0 3 3 1  482    1 
6 1 1 1 1 2 2 1  678   97 
6 1 0 2 0 3 3 1  738    0 
6 1 0 1 3 2 2 1  651    0 
6 1 1 2 2 3 3 1  520    0 
6 1 0 2 0 3 3 1  586    0 
6 1 1 3 3 4 4 1  737    1 
6 1 1 0 0 1 1 1  762    0 
6 1 0 1 3 2 2 1 1907    1 
6 1 1 1 1 2 2 1  718    1 
6 1 0 1 3 2 2 1  704    1 
6 1 1 2 2 3 3 1 1642    0 
6 1 0 2 0 3 3 1  592    1 
6 1 0 0 2 1 1 1  839    0 
6 1 1 0 0 1 1 1  644    0 
6 1 1 1 1 2 2 1  938    0 
6 1 0 1 3 2 2 1  699    0 
6 1 0 0 2 1 1 1  910  158 
6 1 1 3 3 4 4 1  736    0 
6 1 0 0 2 1 1 1  722    0 
6 1 1 1 1 2 2 1 1068    0 
6 1 1 1 1 2 2 1  640    1 
6 1 0 2 0 3 3 1  733    1 
6 1 1 2 2 3 3 1  614    1 
6 1 0 3 1 4 4 1  653    1 
6 1 0 1 3 2 2 1  874    0 
6 1 1 3 3 4 4 1  670    1 
6 1 0 1 3 2 2 1  730    0 
6 1 1 1 1 2 2 1  748    0 
6 1 1 1 1 2 2 1  597    1 
6 1 1 3 3 4 4 1  676    0 
6 1 0 1 3 2 2 1  712    0 
6 1 0 0 2 1 1 1  731    1 
6 1 0 0 2 1 1 1  741    0 
6 1 1 2 2 3 3 1  694    0 
6 1 1 3 3 4 4 1 3163    0 
6 1 0 2 0 3 3 1 1308    0 
6 1 0 1 3 2 2 1 1382    0 
6 1 1 1 1 2 2 1  710    1 
6 1 0 0 2 1 1 1  768    0 
6 1 1 3 3 4 4 1  672    0 
6 1 1 2 2 3 3 1 1068    1 
6 1 1 1 1 2 2 1 1680    0 
6 1 1 2 2 3 3 1  732    0 
6 1 1 2 2 3 3 1  605    1 
6 1 1 0 0 1 1 1 2116    1 
6 1 1 1 1 2 2 1  878    0 
6 1 0 3 1 4 4 1  698    1 
6 1 0 2 0 3 3 1 2189    1 
6 1 0 3 1 4 4 1 1909    1 
6 1 1 1 1 2 2 1  768    0 
6 1 0 0 2 1 1 1 1551    0 
6 1 0 1 3 2 2 1 1440    0 
6 1 1 3 3 4 4 1  765    1 
6 1 0 0 2 1 1 1  685    0 
6 1 1 1 1 2 2 1  817    0 
6 1 1 3 3 4 4 1  687    1 
6 1 1 1 1 2 2 1  818    0 
6 1 0 0 2 1 1 1  960    0 
6 1 1 3 3 4 4 1  873    1 
6 1 0 2 0 3 3 1  869    0 
6 1 0 0 2 1 1 1 1625    0 
6 1 0 2 0 3 3 1 2191    0 
6 1 1 3 3 4 4 1  622    0 
6 1 1 0 0 1 1 1 1028    1 
6 1 0 3 1 4 4 1  682    1 
6 1 0 3 1 4 4 1  621    1 
6 1 0 2 0 3 3 1  875    1 
6 1 1 3 3 4 4 1  663    1 
6 1 0 0 2 1 1 1  748    1 
6 1 0 1 3 2 2 1  901    0 
6 1 0 3 1 4 4 1  696    0 
6 1 0 0 2 1 1 1  811    0 
6 1 0 1 3 2 2 1  786    1 
6 1 1 0 0 1 1 1  809    1 
6 1 0 1 3 2 2 1  632    0 
6 1 1 2 2 3 3 1  813    1 
6 1 0 1 3 2 2 1  844    0 
6 1 0 2 0 3 3 1  809    0 
6 1 0 2 0 3 3 1  624    0 
6 1 0 0 2 1 1 1  686    1 
6 1 0 1 3 2 2 1  825    1 
6 1 0 0 2 1 1 1  831    0 
6 1 1 0 0 1 1 1  629    1 
6 1 0 2 0 3 3 1  755    0 
6 1 0 0 2 1 1 1  796    1 
6 1 1 1 1 2 2 1  755    0 
6 1 1 1 1 2 2 1  668    1 
6 1 0 1 3 2 2 1  624    0 
6 1 1 3 3 4 4 1  678    0 
6 1 1 2 2 3 3 1  626    0 
6 1 1 0 0 1 1 1  696    1 
6 1 1 3 3 4 4 1  763    0 
6 1 1 3 3 4 4 1  668    1 
6 1 1 0 0 1 1 1  776    0 
6 1 0 3 1 4 4 1 1056    0 
6 1 1 1 1 2 2 1 1317    1 
6 1 0 2 0 3 3 1  823    0 
6 1 1 1 1 2 2 1  957    0 
6 1 1 2 2 3 3 1  621    1 
6 1 0 2 0 3 3 1  699    1 
6 1 0 0 2 1 1 1 1006    0 
6 1 1 1 1 2 2 1  749    0 
6 1 0 1 3 2 2 1  741    0 
6 1 1 1 1 2 2 1  727    1 
6 1 0 3 1 4 4 1 1889    0 
6 1 0 0 2 1 1 1  628    0 
6 1 1 2 2 3 3 1  882    0 
6 1 1 3 3 4 4 1  709    0 
6 1 0 1 3 2 2 1  992    0 
6 1 1 2 2 3 3 1  719    0 
6 1 0 3 1 4 4 1 1009    0 
6 1 0 2 0 3 3 1 1024    0 
6 1 0 3 1 4 4 1  790    0 
6 1 0 0 2 1 1 1  701    0 
6 1 1 1 1 2 2 1  568    0 
6 1 0 2 0 3 1 0  672    0 
6 1 1 0 0 1 1 1  874    1 
6 1 0 1 3 2 2 1 1166    0 
6 1 0 1 3 2 2 1  766    0 
6 1 0 0 2 1 1 1  750  121 
6 1 1 0 0 1 1 1  678    1 
6 1 0 2 0 3 3 1  786    0 
6 1 1 2 2 3 3 1  554    0 
6 1 1 0 0 1 1 1  658    1 
6 1 0 3 1 4 4 1 1079    0 
6 1 1 0 0 1 1 1 1387    0 
6 1 0 2 0 3 3 1  794    0 
6 1 1 1 1 2 2 1  818    0 
6 1 1 2 2 3 3 1 1400    1 
6 1 1 0 0 1 1 1  686    0 
6 1 1 3 3 4 4 1  746    1 
6 1 0 1 3 2 2 1  915    1 
6 1 1 0 0 1 1 1 1293    0 
6 1 1 2 2 3 3 1  792    0 
6 1 1 2 2 3 3 1  608    1 
6 1 0 1 3 2 2 1  990    0 
6 1 0 2 0 3 3 1 1038    0 
6 1 1 3 3 4 4 1 1363    0 
6 1 0 3 1 4 4 1  708    0 
6 1 0 1 3 2 2 1  934    1 
6 1 0 0 2 1 1 1  848    1 
6 1 1 3 3 4 4 1 1925    1 
6 1 1 3 3 4 4 1  607    0 
6 1 1 1 1 2 2 1  854    0 
6 1 0 2 0 3 3 1  634    0 
6 1 0 1 3 2 2 1 1168    0 
6 1 1 3 3 4 4 1  760    1 
6 1 1 2 2 3 3 1  744    0 
6 1 0 3 1 4 4 1  698    0 
6 1 1 1 1 2 2 1  997    0 
6 1 1 2 2 3 3 1  676    0 
6 1 0 3 1 4 4 1  856    0 
6 1 0 1 3 2 2 1 1613    1 
6 1 1 3 3 4 4 1  636    0 
6 1 1 0 0 1 1 1  697    0 
6 1 1 2 2 3 3 1  652    0 
6 1 1 2 2 3 3 1  585    0 
6 1 0 0 2 1 1 1  664  120 
6 1 0 0 2 1 1 1  557    0 
6 1 0 1 3 2 2 1  862    0 
6 1 1 3 3 4 4 1  682    0 
6 1 1 2 2 3 3 1  766    0 
6 1 1 1 1 2 2 1  854  106 
6 1 1 3 3 4 4 1  634    0 
6 1 0 2 0 3 3 1  808    1 
6 1 0 3 1 4 4 1  950    1 
6 1 0 0 2 1 1 1  999    1 
6 1 0 2 0 3 3 1 2062    1 
6 1 0 2 0 3 3 1  490    4 
6 1 1 1 1 2 2 1  686    0 
6 1 1 3 3 4 4 1  465    0 
6 1 1 1 1 2 2 1  718    1 
6 1 0 1 3 2 2 1  784    0 
6 1 1 0 0 1 1 1  711    0 
6 1 1 1 1 2 2 1  777    0 
6 1 0 1 3 2 2 1  722    1 
6 1 0 0 2 1 1 1 3435    1 
6 1 1 2 2 3 3 1  657    1 
6 1 0 2 0 3 3 1  790    0 
6 1 0 0 2 1 1 1  693    1 
6 1 1 3 3 4 4 1  624    0 
6 1 0 2 0 3 3 1  846    0 
6 1 0 3 1 4 4 1  708    0 
6 1 1 2 2 3 3 1  462    1 
6 1 0 1 3 2 2 1  739    0 
6 1 1 3 3 4 4 1  644    0 
6 1 0 1 3 2 4 0  993    0 
6 1 1 3 3 4 4 1  959    0 
6 1 0 0 2 1 1 1  799    0 
6 1 1 0 0 1 1 1  542    1 
6 1 0 2 0 3 3 1  791    0 
6 1 1 0 0 1 1 1  655    1 
6 1 0 3 1 4 4 1 1059  112 
6 1 1 3 3 4 4 1  776    0 
6 1 0 2 0 3 3 1 1368    1 
6 1 0 0 2 1 1 1  968    1 
6 1 1 2 2 3 3 1  920    0 
6 1 0 1 3 2 2 1  890    1 
6 1 0 0 2 1 1 1 1133    0 
6 1 1 0 0 1 1 1  783    0 
6 1 1 2 2 3 3 1  774    1 
6 1 0 3 1 4 4 1  926    0 
6 1 1 1 1 2 2 1 1504    0 
6 1 1 0 0 1 1 1  683    0 
6 1 0 0 2 1 1 1  574    0 
6 1 0 2 0 3 3 1  830    1 
6 1 0 2 0 3 3 1  612    1 
6 1 1 1 1 2 2 1  883    0 
6 1 0 3 1 4 4 1  790    1 
6 1 1 2 2 3 3 1  637    1 
6 1 1 1 1 2 2 1  979    1 
6 1 1 3 3 4 4 1  579    0 
6 1 0 3 1 4 4 1  627    1 
6 1 1 3 3 4 4 1  521    0 
6 1 0 0 2 1 1 1  651    1 
6 1 1 0 0 1 1 1  599    0 
6 1 1 1 1 2 2 1 1334    0 
6 1 1 0 0 1 1 1  671    1 
6 1 0 0 2 1 1 1  651    1 
6 1 1 3 3 4 4 1  704    0 
6 1 1 3 3 4 4 1  475    0 
6 1 0 0 2 1 1 1  631    1 
6 1 0 2 0 3 3 1 1405    0 
6 1 1 0 0 1 1 1  691    0 
6 1 1 3 3 4 4 1  823    1 
6 1 0 1 3 2 2 1  805    1 
