1 1 1 3 3 4 4 1 2182    1 
1 1 1 2 2 3 3 1 1461    1 
1 1 1 2 2 3 3 1  906    1 
1 1 0 2 3 3 3 1 1341    1 
1 1 0 0 1 1 1 1 1215    1 
1 1 0 2 3 3 3 1 1077    1 
1 1 1 1 1 2 2 1 1474    1 
1 1 0 3 0 4 4 1 1518    1 
1 1 0 2 3 3 3 1 1336    1 
1 1 0 0 1 1 1 1 1186    1 
1 1 1 3 3 4 4 1 1881    1 
1 1 1 3 3 4 4 1  805    0 
1 1 0 1 2 2 2 1 1612    1 
1 1 1 2 2 3 3 1 2147    1 
1 1 1 2 2 3 3 1  877    1 
1 1 0 3 0 4 4 1 1737    1 
1 1 0 1 2 2 3 0 1450    1 
1 1 1 0 0 1 1 1 1189    1 
1 1 1 3 3 4 4 1 1213    0 
1 1 1 2 2 3 3 1 1348    1 
1 1 1 0 0 1 1 1 1405    1 
1 1 0 1 2 2 3 0 1444    1 
1 1 1 1 1 2 2 1 2688    1 
1 1 1 2 2 3 3 1 1331    1 
1 1 1 2 2 3 3 1 1085    1 
1 1 1 3 3 4 4 1 1897    1 
1 1 0 1 2 2 2 1 2428    1 
1 1 1 2 2 3 3 1 2691    1 
1 1 0 3 0 4 4 1 1414    1 
1 1 0 3 0 4 4 1 1197    1 
1 1 0 3 0 4 4 1  733    1 
1 1 0 3 0 4 4 1  550    1 
1 1 0 2 3 3 3 1 2135    1 
1 1 1 3 3 4 4 1 1233    1 
1 1 1 0 0 1 1 1 1054    0 
1 1 0 1 2 2 2 1 3195    1 
1 1 0 1 2 2 2 1  707    1 
1 1 0 3 0 4 4 1 1445    1 
1 1 0 2 3 3 3 1 2707    1 
1 1 0 0 1 1 1 1 1054    1 
1 1 0 0 1 1 1 1  587    1 
1 1 1 1 1 2 2 1 1634    1 
1 1 0 3 0 4 4 1 1384    1 
1 1 1 0 0 1 1 1 1183   48 
1 1 0 0 1 1 1 1 1191    0 
1 1 0 0 1 1 1 1  558    1 
1 1 0 3 0 4 4 1 1183    1 
1 1 0 3 0 4 4 1  511   36 
1 1 0 3 0 4 4 1  378    1 
1 1 1 3 3 4 4 1  746    1 
1 1 0 0 1 1 1 1 1403    1 
1 1 0 2 3 3 3 1 2082    1 
1 1 1 3 3 4 4 1 1070    1 
1 1 1 2 2 3 3 1 1082    1 
1 1 0 1 2 2 2 1 3333    1 
1 1 0 0 1 1 1 1 1479    1 
1 1 1 3 3 4 4 1 1251   45 
1 1 1 3 3 4 4 1  880    1 
1 1 1 1 1 2 2 1 1908    1 
1 1 1 3 3 4 4 1 1167    1 
1 1 1 0 0 1 1 1 1087    1 
1 1 0 1 2 2 2 1 1243    1 
1 1 1 2 2 3 3 1 1752    1 
1 1 0 1 2 2 2 1 1201    1 
1 1 1 2 2 3 3 1 1008    1 
1 1 1 1 1 2 2 1 1295    1 
1 1 1 2 2 3 3 1 1219    1 
1 1 0 1 2 2 2 1 1297    1 
1 1 1 3 3 4 4 1 2148    1 
1 1 1 2 2 3 3 1 1454    1 
1 1 0 1 2 2 2 1 1187    1 
1 1 1 0 0 1 1 1 1490    1 
1 1 0 0 1 1 1 1  822    0 
1 1 1 0 0 1 1 1  492    1 
1 1 1 1 1 2 2 1 1119    1 
1 1 1 0 0 1 1 1 1002    1 
1 1 0 0 1 1 1 1  608    1 
1 1 1 1 1 2 2 1 1319    1 
1 1 1 0 0 1 1 1 1337   49 
1 1 0 3 0 4 4 1 1347    1 
1 1 1 1 1 2 2 1 1844    1 
1 1 0 2 3 3 3 1 1570    1 
1 1 0 1 2 2 2 1 1306    1 
1 1 1 3 3 4 4 1 1325    1 
1 1 0 2 3 3 3 1 1543    1 
1 1 1 2 2 3 3 1  945    1 
1 1 0 3 0 4 4 1 1810    1 
1 1 1 0 0 1 1 1 1289    1 
1 1 1 0 0 1 1 1  549    1 
1 1 1 0 0 1 1 1  438    1 
1 1 0 2 3 3 3 1 2083    1 
1 1 1 3 3 4 4 1 1383    0 
1 1 1 2 2 3 3 1 1950    1 
1 1 0 0 1 1 1 1  991    1 
1 1 1 1 1 2 2 1 2727    1 
1 1 1 0 0 1 1 1 1417    1 
1 1 1 3 3 4 4 1 1191    1 
1 1 1 2 2 3 3 1 2583    1 
1 1 0 1 2 2 2 1 1206    0 
1 1 0 2 3 3 3 1 2173    1 
1 1 1 3 3 4 4 1 1101    0 
1 1 0 0 1 1 1 1 1096    1 
1 1 1 3 3 4 4 1 1260    1 
1 1 1 0 0 1 1 1 1041    1 
1 1 0 1 2 2 2 1 1230    1 
1 1 1 2 2 3 3 1 1396    1 
1 1 0 0 1 1 1 1  996    1 
1 1 1 3 3 4 4 1 1219    1 
1 1 1 0 0 1 1 1 1201    1 
1 1 1 3 3 4 4 1 1848    0 
1 1 0 1 2 2 2 1 1318    1 
1 1 0 3 0 4 4 1  912    1 
1 1 1 2 2 3 3 1 1403    1 
1 1 1 3 3 4 4 1 1034    1 
1 1 0 1 2 2 2 1 1759    1 
1 1 0 3 0 4 4 1  936    1 
1 1 0 0 1 1 1 1  946    1 
1 1 0 0 1 1 1 1  779    1 
1 1 1 1 1 2 2 1 1155    1 
1 1 1 3 3 4 4 1 1204    1 
1 1 0 1 2 2 2 1  955    1 
1 1 1 2 2 3 3 1 1404    2 
1 1 1 1 1 2 2 1  963    1 
1 1 0 1 2 2 2 1  796    1 
1 1 0 1 2 2 2 1  579    1 
1 1 1 0 0 1 1 1 1051    1 
1 1 0 0 1 1 1 1  592    1 
1 1 1 2 2 3 3 1 1343    1 
1 1 1 1 1 2 2 1  953   30 
1 1 1 3 3 4 4 1 1394    1 
1 1 1 0 0 1 1 1 1153    1 
1 1 0 2 3 3 3 1 1514    1 
1 1 0 2 3 3 3 1  597    1 
1 1 1 0 0 1 1 1 1245    1 
1 1 0 0 1 1 1 1  602    1 
1 1 0 2 3 3 3 1 1273    1 
1 1 0 0 1 1 1 1 1285    1 
1 1 0 1 2 2 2 1 1145    1 
1 1 1 0 0 1 1 1 1290    1 
1 1 1 1 1 2 2 1 1030    1 
1 1 1 1 1 2 2 1  580    1 
1 1 1 1 1 2 2 1  708    1 
1 1 0 2 3 3 3 1 1567    1 
1 1 0 1 2 2 2 1 1319    0 
1 1 0 2 3 3 3 1 1273    1 
1 1 1 3 3 4 4 1 1261    1 
1 1 0 2 3 3 3 1 1138    1 
1 1 1 0 0 1 1 1 1060    1 
1 1 0 3 0 4 4 1 1297    1 
1 1 0 3 0 4 4 1  900    0 
1 1 1 3 3 4 3 0  671    1 
1 1 0 2 3 3 3 1 1865    1 
1 1 0 3 0 4 4 1  733    1 
1 1 1 2 2 3 3 1 1335    1 
1 1 0 0 1 1 1 1  920    1 
1 1 0 0 1 1 1 1  650    1 
1 1 1 2 2 3 3 1 1199    1 
1 1 0 3 0 4 4 1 1054    1 
1 1 1 1 1 2 2 1 1339    1 
1 1 1 2 2 3 3 1 1165    1 
1 1 1 3 3 4 4 1 1101    1 
1 1 0 0 1 1 1 1  984    1 
1 1 1 2 2 3 3 1 1328    1 
1 1 0 0 1 1 1 1 1090    1 
1 1 0 3 0 4 4 1  957    1 
1 1 0 1 2 2 2 1 1038    1 
1 1 0 1 2 2 2 1  636    1 
1 1 0 1 2 2 2 1  609    0 
1 1 1 1 1 2 2 1  960    1 
1 1 1 0 0 1 1 1 1225    1 
1 1 1 2 2 3 3 1 1215    0 
1 1 0 3 0 4 4 1 1181    1 
1 1 0 2 3 3 3 1 1677    1 
1 1 0 2 3 3 3 1  642    1 
1 1 1 1 1 2 2 1  959    1 
1 1 1 1 1 2 2 1  576    1 
1 1 0 0 1 1 1 1 1120    1 
1 1 1 0 0 1 1 1  922    1 
1 1 1 2 2 3 3 1 1061    1 
1 1 0 1 2 2 2 1 1121    1 
1 1 0 2 3 3 3 1 1091    1 
1 1 0 0 1 1 1 1 1159    1 
1 1 0 2 3 3 3 1 1072    1 
1 1 1 1 1 2 2 1 1020    1 
1 1 1 0 0 1 1 1 1106    1 
1 1 0 1 2 2 2 1 1205    1 
1 1 0 1 2 2 2 1  876    1 
1 1 0 2 3 3 3 1 1136    1 
1 1 0 1 2 2 2 1 1834    1 
1 1 1 3 3 4 4 1 1463    1 
1 1 1 3 3 4 4 1  764    1 
1 1 0 0 1 1 1 1  941    1 
1 1 0 0 2 1 1 1 2466    1 
1 1 0 2 0 3 3 1 1191    1 
1 1 0 0 2 1 1 1  830    1 
1 1 1 3 3 4 4 1 1292    1 
1 1 0 0 2 1 1 1 1232    1 
1 1 1 1 1 2 2 1 1101    1 
1 1 0 1 3 2 2 1 1136    1 
1 1 0 3 1 4 4 1 1162    1 
1 1 0 3 1 4 4 1  771    1 
1 1 0 2 0 3 3 1 1219    1 
1 1 0 1 3 2 2 1 1057    1 
1 1 0 1 3 2 2 1  558    1 
1 1 1 0 0 1 1 1  911    1 
1 1 1 2 2 3 3 1 1385    1 
1 1 0 1 3 2 2 1 1377    1 
1 1 1 1 1 2 2 1  961    1 
1 1 0 2 0 3 3 1 1226    1 
1 1 0 0 2 1 1 1 1096    1 
1 1 0 2 0 3 3 1 1332    1 
1 1 0 1 3 2 2 1  902    1 
1 1 1 0 0 1 1 1 1129    1 
1 1 1 0 0 1 1 1 1123    1 
1 1 1 1 1 2 2 1 1293    1 
1 1 1 2 2 3 3 1 1057    1 
1 1 0 1 3 2 2 1 1997    1 
1 1 0 1 3 2 2 1  909    0 
1 1 1 3 3 4 4 1 1160    1 
1 1 1 2 2 3 3 1 1569    1 
1 1 1 1 1 2 2 1 1129    1 
1 1 1 0 0 1 1 1 1611    1 
1 1 0 1 3 2 2 1  898    1 
1 1 0 3 1 4 4 1 1102    1 
1 1 0 2 0 3 3 1 1440    0 
1 1 1 3 3 4 4 1 1134    1 
1 1 0 3 1 4 4 1 1031    1 
1 1 1 3 3 4 4 1  958    1 
1 1 1 1 1 2 2 1 1478    0 
1 1 0 0 2 1 1 1 1491    1 
1 1 0 1 3 2 2 1 1006    1 
1 1 1 1 1 2 2 1  997    1 
1 1 1 1 1 2 2 1  813    1 
1 1 1 0 0 1 1 1 1251    1 
1 1 1 3 3 4 4 1 1184    1 
1 1 1 2 2 3 3 1 1120    1 
1 1 0 0 2 1 1 1 1162    1 
1 1 0 0 2 1 1 1  811    1 
1 1 1 3 3 4 4 1 1722    1 
1 1 1 2 2 3 3 1 1220    1 
1 1 1 0 0 1 1 1 1146    1 
1 1 1 1 1 2 2 1 1163    1 
1 1 1 2 2 3 3 1 1020    1 
1 1 0 1 3 2 2 1 1162    1 
1 1 0 3 1 4 4 1 1003    1 
1 1 1 2 2 3 3 1 2002    1 
1 1 1 2 2 3 3 1  929    1 
1 1 0 1 3 2 2 1 1195    1 
1 1 1 3 3 4 4 1 1083    1 
1 1 1 1 1 2 2 1 1646    1 
1 1 1 1 1 2 2 1  692    1 
1 1 1 1 1 2 2 1  639    1 
1 1 1 1 1 2 2 1  589    1 
1 1 1 2 2 3 3 1 1548    1 
1 1 1 3 3 4 4 1 1166    1 
1 1 0 1 3 2 2 1  894    1 
1 1 1 0 0 1 1 1 1129    1 
1 1 0 1 3 2 2 1  916    1 
1 1 0 3 1 4 4 1  998    1 
1 1 0 3 1 4 4 1  877    1 
1 1 1 0 0 1 1 1 1065    1 
1 1 0 0 2 1 1 1  678    1 
1 1 0 3 1 4 4 1  906    1 
1 1 0 0 2 1 1 1 1133    0 
1 1 0 0 2 1 1 1  558    1 
1 1 1 3 3 4 4 1 1095    1 
1 1 0 1 3 2 2 1  914    1 
1 1 0 0 2 1 1 1  973    1 
1 1 0 1 3 2 2 1  925    1 
1 1 0 3 1 4 4 1 1080    1 
1 1 1 1 1 2 2 1 1292    1 
1 1 1 0 0 1 1 1 1183    1 
1 1 0 1 3 2 2 1 1199    1 
1 1 1 2 2 3 3 1 1494    1 
1 1 0 0 2 1 1 1  905    1 
1 1 0 3 1 4 4 1 1100    0 
1 1 1 2 2 3 3 1 1431    1 
1 1 1 2 2 3 3 1  997    1 
1 1 0 3 1 4 4 1 1189    1 
1 1 0 2 0 3 3 1 2340    1 
1 1 0 1 3 2 2 1 1086    1 
1 1 1 2 2 3 3 1 1185    1 
1 1 1 2 2 3 3 1  609    1 
1 1 0 2 0 3 3 1  720    1 
1 1 0 3 1 4 4 1 1090    1 
1 1 0 3 1 4 4 1  989    1 
1 1 0 1 3 2 2 1  949    1 
1 1 1 2 2 3 3 1  902    1 
1 1 1 3 3 4 4 1 1336    1 
1 1 0 3 1 4 4 1  834    1 
1 1 1 0 0 1 1 1  983    1 
1 1 1 1 1 2 2 1 1167    1 
1 1 0 3 1 4 4 1 1215    0 
1 1 1 3 3 4 4 1 1294    1 
1 1 1 3 3 4 4 1  825    1 
1 1 0 3 1 4 4 1  832    0 
1 1 1 1 1 2 2 1  926    1 
1 1 1 1 1 2 2 1  824    1 
1 1 1 0 0 1 1 1 1110    1 
1 1 0 1 3 2 2 1  929    1 
1 1 1 1 1 2 2 1  851    1 
1 1 1 3 3 4 4 1 1552    1 
1 1 0 0 2 1 1 1 1097    1 
1 1 1 2 2 3 3 1 1012    1 
1 1 0 0 2 1 1 1 1259    1 
1 1 1 1 1 2 2 1 1104    1 
1 1 0 2 0 3 3 1 1019    1 
1 1 1 2 2 3 3 1 1025    1 
1 1 1 2 2 3 3 1  783    1 
1 1 0 3 1 4 4 1 1143    1 
1 1 1 3 3 4 4 1  920    1 
1 1 0 3 1 4 4 1  898    1 
1 1 1 1 1 2 2 1  926    1 
1 1 0 0 2 1 1 1 1312    1 
1 1 0 0 2 1 1 1  587    1 
1 1 0 0 2 1 1 1  850    1 
1 1 0 2 0 3 3 1 1647    1 
1 1 1 0 0 1 1 1 1205    1 
1 1 1 2 2 3 3 1 1443    1 
1 1 1 3 3 4 4 1 1201    1 
1 1 0 1 3 2 2 1 1008    1 
1 1 0 1 3 2 2 1 1015    1 
1 1 0 2 0 3 3 1 1350    1 
1 1 1 0 0 1 1 1 1494    1 
1 1 1 2 2 3 3 1 1146    1 
1 1 1 3 3 4 4 1 1163    1 
1 1 0 2 0 3 3 1 2068    1 
1 1 1 2 2 3 3 1  913    1 
1 1 1 2 2 3 3 1  643    1 
1 1 1 0 0 1 1 1 1113    0 
1 1 0 3 1 4 4 1 1164    1 
1 1 1 2 2 3 3 1 1669    1 
1 1 0 1 3 2 2 1  849    1 
1 1 1 1 1 2 2 1  670    1 
1 1 1 2 2 3 3 1 1322    1 
1 1 0 3 1 4 4 1 1076    1 
1 1 1 0 0 1 1 1 1160    1 
1 1 1 2 2 3 3 1  985    1 
1 1 1 2 2 3 3 1  777    1 
1 1 1 3 3 4 4 1 1073    1 
1 1 0 3 1 4 4 1  925    1 
1 1 1 0 0 1 1 1  991    1 
1 1 1 2 2 3 3 1 1558    1 
1 1 1 2 2 3 3 1  791    1 
1 1 0 2 0 3 3 1  767    1 
1 1 1 1 1 2 2 1 1175    1 
1 1 0 1 3 2 2 1  879    1 
1 1 0 0 2 1 1 1 1091    1 
1 1 0 0 2 1 1 1  935    1 
1 1 0 0 2 1 1 1  680    1 
1 1 0 2 0 3 3 1 1301    1 
1 1 0 1 3 2 2 1 1399    1 
1 1 1 0 0 1 1 1 1110    1 
1 1 0 3 1 4 4 1 1425    1 
1 1 1 2 2 3 3 1 1479    1 
1 1 0 0 2 1 1 1 1163    1 
1 1 0 3 1 4 4 1  932    1 
1 1 0 2 0 3 3 1 1670    1 
1 1 1 2 2 3 3 1 1122    1 
1 1 1 1 1 2 2 1  940    1 
1 1 1 3 3 4 4 1 1062    1 
1 1 0 0 2 1 1 1 1147    1 
1 1 1 3 3 4 4 1 1052    1 
1 1 1 0 0 1 1 1 1409    1 
1 1 0 0 2 1 1 1  736    1 
1 1 0 3 1 4 4 1 1113    1 
1 1 0 1 3 2 2 1 1324    1 
1 1 1 3 3 4 4 1 1374    1 
1 1 1 3 3 4 4 1  591    1 
1 1 0 0 2 1 1 1 1118    1 
1 1 1 3 3 4 4 1 1200    1 
1 1 1 2 2 3 3 1 1271    1 
1 1 1 0 0 1 1 1  939    1 
1 1 0 2 0 3 3 1 1181    1 
1 1 1 0 0 1 1 1 1117    1 
1 1 1 0 0 1 1 1  927    1 
1 1 0 3 1 4 4 1 1017    1 
1 1 0 0 2 1 1 1  935    1 
1 1 0 0 2 1 1 1  617    1 
1 1 0 3 1 4 4 1 1095    1 
1 1 0 2 0 3 3 1 1579    1 
1 1 0 0 2 1 1 1  979    1 
1 1 0 1 3 2 3 0 1771    1 
1 1 0 2 0 3 3 1 1777    1 
