8 1 0 2 3 3 3 1 1311    0 
8 1 0 3 0 4 4 1  625    0 
8 1 0 3 0 4 4 1  495    0 
8 1 1 1 1 2 2 1  787    0 
8 1 0 2 3 3 3 1  770    0 
8 1 1 0 0 1 1 1  498    0 
8 1 0 1 2 2 2 1  845    0 
8 1 0 1 2 2 2 1  675    0 
8 1 1 2 2 3 3 1  575    0 
8 1 0 1 2 2 2 1  591    0 
8 1 1 0 0 1 1 1  542    0 
8 1 0 1 2 2 2 1  671    1 
8 1 0 1 2 2 2 1  531    1 
8 1 1 2 2 3 3 1  637    0 
8 1 0 1 2 2 2 1  451    0 
8 1 1 2 2 3 3 1  543    1 
8 1 0 3 0 4 4 1  664    0 
8 1 1 2 2 3 3 1  661    0 
8 1 1 2 2 3 3 1  482    0 
8 1 1 3 3 4 4 1  565    1 
8 1 1 1 1 2 2 1  733    1 
8 1 0 0 1 1 1 1  646    0 
8 1 1 0 0 1 1 1  628    0 
8 1 1 3 3 4 4 1  490    0 
8 1 1 2 2 3 3 1  605    0 
8 1 0 3 0 4 4 1  572    1 
8 1 1 2 2 3 3 1  468    0 
8 1 0 2 3 3 3 1  800    0 
8 1 1 0 0 1 1 1  558    0 
8 1 1 2 2 3 3 1  463    0 
8 1 0 3 0 4 4 1  588    1 
8 1 0 0 1 1 1 1  579    1 
8 1 0 2 3 3 3 1  619    1 
8 1 1 1 1 2 2 1  505    1 
8 1 0 1 2 2 2 1  548    0 
8 1 1 3 3 4 4 1  517    0 
8 1 0 2 3 3 3 1  767    1 
8 1 1 2 2 3 3 1  479    0 
8 1 1 3 3 4 4 1  523    1 
8 1 0 2 3 3 3 1  597    1 
8 1 0 1 2 2 2 1  716    0 
8 1 1 3 3 4 4 1  510    0 
8 1 0 0 1 1 1 1  553    0 
8 1 1 3 3 4 4 1  826    1 
8 1 0 1 2 2 3 0  488    0 
8 1 0 3 0 4 4 1 1337    0 
8 1 1 1 1 2 2 1  666    0 
8 1 0 1 2 2 2 1  622   82 
8 1 0 0 1 1 1 1  644    1 
8 1 0 0 1 1 2 0  402    0 
8 1 0 2 3 3 3 1 1078    0 
8 1 1 1 1 2 2 1  626    0 
8 1 0 3 0 4 4 1  728    0 
8 1 0 3 0 4 4 1  570    1 
8 1 1 2 2 3 3 1  602    1 
8 1 0 0 1 1 1 1  577    1 
8 1 0 0 1 1 1 1  425    0 
8 1 0 2 3 3 4 0  567    0 
8 1 0 0 1 1 1 1  525    0 
8 1 1 3 3 4 4 1  583    0 
8 1 1 2 2 3 3 1  558    0 
8 1 1 1 1 2 2 1  703    1 
8 1 1 1 1 2 2 1  522    1 
8 1 0 1 2 2 2 1  724    0 
8 1 1 3 3 4 4 1  510    0 
8 1 1 1 1 2 2 1  648    6 
8 1 0 0 1 1 1 1  653    0 
8 1 1 3 3 4 4 1  578    0 
8 1 1 2 2 3 3 1  642    0 
8 1 1 0 0 1 1 1  663    0 
8 1 0 0 1 1 1 1  668    0 
8 1 1 2 2 3 3 1  608    0 
8 1 0 1 2 2 2 1 1022    1 
8 1 0 1 2 2 2 1  620    0 
8 1 1 2 2 3 3 1  682    1 
8 1 1 1 1 2 2 1  574    1 
8 1 1 1 1 2 2 1  566    0 
8 1 0 0 1 1 1 1  670    0 
8 1 0 0 1 1 1 1  554    0 
8 1 1 1 1 2 2 1  626    0 
8 1 1 1 1 2 2 1  584    1 
8 1 1 0 0 1 1 1  600    0 
8 1 1 2 2 3 3 1  574    1 
8 1 1 0 0 1 1 1  582    0 
8 1 1 0 0 1 1 1  574    1 
8 1 1 2 2 3 3 1  574    0 
8 1 1 3 3 4 4 1  606    0 
8 1 1 0 0 1 1 1  668    0 
8 1 0 3 0 4 4 1  680    1 
8 1 0 0 1 1 1 1  740    1 
8 1 0 3 0 4 4 1  622    1 
8 1 0 3 0 4 4 1  548    0 
8 1 0 0 1 1 1 1  765    0 
8 1 1 1 1 2 2 1  685    0 
8 1 1 3 3 4 4 1  633    0 
8 1 1 2 2 3 3 1  510   83 
8 1 0 1 2 2 2 1  721    0 
8 1 1 0 0 1 1 1  995    1 
8 1 0 0 1 1 1 1  594    1 
8 1 1 3 3 4 4 1  609    1 
8 1 0 2 3 3 3 1  848    0 
8 1 1 3 3 4 4 1  765    0 
8 1 1 1 1 2 2 1  653    0 
8 1 0 1 2 2 2 1  706   78 
8 1 0 1 2 2 2 1  685    0 
8 1 1 1 1 2 2 1  728    0 
8 1 1 2 2 3 3 1  658    0 
8 1 1 0 0 1 1 1  631    0 
8 1 0 3 0 4 4 1  733    0 
8 1 0 0 1 1 1 1  782    0 
8 1 1 0 0 1 1 1  621    0 
8 1 0 0 1 1 2 0  779    0 
8 1 1 0 0 1 1 1  561    0 
8 1 0 2 3 3 3 1  842    0 
8 1 0 3 0 4 4 1  639    0 
8 1 1 2 2 3 3 1  549    1 
8 1 0 2 3 3 3 1  765    0 
8 1 0 2 3 3 3 1  541    0 
8 1 0 2 3 3 3 1  615    0 
8 1 0 2 3 3 3 1  557    0 
8 1 1 3 3 4 4 1  582    0 
8 1 0 2 3 3 3 1  533    1 
8 1 1 2 2 3 3 1  647    0 
8 1 0 2 3 3 3 1  692    1 
8 1 1 3 3 4 4 1  551    0 
8 1 0 2 3 3 3 1  672    1 
8 1 1 2 2 3 3 1  628    0 
8 1 0 3 0 4 4 1  898    0 
8 1 0 2 3 3 3 1  661    0 
8 1 1 0 0 1 1 1  674    0 
8 1 1 0 0 1 1 1  526    0 
8 1 1 0 0 1 1 1  528    0 
8 1 1 1 1 2 2 1  570    0 
8 1 1 1 1 2 2 1  586    1 
8 1 1 1 1 2 2 1  537    0 
8 1 0 1 2 2 2 1  811    0 
8 1 1 3 3 4 4 1  649    0 
8 1 0 2 3 3 3 1  662    1 
8 1 1 3 3 4 4 1  539    0 
8 1 1 0 0 1 1 1  620    1 
8 1 1 0 0 1 1 1  626    0 
8 1 0 1 2 2 2 1  952    0 
8 1 0 1 2 2 2 1  529    0 
8 1 0 3 0 4 4 1  651    0 
8 1 1 3 3 4 4 1  511    0 
8 1 1 3 3 4 4 1  482    1 
8 1 1 0 0 1 1 1  653    0 
8 1 0 1 2 2 2 1  730    0 
8 1 0 3 0 4 4 1  660    0 
8 1 0 3 0 4 4 1  553    0 
8 1 1 2 2 3 3 1  585    1 
8 1 1 2 2 3 3 1  497    1 
8 1 1 3 3 4 4 1  564    0 
8 1 0 1 2 2 3 0  509    1 
8 1 1 0 0 1 1 1 1245    0 
8 1 1 0 0 1 1 1  483    0 
8 1 0 3 0 4 4 1  614    0 
8 1 1 1 1 2 2 1  588    1 
8 1 0 3 0 4 4 1  652    0 
8 1 1 0 0 1 1 1 1177    1 
8 1 0 2 3 3 3 1  849    1 
8 1 1 2 2 3 3 1  533    0 
8 1 1 3 3 4 4 1  463    0 
8 1 1 2 2 3 3 1  459    0 
8 1 0 0 1 1 1 1  632    1 
8 1 0 1 2 2 2 1  629    1 
8 1 0 3 0 4 4 1  659    0 
8 1 0 3 0 4 4 1  480    1 
8 1 0 3 0 4 4 1  484    0 
8 1 1 1 1 2 2 1  663    1 
8 1 0 0 1 1 1 1  572    0 
8 1 0 3 0 4 2 0  636    0 
8 1 0 3 0 4 1 0  687    0 
8 1 0 2 3 3 3 1  904    0 
8 1 0 1 2 2 2 1  707    0 
8 1 1 2 2 3 3 1  678    1 
8 1 0 0 1 1 1 1  794    0 
8 1 0 1 2 2 2 1  809    0 
8 1 0 0 1 1 1 1  608    0 
8 1 0 1 2 2 2 1  638    0 
8 1 0 0 1 1 1 1 1228    1 
8 1 0 0 1 1 1 1  570    1 
8 1 1 1 1 2 2 1  666    0 
8 1 1 3 3 4 4 1  606    0 
8 1 0 3 0 4 4 1  660    0 
8 1 1 3 3 4 4 1  577    0 
8 1 1 1 1 2 2 1  753    0 
8 1 0 0 1 1 1 1  578   79 
8 1 1 0 0 1 1 1  578    1 
8 1 1 1 1 2 2 1  722    0 
8 1 1 2 2 3 3 1  844    1 
8 1 0 0 1 1 1 1  601    0 
8 1 1 0 0 1 1 1 1083    0 
8 1 1 3 3 4 4 1  607    0 
8 1 0 0 3 1 1 1  637    0 
8 1 0 0 3 1 1 1  571    1 
8 1 1 0 0 1 1 1  411    0 
8 1 1 0 0 1 1 1  393    0 
8 1 1 0 0 1 1 1  377    0 
8 1 0 0 3 1 1 1  553    0 
8 1 0 3 2 4 4 1  553    0 
8 1 0 2 1 3 3 1  626    0 
8 1 1 0 0 1 1 1  840    0 
8 1 0 0 3 1 1 1  557    0 
8 1 1 3 3 4 4 1  534    0 
8 1 1 0 0 1 1 1  631    1 
8 1 0 1 0 2 2 1  757    1 
8 1 0 0 3 1 1 1  678    0 
8 1 1 1 1 2 2 1  842  103 
8 1 0 2 1 3 3 1  671    0 
8 1 1 1 1 2 2 1  603    1 
8 1 1 2 2 3 3 1  458    0 
8 1 0 3 2 4 4 1  559    1 
8 1 0 3 2 4 4 1  623    1 
8 1 0 0 3 1 1 1  693    0 
8 1 0 2 1 3 3 1 1176    1 
8 1 0 1 0 2 2 1 1137    0 
8 1 0 2 1 3 3 1  602    0 
8 1 1 1 1 2 2 1  560    0 
8 1 0 1 0 2 2 1  673    1 
8 1 1 2 2 3 3 1  501    0 
8 1 0 1 0 2 2 1  600    0 
8 1 0 1 0 2 2 1  526    0 
8 1 1 0 0 1 1 1  840    0 
8 1 0 1 0 2 2 1  574    0 
8 1 0 1 0 2 2 1  542    0 
8 1 1 3 3 4 4 1  567    0 
8 1 1 1 1 2 2 1  623    1 
8 1 0 1 0 2 2 1  773    1 
8 1 0 2 1 3 3 1 1117    1 
8 1 0 1 0 2 2 1  583    0 
8 1 1 3 3 4 4 1  510    1 
8 1 1 1 1 2 2 1  473    0 
8 1 1 3 3 4 4 1  477    0 
8 1 0 0 3 1 1 1  841    0 
8 1 0 2 1 3 3 1 1582    0 
8 1 0 1 0 2 2 1  742    0 
8 1 1 3 3 4 4 1  447    1 
8 1 1 1 1 2 2 1  500    0 
8 1 1 0 0 1 1 1  599    1 
8 1 0 3 2 4 4 1  542    0 
8 1 1 1 1 2 2 1  559    1 
8 1 0 3 2 4 4 1  408    1 
8 1 0 3 2 4 4 1  502    0 
8 1 0 2 1 3 3 1  617    0 
8 1 0 0 3 1 1 1  631    0 
8 1 1 1 1 2 2 1  693    1 
8 1 0 1 0 2 2 1  608    1 
8 1 0 2 1 3 3 1  943    0 
8 1 1 0 0 1 1 1  928    1 
8 1 1 0 0 1 1 1  506    0 
8 1 1 1 1 2 2 1  549    0 
8 1 1 1 1 2 2 1  446    0 
8 1 0 2 1 3 3 1  915    1 
8 1 1 2 2 3 3 1  485    1 
8 1 1 1 1 2 2 1  560    0 
8 1 0 1 0 2 2 1  561    1 
8 1 1 1 1 2 2 1  498    0 
8 1 1 3 3 4 4 1  533    0 
8 1 0 2 1 3 3 1  758    0 
8 1 1 2 2 3 3 1  455    1 
8 1 0 3 2 4 4 1  668    0 
8 1 1 1 1 2 2 1  600    0 
8 1 1 2 2 3 3 1  678    0 
8 1 0 3 2 4 4 1  650    0 
8 1 1 2 2 3 3 1  759  111 
8 1 0 0 3 1 1 1  744    1 
8 1 0 2 1 3 3 1  817    0 
8 1 1 2 2 3 3 1  447    0 
8 1 1 0 0 1 1 1  556    0 
8 1 1 0 0 1 1 1  477    1 
8 1 0 3 2 4 4 1  609    0 
8 1 0 2 1 3 3 1  720  103 
8 1 1 3 3 4 4 1  578    0 
8 1 0 2 1 3 3 1  770    0 
8 1 1 0 0 1 1 1  674    1 
8 1 1 1 1 2 2 1  806    1 
8 1 1 2 2 3 3 1  676    0 
8 1 0 3 2 4 4 1  600    0 
8 1 0 1 0 2 2 1  935    0 
8 1 1 3 3 4 4 1  560    0 
8 1 0 1 0 2 2 1  897    0 
8 1 1 1 1 2 2 1  508    0 
8 1 1 0 0 1 1 1  751    0 
8 1 0 2 1 3 3 1  640    0 
8 1 1 1 1 2 2 1  621    0 
8 1 1 1 1 2 2 1  555    0 
8 1 0 0 3 1 1 1  684    1 
8 1 0 2 1 3 3 1  719    0 
8 1 1 3 3 4 4 1  569    0 
8 1 1 3 3 4 4 1  457    1 
8 1 0 2 1 3 3 1  670    0 
8 1 1 2 2 3 3 1  489    0 
8 1 1 3 3 4 4 1  605    1 
8 1 1 3 3 4 4 1  795    0 
8 1 0 1 0 2 2 1 1211    0 
8 1 1 0 0 1 1 1  617    0 
8 1 1 2 2 3 3 1  671    0 
8 1 0 3 2 4 4 1  635    0 
8 1 0 3 2 4 4 1  497    1 
8 1 0 1 0 2 2 1  812    1 
8 1 1 2 2 3 3 1  539    0 
8 1 1 3 3 4 4 1  588    0 
8 1 0 1 0 2 2 1 1083    0 
8 1 0 1 0 2 2 1  471    0 
8 1 1 2 2 3 3 1  571    0 
8 1 0 3 2 4 4 1  763    0 
8 1 1 1 1 2 2 1  883    1 
8 1 0 3 2 4 4 1  647    0 
8 1 1 2 2 3 3 1  772    0 
8 1 1 0 0 1 1 1  516    0 
8 1 0 3 2 4 4 1  726    0 
8 1 1 3 3 4 4 1  472    1 
8 1 1 1 1 2 2 1  612    1 
8 1 1 2 2 3 3 1  651    1 
8 1 0 0 3 1 1 1  839    0 
8 1 1 0 0 1 1 1  845    1 
8 1 0 3 2 4 4 1  722    1 
8 1 1 0 0 1 1 1 1332    1 
8 1 1 0 0 1 1 1  461    0 
8 1 0 3 2 4 4 1  578    0 
8 1 0 3 2 4 4 1 1202    0 
8 1 0 3 2 4 4 1  737    0 
8 1 0 2 1 3 2 0  970    1 
8 1 1 0 0 1 1 1  688    1 
8 1 1 2 2 3 3 1  723    0 
8 1 1 1 1 2 2 1  581    0 
8 1 1 0 0 1 1 1  549    1 
8 1 0 1 0 2 2 1  750    0 
8 1 0 2 1 3 3 1  599    1 
8 1 0 3 2 4 4 1  525    0 
8 1 0 1 0 2 2 1  855    1 
8 1 0 2 1 3 3 1 1132    0 
8 1 1 3 3 4 4 1  493    0 
8 1 0 1 0 2 2 1  849    0 
8 1 1 0 0 1 1 1  581    1 
8 1 0 0 3 1 1 1  653    0 
8 1 0 3 2 4 4 1  602    0 
8 1 1 0 0 1 1 1  689    0 
8 1 0 0 3 1 1 1  620    0 
8 1 0 2 1 3 3 1 1018    1 
8 1 1 3 3 4 4 1  512    0 
8 1 1 0 0 1 1 1  859    0 
8 1 0 2 1 3 3 1  927    0 
8 1 0 3 2 4 4 1  585    0 
8 1 0 0 3 1 1 1  729    0 
8 1 0 0 3 1 1 1  555    1 
8 1 1 2 2 3 3 1  747    0 
8 1 0 2 1 3 3 1  709    0 
8 1 1 3 3 4 4 1  887    0 
8 1 1 2 2 3 3 1  483    0 
8 1 0 0 3 1 1 1  726    1 
8 1 1 0 0 1 1 1  536    1 
8 1 0 2 1 3 3 1  721    0 
8 1 1 1 1 2 2 1  675    0 
8 1 1 0 0 1 1 1  631    0 
8 1 0 1 0 2 1 0  517    0 
8 1 1 3 3 4 4 1  573    0 
8 1 0 3 2 4 4 1  629    0 
8 1 0 2 1 3 3 1  707    0 
8 1 1 1 1 2 2 1 1166    0 
8 1 1 3 3 4 4 1  534    0 
8 1 1 1 1 2 2 1  695    1 
8 1 1 1 1 2 2 1  538    0 
8 1 1 2 2 3 3 1  564    1 
8 1 1 1 1 2 2 1  789    0 
8 1 0 2 1 3 3 1  596    0 
8 1 0 0 3 1 1 1  795    0 
8 1 0 0 3 1 1 1  563    0 
8 1 1 3 3 4 4 1  595    0 
8 1 1 0 0 1 1 1 1002    0 
8 1 0 0 3 1 1 1  633    0 
8 1 1 2 2 3 3 1  654    0 
8 1 0 0 3 1 1 1  971    0 
8 1 0 2 1 3 3 1  931    0 
8 1 1 1 1 2 2 1  781    0 
8 1 0 3 2 4 4 1  677    0 
8 1 0 2 1 3 3 1 1201    1 
8 1 0 2 1 3 3 1  520    0 
8 1 1 3 3 4 4 1  562    0 
8 1 0 3 2 4 4 1  546    0 
8 1 1 3 3 4 4 1  532    0 
8 1 1 0 0 1 1 1  573    1 
8 1 0 2 1 3 3 1  813    0 
