9 1 0 3 0 4 3 0 1130    0 
9 1 0 3 0 4 4 1  634    0 
9 1 1 1 1 2 2 1  992    0 
9 1 1 2 2 3 3 1 1327    0 
9 1 1 2 2 3 3 1  473    0 
9 1 1 2 2 3 3 1  413    0 
9 1 1 2 2 3 3 1  388    0 
9 1 0 0 1 1 1 1  987    0 
9 1 1 2 2 3 3 1  706    0 
9 1 1 2 2 3 3 1  477    0 
9 1 1 1 1 2 2 1 1057    0 
9 1 0 0 1 1 1 1  742    0 
9 1 0 0 1 1 1 1  471   18 
9 1 1 0 0 1 1 1  523    0 
9 1 0 1 2 2 2 1  933    0 
9 1 0 0 1 1 1 1  646    0 
9 1 0 1 2 2 2 1  699    0 
9 1 0 3 0 4 4 1  743    0 
9 1 0 1 2 2 2 1  904    0 
9 1 0 2 3 3 3 1  643    0 
9 1 0 2 3 3 3 1  480    0 
9 1 0 1 2 2 2 1  892    0 
9 1 1 0 0 1 1 1  655    0 
9 1 1 2 2 3 3 1 1140    0 
9 1 1 2 2 3 3 1  437    0 
9 1 1 0 0 1 1 1  779    0 
9 1 0 2 3 3 3 1  811    0 
9 1 1 0 0 1 1 1  737    0 
9 1 0 0 1 1 1 1  571    0 
9 1 1 2 2 3 3 1  675    0 
9 1 1 2 2 3 3 1  423    0 
9 1 1 3 3 4 4 1  757    0 
9 1 0 3 0 4 4 1  437    0 
9 1 0 1 2 2 2 1  731    0 
9 1 0 2 3 3 3 1  716    0 
9 1 1 1 1 2 2 1 1191    0 
9 1 0 0 1 1 1 1  654    0 
9 1 1 1 1 2 2 1  826    0 
9 1 1 0 0 1 1 1  552    0 
9 1 0 3 0 4 4 1 1097    0 
9 1 0 1 2 2 2 1  908    0 
9 1 1 0 0 1 1 1  503    0 
9 1 1 3 3 4 4 1  986    0 
9 1 0 1 2 2 3 0  681    0 
9 1 0 2 3 3 3 1  683    0 
9 1 1 2 2 3 3 1  446    0 
9 1 0 2 3 3 3 1  484    0 
9 1 0 3 0 4 4 1  767    0 
9 1 0 0 1 1 1 1  695    0 
9 1 0 2 3 3 3 1  746   11 
9 1 1 0 0 1 1 1  692    0 
9 1 1 1 1 2 2 1 1031    0 
9 1 1 2 2 3 3 1  629    0 
9 1 0 0 1 1 1 1  755    0 
9 1 0 2 3 3 3 1  652    0 
9 1 0 2 3 3 3 1  416    0 
9 1 0 1 2 2 2 1  934    0 
9 1 0 3 0 4 4 1  968    0 
9 1 1 1 1 2 2 1 1032    0 
9 1 0 3 0 4 4 1  958    0 
9 1 1 1 1 2 2 1  942    0 
9 1 0 3 0 4 4 1  671    0 
9 1 1 2 2 3 3 1  579    0 
9 1 1 0 0 1 1 1  571    0 
9 1 1 0 0 1 1 1  363    0 
9 1 0 0 1 1 1 1  412   18 
9 1 0 2 3 3 3 1  691    0 
9 1 0 2 3 3 3 1  454    0 
9 1 0 3 0 4 4 1  747    0 
9 1 1 0 0 1 1 1  724    0 
9 1 0 3 0 4 4 1  886    0 
9 1 1 2 2 3 3 1  569    0 
9 1 0 2 3 3 3 1  465    0 
9 1 1 1 1 2 2 1 1206    0 
9 1 1 2 2 3 3 1  853    0 
9 1 1 3 3 4 2 0  849   17 
9 1 1 0 0 1 1 1 1236    0 
9 1 1 3 3 4 4 1  897    0 
9 1 0 2 3 3 3 1  773    0 
9 1 0 3 0 4 4 1  773    0 
9 1 1 0 0 1 1 1  661    0 
9 1 0 1 2 2 2 1  881    0 
9 1 0 3 0 4 3 0  661    0 
9 1 1 0 0 1 1 1  896    0 
9 1 1 1 1 2 2 1  891    0 
9 1 0 1 2 2 2 1  710    0 
9 1 0 1 2 2 2 1  409    0 
9 1 0 1 2 2 2 1  408    0 
9 1 1 2 2 3 3 1  606    0 
9 1 0 0 1 1 1 1  645   13 
9 1 1 0 0 1 1 1  418    0 
9 1 0 3 0 4 4 1  616    0 
9 1 1 2 2 3 3 1  606    0 
9 1 0 3 0 4 4 1  717    0 
9 1 0 3 0 4 4 1  439    0 
9 1 1 0 0 1 1 1  524    0 
9 1 1 0 0 1 1 1  422    0 
9 1 0 2 3 3 3 1  916    0 
9 1 1 2 2 3 3 1  414    0 
9 1 1 1 1 2 2 1  941   18 
9 1 0 1 2 2 2 1  614    0 
9 1 1 2 2 3 3 1  693    0 
9 1 0 1 2 2 2 1 1016    0 
9 1 0 2 3 3 3 1  582    0 
9 1 0 2 3 3 3 1  454    0 
9 1 1 3 3 4 1 0  755    0 
9 1 1 2 2 3 3 1  594    0 
9 1 0 1 2 2 2 1  833    0 
9 1 0 1 2 2 2 1  502    0 
9 1 0 3 0 4 4 1 1129    0 
9 1 0 0 1 1 1 1  827    0 
9 1 1 2 2 3 3 1  681    0 
9 1 0 1 2 2 4 0  933    0 
9 1 1 1 1 2 2 1  684    0 
9 1 1 3 3 4 3 0  623   11 
9 1 0 0 1 1 1 1  707    0 
9 1 1 3 3 4 4 1  958    0 
9 1 1 2 2 3 3 1  655    0 
9 1 0 3 0 4 4 1  891    0 
9 1 1 0 0 1 1 1  607    0 
9 1 1 0 0 1 1 1  405    0 
9 1 1 1 1 2 2 1  908    0 
9 1 0 0 1 1 1 1  567    0 
9 1 1 1 1 2 2 1  423    0 
9 1 0 3 0 4 4 1 1261    0 
9 1 1 0 0 1 1 1  577    0 
9 1 1 1 1 2 2 1  945    0 
9 1 1 0 0 1 1 1  571    0 
9 1 0 0 1 1 2 0  467   11 
9 1 0 1 2 2 2 1  749    0 
9 1 1 0 0 1 1 1  502    0 
9 1 0 1 2 2 2 1  401    0 
9 1 1 0 0 1 1 1  487    0 
9 1 0 1 2 2 2 1  379    0 
9 1 1 1 1 2 2 1  747    0 
9 1 0 0 1 1 1 1  628    0 
9 1 0 3 0 4 3 0 1042    0 
9 1 1 3 3 4 4 1  517    0 
9 1 1 3 3 4 4 1  399    0 
9 1 1 2 2 3 3 1  599    0 
9 1 1 3 3 4 4 1  566    0 
9 1 1 2 2 3 3 1  503    0 
9 1 0 0 1 1 1 1  713    0 
9 1 1 3 3 4 2 0  740    0 
9 1 0 2 3 3 3 1  747    0 
9 1 1 1 1 2 2 1  804    0 
9 1 1 0 0 1 1 1  715    0 
9 1 1 3 3 4 4 1 1014    0 
9 1 0 2 3 3 3 1  588    0 
9 1 1 0 0 1 1 1  572    0 
9 1 1 1 1 2 2 1  460    0 
9 1 0 3 0 4 4 1  848    0 
9 1 0 0 1 1 1 1  766    0 
9 1 0 1 2 2 2 1  934    0 
9 1 0 0 1 1 1 1  568    0 
9 1 0 0 1 1 1 1  432    0 
9 1 0 3 0 4 4 1 1086    0 
9 1 0 3 0 4 4 1  385    0 
9 1 1 0 0 1 3 0  480    0 
9 1 0 1 2 2 2 1  914    0 
9 1 0 3 0 4 4 1  813    0 
9 1 0 3 0 4 4 1  476    0 
9 1 1 3 3 4 4 1  496    0 
9 1 0 2 3 3 3 1  875    0 
9 1 0 3 0 4 4 1  671    0 
9 1 1 2 2 3 3 1  971    0 
9 1 1 1 1 2 1 0  875    0 
9 1 1 2 2 3 3 1 1021    0 
9 1 1 1 1 2 2 1  771    0 
9 1 1 1 1 2 2 1  467    0 
9 1 1 1 1 2 2 1  423    0 
9 1 1 1 1 2 2 1  405    0 
9 1 0 1 2 2 2 1  619    0 
9 1 1 2 2 3 3 1 1049    0 
9 1 1 1 1 2 2 1  838    0 
9 1 0 0 1 1 1 1 1019   11 
9 1 1 3 3 4 4 1  761    0 
9 1 0 0 1 1 1 1  842    0 
9 1 1 3 3 4 4 1  855    0 
9 1 0 3 0 4 4 1  452    0 
9 1 0 2 3 3 1 0  689    0 
9 1 1 1 1 2 2 1  970    0 
9 1 1 3 3 4 4 1  674    0 
9 1 0 3 0 4 4 1  438    0 
9 1 1 3 3 4 4 1  435    0 
9 1 1 3 3 4 4 1  393    0 
9 1 0 0 1 1 1 1  808    0 
9 1 1 3 3 4 4 1  639    0 
9 1 0 0 1 1 1 1  692    0 
9 1 0 3 0 4 4 1  623    0 
9 1 0 1 2 2 2 1  941    0 
9 1 1 2 2 3 3 1  631    0 
9 1 1 2 2 3 3 1 1865    0 
9 1 0 3 1 4 4 1 1070    0 
9 1 1 2 2 3 3 1  498    0 
9 1 0 1 3 2 2 1  829    0 
9 1 0 0 2 1 1 1  763    0 
9 1 1 2 2 3 3 1  580    0 
9 1 1 2 2 3 3 1  444    0 
9 1 0 0 2 1 1 1  657   17 
9 1 1 1 1 2 2 1 1070    0 
9 1 1 3 3 4 4 1 1466    0 
9 1 0 3 1 4 4 1  486    0 
9 1 0 1 3 2 2 1  922    0 
9 1 0 2 0 3 3 1  756    0 
9 1 0 1 3 2 2 1  836    0 
9 1 1 0 0 1 1 1  554   18 
9 1 0 1 3 2 2 1  770    0 
9 1 0 1 3 2 2 1  498    0 
9 1 0 3 1 4 3 0  766    0 
9 1 1 0 0 1 1 1  636    0 
9 1 0 1 3 2 2 1  946    0 
9 1 0 1 3 2 2 1  643    0 
9 1 0 0 2 1 1 1  952    0 
9 1 0 1 3 2 2 1 1185    0 
9 1 0 2 0 3 3 1  704    0 
9 1 0 1 3 2 2 1 1003    0 
9 1 1 0 0 1 1 1  594    0 
9 1 1 0 0 1 1 1  489    0 
9 1 0 2 0 3 3 1  700    0 
9 1 0 3 1 4 4 1  751   18 
9 1 1 1 1 2 2 1  984    0 
9 1 1 1 1 2 2 1  487   17 
9 1 0 3 1 4 4 1  802   17 
9 1 1 2 2 3 3 1  609    0 
9 1 1 3 3 4 4 1  735   17 
9 1 0 0 2 1 1 1  657   18 
9 1 1 0 0 1 1 1  485   18 
9 1 1 1 1 2 2 1 1209    0 
9 1 1 2 2 3 3 1  655   18 
9 1 0 1 3 2 2 1  780    0 
9 1 0 3 1 4 4 1  924    0 
9 1 0 2 0 3 1 0  766    0 
9 1 0 3 1 4 4 1  948    0 
9 1 0 3 1 4 4 1  469    0 
9 1 1 0 0 1 1 1  729   17 
9 1 1 3 3 4 4 1 1323   17 
9 1 0 0 2 1 3 0  573   18 
9 1 0 1 3 2 2 1  819   18 
9 1 0 2 0 3 3 1  865    0 
9 1 0 0 2 1 1 1  622    0 
9 1 1 0 0 1 1 1  500    0 
9 1 0 0 2 1 1 1  495   17 
9 1 1 3 3 4 4 1  666   18 
9 1 1 0 0 1 1 1  527    0 
9 1 1 3 3 4 4 1  529   17 
9 1 1 2 2 3 3 1  747   18 
9 1 0 3 1 4 4 1  908    0 
9 1 1 1 1 2 2 1  782   17 
9 1 1 1 1 2 2 1  422   18 
9 1 1 2 2 3 3 1  564    0 
9 1 0 2 0 3 1 0  845    0 
9 1 0 2 0 3 3 1  464    0 
9 1 0 3 1 4 4 1  765   18 
9 1 1 2 2 3 3 1  502   18 
9 1 1 0 0 1 1 1  544    0 
9 1 1 2 2 3 3 1  930    0 
9 1 0 3 1 4 4 1  644    0 
9 1 0 3 1 4 4 1  433    0 
9 1 1 0 0 1 1 1  822    0 
9 1 0 1 3 2 2 1  980    0 
9 1 1 1 1 2 2 1  484    0 
9 1 1 2 2 3 3 1  648    0 
9 1 0 1 3 2 2 1  829   18 
9 1 1 3 3 4 4 1  731    0 
9 1 1 0 0 1 3 0  557    0 
9 1 0 1 3 2 2 1 1052   17 
9 1 1 1 1 2 2 1  440   18 
9 1 1 2 2 3 3 1  726    0 
9 1 1 1 1 2 2 1 1040    0 
9 1 1 3 3 4 4 1  933   18 
9 1 1 3 3 4 4 1  462   17 
9 1 0 0 2 1 1 1  699   18 
9 1 1 1 1 2 2 1  918   17 
9 1 0 1 3 2 2 1  504    0 
9 1 0 0 2 1 3 0  675    0 
9 1 0 3 1 4 4 1  941    0 
9 1 1 1 1 2 2 1  718    0 
9 1 1 0 0 1 1 1  584   18 
9 1 0 3 1 4 2 0  447   18 
9 1 0 3 1 4 4 1  627   17 
9 1 1 0 0 1 1 1  481    0 
9 1 1 2 2 3 3 1  613    0 
9 1 1 1 1 2 2 1  763    0 
9 1 0 3 1 4 4 1  508    0 
9 1 0 0 2 1 1 1  711   17 
9 1 0 1 3 2 2 1  857   17 
9 1 0 0 2 1 1 1  694    0 
9 1 1 2 2 3 3 1  601    0 
9 1 0 0 2 1 1 1  592   18 
9 1 1 2 2 3 3 1  647   17 
9 1 1 3 3 4 4 1 1389   17 
9 1 1 0 0 1 1 1  508    0 
9 1 1 0 0 1 1 1  407    0 
9 1 1 0 0 1 1 1  373    0 
9 1 1 0 0 1 1 1  373    0 
9 1 0 1 3 2 4 0  821    0 
9 1 1 0 0 1 1 1  529    0 
9 1 0 0 2 1 1 1  619    0 
9 1 1 2 2 3 3 1  625    0 
9 1 1 2 2 3 3 1  407    0 
9 1 1 1 1 2 2 1 1126    0 
9 1 1 3 3 4 4 1  616    0 
9 1 1 1 1 2 2 1  878    0 
9 1 0 0 2 1 3 0  538    0 
9 1 1 1 1 2 2 1  954    0 
9 1 0 0 2 1 1 1  618   17 
9 1 1 1 1 2 2 1 1280    0 
9 1 1 2 2 3 3 1  932    0 
9 1 1 0 0 1 1 1  646   18 
9 1 1 3 3 4 4 1 1852   17 
9 1 0 2 0 3 1 0  608    0 
9 1 1 2 2 3 3 1  533    0 
9 1 1 3 3 4 4 1 1014   18 
9 1 1 1 1 2 2 1  797   17 
9 1 0 2 0 3 3 1 1292    0 
9 1 0 0 2 1 1 1  520    0 
9 1 0 2 0 3 1 0  578   18 
9 1 0 1 3 2 2 1 1272   18 
9 1 0 3 1 4 4 1 1100   17 
9 1 0 3 1 4 4 1  518   18 
9 1 1 2 2 3 3 1  672    0 
9 1 0 3 1 4 4 1  788    0 
9 1 1 0 0 1 1 1  555    0 
9 1 1 3 3 4 4 1  780    0 
9 1 1 3 3 4 4 1  420    0 
9 1 0 0 2 1 3 0  450    0 
9 1 0 3 1 4 4 1  669    0 
9 1 1 2 2 3 3 1 1097    0 
9 1 1 1 1 2 2 1  868    0 
9 1 1 3 3 4 4 1  592   18 
9 1 0 3 1 4 4 1  495   11 
9 1 0 0 2 1 1 1  683   17 
9 1 0 1 3 2 2 1  823   18 
9 1 1 2 2 3 3 1  621    0 
9 1 0 2 0 3 3 1  611    0 
9 1 1 2 2 3 3 1  505    0 
9 1 1 3 3 4 4 1  852    0 
9 1 1 1 1 2 2 1 1145    0 
9 1 1 0 0 1 1 1  642    0 
9 1 0 3 1 4 4 1  871    0 
9 1 0 2 0 3 3 1  819   18 
9 1 1 1 1 2 2 1  745   18 
9 1 0 2 0 3 3 1  571    0 
9 1 1 0 0 1 1 1  667   17 
9 1 1 0 0 1 1 1  687   17 
9 1 0 0 2 1 1 1  578    0 
9 1 0 0 2 1 1 1  434   18 
9 1 0 2 0 3 3 1  631   18 
9 1 1 2 2 3 3 1  429    0 
9 1 0 3 1 4 4 1 1059    0 
9 1 0 1 3 2 2 1  736    0 
9 1 0 3 1 4 3 0  985    0 
9 1 0 2 0 3 1 0  894   17 
9 1 0 0 2 1 1 1  744    0 
9 1 1 3 3 4 4 1 1145    0 
9 1 0 1 3 2 2 1  610    0 
9 1 1 2 2 3 3 1  793   18 
9 1 0 1 3 2 2 1  888   18 
9 1 1 2 2 3 3 1  596    0 
9 1 0 1 3 2 2 1  883    0 
9 1 0 2 0 3 3 1  702    0 
9 1 1 0 0 1 1 1  433    0 
9 1 0 2 0 3 3 1  662    0 
9 1 1 0 0 1 1 1  419   17 
9 1 0 2 0 3 3 1  545    0 
9 1 0 1 3 2 2 1  866   18 
9 1 0 3 1 4 4 1  670   17 
9 1 1 2 2 3 3 1  610    0 
9 1 1 3 3 4 4 1  593   18 
9 1 1 1 1 2 2 1  632   17 
9 1 1 2 2 3 3 1  494   18 
9 1 0 3 1 4 4 1  882   17 
9 1 0 3 1 4 4 1  398   17 
9 1 1 3 3 4 4 1  445   18 
9 1 0 2 0 3 3 1 1034    0 
9 1 1 1 1 2 2 1  744    0 
9 1 0 0 2 1 3 0  553    0 
9 1 0 1 3 2 2 1  903    0 
9 1 0 3 1 4 4 1  602    0 
9 1 0 1 3 2 2 1 1001   18 
9 1 1 0 0 1 3 0  679   18 
9 1 1 2 2 3 3 1  633    0 
9 1 0 3 1 4 4 1 1135    0 
