19 1 1 1 1 2 2 1 3459    1 
19 1 1 3 3 4 4 1  913    1 
19 1 1 2 2 3 3 1  611    1 
19 1 0 2 3 3 3 1  570    1 
19 1 0 0 1 1 1 1  682    1 
19 1 1 1 1 2 2 1  790    1 
19 1 0 1 2 2 2 1  661    1 
19 1 1 0 0 1 1 1  538    1 
19 1 1 1 1 2 2 1  611    1 
19 1 1 1 1 2 2 1  514    1 
19 1 0 1 2 2 2 1  669    1 
19 1 0 0 1 1 1 1  505    1 
19 1 0 0 1 1 1 1  420    1 
19 1 1 1 1 2 2 1  586    1 
19 1 1 1 1 2 2 1  418    1 
19 1 1 3 3 4 4 1 1080    1 
19 1 1 3 3 4 4 1  372    1 
19 1 1 1 1 2 2 1  836    1 
19 1 0 3 0 4 4 1 1146    1 
19 1 0 0 1 1 1 1 1035    1 
19 1 0 2 3 3 3 1 1217    1 
19 1 0 2 3 3 3 1  495    1 
19 1 1 2 2 3 3 1  570    1 
19 1 0 0 1 1 1 1  530    1 
19 1 0 2 3 3 3 1  565    1 
19 1 0 0 1 1 1 1  477    1 
19 1 1 1 1 2 2 1  697    1 
19 1 1 2 2 3 3 1  773    1 
19 1 1 3 3 4 4 1 1021    1 
19 1 0 1 2 2 2 1  635    1 
19 1 0 2 3 3 3 1  761    1 
19 1 1 0 0 1 1 1  594    1 
19 1 0 2 3 3 3 1  617    1 
19 1 1 3 3 4 4 1 1039    1 
19 1 0 0 1 1 1 1  597    1 
19 1 1 1 1 2 2 1  988   86 
19 1 1 1 1 2 2 1  468    1 
19 1 0 3 0 4 4 1 1264    1 
19 1 0 0 1 1 1 1  549    1 
19 1 0 1 2 2 2 1  934    1 
19 1 0 0 1 1 1 1  663    1 
19 1 0 0 1 1 1 1  412    1 
19 1 0 1 2 2 2 1  635    1 
19 1 1 3 3 4 4 1  905    1 
19 1 0 2 3 3 3 1  571    1 
19 1 1 2 2 3 3 1  420    1 
19 1 1 2 2 3 3 1  426    1 
19 1 1 2 2 3 3 1  456    1 
19 1 0 3 0 4 4 1  957    1 
19 1 0 3 0 4 4 1  469    1 
19 1 0 1 2 2 2 1  850    1 
19 1 1 0 0 1 1 1  526    1 
19 1 0 3 0 4 4 1  665    1 
19 1 1 2 2 3 3 1  717    1 
19 1 0 3 0 4 4 1 1119    1 
19 1 0 2 3 3 3 1  522    1 
19 1 0 3 0 4 4 1  964    1 
19 1 1 2 2 3 3 1  741    1 
19 1 0 2 3 3 3 1  510    1 
19 1 0 0 1 1 1 1  529    1 
19 1 1 3 3 4 4 1  811    1 
19 1 1 0 0 1 1 1  458    1 
19 1 1 2 2 3 3 1  543    1 
19 1 0 2 3 3 3 1  600    1 
19 1 1 3 3 4 4 1  727    1 
19 1 0 2 3 3 3 1  513    1 
19 1 0 3 0 4 4 1 1020   82 
19 1 1 0 0 1 1 1  458    1 
19 1 1 3 3 4 4 1 1039    1 
19 1 1 0 0 1 1 1  396    1 
19 1 1 0 0 1 1 1  356    0 
19 1 1 3 3 4 4 1  797    1 
19 1 1 0 0 1 1 1  372    1 
19 1 0 3 0 4 4 1  716    1 
19 1 0 0 1 1 1 1  414    1 
19 1 0 3 0 4 4 1  685    1 
19 1 1 3 3 4 4 1  545    1 
19 1 1 2 2 3 3 1  914    0 
19 1 0 1 2 2 2 1  885    1 
19 1 1 2 2 3 3 1 1200    1 
19 1 0 3 0 4 4 1 1159    1 
19 1 1 0 0 1 1 1  464    1 
19 1 0 3 0 4 4 1  725    1 
19 1 1 3 3 4 4 1  983    1 
19 1 0 1 2 2 2 1  726    1 
19 1 1 3 3 4 4 1  825    1 
19 1 1 0 0 1 1 1  479    1 
19 1 0 2 3 3 3 1  715    1 
19 1 1 3 3 4 4 1 1030    1 
19 1 0 2 3 3 3 1 1004    0 
19 1 1 0 0 1 1 1  483    1 
19 1 0 1 2 2 4 0  814    1 
19 1 0 3 0 4 4 1  779    1 
19 1 0 2 3 3 3 1  563    1 
19 1 1 0 0 1 1 1  380    1 
19 1 0 1 2 2 2 1  612    1 
19 1 1 2 2 3 3 1  563    1 
19 1 0 2 3 3 3 1  548    1 
19 1 0 0 1 1 1 1  517    1 
19 1 1 2 2 3 3 1  519    1 
19 1 0 3 0 4 4 1  882    1 
19 1 0 0 1 1 1 1  518    1 
19 1 1 0 0 1 1 1  424    1 
19 1 0 2 3 3 3 1  614    1 
19 1 1 1 1 2 2 1 1413    1 
19 1 0 0 1 1 1 1 2220    1 
19 1 0 2 3 3 3 1  618    1 
19 1 0 2 3 3 3 1  512    1 
19 1 1 0 0 1 1 1  547    1 
19 1 1 0 0 1 1 1  324    1 
19 1 0 0 1 1 1 1  422    1 
19 1 0 0 1 1 1 1  388    1 
19 1 0 3 0 4 4 1  716    1 
19 1 0 2 3 3 3 1  574    1 
19 1 0 1 2 2 2 1  806    1 
19 1 1 2 2 3 3 1  533    1 
19 1 1 3 3 4 4 1  846    1 
19 1 1 0 0 1 1 1  604    1 
19 1 1 1 1 2 2 1  955    0 
19 1 1 2 2 3 3 1  940    1 
19 1 0 2 3 3 3 1 1381    1 
19 1 0 1 2 2 2 1  685    1 
19 1 0 3 0 4 4 1 1113    1 
19 1 1 1 1 2 2 1  788    1 
19 1 1 3 3 4 4 1 1283    1 
19 1 0 0 1 1 1 1  583    1 
19 1 1 1 1 2 2 1  774    1 
19 1 0 3 0 4 4 1 1118    1 
19 1 1 1 1 2 2 1  680    1 
19 1 0 2 3 3 3 1  580    1 
19 1 1 3 3 4 4 1  829    1 
19 1 0 1 2 2 2 1  747    1 
19 1 0 1 2 2 2 1  460    1 
19 1 0 0 1 1 1 1  481    1 
19 1 0 3 0 4 4 1  781    1 
19 1 0 2 3 3 3 1  629    1 
19 1 1 1 1 2 2 1  659    1 
19 1 0 0 1 1 1 1  600    1 
19 1 0 3 0 4 4 1  847    1 
19 1 1 0 0 1 1 1  917    1 
19 1 1 1 1 2 2 1  583    1 
19 1 1 3 3 4 4 1  806    1 
19 1 0 3 0 4 4 1  701    1 
19 1 0 1 2 2 2 1  680    1 
19 1 0 0 1 1 1 1  716    1 
19 1 1 3 3 4 2 0  702    1 
19 1 1 3 3 4 4 1  663    1 
19 1 0 1 2 2 2 1  620    1 
19 1 1 1 1 2 2 1  594    0 
19 1 1 2 2 3 3 1  545    1 
19 1 0 3 0 4 4 1  955    1 
19 1 1 0 0 1 1 1  500    1 
19 1 1 3 3 4 4 1  934    1 
19 1 0 1 2 2 2 1  728    1 
19 1 1 0 0 1 1 1  442    1 
19 1 0 2 3 3 3 1  592    1 
19 1 0 2 3 3 3 1  463    1 
19 1 0 0 1 1 1 1  540    1 
19 1 1 1 1 2 2 1  637    1 
19 1 0 1 2 2 2 1  691    1 
19 1 0 1 2 2 2 1  702    1 
19 1 0 2 3 3 3 1  601    1 
19 1 1 2 2 3 3 1  448    1 
19 1 0 1 2 2 2 1  717    1 
19 1 1 1 1 2 2 1  511    1 
19 1 1 1 1 2 2 1  402    1 
19 1 0 2 3 3 3 1  601    1 
19 1 1 1 1 2 2 1  552    1 
19 1 1 1 1 2 2 1  417    1 
19 1 1 1 1 2 2 1  407    1 
19 1 1 2 2 3 3 1  710    1 
19 1 1 0 0 1 1 1  416    1 
19 1 1 0 0 1 1 1  342    1 
19 1 1 3 3 4 4 1  936    1 
19 1 0 2 3 3 3 1  449    1 
19 1 0 2 3 3 3 1  390    1 
19 1 0 1 2 2 2 1  934    1 
19 1 0 0 1 1 1 1  807    1 
19 1 1 0 0 1 1 1  478    1 
19 1 1 1 1 2 2 1  754    0 
19 1 1 1 1 2 2 1  787    1 
19 1 1 3 3 4 4 1  874    1 
19 1 1 0 0 1 1 1  863    1 
19 1 1 3 3 4 4 1  547    0 
19 1 1 1 1 2 2 1  669    1 
19 1 1 3 3 4 4 1  945    1 
19 1 1 2 2 3 3 1  722    1 
19 1 0 3 0 4 4 1 1133    1 
19 1 1 3 3 4 4 1  478    1 
19 1 1 2 2 3 3 1  442    1 
19 1 0 0 1 1 1 1  464    1 
19 1 0 0 1 1 1 1  364    1 
19 1 0 1 3 2 2 1 2142    1 
19 1 0 3 1 4 4 1 1776    1 
19 1 0 3 1 4 4 1  472    1 
19 1 0 1 3 2 2 1  596    1 
19 1 1 0 0 1 1 1  555    1 
19 1 1 2 2 3 3 1  444    1 
19 1 0 2 0 3 3 1  410    1 
19 1 1 3 3 4 4 1  832    1 
19 1 0 0 2 1 1 1  742    1 
19 1 0 1 3 2 2 1  663    1 
19 1 1 2 2 3 3 1  572    1 
19 1 1 1 1 2 2 1  628    1 
19 1 0 0 2 1 3 0  419    1 
19 1 0 0 2 1 1 1  463    1 
19 1 1 3 3 4 4 1  683    1 
19 1 1 2 2 3 3 1  495    1 
19 1 0 3 1 4 2 0  778    0 
19 1 1 0 0 1 1 1  513    1 
19 1 0 0 2 1 1 1  387    1 
19 1 0 3 1 4 4 1  835    1 
19 1 1 0 0 1 1 1  560    1 
19 1 0 3 1 4 4 1  721    0 
19 1 1 0 0 1 1 1  427    1 
19 1 0 3 1 4 4 1  473    1 
19 1 0 3 1 4 4 1  445    1 
19 1 0 1 3 2 2 1  667    1 
19 1 1 3 3 4 4 1  583    1 
19 1 1 2 2 3 3 1  455    1 
19 1 1 2 2 3 3 1  379    1 
19 1 1 3 3 4 4 1  611    1 
19 1 1 1 1 2 2 1  626    1 
19 1 1 3 3 4 4 1  904    1 
19 1 1 1 1 2 2 1  427    1 
19 1 0 0 2 1 1 1  585    1 
19 1 0 3 1 4 4 1  585    1 
19 1 0 2 0 3 3 1  608    0 
19 1 0 0 2 1 1 1  487    1 
19 1 0 2 0 3 3 1  547    1 
19 1 0 0 2 1 1 1  636    1 
19 1 1 2 2 3 3 1  433    1 
19 1 0 2 0 3 3 1  407    1 
19 1 0 1 3 2 2 1 1022    1 
19 1 1 2 2 3 3 1  468    1 
19 1 0 2 0 3 3 1  432    1 
19 1 0 0 2 1 1 1  534    1 
19 1 0 0 2 1 1 1  375    1 
19 1 0 0 2 1 1 1  327    1 
19 1 0 1 3 2 2 1  705    1 
19 1 0 0 2 1 1 1  452    1 
19 1 1 0 0 1 1 1  361    1 
19 1 0 2 0 3 3 1  562    1 
19 1 1 1 1 2 2 1  954    1 
19 1 1 3 3 4 4 1  883    1 
19 1 0 0 2 1 1 1  495    1 
19 1 1 3 3 4 4 1  506    1 
19 1 0 0 2 1 1 1  653    1 
19 1 1 3 3 4 4 1  546    0 
19 1 0 1 3 2 2 1  739    0 
19 1 0 1 3 2 2 1  389    1 
19 1 1 2 2 3 3 1  524    1 
19 1 0 1 3 2 2 1  646    1 
19 1 0 0 2 1 3 0  436    1 
19 1 0 3 1 4 3 0  535    1 
19 1 1 3 3 4 4 1  719    1 
19 1 1 3 3 4 4 1  473    1 
19 1 0 1 3 2 2 1  605    1 
19 1 1 1 1 2 2 1  452    1 
19 1 1 3 3 4 4 1  433    1 
19 1 1 2 2 3 3 1  574    1 
19 1 1 3 3 4 4 1  614    1 
19 1 0 0 2 1 1 1  533    1 
19 1 1 1 1 2 2 1  750    1 
19 1 0 0 2 1 1 1  503    1 
19 1 0 2 0 3 3 1  594    1 
19 1 1 3 3 4 4 1 1089    1 
19 1 1 0 0 1 1 1  493    1 
19 1 0 0 2 1 1 1  400    1 
19 1 0 2 0 3 3 1  823    1 
19 1 0 2 0 3 3 1  421    1 
19 1 0 3 1 4 4 1  804    1 
19 1 0 3 1 4 4 1  498    1 
19 1 0 0 2 1 1 1  478    1 
19 1 1 2 2 3 3 1  530    1 
19 1 0 2 0 3 3 1  404    1 
19 1 1 0 0 1 1 1  467    1 
19 1 0 3 1 4 4 1  823    1 
19 1 0 3 1 4 4 1  461    1 
19 1 0 0 2 1 1 1  458    1 
19 1 0 2 0 3 3 1  711    1 
19 1 1 2 2 3 3 1  362    1 
19 1 1 2 2 3 3 1  338    1 
19 1 1 1 1 2 2 1  700    1 
19 1 0 1 3 2 2 1  495    1 
19 1 1 0 0 1 1 1  418    1 
19 1 1 2 2 3 3 1  456    1 
19 1 1 1 1 2 2 1  717    1 
19 1 1 3 3 4 4 1  839    1 
19 1 0 2 0 3 3 1  549    1 
19 1 0 0 2 1 1 1  485    1 
19 1 1 3 3 4 4 1  809    1 
19 1 0 0 2 1 1 1  800    1 
19 1 1 0 0 1 1 1  374    1 
19 1 0 1 3 2 2 1  655    1 
19 1 0 2 0 3 3 1  635    1 
19 1 1 0 0 1 1 1  465    1 
19 1 1 3 3 4 4 1  614    1 
19 1 1 0 0 1 1 1  468    1 
19 1 1 3 3 4 4 1  529    1 
19 1 1 2 2 3 3 1  507    1 
19 1 0 3 1 4 4 1  941    1 
19 1 0 2 0 3 1 0  503    1 
19 1 1 1 1 2 2 1  760    1 
19 1 1 1 1 2 2 1  473    1 
19 1 0 3 1 4 4 1  837    1 
19 1 1 1 1 2 2 1  666  107 
19 1 1 1 1 2 2 1  462    1 
19 1 0 3 1 4 4 1  627    1 
19 1 1 2 2 3 3 1  561    1 
19 1 1 3 3 4 4 1  490    0 
19 1 0 2 0 3 3 1  566    1 
19 1 1 1 1 2 4 0  686    1 
19 1 1 1 1 2 2 1 1151    1 
19 1 0 3 1 4 4 1  688    1 
19 1 0 1 3 2 4 0  612    1 
19 1 1 3 3 4 4 1  480    0 
19 1 1 2 2 3 3 1  524    1 
19 1 1 2 2 3 3 1  447    1 
19 1 1 0 0 1 2 0  420    1 
19 1 1 2 2 3 3 1  448    1 
19 1 1 1 1 2 2 1 1070    1 
19 1 1 1 1 2 2 1  394    1 
19 1 1 2 2 3 3 1  513    1 
19 1 1 3 3 4 4 1  628    1 
19 1 0 0 2 1 1 1  586    1 
19 1 1 2 2 3 3 1  522    1 
19 1 0 3 1 4 2 0  636    0 
19 1 1 0 0 1 1 1  503    1 
19 1 0 1 3 2 2 1  522    1 
19 1 0 0 2 1 3 0  548    1 
19 1 0 0 2 1 1 1  459    1 
19 1 1 0 0 1 1 1  400    1 
19 1 1 2 2 3 3 1  511    1 
19 1 1 1 1 2 2 1  673    1 
19 1 0 1 3 2 2 1  590   11 
19 1 1 1 1 2 2 1  461    1 
19 1 1 2 2 3 3 1  562    1 
19 1 1 2 2 3 3 1  427    1 
19 1 0 3 1 4 2 0  737    1 
19 1 1 2 2 3 3 1  496    1 
19 1 0 3 1 4 4 1  620    1 
19 1 1 1 1 2 2 1  770    1 
19 1 0 3 1 4 4 1  546    1 
19 1 1 1 1 2 4 0  627    1 
19 1 1 1 1 2 2 1  584    1 
19 1 1 2 2 3 3 1  975    1 
19 1 0 0 2 1 1 1  615    1 
19 1 0 3 1 4 4 1  957    1 
19 1 0 3 1 4 4 1  542    1 
19 1 1 2 2 3 3 1  600    1 
19 1 1 2 2 3 3 1  431    1 
19 1 1 1 1 2 2 1  749    1 
19 1 0 3 1 4 4 1  621    1 
19 1 1 0 0 1 1 1  508    1 
19 1 0 0 2 1 1 1  574    1 
19 1 0 3 1 4 4 1  870    1 
19 1 1 1 1 2 2 1 1387    1 
19 1 1 0 0 1 1 1  514    1 
19 1 0 1 3 2 2 1  621    1 
19 1 0 0 2 1 1 1  563    1 
19 1 1 1 1 2 2 1 1076    1 
19 1 0 1 3 2 2 1  512    1 
19 1 0 1 3 2 2 1  387    1 
19 1 0 0 2 1 1 1  442    1 
19 1 0 1 3 2 2 1  552    1 
19 1 0 3 1 4 4 1  745    1 
19 1 1 1 1 2 2 1  634    1 
19 1 1 0 0 1 1 1  512    1 
19 1 1 2 2 3 3 1  618    1 
19 1 0 1 3 2 2 1  696    1 
19 1 0 2 0 3 3 1  812    1 
19 1 0 2 0 3 3 1  411    1 
19 1 0 1 3 2 2 1  642    1 
19 1 1 3 3 4 4 1  711    1 
19 1 0 2 0 3 3 1  946    1 
19 1 0 3 1 4 2 0  915    1 
19 1 1 1 1 2 2 1  372    1 
19 1 0 2 0 3 3 1  644    1 
19 1 1 1 1 2 2 1  753    1 
19 1 1 0 0 1 1 1  482    1 
19 1 1 0 0 1 1 1  413    1 
19 1 0 0 2 1 1 1  396    1 
19 1 1 2 2 3 3 1  644    1 
