22 1 1 1 1 2 2 1 4880    0 
22 1 1 3 3 4 4 1 1516    1 
22 1 1 3 3 4 4 1  590    0 
22 1 1 0 0 1 1 1  870    1 
22 1 0 2 1 3 3 1 1274    1 
22 1 0 1 0 2 0 0 5000    0 
22 1 1 3 3 4 4 1  842    0 
22 1 0 0 3 1 1 1 1687    0 
22 1 1 1 1 2 2 1 1747    0 
22 1 0 2 1 3 3 1 1284    0 
22 1 1 2 2 3 3 1 1679    0 
22 1 1 1 1 2 2 1 1116    1 
22 1 1 1 1 2 2 1  565    0 
22 1 0 1 0 2 2 1  805    0 
22 1 1 2 2 3 3 1  924    1 
22 1 1 1 1 2 2 1  966    0 
22 1 1 2 2 3 3 1  902    0 
22 1 1 0 0 1 1 1  817    0 
22 1 1 2 2 3 3 1  935    0 
22 1 0 0 3 1 1 1 1064    0 
22 1 0 1 0 2 2 1  901    1 
22 1 1 2 2 3 3 1 1367    0 
22 1 1 1 1 2 2 1 1047    0 
22 1 0 0 3 1 1 1  805    1 
22 1 1 2 2 3 3 1 1051    0 
22 1 1 3 3 4 4 1  920    0 
22 1 1 3 3 4 4 1  514    0 
22 1 1 0 0 1 1 1  661    1 
22 1 0 2 1 3 2 0  841    1 
22 1 0 3 2 4 4 1 1901    0 
22 1 1 1 1 2 2 1  775   86 
22 1 0 2 1 3 3 1 1127    0 
22 1 1 3 3 4 4 1 1857    0 
22 1 1 1 1 2 2 1 1678    0 
22 1 0 2 1 3 3 1  890    1 
22 1 1 3 3 4 4 1  877    0 
22 1 1 3 3 4 4 1  465    0 
22 1 0 3 2 4 4 1  693    1 
22 1 0 3 2 4 4 1  473    1 
22 1 0 0 3 1 1 1 2349    0 
22 1 0 2 1 3 3 1 1901    1 
22 1 1 3 3 4 4 1  968    1 
22 1 1 0 0 1 1 1  752    0 
22 1 0 3 2 4 4 1  769    0 
22 1 0 0 3 1 1 1  889  114 
22 1 1 1 1 2 2 1  876    0 
22 1 1 2 2 3 3 1  896    0 
22 1 1 2 2 3 3 1  651    1 
22 1 0 0 3 1 1 1 1736    0 
22 1 0 0 3 1 1 1  521    0 
22 1 1 2 2 3 3 1 1723    1 
22 1 0 1 0 2 2 1 1877    1 
22 1 0 3 2 4 4 1  841    0 
22 1 0 2 1 3 3 1  983    0 
22 1 1 0 0 1 1 1  894    1 
22 1 0 0 3 1 1 1  625    1 
22 1 1 1 1 2 2 1 2599    0 
22 1 1 1 1 2 2 1  534    0 
22 1 1 3 3 4 4 1 2383    0 
22 1 1 1 1 2 2 1  911    0 
22 1 1 0 0 1 1 1 1065    1 
22 1 0 3 2 4 4 1 1669    0 
22 1 1 2 2 3 3 1  961    1 
22 1 1 3 3 4 4 1 1170    0 
22 1 1 1 1 2 2 1  818    0 
22 1 0 0 3 1 1 1  808    1 
22 1 1 2 2 3 3 1 1382    0 
22 1 0 3 2 4 4 1 1358    0 
22 1 0 3 2 4 4 1  502    0 
22 1 0 3 2 4 4 1  793    0 
22 1 0 2 1 3 3 1 1280    0 
22 1 1 1 1 2 3 0  613    1 
22 1 1 1 1 2 2 1 1041    0 
22 1 1 1 1 2 2 1  478    0 
22 1 0 0 3 1 1 1  778    0 
22 1 0 2 1 3 3 1 1266    0 
22 1 0 1 0 2 2 1 2310    0 
22 1 1 0 0 1 1 1  961    1 
22 1 0 1 0 2 1 0  530    0 
22 1 0 3 2 4 4 1  834  110 
22 1 1 0 0 1 1 1  839    0 
22 1 0 0 3 1 1 1  748    0 
22 1 0 2 1 3 3 1 1709    1 
22 1 0 3 2 4 4 1 1056    0 
22 1 1 3 3 4 4 1 1196    1 
22 1 0 0 3 1 1 1  732    1 
22 1 0 3 2 4 4 1  861    0 
22 1 1 0 0 1 1 1  874    0 
22 1 1 0 0 1 1 1  582    1 
22 1 1 2 2 3 3 1 1053    0 
22 1 0 3 2 4 4 1  778    1 
22 1 1 1 1 2 2 1 4298    0 
22 1 1 1 1 2 2 1  493    0 
22 1 1 0 0 1 1 1  736    1 
22 1 1 1 1 2 2 1  778    0 
22 1 0 0 3 1 1 1  810    0 
22 1 1 0 0 1 1 1  736    0 
22 1 1 2 2 3 3 1  986    1 
22 1 1 3 3 4 4 1  801    1 
22 1 0 1 0 2 2 1  984    0 
22 1 0 1 0 2 2 1  631    1 
22 1 0 2 1 3 3 1 1077    1 
22 1 0 1 0 2 2 1  793    0 
22 1 0 3 2 4 4 1 3936    0 
22 1 1 3 3 4 4 1  474    0 
22 1 1 1 1 2 2 1 2174    0 
22 1 0 2 1 3 3 1  942    1 
22 1 1 2 2 3 3 1  591    0 
22 1 0 0 3 1 1 1  750    0 
22 1 1 3 3 4 4 1 2463    1 
22 1 0 0 3 1 1 1  644    0 
22 1 0 3 2 4 4 1  921    0 
22 1 0 1 0 2 2 1  963    0 
22 1 1 3 3 4 4 1  876    0 
22 1 0 3 2 4 4 1  624    0 
22 1 1 1 1 2 2 1  942    0 
22 1 0 3 2 4 4 1 2143    0 
22 1 0 0 3 1 1 1  808    0 
22 1 1 0 0 1 1 1  527    1 
22 1 0 3 2 4 4 1  977    0 
22 1 0 2 1 3 2 0 1393    0 
22 1 0 3 2 4 4 1 1014    1 
22 1 0 0 3 1 1 1  685    1 
22 1 0 0 3 1 1 1  480    0 
22 1 0 0 3 1 1 1  428    1 
22 1 0 2 1 3 3 1 2514    0 
22 1 1 2 2 3 3 1  549    0 
22 1 1 3 3 4 4 1 2486    0 
22 1 0 1 0 2 2 1 2601    0 
22 1 0 1 0 2 2 1  543    0 
22 1 0 1 0 2 2 1  457    0 
22 1 0 2 1 3 3 1 1045    0 
22 1 0 0 3 1 1 1  723    0 
22 1 0 2 1 3 3 1  821    1 
22 1 1 2 2 3 3 1  739    0 
22 1 1 2 2 3 3 1  484    0 
22 1 0 2 1 3 3 1  751    1 
22 1 1 0 0 1 1 1  672    0 
22 1 0 1 0 2 2 1  836    0 
22 1 0 0 3 1 1 1  729    0 
22 1 1 1 1 2 2 1 1019    0 
22 1 0 2 1 3 1 0  705    1 
22 1 1 2 2 3 3 1  706    1 
22 1 0 0 3 1 1 1  685    0 
22 1 1 3 3 4 4 1  792  115 
22 1 1 3 3 4 4 1  423    0 
22 1 1 1 1 2 2 1  917  125 
22 1 1 3 3 4 4 1  799    0 
22 1 1 2 2 3 3 1 1166    0 
22 1 0 0 3 1 1 1  830  120 
22 1 0 0 3 1 1 1  468    0 
22 1 1 2 2 3 3 1  800    0 
22 1 0 2 1 3 3 1  863    0 
22 1 0 1 0 2 2 1 1043    5 
22 1 1 2 2 3 3 1  713    1 
22 1 0 3 2 4 4 1 1027    0 
22 1 1 1 1 2 2 1 2009    1 
22 1 0 1 0 2 2 1  640    0 
22 1 0 1 0 2 2 1  485    0 
22 1 0 0 3 1 1 1  729    1 
22 1 0 3 2 4 4 1 1131    1 
22 1 0 0 3 1 1 1  757    1 
22 1 1 3 3 4 4 1  821    1 
22 1 1 1 1 2 2 1 1003    0 
22 1 0 2 1 3 3 1  810    0 
22 1 0 1 0 2 2 1 1201    0 
22 1 1 0 0 1 1 1  799    1 
22 1 0 1 0 2 2 1  902    0 
22 1 0 2 1 3 3 1 1481    0 
22 1 1 3 3 4 4 1 1077    0 
22 1 0 1 0 2 2 1 1945    0 
22 1 1 0 0 1 1 1  770    1 
22 1 1 0 0 1 1 1  546    1 
22 1 0 1 0 2 2 1 1339    1 
22 1 1 0 0 1 1 1  693    1 
22 1 1 1 1 2 2 1  736    0 
22 1 1 0 0 1 1 1  761    1 
22 1 1 0 0 1 1 1  538    0 
22 1 1 3 3 4 4 1  811    1 
22 1 1 2 2 3 3 1  994    0 
22 1 0 3 2 4 4 1  921    1 
22 1 0 3 2 4 4 1  523    0 
22 1 1 2 2 3 3 1  885    0 
22 1 0 1 0 2 2 1  905    1 
22 1 0 3 2 4 4 1 1475    0 
22 1 1 3 3 4 4 1  623    1 
22 1 0 2 1 3 3 1  869    1 
22 1 0 0 3 1 1 1  785    0 
22 1 1 2 2 3 3 1 1513    1 
22 1 1 2 2 3 3 1  459    1 
22 1 0 0 3 1 1 1 1000    0 
22 1 1 2 2 3 3 1 1399    0 
22 1 0 0 3 1 1 1 2162    0 
22 1 1 1 1 2 2 1 4315    1 
22 1 1 3 3 4 4 1  821    1 
22 1 0 2 1 3 3 1  995    0 
22 1 1 1 1 2 2 1  794    0 
22 1 1 0 0 1 2 0  594    0 
22 1 0 3 2 4 4 1 2759    0 
22 1 0 3 2 4 2 0  496    0 
22 1 0 2 1 3 3 1  817    0 
22 1 0 0 3 1 1 1 1119    0 
22 1 0 3 2 4 4 1 1081    0 
22 1 0 1 0 2 1 0 4565    0 
22 1 0 3 2 4 4 1 1971    1 
22 1 0 0 3 1 1 1  699    0 
22 1 1 2 2 3 1 0  758    1 
22 1 1 2 2 3 2 0  676    0 
22 1 0 0 3 1 1 1  958    1 
22 1 1 1 1 2 2 1  847    0 
22 1 0 2 1 3 3 1 1028    0 
22 1 0 0 3 1 1 1 1354    1 
22 1 0 2 1 3 3 1 3091    0 
22 1 1 0 0 1 1 1  750    0 
22 1 0 3 2 4 4 1  735    0 
22 1 1 3 3 4 4 1  776    0 
22 1 1 0 0 1 1 1  744    0 
22 1 0 3 2 4 4 1  841    1 
22 1 0 1 0 2 2 1 1519    1 
22 1 1 2 2 3 4 0 1289    0 
22 1 1 0 0 1 1 1  938    0 
22 1 1 0 0 1 1 1  531    0 
22 1 0 0 3 1 1 1  501    0 
22 1 0 1 0 2 1 0  696    0 
22 1 1 1 1 2 2 1 1049    0 
22 1 0 3 2 4 4 1 1462    1 
22 1 0 3 2 4 4 1  515    0 
22 1 1 1 1 2 2 1  917    1 
22 1 0 3 2 4 3 0  959    1 
22 1 0 3 2 4 4 1  662    1 
22 1 1 0 0 1 1 1  699    0 
22 1 1 3 3 4 4 1  597    0 
22 1 0 1 0 2 2 1 1029    0 
22 1 0 3 2 4 4 1  835    0 
22 1 1 1 1 2 2 1  776    1 
22 1 0 2 1 3 3 1  792    0 
22 1 1 2 2 3 3 1  679    0 
22 1 1 2 2 3 3 1  547    1 
22 1 0 2 1 3 3 1  541    1 
22 1 1 3 3 4 4 1  686    1 
22 1 0 3 2 4 4 1  473    1 
22 1 1 3 3 4 4 1  869    0 
22 1 0 0 3 1 1 1  601    0 
22 1 0 0 3 1 1 1  440    1 
22 1 0 0 3 1 1 1  421    1 
22 1 1 1 1 2 3 0  699    1 
22 1 1 0 0 1 2 0  452    0 
22 1 1 2 2 3 3 1  727    0 
22 1 1 0 0 1 1 1  705    0 
22 1 1 3 3 4 4 1  699    0 
22 1 0 1 0 2 2 1 1022    0 
22 1 1 3 3 4 4 1  724    1 
22 1 0 1 0 2 2 1  710    1 
22 1 1 3 3 4 4 1  441    0 
22 1 1 2 2 3 3 1  694    0 
22 1 0 3 2 4 4 1  793    1 
22 1 0 0 3 1 1 1  673    0 
22 1 0 2 1 3 3 1 1517    1 
22 1 1 1 1 2 2 1  839    1 
22 1 1 2 2 3 3 1  772    1 
22 1 1 0 0 1 4 0 1012    1 
22 1 0 3 2 4 4 1  897    1 
22 1 0 2 1 3 2 0  740    0 
22 1 1 1 1 2 2 1  955    0 
22 1 1 0 0 1 1 1  668    1 
22 1 0 2 1 3 3 1  888    0 
22 1 0 2 1 3 3 1  595    0 
22 1 1 0 0 1 4 0  915    1 
22 1 0 3 2 4 4 1 1051    1 
22 1 1 1 1 2 2 1 3599    0 
22 1 0 2 1 3 3 1  662    0 
22 1 1 0 0 1 1 1 1523    1 
22 1 0 2 1 3 4 0  829    0 
22 1 1 0 0 1 1 1 1089    0 
22 1 1 1 1 2 2 1 1780    0 
22 1 1 0 0 1 1 1  716    1 
22 1 1 2 2 3 3 1  958    1 
22 1 0 2 1 3 3 1  903    1 
22 1 0 1 0 2 1 0  937    0 
22 1 0 1 0 2 2 1  921    1 
22 1 0 0 3 1 1 1  842  109 
22 1 0 1 0 2 2 1 1040    1 
22 1 1 0 0 1 1 1  741    1 
22 1 0 1 0 2 2 1 1022    0 
22 1 0 1 0 2 2 1  860    1 
22 1 0 0 3 1 1 1  841    0 
22 1 1 1 1 2 2 1 1318    0 
22 1 1 0 0 1 1 1  720    0 
22 1 1 2 2 3 3 1 1810    0 
22 1 1 0 0 1 1 1  745    0 
22 1 0 3 2 4 4 1  706    1 
22 1 0 2 1 3 3 1  829    0 
22 1 1 2 2 3 3 1 1131    1 
22 1 1 0 0 1 1 1  637    0 
22 1 1 1 1 2 2 1  786    0 
22 1 0 0 3 1 1 1  786    0 
22 1 1 1 1 2 2 1  713    1 
22 1 1 3 3 4 4 1  708    0 
22 1 1 3 3 4 4 1  534    0 
22 1 0 3 2 4 4 1 1152    0 
22 1 0 3 2 4 4 1  472    1 
22 1 0 2 1 3 1 0  692    0 
22 1 0 0 3 1 1 1 1222    1 
22 1 0 1 0 2 2 1  844    0 
22 1 0 1 0 2 2 1  657    0 
22 1 0 3 2 4 3 0  798    0 
22 1 0 3 2 4 4 1  426    0 
22 1 1 2 2 3 3 1  744    0 
22 1 1 2 2 3 3 1  666    1 
22 1 0 2 1 3 3 1  582    1 
22 1 0 1 0 2 2 1  853    0 
22 1 1 2 2 3 3 1  666    0 
22 1 1 1 1 2 2 1  910    0 
22 1 1 3 3 4 4 1  720    0 
22 1 1 0 0 1 1 1  666    0 
22 1 0 2 1 3 3 1 1278    0 
22 1 1 2 2 3 3 1  490    1 
22 1 0 0 3 1 4 0  790    0 
22 1 0 0 3 1 1 1  467    1 
22 1 1 1 1 2 2 1  807    0 
22 1 0 1 0 2 2 1  566    0 
22 1 1 2 2 3 3 1  710    0 
22 1 1 1 1 2 2 1  872    0 
22 1 1 1 1 2 2 1  540    0 
22 1 1 3 3 4 4 1 3870    0 
22 1 0 1 0 2 2 1 1010    0 
22 1 0 1 0 2 2 1  568    0 
22 1 1 3 3 4 4 1  704    1 
22 1 1 0 0 1 1 1  843    0 
22 1 1 0 0 1 1 1  496    1 
22 1 1 0 0 1 1 1  404    0 
22 1 0 2 1 3 3 1  826  108 
22 1 1 0 0 1 1 1  864    1 
22 1 0 0 3 1 1 1  517    0 
22 1 0 3 2 4 4 1  783    0 
22 1 1 1 1 2 2 1 1310    0 
22 1 1 1 1 2 2 1  481    0 
22 1 0 3 2 4 4 1  669    0 
22 1 1 0 0 1 1 1  505    0 
22 1 0 1 0 2 2 1  812    1 
22 1 1 1 1 2 2 1  890    0 
22 1 1 1 1 2 2 1  502    0 
22 1 1 2 2 3 3 1  960    0 
22 1 1 1 1 2 2 1  713    0 
22 1 1 2 2 3 3 1  540    0 
22 1 1 3 3 4 4 1  685   84 
22 1 0 3 2 4 4 1  488    1 
22 1 1 2 2 3 3 1  780    1 
22 1 0 0 3 1 1 1  659    0 
22 1 0 2 1 3 3 1  704    0 
22 1 0 1 0 2 4 0  907    0 
22 1 1 0 0 1 1 1  699    1 
22 1 1 2 2 3 3 1 2206    1 
22 1 0 3 2 4 4 1  685    0 
22 1 0 2 1 3 3 1  864    0 
22 1 1 3 3 4 4 1 1285    1 
22 1 1 3 3 4 4 1  416    0 
22 1 0 1 0 2 2 1 1086    0 
22 1 1 1 1 2 2 1  689    1 
22 1 0 2 1 3 3 1  693    0 
22 1 1 1 1 2 4 0 4024    0 
22 1 1 3 3 4 4 1  868    0 
22 1 0 3 2 4 4 1 1128    0 
22 1 0 3 2 4 4 1  498    1 
22 1 0 2 1 3 3 1  717    1 
22 1 0 0 3 1 1 1  575    1 
22 1 1 3 3 4 4 1 2151    1 
22 1 0 3 2 4 4 1  584    0 
22 1 1 2 2 3 3 1  927    1 
22 1 1 2 2 3 3 1  489    1 
22 1 0 2 1 3 2 0  765    1 
22 1 1 3 3 4 4 1  723    0 
22 1 0 2 1 3 3 1  821    0 
22 1 1 3 3 4 3 0  627    1 
22 1 0 1 0 2 4 0 3559    0 
22 1 1 1 1 2 2 1  701    0 
22 1 0 1 0 2 2 1  456    0 
22 1 0 0 3 1 1 1  653    0 
22 1 1 2 2 3 3 1 1993    1 
22 1 1 2 2 3 3 1  425    0 
22 1 0 0 3 1 1 1  703    0 
22 1 1 3 3 4 4 1  841    0 
22 1 0 0 3 1 1 1  783    1 
22 1 0 0 3 1 1 1  406    0 
