19 1 2 1 3 0 0 3 3 1 1897    4 
19 1 3 2 0 0 0 4 4 1  812    4 
19 1 2 1 3 0 0 3 3 1  886    5 
19 1 1 0 2 0 0 2 2 1  877    4 
19 1 2 2 3 0 1 3 3 1 1004    4 
19 1 1 1 1 1 1 2 2 1  926    4 
19 1 1 1 1 1 1 2 2 1  594    5 
19 1 1 0 1 1 0 2 2 1  942    4 
19 1 3 2 0 0 0 4 4 1  826    4 
19 1 3 3 3 1 1 4 4 1  883    4 
19 1 3 2 0 0 0 4 4 1  626    4 
19 1 2 2 2 1 1 3 3 1 1740    5 
19 1 1 1 2 0 1 2 2 1  621    4 
19 1 0 0 0 1 1 1 1 1  823    4 
19 1 2 1 2 1 0 3 3 1 1112    4 
19 1 3 2 3 1 0 4 4 1  709    4 
19 1 3 2 0 0 0 4 4 1  995    4 
19 1 0 3 1 0 0 1 1 1  957    4 
19 1 1 1 1 1 1 2 2 1 2864    5 
19 1 0 0 0 1 1 1 1 1 1098    4 
19 1 3 2 3 1 0 4 4 1  744    4 
19 1 3 2 0 0 0 4 4 1  700    5 
19 1 0 3 0 1 0 1 1 1 1019    4 
19 1 3 2 0 0 0 4 4 1  685    4 
19 1 3 3 0 0 1 4 4 1 1076    5 
19 1 2 1 2 1 0 3 3 1  803    4 
19 1 1 0 2 0 0 2 2 1  893    4 
19 1 3 3 0 0 1 4 4 1  731    5 
19 1 2 2 3 0 1 3 3 1 1297    5 
19 1 1 1 2 0 1 2 2 1  742    5 
19 1 3 2 3 1 0 4 4 1  802    5 
19 1 0 3 1 0 0 1 1 1 2485    4 
19 1 2 2 3 0 1 3 3 1 1487    5 
19 1 0 0 0 1 1 1 1 1  636    4 
19 1 2 1 3 0 0 3 3 1 1037    4 
19 1 2 2 3 0 1 3 3 1  621    5 
19 1 2 2 2 1 1 3 3 1  567    4 
19 1 3 3 3 1 1 4 4 1  676    4 
19 1 3 2 0 0 0 4 4 1  803    4 
19 1 1 0 2 0 0 2 2 1  797    4 
19 1 1 1 2 0 1 2 2 1  519    4 
19 1 2 2 2 1 1 3 3 1  798    5 
19 1 3 2 3 1 0 4 4 1  600    4 
19 1 3 3 0 0 1 4 3 0  635    4 
19 1 3 2 0 0 0 4 4 1 1066    4 
19 1 0 3 0 1 0 1 1 1  873    4 
19 1 2 2 3 0 1 3 3 1 1016    4 
19 1 0 3 0 1 0 1 1 1 1298    5 
19 1 0 0 1 0 1 1 1 1  655    5 
19 1 0 0 0 1 1 1 1 1  543    4 
19 1 1 1 2 0 1 2 2 1 1004    5 
19 1 0 0 0 1 1 1 1 1  837    4 
19 1 0 0 1 0 1 1 1 1  702    4 
19 1 3 2 0 0 0 4 4 1  765    4 
19 1 3 3 0 0 1 4 4 1  625    4 
19 1 0 0 0 1 1 1 1 1  738    4 
19 1 3 2 3 1 0 4 4 1  943    5 
19 1 0 0 1 0 1 1 1 1  699    5 
19 1 2 1 3 0 0 3 3 1 1202    4 
19 1 1 0 2 0 0 2 2 1 1035    4 
19 1 0 0 0 1 1 1 1 1  636    5 
19 1 1 1 1 1 1 2 2 1  957    4 
19 1 3 2 3 1 0 4 4 1  856    4 
19 1 1 1 1 1 1 2 2 1  680    5 
19 1 1 0 2 0 0 2 4 0  680    4 
19 1 0 0 0 1 1 1 1 1  908    4 
19 1 2 1 2 1 0 3 3 1 1122    4 
19 1 0 3 0 1 0 1 1 1 1046    4 
19 1 0 0 1 0 1 1 1 1  758    4 
19 1 0 3 0 1 0 1 1 1  666    4 
19 1 2 2 2 1 1 3 3 1  946    5 
19 1 3 3 0 0 1 4 4 1 1006    4 
19 1 2 1 3 0 0 3 3 1 2032    4 
19 1 2 1 3 0 0 3 3 1  685    5 
19 1 2 1 3 0 0 3 3 1  677    4 
19 1 0 0 1 0 1 1 1 1  700    5 
19 1 0 0 1 0 1 1 1 1  643    4 
19 1 1 1 1 1 1 2 1 0  644    5 
19 1 1 0 1 1 0 2 1 0  546    4 
19 1 1 1 2 0 1 2 2 1 1277    4 
19 1 0 0 1 0 1 1 1 1  707    4 
19 1 1 1 1 1 1 2 2 1  793    5 
19 1 0 0 1 0 1 1 1 1  715    5 
19 1 1 0 1 1 0 2 2 1  994    4 
19 1 0 0 0 1 1 1 1 1  708    4 
19 1 2 1 2 1 0 3 3 1 1034    4 
19 1 0 0 1 0 1 1 1 1  898    4 
19 1 0 3 1 0 0 1 1 1  672    4 
19 1 3 2 0 0 0 4 4 1  928    5 
19 1 2 2 3 0 1 3 3 1  757    4 
19 1 3 3 0 0 1 4 4 1  929    4 
19 1 2 2 2 1 1 3 3 1  982    4 
19 1 1 0 2 0 0 2 2 1  976    5 
19 1 3 2 3 1 0 4 4 1 1059    5 
19 1 0 0 1 0 1 1 1 1  690    5 
19 1 1 0 1 1 0 2 2 1 1017    4 
19 1 2 1 3 0 0 3 3 1 1130    5 
19 1 2 2 2 1 1 3 3 1  766    4 
19 1 3 3 0 0 1 4 4 1  906    4 
19 1 2 2 2 1 1 3 3 1  680    4 
19 1 1 0 1 1 0 2 2 1 1024    5 
19 1 1 1 1 1 1 2 2 1  680    4 
19 1 3 3 0 0 1 4 4 1  656    4 
19 1 3 2 3 1 0 4 4 1  632    4 
19 1 1 1 2 0 1 2 2 1 1146    5 
19 1 1 0 1 1 0 2 2 1  885    4 
19 1 0 0 1 0 1 1 1 1  900    4 
19 1 0 3 0 1 0 1 1 1  794    5 
19 1 1 0 1 1 0 2 2 1 2277    4 
19 1 0 0 1 0 1 1 1 1  704    4 
19 1 2 2 2 1 1 3 3 1 1270    5 
19 1 3 2 0 0 0 4 4 1  860    5 
19 1 2 2 2 1 1 3 3 1  620    4 
19 1 2 1 2 1 0 3 3 1 1318    4 
19 1 1 1 2 0 1 2 2 1  906    4 
19 1 1 1 2 0 1 2 2 1  544    4 
19 1 0 3 1 0 0 1 1 1  925    4 
19 1 3 3 3 1 1 4 4 1  690    4 
19 1 0 3 0 1 0 1 1 1 1041    4 
19 1 3 3 0 0 1 4 4 1 2561    5 
19 1 2 2 2 1 1 3 3 1  759    4 
19 1 1 1 2 0 1 2 2 1  779    4 
19 1 3 3 3 1 1 4 4 1 1086    4 
19 1 2 2 2 1 1 3 3 1  605    4 
19 1 3 3 3 1 1 4 4 1  807    4 
19 1 0 0 1 0 1 1 1 1  737    5 
19 1 3 3 0 0 1 4 4 1  878    4 
19 1 0 3 1 0 0 1 1 1  853    5 
19 1 2 2 3 0 1 3 4 0  733    4 
19 1 3 3 3 1 1 4 4 1 1240    4 
19 1 3 2 0 0 0 4 4 1 1215    5 
19 1 1 1 2 0 1 2 2 1 1152    4 
19 1 2 1 3 0 0 3 3 1  955    5 
19 1 3 2 0 0 0 4 4 1  918    4 
19 1 0 3 0 1 0 1 1 1 1204    4 
19 1 0 0 0 1 1 1 1 1  789    5 
19 1 2 2 2 1 1 3 3 1 1720    5 
19 1 2 1 2 1 0 3 3 1  931    5 
19 1 0 0 0 1 1 1 1 1  792    4 
19 1 2 1 2 1 0 3 3 1 1066    4 
19 1 0 3 0 1 0 1 1 1  850    4 
19 1 0 3 0 1 0 1 1 1  642    5 
19 1 2 2 2 1 1 3 3 1 1219    4 
19 1 2 1 3 0 0 3 3 1 1004    4 
19 1 2 2 2 1 1 3 3 1  421    4 
19 1 3 2 3 1 0 4 4 1  895    5 
19 1 1 1 1 1 1 2 2 1 2701    5 
19 1 3 2 3 1 0 4 4 1  814    4 
19 1 3 3 0 0 1 4 4 1  576    4 
19 1 2 1 2 1 0 3 3 1  844    5 
19 1 1 0 2 0 0 2 2 1 1036    4 
19 1 2 2 2 1 1 3 4 0  981    5 
19 1 3 2 3 1 0 4 4 1  869    5 
19 1 1 0 1 1 0 2 2 1  980    4 
19 1 0 0 1 0 1 1 1 1  879    5 
19 1 1 0 2 0 0 2 2 1  918    4 
19 1 2 1 3 0 0 3 3 1 1500    4 
19 1 1 0 1 1 0 2 2 1 1272    4 
19 1 0 0 1 0 1 1 1 1  878    5 
19 1 0 3 0 1 0 1 1 1  925    4 
19 1 1 0 2 0 0 2 2 1 1858    5 
19 1 3 2 0 0 0 4 4 1  830    5 
19 1 2 2 2 1 1 3 3 1 1167    4 
19 1 0 3 0 1 0 1 2 0  818    4 
19 1 3 3 3 1 1 4 4 1  785    4 
19 1 0 3 0 1 0 1 1 1  973    5 
19 1 1 1 2 0 1 2 2 1 1399    5 
19 1 1 0 1 1 0 2 2 1  960    5 
19 1 1 0 1 1 0 2 2 1  707    4 
19 1 3 2 0 0 0 4 4 1  802    4 
19 1 2 2 3 0 1 3 3 1  756    4 
19 1 2 2 3 0 1 3 3 1  576    4 
19 1 0 3 0 1 0 1 1 1 1700    4 
19 1 0 0 0 1 1 1 1 1  584    4 
19 1 0 3 0 1 0 1 1 1  660    4 
19 1 1 0 2 0 0 2 2 1 1100    4 
19 1 2 2 3 0 1 3 3 1 1866    5 
19 1 1 0 2 0 0 2 2 1  902    4 
19 1 3 2 3 1 0 4 4 1  989    5 
19 1 1 1 1 1 1 2 2 1 1583    5 
19 1 1 0 2 0 0 2 2 1  879    4 
19 1 2 2 3 0 1 3 3 1 1174    4 
19 1 1 0 2 0 0 2 3 0  696    5 
19 1 2 2 2 1 1 3 3 1  861    4 
19 1 1 0 2 0 0 2 2 1  892    4 
19 1 3 2 0 0 0 4 4 1  763    4 
19 1 2 1 3 0 0 3 3 1  927    4 
19 1 1 0 1 1 0 2 2 1  883    4 
19 1 3 3 3 1 1 4 4 1 1026    4 
19 1 1 1 2 0 1 2 2 1 1195    4 
19 1 3 2 3 1 0 4 4 1  668    5 
19 1 0 3 0 1 0 1 1 1  892    4 
19 2 3 3 3 1 1 4 4 1 3102    4 
19 2 2 0 0 0 0 3 3 1  878    4 
19 2 3 1 1 0 0 4 4 1  829    4 
19 2 3 1 3 1 0 4 4 1  534    4 
19 2 2 2 0 0 1 3 3 1 1012    5 
19 2 0 0 0 1 1 1 2 0  717    4 
19 2 1 3 3 0 0 2 2 1  864    4 
19 2 3 1 1 0 0 4 2 0  672    4 
19 2 1 1 3 0 1 2 2 1  797    5 
19 2 3 1 3 1 0 4 4 1  735    4 
19 2 2 2 0 0 1 3 3 1 1085    5 
19 2 3 1 3 1 0 4 4 1  867    5 
19 2 1 3 3 0 0 2 2 1 1747    4 
19 2 1 3 1 1 0 2 2 1  853    5 
19 2 3 3 3 1 1 4 4 1  949    4 
19 2 0 0 2 0 1 1 1 1  929    5 
19 2 0 0 0 1 1 1 1 1  598    4 
19 2 1 3 3 0 0 2 2 1  953    5 
19 2 2 0 2 1 0 3 3 1 1189    5 
19 2 0 0 0 1 1 1 1 1  862    4 
19 2 1 1 3 0 1 2 2 1  958    4 
19 2 2 2 2 1 1 3 3 1  562    5 
19 2 0 2 0 1 0 1 4 0 1078    5 
19 2 1 1 3 0 1 2 2 1 1202    5 
19 2 0 0 0 1 1 1 1 1  819    4 
19 2 2 0 2 1 0 3 3 1 1013    4 
19 2 1 3 1 1 0 2 2 1 1438    4 
19 2 1 3 1 1 0 2 2 1  605    5 
19 2 0 2 2 0 0 1 1 1  783   15 
19 2 0 2 2 0 0 1 1 1  947    4 
19 2 2 2 2 1 1 3 3 1  791    4 
19 2 0 2 0 1 0 1 1 1  745    4 
19 2 2 2 0 0 1 3 1 0  542    4 
19 2 3 3 1 0 1 4 4 1  952    5 
19 2 0 0 2 0 1 1 1 1  637    4 
19 2 1 3 1 1 0 2 2 1  966    4 
19 2 1 1 3 0 1 2 2 1  985    4 
19 2 1 1 1 1 1 2 2 1  636    5 
19 2 2 0 0 0 0 3 3 1  997    5 
19 2 0 2 2 0 0 1 1 1 1511    5 
19 2 1 3 1 1 0 2 2 1 1003    4 
19 2 2 2 0 0 1 3 3 1  869    5 
19 2 2 2 0 0 1 3 3 1  661    4 
19 2 2 2 2 1 1 3 3 1  613    4 
19 2 0 2 2 0 0 1 1 1  751    4 
19 2 2 0 0 0 0 3 3 1 1364    4 
19 2 1 1 1 1 1 2 2 1  862    4 
19 2 0 0 0 1 1 1 1 1  758    4 
19 2 3 1 1 0 0 4 4 1  898    5 
19 2 1 3 1 1 0 2 2 1 1048    5 
19 2 1 3 1 1 0 2 2 1  800    4 
19 2 2 0 0 0 0 3 3 1 1035    4 
19 2 3 1 3 1 0 4 4 1  851    4 
19 2 3 1 1 0 0 4 4 1  740    4 
19 2 0 0 2 0 1 1 1 1  888    5 
19 2 2 0 2 1 0 3 3 1  863    4 
19 2 0 0 0 1 1 1 1 1 1654    4 
19 2 0 0 2 0 1 1 1 1  580    5 
19 2 3 1 3 1 0 4 4 1  944    5 
19 2 0 0 2 0 1 1 1 1 1156    5 
19 2 0 0 0 1 1 1 1 1  551    4 
19 2 2 2 0 0 1 3 3 1 1540    4 
19 2 3 3 3 1 1 4 4 1  551    4 
19 2 1 3 3 0 0 2 2 1  988    4 
19 2 0 0 2 0 1 1 1 1 1014    4 
19 2 0 2 2 0 0 1 1 1  751    4 
19 2 3 1 1 0 0 4 4 1  796    4 
19 2 2 2 0 0 1 3 3 1  830    5 
19 2 2 2 0 0 1 3 3 1  640    4 
19 2 1 1 3 0 1 2 2 1  785    4 
19 2 0 0 0 1 1 1 1 1  668    4 
19 2 1 1 3 0 1 2 2 1  852    4 
19 2 3 1 3 1 0 4 4 1  989    5 
19 2 2 2 0 0 1 3 1 0  598    4 
19 2 0 0 2 0 1 1 1 1  703    5 
19 2 0 0 0 1 1 1 1 1  637    4 
19 2 3 3 1 0 1 4 4 1  838    4 
19 2 1 3 1 1 0 2 2 1 1022    4 
19 2 3 1 3 1 0 4 4 1  847    5 
19 2 2 2 0 0 1 3 3 1  879    5 
19 2 3 3 3 1 1 4 4 1  606    4 
19 2 1 1 3 0 1 2 2 1 1889    5 
19 2 0 0 0 1 1 1 1 1  965    5 
19 2 3 1 3 1 0 4 4 1  656    4 
19 2 3 3 1 0 1 4 3 0  968    4 
19 2 1 3 3 0 0 2 2 1 1017    4 
19 2 1 3 1 1 0 2 2 1  970    5 
19 2 0 0 2 0 1 1 1 1  917    4 
19 2 3 1 3 1 0 4 4 1  659    4 
19 2 0 0 0 1 1 1 1 1 1003    4 
19 2 1 1 1 1 1 2 2 1  981    5 
19 2 1 1 1 1 1 2 2 1  583    4 
19 2 3 3 1 0 1 4 4 1 1035    4 
19 2 0 2 0 1 0 1 1 1 1036    4 
19 2 0 2 0 1 0 1 1 1  956    4 
19 2 3 3 3 1 1 4 4 1  712    4 
19 2 3 1 3 1 0 4 4 1  598    4 
19 2 3 3 3 1 1 4 4 1  433    5 
19 2 1 1 1 1 1 2 2 1 1147    4 
19 2 2 0 0 0 0 3 3 1 1007    4 
19 2 2 2 2 1 1 3 3 1  720    5 
19 2 0 0 0 1 1 1 1 1  582    5 
19 2 2 2 0 0 1 3 1 0  513    4 
19 2 2 0 2 1 0 3 3 1  685    5 
19 2 1 1 1 1 1 2 2 1  757    4 
19 2 0 2 0 1 0 1 1 1 1065    4 
19 2 1 1 3 0 1 2 2 1  944    4 
19 2 0 0 0 1 1 1 1 1  604    5 
19 2 3 3 3 1 1 4 4 1  927    5 
19 2 2 0 2 1 0 3 3 1  604    4 
19 2 2 2 2 1 1 3 3 1  494    4 
19 2 3 3 3 1 1 4 4 1  525    5 
19 2 0 0 2 0 1 1 2 0  731    4 
19 2 3 3 1 0 1 4 4 1 1478    4 
19 2 1 1 1 1 1 2 2 1 1419    4 
19 2 3 3 1 0 1 4 4 1 1051    5 
19 2 2 0 2 1 0 3 3 1 2187    4 
19 2 1 3 3 0 0 2 1 0  914    4 
19 2 3 3 1 0 1 4 4 1  973    4 
19 2 3 3 3 1 1 4 4 1  704    4 
19 2 3 1 1 0 0 4 4 1  638    4 
19 2 0 0 2 0 1 1 1 1  783    4 
19 2 0 2 0 1 0 1 4 0  682    5 
19 2 0 2 0 1 0 1 1 1  719    5 
19 2 0 0 2 0 1 1 1 1  605    5 
19 2 3 1 1 0 0 4 4 1  928    4 
19 2 1 3 3 0 0 2 2 1 1164    4 
19 2 0 2 0 1 0 1 1 1 1031    4 
19 2 1 1 3 0 1 2 2 1  608    4 
19 2 2 0 0 0 0 3 3 1  866    4 
19 2 1 3 1 1 0 2 2 1  810    4 
19 2 0 2 0 1 0 1 1 1 1036    4 
19 2 3 1 1 0 0 4 4 1  764    5 
19 2 2 2 0 0 1 3 3 1 1672    5 
19 2 2 0 0 0 0 3 3 1  637    4 
19 2 1 3 1 1 0 2 2 1  662    5 
19 2 1 1 3 0 1 2 2 1  975    4 
19 2 1 1 1 1 1 2 2 1  409    4 
19 2 2 0 2 1 0 3 4 0  708    4 
19 2 3 3 3 1 1 4 4 1  920    5 
19 2 2 2 2 1 1 3 3 1  661    5 
19 2 1 1 3 0 1 2 2 1  822    4 
19 2 2 0 2 1 0 3 3 1 1055    4 
19 2 3 3 1 0 1 4 4 1  782    4 
19 2 0 2 2 0 0 1 1 1 1305    4 
19 2 3 1 1 0 0 4 4 1  694    4 
19 2 2 0 2 1 0 3 3 1 1084    4 
19 2 0 2 2 0 0 1 1 1 1003    4 
19 2 0 2 2 0 0 1 1 1  725    5 
19 2 1 3 3 0 0 2 2 1 1002    4 
19 2 2 2 2 1 1 3 3 1  764    4 
19 2 3 1 3 1 0 4 4 1  872    4 
19 2 1 1 3 0 1 2 2 1  863    5 
19 2 3 3 3 1 1 4 2 0  671    4 
19 2 1 3 1 1 0 2 2 1  868    4 
19 2 0 0 0 1 1 1 1 1  803    4 
19 2 1 3 1 1 0 2 2 1  957    4 
19 2 3 3 1 0 1 4 4 1  880    4 
19 2 2 0 0 0 0 3 3 1 1151    4 
19 2 2 0 0 0 0 3 3 1  811    4 
19 2 0 0 0 1 1 1 1 1 1037    5 
19 2 3 3 3 1 1 4 4 1  597    4 
19 2 2 2 0 0 1 3 3 1  688    5 
19 2 3 3 1 0 1 4 4 1  743    5 
19 2 1 3 3 0 0 2 2 1 1084    4 
19 2 3 3 3 1 1 4 2 0  586    4 
19 2 1 1 3 0 1 2 2 1  979    4 
19 2 3 3 3 1 1 4 4 1 1061    4 
19 2 2 0 0 0 0 3 3 1  829    4 
19 2 0 2 2 0 0 1 2 0  782    5 
19 2 1 3 1 1 0 2 2 1  958    4 
19 2 0 2 0 1 0 1 1 1  794    5 
19 2 1 3 3 0 0 2 2 1 1220    4 
19 2 0 2 0 1 0 1 1 1  765    4 
19 2 3 3 1 0 1 4 4 1  665    4 
19 2 2 2 0 0 1 3 3 1  945    4 
19 2 2 0 0 0 0 3 3 1  805    4 
19 2 0 0 2 0 1 1 2 0  719    4 
19 2 2 0 2 1 0 3 3 1  914    4 
19 2 0 0 0 1 1 1 1 1  576    4 
19 2 2 0 0 0 0 3 3 1  932    4 
19 2 1 3 3 0 0 2 2 1  777    4 
19 2 2 0 0 0 0 3 3 1  868    4 
19 2 3 1 1 0 0 4 4 1  732    4 
19 2 2 0 2 1 0 3 3 1  817    4 
19 2 1 3 3 0 0 2 4 0  427    4 
19 2 3 1 3 1 0 4 4 1  690    5 
19 2 2 0 0 0 0 3 3 1  801    5 
19 2 2 2 2 1 1 3 3 1 1020    5 
19 2 3 1 3 1 0 4 4 1  677    5 
19 2 2 0 0 0 0 3 3 1  773    4 
19 2 1 3 1 1 0 2 2 1  984    4 
19 3 0 1 0 1 0 1 1 1 2809    4 
19 3 3 0 0 0 0 4 4 1  789    4 
19 3 2 3 3 0 0 3 3 1  784    4 
19 3 0 0 1 0 1 1 1 1  979    5 
19 3 1 2 1 1 0 2 2 1  942    5 
19 3 3 0 0 0 0 4 2 0  666    5 
19 3 0 0 1 0 1 1 1 1  959    5 
19 3 0 1 1 0 0 1 1 1  771    4 
19 3 1 1 1 1 1 2 2 1  862    5 
19 3 0 1 1 0 0 1 1 1  934    4 
19 3 0 1 0 1 0 1 1 1  507    4 
19 3 0 0 0 1 1 1 1 1  833    4 
19 3 3 0 0 0 0 4 2 0  746    4 
19 3 3 3 0 0 1 4 3 0  588    5 
19 3 3 3 0 0 1 4 4 1  637    5 
19 3 0 0 1 0 1 1 1 1  654    4 
19 3 2 3 2 1 0 3 3 1  990    4 
19 3 0 0 0 1 1 1 1 1  880    4 
19 3 1 1 2 0 1 2 4 0  751    4 
19 3 3 3 3 1 1 4 4 1  849    4 
19 3 2 2 3 0 1 3 3 1  857    4 
19 3 3 3 3 1 1 4 4 1 2529    4 
19 3 3 3 0 0 1 4 4 1  625    5 
19 3 0 1 1 0 0 1 1 1  899    5 
19 3 1 1 2 0 1 2 2 1  809    5 
19 3 3 3 3 1 1 4 4 1  851    4 
19 3 0 0 1 0 1 1 1 1  755    4 
19 3 0 1 1 0 0 1 2 0  807    4 
19 3 1 1 2 0 1 2 2 1 1086    4 
19 3 1 2 2 0 0 2 2 1 1157    5 
19 3 2 2 2 1 1 3 3 1  936    4 
19 3 1 1 2 0 1 2 2 1 1316    4 
19 3 3 3 3 1 1 4 4 1  633    4 
19 3 2 3 2 1 0 3 3 1  810    4 
19 3 3 3 3 1 1 4 4 1  644    4 
19 3 2 3 2 1 0 3 3 1  805    4 
19 3 1 1 2 0 1 2 2 1  815    4 
19 3 0 1 1 0 0 1 1 1  697    4 
19 3 0 1 0 1 0 1 1 1  624    5 
19 3 2 3 3 0 0 3 3 1 1026    5 
19 3 2 2 2 1 1 3 3 1  770    5 
19 3 2 3 3 0 0 3 3 1  525    5 
19 3 0 0 0 1 1 1 1 1  619    5 
19 3 3 3 0 0 1 4 4 1  869    4 
19 3 1 2 2 0 0 2 2 1 1357    5 
19 3 2 3 3 0 0 3 3 1  935    4 
19 3 0 0 1 0 1 1 2 0  572    4 
19 3 3 3 3 1 1 4 4 1  677    4 
19 3 2 3 2 1 0 3 3 1  869    4 
19 3 0 1 0 1 0 1 1 1 1028    5 
19 3 2 3 2 1 0 3 3 1 1197    4 
19 3 1 2 1 1 0 2 2 1  862    4 
19 3 2 3 3 0 0 3 3 1  862    4 
19 3 1 1 1 1 1 2 2 1 1557    5 
19 3 3 0 3 1 0 4 1 0 1191    4 
19 3 0 1 0 1 0 1 1 1 1046    4 
19 3 2 3 3 0 0 3 3 1  861    4 
19 3 1 2 2 0 0 2 2 1  997    4 
19 3 1 1 1 1 1 2 3 0  679    5 
19 3 3 3 3 1 1 4 4 1  780    5 
19 3 1 2 2 0 0 2 2 1  999    4 
19 3 1 1 1 1 1 2 2 1  673    5 
19 3 0 1 0 1 0 1 1 1  889    5 
19 3 1 2 1 1 0 2 2 1 1111    5 
19 3 1 1 1 1 1 2 2 1  724    4 
19 3 2 2 2 1 1 3 4 0  873    5 
19 3 0 1 1 0 0 1 1 1  878    4 
19 3 0 0 0 1 1 1 1 1  621    4 
19 3 3 3 3 1 1 4 3 0  574    4 
19 3 2 2 2 1 1 3 3 1  919    4 
19 3 0 1 0 1 0 1 1 1  677    4 
19 3 1 1 1 1 1 2 2 1 1573    5 
19 3 2 3 2 1 0 3 3 1  821    5 
19 3 2 3 2 1 0 3 3 1  742    4 
19 3 2 3 2 1 0 3 3 1  555    4 
19 3 1 1 1 1 1 2 2 1  848    5 
19 3 3 3 3 1 1 4 4 1  760    4 
19 3 0 0 0 1 1 1 1 1  532    4 
19 3 3 0 0 0 0 4 4 1 1642    5 
19 3 0 0 1 0 1 1 1 1  824    5 
19 3 3 0 0 0 0 4 4 1  793    4 
19 3 1 2 1 1 0 2 2 1 3004    5 
19 3 1 1 1 1 1 2 1 0  736    4 
19 3 3 0 3 1 0 4 4 1  858    4 
19 3 0 1 1 0 0 1 2 0  666    4 
19 3 3 0 0 0 0 4 4 1  960    5 
19 3 0 1 1 0 0 1 1 1  835    4 
19 3 0 0 1 0 1 1 1 1  668    4 
19 3 3 0 0 0 0 4 4 1 1397    5 
19 3 3 3 0 0 1 4 4 1  653    5 
19 3 1 2 1 1 0 2 2 1 1390    4 
19 3 3 3 3 1 1 4 4 1  646    5 
19 3 2 2 2 1 1 3 3 1  823    4 
19 3 0 0 0 1 1 1 1 1  824    4 
19 3 2 3 3 0 0 3 3 1 1050    4 
19 3 2 3 2 1 0 3 3 1  537    4 
19 3 1 1 1 1 1 2 2 1  687    4 
19 3 1 1 1 1 1 2 2 1  606    4 
19 3 1 2 2 0 0 2 2 1 1248    5 
19 3 3 0 3 1 0 4 4 1 1751    4 
19 3 0 0 1 0 1 1 1 1 1129    4 
19 3 1 1 2 0 1 2 2 1 1085    4 
19 3 1 2 2 0 0 2 1 0 1268    4 
19 3 2 2 2 1 1 3 3 1  903    4 
19 3 1 2 2 0 0 2 3 0  493    4 
19 3 0 0 1 0 1 1 1 1 1009    4 
19 3 2 3 2 1 0 3 3 1  827    4 
19 3 3 3 0 0 1 4 4 1  676    4 
19 3 0 1 0 1 0 1 1 1 1267    4 
19 3 2 2 2 1 1 3 3 1  882    5 
19 3 3 0 3 1 0 4 4 1  841    4 
19 3 0 1 1 0 0 1 2 0  633    5 
19 3 2 2 3 0 1 3 3 1 1264    5 
19 3 1 1 2 0 1 2 1 0  759    5 
19 3 2 3 2 1 0 3 3 1  816    4 
19 3 2 3 3 0 0 3 3 1 1026    4 
19 3 3 0 0 0 0 4 2 0  698    4 
19 3 0 0 0 1 1 1 1 1 1022    4 
19 3 1 1 2 0 1 2 3 0  695    5 
19 3 1 1 1 1 1 2 2 1  883    5 
19 3 3 3 0 0 1 4 4 1  738    4 
19 3 2 2 2 1 1 3 3 1 1503    5 
19 3 3 0 3 1 0 4 4 1 1235    4 
19 3 2 3 2 1 0 3 3 1 3675    4 
19 3 2 2 2 1 1 3 3 1  522    4 
19 3 1 2 1 1 0 2 2 1  808    4 
19 3 3 0 3 1 0 4 4 1  650    4 
19 3 2 3 2 1 0 3 3 1 1491    4 
19 3 0 0 1 0 1 1 1 1  856    4 
19 3 3 0 0 0 0 4 4 1  839    4 
19 3 0 1 0 1 0 1 1 1  952    4 
19 3 3 0 0 0 0 4 4 1  596    4 
19 3 0 1 1 0 0 1 1 1 1039    5 
19 3 1 2 1 1 0 2 3 0  943    4 
19 3 2 3 3 0 0 3 3 1  848    4 
19 3 1 1 2 0 1 2 2 1 1049    5 
19 3 1 2 2 0 0 2 2 1  688    4 
19 3 0 0 1 0 1 1 1 1  839    5 
19 3 2 2 3 0 1 3 3 1 2008    5 
19 3 1 2 1 1 0 2 2 1  790    4 
19 3 1 2 1 1 0 2 2 1  552    4 
19 3 0 0 1 0 1 1 1 1  941    5 
19 3 3 0 3 1 0 4 4 1  673    4 
19 3 1 1 1 1 1 2 2 1  665    4 
19 3 3 3 0 0 1 4 4 1  913    5 
19 3 1 2 2 0 0 2 2 1 1103    4 
19 3 0 0 1 0 1 1 4 0 1036    4 
19 3 3 3 3 1 1 4 4 1 3074    4 
19 3 3 0 3 1 0 4 4 1  555    5 
19 3 1 2 2 0 0 2 2 1 1048    4 
19 3 2 2 3 0 1 3 3 1  735    4 
19 3 3 0 3 1 0 4 4 1 1037    4 
19 3 2 3 3 0 0 3 3 1 1093    5 
19 3 1 1 1 1 1 2 2 1  843    4 
19 3 2 2 2 1 1 3 3 1  595    4 
19 3 3 0 0 0 0 4 4 1  703    5 
19 3 3 3 3 1 1 4 4 1  525    5 
19 3 3 0 0 0 0 4 4 1  627    4 
19 3 0 0 1 0 1 1 1 1  837    5 
19 3 2 2 3 0 1 3 3 1  773    4 
19 3 0 1 1 0 0 1 2 0  688    4 
19 3 2 2 3 0 1 3 4 0  812    5 
19 3 3 3 3 1 1 4 4 1  539    4 
19 3 1 2 2 0 0 2 2 1  977    5 
19 3 1 1 2 0 1 2 2 1  787    4 
19 3 3 3 3 1 1 4 3 0  494    5 
19 3 0 0 1 0 1 1 1 1  707    4 
19 3 1 2 2 0 0 2 2 1 1057    5 
19 3 2 2 3 0 1 3 3 1 1896    4 
19 3 2 3 2 1 0 3 3 1  891    4 
19 3 3 3 0 0 1 4 4 1  681    4 
19 3 2 3 3 0 0 3 3 1  993    4 
19 3 2 2 3 0 1 3 3 1  563    5 
19 3 0 0 1 0 1 1 1 1  952    4 
19 3 2 3 3 0 0 3 3 1  620    4 
19 3 0 0 1 0 1 1 1 1  789    5 
19 3 0 1 0 1 0 1 1 1  664    5 
19 3 1 1 1 1 1 2 4 0  784    4 
19 3 0 1 1 0 0 1 1 1  649    5 
19 3 0 0 0 1 1 1 1 1  730    5 
19 3 2 3 2 1 0 3 4 0  639    5 
19 3 2 2 2 1 1 3 3 1  581    4 
19 3 1 1 1 1 1 2 1 0  681    5 
19 3 3 3 3 1 1 4 3 0  582    4 
19 3 2 3 3 0 0 3 3 1  991    4 
19 3 1 1 1 1 1 2 2 1  721    4 
19 3 2 3 3 0 0 3 3 1  879    4 
19 3 3 3 3 1 1 4 4 1  662    5 
19 3 0 1 0 1 0 1 1 1  702    5 
19 3 3 0 3 1 0 4 4 1  773    4 
19 3 3 0 0 0 0 4 4 1  832    4 
19 3 1 1 2 0 1 2 2 1  913    4 
19 4 1 0 1 1 0 2 2 1 3009    4 
19 4 0 3 1 0 0 1 1 1 1068    4 
19 4 3 2 3 1 0 4 2 0  843    4 
19 4 2 2 2 1 1 3 3 1  809    5 
19 4 3 2 0 0 0 4 4 1  795    4 
19 4 0 0 0 1 1 1 1 1  710    4 
19 4 1 0 2 0 0 2 2 1  900    5 
19 4 3 2 3 1 0 4 4 1  698    4 
19 4 1 0 2 0 0 2 2 1  793    4 
19 4 3 2 3 1 0 4 4 1  715    4 
19 4 2 1 2 1 0 3 4 0  810    5 
19 4 1 0 2 0 0 2 2 1  793    4 
19 4 0 0 1 0 1 1 1 1  651    5 
19 4 0 3 1 0 0 1 1 1  900    4 
19 4 2 2 3 0 1 3 4 0  546    4 
19 4 1 0 2 0 0 2 2 1 1525    4 
19 4 1 1 2 0 1 2 2 1  656    5 
19 4 3 2 3 1 0 4 4 1  744    4 
19 4 0 0 1 0 1 1 1 1  693    4 
19 4 2 1 2 1 0 3 3 1 1028    5 
19 4 1 1 1 1 1 2 2 1  740    5 
19 4 0 0 1 0 1 1 1 1 2009    5 
19 4 3 2 3 1 0 4 4 1  727    5 
19 4 2 1 3 0 0 3 3 1  821    5 
19 4 1 1 1 1 1 2 2 1  622    4 
19 4 2 2 3 0 1 3 3 1 1544    5 
19 4 3 3 3 1 1 4 4 1  802    4 
19 4 2 2 3 0 1 3 4 0  500    4 
19 4 2 2 3 0 1 3 3 1  657    4 
19 4 0 3 0 1 0 1 1 1  737    4 
19 4 0 3 1 0 0 1 1 1  646    4 
19 4 1 0 2 0 0 2 2 1  775    4 
19 4 0 0 0 1 1 1 1 1  858    4 
19 4 1 0 1 1 0 2 2 1  826    4 
19 4 2 1 2 1 0 3 3 1  675    4 
19 4 3 3 0 0 1 4 4 1  835    5 
19 4 3 2 0 0 0 4 4 1  660    4 
19 4 3 2 3 1 0 4 4 1  444    4 
19 4 1 1 1 1 1 2 1 0  606    4 
19 4 2 2 2 1 1 3 3 1  686    5 
19 4 2 1 3 0 0 3 4 0  741    5 
19 4 2 2 2 1 1 3 3 1  375    4 
19 4 1 1 1 1 1 2 2 1  532    4 
19 4 2 1 3 0 0 3 3 1  770    5 
19 4 0 3 0 1 0 1 2 0  693    4 
19 4 3 3 3 1 1 4 4 1  833    5 
19 4 1 1 1 1 1 2 2 1 1426    4 
19 4 0 0 0 1 1 1 1 1  673    5 
19 4 2 1 2 1 0 3 3 1  769    4 
19 4 0 3 1 0 0 1 1 1  989    5 
19 4 2 1 3 0 0 3 3 1  943    5 
19 4 1 0 2 0 0 2 2 1 1043    4 
19 4 3 3 3 1 1 4 3 0  819    5 
19 4 0 0 0 1 1 1 1 1  778    5 
19 4 3 3 3 1 1 4 4 1  661    4 
19 4 0 3 1 0 0 1 1 1  846    5 
19 4 0 3 0 1 0 1 1 1  718    5 
19 4 0 3 1 0 0 1 1 1  612    4 
19 4 0 0 1 0 1 1 1 1  775    4 
19 4 0 0 1 0 1 1 1 1  474    4 
19 4 3 3 0 0 1 4 4 1  778    4 
19 4 0 3 0 1 0 1 1 1  837    4 
19 4 3 3 0 0 1 4 4 1  726    4 
19 4 3 3 0 0 1 4 4 1  515    5 
19 4 0 0 1 0 1 1 1 1  698    4 
19 4 2 2 2 1 1 3 3 1  697    4 
19 4 1 0 1 1 0 2 2 1  968    4 
19 4 1 0 1 1 0 2 2 1  523    4 
19 4 2 1 2 1 0 3 3 1  865    5 
19 4 0 3 1 0 0 1 1 1  745    5 
19 4 0 3 1 0 0 1 1 1  501    4 
19 4 2 2 2 1 1 3 3 1  653    5 
19 4 1 0 1 1 0 2 1 0  525    5 
19 4 0 3 1 0 0 1 1 1  624    4 
19 4 3 2 0 0 0 4 4 1  874    4 
19 4 3 3 3 1 1 4 4 1  585    4 
19 4 2 2 3 0 1 3 3 1  821    4 
19 4 0 3 0 1 0 1 1 1 1054    4 
19 4 1 0 1 1 0 2 2 1  869    4 
19 4 2 2 3 0 1 3 3 1  925    4 
19 4 1 0 1 1 0 2 2 1 1314    4 
19 4 2 2 3 0 1 3 3 1  646    4 
19 4 3 3 3 1 1 4 4 1  631    4 
19 4 3 3 3 1 1 4 4 1  449    5 
19 4 1 1 2 0 1 2 2 1 1218    4 
19 4 0 0 0 1 1 1 1 1 1795    4 
19 4 1 0 2 0 0 2 2 1 1019    5 
19 4 3 3 3 1 1 4 4 1  620    5 
19 4 1 0 2 0 0 2 2 1  758    4 
19 4 1 1 2 0 1 2 2 1 1218    4 
19 4 3 3 0 0 1 4 4 1  642    4 
19 4 0 0 1 0 1 1 1 1  867    5 
19 4 1 0 1 1 0 2 2 1  907    5 
19 4 0 0 0 1 1 1 1 1 1201    4 
19 4 3 3 0 0 1 4 4 1  826    4 
19 4 3 2 0 0 0 4 4 1  539    4 
19 4 2 1 3 0 0 3 1 0 1096    4 
19 4 3 3 0 0 1 4 4 1  819    4 
19 4 3 3 3 1 1 4 4 1  477    4 
19 4 3 3 0 0 1 4 4 1  413    4 
19 4 1 0 1 1 0 2 2 1  760    4 
19 4 3 3 3 1 1 4 4 1  428    4 
19 4 2 2 3 0 1 3 3 1  719    5 
19 4 1 1 2 0 1 2 2 1  797    4 
19 4 2 1 3 0 0 3 3 1  959    5 
19 4 3 2 0 0 0 4 4 1  643    5 
19 4 0 3 0 1 0 1 2 0  748    4 
19 4 2 1 3 0 0 3 3 1  998    5 
19 4 2 1 3 0 0 3 3 1  456    4 
19 4 0 3 1 0 0 1 1 1  689    5 
19 4 2 1 2 1 0 3 3 1  743    5 
19 4 0 0 1 0 1 1 1 1  500    5 
19 4 3 3 3 1 1 4 4 1  540    4 
19 4 1 1 2 0 1 2 2 1  921    4 
19 4 3 2 3 1 0 4 3 0  638    4 
19 4 2 1 2 1 0 3 3 1  660    4 
19 4 3 2 0 0 0 4 1 0  764    4 
19 4 1 0 2 0 0 2 2 1  901    5 
19 4 2 2 3 0 1 3 3 1  724    5 
19 4 0 3 1 0 0 1 1 1  625    5 
19 4 0 3 0 1 0 1 1 1  467    4 
19 4 2 2 3 0 1 3 4 0  468    4 
19 4 3 3 0 0 1 4 3 0  882    4 
19 4 0 3 0 1 0 1 1 1  758    5 
19 4 3 2 3 1 0 4 4 1  578    4 
19 4 3 2 0 0 0 4 4 1  654    4 
19 4 2 1 3 0 0 3 3 1  638    5 
19 4 3 2 3 1 0 4 4 1  607    4 
19 4 1 0 2 0 0 2 2 1  770    4 
19 4 1 1 1 1 1 2 2 1  797    5 
19 4 0 0 1 0 1 1 1 1  736    4 
19 4 3 3 0 0 1 4 4 1  685    4 
19 4 0 0 0 1 1 1 1 1  869    5 
19 4 2 2 2 1 1 3 3 1  580    4 
19 4 2 2 2 1 1 3 3 1  552    4 
19 4 1 1 1 1 1 2 2 1  605    4 
19 4 3 2 0 0 0 4 4 1  991    5 
19 4 2 2 3 0 1 3 1 0  865    4 
19 4 1 1 1 1 1 2 2 1  686    5 
19 4 2 2 2 1 1 3 3 1  733    5 
19 4 1 0 1 1 0 2 2 1  642    5 
19 4 3 2 3 1 0 4 4 1  723    4 
19 4 0 3 1 0 0 1 1 1 1185    4 
19 4 0 3 1 0 0 1 1 1  587    5 
19 4 3 2 0 0 0 4 4 1  710    4 
19 4 1 1 1 1 1 2 2 1  788    4 
19 4 2 2 3 0 1 3 3 1 1367    4 
19 4 0 3 1 0 0 1 2 0  585    5 
19 4 0 0 0 1 1 1 1 1 1530    4 
19 4 2 2 3 0 1 3 4 0  685    5 
19 4 2 1 2 1 0 3 3 1  594    4 
19 4 2 2 3 0 1 3 3 1  445    4 
19 4 2 2 2 1 1 3 3 1  639    4 
19 4 3 2 0 0 0 4 4 1  680    4 
19 4 1 1 2 0 1 2 2 1  743    4 
19 4 3 3 0 0 1 4 4 1  644    5 
19 4 0 0 1 0 1 1 2 0  757    5 
19 4 1 0 1 1 0 2 1 0  558    4 
19 4 1 1 2 0 1 2 2 1  656    5 
19 4 3 3 3 1 1 4 4 1  624    5 
19 4 3 3 3 1 1 4 4 1  434    4 
19 4 1 0 1 1 0 2 2 1  732    4 
19 4 0 0 0 1 1 1 1 1  978    4 
19 4 1 0 2 0 0 2 2 1  733    5 
19 4 0 0 0 1 1 1 1 1  450    4 
19 4 2 1 2 1 0 3 4 0  612    4 
19 4 3 3 3 1 1 4 4 1  643    4 
19 4 0 3 0 1 0 1 1 1  652    4 
19 4 2 1 3 0 0 3 3 1  957    4 
19 4 1 1 1 1 1 2 2 1  817    4 
19 4 0 3 0 1 0 1 1 1  819    4 
19 4 1 1 1 1 1 2 2 1  716    4 
19 4 1 0 2 0 0 2 3 0  707    5 
19 4 1 1 2 0 1 2 2 1 1078    5 
19 4 1 1 1 1 1 2 2 1  508    5 
19 4 0 3 1 0 0 1 1 1  755    4 
19 4 1 1 1 1 1 2 2 1  791    5 
19 4 2 2 2 1 1 3 3 1  610    4 
19 4 1 0 1 1 0 2 2 1  668    4 
19 4 0 0 1 0 1 1 1 1  732    4 
19 4 3 2 0 0 0 4 4 1 1066    4 
19 4 1 0 1 1 0 2 2 1  881    4 
19 4 1 0 1 1 0 2 2 1  568    4 
19 4 2 2 2 1 1 3 4 0  764    5 
19 4 3 3 3 1 1 4 4 1  654    4 
19 4 2 2 3 0 1 3 4 0  462    4 
19 4 2 1 3 0 0 3 3 1  564    5 
19 4 0 0 0 1 1 1 1 1  689    4 
19 4 3 2 3 1 0 4 4 1  680    4 
19 4 0 0 1 0 1 1 2 0  599    4 
19 4 2 1 2 1 0 3 3 1  648    5 
19 4 2 1 3 0 0 3 3 1  873    5 
