25 1 1 1 1 1 1 2 2 1 3039    5 
25 1 1 0 3 0 0 2 2 1 1273    5 
25 1 0 3 2 0 0 1 1 1  983    5 
25 1 0 0 2 0 1 1 1 1  738    5 
25 1 3 3 3 1 1 4 4 1  670    4 
25 1 3 3 3 1 1 4 4 1  606    5 
25 1 2 1 2 1 0 3 3 1 1096    4 
25 1 1 1 1 1 1 2 2 1  894    4 
25 1 0 0 2 0 1 1 1 1  844    5 
25 1 3 2 1 0 0 4 4 1  997    4 
25 1 3 2 3 1 0 4 4 1  599    4 
25 1 3 3 3 1 1 4 4 1  698    5 
25 1 0 0 0 1 1 1 1 1  657    5 
25 1 2 1 2 1 0 3 3 1  857    4 
25 1 2 1 2 1 0 3 3 1  625    4 
25 1 2 2 2 1 1 3 3 1  530    4 
25 1 3 3 1 0 1 4 4 1  680    5 
25 1 2 1 0 0 0 3 3 1 1168    5 
25 1 0 3 2 0 0 1 1 1  939    4 
25 1 2 1 2 1 0 3 3 1 1303    5 
25 1 3 3 1 0 1 4 4 1  996    4 
25 1 0 3 2 0 0 1 1 1 1614    5 
25 1 0 3 2 0 0 1 1 1  605    5 
25 1 2 1 2 1 0 3 3 1  720    5 
25 1 1 1 3 0 1 2 2 1 1669    5 
25 1 0 3 2 0 0 1 1 1 1250    5 
25 1 0 0 2 0 1 1 1 1  594    5 
25 1 2 2 0 0 1 3 3 1 1061    4 
25 1 3 2 1 0 0 4 4 1  780    5 
25 1 0 0 2 0 1 1 1 1  727    5 
25 1 0 3 2 0 0 1 1 1  501    5 
25 1 3 2 3 1 0 4 4 1  724    4 
25 1 0 0 2 0 1 1 1 1  721    4 
25 1 2 1 0 0 0 3 3 1  879    4 
25 1 2 1 0 0 0 3 3 1  550    4 
25 1 1 1 1 1 1 2 2 1 1179    5 
25 1 0 0 2 0 1 1 1 1  829    4 
25 1 1 1 1 1 1 2 2 1  942    4 
25 1 0 3 2 0 0 1 1 1  906    4 
25 1 3 2 1 0 0 4 4 1  752    4 
25 1 0 0 0 1 1 1 1 1  853    5 
25 1 3 2 1 0 0 4 4 1  741    5 
25 1 2 2 0 0 1 3 3 1  978    4 
25 1 2 1 0 0 0 3 3 1  669    4 
25 1 0 3 0 1 0 1 1 1  997    4 
25 1 2 2 0 0 1 3 3 1  871    4 
25 1 3 2 1 0 0 4 4 1  774    4 
25 1 1 1 3 0 1 2 2 1  729    5 
25 1 2 2 2 1 1 3 3 1 1766    4 
25 1 3 2 3 1 0 4 4 1  807    5 
25 1 3 2 3 1 0 4 4 1  689    5 
25 1 1 0 1 1 0 2 2 1 1024    4 
25 1 2 1 2 1 0 3 3 1 1297    5 
25 1 2 2 0 0 1 3 3 1  582    5 
25 1 2 2 0 0 1 3 3 1  514    5 
25 1 1 1 3 0 1 2 2 1  960    5 
25 1 3 3 3 1 1 4 4 1  660    4 
25 1 2 1 2 1 0 3 3 1 1004    4 
25 1 2 2 0 0 1 3 3 1  637    5 
25 1 2 2 0 0 1 3 3 1  654    5 
25 1 3 3 3 1 1 4 4 1  751    5 
25 1 3 2 1 0 0 4 4 1  731    5 
25 1 3 2 3 1 0 4 4 1  569    4 
25 1 1 1 3 0 1 2 2 1  773    4 
25 1 1 1 3 0 1 2 2 1  721    4 
25 1 1 1 3 0 1 2 2 1  518    5 
25 1 1 0 3 0 0 2 2 1  677    4 
25 1 2 1 2 1 0 3 3 1 1380    5 
25 1 1 1 1 1 1 2 2 1  918    5 
25 1 2 1 2 1 0 3 3 1  939    5 
25 1 3 3 1 0 1 4 4 1  711    5 
25 1 2 2 2 1 1 3 3 1  966    4 
25 1 3 2 1 0 0 4 4 1  617    5 
25 1 1 1 3 0 1 2 2 1  603    4 
25 1 2 1 0 0 0 3 3 1  790    5 
25 1 3 3 3 1 1 4 4 1  696    4 
25 1 1 1 1 1 1 2 2 1  695    5 
25 1 1 1 3 0 1 2 2 1  806    4 
25 1 2 2 2 1 1 3 3 1  624    5 
25 1 1 0 3 0 0 2 2 1 1442    5 
25 1 0 3 2 0 0 1 1 1  896    4 
25 1 2 2 2 1 1 3 3 1  911    5 
25 1 3 2 1 0 0 4 4 1  788    4 
25 1 1 1 3 0 1 2 2 1  815    5 
25 1 1 1 1 1 1 2 2 1  561    4 
25 1 0 0 0 1 1 1 1 1  829    4 
25 1 1 1 1 1 1 2 2 1  910    4 
25 1 2 2 2 1 1 3 3 1 1188    4 
25 1 3 3 1 0 1 4 4 1  653    4 
25 1 3 3 1 0 1 4 4 1  477    4 
25 1 3 2 3 1 0 4 4 1  694    4 
25 1 0 0 2 0 1 1 1 1 2341    4 
25 1 1 0 1 1 0 2 1 0  549    4 
25 1 3 3 3 1 1 4 4 1  840    5 
25 1 2 2 0 0 1 3 3 1 1048    5 
25 1 3 3 3 1 1 4 4 1  632    4 
25 1 0 0 0 1 1 1 1 1 1010    4 
25 1 1 0 1 1 0 2 2 1 1019    5 
25 1 3 2 1 0 0 4 4 1  660    5 
25 1 0 3 0 1 0 1 1 1  852    4 
25 1 1 0 1 1 0 2 2 1  925    4 
25 1 0 3 2 0 0 1 1 1  914    4 
25 1 1 0 3 0 0 2 2 1  879    5 
25 1 0 0 0 1 1 1 1 1  870    5 
25 1 1 1 1 1 1 2 2 1 1061    4 
25 1 0 3 0 1 0 1 1 1  772    4 
25 1 2 2 0 0 1 3 3 1  831    4 
25 1 2 2 2 1 1 3 3 1  641    4 
25 1 2 2 2 1 1 3 3 1  498    5 
25 1 0 3 0 1 0 1 1 1 1201    5 
25 1 1 0 1 1 0 2 2 1  938    5 
25 1 1 1 1 1 1 2 2 1  710    5 
25 1 3 2 3 1 0 4 4 1 1997    4 
25 1 2 1 0 0 0 3 3 1  884    4 
25 1 1 0 1 1 0 2 2 1  891    4 
25 1 3 3 3 1 1 4 4 1  601    5 
25 1 3 2 3 1 0 4 4 1  588    4 
25 1 0 3 0 1 0 1 1 1  751    5 
25 1 1 0 1 1 0 2 2 1  732    5 
25 1 2 1 0 0 0 3 3 1  745    4 
25 1 1 0 3 0 0 2 2 1  966    5 
25 1 2 1 0 0 0 3 3 1 1009    4 
25 1 1 0 3 0 0 2 2 1  779    4 
25 1 1 1 1 1 1 2 2 1  974    5 
25 1 0 3 2 0 0 1 1 1  833    5 
25 1 3 2 1 0 0 4 4 1  738    4 
25 1 0 0 0 1 1 1 1 1  918    5 
25 1 3 3 3 1 1 4 4 1  532    4 
25 1 2 1 2 1 0 3 3 1 1018    5 
25 1 1 1 3 0 1 2 2 1  803    4 
25 1 2 1 2 1 0 3 3 1  813    4 
25 1 0 3 0 1 0 1 4 0  623    5 
25 1 3 2 3 1 0 4 4 1 1230    4 
25 1 0 0 2 0 1 1 1 1  758    4 
25 1 0 3 0 1 0 1 1 1  682    4 
25 1 1 1 3 0 1 2 2 1  713    5 
25 1 2 2 2 1 1 3 3 1  720    4 
25 1 2 1 0 0 0 3 3 1  645    5 
25 1 1 0 1 1 0 2 2 1  870    4 
25 1 3 3 1 0 1 4 4 1  909    4 
25 1 0 3 2 0 0 1 1 1 1427    4 
25 1 1 1 3 0 1 2 2 1  722    4 
25 1 1 0 3 0 0 2 2 1  871    5 
25 1 0 3 0 1 0 1 1 1  774    4 
25 1 0 3 0 1 0 1 1 1  665    4 
25 1 2 1 0 0 0 3 3 1  770    5 
25 1 1 0 1 1 0 2 2 1  853    4 
25 1 2 1 0 0 0 3 3 1 1053    5 
25 1 0 0 0 1 1 1 1 1  829    5 
25 1 1 0 1 1 0 2 2 1  926    4 
25 1 3 3 1 0 1 4 4 1  667    4 
25 1 0 0 0 1 1 1 1 1  788    5 
25 1 0 0 0 1 1 1 1 1  590    4 
25 1 3 2 1 0 0 4 4 1  873    4 
25 1 0 0 0 1 1 1 1 1  672    4 
25 1 1 0 1 1 0 2 2 1  912    4 
25 1 0 3 2 0 0 1 3 0  917    5 
25 1 0 0 0 1 1 1 1 1  720    4 
25 1 2 1 2 1 0 3 3 1 1398    5 
25 1 3 2 1 0 0 4 4 1  734    5 
25 1 2 1 2 1 0 3 3 1  948    4 
25 1 3 2 1 0 0 4 4 1  720    4 
25 1 0 0 2 0 1 1 1 1  901    5 
25 1 0 0 0 1 1 1 1 1  611    5 
25 1 0 3 0 1 0 1 1 1  838    4 
25 1 1 1 1 1 1 2 2 1  998    5 
25 1 2 2 0 0 1 3 3 1 1064    4 
25 1 3 3 3 1 1 4 4 1  631    5 
25 1 0 0 0 1 1 1 1 1  625    5 
25 1 3 3 3 1 1 4 4 1  579    4 
25 1 2 2 2 1 1 3 3 1  807    5 
25 1 3 2 1 0 0 4 4 1 1001    4 
25 1 1 1 3 0 1 2 2 1  931    5 
25 1 3 3 3 1 1 4 4 1  551    5 
25 1 2 2 0 0 1 3 1 0  821    4 
25 1 3 3 3 1 1 4 4 1  715    5 
25 1 3 2 1 0 0 4 4 1 1521    5 
25 1 0 3 0 1 0 1 1 1  797    5 
25 1 0 3 2 0 0 1 1 1  663    5 
25 1 1 0 1 1 0 2 2 1 1040    4 
25 1 1 1 3 0 1 2 2 1  648    4 
25 1 1 1 3 0 1 2 2 1  553    4 
25 1 0 3 2 0 0 1 1 1 1805    4 
25 1 1 0 3 0 0 2 2 1  989    4 
25 1 3 3 1 0 1 4 4 1  639    5 
25 1 2 2 0 0 1 3 3 1  656    5 
25 1 2 2 0 0 1 3 3 1  536    4 
25 1 3 2 1 0 0 4 4 1  853    4 
25 1 1 1 1 1 1 2 2 1 1213    5 
25 1 2 1 0 0 0 3 3 1 1566    5 
25 1 3 3 1 0 1 4 4 1  639    4 
25 1 0 3 0 1 0 1 1 1  832    5 
25 2 1 0 1 1 0 2 2 1 2813    5 
25 2 2 2 2 1 1 3 3 1 1049    4 
25 2 3 2 2 0 0 4 4 1  761  286 
25 2 0 0 3 0 1 1 1 1  829    5 
25 2 1 0 0 0 0 2 2 1 1070    4 
25 2 1 0 1 1 0 2 2 1  925    4 
25 2 1 1 1 1 1 2 2 1  754    5 
25 2 2 1 1 0 0 3 3 1  766    4 
25 2 3 3 3 1 1 4 4 1  594    4 
25 2 2 2 2 1 1 3 3 1  797    4 
25 2 0 3 0 1 0 1 2 0 1312    4 
25 2 1 1 0 0 1 2 1 0  545    4 
25 2 0 3 0 1 0 1 1 1  892    5 
25 2 2 2 2 1 1 3 3 1  826    5 
25 2 3 2 2 0 0 4 4 1  947    6 
25 2 0 3 3 0 0 1 1 1  783    4 
25 2 3 3 3 1 1 4 4 1 1226    4 
25 2 0 0 0 1 1 1 1 1  778    4 
25 2 2 1 2 1 0 3 3 1  790    5 
25 2 2 2 2 1 1 3 3 1  688    4 
25 2 2 1 1 0 0 3 3 1  831    4 
25 2 3 3 2 0 1 4 4 1  736    5 
25 2 2 1 1 0 0 3 3 1  933    5 
25 2 2 1 2 1 0 3 3 1  786    4 
25 2 2 1 1 0 0 3 3 1  797    4 
25 2 3 3 2 0 1 4 4 1  712    5 
25 2 1 1 1 1 1 2 2 1  766    4 
25 2 2 2 1 0 1 3 3 1  978    5 
25 2 0 3 0 1 0 1 1 1 1268    5 
25 2 3 2 2 0 0 4 4 1  827    5 
25 2 3 3 2 0 1 4 4 1  716    5 
25 2 0 0 3 0 1 1 1 1  738    4 
25 2 1 1 1 1 1 2 2 1  815    5 
25 2 3 3 2 0 1 4 4 1 1273    5 
25 2 0 0 3 0 1 1 1 1  862    4 
25 2 1 1 0 0 1 2 2 1  766    5 
25 2 3 2 2 0 0 4 4 1  834    5 
25 2 2 1 2 1 0 3 3 1 1539    4 
25 2 1 0 0 0 0 2 2 1 1062    5 
25 2 1 0 0 0 0 2 2 1  645    5 
25 2 3 3 3 1 1 4 4 1  646    5 
25 2 3 2 2 0 0 4 4 1  583    4 
25 2 1 0 0 0 0 2 2 1 1499    5 
25 2 3 3 3 1 1 4 4 1  607    4 
25 2 2 2 2 1 1 3 3 1  641    5 
25 2 3 2 2 0 0 4 4 1  754    5 
25 2 0 3 3 0 0 1 1 1  686    5 
25 2 0 0 3 0 1 1 1 1  629    5 
25 2 0 3 3 0 0 1 1 1  639    4 
25 2 2 2 2 1 1 3 2 0  736    5 
25 2 0 0 3 0 1 1 1 1  931    5 
25 2 3 2 3 1 0 4 4 1  831    5 
25 2 2 2 2 1 1 3 3 1 1649    4 
25 2 3 3 2 0 1 4 4 1  687    4 
25 2 0 0 0 1 1 1 1 1  661    5 
25 2 2 2 1 0 1 3 3 1  902    4 
25 2 0 3 0 1 0 1 1 1 1140    4 
25 2 3 3 3 1 1 4 4 1  768    4 
25 2 0 3 3 0 0 1 1 1  956    4 
25 2 1 0 0 0 0 2 2 1 2287    4 
25 2 1 0 0 0 0 2 2 1  666    5 
25 2 1 1 0 0 1 2 2 1  738    5 
25 2 1 1 0 0 1 2 2 1  567    4 
25 2 3 3 3 1 1 4 4 1  795    5 
25 2 1 1 0 0 1 2 2 1  702    5 
25 2 0 3 3 0 0 1 1 1  797    4 
25 2 3 3 3 1 1 4 4 1  671    4 
25 2 1 0 0 0 0 2 2 1 1127    4 
25 2 0 3 0 1 0 1 1 1 1675    5 
25 2 2 2 1 0 1 3 3 1  776    4 
25 2 0 0 0 1 1 1 1 1  771    4 
25 2 3 2 3 1 0 4 4 1  790    4 
25 2 0 0 0 1 1 1 1 1  681    4 
25 2 3 2 3 1 0 4 4 1  576    5 
25 2 0 0 3 0 1 1 1 1  972    4 
25 2 1 1 1 1 1 2 2 1  663    4 
25 2 2 1 1 0 0 3 3 1  831    4 
25 2 2 2 2 1 1 3 3 1  512    5 
25 2 3 2 2 0 0 4 4 1  687    5 
25 2 0 3 0 1 0 1 1 1  790    5 
25 2 1 0 0 0 0 2 2 1  936    4 
25 2 3 2 3 1 0 4 4 1 1037    5 
25 2 1 1 1 1 1 2 2 1  933    5 
25 2 3 3 3 1 1 4 4 1 2034    5 
25 2 2 1 2 1 0 3 3 1  919    4 
25 2 2 2 2 1 1 3 3 1  565    4 
25 2 2 1 2 1 0 3 3 1  578    4 
25 2 0 0 3 0 1 1 1 1  749    4 
25 2 1 1 1 1 1 2 2 1 1314    4 
25 2 1 0 0 0 0 2 2 1 1230    4 
25 2 2 1 2 1 0 3 3 1  742    4 
25 2 0 0 3 0 1 1 1 1  787    5 
25 2 3 2 2 0 0 4 4 1  646    4 
25 2 3 3 3 1 1 4 4 1  831    4 
25 2 1 1 1 1 1 2 2 1 1248    4 
25 2 2 1 2 1 0 3 3 1  719    4 
25 2 1 0 0 0 0 2 2 1 1029    5 
25 2 3 2 3 1 0 4 4 1  686    5 
25 2 3 3 3 1 1 4 4 1  653    4 
25 2 2 1 1 0 0 3 3 1 1838    4 
25 2 0 3 0 1 0 1 1 1  844    4 
25 2 1 0 1 1 0 2 2 1  940    5 
25 2 3 2 2 0 0 4 4 1  824    5 
25 2 0 0 3 0 1 1 1 1  873    4 
25 2 3 2 3 1 0 4 4 1  688    5 
25 2 2 2 2 1 1 3 3 1 1207    4 
25 2 0 0 0 1 1 1 1 1  896    4 
25 2 1 1 1 1 1 2 2 1  774    5 
25 2 1 1 0 0 1 2 2 1  785    4 
25 2 2 2 2 1 1 3 3 1  693    4 
25 2 0 3 0 1 0 1 1 1  899    5 
25 2 3 3 3 1 1 4 4 1  602    5 
25 2 2 2 2 1 1 3 3 1  941    4 
25 2 0 0 3 0 1 1 1 1  689    5 
25 2 2 1 1 0 0 3 3 1  928    5 
25 2 2 2 2 1 1 3 3 1  533    5 
25 2 2 1 2 1 0 3 3 1  723    4 
25 2 3 3 3 1 1 4 4 1  624    4 
25 2 3 2 2 0 0 4 4 1  970    5 
25 2 1 1 1 1 1 2 2 1  965    5 
25 2 0 3 0 1 0 1 1 1  921    4 
25 2 3 3 3 1 1 4 4 1  621    4 
25 2 0 3 0 1 0 1 1 1  831    5 
25 2 0 3 3 0 0 1 1 1  752    4 
25 2 0 0 3 0 1 1 1 1  797    5 
25 2 2 1 1 0 0 3 3 1 1016    5 
25 2 1 1 0 0 1 2 2 1 1001    4 
25 2 3 3 2 0 1 4 4 1  771    5 
25 2 0 0 3 0 1 1 1 1  766    4 
25 2 1 1 0 0 1 2 2 1 1266    5 
25 2 1 0 1 1 0 2 2 1  961    4 
25 2 3 2 2 0 0 4 4 1  876    4 
25 2 2 2 1 0 1 3 3 1  851    5 
25 2 0 0 0 1 1 1 1 1  659    4 
25 2 1 1 0 0 1 2 2 1  796    5 
25 2 1 0 1 1 0 2 2 1 1046    4 
25 2 0 0 3 0 1 1 1 1  830    5 
25 2 2 2 2 1 1 3 3 1  759    5 
25 2 2 1 2 1 0 3 3 1  955    4 
25 2 1 0 0 0 0 2 2 1 1022    4 
25 2 2 2 1 0 1 3 3 1  935    5 
25 2 2 1 2 1 0 3 3 1  852    5 
25 2 0 3 3 0 0 1 1 1  788    5 
25 2 0 3 0 1 0 1 1 1  679    5 
25 2 2 2 1 0 1 3 3 1  822    4 
25 2 1 0 0 0 0 2 2 1  896    4 
25 2 3 2 3 1 0 4 4 1  870    4 
25 2 1 0 0 0 0 2 2 1  885    4 
25 2 0 3 3 0 0 1 1 1 2116    5 
25 2 2 2 1 0 1 3 3 1  934    4 
25 2 1 1 1 1 1 2 2 1  947    4 
25 2 3 2 3 1 0 4 4 1  791    4 
25 2 0 3 0 1 0 1 1 1 1098    4 
25 2 2 1 1 0 0 3 3 1  968    4 
25 2 0 3 3 0 0 1 1 1 1363    4 
25 2 3 2 2 0 0 4 4 1  733    4 
25 2 3 3 3 1 1 4 4 1  658    5 
25 2 3 2 2 0 0 4 4 1  731    5 
25 2 0 0 0 1 1 1 1 1  656    5 
25 2 1 0 0 0 0 2 2 1  977    4 
25 2 2 2 2 1 1 3 3 1 1171    4 
25 2 3 3 2 0 1 4 4 1  877    4 
25 2 2 2 1 0 1 3 3 1  932    4 
25 2 1 0 0 0 0 2 2 1  849    4 
25 2 2 2 2 1 1 3 3 1  601    5 
25 2 1 1 1 1 1 2 2 1  957    5 
25 2 1 0 1 1 0 2 2 1  904    4 
25 2 2 2 1 0 1 3 3 1  734    4 
25 2 0 3 0 1 0 1 1 1  907    5 
25 2 2 1 2 1 0 3 1 0  808    5 
25 2 3 3 3 1 1 4 4 1  880    4 
25 2 1 0 1 1 0 2 2 1  935    4 
25 2 2 2 1 0 1 3 3 1  811    4 
25 2 3 3 3 1 1 4 4 1  677    4 
25 2 3 2 2 0 0 4 4 1  685    4 
25 2 1 0 0 0 0 2 2 1  996    5 
25 2 0 3 0 1 0 1 1 1  990    5 
25 2 0 3 3 0 0 1 1 1  720    5 
25 2 0 3 3 0 0 1 1 1  662    5 
25 2 2 1 2 1 0 3 3 1  790    5 
25 2 1 0 1 1 0 2 2 1  721    5 
25 2 1 0 1 1 0 2 2 1  726    4 
25 2 0 0 3 0 1 1 1 1  787    5 
25 2 0 3 3 0 0 1 1 1  630    5 
25 2 1 0 0 0 0 2 2 1  888    4 
25 2 3 3 2 0 1 4 4 1  902    5 
25 2 1 1 1 1 1 2 2 1  908    5 
25 2 1 0 1 1 0 2 2 1  842    4 
25 2 3 3 2 0 1 4 4 1  746    5 
25 2 0 0 3 0 1 1 1 1 1023    4 
25 2 2 2 2 1 1 3 3 1  815    4 
25 2 3 3 2 0 1 4 4 1  649    5 
25 3 1 1 0 0 1 2 2 1 2426    5 
25 3 2 2 2 1 1 3 3 1  806    4 
25 3 2 3 1 0 0 3 3 1 1112    5 
25 3 0 0 3 0 1 1 1 1  693    4 
25 3 2 2 2 1 1 3 3 1  731    5 
25 3 0 0 3 0 1 1 1 1 1017    4 
25 3 0 1 0 1 0 1 1 1  770    5 
25 3 3 0 3 1 0 4 4 1  765    4 
25 3 2 2 2 1 1 3 3 1  969    4 
25 3 1 1 0 0 1 2 2 1  869    4 
25 3 3 3 2 0 1 4 3 0  620    4 
25 3 3 3 3 1 1 4 4 1  571    5 
25 3 2 2 1 0 1 3 3 1  871    4 
25 3 1 2 0 0 0 2 2 1 1022    4 
25 3 0 0 0 1 1 1 1 1  855    4 
25 3 1 1 1 1 1 2 2 1  854    4 
25 3 3 0 2 0 0 4 4 1 1254    4 
25 3 3 0 2 0 0 4 4 1  517    4 
25 3 3 3 2 0 1 4 4 1  564    4 
25 3 0 1 0 1 0 1 1 1  921    5 
25 3 1 1 0 0 1 2 2 1  926    4 
25 3 1 2 0 0 0 2 2 1  866    5 
25 3 1 1 0 0 1 2 2 1  762    4 
25 3 0 1 3 0 0 1 1 1 1062    5 
25 3 1 1 0 0 1 2 2 1  781    4 
25 3 0 0 0 1 1 1 1 1  968    4 
25 3 2 3 2 1 0 3 3 1 1044    4 
25 3 1 2 1 1 0 2 2 1  988    4 
25 3 3 0 2 0 0 4 4 1  838    4 
25 3 0 1 0 1 0 1 1 1  846    4 
25 3 2 2 2 1 1 3 3 1 1102    4 
25 3 2 3 1 0 0 3 3 1  700    4 
25 3 3 0 2 0 0 4 4 1  731    4 
25 3 3 0 2 0 0 4 4 1  568    5 
25 3 2 2 1 0 1 3 3 1  885    5 
25 3 1 2 0 0 0 2 2 1  868    5 
25 3 3 0 2 0 0 4 3 0  932    5 
25 3 3 3 2 0 1 4 4 1 1486    4 
25 3 0 1 0 1 0 1 1 1  715    4 
25 3 0 1 3 0 0 1 1 1  769    4 
25 3 3 0 2 0 0 4 4 1  661    4 
25 3 0 1 0 1 0 1 1 1  717    5 
25 3 2 2 2 1 1 3 3 1  819    5 
25 3 2 2 2 1 1 3 3 1  589    5 
25 3 3 3 3 1 1 4 4 1  600    5 
25 3 3 3 2 0 1 4 4 1  700    4 
25 3 2 2 1 0 1 3 3 1  986    4 
25 3 0 0 0 1 1 1 1 1  589    5 
25 3 3 0 3 1 0 4 4 1 1832    5 
25 3 2 3 2 1 0 3 3 1 1166    5 
25 3 2 3 1 0 0 3 3 1  753    4 
25 3 0 1 0 1 0 1 1 1  885    4 
25 3 3 0 2 0 0 4 4 1 1076    4 
25 3 1 1 1 1 1 2 2 1  715    4 
25 3 2 3 2 1 0 3 3 1  857    4 
25 3 3 0 3 1 0 4 4 1  880    4 
25 3 2 2 2 1 1 3 3 1  711    5 
25 3 1 2 0 0 0 2 2 1  861    5 
25 3 2 2 1 0 1 3 3 1 1101    4 
25 3 2 2 2 1 1 3 3 1  563    5 
25 3 2 3 2 1 0 3 3 1  711    4 
25 3 3 3 3 1 1 4 4 1  630    4 
25 3 2 3 2 1 0 3 3 1  623    5 
25 3 2 2 1 0 1 3 3 1  809    4 
25 3 3 0 2 0 0 4 4 1  995    4 
25 3 1 1 1 1 1 2 2 1 1077    5 
25 3 0 1 0 1 0 1 1 1 1323    4 
25 3 1 1 1 1 1 2 2 1  719    5 
25 3 1 2 1 1 0 2 2 1  893    4 
25 3 3 0 2 0 0 4 3 0  643    4 
25 3 2 2 2 1 1 3 3 1 1025    5 
25 3 0 1 3 0 0 1 1 1  858    4 
25 3 1 2 1 1 0 2 2 1  842    4 
25 3 2 3 1 0 0 3 3 1 1226    4 
25 3 3 0 3 1 0 4 4 1  738    4 
25 3 3 0 2 0 0 4 4 1  855    5 
25 3 2 3 1 0 0 3 3 1  838    5 
25 3 2 3 2 1 0 3 3 1  735    4 
25 3 2 3 2 1 0 3 3 1  580    5 
25 3 3 3 3 1 1 4 4 1  672    4 
25 3 3 3 2 0 1 4 4 1  672    4 
25 3 1 2 1 1 0 2 2 1  895    4 
25 3 1 1 0 0 1 2 2 1  662    5 
25 3 3 3 3 1 1 4 4 1 1038    4 
25 3 2 3 1 0 0 3 3 1  670    4 
25 3 1 2 0 0 0 2 2 1 1181    5 
25 3 1 1 1 1 1 2 2 1  695    5 
25 3 0 1 3 0 0 1 1 1 1142    4 
25 3 2 3 1 0 0 3 3 1  978    4 
25 3 1 1 0 0 1 2 2 1  748    5 
25 3 2 3 1 0 0 3 3 1  841    4 
25 3 2 2 2 1 1 3 3 1  609    5 
25 3 3 3 3 1 1 4 4 1  604    5 
25 3 1 2 1 1 0 2 2 1  974    4 
25 3 1 1 0 0 1 2 2 1  753    4 
25 3 0 0 0 1 1 1 1 1  653    5 
25 3 0 0 0 1 1 1 1 1  541    4 
25 3 0 0 3 0 1 1 1 1  683    5 
25 3 2 3 1 0 0 3 3 1  778    4 
25 3 0 0 3 0 1 1 1 1  933    5 
25 3 1 1 0 0 1 2 2 1 1290    4 
25 3 1 1 1 1 1 2 2 1  631    5 
25 3 3 0 3 1 0 4 3 0 1009    4 
25 3 2 2 2 1 1 3 3 1  928    5 
25 3 3 0 3 1 0 4 4 1  932    5 
25 3 0 0 3 0 1 1 3 0  865    5 
25 3 3 3 2 0 1 4 4 1  878    4 
25 3 2 2 1 0 1 3 3 1  853    4 
25 3 2 2 2 1 1 3 3 1 1141    4 
25 3 2 2 1 0 1 3 3 1  648    4 
25 3 2 3 1 0 0 3 3 1  969    4 
25 3 0 1 3 0 0 1 1 1 1373    5 
25 3 0 1 3 0 0 1 1 1  598    4 
25 3 0 0 0 1 1 1 1 1  617    4 
25 3 2 3 2 1 0 3 3 1  860    5 
25 3 2 2 1 0 1 3 3 1  587    5 
25 3 1 2 0 0 0 2 2 1  887    4 
25 3 3 3 3 1 1 4 4 1  981    4 
25 3 2 2 2 1 1 3 3 1  840    4 
25 3 1 1 1 1 1 2 2 1  720    4 
25 3 2 3 2 1 0 3 3 1 1253    5 
25 3 0 1 0 1 0 1 1 1 1357    5 
25 3 0 1 0 1 0 1 1 1  631    5 
25 3 3 0 2 0 0 4 4 1  929    4 
25 3 2 2 1 0 1 3 3 1 2333    5 
25 3 3 3 3 1 1 4 4 1  678    5 
25 3 1 1 0 0 1 2 2 1  766    4 
25 3 0 0 3 0 1 1 1 1  649    5 
25 3 3 0 3 1 0 4 4 1  907    5 
25 3 1 1 1 1 1 2 2 1 1008    5 
25 3 1 1 0 0 1 2 2 1  633    5 
25 3 1 2 0 0 0 2 2 1  891    5 
25 3 0 1 3 0 0 1 1 1 1641    4 
25 3 3 0 3 1 0 4 4 1 1231    4 
25 3 1 1 1 1 1 2 2 1  831    4 
25 3 3 0 3 1 0 4 4 1  848    5 
25 3 2 3 2 1 0 3 3 1 1137    5 
25 3 1 1 0 0 1 2 2 1  965    4 
25 3 1 2 1 1 0 2 2 1  776    4 
25 3 0 0 0 1 1 1 1 1  780    4 
25 3 0 0 0 1 1 1 1 1  647    4 
25 3 0 0 3 0 1 1 1 1  664    5 
25 3 0 1 0 1 0 1 1 1  824    5 
25 3 0 0 3 0 1 1 1 1  601    4 
25 3 3 3 2 0 1 4 4 1  796    4 
25 3 0 1 0 1 0 1 1 1  791    5 
25 3 0 0 0 1 1 1 1 1  594    5 
25 3 0 1 3 0 0 1 1 1  685    4 
25 3 3 3 3 1 1 4 4 1  964    5 
25 3 3 3 2 0 1 4 4 1  600    4 
25 3 2 3 1 0 0 3 3 1  955    5 
25 3 1 2 1 1 0 2 2 1  846    5 
25 3 0 0 0 1 1 1 1 1  647    4 
25 3 0 1 0 1 0 1 1 1  744    4 
25 3 0 0 3 0 1 1 1 1  620    5 
25 3 0 0 3 0 1 1 1 1  534    5 
25 3 3 3 3 1 1 4 4 1  628    5 
25 3 2 3 1 0 0 3 3 1  886    4 
25 3 1 1 1 1 1 2 2 1  941    5 
25 3 2 2 2 1 1 3 3 1  769    4 
25 3 1 2 1 1 0 2 2 1  789    4 
25 3 3 3 2 0 1 4 4 1  720    4 
25 3 0 1 3 0 0 1 1 1  901    4 
25 3 0 0 0 1 1 1 1 1  635    4 
25 3 1 1 0 0 1 2 2 1  773    4 
25 3 3 0 3 1 0 4 4 1 1072    5 
25 3 3 0 2 0 0 4 4 1  663    5 
25 3 1 2 0 0 0 2 2 1  999    5 
25 3 0 0 0 1 1 1 1 1 1145    5 
25 3 0 0 3 0 1 1 1 1  644    5 
25 3 1 2 1 1 0 2 2 1  757    4 
25 3 0 0 0 1 1 1 1 1 1249    4 
25 3 1 2 0 0 0 2 2 1  849    4 
25 3 3 0 3 1 0 4 4 1 1609    5 
25 3 2 3 2 1 0 3 3 1  912    4 
25 3 2 3 1 0 0 3 3 1  774    5 
25 3 1 1 1 1 1 2 2 1  641    4 
25 3 3 3 3 1 1 4 4 1  730    4 
25 3 1 2 0 0 0 2 2 1  880    4 
25 3 0 1 3 0 0 1 1 1  687    5 
25 3 3 0 3 1 0 4 4 1  990    5 
25 3 2 3 2 1 0 3 3 1  943    4 
25 3 1 2 0 0 0 2 2 1  908    4 
25 3 0 1 0 1 0 1 1 1  777    4 
25 3 1 2 0 0 0 2 2 1  900    5 
25 3 3 3 2 0 1 4 4 1  723    5 
25 3 3 3 2 0 1 4 4 1  584    5 
25 3 1 1 0 0 1 2 2 1  868    5 
25 3 3 3 2 0 1 4 4 1 1244    5 
25 3 1 2 1 1 0 2 2 1 1211    5 
25 3 0 0 3 0 1 1 1 1 1187    5 
25 3 1 2 0 0 0 2 2 1  965    5 
25 4 2 2 0 0 1 3 3 1 1839    4 
25 4 0 1 0 1 0 1 1 1  853    5 
25 4 3 3 1 0 1 4 4 1 1501    5 
25 4 1 1 3 0 1 2 2 1  769    4 
25 4 2 3 0 0 0 3 3 1  869    4 
25 4 1 1 1 1 1 2 2 1  732    5 
25 4 3 3 1 0 1 4 4 1  738    4 
25 4 2 3 0 0 0 3 3 1  959    5 
25 4 3 3 3 1 1 4 4 1  618    4 
25 4 3 0 3 1 0 4 4 1  580    4 
25 4 0 0 0 1 1 1 1 1  784    5 
25 4 0 0 0 1 1 1 1 1  620    5 
25 4 1 2 1 1 0 2 2 1 1549    5 
25 4 0 0 2 0 1 1 1 1  784    5 
25 4 0 1 2 0 0 1 1 1  611    4 
25 4 1 1 3 0 1 2 2 1  805    5 
25 4 1 2 3 0 0 2 2 1  703    5 
25 4 0 1 0 1 0 1 1 1 1533    5 
25 4 2 2 2 1 1 3 3 1  888    5 
25 4 1 2 3 0 0 2 2 1  975    4 
25 4 3 3 3 1 1 4 4 1  705    5 
25 4 0 1 0 1 0 1 1 1  711    4 
25 4 1 2 1 1 0 2 2 1  782    4 
25 4 0 1 2 0 0 1 1 1  809    5 
25 4 3 3 3 1 1 4 4 1  603    5 
25 4 2 2 2 1 1 3 3 1  725    5 
25 4 0 1 2 0 0 1 2 0  667    4 
25 4 1 2 1 1 0 2 2 1 1760    5 
25 4 2 3 0 0 0 3 1 0  889    4 
25 4 1 2 1 1 0 2 2 1 1005    4 
25 4 1 1 1 1 1 2 2 1  822    4 
25 4 1 1 1 1 1 2 2 1  631    4 
25 4 1 1 3 0 1 2 2 1  713    4 
25 4 2 3 0 0 0 3 3 1  759    5 
25 4 1 1 1 1 1 2 2 1  731    5 
25 4 3 0 3 1 0 4 4 1 1040    4 
25 4 2 2 2 1 1 3 3 1 1376    5 
25 4 3 0 1 0 0 4 4 1 1002    5 
25 4 1 1 3 0 1 2 2 1  851    5 
25 4 0 0 0 1 1 1 1 1  716    5 
25 4 2 2 2 1 1 3 3 1  978    4 
25 4 3 0 3 1 0 4 4 1 1005    4 
25 4 1 2 1 1 0 2 2 1  830    4 
25 4 2 2 2 1 1 3 3 1  767    4 
25 4 0 1 0 1 0 1 1 1 1003    4 
25 4 3 0 1 0 0 4 4 1  757    5 
25 4 0 0 2 0 1 1 1 1  833    5 
25 4 1 1 3 0 1 2 2 1  762    4 
25 4 1 2 3 0 0 2 2 1  838    5 
25 4 2 3 2 1 0 3 3 1 3319    5 
25 4 2 3 2 1 0 3 3 1  605    5 
25 4 0 0 0 1 1 1 1 1  687    4 
25 4 3 3 1 0 1 4 4 1  790    4 
25 4 3 3 3 1 1 4 4 1  873    5 
25 4 2 3 0 0 0 3 3 1 1264    5 
25 4 2 2 0 0 1 3 3 1  758    4 
25 4 0 0 2 0 1 1 1 1  690    4 
25 4 2 3 0 0 0 3 3 1  921    5 
25 4 0 1 0 1 0 1 1 1  798    4 
25 4 3 0 3 1 0 4 4 1  760    5 
25 4 0 0 0 1 1 1 1 1  852    5 
25 4 0 0 0 1 1 1 1 1  645    4 
25 4 2 3 0 0 0 3 3 1 1054    4 
25 4 1 1 3 0 1 2 2 1  765    4 
25 4 0 1 0 1 0 1 1 1  953    5 
25 4 2 3 0 0 0 3 3 1  685    4 
25 4 0 1 2 0 0 1 1 1  925    4 
25 4 1 1 1 1 1 2 2 1  689    5 
25 4 3 0 1 0 0 4 4 1  656    4 
25 4 3 0 1 0 0 4 4 1  593    5 
25 4 1 2 3 0 0 2 2 1 1508    4 
25 4 3 3 1 0 1 4 4 1  807    4 
25 4 1 2 3 0 0 2 2 1 1065    4 
25 4 2 3 2 1 0 3 3 1  704    5 
25 4 1 2 1 1 0 2 2 1  911    4 
25 4 2 2 0 0 1 3 3 1  844    4 
25 4 3 0 3 1 0 4 4 1  692    5 
25 4 2 2 2 1 1 3 3 1  739    5 
25 4 2 2 0 0 1 3 3 1  736    4 
25 4 1 1 1 1 1 2 2 1  669    4 
25 4 0 0 0 1 1 1 1 1 1029    5 
25 4 1 2 3 0 0 2 2 1 1406    5 
25 4 0 0 0 1 1 1 1 1  862    5 
25 4 0 1 2 0 0 1 1 1  725    4 
25 4 3 0 1 0 0 4 4 1  787    5 
25 4 2 2 2 1 1 3 3 1  773    5 
25 4 0 0 2 0 1 1 1 1  953    5 
25 4 3 3 3 1 1 4 4 1  965    4 
25 4 2 3 2 1 0 3 3 1  920    5 
25 4 3 3 1 0 1 4 4 1  901    5 
25 4 0 0 2 0 1 1 1 1  675    5 
25 4 1 1 3 0 1 2 2 1  739    4 
25 4 1 1 1 1 1 2 2 1  623    4 
25 4 0 0 2 0 1 1 1 1  817    5 
25 4 1 1 3 0 1 2 2 1  827    5 
25 4 0 1 0 1 0 1 1 1  804    5 
25 4 3 0 1 0 0 4 4 1  742    5 
25 4 1 1 1 1 1 2 2 1  883    5 
25 4 3 3 3 1 1 4 4 1  762    5 
25 4 3 0 1 0 0 4 4 1 1014    4 
25 4 2 2 0 0 1 3 1 0  791    5 
25 4 1 2 1 1 0 2 2 1 1383    4 
25 4 2 3 0 0 0 3 3 1 1440    5 
25 4 3 3 3 1 1 4 4 1  647    5 
25 4 3 3 1 0 1 4 4 1  896    5 
25 4 3 0 3 1 0 4 4 1  726    4 
25 4 0 1 2 0 0 1 1 1  787    5 
25 4 0 1 2 0 0 1 1 1  646    4 
25 4 2 2 2 1 1 3 3 1  735    4 
25 4 0 0 0 1 1 1 1 1  684    4 
25 4 3 3 3 1 1 4 4 1  916    4 
25 4 1 1 3 0 1 2 2 1 1994    5 
25 4 3 0 3 1 0 4 4 1  809    5 
25 4 2 3 2 1 0 3 3 1 1106    4 
25 4 3 0 1 0 0 4 4 1  799    4 
25 4 0 0 2 0 1 1 1 1  746    4 
25 4 0 0 2 0 1 1 1 1  631    5 
25 4 1 1 3 0 1 2 2 1  760    4 
25 4 1 1 3 0 1 2 2 1 1044    5 
25 4 1 1 3 0 1 2 2 1  572    5 
25 4 0 1 2 0 0 1 1 1 1224    4 
25 4 2 2 0 0 1 3 3 1  704    4 
25 4 1 2 3 0 0 2 2 1 1278    5 
25 4 1 1 3 0 1 2 2 1  596    5 
25 4 2 2 0 0 1 3 1 0  751    5 
25 4 1 2 1 1 0 2 2 1  953    5 
25 4 2 2 0 0 1 3 3 1  725    5 
25 4 2 3 2 1 0 3 3 1  818    5 
25 4 2 2 2 1 1 3 3 1  588    4 
25 4 0 1 0 1 0 1 1 1  831    5 
25 4 0 0 2 0 1 1 1 1  753    6 
25 4 3 3 1 0 1 4 4 1  749    4 
25 4 0 0 0 1 1 1 1 1  730    5 
25 4 1 2 1 1 0 2 2 1 1111    5 
25 4 3 3 1 0 1 4 4 1  692    4 
25 4 0 0 2 0 1 1 1 1  771    5 
25 4 0 0 2 0 1 1 1 1  543    5 
25 4 3 0 3 1 0 4 3 0  868    4 
25 4 1 2 3 0 0 2 2 1 1065    5 
25 4 3 3 3 1 1 4 4 1 1064    4 
25 4 3 0 1 0 0 4 4 1  671    5 
25 4 0 1 2 0 0 1 1 1  775    5 
25 4 1 2 1 1 0 2 2 1 1498    4 
25 4 0 1 0 1 0 1 1 1 1078    4 
25 4 1 2 1 1 0 2 2 1  901    5 
25 4 3 3 1 0 1 4 4 1  715    4 
25 4 2 3 0 0 0 3 3 1 1097    5 
25 4 2 3 2 1 0 3 3 1  775    5 
25 4 3 3 1 0 1 4 4 1  842    5 
25 4 2 2 0 0 1 3 3 1  994    4 
25 4 2 2 0 0 1 3 3 1  580    4 
25 4 0 1 0 1 0 1 1 1  760    4 
25 4 2 3 0 0 0 3 3 1 1076    5 
25 4 3 0 3 1 0 4 4 1  883    5 
25 4 2 2 2 1 1 3 3 1  946    5 
25 4 1 1 1 1 1 2 2 1  838    4 
25 4 3 0 1 0 0 4 4 1 1414    4 
25 4 2 3 2 1 0 3 3 1  838    5 
25 4 3 0 3 1 0 4 4 1  718    5 
25 4 0 1 0 1 0 1 1 1  837    4 
25 4 2 3 0 0 0 3 3 1  917    5 
25 4 0 0 2 0 1 1 1 1  779    4 
25 4 2 3 0 0 0 3 3 1 1030    4 
25 4 3 3 3 1 1 4 4 1  870    4 
25 4 0 0 0 1 1 1 1 1  893    5 
25 4 2 2 2 1 1 3 3 1  764    4 
25 4 1 1 1 1 1 2 2 1  720    4 
25 4 2 3 0 0 0 3 3 1  877    5 
25 4 1 2 3 0 0 2 2 1 1340    5 
25 4 1 2 1 1 0 2 2 1  743    4 
25 4 1 2 1 1 0 2 2 1  668    5 
25 4 1 1 1 1 1 2 2 1  676    5 
25 4 3 0 3 1 0 4 4 1 1196    5 
25 4 2 3 0 0 0 3 3 1  805    4 
25 4 1 1 1 1 1 2 2 1  719    5 
25 4 2 2 2 1 1 3 3 1  701    5 
25 4 0 1 0 1 0 1 1 1  844    5 
25 4 3 0 3 1 0 4 4 1  916    4 
25 4 1 1 3 0 1 2 2 1  986    4 
25 4 3 0 1 0 0 4 4 1 1060    5 
25 4 2 3 0 0 0 3 3 1 1331    5 
25 4 2 2 2 1 1 3 3 1  767    5 
25 4 0 1 0 1 0 1 1 1  819    5 
25 4 3 3 3 1 1 4 4 1  605    4 
25 4 2 2 0 0 1 3 3 1  999    5 
25 4 3 0 3 1 0 4 4 1 1153    4 
25 4 0 1 2 0 0 1 1 1 1317    5 
25 4 3 0 1 0 0 4 4 1 1129    4 
25 4 0 0 0 1 1 1 1 1  621    4 
25 4 0 1 2 0 0 1 1 1  719    4 
25 4 3 3 3 1 1 4 4 1  893    5 
25 4 3 0 1 0 0 4 4 1  643    4 
