13 1 1 2 1 1 0 2 2 1 2851    4 
13 1 1 2 1 1 0 2 2 1  830    4 
13 1 3 3 3 1 1 4 4 1  855    5 
13 1 2 2 1 0 1 3 3 1  903    4 
13 1 3 0 2 0 0 4 4 1 1021    5 
13 1 0 0 0 1 1 1 1 1  813    5 
13 1 0 1 0 1 0 1 1 1  943    5 
13 1 3 0 3 1 0 4 4 1  827    5 
13 1 3 0 3 1 0 4 4 1  580    5 
13 1 0 1 3 0 0 1 1 1  808    4 
13 1 3 3 3 1 1 4 4 1  666    4 
13 1 2 3 2 1 0 3 3 1  826    4 
13 1 3 3 3 1 1 4 4 1  636    5 
13 1 2 2 1 0 1 3 3 1  725    4 
13 1 1 2 0 0 0 2 2 1 1371    4 
13 1 3 0 3 1 0 4 4 1 1141    5 
13 1 1 1 0 0 1 2 2 1 1264    5 
13 1 2 3 2 1 0 3 3 1  975    5 
13 1 2 2 1 0 1 3 3 1  610    4 
13 1 3 0 3 1 0 4 4 1  532    5 
13 1 0 0 3 0 1 1 1 1  770    4 
13 1 1 2 0 0 0 2 2 1 1613    4 
13 1 0 1 0 1 0 1 1 1  989    5 
13 1 1 1 1 1 1 2 2 1  759    4 
13 1 2 3 2 1 0 3 3 1  843    5 
13 1 2 3 1 0 0 3 3 1  515    5 
13 1 0 0 3 0 1 1 1 1  666    4 
13 1 0 1 0 1 0 1 1 1  938    4 
13 1 2 3 2 1 0 3 3 1  742    5 
13 1 2 2 1 0 1 3 3 1  659    4 
13 1 2 2 1 0 1 3 3 1  539    5 
13 1 1 1 1 1 1 2 2 1  729    4 
13 1 0 0 0 1 1 1 1 1  862    4 
13 1 1 1 0 0 1 2 2 1 1926    4 
13 1 1 2 0 0 0 2 2 1 1000    4 
13 1 2 3 1 0 0 3 3 1  993    4 
13 1 3 0 3 1 0 4 4 1  819    4 
13 1 0 0 3 0 1 1 1 1  829    4 
13 1 2 2 1 0 1 3 3 1 1206    4 
13 1 0 1 0 1 0 1 1 1 1031    4 
13 1 1 1 0 0 1 2 2 1  976    4 
13 1 2 2 2 1 1 3 3 1  810    4 
13 1 2 3 1 0 0 3 3 1  596    4 
13 1 0 0 3 0 1 1 1 1  775    5 
13 1 0 0 0 1 1 1 1 1  650    4 
13 1 0 1 3 0 0 1 1 1  547    4 
13 1 2 2 1 0 1 3 3 1  785    4 
13 1 0 0 3 0 1 1 1 1  716    4 
13 1 2 3 2 1 0 3 3 1  802    5 
13 1 2 3 1 0 0 3 3 1  685    4 
13 1 0 1 3 0 0 1 1 1  612    4 
13 1 1 1 1 1 1 2 2 1  751    4 
13 1 0 0 0 1 1 1 1 1  620    4 
13 1 2 2 2 1 1 3 3 1  605    5 
13 1 0 0 0 1 1 1 1 1  592    4 
13 1 0 1 0 1 0 1 1 1  603    4 
13 1 1 2 0 0 0 2 3 0  565    4 
13 1 3 3 2 0 1 4 4 1  615    5 
13 1 3 0 3 1 0 4 4 1  602    4 
13 1 2 3 2 1 0 3 3 1  669    4 
13 1 2 2 2 1 1 3 3 1  581    5 
13 1 3 0 3 1 0 4 4 1  641    4 
13 1 1 2 0 0 0 2 2 1 1106    5 
13 1 3 0 2 0 0 4 4 1  871    5 
13 1 2 3 1 0 0 3 3 1  782    4 
13 1 2 2 1 0 1 3 3 1  729    4 
13 1 1 1 1 1 1 2 2 1  895    5 
13 1 3 0 2 0 0 4 4 1  853    4 
13 1 3 3 3 1 1 4 4 1  557    4 
13 1 2 2 1 0 1 3 3 1  946    4 
13 1 3 3 2 0 1 4 4 1  854    4 
13 1 3 0 3 1 0 4 4 1  526    4 
13 1 1 1 1 1 1 2 2 1  796    5 
13 1 1 2 0 0 0 2 2 1 1014    4 
13 1 2 3 1 0 0 3 3 1 1520    4 
13 1 3 0 3 1 0 4 4 1 1011    4 
13 1 1 1 1 1 1 2 3 0  804    4 
13 1 2 2 2 1 1 3 3 1  748    5 
13 1 0 1 3 0 0 1 1 1  744    4 
13 1 2 2 1 0 1 3 3 1  613    5 
13 1 0 1 3 0 0 1 1 1  751    4 
13 1 1 2 0 0 0 2 2 1  908    4 
13 1 1 1 1 1 1 2 2 1 1418    5 
13 1 3 3 2 0 1 4 4 1  954    5 
13 1 3 0 2 0 0 4 4 1  533    4 
13 1 3 3 2 0 1 4 4 1  579    4 
13 1 0 1 3 0 0 1 1 1  791    4 
13 1 2 3 1 0 0 3 3 1  986    4 
13 1 2 2 1 0 1 3 3 1  636    4 
13 1 0 0 0 1 1 1 1 1 1773    5 
13 1 0 1 3 0 0 1 1 1  790    5 
13 1 1 2 1 1 0 2 2 1 1040    5 
13 1 1 2 0 0 0 2 2 1  696    4 
13 1 0 0 0 1 1 1 1 1  943    4 
13 1 1 1 1 1 1 2 2 1  675    4 
13 1 0 1 3 0 0 1 1 1  818    5 
13 1 1 2 1 1 0 2 2 1  780    4 
13 1 2 2 2 1 1 3 3 1 1144    4 
13 1 1 2 1 1 0 2 2 1 1563    5 
13 1 0 0 0 1 1 1 1 1  821    4 
13 1 2 3 1 0 0 3 3 1 1014    4 
13 1 3 3 3 1 1 4 4 1 1095    4 
13 1 0 1 3 0 0 1 1 1  845    4 
13 1 3 3 2 0 1 4 4 1 1373    4 
13 1 1 1 0 0 1 2 2 1 1351    4 
13 1 2 3 2 1 0 3 3 1  865    4 
13 1 0 0 0 1 1 1 1 1  753    4 
13 1 3 3 2 0 1 4 4 1 1317    5 
13 1 2 2 2 1 1 3 3 1 1025    4 
13 1 0 1 3 0 0 1 1 1  802    4 
13 1 0 1 3 0 0 1 1 1  556    4 
13 1 3 3 2 0 1 4 4 1 1177    4 
13 1 3 3 2 0 1 4 4 1  523    4 
13 1 1 1 1 1 1 2 2 1  905    4 
13 1 1 2 1 1 0 2 2 1  927    5 
13 1 2 2 1 0 1 3 3 1 1244    4 
13 1 2 3 1 0 0 3 3 1  707    5 
13 1 2 2 1 0 1 3 3 1  697    4 
13 1 1 1 1 1 1 2 2 1 1400    5 
13 1 1 2 0 0 0 2 2 1 1089    4 
13 1 1 2 1 1 0 2 2 1  646    5 
13 1 0 1 3 0 0 1 1 1  855    4 
13 1 0 1 0 1 0 1 1 1 1151    5 
13 1 0 1 3 0 0 1 1 1  546    4 
13 1 3 0 2 0 0 4 4 1  880    4 
13 1 2 2 1 0 1 3 3 1 1135    5 
13 1 2 2 1 0 1 3 3 1  883    5 
13 1 1 2 1 1 0 2 2 1 1154    4 
13 1 3 3 3 1 1 4 4 1 1101    4 
13 1 1 2 0 0 0 2 2 1 1195    4 
13 1 2 3 1 0 0 3 3 1 1100    4 
13 1 1 1 1 1 1 2 2 1  770    4 
13 1 3 3 3 1 1 4 4 1  949    5 
13 1 0 0 0 1 1 1 1 1  689    4 
13 1 3 0 2 0 0 4 4 1  952    4 
13 1 3 0 2 0 0 4 4 1  508    4 
13 1 3 0 3 1 0 4 4 1  491    4 
13 1 0 1 3 0 0 1 1 1 1235    4 
13 1 2 3 1 0 0 3 3 1  955    4 
13 1 0 0 3 0 1 1 1 1  950    4 
13 1 1 1 0 0 1 2 2 1 1138    4 
13 1 3 0 2 0 0 4 4 1 1318    4 
13 1 0 0 3 0 1 1 1 1  666    5 
13 1 2 2 1 0 1 3 3 1  730    4 
13 1 3 0 2 0 0 4 4 1 1136    4 
13 1 3 3 3 1 1 4 4 1  628    4 
13 1 3 3 2 0 1 4 4 1  509    4 
13 1 0 1 0 1 0 1 1 1  980    5 
13 1 1 1 1 1 1 2 2 1  783    4 
13 1 1 1 1 1 1 2 2 1  442    4 
13 1 0 0 3 0 1 1 1 1 1228    4 
13 1 2 3 2 1 0 3 3 1  940    5 
13 1 0 1 0 1 0 1 1 1  696    4 
13 1 1 2 1 1 0 2 2 1  663    4 
13 1 2 3 2 1 0 3 3 1  703    4 
13 1 1 2 0 0 0 2 2 1 1021    4 
13 1 1 2 0 0 0 2 2 1  718    4 
13 1 2 2 2 1 1 3 3 1 1292    4 
13 1 3 0 3 1 0 4 4 1  873    5 
13 1 2 3 2 1 0 3 3 1 1280    4 
13 1 3 0 2 0 0 4 4 1 1006    4 
13 1 3 3 2 0 1 4 4 1  879    4 
13 1 3 0 3 1 0 4 4 1  518    5 
13 1 3 0 3 1 0 4 4 1  421    5 
13 1 2 2 2 1 1 3 3 1  791    4 
13 1 1 1 1 1 1 2 2 1  761    5 
13 1 1 1 1 1 1 2 2 1  573    5 
13 1 3 0 2 0 0 4 4 1  841    4 
13 1 0 0 3 0 1 1 1 1 1050    4 
13 1 0 0 0 1 1 1 1 1  602    5 
13 1 1 1 1 1 1 2 2 1  709    4 
13 1 3 3 3 1 1 4 4 1  659    4 
13 1 2 3 2 1 0 3 3 1  931    5 
13 1 1 1 1 1 1 2 2 1  840    4 
13 1 0 0 0 1 1 1 1 1  968    4 
13 1 1 1 0 0 1 2 4 0 1524    4 
13 1 0 1 0 1 0 1 1 1 1132    4 
13 1 2 3 2 1 0 3 3 1  720    4 
13 1 3 3 3 1 1 4 4 1 1078    4 
13 1 3 3 2 0 1 4 4 1  524    4 
13 1 0 1 0 1 0 1 1 1 1122    5 
13 1 0 0 3 0 1 1 1 1  622    4 
13 1 1 1 1 1 1 2 2 1  920    4 
13 1 0 1 0 1 0 1 1 1 1093    4 
13 1 3 3 3 1 1 4 4 1  698    5 
13 1 3 3 3 1 1 4 4 1  505    4 
13 1 1 2 0 0 0 2 2 1 1176    5 
13 1 2 2 1 0 1 3 3 1 2074    4 
13 1 3 3 2 0 1 4 4 1  694    4 
13 1 1 1 0 0 1 2 2 1  980    4 
13 1 1 2 0 0 0 2 2 1  935    4 
13 1 0 1 0 1 0 1 1 1  884    4 
13 2 1 3 0 0 0 2 2 1 1043    5 
13 2 3 3 2 0 1 4 4 1  715    4 
13 2 3 1 2 0 0 4 4 1  681    4 
13 2 0 2 0 1 0 1 1 1  680    4 
13 2 0 0 0 1 1 1 1 1  936    4 
13 2 3 3 3 1 1 4 4 1  605    4 
13 2 2 2 1 0 1 3 3 1  943    4 
13 2 1 3 1 1 0 2 2 1  915    5 
13 2 1 1 0 0 1 2 2 1  753    5 
13 2 2 2 2 1 1 3 3 1  949    4 
13 2 2 0 1 0 0 3 3 1 1329    4 
13 2 2 0 1 0 0 3 3 1  565    4 
13 2 0 0 3 0 1 1 1 1  969    4 
13 2 2 2 1 0 1 3 3 1  797    4 
13 2 1 1 1 1 1 2 2 1 1111    4 
13 2 3 1 2 0 0 4 4 1 2428    4 
13 2 2 2 2 1 1 3 3 1  904    4 
13 2 0 2 0 1 0 1 1 1 1006    5 
13 2 1 3 0 0 0 2 2 1  983    4 
13 2 1 3 1 1 0 2 2 1  762    5 
13 2 3 1 2 0 0 4 4 1 1022    4 
13 2 1 3 0 0 0 2 2 1 1110    4 
13 2 1 3 1 1 0 2 2 1  675    4 
13 2 0 0 0 1 1 1 1 1  771    4 
13 2 1 1 1 1 1 2 2 1  766    4 
13 2 2 0 1 0 0 3 3 1  770    4 
13 2 1 3 0 0 0 2 2 1  853    4 
13 2 1 3 1 1 0 2 2 1  629    4 
13 2 3 3 2 0 1 4 4 1  991    4 
13 2 2 2 2 1 1 3 3 1 1073    4 
13 2 3 3 3 1 1 4 4 1  663    4 
13 2 0 2 3 0 0 1 1 1  831    5 
13 2 3 3 3 1 1 4 4 1 1233    5 
13 2 2 2 1 0 1 3 3 1 1545    5 
13 2 2 2 2 1 1 3 3 1  675    5 
13 2 0 0 3 0 1 1 1 1  882    4 
13 2 2 0 2 1 0 3 3 1 1217    4 
13 2 0 0 3 0 1 1 1 1  626    4 
13 2 0 2 3 0 0 1 1 1  692    4 
13 2 1 3 0 0 0 2 2 1  939    4 
13 2 2 2 1 0 1 3 3 1  935    4 
13 2 3 3 3 1 1 4 4 1  651    4 
13 2 1 1 1 1 1 2 2 1 1189    4 
13 2 2 0 2 1 0 3 3 1  886    4 
13 2 3 3 2 0 1 4 4 1  973    4 
13 2 3 1 2 0 0 4 4 1  719    4 
13 2 1 1 1 1 1 2 2 1  829    4 
13 2 0 2 0 1 0 1 1 1  798    4 
13 2 3 1 2 0 0 4 4 1 1865    4 
13 2 0 0 0 1 1 1 1 1  997    5 
13 2 2 0 1 0 0 3 3 1 1239    4 
13 2 2 2 2 1 1 3 3 1  806    5 
13 2 1 3 1 1 0 2 2 1 1144    5 
13 2 2 0 1 0 0 3 3 1  676    4 
13 2 1 3 0 0 0 2 2 1  899    4 
13 2 2 2 2 1 1 3 3 1  698    5 
13 2 0 2 3 0 0 1 1 1 1080    5 
13 2 2 2 1 0 1 3 3 1 1183    5 
13 2 3 1 3 1 0 4 4 1  969    5 
13 2 1 3 1 1 0 2 2 1  924    4 
13 2 0 0 3 0 1 1 1 1  641    4 
13 2 0 0 0 1 1 1 1 1  994    4 
13 2 2 0 2 1 0 3 3 1 1132    5 
13 2 1 1 0 0 1 2 2 1 1328    4 
13 2 1 1 1 1 1 2 2 1  740    5 
13 2 2 0 2 1 0 3 3 1  993    5 
13 2 0 0 0 1 1 1 1 1  979    4 
13 2 1 1 0 0 1 2 2 1  885    4 
13 2 1 1 1 1 1 2 2 1  572    4 
13 2 1 3 1 1 0 2 2 1  984    4 
13 2 3 3 3 1 1 4 4 1 1187    4 
13 2 1 3 1 1 0 2 2 1  829    4 
13 2 0 2 0 1 0 1 1 1  870    5 
13 2 0 2 3 0 0 1 1 1  853    4 
13 2 0 0 0 1 1 1 1 1  973    5 
13 2 2 2 2 1 1 3 3 1 1024    4 
13 2 3 1 2 0 0 4 4 1 1009    4 
13 2 3 3 3 1 1 4 4 1  810    4 
13 2 2 0 1 0 0 3 3 1 1124    4 
13 2 3 1 3 1 0 4 4 1  832    4 
13 2 0 0 0 1 1 1 1 1  849    4 
13 2 0 2 0 1 0 1 1 1  921    4 
13 2 0 2 3 0 0 1 1 1  838    5 
13 2 0 0 0 1 1 1 1 1  615    4 
13 2 1 3 1 1 0 2 2 1  913    4 
13 2 2 0 1 0 0 3 3 1  879    4 
13 2 3 1 2 0 0 4 4 1 1150    4 
13 2 0 0 3 0 1 1 1 1  857    4 
13 2 3 1 3 1 0 4 4 1 1073    5 
13 2 3 3 2 0 1 4 4 1  559    4 
13 2 2 0 2 1 0 3 3 1  988    4 
13 2 2 2 1 0 1 3 3 1  654    4 
13 2 1 1 1 1 1 2 2 1 1134    4 
13 2 2 2 2 1 1 3 3 1  594    4 
13 2 0 2 3 0 0 1 1 1 1101    4 
13 2 1 3 0 0 0 2 2 1  979    4 
13 2 1 3 0 0 0 2 2 1  766    4 
13 2 0 0 3 0 1 1 1 1  666    5 
13 2 0 0 0 1 1 1 1 1  522    5 
13 2 0 0 3 0 1 1 1 1  576    4 
13 2 3 3 3 1 1 4 4 1  596    4 
13 2 1 3 0 0 0 2 2 1  839    4 
13 2 3 1 2 0 0 4 4 1  744    4 
13 2 1 1 1 1 1 2 2 1  700    5 
13 2 2 2 1 0 1 3 3 1  875    4 
13 2 0 0 0 1 1 1 1 1  938    5 
13 2 3 3 3 1 1 4 4 1 1110    4 
13 2 0 0 3 0 1 1 1 1  667    4 
13 2 2 2 1 0 1 3 3 1 1155    4 
13 2 0 2 3 0 0 1 1 1  838    5 
13 2 1 1 1 1 1 2 2 1  743    5 
13 2 3 1 2 0 0 4 4 1  947    5 
13 2 1 1 0 0 1 2 2 1 1303    4 
13 2 2 0 1 0 0 3 3 1  788    4 
13 2 3 3 2 0 1 4 4 1  663    5 
13 2 0 2 0 1 0 1 1 1  919    4 
13 2 0 2 0 1 0 1 1 1  701    5 
13 2 0 0 0 1 1 1 1 1  612    4 
13 2 3 1 3 1 0 4 4 1 1134    4 
13 2 3 3 3 1 1 4 4 1  466    4 
13 2 3 1 2 0 0 4 4 1  539    4 
13 2 2 0 2 1 0 3 3 1 1065    4 
13 2 2 2 1 0 1 3 3 1  712    4 
13 2 1 3 1 1 0 2 2 1 1006    4 
13 2 3 1 3 1 0 4 4 1 1039    5 
13 2 2 2 1 0 1 3 3 1  695    4 
13 2 3 1 3 1 0 4 4 1 1478    4 
13 2 3 1 2 0 0 4 4 1  579    5 
13 2 1 1 1 1 1 2 2 1  879    5 
13 2 2 0 1 0 0 3 3 1 1486    4 
13 2 3 1 3 1 0 4 4 1  555    5 
13 2 1 1 0 0 1 2 2 1  912    4 
13 2 2 2 1 0 1 3 3 1  741    4 
13 2 3 3 3 1 1 4 4 1  658    4 
13 2 3 1 2 0 0 4 4 1  578    4 
13 2 1 3 0 0 0 2 2 1  886    5 
13 2 0 0 3 0 1 1 1 1  789    4 
13 2 0 0 0 1 1 1 1 1  535    4 
13 2 1 3 1 1 0 2 2 1 1221    5 
13 2 0 2 3 0 0 1 1 1  885    4 
13 2 2 2 2 1 1 3 3 1 2276    4 
13 2 0 0 0 1 1 1 1 1  590    5 
13 2 2 0 2 1 0 3 3 1  834    4 
13 2 3 1 3 1 0 4 4 1 1243    5 
13 2 3 3 2 0 1 4 4 1  634    4 
13 2 3 3 3 1 1 4 4 1  476    4 
13 2 1 3 1 1 0 2 2 1  892    4 
13 2 0 0 0 1 1 1 1 1  762    5 
13 2 2 2 1 0 1 3 3 1  846    4 
13 2 2 0 1 0 0 3 3 1  759    4 
13 2 0 2 3 0 0 1 1 1 1115    5 
13 2 0 0 0 1 1 1 1 1 1143    5 
13 2 0 0 3 0 1 1 1 1  523    4 
13 2 0 2 0 1 0 1 1 1 1177    4 
13 2 3 1 3 1 0 4 4 1  947    4 
13 2 2 0 1 0 0 3 3 1  983    4 
13 2 3 3 2 0 1 4 4 1  658    4 
13 2 1 1 1 1 1 2 2 1  738    5 
13 2 2 2 2 1 1 3 3 1  679    4 
13 2 1 1 0 0 1 2 2 1  998    4 
13 2 3 1 2 0 0 4 4 1  656    4 
13 2 0 2 3 0 0 1 1 1  953    4 
13 2 2 0 2 1 0 3 3 1  917    5 
13 2 0 0 3 0 1 1 1 1  882    4 
13 2 2 2 1 0 1 3 3 1  625    4 
13 2 0 2 3 0 0 1 1 1  755    4 
13 2 1 1 0 0 1 2 2 1  847    4 
13 2 3 1 2 0 0 4 4 1  855    4 
13 2 2 0 1 0 0 3 3 1  951    4 
13 2 3 3 2 0 1 4 4 1  723    5 
13 2 0 0 3 0 1 1 1 1  801    4 
13 2 1 1 1 1 1 2 2 1  787    5 
13 2 3 3 3 1 1 4 4 1  654    4 
13 2 3 3 3 1 1 4 4 1  590    5 
13 2 1 3 1 1 0 2 3 0  929    5 
13 2 2 0 2 1 0 3 3 1 1619    5 
13 2 2 2 2 1 1 3 3 1 1395    4 
13 2 3 1 3 1 0 4 4 1  715    5 
13 2 2 0 1 0 0 3 3 1  954    4 
13 2 1 3 1 1 0 2 2 1 1053    4 
13 2 1 3 0 0 0 2 2 1  717    4 
13 2 0 2 0 1 0 1 1 1  955    4 
13 2 2 2 1 0 1 3 3 1 1174    5 
13 2 3 1 2 0 0 4 4 1  704    4 
13 2 1 1 0 0 1 2 2 1 1127    4 
13 2 0 2 3 0 0 1 1 1  867    5 
13 2 2 2 1 0 1 3 3 1 1146    4 
13 2 1 1 1 1 1 2 2 1  902    5 
13 2 3 1 2 0 0 4 4 1 1084    4 
13 2 1 1 1 1 1 2 2 1  963    4 
13 2 3 1 2 0 0 4 4 1  630    4 
13 2 1 3 1 1 0 2 2 1  672    4 
13 3 0 0 2 0 1 1 1 1 1138    4 
13 3 1 3 1 1 0 2 2 1  837    4 
13 3 2 2 2 1 1 3 3 1  630    4 
13 3 2 2 0 0 1 3 3 1  647    4 
13 3 3 3 3 1 1 4 4 1  656    5 
13 3 1 1 3 0 1 2 2 1 1009    4 
13 3 2 0 2 1 0 3 3 1  794    5 
13 3 0 2 2 0 0 1 1 1 1133    4 
13 3 2 0 2 1 0 3 3 1  817    4 
13 3 0 0 0 1 1 1 1 1 1019    4 
13 3 3 1 3 1 0 4 4 1  892    4 
13 3 0 2 0 1 0 1 1 1  810    4 
13 3 0 2 0 1 0 1 1 1  668    4 
13 3 0 0 2 0 1 1 1 1  724    4 
13 3 3 1 1 0 0 4 4 1  794    4 
13 3 0 0 0 1 1 1 1 1  612    4 
13 3 0 0 0 1 1 1 1 1  607    5 
13 3 2 2 2 1 1 3 3 1 1185    4 
13 3 1 3 3 0 0 2 2 1  987    4 
13 3 3 1 1 0 0 4 4 1  909    4 
13 3 3 1 1 0 0 4 4 1  867    4 
13 3 2 2 0 0 1 3 3 1  970    4 
13 3 3 3 3 1 1 4 4 1  621    4 
13 3 2 2 0 0 1 3 3 1  631    5 
13 3 3 3 3 1 1 4 4 1  584    4 
13 3 2 2 0 0 1 3 3 1  708    4 
13 3 0 0 2 0 1 1 1 1  626    5 
13 3 3 3 3 1 1 4 4 1 1044    4 
13 3 1 1 1 1 1 2 3 0  836    4 
13 3 0 2 0 1 0 1 1 1  762    4 
13 3 1 3 3 0 0 2 2 1 1030    5 
13 3 2 0 0 0 0 3 3 1 1055    4 
13 3 0 2 0 1 0 1 1 1 1126    4 
13 3 0 2 2 0 0 1 1 1  834    4 
13 3 3 3 3 1 1 4 4 1  627    4 
13 3 3 3 3 1 1 4 4 1  509    5 
13 3 2 2 2 1 1 3 3 1  684    4 
13 3 2 0 0 0 0 3 3 1  787    5 
13 3 1 3 3 0 0 2 4 0  806    4 
13 3 1 1 3 0 1 2 2 1  757    4 
13 3 1 1 3 0 1 2 2 1  505    4 
13 3 0 2 0 1 0 1 1 1  872    4 
13 3 1 3 1 1 0 2 2 1 1039    4 
13 3 2 2 0 0 1 3 3 1 1127    5 
13 3 2 2 0 0 1 3 3 1  563    4 
13 3 2 2 0 0 1 3 3 1  647    4 
13 3 0 2 0 1 0 1 1 1 1024    5 
13 3 3 3 3 1 1 4 4 1  593    4 
13 3 1 3 3 0 0 2 4 0  428    4 
13 3 0 0 2 0 1 1 1 1  788    4 
13 3 0 0 2 0 1 1 1 1  590    4 
13 3 3 1 3 1 0 4 4 1 1905    4 
13 3 2 0 0 0 0 3 3 1  917    4 
13 3 2 2 0 0 1 3 3 1  754    4 
13 3 3 1 1 0 0 4 4 1 1086    4 
13 3 2 2 2 1 1 3 3 1 1277    4 
13 3 0 0 2 0 1 1 1 1  746    4 
13 3 0 2 0 1 0 1 1 1 1783    5 
13 3 2 2 2 1 1 3 3 1  751    5 
13 3 0 0 2 0 1 1 1 1  692    5 
13 3 1 3 3 0 0 2 2 1  995    4 
13 3 1 3 1 1 0 2 2 1  853    4 
13 3 3 3 3 1 1 4 4 1 1269    5 
13 3 0 0 0 1 1 1 1 1  924    4 
13 3 2 2 0 0 1 3 3 1  921    4 
13 3 3 1 1 0 0 4 2 0  653    5 
13 3 3 3 3 1 1 4 4 1  507    4 
13 3 0 2 2 0 0 1 1 1  794    4 
13 3 3 3 1 0 1 4 4 1  596    4 
13 3 2 0 0 0 0 3 3 1 1007    4 
13 3 2 2 2 1 1 3 3 1  617    4 
13 3 0 2 2 0 0 1 1 1 1379    4 
13 3 2 0 0 0 0 3 3 1 1173    4 
13 3 3 3 3 1 1 4 4 1  591    5 
13 3 1 3 3 0 0 2 4 0  410    5 
13 3 3 3 1 0 1 4 4 1  818    4 
13 3 0 0 0 1 1 1 1 1  836    4 
13 3 0 0 2 0 1 1 1 1  725    5 
13 3 2 0 0 0 0 3 3 1 1050    4 
13 3 1 3 1 1 0 2 2 1 1554    4 
13 3 0 2 0 1 0 1 1 1 1213    5 
13 3 2 0 0 0 0 3 3 1  941    4 
13 3 3 3 1 0 1 4 4 1  713    4 
13 3 2 2 0 0 1 3 3 1  679    4 
13 3 1 1 1 1 1 2 2 1 1367    4 
13 3 2 0 0 0 0 3 3 1  873    5 
13 3 1 1 3 0 1 2 2 1 1152    4 
13 3 3 1 1 0 0 4 4 1  812    4 
13 3 1 3 3 0 0 2 2 1  686    4 
13 3 2 0 2 1 0 3 3 1  805    4 
13 3 2 0 0 0 0 3 3 1  719    5 
13 3 3 1 3 1 0 4 4 1  837    4 
13 3 2 0 2 1 0 3 3 1  909    4 
13 3 3 1 3 1 0 4 4 1  483    4 
13 3 1 1 3 0 1 2 2 1  931    4 
13 3 2 2 2 1 1 3 3 1  600    5 
13 3 1 1 1 1 1 2 2 1 1011    4 
13 3 0 0 0 1 1 1 1 1  756    4 
13 3 3 1 3 1 0 4 4 1  728    5 
13 3 3 1 3 1 0 4 4 1  542    4 
13 3 1 3 1 1 0 2 2 1 1307    5 
13 3 0 2 0 1 0 1 1 1  983    4 
13 3 2 2 0 0 1 3 3 1  786    5 
13 3 3 3 3 1 1 4 4 1 1109    5 
13 3 2 2 2 1 1 3 3 1  770    4 
13 3 3 3 1 0 1 4 4 1  774    4 
13 3 1 3 3 0 0 2 2 1  889    5 
13 3 2 2 0 0 1 3 3 1 1023    4 
13 3 1 3 1 1 0 2 2 1 1336    5 
13 3 2 0 0 0 0 3 3 1 1451    5 
13 3 1 3 3 0 0 2 2 1 1186    4 
13 3 1 1 1 1 1 2 2 1 1164    4 
13 3 2 2 2 1 1 3 3 1  679    4 
13 3 1 3 1 1 0 2 3 0 1366    4 
13 3 1 1 1 1 1 2 2 1  646    4 
13 3 1 3 1 1 0 2 2 1  847    5 
13 3 3 3 3 1 1 4 4 1  799    4 
13 3 3 1 3 1 0 4 4 1  538    4 
13 3 2 0 2 1 0 3 3 1 1679    4 
13 3 1 3 3 0 0 2 2 1  812    4 
13 3 1 1 1 1 1 2 2 1 1461    5 
13 3 0 2 2 0 0 1 3 0 1643    4 
13 3 1 1 3 0 1 2 2 1  711    4 
13 3 0 2 0 1 0 1 1 1  877    5 
13 3 3 3 1 0 1 4 4 1  644    5 
13 3 3 1 3 1 0 4 4 1  621    4 
13 3 0 2 2 0 0 1 1 1  998    5 
13 3 2 0 0 0 0 3 3 1  904    4 
13 3 2 2 2 1 1 3 3 1  718    5 
13 3 1 1 3 0 1 2 4 0  868    4 
13 3 1 1 1 1 1 2 2 1  601    4 
13 3 1 1 3 0 1 2 2 1  484    5 
13 3 3 3 1 0 1 4 4 1  836    4 
13 3 2 0 0 0 0 3 3 1 1397    4 
13 3 0 0 2 0 1 1 1 1 1534    4 
13 3 3 1 1 0 0 4 4 1  785    5 
13 3 3 1 3 1 0 4 4 1  580    4 
13 3 0 0 0 1 1 1 3 0  792    4 
13 3 2 0 0 0 0 3 3 1 1048    4 
13 3 3 1 3 1 0 4 4 1  815    4 
13 3 1 1 1 1 1 2 2 1 1369    5 
13 3 0 0 0 1 1 1 1 1 1131    4 
13 3 1 3 3 0 0 2 4 0  632    4 
13 3 0 0 0 1 1 1 1 1  647    4 
13 3 2 0 0 0 0 3 3 1  992    4 
13 3 3 3 3 1 1 4 4 1  641    4 
13 3 0 0 2 0 1 1 1 1 1059    4 
13 3 1 1 1 1 1 2 2 1  618    5 
13 3 1 3 3 0 0 2 2 1  820    4 
13 3 1 3 3 0 0 2 2 1  549    5 
13 3 0 0 2 0 1 1 1 1  970    4 
13 3 1 1 1 1 1 2 2 1  645    4 
13 3 0 0 0 1 1 1 1 1 1718    4 
13 3 2 2 0 0 1 3 3 1  857    4 
13 3 3 1 3 1 0 4 4 1 2337    4 
13 3 1 3 3 0 0 2 2 1  938    4 
13 3 1 3 1 1 0 2 2 1 1318    5 
13 3 3 1 3 1 0 4 4 1  930    4 
13 3 3 3 3 1 1 4 4 1  655    4 
13 3 0 2 2 0 0 1 1 1  847    5 
13 3 0 0 0 1 1 1 1 1  744    5 
13 3 2 2 2 1 1 3 3 1 1308    4 
13 3 0 2 0 1 0 1 1 1 1153    4 
13 3 3 3 1 0 1 4 4 1  796    5 
13 3 3 1 3 1 0 4 2 0  927    4 
13 3 3 1 1 0 0 4 4 1  873    4 
13 3 1 3 1 1 0 2 2 1 1184    4 
13 3 2 0 2 1 0 3 3 1 1218    5 
13 3 3 1 3 1 0 4 4 1  850    4 
13 3 2 0 0 0 0 3 2 0 2339    5 
13 3 3 1 3 1 0 4 4 1  769    4 
13 3 1 1 1 1 1 2 2 1 1189    4 
13 3 1 3 1 1 0 2 2 1  718    5 
13 3 0 0 2 0 1 1 1 1 1772    4 
13 3 2 2 2 1 1 3 3 1 1541    4 
13 3 2 0 0 0 0 3 1 0  975    4 
13 3 3 1 3 1 0 4 4 1  839    4 
13 3 1 3 3 0 0 2 4 0  816    4 
13 3 0 0 2 0 1 1 3 0  695    4 
13 3 3 3 3 1 1 4 4 1  763    4 
13 3 1 1 3 0 1 2 1 0  863    4 
13 3 3 3 1 0 1 4 4 1 1340    5 
13 3 1 3 1 1 0 2 4 0  471    5 
13 3 3 3 3 1 1 4 4 1  628    4 
13 3 0 0 2 0 1 1 1 1  742    4 
13 3 0 0 2 0 1 1 1 1  675    5 
13 3 0 0 2 0 1 1 1 1  490    4 
13 3 0 2 0 1 0 1 1 1  914    4 
13 3 1 3 3 0 0 2 2 1 1023    4 
13 3 2 0 0 0 0 3 3 1  744    4 
13 3 0 2 2 0 0 1 1 1 1012    4 
13 3 0 2 2 0 0 1 1 1  814    4 
13 4 1 0 3 0 0 2 2 1 1249    4 
13 4 3 3 1 0 1 4 4 1  712    4 
13 4 2 2 2 1 1 3 3 1  734    5 
13 4 1 1 3 0 1 2 4 0  643    4 
13 4 0 0 2 0 1 1 1 1  585    4 
13 4 1 1 1 1 1 2 2 1  605    4 
13 4 3 3 3 1 1 4 4 1  768    4 
13 4 2 2 0 0 1 3 3 1  668    4 
13 4 2 1 2 1 0 3 3 1  564    4 
13 4 1 0 3 0 0 2 2 1  889    5 
13 4 2 2 0 0 1 3 3 1 1343    4 
13 4 0 3 2 0 0 1 1 1  874    4 
13 4 0 0 0 1 1 1 1 1  609    4 
13 4 0 0 2 0 1 1 1 1  547    5 
13 4 2 1 0 0 0 3 3 1 1313    4 
13 4 3 3 3 1 1 4 4 1  677    4 
13 4 3 3 1 0 1 4 4 1  925    4 
13 4 3 2 3 1 0 4 4 1  825    4 
13 4 2 1 2 1 0 3 3 1  946    4 
13 4 2 1 2 1 0 3 3 1  663    5 
13 4 3 3 1 0 1 4 4 1  983    4 
13 4 2 2 0 0 1 3 3 1 1226    5 
13 4 2 2 0 0 1 3 3 1  633    5 
13 4 0 0 0 1 1 1 1 1  835    5 
13 4 2 2 2 1 1 3 3 1  772    4 
13 4 3 2 1 0 0 4 4 1  776    5 
13 4 3 3 3 1 1 4 4 1  603    5 
13 4 1 1 3 0 1 2 2 1  845    5 
13 4 1 0 3 0 0 2 2 1  926    4 
13 4 1 0 3 0 0 2 2 1  595    4 
13 4 0 3 2 0 0 1 1 1  942    5 
13 4 0 0 0 1 1 1 1 1  946    5 
13 4 1 0 1 1 0 2 2 1  830    4 
13 4 1 1 1 1 1 2 2 1  735    4 
13 4 2 2 2 1 1 3 3 1  788    4 
13 4 1 0 3 0 0 2 2 1  775    4 
13 4 1 0 1 1 0 2 2 1  666    5 
13 4 2 1 2 1 0 3 3 1  763    4 
13 4 1 0 3 0 0 2 2 1  855    4 
13 4 0 3 2 0 0 1 1 1  862    4 
13 4 2 2 2 1 1 3 3 1  790    5 
13 4 0 0 2 0 1 1 1 1  601    5 
13 4 0 0 2 0 1 1 1 1  852    5 
13 4 0 3 2 0 0 1 1 1  532    5 
13 4 0 3 0 1 0 1 1 1  538    5 
13 4 0 0 2 0 1 1 1 1  631    4 
13 4 3 2 1 0 0 4 4 1  993    5 
13 4 1 1 1 1 1 2 2 1 1179    4 
13 4 1 1 1 1 1 2 2 1  629    4 
13 4 3 3 3 1 1 4 4 1  599    4 
13 4 3 3 1 0 1 4 4 1  666    5 
13 4 1 0 3 0 0 2 2 1  954    5 
13 4 0 0 2 0 1 1 1 1  958    4 
13 4 0 0 0 1 1 1 1 1  657    4 
13 4 0 0 0 1 1 1 1 1  481    4 
13 4 1 0 3 0 0 2 2 1  778    4 
13 4 0 3 0 1 0 1 1 1 1109    4 
13 4 1 1 3 0 1 2 2 1  650    5 
13 4 0 0 2 0 1 1 1 1  627    4 
13 4 2 1 0 0 0 3 3 1 1005    5 
13 4 3 3 3 1 1 4 4 1  638    4 
13 4 3 2 1 0 0 4 4 1  655    5 
13 4 3 2 1 0 0 4 4 1  831    4 
13 4 1 1 3 0 1 2 2 1  936    5 
13 4 0 3 0 1 0 1 1 1  981    5 
13 4 0 3 0 1 0 1 1 1  624    5 
13 4 3 3 3 1 1 4 4 1  874    4 
13 4 1 0 3 0 0 2 2 1  913    4 
13 4 1 0 1 1 0 2 2 1  670    4 
13 4 1 1 3 0 1 2 2 1  838    5 
13 4 3 2 1 0 0 4 4 1 1286    4 
13 4 0 3 2 0 0 1 1 1  980    4 
13 4 0 3 0 1 0 1 1 1 1110    4 
13 4 2 2 2 1 1 3 3 1 1011    5 
13 4 2 2 2 1 1 3 3 1 1573    4 
13 4 1 1 3 0 1 2 2 1 1174    4 
13 4 1 1 3 0 1 2 2 1  504    4 
13 4 1 0 1 1 0 2 1 0  726    4 
13 4 0 3 0 1 0 1 2 0  633    4 
13 4 2 1 2 1 0 3 3 1  824    4 
13 4 0 3 2 0 0 1 1 1  865    4 
13 4 0 0 0 1 1 1 1 1  777    4 
13 4 2 1 2 1 0 3 3 1 1988    4 
13 4 0 0 0 1 1 1 1 1  852    5 
13 4 3 3 3 1 1 4 4 1 1804    4 
13 4 3 2 3 1 0 4 4 1  716    5 
13 4 1 1 1 1 1 2 3 0  938    5 
13 4 3 2 3 1 0 4 4 1  851    4 
13 4 3 2 1 0 0 4 4 1  660    5 
13 4 2 2 2 1 1 3 3 1 1740    4 
13 4 1 1 1 1 1 2 2 1  878    5 
13 4 0 3 0 1 0 1 1 1  733    4 
13 4 2 2 0 0 1 3 3 1  842    4 
13 4 3 2 1 0 0 4 4 1 1186    4 
13 4 2 2 0 0 1 3 3 1  628    4 
13 4 0 3 2 0 0 1 1 1  934    4 
13 4 2 1 2 1 0 3 3 1  931    4 
13 4 2 1 0 0 0 3 3 1 1192    5 
13 4 3 3 3 1 1 4 4 1  857    5 
13 4 3 2 3 1 0 4 4 1  537    5 
13 4 3 2 3 1 0 4 4 1  406    4 
13 4 3 2 1 0 0 4 4 1  497    4 
13 4 2 1 2 1 0 3 3 1  945    4 
13 4 0 0 0 1 1 1 1 1  733    4 
13 4 3 3 1 0 1 4 4 1  906    4 
13 4 0 0 0 1 1 1 1 1  920    4 
13 4 2 1 2 1 0 3 3 1  717    4 
13 4 0 0 0 1 1 1 1 1  579    4 
13 4 1 1 3 0 1 2 2 1  991    4 
13 4 2 1 2 1 0 3 3 1  833    4 
13 4 0 3 0 1 0 1 1 1  746    4 
13 4 1 0 3 0 0 2 2 1 2263    4 
13 4 3 3 3 1 1 4 4 1  755    4 
13 4 0 3 0 1 0 1 1 1  647    5 
13 4 3 2 3 1 0 4 4 1  888    5 
13 4 1 0 3 0 0 2 2 1  798    4 
13 4 0 3 0 1 0 1 1 1  744    5 
13 4 1 1 3 0 1 2 2 1  965    4 
13 4 1 1 1 1 1 2 2 1  609    5 
13 4 2 1 0 0 0 3 3 1  915    4 
13 4 3 3 1 0 1 4 4 1  705    4 
13 4 2 2 2 1 1 3 3 1  695    4 
13 4 0 0 2 0 1 1 1 1  646    4 
13 4 1 1 3 0 1 2 4 0  863    5 
13 4 0 0 2 0 1 1 3 0  491    4 
13 4 3 2 3 1 0 4 4 1  760    4 
13 4 2 1 2 1 0 3 3 1  548    5 
13 4 1 1 3 0 1 2 2 1 1162    5 
13 4 3 3 3 1 1 4 4 1  772    4 
13 4 0 3 2 0 0 1 1 1 1544    5 
13 4 2 2 2 1 1 3 3 1 1522    4 
13 4 1 1 1 1 1 2 2 1  957    4 
13 4 3 2 1 0 0 4 4 1  776    4 
13 4 2 1 2 1 0 3 3 1 1724    5 
13 4 1 0 3 0 0 2 2 1 1006    5 
13 4 0 0 0 1 1 1 1 1  671    5 
13 4 0 0 2 0 1 1 1 1  639    4 
13 4 1 1 3 0 1 2 2 1  808    4 
13 4 3 3 3 1 1 4 4 1  658    4 
13 4 2 2 0 0 1 3 3 1  754    5 
13 4 0 3 2 0 0 1 1 1  798    4 
13 4 2 2 0 0 1 3 3 1 1104    4 
13 4 3 2 1 0 0 4 2 0 1701    5 
13 4 3 3 1 0 1 4 4 1  623    5 
13 4 2 1 2 1 0 3 3 1 1128    4 
13 4 3 3 1 0 1 4 4 1  620    4 
13 4 0 0 0 1 1 1 1 1  606    4 
13 4 3 2 3 1 0 4 4 1  969    4 
13 4 2 2 0 0 1 3 3 1  740    4 
13 4 1 0 1 1 0 2 2 1 1401    4 
13 4 0 0 2 0 1 1 1 1  801    4 
13 4 0 0 0 1 1 1 1 1  716    5 
13 4 3 3 1 0 1 4 4 1  802    5 
13 4 2 1 2 1 0 3 3 1  965    4 
13 4 3 2 3 1 0 4 4 1  784    4 
13 4 1 1 3 0 1 2 2 1  907    4 
13 4 2 1 0 0 0 3 3 1 2353    5 
13 4 2 1 2 1 0 3 3 1  761    4 
13 4 2 1 2 1 0 3 3 1  653    4 
13 4 0 3 2 0 0 1 1 1  909    5 
13 4 1 0 1 1 0 2 2 1 1579    5 
13 4 2 2 2 1 1 3 3 1 1476    5 
13 4 3 3 1 0 1 4 4 1 1329    4 
13 4 3 2 3 1 0 4 4 1  644    5 
13 4 2 2 0 0 1 3 3 1 2685    4 
13 4 1 0 3 0 0 2 4 0  935    4 
13 4 3 3 3 1 1 4 4 1  745    4 
13 4 2 1 2 1 0 3 3 1  966    4 
13 4 0 3 2 0 0 1 1 1  721    4 
13 4 1 1 3 0 1 2 2 1 1006    4 
13 4 0 3 2 0 0 1 3 0 1008    4 
13 4 2 2 0 0 1 3 3 1  958    4 
13 4 2 2 0 0 1 3 3 1  698    5 
13 4 3 2 3 1 0 4 4 1  808    5 
13 4 0 3 0 1 0 1 1 1  858    4 
13 4 3 2 1 0 0 4 4 1 1106    5 
13 4 1 0 1 1 0 2 2 1 2039    5 
13 4 2 1 2 1 0 3 3 1  804    4 
13 4 1 0 1 1 0 2 2 1 1102    4 
13 4 3 2 3 1 0 4 4 1 1348    5 
13 4 1 0 1 1 0 2 2 1  895    4 
13 4 1 1 1 1 1 2 2 1  701    4 
13 4 2 2 0 0 1 3 3 1 1652    4 
13 4 1 0 3 0 0 2 2 1 1050    5 
13 4 2 2 0 0 1 3 3 1 1762    5 
13 4 3 2 1 0 0 4 4 1 3491    4 
13 4 3 2 1 0 0 4 4 1  546    4 
13 4 0 3 2 0 0 1 1 1  711    4 
13 4 1 1 1 1 1 2 2 1  829    4 
13 4 2 2 2 1 1 3 3 1  822    4 
13 4 1 1 3 0 1 2 2 1  967    4 
13 4 3 2 1 0 0 4 4 1  931    4 
