24 1 0 1 0 1 0 1 1 1 1115    4 
24 1 0 0 1 0 1 1 1 1  456    4 
24 1 1 1 1 1 1 2 2 1  785    4 
24 1 0 0 1 0 1 1 1 1  564    4 
24 1 3 3 3 1 1 4 4 1  593    5 
24 1 2 2 2 1 1 3 3 1  500    4 
24 1 1 2 1 1 0 2 3 0  580    4 
24 1 2 3 2 1 0 3 3 1  989    5 
24 1 0 1 0 1 0 1 1 1  735    4 
24 1 3 3 3 1 1 4 4 1  532    4 
24 1 1 2 1 1 0 2 2 1  810    4 
24 1 2 3 2 1 0 3 3 1  764    4 
24 1 0 0 0 1 1 1 1 1  712    4 
24 1 0 1 0 1 0 1 1 1  598    4 
24 1 3 3 0 0 1 4 4 1  681    5 
24 1 2 3 2 1 0 3 3 1  921    4 
24 1 1 2 2 0 0 2 2 1  782    4 
24 1 3 0 0 0 0 4 4 1  745    4 
24 1 0 0 0 1 1 1 1 1  470    4 
24 1 3 0 0 0 0 4 4 1  646    4 
24 1 3 3 0 0 1 4 4 1  671    4 
24 1 3 0 0 0 0 4 4 1  478    5 
24 1 0 0 0 1 1 1 1 1  551    4 
24 1 1 1 1 1 1 2 2 1  868    4 
24 1 0 1 1 0 0 1 2 0  412    5 
24 1 2 2 2 1 1 3 3 1 1908    4 
24 1 3 0 3 1 0 4 4 1 1102    4 
24 1 0 0 1 0 1 1 1 1 1364    5 
24 1 0 0 1 0 1 1 1 1  470    5 
24 1 2 3 3 0 0 3 3 1  918    4 
24 1 0 0 1 0 1 1 1 1  724    5 
24 1 3 3 0 0 1 4 4 1 1105    4 
24 1 3 3 3 1 1 4 4 1  446    5 
24 1 0 1 1 0 0 1 1 1  896    4 
24 1 2 3 3 0 0 3 3 1  830    5 
24 1 0 1 1 0 0 1 1 1  727    4 
24 1 2 2 3 0 1 3 3 1  837    4 
24 1 0 1 1 0 0 1 1 1  853    4 
24 1 2 3 2 1 0 3 4 0  605    4 
24 1 2 2 2 1 1 3 3 1  685    4 
24 1 2 2 3 0 1 3 3 1  580    4 
24 1 3 0 0 0 0 4 4 1  832    4 
24 1 1 2 1 1 0 2 2 1 1153    4 
24 1 0 1 0 1 0 1 1 1  669    5 
24 1 1 1 1 1 1 2 2 1  861    5 
24 1 1 1 1 1 1 2 2 1  485    4 
24 1 0 0 1 0 1 1 1 1  853    4 
24 1 3 0 3 1 0 4 4 1 1141    5 
24 1 0 1 1 0 0 1 1 1  801    5 
24 1 0 0 1 0 1 1 1 1  723    5 
24 1 1 1 2 0 1 2 2 1 1545    4 
24 1 1 1 1 1 1 2 2 1  427    4 
24 1 3 3 0 0 1 4 4 1  797    4 
24 1 0 1 0 1 0 1 1 1  680    4 
24 1 3 3 3 1 1 4 4 1 1112    5 
24 1 3 3 0 0 1 4 4 1  460    4 
24 1 0 0 0 1 1 1 1 1  677    4 
24 1 2 2 2 1 1 3 3 1 1645    4 
24 1 1 2 1 1 0 2 2 1  907    4 
24 1 0 1 1 0 0 1 1 1  688    4 
24 1 1 1 1 1 1 2 2 1 2471    4 
24 1 1 2 1 1 0 2 2 1  674    4 
24 1 3 3 3 1 1 4 4 1  874    4 
24 1 1 2 1 1 0 2 2 1  769    4 
24 1 2 2 3 0 1 3 3 1 1725    4 
24 1 1 1 1 1 1 2 2 1  527    4 
24 1 1 2 2 0 0 2 2 1  813    4 
24 1 0 0 1 0 1 1 1 1  599    5 
24 1 0 1 0 1 0 1 2 0  730    4 
24 1 0 1 0 1 0 1 1 1  597    4 
24 1 0 0 1 0 1 1 1 1  824    5 
24 1 3 0 3 1 0 4 4 1  865    4 
24 1 0 1 1 0 0 1 1 1 1561    5 
24 1 3 0 3 1 0 4 4 1 1434    4 
24 1 2 3 3 0 0 3 3 1  866    5 
24 1 3 3 0 0 1 4 4 1  897    4 
24 1 2 2 3 0 1 3 3 1 1416    5 
24 1 1 2 2 0 0 2 3 0  400    4 
24 1 1 2 1 1 0 2 2 1  897    4 
24 1 3 0 0 0 0 4 4 1 1319    4 
24 1 3 0 0 0 0 4 4 1  603    4 
24 1 2 3 2 1 0 3 3 1 1358    4 
24 1 1 2 2 0 0 2 2 1  800    4 
24 1 0 0 0 1 1 1 1 1  714    4 
24 1 2 3 3 0 0 3 3 1  857    4 
24 1 3 0 3 1 0 4 4 1 1896    4 
24 1 1 1 2 0 1 2 2 1  676    4 
24 1 2 2 2 1 1 3 3 1 1139    5 
24 1 1 2 2 0 0 2 2 1  783    5 
24 1 3 0 0 0 0 4 4 1  858    5 
24 1 3 3 0 0 1 4 4 1  586    4 
24 1 2 3 3 0 0 3 3 1  733    4 
24 1 2 3 2 1 0 3 4 0  810    5 
24 1 1 1 2 0 1 2 2 1 1025    4 
24 1 2 2 2 1 1 3 3 1  746    4 
24 1 3 3 0 0 1 4 1 0  710    5 
24 1 3 3 3 1 1 4 4 1  994    5 
24 1 0 1 0 1 0 1 1 1  700    4 
24 1 0 0 0 1 1 1 1 1  659    4 
24 1 2 2 3 0 1 3 3 1 1651    4 
24 1 2 3 2 1 0 3 3 1  577    5 
24 1 0 0 0 1 1 1 1 1  629    4 
24 1 2 2 3 0 1 3 3 1  919    5 
24 1 3 3 3 1 1 4 4 1  836    4 
24 1 3 3 0 0 1 4 4 1 1005    4 
24 1 3 3 0 0 1 4 4 1  463    4 
24 1 2 2 2 1 1 3 3 1  647    4 
24 1 2 2 2 1 1 3 3 1  704    5 
24 1 1 2 2 0 0 2 2 1 1159    4 
24 1 1 2 2 0 0 2 2 1  593  205 
24 1 0 1 0 1 0 1 1 1  709    4 
24 1 3 3 0 0 1 4 4 1  595    5 
24 1 2 3 3 0 0 3 3 1 1718    4 
24 1 3 3 3 1 1 4 4 1 1385    4 
24 1 0 0 0 1 1 1 1 1  738    5 
24 1 3 3 0 0 1 4 4 1  591    4 
24 1 3 3 0 0 1 4 4 1  538    4 
24 1 2 2 3 0 1 3 3 1 1744    4 
24 1 2 3 2 1 0 3 3 1  697    5 
24 1 2 3 3 0 0 3 3 1  656    5 
24 1 0 0 1 0 1 1 1 1  768    5 
24 1 2 3 2 1 0 3 3 1 1492    4 
24 1 3 3 0 0 1 4 4 1  753    4 
24 1 0 1 1 0 0 1 1 1  765    5 
24 1 1 1 1 1 1 2 2 1  809    5 
24 1 0 0 1 0 1 1 1 1  707    4 
24 1 0 1 0 1 0 1 1 1  521    5 
24 1 1 1 1 1 1 2 2 1  623    4 
24 1 2 2 3 0 1 3 3 1  705    4 
24 1 2 3 3 0 0 3 3 1  623    5 
24 1 2 2 3 0 1 3 3 1  921    5 
24 1 1 2 1 1 0 2 2 1 2469    4 
24 1 3 3 3 1 1 4 4 1 1896    4 
24 1 1 1 1 1 1 2 2 1  867    4 
24 1 3 3 0 0 1 4 4 1  651    4 
24 1 2 2 3 0 1 3 3 1  620    4 
24 1 0 1 0 1 0 1 1 1  438    4 
24 1 1 2 1 1 0 2 2 1  871    4 
24 1 1 1 1 1 1 2 2 1  686    5 
24 1 3 0 3 1 0 4 4 1  941    4 
24 1 1 2 1 1 0 2 2 1 1249    4 
24 1 2 3 3 0 0 3 4 0  713    4 
24 1 3 3 0 0 1 4 4 1  748    4 
24 1 0 1 0 1 0 1 1 1 1569    5 
24 1 1 2 2 0 0 2 2 1  882    5 
24 1 3 0 0 0 0 4 4 1  817    4 
24 1 1 2 1 1 0 2 2 1 1195    4 
24 1 1 1 2 0 1 2 2 1  764    4 
24 1 3 0 3 1 0 4 4 1  768    5 
24 1 2 2 3 0 1 3 3 1 1748    5 
24 1 2 3 3 0 0 3 3 1  542    4 
24 1 1 2 1 1 0 2 2 1 1723    4 
24 1 2 2 2 1 1 3 3 1 1190    5 
24 1 0 0 1 0 1 1 1 1  823    4 
24 1 3 3 0 0 1 4 4 1  600    4 
24 1 0 1 1 0 0 1 1 1 1884    5 
24 1 2 2 3 0 1 3 2 0  911    4 
24 1 1 1 1 1 1 2 2 1  706    4 
24 1 2 3 3 0 0 3 3 1 1728    4 
24 1 3 3 0 0 1 4 4 1  675    4 
24 1 2 3 3 0 0 3 3 1  738    4 
24 1 0 0 1 0 1 1 1 1  679    4 
24 1 1 2 1 1 0 2 2 1  583    4 
24 1 1 1 1 1 1 2 2 1  715    5 
24 1 2 3 2 1 0 3 3 1  993    4 
24 1 1 2 2 0 0 2 2 1  923    5 
24 1 1 1 1 1 1 2 2 1  591    5 
24 1 1 1 2 0 1 2 2 1  523    4 
24 1 3 3 3 1 1 4 4 1  761    5 
24 1 1 1 1 1 1 2 2 1  653    5 
24 1 1 1 1 1 1 2 2 1  685    4 
24 1 3 0 0 0 0 4 4 1 1789    5 
24 1 2 3 2 1 0 3 3 1  925    5 
24 1 0 1 1 0 0 1 1 1 1610    4 
24 1 3 3 3 1 1 4 4 1 1105    4 
24 1 3 0 0 0 0 4 4 1  526    4 
24 1 0 1 0 1 0 1 1 1  772    4 
24 1 2 2 2 1 1 3 3 1  671    5 
24 1 1 2 1 1 0 2 2 1  839    5 
24 1 2 3 2 1 0 3 3 1  871    4 
24 1 3 0 3 1 0 4 4 1  798    5 
24 1 0 1 0 1 0 1 1 1  809    4 
24 1 0 1 1 0 0 1 1 1  923    7 
24 1 2 2 3 0 1 3 3 1 1263   18 
24 1 1 2 2 0 0 2 2 1  870    4 
24 1 1 1 1 1 1 2 2 1  709    5 
24 1 0 1 1 0 0 1 1 1  771    4 
24 1 0 1 0 1 0 1 1 1  798    4 
24 1 3 0 0 0 0 4 4 1  737    5 
24 1 1 2 2 0 0 2 2 1  918    5 
24 1 2 3 3 0 0 3 3 1  731    5 
24 1 1 1 1 1 1 2 2 1 1353    4 
24 2 3 3 3 1 1 4 4 1 1687    4 
24 2 1 3 0 0 0 2 2 1  916    5 
24 2 1 1 1 1 1 2 2 1  753    4 
24 2 2 0 2 1 0 3 3 1  717    4 
24 2 2 0 1 0 0 3 3 1  547    5 
24 2 0 0 0 1 1 1 1 1  993    4 
24 2 0 2 0 1 0 1 1 1  563    4 
24 2 3 3 3 1 1 4 4 1  567    5 
24 2 2 2 1 0 1 3 3 1  724    4 
24 2 0 0 3 0 1 1 1 1  713    4 
24 2 3 3 2 0 1 4 4 1 1391    5 
24 2 0 0 3 0 1 1 1 1  528    5 
24 2 2 0 2 1 0 3 3 1  686    4 
24 2 3 1 3 1 0 4 3 0  861    5 
24 2 1 3 1 1 0 2 2 1 1738    4 
24 2 3 1 2 0 0 4 4 1 1140    4 
24 2 1 3 0 0 0 2 2 1 1104    4 
24 2 3 1 3 1 0 4 4 1  853    4 
24 2 1 3 0 0 0 2 2 1  837    4 
24 2 0 0 3 0 1 1 2 0  622    4 
24 2 1 3 1 1 0 2 2 1 1277    5 
24 2 1 3 0 0 0 2 2 1  818    5 
24 2 0 0 0 1 1 1 1 1  644    5 
24 2 1 3 0 0 0 2 2 1 1213    5 
24 2 0 0 3 0 1 1 1 1  790    4 
24 2 1 1 1 1 1 2 2 1 1056    5 
24 2 1 1 0 0 1 2 2 1  471    4 
24 2 1 3 1 1 0 2 2 1  776    4 
24 2 0 2 3 0 0 1 1 1  891    4 
24 2 1 1 1 1 1 2 2 1  673    4 
24 2 2 0 2 1 0 3 3 1  865    4 
24 2 2 0 1 0 0 3 3 1  841    5 
24 2 3 1 3 1 0 4 4 1  921    4 
24 2 0 0 3 0 1 1 1 1  718    4 
24 2 1 3 1 1 0 2 2 1 1220    4 
24 2 0 2 3 0 0 1 1 1 2493    4 
24 2 1 3 0 0 0 2 2 1 1182    4 
24 2 1 1 0 0 1 2 2 1 1208    4 
24 2 2 2 2 1 1 3 3 1 1169    4 
24 2 2 2 1 0 1 3 3 1  499    4 
24 2 3 1 2 0 0 4 4 1  851    4 
24 2 0 0 3 0 1 1 1 1  811    4 
24 2 2 2 1 0 1 3 3 1 1509    5 
24 2 2 2 2 1 1 3 3 1  401    4 
24 2 3 1 3 1 0 4 4 1  765    4 
24 2 1 3 0 0 0 2 2 1  945    5 
24 2 3 3 3 1 1 4 3 0  909    4 
24 2 0 0 3 0 1 1 1 1  696    4 
24 2 2 2 2 1 1 3 3 1 1054    4 
24 2 1 3 0 0 0 2 2 1  958    4 
24 2 2 0 1 0 0 3 3 1 1369    5 
24 2 1 3 1 1 0 2 2 1 1219    5 
24 2 3 1 2 0 0 4 4 1  780    5 
24 2 2 2 1 0 1 3 3 1 1151    4 
24 2 2 2 2 1 1 3 3 1  826    4 
24 2 3 1 2 0 0 4 4 1 1508    4 
24 2 1 3 1 1 0 2 2 1  479    4 
24 2 3 1 3 1 0 4 4 1  959    5 
24 2 3 1 2 0 0 4 4 1  683    5 
24 2 2 0 1 0 0 3 3 1  986    4 
24 2 0 0 3 0 1 1 1 1  525    4 
24 2 2 2 1 0 1 3 3 1  659    4 
24 2 3 3 3 1 1 4 4 1  819    5 
24 2 1 3 1 1 0 2 2 1 1605    4 
24 2 0 2 0 1 0 1 1 1  813    5 
24 2 1 3 1 1 0 2 2 1 2047    4 
24 2 0 0 0 1 1 1 1 1  683    4 
24 2 1 3 0 0 0 2 2 1  707    5 
24 2 3 3 3 1 1 4 4 1  801    5 
24 2 3 3 2 0 1 4 4 1  564    4 
24 2 0 0 3 0 1 1 1 1  688    5 
24 2 0 2 3 0 0 1 1 1  647    5 
24 2 1 3 1 1 0 2 2 1  720    4 
24 2 0 2 3 0 0 1 1 1  926    4 
24 2 1 3 0 0 0 2 2 1 1194    4 
24 2 2 2 2 1 1 3 3 1  636    4 
24 2 2 2 1 0 1 3 3 1  477    5 
24 2 3 3 2 0 1 4 4 1 1341    4 
24 2 0 0 3 0 1 1 1 1  648    4 
24 2 1 1 1 1 1 2 2 1 1369    4 
24 2 2 2 2 1 1 3 3 1 1739    4 
24 2 2 0 1 0 0 3 3 1  677    5 
24 2 0 2 0 1 0 1 1 1 1053    5 
24 2 0 0 0 1 1 1 1 1  509    4 
24 2 1 3 1 1 0 2 2 1 1012    4 
24 2 0 0 0 1 1 1 1 1 1373    5 
24 2 2 0 2 1 0 3 3 1 1750   77 
24 2 1 3 1 1 0 2 1 0 1784    4 
24 2 1 3 1 1 0 2 2 1  533    4 
24 2 0 2 0 1 0 1 1 1  691    4 
24 2 0 0 3 0 1 1 1 1  610    4 
24 2 0 0 0 1 1 1 1 1  461    5 
24 2 0 0 0 1 1 1 1 1  414    4 
24 2 3 3 3 1 1 4 4 1  865    4 
24 2 2 0 2 1 0 3 3 1  776    4 
24 2 3 3 3 1 1 4 4 1  420    4 
24 2 0 2 3 0 0 1 1 1 1454    4 
24 2 2 2 1 0 1 3 3 1 1925    4 
24 2 0 0 0 1 1 1 1 1  798    4 
24 2 1 1 1 1 1 2 2 1  745    4 
24 2 3 3 2 0 1 4 4 1  814    5 
24 2 2 2 1 0 1 3 3 1  952    4 
24 2 3 3 2 0 1 4 4 1  812    4 
24 2 2 2 2 1 1 3 3 1  878    4 
24 2 3 1 3 1 0 4 4 1  828    4 
24 2 1 3 1 1 0 2 2 1  854    5 
24 2 2 2 2 1 1 3 3 1 1157    4 
24 2 0 2 3 0 0 1 1 1  928    5 
24 2 2 2 2 1 1 3 3 1  605    4 
24 2 2 0 2 1 0 3 3 1 1207    4 
24 2 0 0 0 1 1 1 1 1  520    4 
24 2 2 0 2 1 0 3 3 1  766    4 
24 2 2 0 2 1 0 3 3 1  682    4 
24 2 3 1 3 1 0 4 4 1  882   32 
24 2 0 0 3 0 1 1 1 1  825    4 
24 2 1 3 0 0 0 2 2 1 1266    5 
24 2 3 3 2 0 1 4 4 1 1376    5 
24 2 0 2 0 1 0 1 1 1  770    4 
24 2 0 2 0 1 0 1 1 1  477    5 
24 2 3 3 3 1 1 4 4 1  821    4 
24 2 3 3 2 0 1 4 4 1  470    5 
24 2 0 2 0 1 0 1 1 1  710    5 
24 2 0 0 3 0 1 1 1 1  581    4 
24 2 1 1 0 0 1 2 2 1 1016    4 
24 2 3 3 3 1 1 4 4 1  786    5 
24 2 3 1 2 0 0 4 4 1  949    4 
24 2 3 3 2 0 1 4 4 1  449    4 
24 2 1 3 0 0 0 2 4 0  451    5 
24 2 3 1 3 1 0 4 4 1  714    4 
24 2 3 3 2 0 1 4 4 1  520    5 
24 2 2 0 1 0 0 3 3 1 1078    4 
24 2 2 2 2 1 1 3 3 1  596    4 
24 2 3 1 3 1 0 4 4 1  767    4 
24 2 3 1 3 1 0 4 4 1  939    4 
24 2 1 1 0 0 1 2 2 1 1039    5 
24 2 1 1 1 1 1 2 2 1  487    5 
24 2 2 2 1 0 1 3 3 1  615    4 
24 2 0 0 0 1 1 1 1 1  665    4 
24 2 2 0 2 1 0 3 3 1  673    4 
24 2 2 0 2 1 0 3 3 1  537    4 
24 2 1 1 0 0 1 2 2 1 1526    5 
24 2 1 1 0 0 1 2 2 1  585    5 
24 2 2 2 2 1 1 3 3 1  685    4 
24 2 1 3 0 0 0 2 2 1 1013    5 
24 2 1 1 1 1 1 2 2 1  966    4 
24 2 0 0 3 0 1 1 1 1  929    5 
24 2 1 3 0 0 0 2 2 1 1094    4 
24 2 3 1 3 1 0 4 4 1  988    4 
24 2 2 2 1 0 1 3 3 1  766    4 
24 2 0 0 0 1 1 1 1 1  786    4 
24 2 2 2 1 0 1 3 3 1 1157    5 
24 2 2 2 1 0 1 3 3 1  480    5 
24 2 1 3 0 0 0 2 2 1 1360    4 
24 2 3 1 3 1 0 4 4 1 1074    4 
24 2 1 1 0 0 1 2 2 1 1849    5 
24 2 2 2 2 1 1 3 3 1  718    5 
24 2 2 0 1 0 0 3 3 1  772    4 
24 2 1 3 1 1 0 2 4 0  687    4 
24 2 0 2 3 0 0 1 1 1  900    4 
24 2 2 0 1 0 0 3 3 1 1178    5 
24 2 1 3 1 1 0 2 2 1  964    4 
24 2 0 2 3 0 0 1 1 1  959    4 
24 2 2 0 2 1 0 3 3 1 1331    4 
24 2 3 3 3 1 1 4 4 1 1286    4 
24 2 2 0 1 0 0 3 3 1 1148    5 
24 2 3 1 3 1 0 4 4 1 1768    4 
24 2 0 0 0 1 1 1 1 1  680    4 
24 2 0 2 3 0 0 1 1 1  624    4 
24 2 3 1 2 0 0 4 4 1  938    4 
24 2 1 1 1 1 1 2 2 1 1062    5 
24 2 3 1 3 1 0 4 4 1 1621    4 
24 2 1 1 0 0 1 2 2 1  900    4 
24 2 3 3 3 1 1 4 4 1  923    4 
24 2 1 1 0 0 1 2 2 1  871    5 
24 2 0 2 3 0 0 1 1 1  974    5 
24 2 0 2 0 1 0 1 1 1  849    4 
24 2 0 0 3 0 1 1 1 1  970    5 
24 2 2 2 1 0 1 3 3 1 2181    4 
24 2 3 3 3 1 1 4 4 1  628    5 
24 2 1 3 0 0 0 2 2 1  982    5 
24 2 0 0 0 1 1 1 1 1  872    4 
24 2 2 2 1 0 1 3 3 1 1639    5 
24 2 3 3 3 1 1 4 4 1  725    4 
24 2 3 1 3 1 0 4 4 1 1451    4 
24 2 3 1 2 0 0 4 4 1  737    4 
24 2 3 3 2 0 1 4 4 1  454    5 
24 2 0 0 3 0 1 1 1 1  663    4 
24 2 3 1 2 0 0 4 4 1  711    4 
24 2 0 2 3 0 0 1 1 1  925    4 
24 2 2 0 1 0 0 3 3 1 1090    4 
24 2 2 2 1 0 1 3 3 1  592    4 
24 2 3 1 3 1 0 4 4 1  747    4 
24 3 2 2 2 1 1 3 3 1 1298    5 
24 3 1 2 2 0 0 2 2 1  767    5 
24 3 2 2 2 1 1 3 3 1  499    5 
24 3 1 2 1 1 0 2 2 1  787    4 
24 3 0 0 0 1 1 1 1 1  629    4 
24 3 3 0 0 0 0 4 4 1  599    5 
24 3 1 2 2 0 0 2 2 1  794    4 
24 3 3 0 3 1 0 4 4 1 1757    4 
24 3 3 0 3 1 0 4 4 1  446    4 
24 3 1 1 1 1 1 2 2 1 1159    4 
24 3 1 2 1 1 0 2 2 1  578    4 
24 3 1 1 2 0 1 2 2 1  654    4 
24 3 2 2 3 0 1 3 3 1 1854    4 
24 3 3 3 3 1 1 4 4 1 1828    4 
24 3 2 2 2 1 1 3 3 1  954    5 
24 3 2 2 2 1 1 3 3 1  397    4 
24 3 3 3 0 0 1 4 4 1  769    5 
24 3 1 1 1 1 1 2 2 1 1253    4 
24 3 3 0 0 0 0 4 4 1  772    4 
24 3 1 2 2 0 0 2 2 1 1007    4 
24 3 0 0 1 0 1 1 1 1  633    4 
24 3 2 3 3 0 0 3 3 1  794    4 
24 3 1 1 1 1 1 2 2 1  669    4 
24 3 1 1 1 1 1 2 2 1  717    4 
24 3 1 2 1 1 0 2 2 1  587    4 
24 3 1 2 1 1 0 2 2 1  543    4 
24 3 0 0 0 1 1 1 1 1  644    4 
24 3 1 1 2 0 1 2 2 1  701    4 
24 3 3 0 0 0 0 4 4 1  628    4 
24 3 0 1 0 1 0 1 1 1  869    5 
24 3 2 2 2 1 1 3 3 1  909    4 
24 3 1 1 2 0 1 2 2 1  731    5 
24 3 1 1 1 1 1 2 2 1  720    4 
24 3 0 1 0 1 0 1 1 1  910    4 
24 3 1 2 2 0 0 2 2 1  859    4 
24 3 0 1 0 1 0 1 1 1  659    4 
24 3 1 1 2 0 1 2 2 1  731    4 
24 3 3 3 0 0 1 4 4 1  545    4 
24 3 2 2 3 0 1 3 3 1  566    4 
24 3 0 0 1 0 1 1 1 1  978    4 
24 3 2 3 3 0 0 3 3 1  925    5 
24 3 2 3 3 0 0 3 3 1  682    4 
24 3 2 3 3 0 0 3 3 1  593    5 
24 3 2 2 3 0 1 3 3 1  525    4 
24 3 2 2 3 0 1 3 3 1  451    4 
24 3 2 3 3 0 0 3 3 1  604    4 
24 3 2 3 2 1 0 3 3 1  495    4 
24 3 3 0 0 0 0 4 4 1 1206    4 
24 3 3 3 3 1 1 4 4 1  447    4 
24 3 1 1 1 1 1 2 2 1  648    4 
24 3 3 3 3 1 1 4 4 1 1033    4 
24 3 0 1 1 0 0 1 1 1  842    4 
24 3 1 2 2 0 0 2 2 1  826    4 
24 3 1 1 1 1 1 2 2 1  428    5 
24 3 0 0 1 0 1 1 1 1  686    4 
24 3 0 1 1 0 0 1 1 1  885    5 
24 3 0 0 0 1 1 1 1 1  652    4 
24 3 2 2 3 0 1 3 3 1  669    5 
24 3 3 0 0 0 0 4 4 1 1277    4 
24 3 2 2 3 0 1 3 3 1 1355    4 
24 3 0 0 1 0 1 1 1 1  837    4 
24 3 3 3 0 0 1 4 4 1  581    4 
24 3 3 3 3 1 1 4 4 1  441    4 
24 3 3 0 0 0 0 4 4 1  579    4 
24 3 1 1 2 0 1 2 2 1 1439    5 
24 3 0 1 1 0 0 1 1 1  861    5 
24 3 3 3 0 0 1 4 4 1 2069    4 
24 3 2 3 2 1 0 3 3 1  889    4 
24 3 1 2 2 0 0 2 2 1  743    4 
24 3 1 1 1 1 1 2 2 1  668    4 
24 3 3 0 0 0 0 4 4 1  868    4 
24 3 2 2 2 1 1 3 3 1  860    5 
24 3 3 0 0 0 0 4 4 1  988    4 
24 3 2 2 2 1 1 3 4 0 1014    5 
24 3 0 0 0 1 1 1 1 1  700    4 
24 3 1 1 2 0 1 2 2 1 1123    5 
24 3 0 1 0 1 0 1 1 1 1319    4 
24 3 0 1 0 1 0 1 1 1  412    5 
24 3 3 3 3 1 1 4 4 1 2311    4 
24 3 3 3 3 1 1 4 4 1  360    5 
24 3 0 0 1 0 1 1 1 1  621    4 
24 3 2 3 2 1 0 3 3 1  711    4 
24 3 2 3 2 1 0 3 3 1  597    4 
24 3 0 0 0 1 1 1 1 1  536    4 
24 3 2 2 2 1 1 3 3 1 1294    5 
24 3 3 0 3 1 0 4 4 1  891    4 
24 3 0 0 0 1 1 1 1 1  729    4 
24 3 1 2 2 0 0 2 2 1 1382    5 
24 3 1 1 2 0 1 2 2 1  744    5 
24 3 3 3 3 1 1 4 4 1  884    4 
24 3 3 0 0 0 0 4 4 1  963    4 
24 3 1 1 2 0 1 2 2 1  719    4 
24 3 0 1 1 0 0 1 1 1  933    4 
24 3 2 3 2 1 0 3 3 1  690    4 
24 3 3 3 3 1 1 4 4 1 1273    5 
24 3 0 1 1 0 0 1 1 1 1534    4 
24 3 0 0 0 1 1 1 1 1  457    5 
24 3 1 1 1 1 1 2 2 1  706    4 
24 3 2 2 3 0 1 3 3 1  704    5 
24 3 2 3 3 0 0 3 3 1 1119    4 
24 3 2 3 3 0 0 3 3 1  436    4 
24 3 2 3 2 1 0 3 3 1  565    4 
24 3 3 0 3 1 0 4 4 1 1154   64 
24 3 1 1 1 1 1 2 2 1  661    4 
24 3 2 2 3 0 1 3 3 1 1534    4 
24 3 2 3 2 1 0 3 3 1  545    4 
24 3 2 2 3 0 1 3 3 1  390    4 
24 3 2 2 2 1 1 3 3 1  386    4 
24 3 0 1 1 0 0 1 1 1  733    4 
24 3 3 0 3 1 0 4 4 1  867    4 
24 3 0 1 1 0 0 1 4 0  659    4 
24 3 2 3 3 0 0 3 3 1  840    4 
24 3 2 3 2 1 0 3 3 1  624    5 
24 3 0 0 0 1 1 1 1 1  626    4 
24 3 3 3 0 0 1 4 4 1  556    4 
24 3 3 0 0 0 0 4 4 1  617    5 
24 3 2 2 3 0 1 3 3 1  739    4 
24 3 2 3 2 1 0 3 3 1 1120    5 
24 3 3 3 3 1 1 4 4 1  725    4 
24 3 2 2 2 1 1 3 3 1  570    4 
24 3 3 3 3 1 1 4 4 1  678    4 
24 3 0 1 1 0 0 1 1 1 1438    5 
24 3 1 2 1 1 0 2 2 1 1389    4 
24 3 1 1 1 1 1 2 2 1  614    4 
24 3 2 2 3 0 1 3 4 0  984    4 
24 3 3 3 3 1 1 4 4 1  752    4 
24 3 3 0 0 0 0 4 4 1  669    5 
24 3 3 0 3 1 0 4 4 1  629    4 
24 3 3 0 3 1 0 4 4 1  583    5 
24 3 2 2 2 1 1 3 3 1  771    4 
24 3 3 0 3 1 0 4 4 1  742    4 
24 3 1 2 2 0 0 2 2 1  699    4 
24 3 1 1 1 1 1 2 2 1  665    5 
24 3 0 1 0 1 0 1 1 1 1162    5 
24 3 0 0 1 0 1 1 1 1  493    5 
24 3 3 0 3 1 0 4 4 1 1284    4 
24 3 0 1 0 1 0 1 1 1 1242    4 
24 3 0 1 1 0 0 1 1 1  537    4 
24 3 0 1 0 1 0 1 1 1  510    5 
24 3 1 2 1 1 0 2 2 1  909    4 
24 3 1 2 1 1 0 2 2 1  451    4 
24 3 3 3 3 1 1 4 4 1 1132    4 
24 3 2 3 3 0 0 3 3 1  704    4 
24 3 1 2 1 1 0 2 2 1  879    5 
24 3 3 3 3 1 1 4 4 1  629    4 
24 3 3 0 0 0 0 4 4 1  679    4 
24 3 1 1 1 1 1 2 2 1  647    5 
24 3 1 1 2 0 1 2 2 1  640    5 
24 3 0 0 0 1 1 1 1 1  777    5 
24 3 0 1 1 0 0 1 1 1  724    4 
24 3 3 0 0 0 0 4 4 1 1226    4 
24 3 1 2 2 0 0 2 2 1  817    5 
24 3 3 0 0 0 0 4 4 1  763    4 
24 3 3 0 3 1 0 4 4 1 1007    4 
24 3 2 2 3 0 1 3 3 1  649    4 
24 3 0 0 0 1 1 1 1 1  842    4 
24 3 1 1 2 0 1 2 2 1  818    4 
24 3 3 0 3 1 0 4 4 1  716    5 
24 3 1 2 2 0 0 2 2 1  770    4 
24 3 0 0 1 0 1 1 1 1 1029    5 
24 3 0 1 0 1 0 1 1 1  646    4 
24 3 0 1 0 1 0 1 1 1  439    5 
24 3 2 2 3 0 1 3 3 1  656    4 
24 3 0 1 0 1 0 1 1 1  537    4 
24 3 3 3 0 0 1 4 4 1  670    4 
24 3 0 1 1 0 0 1 1 1  726    4 
24 3 2 3 3 0 0 3 3 1  635    4 
24 3 0 1 1 0 0 1 1 1  629    5 
24 3 2 3 3 0 0 3 3 1  694    5 
24 3 1 2 2 0 0 2 2 1  821    4 
24 3 0 1 0 1 0 1 1 1  758    5 
24 3 3 3 3 1 1 4 4 1  738    5 
24 3 0 0 1 0 1 1 1 1  735    4 
24 3 1 2 2 0 0 2 2 1 1245    4 
24 3 2 2 3 0 1 3 3 1  756    4 
24 3 2 2 3 0 1 3 3 1  704    4 
24 3 1 1 2 0 1 2 2 1 1486    4 
24 3 0 0 1 0 1 1 1 1 1419    5 
24 3 2 3 2 1 0 3 3 1 2035    4 
24 3 2 3 2 1 0 3 3 1  489    4 
24 3 1 1 2 0 1 2 2 1  624    4 
24 3 0 1 1 0 0 1 1 1  690    4 
24 3 0 0 1 0 1 1 1 1  641    4 
24 3 3 0 3 1 0 4 4 1 1498    4 
24 3 0 0 1 0 1 1 1 1  718    5 
24 3 0 1 0 1 0 1 1 1  652    4 
24 3 0 1 1 0 0 1 1 1  501    4 
24 3 1 1 1 1 1 2 2 1 1781    5 
24 3 3 3 0 0 1 4 4 1  661    4 
24 3 1 1 1 1 1 2 2 1  773    4 
24 3 1 1 1 1 1 2 2 1  457    4 
24 3 3 0 3 1 0 4 4 1  825    4 
24 4 2 2 2 1 1 3 3 1  919    4 
24 4 1 0 1 1 0 2 2 1  964    5 
24 4 1 1 1 1 1 2 2 1  616    4 
24 4 3 2 1 0 0 4 4 1  842    5 
24 4 1 0 1 1 0 2 2 1  843    4 
24 4 1 1 3 0 1 2 2 1  611    4 
24 4 1 1 3 0 1 2 2 1  462    4 
24 4 2 1 0 0 0 3 3 1  774    4 
24 4 0 3 0 1 0 1 1 1  610    5 
24 4 3 3 1 0 1 4 4 1  812    5 
24 4 1 1 3 0 1 2 2 1 1126    4 
24 4 2 1 0 0 0 3 3 1  754    4 
24 4 3 2 3 1 0 4 4 1  830    5 
24 4 1 1 1 1 1 2 2 1  655    5 
24 4 0 0 0 1 1 1 1 1  608    4 
24 4 2 2 0 0 1 3 3 1  746    4 
24 4 2 1 2 1 0 3 3 1  727    5 
24 4 3 3 3 1 1 4 4 1  684    5 
24 4 0 0 0 1 1 1 1 1  628    5 
24 4 1 0 1 1 0 2 2 1  782    4 
24 4 0 0 0 1 1 1 1 1  561    4 
24 4 0 0 0 1 1 1 1 1  397    4 
24 4 0 3 0 1 0 1 1 1  513    5 
24 4 3 2 3 1 0 4 4 1 1016    4 
24 4 2 2 0 0 1 3 1 0  457    4 
24 4 0 3 0 1 0 1 1 1  671    4 
24 4 3 3 1 0 1 4 4 1  735    4 
24 4 3 3 1 0 1 4 4 1  588    4 
24 4 2 2 0 0 1 3 3 1 1127    4 
24 4 1 0 3 0 0 2 2 1 1348    4 
24 4 1 1 3 0 1 2 2 1  503    4 
24 4 2 1 2 1 0 3 3 1  829    4 
24 4 3 3 1 0 1 4 4 1  694    4 
24 4 3 3 1 0 1 4 4 1  517    5 
24 4 0 3 0 1 0 1 1 1 1356    4 
24 4 1 0 1 1 0 2 2 1 1590    5 
24 4 1 1 1 1 1 2 2 1  430    4 
24 4 0 0 0 1 1 1 1 1  689    4 
24 4 2 2 0 0 1 3 3 1  736    4 
24 4 3 2 1 0 0 4 4 1 1653    5 
24 4 0 3 0 1 0 1 1 1  619    4 
24 4 2 2 0 0 1 3 3 1  677    4 
24 4 1 0 1 1 0 2 2 1 2076    5 
24 4 0 0 2 0 1 1 1 1 1016    4 
24 4 3 3 3 1 1 4 4 1 1097    4 
24 4 3 2 3 1 0 4 4 1  615    4 
24 4 0 0 2 0 1 1 1 1 1289    5 
24 4 1 0 1 1 0 2 1 0  478    5 
24 4 2 1 2 1 0 3 3 1  892    4 
24 4 1 1 1 1 1 2 2 1  674    4 
24 4 1 0 1 1 0 2 2 1  937    5 
24 4 0 0 0 1 1 1 1 1  797    5 
24 4 2 1 2 1 0 3 3 1  824    4 
24 4 3 2 3 1 0 4 4 1  777    5 
24 4 2 1 0 0 0 3 3 1 1012    4 
24 4 1 1 3 0 1 2 2 1 1566    5 
24 4 1 0 1 1 0 2 2 1 1007    4 
24 4 1 0 3 0 0 2 2 1  680    4 
24 4 3 2 1 0 0 4 4 1  952    5 
24 4 3 2 1 0 0 4 4 1  564    4 
24 4 0 3 2 0 0 1 1 1 1289    5 
24 4 2 1 2 1 0 3 3 1 1654    5 
24 4 1 1 3 0 1 2 2 1 1044    5 
24 4 0 0 0 1 1 1 1 1  668    4 
24 4 3 2 3 1 0 4 4 1 1180    5 
24 4 2 1 0 0 0 3 3 1  814    4 
24 4 0 3 2 0 0 1 1 1 1072    4 
24 4 1 1 1 1 1 2 2 1  854    5 
24 4 2 2 0 0 1 3 3 1 1342    5 
24 4 2 1 2 1 0 3 3 1  641    4 
24 4 1 0 1 1 0 2 2 1  874    4 
24 4 3 2 3 1 0 4 4 1  761    4 
24 4 2 2 0 0 1 3 3 1  621    4 
24 4 2 2 0 0 1 3 3 1  430    5 
24 4 0 3 0 1 0 1 1 1  561    5 
24 4 0 3 2 0 0 1 1 1  533    5 
24 4 0 0 0 1 1 1 1 1  539    4 
24 4 2 2 2 1 1 3 3 1  505    4 
24 4 1 1 3 0 1 2 2 1  696    4 
24 4 1 1 1 1 1 2 2 1  670    5 
24 4 3 3 1 0 1 4 4 1  518    5 
24 4 3 2 1 0 0 4 4 1  613    4 
24 4 3 2 3 1 0 4 4 1  599    5 
24 4 1 0 3 0 0 2 2 1  890    4 
24 4 0 0 0 1 1 1 2 0  625    4 
24 4 3 3 1 0 1 4 4 1 1360    5 
24 4 1 1 1 1 1 2 2 1 1562    4 
24 4 0 0 0 1 1 1 1 1  683    4 
24 4 2 2 2 1 1 3 3 1  651    4 
24 4 1 1 1 1 1 2 2 1 1180    5 
24 4 1 1 3 0 1 2 2 1  678    5 
24 4 2 1 2 1 0 3 3 1  974    4 
24 4 0 0 0 1 1 1 1 1  648    4 
24 4 1 1 1 1 1 2 2 1 1169    4 
24 4 2 2 0 0 1 3 3 1 2180    4 
24 4 1 0 1 1 0 2 2 1  931    4 
24 4 3 3 1 0 1 4 4 1  984    5 
24 4 3 3 3 1 1 4 4 1  395   39 
24 4 3 3 3 1 1 4 4 1  382    4 
24 4 0 3 0 1 0 1 1 1  755    4 
24 4 2 2 0 0 1 3 3 1  767    4 
24 4 0 3 0 1 0 1 1 1 1619    5 
24 4 2 2 0 0 1 3 3 1  858    4 
24 4 2 1 0 0 0 3 3 1  458    4 
24 4 0 3 0 1 0 1 1 1  611    4 
24 4 1 0 3 0 0 2 2 1 2421    4 
24 4 2 1 2 1 0 3 4 0  674    4 
24 4 0 0 0 1 1 1 1 1  647    4 
24 4 2 1 0 0 0 3 3 1  688    4 
24 4 2 1 0 0 0 3 3 1  439    4 
24 4 1 1 1 1 1 2 2 1 1537    4 
24 4 2 1 0 0 0 3 3 1  828    4 
24 4 2 1 2 1 0 3 3 1  565    4 
24 4 0 0 2 0 1 1 1 1  937    4 
24 4 3 2 1 0 0 4 4 1 1869    4 
24 4 3 3 3 1 1 4 4 1  378    4 
24 4 0 0 2 0 1 1 1 1  535    4 
24 4 3 3 3 1 1 4 4 1  557    4 
24 4 3 3 3 1 1 4 4 1  401    4 
24 4 3 3 1 0 1 4 4 1  549    5 
24 4 1 0 3 0 0 2 2 1 1306    5 
24 4 3 2 1 0 0 4 4 1 1607    4 
24 4 2 1 0 0 0 3 3 1  990    4 
24 4 0 0 2 0 1 1 1 1  712    4 
24 4 0 0 0 1 1 1 1 1  430    4 
24 4 0 0 2 0 1 1 1 1  384    4 
24 4 3 2 1 0 0 4 4 1 1653    5 
24 4 2 1 0 0 0 3 3 1 1747    5 
24 4 2 1 0 0 0 3 3 1  421    4 
24 4 3 3 1 0 1 4 4 1 1271    5 
24 4 1 1 1 1 1 2 2 1 2261    4 
24 4 3 2 1 0 0 4 4 1 1016    5 
24 4 2 1 0 0 0 3 3 1 1634    5 
24 4 0 0 0 1 1 1 1 1  736    5 
24 4 2 2 0 0 1 3 3 1  717    4 
24 4 2 1 2 1 0 3 3 1  627    5 
24 4 0 3 0 1 0 1 1 1  861    4 
24 4 1 0 3 0 0 2 2 1 1620    4 
24 4 3 2 1 0 0 4 4 1 1252    5 
24 4 1 0 1 1 0 2 2 1  867    4 
24 4 3 2 1 0 0 4 4 1  683    4 
24 4 0 3 2 0 0 1 1 1 2162    4 
24 4 3 3 1 0 1 4 4 1 1146    4 
24 4 1 1 1 1 1 2 2 1 1470    4 
24 4 0 0 2 0 1 1 1 1  723    4 
24 4 2 1 0 0 0 3 3 1 1401    4 
24 4 2 2 0 0 1 3 3 1  586    5 
24 4 0 0 0 1 1 1 1 1  757    4 
24 4 0 3 2 0 0 1 1 1  657    5 
24 4 3 2 3 1 0 4 4 1 1137    4 
24 4 3 3 3 1 1 4 4 1  485    4 
24 4 3 2 3 1 0 4 4 1  501    5 
24 4 3 3 3 1 1 4 4 1  372    4 
24 4 2 1 0 0 0 3 3 1  801    4 
24 4 1 0 3 0 0 2 2 1  867    5 
24 4 3 2 3 1 0 4 4 1  771    5 
24 4 0 3 2 0 0 1 1 1  782    4 
24 4 1 1 3 0 1 2 2 1  722    5 
24 4 3 2 3 1 0 4 4 1 2471    4 
24 4 1 1 3 0 1 2 2 1  794    4 
24 4 2 1 0 0 0 3 3 1  780    5 
24 4 3 2 3 1 0 4 4 1  696    5 
24 4 0 0 2 0 1 1 1 1  647    5 
24 4 2 1 0 0 0 3 3 1  776    4 
24 4 2 1 2 1 0 3 3 1  475    5 
24 4 2 1 0 0 0 3 3 1  387    5 
24 4 1 1 1 1 1 2 2 1  743    4 
24 4 1 0 1 1 0 2 2 1  827    4 
24 4 3 2 3 1 0 4 4 1  845    4 
24 4 0 0 0 1 1 1 1 1  581    4 
24 4 2 1 2 1 0 3 3 1  809    4 
24 4 3 3 1 0 1 4 4 1  891    5 
24 4 0 3 2 0 0 1 1 1  793    5 
24 4 3 3 1 0 1 4 4 1  412    4 
24 4 1 1 1 1 1 2 2 1  759    4 
24 4 1 1 3 0 1 2 2 1  651    4 
24 4 1 0 1 1 0 2 2 1  860    5 
24 4 0 3 0 1 0 1 1 1  891    4 
24 4 3 2 3 1 0 4 4 1  722    5 
24 4 0 0 2 0 1 1 1 1  735    4 
24 4 2 2 2 1 1 3 3 1  628    5 
24 4 0 3 2 0 0 1 1 1 1454    4 
24 4 0 3 0 1 0 1 1 1  477    5 
24 4 2 2 0 0 1 3 3 1 1405    4 
24 4 1 1 3 0 1 2 2 1  725    5 
24 4 0 0 2 0 1 1 1 1 2034    5 
24 4 1 1 3 0 1 2 2 1  720    4 
24 4 1 0 3 0 0 2 2 1  669    4 
24 4 0 0 2 0 1 1 1 1  581    5 
24 4 3 2 3 1 0 4 4 1  729    4 
24 4 2 2 2 1 1 3 3 1  510    4 
24 4 0 0 2 0 1 1 1 1  709    4 
