22 1 3 2 0 0 0 4 4 1 1498    5 
22 1 2 2 3 0 1 3 4 0  814    4 
22 1 2 1 3 0 0 3 3 1  917    5 
22 1 3 2 0 0 0 4 4 1 1139    4 
22 1 0 0 0 1 1 1 1 1  726    5 
22 1 3 3 0 0 1 4 4 1  764    4 
22 1 0 0 1 0 1 1 1 1  816    4 
22 1 2 2 3 0 1 3 3 1  682    4 
22 1 0 3 0 1 0 1 1 1  769    5 
22 1 3 3 0 0 1 4 4 1  781    4 
22 1 0 0 0 1 1 1 1 1  680    5 
22 1 2 2 2 1 1 3 3 1  688    4 
22 1 1 0 1 1 0 2 2 1 1575   43 
22 1 2 1 2 1 0 3 3 1  832    5 
22 1 2 1 2 1 0 3 3 1  889    4 
22 1 1 0 2 0 0 2 2 1 1039    5 
22 1 0 3 0 1 0 1 1 1  839    5 
22 1 0 3 0 1 0 1 1 1  551    4 
22 1 1 1 1 1 1 2 2 1  733    4 
22 1 1 0 1 1 0 2 2 1  794    4 
22 1 2 1 2 1 0 3 3 1  749    5 
22 1 3 3 0 0 1 4 4 1  753    4 
22 1 3 3 0 0 1 4 4 1  621    5 
22 1 2 2 3 0 1 3 1 0  655    5 
22 1 2 2 3 0 1 3 3 1  581    5 
22 1 3 3 3 1 1 4 2 0  681    5 
22 1 3 2 0 0 0 4 4 1  925    4 
22 1 1 0 1 1 0 2 2 1  922    4 
22 1 1 1 2 0 1 2 2 1  951    4 
22 1 2 1 2 1 0 3 3 1 1451    4 
22 1 3 2 3 1 0 4 4 1  850    4 
22 1 1 0 1 1 0 2 2 1 1010    4 
22 1 3 3 0 0 1 4 4 1  867    4 
22 1 1 1 1 1 1 2 2 1  659    4 
22 1 3 2 3 1 0 4 4 1  931    5 
22 1 3 2 3 1 0 4 4 1  648    4 
22 1 0 0 1 0 1 1 1 1  825    4 
22 1 0 0 1 0 1 1 1 1  666    4 
22 1 3 2 0 0 0 4 4 1  739    5 
22 1 1 1 1 1 1 2 2 1  663    4 
22 1 0 3 0 1 0 1 1 1  800    4 
22 1 2 1 3 0 0 3 3 1  850    4 
22 1 3 2 3 1 0 4 4 1  835    4 
22 1 3 2 0 0 0 4 4 1  756    5 
22 1 0 0 1 0 1 1 1 1  800    4 
22 1 1 0 2 0 0 2 2 1 1178    5 
22 1 0 0 0 1 1 1 1 1  628    4 
22 1 1 1 1 1 1 2 2 1  718    5 
22 1 3 3 0 0 1 4 4 1  676    5 
22 1 2 2 2 1 1 3 3 1  796    4 
22 1 1 1 1 1 1 2 2 1  718    5 
22 1 2 1 2 1 0 3 3 1  756    5 
22 1 1 1 1 1 1 2 2 1  632    5 
22 1 1 1 1 1 1 2 2 1  522    5 
22 1 0 3 0 1 0 1 1 1  672    4 
22 1 3 3 3 1 1 4 4 1  696    5 
22 1 1 1 1 1 1 2 2 1  615    4 
22 1 2 1 3 0 0 3 3 1  817    5 
22 1 1 1 1 1 1 2 2 1  571    5 
22 1 3 2 0 0 0 4 4 1  887    4 
22 1 1 0 2 0 0 2 2 1 1045    4 
22 1 2 1 3 0 0 3 3 1 1029    5 
22 1 0 3 1 0 0 1 1 1  845    4 
22 1 3 2 0 0 0 4 4 1  742    5 
22 1 3 3 0 0 1 4 4 1  842    4 
22 1 2 2 3 0 1 3 1 0  739    4 
22 1 3 2 0 0 0 4 4 1  853    4 
22 1 1 1 2 0 1 2 2 1  733    4 
22 1 0 0 0 1 1 1 1 1  659    5 
22 1 3 3 3 1 1 4 4 1  819    5 
22 1 1 1 2 0 1 2 2 1  741    4 
22 1 3 3 3 1 1 4 4 1  586    4 
22 1 2 2 3 0 1 3 3 1 1005    4 
22 1 0 0 0 1 1 1 1 1  471    5 
22 1 0 3 0 1 0 1 1 1  655    4 
22 1 2 1 2 1 0 3 3 1 1039    5 
22 1 0 0 1 0 1 1 1 1  831    4 
22 1 1 1 1 1 1 2 2 1  648    5 
22 1 0 3 1 0 0 1 1 1  809    4 
22 1 1 1 1 1 1 2 2 1  707    4 
22 1 2 2 3 0 1 3 3 1  929    4 
22 1 2 1 2 1 0 3 3 1  702    4 
22 1 0 0 0 1 1 1 1 1  485    5 
22 1 3 3 0 0 1 4 4 1  677    5 
22 1 2 1 2 1 0 3 3 1  741    4 
22 1 3 2 3 1 0 4 4 1  857    5 
22 1 3 3 0 0 1 4 4 1  721    4 
22 1 1 0 1 1 0 2 2 1  974    5 
22 1 2 1 3 0 0 3 4 0  897    5 
22 1 1 1 2 0 1 2 2 1  845    5 
22 1 3 2 0 0 0 4 4 1  821    4 
22 1 3 3 3 1 1 4 4 1  902    5 
22 1 0 3 1 0 0 1 1 1  700    4 
22 1 1 0 2 0 0 2 2 1  835    5 
22 1 2 1 3 0 0 3 3 1 1220    4 
22 1 0 3 1 0 0 1 1 1  797    5 
22 1 0 3 1 0 0 1 1 1  552    5 
22 1 0 3 0 1 0 1 1 1  501    4 
22 1 0 3 0 1 0 1 1 1  468    4 
22 1 2 1 2 1 0 3 3 1  829    5 
22 1 0 0 0 1 1 1 1 1  686    4 
22 1 2 1 3 0 0 3 4 0  773    4 
22 1 1 0 2 0 0 2 2 1 1046    5 
22 1 2 1 2 1 0 3 3 1  734    4 
22 1 2 1 2 1 0 3 3 1  547    4 
22 1 1 1 2 0 1 2 2 1  992    4 
22 1 1 0 2 0 0 2 2 1  802    4 
22 1 3 2 0 0 0 4 4 1  821    4 
22 1 0 0 0 1 1 1 1 1  638    4 
22 1 1 0 2 0 0 2 2 1  807    4 
22 1 3 2 3 1 0 4 4 1  777    4 
22 1 0 0 0 1 1 1 1 1  772    5 
22 1 3 2 0 0 0 4 4 1  751    4 
22 1 2 2 2 1 1 3 3 1 1012    4 
22 1 3 2 3 1 0 4 4 1  789    5 
22 1 0 0 1 0 1 1 1 1  688    5 
22 1 3 2 0 0 0 4 4 1  695    4 
22 1 3 3 0 0 1 4 4 1  614    4 
22 1 0 3 1 0 0 1 2 0  712    5 
22 1 0 0 0 1 1 1 1 1  515    4 
22 1 1 0 1 1 0 2 2 1  970    5 
22 1 0 0 0 1 1 1 1 1  557    4 
22 1 2 1 3 0 0 3 3 1  905    5 
22 1 1 0 2 0 0 2 2 1  871    4 
22 1 0 0 0 1 1 1 1 1  582    5 
22 1 2 2 2 1 1 3 3 1  770    4 
22 1 2 1 2 1 0 3 3 1  725    4 
22 1 1 1 1 1 1 2 2 1  658    4 
22 1 1 0 1 1 0 2 2 1  851    5 
22 1 2 2 3 0 1 3 3 1  691    5 
22 1 2 2 3 0 1 3 3 1  490    5 
22 1 3 3 0 0 1 4 1 0  538    5 
22 1 2 2 3 0 1 3 3 1 1004    4 
22 1 2 2 2 1 1 3 3 1  485    5 
22 1 0 0 1 0 1 1 1 1  749    4 
22 1 3 2 3 1 0 4 4 1  986    5 
22 1 3 2 3 1 0 4 4 1  620    4 
22 1 3 3 3 1 1 4 4 1  622    5 
22 1 1 0 2 0 0 2 2 1  736    5 
22 1 0 3 1 0 0 1 2 0  621    5 
22 1 3 3 3 1 1 4 4 1  740    4 
22 1 2 1 3 0 0 3 3 1  857    4 
22 1 0 0 1 0 1 1 1 1 1112    4 
22 1 0 3 1 0 0 1 1 1  845    4 
22 1 0 3 0 1 0 1 1 1  550    4 
22 1 3 3 0 0 1 4 4 1  659    5 
22 1 1 0 2 0 0 2 2 1  971    5 
22 1 1 0 1 1 0 2 2 1  702    4 
22 1 2 2 2 1 1 3 3 1  797    5 
22 1 2 1 3 0 0 3 3 1  776    4 
22 1 2 2 2 1 1 3 3 1  579    4 
22 1 1 1 1 1 1 2 1 0  679    4 
22 1 1 1 2 0 1 2 2 1  667    5 
22 1 1 1 2 0 1 2 2 1  412    4 
22 1 2 1 2 1 0 3 3 1  847    4 
22 1 0 3 0 1 0 1 1 1  711    4 
22 1 3 3 3 1 1 4 4 1  837    4 
22 1 0 0 1 0 1 1 1 1  766    4 
22 1 1 1 1 1 1 2 2 1  794    4 
22 1 2 1 3 0 0 3 3 1  908    5 
22 1 1 1 1 1 1 2 2 1  626    4 
22 1 2 1 3 0 0 3 3 1  956    4 
22 1 3 2 3 1 0 4 4 1  623    5 
22 1 2 1 2 1 0 3 3 1  737    4 
22 1 2 2 2 1 1 3 3 1  941    5 
22 1 2 1 3 0 0 3 3 1  594    5 
22 1 3 3 0 0 1 4 4 1  701    4 
22 1 0 0 1 0 1 1 1 1  692    5 
22 1 1 0 2 0 0 2 2 1  914    5 
22 1 1 0 1 1 0 2 2 1 1080    5 
22 1 0 0 1 0 1 1 1 1  814    4 
22 1 3 3 0 0 1 4 4 1  632    4 
22 1 0 3 1 0 0 1 2 0  858    5 
22 1 1 0 1 1 0 2 2 1 1215    5 
22 1 0 0 0 1 1 1 1 1  592    5 
22 1 2 1 2 1 0 3 3 1  643    4 
22 1 3 3 3 1 1 4 4 1  676    4 
22 1 1 0 2 0 0 2 2 1  843    4 
22 1 0 3 1 0 0 1 1 1  892    5 
22 1 1 0 1 1 0 2 2 1  890    4 
22 1 1 0 1 1 0 2 2 1  664    5 
22 1 3 3 0 0 1 4 4 1  808    5 
22 1 0 3 1 0 0 1 2 0  698    4 
22 1 2 2 3 0 1 3 3 1  838    5 
22 1 1 1 1 1 1 2 2 1 1239    4 
22 1 0 0 0 1 1 1 1 1  702    4 
22 1 1 1 2 0 1 2 2 1  693    5 
22 1 3 2 3 1 0 4 3 0  844    5 
22 1 0 0 1 0 1 1 1 1  913    4 
22 1 3 3 0 0 1 4 4 1  711    5 
22 1 0 0 1 0 1 1 1 1  821    4 
22 1 2 2 2 1 1 3 3 1  718    5 
22 2 1 1 0 0 1 2 2 1 1040    5 
22 2 1 1 1 1 1 2 2 1  544    5 
22 2 0 1 0 1 0 1 1 1  893    5 
22 2 2 3 1 0 0 3 3 1  987    5 
22 2 1 2 0 0 0 2 2 1 1077    4 
22 2 3 0 2 0 0 4 4 1  956    5 
22 2 2 2 2 1 1 3 3 1  839    4 
22 2 2 2 1 0 1 3 3 1  583    4 
22 2 3 3 2 0 1 4 4 1  691    4 
22 2 0 1 3 0 0 1 1 1 1042    5 
22 2 3 0 3 1 0 4 4 1  850    4 
22 2 0 0 0 1 1 1 1 1  618    5 
22 2 2 2 1 0 1 3 3 1  645    4 
22 2 0 0 0 1 1 1 1 1  566    4 
22 2 1 1 1 1 1 2 2 1  714    5 
22 2 3 3 2 0 1 4 4 1  640    4 
22 2 3 3 2 0 1 4 4 1  457    4 
22 2 2 3 2 1 0 3 3 1  562    5 
22 2 3 3 3 1 1 4 4 1  735    5 
22 2 0 0 0 1 1 1 1 1  628    4 
22 2 0 0 3 0 1 1 1 1  558    4 
22 2 2 2 1 0 1 3 3 1  747    5 
22 2 1 2 0 0 0 2 2 1 1071    5 
22 2 0 1 0 1 0 1 1 1  902    4 
22 2 3 3 3 1 1 4 4 1  644    4 
22 2 0 1 0 1 0 1 1 1  821    5 
22 2 2 2 2 1 1 3 3 1  590    4 
22 2 0 0 0 1 1 1 1 1  737    4 
22 2 1 2 0 0 0 2 2 1 1006    4 
22 2 3 0 2 0 0 4 4 1  799    5 
22 2 1 2 1 1 0 2 1 0  762    4 
22 2 0 1 0 1 0 1 2 0  803    5 
22 2 1 2 0 0 0 2 2 1  922    4 
22 2 2 3 1 0 0 3 1 0  895    4 
22 2 2 3 1 0 0 3 3 1  658    4 
22 2 0 1 0 1 0 1 1 1  635    4 
22 2 2 3 1 0 0 3 3 1 1013    4 
22 2 2 2 2 1 1 3 3 1  622    4 
22 2 0 1 0 1 0 1 1 1  559    5 
22 2 3 0 3 1 0 4 4 1  892    4 
22 2 1 1 0 0 1 2 2 1  778    4 
22 2 3 0 2 0 0 4 4 1  758    5 
22 2 3 0 2 0 0 4 4 1  610    4 
22 2 3 0 3 1 0 4 4 1  644    4 
22 2 2 3 1 0 0 3 3 1  989    4 
22 2 3 0 3 1 0 4 4 1  823    4 
22 2 1 2 1 1 0 2 2 1  816    4 
22 2 1 1 1 1 1 2 2 1  802    5 
22 2 1 2 1 1 0 2 2 1  621    5 
22 2 0 1 3 0 0 1 3 0  926    4 
22 2 1 2 0 0 0 2 2 1  952    5 
22 2 3 0 2 0 0 4 4 1  828    5 
22 2 1 1 0 0 1 2 2 1  846    4 
22 2 2 2 2 1 1 3 3 1  782    4 
22 2 3 0 2 0 0 4 4 1  769    4 
22 2 2 2 2 1 1 3 3 1  709    5 
22 2 1 2 0 0 0 2 2 1  787    4 
22 2 1 1 0 0 1 2 2 1  662    4 
22 2 0 0 3 0 1 1 1 1  982    4 
22 2 3 0 2 0 0 4 4 1  777    4 
22 2 2 3 1 0 0 3 3 1  828    4 
22 2 2 2 2 1 1 3 3 1  917    5 
22 2 3 3 3 1 1 4 4 1  803    5 
22 2 1 1 1 1 1 2 2 1  701    5 
22 2 3 3 3 1 1 4 4 1  716    4 
22 2 2 3 2 1 0 3 3 1  722    5 
22 2 2 3 1 0 0 3 3 1  927    4 
22 2 2 2 2 1 1 3 3 1  708    5 
22 2 3 0 2 0 0 4 4 1  770    5 
22 2 3 3 2 0 1 4 4 1  749    4 
22 2 2 3 2 1 0 3 3 1  730    4 
22 2 3 0 2 0 0 4 4 1  920    4 
22 2 0 0 0 1 1 1 1 1  741    4 
22 2 1 1 1 1 1 2 2 1  690    5 
22 2 1 1 0 0 1 2 2 1  793    4 
22 2 2 2 2 1 1 3 3 1  667    5 
22 2 3 3 3 1 1 4 4 1  660    5 
22 2 3 0 2 0 0 4 4 1  796    4 
22 2 2 2 1 0 1 3 3 1  854    5 
22 2 0 1 0 1 0 1 1 1  686    4 
22 2 0 1 0 1 0 1 1 1  637    5 
22 2 2 3 1 0 0 3 3 1  974    5 
22 2 3 3 2 0 1 4 4 1  769    4 
22 2 3 0 2 0 0 4 4 1  997    5 
22 2 1 1 0 0 1 2 2 1  927    4 
22 2 0 1 0 1 0 1 1 1  723    5 
22 2 2 3 1 0 0 3 3 1  857    4 
22 2 0 0 0 1 1 1 1 1 1065    4 
22 2 3 3 2 0 1 4 4 1  808    4 
22 2 3 0 3 1 0 4 4 1  705    4 
22 2 1 1 1 1 1 2 2 1  680    4 
22 2 1 1 0 0 1 2 2 1  831    4 
22 2 3 3 2 0 1 4 4 1  872    4 
22 2 2 3 1 0 0 3 3 1  807    5 
22 2 0 1 3 0 0 1 1 1  841    5 
22 2 0 0 0 1 1 1 1 1  658    5 
22 2 0 1 0 1 0 1 1 1  522    5 
22 2 1 2 1 1 0 2 2 1  824    5 
22 2 2 3 2 1 0 3 3 1  745    5 
22 2 0 1 3 0 0 1 2 0  782    4 
22 2 3 3 2 0 1 4 4 1 1070    4 
22 2 2 2 2 1 1 3 3 1  813    5 
22 2 3 0 2 0 0 4 4 1  703    4 
22 2 2 3 2 1 0 3 3 1  701    5 
22 2 2 3 1 0 0 3 3 1  892    4 
22 2 1 2 0 0 0 2 2 1  906    5 
22 2 2 2 2 1 1 3 3 1  760    5 
22 2 3 0 3 1 0 4 4 1  780    4 
22 2 3 3 3 1 1 4 4 1  959    4 
22 2 3 3 3 1 1 4 4 1  675    4 
22 2 1 1 1 1 1 2 2 1  682    4 
22 2 2 2 1 0 1 3 3 1  842    4 
22 2 0 1 3 0 0 1 1 1  826    4 
22 2 2 2 2 1 1 3 3 1  675    5 
22 2 2 3 1 0 0 3 3 1  835    5 
22 2 1 2 1 1 0 2 2 1  820    5 
22 2 3 0 2 0 0 4 4 1  733    5 
22 2 1 2 1 1 0 2 2 1  899    4 
22 2 1 1 0 0 1 2 2 1 1217    5 
22 2 0 1 3 0 0 1 1 1 1434    4 
22 2 3 0 3 1 0 4 4 1  825    5 
22 2 0 1 3 0 0 1 1 1  850    4 
22 2 1 1 0 0 1 2 2 1  818    5 
22 2 2 3 2 1 0 3 3 1  844    5 
22 2 1 2 1 1 0 2 2 1  821    4 
22 2 3 3 2 0 1 4 4 1  918    5 
22 2 2 2 1 0 1 3 3 1 1307    4 
22 2 2 2 2 1 1 3 3 1  624    4 
22 2 2 2 1 0 1 3 3 1  553    4 
22 2 3 0 3 1 0 4 4 1  854    5 
22 2 2 2 1 0 1 3 3 1  742    4 
22 2 1 1 0 0 1 2 1 0  730    5 
22 2 3 3 3 1 1 4 4 1  917    5 
22 2 0 0 0 1 1 1 1 1  594    5 
22 2 1 2 0 0 0 2 2 1  846    5 
22 2 1 2 0 0 0 2 2 1  662    5 
22 2 2 2 2 1 1 3 3 1  758    5 
22 2 3 3 2 0 1 4 4 1  610    5 
22 2 2 2 1 0 1 3 3 1  789    4 
22 2 0 0 3 0 1 1 1 1  671    5 
22 2 0 1 0 1 0 1 1 1  687    4 
22 2 2 3 1 0 0 3 3 1  774    5 
22 2 0 0 0 1 1 1 1 1  673    4 
22 2 0 0 0 1 1 1 1 1  489    4 
22 2 1 2 1 1 0 2 2 1  840    5 
22 2 3 0 2 0 0 4 4 1 1137    4 
22 2 0 0 0 1 1 1 1 1  637    4 
22 2 1 1 0 0 1 2 2 1  726    5 
22 2 1 2 0 0 0 2 2 1  691    4 
22 2 1 2 1 1 0 2 2 1  634    4 
22 2 1 1 1 1 1 2 2 1  684    5 
22 2 2 2 2 1 1 3 3 1  635    4 
22 2 0 0 0 1 1 1 1 1  565    5 
22 2 1 2 0 0 0 2 2 1  794    5 
22 2 1 1 1 1 1 2 2 1  620    4 
22 2 3 0 2 0 0 4 4 1  646    5 
22 2 0 1 3 0 0 1 1 1  895    4 
22 2 2 2 2 1 1 3 3 1  909    5 
22 2 1 1 0 0 1 2 1 0  579    4 
22 2 0 1 0 1 0 1 2 0  644    5 
22 2 2 2 2 1 1 3 3 1  778    4 
22 2 0 1 0 1 0 1 1 1  645    4 
22 2 1 2 1 1 0 2 2 1  934    5 
22 2 1 1 1 1 1 2 2 1  795    5 
22 2 0 1 3 0 0 1 1 1  910    4 
22 2 0 0 0 1 1 1 1 1  723    4 
22 2 3 3 2 0 1 4 3 0  801    4 
22 2 2 3 2 1 0 3 4 0  705    4 
22 2 0 0 3 0 1 1 1 1 1028    5 
22 2 0 1 0 1 0 1 1 1  909    5 
22 2 0 1 3 0 0 1 1 1  698    5 
22 2 2 2 2 1 1 3 3 1  649    4 
22 2 3 3 3 1 1 4 4 1  810    4 
22 2 0 0 3 0 1 1 1 1  676    4 
22 2 1 1 1 1 1 2 2 1  611    4 
22 2 0 0 0 1 1 1 1 1  614    5 
22 2 1 1 1 1 1 2 2 1  600    5 
22 2 3 3 2 0 1 4 4 1  683    4 
22 2 0 0 3 0 1 1 1 1  643    4 
22 2 2 3 1 0 0 3 3 1 1188    4 
22 2 3 0 3 1 0 4 4 1 1013    4 
22 2 0 0 0 1 1 1 1 1  623    4 
22 2 3 0 2 0 0 4 4 1  760    4 
22 2 0 0 0 1 1 1 1 1  596    4 
22 2 3 0 2 0 0 4 4 1  752    5 
22 2 1 1 0 0 1 2 2 1  724    5 
22 2 1 2 0 0 0 2 2 1  970    4 
22 2 1 2 0 0 0 2 2 1  685    5 
22 2 0 0 3 0 1 1 1 1  781    4 
22 2 2 3 1 0 0 3 3 1  928    4 
22 2 0 1 0 1 0 1 1 1  917    5 
22 2 3 3 3 1 1 4 4 1  714    4 
22 3 0 2 0 1 0 1 1 1  949    4 
22 3 1 3 3 0 0 2 2 1  841    4 
22 3 0 2 2 0 0 1 2 0 1185    5 
22 3 2 0 0 0 0 3 3 1 1017    4 
22 3 1 1 3 0 1 2 2 1  874    5 
22 3 0 0 2 0 1 1 1 1  737    5 
22 3 1 3 1 1 0 2 2 1 1118    5 
22 3 0 2 0 1 0 1 1 1  746    5 
22 3 0 2 2 0 0 1 1 1  783    4 
22 3 1 1 3 0 1 2 2 1  842    4 
22 3 2 0 0 0 0 3 3 1  843    4 
22 3 1 3 1 1 0 2 2 1 1187    4 
22 3 3 1 1 0 0 4 4 1 1029    5 
22 3 3 3 3 1 1 4 4 1  894    4 
22 3 0 0 0 1 1 1 1 1  580    5 
22 3 1 1 1 1 1 2 2 1  576    4 
22 3 2 0 0 0 0 3 3 1  956    4 
22 3 2 0 2 1 0 3 3 1  591  113 
22 3 3 1 1 0 0 4 4 1  730    4 
22 3 0 2 0 1 0 1 1 1  672    4 
22 3 3 3 1 0 1 4 4 1  703    4 
22 3 2 2 2 1 1 3 3 1  694    4 
22 3 2 0 0 0 0 3 3 1  612    4 
22 3 0 0 2 0 1 1 1 1  519    4 
22 3 0 0 0 1 1 1 1 1  557    5 
22 3 0 2 0 1 0 1 1 1  641    4 
22 3 3 3 3 1 1 4 4 1  698    5 
22 3 2 0 0 0 0 3 3 1  641    5 
22 3 1 3 1 1 0 2 2 1  898    4 
22 3 0 0 2 0 1 1 1 1  681    4 
22 3 1 3 1 1 0 2 2 1  952    5 
22 3 3 3 3 1 1 4 4 1  940    5 
22 3 2 0 0 0 0 3 3 1  912    4 
22 3 0 0 2 0 1 1 1 1  550    5 
22 3 3 1 1 0 0 4 4 1  819    4 
22 3 0 2 2 0 0 1 1 1  813    5 
22 3 0 2 0 1 0 1 1 1  703    5 
22 3 0 0 2 0 1 1 1 1  605    5 
22 3 1 1 1 1 1 2 2 1  648    5 
22 3 0 0 0 1 1 1 1 1  921    4 
22 3 3 1 3 1 0 4 4 1  773    5 
22 3 1 3 3 0 0 2 2 1  825    5 
22 3 2 0 0 0 0 3 3 1  754    5 
22 3 3 1 3 1 0 4 4 1  822    5 
22 3 1 1 1 1 1 2 2 1  911    5 
22 3 3 1 1 0 0 4 4 1  756    4 
22 3 0 2 2 0 0 1 1 1  712    4 
22 3 1 1 1 1 1 2 2 1 1127    5 
22 3 3 3 1 0 1 4 4 1  627    5 
22 3 3 3 1 0 1 4 4 1  533    4 
22 3 1 1 1 1 1 2 2 1  643    4 
22 3 3 3 1 0 1 4 4 1  716    5 
22 3 2 0 0 0 0 3 3 1  714    5 
22 3 3 1 1 0 0 4 4 1  736    4 
22 3 0 0 2 0 1 1 1 1  669    4 
22 3 0 0 2 0 1 1 1 1  549    5 
22 3 0 0 0 1 1 1 1 1  506    5 
22 3 3 3 1 0 1 4 4 1  633    5 
22 3 3 1 1 0 0 4 4 1  787    4 
22 3 2 2 0 0 1 3 3 1 1133    4 
22 3 0 2 2 0 0 1 1 1  625    5 
22 3 0 2 2 0 0 1 1 1  555    5 
22 3 2 2 0 0 1 3 3 1  744    5 
22 3 2 2 0 0 1 3 3 1  652    5 
22 3 3 1 3 1 0 4 4 1 1061    5 
22 3 0 0 0 1 1 1 1 1  700    5 
22 3 3 1 3 1 0 4 4 1  627    5 
22 3 2 2 2 1 1 3 3 1  892    5 
22 3 3 3 3 1 1 4 4 1  683    5 
22 3 2 0 0 0 0 3 3 1  770    4 
22 3 3 1 3 1 0 4 4 1  774    5 
22 3 0 2 2 0 0 1 1 1 1449    4 
22 3 3 3 3 1 1 4 4 1  727    4 
22 3 0 2 2 0 0 1 1 1  749    5 
22 3 1 3 3 0 0 2 2 1  914    5 
22 3 2 2 0 0 1 3 3 1  895    4 
22 3 1 1 1 1 1 2 2 1  661    5 
22 3 3 3 3 1 1 4 4 1  550    4 
22 3 2 0 2 1 0 3 3 1  947    4 
22 3 3 3 3 1 1 4 4 1  607    4 
22 3 0 2 2 0 0 1 1 1  826    5 
22 3 3 1 3 1 0 4 4 1  651    5 
22 3 3 1 3 1 0 4 4 1  588    4 
22 3 3 3 3 1 1 4 4 1  679    4 
22 3 2 2 2 1 1 3 3 1  614    5 
22 3 0 0 2 0 1 1 1 1  593    5 
22 3 3 3 3 1 1 4 4 1  484    4 
22 3 2 0 0 0 0 3 3 1 1268    5 
22 3 1 3 3 0 0 2 2 1  851    4 
22 3 3 1 1 0 0 4 4 1  835    5 
22 3 2 0 0 0 0 3 3 1  812    5 
22 3 2 2 2 1 1 3 3 1  542    5 
22 3 3 1 1 0 0 4 4 1  867    4 
22 3 1 1 1 1 1 2 2 1  587    4 
22 3 1 3 1 1 0 2 2 1  998    4 
22 3 1 3 1 1 0 2 2 1  568    5 
22 3 3 1 1 0 0 4 4 1 1237    4 
22 3 3 1 1 0 0 4 4 1  517    5 
22 3 1 1 1 1 1 2 2 1  572    5 
22 3 3 1 1 0 0 4 4 1  655    4 
22 3 0 0 0 1 1 1 1 1  624    5 
22 3 1 1 1 1 1 2 2 1  729    5 
22 3 3 3 1 0 1 4 4 1  623    4 
22 3 1 3 1 1 0 2 2 1  825    4 
22 3 2 2 2 1 1 3 3 1  658    4 
22 3 0 0 2 0 1 1 1 1  738    5 
22 3 1 1 3 0 1 2 2 1  743    5 
22 3 3 1 3 1 0 4 4 1  867    4 
22 3 1 1 3 0 1 2 2 1  651    5 
22 3 1 1 1 1 1 2 2 1  524    4 
22 3 1 3 1 1 0 2 4 0  642    5 
22 3 2 0 0 0 0 3 3 1 1096    5 
22 3 1 1 1 1 1 2 2 1  630    5 
22 3 2 0 2 1 0 3 1 0  880    4 
22 3 1 1 3 0 1 2 2 1  772    4 
22 3 1 3 1 1 0 2 2 1  791    4 
22 3 2 2 0 0 1 3 3 1  698    5 
22 3 1 3 1 1 0 2 2 1  825    5 
22 3 1 1 1 1 1 2 2 1  562    5 
22 3 2 2 2 1 1 3 3 1  718    4 
22 3 0 0 0 1 1 1 1 1  573    4 
22 3 2 0 2 1 0 3 3 1  960    4 
22 3 1 1 3 0 1 2 2 1  724    5 
22 3 1 1 3 0 1 2 2 1  457    4 
22 3 3 1 1 0 0 4 4 1  714    4 
22 3 0 2 0 1 0 1 1 1  720    4 
22 3 2 0 2 1 0 3 3 1  734    4 
22 3 0 2 2 0 0 1 1 1  659    4 
22 3 3 3 3 1 1 4 4 1  795    5 
22 3 2 0 0 0 0 3 3 1  814    4 
22 3 2 2 2 1 1 3 1 0  480    5 
22 3 2 2 2 1 1 3 3 1  573    5 
22 3 3 1 3 1 0 4 4 1  769    4 
22 3 1 3 1 1 0 2 2 1  949    4 
22 3 2 2 0 0 1 3 3 1  729    5 
22 3 0 0 2 0 1 1 1 1  439    5 
22 3 0 2 0 1 0 1 1 1  704    5 
22 3 0 0 2 0 1 1 1 1  478    4 
22 3 2 2 0 0 1 3 3 1  567    4 
22 3 2 0 0 0 0 3 3 1  835    5 
22 3 2 2 0 0 1 3 3 1  572    5 
22 3 1 1 3 0 1 2 2 1  792    4 
22 3 3 3 3 1 1 4 4 1  723    4 
22 3 1 1 3 0 1 2 2 1  792    5 
22 3 3 3 3 1 1 4 4 1  659    5 
22 3 1 1 1 1 1 2 2 1  539    4 
22 3 1 3 1 1 0 2 2 1  832    5 
22 3 2 2 2 1 1 3 3 1  730    4 
22 3 0 2 0 1 0 1 1 1  655    4 
22 3 3 3 3 1 1 4 4 1  607    5 
22 3 1 1 3 0 1 2 2 1  594    4 
22 3 2 2 2 1 1 3 3 1  549    4 
22 3 2 0 2 1 0 3 3 1  746    4 
22 3 1 1 1 1 1 2 2 1  775    4 
22 3 1 3 3 0 0 2 2 1  802    5 
22 3 1 3 3 0 0 2 2 1  589    5 
22 3 3 3 1 0 1 4 2 0  536    5 
22 3 3 1 1 0 0 4 2 0  602    4 
22 3 2 0 0 0 0 3 3 1 1146    5 
22 3 1 1 1 1 1 2 2 1  678    5 
22 3 0 2 0 1 0 1 3 0  869    5 
22 3 1 1 3 0 1 2 2 1 1066    4 
22 3 3 1 3 1 0 4 4 1 1297    5 
22 3 3 1 3 1 0 4 4 1  694    5 
22 3 0 0 0 1 1 1 1 1  669    4 
22 3 0 0 2 0 1 1 1 1  581    4 
22 3 0 2 0 1 0 1 1 1  681    4 
22 3 2 0 0 0 0 3 3 1  728    5 
22 3 2 2 2 1 1 3 3 1  558    4 
22 3 1 1 1 1 1 2 2 1  674    5 
22 3 0 0 2 0 1 1 1 1  706    5 
22 3 1 3 3 0 0 2 2 1  920    4 
22 3 0 2 2 0 0 1 3 0  765    5 
22 3 0 2 2 0 0 1 1 1  502    4 
22 3 2 2 2 1 1 3 3 1  645    4 
22 3 0 2 2 0 0 1 1 1  598    4 
22 3 2 0 2 1 0 3 1 0  609    4 
22 3 2 0 2 1 0 3 3 1  817    4 
22 3 0 2 2 0 0 1 1 1  587    5 
22 3 0 0 2 0 1 1 1 1  606    4 
22 3 1 1 1 1 1 2 2 1  752    5 
22 3 0 2 0 1 0 1 1 1  845    4 
22 3 2 2 0 0 1 3 3 1  621    4 
22 3 3 3 3 1 1 4 4 1  647    5 
22 3 2 2 0 0 1 3 1 0  992    5 
22 3 3 3 1 0 1 4 4 1  743    5 
22 3 0 2 0 1 0 1 1 1  820    4 
22 3 1 3 3 0 0 2 2 1  829    5 
22 3 3 1 3 1 0 4 4 1 1014    4 
22 3 2 2 2 1 1 3 3 1  631    4 
22 3 2 0 0 0 0 3 3 1  713    4 
22 3 3 3 1 0 1 4 4 1  631    4 
22 4 3 3 2 0 1 4 4 1  961    4 
22 4 0 0 0 1 1 1 1 1 1229    5 
22 4 0 1 0 1 0 1 1 1  661    5 
22 4 0 0 3 0 1 1 1 1  597    5 
22 4 3 0 3 1 0 4 4 1  824    4 
22 4 1 2 0 0 0 2 2 1 1049    5 
22 4 2 2 1 0 1 3 3 1  873    4 
22 4 1 2 1 1 0 2 2 1  904    5 
22 4 2 2 2 1 1 3 2 0  669    4 
22 4 2 3 1 0 0 3 3 1  842    5 
22 4 0 0 3 0 1 1 1 1  723    5 
22 4 3 0 3 1 0 4 4 1 1136    5 
22 4 1 2 0 0 0 2 2 1  956    4 
22 4 0 0 0 1 1 1 1 1  704    4 
22 4 1 1 0 0 1 2 2 1 1110    4 
22 4 0 0 0 1 1 1 1 1  627    4 
22 4 0 0 0 1 1 1 1 1  557    5 
22 4 1 2 1 1 0 2 2 1 1033    4 
22 4 0 0 3 0 1 1 1 1 1282    5 
22 4 2 2 1 0 1 3 3 1  879    5 
22 4 1 2 1 1 0 2 2 1  782    4 
22 4 1 2 1 1 0 2 2 1  626    4 
22 4 2 2 1 0 1 3 3 1  955    4 
22 4 0 0 3 0 1 1 1 1  703    4 
22 4 1 2 0 0 0 2 2 1  749    5 
22 4 0 1 0 1 0 1 1 1  874    5 
22 4 3 3 2 0 1 4 4 1  729    5 
22 4 0 0 3 0 1 1 1 1  662    4 
22 4 2 3 1 0 0 3 3 1  894    4 
22 4 2 3 2 1 0 3 3 1  717    5 
22 4 0 1 3 0 0 1 1 1  843    4 
22 4 0 1 0 1 0 1 1 1  555    4 
22 4 1 2 0 0 0 2 2 1 1032    4 
22 4 2 3 1 0 0 3 3 1  928    4 
22 4 0 0 0 1 1 1 1 1  605    4 
22 4 3 3 3 1 1 4 4 1  896    5 
22 4 2 3 1 0 0 3 3 1  822    5 
22 4 1 2 1 1 0 2 2 1  783    4 
22 4 2 3 2 1 0 3 3 1 1042    4 
22 4 3 3 3 1 1 4 4 1  842    5 
22 4 0 0 0 1 1 1 1 1  578    4 
22 4 2 2 2 1 1 3 3 1  838    5 
22 4 2 3 1 0 0 3 3 1  903    5 
22 4 2 2 1 0 1 3 3 1  757    4 
22 4 3 0 3 1 0 4 4 1  809    4 
22 4 0 1 3 0 0 1 1 1  787    4 
22 4 0 0 0 1 1 1 1 1  797    4 
22 4 3 0 2 0 0 4 3 0  720    5 
22 4 2 2 2 1 1 3 3 1  803    5 
22 4 0 0 3 0 1 1 1 1  725    5 
22 4 2 3 1 0 0 3 3 1 1035    4 
22 4 3 0 2 0 0 4 2 0  739    4 
22 4 2 3 1 0 0 3 3 1 1269    4 
22 4 3 0 2 0 0 4 4 1  836    4 
22 4 3 3 3 1 1 4 4 1  757    5 
22 4 3 0 2 0 0 4 4 1  641    5 
22 4 3 3 3 1 1 4 4 1  482    5 
22 4 2 3 2 1 0 3 3 1  706    4 
22 4 2 2 1 0 1 3 3 1  640    5 
22 4 0 0 3 0 1 1 1 1  649    4 
22 4 1 1 1 1 1 2 2 1  594    5 
22 4 3 3 2 0 1 4 4 1  733    4 
22 4 1 1 0 0 1 2 1 0  691    5 
22 4 2 3 1 0 0 3 3 1  791    4 
22 4 3 3 3 1 1 4 4 1  721    5 
22 4 0 0 0 1 1 1 1 1  607    5 
22 4 0 0 3 0 1 1 1 1  641    4 
22 4 2 2 1 0 1 3 3 1  754    4 
22 4 3 3 3 1 1 4 4 1  614    5 
22 4 0 1 0 1 0 1 1 1  905    4 
22 4 2 3 2 1 0 3 3 1  718    4 
22 4 0 0 3 0 1 1 1 1  684    5 
22 4 3 0 3 1 0 4 3 0  732    5 
22 4 0 0 3 0 1 1 1 1 1063    5 
22 4 3 0 2 0 0 4 4 1  862    4 
22 4 2 3 2 1 0 3 3 1  701    5 
22 4 3 3 2 0 1 4 4 1  692    5 
22 4 1 2 0 0 0 2 2 1  851    5 
22 4 3 3 3 1 1 4 4 1  892    5 
22 4 0 0 3 0 1 1 1 1 1122    5 
22 4 2 2 2 1 1 3 3 1  686    4 
22 4 1 1 1 1 1 2 2 1  613    4 
22 4 1 2 1 1 0 2 2 1  775    4 
22 4 3 0 2 0 0 4 4 1  667    5 
22 4 1 1 0 0 1 2 2 1  739    5 
22 4 2 3 1 0 0 3 3 1  752    5 
22 4 3 3 3 1 1 4 4 1  636    5 
22 4 3 3 2 0 1 4 4 1  597    5 
22 4 2 2 1 0 1 3 2 0  536    5 
22 4 3 3 2 0 1 4 4 1  675   29 
22 4 2 2 2 1 1 3 3 1  571    5 
22 4 1 2 0 0 0 2 2 1  815    5 
22 4 1 1 0 0 1 2 2 1  664    5 
22 4 1 2 0 0 0 2 2 1  600    4 
22 4 0 1 0 1 0 1 1 1  628    5 
22 4 1 2 0 0 0 2 2 1  669    4 
22 4 1 1 1 1 1 2 2 1  701    5 
22 4 2 2 1 0 1 3 3 1  948    5 
22 4 3 3 2 0 1 4 4 1  664    5 
22 4 0 1 0 1 0 1 1 1  672    5 
22 4 2 3 2 1 0 3 4 0  808    5 
22 4 1 1 1 1 1 2 2 1  839  116 
22 4 3 3 2 0 1 4 4 1 1071    4 
22 4 0 0 3 0 1 1 1 1  782    5 
22 4 0 1 0 1 0 1 1 1  641    5 
22 4 3 0 2 0 0 4 3 0  938    5 
22 4 2 2 1 0 1 3 3 1  764  257 
22 4 1 2 1 1 0 2 2 1  799    5 
22 4 2 3 1 0 0 3 3 1  818    5 
22 4 2 3 2 1 0 3 3 1  804    5 
22 4 1 1 1 1 1 2 2 1  630    4 
22 4 2 2 2 1 1 3 3 1  607    5 
22 4 2 2 1 0 1 3 3 1  682    5 
22 4 0 0 3 0 1 1 1 1  713    5 
22 4 0 0 3 0 1 1 1 1  488    5 
22 4 2 2 1 0 1 3 3 1  695    4 
22 4 0 1 3 0 0 1 1 1  894    4 
22 4 1 1 1 1 1 2 2 1  772    5 
22 4 1 2 0 0 0 2 2 1  943   44 
22 4 0 1 3 0 0 1 1 1  892    5 
22 4 3 0 2 0 0 4 4 1  754    4 
22 4 3 3 2 0 1 4 3 0  670    5 
22 4 2 3 2 1 0 3 3 1  755    5 
22 4 0 0 0 1 1 1 1 1  615    5 
22 4 3 3 2 0 1 4 4 1  625  310 
22 4 0 1 3 0 0 1 1 1  827    4 
22 4 0 0 0 1 1 1 1 1  628   38 
22 4 1 1 0 0 1 2 2 1  726    5 
22 4 3 3 3 1 1 4 4 1  595    5 
22 4 3 0 3 1 0 4 4 1  798    5 
22 4 2 3 2 1 0 3 3 1  649    5 
22 4 0 1 0 1 0 1 1 1  586    5 
22 4 2 2 2 1 1 3 3 1  917    5 
22 4 0 1 0 1 0 1 1 1  578    5 
22 4 1 1 0 0 1 2 2 1  654    5 
22 4 3 0 2 0 0 4 4 1  655    5 
22 4 3 0 3 1 0 4 4 1  695   44 
22 4 1 1 1 1 1 2 2 1 1230    4 
22 4 0 0 0 1 1 1 1 1  502  115 
22 4 0 1 3 0 0 1 2 0  717  259 
22 4 1 1 0 0 1 2 1 0  545    5 
22 4 2 2 2 1 1 3 3 1  691    4 
22 4 1 2 0 0 0 2 2 1 1082    4 
22 4 1 2 1 1 0 2 2 1  640    4 
22 4 2 3 2 1 0 3 3 1  801    5 
22 4 2 3 2 1 0 3 3 1  716    4 
22 4 1 2 1 1 0 2 2 1  778    4 
22 4 2 3 2 1 0 3 3 1  613    4 
22 4 3 0 2 0 0 4 4 1  752    4 
22 4 1 2 0 0 0 2 2 1  757    5 
22 4 3 0 3 1 0 4 4 1  681    5 
22 4 1 1 1 1 1 2 2 1  656    5 
22 4 1 2 0 0 0 2 2 1  832    4 
22 4 1 1 0 0 1 2 2 1  610    4 
22 4 1 2 0 0 0 2 2 1  484    5 
22 4 1 1 1 1 1 2 2 1  636    5 
22 4 3 0 3 1 0 4 4 1  893    4 
22 4 0 0 3 0 1 1 1 1  779    4 
22 4 1 1 1 1 1 2 2 1  551    5 
22 4 1 2 1 1 0 2 2 1  580    5 
22 4 3 3 2 0 1 4 4 1  712    5 
22 4 3 0 2 0 0 4 4 1  550    4 
22 4 3 0 3 1 0 4 4 1  571    4 
22 4 3 0 3 1 0 4 4 1  583    4 
22 4 3 3 2 0 1 4 4 1  531    4 
22 4 3 0 3 1 0 4 4 1  561    4 
22 4 1 2 1 1 0 2 2 1  774    5 
22 4 2 3 2 1 0 3 3 1  825    4 
22 4 0 0 3 0 1 1 1 1 1010    5 
22 4 3 0 2 0 0 4 4 1  707    4 
22 4 1 2 1 1 0 2 2 1  706    4 
22 4 2 2 1 0 1 3 1 0  728    4 
22 4 2 3 2 1 0 3 3 1  690    5 
22 4 0 0 3 0 1 1 1 1  681    4 
22 4 3 3 3 1 1 4 4 1 1121    4 
22 4 1 2 1 1 0 2 2 1 1165    4 
22 4 3 3 2 0 1 4 4 1  976    4 
22 4 2 3 1 0 0 3 2 0 1203    4 
22 4 2 2 2 1 1 3 3 1  745    4 
22 4 1 1 1 1 1 2 2 1  550    5 
22 4 1 2 1 1 0 2 2 1  867    5 
22 4 2 3 2 1 0 3 3 1  723    4 
22 4 0 0 0 1 1 1 1 1  640    5 
22 4 0 0 0 1 1 1 1 1  521    5 
22 4 2 2 2 1 1 3 3 1  783    5 
22 4 0 1 3 0 0 1 1 1  843    5 
22 4 3 3 2 0 1 4 4 1  699    4 
22 4 3 0 3 1 0 4 4 1  586    5 
22 4 0 0 0 1 1 1 1 1  589    5 
22 4 0 1 3 0 0 1 1 1  848    4 
22 4 1 2 1 1 0 2 2 1  905    4 
22 4 1 2 0 0 0 2 2 1  718    5 
