17 1 3 3 3 1 1 4 4 1 1135    4 
17 1 3 3 1 0 1 4 4 1  563    4 
17 1 1 1 1 1 1 2 2 1 1296    5 
17 1 3 1 3 1 0 4 4 1  821    5 
17 1 2 0 2 1 0 3 3 1  590    4 
17 1 1 3 3 0 0 2 2 1  801    4 
17 1 1 3 1 1 0 2 2 1  596    4 
17 1 0 0 2 0 1 1 1 1 1063    4 
17 1 0 0 2 0 1 1 1 1  446    4 
17 1 2 2 2 1 1 3 3 1 1528    4 
17 1 2 2 0 0 1 3 3 1  531    4 
17 1 2 2 0 0 1 3 3 1  441    5 
17 1 3 3 1 0 1 4 4 1 1210    4 
17 1 2 2 0 0 1 3 3 1  971    4 
17 1 2 0 0 0 0 3 3 1 1070    4 
17 1 3 3 1 0 1 4 4 1  997    4 
17 1 3 1 1 0 0 4 4 1  591    4 
17 1 2 0 2 1 0 3 3 1 1794    4 
17 1 2 0 2 1 0 3 3 1  385    5 
17 1 1 3 1 1 0 2 2 1 1933    4 
17 1 1 1 3 0 1 2 2 1  663    4 
17 1 0 0 2 0 1 1 1 1 1007    4 
17 1 2 2 2 1 1 3 3 1 2232    4 
17 1 3 3 1 0 1 4 4 1  845    4 
17 1 1 1 1 1 1 2 2 1  958    5 
17 1 2 2 0 0 1 3 3 1  969    5 
17 1 1 1 3 0 1 2 2 1  948    4 
17 1 1 1 3 0 1 2 2 1  504    5 
17 1 1 3 3 0 0 2 2 1  783    4 
17 1 3 1 3 1 0 4 3 0 1259    5 
17 1 3 3 3 1 1 4 4 1  510    5 
17 1 1 1 1 1 1 2 2 1  797    4 
17 1 2 0 2 1 0 3 3 1 1216    4 
17 1 2 0 2 1 0 3 3 1  496    5 
17 1 3 3 3 1 1 4 4 1  728    5 
17 1 2 2 2 1 1 3 3 1  749    4 
17 1 0 0 2 0 1 1 1 1  954    4 
17 1 3 1 1 0 0 4 4 1 2061    4 
17 1 1 1 1 1 1 2 2 1  825    5 
17 1 3 3 3 1 1 4 4 1  602    4 
17 1 1 1 3 0 1 2 2 1 1005    4 
17 1 3 1 3 1 0 4 4 1 1006    4 
17 1 0 0 2 0 1 1 1 1  975    4 
17 1 0 2 2 0 0 1 1 1  834    5 
17 1 3 3 3 1 1 4 4 1 1739    4 
17 1 2 0 2 1 0 3 2 0 1349    4 
17 1 3 3 3 1 1 4 4 1  637    5 
17 1 2 2 0 0 1 3 3 1  790    5 
17 1 2 2 2 1 1 3 3 1  697    4 
17 1 1 1 3 0 1 2 2 1 1479    5 
17 1 0 2 0 1 0 1 1 1 1069    4 
17 1 3 3 3 1 1 4 4 1  788    4 
17 1 0 2 0 1 0 1 1 1 1398    5 
17 1 0 2 0 1 0 1 1 1  527    4 
17 1 1 3 3 0 0 2 2 1 1589    4 
17 1 3 3 1 0 1 4 4 1 1021    5 
17 1 2 0 0 0 0 3 3 1 1654    5 
17 1 0 2 2 0 0 1 1 1 1860    5 
17 1 1 3 1 1 0 2 2 1 1280    4 
17 1 2 2 2 1 1 3 4 0 1094    5 
17 1 1 3 3 0 0 2 2 1 1697    4 
17 1 2 0 2 1 0 3 3 1  829    4 
17 1 1 1 3 0 1 2 2 1  878    5 
17 1 0 0 0 1 1 1 1 1  573    4 
17 1 2 2 2 1 1 3 3 1  937    4 
17 1 3 3 3 1 1 4 4 1  909    4 
17 1 2 2 0 0 1 3 3 1  986    4 
17 1 3 3 1 0 1 4 4 1  557    5 
17 1 3 1 3 1 0 4 4 1 1066    5 
17 1 2 0 2 1 0 3 3 1 2257    4 
17 1 1 1 1 1 1 2 2 1 1005    4 
17 1 2 0 0 0 0 3 3 1 1742    4 
17 1 3 3 3 1 1 4 4 1  688    5 
17 1 1 3 3 0 0 2 2 1  999    4 
17 1 1 3 3 0 0 2 2 1  529    4 
17 1 1 1 3 0 1 2 2 1  583    4 
17 1 3 1 3 1 0 4 4 1  795    5 
17 1 1 3 1 1 0 2 2 1 1085    4 
17 1 0 2 2 0 0 1 1 1 1444    4 
17 1 3 1 1 0 0 4 4 1 1474    4 
17 1 2 2 2 1 1 3 3 1 3055    4 
17 1 1 3 3 0 0 2 2 1 1081    4 
17 1 3 3 1 0 1 4 4 1  903    5 
17 1 3 1 1 0 0 4 4 1  669    4 
17 1 0 2 2 0 0 1 2 0 1405    4 
17 1 0 0 0 1 1 1 1 1  451    4 
17 1 3 3 3 1 1 4 4 1  812    5 
17 1 0 2 0 1 0 1 1 1  718    5 
17 1 1 3 1 1 0 2 2 1  940    4 
17 1 0 2 0 1 0 1 1 1  600    4 
17 1 2 2 0 0 1 3 3 1  867    4 
17 1 2 2 2 1 1 3 3 1  483    4 
17 1 1 1 1 1 1 2 2 1 1163    5 
17 1 3 1 1 0 0 4 4 1 1142    4 
17 1 2 2 0 0 1 3 3 1  778    4 
17 1 3 3 3 1 1 4 2 0 1261    5 
17 1 1 3 3 0 0 2 2 1  857    4 
17 1 2 0 0 0 0 3 3 1 1120    4 
17 1 0 0 2 0 1 1 1 1  861    4 
17 1 1 1 3 0 1 2 2 1 1133    4 
17 1 0 2 0 1 0 1 1 1  857    4 
17 1 0 2 0 1 0 1 1 1  801    5 
17 1 0 2 0 1 0 1 1 1  515    4 
17 1 2 0 2 1 0 3 3 1  994    4 
17 1 0 2 2 0 0 1 1 1  756    4 
17 1 1 1 3 0 1 2 2 1 1168    4 
17 1 0 0 2 0 1 1 1 1 1035    4 
17 1 0 2 0 1 0 1 1 1  787    4 
17 1 1 1 1 1 1 2 2 1 1150    5 
17 1 3 1 1 0 0 4 4 1  849    6 
17 1 2 2 2 1 1 3 3 1  690    5 
17 1 1 1 3 0 1 2 2 1 1129    4 
17 1 2 2 0 0 1 3 3 1 1365    5 
17 1 3 3 3 1 1 4 4 1  775    5 
17 1 1 3 1 1 0 2 2 1 1130    4 
17 1 3 1 1 0 0 4 4 1 1087    4 
17 1 3 3 1 0 1 4 4 1  725    4 
17 1 2 2 2 1 1 3 3 1 2194    5 
17 1 3 1 3 1 0 4 4 1  977    4 
17 1 2 0 0 0 0 3 3 1 4340    4 
17 1 1 3 3 0 0 2 2 1  798    5 
17 1 2 0 2 1 0 3 3 1  857    4 
17 1 0 2 0 1 0 1 1 1 1392    4 
17 1 3 3 1 0 1 4 4 1 1057    4 
17 1 0 0 2 0 1 1 1 1 1072    5 
17 1 3 1 3 1 0 4 4 1 1311    4 
17 1 1 1 1 1 1 2 2 1 1491    4 
17 1 0 2 0 1 0 1 1 1  863    5 
17 1 0 0 0 1 1 1 1 1  863    5 
17 1 0 2 0 1 0 1 1 1  703    4 
17 1 0 2 2 0 0 1 1 1  637    4 
17 1 1 3 1 1 0 2 2 1 1350    5 
17 1 2 2 2 1 1 3 3 1 4842    4 
17 1 0 0 2 0 1 1 1 1 1526    4 
17 1 3 3 3 1 1 4 4 1  641    4 
17 1 2 0 2 1 0 3 3 1 3227    4 
17 1 0 0 0 1 1 1 1 1  981    4 
17 1 0 2 0 1 0 1 1 1  680    5 
17 1 1 3 1 1 0 2 2 1 1375    5 
17 1 2 0 0 0 0 3 3 1  849  343 
17 1 1 3 1 1 0 2 2 1 1137    5 
17 1 0 2 0 1 0 1 1 1  917    5 
17 1 3 3 1 0 1 4 4 1  899    4 
17 1 0 2 2 0 0 1 1 1 2697    4 
17 1 2 0 0 0 0 3 3 1 1442    5 
17 1 3 3 1 0 1 4 4 1 1785    4 
17 1 3 3 3 1 1 4 4 1  457    4 
17 1 1 1 3 0 1 2 2 1 1786    5 
17 1 2 0 2 1 0 3 3 1 2570    4 
17 1 0 2 0 1 0 1 1 1 1977    4 
17 1 0 2 0 1 0 1 1 1  592    4 
17 1 3 3 1 0 1 4 4 1 2139    5 
17 1 1 3 1 1 0 2 2 1 1365    5 
17 1 0 0 0 1 1 1 1 1 4143    4 
17 1 0 2 2 0 0 1 1 1  634    4 
17 1 3 1 1 0 0 4 4 1 1524    4 
17 1 1 3 3 0 0 2 2 1 1255    4 
17 1 1 1 3 0 1 2 2 1  605    5 
17 1 1 1 3 0 1 2 2 1  528    5 
17 1 3 3 1 0 1 4 4 1  718    4 
17 1 2 0 0 0 0 3 3 1 1100    5 
17 1 2 0 0 0 0 3 3 1  745    4 
17 1 0 0 2 0 1 1 1 1  998    5 
17 1 1 1 1 1 1 2 2 1 1216    4 
17 1 1 1 3 0 1 2 2 1  913    4 
17 1 1 3 3 0 0 2 2 1  694    5 
17 1 0 2 0 1 0 1 1 1 1197    4 
17 1 1 3 3 0 0 2 2 1  990    4 
17 1 3 1 1 0 0 4 4 1 1008    5 
17 1 3 1 3 1 0 4 4 1  482    5 
17 1 2 2 2 1 1 3 3 1 2186    5 
17 1 3 3 3 1 1 4 4 1  857    4 
17 1 0 0 0 1 1 1 1 1 1161    4 
17 1 1 1 3 0 1 2 2 1 1163    4 
17 1 3 3 3 1 1 4 4 1  718    4 
17 1 0 0 2 0 1 1 1 1 1284    5 
17 1 2 0 0 0 0 3 3 1  906    5 
17 1 0 2 2 0 0 1 1 1 1880    5 
17 1 0 2 2 0 0 1 1 1  572    4 
17 1 2 0 2 1 0 3 3 1 1679    4 
17 1 1 1 3 0 1 2 2 1 2020    4 
17 1 0 2 2 0 0 1 3 0 1074    4 
17 1 0 2 0 1 0 1 1 1  470    5 
17 1 3 1 3 1 0 4 4 1  750    4 
17 1 1 1 3 0 1 2 2 1 2459    4 
17 1 2 2 2 1 1 3 3 1  886    4 
17 1 2 0 2 1 0 3 3 1  741    5 
17 1 2 0 0 0 0 3 3 1  673    4 
17 1 3 1 1 0 0 4 4 1  881    5 
17 1 2 2 2 1 1 3 3 1  680    5 
17 1 0 2 2 0 0 1 1 1 1143    5 
17 1 0 0 2 0 1 1 1 1 1035    4 
17 2 2 2 3 0 1 3 3 1 1365    5 
17 2 3 3 3 1 1 4 4 1 1415    5 
17 2 2 2 3 0 1 3 3 1  695    5 
17 2 0 3 1 0 0 1 1 1 1390    5 
17 2 2 2 3 0 1 3 4 0  591    4 
17 2 2 1 2 1 0 3 3 1  791    5 
17 2 0 3 0 1 0 1 1 1 1826    4 
17 2 2 1 3 0 0 3 3 1 1224    5 
17 2 1 0 2 0 0 2 2 1 1336    4 
17 2 0 0 1 0 1 1 1 1 1251    5 
17 2 2 1 2 1 0 3 3 1 1739    5 
17 2 0 3 1 0 0 1 1 1 2597    5 
17 2 0 3 1 0 0 1 1 1  682    4 
17 2 0 3 1 0 0 1 1 1  514    4 
17 2 2 2 2 1 1 3 3 1 1368    4 
17 2 1 1 1 1 1 2 2 1 1323    4 
17 2 3 3 3 1 1 4 4 1 1286    5 
17 2 1 1 2 0 1 2 1 0 1036    4 
17 2 3 3 0 0 1 4 4 1 1018    4 
17 2 3 2 0 0 0 4 4 1 1043    4 
17 2 1 0 2 0 0 2 2 1 1099    4 
17 2 3 2 0 0 0 4 4 1  873    4 
17 2 1 0 2 0 0 2 2 1 1063    4 
17 2 0 3 1 0 0 1 1 1 2807    5 
17 2 2 1 3 0 0 3 3 1 1219    4 
17 2 2 2 3 0 1 3 3 1  780    4 
17 2 0 0 0 1 1 1 1 1 1423    4 
17 2 1 1 1 1 1 2 2 1 1574    4 
17 2 0 3 0 1 0 1 1 1 1543    4 
17 2 2 1 3 0 0 3 3 1 1201    4 
17 2 1 1 1 1 1 2 2 1 2155    5 
17 2 2 2 3 0 1 3 3 1 1043    4 
17 2 3 3 3 1 1 4 4 1 1003    5 
17 2 3 2 0 0 0 4 4 1  677    4 
17 2 1 0 2 0 0 2 2 1 3005    5 
17 2 3 3 3 1 1 4 4 1  897    5 
17 2 1 1 2 0 1 2 2 1  903    4 
17 2 0 3 0 1 0 1 1 1 1189    5 
17 2 3 3 0 0 1 4 2 0 1422    4 
17 2 2 1 3 0 0 3 3 1 1411    5 
17 2 3 3 3 1 1 4 4 1  627    5 
17 2 1 0 1 1 0 2 2 1 1021    5 
17 2 1 1 1 1 1 2 2 1  581    5 
17 2 0 0 0 1 1 1 1 1  849    4 
17 2 3 2 3 1 0 4 4 1  746    4 
17 2 2 2 2 1 1 3 3 1 1718    5 
17 2 1 0 1 1 0 2 2 1 4697    4 
17 2 3 3 3 1 1 4 4 1  613    5 
17 2 0 0 0 1 1 1 1 1 1103    5 
17 2 2 2 3 0 1 3 3 1 1109    5 
17 2 3 2 0 0 0 4 4 1  882    4 
17 2 1 0 2 0 0 2 2 1  985    5 
17 2 0 3 0 1 0 1 1 1 1124    4 
17 2 0 0 0 1 1 1 1 1  760    5 
17 2 2 1 3 0 0 3 3 1  852    5 
17 2 3 3 3 1 1 4 4 1  916    5 
17 2 0 0 0 1 1 1 1 1 1754    5 
17 2 3 2 3 1 0 4 4 1  979    5 
17 2 2 1 2 1 0 3 3 1 1414    4 
17 2 3 3 0 0 1 4 4 1  942    5 
17 2 1 0 1 1 0 2 2 1 1570    4 
17 2 1 0 1 1 0 2 2 1  820    5 
17 2 3 3 0 0 1 4 4 1  757    4 
17 2 2 2 3 0 1 3 3 1 1345    5 
17 2 0 0 0 1 1 1 1 1 1404    4 
17 2 0 0 0 1 1 1 1 1  677    5 
17 2 2 2 3 0 1 3 3 1 2084    5 
17 2 0 0 0 1 1 1 1 1 1047    5 
17 2 0 0 0 1 1 1 1 1  559    4 
17 2 1 1 2 0 1 2 2 1 1052    5 
17 2 0 0 0 1 1 1 1 1  708    4 
17 2 3 2 0 0 0 4 4 1 1098    5 
17 2 1 0 1 1 0 2 2 1 1095    4 
17 2 1 1 2 0 1 2 2 1  773    4 
17 2 2 2 2 1 1 3 3 1 1024    4 
17 2 3 2 0 0 0 4 4 1 1105    5 
17 2 1 0 2 0 0 2 2 1 1454    4 
17 2 2 2 2 1 1 3 3 1 2541    4 
17 2 0 3 0 1 0 1 1 1 1804    4 
17 2 0 3 1 0 0 1 1 1  724    4 
17 2 0 3 1 0 0 1 1 1  617    4 
17 2 0 3 0 1 0 1 1 1  636    4 
17 2 3 3 0 0 1 4 4 1 1301    4 
17 2 3 2 3 1 0 4 4 1  954    4 
17 2 1 0 2 0 0 2 2 1  901    4 
17 2 2 2 2 1 1 3 3 1 1172    5 
17 2 2 1 3 0 0 3 3 1  718    4 
17 2 2 1 3 0 0 3 3 1  532    4 
17 2 3 3 0 0 1 4 4 1  842    5 
17 2 3 2 0 0 0 4 4 1  802    5 
17 2 3 3 0 0 1 4 4 1  557    4 
17 2 0 0 0 1 1 1 1 1 1417   17 
17 2 0 0 0 1 1 1 1 1  457    4 
17 2 2 2 2 1 1 3 3 1  890    5 
17 2 3 2 3 1 0 4 4 1  609    4 
17 2 1 1 2 0 1 2 2 1 1123    5 
17 2 1 1 2 0 1 2 2 1  463    4 
17 2 1 0 2 0 0 2 2 1  856    5 
17 2 0 0 0 1 1 1 1 1  912    5 
17 2 2 1 2 1 0 3 3 1  781    4 
17 2 3 2 0 0 0 4 4 1  673    4 
17 2 3 3 3 1 1 4 4 1  496    4 
17 2 3 2 0 0 0 4 4 1  672    4 
17 2 1 0 2 0 0 2 2 1  855    5 
17 2 0 0 0 1 1 1 1 1  783    4 
17 2 2 1 3 0 0 3 4 0  754    4 
17 2 3 2 3 1 0 4 4 1  939    4 
17 2 2 2 2 1 1 3 3 1  632    5 
17 2 3 3 3 1 1 4 4 1  529    5 
17 2 2 1 3 0 0 3 3 1  911    4 
17 2 0 0 0 1 1 1 1 1  861    4 
17 2 2 2 2 1 1 3 3 1 2109    4 
17 2 3 3 3 1 1 4 4 1  782    5 
17 2 2 2 2 1 1 3 3 1  634    4 
17 2 2 1 3 0 0 3 3 1  747    4 
17 2 1 1 1 1 1 2 2 1 1792    4 
17 2 3 3 0 0 1 4 4 1 1000    5 
17 2 1 0 2 0 0 2 2 1  938    4 
17 2 2 2 2 1 1 3 3 1  878    4 
17 2 3 2 0 0 0 4 4 1  765    5 
17 2 3 3 3 1 1 4 4 1  633    5 
17 2 3 2 3 1 0 4 4 1  515    4 
17 2 3 2 3 1 0 4 4 1  433    5 
17 2 2 2 3 0 1 3 3 1  660    5 
17 2 0 0 1 0 1 1 1 1  756    4 
17 2 0 3 1 0 0 1 1 1  624    4 
17 2 0 0 0 1 1 1 1 1  570    4 
17 2 2 1 3 0 0 3 3 1 1278    4 
17 2 0 3 0 1 0 1 1 1  923    4 
17 2 3 2 3 1 0 4 4 1 2112    4 
17 2 3 2 3 1 0 4 4 1  450    4 
17 2 2 1 3 0 0 3 3 1 2748    4 
17 2 1 1 2 0 1 2 2 1  898    5 
17 2 2 2 3 0 1 3 3 1  817    5 
17 2 2 1 2 1 0 3 3 1  762    4 
17 2 1 0 1 1 0 2 2 1 2406    4 
17 2 1 0 2 0 0 2 2 1  684    5 
17 2 2 1 3 0 0 3 3 1 1060    5 
17 2 0 3 0 1 0 1 1 1 3091    4 
17 2 2 1 2 1 0 3 3 1 2267    4 
17 2 2 2 2 1 1 3 3 1  407    4 
17 2 2 1 2 1 0 3 3 1  450    4 
17 2 3 2 0 0 0 4 4 1 1027    4 
17 2 1 0 1 1 0 2 2 1 1740    4 
17 2 3 2 0 0 0 4 4 1  701    5 
17 2 1 0 1 1 0 2 2 1  708    5 
17 2 0 0 1 0 1 1 1 1 1066    4 
17 2 0 0 0 1 1 1 1 1  698    5 
17 2 1 1 2 0 1 2 2 1  952    4 
17 2 1 1 1 1 1 2 2 1  621    4 
17 2 0 3 0 1 0 1 1 1  870    4 
17 2 3 3 3 1 1 4 4 1 2237    4 
17 2 2 2 2 1 1 3 3 1 1090    4 
17 2 0 3 1 0 0 1 1 1 1272    4 
17 2 3 3 3 1 1 4 2 0  830    4 
17 2 3 3 0 0 1 4 4 1  684    5 
17 2 1 0 1 1 0 2 2 1 1563    4 
17 2 1 1 2 0 1 2 2 1  973    4 
17 2 0 0 1 0 1 1 1 1 1112    4 
17 2 0 0 1 0 1 1 1 1  605    4 
17 2 3 2 0 0 0 4 4 1  855    5 
17 2 1 0 1 1 0 2 2 1 2799    4 
17 2 0 3 0 1 0 1 1 1 2299    4 
17 2 0 0 1 0 1 1 1 1  685    4 
17 2 1 1 2 0 1 2 2 1 1197    5 
17 2 0 0 0 1 1 1 1 1 1254    4 
17 2 1 0 2 0 0 2 2 1  853    5 
17 2 1 1 1 1 1 2 1 0  773    5 
17 2 1 0 2 0 0 2 2 1  814    4 
17 2 1 1 2 0 1 2 2 1  664    4 
17 2 2 1 3 0 0 3 3 1 1064    4 
17 2 1 1 1 1 1 2 2 1  879    5 
17 2 2 2 2 1 1 3 2 0 2102    4 
17 2 0 0 1 0 1 1 1 1  782    4 
17 2 1 1 2 0 1 2 2 1 1001    4 
17 2 1 0 2 0 0 2 2 1 1547    4 
17 2 2 1 3 0 0 3 3 1  805    4 
17 2 1 1 1 1 1 2 2 1 1039    5 
17 2 3 2 3 1 0 4 4 1  871    4 
17 2 2 1 3 0 0 3 3 1 1342    4 
17 2 1 1 2 0 1 2 2 1  849    4 
17 2 0 3 0 1 0 1 1 1 1929    5 
17 2 0 3 1 0 0 1 1 1  539    5 
17 2 2 2 2 1 1 3 3 1 1520    4 
17 2 1 1 1 1 1 2 2 1 1244    4 
17 2 3 2 0 0 0 4 4 1 2147    4 
17 2 0 0 0 1 1 1 1 1  844    4 
17 2 3 2 0 0 0 4 4 1  700    4 
17 2 2 1 3 0 0 3 3 1 1667    4 
17 2 1 0 1 1 0 2 2 1 1120    5 
17 2 0 3 1 0 0 1 1 1 1341    4 
17 2 3 3 3 1 1 4 4 1 1112    4 
17 3 2 0 3 0 0 3 3 1 2123    4 
17 3 3 3 0 0 1 4 4 1  669    4 
17 3 1 1 1 1 1 2 2 1  789    4 
17 3 3 3 3 1 1 4 4 1  632    4 
17 3 0 0 1 0 1 1 1 1  818    4 
17 3 0 2 0 1 0 1 1 1 1252    5 
17 3 1 3 2 0 0 2 2 1 1067    4 
17 3 3 3 3 1 1 4 4 1  826    4 
17 3 0 0 1 0 1 1 1 1  891    4 
17 3 1 3 1 1 0 2 4 0  993    5 
17 3 1 3 1 1 0 2 2 1  808    4 
17 3 0 0 0 1 1 1 1 1  826    5 
17 3 3 1 3 1 0 4 4 1  899    4 
17 3 2 2 3 0 1 3 3 1  706    4 
17 3 0 0 0 1 1 1 1 1  776    5 
17 3 2 0 3 0 0 3 3 1  955    5 
17 3 1 1 2 0 1 2 2 1  974    4 
17 3 0 2 0 1 0 1 1 1  761    4 
17 3 1 3 1 1 0 2 2 1  941    4 
17 3 2 2 2 1 1 3 3 1 2985    5 
17 3 3 1 0 0 0 4 4 1  518    4 
17 3 0 2 0 1 0 1 1 1  757    4 
17 3 3 1 3 1 0 4 4 1 1401    4 
17 3 3 3 3 1 1 4 4 1  553    4 
17 3 3 3 0 0 1 4 4 1  558    5 
17 3 1 1 2 0 1 2 2 1  930    4 
17 3 0 0 0 1 1 1 1 1  711    4 
17 3 0 0 1 0 1 1 1 1 1221    5 
17 3 0 0 1 0 1 1 1 1  493    5 
17 3 1 1 1 1 1 2 2 1 1013    4 
17 3 1 3 1 1 0 2 2 1  670    5 
17 3 0 0 1 0 1 1 1 1  702    5 
17 3 1 1 1 1 1 2 2 1  653    5 
17 3 1 1 1 1 1 2 2 1  477    4 
17 3 0 2 0 1 0 1 1 1 2925    4 
17 3 2 0 2 1 0 3 3 1 1581    5 
17 3 0 2 0 1 0 1 4 0  733    5 
17 3 2 0 2 1 0 3 3 1  848    5 
17 3 1 1 1 1 1 2 2 1  856    4 
17 3 3 1 3 1 0 4 4 1  664    4 
17 3 1 1 2 0 1 2 2 1 1312    4 
17 3 0 0 1 0 1 1 1 1 1245    4 
17 3 3 1 0 0 0 4 4 1 1644    5 
17 3 2 2 2 1 1 3 3 1  586    4 
17 3 3 1 0 0 0 4 4 1  709    4 
17 3 3 1 0 0 0 4 4 1  451    5 
17 3 0 2 1 0 0 1 1 1 1253    5 
17 3 1 3 2 0 0 2 2 1  908    4 
17 3 0 2 1 0 0 1 1 1  762    5 
17 3 0 2 1 0 0 1 1 1  494    4 
17 3 3 1 0 0 0 4 4 1 1893    4 
17 3 1 1 1 1 1 2 2 1 1712    4 
17 3 3 3 0 0 1 4 4 1 1571    4 
17 3 1 3 2 0 0 2 2 1 1165    4 
17 3 1 3 1 1 0 2 2 1  776    4 
17 3 2 2 3 0 1 3 3 1 1771    4 
17 3 3 1 0 0 0 4 4 1 1108    4 
17 3 3 1 0 0 0 4 4 1  617    4 
17 3 3 3 0 0 1 4 4 1  779    4 
17 3 1 1 1 1 1 2 2 1 2439    4 
17 3 0 2 0 1 0 1 1 1 1715    5 
17 3 0 0 0 1 1 1 1 1  462    4 
17 3 0 0 0 1 1 1 1 1  471    4 
17 3 2 2 2 1 1 3 3 1 1023    5 
17 3 2 2 3 0 1 3 3 1  592    4 
17 3 2 2 2 1 1 3 3 1  443    5 
17 3 3 3 0 0 1 4 4 1  861    5 
17 3 3 1 3 1 0 4 4 1  612    4 
17 3 1 3 1 1 0 2 2 1  951    4 
17 3 2 0 2 1 0 3 3 1 1155    4 
17 3 1 1 1 1 1 2 2 1 1390    4 
17 3 1 3 2 0 0 2 2 1  710    5 
17 3 1 3 2 0 0 2 2 1  612    4 
17 3 2 0 2 1 0 3 3 1  983    5 
17 3 3 1 3 1 0 4 4 1  826    5 
17 3 3 3 0 0 1 4 4 1  811    4 
17 3 3 3 0 0 1 4 4 1  556    5 
17 3 2 2 2 1 1 3 2 0  969    4 
17 3 2 2 3 0 1 3 3 1  810    4 
17 3 0 2 1 0 0 1 1 1 1164    4 
17 3 0 0 0 1 1 1 1 1  542    4 
17 3 2 2 3 0 1 3 3 1 1132    4 
17 3 1 3 2 0 0 2 2 1 2376    4 
17 3 3 1 3 1 0 4 4 1 1438    5 
17 3 0 2 0 1 0 1 1 1 1581    4 
17 3 1 1 2 0 1 2 2 1 1214    4 
17 3 3 1 0 0 0 4 3 0 1126    4 
17 3 3 3 3 1 1 4 4 1  736    5 
17 3 1 1 1 1 1 2 2 1  853    4 
17 3 1 1 2 0 1 2 2 1  597    4 
17 3 0 0 0 1 1 1 1 1  752    5 
17 3 1 3 1 1 0 2 2 1  997    4 
17 3 1 1 1 1 1 2 2 1  519    4 
17 3 0 2 0 1 0 1 1 1  829    5 
17 3 2 2 2 1 1 3 3 1 1198    5 
17 3 0 0 0 1 1 1 1 1 2119    4 
17 3 3 1 0 0 0 4 4 1 1329    4 
17 3 3 3 0 0 1 4 4 1  629    4 
17 3 2 0 2 1 0 3 3 1 2415    4 
17 3 3 1 3 1 0 4 4 1 1300    4 
17 3 3 3 0 0 1 4 4 1  609    5 
17 3 3 1 0 0 0 4 4 1  739    5 
17 3 2 2 2 1 1 3 3 1 1688    5 
17 3 3 3 3 1 1 4 4 1  588    4 
17 3 1 1 2 0 1 2 2 1  960    4 
17 3 0 0 1 0 1 1 1 1  867    4 
17 3 2 0 3 0 0 3 3 1  787    4 
17 3 1 3 2 0 0 2 2 1 1005    5 
17 3 1 3 1 1 0 2 2 1  574    4 
17 3 0 2 1 0 0 1 1 1  866    4 
17 3 2 0 2 1 0 3 3 1 1154    4 
17 3 0 0 0 1 1 1 1 1 3205    5 
17 3 2 0 3 0 0 3 4 0 1232    4 
17 3 3 1 0 0 0 4 4 1  749    5 
17 3 2 2 2 1 1 3 3 1  570    4 
17 3 0 0 1 0 1 1 1 1  878    4 
17 3 1 3 1 1 0 2 2 1 2021    5 
17 3 2 2 3 0 1 3 3 1  803    4 
17 3 2 2 3 0 1 3 3 1 1189    4 
17 3 1 1 1 1 1 2 2 1 2718    4 
17 3 2 2 2 1 1 3 3 1 1478    4 
17 3 0 2 0 1 0 1 1 1  924    5 
17 3 2 0 2 1 0 3 3 1 1576    4 
17 3 2 0 3 0 0 3 3 1  593    4 
17 3 0 2 1 0 0 1 1 1 1916    5 
17 3 2 0 3 0 0 3 3 1 1071    4 
17 3 0 2 1 0 0 1 1 1 1293    5 
17 3 2 0 2 1 0 3 3 1  930    4 
17 3 1 3 1 1 0 2 2 1  871    4 
17 3 0 0 0 1 1 1 1 1 1046    4 
17 3 2 2 3 0 1 3 3 1  854    5 
17 3 0 2 1 0 0 1 1 1 1022    4 
17 3 3 1 3 1 0 4 4 1  790    4 
17 3 3 1 0 0 0 4 4 1  857    4 
17 3 1 1 2 0 1 2 2 1  984    4 
17 3 3 3 3 1 1 4 4 1  603    4 
17 3 2 0 3 0 0 3 3 1  869    4 
17 3 1 3 1 1 0 2 2 1  957    4 
17 3 0 0 1 0 1 1 1 1  753    5 
17 3 3 1 3 1 0 4 4 1 1077    5 
17 3 3 1 0 0 0 4 4 1  612    5 
17 3 0 0 1 0 1 1 1 1  710    4 
17 3 2 0 3 0 0 3 3 1  996    4 
17 3 0 0 1 0 1 1 1 1  926    5 
17 3 1 3 1 1 0 2 2 1 1507    4 
17 3 3 1 0 0 0 4 4 1  951    4 
17 3 0 0 0 1 1 1 1 1 1363    4 
17 3 1 1 1 1 1 2 2 1 1829    4 
17 3 3 3 0 0 1 4 4 1  851    4 
17 3 1 1 1 1 1 2 1 0  828    5 
17 3 3 1 3 1 0 4 4 1  786    4 
17 3 2 2 2 1 1 3 3 1  525    4 
17 3 2 0 2 1 0 3 3 1 1067    4 
17 3 3 3 0 0 1 4 4 1  818    4 
17 3 2 2 3 0 1 3 3 1  772   35 
17 3 1 3 1 1 0 2 2 1  999    4 
17 3 2 2 2 1 1 3 3 1 1281    5 
17 3 0 2 1 0 0 1 1 1 1295    4 
17 3 0 2 1 0 0 1 1 1  500    4 
17 3 3 1 3 1 0 4 4 1  700    5 
17 3 0 0 0 1 1 1 1 1  667    5 
17 3 1 1 2 0 1 2 4 0  675    4 
17 3 2 2 3 0 1 3 4 0  696    5 
17 3 1 1 1 1 1 2 2 1  804    4 
17 3 1 3 1 1 0 2 2 1  670    5 
17 3 2 2 2 1 1 3 3 1  805    4 
17 3 1 1 1 1 1 2 2 1  599    5 
17 3 1 3 2 0 0 2 2 1  946    4 
17 3 3 3 0 0 1 4 4 1  990    5 
17 3 3 1 0 0 0 4 4 1 1072    4 
17 3 0 0 0 1 1 1 1 1  791    4 
17 3 3 3 0 0 1 4 4 1 1217    4 
17 3 0 0 1 0 1 1 1 1 1594    5 
17 3 0 2 1 0 0 1 1 1  602    4 
17 3 2 0 3 0 0 3 3 1 1517    4 
17 3 1 3 1 1 0 2 2 1 1337    5 
17 3 2 0 2 1 0 3 3 1 1236    4 
17 3 3 1 0 0 0 4 4 1 1756    4 
17 3 2 0 3 0 0 3 3 1 1941    5 
17 3 2 0 3 0 0 3 3 1  446    4 
17 3 3 1 0 0 0 4 4 1  800    5 
17 3 2 2 2 1 1 3 3 1  811    5 
17 3 0 0 1 0 1 1 1 1  892    5 
17 3 2 2 2 1 1 3 3 1 1275    4 
17 3 0 2 1 0 0 1 1 1 1713    4 
17 3 1 1 2 0 1 2 2 1 4252    5 
17 3 2 2 3 0 1 3 3 1 1330    5 
17 3 2 0 2 1 0 3 3 1  637    4 
17 3 1 3 1 1 0 2 2 1 1590    4 
17 3 2 2 2 1 1 3 3 1  799    5 
17 3 0 2 1 0 0 1 1 1 1777    4 
17 3 3 3 0 0 1 4 4 1  857    4 
17 4 1 0 3 0 0 2 2 1 1417    4 
17 4 1 0 1 1 0 2 2 1  489    4 
17 4 1 1 3 0 1 2 2 1  793    4 
17 4 3 3 1 0 1 4 4 1  875    4 
17 4 0 3 0 1 0 1 1 1 1106    5 
17 4 0 0 2 0 1 1 1 1  575    4 
17 4 0 0 0 1 1 1 1 1  451    4 
17 4 0 3 0 1 0 1 1 1  621    4 
17 4 3 3 3 1 1 4 4 1  790    5 
17 4 3 3 1 0 1 4 4 1  505    5 
17 4 2 1 0 0 0 3 3 1 1056    4 
17 4 0 0 2 0 1 1 1 1  759    4 
17 4 1 1 3 0 1 2 4 0  571    5 
17 4 0 0 0 1 1 1 3 0  604    4 
17 4 0 3 0 1 0 1 1 1  852    5 
17 4 3 2 3 1 0 4 4 1 1428    5 
17 4 1 1 1 1 1 2 2 1  979    4 
17 4 0 0 0 1 1 1 1 1 1030    5 
17 4 1 0 1 1 0 2 2 1 1119    5 
17 4 0 0 0 1 1 1 1 1  836    4 
17 4 1 1 1 1 1 2 2 1  741    4 
17 4 1 1 1 1 1 2 2 1  569    5 
17 4 3 2 3 1 0 4 4 1  869    4 
17 4 0 3 0 1 0 1 1 1  909    4 
17 4 1 0 3 0 0 2 2 1 2459    5 
17 4 3 2 1 0 0 4 4 1  725    4 
17 4 2 2 2 1 1 3 3 1  771    4 
17 4 1 0 1 1 0 2 2 1  902    4 
17 4 3 2 1 0 0 4 4 1 1332    5 
17 4 2 2 0 0 1 3 3 1 2048    4 
17 4 3 3 3 1 1 4 4 1  893    4 
17 4 3 3 3 1 1 4 4 1  459    5 
17 4 3 2 3 1 0 4 4 1  500    5 
17 4 1 1 3 0 1 2 2 1 1451    4 
17 4 1 0 1 1 0 2 2 1  986    4 
17 4 2 2 2 1 1 3 3 1  853   59 
17 4 1 1 1 1 1 2 2 1  709    4 
17 4 2 1 0 0 0 3 3 1 1083    4 
17 4 0 3 2 0 0 1 1 1  962    5 
17 4 2 2 2 1 1 3 3 1 1173    5 
17 4 2 2 2 1 1 3 3 1  431    4 
17 4 2 2 0 0 1 3 3 1  497    4 
17 4 1 0 3 0 0 2 2 1 1273    4 
17 4 0 3 0 1 0 1 1 1 1903    5 
17 4 2 2 0 0 1 3 3 1 1210    4 
17 4 0 0 2 0 1 1 1 1 1258    4 
17 4 2 2 2 1 1 3 3 1 2201    4 
17 4 0 3 2 0 0 1 1 1 1087    4 
17 4 1 0 1 1 0 2 2 1 3661    5 
17 4 1 0 3 0 0 2 2 1  653    4 
17 4 0 0 0 1 1 1 1 1  901    4 
17 4 2 2 2 1 1 3 3 1 1051    4 
17 4 1 1 3 0 1 2 2 1  899    4 
17 4 1 1 1 1 1 2 2 1  593    4 
17 4 3 3 1 0 1 4 4 1 1421    5 
17 4 2 2 0 0 1 3 3 1 1677    4 
17 4 1 0 3 0 0 2 2 1 1393    5 
17 4 3 3 3 1 1 4 4 1 1146    4 
17 4 3 3 1 0 1 4 4 1  533    4 
17 4 2 1 2 1 0 3 3 1 1211    5 
17 4 2 2 2 1 1 3 3 1  460    4 
17 4 2 1 2 1 0 3 3 1  493    5 
17 4 0 0 0 1 1 1 1 1 1461    4 
17 4 3 3 3 1 1 4 4 1  754    4 
17 4 2 2 0 0 1 3 1 0 2006    4 
17 4 2 1 2 1 0 3 3 1  531    4 
17 4 3 2 3 1 0 4 4 1  737    4 
17 4 0 0 2 0 1 1 1 1 1653    5 
17 4 1 0 1 1 0 2 2 1 1315    4 
17 4 0 0 0 1 1 1 1 1  896    4 
17 4 0 0 2 0 1 1 1 1  630    4 
17 4 3 3 1 0 1 4 4 1  880    4 
17 4 0 0 2 0 1 1 1 1 1303    4 
17 4 3 3 3 1 1 4 4 1 2308    5 
17 4 2 1 0 0 0 3 3 1  853    5 
17 4 1 1 3 0 1 2 2 1  925    5 
17 4 0 3 0 1 0 1 1 1 1418    5 
17 4 0 3 2 0 0 1 1 1  562    4 
17 4 0 0 2 0 1 1 1 1  559    5 
17 4 3 3 1 0 1 4 4 1  875    4 
17 4 3 3 1 0 1 4 4 1  562    4 
17 4 1 1 3 0 1 2 2 1 1279    4 
17 4 1 1 1 1 1 2 2 1  549    5 
17 4 0 3 0 1 0 1 1 1 2122    4 
17 4 0 3 0 1 0 1 1 1  540    4 
17 4 0 3 2 0 0 1 1 1  585    4 
17 4 2 2 2 1 1 3 3 1  933    4 
17 4 2 1 2 1 0 3 3 1  506    4 
17 4 2 1 0 0 0 3 3 1  577    5 
17 4 3 2 3 1 0 4 4 1  869    5 
17 4 3 3 3 1 1 4 4 1  596    4 
17 4 0 0 0 1 1 1 1 1  847    5 
17 4 2 1 0 0 0 3 3 1  792    4 
17 4 2 2 0 0 1 3 3 1  490    4 
17 4 3 3 3 1 1 4 4 1 3010    4 
17 4 2 2 0 0 1 3 3 1  733    4 
17 4 2 1 0 0 0 3 4 0  963    5 
17 4 0 3 0 1 0 1 1 1  875    5 
17 4 0 3 0 1 0 1 1 1  482    4 
17 4 1 0 1 1 0 2 2 1 1042    4 
17 4 1 1 1 1 1 2 2 1  538    4 
17 4 0 0 0 1 1 1 0 0 5000    4 
17 4 1 0 1 1 0 2 2 1  891    4 
17 4 2 1 2 1 0 3 3 1 1697    4 
17 4 2 1 2 1 0 3 3 1  629    4 
17 4 0 3 2 0 0 1 1 1  774    4 
17 4 3 2 1 0 0 4 4 1  858    4 
17 4 2 1 0 0 0 3 3 1 1929    4 
17 4 0 0 2 0 1 1 1 1 1307    5 
17 4 1 1 1 1 1 2 2 1  607    4 
17 4 1 1 3 0 1 2 2 1  530    4 
17 4 3 2 1 0 0 4 3 0  840    4 
17 4 3 2 1 0 0 4 4 1  542    4 
17 4 1 0 3 0 0 2 2 1 1083    4 
17 4 0 0 2 0 1 1 1 1  921    4 
17 4 0 0 0 1 1 1 1 1  534    5 
17 4 3 3 1 0 1 4 4 1 1076    5 
17 4 3 2 3 1 0 4 4 1  570    4 
17 4 1 0 1 1 0 2 2 1  950    4 
17 4 0 3 0 1 0 1 1 1 2347    4 
17 4 1 0 1 1 0 2 2 1 1514    5 
17 4 0 3 2 0 0 1 1 1  838    5 
17 4 2 1 0 0 0 3 3 1 1535    5 
17 4 1 0 1 1 0 2 2 1 1258    4 
17 4 2 1 0 0 0 3 3 1  952    5 
17 4 3 3 1 0 1 4 4 1 1076    4 
17 4 0 0 0 1 1 1 1 1 1051    4 
17 4 3 2 1 0 0 4 4 1  778    4 
17 4 0 3 0 1 0 1 1 1 1238    4 
17 4 2 1 2 1 0 3 3 1  917    4 
17 4 1 0 1 1 0 2 1 0 1010    4 
17 4 1 0 3 0 0 2 2 1  673    4 
17 4 3 2 3 1 0 4 4 1  776    4 
17 4 0 3 0 1 0 1 1 1  836    5 
17 4 0 3 2 0 0 1 1 1  613    4 
17 4 2 2 2 1 1 3 3 1  999    5 
17 4 1 1 3 0 1 2 2 1  809    4 
17 4 2 1 0 0 0 3 3 1 2347    4 
17 4 3 2 3 1 0 4 4 1  843    5 
17 4 0 0 2 0 1 1 1 1 1915    5 
17 4 3 3 3 1 1 4 4 1  662    4 
17 4 2 2 2 1 1 3 3 1 1334    4 
17 4 1 0 1 1 0 2 2 1 1010    4 
17 4 0 3 2 0 0 1 1 1 1171    5 
17 4 3 2 1 0 0 4 4 1  973    4 
17 4 3 3 1 0 1 4 4 1  792    5 
17 4 1 1 3 0 1 2 2 1  730    5 
17 4 2 2 0 0 1 3 3 1  664    5 
17 4 2 1 0 0 0 3 3 1  672    5 
17 4 0 3 2 0 0 1 1 1  872    5 
17 4 1 0 1 1 0 2 2 1  903    4 
17 4 0 3 0 1 0 1 1 1  573    4 
17 4 2 2 0 0 1 3 4 0  705    5 
17 4 2 1 2 1 0 3 3 1  724    4 
17 4 1 0 3 0 0 2 2 1 2626    5 
17 4 3 3 3 1 1 4 4 1  717    4 
17 4 2 1 0 0 0 3 3 1 1731    4 
17 4 2 1 0 0 0 3 3 1  558    4 
17 4 2 1 0 0 0 3 3 1  450    4 
17 4 1 1 1 1 1 2 2 1  812    4 
17 4 2 2 0 0 1 3 3 1  774    4 
17 4 0 0 0 1 1 1 4 0  737    5 
17 4 3 2 1 0 0 4 4 1  907    4 
17 4 0 0 0 1 1 1 1 1  537    4 
17 4 3 2 1 0 0 4 4 1 1046    5 
17 4 1 1 1 1 1 2 2 1 1006    5 
17 4 3 2 1 0 0 4 4 1  983    5 
17 4 3 2 1 0 0 4 4 1  586    4 
17 4 2 1 0 0 0 3 3 1 1342    4 
17 4 1 0 3 0 0 2 2 1 1448    4 
17 4 1 1 1 1 1 2 2 1  839    4 
17 4 2 1 0 0 0 3 3 1 4208    5 
17 4 3 3 1 0 1 4 4 1  848    5 
17 4 2 1 0 0 0 3 3 1  816    4 
17 4 3 3 3 1 1 4 4 1  682    4 
17 4 1 1 1 1 1 2 2 1 1754    4 
17 4 3 3 3 1 1 4 4 1  947    4 
17 4 0 0 0 1 1 1 1 1 3519    4 
17 4 3 3 1 0 1 4 3 0  581    5 
17 4 3 3 1 0 1 4 4 1  638    5 
17 4 1 1 3 0 1 2 2 1  895    4 
17 4 3 3 3 1 1 4 4 1 1261    4 
17 4 1 1 3 0 1 2 2 1  660    4 
17 4 2 2 2 1 1 3 3 1 1364    4 
17 4 2 1 2 1 0 3 3 1  670    4 
17 4 0 0 2 0 1 1 1 1  670    4 
17 4 3 2 1 0 0 4 4 1  774    4 
17 4 3 2 1 0 0 4 4 1  529    4 
17 4 2 1 0 0 0 3 3 1  943    5 
17 4 1 0 1 1 0 2 2 1 1371    4 
17 4 1 1 3 0 1 2 2 1  573    5 
17 4 3 2 1 0 0 4 4 1 1137    5 
