12 1 2 2 2 1 1 3 3 1 1823    4 
12 1 3 1 2 0 0 4 4 1  845    4 
12 1 0 2 0 1 0 1 1 1  694    5 
12 1 2 2 2 1 1 3 3 1 1028    5 
12 1 3 1 3 1 0 4 4 1  749    4 
12 1 1 3 1 1 0 2 2 1  882    5 
12 1 0 2 3 0 0 1 1 1  657    4 
12 1 0 0 3 0 1 1 1 1  657    5 
12 1 1 3 1 1 0 2 2 1  881    4 
12 1 2 2 1 0 1 3 3 1  792    4 
12 1 3 1 3 1 0 4 4 1  683    4 
12 1 2 2 2 1 1 3 3 1  866    4 
12 1 0 2 0 1 0 1 1 1  794    5 
12 1 2 2 2 1 1 3 1 0  677    4 
12 1 0 0 0 1 1 1 1 1  505    4 
12 1 3 3 2 0 1 4 2 0  584    4 
12 1 1 1 0 0 1 2 2 1 1009    4 
12 1 1 3 1 1 0 2 2 1  963    4 
12 1 0 0 3 0 1 1 1 1 1478    5 
12 1 1 3 0 0 0 2 2 1  787    4 
12 1 3 3 3 1 1 4 4 1  998    4 
12 1 2 0 1 0 0 3 3 1  856    5 
12 1 2 0 1 0 0 3 3 1  607    5 
12 1 0 2 3 0 0 1 1 1  946    5 
12 1 2 0 1 0 0 3 3 1 1270    4 
12 1 3 1 2 0 0 4 4 1  892    4 
12 1 0 0 0 1 1 1 1 1  907    4 
12 1 3 3 3 1 1 4 4 1  848    4 
12 1 3 1 2 0 0 4 4 1  545    4 
12 1 1 1 1 1 1 2 2 1 1462    4 
12 1 2 0 2 1 0 3 3 1  980    5 
12 1 2 2 2 1 1 3 3 1  734    5 
12 1 1 3 0 0 0 2 2 1  828    4 
12 1 2 0 2 1 0 3 3 1  725    4 
12 1 0 2 3 0 0 1 1 1  706    4 
12 1 0 0 3 0 1 1 1 1  825    4 
12 1 0 2 3 0 0 1 1 1  546    4 
12 1 2 2 2 1 1 3 3 1  759    4 
12 1 1 1 0 0 1 2 2 1  835    4 
12 1 2 2 2 1 1 3 3 1  844    4 
12 1 0 2 3 0 0 1 1 1  612    5 
12 1 1 1 1 1 1 2 2 1  807    4 
12 1 1 1 1 1 1 2 2 1  457    4 
12 1 2 0 2 1 0 3 3 1  762    4 
12 1 3 3 3 1 1 4 4 1  758    4 
12 1 1 3 0 0 0 2 2 1  890    4 
12 1 3 1 2 0 0 4 4 1  800    4 
12 1 1 3 1 1 0 2 2 1  810    4 
12 1 3 1 3 1 0 4 4 1  500    5 
12 1 2 2 1 0 1 3 3 1  700    4 
12 1 0 0 3 0 1 1 1 1  563    4 
12 1 1 3 1 1 0 2 2 1  903    5 
12 1 0 2 3 0 0 1 1 1  725    5 
12 1 1 1 1 1 1 2 2 1 1138    5 
12 1 3 1 2 0 0 4 4 1  774    5 
12 1 3 3 3 1 1 4 4 1  729    4 
12 1 0 2 3 0 0 1 1 1  582    5 
12 1 1 1 0 0 1 2 2 1  970    5 
12 1 3 3 3 1 1 4 4 1  901    4 
12 1 2 0 1 0 0 3 3 1 1011    5 
12 1 0 2 0 1 0 1 1 1  884    4 
12 1 2 0 1 0 0 3 3 1  939    4 
12 1 3 1 3 1 0 4 4 1  752    5 
12 1 2 0 1 0 0 3 3 1  996    4 
12 1 3 1 2 0 0 4 4 1 1702    4 
12 1 0 0 0 1 1 1 1 1  826    5 
12 1 2 0 1 0 0 3 3 1  787    4 
12 1 1 1 0 0 1 2 2 1 1182    4 
12 1 2 2 2 1 1 3 3 1  672    5 
12 1 3 3 3 1 1 4 4 1  759    4 
12 1 0 2 3 0 0 1 1 1 1211    4 
12 1 3 3 2 0 1 4 4 1 1300    4 
12 1 1 3 0 0 0 2 2 1  841    4 
12 1 1 1 1 1 1 2 2 1 1033    4 
12 1 1 3 1 1 0 2 2 1  666    4 
12 1 3 1 2 0 0 4 3 0  490    4 
12 1 2 2 1 0 1 3 3 1  719    4 
12 1 0 2 0 1 0 1 1 1  653    4 
12 1 3 3 3 1 1 4 4 1  589    5 
12 1 2 2 2 1 1 3 3 1  745    4 
12 1 3 3 3 1 1 4 4 1  605    4 
12 1 0 2 0 1 0 1 1 1  776    4 
12 1 3 3 3 1 1 4 4 1 1267    5 
12 1 1 3 0 0 0 2 2 1  898    4 
12 1 2 2 2 1 1 3 3 1 1576    5 
12 1 1 1 0 0 1 2 2 1  905    4 
12 1 0 2 0 1 0 1 1 1  798    4 
12 1 1 3 0 0 0 2 1 0  697    5 
12 1 0 0 0 1 1 1 1 1  909    5 
12 1 3 1 2 0 0 4 4 1  898    4 
12 1 3 3 2 0 1 4 4 1  849    4 
12 1 2 0 1 0 0 3 3 1 1801    4 
12 1 0 0 3 0 1 1 1 1  913    4 
12 1 0 2 0 1 0 1 1 1  566    4 
12 1 1 3 1 1 0 2 2 1  923    5 
12 1 0 0 3 0 1 1 1 1  776    4 
12 1 3 3 3 1 1 4 4 1 1371    4 
12 1 3 3 2 0 1 4 4 1  605    4 
12 1 1 3 0 0 0 2 2 1  791    5 
12 1 0 2 0 1 0 1 1 1 1250    4 
12 1 1 1 1 1 1 2 2 1  761    5 
12 1 1 3 1 1 0 2 2 1  573    4 
12 1 2 0 2 1 0 3 3 1  953    4 
12 1 0 0 3 0 1 1 1 1  637    5 
12 1 1 1 0 0 1 2 2 1  846    4 
12 1 2 2 1 0 1 3 3 1  799    4 
12 1 0 2 0 1 0 1 2 0  809    4 
12 1 1 1 1 1 1 2 2 1  616    4 
12 1 3 1 3 1 0 4 4 1  715    4 
12 1 2 0 2 1 0 3 3 1  905    4 
12 1 1 3 1 1 0 2 2 1 1838    5 
12 1 3 1 2 0 0 4 4 1  653    5 
12 1 2 2 1 0 1 3 3 1  869    5 
12 1 1 1 1 1 1 2 2 1 1669    4 
12 1 0 0 0 1 1 1 1 1  626    5 
12 1 1 3 0 0 0 2 2 1 1020    4 
12 1 1 1 0 0 1 2 2 1  813    5 
12 1 3 3 2 0 1 4 4 1 1791    4 
12 1 1 1 1 1 1 2 2 1  654    5 
12 1 2 2 1 0 1 3 3 1  702    5 
12 1 1 3 1 1 0 2 2 1 1573    5 
12 1 2 2 1 0 1 3 3 1  974    4 
12 1 3 3 2 0 1 4 4 1  761    4 
12 1 0 0 0 1 1 1 1 1  493    4 
12 1 2 0 1 0 0 3 3 1  836    5 
12 1 3 1 2 0 0 4 4 1  685    5 
12 1 0 2 3 0 0 1 1 1  709    4 
12 1 1 1 0 0 1 2 2 1 1403    4 
12 1 2 2 2 1 1 3 3 1  956    4 
12 1 3 1 2 0 0 4 4 1 1215    4 
12 1 2 2 2 1 1 3 3 1  768    4 
12 1 1 3 0 0 0 2 2 1  932    5 
12 1 0 0 0 1 1 1 1 1  641    4 
12 1 3 1 2 0 0 4 4 1  842    4 
12 1 1 3 0 0 0 2 4 0  842    5 
12 1 1 3 0 0 0 2 2 1  744    5 
12 1 2 2 1 0 1 3 3 1 1013    5 
12 1 0 0 3 0 1 1 1 1  614    4 
12 1 3 3 2 0 1 4 4 1  976    4 
12 1 1 3 1 1 0 2 2 1 1131    4 
12 1 2 2 2 1 1 3 3 1  903    4 
12 1 1 1 1 1 1 2 2 1  693    4 
12 1 1 3 0 0 0 2 2 1 1084    5 
12 1 2 2 1 0 1 3 3 1  955    4 
12 1 0 2 0 1 0 1 1 1  710    5 
12 1 1 3 1 1 0 2 2 1  812    4 
12 1 0 0 0 1 1 1 1 1  622    4 
12 1 3 1 2 0 0 4 4 1 1104    5 
12 1 3 1 3 1 0 4 4 1  461    4 
12 1 0 0 3 0 1 1 1 1  510    4 
12 1 3 1 3 1 0 4 4 1  645    4 
12 1 2 2 2 1 1 3 3 1  702    4 
12 1 1 1 1 1 1 2 2 1 1045    4 
12 1 0 0 0 1 1 1 1 1  597    5 
12 1 2 2 1 0 1 3 3 1  736    5 
12 1 2 0 1 0 0 3 3 1  893    4 
12 1 3 3 2 0 1 4 4 1 1596    4 
12 1 0 2 0 1 0 1 1 1  660    4 
12 1 2 2 2 1 1 3 3 1  732    4 
12 1 2 2 2 1 1 3 3 1  473    5 
12 1 3 3 2 0 1 4 4 1  858    5 
12 1 1 1 1 1 1 2 2 1 1073    4 
12 1 0 0 3 0 1 1 1 1  512    4 
12 1 3 3 3 1 1 4 3 0  990    7 
12 1 3 1 2 0 0 4 4 1  526    4 
12 1 0 2 0 1 0 1 1 1  580    4 
12 1 2 2 2 1 1 3 3 1 1344    4 
12 1 3 3 2 0 1 4 4 1  746    4 
12 1 3 1 2 0 0 4 4 1  487    4 
12 1 2 2 2 1 1 3 3 1  799    6 
12 1 3 1 2 0 0 4 4 1  561    4 
12 1 0 0 3 0 1 1 1 1  566    4 
12 1 1 1 1 1 1 2 2 1  794    4 
12 1 3 1 3 1 0 4 4 1  885    5 
12 1 2 2 1 0 1 3 3 1  636    4 
12 1 3 1 2 0 0 4 4 1 1045    4 
12 1 0 2 3 0 0 1 1 1  829    4 
12 1 1 3 1 1 0 2 2 1  790    4 
12 1 2 2 1 0 1 3 3 1  616    4 
12 1 3 1 3 1 0 4 4 1  587    4 
12 1 2 0 1 0 0 3 3 1  854    4 
12 1 0 2 3 0 0 1 1 1  830    4 
12 1 0 0 3 0 1 1 1 1  671    4 
12 1 0 0 0 1 1 1 1 1  462    4 
12 1 2 2 2 1 1 3 3 1  751    4 
12 1 0 0 0 1 1 1 1 1  564    4 
12 1 1 3 0 0 0 2 2 1  793    5 
12 1 3 1 2 0 0 4 4 1  715    4 
12 1 1 3 1 1 0 2 4 0  617    4 
12 1 2 0 2 1 0 3 3 1  785    4 
12 1 0 2 0 1 0 1 1 1  636    4 
12 1 0 2 3 0 0 1 1 1  573    5 
12 2 3 3 0 0 1 4 4 1 1096    5 
12 2 0 0 0 1 1 1 1 1  598    4 
12 2 2 0 2 1 0 3 3 1  753    4 
12 2 3 1 3 1 0 4 4 1 1677    4 
12 2 2 2 3 0 1 3 3 1  793    4 
12 2 3 1 0 0 0 4 4 1  700    4 
12 2 1 3 2 0 0 2 2 1  795    4 
12 2 0 2 1 0 0 1 1 1  605    5 
12 2 0 2 0 1 0 1 1 1  592    5 
12 2 1 3 2 0 0 2 4 0  795    4 
12 2 3 1 0 0 0 4 4 1  915    4 
12 2 3 1 3 1 0 4 4 1  912    4 
12 2 2 2 3 0 1 3 3 1  974    5 
12 2 2 2 3 0 1 3 3 1  464    4 
12 2 3 3 3 1 1 4 4 1 1393    4 
12 2 3 3 3 1 1 4 4 1  498    4 
12 2 0 2 0 1 0 1 3 0  754    4 
12 2 0 2 1 0 0 1 1 1  483    5 
12 2 3 1 3 1 0 4 4 1 1051    4 
12 2 2 2 3 0 1 3 3 1  859    5 
12 2 3 3 0 0 1 4 4 1  715    4 
12 2 1 3 2 0 0 2 2 1  873    5 
12 2 0 0 0 1 1 1 1 1  584    4 
12 2 0 0 1 0 1 1 1 1  571    4 
12 2 0 2 0 1 0 1 1 1  591    4 
12 2 0 0 0 1 1 1 1 1  499    5 
12 2 2 0 2 1 0 3 3 1  890    5 
12 2 2 0 2 1 0 3 3 1  560    5 
12 2 3 3 3 1 1 4 4 1  725    4 
12 2 2 0 3 0 0 3 3 1  722    5 
12 2 0 2 0 1 0 1 1 1  528    4 
12 2 3 1 3 1 0 4 4 1  742    5 
12 2 3 3 3 1 1 4 4 1  706    4 
12 2 3 1 3 1 0 4 4 1  521    4 
12 2 1 1 1 1 1 2 2 1  687    4 
12 2 1 3 2 0 0 2 2 1  598    4 
12 2 0 2 0 1 0 1 1 1  529    4 
12 2 1 3 1 1 0 2 2 1  823    4 
12 2 2 2 3 0 1 3 3 1  968    4 
12 2 0 0 1 0 1 1 1 1 1011    4 
12 2 2 2 2 1 1 3 3 1 1069    4 
12 2 3 1 3 1 0 4 4 1  804    4 
12 2 1 1 2 0 1 2 2 1  933    5 
12 2 1 3 2 0 0 2 2 1  762    5 
12 2 2 2 3 0 1 3 3 1 1118    4 
12 2 2 2 2 1 1 3 3 1  483    4 
12 2 0 0 0 1 1 1 1 1  635    4 
12 2 1 3 1 1 0 2 2 1  829    4 
12 2 2 0 3 0 0 3 3 1  766    4 
12 2 3 3 0 0 1 4 4 1  818    4 
12 2 0 2 1 0 0 1 1 1  588    4 
12 2 0 2 1 0 0 1 1 1  431    4 
12 2 1 3 1 1 0 2 2 1  730    4 
12 2 1 1 2 0 1 2 2 1  711    4 
12 2 2 0 2 1 0 3 3 1 1525    5 
12 2 1 3 1 1 0 2 2 1  808    5 
12 2 2 0 2 1 0 3 3 1  954    4 
12 2 1 3 2 0 0 2 2 1  629    5 
12 2 1 3 1 1 0 2 2 1  567    5 
12 2 1 1 1 1 1 2 2 1  676    4 
12 2 1 3 1 1 0 2 2 1  515    5 
12 2 3 3 0 0 1 4 4 1  802    4 
12 2 0 2 1 0 0 1 1 1  701    4 
12 2 2 2 3 0 1 3 3 1 1459    5 
12 2 1 3 2 0 0 2 2 1  897    4 
12 2 3 3 3 1 1 4 4 1  928    4 
12 2 3 1 0 0 0 4 4 1  972    4 
12 2 0 0 1 0 1 1 1 1  583    4 
12 2 0 0 1 0 1 1 1 1  435    4 
12 2 2 0 2 1 0 3 3 1 1157    4 
12 2 3 1 3 1 0 4 4 1 1392    4 
12 2 0 2 1 0 0 1 1 1  625    4 
12 2 2 0 2 1 0 3 3 1 1099    4 
12 2 2 2 2 1 1 3 3 1  616    4 
12 2 0 0 0 1 1 1 1 1  571    4 
12 2 1 3 1 1 0 2 2 1 1279    4 
12 2 0 0 1 0 1 1 1 1 1060    4 
12 2 1 1 1 1 1 2 2 1  811    4 
12 2 1 3 2 0 0 2 2 1  965    5 
12 2 3 1 0 0 0 4 4 1 1081    4 
12 2 3 1 3 1 0 4 4 1  543    4 
12 2 2 0 3 0 0 3 3 1  924    4 
12 2 1 1 1 1 1 2 4 0  761    5 
12 2 0 2 0 1 0 1 1 1  706    4 
12 2 2 0 3 0 0 3 3 1  953    5 
12 2 0 0 1 0 1 1 1 1  725    4 
12 2 0 2 0 1 0 1 1 1  658    5 
12 2 2 2 2 1 1 3 3 1 1362    4 
12 2 3 1 0 0 0 4 4 1 1965    5 
12 2 0 2 0 1 0 1 1 1  829    4 
12 2 0 0 1 0 1 1 1 1  606    5 
12 2 3 3 3 1 1 4 4 1  880    5 
12 2 1 1 1 1 1 2 2 1  847    4 
12 2 0 0 1 0 1 1 1 1  680    5 
12 2 0 2 0 1 0 1 1 1  783    5 
12 2 2 2 2 1 1 3 3 1 1435    4 
12 2 0 0 1 0 1 1 1 1  610    4 
12 2 2 2 3 0 1 3 3 1 1220    4 
12 2 2 0 2 1 0 3 3 1  829    4 
12 2 0 2 0 1 0 1 1 1  806    4 
12 2 1 1 1 1 1 2 2 1  712    4 
12 2 1 1 2 0 1 2 2 1  782    4 
12 2 0 0 0 1 1 1 1 1  617    5 
12 2 0 0 1 0 1 1 1 1  492    4 
12 2 1 1 1 1 1 2 2 1  603    5 
12 2 0 2 1 0 0 1 1 1  710    5 
12 2 1 1 2 0 1 2 2 1  668    4 
12 2 2 2 3 0 1 3 3 1  980    4 
12 2 1 1 1 1 1 2 2 1 1543    5 
12 2 1 1 1 1 1 2 2 1  441    4 
12 2 0 2 1 0 0 1 1 1  531    4 
12 2 1 3 2 0 0 2 2 1 1041    4 
12 2 1 3 2 0 0 2 2 1  953    4 
12 2 1 1 1 1 1 2 2 1  525    4 
12 2 1 1 1 1 1 2 2 1  451    4 
12 2 3 3 3 1 1 4 4 1  596    5 
12 2 2 2 2 1 1 3 3 1  696    4 
12 2 2 2 2 1 1 3 4 0  502    4 
12 2 3 3 0 0 1 4 4 1  602    4 
12 2 3 1 0 0 0 4 4 1  685    4 
12 2 1 1 2 0 1 2 2 1  813    5 
12 2 3 1 0 0 0 4 4 1 1222    5 
12 2 2 2 3 0 1 3 3 1  734    4 
12 2 2 2 3 0 1 3 3 1  548    4 
12 2 0 0 0 1 1 1 1 1  505    5 
12 2 0 0 0 1 1 1 1 1  440    5 
12 2 2 0 3 0 0 3 3 1  785    5 
12 2 3 1 3 1 0 4 4 1  685    4 
12 2 2 2 2 1 1 3 3 1 1052    5 
12 2 0 2 0 1 0 1 1 1 2228    4 
12 2 3 3 3 1 1 4 4 1  593    5 
12 2 0 2 0 1 0 1 1 1  524    4 
12 2 2 2 3 0 1 3 3 1  762    4 
12 2 3 3 3 1 1 4 4 1  798    4 
12 2 0 0 1 0 1 1 1 1  625    5 
12 2 0 2 1 0 0 1 1 1  690    4 
12 2 3 3 3 1 1 4 4 1  633    4 
12 2 3 3 3 1 1 4 4 1  483    4 
12 2 2 0 3 0 0 3 3 1 1211    5 
12 2 3 1 3 1 0 4 4 1 1068    4 
12 2 1 1 1 1 1 2 2 1  787    5 
12 2 1 3 2 0 0 2 2 1  926    4 
12 2 3 1 3 1 0 4 4 1  946    4 
12 2 0 0 0 1 1 1 1 1  558    4 
12 2 1 1 1 1 1 2 2 1  915    4 
12 2 0 0 1 0 1 1 1 1  689    4 
12 2 1 1 2 0 1 2 2 1 1007    5 
12 2 3 1 3 1 0 4 4 1  865    4 
12 2 2 2 2 1 1 3 3 1 1440    4 
12 2 2 0 3 0 0 3 3 1  927    5 
12 2 0 2 0 1 0 1 1 1 1020    4 
12 2 1 1 1 1 1 2 2 1  709    5 
12 2 2 0 3 0 0 3 3 1 1483    4 
12 2 3 1 0 0 0 4 4 1  856    4 
12 2 2 2 2 1 1 3 3 1 1096    4 
12 2 1 3 2 0 0 2 2 1 1126    4 
12 2 3 1 3 1 0 4 4 1  914    4 
12 2 1 1 2 0 1 2 2 1  775    5 
12 2 3 1 0 0 0 4 4 1  675    4 
12 2 3 1 0 0 0 4 4 1  962    5 
12 2 3 3 0 0 1 4 4 1  726    5 
12 2 3 1 0 0 0 4 4 1  451    4 
12 2 1 1 2 0 1 2 2 1  741    4 
12 2 2 0 2 1 0 3 3 1  993    4 
12 2 0 2 0 1 0 1 1 1  811    5 
12 2 1 1 2 0 1 2 2 1 1485    5 
12 2 2 2 2 1 1 3 3 1  914    4 
12 2 0 2 1 0 0 1 1 1  728    5 
12 2 3 3 3 1 1 4 4 1  693    4 
12 2 3 1 3 1 0 4 4 1  620    5 
12 2 3 1 0 0 0 4 4 1  574    4 
12 2 2 2 3 0 1 3 3 1 1706    4 
12 2 1 1 2 0 1 2 2 1  709    4 
12 2 3 1 0 0 0 4 4 1  803    4 
12 2 2 0 3 0 0 3 3 1 1205    4 
12 2 3 1 0 0 0 4 4 1  846    4 
12 2 2 0 2 1 0 3 4 0  782    4 
12 2 0 0 1 0 1 1 1 1  679    5 
12 2 3 3 0 0 1 4 4 1  790    5 
12 2 0 2 1 0 0 1 1 1  777    4 
12 2 1 1 1 1 1 2 2 1  740    4 
12 2 2 0 2 1 0 3 3 1  977    5 
12 2 1 3 1 1 0 2 2 1 1163    4 
12 2 1 1 2 0 1 2 2 1  726    4 
12 2 1 1 2 0 1 2 2 1  596    5 
12 2 0 2 1 0 0 1 1 1  695    4 
12 2 3 1 3 1 0 4 4 1 1182    4 
12 2 2 2 3 0 1 3 3 1  792    5 
12 2 1 1 2 0 1 2 2 1 2322    4 
12 2 2 2 2 1 1 3 4 0  659    4 
12 2 2 0 3 0 0 3 3 1 1025    4 
12 2 2 2 3 0 1 3 3 1  490    4 
12 3 2 2 0 0 1 3 3 1 1090    4 
12 3 0 3 2 0 0 1 1 1  767    5 
12 3 3 3 1 0 1 4 4 1  907    4 
12 3 1 0 1 1 0 2 2 1  921    4 
12 3 3 2 3 1 0 4 4 1 1006    4 
12 3 3 2 3 1 0 4 4 1  599    4 
12 3 2 2 0 0 1 3 3 1  746    5 
12 3 3 3 1 0 1 4 4 1  783    5 
12 3 1 1 3 0 1 2 2 1  874    4 
12 3 1 0 1 1 0 2 2 1  953    4 
12 3 1 0 3 0 0 2 2 1  669    4 
12 3 1 0 3 0 0 2 2 1  525    5 
12 3 3 2 3 1 0 4 4 1  939    4 
12 3 1 1 3 0 1 2 2 1 1279    4 
12 3 2 1 0 0 0 3 3 1 1117    5 
12 3 1 1 3 0 1 2 2 1 1018    4 
12 3 2 2 0 0 1 3 3 1  707    5 
12 3 2 2 2 1 1 3 3 1 1553    5 
12 3 3 2 1 0 0 4 4 1  867    4 
12 3 3 3 3 1 1 4 4 1  643    4 
12 3 2 1 2 1 0 3 3 1  868    5 
12 3 1 0 1 1 0 2 2 1  924    4 
12 3 0 3 0 1 0 1 1 1  761    5 
12 3 2 1 0 0 0 3 3 1 1293    4 
12 3 0 3 0 1 0 1 1 1  674    4 
12 3 1 0 3 0 0 2 2 1  801    5 
12 3 2 1 0 0 0 3 3 1 1052    4 
12 3 3 3 3 1 1 4 4 1  900    5 
12 3 0 3 0 1 0 1 1 1  738    4 
12 3 0 0 0 1 1 1 1 1 1318    5 
12 3 3 3 3 1 1 4 4 1  571    4 
12 3 1 1 1 1 1 2 2 1  679    4 
12 3 0 0 2 0 1 1 1 1  654    4 
12 3 3 2 1 0 0 4 4 1  695    4 
12 3 1 0 1 1 0 2 2 1 1285    4 
12 3 1 1 3 0 1 2 2 1  627    5 
12 3 3 2 3 1 0 4 4 1  901    5 
12 3 0 0 2 0 1 1 1 1  627    5 
12 3 2 2 0 0 1 3 3 1  781    5 
12 3 1 0 1 1 0 2 2 1  880    4 
12 3 2 2 2 1 1 3 3 1 1439    5 
12 3 3 2 1 0 0 4 4 1  742    5 
12 3 2 1 0 0 0 3 3 1  866    4 
12 3 0 3 0 1 0 1 1 1  810    4 
12 3 2 1 2 1 0 3 3 1 1036    4 
12 3 3 2 1 0 0 4 4 1  773    5 
12 3 0 0 0 1 1 1 1 1 1312    4 
12 3 1 0 3 0 0 2 2 1  708    4 
12 3 3 3 1 0 1 4 4 1  682    5 
12 3 2 2 2 1 1 3 3 1  754    5 
12 3 0 0 0 1 1 1 1 1 1070    5 
12 3 0 0 0 1 1 1 1 1  541    5 
12 3 0 3 2 0 0 1 1 1  818    4 
12 3 2 2 0 0 1 3 3 1 1892    4 
12 3 3 3 1 0 1 4 4 1  623    4 
12 3 0 3 2 0 0 1 1 1  761    5 
12 3 3 2 3 1 0 4 4 1 1765    4 
12 3 0 3 2 0 0 1 1 1  790    4 
12 3 1 0 1 1 0 2 2 1  985    4 
12 3 0 0 0 1 1 1 1 1  723    4 
12 3 2 1 2 1 0 3 3 1  817    5 
12 3 3 2 3 1 0 4 4 1  707    4 
12 3 1 0 1 1 0 2 2 1 1953    4 
12 3 2 1 2 1 0 3 3 1  738    4 
12 3 0 3 0 1 0 1 1 1  670    4 
12 3 3 3 3 1 1 4 4 1 1262    4 
12 3 0 3 0 1 0 1 1 1  588    5 
12 3 0 0 2 0 1 1 1 1  560    4 
12 3 3 2 1 0 0 4 4 1 1020    4 
12 3 1 1 1 1 1 2 2 1 2701    5 
12 3 0 3 0 1 0 1 1 1  534    4 
12 3 0 3 0 1 0 1 1 1  684    4 
12 3 3 2 3 1 0 4 4 1  755    4 
12 3 2 1 0 0 0 3 3 1  759    4 
12 3 2 2 0 0 1 3 4 0  579    4 
12 3 3 3 3 1 1 4 4 1  532    4 
12 3 2 2 0 0 1 3 3 1  514    4 
12 3 1 0 1 1 0 2 2 1  873    4 
12 3 2 1 2 1 0 3 3 1 1848    4 
12 3 3 3 1 0 1 4 4 1  998    4 
12 3 3 2 3 1 0 4 4 1  575    4 
12 3 3 3 3 1 1 4 4 1  459    4 
12 3 0 3 2 0 0 1 1 1  604    4 
12 3 1 0 1 1 0 2 1 0  503    4 
12 3 0 0 2 0 1 1 1 1  867    4 
12 3 2 1 0 0 0 3 3 1  866    4 
12 3 2 2 0 0 1 3 3 1  890    4 
12 3 3 2 3 1 0 4 4 1 1712    4 
12 3 3 3 1 0 1 4 4 1  539    4 
12 3 3 2 3 1 0 4 4 1  721    4 
12 3 2 2 2 1 1 3 3 1 1222    5 
12 3 0 0 2 0 1 1 1 1  942    4 
12 3 1 1 3 0 1 2 2 1 2754    4 
12 3 0 3 2 0 0 1 1 1  761    5 
12 3 0 3 2 0 0 1 1 1  589    4 
12 3 0 3 2 0 0 1 1 1  488    5 
12 3 2 2 2 1 1 3 3 1  703    4 
12 3 1 1 3 0 1 2 2 1  974    4 
12 3 0 3 2 0 0 1 1 1 1640    5 
12 3 2 2 2 1 1 3 3 1  662    5 
12 3 0 0 2 0 1 1 1 1  535    4 
12 3 0 0 0 1 1 1 1 1  645    4 
12 3 2 2 0 0 1 3 3 1  638    4 
12 3 2 2 2 1 1 3 3 1  527    5 
12 3 1 1 3 0 1 2 2 1 1077    4 
12 3 2 2 2 1 1 3 3 1 1059    4 
12 3 1 0 3 0 0 2 2 1  898    4 
12 3 0 0 0 1 1 1 1 1  864    4 
12 3 3 3 3 1 1 4 4 1  736    5 
12 3 2 1 0 0 0 3 3 1  869    5 
12 3 1 1 1 1 1 2 2 1 1397    5 
12 3 3 3 3 1 1 4 4 1  693    5 
12 3 0 0 2 0 1 1 1 1  628    4 
12 3 1 0 1 1 0 2 2 1 1158    4 
12 3 2 2 2 1 1 3 3 1 1785    5 
12 3 2 1 2 1 0 3 3 1  681    5 
12 3 1 1 3 0 1 2 4 0  600    5 
12 3 0 0 2 0 1 1 1 1  625    4 
12 3 1 1 1 1 1 2 2 1  699    4 
12 3 3 3 3 1 1 4 4 1 1217    5 
12 3 0 3 2 0 0 1 1 1  754    4 
12 3 2 1 2 1 0 3 3 1 1398    4 
12 3 0 3 0 1 0 1 1 1  551    5 
12 3 2 1 0 0 0 3 4 0  740    4 
12 3 0 0 0 1 1 1 1 1  606    4 
12 3 3 3 1 0 1 4 4 1  753    5 
12 3 2 2 2 1 1 3 3 1  725    4 
12 3 3 2 3 1 0 4 4 1 1347    4 
12 3 0 3 0 1 0 1 1 1  622    4 
12 3 1 1 1 1 1 2 2 1 1367    5 
12 3 1 0 1 1 0 2 2 1  922    4 
12 3 3 2 1 0 0 4 4 1 1246    4 
12 3 0 0 0 1 1 1 1 1  550    4 
12 3 2 1 0 0 0 3 3 1 1315    4 
12 3 1 1 3 0 1 2 2 1  911    4 
12 3 2 1 2 1 0 3 3 1 1061    4 
12 3 3 3 1 0 1 4 4 1  844    5 
12 3 3 3 1 0 1 4 4 1  484    4 
12 3 0 3 2 0 0 1 1 1  620    4 
12 3 1 0 3 0 0 2 2 1  806    5 
12 3 0 3 0 1 0 1 1 1  624    4 
12 3 1 0 3 0 0 2 2 1  706    5 
12 3 3 3 3 1 1 4 4 1  792    5 
12 3 1 0 1 1 0 2 2 1  922    4 
12 3 0 3 0 1 0 1 1 1  639    4 
12 3 0 3 2 0 0 1 1 1  544    4 
12 3 3 2 1 0 0 4 4 1  902    5 
12 3 1 1 1 1 1 2 2 1 1204    4 
12 3 1 1 3 0 1 2 2 1  613    4 
12 3 1 1 3 0 1 2 2 1  472    5 
12 3 2 1 0 0 0 3 3 1 1088    5 
12 3 1 0 1 1 0 2 2 1 1037    5 
12 3 0 3 0 1 0 1 1 1 1269    4 
12 3 3 3 1 0 1 4 4 1  740    5 
12 3 2 1 0 0 0 3 3 1 1232    5 
12 3 1 1 1 1 1 2 3 0 1064    4 
12 3 2 2 0 0 1 3 3 1 1421    4 
12 3 3 3 1 0 1 4 4 1  861    4 
12 3 3 3 1 0 1 4 4 1  468    4 
12 3 0 3 2 0 0 1 1 1  597    5 
12 3 2 1 0 0 0 3 3 1 1193    4 
12 3 0 0 0 1 1 1 1 1  594    5 
12 3 2 2 0 0 1 3 3 1  821    4 
12 3 1 0 3 0 0 2 2 1 1278    4 
12 3 1 0 3 0 0 2 2 1  844    4 
12 3 0 3 0 1 0 1 1 1 1340    4 
12 3 3 3 1 0 1 4 4 1 1143    4 
12 3 2 2 2 1 1 3 3 1 2451    5 
12 3 0 0 2 0 1 1 1 1  566    4 
12 3 2 1 2 1 0 3 3 1 1923    5 
12 3 3 3 1 0 1 4 4 1  709    5 
12 3 0 0 0 1 1 1 1 1  532    5 
12 3 2 1 0 0 0 3 4 0  714    4 
12 3 3 2 1 0 0 4 4 1  797    5 
12 3 1 1 1 1 1 2 2 1  864    4 
12 3 2 2 0 0 1 3 3 1 3343    4 
12 3 3 3 3 1 1 4 4 1  621    4 
12 3 3 3 3 1 1 4 4 1  726    5 
12 3 1 0 3 0 0 2 2 1 1036    4 
12 3 3 3 1 0 1 4 4 1 1164    4 
12 3 2 1 0 0 0 3 3 1 1095    4 
12 3 0 3 2 0 0 1 1 1  741    4 
12 3 1 1 3 0 1 2 2 1 1002    4 
12 3 1 1 1 1 1 2 2 1  548    4 
12 3 1 0 3 0 0 2 2 1  881    4 
12 3 1 1 1 1 1 2 2 1  864    4 
12 3 1 1 1 1 1 2 2 1  520    5 
12 3 3 2 1 0 0 4 4 1  774    4 
12 3 2 2 2 1 1 3 3 1  785    4 
12 3 3 3 3 1 1 4 4 1 1852    4 
12 3 1 1 1 1 1 2 2 1  770    4 
12 3 2 1 2 1 0 3 3 1  797    4 
12 4 0 0 0 1 1 1 1 1 1083    4 
12 4 1 1 1 1 1 2 2 1 2425    4 
12 4 0 1 3 0 0 1 1 1  989    4 
12 4 0 0 3 0 1 1 1 1  679    5 
12 4 2 2 1 0 1 3 3 1  831    4 
12 4 2 3 1 0 0 3 3 1  856    5 
12 4 2 3 1 0 0 3 3 1  528    5 
12 4 1 2 0 0 0 2 2 1 1006    5 
12 4 3 0 3 1 0 4 4 1  759    4 
12 4 0 0 3 0 1 1 1 1  731    4 
12 4 1 2 0 0 0 2 2 1  912    4 
12 4 2 2 1 0 1 3 2 0  966    4 
12 4 3 0 2 0 0 4 4 1  823    4 
12 4 2 3 1 0 0 3 3 1 1080    4 
12 4 0 0 0 1 1 1 1 1  702    4 
12 4 2 2 2 1 1 3 3 1  909    4 
12 4 0 0 3 0 1 1 1 1  642    4 
12 4 1 1 0 0 1 2 2 1  739    4 
12 4 0 1 3 0 0 1 1 1  816    5 
12 4 1 1 0 0 1 2 2 1  682    4 
12 4 1 2 0 0 0 2 2 1  930    5 
12 4 1 1 1 1 1 2 2 1 1318    4 
12 4 3 0 2 0 0 4 4 1  811    4 
12 4 3 3 2 0 1 4 4 1  541    5 
12 4 3 0 2 0 0 4 4 1  994    4 
12 4 3 3 3 1 1 4 4 1  556    4 
12 4 2 3 2 1 0 3 3 1  536    4 
12 4 2 2 2 1 1 3 3 1  654    4 
12 4 3 3 2 0 1 4 4 1  638    4 
12 4 0 1 3 0 0 1 1 1  663    4 
12 4 3 3 3 1 1 4 4 1 1343    5 
12 4 0 1 3 0 0 1 1 1  674    4 
12 4 0 1 3 0 0 1 1 1  634    4 
12 4 3 3 3 1 1 4 4 1  636    5 
12 4 1 1 1 1 1 2 2 1  901    4 
12 4 3 0 2 0 0 4 4 1  812    5 
12 4 0 1 0 1 0 1 1 1  749    4 
12 4 1 1 1 1 1 2 4 0  642    4 
12 4 0 0 3 0 1 1 1 1  656    5 
12 4 0 1 3 0 0 1 1 1  713    5 
12 4 3 0 2 0 0 4 4 1 1063    4 
12 4 1 2 1 1 0 2 2 1  710    4 
12 4 2 2 1 0 1 3 3 1 1012    5 
12 4 3 3 3 1 1 4 4 1  717  109 
12 4 0 1 3 0 0 1 1 1  659    5 
12 4 1 1 0 0 1 2 2 1 1276    5 
12 4 1 2 1 1 0 2 2 1 1010    5 
12 4 3 3 3 1 1 4 4 1 1099    4 
12 4 1 1 0 0 1 2 2 1 1448    5 
12 4 0 0 0 1 1 1 1 1  567    5 
12 4 3 3 2 0 1 4 4 1 1228    4 
12 4 0 0 0 1 1 1 1 1  524    5 
12 4 1 2 1 1 0 2 2 1  778    5 
12 4 1 1 1 1 1 2 2 1  549    5 
12 4 3 0 3 1 0 4 4 1  626    4 
12 4 1 1 0 0 1 2 2 1  732    4 
12 4 2 2 1 0 1 3 3 1  689    5 
12 4 3 3 3 1 1 4 2 0  496    4 
12 4 1 2 1 1 0 2 2 1  917    4 
12 4 2 2 1 0 1 3 3 1  938    4 
12 4 2 3 1 0 0 3 3 1 1055    4 
12 4 0 1 0 1 0 1 1 1  766    4 
12 4 3 0 2 0 0 4 4 1  714    4 
12 4 2 3 1 0 0 3 3 1  960    4 
12 4 1 2 1 1 0 2 2 1  835    4 
12 4 1 1 0 0 1 2 2 1 1324    4 
12 4 1 1 0 0 1 2 2 1  472    4 
12 4 2 2 1 0 1 3 3 1  656    4 
12 4 0 1 3 0 0 1 1 1  664    4 
12 4 2 3 2 1 0 3 3 1  729    5 
12 4 2 3 1 0 0 3 3 1  774    4 
12 4 0 1 0 1 0 1 1 1  537    4 
12 4 1 2 1 1 0 2 2 1  743    5 
12 4 2 3 2 1 0 3 3 1  739    4 
12 4 0 0 0 1 1 1 1 1  512    4 
12 4 1 2 1 1 0 2 2 1  735    5 
12 4 1 2 1 1 0 2 2 1  580    4 
12 4 2 3 2 1 0 3 3 1 1096    5 
12 4 2 2 1 0 1 3 3 1  646    4 
12 4 0 0 3 0 1 1 1 1  567    5 
12 4 0 1 0 1 0 1 1 1  483    4 
12 4 0 1 3 0 0 1 1 1  460    4 
12 4 0 0 3 0 1 1 1 1  685    5 
12 4 0 1 3 0 0 1 1 1  508    5 
12 4 0 1 3 0 0 1 1 1  483    4 
12 4 0 0 0 1 1 1 1 1  571    4 
12 4 3 3 2 0 1 4 4 1  647    4 
12 4 2 2 2 1 1 3 3 1  640    5 
12 4 2 2 2 1 1 3 3 1  681    4 
12 4 2 3 1 0 0 3 3 1  849    4 
12 4 2 2 1 0 1 3 3 1  489    5 
12 4 0 0 0 1 1 1 1 1  592    4 
12 4 0 1 3 0 0 1 1 1  716  270 
12 4 0 1 0 1 0 1 1 1  506    5 
12 4 1 1 1 1 1 2 2 1  560    4 
12 4 2 3 1 0 0 3 3 1  789    4 
12 4 2 2 1 0 1 3 3 1  456    5 
12 4 0 1 3 0 0 1 1 1  697    4 
12 4 1 1 1 1 1 2 2 1  951    4 
12 4 2 2 2 1 1 3 3 1  843    4 
12 4 0 0 0 1 1 1 1 1  604    4 
12 4 3 0 2 0 0 4 4 1  702    4 
12 4 0 0 3 0 1 1 1 1  637    4 
12 4 3 3 3 1 1 4 4 1  686    5 
12 4 2 3 2 1 0 3 3 1  661    4 
12 4 1 1 0 0 1 2 2 1  909    4 
12 4 3 0 3 1 0 4 4 1  747    4 
12 4 2 2 2 1 1 3 3 1 1040    4 
12 4 0 0 0 1 1 1 1 1  503    4 
12 4 1 1 0 0 1 2 2 1  710    5 
12 4 3 3 2 0 1 4 4 1  620    5 
12 4 2 3 1 0 0 3 3 1  902    4 
12 4 3 0 3 1 0 4 4 1  900    4 
12 4 3 0 3 1 0 4 4 1  531    4 
12 4 2 2 2 1 1 3 3 1 1697    4 
12 4 3 0 3 1 0 4 4 1  692    5 
12 4 3 3 2 0 1 4 4 1  563    4 
12 4 0 0 0 1 1 1 1 1  544    4 
12 4 1 2 1 1 0 2 2 1  933    4 
12 4 2 3 2 1 0 3 3 1  970   51 
12 4 1 1 1 1 1 2 2 1 1077    5 
12 4 3 3 3 1 1 4 4 1  724    4 
12 4 1 2 0 0 0 2 2 1  929    4 
12 4 3 0 3 1 0 4 4 1  926    4 
12 4 2 3 2 1 0 3 3 1  787    4 
12 4 0 1 3 0 0 1 1 1  613    4 
12 4 2 2 1 0 1 3 3 1 1128    4 
12 4 0 1 0 1 0 1 1 1  644    4 
12 4 2 3 2 1 0 3 3 1 1125    4 
12 4 1 1 1 1 1 2 2 1  761    4 
12 4 2 2 1 0 1 3 3 1 1517    5 
12 4 1 2 0 0 0 2 2 1  841    5 
12 4 2 3 1 0 0 3 3 1  777    4 
12 4 0 0 3 0 1 1 1 1  477    4 
12 4 1 2 0 0 0 2 2 1 1245    5 
12 4 3 3 3 1 1 4 4 1  772    4 
12 4 3 0 2 0 0 4 4 1  679    4 
12 4 1 1 0 0 1 2 2 1  719    4 
12 4 2 3 1 0 0 3 3 1  829    4 
12 4 0 0 0 1 1 1 1 1  534    5 
12 4 3 3 2 0 1 4 4 1  580    4 
12 4 3 0 3 1 0 4 4 1  528    4 
12 4 3 3 3 1 1 4 4 1  438    4 
12 4 1 2 0 0 0 2 2 1  968    4 
12 4 2 2 2 1 1 3 3 1  763    4 
12 4 1 2 1 1 0 2 2 1  679    4 
12 4 3 3 2 0 1 4 4 1  607    5 
12 4 2 2 2 1 1 3 3 1  953    4 
12 4 3 3 3 1 1 4 4 1 1493    5 
12 4 3 3 3 1 1 4 4 1  450    4 
12 4 1 2 0 0 0 2 2 1  739    5 
12 4 2 3 1 0 0 3 3 1 1408    5 
12 4 3 0 2 0 0 4 2 0  664    4 
12 4 3 3 3 1 1 4 4 1  550    4 
12 4 1 2 0 0 0 2 2 1 1811    4 
12 4 0 0 0 1 1 1 1 1  626    4 
12 4 0 0 0 1 1 1 1 1  508    5 
12 4 3 0 2 0 0 4 4 1  658    4 
12 4 3 3 2 0 1 4 4 1  467    5 
12 4 1 1 1 1 1 2 2 1  620    4 
12 4 0 1 3 0 0 1 3 0  661    4 
12 4 0 0 3 0 1 1 1 1  563    4 
12 4 3 0 3 1 0 4 4 1  639    5 
12 4 3 0 2 0 0 4 4 1  640    4 
12 4 1 2 0 0 0 2 2 1  817    4 
12 4 1 1 1 1 1 2 2 1  595    4 
12 4 3 0 3 1 0 4 4 1  598    4 
12 4 2 2 2 1 1 3 3 1 1050    4 
12 4 1 1 1 1 1 2 2 1  777    4 
12 4 1 2 0 0 0 2 2 1 2949    4 
12 4 3 3 2 0 1 4 4 1  723    4 
12 4 2 2 1 0 1 3 3 1  856    4 
12 4 1 2 0 0 0 2 2 1 1008    4 
12 4 1 2 1 1 0 2 2 1  705    4 
12 4 1 1 1 1 1 2 2 1  799    5 
12 4 3 3 2 0 1 4 4 1 2074    5 
12 4 0 1 0 1 0 1 1 1 1013    4 
12 4 0 1 3 0 0 1 1 1  486    4 
12 4 3 3 3 1 1 4 4 1  646    5 
12 4 2 3 2 1 0 3 3 1  759    5 
12 4 1 2 1 1 0 2 2 1  731    4 
12 4 2 3 2 1 0 3 3 1 1088    5 
12 4 0 1 0 1 0 1 1 1  702    4 
12 4 2 3 2 1 0 3 3 1 1957    4 
12 4 0 1 0 1 0 1 1 1  533    5 
12 4 1 1 1 1 1 2 2 1  939    5 
12 4 3 0 3 1 0 4 4 1  727    4 
12 4 2 2 2 1 1 3 3 1  917    4 
12 4 0 1 3 0 0 1 1 1  610    4 
12 4 2 2 1 0 1 3 3 1  749    5 
12 4 3 3 3 1 1 4 4 1  545    4 
12 4 2 3 1 0 0 3 3 1  927    5 
