18 1 0 0 3 0 1 1 1 1 1774    4 
18 1 0 0 3 0 1 1 1 1  414    5 
18 1 1 0 1 1 0 2 1 0  393    4 
18 1 3 3 2 0 1 4 4 1 1298    4 
18 1 0 0 0 1 1 1 1 1  551    4 
18 1 0 0 0 1 1 1 1 1  405    4 
18 1 2 2 2 1 1 3 3 1  808    4 
18 1 0 0 3 0 1 1 3 0  450    4 
18 1 2 1 1 0 0 3 3 1 1049    4 
18 1 1 1 1 1 1 2 2 1 1080    5 
18 1 2 1 2 1 0 3 3 1  639    4 
18 1 3 3 2 0 1 4 4 1  656    4 
18 1 3 2 2 0 0 4 4 1  616    4 
18 1 0 0 3 0 1 1 1 1  578    4 
18 1 3 2 2 0 0 4 4 1  758    5 
18 1 1 1 1 1 1 2 2 1 1074    4 
18 1 0 0 0 1 1 1 1 1  537    4 
18 1 3 3 3 1 1 4 4 1  902    5 
18 1 2 1 2 1 0 3 3 1 1004    4 
18 1 3 2 2 0 0 4 4 1  766    4 
18 1 0 3 0 1 0 1 1 1  593    5 
18 1 2 1 1 0 0 3 3 1  773    5 
18 1 0 0 0 1 1 1 1 1  520    4 
18 1 3 3 3 1 1 4 4 1  518    5 
18 1 3 3 3 1 1 4 4 1  365    4 
18 1 3 2 3 1 0 4 4 1  746    4 
18 1 1 1 0 0 1 2 2 1 1159    4 
18 1 2 1 2 1 0 3 3 1  993    4 
18 1 0 3 3 0 0 1 1 1  667    4 
18 1 1 1 1 1 1 2 2 1 1132    4 
18 1 0 3 3 0 0 1 1 1  688    4 
18 1 2 2 2 1 1 3 3 1  575    4 
18 1 2 1 2 1 0 3 3 1  467    4 
18 1 2 2 2 1 1 3 3 1  788    4 
18 1 1 1 1 1 1 2 2 1  542    4 
18 1 3 2 2 0 0 4 1 0  891    4 
18 1 0 3 0 1 0 1 1 1  479    4 
18 1 3 3 2 0 1 4 4 1  599    4 
18 1 3 2 3 1 0 4 4 1  546    4 
18 1 1 0 1 1 0 2 2 1  808    4 
18 1 3 3 2 0 1 4 4 1  577    4 
18 1 3 2 3 1 0 4 4 1  509    5 
18 1 0 0 3 0 1 1 1 1  564    4 
18 1 0 3 0 1 0 1 1 1  737    4 
18 1 2 1 2 1 0 3 3 1  709    4 
18 1 0 0 0 1 1 1 1 1  548    4 
18 1 2 1 2 1 0 3 3 1  761    4 
18 1 1 0 0 0 0 2 1 0  549    4 
18 1 3 2 2 0 0 4 4 1 1015    4 
18 1 3 3 2 0 1 4 4 1  433    5 
18 1 3 2 3 1 0 4 4 1  539    4 
18 1 3 2 2 0 0 4 4 1  432    4 
18 1 2 1 1 0 0 3 2 0  659    4 
18 1 1 1 1 1 1 2 2 1  504    5 
18 1 2 1 1 0 0 3 3 1  759    4 
18 1 2 1 1 0 0 3 3 1  523    4 
18 1 1 1 1 1 1 2 2 1  617    5 
18 1 2 1 1 0 0 3 3 1  635    5 
18 1 3 3 2 0 1 4 4 1  685    5 
18 1 2 2 1 0 1 3 3 1  981    4 
18 1 1 0 0 0 0 2 1 0  551    5 
18 1 3 3 2 0 1 4 4 1  618    4 
18 1 0 3 0 1 0 1 1 1  588    4 
18 1 2 2 1 0 1 3 3 1  952    4 
18 1 0 3 0 1 0 1 1 1  700    4 
18 1 2 2 1 0 1 3 3 1  955    4 
18 1 0 0 0 1 1 1 1 1  518    5 
18 1 0 3 3 0 0 1 1 1  525    4 
18 1 2 1 1 0 0 3 3 1  643    5 
18 1 1 1 0 0 1 2 1 0  556    5 
18 1 1 0 0 0 0 2 2 1  966    5 
18 1 0 0 0 1 1 1 1 1  577    4 
18 1 1 1 1 1 1 2 2 1  709    4 
18 1 0 0 0 1 1 1 1 1  499    4 
18 1 1 0 1 1 0 2 2 1  666    4 
18 1 0 3 3 0 0 1 1 1  715    5 
18 1 1 0 1 1 0 2 2 1  753    5 
18 1 1 1 0 0 1 2 1 0  477    4 
18 1 0 0 3 0 1 1 1 1  490    4 
18 1 3 2 2 0 0 4 4 1  834    5 
18 1 2 1 1 0 0 3 3 1  915    4 
18 1 1 1 1 1 1 2 2 1  624    5 
18 1 3 3 3 1 1 4 4 1  594    4 
18 1 1 0 0 0 0 2 2 1 1253    4 
18 1 0 0 0 1 1 1 1 1 1148    5 
18 1 2 1 1 0 0 3 3 1  720    4 
18 1 2 1 1 0 0 3 3 1  605    4 
18 1 3 2 3 1 0 4 4 1  736    5 
18 1 1 0 0 0 0 2 2 1  981    4 
18 1 2 2 1 0 1 3 3 1  976    4 
18 1 2 2 1 0 1 3 3 1  443    4 
18 1 0 0 3 0 1 1 1 1  580    4 
18 1 0 0 0 1 1 1 1 1  448    5 
18 1 1 0 1 1 0 2 4 0 1146    4 
18 1 3 2 2 0 0 4 4 1  634    5 
18 1 2 1 2 1 0 3 3 1  996    4 
18 1 0 0 3 0 1 1 1 1  694    4 
18 1 0 0 0 1 1 1 1 1  589    4 
18 1 3 2 3 1 0 4 4 1  600    4 
18 1 0 0 3 0 1 1 1 1  979    4 
18 1 1 0 1 1 0 2 2 1  758    4 
18 1 3 2 3 1 0 4 4 1  554    4 
18 1 1 0 1 1 0 2 2 1 1047    5 
18 1 3 3 2 0 1 4 4 1  590    5 
18 1 2 1 2 1 0 3 3 1  770    4 
18 1 0 3 3 0 0 1 1 1  725    5 
18 1 2 2 1 0 1 3 4 0  618    4 
18 1 1 0 0 0 0 2 3 0  898    5 
18 1 1 1 0 0 1 2 2 1  686    4 
18 1 0 0 3 0 1 1 1 1  629    4 
18 1 3 3 2 0 1 4 4 1  759    4 
18 1 1 1 0 0 1 2 1 0  715    4 
18 1 0 3 0 1 0 1 1 1  662    4 
18 1 1 0 0 0 0 2 2 1  783    4 
18 1 0 3 3 0 0 1 1 1  802    4 
18 1 0 3 3 0 0 1 1 1  564    4 
18 1 1 0 1 1 0 2 2 1  857    4 
18 1 2 1 2 1 0 3 3 1 1009    4 
18 1 0 0 3 0 1 1 1 1  626   65 
18 1 3 3 2 0 1 4 4 1  556    4 
18 1 1 0 0 0 0 2 1 0  624    4 
18 1 0 3 0 1 0 1 1 1  607    4 
18 1 3 3 2 0 1 4 4 1  610    5 
18 1 0 3 0 1 0 1 1 1  572    4 
18 1 1 0 1 1 0 2 2 1  880    5 
18 1 2 1 1 0 0 3 3 1  679    5 
18 1 2 2 2 1 1 3 3 1  510    4 
18 1 3 3 2 0 1 4 4 1  565    4 
18 1 0 0 0 1 1 1 1 1 1610    5 
18 1 0 0 0 1 1 1 1 1  393    5 
18 1 2 1 1 0 0 3 3 1  693    5 
18 1 0 0 0 1 1 1 1 1  460    5 
18 1 2 2 2 1 1 3 3 1  461   55 
18 1 3 3 3 1 1 4 4 1  470    4 
18 1 3 3 2 0 1 4 4 1  366    5 
18 1 3 3 2 0 1 4 4 1  379    4 
18 1 2 1 2 1 0 3 2 0  752    5 
18 1 2 2 2 1 1 3 3 1  546    4 
18 1 2 2 2 1 1 3 3 1  367    4 
18 1 2 1 2 1 0 3 3 1  660    4 
18 1 2 1 1 0 0 3 3 1  564    8 
18 1 0 0 0 1 1 1 1 1  521    4 
18 1 1 1 0 0 1 2 2 1  935    5 
18 1 1 0 1 1 0 2 2 1 1012    4 
18 1 2 2 1 0 1 3 3 1  837    5 
18 1 0 3 0 1 0 1 1 1  797    4 
18 1 3 2 2 0 0 4 4 1  592    4 
18 1 1 0 1 1 0 2 2 1  755    5 
18 1 0 0 3 0 1 1 1 1 1087    4 
18 1 0 3 3 0 0 1 1 1  525    5 
18 1 3 2 2 0 0 4 4 1  771    4 
18 1 1 1 1 1 1 2 2 1 1014    4 
18 1 3 3 2 0 1 4 4 1  863    4 
18 1 1 0 0 0 0 2 2 1 1079    4 
18 1 3 2 2 0 0 4 4 1  557    4 
18 1 0 0 0 1 1 1 1 1  546    4 
18 1 2 2 2 1 1 3 3 1  943    4 
18 1 2 1 1 0 0 3 3 1  571    4 
18 1 3 2 3 1 0 4 4 1 1015    4 
18 1 2 1 2 1 0 3 4 0  545    5 
18 1 3 2 2 0 0 4 4 1  803    5 
18 1 3 2 2 0 0 4 4 1  429    4 
18 1 3 2 3 1 0 4 4 1  487    5 
18 1 1 1 0 0 1 2 2 1  743    4 
18 1 3 2 3 1 0 4 4 1  491    5 
18 1 1 0 1 1 0 2 2 1  819    4 
18 1 2 1 2 1 0 3 3 1  621    4 
18 1 3 3 2 0 1 4 4 1  567    5 
18 1 2 2 1 0 1 3 3 1  627    5 
18 1 3 3 3 1 1 4 4 1  429    5 
18 1 1 1 0 0 1 2 1 0  551    4 
18 1 1 1 1 1 1 2 2 1  882    4 
18 1 3 3 3 1 1 4 4 1  505    5 
18 1 2 2 1 0 1 3 3 1  543    4 
18 1 2 1 1 0 0 3 3 1  725    4 
18 1 1 1 0 0 1 2 2 1  818    5 
18 1 1 1 1 1 1 2 2 1  436    4 
18 1 2 1 2 1 0 3 2 0  518    4 
18 1 3 3 2 0 1 4 4 1  666    4 
18 1 1 1 1 1 1 2 2 1  690    5 
18 1 0 0 0 1 1 1 1 1  593    5 
18 1 1 1 1 1 1 2 4 0  580    4 
18 1 0 3 3 0 0 1 1 1  733    4 
18 1 2 1 2 1 0 3 3 1  635    4 
18 1 3 3 2 0 1 4 4 1  620    4 
18 1 1 0 1 1 0 2 2 1  582    5 
18 1 2 1 2 1 0 3 3 1  626    4 
18 1 0 3 3 0 0 1 1 1  644    4 
18 1 1 1 1 1 1 2 2 1  525    4 
18 1 1 1 0 0 1 2 2 1  467    4 
18 1 1 1 1 1 1 2 2 1  420    4 
18 1 1 0 1 1 0 2 2 1  806    4 
18 2 3 3 2 0 1 4 4 1 2323    4 
18 2 3 1 2 0 0 4 4 1  724    4 
18 2 2 2 1 0 1 3 2 0  545    4 
18 2 1 1 0 0 1 2 2 1  476    5 
18 2 1 3 1 1 0 2 2 1  780    5 
18 2 1 3 1 1 0 2 2 1  615    4 
18 2 0 2 0 1 0 1 1 1  754    5 
18 2 1 1 1 1 1 2 2 1  758    4 
18 2 0 0 3 0 1 1 1 1  610    4 
18 2 3 3 3 1 1 4 4 1  700    4 
18 2 3 1 3 1 0 4 4 1  483    4 
18 2 1 1 1 1 1 2 2 1  739    4 
18 2 1 3 1 1 0 2 4 0  632    5 
18 2 1 1 1 1 1 2 2 1  583    4 
18 2 1 1 1 1 1 2 2 1  419    4 
18 2 0 0 3 0 1 1 1 1  557    4 
18 2 2 2 1 0 1 3 3 1  706    5 
18 2 2 2 1 0 1 3 3 1  456    4 
18 2 0 2 3 0 0 1 1 1  721    4 
18 2 3 3 2 0 1 4 4 1  614    4 
18 2 2 0 2 1 0 3 3 1 1081    4 
18 2 3 1 2 0 0 4 4 1  663    4 
18 2 0 2 0 1 0 1 1 1  687    4 
18 2 3 3 3 1 1 4 4 1  494    4 
18 2 2 2 2 1 1 3 3 1  446    4 
18 2 3 1 2 0 0 4 4 1  583    5 
18 2 0 0 3 0 1 1 1 1  523    4 
18 2 3 3 3 1 1 4 4 1  497    4 
18 2 1 1 1 1 1 2 2 1  465    4 
18 2 0 0 0 1 1 1 1 1  514    4 
18 2 1 1 1 1 1 2 2 1  488    5 
18 2 3 1 3 1 0 4 4 1  576    5 
18 2 0 0 0 1 1 1 1 1  596    4 
18 2 1 3 1 1 0 2 2 1 1111    4 
18 2 1 3 1 1 0 2 2 1  684    4 
18 2 1 3 1 1 0 2 2 1  403    5 
18 2 2 0 1 0 0 3 3 1  998    4 
18 2 0 2 0 1 0 1 1 1  576    4 
18 2 1 3 0 0 0 2 4 0  644    4 
18 2 3 3 2 0 1 4 4 1  547    5 
18 2 0 0 0 1 1 1 1 1  528    4 
18 2 3 1 2 0 0 4 4 1  606    5 
18 2 3 1 3 1 0 4 4 1  512    4 
18 2 2 2 2 1 1 3 1 0  511    4 
18 2 3 3 3 1 1 4 4 1  659    4 
18 2 0 2 0 1 0 1 1 1  723    5 
18 2 3 3 2 0 1 4 4 1  553    4 
18 2 1 3 1 1 0 2 2 1 1157    5 
18 2 1 3 0 0 0 2 2 1  632    4 
18 2 3 3 3 1 1 4 4 1  706    5 
18 2 1 3 1 1 0 2 2 1  640    5 
18 2 3 3 2 0 1 4 4 1  697    4 
18 2 2 0 2 1 0 3 1 0  784    4 
18 2 2 2 1 0 1 3 1 0  640    5 
18 2 0 2 0 1 0 1 1 1 1063    4 
18 2 2 0 1 0 0 3 3 1  926    4 
18 2 1 3 1 1 0 2 2 1  731    4 
18 2 3 1 3 1 0 4 4 1  840    4 
18 2 2 0 1 0 0 3 1 0  608    4 
18 2 0 2 0 1 0 1 1 1  736    4 
18 2 2 2 2 1 1 3 3 1  733    5 
18 2 1 3 0 0 0 2 2 1  802    4 
18 2 1 1 0 0 1 2 1 0  677    4 
18 2 3 3 2 0 1 4 4 1  762    4 
18 2 1 1 1 1 1 2 2 1  678    5 
18 2 0 2 0 1 0 1 1 1  637    4 
18 2 0 0 0 1 1 1 1 1  638    5 
18 2 3 3 3 1 1 4 4 1  591    5 
18 2 0 2 0 1 0 1 1 1  562    4 
18 2 1 1 0 0 1 2 2 1  831    4 
18 2 0 2 3 0 0 1 1 1 1208    5 
18 2 2 0 1 0 0 3 4 0  857    4 
18 2 3 1 2 0 0 4 4 1  454    4 
18 2 2 0 1 0 0 3 1 0  943    5 
18 2 3 3 2 0 1 4 4 1  504    5 
18 2 3 1 2 0 0 4 4 1  591    4 
18 2 0 0 0 1 1 1 1 1 1170    4 
18 2 1 3 1 1 0 2 3 0  733    4 
18 2 3 1 2 0 0 4 4 1  591    4 
18 2 1 1 0 0 1 2 2 1  979    4 
18 2 0 2 0 1 0 1 1 1  613    4 
18 2 1 1 1 1 1 2 2 1 1128    5 
18 2 1 1 1 1 1 2 2 1  468    4 
18 2 0 2 3 0 0 1 1 1  693    5 
18 2 0 0 3 0 1 1 1 1  692    4 
18 2 1 3 1 1 0 2 2 1  962    5 
18 2 2 0 1 0 0 3 3 1  886    4 
18 2 2 0 1 0 0 3 3 1  589    4 
18 2 2 2 1 0 1 3 3 1  656    4 
18 2 3 3 3 1 1 4 4 1  520    4 
18 2 2 2 2 1 1 3 3 1  510    4 
18 2 0 0 0 1 1 1 1 1  613    4 
18 2 3 3 2 0 1 4 3 0  432    4 
18 2 3 3 2 0 1 4 4 1  511    4 
18 2 1 3 0 0 0 2 2 1 1182    5 
18 2 2 0 2 1 0 3 1 0  640    4 
18 2 3 3 2 0 1 4 4 1  534    5 
18 2 1 3 1 1 0 2 2 1  884    4 
18 2 2 0 2 1 0 3 3 1  763    4 
18 2 0 0 3 0 1 1 1 1  671    4 
18 2 1 3 1 1 0 2 2 1  895    4 
18 2 0 0 0 1 1 1 1 1 1069    5 
18 2 2 0 1 0 0 3 3 1  716    5 
18 2 0 0 0 1 1 1 1 1  802    4 
18 2 2 0 1 0 0 3 3 1  773    5 
18 2 1 1 0 0 1 2 2 1 1120    5 
18 2 3 3 2 0 1 4 4 1  621    4 
18 2 0 2 0 1 0 1 1 1  887    4 
18 2 2 2 1 0 1 3 3 1  949    4 
18 2 0 0 3 0 1 1 1 1  601    4 
18 2 1 3 1 1 0 2 2 1  908    5 
18 2 2 0 1 0 0 3 3 1  698    4 
18 2 0 2 0 1 0 1 2 0 1105    5 
18 2 1 1 1 1 1 2 2 1  579    4 
18 2 2 0 1 0 0 3 3 1 1039    4 
18 2 2 2 2 1 1 3 3 1  727    5 
18 2 2 0 2 1 0 3 3 1  548    4 
18 2 1 3 0 0 0 2 2 1 1641    4 
18 2 1 3 1 1 0 2 2 1  583    5 
18 2 2 2 1 0 1 3 3 1  539    5 
18 2 1 3 1 1 0 2 2 1  864    4 
18 2 2 0 2 1 0 3 3 1  624    5 
18 2 3 1 3 1 0 4 4 1  602    4 
18 2 0 0 3 0 1 1 1 1  541    4 
18 2 1 3 0 0 0 2 2 1  970    4 
18 2 0 2 0 1 0 1 1 1  749    5 
18 2 1 1 0 0 1 2 2 1 1106    4 
18 2 2 0 1 0 0 3 3 1 1023    4 
18 2 3 1 3 1 0 4 4 1  703    4 
18 2 3 1 2 0 0 4 4 1  461    4 
18 2 0 0 3 0 1 1 1 1  542    5 
18 2 0 0 3 0 1 1 1 1  484    4 
18 2 1 1 0 0 1 2 4 0  740    4 
18 2 1 1 1 1 1 2 2 1  582    4 
18 2 1 3 0 0 0 2 2 1 1018    4 
18 2 1 1 1 1 1 2 2 1  547    4 
18 2 0 2 0 1 0 1 1 1  744    5 
18 2 2 2 2 1 1 3 3 1  781    4 
18 2 2 0 1 0 0 3 3 1  800    4 
18 2 3 3 2 0 1 4 4 1  571    4 
18 2 0 0 0 1 1 1 1 1  511    4 
18 2 2 0 2 1 0 3 3 1  605    4 
18 2 0 0 0 1 1 1 1 1  512    5 
18 2 2 0 1 0 0 3 3 1  975    4 
18 2 2 2 2 1 1 3 3 1  673    4 
18 2 3 3 2 0 1 4 4 1  585    4 
18 2 3 1 2 0 0 4 4 1  437    4 
18 2 2 2 2 1 1 3 3 1  518    5 
18 2 3 1 2 0 0 4 4 1  517    4 
18 2 3 3 2 0 1 4 4 1  452    4 
18 2 0 2 3 0 0 1 1 1 1053    5 
18 2 2 2 1 0 1 3 3 1  885    4 
18 2 0 2 3 0 0 1 1 1  684    5 
18 2 3 1 2 0 0 4 4 1  516    4 
18 2 3 1 3 1 0 4 4 1  539    4 
18 2 2 0 1 0 0 3 3 1  776    4 
18 2 0 2 0 1 0 1 1 1  739    4 
18 2 1 3 0 0 0 2 2 1 1152    5 
18 2 2 2 1 0 1 3 3 1  867    5 
18 2 2 2 2 1 1 3 3 1  419    5 
18 2 3 3 3 1 1 4 4 1  509    4 
18 2 2 2 1 0 1 3 3 1  564    4 
18 2 1 1 0 0 1 2 1 0  633    4 
18 2 1 1 1 1 1 2 2 1  632    5 
18 2 0 0 3 0 1 1 1 1 1097    4 
18 2 1 1 0 0 1 2 1 0  591    4 
18 2 3 1 2 0 0 4 4 1  639    5 
18 2 0 0 0 1 1 1 1 1 1289    4 
18 2 0 2 0 1 0 1 1 1 1302    4 
18 2 0 0 3 0 1 1 1 1  691    4 
18 2 2 2 1 0 1 3 3 1 1433    4 
18 2 3 3 2 0 1 4 4 1  569    5 
18 2 2 0 1 0 0 3 3 1 1117    5 
18 2 2 0 1 0 0 3 3 1  554    4 
18 2 2 2 1 0 1 3 3 1  639    4 
18 2 3 3 3 1 1 4 4 1  512    4 
18 2 3 3 3 1 1 4 4 1  447    4 
18 2 3 1 2 0 0 4 4 1  440    4 
18 2 0 0 0 1 1 1 1 1  626    4 
18 2 3 3 2 0 1 4 4 1 1028    5 
18 2 3 3 3 1 1 4 4 1  404    4 
18 2 0 2 0 1 0 1 1 1  591    4 
18 2 0 0 0 1 1 1 1 1  442    4 
18 2 2 0 2 1 0 3 4 0 1068    4 
18 2 0 2 3 0 0 1 1 1  864    4 
18 2 1 1 0 0 1 2 2 1  736    5 
18 2 2 2 2 1 1 3 3 1  621    5 
18 2 2 0 2 1 0 3 3 1  575    4 
18 2 1 3 0 0 0 2 2 1 1027    5 
18 2 0 2 0 1 0 1 1 1  932    5 
18 2 0 2 3 0 0 1 1 1  584    4 
18 2 3 1 2 0 0 4 4 1  692    5 
18 3 2 2 3 0 1 3 3 1 1242    5 
18 3 2 2 2 1 1 3 3 1  441    4 
18 3 1 1 1 1 1 2 2 1  571    4 
18 3 2 0 3 0 0 3 1 0  735    5 
18 3 3 1 0 0 0 4 4 1  882    5 
18 3 1 1 2 0 1 2 2 1 1081    5 
18 3 3 1 0 0 0 4 4 1 1159    5 
18 3 0 2 0 1 0 1 1 1  802    5 
18 3 3 3 3 1 1 4 4 1  452    4 
18 3 0 2 1 0 0 1 1 1  717    4 
18 3 3 1 3 1 0 4 4 1  571    4 
18 3 2 2 3 0 1 3 3 1  919    4 
18 3 2 0 3 0 0 3 3 1  437    5 
18 3 3 1 0 0 0 4 4 1  518    4 
18 3 2 2 3 0 1 3 3 1  637    4 
18 3 1 3 1 1 0 2 2 1  830    5 
18 3 0 2 0 1 0 1 1 1  687    4 
18 3 1 3 2 0 0 2 2 1  910    4 
18 3 0 0 0 1 1 1 1 1  620    4 
18 3 2 2 2 1 1 3 3 1  565    4 
18 3 3 1 0 0 0 4 4 1  610    4 
18 3 3 1 0 0 0 4 4 1  540    4 
18 3 0 2 0 1 0 1 1 1  642    4 
18 3 1 1 2 0 1 2 2 1  779    4 
18 3 0 2 1 0 0 1 1 1  814    5 
18 3 2 2 2 1 1 3 3 1  712    4 
18 3 1 3 1 1 0 2 2 1 1214    4 
18 3 3 1 0 0 0 4 4 1  791    5 
18 3 0 0 0 1 1 1 1 1  769    5 
18 3 3 3 0 0 1 4 4 1  597    4 
18 3 0 0 0 1 1 1 1 1  448    4 
18 3 0 0 1 0 1 1 2 0  530    5 
18 3 3 1 0 0 0 4 4 1 1013    4 
18 3 3 1 0 0 0 4 4 1  486    4 
18 3 3 1 0 0 0 4 4 1  390    4 
18 3 2 2 3 0 1 3 1 0  594    4 
18 3 0 2 1 0 0 1 1 1  794    4 
18 3 2 0 3 0 0 3 3 1  661    4 
18 3 2 0 2 1 0 3 3 1  509    4 
18 3 1 1 2 0 1 2 2 1 1020    4 
18 3 1 1 1 1 1 2 2 1  517    5 
18 3 0 2 1 0 0 1 1 1  708    5 
18 3 3 3 3 1 1 4 4 1  562    4 
18 3 1 3 2 0 0 2 3 0 1231    4 
18 3 1 1 2 0 1 2 2 1  964    5 
18 3 2 0 3 0 0 3 3 1 1095    5 
18 3 1 1 1 1 1 2 2 1 1205    4 
18 3 0 0 0 1 1 1 1 1  573    4 
18 3 3 1 3 1 0 4 4 1  849    5 
18 3 1 1 2 0 1 2 2 1  706    4 
18 3 0 2 1 0 0 1 1 1 1168    5 
18 3 0 0 0 1 1 1 1 1  571    4 
18 3 1 3 1 1 0 2 2 1 1694    4 
18 3 3 3 0 0 1 4 4 1  650    5 
18 3 2 2 2 1 1 3 3 1  651    4 
18 3 2 0 2 1 0 3 3 1  572    5 
18 3 2 0 2 1 0 3 3 1  464    4 
18 3 2 0 2 1 0 3 3 1  449    5 
18 3 2 0 3 0 0 3 3 1  667    5 
18 3 0 0 1 0 1 1 1 1  827    5 
18 3 3 1 3 1 0 4 4 1  660    4 
18 3 2 0 3 0 0 3 3 1  668    4 
18 3 1 1 2 0 1 2 2 1  877    5 
18 3 2 2 2 1 1 3 3 1  588    5 
18 3 2 0 3 0 0 3 3 1  895    5 
18 3 1 3 2 0 0 2 2 1 1117    4 
18 3 1 1 1 1 1 2 2 1  602    5 
18 3 1 1 1 1 1 2 2 1  477    4 
18 3 0 0 1 0 1 1 1 1  765    4 
18 3 3 3 3 1 1 4 4 1  577    5 
18 3 1 3 2 0 0 2 2 1  981    4 
18 3 1 3 1 1 0 2 2 1  768    4 
18 3 1 1 1 1 1 2 2 1  588    5 
18 3 0 2 0 1 0 1 1 1 1159    5 
18 3 3 3 3 1 1 4 4 1  618    4 
18 3 1 3 1 1 0 2 2 1  852    4 
18 3 0 0 0 1 1 1 1 1  589    5 
18 3 1 1 1 1 1 2 2 1  776    4 
18 3 3 3 0 0 1 4 4 1 1115    4 
18 3 2 0 2 1 0 3 3 1  808    5 
18 3 3 3 0 0 1 4 4 1  594    5 
18 3 1 1 2 0 1 2 1 0  869    4 
18 3 1 3 2 0 0 2 2 1  818    4 
18 3 3 3 3 1 1 4 4 1  652    4 
18 3 2 0 2 1 0 3 3 1  909    5 
18 3 1 1 1 1 1 2 2 1  562    4 
18 3 1 1 1 1 1 2 2 1  415    4 
18 3 1 3 2 0 0 2 2 1  778    5 
18 3 0 0 0 1 1 1 1 1  541    5 
18 3 1 3 1 1 0 2 2 1  755    4 
18 3 3 1 3 1 0 4 4 1  655    4 
18 3 2 2 2 1 1 3 3 1  487    4 
18 3 0 0 1 0 1 1 2 0  518    5 
18 3 2 0 3 0 0 3 3 1  802    5 
18 3 0 2 1 0 0 1 1 1  973    4 
18 3 2 0 3 0 0 3 3 1 1472    4 
18 3 0 2 0 1 0 1 1 1  613    4 
18 3 0 2 0 1 0 1 1 1  479    4 
18 3 1 1 2 0 1 2 3 0  855    4 
18 3 0 2 0 1 0 1 1 1 1484    4 
18 3 3 1 0 0 0 4 4 1  722    4 
18 3 2 0 2 1 0 3 3 1  687    4 
18 3 0 2 0 1 0 1 1 1  486    4 
18 3 2 2 2 1 1 3 3 1  981    5 
18 3 1 3 1 1 0 2 2 1  752    4 
18 3 3 3 3 1 1 4 4 1  605    4 
18 3 3 1 3 1 0 4 4 1  655    5 
18 3 1 1 2 0 1 2 2 1  991    4 
18 3 2 0 3 0 0 3 3 1  713    5 
18 3 3 1 0 0 0 4 4 1  608    4 
18 3 3 3 0 0 1 4 4 1  530    4 
18 3 1 1 2 0 1 2 2 1  704    4 
18 3 0 2 1 0 0 1 1 1  742    4 
18 3 3 3 0 0 1 4 4 1  611    4 
18 3 2 0 2 1 0 3 3 1  805    4 
18 3 3 3 0 0 1 4 4 1  567    4 
18 3 1 3 1 1 0 2 2 1  844    4 
18 3 3 1 0 0 0 4 4 1  532    5 
18 3 0 0 0 1 1 1 1 1  554    4 
18 3 0 0 0 1 1 1 1 1  415    4 
18 3 2 0 3 0 0 3 3 1  842    4 
18 3 0 2 0 1 0 1 2 0  682    4 
18 3 3 1 3 1 0 4 4 1  671    5 
18 3 2 2 3 0 1 3 3 1  767    5 
18 3 3 3 3 1 1 4 4 1  539    5 
18 3 1 3 1 1 0 2 2 1 1008    4 
18 3 3 3 3 1 1 4 4 1  553    4 
18 3 3 1 0 0 0 4 4 1  566    4 
18 3 3 3 0 0 1 4 4 1  458    4 
18 3 2 0 2 1 0 3 3 1  635    4 
18 3 0 0 1 0 1 1 1 1  773    4 
18 3 1 1 1 1 1 2 2 1  608    5 
18 3 0 0 1 0 1 1 1 1  683    4 
18 3 0 2 0 1 0 1 1 1  858    4 
18 3 0 2 0 1 0 1 1 1  434    5 
18 3 2 2 3 0 1 3 3 1 1076    4 
18 3 1 3 1 1 0 2 2 1  675    4 
18 3 1 3 2 0 0 2 2 1  626    5 
18 3 0 2 0 1 0 1 1 1  612    5 
18 3 2 2 3 0 1 3 1 0  631    4 
18 3 0 2 0 1 0 1 1 1  693    5 
18 3 1 3 1 1 0 2 2 1  692    5 
18 3 2 2 3 0 1 3 3 1  803    5 
18 3 0 0 0 1 1 1 1 1  493    4 
18 3 1 1 1 1 1 2 2 1  573    4 
18 3 0 0 1 0 1 1 2 0  512    4 
18 3 3 1 3 1 0 4 4 1  788    4 
18 3 3 3 3 1 1 4 4 1  479    5 
18 3 1 3 2 0 0 2 2 1  927    4 
18 3 0 0 1 0 1 1 1 1  628    4 
18 3 0 0 1 0 1 1 1 1  526    5 
18 3 0 0 0 1 1 1 1 1  492    4 
18 3 0 2 1 0 0 1 1 1  971    4 
18 3 1 1 2 0 1 2 2 1  766    4 
18 3 1 3 2 0 0 2 2 1  706    4 
18 3 2 2 3 0 1 3 3 1  688    5 
18 3 2 0 3 0 0 3 3 1  599    4 
18 3 2 0 2 1 0 3 3 1  530    4 
18 3 1 1 2 0 1 2 2 1 1272    4 
18 3 3 1 0 0 0 4 4 1  830    5 
18 3 2 2 2 1 1 3 3 1 1007    4 
18 3 2 0 2 1 0 3 3 1  704    5 
18 3 2 2 2 1 1 3 3 1  646    4 
18 3 0 2 1 0 0 1 1 1 1359    4 
18 3 2 2 3 0 1 3 3 1  858    4 
18 3 1 3 2 0 0 2 2 1 1121    5 
18 3 0 0 1 0 1 1 1 1  749    4 
18 3 2 0 3 0 0 3 3 1 1346    5 
18 3 3 3 3 1 1 4 4 1  605    4 
18 3 3 3 3 1 1 4 4 1  471    4 
18 3 3 3 0 0 1 4 4 1  448    4 
18 3 1 1 1 1 1 2 2 1  897    4 
18 3 2 2 2 1 1 3 3 1  608    5 
18 3 3 3 3 1 1 4 4 1  618    4 
18 3 0 0 0 1 1 1 1 1  636    5 
18 3 3 3 3 1 1 4 4 1  589    4 
18 3 2 0 3 0 0 3 3 1  889    5 
18 3 2 2 2 1 1 3 3 1  807    4 
18 3 1 1 2 0 1 2 2 1  689    4 
18 3 3 3 0 0 1 4 4 1  520    5 
18 3 3 1 0 0 0 4 4 1  590    4 
18 3 1 3 2 0 0 2 4 0  409    5 
18 3 2 0 2 1 0 3 3 1  713    4 
18 3 2 0 2 1 0 3 3 1  439    4 
18 3 3 1 3 1 0 4 4 1  833    4 
18 3 3 3 0 0 1 4 4 1  450    5 
18 3 3 3 3 1 1 4 4 1  468    4 
18 3 0 2 1 0 0 1 1 1  837    4 
18 3 0 0 0 1 1 1 1 1  605    4 
18 3 1 1 1 1 1 2 2 1  839    4 
18 3 0 2 1 0 0 1 1 1 1080    4 
18 3 0 0 1 0 1 1 1 1  430    4 
18 4 3 1 3 1 0 4 4 1 2064    4 
18 4 1 3 1 1 0 2 2 1 1420    5 
18 4 2 2 2 1 1 3 3 1  572    4 
18 4 0 2 0 1 0 1 1 1  680    4 
18 4 2 2 2 1 1 3 3 1  599    4 
18 4 3 1 1 0 0 4 3 0  659    4 
18 4 0 2 2 0 0 1 1 1  672    5 
18 4 2 2 2 1 1 3 3 1  928    4 
18 4 3 3 1 0 1 4 4 1  764    4 
18 4 2 0 0 0 0 3 1 0  600    5 
18 4 0 0 0 1 1 1 1 1  441    5 
18 4 0 2 2 0 0 1 1 1  514    5 
18 4 3 3 1 0 1 4 4 1  649    5 
18 4 2 0 2 1 0 3 3 1  530    5 
18 4 0 0 2 0 1 1 3 0  448    4 
18 4 3 1 3 1 0 4 4 1  631    4 
18 4 1 1 1 1 1 2 2 1  841    4 
18 4 0 0 2 0 1 1 1 1  537    4 
18 4 1 1 3 0 1 2 2 1  775    4 
18 4 3 3 1 0 1 4 4 1  538    4 
18 4 1 3 3 0 0 2 2 1  807    5 
18 4 2 0 2 1 0 3 3 1  649    5 
18 4 0 0 0 1 1 1 1 1  578    5 
18 4 2 2 0 0 1 3 3 1 1254    5 
18 4 3 3 3 1 1 4 4 1  933    5 
18 4 1 1 1 1 1 2 2 1  554    4 
18 4 0 0 0 1 1 1 1 1  599    4 
18 4 2 0 2 1 0 3 3 1  770    4 
18 4 3 3 1 0 1 4 4 1  773    4 
18 4 3 1 3 1 0 4 4 1  712    4 
18 4 1 1 1 1 1 2 2 1  662    4 
18 4 3 1 3 1 0 4 4 1  607    4 
18 4 3 1 1 0 0 4 4 1  545    5 
18 4 0 2 0 1 0 1 1 1 1102    5 
18 4 0 2 2 0 0 1 1 1  516    4 
18 4 1 3 3 0 0 2 2 1  875    4 
18 4 2 2 0 0 1 3 3 1 1002    4 
18 4 1 1 3 0 1 2 2 1  780    5 
18 4 3 1 1 0 0 4 4 1  759    5 
18 4 2 2 2 1 1 3 3 1  547    4 
18 4 0 2 0 1 0 1 1 1  672    4 
18 4 1 3 1 1 0 2 3 0 1616    4 
18 4 3 1 3 1 0 4 4 1  741    5 
18 4 1 3 1 1 0 2 2 1  625    4 
18 4 3 1 1 0 0 4 4 1  651    5 
18 4 1 1 3 0 1 2 2 1  644    4 
18 4 0 0 0 1 1 1 1 1  533    4 
18 4 2 2 2 1 1 3 3 1  587    4 
18 4 0 2 2 0 0 1 1 1  894    4 
18 4 2 0 0 0 0 3 3 1  973    5 
18 4 2 2 0 0 1 3 3 1  527    5 
18 4 0 0 0 1 1 1 1 1  565    4 
18 4 1 1 1 1 1 2 2 1  634    4 
18 4 0 2 0 1 0 1 1 1  956    5 
18 4 1 3 1 1 0 2 2 1  975    4 
18 4 3 1 1 0 0 4 4 1  642    4 
18 4 2 0 2 1 0 3 3 1  675    5 
18 4 3 3 1 0 1 4 4 1  970    5 
18 4 0 2 0 1 0 1 1 1  685    5 
18 4 1 1 3 0 1 2 2 1  669    4 
18 4 2 0 0 0 0 3 3 1  693    5 
18 4 0 0 0 1 1 1 1 1  588    4 
18 4 2 2 0 0 1 3 3 1  751    4 
18 4 3 3 1 0 1 4 4 1  556    5 
18 4 0 2 2 0 0 1 1 1  672    4 
18 4 3 1 3 1 0 4 4 1  600    4 
18 4 1 1 3 0 1 2 1 0  579    5 
18 4 1 3 1 1 0 2 2 1  972    4 
18 4 3 3 3 1 1 4 4 1  479    4 
18 4 3 1 1 0 0 4 4 1  575    4 
18 4 3 3 3 1 1 4 4 1  427    5 
18 4 0 0 2 0 1 1 1 1  709    4 
18 4 3 3 1 0 1 4 4 1  579    4 
18 4 0 0 0 1 1 1 1 1 1351    4 
18 4 0 0 2 0 1 1 1 1  410    4 
18 4 0 0 0 1 1 1 1 1  429    5 
18 4 2 2 2 1 1 3 3 1  623    4 
18 4 1 1 3 0 1 2 2 1  673    4 
18 4 1 1 3 0 1 2 2 1  465    4 
18 4 0 0 0 1 1 1 1 1  618    4 
18 4 3 1 3 1 0 4 4 1  796    4 
18 4 1 3 3 0 0 2 2 1  919    5 
18 4 0 0 2 0 1 1 1 1  572    5 
18 4 2 0 0 0 0 3 3 1 1048    4 
18 4 2 0 0 0 0 3 3 1  568    4 
18 4 3 1 3 1 0 4 4 1  692    4 
18 4 2 2 0 0 1 3 1 0  611    5 
18 4 1 1 3 0 1 2 2 1  675    5 
18 4 1 3 3 0 0 2 2 1  699    4 
18 4 1 3 3 0 0 2 2 1  497    4 
18 4 0 0 2 0 1 1 1 1  641    5 
18 4 3 3 3 1 1 4 4 1 1154    5 
18 4 0 2 0 1 0 1 1 1  677    5 
18 4 2 2 0 0 1 3 3 1  677    4 
18 4 2 2 2 1 1 3 3 1  421    4 
18 4 1 3 3 0 0 2 2 1  887    4 
18 4 1 3 3 0 0 2 2 1  549    4 
18 4 1 1 3 0 1 2 2 1  482    4 
18 4 2 0 2 1 0 3 3 1  835    5 
18 4 3 1 1 0 0 4 1 0  788    4 
18 4 2 0 2 1 0 3 3 1  780    5 
18 4 0 0 0 1 1 1 1 1  503    4 
18 4 0 2 0 1 0 1 1 1  766    4 
18 4 3 1 1 0 0 4 4 1  618    4 
18 4 1 3 3 0 0 2 2 1  948   13 
18 4 3 1 1 0 0 4 4 1  896    5 
18 4 0 0 0 1 1 1 1 1  646    4 
18 4 2 2 0 0 1 3 3 1  503    4 
18 4 1 1 1 1 1 2 2 1  582    5 
18 4 0 2 0 1 0 1 4 0  698    5 
18 4 1 1 3 0 1 2 2 1  854    4 
18 4 3 3 1 0 1 4 4 1  766    4 
18 4 2 0 2 1 0 3 3 1  802    4 
18 4 1 3 1 1 0 2 2 1  756    4 
18 4 3 1 1 0 0 4 4 1  616    4 
18 4 0 0 0 1 1 1 1 1  627    4 
18 4 1 1 3 0 1 2 2 1  757    4 
18 4 2 2 2 1 1 3 3 1  577    5 
18 4 1 1 3 0 1 2 2 1  580    4 
18 4 3 1 3 1 0 4 4 1  640    5 
18 4 2 0 0 0 0 3 3 1  777    4 
18 4 3 1 3 1 0 4 4 1  557    4 
18 4 2 0 0 0 0 3 3 1  865    5 
18 4 2 0 0 0 0 3 3 1  561    4 
18 4 3 3 3 1 1 4 4 1  614    4 
18 4 2 2 2 1 1 3 3 1  592    5 
18 4 1 1 3 0 1 2 2 1  771    4 
18 4 1 3 1 1 0 2 2 1  830    5 
18 4 3 3 3 1 1 4 4 1  600    4 
18 4 1 1 3 0 1 2 1 0  555    5 
18 4 1 3 1 1 0 2 2 1  581    4 
18 4 2 0 0 0 0 3 3 1  560    4 
18 4 0 0 2 0 1 1 1 1  597    4 
18 4 0 2 0 1 0 1 3 0  560    4 
18 4 3 1 1 0 0 4 2 0  770    4 
18 4 3 1 3 1 0 4 4 1  659    4 
18 4 0 2 0 1 0 1 1 1  659    5 
18 4 2 2 2 1 1 3 3 1  627    4 
18 4 2 2 0 0 1 3 3 1 1317    5 
18 4 3 1 3 1 0 4 4 1  521    5 
18 4 0 0 0 1 1 1 1 1  551    4 
18 4 1 1 1 1 1 2 2 1  653    4 
18 4 1 3 3 0 0 2 2 1  685    4 
18 4 2 2 0 0 1 3 3 1  940    4 
18 4 1 3 1 1 0 2 2 1  761    5 
18 4 1 3 3 0 0 2 2 1  597    4 
18 4 2 0 2 1 0 3 1 0  592    5 
18 4 3 1 3 1 0 4 4 1  648    5 
18 4 3 3 3 1 1 4 4 1  449    5 
18 4 0 0 2 0 1 1 1 1  651    5 
18 4 3 3 1 0 1 4 4 1  972    5 
18 4 2 0 2 1 0 3 3 1  966    4 
18 4 2 2 2 1 1 3 3 1  450    5 
18 4 0 2 0 1 0 1 1 1  723    4 
18 4 1 1 1 1 1 2 2 1  753    4 
18 4 2 0 0 0 0 3 3 1  717    4 
18 4 3 3 3 1 1 4 4 1  507    4 
18 4 3 3 1 0 1 4 4 1  530    5 
18 4 2 2 0 0 1 3 3 1  888    4 
18 4 2 0 2 1 0 3 3 1  550    4 
18 4 0 2 0 1 0 1 1 1  819    4 
18 4 0 2 2 0 0 1 1 1 1125    4 
18 4 3 3 1 0 1 4 4 1  697    4 
18 4 3 1 1 0 0 4 4 1 1040    4 
18 4 1 1 3 0 1 2 2 1  616    4 
18 4 1 3 1 1 0 2 2 1  675    5 
18 4 2 0 0 0 0 3 3 1  762    4 
18 4 2 0 0 0 0 3 3 1  478  251 
18 4 1 3 3 0 0 2 2 1 1102    5 
18 4 3 3 1 0 1 4 4 1  804    4 
18 4 2 2 0 0 1 3 1 0  678    4 
18 4 2 2 2 1 1 3 3 1  531    4 
18 4 0 0 0 1 1 1 1 1  633    4 
18 4 1 3 1 1 0 2 2 1  698    4 
18 4 1 1 1 1 1 2 2 1  505    5 
18 4 3 1 1 0 0 4 4 1  632    4 
18 4 1 3 3 0 0 2 2 1  618    4 
18 4 0 2 2 0 0 1 1 1  636    4 
18 4 0 2 0 1 0 1 1 1  765    4 
18 4 3 1 3 1 0 4 4 1  777    5 
18 4 0 2 2 0 0 1 3 0  652    4 
18 4 1 1 1 1 1 2 2 1  627    4 
18 4 2 0 2 1 0 3 3 1  876    5 
18 4 0 2 2 0 0 1 1 1  795    4 
18 4 0 0 2 0 1 1 1 1  422    4 
18 4 1 1 1 1 1 2 2 1  656    4 
18 4 3 1 1 0 0 4 4 1  761    4 
18 4 0 0 0 1 1 1 1 1  629    4 
18 4 2 2 0 0 1 3 3 1  534    4 
18 4 2 2 0 0 1 3 3 1  420    5 
18 4 0 0 0 1 1 1 1 1  503    4 
18 4 0 0 0 1 1 1 1 1  381    4 
