6 1 1 2 1 1 0 2 2 1 2294    5 
6 1 3 0 3 1 0 4 4 1 1672    4 
6 1 2 3 2 1 0 3 3 1 1021    4 
6 1 3 0 0 0 0 4 4 1 1614    4 
6 1 2 2 3 0 1 3 3 1 1069    4 
6 1 2 2 3 0 1 3 3 1  460    4 
6 1 2 2 2 1 1 3 3 1 1309    4 
6 1 3 3 0 0 1 4 4 1 1945    4 
6 1 0 1 0 1 0 1 1 1 1570    4 
6 1 2 2 3 0 1 3 3 1  900    4 
6 1 1 2 1 1 0 2 2 1 1610    4 
6 1 3 0 3 1 0 4 4 1 1770    4 
6 1 0 1 1 0 0 1 1 1  939    5 
6 1 2 2 3 0 1 3 3 1  991    4 
6 1 0 0 0 1 1 1 1 1  865    4 
6 1 1 1 2 0 1 2 3 0  816    4 
6 1 0 1 1 0 0 1 1 1 1336    4 
6 1 2 3 2 1 0 3 3 1 1115    4 
6 1 1 1 2 0 1 2 2 1 1152    4 
6 1 1 2 2 0 0 2 2 1  876    5 
6 1 1 1 2 0 1 2 2 1 1275    4 
6 1 0 1 0 1 0 1 1 1  912    4 
6 1 0 0 1 0 1 1 1 1  702    4 
6 1 1 1 1 1 1 2 2 1 1269    4 
6 1 2 3 3 0 0 3 3 1  955    4 
6 1 3 3 0 0 1 4 4 1  879    4 
6 1 3 0 0 0 0 4 4 1  534    5 
6 1 2 2 3 0 1 3 3 1  892    5 
6 1 0 1 0 1 0 1 1 1  882    5 
6 1 3 0 0 0 0 4 1 0  441    4 
6 1 0 1 0 1 0 1 1 1  736    4 
6 1 1 1 2 0 1 2 2 1 1477    4 
6 1 1 2 1 1 0 2 2 1 1002    4 
6 1 2 2 2 1 1 3 2 0  628    4 
6 1 1 1 2 0 1 2 2 1 1915    4 
6 1 0 0 1 0 1 1 1 1  662    4 
6 1 2 2 2 1 1 3 3 1  798    5 
6 1 2 3 2 1 0 3 3 1  921    5 
6 1 2 2 3 0 1 3 3 1  749    4 
6 1 1 1 1 1 1 2 2 1 1002    5 
6 1 1 1 2 0 1 2 2 1  716    4 
6 1 2 2 3 0 1 3 3 1  650    4 
6 1 0 1 1 0 0 1 1 1  891    4 
6 1 3 3 3 1 1 4 4 1  945    4 
6 1 2 3 3 0 0 3 3 1 1894    5 
6 1 3 3 3 1 1 4 4 1 1097    4 
6 1 1 2 1 1 0 2 3 0 1023    5 
6 1 2 2 3 0 1 3 3 1 1756    4 
6 1 2 3 3 0 0 3 3 1  669    4 
6 1 1 1 2 0 1 2 2 1  941    4 
6 1 0 0 1 0 1 1 1 1  633    5 
6 1 1 2 1 1 0 2 2 1 1827    5 
6 1 0 1 0 1 0 1 1 1  817    4 
6 1 1 1 2 0 1 2 2 1  931    4 
6 1 0 1 1 0 0 1 1 1  799    4 
6 1 0 0 0 1 1 1 1 1  938    5 
6 1 3 0 0 0 0 4 4 1  702    4 
6 1 2 3 2 1 0 3 3 1 1181    4 
6 1 3 3 0 0 1 4 4 1  935    4 
6 1 0 0 0 1 1 1 1 1  604    4 
6 1 3 3 3 1 1 4 4 1  814    4 
6 1 0 0 1 0 1 1 1 1 1544    4 
6 1 2 2 3 0 1 3 3 1  714    4 
6 1 0 1 0 1 0 1 1 1  617    5 
6 1 3 0 0 0 0 4 4 1  691    5 
6 1 1 2 1 1 0 2 2 1 1658    4 
6 1 2 3 3 0 0 3 3 1 1223    5 
6 1 1 2 1 1 0 2 2 1  919    4 
6 1 0 0 1 0 1 1 1 1  629    4 
6 1 1 1 2 0 1 2 2 1 1054    4 
6 1 3 3 0 0 1 4 4 1  773    5 
6 1 3 3 3 1 1 4 4 1  457    4 
6 1 0 1 0 1 0 1 1 1  706    4 
6 1 2 3 3 0 0 3 3 1 1280    4 
6 1 0 0 1 0 1 1 1 1  886    4 
6 1 0 1 1 0 0 1 1 1  580    4 
6 1 3 3 3 1 1 4 4 1 2528   43 
6 1 1 2 1 1 0 2 1 0  744    5 
6 1 1 1 1 1 1 2 2 1 1138    5 
6 1 3 3 3 1 1 4 4 1 1670    4 
6 1 2 2 2 1 1 3 3 1 1347    5 
6 1 2 2 2 1 1 3 3 1  486    4 
6 1 0 0 0 1 1 1 1 1  501    5 
6 1 0 1 0 1 0 1 1 1  581    4 
6 1 1 2 2 0 0 2 3 0  897    5 
6 1 3 3 0 0 1 4 4 1 1404    4 
6 1 3 3 3 1 1 4 4 1  741    4 
6 1 1 2 2 0 0 2 2 1 2970    4 
6 1 0 0 0 1 1 1 1 1  687    4 
6 1 0 0 0 1 1 1 1 1  414    4 
6 1 3 0 3 1 0 4 4 1 2577    5 
6 1 0 1 1 0 0 1 1 1 1143   11 
6 1 0 0 1 0 1 1 1 1  826    4 
6 1 3 0 3 1 0 4 4 1 1283    4 
6 1 1 2 2 0 0 2 2 1 2153    4 
6 1 2 2 3 0 1 3 3 1 1018    5 
6 1 2 3 3 0 0 3 3 1 1019    4 
6 1 3 0 3 1 0 4 4 1 2444    4 
6 1 3 0 3 1 0 4 4 1  512    5 
6 1 3 3 3 1 1 4 4 1  454    5 
6 1 3 3 0 0 1 4 4 1  735    4 
6 1 0 0 0 1 1 1 1 1  629    4 
6 1 0 0 1 0 1 1 1 1  503    4 
6 1 0 0 1 0 1 1 1 1  429    4 
6 1 2 3 2 1 0 3 3 1 1424    4 
6 1 2 3 3 0 0 3 3 1  591    5 
6 1 2 3 2 1 0 3 3 1  618    4 
6 1 0 1 0 1 0 1 1 1  629    5 
6 1 1 2 2 0 0 2 2 1 1062    4 
6 1 1 1 1 1 1 2 2 1  885    5 
6 1 1 1 1 1 1 2 2 1  332    4 
6 1 2 3 3 0 0 3 3 1 1059    4 
6 1 0 1 1 0 0 1 1 1  682    4 
6 1 0 0 1 0 1 1 1 1  786    5 
6 1 1 1 1 1 1 2 2 1  581    5 
6 1 1 2 2 0 0 2 2 1 1145    4 
6 1 2 3 3 0 0 3 3 1  820    4 
6 1 3 0 3 1 0 4 4 1 1173    5 
6 1 3 3 3 1 1 4 4 1  592    4 
6 1 1 2 1 1 0 2 2 1 1251    4 
6 1 2 2 2 1 1 3 3 1  922    4 
6 1 0 0 1 0 1 1 1 1  807    5 
6 1 3 0 3 1 0 4 4 1  905    4 
6 1 1 2 1 1 0 2 2 1 1494    4 
6 1 3 0 0 0 0 4 4 1 1483    4 
6 1 0 1 1 0 0 1 1 1  768    5 
6 1 3 0 3 1 0 4 4 1 1740    4 
6 1 1 1 1 1 1 2 2 1 1621    5 
6 1 3 0 0 0 0 4 2 0  501    4 
6 1 0 0 0 1 1 1 1 1  617    5 
6 1 3 3 0 0 1 4 4 1  780    5 
6 1 1 2 2 0 0 2 2 1 1119    4 
6 1 1 2 2 0 0 2 2 1  652    4 
6 1 1 2 1 1 0 2 2 1  645    5 
6 1 0 0 0 1 1 1 1 1 1534    5 
6 1 2 2 2 1 1 3 3 1  729    4 
6 1 3 0 0 0 0 4 2 0  935    5 
6 1 3 3 0 0 1 4 4 1  801    4 
6 1 3 3 3 1 1 4 4 1  443    4 
6 1 1 2 2 0 0 2 2 1 1037    4 
6 1 2 2 2 1 1 3 2 0  477    4 
6 1 0 0 1 0 1 1 1 1  699    4 
6 1 3 3 3 1 1 4 4 1  658    5 
6 1 0 1 0 1 0 1 1 1  746    4 
6 1 1 1 2 0 1 2 4 0  871    5 
6 1 3 0 3 1 0 4 4 1 1115    4 
6 1 2 3 3 0 0 3 3 1  816    4 
6 1 0 1 1 0 0 1 1 1  970    4 
6 1 3 0 3 1 0 4 4 1  957    4 
6 1 2 3 2 1 0 3 3 1 1065    5 
6 1 3 3 0 0 1 4 4 1 1080    4 
6 1 2 2 2 1 1 3 3 1  510    5 
6 1 1 2 1 1 0 2 2 1 1917    4 
6 1 2 2 2 1 1 3 1 0  991    4 
6 1 1 1 1 1 1 2 2 1  854    4 
6 1 1 2 2 0 0 2 2 1  966    4 
6 1 2 3 2 1 0 3 3 1  970    5 
6 1 2 3 3 0 0 3 3 1  597    5 
6 1 1 2 2 0 0 2 2 1 1048    4 
6 1 2 2 3 0 1 3 3 1 1056    4 
6 1 1 1 2 0 1 2 2 1  775    4 
6 1 0 0 1 0 1 1 1 1  794    4 
6 1 0 0 0 1 1 1 1 1  437    4 
6 1 0 0 1 0 1 1 1 1  518    4 
6 1 3 0 3 1 0 4 4 1  957    4 
6 1 1 2 2 0 0 2 2 1 1361    4 
6 1 0 1 1 0 0 1 1 1 1139    5 
6 1 3 0 3 1 0 4 4 1  750    4 
6 1 2 3 2 1 0 3 3 1  931    4 
6 1 2 2 2 1 1 3 3 1  480    4 
6 1 3 0 0 0 0 4 4 1 2272    4 
6 1 2 2 2 1 1 3 3 1  443    4 
6 1 0 1 1 0 0 1 1 1  821    4 
6 1 0 0 0 1 1 1 1 1  838    5 
6 1 2 2 2 1 1 3 3 1  903    4 
6 1 1 2 2 0 0 2 3 0  405    5 
6 1 2 3 3 0 0 3 3 1 1341    4 
6 1 3 3 3 1 1 4 4 1  656    4 
6 1 2 3 3 0 0 3 4 0  472    4 
6 1 1 2 1 1 0 2 2 1 1398    4 
6 1 2 3 3 0 0 3 3 1  814    4 
6 1 3 3 0 0 1 4 4 1 1280    4 
6 1 0 0 0 1 1 1 1 1  574    5 
6 1 1 2 1 1 0 2 2 1 1706    5 
6 1 3 3 0 0 1 4 1 0  797    4 
6 1 3 3 3 1 1 4 4 1  613    4 
6 1 0 0 1 0 1 1 1 1 1775    4 
6 1 3 3 3 1 1 4 4 1  600    4 
6 1 1 2 2 0 0 2 2 1 1075    5 
6 1 1 2 1 1 0 2 2 1 1313    4 
6 1 3 3 3 1 1 4 1 0  870    4 
6 1 2 3 2 1 0 3 3 1 1578    4 
6 2 2 2 2 1 1 3 3 1 2562    5 
6 2 3 2 3 1 0 4 4 1 1409    4 
6 2 0 0 0 1 1 1 1 1  561   22 
6 2 0 3 2 0 0 1 1 1  925    4 
6 2 2 1 0 0 0 3 3 1  978    4 
6 2 0 0 2 0 1 1 1 1  621    5 
6 2 0 0 0 1 1 1 1 1  422    4 
6 2 3 2 1 0 0 4 4 1  897    5 
6 2 2 2 0 0 1 3 3 1  951    4 
6 2 1 1 1 1 1 2 2 1 1027    4 
6 2 1 0 1 1 0 2 2 1 1324    4 
6 2 3 2 3 1 0 4 4 1  775    5 
6 2 2 2 2 1 1 3 3 1 1067    5 
6 2 2 2 0 0 1 3 3 1  498    4 
6 2 1 0 3 0 0 2 2 1 1081    4 
6 2 1 1 3 0 1 2 2 1  807    4 
6 2 2 1 2 1 0 3 3 1 1593    4 
6 2 1 0 3 0 0 2 2 1  977    4 
6 2 0 3 0 1 0 1 3 0  804    4 
6 2 0 0 2 0 1 1 1 1 3451    4 
6 2 0 0 0 1 1 1 1 1  508    5 
6 2 1 1 1 1 1 2 2 1  955    4 
6 2 1 1 1 1 1 2 2 1  494    5 
6 2 3 3 3 1 1 4 4 1  701    5 
6 2 1 0 3 0 0 2 2 1 1780    4 
6 2 1 0 1 1 0 2 2 1  548    4 
6 2 0 0 0 1 1 1 1 1 1066    4 
6 2 3 3 3 1 1 4 4 1  681    4 
6 2 0 0 0 1 1 1 1 1  816    4 
6 2 3 3 1 0 1 4 4 1 3098    4 
6 2 3 3 1 0 1 4 4 1  466    5 
6 2 0 3 2 0 0 1 1 1  851    5 
6 2 1 1 1 1 1 2 4 0  763    5 
6 2 2 1 0 0 0 3 3 1 1636    4 
6 2 3 2 3 1 0 4 4 1 1459    5 
6 2 1 1 3 0 1 2 2 1 1313    4 
6 2 0 3 2 0 0 1 1 1  749    4 
6 2 2 1 0 0 0 3 3 1  906    5 
6 2 3 2 1 0 0 4 4 1  840    4 
6 2 3 2 3 1 0 4 4 1  544    5 
6 2 2 1 0 0 0 3 3 1 1429    4 
6 2 1 0 3 0 0 2 2 1 1029    5 
6 2 0 0 0 1 1 1 1 1 1069    4 
6 2 2 2 0 0 1 3 3 1 1492    4 
6 2 2 2 0 0 1 3 3 1  417    5 
6 2 1 0 1 1 0 2 2 1 1204    5 
6 2 1 0 1 1 0 2 2 1  493    4 
6 2 3 2 1 0 0 4 4 1  709    5 
6 2 2 2 0 0 1 3 3 1  851    4 
6 2 0 0 2 0 1 1 1 1  787    4 
6 2 1 1 3 0 1 2 2 1  806    4 
6 2 2 2 2 1 1 3 3 1  728    4 
6 2 2 1 0 0 0 3 3 1 1789    4 
6 2 3 3 3 1 1 4 4 1  629    5 
6 2 3 3 1 0 1 4 4 1  399    5 
6 2 1 1 1 1 1 2 2 1 1131    4 
6 2 1 0 3 0 0 2 2 1  983    5 
6 2 3 3 1 0 1 4 4 1 1410    4 
6 2 0 0 0 1 1 1 1 1  650    4 
6 2 0 0 0 1 1 1 1 1  419    5 
6 2 2 1 2 1 0 3 3 1 1421    4 
6 2 3 3 3 1 1 4 4 1 1077    5 
6 2 1 1 3 0 1 2 2 1 1267    4 
6 2 2 1 2 1 0 3 3 1 1170    4 
6 2 2 2 0 0 1 3 3 1  789    4 
6 2 0 3 0 1 0 1 1 1 1431    4 
6 2 2 2 0 0 1 3 3 1  799    4 
6 2 3 3 3 1 1 4 4 1 1353    4 
6 2 2 2 2 1 1 3 3 1  748    4 
6 2 3 3 3 1 1 4 4 1  609    5 
6 2 3 3 3 1 1 4 4 1  395    5 
6 2 1 1 1 1 1 2 2 1 1079    5 
6 2 2 1 0 0 0 3 3 1 1237    4 
6 2 0 3 2 0 0 1 2 0  941    4 
6 2 1 0 3 0 0 2 2 1 1231    4 
6 2 2 2 2 1 1 3 3 1 1351    4 
6 2 0 0 0 1 1 1 1 1  665    5 
6 2 0 3 0 1 0 1 1 1  602    5 
6 2 1 1 1 1 1 2 2 1  917    4 
6 2 3 3 3 1 1 4 4 1  522    5 
6 2 3 3 3 1 1 4 4 1  432    5 
6 2 2 2 0 0 1 3 3 1  899    5 
6 2 2 2 2 1 1 3 3 1  473    5 
6 2 0 0 2 0 1 1 1 1 2569    4 
6 2 3 2 3 1 0 4 4 1  920    5 
6 2 1 1 1 1 1 2 2 1  829    4 
6 2 1 1 3 0 1 2 2 1  462    4 
6 2 0 3 0 1 0 1 1 1  879    4 
6 2 3 3 3 1 1 4 2 0  574    5 
6 2 2 2 2 1 1 3 3 1  767    5 
6 2 0 3 2 0 0 1 1 1  931    4 
6 2 0 3 2 0 0 1 1 1  464    4 
6 2 1 0 3 0 0 2 2 1 1097    5 
6 2 0 3 2 0 0 1 1 1  887    4 
6 2 2 2 2 1 1 3 3 1  613    4 
6 2 0 0 0 1 1 1 1 1  567    4 
6 2 1 1 3 0 1 2 2 1  980    4 
6 2 1 0 3 0 0 2 2 1  935    4 
6 2 1 1 3 0 1 2 2 1  396    4 
6 2 2 1 0 0 0 3 3 1  919    4 
6 2 2 2 2 1 1 3 3 1  485    4 
6 2 2 2 2 1 1 3 3 1  421    5 
6 2 0 0 0 1 1 1 1 1  607    4 
6 2 3 2 1 0 0 4 2 0 1746    4 
6 2 2 2 0 0 1 3 3 1  753    4 
6 2 2 1 0 0 0 3 3 1  765    5 
6 2 1 0 3 0 0 2 2 1 1793    4 
6 2 0 3 2 0 0 1 1 1  848    4 
6 2 1 0 3 0 0 2 2 1  937    4 
6 2 0 0 0 1 1 1 1 1  813    4 
6 2 1 0 1 1 0 2 2 1  855    5 
6 2 3 3 3 1 1 4 4 1  614    5 
6 2 2 1 2 1 0 3 3 1 1545    4 
6 2 0 0 2 0 1 1 1 1  779    5 
6 2 3 2 3 1 0 4 4 1 1078    4 
6 2 1 0 3 0 0 2 2 1 1221    4 
6 2 3 2 1 0 0 4 3 0  845    4 
6 2 1 0 3 0 0 2 2 1 1723    4 
6 2 3 2 3 1 0 4 4 1  669    4 
6 2 3 2 1 0 0 4 4 1  813    4 
6 2 3 3 3 1 1 4 4 1  711    4 
6 2 0 3 2 0 0 1 1 1  813    4 
6 2 3 2 1 0 0 4 4 1  823    5 
6 2 2 1 2 1 0 3 3 1 1008    5 
6 2 0 0 2 0 1 1 1 1  641    4 
6 2 0 0 2 0 1 1 1 1  458    4 
6 2 1 0 3 0 0 2 1 0  547    5 
6 2 3 3 1 0 1 4 4 1 2910    4 
6 2 1 0 1 1 0 2 2 1 1157    4 
6 2 2 1 2 1 0 3 3 1 1136    5 
6 2 0 3 2 0 0 1 1 1 1012    4 
6 2 3 3 1 0 1 4 4 1  669    4 
6 2 0 3 0 1 0 1 1 1  893    4 
6 2 0 3 0 1 0 1 1 1  739    5 
6 2 1 0 3 0 0 2 2 1 1152    4 
6 2 3 2 3 1 0 4 4 1 1028    4 
6 2 2 1 2 1 0 3 3 1 1260    4 
6 2 3 3 3 1 1 4 2 0  779    4 
6 2 2 2 0 0 1 3 2 0 1235    5 
6 2 3 2 1 0 0 4 4 1  944    5 
6 2 1 1 1 1 1 2 2 1 1060    5 
6 2 1 0 3 0 0 2 2 1  851    4 
6 2 1 0 1 1 0 2 2 1  604    4 
6 2 2 1 2 1 0 3 3 1 1870    4 
6 2 3 2 1 0 0 4 4 1  843    4 
6 2 2 1 0 0 0 3 3 1 1051    4 
6 2 1 1 3 0 1 2 2 1 1315    4 
6 2 0 3 2 0 0 1 1 1 1335    4 
6 2 1 0 3 0 0 2 2 1 1171    5 
6 2 0 3 0 1 0 1 1 1 1261    4 
6 2 3 2 1 0 0 4 4 1  884    4 
6 2 3 3 3 1 1 4 4 1  587    4 
6 2 0 3 0 1 0 1 1 1  878    5 
6 2 1 0 3 0 0 2 2 1  981    5 
6 2 0 3 0 1 0 1 1 1  775    4 
6 2 2 2 0 0 1 3 4 0  923    4 
6 2 0 0 2 0 1 1 1 1 1157    4 
6 2 3 2 3 1 0 4 4 1  808    4 
6 2 0 0 2 0 1 1 1 1  873    5 
6 2 1 1 1 1 1 2 2 1 1016    4 
6 2 1 1 1 1 1 2 2 1  490    4 
6 2 0 3 0 1 0 1 1 1  873    4 
6 2 2 2 0 0 1 3 3 1 1272    5 
6 2 3 2 1 0 0 4 2 0  894    5 
6 2 1 1 1 1 1 2 2 1 1337    5 
6 2 3 3 3 1 1 4 4 1 2077    4 
6 2 3 2 1 0 0 4 4 1  544    4 
6 2 2 2 0 0 1 3 3 1 1126    4 
6 2 2 2 0 0 1 3 3 1  474    4 
6 2 3 2 3 1 0 4 4 1 1034    4 
6 2 1 0 1 1 0 2 2 1 1251    4 
6 2 0 0 2 0 1 1 1 1  810    4 
6 2 3 3 3 1 1 4 4 1  796    4 
6 2 3 2 1 0 0 4 4 1  654    5 
6 2 2 1 2 1 0 3 3 1 1134    5 
6 2 3 2 1 0 0 4 4 1  787    4 
6 2 0 0 0 1 1 1 1 1  557    5 
6 2 2 1 2 1 0 3 3 1  906    4 
6 2 3 3 3 1 1 4 4 1  887    4 
6 2 2 1 2 1 0 3 3 1 1086    5 
6 2 0 0 2 0 1 1 1 1  700    5 
6 2 1 0 1 1 0 2 2 1 1243    4 
6 2 0 3 2 0 0 1 1 1  938    4 
6 2 2 1 0 0 0 3 3 1  766   73 
6 2 2 1 0 0 0 3 3 1 2498    4 
6 2 2 1 2 1 0 3 3 1  572    4 
6 2 1 1 1 1 1 2 2 1  935    5 
6 2 3 3 3 1 1 4 4 1  724    4 
6 2 1 0 3 0 0 2 2 1 1178    5 
6 2 0 0 2 0 1 1 1 1 1236    4 
6 2 0 0 2 0 1 1 1 1  708    4 
6 2 2 2 2 1 1 3 3 1 1314    4 
6 3 1 3 1 1 0 2 0 0 5000    5 
6 3 0 2 2 0 0 1 1 1  822    5 
6 3 1 3 3 0 0 2 2 1  927    4 
6 3 0 2 2 0 0 1 1 1  748    4 
6 3 3 1 1 0 0 4 2 0  873    5 
6 3 1 3 3 0 0 2 2 1 1133    4 
6 3 1 3 1 1 0 2 2 1  521    4 
6 3 2 2 2 1 1 3 3 1  831    4 
6 3 3 1 3 1 0 4 4 1 1328    4 
6 3 3 1 3 1 0 4 4 1  500    5 
6 3 0 2 0 1 0 1 1 1  875    5 
6 3 3 3 3 1 1 4 4 1 1786    4 
6 3 3 3 3 1 1 4 4 1  411    5 
6 3 0 2 2 0 0 1 1 1  686    4 
6 3 3 1 1 0 0 4 4 1  757    4 
6 3 0 2 2 0 0 1 1 1  657    4 
6 3 3 1 1 0 0 4 4 1  569    4 
6 3 2 0 0 0 0 3 3 1  749    5 
6 3 0 0 0 1 1 1 1 1  826    4 
6 3 0 2 0 1 0 1 1 1  483    5 
6 3 3 3 1 0 1 4 4 1 1595    4 
6 3 2 0 2 1 0 3 3 1  836    4 
6 3 0 2 2 0 0 1 1 1  773    4 
6 3 1 1 1 1 1 2 2 1 1112    5 
6 3 3 3 3 1 1 4 4 1 1157    4 
6 3 0 2 0 1 0 1 1 1  840    4 
6 3 1 1 1 1 1 2 2 1  784    5 
6 3 2 2 0 0 1 3 3 1  811    4 
6 3 2 2 2 1 1 3 3 1  469    5 
6 3 0 2 2 0 0 1 1 1  717    5 
6 3 1 3 3 0 0 2 2 1 1156    5 
6 3 1 3 3 0 0 2 2 1  494    4 
6 3 0 2 2 0 0 1 1 1  782    4 
6 3 2 0 2 1 0 3 3 1  689    4 
6 3 0 2 0 1 0 1 1 1 1624    4 
6 3 3 1 3 1 0 4 2 0 1719    4 
6 3 3 3 3 1 1 4 4 1  775    5 
6 3 1 1 3 0 1 2 2 1 1466    4 
6 3 0 2 2 0 0 1 1 1  976    5 
6 3 0 2 2 0 0 1 1 1  507    5 
6 3 1 3 3 0 0 2 1 0 1074    5 
6 3 2 2 2 1 1 3 3 1  797    5 
6 3 2 0 0 0 0 3 3 1  984    4 
6 3 3 3 1 0 1 4 4 1  882    4 
6 3 3 3 1 0 1 4 4 1  657    5 
6 3 1 1 3 0 1 2 2 1 1138    4 
6 3 2 0 2 1 0 3 3 1 1085    4 
6 3 1 1 3 0 1 2 2 1 1132    4 
6 3 3 3 3 1 1 4 4 1  624    5 
6 3 3 3 3 1 1 4 4 1  401    5 
6 3 2 0 2 1 0 3 3 1 2101    5 
6 3 1 3 1 1 0 2 2 1 1360    5 
6 3 2 2 0 0 1 3 3 1 1306    5 
6 3 1 3 3 0 0 2 2 1 1102    4 
6 3 3 3 1 0 1 4 4 1  828    5 
6 3 2 2 2 1 1 3 3 1 1197    5 
6 3 1 1 1 1 1 2 2 1 1119    4 
6 3 2 0 2 1 0 3 3 1 1996    4 
6 3 2 2 0 0 1 3 3 1  930    5 
6 3 2 0 2 1 0 3 3 1  567    4 
6 3 2 2 0 0 1 3 3 1  572    4 
6 3 2 2 0 0 1 3 3 1  456    4 
6 3 2 2 0 0 1 3 3 1 1089    4 
6 3 1 3 1 1 0 2 2 1 1182    5 
6 3 3 3 1 0 1 4 4 1 1144    5 
6 3 1 3 3 0 0 2 2 1 1180    4 
6 3 1 1 1 1 1 2 2 1 1670    4 
6 3 2 0 2 1 0 3 3 1 1099    5 
6 3 1 3 1 1 0 2 2 1  761    4 
6 3 0 2 2 0 0 1 1 1  837    4 
6 3 2 2 0 0 1 3 3 1 1125    4 
6 3 1 3 3 0 0 2 2 1  833    4 
6 3 1 1 3 0 1 2 2 1  659    4 
6 3 0 2 2 0 0 1 1 1  843    5 
6 3 2 0 2 1 0 3 3 1  731    4 
6 3 0 2 0 1 0 1 1 1 1393    4 
6 3 1 3 3 0 0 2 2 1  834    7 
6 3 2 2 2 1 1 3 3 1 1259    4 
6 3 2 0 0 0 0 3 3 1  529    5 
6 3 1 1 3 0 1 2 2 1  711    4 
6 3 3 1 1 0 0 4 4 1  813    4 
6 3 3 3 1 0 1 4 4 1  535    4 
6 3 0 0 2 0 1 1 1 1  669    4 
6 3 0 2 2 0 0 1 1 1  653    4 
6 3 1 3 3 0 0 2 2 1 2710    4 
6 3 3 3 1 0 1 4 4 1  702    4 
6 3 2 0 2 1 0 3 3 1  997    4 
6 3 3 3 3 1 1 4 4 1  695    5 
6 3 2 0 2 1 0 3 3 1  774    5 
6 3 1 3 3 0 0 2 2 1 1041    4 
6 3 2 0 2 1 0 3 3 1 1385    4 
6 3 3 1 3 1 0 4 2 0  666    5 
6 3 3 3 1 0 1 4 4 1  760    5 
6 3 0 2 0 1 0 1 1 1  788    4 
6 3 1 1 1 1 1 2 2 1  958    4 
6 3 2 2 0 0 1 3 3 1  666    4 
6 3 1 1 1 1 1 2 2 1  690    4 
6 3 3 3 1 0 1 4 4 1  609    5 
6 3 1 3 1 1 0 2 2 1  739    5 
6 3 3 3 3 1 1 4 4 1  904    5 
6 3 2 2 2 1 1 3 3 1  661    4 
6 3 1 3 3 0 0 2 2 1  974    4 
6 3 3 3 3 1 1 4 4 1  800    4 
6 3 1 3 3 0 0 2 2 1  763    4 
6 3 0 0 0 1 1 1 1 1 1023    4 
6 3 3 1 3 1 0 4 2 0 1175    5 
6 3 3 3 1 0 1 4 4 1  695    4 
6 3 0 2 0 1 0 1 1 1  886    4 
6 3 0 2 0 1 0 1 1 1  557    4 
6 3 1 3 3 0 0 2 2 1 1769    4 
6 3 2 2 0 0 1 3 3 1  906    5 
6 3 0 0 2 0 1 1 1 1  736    4 
6 3 2 2 0 0 1 3 3 1  693    4 
6 3 1 1 3 0 1 2 2 1  796    4 
6 3 0 0 0 1 1 1 1 1 1807    4 
6 3 1 3 1 1 0 2 2 1 1125    4 
6 3 0 0 0 1 1 1 1 1  762    4 
6 3 2 2 2 1 1 3 3 1  782    4 
6 3 0 0 0 1 1 1 1 1 1281    4 
6 3 2 2 2 1 1 3 3 1 1207    4 
6 3 3 3 3 1 1 4 2 0  591    4 
6 3 2 0 0 0 0 3 3 1  888    4 
6 3 1 3 1 1 0 2 2 1 1054    5 
6 3 1 1 1 1 1 2 2 1  597    4 
6 3 0 0 2 0 1 1 1 1  736    5 
6 3 3 3 3 1 1 4 4 1  773    5 
6 3 2 2 0 0 1 3 1 0  664    5 
6 3 0 2 0 1 0 1 1 1 1886    4 
6 3 3 1 3 1 0 4 4 1 1746    5 
6 3 2 0 0 0 0 3 3 1  923    5 
6 3 0 2 0 1 0 1 1 1  872    4 
6 3 0 0 0 1 1 1 1 1  903    4 
6 3 1 3 3 0 0 2 2 1  989    4 
6 3 3 1 3 1 0 4 2 0  527    4 
6 3 2 0 2 1 0 3 3 1 1203    4 
6 3 0 0 0 1 1 1 1 1 1028    4 
6 3 3 1 1 0 0 4 2 0 1837    4 
6 3 2 0 0 0 0 3 3 1 1352    4 
6 3 3 3 1 0 1 4 4 1 1203    4 
6 3 0 0 0 1 1 1 1 1  612    4 
6 3 1 1 3 0 1 2 2 1 1743    4 
6 3 3 1 1 0 0 4 3 0  968    5 
6 3 1 3 3 0 0 2 2 1  801    4 
6 3 2 0 2 1 0 3 3 1 1011    4 
6 3 0 2 2 0 0 1 1 1  829    4 
6 3 1 1 1 1 1 2 2 1 1510    4 
6 3 0 0 2 0 1 1 1 1  666    4 
6 3 0 2 2 0 0 1 1 1  626    4 
6 3 0 0 2 0 1 1 1 1  620    4 
6 3 0 0 0 1 1 1 1 1  477    4 
6 3 3 3 3 1 1 4 4 1  870    4 
6 3 1 1 3 0 1 2 2 1 1285    4 
6 3 3 3 3 1 1 4 4 1 1747    4 
6 3 3 1 1 0 0 4 4 1  597    5 
6 3 2 2 2 1 1 3 3 1 1120    4 
6 3 3 1 1 0 0 4 4 1  637    4 
6 3 0 0 0 1 1 1 1 1  606    4 
6 3 1 1 1 1 1 2 2 1 1352    4 
6 3 2 2 2 1 1 3 3 1  555    4 
6 3 1 1 1 1 1 2 2 1  464    4 
6 3 0 0 0 1 1 1 1 1  753    4 
6 3 0 2 2 0 0 1 1 1  661    4 
6 3 0 2 2 0 0 1 1 1  494    4 
6 3 1 1 3 0 1 2 2 1  805    4 
6 3 2 2 2 1 1 3 3 1 1143    4 
6 3 1 3 3 0 0 2 2 1 1266    4 
6 3 0 0 2 0 1 1 3 0  545    4 
6 3 2 0 0 0 0 3 3 1 1139    4 
6 3 2 2 2 1 1 3 3 1  983    4 
6 3 1 3 3 0 0 2 2 1 1834    5 
6 3 3 3 3 1 1 4 4 1  776    5 
6 3 2 0 0 0 0 3 3 1 1131    4 
6 3 0 2 2 0 0 1 1 1  759    4 
6 3 2 2 0 0 1 3 3 1 1003    4 
6 3 3 1 3 1 0 4 2 0  861    4 
6 3 3 3 3 1 1 4 4 1  658    4 
6 3 3 1 3 1 0 4 4 1  506    4 
6 3 3 1 3 1 0 4 4 1  385    4 
6 3 0 2 0 1 0 1 1 1 1053    5 
6 3 0 0 2 0 1 1 1 1  709    4 
6 3 1 1 1 1 1 2 2 1 1747    4 
6 3 2 2 0 0 1 3 3 1 1045    5 
6 3 3 3 3 1 1 4 4 1  692    4 
6 3 0 2 2 0 0 1 3 0  715    5 
6 3 0 0 0 1 1 1 3 0  799    4 
6 3 3 3 3 1 1 4 4 1  926    5 
6 3 1 1 1 1 1 2 2 1  787    5 
6 3 3 3 1 0 1 4 4 1  686    5 
6 3 2 0 0 0 0 3 3 1  797    5 
6 3 2 2 0 0 1 3 3 1 1168    5 
6 3 1 1 1 1 1 2 2 1  763    5 
6 3 3 1 1 0 0 4 4 1  687    4 
6 4 3 3 2 0 1 4 4 1 3389    4 
6 4 1 3 0 0 0 2 4 0 2232    4 
6 4 1 3 1 1 0 2 2 1 3323    5 
6 4 2 2 1 0 1 3 3 1 2241    4 
6 4 3 3 3 1 1 4 2 0  901    4 
6 4 3 3 3 1 1 4 4 1  856    4 
6 4 1 1 0 0 1 2 2 1 3264    4 
6 4 1 1 1 1 1 2 2 1  881    4 
6 4 2 0 1 0 0 3 3 1  888    5 
6 4 3 1 2 0 0 4 4 1  766    5 
6 4 2 0 2 1 0 3 3 1 1490    5 
6 4 2 0 1 0 0 3 3 1  782    4 
6 4 3 3 3 1 1 4 4 1  634    4 
6 4 3 3 3 1 1 4 4 1  387    5 
6 4 0 0 0 1 1 1 1 1 1295    5 
6 4 1 1 0 0 1 2 4 0  764    4 
6 4 3 3 3 1 1 4 4 1  621    4 
6 4 1 3 1 1 0 2 2 1  903    5 
6 4 3 3 3 1 1 4 4 1  821    4 
6 4 0 2 0 1 0 1 1 1  758    4 
6 4 1 1 0 0 1 2 2 1 1122    4 
6 4 2 2 1 0 1 3 3 1  831    4 
6 4 2 0 1 0 0 3 3 1 1480    4 
6 4 1 1 1 1 1 2 2 1  877    4 
6 4 1 1 0 0 1 2 2 1  644    4 
6 4 2 0 1 0 0 3 3 1  765    4 
6 4 2 2 2 1 1 3 3 1  601    4 
6 4 3 3 3 1 1 4 4 1  740    4 
6 4 3 3 3 1 1 4 4 1  377    5 
6 4 1 1 1 1 1 2 2 1  837    4 
6 4 1 3 1 1 0 2 2 1  910    5 
6 4 0 0 3 0 1 1 1 1  667    4 
6 4 0 0 0 1 1 1 1 1  444    5 
6 4 1 1 1 1 1 2 2 1  901    4 
6 4 0 2 3 0 0 1 1 1  859    4 
6 4 1 3 1 1 0 2 2 1  907    4 
6 4 3 1 3 1 0 4 4 1 1265    4 
6 4 0 0 0 1 1 1 1 1  591    4 
6 4 0 0 3 0 1 1 1 1  698    5 
6 4 2 2 1 0 1 3 3 1  713    5 
6 4 1 3 0 0 0 2 2 1 2351    4 
6 4 3 1 3 1 0 4 4 1 1159    4 
6 4 1 3 0 0 0 2 2 1  994    4 
6 4 2 2 2 1 1 3 3 1  612    5 
6 4 0 2 3 0 0 1 1 1  934    4 
6 4 2 0 1 0 0 3 3 1  731    4 
6 4 2 2 2 1 1 3 3 1  649    4 
6 4 2 0 1 0 0 3 3 1  698    5 
6 4 0 2 0 1 0 1 1 1  873    4 
6 4 2 0 2 1 0 3 3 1  984    4 
6 4 3 1 2 0 0 4 4 1  786    4 
6 4 2 2 2 1 1 3 3 1  877    4 
6 4 2 2 2 1 1 3 3 1  444    4 
6 4 2 0 2 1 0 3 3 1  574    4 
6 4 2 0 2 1 0 3 3 1  450    4 
6 4 3 1 2 0 0 4 4 1  812    5 
6 4 0 0 0 1 1 1 1 1  453    5 
6 4 3 1 3 1 0 4 2 0  926    4 
6 4 0 2 3 0 0 1 1 1 1296    4 
6 4 3 1 3 1 0 4 4 1  749    4 
6 4 2 2 2 1 1 3 3 1  546    4 
6 4 0 0 0 1 1 1 1 1  607    4 
6 4 1 3 0 0 0 2 2 1 1866    4 
6 4 0 2 0 1 0 1 1 1  879    4 
6 4 2 0 1 0 0 3 3 1 1646    5 
6 4 3 3 3 1 1 4 4 1  716    4 
6 4 3 3 3 1 1 4 4 1  426    4 
6 4 3 3 3 1 1 4 4 1  340    4 
6 4 1 3 1 1 0 2 2 1 1194    5 
6 4 0 2 3 0 0 1 1 1 1883    4 
6 4 1 3 1 1 0 2 2 1  903    5 
6 4 2 0 2 1 0 3 3 1  877    4 
6 4 2 0 2 1 0 3 3 1  604    4 
6 4 0 2 0 1 0 1 1 1  846    4 
6 4 1 3 1 1 0 2 2 1  919    5 
6 4 3 3 2 0 1 4 4 1 1452    4 
6 4 3 3 2 0 1 4 4 1  371    4 
6 4 2 2 2 1 1 3 3 1 1375    4 
6 4 3 1 2 0 0 4 4 1  833    4 
6 4 3 3 3 1 1 4 4 1  490    4 
6 4 2 2 2 1 1 3 3 1  713    5 
6 4 3 1 2 0 0 4 4 1  703    4 
6 4 2 0 2 1 0 3 3 1  710    4 
6 4 0 0 0 1 1 1 1 1  708    4 
6 4 3 1 2 0 0 4 2 0  842    5 
6 4 0 2 0 1 0 1 1 1 1576    5 
6 4 1 1 0 0 1 2 2 1 1208    4 
6 4 0 0 0 1 1 1 1 1  801    4 
6 4 0 2 0 1 0 1 1 1  540    4 
6 4 2 2 1 0 1 3 3 1 1201    5 
6 4 1 1 1 1 1 2 2 1  818    5 
6 4 2 2 2 1 1 3 3 1  628    4 
6 4 0 2 3 0 0 1 1 1  934    4 
6 4 0 0 3 0 1 1 1 1  507    5 
6 4 1 1 1 1 1 2 2 1  761    4 
6 4 1 3 1 1 0 2 2 1 1093    4 
6 4 3 3 3 1 1 4 4 1 1035    5 
6 4 3 1 2 0 0 4 4 1  748   73 
6 4 3 3 2 0 1 4 4 1  432    5 
6 4 2 0 1 0 0 3 3 1 1027    5 
6 4 0 2 0 1 0 1 1 1 1075    5 
6 4 2 0 2 1 0 3 1 0 1194    4 
6 4 3 1 2 0 0 4 4 1 2136    5 
6 4 3 3 3 1 1 4 4 1  457    4 
6 4 1 3 1 1 0 2 2 1 1058    5 
6 4 1 3 0 0 0 2 2 1 1889    5 
6 4 1 1 0 0 1 2 2 1  709    4 
6 4 2 0 1 0 0 3 3 1 1051    5 
6 4 3 3 2 0 1 4 2 0 1451    4 
6 4 3 1 2 0 0 4 4 1  903    4 
6 4 2 0 2 1 0 3 3 1  701    4 
6 4 1 1 1 1 1 2 2 1 1196    5 
6 4 1 3 1 1 0 2 2 1  565    5 
6 4 0 2 0 1 0 1 3 0  890    4 
6 4 1 3 1 1 0 2 2 1 1126    4 
6 4 2 2 1 0 1 3 3 1  930    4 
6 4 1 1 1 1 1 2 2 1 1447    5 
6 4 1 3 0 0 0 2 2 1 1085    4 
6 4 3 3 3 1 1 4 4 1  692    4 
6 4 3 3 2 0 1 4 4 1  410    5 
6 4 0 2 3 0 0 1 1 1  765    4 
6 4 2 2 1 0 1 3 3 1  954    4 
6 4 1 1 0 0 1 2 2 1 1301    5 
6 4 0 0 3 0 1 1 4 0  858    5 
6 4 0 2 3 0 0 1 1 1  879    5 
6 4 3 1 3 1 0 4 2 0 1166    4 
6 4 1 1 0 0 1 2 2 1 1406    4 
6 4 3 3 2 0 1 4 4 1 2342    5 
6 4 0 0 3 0 1 1 1 1  798    4 
6 4 0 0 3 0 1 1 1 1  456    4 
6 4 1 3 0 0 0 2 4 0 1233    4 
6 4 3 1 2 0 0 4 4 1 1526    4 
6 4 1 3 1 1 0 2 2 1  993    4 
6 4 1 1 1 1 1 2 2 1  747    5 
6 4 3 1 3 1 0 4 4 1  848    4 
6 4 0 0 3 0 1 1 1 1  592    4 
6 4 1 3 0 0 0 2 2 1  988    5 
6 4 3 1 3 1 0 4 4 1 1086    4 
6 4 0 2 0 1 0 1 1 1  780    4 
6 4 1 1 1 1 1 2 2 1  807    4 
6 4 3 3 2 0 1 4 4 1  993    4 
6 4 1 3 0 0 0 2 2 1 1003    4 
6 4 0 2 3 0 0 1 1 1  797    4 
6 4 0 2 0 1 0 1 1 1  704    4 
6 4 0 0 3 0 1 1 1 1  574    4 
6 4 0 2 0 1 0 1 1 1  490    5 
6 4 0 2 0 1 0 1 1 1  425    4 
6 4 0 0 3 0 1 1 1 1  603    4 
6 4 3 3 3 1 1 4 4 1  590    4 
6 4 1 3 0 0 0 2 2 1 1025    5 
6 4 2 0 1 0 0 3 3 1  922    5 
6 4 3 1 2 0 0 4 2 0  742    4 
6 4 0 2 3 0 0 1 1 1  736    4 
6 4 1 1 1 1 1 2 2 1  885    5 
6 4 1 3 1 1 0 2 2 1  804    4 
6 4 0 2 3 0 0 1 3 0 1790    4 
6 4 1 1 1 1 1 2 2 1  779    5 
6 4 3 3 2 0 1 4 4 1 1030   29 
6 4 0 2 0 1 0 1 1 1  782    4 
6 4 0 0 3 0 1 1 1 1  634    5 
6 4 2 2 1 0 1 3 3 1  883    5 
6 4 0 2 0 1 0 1 1 1 1194    4 
6 4 0 0 3 0 1 1 1 1  508    4 
6 4 0 2 0 1 0 1 1 1  546    4 
6 4 2 2 2 1 1 3 3 1  664    4 
6 4 0 0 3 0 1 1 1 1  680    4 
6 4 2 2 1 0 1 3 3 1  752    5 
6 4 0 0 3 0 1 1 1 1  564    4 
6 4 2 2 1 0 1 3 3 1  545    4 
6 4 2 0 2 1 0 3 3 1 1438    4 
6 4 3 3 2 0 1 4 4 1  717    4 
6 4 1 1 1 1 1 2 2 1  755    4 
6 4 1 3 1 1 0 2 2 1  775    4 
6 4 2 2 1 0 1 3 3 1  986    4 
6 4 2 0 1 0 0 3 3 1  741    4 
6 4 0 0 0 1 1 1 1 1 1202    5 
6 4 3 1 2 0 0 4 4 1 1603    4 
6 4 2 0 1 0 0 3 3 1  787    4 
6 4 3 3 2 0 1 4 3 0  486    4 
6 4 2 2 1 0 1 3 3 1 1114    5 
6 4 2 2 1 0 1 3 3 1  511    5 
6 4 2 2 1 0 1 3 3 1  446    4 
6 4 1 1 1 1 1 2 2 1  944    5 
6 4 2 0 1 0 0 3 3 1  596    4 
6 4 1 3 0 0 0 2 2 1 1471    4 
6 4 3 1 3 1 0 4 4 1  917    5 
6 4 0 0 3 0 1 1 1 1  546    4 
6 4 0 2 3 0 0 1 1 1  600    5 
6 4 2 0 1 0 0 3 3 1  851    5 
6 4 2 0 1 0 0 3 3 1  491    5 
6 4 1 1 0 0 1 2 2 1 1595    5 
6 4 3 3 3 1 1 4 4 1  835    4 
