8 1 1 1 1 1 1 2 2 1 1464    4 
8 1 0 3 0 1 0 1 1 1 1181    4 
8 1 3 3 2 0 1 4 4 1 1104    4 
8 1 2 1 1 0 0 3 3 1  581    4 
8 1 1 1 0 0 1 2 2 1 1009    5 
8 1 3 2 3 1 0 4 4 1  962    5 
8 1 2 1 1 0 0 3 3 1  878    5 
8 1 1 0 1 1 0 2 2 1 1149    5 
8 1 1 0 0 0 0 2 2 1  712    4 
8 1 1 1 1 1 1 2 2 1  926    4 
8 1 0 3 3 0 0 1 1 1 1843    5 
8 1 2 2 2 1 1 3 3 1  608    5 
8 1 3 2 3 1 0 4 4 1 1107    5 
8 1 1 1 0 0 1 2 2 1 1064    4 
8 1 3 3 3 1 1 4 4 1 1119    5 
8 1 0 3 3 0 0 1 3 0  852    4 
8 1 0 3 0 1 0 1 1 1  714    4 
8 1 1 1 1 1 1 2 4 0 1248    4 
8 1 1 0 1 1 0 2 2 1  916    5 
8 1 2 2 1 0 1 3 3 1  754    5 
8 1 0 3 3 0 0 1 1 1 1454    4 
8 1 2 2 1 0 1 3 3 1  948    4 
8 1 2 2 2 1 1 3 3 1  928    4 
8 1 1 1 1 1 1 2 2 1 1157    4 
8 1 3 3 2 0 1 4 4 1  824    5 
8 1 2 2 2 1 1 3 3 1 1081    4 
8 1 3 2 2 0 0 4 2 0 1664    4 
8 1 3 2 2 0 0 4 4 1  690    4 
8 1 3 3 2 0 1 4 4 1  641    5 
8 1 0 3 0 1 0 1 1 1 1218    4 
8 1 0 3 0 1 0 1 1 1  755    5 
8 1 0 0 0 1 1 1 1 1  566    4 
8 1 3 2 2 0 0 4 4 1 1203    4 
8 1 2 1 2 1 0 3 3 1  844    4 
8 1 3 3 2 0 1 4 4 1  605    4 
8 1 1 0 0 0 0 2 2 1 1127    5 
8 1 0 0 3 0 1 1 1 1 1004    5 
8 1 2 2 1 0 1 3 3 1  693    4 
8 1 3 2 3 1 0 4 4 1 1220    5 
8 1 3 2 2 0 0 4 4 1  564    4 
8 1 0 3 3 0 0 1 3 0 1001    4 
8 1 0 0 0 1 1 1 1 1  728    4 
8 1 3 3 3 1 1 4 4 1  613    4 
8 1 0 0 0 1 1 1 1 1  776    4 
8 1 1 1 1 1 1 2 2 1  923    4 
8 1 1 0 0 0 0 2 2 1 1144    5 
8 1 2 1 2 1 0 3 3 1  804    4 
8 1 0 0 3 0 1 1 1 1 1245    5 
8 1 2 1 2 1 0 3 3 1  869    4 
8 1 1 0 0 0 0 2 2 1  996    4 
8 1 1 0 0 0 0 2 2 1  790    4 
8 1 3 3 3 1 1 4 4 1  641    5 
8 1 1 0 1 1 0 2 2 1 1594    4 
8 1 2 2 1 0 1 3 3 1  914    4 
8 1 2 2 1 0 1 3 3 1  551    4 
8 1 0 0 3 0 1 1 1 1  885    4 
8 1 0 3 0 1 0 1 1 1  884    4 
8 1 3 2 2 0 0 4 4 1 1803    4 
8 1 0 0 3 0 1 1 1 1  738    4 
8 1 0 3 0 1 0 1 1 1  791    5 
8 1 1 1 1 1 1 2 2 1 1098    4 
8 1 3 2 3 1 0 4 3 0 1047    4 
8 1 2 1 1 0 0 3 3 1  956    4 
8 1 3 2 3 1 0 4 4 1  728    5 
8 1 1 1 0 0 1 2 2 1  949    4 
8 1 2 1 1 0 0 3 3 1 1113    5 
8 1 3 2 3 1 0 4 4 1 1078    5 
8 1 3 2 3 1 0 4 4 1  580    5 
8 1 1 1 1 1 1 2 2 1 1384    4 
8 1 0 0 3 0 1 1 1 1  794    4 
8 1 2 1 2 1 0 3 3 1  804    4 
8 1 3 3 2 0 1 4 4 1  886    5 
8 1 1 1 1 1 1 2 2 1  941    4 
8 1 0 0 3 0 1 1 3 0  721    4 
8 1 1 0 1 1 0 2 1 0  428    4 
8 1 2 1 1 0 0 3 3 1  684    4 
8 1 2 2 2 1 1 3 3 1  579    4 
8 1 2 1 2 1 0 3 3 1  751    4 
8 1 3 2 2 0 0 4 4 1  780    4 
8 1 0 3 0 1 0 1 1 1  887    4 
8 1 1 1 1 1 1 2 2 1  677    4 
8 1 1 0 0 0 0 2 2 1  885    4 
8 1 1 1 1 1 1 2 2 1  628    4 
8 1 0 3 0 1 0 1 1 1 1134    5 
8 1 0 3 3 0 0 1 1 1  522    5 
8 1 1 0 1 1 0 2 2 1  808    4 
8 1 0 3 0 1 0 1 1 1  818    4 
8 1 3 3 2 0 1 4 4 1 1092    5 
8 1 1 0 1 1 0 2 2 1  881    5 
8 1 2 2 2 1 1 3 3 1  552    4 
8 1 0 3 0 1 0 1 1 1 1165    5 
8 1 3 2 3 1 0 4 4 1 1680    4 
8 1 2 1 1 0 0 3 3 1 1197    4 
8 1 3 2 2 0 0 4 4 1  774    4 
8 1 3 2 2 0 0 4 4 1  553    4 
8 1 3 2 2 0 0 4 4 1  526    4 
8 1 0 3 3 0 0 1 1 1  900    4 
8 1 0 0 3 0 1 1 1 1  818    4 
8 1 3 3 2 0 1 4 4 1  684    5 
8 1 2 2 2 1 1 3 3 1  948    5 
8 1 1 1 1 1 1 2 2 1  584    4 
8 1 3 2 3 1 0 4 4 1 1028   29 
8 1 1 0 0 0 0 2 2 1 1372    4 
8 1 2 2 2 1 1 3 3 1 1006    4 
8 1 1 1 0 0 1 2 2 1 1599    4 
8 1 0 3 0 1 0 1 1 1  967    4 
8 1 2 1 1 0 0 3 3 1  818    4 
8 1 3 2 3 1 0 4 4 1  716    5 
8 1 1 0 1 1 0 2 2 1 1170    5 
8 1 1 0 0 0 0 2 2 1  893    5 
8 1 3 2 3 1 0 4 4 1  779    4 
8 1 0 0 3 0 1 1 3 0  967    5 
8 1 0 0 3 0 1 1 1 1  599    5 
8 1 0 0 3 0 1 1 1 1  483    4 
8 1 3 2 3 1 0 4 4 1  923    4 
8 1 2 1 1 0 0 3 3 1  848    4 
8 1 2 1 1 0 0 3 3 1  600    4 
8 1 3 3 3 1 1 4 2 0  707    4 
8 1 3 3 3 1 1 4 4 1 1087    5 
8 1 1 0 0 0 0 2 2 1 1045    5 
8 1 3 2 3 1 0 4 4 1  741    5 
8 1 0 3 0 1 0 1 3 0  785    4 
8 1 0 3 3 0 0 1 1 1  866    5 
8 1 0 0 0 1 1 1 1 1  490    4 
8 1 2 2 1 0 1 3 3 1  625    5 
8 1 0 3 0 1 0 1 1 1  899    4 
8 1 1 1 1 1 1 2 4 0 1145    5 
8 1 1 0 1 1 0 2 2 1  914    5 
8 1 0 0 3 0 1 1 1 1  935    5 
8 1 3 2 2 0 0 4 4 1 1004    4 
8 1 0 0 3 0 1 1 1 1  733    5 
8 1 2 2 2 1 1 3 3 1  899    4 
8 1 1 1 1 1 1 2 2 1  745    5 
8 1 0 0 3 0 1 1 1 1 1582    5 
8 1 2 2 1 0 1 3 3 1  767    4 
8 1 3 3 3 1 1 4 4 1  835    4 
8 1 2 1 1 0 0 3 3 1  836    5 
8 1 2 2 2 1 1 3 3 1  613    4 
8 1 1 1 0 0 1 2 2 1  831    4 
8 1 2 2 2 1 1 3 3 1  713    5 
8 1 1 0 1 1 0 2 2 1 1095    5 
8 1 2 2 2 1 1 3 3 1  468    4 
8 1 3 3 2 0 1 4 4 1  733    4 
8 1 1 1 1 1 1 2 2 1  851    4 
8 1 0 0 3 0 1 1 1 1  779    4 
8 1 3 3 2 0 1 4 4 1  638    4 
8 1 1 1 0 0 1 2 2 1  935    5 
8 1 1 1 1 1 1 2 2 1  556    4 
8 1 0 3 3 0 0 1 1 1 1049    5 
8 1 3 2 2 0 0 4 4 1  905    5 
8 1 0 0 0 1 1 1 3 0  630    5 
8 1 1 1 0 0 1 2 2 1  853    4 
8 1 2 1 1 0 0 3 3 1 1085    5 
8 1 3 3 2 0 1 4 4 1  851    4 
8 1 2 2 2 1 1 3 3 1  596    4 
8 1 3 3 3 1 1 4 4 1  439    4 
8 1 0 0 0 1 1 1 1 1 1000    4 
8 1 2 1 2 1 0 3 3 1  874    4 
8 1 1 0 0 0 0 2 2 1 1081    4 
8 1 1 1 1 1 1 2 2 1  704    4 
8 1 3 3 3 1 1 4 4 1  550    4 
8 1 3 3 3 1 1 4 4 1  547    4 
8 1 2 1 2 1 0 3 3 1  776    4 
8 1 2 1 2 1 0 3 3 1  572    4 
8 1 3 3 3 1 1 4 4 1  552    4 
8 1 0 0 0 1 1 1 1 1 1013    5 
8 1 1 0 0 0 0 2 1 0  494    4 
8 1 2 1 2 1 0 3 3 1  715    4 
8 1 2 2 1 0 1 3 2 0 1225    4 
8 1 2 1 2 1 0 3 1 0 1022    5 
8 1 3 2 3 1 0 4 4 1  892    4 
8 1 2 2 1 0 1 3 3 1  778    4 
8 1 1 1 0 0 1 2 2 1  901    4 
8 1 0 0 3 0 1 1 1 1 1404    4 
8 1 3 3 3 1 1 4 4 1  716    4 
8 1 2 2 2 1 1 3 3 1  747    4 
8 1 2 1 2 1 0 3 3 1  887    4 
8 1 1 1 0 0 1 2 2 1  830    4 
8 1 2 1 1 0 0 3 3 1  879    4 
8 1 1 1 0 0 1 2 2 1  662    5 
8 1 0 3 0 1 0 1 4 0 1142    5 
8 1 3 2 2 0 0 4 4 1 1127    5 
8 1 0 3 3 0 0 1 3 0  643    4 
8 1 0 3 3 0 0 1 3 0  833    4 
8 1 3 3 2 0 1 4 4 1 1184    5 
8 1 1 0 0 0 0 2 1 0  522    4 
8 1 0 0 3 0 1 1 1 1  821    4 
8 1 2 1 1 0 0 3 3 1  710    4 
8 1 2 1 2 1 0 3 3 1  812    5 
8 1 2 2 1 0 1 3 3 1  686    4 
8 1 0 0 3 0 1 1 1 1  893    4 
8 1 1 1 0 0 1 2 2 1 1659    4 
8 2 2 3 0 0 0 3 3 1 1584    4 
8 2 2 3 0 0 0 3 3 1  745    4 
8 2 2 3 2 1 0 3 3 1  702    4 
8 2 2 2 2 1 1 3 3 1  668    4 
8 2 3 0 3 1 0 4 4 1 1149    4 
8 2 1 2 3 0 0 2 2 1  736    5 
8 2 1 1 1 1 1 2 2 1  581    4 
8 2 0 1 0 1 0 1 3 0  993    4 
8 2 0 0 0 1 1 1 1 1  512    4 
8 2 2 2 2 1 1 3 3 1  719    4 
8 2 3 3 3 1 1 4 2 0  933    4 
8 2 3 0 3 1 0 4 4 1  727    4 
8 2 2 2 0 0 1 3 3 1 1164    4 
8 2 0 1 0 1 0 1 1 1  927    5 
8 2 2 2 0 0 1 3 3 1  732    4 
8 2 1 2 1 1 0 2 4 0  793    4 
8 2 3 0 1 0 0 4 4 1  665    5 
8 2 1 1 3 0 1 2 2 1 1162    4 
8 2 2 2 2 1 1 3 3 1  684    5 
8 2 0 1 2 0 0 1 1 1  820    5 
8 2 1 2 1 1 0 2 2 1 1165    4 
8 2 1 2 3 0 0 2 2 1  712    4 
8 2 0 0 0 1 1 1 1 1 1182    4 
8 2 3 0 3 1 0 4 4 1 1056    4 
8 2 3 3 3 1 1 4 4 1  647    4 
8 2 3 3 3 1 1 4 4 1  496    4 
8 2 2 2 0 0 1 3 3 1  944    4 
8 2 1 1 1 1 1 2 2 1 1172    4 
8 2 3 3 1 0 1 4 4 1  678    5 
8 2 1 2 1 1 0 2 2 1  973    4 
8 2 2 2 0 0 1 3 3 1  992    4 
8 2 1 2 1 1 0 2 2 1  922    4 
8 2 0 0 0 1 1 1 1 1  727    4 
8 2 2 2 2 1 1 3 3 1  764    5 
8 2 2 2 2 1 1 3 3 1  552    5 
8 2 3 3 1 0 1 4 4 1 1277    4 
8 2 0 1 0 1 0 1 1 1  907    4 
8 2 2 3 0 0 0 3 3 1 1104    5 
8 2 1 2 3 0 0 2 2 1 1029    4 
8 2 1 1 1 1 1 2 2 1  646    4 
8 2 0 0 0 1 1 1 1 1 1295    5 
8 2 0 1 2 0 0 1 1 1  684    5 
8 2 1 1 1 1 1 2 2 1  995    4 
8 2 1 1 1 1 1 2 2 1  549    4 
8 2 3 3 1 0 1 4 4 1  794    5 
8 2 3 3 1 0 1 4 4 1  533    4 
8 2 3 3 3 1 1 4 4 1  683    4 
8 2 0 0 2 0 1 1 3 0  923    5 
8 2 3 0 3 1 0 4 4 1  941    4 
8 2 0 1 2 0 0 1 1 1  681    4 
8 2 1 2 3 0 0 2 2 1  952    5 
8 2 0 0 2 0 1 1 1 1  893    4 
8 2 2 3 2 1 0 3 3 1  875    5 
8 2 0 1 0 1 0 1 1 1  938    4 
8 2 2 2 2 1 1 3 3 1  430    5 
8 2 3 0 3 1 0 4 4 1  904    5 
8 2 1 2 3 0 0 2 2 1 1342    5 
8 2 3 3 3 1 1 4 4 1  849    4 
8 2 3 3 3 1 1 4 4 1  521    4 
8 2 2 3 2 1 0 3 3 1 1063    5 
8 2 3 3 1 0 1 4 4 1  646    4 
8 2 0 0 0 1 1 1 1 1  559    4 
8 2 1 2 3 0 0 2 2 1  868    4 
8 2 1 1 1 1 1 2 2 1  587    4 
8 2 1 1 3 0 1 2 2 1  495    5 
8 2 3 3 1 0 1 4 4 1  574    4 
8 2 2 3 2 1 0 3 3 1  794    4 
8 2 0 0 0 1 1 1 2 0  813    5 
8 2 3 3 1 0 1 4 4 1  964    4 
8 2 2 2 2 1 1 3 2 0  959    5 
8 2 2 3 0 0 0 3 3 1  944    4 
8 2 0 1 2 0 0 1 1 1  924    4 
8 2 2 2 0 0 1 3 3 1  681    4 
8 2 1 2 1 1 0 2 4 0 1336    4 
8 2 0 0 0 1 1 1 1 1 1273    4 
8 2 0 0 0 1 1 1 1 1  551    4 
8 2 2 3 0 0 0 3 3 1  820    5 
8 2 0 0 2 0 1 1 1 1  685    4 
8 2 3 3 1 0 1 4 4 1 1677    4 
8 2 1 1 3 0 1 2 2 1  577    5 
8 2 3 3 3 1 1 4 4 1  837    4 
8 2 0 0 2 0 1 1 3 0 1230    4 
8 2 3 3 1 0 1 4 4 1  643    4 
8 2 0 0 2 0 1 1 1 1  804    4 
8 2 3 3 1 0 1 4 2 0  478    4 
8 2 0 0 0 1 1 1 1 1  835    4 
8 2 0 1 0 1 0 1 1 1  708    4 
8 2 1 1 3 0 1 2 2 1 1034    4 
8 2 1 2 3 0 0 2 2 1  723    4 
8 2 1 1 3 0 1 2 2 1  552    5 
8 2 2 3 2 1 0 3 3 1 1533    4 
8 2 3 3 1 0 1 4 4 1 1144    4 
8 2 3 0 3 1 0 4 4 1  755    4 
8 2 3 0 3 1 0 4 4 1  495    4 
8 2 1 1 3 0 1 2 2 1  847    4 
8 2 2 3 2 1 0 3 3 1  823    4 
8 2 3 0 1 0 0 4 4 1  816    5 
8 2 0 1 0 1 0 1 1 1 1258    4 
8 2 2 2 0 0 1 3 3 1  673    4 
8 2 3 0 3 1 0 4 2 0 1080    4 
8 2 1 2 3 0 0 2 2 1  692    5 
8 2 2 2 0 0 1 3 3 1  979    4 
8 2 0 0 0 1 1 1 1 1  701    4 
8 2 2 2 2 1 1 3 3 1  884    5 
8 2 0 1 2 0 0 1 1 1 1179    5 
8 2 0 0 0 1 1 1 1 1  957    4 
8 2 2 2 2 1 1 3 3 1  849    5 
8 2 3 3 3 1 1 4 4 1  913    4 
8 2 0 0 0 1 1 1 1 1 1095    4 
8 2 3 0 1 0 0 4 4 1  948    5 
8 2 2 3 2 1 0 3 3 1 1152    5 
8 2 0 1 2 0 0 1 1 1 1284    5 
8 2 0 0 2 0 1 1 1 1  682    4 
8 2 0 1 2 0 0 1 1 1  465    5 
8 2 3 0 1 0 0 4 3 0 1402    4 
8 2 2 3 0 0 0 3 3 1  872    4 
8 2 0 1 0 1 0 1 1 1  983    4 
8 2 1 1 3 0 1 2 2 1  810    4 
8 2 0 1 2 0 0 1 3 0  812    4 
8 2 3 0 1 0 0 4 4 1  867    4 
8 2 0 1 0 1 0 1 1 1 1131    4 
8 2 1 1 1 1 1 2 3 0 1135    4 
8 2 0 0 2 0 1 1 1 1  976    4 
8 2 3 0 1 0 0 4 4 1 1155    4 
8 2 2 2 2 1 1 3 3 1 1630    5 
8 2 3 3 1 0 1 4 4 1  748    4 
8 2 1 2 3 0 0 2 2 1 1025    4 
8 2 0 0 0 1 1 1 1 1 1186    5 
8 2 0 1 2 0 0 1 2 0  788    5 
8 2 2 3 2 1 0 3 3 1 1011    5 
8 2 2 3 0 0 0 3 3 1  741    4 
8 2 2 3 2 1 0 3 3 1  577    4 
8 2 1 1 1 1 1 2 1 0  965    4 
8 2 1 1 1 1 1 2 2 1  598    4 
8 2 2 2 0 0 1 3 3 1 1073    4 
8 2 3 3 3 1 1 4 4 1 1335    4 
8 2 3 0 3 1 0 4 4 1  827    4 
8 2 0 1 2 0 0 1 1 1  916    5 
8 2 3 0 1 0 0 4 4 1  922    4 
8 2 1 2 1 1 0 2 2 1 1135    4 
8 2 1 2 1 1 0 2 2 1  547    4 
8 2 1 2 3 0 0 2 2 1  568    5 
8 2 0 0 2 0 1 1 3 0 1061    5 
8 2 3 3 1 0 1 4 4 1  881    4 
8 2 0 0 0 1 1 1 1 1  656    4 
8 2 0 0 2 0 1 1 1 1  576    5 
8 2 1 2 1 1 0 2 2 1 1092    4 
8 2 1 2 3 0 0 2 2 1  874    4 
8 2 2 3 0 0 0 3 3 1 1081    4 
8 2 2 2 0 0 1 3 3 1  503    4 
8 2 3 3 1 0 1 4 4 1  758    4 
8 2 2 3 2 1 0 3 3 1  842    4 
8 2 1 2 3 0 0 2 2 1  858    4 
8 2 3 0 3 1 0 4 4 1 1098    5 
8 2 3 0 3 1 0 4 4 1  552    5 
8 2 0 1 0 1 0 1 3 0  837    4 
8 2 0 1 0 1 0 1 1 1  699    4 
8 2 2 3 2 1 0 3 3 1  625    5 
8 2 3 3 1 0 1 4 4 1 1163    5 
8 2 1 1 3 0 1 2 2 1  766    4 
8 2 3 3 1 0 1 4 4 1  802    4 
8 2 2 3 0 0 0 3 3 1  997    4 
8 2 0 1 0 1 0 1 1 1  911    4 
8 2 1 1 1 1 1 2 2 1  732    4 
8 2 0 1 2 0 0 1 1 1  786    5 
8 2 2 3 2 1 0 3 3 1  797    4 
8 2 1 1 1 1 1 2 2 1  943    5 
8 2 1 1 3 0 1 2 2 1  723    4 
8 2 2 2 0 0 1 3 3 1  785    4 
8 2 2 2 2 1 1 3 3 1  644    4 
8 2 1 1 3 0 1 2 2 1 1269    4 
8 2 0 0 0 1 1 1 1 1  780    4 
8 2 2 3 0 0 0 3 3 1 1231    4 
8 2 2 3 2 1 0 3 3 1  551    5 
8 2 1 1 1 1 1 2 4 0 1476    4 
8 2 3 0 3 1 0 4 2 0  975    5 
8 2 3 0 3 1 0 4 4 1  638    4 
8 2 3 0 3 1 0 4 4 1  455    4 
8 2 2 3 0 0 0 3 3 1 1032    4 
8 2 2 2 0 0 1 3 3 1  617    4 
8 2 2 2 0 0 1 3 3 1  515    4 
8 2 1 2 3 0 0 2 2 1 1242    4 
8 2 1 2 3 0 0 2 2 1  569    4 
8 2 1 2 3 0 0 2 2 1  501    4 
8 2 3 0 1 0 0 4 4 1  957    4 
8 2 3 3 1 0 1 4 4 1  640    4 
8 2 1 2 1 1 0 2 2 1 1169   69 
8 2 1 2 3 0 0 2 2 1  636    4 
8 2 0 0 0 1 1 1 1 1 1069    5 
8 2 1 2 1 1 0 2 2 1  892    4 
8 2 0 1 2 0 0 1 1 1  986    4 
8 2 2 3 0 0 0 3 3 1  805    4 
8 3 2 0 3 0 0 3 3 1 1275    5 
8 3 0 0 0 1 1 1 1 1 1041    5 
8 3 0 0 0 1 1 1 1 1  657    5 
8 3 0 2 0 1 0 1 1 1  697    5 
8 3 2 0 2 1 0 3 3 1  904    4 
8 3 0 2 1 0 0 1 1 1  701    4 
8 3 3 3 0 0 1 4 4 1  732    4 
8 3 2 0 2 1 0 3 3 1 1026    4 
8 3 1 1 1 1 1 2 2 1  810    4 
8 3 0 2 1 0 0 1 3 0 1124    5 
8 3 1 3 1 1 0 2 2 1 1021    5 
8 3 1 1 1 1 1 2 2 1  566    4 
8 3 2 0 3 0 0 3 3 1 1187    5 
8 3 3 1 3 1 0 4 4 1 1037    5 
8 3 3 3 3 1 1 4 4 1  541    5 
8 3 0 2 1 0 0 1 1 1 1586    4 
8 3 1 3 2 0 0 2 2 1  899    5 
8 3 3 3 0 0 1 4 4 1 1162    4 
8 3 3 1 3 1 0 4 4 1  716    4 
8 3 3 3 0 0 1 4 4 1  579    4 
8 3 3 1 3 1 0 4 4 1  502    4 
8 3 1 1 2 0 1 2 3 0 1101    5 
8 3 2 2 2 1 1 3 3 1  824    4 
8 3 2 0 3 0 0 3 3 1  785    4 
8 3 0 2 0 1 0 1 1 1 1028    4 
8 3 1 1 1 1 1 2 2 1  525    5 
8 3 3 3 3 1 1 4 4 1  635    4 
8 3 2 0 3 0 0 3 3 1 1165    5 
8 3 1 1 2 0 1 2 3 0  600    4 
8 3 3 3 3 1 1 4 4 1 1400    5 
8 3 3 3 3 1 1 4 4 1  513    4 
8 3 1 1 2 0 1 2 2 1  967    4 
8 3 3 1 3 1 0 4 4 1 1051    5 
8 3 0 2 0 1 0 1 3 0  795    4 
8 3 2 0 2 1 0 3 3 1  858    4 
8 3 2 2 3 0 1 3 3 1  722    5 
8 3 1 3 1 1 0 2 2 1  920    5 
8 3 1 1 1 1 1 2 2 1  589    5 
8 3 3 3 3 1 1 4 4 1  768    4 
8 3 0 0 0 1 1 1 1 1  684    4 
8 3 0 2 1 0 0 1 1 1  748    4 
8 3 0 0 1 0 1 1 1 1  561    4 
8 3 0 0 1 0 1 1 1 1  477    4 
8 3 2 0 2 1 0 3 3 1  909    4 
8 3 2 0 3 0 0 3 3 1  643    4 
8 3 3 1 0 0 0 4 4 1  844    5 
8 3 1 3 1 1 0 2 2 1  676    4 
8 3 0 2 1 0 0 1 1 1 1292    4 
8 3 1 3 1 1 0 2 4 0 1809    5 
8 3 3 1 3 1 0 4 4 1  773    4 
8 3 2 0 2 1 0 3 3 1 1040    4 
8 3 1 3 1 1 0 2 2 1  824    5 
8 3 2 0 2 1 0 3 3 1  849    4 
8 3 3 3 0 0 1 4 4 1  914    4 
8 3 1 1 1 1 1 2 2 1  767    5 
8 3 0 2 1 0 0 1 1 1 1531    4 
8 3 2 2 2 1 1 3 3 1  806    4 
8 3 1 3 2 0 0 2 2 1 1024    5 
8 3 2 2 2 1 1 3 3 1  913    4 
8 3 3 1 0 0 0 4 2 0  782    4 
8 3 1 3 2 0 0 2 2 1 1759    4 
8 3 1 1 2 0 1 2 2 1  720    4 
8 3 0 2 1 0 0 1 1 1 1357    4 
8 3 1 3 2 0 0 2 2 1  927    4 
8 3 1 1 2 0 1 2 2 1  764    4 
8 3 3 1 3 1 0 4 4 1 1216    4 
8 3 2 0 3 0 0 3 3 1 1049    4 
8 3 3 3 0 0 1 4 4 1  896    5 
8 3 1 3 1 1 0 2 2 1 1183    4 
8 3 2 2 2 1 1 3 3 1  737    4 
8 3 1 3 1 1 0 2 2 1  853    4 
8 3 0 2 0 1 0 1 1 1 1301    5 
8 3 2 0 3 0 0 3 3 1 1114    4 
8 3 2 0 3 0 0 3 3 1  519    5 
8 3 1 3 2 0 0 2 2 1  981    5 
8 3 3 3 3 1 1 4 4 1  864    4 
8 3 1 3 1 1 0 2 2 1  839    4 
8 3 2 2 3 0 1 3 3 1  960    4 
8 3 3 3 0 0 1 4 4 1 1075    4 
8 3 2 2 3 0 1 3 3 1 1010    4 
8 3 0 2 1 0 0 1 1 1 2155    4 
8 3 2 2 2 1 1 3 3 1 1051    4 
8 3 2 2 3 0 1 3 3 1  667    5 
8 3 3 1 0 0 0 4 4 1 1076    4 
8 3 0 2 0 1 0 1 1 1 1378    4 
8 3 0 2 1 0 0 1 1 1  587    4 
8 3 1 1 2 0 1 2 3 0  718    4 
8 3 0 2 1 0 0 1 1 1 1074    4 
8 3 0 0 0 1 1 1 1 1  824    4 
8 3 3 3 3 1 1 4 4 1 1209    5 
8 3 1 1 1 1 1 2 2 1 1130    4 
8 3 1 1 2 0 1 2 2 1  558    5 
8 3 2 2 3 0 1 3 3 1  843    4 
8 3 2 2 2 1 1 3 4 0  931    4 
8 3 1 1 1 1 1 2 2 1 1373    4 
8 3 1 1 1 1 1 2 2 1  855    4 
8 3 0 0 0 1 1 1 1 1 1046    4 
8 3 1 1 1 1 1 2 2 1  678    5 
8 3 0 0 0 1 1 1 1 1  462    5 
8 3 0 2 1 0 0 1 1 1 1135    4 
8 3 2 0 3 0 0 3 3 1  931    4 
8 3 2 2 3 0 1 3 3 1  472    5 
8 3 2 0 3 0 0 3 3 1  504    5 
8 3 0 0 1 0 1 1 1 1 1239    5 
8 3 1 1 2 0 1 2 2 1  886    5 
8 3 0 0 0 1 1 1 1 1 1005    4 
8 3 3 3 0 0 1 4 4 1  758    4 
8 3 2 0 2 1 0 3 3 1  850    5 
8 3 0 0 0 1 1 1 1 1  811    5 
8 3 1 1 2 0 1 2 2 1  860    4 
8 3 2 2 2 1 1 3 3 1  748    4 
8 3 1 3 1 1 0 2 4 0  633    4 
8 3 0 2 1 0 0 1 1 1  888    4 
8 3 2 2 2 1 1 3 3 1  790    4 
8 3 0 0 1 0 1 1 1 1  969    4 
8 3 2 2 3 0 1 3 3 1  748    5 
8 3 1 1 1 1 1 2 2 1 1169    4 
8 3 1 3 2 0 0 2 1 0 1003    4 
8 3 3 1 0 0 0 4 4 1 1011    4 
8 3 1 1 1 1 1 2 2 1  628    4 
8 3 3 1 0 0 0 4 4 1 1086    5 
8 3 0 2 1 0 0 1 3 0  820    5 
8 3 3 1 0 0 0 4 4 1  874    4 
8 3 0 0 1 0 1 1 1 1  873    5 
8 3 1 3 2 0 0 2 2 1 1248    4 
8 3 3 1 0 0 0 4 4 1 1200    4 
8 3 1 3 1 1 0 2 2 1 1073    5 
8 3 3 3 0 0 1 4 4 1 1007    4 
8 3 3 3 3 1 1 4 4 1  680    4 
8 3 2 0 2 1 0 3 3 1  872    4 
8 3 0 2 0 1 0 1 2 0  911    4 
8 3 0 0 0 1 1 1 1 1  594    4 
8 3 0 0 1 0 1 1 1 1  605    4 
8 3 3 1 3 1 0 4 4 1 1095    5 
8 3 0 2 1 0 0 1 1 1  973    5 
8 3 0 2 1 0 0 1 1 1  632    5 
8 3 2 2 3 0 1 3 3 1  833    4 
8 3 2 0 3 0 0 3 3 1  811    4 
8 3 3 3 0 0 1 4 4 1  708    5 
8 3 2 2 2 1 1 3 3 1  587    5 
8 3 2 2 2 1 1 3 3 1  550    4 
8 3 2 2 3 0 1 3 3 1  499    4 
8 3 2 0 3 0 0 3 3 1  779    4 
8 3 1 3 1 1 0 2 2 1  974    4 
8 3 3 1 0 0 0 4 4 1  920    4 
8 3 3 3 3 1 1 4 4 1  653    4 
8 3 0 2 1 0 0 1 3 0 1246    4 
8 3 3 3 0 0 1 4 4 1  754    4 
8 3 3 3 0 0 1 4 4 1  502    4 
8 3 1 1 2 0 1 2 2 1  885    4 
8 3 1 3 1 1 0 2 2 1  588    4 
8 3 3 3 0 0 1 4 4 1  695    4 
8 3 1 3 2 0 0 2 2 1  582    5 
8 3 3 1 3 1 0 4 4 1  906    4 
8 3 3 1 0 0 0 4 4 1  591    4 
8 3 0 2 1 0 0 1 1 1 2034    4 
8 3 2 2 3 0 1 3 3 1  576    4 
8 3 1 3 1 1 0 2 2 1 1892    4 
8 3 3 1 3 1 0 4 4 1  679    4 
8 3 3 3 0 0 1 4 4 1  871    4 
8 3 3 1 3 1 0 4 4 1  662    5 
8 3 0 2 0 1 0 1 1 1 1102    4 
8 3 1 1 2 0 1 2 2 1 1308    4 
8 3 1 1 2 0 1 2 2 1  512    4 
8 3 1 1 1 1 1 2 2 1  551    5 
8 3 2 2 3 0 1 3 3 1 1060    4 
8 3 2 0 2 1 0 3 3 1  947    4 
8 3 0 2 0 1 0 1 1 1  895    4 
8 3 2 2 3 0 1 3 3 1  853    5 
8 3 1 3 1 1 0 2 2 1 1037    5 
8 3 3 1 3 1 0 4 4 1  525    4 
8 3 0 2 1 0 0 1 1 1  835    5 
8 3 2 0 2 1 0 3 3 1  724    5 
8 3 1 1 1 1 1 2 2 1  809    4 
8 3 0 0 0 1 1 1 1 1 1067    4 
8 3 0 0 0 1 1 1 1 1  730    4 
8 3 3 3 3 1 1 4 4 1 1136    4 
8 3 0 2 0 1 0 1 1 1 1044    5 
8 3 2 2 3 0 1 3 3 1  884    4 
8 3 2 2 2 1 1 3 3 1  635    4 
8 3 3 3 0 0 1 4 2 0 1085    4 
8 3 2 2 2 1 1 3 3 1  656    5 
8 3 0 0 1 0 1 1 1 1  896    5 
8 3 3 3 3 1 1 4 4 1  615    5 
8 3 0 2 1 0 0 1 1 1  769    5 
8 3 3 3 0 0 1 4 4 1  621    5 
8 3 1 1 1 1 1 2 2 1  759    5 
8 3 3 1 3 1 0 4 4 1 1011    5 
8 3 3 1 0 0 0 4 4 1  732    4 
8 3 0 0 0 1 1 1 1 1  914    4 
8 3 2 0 2 1 0 3 3 1  655    5 
8 3 0 2 0 1 0 1 1 1 1199    5 
8 4 1 1 0 0 1 2 2 1 2178    5 
8 4 1 2 0 0 0 2 2 1 1329    4 
8 4 2 2 1 0 1 3 3 1 1173    5 
8 4 2 2 1 0 1 3 3 1  551    4 
8 4 2 3 1 0 0 3 3 1  780    5 
8 4 1 1 0 0 1 2 2 1  719    4 
8 4 2 3 1 0 0 3 3 1  573    4 
8 4 1 1 0 0 1 2 2 1  553    4 
8 4 0 0 0 1 1 1 1 1  750    4 
8 4 2 3 2 1 0 3 3 1  875    4 
8 4 1 2 1 1 0 2 2 1  938    4 
8 4 1 1 1 1 1 2 2 1  910    5 
8 4 0 0 3 0 1 1 3 0  827    4 
8 4 1 2 1 1 0 2 2 1  962    4 
8 4 0 1 0 1 0 1 3 0  909    4 
8 4 3 3 3 1 1 4 4 1  744    4 
8 4 3 3 2 0 1 4 4 1  588    5 
8 4 0 1 0 1 0 1 1 1  992    4 
8 4 3 3 2 0 1 4 4 1  906    4 
8 4 3 3 3 1 1 4 4 1  599    5 
8 4 1 2 0 0 0 2 2 1 1186    5 
8 4 0 1 0 1 0 1 3 0  764    5 
8 4 1 2 0 0 0 2 2 1 1006    4 
8 4 2 2 1 0 1 3 3 1 1023    4 
8 4 2 3 1 0 0 3 3 1  703    5 
8 4 0 1 3 0 0 1 1 1  861    4 
8 4 0 0 0 1 1 1 1 1  885    4 
8 4 0 0 0 1 1 1 1 1  588    4 
8 4 3 0 3 1 0 4 4 1  879    5 
8 4 1 1 1 1 1 2 2 1  774    4 
8 4 0 1 3 0 0 1 1 1  722    5 
8 4 3 0 2 0 0 4 4 1  951    5 
8 4 0 0 3 0 1 1 1 1 1203    4 
8 4 0 1 0 1 0 1 1 1 1012    4 
8 4 2 2 2 1 1 3 3 1 1150    4 
8 4 1 2 0 0 0 2 2 1 1097    4 
8 4 1 1 0 0 1 2 2 1  647    4 
8 4 2 3 1 0 0 3 3 1 1384    4 
8 4 2 3 2 1 0 3 3 1  665    4 
8 4 3 0 2 0 0 4 4 1 1186    4 
8 4 3 0 3 1 0 4 4 1  644    4 
8 4 2 3 1 0 0 3 3 1 1973    4 
8 4 3 0 3 1 0 4 4 1  877    5 
8 4 0 0 0 1 1 1 1 1  884    5 
8 4 0 1 3 0 0 1 1 1  739    4 
8 4 1 1 0 0 1 2 2 1 1136    5 
8 4 2 3 2 1 0 3 3 1  844    4 
8 4 3 3 2 0 1 4 4 1  660    4 
8 4 1 1 0 0 1 2 2 1 1261    4 
8 4 1 1 1 1 1 2 2 1  587    4 
8 4 1 2 1 1 0 2 2 1  686    4 
8 4 1 2 0 0 0 2 2 1  709    4 
8 4 0 1 3 0 0 1 3 0 1099    4 
8 4 0 0 0 1 1 1 1 1  726    5 
8 4 0 1 3 0 0 1 1 1  548    4 
8 4 3 0 2 0 0 4 1 0  465    5 
8 4 0 0 3 0 1 1 1 1  607    4 
8 4 2 3 2 1 0 3 3 1  866    4 
8 4 1 1 1 1 1 2 4 0 1137    4 
8 4 3 0 2 0 0 4 4 1 1091    4 
8 4 3 3 2 0 1 4 4 1  536    4 
8 4 3 0 2 0 0 4 4 1  502    4 
8 4 1 2 0 0 0 2 2 1 1269    4 
8 4 0 0 0 1 1 1 1 1 1260    5 
8 4 0 0 3 0 1 1 1 1  602    4 
8 4 0 0 0 1 1 1 1 1  573    4 
8 4 3 0 3 1 0 4 4 1 1225    4 
8 4 2 2 2 1 1 3 3 1  689    5 
8 4 0 0 3 0 1 1 1 1  888    4 
8 4 2 2 2 1 1 3 3 1 1358    4 
8 4 0 1 3 0 0 1 1 1  816    5 
8 4 2 2 2 1 1 3 3 1  610    4 
8 4 3 3 2 0 1 4 4 1 1413    4 
8 4 0 1 3 0 0 1 1 1 1309    5 
8 4 1 2 0 0 0 2 2 1 1497   18 
8 4 2 3 1 0 0 3 3 1  877    4 
8 4 0 0 0 1 1 1 1 1 1044    4 
8 4 0 0 0 1 1 1 1 1  596    4 
8 4 3 3 2 0 1 4 4 1 1663    4 
8 4 0 1 0 1 0 1 1 1  917    5 
8 4 2 3 2 1 0 3 3 1  650    4 
8 4 0 1 0 1 0 1 1 1  715    5 
8 4 3 3 3 1 1 4 2 0  841    5 
8 4 0 0 3 0 1 1 1 1  791    4 
8 4 3 3 2 0 1 4 4 1  754    4 
8 4 3 0 2 0 0 4 4 1  598    4 
8 4 3 0 2 0 0 4 4 1  497    4 
8 4 2 2 1 0 1 3 3 1  768    5 
8 4 1 2 1 1 0 2 2 1  908    4 
8 4 3 3 3 1 1 4 4 1  850    5 
8 4 2 3 1 0 0 3 3 1  938    4 
8 4 0 1 3 0 0 1 1 1  614    4 
8 4 1 1 1 1 1 2 2 1 1073    4 
8 4 2 3 2 1 0 3 1 0  927    4 
8 4 1 1 1 1 1 2 2 1 1113    4 
8 4 3 3 3 1 1 4 4 1 1326    5 
8 4 0 0 3 0 1 1 3 0  498    5 
8 4 1 2 0 0 0 2 2 1 2566    4 
8 4 1 1 0 0 1 2 2 1  717    4 
8 4 2 3 2 1 0 3 3 1  891    4 
8 4 0 0 3 0 1 1 1 1  897    5 
8 4 1 1 1 1 1 2 2 1 1064    5 
8 4 3 3 3 1 1 4 4 1 1047    5 
8 4 3 3 3 1 1 4 4 1  470    5 
8 4 1 1 0 0 1 2 2 1  855    4 
8 4 1 1 0 0 1 2 2 1  630    5 
8 4 1 1 0 0 1 2 2 1  488    5 
8 4 2 3 2 1 0 3 3 1  784    4 
8 4 2 3 2 1 0 3 3 1  675    4 
8 4 0 1 3 0 0 1 1 1  658    4 
8 4 0 1 3 0 0 1 1 1  555    5 
8 4 2 3 1 0 0 3 3 1  823    5 
8 4 0 0 3 0 1 1 1 1  592    4 
8 4 3 0 3 1 0 4 4 1  940    4 
8 4 1 2 0 0 0 2 2 1 1496    4 
8 4 2 3 2 1 0 3 3 1  884    5 
8 4 2 3 2 1 0 3 3 1  571    4 
8 4 3 3 3 1 1 4 4 1 1095    5 
8 4 3 0 3 1 0 4 4 1  581    4 
8 4 3 3 2 0 1 4 4 1  513    4 
8 4 0 0 3 0 1 1 1 1 1615    4 
8 4 0 0 0 1 1 1 1 1  503    4 
8 4 2 2 2 1 1 3 3 1  710    5 
8 4 1 2 0 0 0 2 3 0  564    5 
8 4 3 0 3 1 0 4 4 1  869    5 
8 4 0 1 3 0 0 1 1 1 1173    4 
8 4 1 2 1 1 0 2 2 1 1015    5 
8 4 3 3 2 0 1 4 4 1  800    4 
8 4 1 1 1 1 1 2 2 1  859    4 
8 4 3 3 2 0 1 4 4 1  563    4 
8 4 2 2 1 0 1 3 2 0  367    5 
8 4 0 1 0 1 0 1 1 1  914    5 
8 4 1 1 1 1 1 2 2 1  815    4 
8 4 0 1 0 1 0 1 1 1  561    4 
8 4 0 1 3 0 0 1 1 1 1078    4 
8 4 3 0 3 1 0 4 4 1  852    5 
8 4 1 2 0 0 0 2 2 1 1045    5 
8 4 1 1 1 1 1 2 2 1  964    4 
8 4 0 0 3 0 1 1 1 1  880    5 
8 4 3 0 3 1 0 4 4 1  895    5 
8 4 1 2 1 1 0 2 2 1 1013    5 
8 4 2 3 2 1 0 3 3 1 1206    4 
8 4 1 2 1 1 0 2 2 1 1231    4 
8 4 3 0 3 1 0 4 4 1  935    4 
8 4 3 0 3 1 0 4 4 1  660    4 
8 4 2 2 2 1 1 3 3 1  964    4 
8 4 3 3 3 1 1 4 4 1  695    4 
8 4 3 0 3 1 0 4 4 1  574    5 
8 4 2 2 2 1 1 3 3 1  554    4 
8 4 0 1 3 0 0 1 1 1  895    5 
8 4 1 2 0 0 0 2 2 1 1445    4 
8 4 0 1 3 0 0 1 3 0  764    4 
8 4 2 3 2 1 0 3 3 1 1493    4 
8 4 1 2 1 1 0 2 2 1  873    4 
8 4 2 3 1 0 0 3 3 1  896    5 
8 4 2 2 1 0 1 3 3 1  614    4 
8 4 2 2 2 1 1 3 3 1  497    5 
8 4 0 0 3 0 1 1 1 1  768    4 
8 4 3 0 3 1 0 4 4 1  892    4 
8 4 1 1 1 1 1 2 2 1  859    4 
8 4 2 2 1 0 1 3 3 1  746    4 
8 4 3 0 3 1 0 4 2 0  839    4 
8 4 2 2 1 0 1 3 3 1  637    5 
8 4 3 3 2 0 1 4 4 1  550    4 
8 4 1 2 0 0 0 2 2 1 1075    4 
8 4 2 3 1 0 0 3 3 1 1065    5 
8 4 3 3 3 1 1 4 2 0  896    5 
8 4 2 2 2 1 1 3 3 1 1228    4 
8 4 0 1 3 0 0 1 1 1  836    4 
8 4 3 3 3 1 1 4 4 1  749    5 
8 4 2 3 2 1 0 3 3 1  898    4 
8 4 2 3 1 0 0 3 3 1  808    4 
8 4 1 1 1 1 1 2 2 1  874    4 
8 4 0 0 3 0 1 1 1 1  841    4 
8 4 1 1 1 1 1 2 2 1  929    4 
8 4 1 1 1 1 1 2 2 1  566    4 
8 4 2 3 2 1 0 3 3 1 1099    5 
8 4 3 3 2 0 1 4 4 1  528    5 
8 4 3 3 2 0 1 4 4 1  494    5 
8 4 2 3 1 0 0 3 3 1  758    4 
8 4 3 3 2 0 1 4 4 1  562    4 
8 4 2 2 2 1 1 3 3 1  574    4 
8 4 2 2 1 0 1 3 3 1  674    4 
8 4 2 2 2 1 1 3 3 1  554    4 
8 4 2 2 2 1 1 3 3 1  406    4 
8 4 1 1 1 1 1 2 2 1 1089    5 
8 4 1 2 1 1 0 2 2 1  927    4 
8 4 0 1 3 0 0 1 3 0  980    5 
8 4 1 1 1 1 1 2 2 1  964    4 
8 4 0 0 0 1 1 1 1 1  503    5 
8 4 3 0 2 0 0 4 4 1  918    5 
8 4 3 0 2 0 0 4 4 1  651    4 
