3 1 2 1 0 0 0 3 3 1 1868    5 
3 1 1 0 1 1 0 2 2 1  984    4 
3 1 0 3 0 1 0 1 1 1  843    5 
3 1 2 1 2 1 0 3 3 1  835    5 
3 1 2 1 0 0 0 3 3 1  756    5 
3 1 0 0 0 1 1 1 1 1  784    4 
3 1 1 1 1 1 1 2 2 1  692    4 
3 1 2 2 2 1 1 3 3 1  835    4 
3 1 2 2 2 1 1 3 3 1  436    4 
3 1 3 2 1 0 0 4 4 1  709    5 
3 1 0 3 0 1 0 1 1 1 1116    4 
3 1 1 0 1 1 0 2 2 1  888    4 
3 1 1 1 3 0 1 2 2 1  855    4 
3 1 3 3 1 0 1 4 4 1  774    5 
3 1 1 0 1 1 0 2 2 1 1122    4 
3 1 3 3 1 0 1 4 4 1  686    4 
3 1 3 2 3 1 0 4 4 1  637    5 
3 1 3 3 3 1 1 4 4 1  582    4 
3 1 0 3 2 0 0 1 1 1  786    5 
3 1 0 3 0 1 0 1 1 1  773    4 
3 1 2 1 2 1 0 3 3 1  944    4 
3 1 3 3 1 0 1 4 4 1 1316    5 
3 1 0 3 2 0 0 1 1 1  777    5 
3 1 1 0 3 0 0 2 2 1 1156    4 
3 1 0 3 0 1 0 1 1 1  807    4 
3 1 3 2 1 0 0 4 4 1  833    4 
3 1 2 1 2 1 0 3 3 1  906    4 
3 1 1 0 1 1 0 2 2 1  919    5 
3 1 3 2 1 0 0 4 4 1  749    4 
3 1 2 2 0 0 1 3 3 1  865    5 
3 1 3 3 1 0 1 4 4 1  593    5 
3 1 3 3 3 1 1 4 4 1  548    4 
3 1 2 2 0 0 1 3 3 1  922    4 
3 1 1 0 1 1 0 2 2 1  934    4 
3 1 0 3 0 1 0 1 1 1 1083    5 
3 1 2 1 2 1 0 3 3 1  762    5 
3 1 0 0 0 1 1 1 1 1 1062    4 
3 1 3 3 3 1 1 4 4 1  549    4 
3 1 0 0 2 0 1 1 1 1  770    5 
3 1 1 0 3 0 0 2 2 1  861    4 
3 1 2 2 2 1 1 3 3 1 1101    4 
3 1 3 3 1 0 1 4 4 1  627    5 
3 1 3 3 1 0 1 4 4 1  460    4 
3 1 2 2 0 0 1 3 3 1  669    5 
3 1 2 2 2 1 1 3 3 1  517    4 
3 1 1 1 3 0 1 2 2 1  804    4 
3 1 0 0 0 1 1 1 1 1  757    4 
3 1 3 2 1 0 0 4 4 1  825    4 
3 1 1 0 3 0 0 2 2 1  899    4 
3 1 2 1 0 0 0 3 3 1  857    5 
3 1 1 1 1 1 1 2 2 1 1369    4 
3 1 2 2 0 0 1 3 3 1  763    4 
3 1 0 3 2 0 0 1 1 1  879    4 
3 1 2 1 2 1 0 3 3 1 1478    4 
3 1 1 0 1 1 0 2 2 1 1043    5 
3 1 1 1 1 1 1 2 2 1  619    5 
3 1 1 0 3 0 0 2 2 1  965    4 
3 1 1 1 3 0 1 2 2 1  664    4 
3 1 1 0 3 0 0 2 2 1  993    4 
3 1 0 3 0 1 0 1 1 1  971    5 
3 1 1 0 1 1 0 2 2 1  933    4 
3 1 0 0 2 0 1 1 1 1 1138    4 
3 1 0 3 0 1 0 1 1 1  854    5 
3 1 3 2 1 0 0 4 4 1  917    5 
3 1 3 3 3 1 1 4 4 1  491    4 
3 1 3 2 1 0 0 4 4 1  698    5 
3 1 2 1 2 1 0 3 3 1  801    4 
3 1 3 2 1 0 0 4 4 1 1108    5 
3 1 0 3 0 1 0 1 1 1  769    5 
3 1 3 3 1 0 1 4 4 1 1381    4 
3 1 0 0 0 1 1 1 1 1  966    5 
3 1 1 1 3 0 1 2 2 1  802    4 
3 1 2 1 0 0 0 3 3 1  876    4 
3 1 3 3 1 0 1 4 4 1  699    4 
3 1 2 1 0 0 0 3 3 1 1178    4 
3 1 1 0 3 0 0 2 3 0  892    5 
3 1 1 1 3 0 1 2 2 1  936    4 
3 1 2 2 0 0 1 3 3 1  908    4 
3 1 1 1 1 1 1 2 2 1  938    5 
3 1 1 0 3 0 0 2 2 1  870    5 
3 1 0 0 0 1 1 1 1 1  741    4 
3 1 1 0 3 0 0 2 2 1  834    5 
3 1 2 2 2 1 1 3 3 1  859    4 
3 1 0 0 0 1 1 1 1 1  643    4 
3 1 0 3 2 0 0 1 1 1  980    5 
3 1 2 1 2 1 0 3 3 1  838    4 
3 1 2 1 0 0 0 3 3 1  623    4 
3 1 0 3 0 1 0 1 1 1  744    5 
3 1 2 1 2 1 0 3 3 1  565    5 
3 1 3 2 3 1 0 4 4 1  674    4 
3 1 1 1 3 0 1 2 2 1  769    4 
3 1 2 2 2 1 1 3 3 1  885    4 
3 1 2 2 2 1 1 3 3 1  508    4 
3 1 3 2 1 0 0 4 4 1 1307    5 
3 1 1 0 3 0 0 2 2 1  895    4 
3 1 3 2 3 1 0 4 4 1  662    4 
3 1 2 1 2 1 0 3 3 1 1126    4 
3 1 3 3 1 0 1 4 4 1  658    4 
3 1 2 1 0 0 0 3 3 1  722    4 
3 1 3 3 1 0 1 4 4 1  512    5 
3 1 1 0 1 1 0 2 2 1 1271    4 
3 1 0 3 0 1 0 1 1 1  837    5 
3 1 2 2 0 0 1 3 4 0  709    5 
3 1 0 0 0 1 1 1 1 1  729    4 
3 1 3 3 3 1 1 4 4 1  582    5 
3 1 0 0 2 0 1 1 1 1  826    4 
3 1 1 0 1 1 0 2 2 1  923    4 
3 1 2 2 2 1 1 3 3 1  584    4 
3 1 3 3 1 0 1 4 4 1  604    4 
3 1 3 2 1 0 0 4 4 1  982    4 
3 1 0 3 0 1 0 1 2 0  969    4 
3 1 0 0 2 0 1 1 1 1 1266    4 
3 1 0 3 2 0 0 1 1 1  720    4 
3 1 1 1 1 1 1 2 2 1 1142    4 
3 1 0 3 2 0 0 1 1 1  809    5 
3 1 2 2 0 0 1 3 3 1  803    5 
3 1 3 3 1 0 1 4 4 1  557    4 
3 1 2 2 0 0 1 3 3 1  761    5 
3 1 1 1 3 0 1 2 2 1  773    4 
3 1 0 0 0 1 1 1 1 1  601    5 
3 1 0 0 0 1 1 1 1 1  476    4 
3 1 3 3 1 0 1 4 4 1  860    5 
3 1 1 1 1 1 1 2 2 1 1076    4 
3 1 2 1 0 0 0 3 3 1  954    5 
3 1 0 0 0 1 1 1 1 1  782    4 
3 1 3 3 3 1 1 4 4 1  601    4 
3 1 2 2 2 1 1 3 3 1  628    5 
3 1 0 0 2 0 1 1 1 1  670    4 
3 1 1 1 1 1 1 2 4 0  661    4 
3 1 2 2 2 1 1 3 3 1 1467    4 
3 1 3 2 1 0 0 4 4 1 1209    5 
3 1 1 0 3 0 0 2 2 1  857    5 
3 1 1 0 1 1 0 2 2 1  809    4 
3 1 0 3 2 0 0 1 1 1  923    5 
3 1 0 3 2 0 0 1 1 1 1016    5 
3 1 1 1 3 0 1 2 2 1  617    4 
3 1 0 3 0 1 0 1 1 1  795    4 
3 1 2 2 2 1 1 3 3 1  630    4 
3 1 1 0 3 0 0 2 2 1 1928    4 
3 1 3 3 1 0 1 4 4 1  761    4 
3 1 3 3 1 0 1 4 4 1  437    4 
3 1 1 0 3 0 0 2 2 1  759    5 
3 1 3 3 3 1 1 4 4 1  507    5 
3 1 2 2 0 0 1 3 3 1  786    4 
3 1 3 3 3 1 1 4 4 1  645    4 
3 1 2 2 2 1 1 3 3 1  630    5 
3 1 1 1 3 0 1 2 4 0  600    5 
3 1 1 0 3 0 0 2 2 1  744    4 
3 1 0 0 0 1 1 1 1 1  669    5 
3 1 3 3 1 0 1 4 4 1  669    4 
3 1 0 0 2 0 1 1 1 1  685    4 
3 1 0 0 0 1 1 1 1 1  764    4 
3 1 0 0 0 1 1 1 1 1  504    5 
3 1 3 3 3 1 1 4 4 1  519    4 
3 1 3 3 3 1 1 4 4 1  421    4 
3 1 3 2 1 0 0 4 4 1  752    4 
3 1 3 3 1 0 1 4 4 1  700    4 
3 1 3 2 1 0 0 4 4 1  611  248 
3 1 2 1 2 1 0 3 3 1  790    4 
3 1 3 3 3 1 1 4 4 1  504    4 
3 1 2 2 2 1 1 3 4 0 1031    5 
3 1 0 3 0 1 0 1 1 1 1245    5 
3 1 0 0 2 0 1 1 1 1  900    5 
3 1 0 3 2 0 0 1 1 1  738    5 
3 1 0 3 0 1 0 1 1 1  399    5 
3 1 1 0 1 1 0 2 1 0  571    4 
3 1 1 0 3 0 0 2 2 1  716    5 
3 1 2 1 2 1 0 3 3 1  914    5 
3 1 3 2 1 0 0 4 4 1 1087    4 
3 1 1 0 1 1 0 2 2 1 1069    4 
3 1 1 1 3 0 1 2 2 1 1452    5 
3 1 2 1 0 0 0 3 3 1 1067    4 
3 1 1 1 1 1 1 2 2 1 1090    5 
3 1 2 1 2 1 0 3 3 1  775    5 
3 1 1 0 1 1 0 2 2 1  891    5 
3 1 0 3 2 0 0 1 1 1  889    4 
3 1 0 0 0 1 1 1 1 1 1127    5 
3 1 2 1 2 1 0 3 3 1  940    4 
3 1 3 3 3 1 1 4 4 1  992    4 
3 1 1 0 3 0 0 2 2 1  802    4 
3 1 2 1 0 0 0 3 3 1  892    5 
3 1 1 0 3 0 0 2 2 1  730    4 
3 1 3 2 3 1 0 4 4 1  680    4 
3 1 3 3 3 1 1 4 4 1  503    5 
3 1 2 2 0 0 1 3 3 1  774    5 
3 1 3 2 3 1 0 4 4 1  609    4 
3 1 2 1 2 1 0 3 3 1  700    4 
3 1 0 0 2 0 1 1 2 0  691    4 
3 1 0 0 0 1 1 1 1 1  519    5 
3 1 1 0 1 1 0 2 2 1  813    4 
3 1 2 2 0 0 1 3 3 1  631    5 
3 1 0 0 2 0 1 1 1 1 1504    4 
3 2 3 0 3 1 0 4 4 1 1080    5 
3 2 1 1 2 0 1 2 2 1  998    4 
3 2 2 3 2 1 0 3 3 1 1096    5 
3 2 2 3 3 0 0 3 3 1  662    4 
3 2 3 3 0 0 1 4 4 1  598    4 
3 2 2 3 2 1 0 3 3 1  561    4 
3 2 1 1 2 0 1 2 2 1  742    4 
3 2 0 1 1 0 0 1 1 1  883    5 
3 2 0 1 0 1 0 1 1 1  794    5 
3 2 1 1 1 1 1 2 2 1  644    4 
3 2 1 2 2 0 0 2 2 1 1061    4 
3 2 3 3 3 1 1 4 4 1  564    4 
3 2 2 2 3 0 1 3 3 1  761    5 
3 2 2 3 2 1 0 3 4 0  677    4 
3 2 3 0 3 1 0 4 4 1 1154    5 
3 2 2 3 3 0 0 3 3 1  845    4 
3 2 3 0 0 0 0 4 4 1 1014    5 
3 2 1 2 2 0 0 2 2 1 1151    4 
3 2 2 3 2 1 0 3 3 1 1410    4 
3 2 1 2 1 1 0 2 2 1 1218    5 
3 2 3 0 3 1 0 4 4 1 1099    4 
3 2 3 3 3 1 1 4 4 1  553    4 
3 2 3 3 3 1 1 4 4 1  485    5 
3 2 2 3 2 1 0 3 3 1  637    5 
3 2 2 3 3 0 0 3 3 1  646    5 
3 2 1 1 1 1 1 2 2 1  799    5 
3 2 0 1 0 1 0 1 1 1 1178    5 
3 2 2 3 2 1 0 3 3 1  628    4 
3 2 0 0 1 0 1 1 1 1  814    5 
3 2 3 0 3 1 0 4 4 1  792    4 
3 2 3 0 0 0 0 4 4 1  562    5 
3 2 1 2 2 0 0 2 2 1  935    5 
3 2 1 2 1 1 0 2 2 1 1052    5 
3 2 0 0 0 1 1 1 1 1  643    5 
3 2 3 0 0 0 0 4 4 1  740    5 
3 2 2 2 2 1 1 3 3 1  945    5 
3 2 3 0 0 0 0 4 4 1  765    5 
3 2 3 0 3 1 0 4 4 1  617    5 
3 2 3 3 0 0 1 4 4 1  492    4 
3 2 2 2 3 0 1 3 3 1 1011    5 
3 2 1 2 1 1 0 2 2 1  900    5 
3 2 0 1 1 0 0 1 1 1  883    4 
3 2 3 3 3 1 1 4 4 1  570    4 
3 2 3 3 3 1 1 4 4 1  518    5 
3 2 0 0 0 1 1 1 1 1 1004    5 
3 2 2 2 2 1 1 3 3 1  646    4 
3 2 2 2 2 1 1 3 3 1  567    4 
3 2 2 2 2 1 1 3 3 1  491    4 
3 2 0 1 1 0 0 1 1 1  947    4 
3 2 1 2 1 1 0 2 2 1 1191    4 
3 2 0 0 1 0 1 1 1 1 1304    4 
3 2 0 1 1 0 0 1 1 1 1037    5 
3 2 1 1 2 0 1 2 2 1  821    5 
3 2 2 2 2 1 1 3 3 1  702    4 
3 2 0 1 0 1 0 1 1 1  837    5 
3 2 1 2 2 0 0 2 2 1  981    4 
3 2 1 1 2 0 1 2 2 1  560    5 
3 2 1 2 2 0 0 2 2 1  557    5 
3 2 2 2 2 1 1 3 3 1  793    4 
3 2 1 2 2 0 0 2 2 1  772    5 
3 2 2 3 3 0 0 3 3 1  983    4 
3 2 3 3 3 1 1 4 4 1  506    4 
3 2 1 2 2 0 0 2 2 1  872    4 
3 2 0 0 0 1 1 1 1 1  711    5 
3 2 2 2 2 1 1 3 3 1  734    5 
3 2 0 0 1 0 1 1 1 1  915    4 
3 2 2 3 3 0 0 3 3 1  673    5 
3 2 1 2 2 0 0 2 4 0  656    5 
3 2 2 2 2 1 1 3 4 0  630    4 
3 2 0 0 0 1 1 1 1 1  693    5 
3 2 1 2 2 0 0 2 2 1  883    5 
3 2 2 3 3 0 0 3 3 1 1202    4 
3 2 2 2 2 1 1 3 3 1  980    5 
3 2 2 2 2 1 1 3 3 1  606    5 
3 2 1 2 1 1 0 2 2 1  833    4 
3 2 1 2 1 1 0 2 2 1  938    4 
3 2 3 3 0 0 1 4 4 1  606    5 
3 2 1 1 1 1 1 2 2 1 1185    5 
3 2 0 0 0 1 1 1 1 1  627    4 
3 2 2 3 2 1 0 3 3 1  748    4 
3 2 3 3 0 0 1 4 4 1  977    5 
3 2 2 2 3 0 1 3 3 1 1260    4 
3 2 0 1 1 0 0 1 1 1  930    5 
3 2 0 1 0 1 0 1 2 0  911    4 
3 2 2 3 3 0 0 3 3 1  778    5 
3 2 3 3 0 0 1 4 4 1  677    5 
3 2 2 3 3 0 0 3 3 1  677    4 
3 2 3 0 0 0 0 4 4 1 1068    5 
3 2 0 0 0 1 1 1 1 1  771    5 
3 2 2 2 3 0 1 3 3 1  687    5 
3 2 3 0 0 0 0 4 4 1  614    5 
3 2 1 1 1 1 1 2 2 1  736    4 
3 2 1 1 1 1 1 2 2 1  541    5 
3 2 2 2 2 1 1 3 3 1  675    5 
3 2 2 3 3 0 0 3 3 1  698    4 
3 2 3 3 0 0 1 4 4 1  753    5 
3 2 1 2 1 1 0 2 2 1  845    4 
3 2 1 2 1 1 0 2 2 1  918    5 
3 2 0 0 1 0 1 1 1 1  643    4 
3 2 0 0 0 1 1 1 1 1  524    5 
3 2 3 0 0 0 0 4 4 1  890    4 
3 2 0 1 1 0 0 1 1 1  920    5 
3 2 2 3 2 1 0 3 3 1 1493    5 
3 2 3 0 0 0 0 4 1 0  914    5 
3 2 0 0 1 0 1 1 1 1  780    5 
3 2 3 0 0 0 0 4 4 1  664    5 
3 2 2 2 2 1 1 3 3 1  704    4 
3 2 0 1 1 0 0 1 1 1 1118   70 
3 2 3 0 3 1 0 4 4 1  747    4 
3 2 3 3 3 1 1 4 4 1  720    4 
3 2 0 0 1 0 1 1 1 1  797    4 
3 2 1 1 2 0 1 2 2 1  896    5 
3 2 3 3 3 1 1 4 4 1  638    4 
3 2 1 1 2 0 1 2 2 1  791    4 
3 2 3 0 3 1 0 4 4 1  754    4 
3 2 0 1 0 1 0 1 1 1  926    5 
3 2 3 3 3 1 1 4 4 1  618    5 
3 2 0 1 0 1 0 1 1 1  669    5 
3 2 0 1 1 0 0 1 1 1  813    4 
3 2 1 1 2 0 1 2 2 1  799    4 
3 2 2 3 3 0 0 3 3 1  818    5 
3 2 1 2 1 1 0 2 2 1 1075    5 
3 2 0 0 1 0 1 1 1 1  770    4 
3 2 2 3 3 0 0 3 3 1  781    4 
3 2 0 1 1 0 0 1 1 1  920    4 
3 2 1 2 1 1 0 2 2 1 1061    5 
3 2 0 1 1 0 0 1 1 1  804    4 
3 2 1 1 2 0 1 2 2 1  806    4 
3 2 1 2 1 1 0 2 2 1  720    4 
3 2 1 1 2 0 1 2 2 1  653    4 
3 2 2 2 2 1 1 3 3 1  870    5 
3 2 3 3 3 1 1 4 4 1  725    4 
3 2 2 2 3 0 1 3 3 1 1050    4 
3 2 1 2 1 1 0 2 2 1  794    5 
3 2 1 2 2 0 0 2 2 1  900    4 
3 2 0 1 1 0 0 1 1 1  843    5 
3 2 1 2 1 1 0 2 1 0  803    5 
3 2 3 3 0 0 1 4 4 1 1058    5 
3 2 0 1 1 0 0 1 1 1  761    4 
3 2 1 1 2 0 1 2 2 1  749    4 
3 2 0 0 1 0 1 1 1 1 1202    5 
3 2 2 2 3 0 1 3 3 1 1139    5 
3 2 1 2 1 1 0 2 3 0  687    5 
3 2 0 1 1 0 0 1 4 0  819    4 
3 2 2 2 2 1 1 3 3 1  954    4 
3 2 0 0 0 1 1 1 1 1  637    4 
3 2 0 1 0 1 0 1 1 1  822    5 
3 2 2 2 3 0 1 3 3 1 1088    4 
3 2 1 1 1 1 1 2 2 1  685    4 
3 2 0 0 0 1 1 1 1 1  693    4 
3 2 0 0 0 1 1 1 1 1  444    5 
3 2 1 2 2 0 0 2 2 1  773    5 
3 2 3 3 0 0 1 4 4 1 1017    5 
3 2 0 1 1 0 0 1 1 1  794    5 
3 2 1 1 2 0 1 2 2 1 1956    4 
3 2 3 3 3 1 1 4 4 1  597    5 
3 2 2 2 3 0 1 3 3 1  792    4 
3 2 2 2 2 1 1 3 3 1  634    4 
3 2 0 1 0 1 0 1 1 1  708    4 
3 2 3 0 3 1 0 4 4 1  594    4 
3 2 1 1 2 0 1 2 2 1  798    4 
3 2 1 1 1 1 1 2 1 0  640    4 
3 2 2 2 3 0 1 3 4 0 1134    5 
3 2 0 1 0 1 0 1 1 1 1128    4 
3 2 1 2 2 0 0 2 2 1 1252    5 
3 2 3 0 3 1 0 4 4 1 1715    5 
3 2 3 0 0 0 0 4 4 1  558    4 
3 2 2 2 2 1 1 3 3 1  819    4 
3 2 3 0 0 0 0 4 4 1  717    4 
3 2 0 0 1 0 1 1 1 1  851    5 
3 2 0 0 1 0 1 1 1 1  683    5 
3 2 2 2 2 1 1 3 3 1 1139    5 
3 2 0 1 1 0 0 1 1 1  750    4 
3 2 2 2 2 1 1 3 3 1 1059    5 
3 2 2 2 3 0 1 3 3 1  602    4 
3 2 3 0 0 0 0 4 4 1 1309    5 
3 2 3 3 3 1 1 4 4 1  618    4 
3 2 0 0 0 1 1 1 1 1  652    5 
3 2 0 1 1 0 0 1 1 1  781    4 
3 2 3 3 0 0 1 4 4 1  656    5 
3 2 3 3 0 0 1 4 4 1  505    4 
3 2 0 1 1 0 0 1 1 1  872    4 
3 2 2 3 2 1 0 3 3 1  670    5 
3 2 3 3 0 0 1 4 4 1 1006    4 
3 2 1 1 1 1 1 2 2 1  903    4 
3 2 0 1 0 1 0 1 1 1  757    4 
3 2 3 0 3 1 0 4 4 1  601    5 
3 2 1 2 1 1 0 2 2 1 1076    5 
3 2 1 1 2 0 1 2 2 1  706    4 
3 2 3 3 3 1 1 4 4 1  568    4 
3 2 3 3 3 1 1 4 4 1  445    5 
3 2 3 3 3 1 1 4 4 1  431    5 
3 3 3 3 3 1 1 4 4 1  853    5 
3 3 1 1 2 0 1 2 2 1  725    4 
3 3 3 3 0 0 1 4 4 1  523    4 
3 3 1 1 2 0 1 2 2 1  737    4 
3 3 2 2 2 1 1 3 3 1  493    5 
3 3 2 3 3 0 0 3 3 1  829    4 
3 3 0 0 0 1 1 1 1 1  566    4 
3 3 0 0 0 1 1 1 1 1  418    5 
3 3 1 2 1 1 0 2 2 1  805    4 
3 3 3 0 0 0 0 4 4 1  759    4 
3 3 2 2 3 0 1 3 3 1  843    4 
3 3 3 0 0 0 0 4 4 1  955    4 
3 3 1 2 1 1 0 2 2 1  806    4 
3 3 2 3 2 1 0 3 3 1  760    4 
3 3 0 1 1 0 0 1 1 1  812    4 
3 3 0 0 0 1 1 1 1 1 1294    5 
3 3 3 3 0 0 1 4 4 1  571    5 
3 3 1 2 1 1 0 2 2 1  919    5 
3 3 3 0 0 0 0 4 4 1  981    5 
3 3 3 0 3 1 0 4 4 1  655    4 
3 3 0 1 0 1 0 1 1 1  752    5 
3 3 0 1 1 0 0 1 1 1  844    5 
3 3 1 1 2 0 1 2 2 1  733    4 
3 3 0 0 1 0 1 1 1 1  714    4 
3 3 3 3 3 1 1 4 4 1  552    5 
3 3 2 3 2 1 0 3 3 1  709    5 
3 3 2 2 3 0 1 3 3 1  715    4 
3 3 0 0 0 1 1 1 1 1  985    4 
3 3 1 2 2 0 0 2 2 1  788    5 
3 3 1 1 1 1 1 2 2 1  894    5 
3 3 0 1 1 0 0 1 1 1  933    4 
3 3 0 1 1 0 0 1 1 1  761    4 
3 3 3 0 3 1 0 4 4 1  613    5 
3 3 1 1 2 0 1 2 2 1  752    4 
3 3 2 2 2 1 1 3 3 1  757    5 
3 3 3 3 3 1 1 4 4 1  577    4 
3 3 1 1 1 1 1 2 2 1  668    4 
3 3 3 0 0 0 0 4 4 1 1061    5 
3 3 3 3 3 1 1 4 4 1  484    4 
3 3 3 0 3 1 0 4 4 1  524    5 
3 3 1 1 2 0 1 2 2 1  714    5 
3 3 1 1 1 1 1 2 2 1  792    5 
3 3 2 2 2 1 1 3 3 1 1315    5 
3 3 0 1 1 0 0 1 1 1  871    5 
3 3 2 2 2 1 1 3 3 1  854    5 
3 3 2 2 2 1 1 3 3 1  550    4 
3 3 1 1 1 1 1 2 2 1  659    5 
3 3 2 3 2 1 0 3 2 0  803    4 
3 3 2 2 3 0 1 3 3 1  723    4 
3 3 0 1 1 0 0 1 1 1  808    4 
3 3 0 1 1 0 0 1 1 1  698    5 
3 3 3 3 0 0 1 4 4 1  593    5 
3 3 1 1 1 1 1 2 2 1  700    4 
3 3 2 2 3 0 1 3 3 1 1011    5 
3 3 1 1 1 1 1 2 2 1  628    4 
3 3 3 3 0 0 1 4 4 1 1078    4 
3 3 1 2 1 1 0 2 2 1  988    4 
3 3 3 3 0 0 1 4 4 1  598    4 
3 3 3 3 3 1 1 4 4 1  433    5 
3 3 2 3 2 1 0 3 3 1 1067    5 
3 3 0 0 0 1 1 1 1 1  811    4 
3 3 0 1 0 1 0 1 1 1  756    4 
3 3 0 1 1 0 0 1 1 1  952    4 
3 3 0 1 0 1 0 1 1 1  564    5 
3 3 3 3 0 0 1 4 4 1  569    4 
3 3 2 2 3 0 1 3 3 1  605    4 
3 3 0 0 0 1 1 1 1 1  799    5 
3 3 2 3 3 0 0 3 1 0  706    4 
3 3 0 1 0 1 0 1 1 1  701    5 
3 3 1 2 1 1 0 2 2 1  940    4 
3 3 1 2 2 0 0 2 2 1  528    4 
3 3 2 3 2 1 0 3 3 1 1046    4 
3 3 3 3 3 1 1 4 4 1  614    4 
3 3 0 0 1 0 1 1 1 1  649    5 
3 3 3 0 0 0 0 4 4 1 1154    4 
3 3 2 2 3 0 1 3 3 1 1485    4 
3 3 0 0 1 0 1 1 1 1  954    4 
3 3 0 1 1 0 0 1 1 1  670    5 
3 3 3 0 0 0 0 4 4 1  661    5 
3 3 0 0 1 0 1 1 1 1  726    4 
3 3 1 1 1 1 1 2 2 1  795    5 
3 3 0 0 1 0 1 1 1 1 1030    5 
3 3 1 1 1 1 1 2 1 0  534    4 
3 3 1 2 1 1 0 2 2 1  713    4 
3 3 1 2 2 0 0 2 2 1  623    5 
3 3 0 1 1 0 0 1 1 1 1017    4 
3 3 0 0 1 0 1 1 1 1  858    5 
3 3 3 3 0 0 1 4 4 1  546    5 
3 3 3 0 3 1 0 4 4 1  575    5 
3 3 2 3 3 0 0 3 3 1  923    5 
3 3 2 3 2 1 0 3 3 1  544    5 
3 3 2 2 2 1 1 3 3 1  589    4 
3 3 1 1 1 1 1 2 2 1  769    4 
3 3 1 1 2 0 1 2 2 1  541    4 
3 3 2 3 2 1 0 3 3 1  810    4 
3 3 0 0 0 1 1 1 1 1  692    4 
3 3 2 3 3 0 0 3 3 1 1019    5 
3 3 0 0 1 0 1 1 1 1  668    5 
3 3 3 0 3 1 0 4 4 1  756    4 
3 3 1 2 1 1 0 2 2 1  896    4 
3 3 3 3 3 1 1 4 4 1  526    5 
3 3 2 2 3 0 1 3 3 1  877    4 
3 3 3 0 0 0 0 4 4 1  859    4 
3 3 3 0 0 0 0 4 4 1  579    4 
3 3 3 3 3 1 1 4 4 1  943    5 
3 3 2 3 3 0 0 3 3 1 1459    5 
3 3 1 1 1 1 1 2 1 0  825    5 
3 3 3 3 0 0 1 4 1 0  655    4 
3 3 2 3 2 1 0 3 3 1  837    4 
3 3 2 2 2 1 1 3 3 1 1661    4 
3 3 0 0 0 1 1 1 1 1  539    5 
3 3 1 2 1 1 0 2 2 1  856    5 
3 3 3 3 3 1 1 4 4 1  680    5 
3 3 2 3 2 1 0 3 3 1  671    4 
3 3 1 2 2 0 0 2 2 1  767    5 
3 3 3 3 0 0 1 4 4 1 1435    5 
3 3 3 3 0 0 1 4 4 1  498    4 
3 3 2 3 3 0 0 3 3 1  730    5 
3 3 2 3 3 0 0 3 3 1  615    5 
3 3 3 0 3 1 0 4 4 1  793    4 
3 3 1 1 2 0 1 2 2 1  748    5 
3 3 1 2 1 1 0 2 2 1  649    4 
3 3 2 3 2 1 0 3 3 1  634    4 
3 3 1 1 1 1 1 2 2 1  731    4 
3 3 3 3 3 1 1 4 4 1  561    5 
3 3 0 1 0 1 0 1 1 1  773    4 
3 3 0 1 0 1 0 1 1 1  625    5 
3 3 0 0 0 1 1 1 1 1  586    5 
3 3 0 1 1 0 0 1 1 1  630    4 
3 3 0 1 1 0 0 1 1 1  559    4 
3 3 2 2 3 0 1 3 4 0  668    4 
3 3 2 2 2 1 1 3 3 1  657    4 
3 3 2 3 2 1 0 3 3 1  650    4 
3 3 0 1 1 0 0 1 1 1  819    4 
3 3 1 2 2 0 0 2 2 1  893    5 
3 3 1 1 1 1 1 2 1 0  675    4 
3 3 1 1 2 0 1 2 2 1  672    5 
3 3 1 1 1 1 1 2 2 1  535    5 
3 3 2 2 3 0 1 3 3 1  893    4 
3 3 2 3 3 0 0 3 3 1  708    5 
3 3 1 1 2 0 1 2 2 1  666    5 
3 3 2 2 2 1 1 3 3 1  858    4 
3 3 0 1 1 0 0 1 1 1  866    4 
3 3 3 3 0 0 1 4 4 1  665    5 
3 3 2 3 2 1 0 3 3 1 1098    4 
3 3 1 2 2 0 0 2 2 1  847    5 
3 3 3 0 3 1 0 4 4 1  912    5 
3 3 1 2 2 0 0 2 2 1 1141    5 
3 3 3 0 0 0 0 4 4 1  673    5 
3 3 1 1 1 1 1 2 2 1  728    4 
3 3 1 2 1 1 0 2 2 1  790    4 
3 3 2 3 3 0 0 3 3 1  792    5 
3 3 3 0 3 1 0 4 4 1  659    5 
3 3 2 2 3 0 1 3 3 1  947    4 
3 3 0 1 1 0 0 1 1 1  863    4 
3 3 0 0 0 1 1 1 1 1  607    4 
3 3 0 0 1 0 1 1 1 1  554    4 
3 3 1 1 1 1 1 2 2 1  630    4 
3 3 2 3 2 1 0 3 4 0  712    5 
3 3 0 0 0 1 1 1 1 1  651    4 
3 3 1 2 1 1 0 2 2 1  908    5 
3 3 3 0 0 0 0 4 4 1 1274    4 
3 3 1 1 2 0 1 2 2 1  688    5 
3 3 0 0 1 0 1 1 1 1  798    5 
3 3 3 0 3 1 0 4 4 1  633    4 
3 3 2 2 3 0 1 3 3 1  723    4 
3 3 3 0 3 1 0 4 4 1  704    4 
3 3 1 2 2 0 0 2 2 1  822    4 
3 3 2 3 2 1 0 3 3 1  783    5 
3 3 2 3 3 0 0 3 3 1  635    4 
3 3 3 0 0 0 0 4 4 1  924    4 
3 3 3 3 0 0 1 4 4 1  633    5 
3 3 3 0 3 1 0 4 4 1  547    5 
3 3 3 3 0 0 1 4 4 1  472    4 
3 3 1 1 1 1 1 2 3 0 1088    4 
3 3 2 2 2 1 1 3 3 1  739    5 
3 3 1 2 2 0 0 2 2 1  680    5 
3 3 0 0 1 0 1 1 1 1  752    4 
3 3 2 2 3 0 1 3 3 1  732    4 
3 3 1 2 1 1 0 2 2 1  890    5 
3 3 0 0 0 1 1 1 1 1 1240    4 
3 3 3 0 3 1 0 4 4 1  559    4 
3 3 0 1 1 0 0 1 1 1  876    4 
3 3 3 0 0 0 0 4 4 1  979    5 
3 3 0 1 0 1 0 1 1 1 1022    5 
3 3 1 2 2 0 0 2 2 1  718    4 
3 3 0 0 1 0 1 1 1 1  876    5 
3 3 2 3 2 1 0 3 3 1  867    5 
3 3 3 0 0 0 0 4 4 1  795    5 
3 3 2 3 3 0 0 3 3 1  781    4 
3 3 0 0 0 1 1 1 1 1  873    4 
3 3 0 0 0 1 1 1 1 1  496    5 
3 4 0 0 0 1 1 1 1 1 1072    5 
3 4 0 2 0 1 0 1 1 1  655    5 
3 4 3 1 1 0 0 4 4 1  807    5 
3 4 3 1 1 0 0 4 4 1  481    5 
3 4 3 1 1 0 0 4 4 1  489    4 
3 4 0 0 2 0 1 1 1 1  753    5 
3 4 2 0 0 0 0 3 3 1  829    4 
3 4 0 0 0 1 1 1 1 1  742    4 
3 4 2 0 0 0 0 3 3 1  659    5 
3 4 3 3 1 0 1 4 4 1  563    5 
3 4 0 0 2 0 1 1 1 1  624    4 
3 4 2 2 2 1 1 3 3 1  514    5 
3 4 3 1 1 0 0 4 4 1 1320    5 
3 4 3 1 3 1 0 4 4 1  581    5 
3 4 3 3 1 0 1 4 4 1  593    4 
3 4 2 2 2 1 1 3 3 1  724    5 
3 4 0 0 0 1 1 1 1 1  625    4 
3 4 3 3 3 1 1 4 4 1  467    5 
3 4 3 3 1 0 1 4 4 1  564    4 
3 4 2 2 2 1 1 3 3 1  600    4 
3 4 2 2 0 0 1 3 3 1  516    5 
3 4 0 2 0 1 0 1 1 1  690    4 
3 4 0 2 0 1 0 1 1 1  449    4 
3 4 2 0 2 1 0 3 1 0  635    4 
3 4 1 1 3 0 1 2 2 1  794    5 
3 4 3 1 3 1 0 4 4 1  724    4 
3 4 2 2 2 1 1 3 3 1  538    5 
3 4 1 1 1 1 1 2 2 1  759    5 
3 4 3 3 3 1 1 4 4 1  539    4 
3 4 2 2 2 1 1 3 3 1  640    5 
3 4 1 3 1 1 0 2 2 1  921    5 
3 4 1 3 1 1 0 2 2 1  534    4 
3 4 0 2 2 0 0 1 1 1  748    5 
3 4 0 0 2 0 1 1 1 1  713    5 
3 4 0 0 2 0 1 1 1 1  431    4 
3 4 0 0 2 0 1 1 1 1  441    4 
3 4 1 3 3 0 0 2 2 1  851    4 
3 4 2 0 2 1 0 3 3 1  828    5 
3 4 1 3 3 0 0 2 2 1  853    4 
3 4 1 3 3 0 0 2 2 1  661    4 
3 4 3 3 1 0 1 4 4 1  701    5 
3 4 0 0 2 0 1 1 1 1  604    5 
3 4 0 0 2 0 1 1 2 0  487    5 
3 4 3 1 1 0 0 4 4 1 1011    5 
3 4 1 3 3 0 0 2 2 1 1029    4 
3 4 3 1 3 1 0 4 4 1 1005    5 
3 4 1 3 1 1 0 2 2 1  942    4 
3 4 3 3 3 1 1 4 4 1  802    5 
3 4 0 2 2 0 0 1 1 1  773    5 
3 4 3 3 1 0 1 4 4 1  816    5 
3 4 0 0 0 1 1 1 1 1  546    4 
3 4 0 2 0 1 0 1 1 1  775    4 
3 4 1 3 1 1 0 2 2 1  819    4 
3 4 2 2 0 0 1 3 3 1 1133    5 
3 4 2 0 0 0 0 3 3 1  665    5 
3 4 3 3 1 0 1 4 4 1  809    4 
3 4 1 3 3 0 0 2 2 1  843    5 
3 4 2 2 0 0 1 3 3 1  771    4 
3 4 3 1 3 1 0 4 4 1  735    5 
3 4 1 1 1 1 1 2 2 1  684    5 
3 4 1 3 3 0 0 2 2 1  644    5 
3 4 0 0 0 1 1 1 1 1  621    4 
3 4 1 3 3 0 0 2 2 1  750    4 
3 4 1 3 3 0 0 2 2 1  827    4 
3 4 3 3 1 0 1 4 4 1  660    4 
3 4 3 3 3 1 1 4 4 1  549    4 
3 4 2 0 2 1 0 3 3 1 1122    5 
3 4 1 3 3 0 0 2 2 1  830    4 
3 4 1 1 3 0 1 2 2 1  767    5 
3 4 2 2 0 0 1 3 3 1  739    4 
3 4 3 3 3 1 1 4 4 1  544    4 
3 4 2 0 0 0 0 3 3 1  829    5 
3 4 1 1 1 1 1 2 2 1  590    4 
3 4 1 1 3 0 1 2 2 1 1162    4 
3 4 3 1 3 1 0 4 4 1  708    5 
3 4 0 2 0 1 0 1 1 1  882    6 
3 4 0 0 0 1 1 1 1 1  569    4 
3 4 3 1 1 0 0 4 2 0  797    5 
3 4 1 3 1 1 0 2 4 0  429    4 
3 4 2 2 2 1 1 3 3 1  733    5 
3 4 0 2 0 1 0 1 1 1  650    4 
3 4 3 1 3 1 0 4 4 1  627    5 
3 4 0 0 2 0 1 1 1 1  941    5 
3 4 0 0 2 0 1 1 1 1  465    5 
3 4 3 3 1 0 1 4 4 1  530    5 
3 4 3 3 3 1 1 4 4 1  464    5 
3 4 3 1 1 0 0 4 4 1 1121    4 
3 4 0 2 2 0 0 1 1 1 1725    4 
3 4 1 3 1 1 0 2 2 1  863    4 
3 4 2 2 2 1 1 3 3 1  623    4 
3 4 3 1 3 1 0 4 4 1 1057    5 
3 4 1 1 3 0 1 2 2 1 1048    5 
3 4 1 1 1 1 1 2 2 1  488    4 
3 4 1 1 3 0 1 2 2 1  455    5 
3 4 0 0 0 1 1 1 1 1  712    5 
3 4 2 2 0 0 1 3 4 0  686    5 
3 4 0 0 2 0 1 1 1 1  794    5 
3 4 2 0 0 0 0 3 3 1  861    4 
3 4 1 3 3 0 0 2 2 1  797    4 
3 4 3 3 3 1 1 4 2 0  527    4 
3 4 3 1 1 0 0 4 4 1 1050    4 
3 4 2 0 2 1 0 3 3 1  818    4 
3 4 0 0 0 1 1 1 1 1  852    4 
3 4 1 1 1 1 1 2 2 1  924    4 
3 4 1 1 1 1 1 2 2 1  553    4 
3 4 1 3 1 1 0 2 2 1  630    5 
3 4 1 3 1 1 0 2 2 1  528    5 
3 4 1 3 1 1 0 2 2 1  494    5 
3 4 2 0 2 1 0 3 3 1  717    5 
3 4 1 1 3 0 1 2 2 1  667    4 
3 4 2 0 0 0 0 3 3 1  820    4 
3 4 0 0 0 1 1 1 1 1  669    5 
3 4 1 3 3 0 0 2 2 1  837    5 
3 4 1 1 3 0 1 2 2 1 1197    4 
3 4 1 3 3 0 0 2 2 1  535    4 
3 4 2 0 0 0 0 3 3 1  821    5 
3 4 2 2 0 0 1 3 3 1 1582    4 
3 4 3 3 1 0 1 4 4 1  567    4 
3 4 2 2 2 1 1 3 3 1  867    5 
3 4 0 2 0 1 0 1 1 1  771    5 
3 4 2 0 0 0 0 3 1 0  550    5 
3 4 0 0 0 1 1 1 3 0  761    5 
3 4 0 0 2 0 1 1 1 1  978    4 
3 4 0 2 2 0 0 1 1 1  853    5 
3 4 3 3 3 1 1 4 4 1  461    5 
3 4 1 3 3 0 0 2 2 1  950    5 
3 4 3 1 3 1 0 4 4 1  890    4 
3 4 2 2 2 1 1 3 3 1  784    5 
3 4 3 3 1 0 1 4 4 1  804    4 
3 4 3 1 1 0 0 4 4 1  614    5 
3 4 2 2 0 0 1 3 3 1 1768    4 
3 4 2 2 0 0 1 3 3 1  641    5 
3 4 0 2 0 1 0 1 1 1  850    4 
3 4 1 3 1 1 0 2 2 1  746    4 
3 4 0 2 2 0 0 1 1 1  783    5 
3 4 3 3 3 1 1 4 4 1  690    5 
3 4 0 2 0 1 0 1 1 1  761    5 
3 4 0 2 0 1 0 1 1 1  941    4 
3 4 0 2 0 1 0 1 1 1  537    4 
3 4 2 2 0 0 1 3 3 1 1215    4 
3 4 1 1 1 1 1 2 2 1 1399    4 
3 4 3 1 3 1 0 4 4 1  648    5 
3 4 2 2 2 1 1 3 3 1  873    5 
3 4 3 1 3 1 0 4 4 1  776    5 
3 4 0 2 0 1 0 1 1 1  739    5 
3 4 3 3 3 1 1 4 4 1  496    5 
3 4 2 2 0 0 1 3 3 1 1184    4 
3 4 2 2 2 1 1 3 3 1  554    4 
3 4 2 2 0 0 1 3 3 1  694    4 
3 4 0 2 0 1 0 1 1 1  725    4 
3 4 3 1 3 1 0 4 4 1  587    5 
3 4 1 1 3 0 1 2 2 1 1742    5 
3 4 0 2 0 1 0 1 1 1  751    4 
3 4 2 0 2 1 0 3 3 1 1156    4 
3 4 2 0 0 0 0 3 3 1  623    4 
3 4 1 3 1 1 0 2 2 1  633    5 
3 4 0 2 2 0 0 1 1 1  962    4 
3 4 0 2 0 1 0 1 1 1  662    5 
3 4 3 1 3 1 0 4 4 1  678    4 
3 4 2 2 0 0 1 3 3 1 1126    4 
3 4 1 1 1 1 1 2 2 1  746    4 
3 4 1 3 3 0 0 2 2 1  638    4 
3 4 2 2 2 1 1 3 3 1  575    5 
3 4 1 3 1 1 0 2 2 1  723    5 
3 4 0 2 2 0 0 1 1 1  729    4 
3 4 2 2 0 0 1 3 3 1 1054    5 
3 4 2 0 0 0 0 3 3 1  813    5 
3 4 2 0 2 1 0 3 3 1  623    5 
3 4 0 0 2 0 1 1 1 1  649    4 
3 4 0 0 2 0 1 1 1 1  482    4 
3 4 1 3 3 0 0 2 2 1  858    4 
3 4 1 3 3 0 0 2 2 1  530    4 
3 4 0 2 0 1 0 1 3 0  856    4 
3 4 2 2 2 1 1 3 3 1  981    5 
3 4 2 2 0 0 1 3 3 1 1239    5 
3 4 3 3 1 0 1 4 4 1  631    4 
3 4 1 1 3 0 1 2 2 1  760    4 
3 4 2 2 2 1 1 3 3 1  612    5 
3 4 0 2 0 1 0 1 1 1  695    4 
3 4 1 1 1 1 1 2 2 1  678    5 
3 4 1 3 3 0 0 2 2 1  853    5 
3 4 2 2 2 1 1 3 3 1  613    4 
3 4 3 1 3 1 0 4 2 0  775    5 
3 4 3 3 1 0 1 4 4 1  872    4 
3 4 3 1 1 0 0 4 4 1  591    5 
3 4 2 2 2 1 1 3 3 1  602    4 
3 4 3 1 1 0 0 4 4 1  885    5 
3 4 1 3 3 0 0 2 2 1  924    4 
3 4 2 0 0 0 0 3 3 1  793    5 
3 4 3 3 3 1 1 4 4 1 1180    4 
3 4 0 0 0 1 1 1 1 1  638    5 
3 4 3 3 1 0 1 4 4 1  871    5 
