21 1 3 3 3 1 1 4 4 1 3369    4 
21 1 1 1 3 0 1 2 3 0 1581    4 
21 1 1 1 1 1 1 2 2 1  779    5 
21 1 3 3 1 0 1 4 4 1  750    4 
21 1 2 2 2 1 1 3 3 1 1059    4 
21 1 3 2 1 0 0 4 4 1 1530    4 
21 1 2 1 0 0 0 3 3 1 1517    5 
21 1 1 0 1 1 0 2 2 1 1545    4 
21 1 1 0 1 1 0 2 2 1  859    5 
21 1 0 3 2 0 0 1 1 1  883    4 
21 1 2 1 2 1 0 3 3 1 3002    5 
21 1 1 1 3 0 1 2 2 1 1270    4 
21 1 1 1 3 0 1 2 2 1  652    4 
21 1 3 3 1 0 1 4 4 1  773    5 
21 1 2 2 0 0 1 3 3 1 2089    4 
21 1 0 3 2 0 0 1 1 1  884    4 
21 1 2 1 0 0 0 3 3 1 1755    4 
21 1 0 0 2 0 1 1 1 1 1109    5 
21 1 2 1 0 0 0 3 3 1 1153    4 
21 1 1 1 1 1 1 2 3 0 2157    5 
21 1 0 3 2 0 0 1 1 1  947    5 
21 1 1 1 1 1 1 2 2 1  911    5 
21 1 1 1 1 1 1 2 2 1  548    5 
21 1 3 3 1 0 1 4 4 1 1122    4 
21 1 3 2 3 1 0 4 4 1  638    4 
21 1 3 2 3 1 0 4 4 1  471    5 
21 1 2 1 0 0 0 3 3 1 1351    4 
21 1 1 0 1 1 0 2 2 1  930    5 
21 1 2 2 2 1 1 3 3 1 1327    5 
21 1 1 0 3 0 0 2 2 1  874    4 
21 1 0 0 2 0 1 1 1 1 1065    4 
21 1 2 2 2 1 1 3 3 1 1296    4 
21 1 3 2 3 1 0 4 4 1  885    5 
21 1 0 3 0 1 0 1 1 1 1300    5 
21 1 1 1 1 1 1 2 3 0 1146    4 
21 1 3 2 3 1 0 4 4 1  938    5 
21 1 0 3 0 1 0 1 1 1  910    4 
21 1 1 1 3 0 1 2 2 1 1564    4 
21 1 2 2 2 1 1 3 3 1  813    5 
21 1 2 1 0 0 0 3 3 1  935    5 
21 1 1 0 1 1 0 2 3 0  972    4 
21 1 0 3 2 0 0 1 1 1  748    5 
21 1 0 3 0 1 0 1 1 1  953    5 
21 1 1 0 3 0 0 2 2 1 1509    5 
21 1 0 3 2 0 0 1 1 1  897    5 
21 1 2 1 2 1 0 3 3 1 1007    4 
21 1 3 3 1 0 1 4 4 1  824    4 
21 1 2 1 0 0 0 3 3 1 1849    5 
21 1 2 1 0 0 0 3 3 1  703    4 
21 1 1 1 3 0 1 2 2 1 1005    4 
21 1 0 0 0 1 1 1 1 1  582    4 
21 1 3 2 1 0 0 4 4 1 1386    4 
21 1 2 2 2 1 1 3 3 1 1123    5 
21 1 0 0 0 1 1 1 1 1 1456    5 
21 1 3 2 3 1 0 4 4 1  909    4 
21 1 3 2 1 0 0 4 4 1  547    4 
21 1 1 0 1 1 0 2 2 1 1160    4 
21 1 1 0 1 1 0 2 2 1  763    4 
21 1 0 0 0 1 1 1 1 1 1815    4 
21 1 2 2 2 1 1 3 4 0  902    5 
21 1 2 1 0 0 0 3 3 1  929    5 
21 1 2 2 0 0 1 3 3 1  430    5 
21 1 0 3 0 1 0 1 2 0 3193  152 
21 1 0 0 0 1 1 1 1 1  474    5 
21 1 3 2 1 0 0 4 4 1 2210    4 
21 1 2 1 0 0 0 3 3 1 1192    4 
21 1 3 3 1 0 1 4 4 1  809    4 
21 1 2 2 0 0 1 3 3 1  947    4 
21 1 2 2 0 0 1 3 3 1  487    5 
21 1 0 3 2 0 0 1 2 0  918    4 
21 1 3 2 3 1 0 4 4 1 1097    4 
21 1 2 2 2 1 1 3 3 1 1631    4 
21 1 3 3 1 0 1 4 4 1  894    5 
21 1 3 3 1 0 1 4 4 1  460    5 
21 1 3 3 1 0 1 4 4 1  405    5 
21 1 0 3 0 1 0 1 1 1 1232    5 
21 1 2 2 0 0 1 3 3 1 1136    5 
21 1 2 2 2 1 1 3 3 1  524    4 
21 1 0 0 2 0 1 1 1 1  714    5 
21 1 3 3 3 1 1 4 4 1  688    5 
21 1 3 2 3 1 0 4 4 1  559    5 
21 1 3 2 3 1 0 4 4 1  524    4 
21 1 0 3 0 1 0 1 1 1 1874    6 
21 1 3 3 1 0 1 4 4 1  982    4 
21 1 3 2 1 0 0 4 4 1  920    4 
21 1 3 3 3 1 1 4 4 1  541    4 
21 1 1 1 3 0 1 2 2 1 1482    4 
21 1 0 3 0 1 0 1 1 1 1095    4 
21 1 2 1 0 0 0 3 3 1 1309    4 
21 1 1 0 3 0 0 2 2 1 1033    4 
21 1 1 1 1 1 1 2 2 1  698    4 
21 1 1 1 3 0 1 2 2 1  529    5 
21 1 2 2 0 0 1 3 3 1 1447    4 
21 1 3 2 3 1 0 4 4 1  741    4 
21 1 3 3 3 1 1 4 4 1  498    4 
21 1 1 0 3 0 0 2 2 1 3746    5 
21 1 1 1 1 1 1 2 2 1  573    5 
21 1 2 1 0 0 0 3 3 1 1209    5 
21 1 0 3 0 1 0 1 1 1  842    4 
21 1 2 2 2 1 1 3 3 1 1890    5 
21 1 0 0 2 0 1 1 1 1  901    5 
21 1 0 3 2 0 0 1 1 1  428    4 
21 1 1 1 1 1 1 2 2 1 2022    4 
21 1 1 1 1 1 1 2 2 1  396    4 
21 1 1 1 1 1 1 2 2 1  432    4 
21 1 1 0 1 1 0 2 2 1  690    4 
21 1 1 0 3 0 0 2 2 1  705    4 
21 1 3 3 1 0 1 4 4 1  895    5 
21 1 0 0 2 0 1 1 1 1 1270    5 
21 1 0 0 0 1 1 1 1 1  428    4 
21 1 3 2 1 0 0 4 4 1 1102    5 
21 1 0 0 0 1 1 1 1 1  684    4 
21 1 3 2 3 1 0 4 4 1  644    5 
21 1 2 1 2 1 0 3 2 0 1149    4 
21 1 1 1 3 0 1 2 4 0  733    4 
21 1 2 2 2 1 1 3 3 1  968    4 
21 1 0 3 0 1 0 1 1 1 1052    4 
21 1 3 2 3 1 0 4 4 1  763    5 
21 1 3 2 1 0 0 4 4 1  583    5 
21 1 3 2 3 1 0 4 4 1  539    4 
21 1 1 0 1 1 0 2 2 1 1513    4 
21 1 1 0 3 0 0 2 2 1  612    5 
21 1 3 3 3 1 1 4 4 1  815    5 
21 1 0 3 2 0 0 1 1 1 1393    5 
21 1 3 3 1 0 1 4 4 1  889    5 
21 1 3 2 3 1 0 4 4 1  720    5 
21 1 0 0 0 1 1 1 1 1  837    5 
21 1 1 0 1 1 0 2 2 1 1613    4 
21 1 3 3 3 1 1 4 4 1  589    4 
21 1 0 0 2 0 1 1 1 1  984    4 
21 1 0 3 0 1 0 1 1 1  971    4 
21 1 0 0 0 1 1 1 1 1  461    5 
21 1 0 3 0 1 0 1 1 1  550    4 
21 1 1 1 3 0 1 2 2 1 1244    4 
21 1 3 2 1 0 0 4 3 0  811    5 
21 1 1 0 3 0 0 2 2 1 1586    5 
21 1 0 0 0 1 1 1 1 1  835    4 
21 1 0 3 0 1 0 1 1 1  764    4 
21 1 0 3 0 1 0 1 1 1  488    4 
21 1 3 3 1 0 1 4 4 1  751    5 
21 1 2 2 2 1 1 3 3 1  876    4 
21 1 1 0 3 0 0 2 2 1 1547    4 
21 1 1 0 3 0 0 2 2 1  629    4 
21 1 0 3 2 0 0 1 1 1 1279    5 
21 1 2 1 0 0 0 3 3 1 3325    4 
21 1 0 0 2 0 1 1 1 1  923    4 
21 1 2 2 0 0 1 3 3 1 1144    4 
21 1 3 3 1 0 1 4 4 1  707    4 
21 1 3 2 3 1 0 4 3 0  569    4 
21 1 2 2 0 0 1 3 3 1  923    5 
21 1 1 0 1 1 0 2 2 1 1039    4 
21 1 2 1 0 0 0 3 3 1 1559    4 
21 1 2 2 0 0 1 3 3 1  577    4 
21 1 3 2 3 1 0 4 4 1 1045    7 
21 1 2 1 2 1 0 3 3 1 1004    4 
21 1 0 3 2 0 0 1 1 1  846    4 
21 1 3 3 1 0 1 4 4 1  886    5 
21 1 0 0 0 1 1 1 1 1 1277    5 
21 1 1 1 1 1 1 2 4 0  779    5 
21 1 1 1 1 1 1 2 3 0 1523    5 
21 1 2 2 0 0 1 3 3 1 1004    4 
21 1 2 2 0 0 1 3 3 1  517    4 
21 1 2 1 0 0 0 3 3 1  796    4 
21 1 0 3 2 0 0 1 1 1 1598    5 
21 1 2 1 0 0 0 3 2 0 1486    5 
21 1 2 2 0 0 1 3 3 1  777    4 
21 1 1 0 1 1 0 2 2 1  956   48 
21 1 2 2 2 1 1 3 3 1  991    5 
21 1 0 3 0 1 0 1 1 1  793    4 
21 1 1 1 1 1 1 2 2 1 1164    5 
21 1 0 3 0 1 0 1 3 0  727    4 
21 1 3 2 3 1 0 4 4 1  865    5 
21 1 3 2 1 0 0 4 4 1  873    5 
21 1 0 3 2 0 0 1 1 1 2112    5 
21 1 2 2 2 1 1 3 3 1 1426    5 
21 1 2 2 2 1 1 3 3 1  521    5 
21 1 0 0 0 1 1 1 1 1  935    4 
21 1 3 3 1 0 1 4 4 1  732    4 
21 1 1 1 3 0 1 2 2 1 1602    5 
21 1 2 2 0 0 1 3 3 1  786    4 
21 1 1 0 3 0 0 2 2 1 1101    5 
21 1 0 3 2 0 0 1 1 1  995    4 
21 1 2 1 2 1 0 3 3 1 1405    4 
21 1 1 1 3 0 1 2 2 1 2029    4 
21 1 1 1 3 0 1 2 2 1  595    5 
21 1 3 2 3 1 0 4 4 1 1150    5 
21 1 3 3 1 0 1 4 4 1  706    4 
21 1 1 1 1 1 1 2 3 0 1384    5 
21 1 0 0 0 1 1 1 1 1  654    5 
21 1 2 2 2 1 1 3 3 1 1751    5 
21 1 1 1 3 0 1 2 2 1  984    5 
21 1 0 3 0 1 0 1 1 1 1115    5 
21 2 1 1 2 0 1 2 2 1 1998    5 
21 2 2 2 2 1 1 3 3 1 1069    4 
21 2 2 2 2 1 1 3 3 1  596    5 
21 2 1 3 1 1 0 2 2 1 1215    5 
21 2 3 3 0 0 1 4 1 0  712    4 
21 2 2 2 2 1 1 3 3 1 1451    5 
21 2 3 1 3 1 0 4 4 1 1178    5 
21 2 0 2 1 0 0 1 1 1  996    5 
21 2 1 1 2 0 1 2 2 1 1414    4 
21 2 3 1 3 1 0 4 4 1 1158    5 
21 2 2 0 2 1 0 3 3 1 1433    5 
21 2 2 2 2 1 1 3 3 1  472    5 
21 2 2 0 2 1 0 3 3 1  504    4 
21 2 0 2 1 0 0 1 1 1  903    5 
21 2 1 3 1 1 0 2 2 1 1141    5 
21 2 3 1 3 1 0 4 4 1 1009    5 
21 2 0 0 0 1 1 1 1 1 1002    5 
21 2 0 0 0 1 1 1 1 1  484    4 
21 2 1 1 1 1 1 2 2 1 1692    4 
21 2 0 0 0 1 1 1 1 1  728    4 
21 2 1 3 2 0 0 2 1 0 1765    5 
21 2 3 3 3 1 1 4 4 1  819    4 
21 2 3 3 3 1 1 4 4 1  949    5 
21 2 0 2 1 0 0 1 1 1 2297    4 
21 2 2 2 2 1 1 3 3 1 1331    4 
21 2 1 1 1 1 1 2 2 1 1175    4 
21 2 2 2 3 0 1 3 3 1  865    5 
21 2 3 1 3 1 0 4 4 1  713    5 
21 2 1 1 1 1 1 2 2 1 1375    4 
21 2 2 0 2 1 0 3 3 1 1032    5 
21 2 0 2 1 0 0 1 1 1  681    4 
21 2 2 2 3 0 1 3 4 0  816    4 
21 2 0 0 1 0 1 1 1 1 2000    5 
21 2 0 0 0 1 1 1 2 0  542    5 
21 2 1 1 2 0 1 2 2 1 2577    4 
21 2 0 0 0 1 1 1 1 1  647    5 
21 2 0 2 1 0 0 1 1 1 1072    4 
21 2 2 2 2 1 1 3 3 1 1790    5 
21 2 3 3 0 0 1 4 4 1 1078    5 
21 2 1 3 2 0 0 2 2 1 2676    5 
21 2 3 3 0 0 1 4 4 1  814    5 
21 2 1 3 1 1 0 2 2 1 1896    4 
21 2 1 1 1 1 1 2 2 1  819    5 
21 2 1 1 1 1 1 2 2 1  629    5 
21 2 1 1 2 0 1 2 2 1  790    4 
21 2 2 0 2 1 0 3 3 1 1105    5 
21 2 1 3 1 1 0 2 2 1 1030    4 
21 2 2 2 3 0 1 3 3 1 1022    5 
21 2 1 1 1 1 1 2 3 0  559    5 
21 2 2 0 3 0 0 3 3 1 1041    4 
21 2 2 0 3 0 0 3 3 1  545    4 
21 2 3 1 0 0 0 4 4 1 1214    4 
21 2 2 0 2 1 0 3 3 1 3615    5 
21 2 0 0 1 0 1 1 1 1 3320    5 
21 2 1 1 1 1 1 2 2 1 1446    4 
21 2 3 1 3 1 0 4 3 0 1333    5 
21 2 3 1 0 0 0 4 4 1  630    5 
21 2 0 0 0 1 1 1 1 1 1471    5 
21 2 2 0 2 1 0 3 3 1 2725    5 
21 2 2 2 2 1 1 3 3 1  693    4 
21 2 2 0 3 0 0 3 3 1  564    5 
21 2 1 3 1 1 0 2 2 1 1569    4 
21 2 2 2 3 0 1 3 3 1 1402    5 
21 2 1 3 1 1 0 2 2 1  899    4 
21 2 3 1 0 0 0 4 4 1  857    4 
21 2 1 3 2 0 0 2 2 1 1697    4 
21 2 2 0 2 1 0 3 3 1  973    5 
21 2 2 0 3 0 0 3 3 1  680    5 
21 2 0 2 1 0 0 1 1 1 1631    5 
21 2 2 0 3 0 0 3 3 1 2614    4 
21 2 3 3 3 1 1 4 4 1  658    4 
21 2 2 2 2 1 1 3 4 0  787    4 
21 2 0 0 1 0 1 1 1 1 1042    5 
21 2 2 2 3 0 1 3 3 1  938    4 
21 2 2 2 3 0 1 3 3 1  598    4 
21 2 2 0 3 0 0 3 3 1  585    4 
21 2 0 0 1 0 1 1 1 1 1389    5 
21 2 0 2 0 1 0 1 1 1  622    5 
21 2 1 3 1 1 0 2 2 1 2544    5 
21 2 0 2 1 0 0 1 1 1 1023    4 
21 2 0 2 1 0 0 1 1 1  624    5 
21 2 0 2 1 0 0 1 1 1  465    5 
21 2 2 2 2 1 1 3 3 1 1578    5 
21 2 2 2 3 0 1 3 3 1  627    4 
21 2 3 3 0 0 1 4 4 1 1045    5 
21 2 2 2 2 1 1 3 3 1 2741    4 
21 2 3 1 3 1 0 4 4 1  948    4 
21 2 1 1 2 0 1 2 3 0 2512    5 
21 2 3 1 3 1 0 4 4 1 1110    4 
21 2 1 3 1 1 0 2 2 1 1283    5 
21 2 1 1 2 0 1 2 2 1  881    5 
21 2 3 1 3 1 0 4 4 1  952    4 
21 2 2 2 2 1 1 3 3 1 1140    4 
21 2 0 0 1 0 1 1 1 1  543    4 
21 2 3 1 3 1 0 4 4 1  789    5 
21 2 0 2 1 0 0 1 1 1  719    4 
21 2 3 1 3 1 0 4 1 0  597    5 
21 2 0 0 0 1 1 1 4 0  734    4 
21 2 3 3 0 0 1 4 4 1 1160    4 
21 2 2 2 2 1 1 3 3 1 1043    5 
21 2 0 0 1 0 1 1 1 1 1107    5 
21 2 0 2 1 0 0 1 1 1 2096    5 
21 2 0 2 0 1 0 1 1 1  627    4 
21 2 3 3 3 1 1 4 4 1  628    5 
21 2 0 2 0 1 0 1 1 1 2214    5 
21 2 1 3 2 0 0 2 2 1 1596    5 
21 2 3 3 0 0 1 4 4 1  956    5 
21 2 1 1 1 1 1 2 2 1 1807    5 
21 2 0 0 0 1 1 1 1 1 2190    4 
21 2 1 1 2 0 1 2 2 1 2005    4 
21 2 3 1 3 1 0 4 4 1  812    5 
21 2 2 0 3 0 0 3 3 1 1110    4 
21 2 1 3 2 0 0 2 2 1 1563    5 
21 2 3 3 0 0 1 4 4 1 1036    5 
21 2 0 2 0 1 0 1 1 1 2237    4 
21 2 0 2 0 1 0 1 1 1  498    5 
21 2 3 3 3 1 1 4 4 1  729    5 
21 2 1 3 2 0 0 2 2 1 1095    5 
21 2 0 2 1 0 0 1 1 1 1076    4 
21 2 2 0 2 1 0 3 3 1 1899    5 
21 2 0 0 0 1 1 1 1 1 1054    4 
21 2 3 3 3 1 1 4 4 1  693    5 
21 2 1 3 2 0 0 2 2 1 1396    5 
21 2 2 0 3 0 0 3 3 1  901    4 
21 2 3 1 0 0 0 4 4 1  851    4 
21 2 2 2 3 0 1 3 1 0  731    4 
21 2 2 2 2 1 1 3 3 1 1126    5 
21 2 3 1 3 1 0 4 4 1  786    5 
21 2 1 3 2 0 0 2 2 1 1005    5 
21 2 3 1 3 1 0 4 3 0  790    4 
21 2 0 0 1 0 1 1 1 1  806    5 
21 2 3 3 3 1 1 4 4 1  816    4 
21 2 2 2 2 1 1 3 3 1 1473    4 
21 2 0 2 1 0 0 1 2 0  791    4 
21 2 3 3 0 0 1 4 4 1  614    5 
21 2 0 0 1 0 1 1 1 1 1217    4 
21 2 3 3 3 1 1 4 4 1  609    5 
21 2 1 3 1 1 0 2 2 1 2460    5 
21 2 0 2 1 0 0 1 1 1  903    5 
21 2 1 1 2 0 1 2 2 1 1845    4 
21 2 0 0 1 0 1 1 1 1 1858    5 
21 2 2 0 3 0 0 3 3 1 2887    5 
21 2 0 2 0 1 0 1 1 1 1096    4 
21 2 0 2 1 0 0 1 1 1  590    5 
21 2 2 0 2 1 0 3 3 1 1385    5 
21 2 0 0 1 0 1 1 1 1 1330    5 
21 2 1 1 1 1 1 2 2 1 1654    4 
21 2 2 2 3 0 1 3 3 1 2028    5 
21 2 3 3 0 0 1 4 4 1 1289    5 
21 2 1 3 1 1 0 2 2 1 1487    5 
21 2 3 3 0 0 1 4 4 1  900    4 
21 2 1 3 2 0 0 2 2 1 1426    5 
21 2 1 1 1 1 1 2 2 1 1265    4 
21 2 1 3 1 1 0 2 2 1  888    4 
21 2 3 3 3 1 1 4 4 1  566    4 
21 2 3 3 3 1 1 4 4 1  443    5 
21 2 3 3 3 1 1 4 4 1  420    4 
21 2 1 3 2 0 0 2 2 1 1183    5 
21 2 3 1 0 0 0 4 4 1  641    5 
21 2 1 1 2 0 1 2 2 1 1106    4 
21 2 2 2 3 0 1 3 3 1  911    4 
21 2 3 1 0 0 0 4 4 1  972    4 
21 2 1 3 2 0 0 2 2 1 1079    5 
21 2 1 3 2 0 0 2 2 1  629    4 
21 2 1 3 1 1 0 2 2 1  575    4 
21 2 1 3 1 1 0 2 2 1  539    4 
21 2 3 3 0 0 1 4 4 1 1144    5 
21 2 0 2 0 1 0 1 1 1  868    4 
21 2 0 0 1 0 1 1 1 1  579    4 
21 2 0 0 1 0 1 1 1 1  519    4 
21 2 2 2 2 1 1 3 3 1 1565    4 
21 2 3 1 3 1 0 4 4 1 1423    5 
21 2 2 2 3 0 1 3 3 1 2222    5 
21 2 2 2 2 1 1 3 3 1  500    5 
21 2 3 3 3 1 1 4 4 1  707    4 
21 2 1 3 1 1 0 2 2 1 1897    5 
21 2 3 3 0 0 1 4 4 1  797    5 
21 2 0 2 1 0 0 1 1 1 1127    5 
21 2 3 3 3 1 1 4 4 1  715    5 
21 2 0 2 1 0 0 1 1 1 1657    5 
21 2 2 0 2 1 0 3 3 1 1439    5 
21 2 1 1 2 0 1 2 2 1 1421    5 
21 2 1 3 1 1 0 2 2 1  981    4 
21 2 1 3 2 0 0 2 2 1  880    5 
21 2 3 1 3 1 0 4 4 1  751    4 
21 2 2 2 3 0 1 3 3 1 1380    4 
21 2 0 0 0 1 1 1 1 1  749    5 
21 2 2 2 3 0 1 3 3 1 1274    5 
21 2 3 1 0 0 0 4 4 1  616    4 
21 2 0 2 1 0 0 1 1 1 1042    5 
21 2 3 1 0 0 0 4 4 1  746    5 
21 2 0 2 1 0 0 1 1 1  807    5 
21 3 2 2 2 1 1 3 3 1 1675    5 
21 3 2 2 3 0 1 3 3 1  775    5 
21 3 0 3 1 0 0 1 1 1  946    5 
21 3 0 0 1 0 1 1 1 1  391    5 
21 3 0 0 1 0 1 1 1 1  386    4 
21 3 1 1 1 1 1 2 2 1  854    4 
21 3 2 2 2 1 1 3 3 1  958    5 
21 3 2 2 3 0 1 3 3 1  593    4 
21 3 1 0 2 0 0 2 2 1  916    4 
21 3 0 0 0 1 1 1 1 1  890    4 
21 3 1 0 1 1 0 2 2 1 1672    5 
21 3 1 1 1 1 1 2 2 1  597    4 
21 3 2 1 2 1 0 3 3 1 1208    4 
21 3 2 2 3 0 1 3 3 1  833    4 
21 3 3 3 0 0 1 4 4 1  882    5 
21 3 1 0 2 0 0 2 2 1 2353    5 
21 3 2 2 3 0 1 3 3 1 1289    5 
21 3 3 3 0 0 1 4 1 0  598    5 
21 3 1 1 2 0 1 2 2 1 2654    5 
21 3 2 1 2 1 0 3 3 1  769    4 
21 3 3 2 0 0 0 4 4 1  877    4 
21 3 1 0 2 0 0 2 2 1  980    4 
21 3 3 2 3 1 0 4 4 1 1023    4 
21 3 3 2 3 1 0 4 4 1  599    5 
21 3 2 1 3 0 0 3 3 1 2986    5 
21 3 3 2 3 1 0 4 4 1  863    4 
21 3 3 3 3 1 1 4 4 1  599    4 
21 3 2 2 2 1 1 3 3 1 1378    5 
21 3 1 1 1 1 1 2 2 1 1027    5 
21 3 3 2 0 0 0 4 4 1  908    4 
21 3 3 3 3 1 1 4 4 1  777    4 
21 3 2 1 2 1 0 3 3 1 3933    4 
21 3 3 3 0 0 1 4 4 1  816    4 
21 3 1 0 1 1 0 2 2 1 1218    5 
21 3 3 2 3 1 0 4 4 1  827    4 
21 3 1 0 2 0 0 2 2 1 1700    4 
21 3 0 3 0 1 0 1 1 1  736    5 
21 3 3 3 0 0 1 4 4 1  901    5 
21 3 2 1 3 0 0 3 3 1 1867    5 
21 3 3 3 3 1 1 4 4 1  672    5 
21 3 3 3 3 1 1 4 4 1  464    4 
21 3 1 0 2 0 0 2 2 1 1353    5 
21 3 2 2 3 0 1 3 0 0 5000    5 
21 3 0 3 1 0 0 1 1 1  999    5 
21 3 0 3 1 0 0 1 1 1  553    4 
21 3 1 0 1 1 0 2 2 1 1269    4 
21 3 1 0 2 0 0 2 2 1  644    4 
21 3 2 1 2 1 0 3 3 1 1365    4 
21 3 0 0 1 0 1 1 1 1 1023    5 
21 3 3 2 3 1 0 4 4 1 1071    5 
21 3 3 3 3 1 1 4 4 1  654    5 
21 3 3 3 3 1 1 4 4 1  398    5 
21 3 3 2 0 0 0 4 4 1  786    5 
21 3 2 2 3 0 1 3 3 1 1341    4 
21 3 0 0 1 0 1 1 1 1 1216    4 
21 3 1 0 2 0 0 2 2 1 1545    4 
21 3 2 1 2 1 0 3 3 1  923    5 
21 3 1 1 1 1 1 2 3 0 1088    5 
21 3 0 0 0 1 1 1 1 1 1091    5 
21 3 1 0 1 1 0 2 2 1  824    5 
21 3 2 2 3 0 1 3 3 1  865    4 
21 3 0 3 1 0 0 1 1 1  961    5 
21 3 2 1 2 1 0 3 3 1 1892    4 
21 3 0 0 0 1 1 1 1 1 1248    4 
21 3 2 2 3 0 1 3 3 1 1159    4 
21 3 3 2 0 0 0 4 2 0  842    4 
21 3 2 1 3 0 0 3 3 1 1423    4 
21 3 2 2 2 1 1 3 3 1  791    5 
21 3 1 1 2 0 1 2 1 0  857    4 
21 3 2 1 3 0 0 3 3 1  982    5 
21 3 0 3 0 1 0 1 1 1  985    4 
21 3 3 2 3 1 0 4 4 1  835    4 
21 3 0 0 0 1 1 1 1 1 1085    4 
21 3 2 1 2 1 0 3 3 1  915    5 
21 3 1 1 2 0 1 2 2 1  929    5 
21 3 0 0 1 0 1 1 1 1 2005    4 
21 3 3 2 3 1 0 4 4 1  820    5 
21 3 1 1 1 1 1 2 2 1 1661    4 
21 3 3 2 3 1 0 4 1 0  867    5 
21 3 1 0 1 1 0 2 2 1 2528    5 
21 3 0 0 1 0 1 1 1 1  880    4 
21 3 1 1 1 1 1 2 2 1  855    5 
21 3 0 0 0 1 1 1 1 1  606    5 
21 3 2 1 3 0 0 3 3 1  921    5 
21 3 0 3 1 0 0 1 1 1 1230    5 
21 3 3 3 3 1 1 4 4 1  845    4 
21 3 3 2 0 0 0 4 4 1  630    4 
21 3 3 2 0 0 0 4 4 1  504    4 
21 3 1 0 1 1 0 2 2 1 1846    5 
21 3 2 2 2 1 1 3 3 1  812    5 
21 3 2 2 2 1 1 3 3 1  510    5 
21 3 0 0 0 1 1 1 1 1 2260    5 
21 3 0 0 1 0 1 1 1 1  512    5 
21 3 3 2 3 1 0 4 4 1  911    5 
21 3 2 2 2 1 1 3 3 1 1348    5 
21 3 3 3 3 1 1 4 4 1  751    5 
21 3 3 2 0 0 0 4 4 1  724    4 
21 3 0 0 1 0 1 1 1 1 1529    4 
21 3 1 0 1 1 0 2 2 1 1364    5 
21 3 2 2 3 0 1 3 3 1 1182    5 
21 3 2 2 3 0 1 3 3 1  648    5 
21 3 1 0 2 0 0 2 2 1 1153    5 
21 3 0 0 0 1 1 1 1 1 1085    4 
21 3 0 3 0 1 0 1 1 1  835    4 
21 3 3 3 3 1 1 4 4 1  772    5 
21 3 2 1 3 0 0 3 2 0 1056    4 
21 3 3 2 0 0 0 4 4 1 1180    5 
21 3 3 2 0 0 0 4 4 1  526    4 
21 3 0 0 0 1 1 1 1 1  924    4 
21 3 2 2 3 0 1 3 4 0  817    4 
21 3 0 3 0 1 0 1 1 1 1176    5 
21 3 2 1 3 0 0 3 3 1 1386    5 
21 3 3 3 3 1 1 4 4 1  739    5 
21 3 3 2 0 0 0 4 4 1 1384    4 
21 3 0 3 0 1 0 1 1 1  898    4 
21 3 3 3 3 1 1 4 4 1 1304    5 
21 3 1 1 1 1 1 2 2 1  973    4 
21 3 0 3 1 0 0 1 1 1  824    5 
21 3 1 0 2 0 0 2 2 1 1473    5 
21 3 1 1 2 0 1 2 2 1  830    5 
21 3 1 1 1 1 1 2 2 1  607    5 
21 3 3 3 0 0 1 4 4 1  954    5 
21 3 1 1 2 0 1 2 2 1 2485    5 
21 3 1 1 2 0 1 2 2 1  799    4 
21 3 3 2 3 1 0 4 4 1 1426    4 
21 3 2 1 2 1 0 3 3 1 2169    5 
21 3 1 1 2 0 1 2 2 1  969    4 
21 3 0 0 1 0 1 1 1 1  812    4 
21 3 2 1 2 1 0 3 3 1 1574    4 
21 3 3 2 0 0 0 4 4 1 1135    4 
21 3 1 0 2 0 0 2 0 0 5000    4 
21 3 0 3 0 1 0 1 1 1 2398    5 
21 3 1 0 1 1 0 2 2 1 1420    4 
21 3 1 1 1 1 1 2 2 1  692    5 
21 3 3 2 3 1 0 4 4 1  787    4 
21 3 2 2 2 1 1 3 3 1 1165    4 
21 3 3 3 3 1 1 4 4 1  584    4 
21 3 3 2 0 0 0 4 4 1  684    4 
21 3 1 1 1 1 1 2 2 1 1212    4 
21 3 2 2 3 0 1 3 3 1 1292    4 
21 3 1 0 1 1 0 2 2 1 1185    4 
21 3 2 2 2 1 1 3 3 1 1147    4 
21 3 0 0 1 0 1 1 1 1  895    5 
21 3 3 3 0 0 1 4 4 1  701    4 
21 3 1 1 1 1 1 2 3 0 1092    4 
21 3 0 0 1 0 1 1 1 1 2383    5 
21 3 3 3 0 0 1 4 4 1  677    5 
21 3 3 3 3 1 1 4 4 1  493    4 
21 3 3 3 0 0 1 4 4 1  436    5 
21 3 2 2 3 0 1 3 3 1 1534    4 
21 3 0 3 1 0 0 1 1 1 1193    4 
21 3 0 3 1 0 0 1 1 1  994    5 
21 3 0 3 1 0 0 1 1 1  500    4 
21 3 2 2 2 1 1 3 3 1 1324    4 
21 3 1 1 1 1 1 2 2 1  719    5 
21 3 0 3 0 1 0 1 1 1 1029    4 
21 3 3 2 3 1 0 4 4 1  453    4 
21 3 2 1 3 0 0 3 3 1 1662    5 
21 3 0 0 1 0 1 1 1 1  947    5 
21 3 1 0 2 0 0 2 2 1 1640    4 
21 3 1 0 1 1 0 2 2 1  710    4 
21 3 1 1 1 1 1 2 2 1  636    5 
21 3 3 3 3 1 1 4 4 1  589    5 
21 3 1 1 1 1 1 2 4 0  489    4 
21 3 0 0 1 0 1 1 1 1  725    4 
21 3 3 2 3 1 0 4 4 1  915    4 
21 3 0 3 0 1 0 1 1 1  952    5 
21 3 0 3 1 0 0 1 1 1  532    4 
21 3 2 1 3 0 0 3 3 1 2786    4 
21 3 0 3 1 0 0 1 1 1 1416    5 
21 3 1 0 1 1 0 2 2 1 1304    5 
21 3 2 1 3 0 0 3 3 1 2037    5 
21 3 2 1 3 0 0 3 3 1  514    5 
21 3 2 1 3 0 0 3 3 1  513    4 
21 3 0 0 1 0 1 1 1 1 1384    5 
21 3 0 3 1 0 0 1 1 1  577    4 
21 3 0 3 0 1 0 1 1 1  573    4 
21 3 1 0 2 0 0 2 2 1 1673    5 
21 3 2 2 3 0 1 3 4 0  613    5 
21 3 2 1 3 0 0 3 3 1  605    5 
21 3 0 0 0 1 1 1 1 1  648    5 
21 3 0 3 0 1 0 1 1 1  705    4 
21 3 2 1 2 1 0 3 3 1 1407    4 
21 3 0 0 1 0 1 1 1 1  775    4 
21 3 0 3 0 1 0 1 1 1  522    5 
21 3 0 0 0 1 1 1 1 1  456    4 
21 3 2 1 2 1 0 3 3 1  841    5 
21 3 3 2 0 0 0 4 4 1  713    4 
21 3 1 1 2 0 1 2 2 1 1200    5 
21 3 1 1 1 1 1 2 2 1  513    5 
21 3 1 1 2 0 1 2 2 1  648    4 
21 3 1 1 1 1 1 2 2 1  433    4 
21 4 1 1 1 1 1 2 2 1 2083    5 
21 4 3 3 2 0 1 4 4 1  774    4 
21 4 3 3 3 1 1 4 4 1  514    5 
21 4 0 0 0 1 1 1 1 1  960    5 
21 4 0 2 0 1 0 1 1 1  684    5 
21 4 2 0 2 1 0 3 3 1 2083    5 
21 4 0 0 0 1 1 1 1 1  935    4 
21 4 1 1 0 0 1 2 3 0 1460    5 
21 4 0 2 3 0 0 1 1 1 1807    5 
21 4 1 3 1 1 0 2 2 1 1238    4 
21 4 0 0 0 1 1 1 1 1  813    4 
21 4 1 1 0 0 1 2 2 1  743    4 
21 4 3 3 3 1 1 4 4 1  651    4 
21 4 0 0 3 0 1 1 1 1  804    5 
21 4 3 1 2 0 0 4 4 1 1062    4 
21 4 2 0 2 1 0 3 3 1 2237    4 
21 4 2 0 2 1 0 3 3 1  578    4 
21 4 1 3 0 0 0 2 2 1 1118    5 
21 4 3 3 2 0 1 4 4 1  899    4 
21 4 3 3 2 0 1 4 4 1  497    5 
21 4 1 3 0 0 0 2 2 1 1177    5 
21 4 1 1 0 0 1 2 2 1  971    5 
21 4 0 0 0 1 1 1 1 1  805    4 
21 4 0 2 3 0 0 1 1 1  743    5 
21 4 0 0 3 0 1 1 1 1  484    4 
21 4 1 1 1 1 1 2 2 1 1580    5 
21 4 2 0 2 1 0 3 3 1 1597    4 
21 4 3 1 3 1 0 4 4 1  869    5 
21 4 2 2 2 1 1 3 3 1 1557    5 
21 4 3 3 2 0 1 4 4 1  966    4 
21 4 1 3 1 1 0 2 3 0 2514    5 
21 4 2 0 2 1 0 3 3 1  864    4 
21 4 1 1 1 1 1 2 2 1  575    5 
21 4 1 1 1 1 1 2 2 1  475    5 
21 4 1 3 0 0 0 2 2 1  756    4 
21 4 1 3 0 0 0 2 2 1  560    5 
21 4 1 1 1 1 1 2 2 1  644    5 
21 4 1 3 0 0 0 2 2 1  541    5 
21 4 2 0 1 0 0 3 1 0  770    5 
21 4 0 2 3 0 0 1 1 1  987    4 
21 4 2 0 2 1 0 3 3 1 1069    4 
21 4 0 2 0 1 0 1 1 1  988    4 
21 4 1 1 1 1 1 2 2 1  846    5 
21 4 0 0 0 1 1 1 1 1  742    4 
21 4 1 3 0 0 0 2 3 0  939    5 
21 4 2 0 1 0 0 3 3 1  852    4 
21 4 2 2 2 1 1 3 3 1  725    4 
21 4 1 1 1 1 1 2 2 1  842    5 
21 4 2 2 2 1 1 3 3 1  915    5 
21 4 3 3 3 1 1 4 4 1  696    4 
21 4 0 0 3 0 1 1 1 1 1567    4 
21 4 0 2 0 1 0 1 1 1  673    5 
21 4 0 0 0 1 1 1 1 1  480    5 
21 4 1 1 0 0 1 2 2 1 1129    5 
21 4 3 1 3 1 0 4 3 0  861    4 
21 4 3 1 3 1 0 4 4 1 1458    5 
21 4 1 3 0 0 0 2 2 1 1904    4 
21 4 3 1 2 0 0 4 4 1 1091    4 
21 4 0 0 3 0 1 1 1 1 1080    4 
21 4 3 3 2 0 1 4 4 1 1063    5 
21 4 1 1 0 0 1 2 2 1 1998    4 
21 4 3 1 2 0 0 4 4 1 1701    4 
21 4 0 0 0 1 1 1 1 1 1273    5 
21 4 0 2 3 0 0 1 1 1 1518    4 
21 4 0 0 3 0 1 1 1 1  618    5 
21 4 1 1 0 0 1 2 2 1 1437    5 
21 4 2 2 2 1 1 3 3 1 1492    5 
21 4 1 1 1 1 1 2 2 1 1088    4 
21 4 2 2 1 0 1 3 3 1 2430    5 
21 4 3 3 2 0 1 4 4 1  874    5 
21 4 1 1 0 0 1 2 2 1 1081    5 
21 4 3 1 3 1 0 4 4 1 1416    4 
21 4 1 3 1 1 0 2 4 0  728    5 
21 4 0 2 0 1 0 1 1 1 1978    4 
21 4 1 1 0 0 1 2 2 1 1290    4 
21 4 2 2 1 0 1 3 3 1 1663  102 
21 4 1 1 1 1 1 2 2 1 2676    4 
21 4 0 0 3 0 1 1 1 1  966    4 
21 4 0 2 0 1 0 1 1 1  745    5 
21 4 0 0 0 1 1 1 1 1  790    4 
21 4 1 1 0 0 1 2 2 1 2665    5 
21 4 2 2 1 0 1 3 3 1 1459    4 
21 4 2 2 2 1 1 3 3 1  913    5 
21 4 2 0 2 1 0 3 3 1  862    4 
21 4 3 1 2 0 0 4 4 1  798    5 
21 4 2 2 2 1 1 3 3 1 1856    5 
21 4 3 3 2 0 1 4 4 1  637    5 
21 4 2 0 1 0 0 3 3 1  942    5 
21 4 2 2 2 1 1 3 3 1  794    4 
21 4 1 1 1 1 1 2 2 1 1517    5 
21 4 0 0 0 1 1 1 1 1  736    4 
21 4 2 2 2 1 1 3 3 1 1997    4 
21 4 0 0 3 0 1 1 1 1  884    4 
21 4 3 3 2 0 1 4 4 1 1923    4 
21 4 3 1 3 1 0 4 4 1  549    5 
21 4 0 2 3 0 0 1 1 1 1626    4 
21 4 1 1 0 0 1 2 2 1 1713    5 
21 4 3 3 3 1 1 4 4 1  788    5 
21 4 3 3 2 0 1 4 4 1  399    5 
21 4 0 2 3 0 0 1 1 1  962    5 
21 4 0 0 0 1 1 1 1 1  558    5 
21 4 3 1 2 0 0 4 4 1 1066    5 
21 4 1 1 1 1 1 2 2 1 1753    4 
21 4 0 2 3 0 0 1 1 1 1219    5 
21 4 0 2 0 1 0 1 1 1  620    5 
21 4 3 3 2 0 1 4 4 1  869    4 
21 4 1 3 0 0 0 2 4 0  509    5 
21 4 3 1 2 0 0 4 4 1 1329    4 
21 4 3 1 2 0 0 4 4 1  461    4 
21 4 2 0 1 0 0 3 3 1 1462    4 
21 4 2 2 1 0 1 3 3 1  764    5 
21 4 3 1 2 0 0 4 4 1  696    4 
21 4 1 1 1 1 1 2 2 1 1294    5 
21 4 2 0 2 1 0 3 3 1 1187    5 
21 4 3 1 3 1 0 4 4 1 1021    5 
21 4 2 0 2 1 0 3 3 1  933    4 
21 4 1 1 0 0 1 2 4 0  898    4 
21 4 2 0 1 0 0 3 3 1 1174    5 
21 4 3 3 3 1 1 4 4 1  656    4 
21 4 3 1 2 0 0 4 4 1  600    4 
21 4 1 3 1 1 0 2 2 1 1571    5 
21 4 2 0 1 0 0 3 3 1  845    4 
21 4 3 3 2 0 1 4 4 1  645    5 
21 4 2 2 1 0 1 3 3 1 1686    4 
21 4 3 3 3 1 1 4 4 1  699    4 
21 4 0 0 0 1 1 1 1 1  914    5 
21 4 1 3 0 0 0 2 2 1 1423    5 
21 4 0 2 3 0 0 1 1 1 1358    4 
21 4 2 2 2 1 1 3 3 1 1385    4 
21 4 3 1 2 0 0 4 4 1 1946    4 
21 4 1 1 1 1 1 2 2 1 1371    4 
21 4 1 1 1 1 1 2 2 1  821    4 
21 4 2 0 1 0 0 3 3 1 2679    5 
21 4 0 2 3 0 0 1 1 1  952    4 
21 4 2 2 1 0 1 3 1 0  852    5 
21 4 2 2 1 0 1 3 3 1  778    5 
21 4 2 0 2 1 0 3 3 1  821    4 
21 4 1 1 1 1 1 2 2 1  838    4 
21 4 2 0 1 0 0 3 3 1 1455    5 
21 4 0 2 0 1 0 1 1 1 1765    4 
21 4 3 1 2 0 0 4 4 1  966    5 
21 4 0 0 3 0 1 1 1 1 3170    5 
21 4 1 3 1 1 0 2 2 1 1598    5 
21 4 0 0 0 1 1 1 1 1 1006    5 
21 4 3 1 2 0 0 4 4 1 1072    4 
21 4 2 0 2 1 0 3 3 1 1438    4 
21 4 2 0 1 0 0 3 3 1  541    5 
21 4 3 1 3 1 0 4 4 1  835    5 
21 4 3 1 2 0 0 4 4 1  548    4 
21 4 0 0 0 1 1 1 1 1  881    4 
21 4 1 1 1 1 1 2 2 1  880    4 
21 4 0 0 3 0 1 1 1 1 1295    5 
21 4 2 2 1 0 1 3 3 1 1956    5 
21 4 3 1 3 1 0 4 4 1  717    5 
21 4 2 0 2 1 0 3 3 1  907    4 
21 4 0 0 0 1 1 1 1 1 1113    4 
21 4 3 1 2 0 0 4 4 1 1398    5 
21 4 2 0 2 1 0 3 3 1 2535    5 
21 4 3 3 3 1 1 4 4 1  575    5 
21 4 1 1 1 1 1 2 2 1 1914    4 
21 4 0 2 3 0 0 1 1 1 1461    4 
21 4 0 2 3 0 0 1 1 1  683    4 
21 4 1 3 0 0 0 2 2 1 2122    4 
21 4 1 3 1 1 0 2 2 1 1156    4 
21 4 0 2 0 1 0 1 1 1  791    5 
21 4 2 2 1 0 1 3 3 1 1194    5 
21 4 0 2 3 0 0 1 1 1 1099    4 
21 4 3 1 2 0 0 4 4 1  865    4 
21 4 0 2 0 1 0 1 1 1  760    4 
21 4 3 1 3 1 0 4 4 1  828    5 
21 4 3 1 3 1 0 4 4 1  485    4 
21 4 0 0 0 1 1 1 1 1  877    4 
21 4 2 2 2 1 1 3 3 1 1116    5 
21 4 3 1 2 0 0 4 1 0  897    4 
21 4 3 1 2 0 0 4 4 1  516    4 
21 4 1 3 1 1 0 2 3 0 1371    5 
21 4 2 0 1 0 0 3 3 1 1747    5 
21 4 0 0 3 0 1 1 1 1  932    4 
21 4 2 2 2 1 1 3 2 0 1649    5 
21 4 1 1 1 1 1 2 2 1 1084    5 
21 4 1 1 0 0 1 2 2 1 1475    4 
21 4 0 2 3 0 0 1 1 1 1232    5 
21 4 2 0 2 1 0 3 3 1 1680    4 
21 4 3 3 3 1 1 4 4 1  780    4 
21 4 2 0 2 1 0 3 3 1 1672    4 
21 4 3 1 3 1 0 4 1 0  789    5 
21 4 1 3 1 1 0 2 2 1 1509    4 
21 4 3 3 2 0 1 4 4 1  896    4 
21 4 2 0 2 1 0 3 3 1 1279    4 
21 4 2 0 1 0 0 3 3 1  684    5 
21 4 0 0 3 0 1 1 1 1  780    4 
21 4 2 0 1 0 0 3 3 1  799    4 
