20 1 3 2 0 0 0 4 4 1 1954    4 
20 1 0 3 1 0 0 1 1 1  779    4 
20 1 3 2 3 1 0 4 2 0  726    5 
20 1 0 0 1 0 1 1 1 1 1209    5 
20 1 2 1 2 1 0 3 3 1  793    4 
20 1 1 0 2 0 0 2 2 1 1100    5 
20 1 1 1 1 1 1 2 2 1  625    4 
20 1 1 1 1 1 1 2 2 1  475    4 
20 1 1 0 2 0 0 2 2 1  763    4 
20 1 3 2 3 1 0 4 4 1  623    4 
20 1 0 3 1 0 0 1 1 1  777    4 
20 1 1 0 2 0 0 2 2 1 1380    4 
20 1 2 2 2 1 1 3 3 1  790    5 
20 1 3 3 0 0 1 4 4 1  872    5 
20 1 0 0 0 1 1 1 1 1  575    4 
20 1 2 1 3 0 0 3 3 1  939    4 
20 1 2 2 2 1 1 3 3 1  575    5 
20 1 3 2 0 0 0 4 4 1 1147    5 
20 1 2 2 2 1 1 3 3 1 1055    4 
20 1 1 0 2 0 0 2 2 1 1134    4 
20 1 2 1 2 1 0 3 3 1 1394    4 
20 1 1 1 1 1 1 2 2 1  691    4 
20 1 3 3 0 0 1 4 4 1  722    4 
20 1 1 0 2 0 0 2 2 1 2607    5 
20 1 1 0 2 0 0 2 2 1  508    5 
20 1 2 2 2 1 1 3 3 1  603    5 
20 1 3 3 3 1 1 4 4 1  917    4 
20 1 2 1 3 0 0 3 3 1 1483    5 
20 1 3 2 0 0 0 4 4 1  704    4 
20 1 1 1 2 0 1 2 2 1 1830    5 
20 1 1 1 1 1 1 2 2 1  540    4 
20 1 0 0 1 0 1 1 1 1 1114    4 
20 1 3 3 0 0 1 4 4 1  583    4 
20 1 2 1 3 0 0 3 3 1  826    4 
20 1 0 3 0 1 0 1 1 1  764    5 
20 1 2 2 2 1 1 3 3 1  784    4 
20 1 3 3 0 0 1 4 4 1  635    5 
20 1 3 3 0 0 1 4 4 1  373    5 
20 1 0 0 1 0 1 1 1 1  929    5 
20 1 3 2 0 0 0 4 4 1  582    5 
20 1 2 1 3 0 0 3 3 1  850    5 
20 1 0 3 0 1 0 1 1 1  674    4 
20 1 2 2 2 1 1 3 3 1  938    5 
20 1 3 2 3 1 0 4 4 1  606    4 
20 1 2 2 2 1 1 3 3 1  752    4 
20 1 3 3 3 1 1 4 4 1  469    4 
20 1 1 1 1 1 1 2 2 1  941    4 
20 1 0 3 0 1 0 1 1 1  593    4 
20 1 3 2 3 1 0 4 4 1  524    5 
20 1 1 0 1 1 0 2 2 1 1395    4 
20 1 2 1 2 1 0 3 3 1  851    4 
20 1 2 2 3 0 1 3 2 0  692    4 
20 1 2 1 2 1 0 3 3 1  776    4 
20 1 2 2 2 1 1 3 3 1  507    4 
20 1 0 3 0 1 0 1 1 1  858    5 
20 1 3 3 3 1 1 4 2 0  602    5 
20 1 3 2 3 1 0 4 4 1  530    5 
20 1 1 0 2 0 0 2 2 1  752    5 
20 1 1 0 2 0 0 2 2 1  605    4 
20 1 2 2 3 0 1 3 3 1 1335    4 
20 1 3 2 0 0 0 4 4 1  619    4 
20 1 2 1 2 1 0 3 3 1  741    5 
20 1 3 3 0 0 1 4 4 1  562    4 
20 1 3 3 3 1 1 4 4 1  518    4 
20 1 2 2 2 1 1 3 3 1  797    5 
20 1 2 1 2 1 0 3 3 1  584    4 
20 1 0 0 0 1 1 1 1 1  900    4 
20 1 0 0 1 0 1 1 1 1  602    4 
20 1 3 3 3 1 1 4 4 1  597    4 
20 1 2 2 3 0 1 3 3 1  760    4 
20 1 1 0 2 0 0 2 3 0 1380    5 
20 1 0 0 1 0 1 1 1 1  707    4 
20 1 2 1 2 1 0 3 3 1  905    4 
20 1 2 2 2 1 1 3 3 1  463    4 
20 1 2 2 2 1 1 3 3 1  408    4 
20 1 2 2 2 1 1 3 3 1  491    4 
20 1 2 2 2 1 1 3 3 1  330    4 
20 1 3 2 0 0 0 4 4 1  625    4 
20 1 2 1 3 0 0 3 3 1  802    4 
20 1 1 1 2 0 1 2 3 0  413    5 
20 1 2 2 2 1 1 3 3 1  533    5 
20 1 1 1 2 0 1 2 2 1  643    4 
20 1 0 3 0 1 0 1 1 1  844    4 
20 1 0 3 1 0 0 1 1 1  701    5 
20 1 1 0 2 0 0 2 2 1  844    5 
20 1 1 1 1 1 1 2 2 1  556    4 
20 1 3 3 0 0 1 4 4 1  577    5 
20 1 1 1 1 1 1 2 2 1  837    4 
20 1 3 2 3 1 0 4 4 1  581    4 
20 1 0 0 0 1 1 1 1 1  553    4 
20 1 1 0 1 1 0 2 1 0  413    4 
20 1 0 3 1 0 0 1 1 1  734    4 
20 1 2 1 2 1 0 3 3 1  723    4 
20 1 0 3 0 1 0 1 1 1 1449    5 
20 1 3 3 3 1 1 4 4 1  703    5 
20 1 1 0 1 1 0 2 2 1  973    4 
20 1 1 0 1 1 0 2 2 1  672    5 
20 1 0 3 1 0 0 1 1 1  800    5 
20 1 2 1 2 1 0 3 3 1  866    4 
20 1 1 0 2 0 0 2 2 1  810    4 
20 1 1 1 1 1 1 2 2 1  564    4 
20 1 0 0 0 1 1 1 1 1 1024    5 
20 1 1 1 2 0 1 2 2 1 1137    4 
20 1 3 3 0 0 1 4 4 1  613    5 
20 1 0 3 0 1 0 1 1 1  695    4 
20 1 3 3 3 1 1 4 4 1  590    4 
20 1 1 0 2 0 0 2 2 1  825    5 
20 1 1 1 2 0 1 2 1 0  803    4 
20 1 3 2 0 0 0 4 4 1  618    5 
20 1 3 3 3 1 1 4 4 1  693    4 
20 1 2 1 3 0 0 3 3 1 1092    5 
20 1 0 0 1 0 1 1 1 1 1177    4 
20 1 0 0 0 1 1 1 1 1  403    5 
20 1 1 1 1 1 1 2 2 1 1302    5 
20 1 0 0 1 0 1 1 1 1  563    4 
20 1 2 1 3 0 0 3 3 1  784    4 
20 1 1 0 1 1 0 2 2 1  819    4 
20 1 3 2 0 0 0 4 4 1 1717    5 
20 1 3 3 0 0 1 4 4 1  544    5 
20 1 3 2 0 0 0 4 4 1  526    5 
20 1 3 3 3 1 1 4 4 1  676    5 
20 1 0 0 1 0 1 1 1 1  923    4 
20 1 1 1 2 0 1 2 2 1  752    4 
20 1 1 1 2 0 1 2 2 1  541    4 
20 1 0 3 1 0 0 1 1 1  938    4 
20 1 2 1 2 1 0 3 3 1  734    4 
20 1 1 0 1 1 0 2 2 1  892    4 
20 1 1 0 2 0 0 2 2 1  482    4 
20 1 2 2 3 0 1 3 4 0  786    4 
20 1 0 0 1 0 1 1 2 0  499    5 
20 1 3 2 0 0 0 4 4 1  679    4 
20 1 3 3 0 0 1 4 4 1  423    5 
20 1 3 3 3 1 1 4 4 1  425    4 
20 1 3 3 3 1 1 4 4 1  380    4 
20 1 1 0 1 1 0 2 2 1 1024    5 
20 1 3 2 3 1 0 4 4 1  545    4 
20 1 1 1 1 1 1 2 2 1 1806    5 
20 1 1 1 2 0 1 2 2 1  453    4 
20 1 1 1 1 1 1 2 2 1  398    5 
20 1 1 0 2 0 0 2 2 1  786    5 
20 1 2 2 3 0 1 3 3 1  661    4 
20 1 0 0 1 0 1 1 1 1  750    5 
20 1 2 2 2 1 1 3 4 0  538    4 
20 1 0 0 0 1 1 1 1 1  541    4 
20 1 2 1 2 1 0 3 3 1  834    4 
20 1 0 3 0 1 0 1 1 1  707    5 
20 1 2 1 2 1 0 3 3 1  882    5 
20 1 2 1 2 1 0 3 3 1  465    4 
20 1 2 1 3 0 0 3 3 1  609    4 
20 1 3 2 3 1 0 4 4 1  708    5 
20 1 3 2 0 0 0 4 4 1  618    4 
20 1 1 1 1 1 1 2 2 1 1068    4 
20 1 2 2 3 0 1 3 3 1  748    4 
20 1 0 0 0 1 1 1 1 1  512    4 
20 1 2 1 3 0 0 3 3 1  815    4 
20 1 0 3 1 0 0 1 1 1 1297    4 
20 1 3 3 3 1 1 4 4 1  630    4 
20 1 3 2 0 0 0 4 4 1  720    4 
20 1 1 1 1 1 1 2 2 1 2309    4 
20 1 3 3 0 0 1 4 4 1  622    5 
20 1 0 0 0 1 1 1 1 1  664    5 
20 1 0 0 0 1 1 1 1 1  488    4 
20 1 0 3 1 0 0 1 1 1  552    4 
20 1 3 2 0 0 0 4 4 1  565    5 
20 1 0 0 0 1 1 1 1 1  706    4 
20 1 3 3 0 0 1 4 2 0  496    4 
20 1 0 3 1 0 0 1 1 1  765    5 
20 1 1 1 2 0 1 2 2 1 1225    4 
20 1 0 3 0 1 0 1 1 1  705    4 
20 1 3 2 0 0 0 4 4 1  767    4 
20 1 0 3 1 0 0 1 1 1  699    5 
20 1 0 0 1 0 1 1 1 1  522    5 
20 1 2 1 3 0 0 3 3 1  824    5 
20 1 2 1 3 0 0 3 3 1  577    5 
20 1 2 2 3 0 1 3 3 1  397    5 
20 1 0 3 0 1 0 1 1 1  712    5 
20 1 2 1 2 1 0 3 3 1  622    4 
20 1 2 1 2 1 0 3 3 1  448    5 
20 1 1 1 2 0 1 2 2 1  962    5 
20 1 1 0 2 0 0 2 2 1  541    4 
20 1 0 3 0 1 0 1 1 1  675    5 
20 1 0 0 1 0 1 1 1 1  514    5 
20 1 0 0 0 1 1 1 1 1  377    5 
20 1 1 1 2 0 1 2 2 1 1829    4 
20 1 3 2 3 1 0 4 4 1  667    5 
20 1 0 0 0 1 1 1 1 1  484    5 
20 1 0 3 1 0 0 1 1 1  580    4 
20 1 3 3 0 0 1 4 2 0  488    4 
20 1 1 0 1 1 0 2 2 1 1069    4 
20 1 0 3 1 0 0 1 1 1  700    5 
20 1 1 1 1 1 1 2 2 1 1074    4 
20 1 0 3 1 0 0 1 1 1  649    4 
20 2 3 2 3 1 0 4 4 1 1504    4 
20 2 2 2 0 0 1 3 3 1  772    5 
20 2 3 2 1 0 0 4 4 1  711    5 
20 2 3 3 1 0 1 4 4 1  485    4 
20 2 0 0 2 0 1 1 1 1  525    4 
20 2 2 2 2 1 1 3 3 1  875    4 
20 2 0 3 2 0 0 1 1 1  586    4 
20 2 3 2 1 0 0 4 4 1  717    4 
20 2 3 2 1 0 0 4 4 1  539    5 
20 2 1 0 1 1 0 2 2 1  817    5 
20 2 3 3 3 1 1 4 4 1  538    4 
20 2 1 1 1 1 1 2 2 1  816    5 
20 2 1 1 1 1 1 2 2 1  434    4 
20 2 1 0 3 0 0 2 2 1  700    5 
20 2 0 0 2 0 1 1 1 1  795    5 
20 2 1 0 1 1 0 2 2 1  621    4 
20 2 3 3 1 0 1 4 4 1  631    4 
20 2 2 2 2 1 1 3 3 1  769    5 
20 2 3 2 3 1 0 4 4 1  741    4 
20 2 3 3 1 0 1 4 4 1  570    4 
20 2 1 0 1 1 0 2 2 1 1485    4 
20 2 3 3 3 1 1 4 4 1  515    4 
20 2 0 3 2 0 0 1 1 1  729    5 
20 2 0 0 2 0 1 1 1 1  447    4 
20 2 2 2 2 1 1 3 3 1  784    4 
20 2 1 0 3 0 0 2 2 1 1340    5 
20 2 3 2 1 0 0 4 4 1  671    4 
20 2 2 2 0 0 1 3 3 1  742    5 
20 2 3 3 3 1 1 4 4 1  507    5 
20 2 2 1 2 1 0 3 3 1  938    4 
20 2 0 3 0 1 0 1 1 1  750    5 
20 2 3 2 1 0 0 4 4 1 1138    5 
20 2 2 2 0 0 1 3 3 1  806    4 
20 2 1 1 3 0 1 2 2 1 1344    5 
20 2 2 2 0 0 1 3 1 0  467    4 
20 2 1 1 3 0 1 2 2 1 1641    4 
20 2 3 2 3 1 0 4 4 1 1151    4 
20 2 2 2 0 0 1 3 3 1  858    4 
20 2 2 2 0 0 1 3 3 1  482    5 
20 2 3 2 1 0 0 4 4 1  722    4 
20 2 0 0 2 0 1 1 1 1  584    4 
20 2 1 0 1 1 0 2 2 1  659    5 
20 2 3 3 1 0 1 4 4 1  612    5 
20 2 3 3 1 0 1 4 4 1  558    4 
20 2 0 0 2 0 1 1 1 1  667    4 
20 2 2 2 2 1 1 3 3 1  803    4 
20 2 2 2 2 1 1 3 3 1  405    4 
20 2 1 0 3 0 0 2 2 1  816    5 
20 2 1 1 1 1 1 2 2 1  570    5 
20 2 0 3 2 0 0 1 1 1  662    4 
20 2 2 1 0 0 0 3 3 1  822    4 
20 2 2 2 0 0 1 3 3 1  527    5 
20 2 3 2 1 0 0 4 4 1  805    4 
20 2 3 2 3 1 0 4 4 1  575    4 
20 2 2 1 0 0 0 3 3 1 1035    4 
20 2 0 0 2 0 1 1 1 1  899    5 
20 2 2 2 2 1 1 3 3 1  954    4 
20 2 2 2 2 1 1 3 3 1  429    4 
20 2 1 0 1 1 0 2 2 1 2119    4 
20 2 3 2 3 1 0 4 4 1 1145    5 
20 2 2 2 0 0 1 3 3 1  589    4 
20 2 2 1 2 1 0 3 3 1  728    5 
20 2 2 2 2 1 1 3 3 1  477    5 
20 2 0 0 0 1 1 1 1 1 1030    4 
20 2 2 2 2 1 1 3 3 1 1214    4 
20 2 1 1 1 1 1 2 2 1  863    5 
20 2 1 1 3 0 1 2 2 1  606    4 
20 2 3 2 1 0 0 4 4 1  673    5 
20 2 1 1 3 0 1 2 2 1  976    5 
20 2 0 3 2 0 0 1 1 1  747    4 
20 2 1 1 1 1 1 2 2 1  928    5 
20 2 0 3 0 1 0 1 1 1  853    4 
20 2 2 2 0 0 1 3 3 1 1549    5 
20 2 3 2 3 1 0 4 4 1  615    4 
20 2 3 2 3 1 0 4 4 1  562    4 
20 2 1 0 3 0 0 2 2 1 2014    4 
20 2 0 3 2 0 0 1 1 1  773    5 
20 2 3 2 3 1 0 4 4 1  712    4 
20 2 3 3 1 0 1 4 4 1  614    4 
20 2 3 2 1 0 0 4 4 1  617    4 
20 2 0 0 0 1 1 1 1 1  707    4 
20 2 3 2 3 1 0 4 4 1  809    4 
20 2 1 0 1 1 0 2 2 1  843    4 
20 2 2 1 0 0 0 3 3 1  843    5 
20 2 0 3 0 1 0 1 1 1  732    5 
20 2 0 3 0 1 0 1 1 1  521    5 
20 2 0 0 0 1 1 1 1 1 1015    4 
20 2 2 1 2 1 0 3 3 1  800    4 
20 2 3 3 1 0 1 4 4 1  699    4 
20 2 1 1 1 1 1 2 3 0 1274    4 
20 2 3 2 1 0 0 4 4 1  749    4 
20 2 0 0 0 1 1 1 1 1  634    4 
20 2 0 3 2 0 0 1 1 1  579    5 
20 2 2 1 0 0 0 3 4 0  807    4 
20 2 3 2 3 1 0 4 4 1  814    4 
20 2 0 3 2 0 0 1 1 1  824    5 
20 2 2 1 2 1 0 3 3 1 1049    5 
20 2 1 1 1 1 1 2 2 1 1009    5 
20 2 0 0 2 0 1 1 1 1  650    5 
20 2 1 1 3 0 1 2 1 0  651    4 
20 2 2 1 2 1 0 3 3 1 1002    5 
20 2 2 1 2 1 0 3 3 1  676    5 
20 2 2 1 0 0 0 3 3 1  667    5 
20 2 0 0 0 1 1 1 1 1  611    5 
20 2 3 2 1 0 0 4 4 1 1182   46 
20 2 1 1 1 1 1 2 2 1 2200    4 
20 2 1 1 3 0 1 2 2 1  542   52 
20 2 0 3 2 0 0 1 1 1  764  294 
20 2 3 2 3 1 0 4 4 1  904    5 
20 2 1 0 1 1 0 2 2 1 4333    4 
20 2 0 0 0 1 1 1 1 1  591    4 
20 2 1 0 3 0 0 2 2 1  779    6 
20 2 0 3 0 1 0 1 1 1  814    4 
20 2 1 1 3 0 1 2 2 1  488    5 
20 2 0 0 0 1 1 1 1 1  439    4 
20 2 1 0 3 0 0 2 2 1  497    5 
20 2 1 1 1 1 1 2 2 1  688    4 
20 2 2 1 0 0 0 3 3 1  799    5 
20 2 1 1 3 0 1 2 2 1 1058    5 
20 2 3 2 1 0 0 4 4 1  785    4 
20 2 2 1 2 1 0 3 3 1  756    4 
20 2 1 1 3 0 1 2 2 1  824  304 
20 2 0 3 2 0 0 1 1 1  753  110 
20 2 3 3 3 1 1 4 4 1 1373    4 
20 2 3 3 3 1 1 4 4 1  607    5 
20 2 0 0 0 1 1 1 1 1 1153    4 
20 2 3 2 1 0 0 4 4 1  725    4 
20 2 0 0 2 0 1 1 1 1  746    5 
20 2 0 0 0 1 1 1 1 1  495    4 
20 2 0 3 0 1 0 1 1 1  718    5 
20 2 3 3 1 0 1 4 4 1 1020    4 
20 2 0 3 2 0 0 1 1 1 1477    5 
20 2 2 2 0 0 1 3 3 1  874    5 
20 2 2 1 0 0 0 3 3 1  721   46 
20 2 3 2 1 0 0 4 4 1  783    4 
20 2 1 1 3 0 1 2 2 1 1002    5 
20 2 0 0 2 0 1 1 1 1 1164    5 
20 2 1 0 3 0 0 2 2 1 1703    4 
20 2 0 3 0 1 0 1 1 1 1034    4 
20 2 1 1 3 0 1 2 2 1  459  116 
20 2 2 1 2 1 0 3 3 1  796    5 
20 2 2 1 2 1 0 3 3 1  639    4 
20 2 2 2 2 1 1 3 3 1  600    5 
20 2 2 2 2 1 1 3 3 1  459    5 
20 2 1 1 3 0 1 2 2 1  796    4 
20 2 2 2 2 1 1 3 3 1  558    5 
20 2 2 2 0 0 1 3 3 1  651    5 
20 2 1 0 1 1 0 2 2 1  868    4 
20 2 0 3 0 1 0 1 2 0  571    7 
20 2 0 0 2 0 1 1 1 1  965    5 
20 2 1 1 1 1 1 2 2 1  864    5 
20 2 3 3 3 1 1 4 4 1  598 12709 
20 2 1 1 1 1 1 2 2 1  731    4 
20 2 0 3 2 0 0 1 1 1  784    5 
20 2 2 1 2 1 0 3 3 1  763    4 
20 2 2 2 2 1 1 3 3 1  408  228 
20 2 3 2 1 0 0 4 4 1  915    5 
20 2 1 1 3 0 1 2 2 1  800    5 
20 2 0 3 0 1 0 1 1 1  715    5 
20 2 3 2 1 0 0 4 4 1  993    5 
20 2 3 3 3 1 1 4 4 1  747    5 
20 2 2 1 2 1 0 3 3 1  807    4 
20 2 3 2 3 1 0 4 4 1  657    5 
20 2 3 2 1 0 0 4 4 1  722    5 
20 2 0 3 2 0 0 1 1 1  631    4 
20 2 1 0 3 0 0 2 2 1  753    5 
20 2 0 0 2 0 1 1 1 1  717    4 
20 2 1 1 1 1 1 2 2 1  660    4 
20 2 2 2 2 1 1 3 3 1  716    5 
20 2 0 3 0 1 0 1 1 1 1202    4 
20 2 0 3 0 1 0 1 1 1  587    5 
20 2 1 0 1 1 0 2 2 1  695    4 
20 2 2 1 2 1 0 3 3 1 1893    4 
20 2 1 1 1 1 1 2 2 1 1105    4 
20 2 1 0 1 1 0 2 2 1  694    4 
20 2 2 2 0 0 1 3 3 1 1661    5 
20 2 2 2 0 0 1 3 3 1 1074    4 
20 2 0 3 0 1 0 1 1 1 1000    4 
20 2 3 3 1 0 1 4 4 1  954    5 
20 2 3 2 3 1 0 4 4 1  597    4 
20 2 0 0 0 1 1 1 1 1  729    4 
20 2 0 0 2 0 1 1 1 1  638    4 
20 2 1 1 3 0 1 2 2 1  975    4 
20 2 3 3 1 0 1 4 4 1 1218    4 
20 2 2 2 0 0 1 3 3 1  922    4 
20 2 2 1 2 1 0 3 3 1  655    5 
20 2 3 3 3 1 1 4 4 1  479    4 
20 2 0 0 0 1 1 1 1 1  624    5 
20 2 1 0 3 0 0 2 2 1  753    5 
20 2 0 3 0 1 0 1 1 1  709    5 
20 2 1 0 1 1 0 2 2 1  916    5 
20 2 1 0 3 0 0 2 2 1  929    5 
20 3 0 2 1 0 0 1 1 1 1031    5 
20 3 0 2 0 1 0 1 1 1  607    4 
20 3 3 3 3 1 1 4 4 1  561    4 
20 3 2 0 3 0 0 3 3 1 1110    4 
20 3 0 2 1 0 0 1 1 1  971    4 
20 3 3 1 0 0 0 4 4 1  782    4 
20 3 1 3 1 1 0 2 2 1 1321    4 
20 3 2 2 2 1 1 3 3 1  661    5 
20 3 1 3 2 0 0 2 2 1  878    5 
20 3 2 2 2 1 1 3 3 1 1093    5 
20 3 3 3 0 0 1 4 4 1  618    4 
20 3 2 0 2 1 0 3 3 1 1133    5 
20 3 2 0 3 0 0 3 3 1  801    5 
20 3 0 0 1 0 1 1 1 1  555    4 
20 3 1 1 2 0 1 2 2 1  640    5 
20 3 2 2 3 0 1 3 3 1  713    4 
20 3 0 0 1 0 1 1 1 1 1015    4 
20 3 0 0 0 1 1 1 1 1  408    5 
20 3 0 2 0 1 0 1 1 1  611    4 
20 3 0 2 1 0 0 1 1 1  598    5 
20 3 2 0 3 0 0 3 3 1 2585    4 
20 3 1 3 2 0 0 2 2 1  823    5 
20 3 1 3 1 1 0 2 2 1  840    4 
20 3 2 0 3 0 0 3 3 1  936    5 
20 3 2 2 3 0 1 3 3 1  597    4 
20 3 3 3 0 0 1 4 4 1 1016    4 
20 3 2 0 2 1 0 3 3 1 1410    4 
20 3 0 2 1 0 0 1 1 1  882    4 
20 3 3 1 0 0 0 4 4 1  857    5 
20 3 3 3 0 0 1 4 4 1  664    5 
20 3 3 3 3 1 1 4 4 1  553    4 
20 3 1 3 1 1 0 2 2 1  805    4 
20 3 1 1 2 0 1 2 1 0  607    5 
20 3 1 1 1 1 1 2 2 1  751    5 
20 3 2 2 2 1 1 3 3 1  572    5 
20 3 3 1 0 0 0 4 4 1  839    5 
20 3 3 1 0 0 0 4 4 1  504    4 
20 3 1 1 2 0 1 2 2 1 1127    5 
20 3 3 1 3 1 0 4 2 0  675    4 
20 3 3 3 3 1 1 4 4 1  504    4 
20 3 0 0 0 1 1 1 1 1 1614    5 
20 3 0 0 0 1 1 1 1 1  390    5 
20 3 1 1 2 0 1 2 2 1 1218    5 
20 3 2 0 3 0 0 3 3 1  802    4 
20 3 2 0 3 0 0 3 3 1  445    4 
20 3 2 2 3 0 1 3 3 1  774    4 
20 3 2 2 3 0 1 3 3 1  866    4 
20 3 3 1 0 0 0 4 4 1 1129    5 
20 3 2 2 3 0 1 3 3 1  638    5 
20 3 2 0 3 0 0 3 3 1  719    4 
20 3 1 1 1 1 1 2 2 1  701    5 
20 3 2 2 3 0 1 3 4 0  572    5 
20 3 0 0 1 0 1 1 1 1 1621    4 
20 3 0 2 1 0 0 1 1 1  612    4 
20 3 1 1 1 1 1 2 2 1 3087    5 
20 3 0 0 1 0 1 1 1 1  719    5 
20 3 1 1 2 0 1 2 2 1  717    5 
20 3 0 2 0 1 0 1 1 1 1747    5 
20 3 2 0 2 1 0 3 3 1  861    4 
20 3 2 0 2 1 0 3 3 1  493    4 
20 3 3 1 0 0 0 4 4 1  700    4 
20 3 0 0 0 1 1 1 1 1 1507    5 
20 3 3 1 0 0 0 4 4 1  831    5 
20 3 0 2 0 1 0 1 1 1 1168    4 
20 3 3 3 0 0 1 4 4 1 1531    4 
20 3 3 1 3 1 0 4 4 1  582    5 
20 3 3 1 0 0 0 4 4 1  513    5 
20 3 3 1 3 1 0 4 4 1  520    5 
20 3 2 2 2 1 1 3 3 1  886    4 
20 3 3 1 0 0 0 4 4 1  629    5 
20 3 0 2 0 1 0 1 1 1  687    4 
20 3 0 0 0 1 1 1 1 1  542    5 
20 3 0 2 1 0 0 1 1 1  587    4 
20 3 1 1 2 0 1 2 2 1  734    4 
20 3 0 2 1 0 0 1 1 1  644    5 
20 3 0 0 0 1 1 1 1 1  581    4 
20 3 1 1 2 0 1 2 2 1 1505    4 
20 3 2 2 3 0 1 3 3 1  813  210 
20 3 3 3 3 1 1 4 4 1  599    4 
20 3 1 3 2 0 0 2 3 0  794    5 
20 3 2 2 2 1 1 3 3 1  874    5 
20 3 1 1 2 0 1 2 2 1 1273    4 
20 3 1 3 1 1 0 2 2 1  903    5 
20 3 3 3 3 1 1 4 4 1  829    5 
20 3 3 1 3 1 0 4 4 1  598    5 
20 3 3 1 0 0 0 4 4 1  545    5 
20 3 2 2 2 1 1 3 3 1 1510    4 
20 3 0 2 0 1 0 1 2 0  602    4 
20 3 3 3 3 1 1 4 4 1  587    4 
20 3 0 0 1 0 1 1 1 1  694    4 
20 3 1 3 2 0 0 2 2 1  917    5 
20 3 3 1 3 1 0 4 4 1  706    4 
20 3 2 0 2 1 0 3 3 1  920    5 
20 3 1 3 1 1 0 2 2 1 3725    5 
20 3 1 3 1 1 0 2 2 1  818    5 
20 3 1 3 1 1 0 2 2 1  612    5 
20 3 3 1 3 1 0 4 4 1  734    4 
20 3 3 3 0 0 1 4 4 1  732    5 
20 3 3 3 3 1 1 4 4 1  497    5 
20 3 2 0 2 1 0 3 3 1  865    4 
20 3 1 1 1 1 1 2 2 1 1489    4 
20 3 3 1 3 1 0 4 4 1  669    4 
20 3 3 3 3 1 1 4 4 1  517    5 
20 3 0 0 1 0 1 1 1 1  700    5 
20 3 0 0 1 0 1 1 1 1  387    5 
20 3 1 3 1 1 0 2 2 1  975    5 
20 3 0 0 1 0 1 1 1 1  761    4 
20 3 2 2 2 1 1 3 3 1  733    5 
20 3 3 3 0 0 1 4 4 1 1091    4 
20 3 0 0 0 1 1 1 1 1 1672    5 
20 3 0 2 0 1 0 1 1 1  621    5 
20 3 3 3 0 0 1 4 4 1 1159    4 
20 3 1 1 1 1 1 2 2 1 1506    5 
20 3 2 0 3 0 0 3 3 1  757    5 
20 3 2 0 2 1 0 3 3 1  585    4 
20 3 3 3 0 0 1 4 4 1  685    4 
20 3 2 2 2 1 1 3 3 1 1093    5 
20 3 0 0 0 1 1 1 1 1  642    5 
20 3 1 1 1 1 1 2 2 1 1283    4 
20 3 3 3 3 1 1 4 4 1  593    4 
20 3 1 1 2 0 1 2 2 1 2020    5 
20 3 2 0 3 0 0 3 3 1  882    5 
20 3 2 0 2 1 0 3 3 1  593    5 
20 3 3 1 0 0 0 4 4 1  877    4 
20 3 1 1 2 0 1 2 2 1  764    5 
20 3 0 0 0 1 1 1 1 1  800    4 
20 3 3 1 0 0 0 4 4 1 1378    5 
20 3 1 3 2 0 0 2 2 1  724    5 
20 3 3 1 3 1 0 4 4 1  665    5 
20 3 1 1 1 1 1 2 2 1  777    5 
20 3 0 0 0 1 1 1 1 1  597    5 
20 3 1 3 1 1 0 2 2 1 1432    4 
20 3 1 1 1 1 1 2 2 1  479    5 
20 3 2 0 3 0 0 3 3 1 1007    4 
20 3 2 0 3 0 0 3 3 1  488    4 
20 3 1 1 2 0 1 2 2 1  856    5 
20 3 1 3 2 0 0 2 2 1  616    4 
20 3 0 2 1 0 0 1 1 1  762    5 
20 3 1 1 2 0 1 2 2 1  710    4 
20 3 0 2 0 1 0 1 1 1  684    5 
20 3 1 1 2 0 1 2 2 1  756    4 
20 3 0 0 0 1 1 1 1 1  528    4 
20 3 3 3 0 0 1 4 4 1  622    4 
20 3 0 2 1 0 0 1 1 1  656    4 
20 3 3 1 3 1 0 4 4 1  672    4 
20 3 2 2 2 1 1 3 3 1 1247    4 
20 3 1 3 2 0 0 2 2 1  847    5 
20 3 0 0 0 1 1 1 1 1  583    4 
20 3 0 0 1 0 1 1 1 1  667    5 
20 3 2 2 2 1 1 3 3 1  819    4 
20 3 3 3 3 1 1 4 4 1  669    4 
20 3 2 2 2 1 1 3 3 1  597    5 
20 3 3 1 3 1 0 4 4 1  552    4 
20 3 0 2 1 0 0 1 1 1  853    5 
20 3 1 1 2 0 1 2 2 1  885    4 
20 3 1 3 1 1 0 2 2 1  764    5 
20 3 2 0 3 0 0 3 3 1 1280    4 
20 3 0 0 1 0 1 1 1 1 1222    5 
20 3 3 3 3 1 1 4 2 0  621    4 
20 3 2 2 2 1 1 3 3 1  684    4 
20 3 2 2 2 1 1 3 3 1  420    5 
20 3 2 0 2 1 0 3 3 1  598    5 
20 3 1 1 2 0 1 2 2 1  754    4 
20 3 2 0 3 0 0 3 3 1  853    5 
20 3 1 3 1 1 0 2 2 1  845    5 
20 3 2 0 3 0 0 3 2 0  990    4 
20 3 1 3 2 0 0 2 2 1  853    4 
20 3 1 1 1 1 1 2 2 1  605    5 
20 3 1 3 1 1 0 2 2 1  688    4 
20 3 2 0 2 1 0 3 3 1  743    4 
20 3 0 2 1 0 0 1 1 1  795    5 
20 3 1 3 1 1 0 2 2 1  998    5 
20 3 3 1 0 0 0 4 4 1  832    5 
20 3 3 3 0 0 1 4 4 1 1057    4 
20 3 3 3 3 1 1 4 4 1  432    5 
20 3 2 0 2 1 0 3 3 1 1394    5 
20 3 3 1 0 0 0 4 4 1  699    4 
20 3 0 2 1 0 0 1 1 1  674    5 
20 3 0 0 0 1 1 1 1 1  553    5 
20 3 2 0 3 0 0 3 3 1 1822    5 
20 3 0 0 0 1 1 1 1 1  589    4 
20 3 0 2 1 0 0 1 1 1  576    4 
20 3 2 2 2 1 1 3 3 1  644    5 
20 3 1 3 1 1 0 2 2 1  893    5 
20 3 0 0 1 0 1 1 1 1  619    4 
20 3 0 0 1 0 1 1 1 1  429    5 
20 3 3 1 0 0 0 4 4 1  823    5 
20 3 2 0 3 0 0 3 3 1  904    5 
20 3 1 1 1 1 1 2 2 1 1278    4 
20 3 0 0 0 1 1 1 1 1  844    5 
20 3 3 3 3 1 1 4 4 1  484    4 
20 3 1 3 1 1 0 2 4 0  484    4 
20 4 0 0 3 0 1 1 1 1 1261    5 
20 4 2 1 1 0 0 3 3 1  796    4 
20 4 3 3 3 1 1 4 4 1 1022    5 
20 4 0 0 3 0 1 1 1 1  559    5 
20 4 0 0 3 0 1 1 1 1  476    4 
20 4 1 1 0 0 1 2 2 1  748    5 
20 4 3 3 2 0 1 4 4 1  472    4 
20 4 0 3 0 1 0 1 1 1  649    4 
20 4 1 1 0 0 1 2 2 1  810    5 
20 4 0 3 3 0 0 1 3 0  692    5 
20 4 2 1 2 1 0 3 3 1 1480    5 
20 4 1 1 0 0 1 2 2 1 1045    5 
20 4 3 3 2 0 1 4 4 1  557    4 
20 4 3 3 3 1 1 4 4 1  449    5 
20 4 2 1 2 1 0 3 3 1 1435    5 
20 4 2 1 1 0 0 3 3 1  618    4 
20 4 3 2 2 0 0 4 4 1 1229    4 
20 4 3 2 2 0 0 4 4 1  492    4 
20 4 0 0 3 0 1 1 1 1  748    5 
20 4 2 2 2 1 1 3 3 1  777    5 
20 4 2 2 2 1 1 3 3 1  460    5 
20 4 1 0 1 1 0 2 2 1  853    4 
20 4 3 3 3 1 1 4 4 1  517    4 
20 4 1 1 0 0 1 2 2 1 3252    4 
20 4 3 2 2 0 0 4 4 1  589    4 
20 4 1 0 1 1 0 2 2 1 1496    5 
20 4 1 0 0 0 0 2 2 1  637    5 
20 4 0 3 0 1 0 1 1 1  718    5 
20 4 3 2 3 1 0 4 4 1  596    5 
20 4 3 3 2 0 1 4 4 1  655    4 
20 4 1 0 1 1 0 2 2 1  719    5 
20 4 1 1 1 1 1 2 2 1  509    4 
20 4 0 3 3 0 0 1 1 1  684    5 
20 4 3 2 2 0 0 4 4 1 1715    4 
20 4 1 0 1 1 0 2 2 1  910    4 
20 4 1 0 0 0 0 2 2 1  636    5 
20 4 2 2 1 0 1 3 3 1  701   17 
20 4 3 2 2 0 0 4 4 1  724    4 
20 4 3 2 2 0 0 4 4 1  529    4 
20 4 2 2 2 1 1 3 3 1  695    5 
20 4 3 2 3 1 0 4 4 1  598    4 
20 4 3 3 3 1 1 4 4 1  545    4 
20 4 2 1 1 0 0 3 1 0 1494    4 
20 4 0 3 0 1 0 1 1 1  904    5 
20 4 2 2 2 1 1 3 3 1  942    4 
20 4 3 3 3 1 1 4 4 1  690    4 
20 4 2 1 1 0 0 3 0 0 5000    4 
20 4 3 3 2 0 1 4 4 1  532    4 
20 4 2 2 2 1 1 3 3 1  738    5 
20 4 1 1 1 1 1 2 1 0  887    5 
20 4 0 3 0 1 0 1 1 1  587    7 
20 4 2 1 1 0 0 3 3 1 1838    5 
20 4 2 2 2 1 1 3 3 1  492    4 
20 4 0 0 0 1 1 1 1 1  563    5 
20 4 1 1 0 0 1 2 2 1  760    5 
20 4 3 2 3 1 0 4 4 1 1660    4 
20 4 2 2 2 1 1 3 3 1  713    5 
20 4 1 0 0 0 0 2 2 1 1087    4 
20 4 0 0 0 1 1 1 1 1  925    4 
20 4 3 2 2 0 0 4 4 1  530    4 
20 4 2 1 2 1 0 3 3 1  760    4 
20 4 2 1 1 0 0 3 3 1  708    5 
20 4 1 0 1 1 0 2 2 1  874    5 
20 4 1 0 0 0 0 2 2 1  785    5 
20 4 0 0 0 1 1 1 1 1  796    4 
20 4 0 0 0 1 1 1 1 1  527    5 
20 4 2 2 2 1 1 3 3 1 1925    4 
20 4 3 2 2 0 0 4 4 1  863    4 
20 4 0 0 0 1 1 1 1 1  622    5 
20 4 1 0 1 1 0 2 2 1 1536    5 
20 4 2 1 1 0 0 3 3 1 2347    5 
20 4 1 0 0 0 0 2 2 1  923    4 
20 4 0 3 3 0 0 1 1 1  936    4 
20 4 1 0 1 1 0 2 2 1  733    4 
20 4 2 2 2 1 1 3 3 1  938    5 
20 4 3 2 3 1 0 4 4 1  614    4 
20 4 1 0 0 0 0 2 2 1  977    4 
20 4 3 3 2 0 1 4 4 1  507    5 
20 4 0 3 3 0 0 1 1 1 1170    5 
20 4 0 3 3 0 0 1 1 1  653    5 
20 4 2 2 2 1 1 3 3 1 1997    5 
20 4 2 2 2 1 1 3 3 1  484    4 
20 4 1 1 0 0 1 2 2 1 1492    5 
20 4 3 2 3 1 0 4 4 1  633    4 
20 4 3 2 2 0 0 4 4 1  635    4 
20 4 0 0 3 0 1 1 1 1  996    5 
20 4 3 2 3 1 0 4 4 1 1686    4 
20 4 0 0 0 1 1 1 1 1 1235    4 
20 4 2 2 1 0 1 3 3 1 1035    5 
20 4 1 0 1 1 0 2 2 1  771    4 
20 4 0 0 3 0 1 1 1 1  622    5 
20 4 2 1 2 1 0 3 3 1 4696    4 
20 4 0 3 3 0 0 1 1 1 1468    4 
20 4 0 0 0 1 1 1 1 1  578    5 
20 4 3 3 3 1 1 4 4 1  581    5 
20 4 0 0 0 1 1 1 1 1  753    5 
20 4 1 0 0 0 0 2 2 1  845    4 
20 4 0 3 0 1 0 1 1 1 1182    5 
20 4 2 1 1 0 0 3 3 1  896    5 
20 4 0 0 0 1 1 1 1 1 2822    4 
20 4 2 1 1 0 0 3 3 1  818    4 
20 4 0 0 0 1 1 1 1 1  564    4 
20 4 1 1 0 0 1 2 2 1  752    4 
20 4 1 0 1 1 0 2 2 1  757    4 
20 4 2 2 2 1 1 3 3 1  881    4 
20 4 1 1 1 1 1 2 2 1  880    5 
20 4 1 0 1 1 0 2 2 1  639    4 
20 4 3 3 3 1 1 4 4 1  536    5 
20 4 3 2 2 0 0 4 4 1  525    5 
20 4 3 2 2 0 0 4 4 1  427    5 
20 4 3 2 2 0 0 4 4 1  486    4 
20 4 0 0 0 1 1 1 1 1  845    5 
20 4 2 1 1 0 0 3 3 1  870    5 
20 4 2 2 1 0 1 3 3 1  893    5 
20 4 1 1 0 0 1 2 2 1  683    4 
20 4 3 2 3 1 0 4 4 1  547    4 
20 4 3 3 2 0 1 4 4 1  480    5 
20 4 2 1 2 1 0 3 3 1 1097    5 
20 4 3 2 3 1 0 4 4 1  582    5 
20 4 3 2 3 1 0 4 4 1  530    5 
20 4 2 1 1 0 0 3 3 1 1264    5 
20 4 1 1 0 0 1 2 2 1 2679    4 
20 4 2 2 2 1 1 3 3 1 1176    5 
20 4 3 3 2 0 1 4 4 1  538    4 
20 4 0 3 0 1 0 1 1 1  688    5 
20 4 1 1 0 0 1 2 2 1 1406    4 
20 4 2 1 1 0 0 3 3 1 1278    5 
20 4 2 2 2 1 1 3 3 1  708    5 
20 4 3 2 2 0 0 4 4 1  738    5 
20 4 0 0 3 0 1 1 1 1  647    4 
20 4 3 3 2 0 1 4 4 1  624    4 
20 4 0 0 0 1 1 1 1 1  578    5 
20 4 1 1 1 1 1 2 2 1 1014    5 
20 4 2 2 1 0 1 3 3 1  991    5 
20 4 2 2 2 1 1 3 3 1  473    5 
20 4 1 1 0 0 1 2 2 1  937    5 
20 4 1 0 1 1 0 2 2 1 1141    4 
20 4 2 2 1 0 1 3 3 1 1049    5 
20 4 0 3 3 0 0 1 1 1 2425    5 
20 4 0 0 3 0 1 1 1 1  765    4 
20 4 1 1 0 0 1 2 2 1  761    4 
20 4 3 3 3 1 1 4 4 1  733    4 
20 4 0 0 0 1 1 1 1 1  531    4 
20 4 2 1 1 0 0 3 3 1 1145    4 
20 4 2 2 2 1 1 3 3 1  508    4 
20 4 0 3 3 0 0 1 1 1  747    5 
20 4 3 2 2 0 0 4 4 1  624    5 
20 4 1 0 0 0 0 2 2 1  954    4 
20 4 2 1 2 1 0 3 3 1  925    5 
20 4 0 3 3 0 0 1 1 1 3434    4 
20 4 1 0 1 1 0 2 2 1  699    4 
20 4 1 0 1 1 0 2 2 1  842    4 
20 4 3 2 3 1 0 4 4 1  522    4 
20 4 1 1 1 1 1 2 2 1 2472    4 
20 4 2 1 1 0 0 3 1 0  771    4 
20 4 0 0 3 0 1 1 1 1  540    5 
20 4 0 0 0 1 1 1 1 1  473    5 
20 4 1 0 1 1 0 2 2 1  737    4 
20 4 1 1 1 1 1 2 2 1  606    4 
20 4 2 2 2 1 1 3 3 1 1392    4 
20 4 2 2 1 0 1 3 3 1  593    4 
20 4 2 1 2 1 0 3 3 1  692    5 
20 4 2 2 1 0 1 3 3 1  571    4 
20 4 0 0 3 0 1 1 1 1  663    5 
20 4 0 3 0 1 0 1 1 1  903    5 
20 4 0 3 3 0 0 1 1 1  605    4 
20 4 1 0 0 0 0 2 2 1  871    5 
20 4 1 0 1 1 0 2 2 1  734    5 
20 4 0 0 3 0 1 1 2 0  588    4 
20 4 1 1 1 1 1 2 2 1  740    5 
20 4 0 0 3 0 1 1 1 1  537    5 
20 4 3 2 2 0 0 4 4 1  590    4 
20 4 3 3 3 1 1 4 4 1  457    5 
20 4 0 3 3 0 0 1 1 1  754    4 
20 4 0 0 3 0 1 1 1 1  446    5 
20 4 2 2 1 0 1 3 3 1  688    4 
20 4 1 0 1 1 0 2 2 1  775    5 
20 4 3 2 2 0 0 4 4 1 1082    4 
20 4 0 0 0 1 1 1 1 1  600    5 
20 4 0 3 0 1 0 1 1 1  644    4 
20 4 1 1 0 0 1 2 2 1  701    4 
20 4 1 1 0 0 1 2 2 1  451    5 
20 4 3 2 2 0 0 4 4 1  605    4 
20 4 1 1 1 1 1 2 2 1  720    5 
20 4 3 3 3 1 1 4 4 1  701    4 
20 4 2 1 2 1 0 3 3 1  988    5 
20 4 2 2 2 1 1 3 3 1  422    5 
20 4 3 3 2 0 1 4 4 1  528    4 
20 4 1 0 1 1 0 2 2 1 1126    4 
20 4 3 2 3 1 0 4 4 1  586    4 
20 4 0 0 3 0 1 1 1 1 1990    4 
20 4 3 2 3 1 0 4 4 1  549    4 
