2 1 2 2 2 1 1 3 3 1 1994    4 
2 1 1 1 1 1 1 2 2 1  865    4 
2 1 2 2 1 0 1 3 3 1  649    4 
2 1 3 0 2 0 0 4 4 1  554    4 
2 1 2 2 2 1 1 3 3 1  694    4 
2 1 2 3 2 1 0 3 4 0  645    5 
2 1 2 3 1 0 0 3 3 1  763    4 
2 1 0 1 0 1 0 1 1 1 1039    5 
2 1 3 3 3 1 1 4 4 1  519    4 
2 1 0 1 0 1 0 1 1 1  789    4 
2 1 0 1 0 1 0 1 1 1  512    4 
2 1 1 2 1 1 0 2 2 1  911    5 
2 1 3 3 3 1 1 4 4 1  700    4 
2 1 2 3 1 0 0 3 3 1  771    4 
2 1 1 2 0 0 0 2 2 1  726    4 
2 1 1 1 0 0 1 2 2 1 1500    4 
2 1 3 3 2 0 1 4 4 1  568    4 
2 1 0 1 3 0 0 1 1 1  805    4 
2 1 2 3 2 1 0 3 3 1  606    4 
2 1 2 3 1 0 0 3 3 1  513    4 
2 1 1 2 0 0 0 2 2 1  552    5 
2 1 0 1 0 1 0 1 1 1  461    4 
2 1 2 2 2 1 1 3 3 1  590    4 
2 1 0 0 3 0 1 1 1 1  561    4 
2 1 3 0 3 1 0 4 4 1  734    4 
2 1 3 3 3 1 1 4 4 1  547    4 
2 1 1 2 1 1 0 2 2 1  784    4 
2 1 0 0 0 1 1 1 1 1  548    4 
2 1 2 3 1 0 0 3 3 1  601    4 
2 1 0 0 3 0 1 1 1 1  564    5 
2 1 2 2 2 1 1 3 3 1  553    4 
2 1 3 0 3 1 0 4 4 1  661    4 
2 1 2 2 1 0 1 3 3 1  702    4 
2 1 3 3 3 1 1 4 4 1  629    4 
2 1 2 2 1 0 1 3 3 1  606    5 
2 1 3 3 3 1 1 4 4 1  481    5 
2 1 2 3 2 1 0 3 3 1  585    4 
2 1 2 3 2 1 0 3 3 1  477    4 
2 1 1 1 1 1 1 2 2 1  605    4 
2 1 0 1 3 0 0 1 2 0  423    5 
2 1 2 3 1 0 0 3 3 1  655    5 
2 1 1 1 1 1 1 2 2 1  855    5 
2 1 0 0 3 0 1 1 3 0  575    4 
2 1 1 2 1 1 0 2 2 1  632    5 
2 1 2 2 2 1 1 3 3 1  530    4 
2 1 0 1 3 0 0 1 1 1  512    4 
2 1 1 1 0 0 1 2 2 1  639    4 
2 1 1 1 0 0 1 2 2 1  432    4 
2 1 0 0 3 0 1 1 4 0  538    5 
2 1 1 1 0 0 1 2 2 1  741    4 
2 1 2 3 2 1 0 3 3 1  577    4 
2 1 3 3 2 0 1 4 4 1  573    4 
2 1 0 0 3 0 1 1 1 1  641    4 
2 1 3 0 2 0 0 4 4 1  938    4 
2 1 0 0 3 0 1 1 1 1  582    4 
2 1 2 2 2 1 1 3 3 1  498    5 
2 1 3 3 2 0 1 4 4 1  593    4 
2 1 3 0 2 0 0 4 4 1  717    4 
2 1 2 3 1 0 0 3 1 0  547    5 
2 1 2 3 2 1 0 3 3 1  533    5 
2 1 2 2 2 1 1 3 3 1  571    4 
2 1 1 1 0 0 1 2 2 1  607    5 
2 1 1 1 1 1 1 2 2 1  514    5 
2 1 1 2 1 1 0 2 2 1  552    4 
2 1 2 2 1 0 1 3 3 1  861    6 
2 1 3 3 2 0 1 4 4 1  629    4 
2 1 0 0 3 0 1 1 1 1  606    5 
2 1 0 0 3 0 1 1 1 1  417    5 
2 1 3 3 2 0 1 4 4 1  564    4 
2 1 1 1 0 0 1 2 2 1 1001    5 
2 1 0 1 0 1 0 1 1 1  618    4 
2 1 2 3 2 1 0 3 3 1  621    5 
2 1 2 2 1 0 1 3 3 1  567    7 
2 1 2 3 2 1 0 3 3 1  419    4 
2 1 1 1 0 0 1 2 2 1  630    4 
2 1 0 0 3 0 1 1 1 1  751    4 
2 1 1 1 1 1 1 2 2 1  548    5 
2 1 1 1 1 1 1 2 2 1  553    4 
2 1 2 2 1 0 1 3 3 1  574    4 
2 1 0 1 3 0 0 1 1 1  650    4 
2 1 3 0 2 0 0 4 4 1  603    4 
2 1 1 2 1 1 0 2 1 0  573    4 
2 1 1 1 0 0 1 2 2 1  558    4 
2 1 2 2 2 1 1 3 3 1  595    4 
2 1 0 0 0 1 1 1 1 1  630    5 
2 1 0 1 0 1 0 1 1 1  448    4 
2 1 1 2 0 0 0 2 3 0  666    4 
2 1 1 2 1 1 0 2 2 1  711    4 
2 1 2 2 2 1 1 3 3 1  549    4 
2 1 3 0 2 0 0 4 4 1  579    5 
2 1 3 0 2 0 0 4 4 1  550    4 
2 1 0 0 0 1 1 1 1 1 1236    5 
2 1 2 3 1 0 0 3 3 1  828    4 
2 1 1 1 1 1 1 2 2 1  749    4 
2 1 3 3 2 0 1 4 4 1  537    5 
2 1 3 3 3 1 1 4 4 1  431    4 
2 1 0 0 0 1 1 1 1 1  729    4 
2 1 1 1 1 1 1 2 2 1  711    4 
2 1 3 0 2 0 0 4 4 1  573    4 
2 1 3 0 2 0 0 4 4 1  489    4 
2 1 0 1 0 1 0 1 1 1  656    4 
2 1 0 0 3 0 1 1 1 1  768    4 
2 1 1 1 0 0 1 2 1 0  596    4 
2 1 1 1 0 0 1 2 2 1  717    4 
2 1 2 2 1 0 1 3 2 0  435    5 
2 1 1 2 0 0 0 2 2 1  707    4 
2 1 3 3 3 1 1 4 4 1  641    4 
2 1 3 0 2 0 0 4 1 0 1170    5 
2 1 3 0 2 0 0 4 4 1  546    4 
2 1 0 1 3 0 0 1 1 1  967    4 
2 1 0 1 0 1 0 1 1 1  498    4 
2 1 2 2 1 0 1 3 3 1 1074    4 
2 1 3 3 2 0 1 4 4 1  712    5 
2 1 3 3 3 1 1 4 4 1  470    5 
2 1 3 3 2 0 1 4 4 1  511    5 
2 1 1 1 1 1 1 2 2 1  621    4 
2 1 0 0 3 0 1 1 4 0  599    4 
2 1 0 0 0 1 1 1 1 1  439    5 
2 1 3 3 2 0 1 4 4 1  641    5 
2 1 0 0 3 0 1 1 1 1  562    4 
2 1 2 3 1 0 0 3 3 1  759    5 
2 1 3 0 3 1 0 4 4 1  819    5 
2 1 0 1 0 1 0 1 1 1  813    5 
2 1 3 0 2 0 0 4 4 1  622    4 
2 1 0 1 3 0 0 1 1 1  600    4 
2 1 2 2 1 0 1 3 3 1  723    5 
2 1 0 1 0 1 0 1 1 1  609    5 
2 1 1 2 1 1 0 2 2 1  795    4 
2 1 1 1 0 0 1 2 2 1  782    4 
2 1 3 3 2 0 1 4 4 1  665    4 
2 1 1 1 1 1 1 2 2 1  617    4 
2 1 0 1 3 0 0 1 3 0  772    4 
2 1 0 0 0 1 1 1 1 1  548    5 
2 1 0 1 0 1 0 1 1 1  498    4 
2 1 3 0 2 0 0 4 4 1 1009    4 
2 1 3 0 3 1 0 4 4 1  530    4 
2 1 3 3 3 1 1 4 4 1  616    5 
2 1 1 1 1 1 1 2 2 1  635    5 
2 1 2 2 2 1 1 3 3 1  612    5 
2 1 1 2 1 1 0 2 2 1 1087    4 
2 1 0 1 0 1 0 1 1 1  757    5 
2 1 1 2 1 1 0 2 2 1  617    4 
2 1 1 2 0 0 0 2 2 1  628    4 
2 1 0 1 3 0 0 1 1 1  493    4 
2 1 3 0 2 0 0 4 4 1  581    5 
2 1 1 2 0 0 0 2 2 1  633    5 
2 1 3 0 2 0 0 4 4 1  571    5 
2 1 1 2 0 0 0 2 2 1  614    5 
2 1 2 2 2 1 1 3 1 0  785    4 
2 1 1 2 0 0 0 2 2 1  649    5 
2 1 0 1 0 1 0 1 1 1  730    5 
2 1 1 1 0 0 1 2 2 1  616    4 
2 1 1 1 0 0 1 2 2 1  570   21 
2 1 0 0 0 1 1 1 1 1  670    4 
2 1 2 3 1 0 0 3 3 1  710    4 
2 1 3 0 3 1 0 4 4 1  612    5 
2 1 2 3 2 1 0 3 3 1  710    4 
2 1 0 1 0 1 0 1 1 1  764    4 
2 1 2 2 2 1 1 3 3 1  616    5 
2 1 1 2 1 1 0 2 2 1  763    4 
2 1 0 1 0 1 0 1 1 1  607    4 
2 1 2 3 1 0 0 3 3 1  665    4 
2 1 3 0 3 1 0 4 4 1 1274    4 
2 1 0 1 0 1 0 1 1 1  607    4 
2 1 0 1 3 0 0 1 1 1  666    4 
2 1 3 3 2 0 1 4 2 0  698    4 
2 1 2 3 2 1 0 3 3 1  662    4 
2 1 3 3 3 1 1 4 4 1  599    4 
2 1 3 3 2 0 1 4 4 1  674    5 
2 1 1 2 1 1 0 2 2 1 1009    4 
2 1 2 2 2 1 1 3 1 0  931    4 
2 1 0 0 3 0 1 1 1 1  525    4 
2 1 1 2 1 1 0 2 2 1  795    4 
2 1 1 2 0 0 0 2 2 1  541    5 
2 1 0 1 3 0 0 1 1 1  771    4 
2 1 2 3 2 1 0 3 3 1  582    4 
2 1 2 3 2 1 0 3 3 1  434    4 
2 1 3 0 3 1 0 4 4 1  604    4 
2 1 3 3 2 0 1 4 4 1  654    5 
2 1 2 3 1 0 0 3 3 1  655    4 
2 1 1 1 1 1 1 2 1 0  823    5 
2 1 3 0 3 1 0 4 4 1  693    4 
2 1 3 0 3 1 0 4 4 1  420    5 
2 1 1 1 1 1 1 2 2 1  607    5 
2 1 3 3 3 1 1 4 4 1  497    5 
2 1 0 1 3 0 0 1 1 1  697    4 
2 1 2 3 1 0 0 3 2 0  623    5 
2 1 2 2 2 1 1 3 3 1  582    4 
2 1 3 0 3 1 0 4 4 1  538    5 
2 1 1 1 0 0 1 2 2 1 1128    4 
2 1 2 2 2 1 1 3 3 1  548    4 
2 1 0 0 3 0 1 1 1 1  753    5 
2 2 2 2 0 0 1 3 3 1  683    4 
2 2 1 0 3 0 0 2 1 0  554    4 
2 2 2 2 0 0 1 3 3 1  580    5 
2 2 2 2 2 1 1 3 3 1  616    4 
2 2 3 2 1 0 0 4 4 1  618    4 
2 2 1 0 3 0 0 2 2 1  909    4 
2 2 3 2 1 0 0 4 4 1 1026    5 
2 2 1 0 3 0 0 2 2 1  995    4 
2 2 3 3 1 0 1 4 4 1  725    5 
2 2 3 2 1 0 0 4 4 1  826    4 
2 2 3 3 3 1 1 4 4 1  571    5 
2 2 2 1 0 0 0 3 3 1  983    5 
2 2 3 3 3 1 1 4 4 1  490    4 
2 2 0 0 0 1 1 1 1 1  809    4 
2 2 2 1 2 1 0 3 3 1  819    4 
2 2 1 1 1 1 1 2 2 1  589    4 
2 2 3 2 1 0 0 4 4 1  600    4 
2 2 0 0 2 0 1 1 2 0  755    4 
2 2 2 2 0 0 1 3 3 1  597    4 
2 2 1 1 3 0 1 2 2 1  808    4 
2 2 2 2 0 0 1 3 3 1  658    4 
2 2 2 2 2 1 1 3 3 1  498    4 
2 2 0 0 2 0 1 1 1 1  601    4 
2 2 3 3 3 1 1 4 4 1  469    4 
2 2 3 3 3 1 1 4 4 1  421    4 
2 2 3 3 1 0 1 4 4 1  471    4 
2 2 0 0 0 1 1 1 1 1 1255    5 
2 2 1 1 3 0 1 2 4 0  422    5 
2 2 2 2 2 1 1 3 3 1  541    5 
2 2 2 1 2 1 0 3 3 1 1283    5 
2 2 0 0 0 1 1 1 1 1  688    4 
2 2 1 1 1 1 1 2 2 1  847    4 
2 2 1 0 1 1 0 2 2 1 1096    4 
2 2 0 3 2 0 0 1 1 1  797    5 
2 2 3 3 1 0 1 4 4 1  672    5 
2 2 0 0 2 0 1 1 1 1  640    5 
2 2 3 3 1 0 1 4 4 1  497    4 
2 2 2 2 0 0 1 3 3 1  520    4 
2 2 0 0 2 0 1 1 1 1  566    4 
2 2 2 1 0 0 0 3 3 1  795    5 
2 2 2 2 2 1 1 3 3 1  693    4 
2 2 1 0 3 0 0 2 1 0  684    4 
2 2 1 0 3 0 0 2 2 1  737    4 
2 2 0 0 0 1 1 1 1 1  886    4 
2 2 2 1 2 1 0 3 3 1  581    4 
2 2 1 1 1 1 1 2 2 1  664    4 
2 2 0 3 2 0 0 1 3 0  489    4 
2 2 0 0 0 1 1 1 1 1  445    5 
2 2 1 0 1 1 0 2 2 1  767    4 
2 2 3 3 1 0 1 4 4 1  595    4 
2 2 0 0 0 1 1 1 1 1  454    4 
2 2 0 0 2 0 1 1 1 1  583    5 
2 2 2 2 2 1 1 3 3 1  771    4 
2 2 2 2 0 0 1 3 3 1  414    4 
2 2 3 3 1 0 1 4 4 1  593    4 
2 2 1 1 3 0 1 2 2 1  516    5 
2 2 3 3 3 1 1 4 2 0  531    5 
2 2 0 3 0 1 0 1 1 1 1039    5 
2 2 0 3 2 0 0 1 1 1  582    4 
2 2 3 3 1 0 1 4 2 0  722    4 
2 2 3 2 3 1 0 4 4 1  821    4 
2 2 3 2 3 1 0 4 4 1  678    4 
2 2 2 1 2 1 0 3 3 1  734    4 
2 2 3 2 1 0 0 4 4 1  611    5 
2 2 3 3 1 0 1 4 4 1  653    5 
2 2 1 0 1 1 0 2 2 1  870    4 
2 2 3 2 3 1 0 4 4 1  589    4 
2 2 3 2 3 1 0 4 4 1  545    4 
2 2 3 3 1 0 1 4 4 1  566    4 
2 2 2 1 2 1 0 3 3 1  691    5 
2 2 1 0 3 0 0 2 2 1  785    5 
2 2 1 0 1 1 0 2 2 1  717    4 
2 2 2 1 2 1 0 3 3 1  611    5 
2 2 2 2 0 0 1 3 3 1  693    4 
2 2 0 3 0 1 0 1 2 0  676    5 
2 2 3 2 1 0 0 4 4 1  881    4 
2 2 1 0 3 0 0 2 2 1  752    4 
2 2 2 1 2 1 0 3 3 1  693    5 
2 2 1 0 1 1 0 2 2 1  675    5 
2 2 1 0 3 0 0 2 2 1  763    4 
2 2 2 2 2 1 1 3 3 1  615    5 
2 2 2 1 2 1 0 3 3 1  601    4 
2 2 0 0 0 1 1 1 1 1  645    4 
2 2 1 1 3 0 1 2 2 1  678    4 
2 2 0 0 2 0 1 1 1 1  549    5 
2 2 2 1 2 1 0 3 3 1  659    4 
2 2 2 2 0 0 1 3 2 0  595    4 
2 2 2 1 2 1 0 3 3 1  747    4 
2 2 1 0 3 0 0 2 2 1  864    5 
2 2 1 0 1 1 0 2 2 1  784    4 
2 2 0 3 0 1 0 1 1 1  571    4 
2 2 2 2 2 1 1 3 3 1  671    4 
2 2 2 1 0 0 0 3 3 1  702    5 
2 2 2 1 0 0 0 3 3 1  573    4 
2 2 0 3 0 1 0 1 2 0  697    5 
2 2 0 0 0 1 1 1 1 1  621    4 
2 2 3 3 1 0 1 4 4 1  743    4 
2 2 0 0 2 0 1 1 1 1  676    4 
2 2 3 3 3 1 1 4 4 1  587    4 
2 2 2 1 2 1 0 3 3 1  790    5 
2 2 2 2 0 0 1 3 3 1  529    5 
2 2 1 1 1 1 1 2 2 1 1223    4 
2 2 1 1 3 0 1 2 2 1  503    5 
2 2 0 0 2 0 1 1 3 0  486    4 
2 2 3 2 3 1 0 4 4 1  738    4 
2 2 1 1 1 1 1 2 2 1  687    4 
2 2 0 0 0 1 1 1 1 1  558    5 
2 2 3 3 1 0 1 4 2 0  603    4 
2 2 2 2 0 0 1 3 1 0  562    4 
2 2 3 2 1 0 0 4 4 1 1028    5 
2 2 0 0 2 0 1 1 1 1  693    4 
2 2 1 0 3 0 0 2 2 1  836    4 
2 2 0 3 2 0 0 1 1 1  757    5 
2 2 0 3 0 1 0 1 1 1  609    5 
2 2 0 3 2 0 0 1 1 1  451    4 
2 2 1 0 1 1 0 2 2 1  685    4 
2 2 2 1 0 0 0 3 3 1  724    4 
2 2 1 1 1 1 1 2 2 1  586    4 
2 2 0 0 2 0 1 1 1 1  509    4 
2 2 2 1 0 0 0 3 3 1  708    4 
2 2 0 0 0 1 1 1 1 1  834    4 
2 2 3 3 1 0 1 4 4 1  603    4 
2 2 0 3 0 1 0 1 2 0  973    4 
2 2 3 2 3 1 0 4 4 1  805    5 
2 2 3 3 3 1 1 4 4 1  479    5 
2 2 2 2 0 0 1 3 3 1  711    4 
2 2 0 3 2 0 0 1 1 1  973    4 
2 2 0 3 2 0 0 1 1 1  432   18 
2 2 1 0 1 1 0 2 2 1  706    4 
2 2 1 1 1 1 1 2 2 1  601    5 
2 2 3 3 3 1 1 4 4 1  676    5 
2 2 0 3 0 1 0 1 3 0  507    5 
2 2 2 1 2 1 0 3 3 1  759    4 
2 2 3 3 3 1 1 4 4 1  595    4 
2 2 2 1 2 1 0 3 3 1  662    5 
2 2 2 1 0 0 0 3 3 1  687    4 
2 2 0 3 2 0 0 1 1 1  638    5 
2 2 0 0 2 0 1 1 1 1  455  101 
2 2 1 0 1 1 0 2 2 1  712    5 
2 2 0 0 0 1 1 1 1 1  566    5 
2 2 3 3 1 0 1 4 4 1  570    5 
2 2 1 0 1 1 0 2 1 0  734    4 
2 2 3 3 1 0 1 4 4 1  625    4 
2 2 1 0 3 0 0 2 2 1  843    4 
2 2 3 3 1 0 1 4 4 1  643    4 
2 2 1 1 3 0 1 2 2 1 1516    4 
2 2 0 0 2 0 1 1 1 1  568    4 
2 2 3 2 1 0 0 4 4 1  756    4 
2 2 0 0 0 1 1 1 2 0  808    5 
2 2 2 2 2 1 1 3 3 1  575    4 
2 2 3 3 1 0 1 4 4 1  563    4 
2 2 2 1 2 1 0 3 3 1  704    4 
2 2 3 3 1 0 1 4 4 1  606    4 
2 2 1 0 1 1 0 2 2 1  856    5 
2 2 2 1 2 1 0 3 3 1  608    4 
2 2 0 0 2 0 1 1 1 1  659    4 
2 2 0 3 0 1 0 1 1 1  515    4 
2 2 3 2 1 0 0 4 2 0  570    5 
2 2 0 0 2 0 1 1 1 1  611    5 
2 2 0 0 0 1 1 1 1 1  477    5 
2 2 1 0 1 1 0 2 2 1  853    5 
2 2 3 2 1 0 0 4 4 1  797    4 
2 2 3 3 3 1 1 4 4 1  640    4 
2 2 1 0 3 0 0 2 2 1  913    4 
2 2 1 1 3 0 1 2 2 1  678    4 
2 2 2 1 2 1 0 3 3 1  654   22 
2 2 0 3 0 1 0 1 2 0  566    4 
2 2 1 0 1 1 0 2 2 1  880    4 
2 2 2 1 0 0 0 3 3 1  783    5 
2 2 0 0 0 1 1 1 1 1  626    4 
2 2 1 0 1 1 0 2 2 1  836    4 
2 2 1 1 3 0 1 2 2 1  645    5 
2 2 1 0 3 0 0 2 2 1  742    4 
2 2 1 0 1 1 0 2 2 1  707    5 
2 2 1 0 1 1 0 2 2 1  617    5 
2 2 1 0 1 1 0 2 2 1  491    5 
2 2 2 1 2 1 0 3 3 1  683    5 
2 2 3 3 3 1 1 4 4 1  570    5 
2 2 1 1 1 1 1 2 2 1  606    4 
2 2 3 2 3 1 0 4 4 1  769    4 
2 2 0 3 0 1 0 1 1 1  501    4 
2 2 0 3 2 0 0 1 1 1  492    4 
2 2 0 0 2 0 1 1 1 1  604    4 
2 2 3 2 3 1 0 4 4 1  630    4 
2 2 2 1 0 0 0 3 3 1  648    4 
2 2 3 2 1 0 0 4 4 1  609    4 
2 2 1 1 1 1 1 2 2 1  851    4 
2 2 1 0 3 0 0 2 2 1  820    4 
2 2 2 2 2 1 1 3 3 1  621    4 
2 2 2 1 0 0 0 3 3 1  543    4 
2 2 3 3 3 1 1 4 4 1  612    4 
2 2 2 2 0 0 1 3 3 1 1494    4 
2 3 3 0 1 0 0 4 4 1 1081    4 
2 3 0 0 0 1 1 1 3 0  807    4 
2 3 2 2 2 1 1 3 3 1  486    4 
2 3 3 0 1 0 0 4 4 1  726    5 
2 3 0 0 2 0 1 1 1 1  779    4 
2 3 1 1 1 1 1 2 2 1  550    4 
2 3 1 2 1 1 0 2 2 1  684    4 
2 3 0 0 0 1 1 1 1 1  755    5 
2 3 0 1 2 0 0 1 1 1  695    4 
2 3 1 1 3 0 1 2 2 1  598    4 
2 3 0 0 2 0 1 1 1 1  593    5 
2 3 3 3 3 1 1 4 4 1  541    4 
2 3 3 0 3 1 0 4 4 1  650    4 
2 3 2 3 0 0 0 3 3 1  843    4 
2 3 0 0 0 1 1 1 1 1  715    4 
2 3 3 3 3 1 1 4 4 1  521    5 
2 3 1 1 3 0 1 2 2 1  695    4 
2 3 0 0 0 1 1 1 1 1  630    7 
2 3 0 0 0 1 1 1 1 1  424    5 
2 3 2 3 0 0 0 3 3 1  674    4 
2 3 2 3 0 0 0 3 3 1  498    4 
2 3 2 3 2 1 0 3 3 1  601    4 
2 3 3 0 1 0 0 4 4 1  597    4 
2 3 2 2 2 1 1 3 3 1  528    4 
2 3 3 3 1 0 1 4 4 1  502    5 
2 3 1 2 1 1 0 2 2 1  693    5 
2 3 3 0 3 1 0 4 4 1  604    4 
2 3 2 2 0 0 1 3 3 1  695    5 
2 3 1 1 3 0 1 2 2 1 1381    5 
2 3 0 1 2 0 0 1 1 1  655    5 
2 3 0 1 0 1 0 1 1 1  871    4 
2 3 0 0 0 1 1 1 1 1  742    4 
2 3 1 2 3 0 0 2 1 0  595    5 
2 3 0 1 0 1 0 1 1 1  579    4 
2 3 3 3 3 1 1 4 4 1  543    4 
2 3 2 2 0 0 1 3 3 1  757    5 
2 3 1 2 1 1 0 2 2 1  696    4 
2 3 2 3 0 0 0 3 3 1  623  108 
2 3 3 0 3 1 0 4 4 1  625    5 
2 3 0 1 0 1 0 1 1 1  627    4 
2 3 2 3 0 0 0 3 3 1  589    4 
2 3 1 1 3 0 1 2 2 1  824    4 
2 3 3 3 3 1 1 4 4 1  665    4 
2 3 2 3 2 1 0 3 3 1  681    5 
2 3 3 0 1 0 0 4 4 1  857    4 
2 3 1 1 3 0 1 2 2 1  656    5 
2 3 2 2 0 0 1 3 3 1  609    4 
2 3 1 2 3 0 0 2 2 1 1067   11 
2 3 3 3 1 0 1 4 4 1  546    5 
2 3 3 3 1 0 1 4 4 1  544    4 
2 3 2 3 0 0 0 3 3 1  597    4 
2 3 1 1 1 1 1 2 2 1  728    5 
2 3 0 1 0 1 0 1 1 1  685    4 
2 3 2 3 2 1 0 3 3 1  597    4 
2 3 3 3 1 0 1 4 4 1  560    5 
2 3 2 2 2 1 1 3 3 1  581    4 
2 3 3 3 3 1 1 4 4 1  521    4 
2 3 3 3 1 0 1 4 4 1  511    5 
2 3 2 2 0 0 1 3 3 1  549    4 
2 3 2 3 0 0 0 3 3 1  619    4 
2 3 0 0 0 1 1 1 1 1  549    4 
2 3 3 0 1 0 0 4 2 0  611    4 
2 3 0 1 0 1 0 1 1 1  450    5 
2 3 0 0 2 0 1 1 1 1  580    5 
2 3 0 1 0 1 0 1 1 1  472    5 
2 3 3 3 3 1 1 4 4 1  568    4 
2 3 2 2 2 1 1 3 3 1  668    4 
2 3 0 1 0 1 0 1 1 1  805    4 
2 3 0 1 2 0 0 1 1 1  631    4 
2 3 2 3 0 0 0 3 3 1  568    4 
2 3 1 1 3 0 1 2 2 1  677    5 
2 3 0 1 2 0 0 1 3 0  541    4 
2 3 2 2 0 0 1 3 3 1  527    5 
2 3 0 1 0 1 0 1 1 1  645    4 
2 3 1 1 3 0 1 2 2 1  622    4 
2 3 2 3 2 1 0 3 1 0  880    5 
2 3 1 1 1 1 1 2 2 1  580    5 
2 3 3 3 3 1 1 4 4 1  544    5 
2 3 2 2 0 0 1 3 3 1  469    4 
2 3 2 3 2 1 0 3 3 1  629    5 
2 3 0 0 0 1 1 1 1 1  471    4 
2 3 1 2 1 1 0 2 2 1  807    5 
2 3 3 3 3 1 1 4 4 1  617    4 
2 3 0 1 2 0 0 1 1 1  604    4 
2 3 1 1 3 0 1 2 2 1  734    5 
2 3 2 2 0 0 1 3 3 1  612    5 
2 3 3 3 1 0 1 4 4 1 1078    4 
2 3 2 2 2 1 1 3 3 1  676    5 
2 3 3 0 3 1 0 4 4 1  788    4 
2 3 0 1 0 1 0 1 1 1  647    5 
2 3 2 2 0 0 1 3 3 1  864    5 
2 3 3 3 3 1 1 4 4 1  511    4 
2 3 1 2 1 1 0 2 1 0  806    4 
2 3 2 2 0 0 1 3 3 1 1685    5 
2 3 1 1 3 0 1 2 2 1  618    4 
2 3 2 2 2 1 1 3 3 1  508    5 
2 3 3 3 3 1 1 4 4 1  579    5 
2 3 2 2 2 1 1 3 3 1  519    5 
2 3 1 2 3 0 0 2 2 1  757    4 
2 3 0 0 2 0 1 1 1 1  601    4 
2 3 1 1 1 1 1 2 2 1  557    4 
2 3 0 0 2 0 1 1 3 0  737    5 
2 3 1 2 3 0 0 2 2 1  819    5 
2 3 2 2 0 0 1 3 3 1  605    5 
2 3 0 0 2 0 1 1 1 1  511    5 
2 3 0 1 0 1 0 1 1 1  606    4 
2 3 1 1 3 0 1 2 2 1  593    4 
2 3 0 0 2 0 1 1 3 0  516    5 
2 3 3 0 3 1 0 4 4 1  808    5 
2 3 3 3 3 1 1 4 4 1  490    4 
2 3 1 1 3 0 1 2 2 1  753    5 
2 3 3 0 3 1 0 4 2 0  573    4 
2 3 3 0 3 1 0 4 4 1  542    5 
2 3 1 2 1 1 0 2 2 1  588    4 
2 3 2 3 2 1 0 3 3 1  719    5 
2 3 0 1 0 1 0 1 1 1  485    4 
2 3 1 2 3 0 0 2 2 1  701    4 
2 3 1 1 1 1 1 2 2 1  564    5 
2 3 1 2 3 0 0 2 2 1  560    5 
2 3 0 1 2 0 0 1 3 0  613    5 
2 3 0 0 0 1 1 1 1 1  533    4 
2 3 1 2 3 0 0 2 2 1  555    4 
2 3 2 3 2 1 0 3 3 1  631    4 
2 3 0 1 0 1 0 1 1 1  537    5 
2 3 0 0 0 1 1 1 1 1  558    4 
2 3 1 2 1 1 0 2 2 1 1179    4 
2 3 2 2 0 0 1 3 2 0  717    4 
2 3 2 2 0 0 1 3 3 1  577    4 
2 3 2 3 0 0 0 3 3 1  604    4 
2 3 1 1 3 0 1 2 2 1  647    5 
2 3 1 2 3 0 0 2 2 1  592    4 
2 3 1 1 3 0 1 2 2 1  531    4 
2 3 1 2 1 1 0 2 2 1  561    5 
2 3 3 3 3 1 1 4 4 1  646    5 
2 3 3 0 1 0 0 4 4 1  607    4 
2 3 1 2 1 1 0 2 2 1  713    4 
2 3 1 1 1 1 1 2 2 1  543    4 
2 3 1 2 1 1 0 2 2 1  509    4 
2 3 0 1 0 1 0 1 1 1  675    5 
2 3 3 0 3 1 0 4 4 1  563    4 
2 3 1 2 1 1 0 2 2 1  688    5 
2 3 2 3 0 0 0 3 3 1  638    4 
2 3 0 0 2 0 1 1 1 1  535    5 
2 3 3 0 1 0 0 4 4 1  877    5 
2 3 0 1 0 1 0 1 1 1  668    4 
2 3 2 3 2 1 0 3 3 1  605    5 
2 3 0 1 2 0 0 1 1 1  711    4 
2 3 1 1 3 0 1 2 2 1  829    4 
2 3 3 0 1 0 0 4 4 1  638    4 
2 3 0 0 0 1 1 1 1 1  607    4 
2 3 3 0 1 0 0 4 4 1  594    5 
2 3 0 0 0 1 1 1 1 1  469    4 
2 3 1 2 3 0 0 2 2 1  685    4 
2 3 2 2 0 0 1 3 3 1  509    4 
2 3 3 3 3 1 1 4 4 1  556    5 
2 3 2 3 2 1 0 3 1 0  600    4 
2 3 3 3 3 1 1 4 4 1  473    4 
2 3 1 2 3 0 0 2 2 1  609    4 
2 3 0 1 2 0 0 1 1 1  635    5 
2 3 3 3 3 1 1 4 4 1  533    4 
2 3 3 3 1 0 1 4 4 1  539    4 
2 3 3 0 3 1 0 4 4 1  472    4 
2 3 0 1 2 0 0 1 1 1  600    5 
2 3 2 3 0 0 0 3 4 0  556    5 
2 3 3 0 1 0 0 4 4 1  661    5 
2 3 1 1 1 1 1 2 2 1  678    4 
2 3 0 1 2 0 0 1 1 1  709    4 
2 3 3 0 3 1 0 4 4 1  555    4 
2 3 2 3 0 0 0 3 3 1  736    5 
2 3 2 3 2 1 0 3 3 1  493    4 
2 3 1 1 1 1 1 2 2 1  612    4 
2 3 2 2 0 0 1 3 3 1  599    4 
2 3 3 0 1 0 0 4 4 1  466    4 
2 3 2 2 2 1 1 3 3 1  555    4 
2 3 2 2 0 0 1 3 3 1  615    4 
2 3 0 0 0 1 1 1 1 1  642    4 
2 3 0 0 2 0 1 1 1 1  411    4 
2 3 3 3 1 0 1 4 4 1  558    4 
2 3 2 3 0 0 0 3 3 1 1323    4 
2 3 3 3 1 0 1 4 4 1  678    4 
2 3 3 0 3 1 0 4 4 1  502    5 
2 3 0 0 0 1 1 1 3 0  541   32 
2 3 0 1 2 0 0 1 1 1  544    4 
2 3 2 3 2 1 0 3 3 1  525    4 
2 3 1 2 1 1 0 2 2 1 1411    4 
2 3 1 1 1 1 1 2 2 1  675    5 
2 3 3 3 1 0 1 4 4 1  691    5 
2 3 2 3 0 0 0 3 3 1  570    5 
2 3 1 1 3 0 1 2 2 1  669    4 
2 3 3 0 3 1 0 4 4 1  669    5 
2 3 1 1 1 1 1 2 2 1  701    5 
2 3 1 2 3 0 0 2 4 0  540    4 
2 4 1 2 1 1 0 2 2 1  872    4 
2 4 1 2 3 0 0 2 2 1  550    4 
2 4 1 2 1 1 0 2 2 1  556    4 
2 4 0 1 0 1 0 1 1 1  880    4 
2 4 1 2 1 1 0 2 2 1  495    4 
2 4 3 0 3 1 0 4 4 1  511    4 
2 4 1 2 1 1 0 2 2 1  542    4 
2 4 0 0 0 1 1 1 1 1  555    4 
2 4 3 3 3 1 1 4 4 1  479    4 
2 4 2 3 2 1 0 3 3 1  552    5 
2 4 1 1 1 1 1 2 4 0  637    5 
2 4 2 2 0 0 1 3 3 1  619    4 
2 4 0 1 2 0 0 1 1 1  605    4 
2 4 1 1 3 0 1 2 2 1  575    5 
2 4 2 3 2 1 0 3 3 1  651    5 
2 4 1 2 3 0 0 2 2 1  716    4 
2 4 3 3 3 1 1 4 4 1  722    4 
2 4 2 3 2 1 0 3 3 1  528    4 
2 4 0 0 0 1 1 1 1 1  518    4 
2 4 2 2 0 0 1 3 3 1  557    4 
2 4 0 0 2 0 1 1 1 1  457    5 
2 4 3 0 3 1 0 4 4 1  626    4 
2 4 1 2 1 1 0 2 2 1  708    4 
2 4 0 1 2 0 0 1 1 1  642    4 
2 4 1 2 3 0 0 2 2 1  691    5 
2 4 0 1 0 1 0 1 1 1  770    5 
2 4 1 1 1 1 1 2 2 1  581    4 
2 4 2 2 0 0 1 3 3 1  601    4 
2 4 2 3 0 0 0 3 3 1  684    4 
2 4 0 1 0 1 0 1 1 1  572    4 
2 4 1 2 1 1 0 2 2 1  616    4 
2 4 3 3 3 1 1 4 4 1  562    4 
2 4 1 2 3 0 0 2 4 0  551    4 
2 4 2 3 0 0 0 3 3 1  585    4 
2 4 3 3 1 0 1 4 4 1  573    4 
2 4 0 0 0 1 1 1 1 1  681    5 
2 4 3 3 1 0 1 4 4 1  561    4 
2 4 3 0 1 0 0 4 4 1  589    5 
2 4 0 1 2 0 0 1 1 1  672    4 
2 4 1 2 1 1 0 2 2 1  640    4 
2 4 2 2 0 0 1 3 3 1  553    4 
2 4 1 1 3 0 1 2 2 1  726    5 
2 4 3 3 3 1 1 4 4 1  531    4 
2 4 2 2 2 1 1 3 3 1  497    5 
2 4 2 3 0 0 0 3 3 1  745    4 
2 4 2 3 2 1 0 3 3 1  517    4 
2 4 3 3 1 0 1 4 3 0  540    4 
2 4 2 2 2 1 1 3 3 1  583    4 
2 4 0 1 2 0 0 1 1 1  682    5 
2 4 3 0 3 1 0 4 4 1  994    4 
2 4 2 2 2 1 1 3 3 1  572    4 
2 4 1 2 3 0 0 2 2 1  672    4 
2 4 1 2 1 1 0 2 2 1  631    4 
2 4 3 0 3 1 0 4 4 1  633    4 
2 4 2 2 0 0 1 3 3 1  595    5 
2 4 0 0 2 0 1 1 2 0  902    4 
2 4 1 2 1 1 0 2 2 1 1002    5 
2 4 2 3 0 0 0 3 3 1  740    4 
2 4 1 2 3 0 0 2 2 1  640    4 
2 4 2 3 2 1 0 3 3 1  593    4 
2 4 3 3 1 0 1 4 4 1  604    5 
2 4 2 2 2 1 1 3 3 1  479    5 
2 4 3 0 1 0 0 4 4 1 1055    5 
2 4 2 2 2 1 1 3 3 1  590    4 
2 4 1 1 1 1 1 2 4 0  537    5 
2 4 2 2 0 0 1 3 3 1  828    4 
2 4 0 1 2 0 0 1 1 1  717    4 
2 4 1 1 3 0 1 2 2 1  595    4 
2 4 0 1 0 1 0 1 1 1  574    4 
2 4 3 3 1 0 1 4 4 1  554    5 
2 4 0 1 0 1 0 1 1 1  519    4 
2 4 0 0 0 1 1 1 1 1  501    5 
2 4 1 2 3 0 0 2 2 1 1004    5 
2 4 1 2 1 1 0 2 2 1  686    4 
2 4 1 2 3 0 0 2 2 1  573    4 
2 4 0 1 2 0 0 1 1 1  729    5 
2 4 1 2 1 1 0 2 2 1  566    5 
2 4 1 2 3 0 0 2 2 1  835    5 
2 4 1 1 3 0 1 2 2 1  636    4 
2 4 2 3 2 1 0 3 3 1  733    4 
2 4 3 0 1 0 0 4 2 0  651    4 
2 4 3 3 3 1 1 4 2 0  513    4 
2 4 3 0 1 0 0 4 4 1  501    4 
2 4 1 1 3 0 1 2 2 1  708    4 
2 4 2 3 2 1 0 3 3 1  954    5 
2 4 3 0 3 1 0 4 4 1  678    5 
2 4 0 0 2 0 1 1 1 1  829    5 
2 4 3 0 1 0 0 4 4 1  903    4 
2 4 2 2 0 0 1 3 3 1  757    4 
2 4 2 3 2 1 0 3 3 1  633    4 
2 4 1 2 3 0 0 2 2 1  802    4 
2 4 0 0 0 1 1 1 1 1  749    4 
2 4 3 0 3 1 0 4 4 1  554    4 
2 4 3 0 3 1 0 4 4 1  534    4 
2 4 0 1 0 1 0 1 1 1 1076    5 
2 4 3 3 3 1 1 4 4 1 2499    5 
2 4 3 0 1 0 0 4 4 1  516    5 
2 4 1 1 3 0 1 2 2 1  651    4 
2 4 0 0 0 1 1 1 1 1  556    4 
2 4 0 1 0 1 0 1 1 1  553    4 
2 4 1 2 3 0 0 2 2 1  733    5 
2 4 0 0 0 1 1 1 1 1  635    5 
2 4 1 1 3 0 1 2 1 0  484    5 
2 4 3 0 3 1 0 4 4 1  650    5 
2 4 2 3 0 0 0 3 3 1  627    5 
2 4 1 1 3 0 1 2 2 1  684    5 
2 4 0 0 0 1 1 1 1 1  396    4 
2 4 1 1 3 0 1 2 2 1  632    4 
2 4 0 0 2 0 1 1 1 1  474    4 
2 4 3 0 1 0 0 4 4 1  602    5 
2 4 0 0 2 0 1 1 3 0  725    4 
2 4 0 1 0 1 0 1 1 1  664    4 
2 4 2 2 2 1 1 3 3 1  536    4 
2 4 2 3 2 1 0 3 3 1  557    4 
2 4 2 2 2 1 1 3 3 1  498    5 
2 4 1 1 1 1 1 2 2 1  681    4 
2 4 2 2 0 0 1 3 4 0  657    5 
2 4 3 3 1 0 1 4 4 1  574    4 
2 4 1 2 1 1 0 2 2 1  962    5 
2 4 3 3 1 0 1 4 4 1  598    4 
2 4 2 3 2 1 0 3 3 1  793    4 
2 4 1 2 3 0 0 2 2 1  699    4 
2 4 3 3 1 0 1 4 4 1  546    4 
2 4 0 0 0 1 1 1 1 1  744    5 
2 4 0 0 0 1 1 1 1 1  468    4 
2 4 0 0 0 1 1 1 1 1  509    4 
2 4 2 2 2 1 1 3 3 1  620    5 
2 4 0 0 0 1 1 1 1 1  590    4 
2 4 1 2 1 1 0 2 2 1  777    4 
2 4 0 0 2 0 1 1 1 1  724    4 
2 4 1 2 1 1 0 2 2 1  498    4 
2 4 1 1 3 0 1 2 2 1  545    4 
2 4 3 0 1 0 0 4 3 0  734    4 
2 4 3 3 1 0 1 4 4 1  521    4 
2 4 2 3 0 0 0 3 3 1  631    4 
2 4 0 0 2 0 1 1 1 1  641    4 
2 4 0 0 2 0 1 1 1 1  666    4 
2 4 0 0 2 0 1 1 1 1  650    5 
2 4 1 1 3 0 1 2 2 1  723    4 
2 4 3 3 3 1 1 4 4 1  744    4 
2 4 2 2 2 1 1 3 3 1  805    5 
2 4 2 3 2 1 0 3 3 1  559    4 
2 4 3 0 1 0 0 4 4 1  644    5 
2 4 3 3 1 0 1 4 4 1  517    5 
2 4 0 1 0 1 0 1 1 1 1019    4 
2 4 0 0 0 1 1 1 1 1  453    4 
2 4 0 0 0 1 1 1 1 1  574    4 
2 4 3 0 1 0 0 4 4 1  537    5 
2 4 1 2 1 1 0 2 2 1  647    4 
2 4 0 1 2 0 0 1 1 1  728    4 
2 4 3 0 3 1 0 4 4 1  525    4 
2 4 3 3 3 1 1 4 4 1  411    4 
2 4 3 3 3 1 1 4 4 1  374    4 
2 4 2 2 2 1 1 3 3 1  563    5 
2 4 2 2 0 0 1 3 3 1  671    4 
2 4 1 1 3 0 1 2 2 1  567    5 
2 4 2 2 0 0 1 3 3 1  652    5 
2 4 0 0 0 1 1 1 1 1  517    5 
2 4 3 0 1 0 0 4 4 1  683    4 
2 4 3 3 1 0 1 4 4 1  395    4 
2 4 1 1 3 0 1 2 2 1  551    5 
2 4 0 1 2 0 0 1 3 0  676    4 
2 4 3 0 3 1 0 4 4 1  993    4 
2 4 3 0 1 0 0 4 4 1  619    5 
2 4 0 1 2 0 0 1 1 1  613    4 
2 4 0 0 0 1 1 1 1 1  560    5 
2 4 2 2 2 1 1 3 3 1  588    4 
2 4 3 0 1 0 0 4 4 1  839    4 
2 4 3 3 3 1 1 4 4 1  480    5 
2 4 1 2 3 0 0 2 2 1  656    4 
2 4 0 0 0 1 1 1 1 1  512    5 
2 4 2 3 2 1 0 3 3 1  735    4 
2 4 2 2 0 0 1 3 1 0  652    5 
2 4 1 1 3 0 1 2 2 1  627    4 
2 4 0 0 0 1 1 1 1 1  604    4 
2 4 0 0 2 0 1 1 1 1  655    4 
2 4 2 2 0 0 1 3 3 1  631    4 
2 4 2 3 0 0 0 3 3 1  505    5 
2 4 0 0 0 1 1 1 1 1  656    4 
2 4 3 3 1 0 1 4 4 1  600    4 
2 4 3 3 1 0 1 4 4 1  387    5 
2 4 1 1 1 1 1 2 3 0  607    5 
2 4 2 3 0 0 0 3 3 1  679    4 
2 4 1 1 1 1 1 2 2 1  790    5 
2 4 2 3 0 0 0 3 3 1  601    4 
2 4 2 3 2 1 0 3 3 1  516    4 
2 4 2 3 2 1 0 3 3 1  403    4 
2 4 0 1 2 0 0 1 1 1  814    5 
2 4 3 0 1 0 0 4 4 1  712    5 
2 4 3 3 3 1 1 4 4 1  478    5 
2 4 2 3 0 0 0 3 3 1  574    5 
2 4 2 3 2 1 0 3 3 1  402    4 
