5 1 2 2 1 0 1 3 4 0 3432    5 
5 1 3 2 3 1 0 4 4 1 1086    5 
5 1 1 1 1 1 1 2 2 1  837    4 
5 1 2 2 1 0 1 3 3 1  989    4 
5 1 1 1 1 1 1 2 2 1 1391    5 
5 1 0 0 3 0 1 1 1 1  952    4 
5 1 3 3 3 1 1 4 4 1  932    5 
5 1 3 3 2 0 1 4 4 1  617    5 
5 1 1 0 0 0 0 2 2 1 1315    5 
5 1 1 0 0 0 0 2 2 1  640    5 
5 1 0 3 0 1 0 1 1 1  793    4 
5 1 2 2 2 1 1 3 3 1  939    4 
5 1 0 0 3 0 1 1 1 1  687    5 
5 1 3 3 2 0 1 4 4 1  710    4 
5 1 3 3 3 1 1 4 4 1  660    5 
5 1 0 0 3 0 1 1 1 1  725    4 
5 1 3 3 2 0 1 4 4 1  618    5 
5 1 1 0 0 0 0 2 2 1  924    4 
5 1 0 0 0 1 1 1 1 1  737    5 
5 1 0 3 3 0 0 1 1 1  734    5 
5 1 2 2 1 0 1 3 3 1  755    5 
5 1 1 0 0 0 0 2 2 1  823    5 
5 1 0 3 0 1 0 1 1 1  760    4 
5 1 1 0 1 1 0 2 2 1  756    5 
5 1 2 2 2 1 1 3 3 1  784    4 
5 1 1 0 0 0 0 2 2 1  812    5 
5 1 2 2 1 0 1 3 3 1  902    4 
5 1 1 0 1 1 0 2 2 1  772    4 
5 1 2 2 1 0 1 3 3 1  695    5 
5 1 2 2 2 1 1 3 3 1  534    4 
5 1 3 3 3 1 1 4 4 1  540    5 
5 1 0 3 0 1 0 1 1 1  721    5 
5 1 1 1 1 1 1 2 2 1 1015    5 
5 1 2 1 1 0 0 3 3 1  896    5 
5 1 2 1 1 0 0 3 3 1  670    5 
5 1 2 2 2 1 1 3 3 1  574    4 
5 1 3 2 2 0 0 4 4 1  658    5 
5 1 3 3 3 1 1 4 4 1  706    5 
5 1 1 0 0 0 0 2 2 1  936    5 
5 1 1 1 0 0 1 2 2 1  861    5 
5 1 2 2 2 1 1 3 3 1  717    4 
5 1 3 3 2 0 1 4 4 1  811    5 
5 1 3 3 2 0 1 4 4 1  557    5 
5 1 0 3 3 0 0 1 1 1  793    4 
5 1 1 0 1 1 0 2 2 1  764    4 
5 1 3 2 2 0 0 4 4 1  680    5 
5 1 3 2 2 0 0 4 4 1  575    5 
5 1 2 1 1 0 0 3 3 1 1235    4 
5 1 0 0 3 0 1 1 1 1  659    5 
5 1 2 2 1 0 1 3 3 1  787    4 
5 1 1 1 1 1 1 2 2 1  758    4 
5 1 0 3 3 0 0 1 1 1  706    5 
5 1 1 1 0 0 1 2 2 1  808    5 
5 1 3 2 3 1 0 4 4 1  834    4 
5 1 0 0 0 1 1 1 1 1  699    5 
5 1 3 3 3 1 1 4 4 1  738    5 
5 1 2 1 2 1 0 3 3 1  727    5 
5 1 2 1 1 0 0 3 3 1  652    4 
5 1 3 3 2 0 1 4 4 1  533    5 
5 1 2 1 1 0 0 3 3 1  787    4 
5 1 2 2 1 0 1 3 3 1  614    5 
5 1 0 3 0 1 0 1 1 1  624    4 
5 1 2 1 2 1 0 3 3 1 1122    4 
5 1 0 0 0 1 1 1 1 1  542    5 
5 1 3 2 2 0 0 4 4 1  715    4 
5 1 3 2 3 1 0 4 4 1  922    5 
5 1 3 2 2 0 0 4 4 1  558    4 
5 1 0 3 3 0 0 1 1 1  731    5 
5 1 0 3 3 0 0 1 1 1  728    4 
5 1 2 2 2 1 1 3 3 1  550    4 
5 1 2 1 1 0 0 3 3 1  803    4 
5 1 3 2 2 0 0 4 4 1  597    4 
5 1 2 1 1 0 0 3 4 0  760    5 
5 1 0 3 0 1 0 1 1 1  617    4 
5 1 2 2 2 1 1 3 3 1  644    5 
5 1 1 0 0 0 0 2 2 1  757    4 
5 1 1 0 1 1 0 2 2 1  817    4 
5 1 1 1 1 1 1 2 2 1  571    4 
5 1 1 0 1 1 0 2 2 1  639    4 
5 1 1 0 1 1 0 2 2 1  592    5 
5 1 0 0 3 0 1 1 1 1  763    4 
5 1 2 1 2 1 0 3 3 1  703    5 
5 1 1 1 0 0 1 2 2 1  797    4 
5 1 0 3 0 1 0 1 1 1  751    4 
5 1 0 0 0 1 1 1 1 1  556    5 
5 1 2 1 2 1 0 3 3 1  833    5 
5 1 1 1 0 0 1 2 2 1  882    4 
5 1 1 1 1 1 1 2 2 1  505    4 
5 1 0 3 0 1 0 1 1 1  664    5 
5 1 1 1 1 1 1 2 2 1  640    4 
5 1 1 0 0 0 0 2 2 1  657    4 
5 1 3 2 2 0 0 4 4 1  729    4 
5 1 0 0 3 0 1 1 1 1  679    4 
5 1 0 3 0 1 0 1 2 0  518    4 
5 1 2 2 2 1 1 3 3 1  714    5 
5 1 2 1 1 0 0 3 3 1  848    5 
5 1 3 3 3 1 1 4 4 1  593    4 
5 1 3 3 2 0 1 4 4 1  524    5 
5 1 3 2 3 1 0 4 4 1  634    4 
5 1 1 0 1 1 0 2 2 1  860    4 
5 1 0 0 3 0 1 1 1 1  707    5 
5 1 3 3 3 1 1 4 4 1  674    4 
5 1 0 0 0 1 1 1 1 1  889    4 
5 1 3 2 2 0 0 4 4 1  727    4 
5 1 2 2 1 0 1 3 3 1  733    4 
5 1 3 3 2 0 1 4 4 1  506    4 
5 1 1 1 0 0 1 2 2 1  809    5 
5 1 0 3 3 0 0 1 1 1  899    5 
5 1 3 3 3 1 1 4 4 1  753    5 
5 1 1 1 1 1 1 2 2 1  653    4 
5 1 1 1 0 0 1 2 2 1  509    4 
5 1 2 2 2 1 1 3 3 1  532    5 
5 1 3 3 2 0 1 4 4 1  666    4 
5 1 2 2 2 1 1 3 3 1  547    4 
5 1 0 0 3 0 1 1 1 1  680    5 
5 1 1 0 0 0 0 2 1 0  415    4 
5 1 2 2 1 0 1 3 3 1  816    5 
5 1 3 3 3 1 1 4 4 1  914    4 
5 1 1 1 0 0 1 2 2 1  671    4 
5 1 2 1 2 1 0 3 3 1  719    4 
5 1 1 0 1 1 0 2 2 1  837    4 
5 1 1 0 0 0 0 2 2 1  821    5 
5 1 2 1 2 1 0 3 3 1 1166    5 
5 1 2 1 1 0 0 3 3 1  617    4 
5 1 3 2 3 1 0 4 4 1  716    4 
5 1 2 2 1 0 1 3 3 1  762    4 
5 1 1 0 0 0 0 2 2 1  766    5 
5 1 3 2 3 1 0 4 4 1  682    4 
5 1 0 0 3 0 1 1 1 1  697    5 
5 1 0 3 3 0 0 1 1 1  904    4 
5 1 1 1 1 1 1 2 2 1  766    4 
5 1 3 3 2 0 1 4 4 1  666    5 
5 1 2 1 1 0 0 3 3 1 1106    4 
5 1 2 2 2 1 1 3 3 1  543    4 
5 1 3 2 2 0 0 4 4 1  764    4 
5 1 3 2 3 1 0 4 4 1  696    5 
5 1 2 1 2 1 0 3 3 1  871    5 
5 1 0 0 0 1 1 1 1 1  662    4 
5 1 0 0 3 0 1 1 1 1  558    4 
5 1 1 0 0 0 0 2 2 1  771    5 
5 1 3 2 3 1 0 4 3 0  902    4 
5 1 0 3 0 1 0 1 1 1  666    4 
5 1 0 3 3 0 0 1 1 1  794    5 
5 1 1 1 0 0 1 2 2 1  701    4 
5 1 0 0 3 0 1 1 1 1  795    5 
5 1 0 3 0 1 0 1 1 1  710    5 
5 1 1 0 1 1 0 2 2 1  764    4 
5 1 0 3 0 1 0 1 1 1  696    5 
5 1 3 3 2 0 1 4 4 1  751    4 
5 1 0 0 3 0 1 1 1 1  644    4 
5 1 0 0 0 1 1 1 3 0 1197    5 
5 1 1 1 0 0 1 2 2 1  651    4 
5 1 0 0 3 0 1 1 1 1  700    4 
5 1 2 1 2 1 0 3 3 1  947    5 
5 1 3 3 2 0 1 4 4 1  671    4 
5 1 0 0 0 1 1 1 1 1  743    5 
5 1 1 0 1 1 0 2 2 1 1036    4 
5 1 3 2 3 1 0 4 4 1  820    5 
5 1 2 2 1 0 1 3 3 1  981    5 
5 1 1 1 0 0 1 2 2 1  632    5 
5 1 0 3 0 1 0 1 1 1  666    4 
5 1 3 3 3 1 1 4 4 1  818    5 
5 1 1 1 1 1 1 2 2 1  588    5 
5 1 3 3 2 0 1 4 4 1  679    4 
5 1 3 2 3 1 0 4 4 1  847    4 
5 1 1 0 1 1 0 2 2 1  783    5 
5 1 3 3 2 0 1 4 4 1  762    4 
5 1 1 0 0 0 0 2 2 1  766    5 
5 1 0 0 0 1 1 1 1 1  698    4 
5 1 2 1 2 1 0 3 3 1 1049    4 
5 1 1 0 1 1 0 2 2 1  769    4 
5 1 2 2 2 1 1 3 3 1  885    5 
5 1 2 2 2 1 1 3 3 1  556    5 
5 1 0 3 0 1 0 1 1 1  744    4 
5 1 0 3 3 0 0 1 1 1  749    5 
5 1 0 3 0 1 0 1 1 1  554    4 
5 1 3 2 3 1 0 4 4 1  703   77 
5 1 2 2 2 1 1 3 3 1  845    4 
5 1 2 2 2 1 1 3 3 1  454    5 
5 1 3 2 2 0 0 4 4 1  687    4 
5 1 0 0 3 0 1 1 1 1  565    4 
5 1 3 2 2 0 0 4 4 1  738    4 
5 1 3 2 3 1 0 4 4 1  727    4 
5 1 1 1 0 0 1 2 2 1  724    4 
5 1 2 1 1 0 0 3 3 1 1026    5 
5 1 0 3 0 1 0 1 1 1  714    4 
5 1 0 0 3 0 1 1 1 1  664    4 
5 1 2 1 2 1 0 3 3 1 1001    4 
5 1 3 2 2 0 0 4 4 1  763    4 
5 1 1 1 1 1 1 2 2 1  663    4 
5 1 2 1 2 1 0 3 3 1  903    4 
5 1 1 0 1 1 0 2 2 1  869    5 
5 2 2 2 2 1 1 3 3 1 1088    5 
5 2 2 0 3 0 0 3 3 1  654    5 
5 2 3 1 0 0 0 4 4 1  758    4 
5 2 1 3 2 0 0 2 2 1  754    4 
5 2 3 3 3 1 1 4 4 1  878    4 
5 2 1 1 2 0 1 2 2 1 1077    4 
5 2 3 1 0 0 0 4 4 1  868    4 
5 2 0 0 0 1 1 1 1 1  635    5 
5 2 3 1 3 1 0 4 4 1  749    5 
5 2 0 2 1 0 0 1 1 1  682    5 
5 2 2 2 3 0 1 3 3 1  785    5 
5 2 2 0 2 1 0 3 3 1  549    4 
5 2 2 0 2 1 0 3 3 1  618    4 
5 2 2 0 2 1 0 3 3 1  628    4 
5 2 1 3 1 1 0 2 2 1  846    5 
5 2 1 3 2 0 0 2 2 1  630    4 
5 2 2 2 2 1 1 3 3 1  600    4 
5 2 3 1 3 1 0 4 4 1 1051    4 
5 2 1 3 2 0 0 2 2 1  691    4 
5 2 3 1 0 0 0 4 4 1  834    5 
5 2 3 3 0 0 1 4 4 1  883    5 
5 2 3 1 3 1 0 4 4 1  546    5 
5 2 2 2 2 1 1 3 3 1  623    4 
5 2 2 2 2 1 1 3 3 1  545    5 
5 2 0 2 0 1 0 1 1 1  734    5 
5 2 2 0 2 1 0 3 3 1  996    5 
5 2 1 3 1 1 0 2 2 1  670    5 
5 2 3 3 3 1 1 4 4 1  749    4 
5 2 2 2 2 1 1 3 3 1  618    5 
5 2 1 1 1 1 1 2 1 0  661    5 
5 2 2 0 3 0 0 3 3 1  858    4 
5 2 2 0 3 0 0 3 3 1  626    5 
5 2 1 3 1 1 0 2 2 1  716    4 
5 2 3 3 3 1 1 4 4 1  586    5 
5 2 0 2 0 1 0 1 1 1  765    4 
5 2 3 1 0 0 0 4 4 1  777    4 
5 2 2 0 2 1 0 3 3 1  804    4 
5 2 2 0 3 0 0 3 3 1  670    4 
5 2 2 0 3 0 0 3 3 1  646    5 
5 2 0 2 0 1 0 1 1 1  775    4 
5 2 3 3 3 1 1 4 4 1  762    4 
5 2 3 3 3 1 1 4 4 1  510    4 
5 2 1 1 1 1 1 2 2 1  557    4 
5 2 3 1 0 0 0 4 4 1  721    5 
5 2 3 3 0 0 1 4 4 1  695    4 
5 2 3 3 0 0 1 4 4 1  533    5 
5 2 1 3 1 1 0 2 2 1  756    4 
5 2 2 2 2 1 1 3 3 1  576    5 
5 2 0 0 0 1 1 1 1 1  523    4 
5 2 1 3 2 0 0 2 2 1  761    5 
5 2 0 0 0 1 1 1 1 1  629    4 
5 2 3 3 0 0 1 4 4 1  631    5 
5 2 3 3 3 1 1 4 4 1  601    4 
5 2 2 2 3 0 1 3 3 1  772    5 
5 2 3 3 3 1 1 4 4 1  767    4 
5 2 0 0 1 0 1 1 1 1  715    5 
5 2 1 1 1 1 1 2 2 1  569    4 
5 2 1 3 1 1 0 2 2 1  837    4 
5 2 3 1 3 1 0 4 4 1  718    4 
5 2 0 0 1 0 1 1 1 1 1420    4 
5 2 1 1 2 0 1 2 2 1  612    4 
5 2 1 1 2 0 1 2 2 1  510    5 
5 2 0 0 0 1 1 1 1 1  557    4 
5 2 0 0 0 1 1 1 1 1  522    4 
5 2 3 3 0 0 1 4 4 1  600    5 
5 2 0 2 0 1 0 1 1 1  675    5 
5 2 3 3 0 0 1 4 4 1  603    4 
5 2 0 2 1 0 0 1 1 1  701    4 
5 2 3 3 0 0 1 4 4 1  580    4 
5 2 3 3 3 1 1 4 4 1  512    5 
5 2 1 3 1 1 0 2 2 1  742    4 
5 2 1 1 2 0 1 2 2 1  579    5 
5 2 1 3 1 1 0 2 2 1  639    5 
5 2 1 1 1 1 1 2 2 1  600    4 
5 2 0 2 1 0 0 1 1 1  715    5 
5 2 3 1 3 1 0 4 4 1  633    4 
5 2 0 0 0 1 1 1 1 1  531    4 
5 2 1 3 1 1 0 2 2 1 1065    4 
5 2 2 0 3 0 0 3 3 1 1024    4 
5 2 0 0 1 0 1 1 1 1  657    5 
5 2 0 0 0 1 1 1 1 1  521    4 
5 2 1 1 2 0 1 2 2 1  687    5 
5 2 0 0 0 1 1 1 1 1  494    4 
5 2 0 2 1 0 0 1 1 1  685    5 
5 2 0 0 1 0 1 1 1 1  533    5 
5 2 3 1 0 0 0 4 4 1  619    4 
5 2 0 0 0 1 1 1 1 1  989    4 
5 2 0 2 0 1 0 1 1 1  495    5 
5 2 3 3 0 0 1 4 4 1  542    5 
5 2 0 2 0 1 0 1 1 1  643    5 
5 2 0 2 0 1 0 1 1 1  572    5 
5 2 3 1 0 0 0 4 4 1  568    4 
5 2 3 3 3 1 1 4 4 1  597    4 
5 2 0 0 1 0 1 1 1 1  544    5 
5 2 1 1 1 1 1 2 2 1  925    5 
5 2 0 2 1 0 0 1 1 1  690    5 
5 2 3 1 0 0 0 4 4 1  569    4 
5 2 1 3 2 0 0 2 2 1 1189    5 
5 2 2 0 2 1 0 3 3 1  678    4 
5 2 2 2 2 1 1 3 3 1  774    4 
5 2 1 1 1 1 1 2 2 1  585    4 
5 2 1 1 1 1 1 2 2 1  549    4 
5 2 2 0 2 1 0 3 3 1  746    5 
5 2 0 0 0 1 1 1 1 1 1063    5 
5 2 2 2 2 1 1 3 3 1  846    4 
5 2 2 2 3 0 1 3 3 1  559    4 
5 2 3 3 3 1 1 4 4 1  531    4 
5 2 3 1 3 1 0 4 4 1  457    4 
5 2 0 2 0 1 0 1 1 1  522    4 
5 2 0 2 1 0 0 1 1 1  592    5 
5 2 1 1 2 0 1 2 2 1  595    4 
5 2 1 1 2 0 1 2 2 1  575    4 
5 2 1 3 1 1 0 2 2 1  738    4 
5 2 2 0 2 1 0 3 3 1  655    4 
5 2 1 3 2 0 0 2 2 1  855    5 
5 2 3 1 0 0 0 4 4 1  823    4 
5 2 2 2 3 0 1 3 3 1  760    5 
5 2 3 1 3 1 0 4 4 1  868    4 
5 2 1 1 1 1 1 2 2 1  852    4 
5 2 2 0 2 1 0 3 3 1  900    4 
5 2 2 0 3 0 0 3 3 1  643    5 
5 2 0 0 0 1 1 1 1 1  484    4 
5 2 1 1 1 1 1 2 2 1  612    5 
5 2 0 2 1 0 0 1 1 1  710    4 
5 2 0 2 0 1 0 1 1 1  700    4 
5 2 2 0 3 0 0 3 3 1 1123    4 
5 2 3 1 3 1 0 4 4 1  703    5 
5 2 1 3 2 0 0 2 2 1  790    5 
5 2 1 3 2 0 0 2 2 1  680    4 
5 2 1 3 1 1 0 2 2 1  552    4 
5 2 0 0 1 0 1 1 1 1  645    4 
5 2 1 3 2 0 0 2 2 1  710    4 
5 2 2 2 2 1 1 3 3 1  716    4 
5 2 1 1 2 0 1 2 3 0  442    4 
5 2 1 3 2 0 0 2 2 1  729    5 
5 2 3 3 0 0 1 4 4 1  839    4 
5 2 0 2 1 0 0 1 1 1  815    5 
5 2 0 0 1 0 1 1 1 1  673    4 
5 2 0 0 1 0 1 1 1 1  504    4 
5 2 2 0 3 0 0 3 3 1  919    4 
5 2 2 2 3 0 1 3 3 1  893    4 
5 2 3 1 3 1 0 4 4 1  643    5 
5 2 2 0 3 0 0 3 3 1  636    5 
5 2 0 0 1 0 1 1 1 1  725    5 
5 2 2 2 3 0 1 3 3 1  939    4 
5 2 2 2 2 1 1 3 3 1  455    4 
5 2 1 3 2 0 0 2 2 1  752    4 
5 2 1 3 1 1 0 2 2 1  572    4 
5 2 0 2 0 1 0 1 1 1  624    5 
5 2 0 0 0 1 1 1 1 1  562    5 
5 2 3 3 0 0 1 4 4 1  622    4 
5 2 2 0 3 0 0 3 3 1 1080    4 
5 2 1 3 1 1 0 2 2 1  663    4 
5 2 0 0 1 0 1 1 1 1  607    4 
5 2 3 1 3 1 0 4 4 1  753    5 
5 2 2 2 2 1 1 3 3 1  509    5 
5 2 0 0 1 0 1 1 1 1  612    5 
5 2 1 1 2 0 1 2 2 1  718    5 
5 2 0 2 0 1 0 1 3 0  997    5 
5 2 2 0 3 0 0 3 3 1  644    5 
5 2 3 3 0 0 1 4 4 1  621    4 
5 2 0 2 0 1 0 1 1 1  599    4 
5 2 2 0 3 0 0 3 3 1  674    4 
5 2 0 0 0 1 1 1 1 1  593    5 
5 2 2 0 2 1 0 3 3 1  628    5 
5 2 2 2 2 1 1 3 4 0  742    5 
5 2 2 2 3 0 1 3 3 1  688    4 
5 2 1 1 2 0 1 2 2 1  631    4 
5 2 2 2 2 1 1 3 3 1  801    4 
5 2 3 3 3 1 1 4 4 1  571    4 
5 2 0 0 0 1 1 1 1 1  527    4 
5 2 1 3 1 1 0 2 2 1  677    5 
5 2 0 2 1 0 0 1 1 1 1005    4 
5 2 0 2 1 0 0 1 1 1  542    4 
5 2 1 1 2 0 1 2 2 1  891    4 
5 2 1 3 2 0 0 2 2 1  794    4 
5 2 2 0 3 0 0 3 3 1  692    4 
5 2 3 1 3 1 0 4 4 1  627    5 
5 2 2 2 3 0 1 3 3 1  717    5 
5 2 1 3 1 1 0 2 2 1  683    4 
5 2 2 2 3 0 1 3 3 1 1002    5 
5 2 3 3 0 0 1 4 4 1 1444    4 
5 2 3 3 0 0 1 4 4 1  419    5 
5 2 3 3 0 0 1 4 4 1  421    5 
5 2 3 3 0 0 1 4 4 1  440    4 
5 2 0 0 0 1 1 1 1 1  529    5 
5 2 3 1 0 0 0 4 4 1 1087    4 
5 2 2 2 2 1 1 3 3 1  525    5 
5 2 3 1 0 0 0 4 4 1  739    4 
5 2 2 0 3 0 0 3 3 1  672    5 
5 2 1 3 2 0 0 2 2 1  727    4 
5 2 1 1 2 0 1 2 2 1  581    4 
5 3 0 2 0 1 0 1 1 1  866    5 
5 3 2 0 1 0 0 3 3 1  762    4 
5 3 2 2 1 0 1 3 3 1  878    5 
5 3 0 2 3 0 0 1 1 1  677    4 
5 3 2 0 2 1 0 3 3 1  676    5 
5 3 2 0 2 1 0 3 3 1  556    4 
5 3 0 0 0 1 1 1 1 1  520    5 
5 3 3 1 2 0 0 4 4 1  574    5 
5 3 2 0 1 0 0 3 3 1  642    4 
5 3 0 2 3 0 0 1 1 1  747    4 
5 3 3 3 2 0 1 4 4 1  528    5 
5 3 1 1 1 1 1 2 2 1  542    4 
5 3 2 0 1 0 0 3 3 1  755    4 
5 3 0 2 3 0 0 1 1 1  743    4 
5 3 0 2 3 0 0 1 1 1  596    4 
5 3 3 1 3 1 0 4 4 1  551    4 
5 3 1 1 0 0 1 2 2 1  580    4 
5 3 3 1 3 1 0 4 4 1  936    5 
5 3 1 3 0 0 0 2 2 1  709    5 
5 3 1 1 1 1 1 2 2 1  523    4 
5 3 1 1 0 0 1 2 2 1  505    5 
5 3 0 2 0 1 0 1 1 1  552    5 
5 3 3 1 3 1 0 4 4 1  653    5 
5 3 0 0 3 0 1 1 1 1  582    4 
5 3 0 2 0 1 0 1 1 1  570    4 
5 3 0 0 0 1 1 1 1 1  510    5 
5 3 1 1 1 1 1 2 2 1  508    4 
5 3 1 3 1 1 0 2 2 1  739    5 
5 3 2 0 1 0 0 3 3 1  640    5 
5 3 3 1 3 1 0 4 4 1  545    4 
5 3 3 3 3 1 1 4 4 1  502    4 
5 3 1 1 0 0 1 2 2 1  525    4 
5 3 1 3 0 0 0 2 2 1  539    5 
5 3 3 3 2 0 1 4 4 1 1016    5 
5 3 3 3 3 1 1 4 4 1  433    5 
5 3 1 3 0 0 0 2 2 1  548    4 
5 3 3 1 3 1 0 4 4 1  937    5 
5 3 3 1 3 1 0 4 4 1  485    5 
5 3 2 0 1 0 0 3 3 1  677    4 
5 3 0 2 3 0 0 1 1 1  637    4 
5 3 3 1 2 0 0 4 4 1  590    5 
5 3 1 3 1 1 0 2 2 1  689    5 
5 3 2 0 2 1 0 3 3 1  640    4 
5 3 2 2 1 0 1 3 3 1  857    4 
5 3 1 1 1 1 1 2 2 1  489    5 
5 3 2 0 2 1 0 3 3 1  744    4 
5 3 1 1 1 1 1 2 2 1  533    5 
5 3 3 3 2 0 1 4 4 1  667    5 
5 3 0 2 3 0 0 1 1 1  635    4 
5 3 1 3 0 0 0 2 2 1 1125    5 
5 3 2 2 2 1 1 3 3 1  465    4 
5 3 1 1 0 0 1 2 2 1  538    4 
5 3 3 3 3 1 1 4 4 1  607    5 
5 3 1 3 1 1 0 2 2 1  690    5 
5 3 0 2 0 1 0 1 1 1  617    5 
5 3 3 1 3 1 0 4 4 1 1003    4 
5 3 3 3 2 0 1 4 4 1  477    4 
5 3 0 2 3 0 0 1 1 1  581    4 
5 3 1 3 1 1 0 2 2 1  649    4 
5 3 2 0 1 0 0 3 3 1  722    4 
5 3 0 0 0 1 1 1 1 1  520    4 
5 3 3 3 3 1 1 4 4 1  510    4 
5 3 2 2 1 0 1 3 3 1  852    5 
5 3 3 3 3 1 1 4 4 1  517    4 
5 3 2 2 1 0 1 3 3 1  723    4 
5 3 3 1 2 0 0 4 4 1  897    4 
5 3 1 1 1 1 1 2 2 1  503    5 
5 3 3 1 3 1 0 4 4 1  742    5 
5 3 3 3 2 0 1 4 4 1  555    4 
5 3 2 2 2 1 1 3 3 1  463    5 
5 3 3 3 2 0 1 4 4 1  576    4 
5 3 1 3 0 0 0 2 2 1  612    4 
5 3 0 2 3 0 0 1 1 1  654    4 
5 3 3 3 3 1 1 4 4 1  511    5 
5 3 3 3 3 1 1 4 4 1  446    5 
5 3 0 2 3 0 0 1 1 1  543    4 
5 3 3 3 2 0 1 4 4 1  684    4 
5 3 2 2 2 1 1 3 3 1  628    4 
5 3 1 1 1 1 1 2 2 1  526    4 
5 3 1 1 0 0 1 2 2 1  532    4 
5 3 2 2 1 0 1 3 3 1  546    4 
5 3 0 2 3 0 0 1 1 1  527    4 
5 3 0 0 0 1 1 1 1 1  421    4 
5 3 0 2 0 1 0 1 1 1  503    4 
5 3 1 1 1 1 1 2 2 1  526    5 
5 3 3 1 3 1 0 4 4 1  588    5 
5 3 2 0 1 0 0 3 3 1  607    4 
5 3 1 3 1 1 0 2 2 1  818    4 
5 3 0 2 0 1 0 1 1 1  556    5 
5 3 1 1 0 0 1 2 2 1  544    5 
5 3 0 2 0 1 0 1 1 1  518    5 
5 3 0 2 0 1 0 1 1 1  500    4 
5 3 0 0 0 1 1 1 1 1  404    4 
5 3 0 0 0 1 1 1 1 1  375    4 
5 3 0 0 3 0 1 1 1 1  555    4 
5 3 3 1 3 1 0 4 4 1  560    5 
5 3 0 0 3 0 1 1 1 1  637    5 
5 3 3 3 2 0 1 4 4 1  510    4 
5 3 3 1 3 1 0 4 4 1  604    5 
5 3 1 1 0 0 1 2 2 1  479    4 
5 3 1 3 0 0 0 2 2 1  543    4 
5 3 3 1 3 1 0 4 4 1  644    4 
5 3 3 3 2 0 1 4 4 1  549    4 
5 3 2 0 1 0 0 3 3 1  635    5 
5 3 0 2 0 1 0 1 1 1  596    4 
5 3 2 0 1 0 0 3 3 1  712    4 
5 3 3 1 3 1 0 4 4 1  582    4 
5 3 2 2 1 0 1 3 3 1  874    5 
5 3 0 2 0 1 0 1 1 1  537    4 
5 3 2 2 1 0 1 3 3 1 1054    5 
5 3 0 2 3 0 0 1 1 1  605    4 
5 3 0 2 0 1 0 1 1 1  487    5 
5 3 3 3 3 1 1 4 4 1  495    5 
5 3 2 0 2 1 0 3 3 1  742    4 
5 3 2 2 1 0 1 3 3 1 1171    5 
5 3 2 0 1 0 0 3 3 1  557    4 
5 3 2 2 2 1 1 3 3 1  426    4 
5 3 3 3 3 1 1 4 4 1  572    4 
5 3 1 1 1 1 1 2 2 1  480    5 
5 3 1 3 0 0 0 2 2 1  648    4 
5 3 2 0 1 0 0 3 3 1  737    4 
5 3 3 3 2 0 1 4 4 1  494    4 
5 3 0 0 3 0 1 1 1 1  477    4 
5 3 3 3 2 0 1 4 4 1  517    4 
5 3 3 3 2 0 1 4 4 1  452    5 
5 3 2 0 1 0 0 3 3 1  941    4 
5 3 2 2 1 0 1 3 3 1  721    5 
5 3 2 2 2 1 1 3 3 1  439    5 
5 3 0 2 0 1 0 1 1 1  584    4 
5 3 0 0 3 0 1 1 1 1  516    4 
5 3 3 3 3 1 1 4 4 1  531    5 
5 3 1 3 1 1 0 2 2 1  609    5 
5 3 3 3 2 0 1 4 4 1  531    5 
5 3 1 3 1 1 0 2 2 1  593    5 
5 3 3 3 2 0 1 4 4 1  421    4 
5 3 3 1 2 0 0 4 4 1  575    4 
5 3 2 2 2 1 1 3 3 1  539    4 
5 3 2 2 2 1 1 3 3 1  376    5 
5 3 2 2 2 1 1 3 3 1  381    5 
5 3 2 2 2 1 1 3 3 1  377    4 
5 3 3 3 2 0 1 4 4 1  502    5 
5 3 1 3 0 0 0 2 2 1  557    4 
5 3 1 3 1 1 0 2 2 1  610    5 
5 3 2 2 2 1 1 3 3 1  636    4 
5 3 3 3 3 1 1 4 4 1  493    5 
5 3 3 3 3 1 1 4 4 1  437    4 
5 3 2 0 1 0 0 3 3 1  678    4 
5 3 0 2 0 1 0 1 1 1  598    4 
5 3 0 0 3 0 1 1 1 1  513    4 
5 3 3 1 3 1 0 4 4 1  928    5 
5 3 3 3 3 1 1 4 4 1  396    5 
5 3 0 0 0 1 1 1 1 1  440    5 
5 3 0 2 0 1 0 1 1 1  554    4 
5 3 1 1 0 0 1 2 2 1  519    4 
5 3 0 0 3 0 1 1 1 1  509    5 
5 3 2 2 1 0 1 3 3 1  732    4 
5 3 2 2 2 1 1 3 3 1  601    4 
5 3 3 1 2 0 0 4 4 1  565    5 
5 3 1 3 0 0 0 2 2 1  689    5 
5 3 1 1 1 1 1 2 2 1  488    5 
5 3 1 1 0 0 1 2 2 1  440    5 
5 3 2 0 2 1 0 3 3 1  577    5 
5 3 1 3 1 1 0 2 4 0  597    4 
5 3 0 2 3 0 0 1 3 0  589    4 
5 3 1 1 0 0 1 2 2 1  510    5 
5 3 2 2 1 0 1 3 3 1  613    5 
5 3 2 2 1 0 1 3 3 1  559    5 
5 3 1 3 0 0 0 2 2 1  644    5 
5 3 0 2 0 1 0 1 1 1  565    4 
5 3 1 1 0 0 1 2 2 1  513    5 
5 3 2 0 1 0 0 3 3 1  712    4 
5 3 1 1 1 1 1 2 2 1  638    5 
5 3 0 0 0 1 1 1 1 1  495    5 
5 3 1 1 0 0 1 2 2 1  519    5 
5 3 0 0 0 1 1 1 1 1  637    4 
5 3 2 2 1 0 1 3 3 1  534    4 
5 3 3 1 2 0 0 4 4 1  588    5 
5 3 1 1 1 1 1 2 2 1  600    4 
5 3 2 0 1 0 0 3 3 1  859    5 
5 3 1 1 0 0 1 2 2 1  514    4 
5 3 1 3 1 1 0 2 2 1  777    5 
5 3 1 3 0 0 0 2 2 1  532    5 
5 3 0 2 3 0 0 1 1 1  850    4 
5 3 2 2 2 1 1 3 3 1  547    4 
5 3 0 2 3 0 0 1 1 1  680    4 
5 3 1 3 0 0 0 2 2 1  584    5 
5 3 2 2 2 1 1 3 3 1  548    4 
5 3 0 2 3 0 0 1 1 1  729    5 
5 3 2 2 2 1 1 3 3 1  542    5 
5 3 1 3 1 1 0 2 2 1  604    4 
5 3 0 2 0 1 0 1 1 1  646    4 
5 3 0 2 0 1 0 1 1 1  607    5 
5 4 3 1 0 0 0 4 4 1 2454    4 
5 4 0 2 0 1 0 1 1 1  697    4 
5 4 1 3 1 1 0 2 2 1  688    5 
5 4 3 1 3 1 0 4 4 1  591    4 
5 4 2 0 3 0 0 3 3 1  682    5 
5 4 0 0 1 0 1 1 1 1  682    4 
5 4 3 3 0 0 1 4 4 1  641    5 
5 4 3 3 0 0 1 4 4 1  610    5 
5 4 2 2 3 0 1 3 3 1  573    5 
5 4 3 1 0 0 0 4 4 1  649    5 
5 4 1 3 1 1 0 2 2 1  778    4 
5 4 3 1 0 0 0 4 4 1  637    4 
5 4 3 1 3 1 0 4 4 1  558    4 
5 4 0 0 0 1 1 1 1 1  571    4 
5 4 3 1 3 1 0 4 4 1  838    5 
5 4 0 0 0 1 1 1 1 1  575    4 
5 4 1 1 1 1 1 2 2 1  587    5 
5 4 2 0 3 0 0 3 3 1  574    5 
5 4 1 3 2 0 0 2 2 1  882    4 
5 4 2 0 2 1 0 3 3 1  537    5 
5 4 1 3 1 1 0 2 2 1  726    4 
5 4 3 1 0 0 0 4 4 1  636    5 
5 4 3 3 3 1 1 4 4 1  557    5 
5 4 2 0 2 1 0 3 3 1  690    5 
5 4 1 3 1 1 0 2 2 1  641    4 
5 4 1 1 1 1 1 2 2 1  554    5 
5 4 0 0 1 0 1 1 1 1  582    4 
5 4 3 3 0 0 1 4 4 1  666    4 
5 4 3 3 3 1 1 4 4 1  554    4 
5 4 1 3 1 1 0 2 2 1  535    4 
5 4 2 0 3 0 0 3 3 1  573    5 
5 4 1 3 1 1 0 2 2 1  593    5 
5 4 2 0 2 1 0 3 3 1  572    4 
5 4 2 0 2 1 0 3 3 1  528    5 
5 4 0 0 0 1 1 1 1 1  582    4 
5 4 2 0 2 1 0 3 3 1  578    5 
5 4 0 0 0 1 1 1 1 1  438    4 
5 4 0 2 1 0 0 1 1 1  703    5 
5 4 3 3 0 0 1 4 4 1  670    4 
5 4 2 2 2 1 1 3 3 1  493    4 
5 4 1 3 1 1 0 2 2 1  565    5 
5 4 1 3 2 0 0 2 2 1  601    4 
5 4 0 2 1 0 0 1 1 1  676    4 
5 4 3 3 0 0 1 4 4 1  732    4 
5 4 2 2 2 1 1 3 3 1  553    4 
5 4 0 0 1 0 1 1 1 1  478    5 
5 4 2 0 2 1 0 3 3 1  662    5 
5 4 2 0 3 0 0 3 3 1  606    4 
5 4 3 3 3 1 1 4 4 1  441    5 
5 4 0 2 1 0 0 1 1 1  635    5 
5 4 1 1 1 1 1 2 2 1  540    4 
5 4 1 3 1 1 0 2 2 1  538    5 
5 4 2 0 2 1 0 3 3 1  567    4 
5 4 3 3 3 1 1 4 4 1  491    4 
5 4 3 1 3 1 0 4 4 1  451    4 
5 4 3 3 3 1 1 4 4 1  437    5 
5 4 2 2 2 1 1 3 3 1  470    4 
5 4 1 1 2 0 1 2 2 1  574    5 
5 4 0 2 0 1 0 1 1 1  522    4 
5 4 1 1 2 0 1 2 2 1  560    5 
5 4 3 3 0 0 1 4 4 1  629    4 
5 4 2 2 2 1 1 3 3 1  423    4 
5 4 1 3 2 0 0 2 2 1  753    5 
5 4 0 2 0 1 0 1 1 1  525    5 
5 4 1 1 1 1 1 2 2 1  547    5 
5 4 2 0 3 0 0 3 3 1  664    4 
5 4 2 2 3 0 1 3 3 1  505    5 
5 4 2 2 3 0 1 3 3 1  463    5 
5 4 0 2 0 1 0 1 1 1  624    5 
5 4 1 1 1 1 1 2 2 1  506    5 
5 4 1 1 2 0 1 2 2 1  537    4 
5 4 0 2 1 0 0 1 3 0  502    5 
5 4 0 2 0 1 0 1 1 1  635    5 
5 4 1 1 1 1 1 2 2 1  709    5 
5 4 3 1 3 1 0 4 4 1  739    4 
5 4 3 3 3 1 1 4 4 1  479    5 
5 4 3 3 3 1 1 4 4 1  456    4 
5 4 2 2 2 1 1 3 3 1  528    4 
5 4 1 3 1 1 0 2 2 1  654    4 
5 4 1 3 2 0 0 2 2 1  559    4 
5 4 0 0 0 1 1 1 1 1  435    5 
5 4 2 0 3 0 0 3 3 1  621    4 
5 4 2 2 2 1 1 3 3 1  471    4 
5 4 2 0 3 0 0 3 3 1  527    4 
5 4 0 2 0 1 0 1 1 1  509    4 
5 4 0 0 0 1 1 1 1 1  428    5 
5 4 0 2 0 1 0 1 1 1  446    5 
5 4 0 2 1 0 0 1 1 1  560    5 
5 4 0 0 1 0 1 1 1 1  428    4 
5 4 3 3 0 0 1 4 4 1  479    5 
5 4 2 2 2 1 1 3 3 1  511    4 
5 4 0 0 1 0 1 1 1 1  502    5 
5 4 2 0 2 1 0 3 3 1  661    5 
5 4 3 3 3 1 1 4 4 1  485    5 
5 4 2 2 3 0 1 3 3 1  501    4 
5 4 3 3 0 0 1 4 4 1  797    4 
5 4 2 2 2 1 1 3 3 1  431    5 
5 4 2 0 3 0 0 3 3 1  618    4 
5 4 1 1 2 0 1 2 2 1  604    5 
5 4 3 3 0 0 1 4 4 1  567    4 
5 4 1 3 1 1 0 2 2 1  659    5 
5 4 3 1 0 0 0 4 4 1  732    5 
5 4 2 0 2 1 0 3 3 1  785    5 
5 4 0 0 1 0 1 1 1 1  500    4 
5 4 0 2 1 0 0 1 1 1  492    5 
5 4 0 0 0 1 1 1 1 1  427    4 
5 4 1 1 2 0 1 2 2 1  582    5 
5 4 1 1 1 1 1 2 2 1  425    4 
5 4 2 0 2 1 0 3 3 1  612    5 
5 4 1 1 1 1 1 2 2 1  582    5 
5 4 2 2 2 1 1 3 3 1  442    4 
5 4 0 2 0 1 0 1 1 1  628    4 
5 4 0 0 0 1 1 1 1 1  437    5 
5 4 0 2 1 0 0 1 1 1  719    4 
5 4 2 0 3 0 0 3 3 1  669    5 
5 4 1 1 2 0 1 2 2 1  525    4 
5 4 2 2 2 1 1 3 3 1  475    4 
5 4 3 3 0 0 1 4 4 1  547    4 
5 4 0 2 1 0 0 1 1 1  576    5 
5 4 3 3 0 0 1 4 4 1  508    4 
5 4 3 3 3 1 1 4 4 1  475    4 
5 4 1 1 1 1 1 2 2 1  547    4 
5 4 2 0 3 0 0 3 3 1  736    5 
5 4 0 2 0 1 0 1 1 1  701    4 
5 4 0 2 0 1 0 1 1 1  500    4 
5 4 3 3 0 0 1 4 4 1  524    4 
5 4 3 3 3 1 1 4 4 1  450    5 
5 4 0 0 0 1 1 1 1 1  475    4 
5 4 0 0 1 0 1 1 1 1  507    4 
5 4 1 1 1 1 1 2 2 1  522    5 
5 4 2 2 2 1 1 3 3 1  456    5 
5 4 1 1 2 0 1 2 2 1  481    5 
5 4 0 0 1 0 1 1 1 1  521    5 
5 4 3 3 0 0 1 4 4 1  471    5 
5 4 3 1 0 0 0 4 4 1  671    5 
5 4 1 3 1 1 0 2 2 1  759    4 
5 4 0 0 1 0 1 1 1 1  531    4 
5 4 1 3 1 1 0 2 2 1  689    4 
5 4 2 2 3 0 1 3 3 1  496    4 
5 4 1 3 2 0 0 2 2 1  631    4 
5 4 3 3 0 0 1 4 4 1  553    4 
5 4 3 1 0 0 0 4 4 1  630    4 
5 4 0 2 0 1 0 1 1 1  567    4 
5 4 1 3 2 0 0 2 2 1  852    5 
5 4 3 3 0 0 1 4 4 1  540    5 
5 4 3 1 0 0 0 4 4 1  578    4 
5 4 1 3 2 0 0 2 2 1  630    4 
5 4 0 2 1 0 0 1 1 1  559    5 
5 4 1 1 2 0 1 2 2 1  516    5 
5 4 0 0 0 1 1 1 1 1  491    4 
5 4 2 0 3 0 0 3 3 1  562    5 
5 4 2 0 2 1 0 3 3 1  583    4 
5 4 1 3 2 0 0 2 2 1  539    5 
5 4 0 2 1 0 0 1 1 1  800    5 
5 4 3 1 3 1 0 4 4 1  555   74 
5 4 0 2 1 0 0 1 1 1  631    4 
5 4 1 3 1 1 0 2 2 1  625    5 
5 4 0 0 1 0 1 1 1 1  531    4 
5 4 2 2 2 1 1 3 3 1  593    4 
5 4 1 1 2 0 1 2 2 1  708    4 
5 4 1 3 2 0 0 2 2 1  674    5 
5 4 3 1 3 1 0 4 4 1 1106    4 
5 4 1 3 1 1 0 2 2 1  678    4 
5 4 0 2 1 0 0 1 1 1  686    4 
5 4 3 3 0 0 1 4 4 1  613    5 
5 4 2 2 2 1 1 3 3 1  495    4 
5 4 1 3 2 0 0 2 2 1  623    4 
5 4 0 2 1 0 0 1 1 1  561    4 
5 4 0 0 1 0 1 1 1 1  605    4 
5 4 2 0 2 1 0 3 3 1  632    5 
5 4 3 1 0 0 0 4 2 0  585    4 
5 4 1 1 1 1 1 2 2 1  546    4 
5 4 2 0 2 1 0 3 3 1  576    5 
5 4 3 3 0 0 1 4 4 1  804    5 
5 4 1 1 2 0 1 2 2 1  862    5 
5 4 2 0 2 1 0 3 3 1  573    5 
5 4 1 1 1 1 1 2 2 1  625    4 
5 4 1 1 1 1 1 2 2 1  451    4 
5 4 2 2 3 0 1 3 3 1  532    4 
5 4 1 1 2 0 1 2 2 1  586    4 
5 4 3 1 0 0 0 4 4 1  750    4 
5 4 3 3 0 0 1 4 4 1  506    4 
5 4 0 0 0 1 1 1 1 1  529    5 
5 4 2 0 2 1 0 3 3 1  591    5 
5 4 3 1 0 0 0 4 2 0  626    5 
5 4 3 3 3 1 1 4 4 1  593    4 
5 4 2 0 3 0 0 3 3 1  588    4 
5 4 2 0 3 0 0 3 3 1  648    5 
5 4 2 2 2 1 1 3 3 1  473    4 
5 4 3 1 0 0 0 4 4 1  665    5 
5 4 0 2 1 0 0 1 1 1  857    5 
5 4 0 0 1 0 1 1 1 1  601    4 
