11 1 0 0 1 1 1 1577    1 
11 1 0 3 4 2 0  409    0 
11 1 0 1 2 2 1  886    1 
11 1 0 2 3 3 1  865    1 
11 1 0 0 1 4 0 1230    1 
11 1 0 3 4 1 0 1682    1 
11 1 0 2 3 2 0  804    1 
11 1 0 0 1 3 0 1433    1 
11 1 0 3 4 4 1  444    1 
11 1 0 3 4 2 0 1346    1 
11 1 0 3 4 3 0  417    1 
11 1 0 3 4 4 1  389    1 
11 1 0 0 1 1 1  581    1 
11 1 0 3 4 2 0  485    1 
11 1 0 0 1 1 1  734    1 
11 1 0 1 2 2 1  936    1 
11 1 0 0 1 1 1 1433    1 
11 1 0 3 4 3 0  839    1 
11 1 0 2 3 3 1  978    1 
11 1 0 1 2 2 1  971    1 
11 1 0 0 1 1 1  819    1 
11 1 0 3 4 4 1 1481    1 
11 1 0 2 3 3 1  693    1 
11 1 0 0 1 1 1  801    1 
11 1 0 2 3 3 1  855    1 
11 1 0 2 3 3 1  564    1 
11 1 0 1 2 2 1  765    0 
11 1 0 1 2 2 1  550    1 
11 1 0 1 2 2 1  487    1 
11 1 0 1 2 2 1  450    1 
11 1 0 3 4 4 1  679    1 
11 1 0 3 4 4 1  395    0 
11 1 0 2 3 3 1  554    1 
11 1 0 0 1 1 1  563    1 
11 1 0 2 3 3 1 1260    1 
11 1 0 2 3 3 1  529    1 
11 1 0 0 1 2 0  907    1 
11 1 0 1 2 2 1  860    1 
11 1 0 2 3 3 1  801    1 
11 1 0 1 2 2 1  816    0 
11 1 0 3 4 4 1  590    1 
11 1 0 3 4 4 1  397    0 
11 1 0 2 3 3 1  605    1 
11 1 0 1 2 2 1 1003    1 
11 1 0 1 2 2 1  530    1 
11 1 0 1 2 2 1  556    1 
11 1 0 0 1 1 1  605    1 
11 1 0 1 2 2 1  780    1 
11 1 0 2 3 3 1  644    1 
11 1 0 0 1 1 1  610    1 
11 1 0 0 1 1 1  640    0 
11 1 0 1 2 2 1 1014    1 
11 1 0 1 2 2 1  533    1 
11 1 0 1 2 2 1  430    1 
11 1 0 2 3 3 1  956    1 
11 1 0 2 3 3 1  421    1 
11 1 0 1 2 2 1  795    1 
11 1 0 3 4 1 0  571    1 
11 1 0 3 4 4 1  913    1 
11 1 0 2 3 3 1  948    1 
11 1 0 3 4 4 1  933    1 
11 1 0 1 2 2 1 1103    1 
11 1 0 2 3 3 1  642    1 
11 1 0 2 3 3 1  455    1 
11 1 0 1 2 2 1  836    1 
11 1 0 0 1 1 1  625    1 
11 1 0 2 3 3 1  688    1 
11 1 0 1 2 2 1  571    1 
11 1 0 0 1 1 1  699    1 
11 1 0 1 2 2 1  894    1 
11 1 0 0 1 1 1  689    1 
11 1 0 0 1 1 1  525    1 
11 1 0 2 3 3 1  911    1 
11 1 0 0 1 1 1  754    1 
11 1 0 0 1 1 1  467    1 
11 1 0 0 1 1 1  471    1 
11 1 0 2 3 3 1  747    1 
11 1 0 3 4 4 1  668    1 
11 1 0 0 1 1 1  585    1 
11 1 0 3 4 1 0  472    1 
11 1 0 1 2 2 1  602    1 
11 1 0 2 3 3 1  673    1 
11 1 0 2 3 3 1  413    1 
11 1 0 3 4 4 1  708    1 
11 1 0 1 2 2 1  639    1 
11 1 0 3 4 3 0  804    1 
11 1 0 1 2 2 1  905    1 
11 1 0 3 4 4 1  764    1 
11 1 0 0 1 1 1  613    1 
11 1 0 3 4 1 0  539    1 
11 1 0 0 1 1 1  387    1 
11 1 0 3 4 4 1  530    1 
11 1 0 0 1 1 1  948    1 
11 1 0 3 4 4 1  678    1 
11 1 0 2 3 3 1  522    1 
11 1 0 2 3 3 1  516    1 
