45 1 1 0 5 1 1 2 2 1 1.795383 0.000000 
45 1 1 0 0 0 0 1 1 1 0.712439 0.000000 
45 1 1 0 15 3 3 4 4 1 0.576696 0.000000 
45 1 1 0 5 1 1 2 2 1 0.574189 0.000000 
45 1 1 0 0 0 0 1 1 1 0.571624 0.000000 
45 1 1 0 10 2 2 3 3 1 0.665208 0.000000 
45 1 1 1 10 2 2 3 3 1 0.730411 0.000000 
45 1 0 0 2 0 2 3 3 1 0.681998 0.000000 
45 1 1 0 5 1 1 2 2 1 0.915550 0.000000 
45 1 0 0 2 0 2 3 2 0 1.379896 0.000000 
45 1 0 1 2 0 2 1 1 1 2.245119 0.000000 
45 1 0 0 2 0 2 3 1 0 0.919993 0.000000 
45 1 0 1 11 2 3 3 4 0 1.282531 0.000000 
45 1 1 0 15 3 3 4 4 1 0.815873 0.000000 
45 1 1 1 15 3 3 4 4 1 1.379935 0.000000 
45 1 0 1 4 1 0 2 2 1 1.185719 0.000000 
45 1 1 0 15 3 3 4 4 1 0.774830 0.000000 
45 1 0 0 2 0 2 3 3 1 1.500454 0.000000 
45 1 1 0 0 0 0 1 1 1 0.795923 0.000000 
45 1 0 0 13 3 1 2 2 1 1.056913 0.000000 
45 1 1 0 5 1 1 2 2 1 0.659280 0.000000 
45 1 1 0 10 2 2 3 3 1 0.613479 0.000000 
45 1 0 0 13 3 1 2 2 1 2.025748 0.000000 
45 1 0 0 2 0 2 3 3 1 0.765770 0.000000 
45 1 1 0 5 1 1 2 2 1 0.675046 0.000000 
45 1 1 0 15 3 3 4 4 1 0.620553 0.000000 
45 1 0 0 13 3 1 2 2 1 0.752128 0.000000 
45 1 1 0 10 2 2 3 3 1 0.646347 0.000000 
45 1 1 0 5 1 1 2 2 1 0.657156 0.000000 
45 1 0 0 2 0 2 3 3 1 0.659442 0.000000 
45 1 1 0 5 1 1 2 2 1 0.685660 0.000000 
45 1 1 0 5 1 1 2 2 1 0.686540 0.000000 
45 1 0 1 13 3 1 4 4 1 1.550526 0.000000 
45 1 0 1 4 1 0 2 2 1 1.781042 0.000000 
45 1 0 0 2 0 2 3 3 1 1.203045 0.000000 
45 1 1 0 15 3 3 4 4 1 0.799425 0.000000 
45 1 1 1 0 0 0 1 1 1 1.411973 0.000000 
45 1 0 0 11 2 3 4 4 1 1.520264 0.000000 
45 1 1 0 15 3 3 4 4 1 0.736124 0.000000 
45 1 0 0 13 3 1 2 2 1 0.702077 0.000000 
45 1 1 0 0 0 0 1 1 1 0.614271 0.000000 
45 1 0 0 2 0 2 3 3 1 0.674460 0.000000 
45 1 1 0 5 1 1 2 2 1 0.660012 0.000000 
45 1 1 0 15 3 3 4 4 1 0.510226 0.000000 
45 1 1 0 10 2 2 3 3 1 0.670374 0.000000 
45 1 0 0 2 0 2 3 3 1 0.535929 0.000000 
45 1 1 1 0 0 0 1 1 1 1.158774 0.000000 
45 1 1 0 10 2 2 3 3 1 0.852173 0.000000 
45 1 1 0 15 3 3 4 4 1 0.366447 0.000000 
45 1 1 0 10 2 2 3 3 1 0.532117 0.000000 
45 1 1 0 10 2 2 3 4 0 0.739388 0.000000 
45 1 1 0 0 0 0 1 1 1 0.670299 0.000000 
45 1 0 1 2 0 2 1 1 1 1.567402 0.000000 
45 1 0 0 11 2 3 4 4 1 0.877295 0.000000 
45 1 0 1 2 0 2 1 1 1 1.213946 0.000000 
45 1 0 0 4 1 0 1 2 0 0.762359 0.000000 
45 1 1 0 0 0 0 1 1 1 0.732625 0.000000 
45 1 1 1 15 3 3 4 4 1 1.171765 0.000000 
45 1 0 0 4 1 0 1 1 1 1.153509 0.000000 
45 1 0 0 2 0 2 3 3 1 1.023917 0.000000 
45 1 1 1 0 0 0 1 1 1 1.074670 0.000000 
45 1 1 0 15 3 3 4 4 1 0.868314 0.000000 
45 1 0 1 4 1 0 2 2 1 1.341950 0.000000 
45 1 1 0 5 1 1 2 2 1 0.845095 0.000000 
45 1 1 0 10 2 2 3 3 1 0.480040 0.000000 
45 1 1 0 10 2 2 3 3 1 0.585522 0.000000 
45 1 0 0 13 3 1 2 1 0 1.710401 0.000000 
45 1 1 0 15 3 3 4 4 1 0.722117 0.000000 
45 1 0 0 2 0 2 3 1 0 0.961137 0.000000 
45 1 1 0 10 2 2 3 3 1 0.827457 0.000000 
45 1 0 1 4 1 0 2 2 1 1.294608 0.000000 
45 1 0 0 11 2 3 4 4 1 0.855716 0.000000 
45 1 0 0 13 3 1 2 2 1 2.098047 0.000000 
45 1 0 1 13 3 1 4 4 1 1.499486 0.000000 
45 1 0 0 4 1 0 1 1 1 1.275087 0.000000 
45 1 1 1 5 1 1 2 2 1 1.516823 0.000000 
45 1 0 0 4 1 0 1 1 1 0.812713 0.000000 
45 1 0 0 11 2 3 4 4 1 0.697007 0.000000 
45 1 1 1 0 0 0 1 1 1 1.241850 0.000000 
45 1 1 0 10 2 2 3 3 1 0.660982 0.000000 
45 1 0 0 4 1 0 1 1 1 0.870295 0.000000 
45 1 0 0 4 1 0 1 1 1 0.567832 0.000000 
45 1 0 1 13 3 1 4 4 1 1.077309 0.000000 
45 1 0 0 13 3 1 2 4 0 1.199002 0.000000 
45 1 1 0 15 3 3 4 4 1 0.663927 0.000000 
45 1 0 0 2 0 2 3 3 1 1.121916 0.000000 
45 1 1 0 0 0 0 1 1 1 0.809655 0.000000 
45 1 0 0 4 1 0 1 1 1 0.781903 0.000000 
45 1 1 0 5 1 1 2 2 1 0.770505 0.000000 
45 1 0 1 2 0 2 1 1 1 1.616014 0.000000 
45 1 1 1 5 1 1 2 2 1 0.827929 0.000000 
45 1 0 0 11 2 3 4 4 1 1.007656 0.000000 
45 1 1 0 0 0 0 1 1 1 1.508023 0.000000 
45 1 0 1 13 3 1 4 4 1 2.060586 0.000000 
45 1 1 0 10 2 2 3 3 1 0.999324 0.000000 
45 1 0 1 4 1 0 2 2 1 1.211175 0.000000 
45 1 0 0 13 3 1 2 2 1 1.335150 0.000000 
45 1 1 0 5 1 1 2 2 1 0.518258 0.000000 
45 1 1 0 0 0 0 1 1 1 0.669749 0.000000 
45 1 0 0 2 0 2 3 3 1 0.415306 0.000000 
45 1 1 0 0 0 0 1 1 1 0.731410 0.000000 
45 1 1 0 5 1 1 2 2 1 0.530962 0.000000 
45 1 0 0 11 2 3 4 4 1 0.426473 0.000000 
45 1 1 0 15 3 3 4 4 1 0.444908 0.000000 
45 1 0 1 4 1 0 2 2 1 1.143718 0.000000 
45 1 0 0 13 3 1 2 4 0 0.558779 0.000000 
45 1 0 1 4 1 0 2 2 1 1.153036 0.000000 
45 1 0 0 4 1 0 1 1 1 0.678896 0.000000 
45 1 0 1 11 2 3 3 3 1 2.079595 0.000000 
45 1 1 0 10 2 2 3 3 1 0.849550 0.000000 
45 1 1 0 10 2 2 3 3 1 0.564028 0.000000 
45 1 1 0 15 3 3 4 4 1 0.561955 0.000000 
45 1 0 0 11 2 3 4 4 1 1.264247 0.000000 
45 1 1 1 10 2 2 3 3 1 1.234668 0.000000 
45 1 1 0 5 1 1 2 2 1 1.157759 0.000000 
45 1 0 1 13 3 1 4 4 1 1.052142 0.000000 
45 1 0 0 13 3 1 2 4 0 0.622508 0.000000 
45 1 1 1 10 2 2 3 3 1 0.940879 0.000000 
45 1 0 0 13 3 1 2 2 1 1.523646 0.000000 
45 1 1 0 10 2 2 3 3 1 0.811527 0.000000 
45 1 0 1 11 2 3 3 3 1 2.703839 0.000000 
45 1 1 0 15 3 3 4 4 1 0.568807 0.000000 
45 1 1 0 10 2 2 3 3 1 0.670342 0.000000 
45 1 0 0 2 0 2 3 3 1 1.414937 0.000000 
45 1 0 0 4 1 0 1 1 1 1.395448 0.000000 
45 1 1 0 15 3 3 4 4 1 0.592600 0.000000 
45 1 0 0 4 1 0 1 1 1 0.653387 0.000000 
45 1 1 0 15 3 3 4 4 1 0.543691 0.000000 
45 1 0 1 2 0 2 1 1 1 1.462499 0.000000 
45 1 0 1 11 2 3 3 3 1 1.064041 0.000000 
45 1 1 0 5 1 1 2 2 1 0.682341 0.000000 
45 1 0 0 4 1 0 1 1 1 0.731930 0.000000 
45 1 1 1 15 3 3 4 4 1 0.979512 0.000000 
45 1 0 0 13 3 1 2 4 0 0.953195 0.000000 
45 1 1 0 5 1 1 2 2 1 0.843542 0.000000 
45 1 0 0 2 0 2 3 3 1 1.686066 0.000000 
45 1 1 0 0 0 0 1 1 1 0.863310 0.000000 
45 1 1 0 10 2 2 3 3 1 0.544606 0.000000 
45 1 0 1 13 3 1 4 4 1 1.255417 0.000000 
45 1 0 0 13 3 1 2 3 0 0.801895 0.000000 
45 1 0 0 4 1 0 1 1 1 1.898221 0.000000 
45 1 0 0 4 1 0 1 1 1 0.643072 0.000000 
45 1 1 0 0 0 0 1 1 1 0.557886 0.000000 
45 1 1 0 5 1 1 2 2 1 0.788106 0.000000 
45 1 0 1 11 2 3 3 3 1 1.240039 0.000000 
45 1 1 0 0 0 0 1 1 1 1.627210 0.000000 
45 1 0 0 13 3 1 2 2 1 0.959085 0.000000 
45 1 0 0 11 2 3 4 4 1 1.069466 0.000000 
45 1 1 0 15 3 3 4 4 1 0.527134 0.000000 
45 1 0 0 11 2 3 4 4 1 0.502632 0.000000 
45 1 0 0 11 2 3 4 4 1 0.485819 0.000000 
45 1 0 1 11 2 3 3 3 1 1.078600 0.000000 
45 1 0 0 13 3 1 2 2 1 0.832285 0.000000 
45 1 1 0 0 0 0 1 1 1 0.715929 0.000000 
45 1 0 0 11 2 3 4 3 0 0.803959 0.000000 
45 1 1 1 10 2 2 3 3 1 1.043536 0.000000 
45 1 0 0 2 0 2 3 3 1 1.214290 0.000000 
45 1 0 0 2 0 2 3 3 1 0.682781 0.000000 
45 1 0 1 2 0 2 1 1 1 1.251145 0.000000 
45 1 0 1 11 2 3 3 3 1 2.493175 0.000000 
45 1 1 0 5 1 1 2 2 1 0.814728 0.000000 
45 1 1 1 10 2 2 3 3 1 0.890982 0.000000 
45 1 0 0 2 0 2 3 1 0 0.731984 0.000000 
45 1 0 1 11 2 3 3 3 1 0.967563 0.000000 
45 1 1 1 10 2 2 3 3 1 0.931723 0.000000 
45 1 1 0 10 2 2 3 3 1 1.579445 0.000000 
45 1 0 0 4 1 0 1 1 1 1.233349 0.000000 
45 1 1 0 15 3 3 4 4 1 0.628452 0.000000 
45 1 0 0 4 1 0 1 1 1 0.767981 0.000000 
45 1 0 1 11 2 3 3 3 1 1.501574 0.000000 
45 1 1 0 15 3 3 4 4 1 0.757196 0.000000 
45 1 1 0 15 3 3 4 4 1 0.563340 0.000000 
45 1 1 0 10 2 2 3 3 1 0.721547 0.000000 
45 1 0 0 13 3 1 2 2 1 0.817122 0.000000 
45 1 0 0 11 2 3 4 4 1 0.636704 0.000000 
45 1 0 0 13 3 1 2 2 1 0.743599 0.000000 
45 1 1 0 0 0 0 1 1 1 0.646507 0.000000 
45 1 1 0 5 1 1 2 2 1 0.609384 0.000000 
45 1 0 0 4 1 0 1 1 1 0.677558 0.000000 
45 1 0 1 11 2 3 3 3 1 0.958084 0.000000 
45 1 1 0 0 0 0 1 1 1 0.828451 0.000000 
45 1 0 1 4 1 0 2 2 1 1.456092 0.000000 
45 1 1 1 5 1 1 2 2 1 1.186591 0.000000 
45 1 1 1 0 0 0 1 1 1 1.359709 0.000000 
45 1 1 0 5 1 1 2 2 1 0.814180 0.000000 
45 1 1 1 10 2 2 3 3 1 0.962458 0.000000 
45 1 0 0 13 3 1 2 2 1 1.511820 0.000000 
45 1 1 0 0 0 0 1 1 1 0.672338 0.000000 
45 1 0 0 13 3 1 2 2 1 0.953923 0.000000 
45 1 1 0 5 1 1 2 2 1 0.632179 0.000000 
45 1 0 0 2 0 2 3 3 1 0.859776 0.000000 
45 1 1 0 0 0 0 1 1 1 0.662039 0.000000 
45 1 0 0 4 1 0 1 4 0 2.681681 0.000000 
45 1 0 0 4 1 0 1 1 1 0.878869 0.000000 
45 1 0 0 13 3 1 2 2 1 1.192277 0.000000 
45 1 1 0 0 0 0 1 1 1 0.525327 0.000000 
45 1 0 0 13 3 1 2 2 1 0.508836 0.000000 
45 1 0 0 13 3 1 2 2 1 0.467978 0.000000 
45 1 0 0 13 3 1 2 2 1 0.445445 0.000000 
45 1 0 0 13 3 1 2 2 1 0.440235 0.000000 
45 1 1 0 5 1 1 2 2 1 0.539027 0.000000 
45 1 1 0 5 1 1 2 2 1 0.401861 0.000000 
45 1 1 0 5 1 1 2 2 1 0.373974 0.000000 
45 1 1 1 0 0 0 1 1 1 1.043402 0.000000 
45 1 0 0 2 0 2 3 3 1 0.734438 0.000000 
45 1 1 0 15 3 3 4 4 1 0.725349 0.000000 
45 1 1 0 0 0 0 1 1 1 0.579921 0.000000 
45 1 1 0 10 2 2 3 3 1 0.609407 0.000000 
45 1 1 1 15 3 3 4 4 1 1.005619 0.000000 
45 1 0 0 4 1 0 1 1 1 0.705971 0.000000 
45 1 0 0 4 1 0 1 1 1 0.538223 0.000000 
45 1 0 0 13 3 1 2 2 1 0.537032 0.000000 
45 1 0 0 11 2 3 4 4 1 0.671805 0.000000 
45 1 0 0 13 3 1 2 2 1 0.609423 0.000000 
45 1 1 0 0 0 0 1 1 1 0.508604 0.000000 
45 1 1 1 0 0 0 1 1 1 0.836747 0.000000 
45 1 1 0 0 0 0 1 1 1 0.567703 0.000000 
45 1 1 0 10 2 2 3 3 1 0.477222 0.000000 
45 1 1 0 5 1 1 2 2 1 0.574697 0.000000 
45 1 1 1 10 2 2 3 3 1 0.748199 0.000000 
45 1 0 0 11 2 3 4 4 1 0.683089 0.000000 
45 1 1 0 10 2 2 3 3 1 0.651976 0.000000 
45 1 0 1 13 3 1 4 4 1 1.013210 0.000000 
45 1 0 0 4 1 0 1 1 1 0.649565 0.000000 
45 1 0 1 13 3 1 4 4 1 0.755996 0.000000 
45 1 1 0 0 0 0 1 1 1 1.297986 0.000000 
45 1 0 0 11 2 3 4 4 1 0.667142 0.000000 
45 1 0 0 11 2 3 4 4 1 0.500704 0.000000 
45 1 0 0 11 2 3 4 4 1 0.476862 0.000000 
45 1 1 0 10 2 2 3 3 1 0.550337 0.000000 
45 1 1 1 10 2 2 3 3 1 0.755473 0.000000 
45 1 1 0 15 3 3 4 4 1 0.489696 0.000000 
45 1 0 0 13 3 1 2 2 1 1.018575 0.000000 
45 1 1 0 10 2 2 3 4 0 0.526253 0.000000 
45 1 1 0 0 0 0 1 1 1 0.561762 0.000000 
45 1 1 1 0 0 0 1 1 1 0.591450 0.000000 
45 1 1 0 5 1 1 2 2 1 0.604309 0.000000 
45 1 0 1 2 0 2 1 3 0 1.431533 0.000000 
45 1 0 1 2 0 2 1 1 1 0.991330 0.000000 
45 1 0 0 4 1 0 1 1 1 1.507949 0.000000 
45 1 1 0 15 3 3 4 4 1 0.580463 0.000000 
45 1 0 0 4 1 0 1 1 1 0.737982 0.000000 
45 1 0 0 13 3 1 2 2 1 0.704888 0.000000 
45 1 1 0 0 0 0 1 1 1 0.793126 0.000000 
45 1 0 1 11 2 3 3 3 1 0.860893 0.000000 
45 1 1 1 0 0 0 1 1 1 0.583326 0.000000 
45 1 0 0 11 2 3 4 4 1 0.636208 0.000000 
45 1 1 0 10 2 2 3 3 1 0.502969 0.000000 
45 1 1 0 15 3 3 4 4 1 0.591052 0.000000 
45 1 1 0 15 3 3 4 4 1 0.452025 0.000000 
45 1 0 1 4 1 0 2 2 1 1.390208 0.000000 
45 1 0 1 4 1 0 2 2 1 0.691334 0.000000 
45 1 1 1 0 0 0 1 1 1 0.683208 0.000000 
45 1 0 0 11 2 3 4 4 1 0.636065 0.000000 
45 1 0 0 11 2 3 4 4 1 0.414998 0.000000 
45 1 0 0 4 1 0 1 2 0 0.867200 0.000000 
45 1 1 0 0 0 0 1 1 1 0.408540 0.000000 
45 1 1 0 5 1 1 2 2 1 0.580416 0.000000 
45 1 1 1 5 1 1 2 2 1 0.801935 0.000000 
45 1 0 1 2 0 2 1 1 1 0.774179 0.000000 
45 1 0 0 13 3 1 2 4 0 0.946745 0.000000 
45 1 0 0 11 2 3 4 4 1 0.541790 0.000000 
45 1 0 1 2 0 2 1 1 1 0.836152 0.000000 
45 1 0 0 4 1 0 1 2 0 0.783110 0.000000 
45 1 1 0 0 0 0 1 1 1 0.560233 0.000000 
45 1 0 0 11 2 3 4 4 1 0.502388 0.000000 
45 1 1 0 0 0 0 1 1 1 0.541617 0.000000 
45 1 1 0 5 1 1 2 2 1 0.693391 0.000000 
45 1 1 0 15 3 3 4 4 1 0.525280 0.000000 
45 1 0 1 13 3 1 4 4 1 1.396783 0.000000 
45 1 1 0 15 3 3 4 4 1 0.585934 0.000000 
45 1 1 1 0 0 0 1 1 1 0.782789 0.000000 
45 1 1 0 10 2 2 3 3 1 0.515960 0.000000 
45 1 0 0 4 1 0 1 1 1 1.243895 0.000000 
45 1 0 1 11 2 3 3 4 0 0.846977 0.000000 
45 1 1 1 10 2 2 3 3 1 0.588953 0.000000 
45 1 1 1 10 2 2 3 3 1 0.785315 0.000000 
45 1 0 0 13 3 1 2 1 0 0.990168 0.000000 
45 1 0 0 13 3 1 2 3 0 0.503232 0.000000 
45 1 0 0 11 2 3 4 4 1 0.450958 0.000000 
45 1 0 0 4 1 0 1 1 1 0.732642 0.000000 
45 1 0 0 13 3 1 2 2 1 0.788036 0.000000 
45 1 0 0 13 3 1 2 2 1 0.583484 0.000000 
45 1 0 0 11 2 3 4 4 1 0.764347 0.000000 
45 1 0 0 11 2 3 4 4 1 0.482529 0.000000 
45 1 1 0 0 0 0 1 1 1 0.780011 0.000000 
45 1 1 0 0 0 0 1 1 1 0.721554 0.000000 
45 1 1 0 5 1 1 2 2 1 0.713212 0.000000 
45 1 1 1 15 3 3 4 4 1 0.881394 0.000000 
45 1 0 0 2 0 2 3 3 1 0.747087 0.000000 
45 1 0 0 13 3 1 2 2 1 0.705003 0.000000 
45 1 1 0 15 3 3 4 4 1 0.681221 0.000000 
45 1 1 0 15 3 3 4 4 1 0.482773 0.000000 
45 1 0 1 2 0 2 1 2 0 0.892064 0.000000 
45 1 1 0 10 2 2 3 3 1 0.712332 0.000000 
45 1 0 1 11 2 3 3 4 0 0.560303 0.000000 
45 1 1 0 0 0 0 1 1 1 0.570517 0.000000 
45 1 1 1 0 0 0 1 1 1 0.575544 0.000000 
45 1 1 0 0 0 0 1 1 1 0.756078 0.000000 
45 1 0 0 4 1 0 1 1 1 0.570314 0.000000 
45 1 1 1 15 3 3 4 4 1 0.935851 0.000000 
45 1 0 0 2 0 2 3 3 1 0.678803 0.000000 
45 1 0 0 2 0 2 3 3 1 0.472346 0.000000 
45 1 1 0 5 1 1 2 2 1 0.665835 0.000000 
45 1 1 0 5 1 1 2 2 1 0.499909 0.000000 
45 1 0 0 2 0 2 3 3 1 0.915159 0.000000 
45 1 0 0 2 0 2 3 3 1 0.371507 0.000000 
45 1 1 0 15 3 3 4 4 1 0.520945 0.000000 
45 1 0 0 13 3 1 2 2 1 0.704442 0.000000 
45 1 0 1 13 3 1 4 4 1 0.808653 0.000000 
45 1 0 0 11 2 3 4 4 1 0.740947 0.000000 
45 1 0 0 4 1 0 1 1 1 0.755858 0.000000 
45 1 0 1 11 2 3 3 3 1 1.082128 0.000000 
45 1 0 0 2 0 2 3 4 0 0.603781 0.000000 
45 1 0 0 4 1 0 1 2 0 0.699020 0.000000 
45 1 1 0 10 2 2 3 1 0 0.599449 0.000000 
45 1 1 0 15 3 3 4 4 1 0.367820 0.000000 
45 1 1 0 15 3 3 4 4 1 0.516792 0.000000 
45 1 1 0 0 0 0 1 1 1 0.668299 0.000000 
45 1 0 1 11 2 3 3 3 1 0.653814 0.000000 
45 1 0 1 13 3 1 4 2 0 0.744050 0.000000 
45 1 0 0 11 2 3 4 4 1 0.657984 0.000000 
45 1 0 0 2 0 2 3 1 0 0.899737 0.000000 
45 1 1 0 5 1 1 2 2 1 1.304264 0.000000 
45 1 1 1 5 1 1 2 2 1 0.576688 0.000000 
45 1 0 1 4 1 0 2 2 1 0.782214 0.000000 
45 1 1 0 15 3 3 4 4 1 0.515808 0.000000 
45 1 1 0 10 2 2 3 3 1 0.627916 0.000000 
45 1 1 0 5 1 1 2 2 1 0.575492 0.000000 
45 1 1 0 0 0 0 1 1 1 0.556001 0.000000 
45 1 0 1 13 3 1 4 1 0 0.890161 0.000000 
45 1 0 0 2 0 2 3 4 0 0.455151 0.000000 
45 1 1 0 0 0 0 1 3 0 0.340816 0.000000 
45 1 0 0 4 1 0 1 2 0 0.391112 0.000000 
45 1 1 0 10 2 2 3 3 1 0.599427 0.000000 
45 1 1 1 5 1 1 2 2 1 0.723793 0.000000 
45 1 1 0 10 2 2 3 3 1 0.794392 0.000000 
45 1 0 0 13 3 1 2 2 1 0.775330 0.000000 
45 1 0 0 4 1 0 1 1 1 0.716904 0.000000 
45 1 1 0 15 3 3 4 4 1 0.548458 0.000000 
45 1 0 0 11 2 3 4 4 1 0.531311 0.000000 
45 1 1 0 5 1 1 2 2 1 0.594799 0.000000 
45 1 1 0 5 1 1 2 2 1 0.511648 0.000000 
45 1 0 0 11 2 3 4 4 1 0.511791 0.000000 
45 1 0 0 13 3 1 2 2 1 0.670945 0.000000 
45 1 0 0 11 2 3 4 4 1 0.568503 0.000000 
45 1 0 0 4 1 0 1 1 1 0.789951 0.000000 
45 1 0 1 11 2 3 3 3 1 0.642923 0.000000 
45 1 1 0 15 3 3 4 3 0 0.469801 0.000000 
45 1 0 0 4 1 0 1 1 1 0.899305 0.000000 
45 1 0 1 2 0 2 1 4 0 1.091790 0.000000 
45 1 1 0 5 1 1 2 2 1 0.896871 0.000000 
45 1 0 0 11 2 3 4 4 1 0.536355 0.000000 
45 1 1 1 10 2 2 3 3 1 0.807179 0.000000 
45 1 1 0 0 0 0 1 1 1 0.651466 0.000000 
45 1 0 0 4 1 0 1 1 1 1.237706 0.000000 
45 1 1 0 10 2 2 3 3 1 0.568770 0.000000 
45 1 1 0 5 1 1 2 2 1 0.606305 0.000000 
45 1 1 0 15 3 3 4 4 1 0.418470 0.000000 
45 1 0 0 2 0 2 3 2 0 0.820962 0.000000 
45 1 0 0 11 2 3 4 4 1 0.524566 0.000000 
45 1 1 0 15 3 3 4 4 1 0.611594 0.000000 
45 1 0 0 4 1 0 1 1 1 0.655803 0.000000 
45 1 0 1 2 0 2 1 1 1 0.985993 0.000000 
45 1 1 0 15 3 3 4 4 1 0.567004 0.000000 
45 1 1 1 15 3 3 4 4 1 0.908508 0.000000 
45 1 0 0 4 1 0 1 1 1 0.724823 0.000000 
45 1 1 0 0 0 0 1 1 1 0.507391 0.000000 
45 1 1 1 15 3 3 4 4 1 0.771537 0.000000 
45 1 0 1 4 1 0 2 2 1 0.737129 0.000000 
45 1 1 0 0 0 0 1 1 1 0.656058 0.000000 
45 1 1 1 10 2 2 3 3 1 0.906262 0.000000 
45 1 1 0 0 0 0 1 1 1 0.730575 0.000000 
45 1 0 0 4 1 0 1 1 1 0.610143 0.000000 
45 1 1 0 5 1 1 2 2 1 0.694180 0.000000 
45 1 0 1 2 0 2 1 1 1 1.350225 0.000000 
45 1 0 0 4 1 0 1 1 1 0.836729 0.000000 
45 1 1 1 15 3 3 4 4 1 0.847656 0.000000 
45 1 1 1 10 2 2 3 3 1 0.602526 0.000000 
45 1 1 0 5 1 1 2 2 1 0.670804 0.000000 
45 1 1 1 0 0 0 1 1 1 0.624342 0.000000 
45 1 1 0 10 2 2 3 3 1 0.619891 0.000000 
45 1 0 0 2 0 2 3 3 1 0.727431 0.000000 
45 1 1 0 10 2 2 3 3 1 0.541969 0.000000 
