38 1 1 1 15 3 3 4 0 0 5.000017 0.000000 
38 1 1 0 5 1 1 2 2 1 1.927537 0.000000 
38 1 1 1 5 1 1 2 2 1 2.543469 0.000000 
38 1 1 1 0 0 0 1 1 1 1.967085 0.000000 
38 1 0 0 12 3 0 1 4 0 1.108274 0.000000 
38 1 1 0 10 2 2 3 3 1 1.848451 0.000000 
38 1 0 0 9 2 1 2 2 1 1.827662 0.000000 
38 1 0 0 9 2 1 2 2 1 0.759574 0.000000 
38 1 1 0 5 1 1 2 2 1 1.357975 0.000000 
38 1 0 0 7 1 3 4 4 1 0.804448 0.000000 
38 1 0 0 7 1 3 4 4 1 0.472745 0.000000 
38 1 1 1 15 3 3 4 4 1 1.497289 0.000000 
38 1 1 0 15 3 3 4 4 1 0.570539 0.000000 
38 1 0 1 7 1 3 2 4 0 0.824043 0.000000 
38 1 0 0 7 1 3 4 4 1 0.823543 0.000000 
38 1 1 0 10 2 2 3 3 1 1.211007 0.000000 
38 1 0 0 9 2 1 2 2 1 1.207375 0.000000 
38 1 1 0 15 3 3 4 4 1 0.755857 0.000000 
38 1 1 0 15 3 3 4 4 1 0.673200 0.000000 
38 1 0 1 12 3 0 4 1 0 1.450779 0.000000 
38 1 1 1 10 2 2 3 3 1 3.257252 0.000000 
38 1 0 1 9 2 1 3 3 1 2.260297 0.000000 
38 1 1 1 15 3 3 4 4 1 1.495086 0.000000 
38 1 1 0 15 3 3 4 4 1 0.576424 0.000000 
38 1 0 1 2 0 2 1 1 1 1.348974 0.000000 
38 1 1 1 15 3 3 4 4 1 1.068035 0.000000 
38 1 0 0 2 0 2 3 3 1 2.101338 0.000000 
38 1 1 0 15 3 3 4 4 1 0.622202 0.000000 
38 1 1 1 15 3 3 4 4 1 1.441769 0.000000 
38 1 0 0 7 1 3 4 4 1 1.156017 0.000000 
38 1 1 1 10 2 2 3 3 1 1.554399 0.000000 
38 1 0 0 7 1 3 4 4 1 0.752993 0.000000 
38 1 0 0 12 3 0 1 1 1 2.583434 0.000000 
38 1 0 1 2 0 2 1 1 1 2.036987 0.000000 
38 1 1 0 0 0 0 1 1 1 0.736498 0.000000 
38 1 1 0 5 1 1 2 2 1 1.175453 0.000000 
38 1 0 0 7 1 3 4 4 1 1.756323 0.000000 
38 1 1 0 15 3 3 4 4 1 1.026965 0.000000 
38 1 0 0 9 2 1 2 2 1 1.030734 0.000000 
38 1 0 1 2 0 2 1 1 1 2.786527 0.000000 
38 1 0 0 9 2 1 2 2 1 1.088236 0.000000 
38 1 0 1 2 0 2 1 1 1 1.184319 0.000000 
38 1 0 0 9 2 1 2 2 1 1.565507 0.000000 
38 1 1 0 10 2 2 3 3 1 1.155940 0.000000 
38 1 1 0 0 0 0 1 1 1 0.889875 0.000000 
38 1 1 1 5 1 1 2 2 1 1.266886 0.000000 
38 1 1 0 0 0 0 1 1 1 0.860729 0.000000 
38 1 1 0 5 1 1 2 2 1 1.215049 0.000000 
38 1 0 0 2 0 2 3 3 1 1.018577 0.000000 
38 1 1 0 5 1 1 2 2 1 0.846273 0.000000 
38 1 1 0 15 3 3 4 4 1 0.617278 0.000000 
38 1 0 0 12 3 0 1 1 1 0.684869 0.000000 
38 1 0 0 2 0 2 3 3 1 0.941789 0.000000 
38 1 0 0 7 1 3 4 4 1 0.732821 0.000000 
38 1 0 1 12 3 0 4 1 0 1.212041 0.000000 
38 1 1 1 10 2 2 3 3 1 1.155008 0.000000 
38 1 1 1 15 3 3 4 4 1 0.913194 0.000000 
38 1 0 1 2 0 2 1 1 1 1.321600 0.000000 
38 1 1 0 0 0 0 1 1 1 0.857423 0.000000 
38 1 0 0 12 3 0 1 4 0 1.315778 0.000000 
38 1 1 1 5 1 1 2 2 1 1.464076 0.000000 
38 1 0 0 7 1 3 4 4 1 1.074414 0.000000 
38 1 0 0 7 1 3 4 4 1 0.531150 0.000000 
38 1 1 0 5 1 1 2 2 1 1.130704 0.000000 
38 1 0 0 12 3 0 1 1 1 1.010471 0.000000 
38 1 1 0 15 3 3 4 4 1 0.710883 0.000000 
38 1 1 0 10 2 2 3 3 1 1.223176 0.000000 
38 1 1 0 10 2 2 3 3 1 0.546924 0.000000 
38 1 0 0 7 1 3 4 4 1 0.705808 0.000000 
38 1 0 1 9 2 1 3 3 1 1.449057 0.000000 
38 1 0 0 7 1 3 4 4 1 0.595872 0.000000 
38 1 1 0 15 3 3 4 4 1 0.832571 0.000000 
38 1 0 0 9 2 1 2 2 1 2.124129 0.000000 
38 1 1 0 10 2 2 3 3 1 1.043719 0.000000 
38 1 0 0 12 3 0 1 1 1 1.494836 0.000000 
38 1 1 0 0 0 0 1 1 1 0.815047 0.000000 
38 1 0 0 12 3 0 1 1 1 0.707445 0.000000 
38 1 1 0 10 2 2 3 3 1 1.003669 0.000000 
38 1 0 0 9 2 1 2 2 1 1.632034 0.000000 
38 1 1 0 0 0 0 1 1 1 0.659932 0.000000 
38 1 1 0 5 1 1 2 2 1 1.342304 0.000000 
38 1 1 0 0 0 0 1 1 1 0.613430 0.000000 
38 1 1 0 0 0 0 1 1 1 0.632693 0.000000 
38 1 1 0 5 1 1 2 2 1 1.164110 0.000000 
38 1 0 0 9 2 1 2 2 1 0.674059 0.000000 
38 1 0 1 2 0 2 1 3 0 0.923645 0.000000 
38 1 1 0 0 0 0 1 1 1 0.951156 0.000000 
38 1 0 0 9 2 1 2 2 1 0.997298 0.000000 
38 1 1 0 5 1 1 2 2 1 0.770318 0.000000 
38 1 0 0 9 2 1 2 2 1 0.511924 0.000000 
38 1 0 1 9 2 1 3 3 1 1.327196 0.000000 
38 1 0 0 7 1 3 4 4 1 1.711000 0.000000 
38 1 0 1 2 0 2 1 1 1 1.351646 0.000000 
38 1 0 0 9 2 1 2 2 1 0.950225 0.000000 
38 1 1 0 10 2 2 3 3 1 1.316623 0.000000 
38 1 1 0 10 2 2 3 3 1 0.476411 0.000000 
38 1 1 0 15 3 3 4 4 1 1.020977 0.000000 
38 1 0 0 7 1 3 4 4 1 0.528667 0.000000 
38 1 0 0 2 0 2 3 3 1 1.608279 0.000000 
38 1 1 0 0 0 0 1 1 1 0.668821 0.000000 
38 1 1 0 15 3 3 4 4 1 1.038435 0.000000 
38 1 0 0 7 1 3 4 4 1 0.633553 0.000000 
38 1 0 1 12 3 0 4 4 1 1.396415 0.000000 
38 1 1 0 10 2 2 3 3 1 2.408703 0.000000 
38 1 0 0 9 2 1 2 2 1 1.005660 0.000000 
38 1 1 1 15 3 3 4 4 1 1.193980 0.000000 
38 1 0 0 7 1 3 4 4 1 1.231184 0.000000 
38 1 1 0 5 1 1 2 2 1 0.914964 0.000000 
38 1 1 1 0 0 0 1 1 1 1.267360 0.000000 
38 1 1 1 0 0 0 1 1 1 1.036141 0.000000 
38 1 0 1 7 1 3 2 2 1 1.183233 0.000000 
38 1 0 0 2 0 2 3 3 1 1.052388 0.000000 
38 1 1 0 15 3 3 4 4 1 0.486728 0.000000 
38 1 1 1 5 1 1 2 2 1 1.551648 0.000000 
38 1 1 0 15 3 3 4 4 1 0.910281 0.000000 
38 1 0 0 7 1 3 4 4 1 0.814572 0.000000 
38 1 0 0 9 2 1 2 2 1 2.465996 0.000000 
38 1 1 0 15 3 3 4 4 1 0.676200 0.000000 
38 1 1 0 5 1 1 2 2 1 1.277870 0.000000 
38 1 0 0 7 1 3 4 4 1 0.735628 0.000000 
38 1 0 0 9 2 1 2 2 1 0.566615 0.000000 
38 1 1 0 0 0 0 1 1 1 0.692155 0.000000 
38 1 0 0 9 2 1 2 2 1 0.645127 0.000000 
38 1 0 0 2 0 2 3 3 1 0.974999 0.000000 
38 1 1 0 5 1 1 2 2 1 0.596668 0.000000 
38 1 1 0 5 1 1 2 2 1 0.593583 0.000000 
38 1 0 1 7 1 3 2 4 0 1.230487 0.000000 
38 1 0 0 9 2 1 2 2 1 0.846118 0.000000 
38 1 0 0 12 3 0 1 1 1 1.584885 0.000000 
38 1 1 0 5 1 1 2 2 1 1.454134 0.000000 
38 1 1 0 0 0 0 1 1 1 0.631703 0.000000 
38 1 0 0 2 0 2 3 3 1 0.779290 0.000000 
38 1 0 1 9 2 1 3 3 1 1.224949 0.000000 
38 1 0 0 12 3 0 1 1 1 1.108750 0.000000 
38 1 0 0 2 0 2 3 3 1 1.293210 0.000000 
38 1 0 0 9 2 1 2 2 1 1.054313 0.000000 
38 1 1 0 0 0 0 1 1 1 1.064774 0.000000 
38 1 1 0 10 2 2 3 3 1 0.914226 0.000000 
38 1 1 0 15 3 3 4 4 1 0.746485 0.000000 
38 1 0 1 12 3 0 4 4 1 1.977515 0.000000 
38 1 1 0 0 0 0 1 1 1 0.951623 0.000000 
38 1 1 0 5 1 1 2 2 1 1.254041 0.000000 
38 1 0 0 9 2 1 2 1 0 2.376505 0.000000 
38 1 0 0 9 2 1 2 2 1 0.985564 0.000000 
38 1 1 1 0 0 0 1 1 1 1.014381 0.000000 
38 1 0 0 12 3 0 1 1 1 1.162830 0.000000 
38 1 1 0 10 2 2 3 3 1 0.865227 0.000000 
38 1 1 0 15 3 3 4 4 1 0.643570 0.000000 
38 1 1 0 0 0 0 1 1 1 0.702437 0.000000 
38 1 0 1 2 0 2 1 1 1 2.030759 0.000000 
38 1 1 0 15 3 3 4 4 1 0.609876 0.000000 
38 1 0 0 7 1 3 4 4 1 1.806198 0.000000 
38 1 1 0 0 0 0 1 1 1 0.650815 0.000000 
38 1 1 0 0 0 0 1 1 1 0.949153 0.000000 
38 1 0 0 9 2 1 2 2 1 0.667982 0.000000 
38 1 1 1 10 2 2 3 3 1 1.229023 0.000000 
38 1 0 0 7 1 3 4 4 1 0.832887 0.000000 
38 1 0 1 7 1 3 2 2 1 1.603084 0.000000 
38 1 0 0 12 3 0 1 1 1 0.775458 0.000000 
38 1 0 0 2 0 2 3 3 1 1.717180 0.000000 
38 1 0 1 2 0 2 1 1 1 1.245184 0.000000 
38 1 0 0 12 3 0 1 1 1 1.472342 0.000000 
38 1 1 0 5 1 1 2 2 1 0.945325 0.000000 
38 1 0 0 2 0 2 3 3 1 1.344353 0.000000 
38 1 1 1 10 2 2 3 3 1 1.575490 0.000000 
38 1 0 1 12 3 0 4 4 1 1.173439 0.000000 
38 1 0 0 12 3 0 1 1 1 1.331242 0.000000 
38 1 1 0 15 3 3 4 4 1 0.939129 0.000000 
38 1 0 0 12 3 0 1 1 1 1.026153 0.000000 
38 1 0 1 12 3 0 4 4 1 1.076814 0.000000 
38 1 1 0 10 2 2 3 2 0 0.990622 0.000000 
38 1 0 0 7 1 3 4 4 1 1.103523 0.000000 
38 1 1 0 0 0 0 1 1 1 0.631679 0.000000 
38 1 1 0 5 1 1 2 2 1 0.931244 0.000000 
38 1 1 0 15 3 3 4 4 1 0.610907 0.000000 
38 1 0 0 2 0 2 3 2 0 1.967201 0.000000 
38 1 0 1 2 0 2 1 1 1 1.320054 0.000000 
38 1 1 1 10 2 2 3 3 1 1.207669 0.000000 
38 1 0 0 9 2 1 2 2 1 1.012213 0.000000 
38 1 0 0 2 0 2 3 3 1 1.640594 0.000000 
38 1 0 0 2 0 2 3 3 1 0.467841 0.000000 
38 1 0 0 7 1 3 4 4 1 0.869360 0.000000 
38 1 1 0 0 0 0 1 1 1 0.751095 0.000000 
38 1 1 0 10 2 2 3 3 1 1.532327 0.000000 
38 1 1 1 5 1 1 2 2 1 2.468187 0.000000 
38 1 1 0 15 3 3 4 4 1 0.598012 0.000000 
38 1 0 0 9 2 1 2 2 1 1.610913 0.000000 
38 1 1 0 10 2 2 3 3 1 1.367511 0.000000 
38 1 1 1 0 0 0 1 1 1 0.972396 0.000000 
38 1 1 0 15 3 3 4 4 1 0.530088 0.000000 
38 1 0 1 7 1 3 2 2 1 2.401683 0.000000 
38 1 1 0 0 0 0 1 1 1 0.630608 0.000000 
38 1 1 0 0 0 0 1 1 1 2.520445 0.000000 
38 1 0 0 7 1 3 4 4 1 1.040523 0.000000 
38 1 1 1 15 3 3 4 4 1 0.987547 0.000000 
38 1 0 0 7 1 3 4 4 1 0.775597 0.000000 
38 1 0 0 12 3 0 1 1 1 0.709293 0.000000 
38 1 1 0 10 2 2 3 3 1 0.701488 0.000000 
38 1 1 0 5 1 1 2 2 1 3.573916 0.000000 
38 1 1 0 5 1 1 2 2 1 0.604631 0.000000 
38 1 1 0 5 1 1 2 2 1 1.080875 0.000000 
38 1 1 0 5 1 1 2 2 1 0.594573 0.000000 
38 1 0 0 2 0 2 3 3 1 1.198510 0.000000 
38 1 1 0 0 0 0 1 1 1 0.675637 0.000000 
38 1 0 0 9 2 1 2 2 1 0.845170 0.000000 
38 1 0 1 2 0 2 1 1 1 1.056172 0.000000 
38 1 1 0 0 0 0 1 1 1 0.650575 0.000000 
38 1 1 1 15 3 3 4 4 1 0.972829 0.000000 
38 1 0 0 7 1 3 4 4 1 0.786516 0.000000 
38 1 1 1 0 0 0 1 1 1 1.022532 0.000000 
38 1 0 1 12 3 0 4 4 1 0.882288 0.000000 
38 1 0 0 9 2 1 2 2 1 0.859945 0.000000 
38 1 1 0 10 2 2 3 3 1 1.006259 0.000000 
38 1 1 0 15 3 3 4 4 1 0.498607 0.000000 
38 1 1 1 10 2 2 3 3 1 0.947538 0.000000 
38 1 1 0 10 2 2 3 3 1 0.626569 0.000000 
38 1 1 0 5 1 1 2 2 1 1.110109 0.000000 
38 1 1 0 5 1 1 2 2 1 0.717520 0.000000 
38 1 0 0 9 2 1 2 2 1 1.109151 0.000000 
38 1 1 1 0 0 0 1 1 1 0.885541 0.000000 
38 1 0 0 12 3 0 1 1 1 1.918626 0.000000 
38 1 1 0 15 3 3 4 4 1 0.590665 0.000000 
38 1 0 0 9 2 1 2 2 1 0.875546 0.000000 
38 1 1 0 0 0 0 1 1 1 0.709281 0.000000 
38 1 1 1 15 3 3 4 4 1 0.932533 0.000000 
38 1 0 1 2 0 2 1 1 1 2.060139 0.000000 
38 1 0 0 2 0 2 3 3 1 1.110400 0.000000 
38 1 1 0 0 0 0 1 1 1 0.638808 0.000000 
38 1 1 0 0 0 0 1 1 1 0.409746 0.000000 
38 1 1 0 15 3 3 4 4 1 0.573905 0.000000 
38 1 0 1 2 0 2 1 1 1 1.179440 0.000000 
38 1 0 0 12 3 0 1 1 1 1.400215 0.000000 
38 1 0 0 9 2 1 2 2 1 0.844777 0.000000 
38 1 1 0 10 2 2 3 3 1 0.903836 0.000000 
38 1 1 0 5 1 1 2 2 1 0.560145 0.000000 
38 1 0 1 2 0 2 1 1 1 0.894330 0.000000 
38 1 0 1 2 0 2 1 1 1 0.759352 0.000000 
38 1 1 0 5 1 1 2 2 1 0.757658 0.000000 
38 1 1 0 15 3 3 4 4 1 0.546892 0.000000 
38 1 0 0 2 0 2 3 3 1 1.089821 0.000000 
38 1 1 0 5 1 1 2 2 1 0.666875 0.000000 
38 1 0 0 7 1 3 4 4 1 0.780482 0.000000 
38 1 0 0 7 1 3 4 4 1 0.538079 0.000000 
38 1 0 0 2 0 2 3 3 1 1.337034 0.000000 
38 1 1 0 5 1 1 2 2 1 1.128159 0.000000 
38 1 0 1 12 3 0 4 4 1 0.822978 0.000000 
38 1 0 0 7 1 3 4 4 1 0.722586 0.000000 
38 1 1 0 0 0 0 1 1 1 0.858247 0.000000 
38 1 1 0 10 2 2 3 3 1 1.236527 0.000000 
38 1 0 0 12 3 0 1 1 1 1.903773 0.000000 
38 1 1 0 0 0 0 1 1 1 0.536499 0.000000 
38 1 0 1 2 0 2 1 1 1 0.935310 0.000000 
38 1 0 0 9 2 1 2 2 1 1.221365 0.000000 
38 1 0 0 9 2 1 2 2 1 0.577172 0.000000 
38 1 1 0 5 1 1 2 2 1 0.534711 0.000000 
38 1 1 1 10 2 2 3 3 1 1.141582 0.000000 
38 1 0 0 9 2 1 2 2 1 0.764745 0.000000 
38 1 0 0 7 1 3 4 4 1 0.611023 0.000000 
38 1 0 0 2 0 2 3 3 1 1.111287 0.000000 
38 1 0 0 7 1 3 4 4 1 0.671631 0.000000 
38 1 1 0 0 0 0 1 1 1 0.744280 0.000000 
38 1 1 1 15 3 3 4 4 1 0.767149 0.000000 
38 1 1 0 5 1 1 2 2 1 0.828814 0.000000 
38 1 0 1 12 3 0 4 4 1 0.880489 0.000000 
38 1 0 0 2 0 2 3 3 1 1.034117 0.000000 
38 1 1 0 15 3 3 4 4 1 0.549234 0.000000 
38 1 0 1 9 2 1 3 3 1 1.395956 0.000000 
38 1 0 0 2 0 2 3 3 1 0.887699 0.000000 
38 1 1 0 5 1 1 2 2 1 1.008642 0.000000 
38 1 1 0 0 0 0 1 1 1 1.197123 0.000000 
38 1 0 0 9 2 1 2 2 1 1.202248 0.000000 
38 1 0 0 9 2 1 2 2 1 0.726545 0.000000 
38 1 1 0 15 3 3 4 4 1 0.966240 0.000000 
38 1 1 1 0 0 0 1 1 1 0.867980 0.000000 
38 1 1 0 0 0 0 1 1 1 0.485621 0.000000 
38 1 1 0 15 3 3 4 4 1 0.461453 0.000000 
38 1 0 0 2 0 2 3 3 1 1.999725 0.000000 
38 1 1 0 15 3 3 4 4 1 0.596454 0.000000 
38 1 0 1 7 1 3 2 2 1 0.953356 0.000000 
38 1 0 0 12 3 0 1 1 1 1.015796 0.000000 
38 1 0 0 7 1 3 4 4 1 0.627976 0.000000 
38 1 1 0 15 3 3 4 4 1 0.566993 0.000000 
38 1 0 0 9 2 1 2 2 1 1.131629 0.000000 
38 1 1 0 10 2 2 3 3 1 1.539416 0.000000 
38 1 0 0 7 1 3 4 4 1 0.762681 0.000000 
38 1 0 0 12 3 0 1 1 1 0.936947 0.000000 
38 1 1 0 15 3 3 4 4 1 0.639936 0.000000 
38 1 0 0 7 1 3 4 4 1 1.098898 0.000000 
38 1 0 0 7 1 3 4 4 1 0.451969 0.000000 
38 1 0 0 9 2 1 2 2 1 0.869107 0.000000 
38 1 0 1 9 2 1 3 3 1 1.494845 0.000000 
38 1 1 0 15 3 3 4 4 1 0.472099 0.000000 
38 1 1 0 5 1 1 2 2 1 1.113634 0.000000 
38 1 0 1 9 2 1 3 3 1 1.241983 0.000000 
38 1 0 0 2 0 2 3 3 1 1.005198 0.000000 
38 1 0 1 9 2 1 3 3 1 1.033572 0.000000 
38 1 0 0 12 3 0 1 1 1 3.499787 0.000000 
38 1 1 1 0 0 0 1 1 1 1.117087 0.000000 
38 1 0 1 12 3 0 4 4 1 1.300895 0.000000 
38 1 0 0 7 1 3 4 4 1 0.973411 0.000000 
38 1 1 0 5 1 1 2 2 1 1.539100 0.000000 
38 1 0 0 9 2 1 2 2 1 1.257422 0.000000 
38 1 1 0 0 0 0 1 4 0 0.755896 0.000000 
38 1 1 1 5 1 1 2 2 1 1.005935 0.000000 
38 1 0 0 12 3 0 1 1 1 1.370183 0.000000 
38 1 1 0 0 0 0 1 1 1 0.511925 0.000000 
38 1 0 0 7 1 3 4 4 1 0.520144 0.000000 
38 1 1 1 15 3 3 4 4 1 0.871635 0.000000 
38 1 0 0 12 3 0 1 1 1 0.897399 0.000000 
38 1 0 0 2 0 2 3 2 0 1.025381 0.000000 
38 1 0 0 9 2 1 2 2 1 1.176971 0.000000 
38 1 1 0 10 2 2 3 3 1 0.854468 0.000000 
38 1 0 1 7 1 3 2 2 1 1.640752 0.000000 
38 1 0 1 2 0 2 1 1 1 1.572128 0.000000 
38 1 1 0 15 3 3 4 4 1 0.650127 0.000000 
38 1 1 0 10 2 2 3 3 1 1.219383 0.000000 
38 1 0 1 12 3 0 4 4 1 0.927148 0.000000 
38 1 1 0 5 1 1 2 2 1 0.830843 0.000000 
38 1 1 0 0 0 0 1 1 1 1.074486 0.000000 
38 1 1 1 10 2 2 3 2 0 1.412242 0.000000 
38 1 1 0 10 2 2 3 3 1 0.524590 0.000000 
38 1 1 0 10 2 2 3 3 1 0.754968 0.000000 
38 1 0 0 2 0 2 3 3 1 1.417269 0.000000 
38 1 1 0 10 2 2 3 3 1 0.461025 0.000000 
38 1 0 0 9 2 1 2 2 1 0.919263 0.000000 
38 1 1 0 15 3 3 4 4 1 1.959007 0.000000 
38 1 0 0 9 2 1 2 2 1 0.981707 0.000000 
38 1 1 0 15 3 3 4 4 1 0.859507 0.000000 
38 1 0 0 7 1 3 4 4 1 0.525728 0.000000 
38 1 0 1 9 2 1 3 3 1 1.212295 0.000000 
38 1 1 1 0 0 0 1 1 1 0.656791 0.000000 
38 1 1 1 0 0 0 1 1 1 0.474961 0.000000 
38 1 1 0 0 0 0 1 1 1 0.588539 0.000000 
38 1 0 0 7 1 3 4 4 1 0.969414 0.000000 
38 1 1 1 10 2 2 3 3 1 1.015087 0.000000 
38 1 1 0 0 0 0 1 1 1 0.603555 0.000000 
38 1 1 1 15 3 3 4 4 1 0.686777 0.000000 
38 1 0 0 12 3 0 1 1 1 1.143671 0.000000 
38 1 0 0 7 1 3 4 4 1 0.486750 0.000000 
38 1 0 0 2 0 2 3 2 0 1.039631 0.000000 
38 1 0 1 2 0 2 1 1 1 1.190508 0.000000 
38 1 0 0 2 0 2 3 3 1 0.883408 0.000000 
38 1 0 0 2 0 2 3 3 1 0.908420 0.000000 
38 1 0 0 9 2 1 2 2 1 0.851736 0.000000 
38 1 0 1 12 3 0 4 4 1 1.014087 0.000000 
38 1 0 0 7 1 3 4 4 1 0.834488 0.000000 
38 1 0 0 9 2 1 2 2 1 1.165467 0.000000 
38 1 0 1 7 1 3 2 4 0 1.075897 0.000000 
38 1 1 0 10 2 2 3 3 1 1.433508 0.000000 
38 1 1 0 10 2 2 3 3 1 0.532436 0.000000 
38 1 1 0 15 3 3 4 4 1 0.603907 0.000000 
38 1 1 1 15 3 3 4 4 1 0.815119 0.000000 
38 1 1 0 5 1 1 2 2 1 1.467633 0.000000 
38 1 0 0 12 3 0 1 1 1 1.789499 0.000000 
38 1 0 0 2 0 2 3 3 1 2.434942 0.000000 
38 1 1 1 10 2 2 3 3 1 1.662571 0.000000 
38 1 1 0 5 1 1 2 2 1 0.912171 0.000000 
38 1 1 1 10 2 2 3 3 1 1.864564 0.000000 
38 1 0 0 2 0 2 3 3 1 1.235334 0.000000 
38 1 1 0 10 2 2 3 3 1 0.606431 0.000000 
38 1 0 0 7 1 3 4 4 1 2.170771 0.000000 
38 1 1 0 15 3 3 4 4 1 0.664879 0.000000 
38 1 0 1 7 1 3 2 2 1 2.210220 0.000000 
38 1 1 0 15 3 3 4 4 1 0.631078 0.000000 
38 1 0 0 12 3 0 1 1 1 3.178696 0.000000 
38 1 1 0 5 1 1 2 2 1 1.337275 0.000000 
38 1 0 0 12 3 0 1 1 1 2.696555 0.000000 
38 1 1 0 10 2 2 3 3 1 1.561300 0.000000 
38 1 0 0 7 1 3 4 4 1 0.695934 0.000000 
38 1 1 0 5 1 1 2 0 0 5.000006 0.000000 
38 1 0 0 12 3 0 1 1 1 0.882907 0.000000 
38 1 1 1 10 2 2 3 3 1 1.291964 0.000000 
38 1 1 0 5 1 1 2 2 1 0.971641 0.000000 
38 1 1 1 5 1 1 2 2 1 1.593340 0.000000 
38 1 1 0 10 2 2 3 3 1 1.622683 0.000000 
38 1 0 1 2 0 2 1 1 1 1.202675 0.000000 
38 1 1 0 15 3 3 4 4 1 1.271096 0.000000 
38 1 1 0 0 0 0 1 1 1 0.608899 0.000000 
38 1 0 0 12 3 0 1 1 1 1.477176 0.000000 
38 1 0 0 12 3 0 1 1 1 0.710123 0.000000 
38 1 0 0 9 2 1 2 2 1 1.294362 0.000000 
38 1 0 0 9 2 1 2 2 1 0.495501 0.000000 
38 1 1 1 15 3 3 4 4 1 1.016350 0.000000 
38 1 1 1 5 1 1 2 2 1 2.668169 0.000000 
