3 1 1 0 5 1 1 2 2 1 2.755119 0.000000 
3 1 0 0 12 3 0 1 1 1 1.576913 0.000000 
3 1 0 0 3 0 3 4 4 1 0.662761 0.000000 
3 1 1 1 0 0 0 1 1 1 3.049052 0.000000 
3 1 0 1 12 3 0 4 4 1 1.980063 0.000000 
3 1 1 0 10 2 2 3 3 1 1.082121 0.000000 
3 1 0 0 6 1 2 3 3 1 0.771755 0.000000 
3 1 1 0 15 3 3 4 4 1 0.648403 0.000000 
3 1 0 0 9 2 1 2 2 1 0.851272 0.000000 
3 1 0 0 9 2 1 2 2 1 0.645487 0.000000 
3 1 0 0 3 0 3 4 4 1 0.832369 0.000000 
3 1 0 0 3 0 3 4 4 1 0.443965 0.000000 
3 1 1 0 0 0 0 1 1 1 0.910696 0.000000 
3 1 1 1 0 0 0 1 1 1 1.727073 0.000000 
3 1 1 0 5 1 1 2 2 1 0.766970 0.000000 
3 1 1 0 5 1 1 2 2 1 0.539499 0.000000 
3 1 1 0 5 1 1 2 2 1 0.594285 0.000000 
3 1 1 0 10 2 2 3 3 1 2.407259 0.000000 
3 1 1 1 10 2 2 3 3 1 1.756095 0.000000 
3 1 0 0 12 3 0 1 4 0 0.778716 0.000000 
3 1 0 0 9 2 1 2 2 1 1.292281 0.000000 
3 1 1 0 15 3 3 4 4 1 0.707940 0.000000 
3 1 1 1 10 2 2 3 3 1 1.772147 0.000000 
3 1 0 1 9 2 1 3 3 1 1.930065 0.000000 
3 1 0 0 6 1 2 3 3 1 0.834103 0.000000 
3 1 0 1 12 3 0 4 4 1 1.237043 0.000000 
3 1 0 1 6 1 2 2 0 0 5.000003 0.000000 
3 1 1 0 10 2 2 3 3 1 1.081011 0.000000 
3 1 1 0 5 1 1 2 2 1 1.370302 0.000000 
3 1 0 0 3 0 3 4 4 1 0.856039 0.000000 
3 1 1 0 0 0 0 1 1 1 0.938392 0.000000 
3 1 1 0 10 2 2 3 3 1 0.873325 0.000000 
3 1 0 0 6 1 2 3 3 1 0.714966 0.000000 
3 1 1 0 5 1 1 2 2 1 0.882153 0.000000 
3 1 1 1 10 2 2 3 3 1 1.339774 0.000000 
3 1 1 0 5 1 1 2 2 1 1.042910 0.000000 
3 1 0 1 3 0 3 1 1 1 2.053893 0.000000 
3 1 0 0 3 0 3 4 4 1 1.176580 0.000000 
3 1 1 0 0 0 0 1 1 1 0.846372 0.000000 
3 1 0 0 6 1 2 3 3 1 1.432320 0.000000 
3 1 1 0 15 3 3 4 4 1 1.668020 0.000000 
3 1 1 0 15 3 3 4 4 1 0.494008 0.000000 
3 1 0 0 12 3 0 1 1 1 2.542965 0.000000 
3 1 0 1 3 0 3 1 1 1 1.510458 0.000000 
3 1 1 0 5 1 1 2 2 1 0.766048 0.000000 
3 1 1 0 5 1 1 2 2 1 1.684066 0.000000 
3 1 0 0 6 1 2 3 3 1 1.004828 0.000000 
3 1 0 0 12 3 0 1 1 1 1.753192 0.000000 
3 1 1 0 5 1 1 2 2 1 0.663778 0.000000 
3 1 1 0 0 0 0 1 1 1 0.633896 0.000000 
3 1 1 1 5 1 1 2 2 1 1.556807 0.000000 
3 1 0 0 9 2 1 2 2 1 1.434445 0.000000 
3 1 1 0 15 3 3 4 4 1 0.493504 0.000000 
3 1 0 0 6 1 2 3 3 1 0.798329 0.000000 
3 1 0 0 6 1 2 3 3 1 0.667244 0.000000 
3 1 0 0 6 1 2 3 3 1 0.500700 0.000000 
3 1 1 1 15 3 3 4 4 1 1.188922 0.000000 
3 1 0 0 9 2 1 2 2 1 1.161938 0.000000 
3 1 1 0 15 3 3 4 4 1 0.776308 0.000000 
3 1 1 0 10 2 2 3 3 1 1.140895 0.000000 
3 1 0 0 3 0 3 4 4 1 0.923985 0.000000 
3 1 0 0 9 2 1 2 2 1 0.675613 0.000000 
3 1 0 1 12 3 0 4 4 1 2.405218 0.000000 
3 1 0 1 9 2 1 3 2 0 0.930022 0.000000 
3 1 0 0 9 2 1 2 2 1 0.957614 0.000000 
3 1 0 0 12 3 0 1 1 1 1.602542 0.000000 
3 1 0 0 12 3 0 1 1 1 0.743048 0.000000 
3 1 0 0 3 0 3 4 4 1 0.773909 0.000000 
3 1 0 1 9 2 1 3 2 0 1.211557 0.000000 
3 1 0 1 12 3 0 4 4 1 1.627750 0.000000 
3 1 0 0 3 0 3 4 4 1 0.959396 0.000000 
3 1 0 1 12 3 0 4 4 1 1.229657 0.000000 
3 1 0 0 6 1 2 3 3 1 1.544505 0.000000 
3 1 0 0 9 2 1 2 2 1 0.863642 0.000000 
3 1 0 1 6 1 2 2 2 1 1.625957 0.000000 
3 1 1 0 10 2 2 3 3 1 0.917824 0.000000 
3 1 0 0 12 3 0 1 1 1 1.157502 0.000000 
3 1 1 1 15 3 3 4 4 1 1.451874 0.000000 
3 1 0 0 3 0 3 4 4 1 0.845296 0.000000 
3 1 1 0 15 3 3 4 4 1 0.472273 0.000000 
3 1 1 0 10 2 2 3 3 1 0.713705 0.000000 
3 1 0 1 6 1 2 2 2 1 1.561991 0.000000 
3 1 1 0 5 1 1 2 2 1 0.696441 0.000000 
3 1 0 0 9 2 1 2 2 1 0.545353 0.000000 
3 1 1 0 15 3 3 4 4 1 0.512179 0.000000 
3 1 1 1 0 0 0 1 1 1 1.176345 0.000000 
3 1 0 0 6 1 2 3 3 1 1.261025 0.000000 
3 1 0 0 3 0 3 4 4 1 0.863472 0.000000 
3 1 1 0 15 3 3 4 4 1 0.401729 0.000000 
3 1 0 0 3 0 3 4 4 1 0.429778 0.000000 
3 1 0 0 3 0 3 4 4 1 0.369257 0.000000 
3 1 1 0 5 1 1 2 2 1 0.782695 0.000000 
3 1 1 0 5 1 1 2 2 1 0.492039 0.000000 
3 1 1 1 0 0 0 1 1 1 0.804376 0.000000 
3 1 1 0 0 0 0 1 1 1 0.535582 0.000000 
3 1 1 0 0 0 0 1 1 1 0.414426 0.000000 
3 1 1 0 5 1 1 2 2 1 0.834544 0.000000 
3 1 1 1 15 3 3 4 4 1 1.157488 0.000000 
3 1 1 0 15 3 3 4 4 1 0.475852 0.000000 
3 1 0 1 12 3 0 4 4 1 1.229281 0.000000 
3 1 0 0 9 2 1 2 2 1 0.712973 0.000000 
3 1 1 1 0 0 0 1 1 1 0.913259 0.000000 
3 1 1 0 0 0 0 1 1 1 0.512551 0.000000 
3 1 0 1 3 0 3 1 1 1 1.112716 0.000000 
3 1 0 0 12 3 0 1 1 1 1.409049 0.000000 
3 1 1 0 5 1 1 2 2 1 0.725544 0.000000 
3 1 1 1 15 3 3 4 4 1 1.229108 0.000000 
3 1 1 1 10 2 2 3 3 1 2.359909 0.000000 
3 1 0 1 3 0 3 1 1 1 1.518753 0.000000 
3 1 0 0 6 1 2 3 3 1 0.966593 0.000000 
3 1 0 0 9 2 1 2 2 1 0.732241 0.000000 
3 1 1 0 10 2 2 3 3 1 1.043794 0.000000 
3 1 1 0 5 1 1 2 2 1 0.694742 0.000000 
3 1 0 0 9 2 1 2 3 0 0.839668 0.000000 
3 1 0 0 6 1 2 3 3 1 1.478638 0.000000 
3 1 1 1 0 0 0 1 1 1 1.023001 0.000000 
3 1 0 0 12 3 0 1 1 1 1.762721 0.000000 
3 1 1 0 0 0 0 1 1 1 0.505257 0.000000 
3 1 0 0 12 3 0 1 1 1 0.473374 0.000000 
3 1 0 0 12 3 0 1 1 1 0.522849 0.000000 
3 1 1 0 10 2 2 3 3 1 0.890331 0.000000 
3 1 1 1 10 2 2 3 3 1 1.195295 0.000000 
3 1 1 1 0 0 0 1 1 1 0.847361 0.000000 
3 1 1 0 0 0 0 1 1 1 0.634281 0.000000 
3 1 0 0 6 1 2 3 3 1 0.981164 0.000000 
3 1 1 1 15 3 3 4 4 1 1.090776 0.000000 
3 1 1 0 0 0 0 1 1 1 0.603807 0.000000 
3 1 0 0 3 0 3 4 4 1 1.624032 0.000000 
3 1 0 0 12 3 0 1 1 1 1.227920 0.000000 
3 1 1 0 10 2 2 3 3 1 0.630611 0.000000 
3 1 1 0 10 2 2 3 3 1 0.962072 0.000000 
3 1 1 1 5 1 1 2 2 1 0.920465 0.000000 
3 1 0 0 12 3 0 1 1 1 1.216063 0.000000 
3 1 0 0 6 1 2 3 3 1 0.907994 0.000000 
3 1 1 0 0 0 0 1 1 1 0.660141 0.000000 
3 1 0 0 6 1 2 3 3 1 1.302354 0.000000 
3 1 0 0 12 3 0 1 1 1 1.157811 0.000000 
3 1 1 0 15 3 3 4 4 1 0.740090 0.000000 
3 1 1 1 15 3 3 4 4 1 0.890975 0.000000 
3 1 0 0 12 3 0 1 1 1 1.100026 0.000000 
3 1 0 1 9 2 1 3 2 0 1.100376 0.000000 
3 1 1 0 0 0 0 1 1 1 0.568740 0.000000 
3 1 1 0 15 3 3 4 4 1 0.765788 0.000000 
3 1 1 0 10 2 2 3 3 1 0.802948 0.000000 
3 1 1 0 10 2 2 3 3 1 0.551252 0.000000 
3 1 0 0 3 0 3 4 4 1 1.101442 0.000000 
3 1 0 1 9 2 1 3 3 1 1.813811 0.000000 
3 1 0 0 12 3 0 1 1 1 1.202444 0.000000 
3 1 0 1 9 2 1 3 3 1 1.430849 0.000000 
3 1 0 1 12 3 0 4 4 1 1.066653 0.000000 
3 1 0 0 6 1 2 3 3 1 0.955308 0.000000 
3 1 0 0 3 0 3 4 4 1 0.681643 0.000000 
3 1 1 0 5 1 1 2 2 1 0.643189 0.000000 
3 1 0 0 12 3 0 1 1 1 1.077976 0.000000 
3 1 0 0 9 2 1 2 2 1 1.119701 0.000000 
3 1 0 1 3 0 3 1 1 1 1.335405 0.000000 
3 1 0 0 12 3 0 1 1 1 1.270598 0.000000 
3 1 0 0 9 2 1 2 2 1 0.743333 0.000000 
3 1 1 0 10 2 2 3 3 1 1.502218 0.000000 
3 1 1 0 5 1 1 2 2 1 0.630624 0.000000 
3 1 1 0 10 2 2 3 3 1 0.706261 0.000000 
3 1 0 0 6 1 2 3 3 1 1.122497 0.000000 
3 1 0 1 12 3 0 4 4 1 2.442256 0.000000 
3 1 1 1 10 2 2 3 3 1 1.460766 0.000000 
3 1 1 0 0 0 0 1 1 1 0.679255 0.000000 
3 1 1 1 0 0 0 1 1 1 1.168802 0.000000 
3 1 1 0 5 1 1 2 2 1 0.710507 0.000000 
3 1 1 1 5 1 1 2 2 1 1.142639 0.000000 
3 1 1 0 5 1 1 2 2 1 0.533697 0.000000 
3 1 1 0 0 0 0 1 1 1 0.612605 0.000000 
3 1 1 0 5 1 1 2 2 1 0.711736 0.000000 
3 1 1 0 15 3 3 4 4 1 0.607924 0.000000 
3 1 0 0 3 0 3 4 4 1 0.452131 0.000000 
3 1 0 0 6 1 2 3 3 1 0.782218 0.000000 
3 1 1 0 10 2 2 3 3 1 0.531827 0.000000 
3 1 1 1 10 2 2 3 3 1 1.459271 0.000000 
3 1 1 0 0 0 0 1 1 1 0.597732 0.000000 
3 1 1 1 10 2 2 3 3 1 1.689713 0.000000 
3 1 1 0 0 0 0 1 1 1 0.682885 0.000000 
3 1 0 0 3 0 3 4 4 1 0.764018 0.000000 
3 1 0 0 9 2 1 2 2 1 0.858019 0.000000 
3 1 0 0 6 1 2 3 3 1 1.164301 0.000000 
3 1 0 1 9 2 1 3 3 1 1.274686 0.000000 
3 1 1 0 10 2 2 3 3 1 0.740420 0.000000 
3 1 1 0 15 3 3 4 4 1 0.723340 0.000000 
3 1 1 0 15 3 3 4 4 1 0.473866 0.000000 
3 1 0 0 6 1 2 3 3 1 1.099362 0.000000 
3 1 0 0 12 3 0 1 1 1 1.244129 0.000000 
3 1 1 0 0 0 0 1 1 1 0.462768 0.000000 
3 1 0 0 6 1 2 3 3 1 0.856909 0.000000 
3 1 0 0 9 2 1 2 2 1 0.803178 0.000000 
3 1 1 0 0 0 0 1 1 1 0.623423 0.000000 
3 1 0 1 12 3 0 4 4 1 1.353837 0.000000 
3 1 0 1 12 3 0 4 4 1 1.000047 0.000000 
3 1 0 0 12 3 0 1 1 1 0.980414 0.000000 
3 1 1 0 15 3 3 4 4 1 0.640997 0.000000 
3 1 1 0 0 0 0 1 1 1 0.595907 0.000000 
3 1 0 0 9 2 1 2 2 1 0.776720 0.000000 
3 1 0 0 6 1 2 3 3 1 0.750305 0.000000 
3 1 1 0 0 0 0 1 1 1 0.628472 0.000000 
3 1 1 0 5 1 1 2 2 1 0.607998 0.000000 
3 1 0 1 6 1 2 2 2 1 1.044139 0.000000 
3 1 0 0 3 0 3 4 4 1 1.039192 0.000000 
3 1 0 0 6 1 2 3 3 1 0.873201 0.000000 
3 1 0 0 9 2 1 2 2 1 0.682819 0.000000 
3 1 1 0 0 0 0 1 1 1 0.627933 0.000000 
3 1 1 1 5 1 1 2 2 1 1.119235 0.000000 
3 1 1 1 5 1 1 2 2 1 0.934880 0.000000 
3 1 1 1 0 0 0 1 1 1 0.805888 0.000000 
3 1 0 1 9 2 1 3 3 1 1.217255 0.000000 
3 1 1 0 5 1 1 2 2 1 0.868853 0.000000 
3 1 0 0 12 3 0 1 1 1 1.310533 0.000000 
3 1 1 0 5 1 1 2 2 1 0.678940 0.000000 
3 1 0 1 12 3 0 4 4 1 1.224533 0.000000 
3 1 1 1 15 3 3 4 4 1 1.172198 0.000000 
3 1 1 0 10 2 2 3 3 1 0.697964 0.000000 
3 1 0 1 6 1 2 2 2 1 1.137943 0.000000 
3 1 1 0 10 2 2 3 3 1 0.680844 0.000000 
3 1 0 1 12 3 0 4 4 1 0.906431 0.000000 
3 1 1 0 5 1 1 2 2 1 0.890720 0.000000 
3 1 0 1 3 0 3 1 1 1 0.987661 0.000000 
3 1 1 0 0 0 0 1 1 1 0.560637 0.000000 
3 1 1 1 15 3 3 4 4 1 1.006799 0.000000 
3 1 1 1 5 1 1 2 2 1 1.179106 0.000000 
3 1 0 1 3 0 3 1 1 1 0.751826 0.000000 
3 1 1 0 5 1 1 2 2 1 0.774093 0.000000 
3 1 0 0 3 0 3 4 4 1 0.955663 0.000000 
3 1 1 0 15 3 3 4 4 1 0.561885 0.000000 
3 1 0 0 12 3 0 1 1 1 0.632096 0.000000 
3 1 0 0 9 2 1 2 2 1 0.859636 0.000000 
3 1 1 0 15 3 3 4 4 1 0.533889 0.000000 
3 1 1 0 10 2 2 3 3 1 1.452747 0.000000 
3 1 0 1 12 3 0 4 4 1 1.150209 0.000000 
3 1 0 1 6 1 2 2 2 1 1.508623 0.000000 
3 1 1 0 10 2 2 3 3 1 0.789090 0.000000 
3 1 1 0 5 1 1 2 2 1 0.882046 0.000000 
3 1 0 1 6 1 2 2 2 1 1.043655 0.000000 
3 1 1 1 15 3 3 4 4 1 0.862643 0.000000 
3 1 1 0 10 2 2 3 3 1 0.888041 0.000000 
3 1 1 0 15 3 3 4 4 1 0.560796 0.000000 
3 1 0 0 3 0 3 4 4 1 0.598970 0.000000 
3 1 0 0 6 1 2 3 3 1 0.739854 0.000000 
3 1 1 0 15 3 3 4 4 1 0.530725 0.000000 
3 1 0 0 12 3 0 1 2 0 0.538220 0.000000 
3 1 1 1 15 3 3 4 4 1 1.165053 0.000000 
3 1 1 0 0 0 0 1 1 1 0.586956 0.000000 
3 1 0 0 9 2 1 2 2 1 0.727731 0.000000 
3 1 1 0 0 0 0 1 1 1 0.574323 0.000000 
3 1 0 0 12 3 0 1 1 1 0.867854 0.000000 
3 1 1 0 5 1 1 2 2 1 0.693388 0.000000 
3 1 1 0 0 0 0 1 1 1 0.574257 0.000000 
3 1 1 0 0 0 0 1 1 1 0.563806 0.000000 
3 1 0 0 9 2 1 2 2 1 0.625950 0.000000 
3 1 0 1 12 3 0 4 4 1 1.173496 0.000000 
3 1 0 0 12 3 0 1 1 1 0.683171 0.000000 
3 1 1 0 0 0 0 1 1 1 0.611051 0.000000 
3 1 0 1 3 0 3 1 1 1 1.047189 0.000000 
3 1 1 0 10 2 2 3 3 1 0.954260 0.000000 
3 1 0 0 3 0 3 4 4 1 0.976559 0.000000 
3 1 1 0 5 1 1 2 2 1 0.694198 0.000000 
3 1 1 1 5 1 1 2 2 1 1.231098 0.000000 
3 1 0 0 9 2 1 2 2 1 0.769788 0.000000 
3 1 1 1 10 2 2 3 3 1 1.495434 0.000000 
3 1 1 0 15 3 3 4 4 1 0.624573 0.000000 
3 1 0 0 3 0 3 4 4 1 0.868108 0.000000 
3 1 0 1 9 2 1 3 3 1 1.125710 0.000000 
3 1 1 0 5 1 1 2 2 1 0.789418 0.000000 
3 1 0 0 3 0 3 4 4 1 0.618320 0.000000 
3 1 1 0 0 0 0 1 1 1 0.597839 0.000000 
3 1 1 0 15 3 3 4 4 1 0.481667 0.000000 
3 1 0 0 6 1 2 3 3 1 1.075147 0.000000 
3 1 1 0 10 2 2 3 3 1 0.612793 0.000000 
3 1 1 0 0 0 0 1 1 1 0.568976 0.000000 
3 1 1 1 10 2 2 3 3 1 1.230485 0.000000 
3 1 1 1 10 2 2 3 3 1 1.306247 0.000000 
3 1 1 1 10 2 2 3 3 1 1.506681 0.000000 
3 1 0 0 3 0 3 4 4 1 0.938150 0.000000 
3 1 0 0 3 0 3 4 4 1 0.801148 0.000000 
3 1 0 0 9 2 1 2 2 1 1.213432 0.000000 
3 1 1 1 15 3 3 4 4 1 1.481846 0.000000 
3 1 0 0 6 1 2 3 3 1 1.755712 0.000000 
3 1 0 1 6 1 2 2 2 1 1.210292 0.000000 
3 1 0 0 12 3 0 1 1 1 1.109727 0.000000 
3 1 1 0 10 2 2 3 3 1 0.750055 0.000000 
3 1 1 0 5 1 1 2 2 1 0.700302 0.000000 
3 1 1 1 0 0 0 1 1 1 1.044518 0.000000 
3 1 0 1 6 1 2 2 2 1 1.167481 0.000000 
3 1 0 0 3 0 3 4 4 1 0.749244 0.000000 
3 1 0 0 9 2 1 2 3 0 0.979981 0.000000 
3 1 1 1 15 3 3 4 4 1 0.916813 0.000000 
3 1 0 0 12 3 0 1 1 1 0.667952 0.000000 
3 1 0 0 9 2 1 2 2 1 1.509462 0.000000 
3 1 0 0 12 3 0 1 1 1 0.670010 0.000000 
3 1 0 0 12 3 0 1 1 1 1.031563 0.000000 
3 1 1 1 0 0 0 1 1 1 0.939203 0.000000 
3 1 0 0 12 3 0 1 1 1 0.938182 0.000000 
3 1 0 0 9 2 1 2 2 1 0.873151 0.000000 
3 1 0 0 3 0 3 4 4 1 0.801790 0.000000 
3 1 1 0 5 1 1 2 2 1 0.710004 0.000000 
3 1 1 0 0 0 0 1 1 1 0.614221 0.000000 
3 1 0 0 3 0 3 4 4 1 0.706345 0.000000 
3 1 1 0 5 1 1 2 2 1 0.690608 0.000000 
3 1 1 0 5 1 1 2 2 1 0.611475 0.000000 
3 1 0 0 12 3 0 1 1 1 0.783678 0.000000 
3 1 0 0 3 0 3 4 4 1 0.476547 0.000000 
3 1 0 0 3 0 3 4 4 1 0.420996 0.000000 
3 1 0 0 6 1 2 3 3 1 0.736450 0.000000 
3 1 0 0 3 0 3 4 4 1 0.655294 0.000000 
3 1 0 0 12 3 0 1 1 1 0.641521 0.000000 
3 1 0 0 6 1 2 3 3 1 1.140328 0.000000 
3 1 1 0 10 2 2 3 3 1 0.555409 0.000000 
3 1 1 1 10 2 2 3 3 1 1.185585 0.000000 
3 1 0 0 9 2 1 2 2 1 0.741642 0.000000 
3 1 1 0 0 0 0 1 1 1 0.524523 0.000000 
3 1 0 0 3 0 3 4 4 1 0.636005 0.000000 
3 1 1 0 5 1 1 2 2 1 0.686856 0.000000 
3 1 0 1 6 1 2 2 2 1 1.151710 0.000000 
3 1 0 0 3 0 3 4 4 1 0.846112 0.000000 
3 1 1 1 5 1 1 2 2 1 0.969036 0.000000 
3 1 0 0 6 1 2 3 3 1 0.813772 0.000000 
3 1 0 0 6 1 2 3 3 1 0.601883 0.000000 
3 1 1 0 5 1 1 2 2 1 0.622056 0.000000 
3 1 0 1 9 2 1 3 3 1 1.377641 0.000000 
3 1 1 0 15 3 3 4 4 1 0.743422 0.000000 
3 1 0 0 6 1 2 3 3 1 1.190293 0.000000 
3 1 0 0 3 0 3 4 4 1 0.691379 0.000000 
3 1 0 1 9 2 1 3 3 1 1.204222 0.000000 
3 1 1 0 10 2 2 3 3 1 0.727699 0.000000 
3 1 0 0 6 1 2 3 3 1 0.543213 0.000000 
3 1 0 1 9 2 1 3 3 1 1.246025 0.000000 
3 1 1 0 10 2 2 3 3 1 0.713124 0.000000 
3 1 1 0 0 0 0 1 1 1 0.625331 0.000000 
3 1 1 0 10 2 2 3 3 1 0.700852 0.000000 
3 1 1 0 15 3 3 4 4 1 0.661057 0.000000 
3 1 1 0 15 3 3 4 4 1 0.543247 0.000000 
3 1 1 1 5 1 1 2 2 1 1.253061 0.000000 
3 1 1 0 10 2 2 3 3 1 0.719488 0.000000 
3 1 0 0 3 0 3 4 4 1 0.790987 0.000000 
3 1 0 0 6 1 2 3 3 1 0.907890 0.000000 
3 1 0 0 12 3 0 1 1 1 0.804241 0.000000 
3 1 0 1 9 2 1 3 3 1 1.160493 0.000000 
3 1 0 0 3 0 3 4 4 1 0.814825 0.000000 
3 1 1 0 15 3 3 4 4 1 0.570055 0.000000 
3 1 0 1 9 2 1 3 3 1 1.239659 0.000000 
3 1 1 0 15 3 3 4 4 1 0.858698 0.000000 
3 1 0 0 12 3 0 1 1 1 0.676973 0.000000 
3 1 0 0 12 3 0 1 1 1 0.534504 0.000000 
3 1 1 0 0 0 0 1 1 1 0.469315 0.000000 
3 1 1 1 0 0 0 1 1 1 0.798766 0.000000 
3 1 1 0 5 1 1 2 2 1 0.802683 0.000000 
3 1 0 0 3 0 3 4 4 1 0.646901 0.000000 
3 1 1 0 10 2 2 3 3 1 0.729783 0.000000 
3 1 0 0 6 1 2 3 3 1 0.617256 0.000000 
3 1 0 0 12 3 0 1 1 1 0.828852 0.000000 
3 1 1 0 10 2 2 3 3 1 0.696414 0.000000 
3 1 1 0 10 2 2 3 3 1 0.657292 0.000000 
3 1 0 0 9 2 1 2 2 1 0.859490 0.000000 
3 1 1 0 5 1 1 2 2 1 0.557754 0.000000 
3 1 1 0 15 3 3 4 4 1 0.642898 0.000000 
3 1 1 0 15 3 3 4 4 1 0.653774 0.000000 
3 1 0 0 12 3 0 1 1 1 0.679929 0.000000 
3 1 0 1 9 2 1 3 3 1 1.969470 0.000000 
3 1 1 0 0 0 0 1 1 1 0.647514 0.000000 
3 1 1 0 10 2 2 3 3 1 0.738381 0.000000 
3 1 0 0 12 3 0 1 1 1 0.713269 0.000000 
3 1 0 0 3 0 3 4 4 1 0.776469 0.000000 
3 1 1 0 15 3 3 4 4 1 0.534048 0.000000 
3 1 0 0 6 1 2 3 3 1 1.292904 0.000000 
3 1 1 0 0 0 0 1 1 1 0.565969 0.000000 
3 1 0 0 6 1 2 3 3 1 1.235944 0.000000 
3 1 0 0 6 1 2 3 3 1 0.527193 0.000000 
3 1 1 0 10 2 2 3 3 1 0.534668 0.000000 
3 1 1 0 5 1 1 2 2 1 1.101525 0.000000 
3 1 1 0 0 0 0 1 1 1 0.508827 0.000000 
3 1 0 1 9 2 1 3 3 1 1.212980 0.000000 
3 1 1 1 0 0 0 1 1 1 0.913388 0.000000 
3 1 1 0 10 2 2 3 3 1 0.641701 0.000000 
3 1 1 0 0 0 0 1 1 1 0.612530 0.000000 
3 1 0 0 9 2 1 2 2 1 1.072742 0.000000 
3 1 1 0 5 1 1 2 2 1 0.586388 0.000000 
3 1 1 0 10 2 2 3 3 1 0.687251 0.000000 
3 1 0 0 12 3 0 1 1 1 0.583019 0.000000 
3 1 1 1 15 3 3 4 4 1 1.308126 0.000000 
3 1 0 0 9 2 1 2 2 1 1.052396 0.000000 
