39 1 0 0 12 3 0 1 1 1 0.697298 0.000000 
39 1 0 1 3 0 3 1 1 1 1.969957 0.000000 
39 1 1 0 0 0 0 1 1 1 0.702926 0.000000 
39 1 0 0 9 2 1 2 2 1 1.119127 0.000000 
39 1 0 0 6 1 2 3 3 1 1.422817 0.000000 
39 1 0 0 6 1 2 3 3 1 0.698593 0.000000 
39 1 0 0 12 3 0 1 1 1 0.731436 0.000000 
39 1 1 1 15 3 3 4 1 0 1.410966 0.000000 
39 1 0 0 6 1 2 3 3 1 0.979353 0.000000 
39 1 0 1 12 3 0 4 1 0 1.191623 0.000000 
39 1 0 0 3 0 3 4 4 1 0.880581 0.000000 
39 1 1 1 0 0 0 1 1 1 1.593779 0.000000 
39 1 0 0 9 2 1 2 3 0 0.782938 0.000000 
39 1 1 0 5 1 1 2 2 1 2.248076 0.000000 
39 1 1 0 0 0 0 1 1 1 0.843482 0.000000 
39 1 1 0 0 0 0 1 1 1 0.701373 0.000000 
39 1 0 1 6 1 2 2 2 1 2.925644 0.000000 
39 1 0 1 9 2 1 3 3 1 2.206001 0.000000 
39 1 0 0 9 2 1 2 2 1 1.218676 0.000000 
39 1 1 0 15 3 3 4 4 1 0.590414 0.000000 
39 1 1 1 15 3 3 4 4 1 0.963179 0.000000 
39 1 0 0 12 3 0 1 1 1 0.960525 0.000000 
39 1 0 0 6 1 2 3 3 1 0.910822 0.000000 
39 1 0 0 12 3 0 1 1 1 0.727054 0.000000 
39 1 1 0 0 0 0 1 1 1 0.710583 0.000000 
39 1 1 1 5 1 1 2 2 1 4.230934 0.000000 
39 1 1 0 0 0 0 1 1 1 0.635635 0.000000 
39 1 1 0 10 2 2 3 3 1 0.894444 0.000000 
39 1 0 0 3 0 3 4 4 1 0.798370 0.000000 
39 1 1 0 5 1 1 2 3 0 0.995309 0.000000 
39 1 1 0 10 2 2 3 3 1 0.908199 0.000000 
39 1 0 0 9 2 1 2 2 1 0.851956 0.000000 
39 1 1 0 10 2 2 3 3 1 0.910307 0.000000 
39 1 1 0 10 2 2 3 3 1 0.590550 0.000000 
39 1 1 0 15 3 3 4 4 1 0.555362 0.000000 
39 1 0 1 9 2 1 3 3 1 1.336512 0.000000 
39 1 0 1 3 0 3 1 1 1 1.855642 0.000000 
39 1 0 0 12 3 0 1 1 1 1.010241 0.000000 
39 1 1 1 15 3 3 4 4 1 1.190492 0.000000 
39 1 1 1 0 0 0 1 1 1 1.251597 0.000000 
39 1 0 0 9 2 1 2 2 1 1.189959 0.000000 
39 1 1 0 10 2 2 3 3 1 0.697977 0.000000 
39 1 1 0 0 0 0 1 1 1 0.554847 0.000000 
39 1 0 0 6 1 2 3 3 1 0.936997 0.000000 
39 1 1 1 10 2 2 3 3 1 1.223895 0.000000 
39 1 1 0 5 1 1 2 2 1 0.899613 0.000000 
39 1 1 0 0 0 0 1 1 1 0.612118 0.000000 
39 1 0 0 12 3 0 1 1 1 1.208000 0.000000 
39 1 1 1 5 1 1 2 2 1 2.051425 0.000000 
39 1 0 0 6 1 2 3 3 1 0.718143 0.000000 
39 1 0 0 3 0 3 4 4 1 0.845684 0.000000 
39 1 1 0 10 2 2 3 3 1 0.872562 0.000000 
39 1 0 0 9 2 1 2 2 1 1.274175 0.000000 
39 1 1 0 15 3 3 4 4 1 0.707895 0.000000 
39 1 1 0 5 1 1 2 2 1 1.052112 0.000000 
39 1 0 0 3 0 3 4 4 1 0.821385 0.000000 
39 1 1 0 15 3 3 4 4 1 0.792964 0.000000 
39 1 1 1 0 0 0 1 1 1 1.101895 0.000000 
39 1 1 1 15 3 3 4 4 1 1.654178 0.000000 
39 1 1 0 0 0 0 1 1 1 0.720762 0.000000 
39 1 1 1 10 2 2 3 3 1 0.912250 0.000000 
39 1 0 0 6 1 2 3 3 1 0.968545 0.000000 
39 1 1 1 10 2 2 3 3 1 0.901201 0.000000 
39 1 1 1 10 2 2 3 3 1 0.789455 0.000000 
39 1 0 1 3 0 3 1 1 1 1.338361 0.000000 
39 1 0 0 3 0 3 4 4 1 0.889410 0.000000 
39 1 1 0 0 0 0 1 1 1 0.730352 0.000000 
39 1 0 0 12 3 0 1 1 1 0.713856 0.000000 
39 1 1 1 5 1 1 2 2 1 1.290019 0.000000 
39 1 0 0 12 3 0 1 1 1 1.035163 0.000000 
39 1 1 0 0 0 0 1 1 1 0.605112 0.000000 
39 1 0 0 6 1 2 3 3 1 0.897287 0.000000 
39 1 0 1 6 1 2 2 2 1 1.434234 0.000000 
39 1 1 0 10 2 2 3 3 1 0.837215 0.000000 
39 1 0 0 9 2 1 2 2 1 0.984250 0.000000 
39 1 1 0 5 1 1 2 2 1 0.653183 0.000000 
39 1 1 0 10 2 2 3 3 1 0.727368 0.000000 
39 1 1 0 5 1 1 2 2 1 0.909922 0.000000 
39 1 0 0 6 1 2 3 3 1 0.830195 0.000000 
39 1 0 0 3 0 3 4 4 1 0.865760 0.000000 
39 1 1 0 15 3 3 4 4 1 0.843947 0.000000 
39 1 1 0 0 0 0 1 1 1 0.790835 0.000000 
39 1 0 0 3 0 3 4 4 1 0.987802 0.000000 
39 1 1 1 5 1 1 2 2 1 1.672766 0.000000 
39 1 0 0 3 0 3 4 4 1 1.201636 0.000000 
39 1 1 0 5 1 1 2 2 1 1.029966 0.000000 
39 1 1 0 15 3 3 4 4 1 0.921662 0.000000 
39 1 1 1 15 3 3 4 4 1 0.793244 0.000000 
39 1 0 1 12 3 0 4 4 1 1.446171 0.000000 
39 1 1 0 15 3 3 4 4 1 0.737252 0.000000 
39 1 1 0 0 0 0 1 1 1 0.648150 0.000000 
39 1 1 1 15 3 3 4 4 1 1.129968 0.000000 
39 1 1 0 10 2 2 3 3 1 1.345690 0.000000 
39 1 0 0 3 0 3 4 4 1 0.864728 0.000000 
39 1 1 0 0 0 0 1 1 1 0.682993 0.000000 
39 1 0 0 6 1 2 3 3 1 0.868057 0.000000 
39 1 1 1 5 1 1 2 2 1 1.285446 0.000000 
39 1 0 1 6 1 2 2 2 1 0.974482 0.000000 
39 1 0 0 3 0 3 4 4 1 0.739176 0.000000 
39 1 1 0 5 1 1 2 2 1 0.841982 0.000000 
39 1 0 0 12 3 0 1 1 1 1.172863 0.000000 
39 1 1 0 0 0 0 1 1 1 0.546515 0.000000 
39 1 1 1 10 2 2 3 3 1 1.593415 0.000000 
39 1 0 0 12 3 0 1 1 1 0.718585 0.000000 
39 1 0 1 12 3 0 4 4 1 1.454049 0.000000 
39 1 1 0 0 0 0 1 1 1 0.735597 0.000000 
39 1 1 0 10 2 2 3 3 1 1.030465 0.000000 
39 1 0 0 6 1 2 3 3 1 0.802101 0.000000 
39 1 0 0 12 3 0 1 1 1 0.654319 0.000000 
39 1 1 0 10 2 2 3 3 1 0.848499 0.000000 
39 1 0 0 6 1 2 3 3 1 0.611374 0.000000 
39 1 0 0 9 2 1 2 2 1 0.839552 0.000000 
39 1 0 0 9 2 1 2 2 1 1.546454 0.000000 
39 1 1 0 10 2 2 3 3 1 0.920658 0.000000 
39 1 0 0 3 0 3 4 1 0 1.256244 0.000000 
39 1 0 0 6 1 2 3 3 1 1.246645 0.000000 
39 1 0 0 9 2 1 2 2 1 1.025188 0.000000 
39 1 0 0 12 3 0 1 1 1 0.652864 0.000000 
39 1 0 0 6 1 2 3 3 1 1.599039 0.000000 
39 1 1 0 5 1 1 2 2 1 1.163007 0.000000 
39 1 0 0 6 1 2 3 3 1 1.128961 0.000000 
39 1 1 0 15 3 3 4 4 1 0.704603 0.000000 
39 1 1 0 0 0 0 1 1 1 0.728774 0.000000 
39 1 1 1 15 3 3 4 4 1 1.264343 0.000000 
39 1 1 0 10 2 2 3 3 1 0.962700 0.000000 
39 1 0 0 3 0 3 4 4 1 0.856963 0.000000 
39 1 1 0 5 1 1 2 2 1 1.514299 0.000000 
39 1 0 0 12 3 0 1 1 1 0.650778 0.000000 
39 1 0 0 9 2 1 2 2 1 0.860872 0.000000 
39 1 1 0 5 1 1 2 2 1 0.647170 0.000000 
39 1 1 0 10 2 2 3 3 1 0.713979 0.000000 
39 1 1 0 0 0 0 1 1 1 0.586152 0.000000 
39 1 0 1 12 3 0 4 4 1 1.214973 0.000000 
39 1 1 0 10 2 2 3 3 1 0.667337 0.000000 
39 1 0 0 9 2 1 2 3 0 0.771822 0.000000 
39 1 1 0 5 1 1 2 2 1 0.781345 0.000000 
39 1 0 0 9 2 1 2 2 1 1.210500 0.000000 
39 1 0 0 12 3 0 1 1 1 0.798894 0.000000 
39 1 0 1 3 0 3 1 1 1 1.347801 0.000000 
39 1 1 1 5 1 1 2 2 1 1.610896 0.000000 
39 1 0 0 9 2 1 2 2 1 1.615474 0.000000 
39 1 0 1 3 0 3 1 1 1 1.258942 0.000000 
39 1 1 0 5 1 1 2 2 1 0.845286 0.000000 
39 1 0 0 3 0 3 4 4 1 1.736245 0.000000 
39 1 0 1 12 3 0 4 4 1 1.295460 0.000000 
39 1 0 1 3 0 3 1 1 1 0.952562 0.000000 
39 1 0 1 9 2 1 3 3 1 1.414851 0.000000 
39 1 1 0 5 1 1 2 2 1 0.938298 0.000000 
39 1 0 0 6 1 2 3 3 1 1.697246 0.000000 
39 1 0 0 9 2 1 2 3 0 0.922413 0.000000 
39 1 0 0 12 3 0 1 1 1 1.190070 0.000000 
39 1 0 0 9 2 1 2 2 1 0.818581 0.000000 
39 1 1 0 15 3 3 4 4 1 0.686169 0.000000 
39 1 0 0 12 3 0 1 1 1 0.839036 0.000000 
39 1 0 0 12 3 0 1 1 1 0.552917 0.000000 
39 1 0 0 12 3 0 1 1 1 0.527008 0.000000 
39 1 0 0 12 3 0 1 1 1 0.606520 0.000000 
39 1 1 0 10 2 2 3 2 0 0.882719 0.000000 
39 1 1 0 15 3 3 4 4 1 1.103979 0.000000 
39 1 0 1 12 3 0 4 4 1 1.888205 0.000000 
39 1 1 0 15 3 3 4 4 1 0.817413 0.000000 
39 1 0 1 3 0 3 1 1 1 1.340016 0.000000 
39 1 1 0 10 2 2 3 3 1 0.827144 0.000000 
39 1 1 1 5 1 1 2 2 1 1.758755 0.000000 
39 1 1 0 15 3 3 4 4 1 0.909279 0.000000 
39 1 0 0 6 1 2 3 2 0 1.149526 0.000000 
39 1 1 0 10 2 2 3 3 1 1.192140 0.000000 
39 1 0 0 6 1 2 3 3 1 0.701135 0.000000 
39 1 0 0 12 3 0 1 1 1 0.652347 0.000000 
39 1 1 1 5 1 1 2 2 1 2.062558 0.000000 
39 1 1 1 5 1 1 2 2 1 1.065143 0.000000 
39 1 0 0 3 0 3 4 4 1 1.211554 0.000000 
39 1 0 0 3 0 3 4 4 1 0.663910 0.000000 
39 1 1 1 10 2 2 3 3 1 2.642181 0.000000 
39 1 0 0 3 0 3 4 4 1 0.876685 0.000000 
39 1 1 1 15 3 3 4 4 1 0.846189 0.000000 
39 1 0 0 9 2 1 2 2 1 1.265160 0.000000 
39 1 1 1 5 1 1 2 2 1 1.131584 0.000000 
39 1 1 0 0 0 0 1 1 1 0.851254 0.000000 
39 1 0 0 9 2 1 2 2 1 0.893529 0.000000 
39 1 1 0 10 2 2 3 3 1 0.702377 0.000000 
39 1 1 1 5 1 1 2 2 1 1.189632 0.000000 
39 1 1 0 10 2 2 3 3 1 0.714649 0.000000 
39 1 1 0 5 1 1 2 2 1 0.746831 0.000000 
39 1 0 0 3 0 3 4 4 1 0.601642 0.000000 
39 1 1 0 10 2 2 3 3 1 2.597950 0.000000 
39 1 0 0 3 0 3 4 4 1 1.211418 0.000000 
39 1 0 0 3 0 3 4 4 1 0.903857 0.000000 
39 1 1 1 15 3 3 4 4 1 0.718987 0.000000 
39 1 0 0 6 1 2 3 3 1 1.126616 0.000000 
39 1 1 0 0 0 0 1 1 1 0.710297 0.000000 
39 1 0 0 12 3 0 1 1 1 0.566474 0.000000 
39 1 0 0 3 0 3 4 4 1 2.636132 0.000000 
39 1 1 0 15 3 3 4 4 1 0.511468 0.000000 
39 1 0 1 9 2 1 3 3 1 1.183589 0.000000 
39 1 0 1 9 2 1 3 3 1 0.620581 0.000000 
39 1 0 0 3 0 3 4 4 1 0.992152 0.000000 
39 1 0 0 9 2 1 2 3 0 0.708013 0.000000 
39 1 1 0 15 3 3 4 4 1 0.680193 0.000000 
39 1 0 1 9 2 1 3 3 1 1.017296 0.000000 
39 1 0 0 12 3 0 1 1 1 0.940934 0.000000 
39 1 1 0 5 1 1 2 2 1 2.755995 0.000000 
39 1 0 0 12 3 0 1 1 1 1.450846 0.000000 
39 1 0 0 3 0 3 4 4 1 0.940345 0.000000 
39 1 0 0 12 3 0 1 1 1 0.699289 0.000000 
39 1 0 0 12 3 0 1 1 1 0.587970 0.000000 
39 1 1 0 0 0 0 1 1 1 0.520949 0.000000 
39 1 1 0 0 0 0 1 1 1 0.488364 0.000000 
39 1 1 0 5 1 1 2 2 1 0.753157 0.000000 
39 1 1 0 0 0 0 1 1 1 0.535359 0.000000 
39 1 0 0 12 3 0 1 1 1 1.070175 0.000000 
39 1 1 0 0 0 0 1 1 1 0.590838 0.000000 
39 1 0 0 3 0 3 4 4 1 0.603614 0.000000 
39 1 1 0 0 0 0 1 4 0 0.727771 0.000000 
39 1 1 1 10 2 2 3 3 1 0.899270 0.000000 
39 1 0 0 12 3 0 1 1 1 1.291787 0.000000 
39 1 0 0 12 3 0 1 1 1 0.476813 0.000000 
39 1 1 0 0 0 0 1 1 1 0.526279 0.000000 
39 1 1 0 5 1 1 2 2 1 0.709728 0.000000 
39 1 0 0 6 1 2 3 3 1 0.748905 0.000000 
39 1 0 0 6 1 2 3 3 1 0.571752 0.000000 
39 1 0 0 9 2 1 2 2 1 0.809221 0.000000 
39 1 1 0 0 0 0 1 1 1 0.861483 0.000000 
39 1 1 0 5 1 1 2 2 1 1.559764 0.000000 
39 1 0 1 6 1 2 2 2 1 1.342245 0.000000 
39 1 1 1 10 2 2 3 3 1 0.701347 0.000000 
39 1 0 0 12 3 0 1 1 1 1.036541 0.000000 
39 1 0 0 12 3 0 1 1 1 0.503490 0.000000 
39 1 1 0 15 3 3 4 4 1 0.551565 0.000000 
39 1 0 1 6 1 2 2 2 1 1.013736 0.000000 
39 1 0 1 3 0 3 1 1 1 0.858031 0.000000 
39 1 1 1 10 2 2 3 3 1 0.876261 0.000000 
39 1 1 1 15 3 3 4 4 1 0.797865 0.000000 
39 1 0 0 6 1 2 3 3 1 1.177820 0.000000 
39 1 0 0 6 1 2 3 3 1 0.623432 0.000000 
39 1 1 1 0 0 0 1 1 1 0.730937 0.000000 
39 1 1 0 10 2 2 3 3 1 0.706483 0.000000 
39 1 0 0 3 0 3 4 4 1 0.882678 0.000000 
39 1 0 0 6 1 2 3 3 1 1.004001 0.000000 
39 1 1 0 0 0 0 1 1 1 0.639874 0.000000 
39 1 0 1 12 3 0 4 4 1 1.162710 0.000000 
39 1 1 0 15 3 3 4 4 1 0.569028 0.000000 
39 1 1 1 15 3 3 4 4 1 0.573541 0.000000 
39 1 0 0 9 2 1 2 2 1 1.098983 0.000000 
39 1 1 0 5 1 1 2 2 1 0.635948 0.000000 
39 1 0 0 9 2 1 2 2 1 0.526845 0.000000 
39 1 1 0 10 2 2 3 3 1 0.790291 0.000000 
39 1 0 1 3 0 3 1 1 1 1.563193 0.000000 
39 1 0 0 9 2 1 2 2 1 1.153765 0.000000 
39 1 0 1 12 3 0 4 4 1 1.055025 0.000000 
39 1 1 0 10 2 2 3 3 1 0.593379 0.000000 
39 1 0 1 12 3 0 4 4 1 1.318186 0.000000 
39 1 0 0 6 1 2 3 3 1 0.973961 0.000000 
39 1 1 0 10 2 2 3 3 1 0.571557 0.000000 
39 1 1 0 15 3 3 4 4 1 0.712982 0.000000 
39 1 0 0 3 0 3 4 4 1 0.577211 0.000000 
39 1 1 1 5 1 1 2 2 1 1.877707 0.000000 
39 1 0 1 6 1 2 2 3 0 0.703631 0.000000 
39 1 1 0 0 0 0 1 1 1 0.667813 0.000000 
39 1 0 1 12 3 0 4 4 1 1.060889 0.000000 
39 1 1 0 0 0 0 1 1 1 0.679226 0.000000 
39 1 0 0 12 3 0 1 1 1 0.576704 0.000000 
39 1 0 0 3 0 3 4 4 1 0.598183 0.000000 
39 1 1 0 0 0 0 1 1 1 0.602976 0.000000 
39 1 1 0 5 1 1 2 2 1 0.734146 0.000000 
39 1 1 1 0 0 0 1 1 1 0.789002 0.000000 
39 1 1 0 5 1 1 2 2 1 0.697909 0.000000 
39 1 1 1 0 0 0 1 1 1 0.778749 0.000000 
39 1 1 0 0 0 0 1 1 1 0.568297 0.000000 
39 1 1 0 5 1 1 2 2 1 0.685770 0.000000 
39 1 0 0 9 2 1 2 2 1 0.726585 0.000000 
39 1 0 1 9 2 1 3 2 0 0.670096 0.000000 
39 1 1 0 10 2 2 3 3 1 0.514606 0.000000 
39 1 0 0 6 1 2 3 3 1 0.570301 0.000000 
39 1 0 0 6 1 2 3 3 1 0.559763 0.000000 
39 1 0 0 6 1 2 3 3 1 0.461850 0.000000 
39 1 1 1 0 0 0 1 1 1 0.967956 0.000000 
39 1 1 0 10 2 2 3 3 1 0.597555 0.000000 
39 1 0 1 6 1 2 2 3 0 0.458356 0.000000 
39 1 0 0 6 1 2 3 3 1 0.424457 0.000000 
39 1 1 0 10 2 2 3 3 1 0.434424 0.000000 
39 1 1 0 10 2 2 3 3 1 0.389192 0.000000 
39 1 1 0 15 3 3 4 4 1 0.585851 0.000000 
39 1 0 0 6 1 2 3 3 1 0.870744 0.000000 
39 1 1 1 10 2 2 3 3 1 0.856316 0.000000 
39 1 0 0 12 3 0 1 1 1 1.130591 0.000000 
39 1 1 0 0 0 0 1 1 1 0.554210 0.000000 
39 1 0 0 9 2 1 2 1 0 0.464378 0.000000 
39 1 0 0 3 0 3 4 4 1 0.549423 0.000000 
39 1 1 0 5 1 1 2 2 1 0.779775 0.000000 
39 1 1 0 10 2 2 3 3 1 0.497339 0.000000 
39 1 0 0 6 1 2 3 3 1 0.490097 0.000000 
39 1 0 0 9 2 1 2 2 1 0.706855 0.000000 
39 1 1 0 15 3 3 4 4 1 0.515052 0.000000 
39 1 0 1 9 2 1 3 3 1 1.067183 0.000000 
39 1 1 0 10 2 2 3 3 1 0.876835 0.000000 
39 1 1 0 5 1 1 2 2 1 0.693415 0.000000 
39 1 0 0 6 1 2 3 3 1 0.974231 0.000000 
39 1 1 0 0 0 0 1 1 1 0.595901 0.000000 
39 1 0 1 12 3 0 4 1 0 0.664717 0.000000 
39 1 0 0 3 0 3 4 4 1 0.566826 0.000000 
39 1 1 0 0 0 0 1 1 1 0.516056 0.000000 
39 1 1 0 5 1 1 2 1 0 0.451990 0.000000 
39 1 1 1 15 3 3 4 4 1 0.610043 0.000000 
39 1 1 1 15 3 3 4 4 1 0.404736 0.000000 
39 1 1 0 5 1 1 2 2 1 0.632820 0.000000 
39 1 0 0 12 3 0 1 1 1 0.724066 0.000000 
39 1 0 1 3 0 3 1 4 0 1.075179 0.000000 
39 1 0 0 9 2 1 2 2 1 1.000791 0.000000 
39 1 0 0 6 1 2 3 3 1 0.556650 0.000000 
39 1 0 1 3 0 3 1 1 1 0.882791 0.000000 
39 1 0 0 6 1 2 3 2 0 0.771166 0.000000 
39 1 1 0 15 3 3 4 4 1 0.660211 0.000000 
39 1 1 0 0 0 0 1 1 1 1.310007 0.000000 
39 1 1 0 0 0 0 1 1 1 0.566410 0.000000 
39 1 1 0 15 3 3 4 4 1 0.548077 0.000000 
39 1 0 0 3 0 3 4 4 1 0.434645 0.000000 
39 1 1 0 0 0 0 1 1 1 0.485375 0.000000 
39 1 1 0 5 1 1 2 2 1 0.830169 0.000000 
39 1 1 0 15 3 3 4 4 1 0.568729 0.000000 
39 1 0 1 9 2 1 3 3 1 0.862206 0.000000 
39 1 0 0 9 2 1 2 3 0 0.528448 0.000000 
39 1 1 0 15 3 3 4 4 1 0.643864 0.000000 
39 1 1 0 10 2 2 3 3 1 0.630266 0.000000 
39 1 1 0 0 0 0 1 1 1 0.585763 0.000000 
39 1 0 0 9 2 1 2 2 1 0.718564 0.000000 
39 1 1 1 5 1 1 2 2 1 1.094101 0.000000 
39 1 1 0 0 0 0 1 1 1 0.910100 0.000000 
39 1 1 0 10 2 2 3 3 1 0.542348 0.000000 
39 1 0 0 6 1 2 3 3 1 0.605193 0.000000 
39 1 0 0 12 3 0 1 1 1 1.321323 0.000000 
39 1 1 1 10 2 2 3 3 1 0.616970 0.000000 
39 1 0 0 12 3 0 1 1 1 0.884529 0.000000 
39 1 1 0 5 1 1 2 3 0 1.197496 0.000000 
39 1 0 1 12 3 0 4 4 1 0.781462 0.000000 
39 1 1 0 5 1 1 2 3 0 1.058572 0.000000 
39 1 0 1 12 3 0 4 4 1 0.936883 0.000000 
39 1 1 0 15 3 3 4 4 1 0.679387 0.000000 
39 1 0 0 3 0 3 4 4 1 1.016908 0.000000 
39 1 1 0 5 1 1 2 2 1 0.764522 0.000000 
39 1 1 1 15 3 3 4 4 1 0.522744 0.000000 
39 1 1 0 10 2 2 3 3 1 0.817222 0.000000 
39 1 0 0 3 0 3 4 4 1 0.916793 0.000000 
39 1 1 0 10 2 2 3 3 1 0.628352 0.000000 
39 1 1 1 5 1 1 2 2 1 0.727862 0.000000 
39 1 1 0 5 1 1 2 2 1 0.583380 0.000000 
39 1 0 0 3 0 3 4 4 1 0.828214 0.000000 
39 1 0 1 12 3 0 4 4 1 1.055770 0.000000 
39 1 1 0 15 3 3 4 4 1 0.945986 0.000000 
39 1 0 0 12 3 0 1 1 1 0.775992 0.000000 
39 1 0 1 3 0 3 1 1 1 0.997596 0.000000 
39 1 0 0 9 2 1 2 2 1 0.834520 0.000000 
39 1 1 1 10 2 2 3 3 1 1.261452 0.000000 
39 1 0 0 3 0 3 4 4 1 0.551845 0.000000 
39 1 0 0 3 0 3 4 4 1 0.389976 0.000000 
39 1 0 0 9 2 1 2 2 1 0.706701 0.000000 
39 1 1 0 15 3 3 4 4 1 0.626868 0.000000 
39 1 0 0 9 2 1 2 2 1 1.581409 0.000000 
39 1 0 0 12 3 0 1 1 1 0.771209 0.000000 
39 1 0 1 3 0 3 1 1 1 1.400807 0.000000 
39 1 1 0 5 1 1 2 2 1 0.741218 0.000000 
39 1 1 0 15 3 3 4 4 1 0.612084 0.000000 
39 1 0 1 6 1 2 2 4 0 0.248232 0.000000 
39 1 1 0 5 1 1 2 2 1 0.918896 0.000000 
39 1 0 1 6 1 2 2 2 1 1.485046 0.000000 
39 1 0 0 9 2 1 2 2 1 1.118235 0.000000 
39 1 0 0 9 2 1 2 2 1 1.037914 0.000000 
39 1 1 0 5 1 1 2 2 1 0.584870 0.000000 
39 1 1 0 15 3 3 4 4 1 0.549681 0.000000 
39 1 1 1 10 2 2 3 3 1 0.644002 0.000000 
39 1 1 0 0 0 0 1 1 1 0.654649 0.000000 
39 1 0 0 9 2 1 2 3 0 0.671834 0.000000 
39 1 0 0 3 0 3 4 4 1 0.997288 0.000000 
39 1 0 0 9 2 1 2 2 1 0.769822 0.000000 
39 1 1 0 5 1 1 2 2 1 0.479348 0.000000 
39 1 1 0 0 0 0 1 1 1 0.624778 0.000000 
39 1 1 0 10 2 2 3 3 1 0.604281 0.000000 
39 1 0 0 6 1 2 3 3 1 0.552399 0.000000 
39 1 1 0 10 2 2 3 3 1 0.430566 0.000000 
39 1 0 1 9 2 1 3 3 1 0.953001 0.000000 
39 1 0 0 12 3 0 1 1 1 0.927257 0.000000 
39 1 1 0 15 3 3 4 4 1 0.654853 0.000000 
39 1 0 1 12 3 0 4 4 1 0.825002 0.000000 
39 1 1 1 5 1 1 2 2 1 0.828592 0.000000 
