1 1 1 0 15 3 3 4 4 1 2.756383 0.000000 
1 1 0 1 8 2 0 3 1 0 3.163218 0.000000 
1 1 0 1 8 2 0 3 3 1 4.198399 0.000000 
1 1 1 0 0 0 0 1 1 1 0.979017 0.000000 
1 1 1 0 15 3 3 4 4 1 0.624441 0.000000 
1 1 0 0 7 1 3 4 4 1 1.555979 0.000000 
1 1 0 1 8 2 0 3 3 1 2.562673 0.000000 
1 1 1 0 15 3 3 4 4 1 0.673649 0.000000 
1 1 1 0 0 0 0 1 1 1 0.619304 0.000000 
1 1 1 0 15 3 3 4 4 1 0.501899 0.000000 
1 1 1 0 5 1 1 2 2 1 0.830024 0.000000 
1 1 0 0 2 0 2 3 1 0 1.089660 0.000000 
1 1 1 0 5 1 1 2 2 1 1.446558 0.000000 
1 1 1 0 10 2 2 3 3 1 0.929516 0.000000 
1 1 1 0 15 3 3 4 4 1 0.617252 0.000000 
1 1 0 0 13 3 1 2 3 0 1.876832 0.000000 
1 1 0 0 7 1 3 4 4 1 0.889703 0.000000 
1 1 1 1 10 2 2 3 3 1 1.490479 0.000000 
1 1 0 1 2 0 2 1 3 0 2.043699 0.000000 
1 1 1 1 0 0 0 1 1 1 1.787053 0.000000 
1 1 0 1 7 1 3 2 2 1 3.640287 0.000000 
1 1 1 0 0 0 0 1 1 1 0.747278 0.000000 
1 1 0 0 13 3 1 2 2 1 2.066304 0.000000 
1 1 1 1 0 0 0 1 1 1 0.700444 0.000000 
1 1 0 1 13 3 1 4 4 1 1.940678 0.000000 
1 1 0 0 2 0 2 3 3 1 1.284156 0.000000 
1 1 0 0 13 3 1 2 4 0 0.925367 0.000000 
1 1 0 0 8 2 0 1 1 1 1.199810 0.000000 
1 1 1 1 5 1 1 2 2 1 0.652013 0.000000 
1 1 1 0 5 1 1 2 2 1 0.798294 0.000000 
1 1 1 0 10 2 2 3 3 1 0.859331 0.000000 
1 1 0 0 7 1 3 4 4 1 0.781712 0.000000 
1 1 0 1 13 3 1 4 4 1 1.947295 0.000000 
1 1 0 0 8 2 0 1 1 1 0.634683 0.000000 
1 1 0 1 8 2 0 3 3 1 1.564634 0.000000 
1 1 1 0 0 0 0 1 1 1 0.691201 0.000000 
1 1 0 0 8 2 0 1 1 1 0.452128 0.000000 
1 1 1 1 15 3 3 4 4 1 0.526282 0.000000 
1 1 1 0 0 0 0 1 1 1 0.549810 0.000000 
1 1 1 1 10 2 2 3 3 1 0.980005 0.000000 
1 1 1 0 10 2 2 3 3 1 0.473686 0.000000 
1 1 0 0 7 1 3 4 4 1 0.763283 0.000000 
1 1 1 0 0 0 0 1 1 1 0.536491 0.000000 
1 1 1 0 15 3 3 4 4 1 0.391334 0.000000 
1 1 0 0 7 1 3 4 4 1 0.828145 0.000000 
1 1 0 0 7 1 3 4 4 1 0.447808 0.000000 
1 1 1 0 5 1 1 2 2 1 0.938645 0.000000 
1 1 0 0 8 2 0 1 1 1 0.673662 0.000000 
1 1 1 0 10 2 2 3 3 1 1.139292 0.000000 
1 1 0 0 7 1 3 4 4 1 0.745377 0.000000 
1 1 1 0 0 0 0 1 1 1 0.624378 0.000000 
1 1 1 0 5 1 1 2 2 1 0.803901 0.000000 
1 1 0 0 7 1 3 4 3 0 1.056231 0.000000 
1 1 1 1 0 0 0 1 1 1 0.790404 0.000000 
1 1 1 0 5 1 1 2 2 1 0.747100 0.000000 
1 1 0 0 7 1 3 4 4 1 0.666115 0.000000 
1 1 0 0 2 0 2 3 3 1 0.899872 0.000000 
1 1 0 0 13 3 1 2 2 1 0.987035 0.000000 
1 1 1 0 0 0 0 1 1 1 0.584043 0.000000 
1 1 0 0 2 0 2 3 4 0 1.036990 0.000000 
1 1 1 0 15 3 3 4 4 1 0.363831 0.000000 
1 1 1 1 10 2 2 3 3 1 0.929716 0.000000 
1 1 1 1 15 3 3 4 4 1 2.057436 0.000000 
1 1 0 0 7 1 3 4 4 1 0.900246 0.000000 
1 1 0 0 2 0 2 3 1 0 0.635536 0.000000 
1 1 0 0 8 2 0 1 1 1 0.634260 0.000000 
1 1 0 0 2 0 2 3 3 1 0.812963 0.000000 
1 1 1 0 15 3 3 4 4 1 0.505204 0.000000 
1 1 0 0 7 1 3 4 4 1 0.353382 0.000000 
1 1 0 0 13 3 1 2 2 1 0.695569 0.000000 
1 1 1 0 10 2 2 3 3 1 0.592423 0.000000 
1 1 0 0 2 0 2 3 3 1 0.629359 0.000000 
1 1 0 1 7 1 3 2 4 0 0.575855 0.000000 
1 1 1 0 5 1 1 2 2 1 1.185299 0.000000 
1 1 0 1 2 0 2 1 1 1 1.806214 0.000000 
1 1 1 0 0 0 0 1 1 1 0.642860 0.000000 
1 1 1 1 5 1 1 2 2 1 1.781797 0.000000 
1 1 1 0 0 0 0 1 1 1 0.771841 0.000000 
1 1 0 0 13 3 1 2 2 1 1.448539 0.000000 
1 1 0 0 13 3 1 2 2 1 0.459705 0.000000 
1 1 0 0 2 0 2 3 3 1 0.653868 0.000000 
1 1 1 0 10 2 2 3 3 1 0.472146 0.000000 
1 1 1 0 0 0 0 1 1 1 0.545632 0.000000 
1 1 1 1 15 3 3 4 4 1 0.584413 0.000000 
1 1 0 0 8 2 0 1 1 1 1.077401 0.000000 
1 1 1 1 0 0 0 1 1 1 0.479099 0.000000 
1 1 0 1 13 3 1 4 2 0 1.191591 0.000000 
1 1 0 0 13 3 1 2 2 1 1.056587 0.000000 
1 1 0 1 2 0 2 1 1 1 1.786770 0.000000 
1 1 1 0 15 3 3 4 4 1 0.616005 0.000000 
1 1 1 0 10 2 2 3 3 1 0.603912 0.000000 
1 1 0 1 13 3 1 4 4 1 1.039899 0.000000 
1 1 1 0 10 2 2 3 3 1 0.594991 0.000000 
1 1 0 0 8 2 0 1 1 1 0.910860 0.000000 
1 1 1 0 5 1 1 2 2 1 0.655211 0.000000 
1 1 0 0 8 2 0 1 1 1 0.537457 0.000000 
1 1 0 0 2 0 2 3 3 1 0.792266 0.000000 
1 1 1 0 15 3 3 4 4 1 0.621265 0.000000 
1 1 1 0 15 3 3 4 4 1 0.384840 0.000000 
1 1 0 0 8 2 0 1 1 1 0.677570 0.000000 
1 1 1 0 0 0 0 1 1 1 0.415274 0.000000 
1 1 0 1 7 1 3 2 4 0 0.578350 0.000000 
1 1 0 1 8 2 0 3 3 1 1.291737 0.000000 
1 1 0 0 13 3 1 2 3 0 1.852747 0.000000 
1 1 0 1 8 2 0 3 3 1 1.315220 0.000000 
1 1 1 1 10 2 2 3 3 1 1.643558 0.000000 
1 1 0 0 13 3 1 2 2 1 0.974830 0.000000 
1 1 0 0 7 1 3 4 4 1 0.891497 0.000000 
1 1 0 0 13 3 1 2 2 1 1.156532 0.000000 
1 1 0 0 7 1 3 4 4 1 0.442961 0.000000 
1 1 1 0 10 2 2 3 3 1 0.637747 0.000000 
1 1 1 0 5 1 1 2 2 1 0.856691 0.000000 
1 1 0 0 8 2 0 1 1 1 0.754983 0.000000 
1 1 0 1 7 1 3 2 2 1 1.137273 0.000000 
1 1 0 0 13 3 1 2 4 0 1.271442 0.000000 
1 1 1 1 0 0 0 1 1 1 0.589064 0.000000 
1 1 0 0 2 0 2 3 1 0 0.657725 0.000000 
1 1 0 0 8 2 0 1 1 1 0.711741 0.000000 
1 1 1 1 15 3 3 4 4 1 1.007688 0.000000 
1 1 0 1 2 0 2 1 1 1 2.188193 0.000000 
1 1 1 0 10 2 2 3 3 1 0.873728 0.000000 
1 1 1 1 0 0 0 1 1 1 1.058386 0.000000 
1 1 0 0 2 0 2 3 3 1 0.908772 0.000000 
1 1 1 0 10 2 2 3 3 1 0.717151 0.000000 
1 1 1 0 10 2 2 3 3 1 0.460680 0.000000 
1 1 0 1 13 3 1 4 4 1 1.814970 0.000000 
1 1 1 0 5 1 1 2 2 1 1.411665 0.000000 
1 1 1 0 15 3 3 4 4 1 0.536166 0.000000 
1 1 0 1 13 3 1 4 4 1 0.974089 0.000000 
1 1 1 0 15 3 3 4 4 1 0.411787 0.000000 
1 1 0 0 2 0 2 3 3 1 0.895923 0.000000 
1 1 0 1 7 1 3 2 2 1 1.216980 0.000000 
1 1 0 1 7 1 3 2 2 1 0.676731 0.000000 
1 1 0 0 7 1 3 4 4 1 1.022372 0.000000 
1 1 0 0 2 0 2 3 3 1 1.258119 0.000000 
1 1 1 0 0 0 0 1 1 1 0.579580 0.000000 
1 1 0 0 2 0 2 3 3 1 0.673086 0.000000 
1 1 0 0 7 1 3 4 4 1 0.498695 0.000000 
1 1 0 0 13 3 1 2 2 1 0.875542 0.000000 
1 1 0 0 13 3 1 2 2 1 0.549243 0.000000 
1 1 1 0 5 1 1 2 2 1 0.555956 0.000000 
1 1 1 0 5 1 1 2 2 1 0.426265 0.000000 
1 1 1 0 5 1 1 2 2 1 0.389787 0.000000 
1 1 0 1 2 0 2 1 1 1 0.953531 0.000000 
1 1 1 0 15 3 3 4 4 1 0.527872 0.000000 
1 1 1 1 0 0 0 1 1 1 0.791400 0.000000 
1 1 1 0 10 2 2 3 3 1 0.820444 0.000000 
1 1 0 0 2 0 2 3 3 1 0.504096 0.000000 
1 1 1 0 10 2 2 3 3 1 0.416266 0.000000 
1 1 1 0 0 0 0 1 1 1 0.652037 0.000000 
1 1 0 0 7 1 3 4 4 1 0.605970 0.000000 
1 1 1 0 10 2 2 3 3 1 0.594190 0.000000 
1 1 0 0 8 2 0 1 1 1 0.638041 0.000000 
1 1 0 1 13 3 1 4 4 1 0.640995 0.000000 
1 1 1 1 5 1 1 2 2 1 0.899871 0.000000 
1 1 0 0 8 2 0 1 1 1 0.612238 0.000000 
1 1 1 0 5 1 1 2 1 0 0.488367 0.000000 
1 1 0 0 13 3 1 2 2 1 1.405136 0.000000 
1 1 1 0 15 3 3 4 4 1 0.465454 0.000000 
1 1 1 0 5 1 1 2 2 1 0.554626 0.000000 
1 1 1 0 10 2 2 3 4 0 0.568853 0.000000 
1 1 0 0 13 3 1 2 2 1 0.570126 0.000000 
1 1 0 0 13 3 1 2 2 1 0.519437 0.000000 
1 1 1 0 10 2 2 3 3 1 0.654934 0.000000 
1 1 1 0 5 1 1 2 2 1 0.681200 0.000000 
1 1 1 0 15 3 3 4 4 1 0.626756 0.000000 
1 1 1 1 0 0 0 1 1 1 0.694327 0.000000 
1 1 1 0 5 1 1 2 2 1 0.646307 0.000000 
1 1 1 0 0 0 0 1 1 1 0.561184 0.000000 
1 1 0 0 8 2 0 1 1 1 0.463328 0.000000 
1 1 1 0 5 1 1 2 2 1 1.033557 0.000000 
1 1 0 0 2 0 2 3 1 0 0.812685 0.000000 
1 1 0 0 8 2 0 1 1 1 0.676733 0.000000 
1 1 1 0 10 2 2 3 3 1 1.142016 0.000000 
1 1 1 0 5 1 1 2 2 1 0.636195 0.000000 
1 1 0 0 2 0 2 3 3 1 1.095116 0.000000 
1 1 0 0 8 2 0 1 1 1 0.632188 0.000000 
1 1 0 0 2 0 2 3 3 1 0.859746 0.000000 
1 1 1 1 10 2 2 3 3 1 1.382035 0.000000 
1 1 0 0 13 3 1 2 2 1 0.771902 0.000000 
1 1 1 0 5 1 1 2 2 1 0.449584 0.000000 
1 1 1 1 5 1 1 2 2 1 0.443936 0.000000 
1 1 0 0 2 0 2 3 3 1 0.957595 0.000000 
1 1 0 0 7 1 3 4 4 1 0.716040 0.000000 
1 1 1 0 0 0 0 1 1 1 0.620059 0.000000 
1 1 1 0 5 1 1 2 2 1 1.111103 0.000000 
1 1 1 1 15 3 3 4 4 1 0.679568 0.000000 
1 1 1 0 15 3 3 4 4 1 0.409105 0.000000 
1 1 1 0 10 2 2 3 3 1 0.541269 0.000000 
1 1 1 0 10 2 2 3 3 1 0.436137 0.000000 
1 1 0 1 8 2 0 3 1 0 0.557942 0.000000 
1 1 0 1 13 3 1 4 4 1 0.815936 0.000000 
1 1 1 0 0 0 0 1 1 1 0.695357 0.000000 
1 1 1 0 0 0 0 1 1 1 0.415929 0.000000 
1 1 0 0 8 2 0 1 1 1 0.970973 0.000000 
1 1 1 0 0 0 0 1 1 1 0.432141 0.000000 
1 1 1 1 10 2 2 3 3 1 0.715643 0.000000 
1 1 1 0 15 3 3 4 4 1 0.483883 0.000000 
1 1 1 0 0 0 0 1 1 1 0.652822 0.000000 
1 1 1 0 10 2 2 3 3 1 0.455058 0.000000 
1 1 0 1 13 3 1 4 4 1 0.865168 0.000000 
1 1 0 0 13 3 1 2 4 0 0.443557 0.000000 
1 1 1 0 0 0 0 1 1 1 0.513130 0.000000 
1 1 1 1 5 1 1 2 2 1 0.921031 0.000000 
1 1 1 1 5 1 1 2 2 1 0.424771 0.000000 
1 1 0 1 8 2 0 3 3 1 0.868200 0.000000 
1 1 0 0 7 1 3 4 4 1 1.037962 0.000000 
1 1 0 1 13 3 1 4 4 1 0.704939 0.000000 
1 1 1 0 5 1 1 2 4 0 0.385281 0.000000 
1 1 1 0 5 1 1 2 2 1 0.616933 0.000000 
1 1 1 1 5 1 1 2 2 1 1.972230 0.000000 
1 1 1 1 0 0 0 1 1 1 0.770335 0.000000 
1 1 0 0 8 2 0 1 1 1 0.455967 0.000000 
1 1 0 0 2 0 2 3 3 1 0.674147 0.000000 
1 1 0 0 13 3 1 2 2 1 0.843692 0.000000 
1 1 0 0 2 0 2 3 3 1 1.886710 0.000000 
1 1 1 0 15 3 3 4 4 1 0.583135 0.000000 
1 1 0 1 2 0 2 1 1 1 1.156013 0.000000 
1 1 0 1 2 0 2 1 1 1 0.434478 0.000000 
1 1 1 0 0 0 0 1 1 1 0.525330 0.000000 
1 1 0 0 7 1 3 4 4 1 1.612834 0.000000 
1 1 1 1 15 3 3 4 4 1 0.777424 0.000000 
1 1 0 1 8 2 0 3 3 1 0.767119 0.000000 
1 1 1 0 15 3 3 4 3 0 0.484774 0.000000 
1 1 1 0 10 2 2 3 3 1 0.640338 0.000000 
1 1 1 0 5 1 1 2 2 1 0.666968 0.000000 
1 1 0 1 8 2 0 3 3 1 0.932614 0.000000 
1 1 1 1 15 3 3 4 3 0 0.563864 0.000000 
1 1 1 0 15 3 3 4 4 1 0.789674 0.000000 
1 1 1 0 5 1 1 2 2 1 0.938378 0.000000 
1 1 1 0 10 2 2 3 3 1 0.801367 0.000000 
1 1 0 1 8 2 0 3 3 1 1.180692 0.000000 
1 1 1 0 10 2 2 3 3 1 0.482522 0.000000 
1 1 1 1 10 2 2 3 3 1 0.443893 0.000000 
1 1 1 0 5 1 1 2 2 1 0.638794 0.000000 
1 1 1 0 10 2 2 3 3 1 0.625772 0.000000 
1 1 0 0 13 3 1 2 2 1 1.533294 0.000000 
1 1 0 0 13 3 1 2 2 1 0.644612 0.000000 
1 1 1 0 0 0 0 1 1 1 0.495476 0.000000 
1 1 0 0 7 1 3 4 4 1 0.687351 0.000000 
1 1 1 1 15 3 3 4 4 1 0.504236 0.000000 
1 1 1 0 15 3 3 4 4 1 0.376441 0.000000 
1 1 0 1 13 3 1 4 4 1 1.005870 0.000000 
1 1 1 0 5 1 1 2 2 1 0.514303 0.000000 
1 1 0 0 8 2 0 1 1 1 0.706523 0.000000 
1 1 0 0 8 2 0 1 1 1 0.386744 0.000000 
1 1 1 0 0 0 0 1 1 1 0.375500 0.000000 
1 1 0 0 7 1 3 4 4 1 0.980022 0.000000 
1 1 0 0 13 3 1 2 2 1 0.633740 0.000000 
1 1 1 0 10 2 2 3 3 1 0.716640 0.000000 
1 1 0 0 13 3 1 2 2 1 0.708268 0.000000 
1 1 1 0 0 0 0 1 1 1 0.476487 0.000000 
1 1 0 0 7 1 3 4 4 1 0.501968 0.000000 
1 1 0 0 8 2 0 1 1 1 0.566193 0.000000 
1 1 0 1 8 2 0 3 1 0 0.539931 0.000000 
1 1 1 0 0 0 0 1 1 1 0.421368 0.000000 
1 1 0 0 7 1 3 4 4 1 0.696683 0.000000 
1 1 0 1 8 2 0 3 3 1 0.841610 0.000000 
1 1 0 0 8 2 0 1 3 0 0.436551 0.000000 
1 1 0 1 7 1 3 2 2 1 0.963150 0.000000 
1 1 0 0 2 0 2 3 3 1 1.569352 0.000000 
1 1 1 0 5 1 1 2 2 1 0.607241 0.000000 
1 1 1 0 15 3 3 4 4 1 0.650533 0.000000 
1 1 0 0 2 0 2 3 3 1 1.204723 0.000000 
1 1 0 1 7 1 3 2 2 1 0.897192 0.000000 
1 1 1 0 5 1 1 2 2 1 0.642272 0.000000 
1 1 0 0 13 3 1 2 2 1 0.421115 0.000000 
1 1 0 0 8 2 0 1 1 1 0.656518 0.000000 
1 1 1 1 5 1 1 2 2 1 0.634828 0.000000 
1 1 1 1 15 3 3 4 4 1 0.573818 0.000000 
1 1 0 0 7 1 3 4 4 1 0.466322 0.000000 
1 1 1 0 5 1 1 2 2 1 0.524063 0.000000 
1 1 1 0 5 1 1 2 2 1 0.443318 0.000000 
1 1 1 1 5 1 1 2 2 1 0.622139 0.000000 
1 1 0 0 7 1 3 4 4 1 0.497727 0.000000 
1 1 0 0 2 0 2 3 3 1 0.770600 0.000000 
1 1 0 0 2 0 2 3 3 1 0.440217 0.000000 
1 1 0 0 8 2 0 1 1 1 0.562980 0.000000 
1 1 0 0 2 0 2 3 3 1 0.657240 0.000000 
1 1 0 1 8 2 0 3 3 1 0.594492 0.000000 
1 1 0 0 13 3 1 2 2 1 0.727337 0.000000 
1 1 1 0 5 1 1 2 2 1 0.494991 0.000000 
1 1 0 0 2 0 2 3 3 1 0.655857 0.000000 
1 1 1 0 5 1 1 2 2 1 0.610014 0.000000 
1 1 1 0 10 2 2 3 3 1 0.606326 0.000000 
1 1 1 0 5 1 1 2 2 1 1.050524 0.000000 
1 1 1 1 0 0 0 1 1 1 0.820942 0.000000 
1 1 0 0 2 0 2 3 3 1 0.519583 0.000000 
1 1 0 0 7 1 3 4 4 1 0.839092 0.000000 
1 1 1 0 5 1 1 2 2 1 0.546090 0.000000 
1 1 0 0 13 3 1 2 2 1 0.624998 0.000000 
1 1 1 0 0 0 0 1 1 1 0.596531 0.000000 
1 1 1 0 15 3 3 4 4 1 0.473352 0.000000 
1 1 0 0 2 0 2 3 3 1 0.490979 0.000000 
1 1 0 0 7 1 3 4 4 1 0.443745 0.000000 
1 1 0 0 13 3 1 2 2 1 0.541603 0.000000 
1 1 1 0 10 2 2 3 4 0 0.412420 0.000000 
1 1 1 0 0 0 0 1 1 1 0.548385 0.000000 
1 1 1 0 0 0 0 1 1 1 0.378986 0.000000 
1 1 0 0 7 1 3 4 3 0 0.408465 0.000000 
1 1 1 0 15 3 3 4 4 1 0.480379 0.000000 
1 1 0 0 13 3 1 2 2 1 0.761656 0.000000 
1 1 1 0 15 3 3 4 4 1 0.319935 0.000000 
1 1 0 0 7 1 3 4 4 1 0.398468 0.000000 
1 1 1 0 0 0 0 1 1 1 0.691201 0.000000 
1 1 0 0 7 1 3 4 1 0 0.436115 0.000000 
1 1 1 1 0 0 0 1 1 1 0.706757 0.000000 
1 1 1 0 0 0 0 1 1 1 0.402731 0.000000 
1 1 0 0 7 1 3 4 4 1 0.454931 0.000000 
1 1 0 0 2 0 2 3 3 1 0.601072 0.000000 
1 1 1 0 0 0 0 1 1 1 1.149318 0.000000 
1 1 1 0 10 2 2 3 4 0 0.564001 0.000000 
1 1 0 0 2 0 2 3 3 1 0.660753 0.000000 
1 1 0 0 7 1 3 4 4 1 0.478749 0.000000 
1 1 1 0 10 2 2 3 3 1 0.568282 0.000000 
1 1 0 1 8 2 0 3 3 1 0.765792 0.000000 
1 1 1 0 5 1 1 2 2 1 0.675946 0.000000 
1 1 0 0 2 0 2 3 3 1 1.429050 0.000000 
1 1 0 0 13 3 1 2 2 1 0.808915 0.000000 
1 1 1 0 0 0 0 1 1 1 0.476259 0.000000 
1 1 0 0 8 2 0 1 1 1 0.413708 0.000000 
1 1 1 1 15 3 3 4 4 1 0.497903 0.000000 
1 1 0 0 2 0 2 3 3 1 0.794725 0.000000 
1 1 0 1 7 1 3 2 2 1 0.735632 0.000000 
1 1 1 1 10 2 2 3 3 1 0.622609 0.000000 
1 1 0 0 2 0 2 3 3 1 0.666186 0.000000 
1 1 0 0 8 2 0 1 1 1 0.563996 0.000000 
1 1 0 0 2 0 2 3 3 1 0.681947 0.000000 
1 1 1 0 10 2 2 3 3 1 0.682645 0.000000 
1 1 1 1 5 1 1 2 2 1 0.644023 0.000000 
1 1 0 1 7 1 3 2 4 0 0.630385 0.000000 
1 1 1 1 15 3 3 4 4 1 0.517783 0.000000 
1 1 0 1 8 2 0 3 1 0 1.005040 0.000000 
1 1 1 0 5 1 1 2 2 1 1.301296 0.000000 
1 1 0 0 13 3 1 2 2 1 0.860547 0.000000 
1 1 0 1 8 2 0 3 3 1 0.894834 0.000000 
1 1 1 0 5 1 1 2 2 1 0.647885 0.000000 
1 1 1 0 5 1 1 2 2 1 0.538720 0.000000 
1 1 0 0 13 3 1 2 2 1 0.473622 0.000000 
1 1 0 0 8 2 0 1 2 0 0.395120 0.000000 
1 1 1 1 5 1 1 2 2 1 0.715750 0.000000 
1 1 0 0 13 3 1 2 2 1 0.467842 0.000000 
1 1 1 0 0 0 0 1 1 1 0.541251 0.000000 
1 1 0 0 2 0 2 3 3 1 0.747159 0.000000 
1 1 1 0 0 0 0 1 1 1 0.514065 0.000000 
1 1 0 0 7 1 3 4 4 1 0.674273 0.000000 
1 1 1 0 10 2 2 3 3 1 0.539836 0.000000 
1 1 1 1 15 3 3 4 4 1 0.842726 0.000000 
1 1 1 0 15 3 3 4 4 1 0.445728 0.000000 
1 1 0 1 8 2 0 3 3 1 0.784412 0.000000 
1 1 0 1 8 2 0 3 3 1 0.428834 0.000000 
1 1 0 0 2 0 2 3 3 1 1.439399 0.000000 
1 1 1 1 15 3 3 4 4 1 0.586521 0.000000 
1 1 1 0 10 2 2 3 4 0 0.479476 0.000000 
1 1 0 0 13 3 1 2 2 1 0.660802 0.000000 
1 1 0 0 13 3 1 2 2 1 0.430724 0.000000 
1 1 0 0 13 3 1 2 2 1 0.370213 0.000000 
1 1 0 0 8 2 0 1 2 0 0.359648 0.000000 
1 1 1 0 15 3 3 4 4 1 0.577619 0.000000 
1 1 1 1 0 0 0 1 1 1 0.597918 0.000000 
1 1 0 0 2 0 2 3 3 1 0.594782 0.000000 
1 1 0 0 13 3 1 2 2 1 0.727692 0.000000 
1 1 1 0 10 2 2 3 3 1 0.527319 0.000000 
1 1 1 1 10 2 2 3 3 1 0.550833 0.000000 
1 1 0 0 2 0 2 3 3 1 0.460945 0.000000 
1 1 1 0 10 2 2 3 3 1 0.431129 0.000000 
1 1 0 0 13 3 1 2 2 1 0.634681 0.000000 
1 1 1 0 0 0 0 1 1 1 0.612582 0.000000 
1 1 1 0 5 1 1 2 2 1 0.584789 0.000000 
1 1 1 1 10 2 2 3 3 1 0.573713 0.000000 
1 1 0 0 13 3 1 2 2 1 0.859228 0.000000 
1 1 0 0 8 2 0 1 1 1 0.605540 0.000000 
1 1 1 0 5 1 1 2 2 1 0.641839 0.000000 
1 1 0 0 2 0 2 3 3 1 0.532718 0.000000 
1 1 0 0 13 3 1 2 2 1 0.588045 0.000000 
1 1 1 0 10 2 2 3 3 1 0.439475 0.000000 
1 1 0 0 8 2 0 1 1 1 0.594234 0.000000 
1 1 1 1 15 3 3 4 4 1 0.791123 0.000000 
1 1 1 0 15 3 3 4 4 1 0.380130 0.000000 
1 1 0 0 8 2 0 1 1 1 1.041560 0.000000 
1 1 1 1 15 3 3 4 3 0 0.484622 0.000000 
1 1 1 0 15 3 3 4 4 1 0.505274 0.000000 
1 1 1 0 0 0 0 1 1 1 0.625234 0.000000 
1 1 0 1 7 1 3 2 4 0 0.555746 0.000000 
