16 1 1 1 10 2 2 3 3 1 3.219841 0.000000 
16 1 1 0 15 3 3 4 4 1 1.087997 0.000000 
16 1 1 1 0 0 0 1 1 1 0.841078 0.000000 
16 1 0 0 7 1 3 4 4 1 1.244017 0.000000 
16 1 1 1 15 3 3 4 4 1 0.607063 0.000000 
16 1 1 1 0 0 0 1 1 1 0.754239 0.000000 
16 1 0 0 8 2 0 1 1 1 0.656484 0.000000 
16 1 0 0 8 2 0 1 1 1 0.490685 0.000000 
16 1 0 0 7 1 3 4 4 1 0.947514 0.000000 
16 1 1 0 5 1 1 2 2 1 0.650459 0.000000 
16 1 1 0 10 2 2 3 3 1 0.892667 0.000000 
16 1 0 1 1 0 1 1 2 0 3.333678 0.000000 
16 1 0 1 7 1 3 2 4 0 0.952477 0.000000 
16 1 1 0 0 0 0 1 1 1 0.826354 0.000000 
16 1 1 1 5 1 1 2 2 1 1.973494 0.000000 
16 1 0 1 8 2 0 3 1 0 1.523498 0.000000 
16 1 0 1 14 3 2 4 4 1 2.991519 0.000000 
16 1 1 1 10 2 2 3 3 1 1.860738 0.000000 
16 1 1 0 15 3 3 4 4 1 2.038456 0.000000 
16 1 0 1 1 0 1 1 1 1 2.401872 0.000000 
16 1 0 0 7 1 3 4 4 1 1.814733 0.000000 
16 1 1 1 5 1 1 2 2 1 2.739418 0.000000 
16 1 1 1 0 0 0 1 1 1 1.306007 0.000000 
16 1 1 0 0 0 0 1 1 1 1.498505 0.000000 
16 1 0 0 14 3 2 3 3 1 1.499695 0.000000 
16 1 0 0 1 0 1 2 2 1 0.860195 0.000000 
16 1 1 0 5 1 1 2 2 1 0.766441 0.000000 
16 1 0 0 1 0 1 2 2 1 0.708025 0.000000 
16 1 0 0 1 0 1 2 2 1 0.500175 0.000000 
16 1 0 0 14 3 2 3 3 1 1.443395 0.000000 
16 1 0 0 8 2 0 1 1 1 0.870479 0.000000 
16 1 0 0 8 2 0 1 1 1 0.584131 0.000000 
16 1 0 0 8 2 0 1 1 1 0.540973 0.000000 
16 1 1 0 0 0 0 1 1 1 0.499774 0.000000 
16 1 0 0 7 1 3 4 4 1 0.772148 0.000000 
16 1 1 0 5 1 1 2 2 1 0.777486 0.000000 
16 1 1 1 5 1 1 2 2 1 1.591108 0.000000 
16 1 1 0 5 1 1 2 2 1 0.939303 0.000000 
16 1 1 0 0 0 0 1 1 1 0.674261 0.000000 
16 1 0 0 7 1 3 4 4 1 1.259762 0.000000 
16 1 0 0 8 2 0 1 1 1 0.766160 0.000000 
16 1 0 0 7 1 3 4 4 1 0.948040 0.000000 
16 1 0 0 8 2 0 1 1 1 1.018708 0.000000 
16 1 0 0 8 2 0 1 1 1 0.646402 0.000000 
16 1 0 0 7 1 3 4 4 1 0.656262 0.000000 
16 1 1 1 0 0 0 1 1 1 1.498505 0.000000 
16 1 0 0 8 2 0 1 1 1 0.723643 0.000000 
16 1 1 0 0 0 0 1 1 1 0.595204 0.000000 
16 1 1 0 10 2 2 3 3 1 1.632088 0.000000 
16 1 0 0 8 2 0 1 1 1 0.715938 0.000000 
16 1 1 0 5 1 1 2 2 1 0.523973 0.000000 
16 1 1 1 15 3 3 4 4 1 1.842693 0.000000 
16 1 1 0 15 3 3 4 4 1 0.565880 0.000000 
16 1 0 0 1 0 1 2 2 1 1.492052 0.000000 
16 1 1 0 5 1 1 2 2 1 0.653274 0.000000 
16 1 1 0 10 2 2 3 3 1 0.807490 0.000000 
16 1 1 1 15 3 3 4 4 1 1.555721 0.000000 
16 1 0 1 8 2 0 3 3 1 2.761363 0.000000 
16 1 0 0 7 1 3 4 4 1 1.088303 0.000000 
16 1 0 0 7 1 3 4 4 1 0.593324 0.000000 
16 1 1 0 5 1 1 2 2 1 0.694116 0.000000 
16 1 0 0 14 3 2 3 3 1 2.647151 0.000000 
16 1 0 1 14 3 2 4 4 1 2.050685 0.000000 
16 1 0 1 1 0 1 1 1 1 3.604565 0.000000 
16 1 1 0 0 0 0 1 1 1 1.985839 0.000000 
16 1 0 0 7 1 3 4 4 1 0.543158 0.000000 
16 1 1 0 15 3 3 4 4 1 0.613968 0.000000 
16 1 1 1 0 0 0 1 1 1 2.218233 0.000000 
16 1 1 0 15 3 3 4 4 1 0.678282 0.000000 
16 1 1 0 10 2 2 3 3 1 1.382860 0.000000 
16 1 0 1 14 3 2 4 4 1 1.491993 0.000000 
16 1 0 0 8 2 0 1 1 1 0.877176 0.000000 
16 1 1 1 5 1 1 2 2 1 2.238845 0.000000 
16 1 0 0 14 3 2 3 3 1 2.714309 0.000000 
16 1 0 0 8 2 0 1 1 1 1.386293 0.000000 
16 1 0 0 8 2 0 1 1 1 0.599396 0.000000 
16 1 0 1 7 1 3 2 2 1 2.092122 0.000000 
16 1 1 0 10 2 2 3 3 1 1.565053 0.000000 
16 1 0 0 14 3 2 3 3 1 2.115586 0.000000 
16 1 1 0 15 3 3 4 4 1 0.780128 0.000000 
16 1 0 1 8 2 0 3 3 1 1.696255 0.000000 
16 1 0 0 8 2 0 1 1 1 0.833441 0.000000 
16 1 0 0 7 1 3 4 4 1 0.580375 0.000000 
16 1 0 0 7 1 3 4 4 1 0.513867 0.000000 
16 1 0 1 14 3 2 4 4 1 1.234069 0.000000 
16 1 0 0 14 3 2 3 3 1 1.133151 0.000000 
16 1 0 1 7 1 3 2 2 1 1.428211 0.000000 
16 1 0 0 1 0 1 2 2 1 0.783018 0.000000 
16 1 0 0 8 2 0 1 1 1 0.764166 0.000000 
16 1 1 0 10 2 2 3 3 1 0.618096 0.000000 
16 1 1 1 10 2 2 3 3 1 1.581626 0.000000 
16 1 0 0 14 3 2 3 3 1 1.499604 0.000000 
16 1 1 0 10 2 2 3 3 1 0.844092 0.000000 
16 1 0 0 14 3 2 3 3 1 1.158986 0.000000 
16 1 1 0 10 2 2 3 3 1 0.660380 0.000000 
16 1 0 0 8 2 0 1 1 1 0.702550 0.000000 
16 1 1 0 5 1 1 2 2 1 0.654722 0.000000 
16 1 1 0 15 3 3 4 4 1 2.041056 0.000000 
16 1 1 0 5 1 1 2 2 1 0.660393 0.000000 
16 1 0 0 14 3 2 3 3 1 1.670659 0.000000 
16 1 0 0 1 0 1 2 2 1 0.664507 0.000000 
16 1 1 0 15 3 3 4 4 1 0.641699 0.000000 
16 1 1 0 10 2 2 3 3 1 0.788568 0.000000 
16 1 1 0 10 2 2 3 3 1 0.625468 0.000000 
16 1 1 1 15 3 3 4 4 1 0.940999 0.000000 
16 1 1 0 5 1 1 2 2 1 0.675911 0.000000 
16 1 1 0 15 3 3 4 4 1 1.261529 0.000000 
16 1 0 0 8 2 0 1 1 1 0.647890 0.000000 
16 1 1 1 5 1 1 2 2 1 1.377779 0.000000 
16 1 0 0 1 0 1 2 2 1 1.335606 0.000000 
16 1 1 1 0 0 0 1 2 0 1.326738 0.000000 
16 1 1 0 10 2 2 3 3 1 1.458533 0.000000 
16 1 0 0 1 0 1 2 2 1 1.444586 0.000000 
16 1 0 0 14 3 2 3 3 1 1.239736 0.000000 
16 1 0 0 8 2 0 1 1 1 0.609743 0.000000 
16 1 0 0 1 0 1 2 2 1 0.629990 0.000000 
16 1 1 0 10 2 2 3 3 1 1.209523 0.000000 
16 1 0 0 1 0 1 2 2 1 0.749879 0.000000 
16 1 1 0 5 1 1 2 2 1 1.268129 0.000000 
16 1 1 0 10 2 2 3 3 1 0.573881 0.000000 
16 1 1 0 0 0 0 1 1 1 0.659362 0.000000 
16 1 1 0 0 0 0 1 1 1 0.708514 0.000000 
16 1 1 1 0 0 0 1 1 1 1.356825 0.000000 
16 1 0 1 7 1 3 2 2 1 2.259289 0.000000 
16 1 1 0 0 0 0 1 1 1 0.862076 0.000000 
16 1 1 0 5 1 1 2 2 1 0.792298 0.000000 
16 1 1 0 5 1 1 2 2 1 0.637253 0.000000 
16 1 1 0 5 1 1 2 2 1 0.544108 0.000000 
16 1 0 0 14 3 2 3 3 1 0.846938 0.000000 
16 1 1 0 0 0 0 1 1 1 0.680855 0.000000 
16 1 1 0 0 0 0 1 1 1 0.826374 0.000000 
16 1 1 1 0 0 0 1 1 1 1.077975 0.000000 
16 1 1 0 10 2 2 3 3 1 0.991630 0.000000 
16 1 0 0 14 3 2 3 3 1 1.076608 0.000000 
16 1 1 0 10 2 2 3 3 1 0.598330 0.000000 
16 1 0 1 14 3 2 4 4 1 1.402218 0.000000 
16 1 0 0 1 0 1 2 2 1 0.830658 0.000000 
16 1 0 0 8 2 0 1 1 1 0.746189 0.000000 
16 1 0 1 7 1 3 2 2 1 1.521159 0.000000 
16 1 0 0 14 3 2 3 3 1 1.313052 0.000000 
16 1 0 0 7 1 3 4 4 1 0.969461 0.000000 
16 1 0 0 1 0 1 2 2 1 0.767123 0.000000 
16 1 1 0 15 3 3 4 4 1 1.044654 0.000000 
16 1 1 0 0 0 0 1 1 1 1.910762 0.000000 
16 1 1 0 0 0 0 1 1 1 0.679363 0.000000 
16 1 0 0 14 3 2 3 3 1 2.032988 0.000000 
16 1 1 0 5 1 1 2 2 1 0.732310 0.000000 
16 1 1 0 5 1 1 2 2 1 0.667858 0.000000 
16 1 0 0 14 3 2 3 3 1 1.357442 0.000000 
16 1 0 0 7 1 3 4 4 1 0.522838 0.000000 
16 1 1 0 10 2 2 3 3 1 0.514328 0.000000 
16 1 1 1 0 0 0 1 1 1 1.202497 0.000000 
16 1 1 0 15 3 3 4 4 1 0.766853 0.000000 
16 1 1 0 15 3 3 4 4 1 0.628454 0.000000 
16 1 1 0 10 2 2 3 3 1 0.687947 0.000000 
16 1 1 1 0 0 0 1 1 1 1.176861 0.000000 
16 1 0 0 1 0 1 2 2 1 0.694537 0.000000 
16 1 0 0 14 3 2 3 3 1 1.710492 0.000000 
16 1 0 0 7 1 3 4 4 1 0.558961 0.000000 
16 1 1 0 15 3 3 4 4 1 0.805111 0.000000 
16 1 0 0 14 3 2 3 3 1 0.889452 0.000000 
16 1 1 0 0 0 0 1 1 1 0.610391 0.000000 
16 1 0 0 8 2 0 1 1 1 0.774560 0.000000 
16 1 1 0 15 3 3 4 4 1 0.571192 0.000000 
16 1 1 0 5 1 1 2 2 1 0.728603 0.000000 
16 1 1 0 0 0 0 1 1 1 0.864122 0.000000 
16 1 0 1 1 0 1 1 1 1 1.906504 0.000000 
16 1 0 0 8 2 0 1 1 1 0.835131 0.000000 
16 1 0 1 14 3 2 4 4 1 1.446088 0.000000 
16 1 1 1 15 3 3 4 4 1 1.177223 0.000000 
16 1 0 0 8 2 0 1 1 1 1.013920 0.000000 
16 1 0 0 1 0 1 2 2 1 0.642317 0.000000 
16 1 0 0 8 2 0 1 1 1 0.677122 0.000000 
16 1 0 0 14 3 2 3 3 1 0.782676 0.000000 
16 1 1 0 0 0 0 1 1 1 0.859987 0.000000 
16 1 1 0 15 3 3 4 4 1 0.621841 0.000000 
16 1 1 0 15 3 3 4 4 1 0.553309 0.000000 
16 1 1 0 5 1 1 2 2 1 0.655519 0.000000 
16 1 1 0 0 0 0 1 1 1 0.561702 0.000000 
16 1 1 1 5 1 1 2 2 1 1.342812 0.000000 
16 1 0 0 8 2 0 1 1 1 0.669991 0.000000 
16 1 1 1 0 0 0 1 1 1 1.175501 0.000000 
16 1 1 0 0 0 0 1 1 1 0.797227 0.000000 
16 1 0 0 7 1 3 4 4 1 3.186213 0.000000 
16 1 0 1 7 1 3 2 2 1 1.407999 0.000000 
16 1 0 0 7 1 3 4 4 1 0.699492 0.000000 
16 1 0 1 7 1 3 2 2 1 1.484221 0.000000 
16 1 1 1 0 0 0 1 1 1 0.932898 0.000000 
16 1 0 0 8 2 0 1 1 1 0.764088 0.000000 
16 1 0 0 14 3 2 3 3 1 0.826064 0.000000 
16 1 1 1 15 3 3 4 4 1 1.229654 0.000000 
16 1 0 1 14 3 2 4 4 1 1.481456 0.000000 
16 1 1 0 5 1 1 2 2 1 2.870458 0.000000 
16 1 1 1 15 3 3 4 4 1 2.575505 0.000000 
16 1 1 0 15 3 3 4 4 1 1.069767 0.000000 
16 1 0 0 8 2 0 1 1 1 1.831453 0.000000 
16 1 0 0 7 1 3 4 4 1 1.363390 0.000000 
16 1 0 0 7 1 3 4 4 1 1.153896 0.000000 
16 1 1 0 0 0 0 1 1 1 0.935374 0.000000 
16 1 1 0 10 2 2 3 3 1 0.903250 0.000000 
16 1 1 0 15 3 3 4 4 1 0.550510 0.000000 
16 1 0 0 8 2 0 1 1 1 1.228725 0.000000 
16 1 0 0 8 2 0 1 1 1 0.624404 0.000000 
16 1 0 0 14 3 2 3 3 1 1.339948 0.000000 
16 1 1 1 0 0 0 1 1 1 1.347045 0.000000 
16 1 1 0 5 1 1 2 2 1 0.826150 0.000000 
16 1 1 1 5 1 1 2 2 1 1.228769 0.000000 
16 1 1 0 10 2 2 3 3 1 1.056572 0.000000 
16 1 0 1 7 1 3 2 2 1 1.258927 0.000000 
16 1 1 0 15 3 3 4 4 1 0.741276 0.000000 
16 1 0 0 8 2 0 1 1 1 1.604228 0.000000 
16 1 1 1 5 1 1 2 2 1 0.904744 0.000000 
16 1 0 0 8 2 0 1 1 1 0.761032 0.000000 
16 1 1 0 0 0 0 1 1 1 0.606259 0.000000 
16 1 1 0 5 1 1 2 2 1 0.682494 0.000000 
16 1 1 0 10 2 2 3 3 1 0.859891 0.000000 
16 1 1 0 5 1 1 2 2 1 0.798242 0.000000 
16 1 0 0 14 3 2 3 3 1 1.147240 0.000000 
16 1 1 1 0 0 0 1 1 1 1.114242 0.000000 
16 1 1 1 10 2 2 3 3 1 1.154622 0.000000 
16 1 1 0 5 1 1 2 2 1 1.977064 0.000000 
16 1 0 0 8 2 0 1 1 1 2.174082 0.000000 
16 1 0 0 1 0 1 2 2 1 1.076191 0.000000 
16 1 1 0 10 2 2 3 3 1 1.189889 0.000000 
16 1 0 1 7 1 3 2 2 1 1.634922 0.000000 
16 1 0 0 7 1 3 4 4 1 1.214195 0.000000 
16 1 0 0 14 3 2 3 3 1 0.897558 0.000000 
16 1 1 0 0 0 0 1 1 1 0.706535 0.000000 
16 1 0 1 1 0 1 1 1 1 1.210754 0.000000 
16 1 0 1 14 3 2 4 4 1 1.751183 0.000000 
16 1 1 1 0 0 0 1 1 1 3.069908 0.000000 
16 1 0 1 1 0 1 1 1 1 0.991352 0.000000 
16 1 0 0 8 2 0 1 1 1 1.508304 0.000000 
16 1 0 0 7 1 3 4 4 1 0.948811 0.000000 
16 1 0 1 8 2 0 3 3 1 2.163837 0.000000 
16 1 1 1 15 3 3 4 4 1 0.938464 0.000000 
16 1 1 0 10 2 2 3 3 1 1.785556 0.000000 
16 1 0 0 8 2 0 1 1 1 0.694839 0.000000 
16 1 1 0 10 2 2 3 3 1 0.903681 0.000000 
16 1 1 0 0 0 0 1 1 1 0.742938 0.000000 
16 1 1 0 15 3 3 4 4 1 0.701878 0.000000 
16 1 0 0 1 0 1 2 2 1 1.062052 0.000000 
16 1 0 1 8 2 0 3 3 1 1.120387 0.000000 
16 1 0 0 14 3 2 3 3 1 1.192116 0.000000 
16 1 0 0 8 2 0 1 1 1 1.405250 0.000000 
16 1 0 0 1 0 1 2 2 1 0.712662 0.000000 
16 1 0 0 14 3 2 3 3 1 0.824928 0.000000 
16 1 1 0 10 2 2 3 3 1 0.652471 0.000000 
16 1 1 0 15 3 3 4 4 1 0.766719 0.000000 
16 1 0 0 8 2 0 1 1 1 0.868209 0.000000 
16 1 0 1 8 2 0 3 3 1 1.037848 0.000000 
16 1 1 1 15 3 3 4 4 1 1.112882 0.000000 
16 1 0 0 7 1 3 4 4 1 1.489295 0.000000 
16 1 1 0 0 0 0 1 1 1 2.385529 0.000000 
16 1 1 0 15 3 3 4 4 1 2.423018 0.000000 
16 1 0 0 7 1 3 4 4 1 1.019222 0.000000 
16 1 0 1 14 3 2 4 4 1 1.342896 0.000000 
16 1 0 1 8 2 0 3 3 1 1.966050 0.000000 
16 1 1 0 0 0 0 1 1 1 0.715030 0.000000 
16 1 1 0 15 3 3 4 4 1 1.291309 0.000000 
16 1 0 0 1 0 1 2 2 1 0.996400 0.000000 
16 1 0 0 7 1 3 4 4 1 0.641364 0.000000 
16 1 0 0 14 3 2 3 3 1 1.188244 0.000000 
16 1 1 0 5 1 1 2 2 1 0.713258 0.000000 
16 1 0 0 1 0 1 2 2 1 0.649445 0.000000 
16 1 1 0 10 2 2 3 3 1 1.107121 0.000000 
16 1 1 0 0 0 0 1 1 1 0.642981 0.000000 
16 1 0 0 1 0 1 2 2 1 0.773915 0.000000 
16 1 1 0 15 3 3 4 4 1 1.923549 0.000000 
16 1 1 0 5 1 1 2 2 1 1.147534 0.000000 
16 1 0 0 1 0 1 2 2 1 0.522570 0.000000 
16 1 1 0 0 0 0 1 1 1 0.818032 0.000000 
16 1 0 0 8 2 0 1 1 1 0.916562 0.000000 
16 1 1 0 0 0 0 1 1 1 0.644172 0.000000 
16 1 1 1 0 0 0 1 1 1 1.015098 0.000000 
16 1 1 0 5 1 1 2 2 1 0.851450 0.000000 
16 1 0 0 7 1 3 4 4 1 0.981714 0.000000 
16 1 1 0 5 1 1 2 2 1 1.315317 0.000000 
16 1 1 1 5 1 1 2 2 1 2.923897 0.000000 
16 1 1 1 10 2 2 3 3 1 2.763255 0.000000 
16 1 1 0 5 1 1 2 2 1 1.250277 0.000000 
16 1 1 0 10 2 2 3 3 1 1.028631 0.000000 
16 1 0 0 14 3 2 3 3 1 0.672253 0.000000 
16 1 0 0 14 3 2 3 3 1 0.569865 0.000000 
16 1 1 1 10 2 2 3 3 1 1.006387 0.000000 
16 1 1 0 15 3 3 4 4 1 0.722636 0.000000 
16 1 0 0 14 3 2 3 3 1 1.074221 0.000000 
16 1 1 1 0 0 0 1 1 1 0.931932 0.000000 
16 1 0 0 1 0 1 2 2 1 0.755581 0.000000 
16 1 1 0 0 0 0 1 1 1 2.233888 0.000000 
16 1 0 0 7 1 3 4 4 1 1.085300 0.000000 
16 1 1 1 15 3 3 4 4 1 1.494378 0.000000 
16 1 0 0 8 2 0 1 1 1 1.630540 0.000000 
16 1 1 0 10 2 2 3 3 1 1.146416 0.000000 
16 1 1 1 15 3 3 4 4 1 0.873384 0.000000 
16 1 0 0 7 1 3 4 4 1 1.259048 0.000000 
16 1 0 0 14 3 2 3 3 1 2.029579 0.000000 
16 1 0 0 8 2 0 1 1 1 1.016540 0.000000 
16 1 1 0 5 1 1 2 2 1 0.940248 0.000000 
16 1 0 0 1 0 1 2 2 1 0.707210 0.000000 
16 1 0 0 8 2 0 1 1 1 0.779409 0.000000 
16 1 1 1 0 0 0 1 1 1 1.897041 0.000000 
16 1 0 0 14 3 2 3 3 1 1.234363 0.000000 
16 1 0 0 8 2 0 1 1 1 0.732465 0.000000 
16 1 1 0 0 0 0 1 1 1 0.604905 0.000000 
16 1 1 0 5 1 1 2 2 1 0.688141 0.000000 
16 1 1 1 5 1 1 2 2 1 1.256972 0.000000 
16 1 0 0 1 0 1 2 2 1 0.723418 0.000000 
16 1 1 0 0 0 0 1 1 1 0.618927 0.000000 
16 1 0 0 1 0 1 2 2 1 0.782517 0.000000 
16 1 1 0 5 1 1 2 2 1 0.643895 0.000000 
16 1 1 1 5 1 1 2 2 1 0.902007 0.000000 
16 1 0 1 7 1 3 2 2 1 1.070180 0.000000 
16 1 1 1 15 3 3 4 4 1 0.935910 0.000000 
16 1 0 1 14 3 2 4 4 1 1.310902 0.000000 
16 1 0 0 1 0 1 2 2 1 0.823341 0.000000 
16 1 0 0 14 3 2 3 3 1 1.850956 0.000000 
16 1 0 1 8 2 0 3 3 1 2.269636 0.000000 
16 1 0 1 14 3 2 4 4 1 1.422708 0.000000 
16 1 1 0 0 0 0 1 1 1 0.746516 0.000000 
16 1 0 0 8 2 0 1 1 1 1.593512 0.000000 
16 1 1 0 0 0 0 1 1 1 0.638689 0.000000 
16 1 1 0 10 2 2 3 3 1 1.641587 0.000000 
16 1 1 0 15 3 3 4 4 1 0.668727 0.000000 
16 1 0 0 8 2 0 1 1 1 0.734303 0.000000 
16 1 0 0 8 2 0 1 1 1 0.652179 0.000000 
16 1 0 0 1 0 1 2 2 1 0.638361 0.000000 
16 1 0 1 14 3 2 4 3 0 4.433449 0.000000 
16 1 0 1 8 2 0 3 3 1 1.121616 0.000000 
16 1 1 1 0 0 0 1 1 1 2.464946 0.000000 
16 1 1 1 0 0 0 1 1 1 1.002714 0.000000 
16 1 0 0 8 2 0 1 1 1 1.143042 0.000000 
16 1 0 0 1 0 1 2 2 1 0.694143 0.000000 
16 1 0 0 7 1 3 4 4 1 0.655000 0.000000 
16 1 1 0 5 1 1 2 2 1 0.625203 0.000000 
16 1 0 0 1 0 1 2 2 1 0.700724 0.000000 
16 1 1 0 15 3 3 4 4 1 1.965000 0.000000 
16 1 1 0 10 2 2 3 3 1 0.946576 0.000000 
16 1 1 1 0 0 0 1 1 1 3.457747 0.000000 
16 1 0 1 14 3 2 4 4 1 0.948859 0.000000 
16 1 0 0 7 1 3 4 4 1 1.523894 0.000000 
16 1 0 0 14 3 2 3 3 1 0.947699 0.000000 
16 1 1 0 10 2 2 3 3 1 0.634649 0.000000 
16 1 1 0 0 0 0 1 1 1 0.668517 0.000000 
16 1 1 0 15 3 3 4 4 1 0.710123 0.000000 
16 1 1 0 15 3 3 4 4 1 1.198315 0.000000 
16 1 1 0 0 0 0 1 1 1 0.811329 0.000000 
16 1 1 0 15 3 3 4 4 1 0.695607 0.000000 
16 1 0 0 8 2 0 1 1 1 1.080465 0.000000 
16 1 0 1 7 1 3 2 2 1 1.378192 0.000000 
16 1 1 0 5 1 1 2 2 1 0.782942 0.000000 
16 1 1 0 5 1 1 2 2 1 0.708069 0.000000 
16 1 0 0 14 3 2 3 3 1 1.380088 0.000000 
16 1 0 0 1 0 1 2 2 1 0.793918 0.000000 
16 1 0 0 1 0 1 2 2 1 0.710832 0.000000 
16 1 1 0 5 1 1 2 2 1 0.558986 0.000000 
16 1 0 0 14 3 2 3 3 1 1.181231 0.000000 
16 1 1 0 10 2 2 3 3 1 0.674906 0.000000 
16 1 0 0 8 2 0 1 1 1 0.587416 0.000000 
16 1 0 0 14 3 2 3 3 1 0.784241 0.000000 
16 1 0 1 7 1 3 2 2 1 0.933204 0.000000 
16 1 1 1 5 1 1 2 2 1 1.132161 0.000000 
16 1 0 0 7 1 3 4 4 1 0.915878 0.000000 
16 1 0 1 7 1 3 2 2 1 0.979969 0.000000 
16 1 1 0 5 1 1 2 2 1 0.833142 0.000000 
16 1 0 1 14 3 2 4 4 1 2.195131 0.000000 
16 1 1 1 0 0 0 1 1 1 1.208555 0.000000 
16 1 1 0 5 1 1 2 2 1 2.765076 0.000000 
16 1 0 0 7 1 3 4 4 1 2.227962 0.000000 
16 1 1 0 10 2 2 3 3 1 1.168131 0.000000 
16 1 1 1 5 1 1 2 2 1 1.700901 0.000000 
16 1 1 0 15 3 3 4 4 1 0.773445 0.000000 
16 1 0 0 1 0 1 2 2 1 0.811046 0.000000 
16 1 1 0 0 0 0 1 1 1 0.671276 0.000000 
16 1 0 0 14 3 2 3 3 1 0.928814 0.000000 
16 1 1 0 5 1 1 2 2 1 1.016452 0.000000 
16 1 0 0 8 2 0 1 1 1 0.619192 0.000000 
16 1 0 0 7 1 3 4 4 1 0.694633 0.000000 
16 1 1 0 15 3 3 4 4 1 0.599436 0.000000 
16 1 0 0 1 0 1 2 2 1 0.772137 0.000000 
16 1 0 0 14 3 2 3 3 1 1.089258 0.000000 
16 1 1 0 10 2 2 3 3 1 0.578258 0.000000 
16 1 1 0 10 2 2 3 3 1 0.527748 0.000000 
16 1 0 1 14 3 2 4 4 1 0.911229 0.000000 
