5 1 1 0 0 0 0 1 1 1 3.155282 0.000000 
5 1 1 0 10 2 2 3 3 1 0.978145 0.000000 
5 1 1 0 5 1 1 2 2 1 1.671883 0.000000 
5 1 1 0 10 2 2 3 3 1 1.033780 0.000000 
5 1 1 0 10 2 2 3 3 1 0.564805 0.000000 
5 1 1 0 10 2 2 3 3 1 0.514973 0.000000 
5 1 0 0 14 3 2 3 3 1 0.930137 0.000000 
5 1 1 1 10 2 2 3 3 1 2.489790 0.000000 
5 1 0 1 4 1 0 2 2 1 3.067492 0.000000 
5 1 0 1 3 0 3 1 4 0 4.373066 0.000000 
5 1 1 0 10 2 2 3 3 1 1.320021 0.000000 
5 1 1 0 10 2 2 3 3 1 0.679314 0.000000 
5 1 0 0 9 2 1 2 2 1 1.840910 0.000000 
5 1 1 1 5 1 1 2 2 1 1.876282 0.000000 
5 1 1 0 5 1 1 2 3 0 1.334240 0.000000 
5 1 1 0 0 0 0 1 1 1 0.897446 0.000000 
5 1 0 0 3 0 3 4 4 1 3.177079 0.000000 
5 1 0 0 14 3 2 3 3 1 2.639523 0.000000 
5 1 0 1 4 1 0 2 2 1 4.539338 0.000000 
5 1 1 0 0 0 0 1 1 1 0.931635 0.000000 
5 1 1 0 5 1 1 2 2 1 0.994276 0.000000 
5 1 1 0 15 3 3 4 4 1 0.855296 0.000000 
5 1 1 1 15 3 3 4 4 1 0.665558 0.000000 
5 1 0 1 4 1 0 2 2 1 1.867835 0.000000 
5 1 0 1 4 1 0 2 1 0 1.781882 0.000000 
5 1 1 0 10 2 2 3 3 1 0.991864 0.000000 
5 1 0 0 3 0 3 4 4 1 1.075339 0.000000 
5 1 1 0 15 3 3 4 4 1 0.613093 0.000000 
5 1 1 0 0 0 0 1 1 1 0.857310 0.000000 
5 1 1 0 0 0 0 1 1 1 0.739522 0.000000 
5 1 1 1 15 3 3 4 4 1 1.234459 0.000000 
5 1 1 1 0 0 0 1 1 1 1.717563 0.000000 
5 1 0 0 14 3 2 3 3 1 0.989582 0.000000 
5 1 0 0 14 3 2 3 3 1 0.689574 0.000000 
5 1 1 0 0 0 0 1 1 1 1.258518 0.000000 
5 1 0 0 4 1 0 1 1 1 3.189057 0.000000 
5 1 0 0 9 2 1 2 2 1 0.946842 0.000000 
5 1 0 0 9 2 1 2 2 1 0.473799 0.000000 
5 1 0 0 4 1 0 1 1 1 0.874345 0.000000 
5 1 0 1 14 3 2 4 3 0 1.739912 0.000000 
5 1 0 1 4 1 0 2 1 0 1.711318 0.000000 
5 1 1 1 10 2 2 3 3 1 1.515485 0.000000 
5 1 0 0 3 0 3 4 4 1 1.187532 0.000000 
5 1 0 0 9 2 1 2 2 1 1.760663 0.000000 
5 1 0 0 14 3 2 3 3 1 0.894226 0.000000 
5 1 1 0 5 1 1 2 2 1 0.895250 0.000000 
5 1 0 0 4 1 0 1 1 1 0.656207 0.000000 
5 1 0 1 14 3 2 4 4 1 1.778459 0.000000 
5 1 0 0 14 3 2 3 3 1 1.040436 0.000000 
5 1 0 0 9 2 1 2 2 1 1.195481 0.000000 
5 1 1 0 10 2 2 3 3 1 1.120562 0.000000 
5 1 0 0 4 1 0 1 1 1 0.976283 0.000000 
5 1 1 0 15 3 3 4 4 1 0.628946 0.000000 
5 1 0 0 9 2 1 2 2 1 0.784482 0.000000 
5 1 0 1 4 1 0 2 2 1 1.357382 0.000000 
5 1 0 1 9 2 1 3 3 1 1.963964 0.000000 
5 1 1 1 10 2 2 3 3 1 1.738662 0.000000 
5 1 0 0 14 3 2 3 3 1 1.720936 0.000000 
5 1 0 1 4 1 0 2 2 1 1.344896 0.000000 
5 1 1 0 5 1 1 2 2 1 0.680073 0.000000 
5 1 0 0 9 2 1 2 2 1 0.721654 0.000000 
5 1 0 0 9 2 1 2 2 1 0.505131 0.000000 
5 1 1 0 10 2 2 3 3 1 0.801369 0.000000 
5 1 0 0 4 1 0 1 1 1 0.581622 0.000000 
5 1 0 0 4 1 0 1 1 1 0.443076 0.000000 
5 1 1 0 0 0 0 1 1 1 0.660879 0.000000 
5 1 1 0 15 3 3 4 4 1 0.615139 0.000000 
5 1 0 0 3 0 3 4 4 1 0.371278 0.000000 
5 1 1 0 0 0 0 1 1 1 0.656703 0.000000 
5 1 0 0 9 2 1 2 2 1 0.802986 0.000000 
5 1 0 0 4 1 0 1 1 1 0.567237 0.000000 
5 1 1 0 15 3 3 4 4 1 0.548749 0.000000 
5 1 1 0 0 0 0 1 1 1 0.619539 0.000000 
5 1 0 0 14 3 2 3 3 1 1.758138 0.000000 
5 1 0 0 9 2 1 2 2 1 0.740713 0.000000 
5 1 1 0 15 3 3 4 4 1 0.507666 0.000000 
5 1 0 0 3 0 3 4 4 1 0.891838 0.000000 
5 1 0 0 4 1 0 1 1 1 0.636793 0.000000 
5 1 1 0 10 2 2 3 3 1 0.575595 0.000000 
5 1 0 0 3 0 3 4 4 1 1.077205 0.000000 
5 1 1 1 10 2 2 3 3 1 1.694910 0.000000 
5 1 0 0 14 3 2 3 3 1 1.311214 0.000000 
5 1 0 0 14 3 2 3 3 1 0.463582 0.000000 
5 1 1 0 0 0 0 1 1 1 0.857799 0.000000 
5 1 0 0 14 3 2 3 3 1 2.884176 0.000000 
5 1 1 0 15 3 3 4 4 1 0.485839 0.000000 
5 1 1 1 10 2 2 3 3 1 1.118658 0.000000 
5 1 0 1 14 3 2 4 4 1 1.517420 0.000000 
5 1 1 1 10 2 2 3 3 1 1.253311 0.000000 
5 1 0 0 3 0 3 4 4 1 0.887757 0.000000 
5 1 0 0 4 1 0 1 1 1 0.808727 0.000000 
5 1 0 0 4 1 0 1 1 1 0.628998 0.000000 
5 1 0 1 9 2 1 3 3 1 1.056468 0.000000 
5 1 0 1 4 1 0 2 2 1 2.154952 0.000000 
5 1 1 0 5 1 1 2 2 1 1.040728 0.000000 
5 1 0 0 3 0 3 4 4 1 0.867742 0.000000 
5 1 0 0 14 3 2 3 3 1 2.405460 0.000000 
5 1 0 0 9 2 1 2 2 1 0.706224 0.000000 
5 1 1 0 10 2 2 3 3 1 0.778553 0.000000 
5 1 1 0 15 3 3 4 4 1 0.544090 0.000000 
5 1 1 0 10 2 2 3 3 1 0.694949 0.000000 
5 1 1 0 0 0 0 1 1 1 1.070857 0.000000 
5 1 1 1 15 3 3 4 4 1 0.976559 0.000000 
5 1 0 0 14 3 2 3 3 1 0.806252 0.000000 
5 1 0 0 3 0 3 4 4 1 0.682485 0.000000 
5 1 1 0 10 2 2 3 3 1 0.699966 0.000000 
5 1 0 0 4 1 0 1 1 1 0.668283 0.000000 
5 1 1 0 15 3 3 4 4 1 0.509840 0.000000 
5 1 0 0 14 3 2 3 3 1 0.724960 0.000000 
5 1 0 1 9 2 1 3 3 1 1.124564 0.000000 
5 1 1 0 0 0 0 1 1 1 0.764292 0.000000 
5 1 0 0 3 0 3 4 4 1 0.730543 0.000000 
5 1 0 0 4 1 0 1 1 1 1.818168 0.000000 
5 1 0 0 4 1 0 1 1 1 0.630114 0.000000 
5 1 0 0 14 3 2 3 3 1 0.905609 0.000000 
5 1 1 1 5 1 1 2 2 1 1.488984 0.000000 
5 1 1 0 10 2 2 3 3 1 0.722165 0.000000 
5 1 0 0 4 1 0 1 1 1 0.553721 0.000000 
5 1 0 0 9 2 1 2 2 1 0.807843 0.000000 
5 1 1 1 0 0 0 1 1 1 1.748240 0.000000 
5 1 1 1 15 3 3 4 4 1 1.091485 0.000000 
5 1 1 0 5 1 1 2 2 1 0.684564 0.000000 
5 1 1 1 15 3 3 4 4 1 0.917394 0.000000 
5 1 0 0 3 0 3 4 4 1 0.636119 0.000000 
5 1 0 0 4 1 0 1 1 1 0.670906 0.000000 
5 1 0 0 14 3 2 3 3 1 0.608466 0.000000 
5 1 1 0 0 0 0 1 1 1 0.572702 0.000000 
5 1 1 1 0 0 0 1 1 1 1.058242 0.000000 
5 1 0 0 3 0 3 4 4 1 0.620593 0.000000 
5 1 1 0 0 0 0 1 1 1 0.576112 0.000000 
5 1 1 0 15 3 3 4 4 1 0.525624 0.000000 
5 1 0 0 4 1 0 1 1 1 0.628126 0.000000 
5 1 0 1 14 3 2 4 4 1 1.439629 0.000000 
5 1 0 0 4 1 0 1 1 1 0.594823 0.000000 
5 1 1 1 15 3 3 4 4 1 0.511680 0.000000 
5 1 0 0 4 1 0 1 1 1 0.703820 0.000000 
5 1 1 0 15 3 3 4 4 1 0.544063 0.000000 
5 1 1 1 5 1 1 2 2 1 0.854909 0.000000 
5 1 0 1 3 0 3 1 4 0 1.392218 0.000000 
5 1 1 1 10 2 2 3 3 1 1.249162 0.000000 
5 1 1 1 5 1 1 2 2 1 1.227956 0.000000 
5 1 1 0 5 1 1 2 2 1 0.775793 0.000000 
5 1 0 0 3 0 3 4 4 1 0.717390 0.000000 
5 1 0 0 14 3 2 3 3 1 0.852962 0.000000 
5 1 0 0 3 0 3 4 4 1 0.743269 0.000000 
5 1 1 1 10 2 2 3 3 1 1.261182 0.000000 
5 1 0 1 9 2 1 3 3 1 1.255610 0.000000 
5 1 1 0 0 0 0 1 1 1 0.746026 0.000000 
5 1 1 0 15 3 3 4 4 1 0.496984 0.000000 
5 1 0 1 14 3 2 4 4 1 0.841789 0.000000 
5 1 1 0 0 0 0 1 1 1 0.572676 0.000000 
5 1 1 0 10 2 2 3 3 1 0.754254 0.000000 
5 1 1 0 5 1 1 2 2 1 0.568506 0.000000 
5 1 1 1 15 3 3 4 4 1 0.685011 0.000000 
5 1 1 0 0 0 0 1 1 1 0.565868 0.000000 
5 1 1 0 0 0 0 1 1 1 0.723991 0.000000 
5 1 1 1 10 2 2 3 3 1 1.235652 0.000000 
5 1 1 0 10 2 2 3 3 1 0.582774 0.000000 
5 1 0 0 3 0 3 4 4 1 0.916105 0.000000 
5 1 1 0 10 2 2 3 3 1 1.163872 0.000000 
5 1 1 0 5 1 1 2 2 1 0.737337 0.000000 
5 1 0 1 9 2 1 3 3 1 1.264251 0.000000 
5 1 0 0 3 0 3 4 4 1 0.762661 0.000000 
5 1 0 0 4 1 0 1 1 1 0.608859 0.000000 
5 1 1 1 0 0 0 1 1 1 1.333174 0.000000 
5 1 0 0 3 0 3 4 4 1 0.572234 0.000000 
5 1 0 1 9 2 1 3 3 1 1.057817 0.000000 
5 1 1 0 15 3 3 4 4 1 0.596165 0.000000 
5 1 1 0 0 0 0 1 1 1 0.736035 0.000000 
5 1 0 0 14 3 2 3 3 1 0.662948 0.000000 
5 1 0 0 14 3 2 3 3 1 0.529142 0.000000 
5 1 0 0 4 1 0 1 1 1 1.048662 0.000000 
5 1 1 0 5 1 1 2 2 1 0.867673 0.000000 
5 1 0 0 4 1 0 1 1 1 1.029328 0.000000 
5 1 1 0 10 2 2 3 3 1 1.177029 0.000000 
5 1 1 0 0 0 0 1 1 1 0.573756 0.000000 
5 1 1 0 15 3 3 4 4 1 0.507225 0.000000 
5 1 0 0 3 0 3 4 4 1 0.595390 0.000000 
5 1 0 1 14 3 2 4 4 1 0.912258 0.000000 
5 1 1 0 0 0 0 1 1 1 0.568520 0.000000 
5 1 1 0 0 0 0 1 1 1 0.494026 0.000000 
5 1 1 0 10 2 2 3 3 1 0.598894 0.000000 
5 1 0 0 4 1 0 1 1 1 1.155776 0.000000 
5 1 1 1 5 1 1 2 2 1 0.881148 0.000000 
5 1 0 0 14 3 2 3 3 1 1.306830 0.000000 
5 1 1 0 5 1 1 2 1 0 0.595244 0.000000 
5 1 1 0 5 1 1 2 2 1 0.644136 0.000000 
5 1 1 0 10 2 2 3 3 1 0.630449 0.000000 
5 1 1 0 0 0 0 1 1 1 0.554043 0.000000 
5 1 0 0 14 3 2 3 3 1 1.024246 0.000000 
5 1 1 1 10 2 2 3 3 1 1.050905 0.000000 
5 1 0 0 3 0 3 4 4 1 0.637226 0.000000 
5 1 0 1 9 2 1 3 3 1 2.446361 0.000000 
5 1 0 0 14 3 2 3 4 0 0.992643 0.000000 
5 1 0 1 4 1 0 2 2 1 2.321498 0.000000 
5 1 0 0 4 1 0 1 1 1 0.825411 0.000000 
5 1 0 1 9 2 1 3 3 1 1.053003 0.000000 
5 1 1 0 10 2 2 3 3 1 1.055410 0.000000 
5 1 1 1 0 0 0 1 1 1 0.921775 0.000000 
5 1 1 0 0 0 0 1 1 1 0.576373 0.000000 
5 1 0 1 3 0 3 1 1 1 0.981938 0.000000 
5 1 1 0 10 2 2 3 3 1 0.875611 0.000000 
5 1 0 1 9 2 1 3 3 1 0.773191 0.000000 
5 1 1 0 10 2 2 3 3 1 0.610818 0.000000 
5 1 1 1 0 0 0 1 1 1 0.646971 0.000000 
5 1 0 1 14 3 2 4 4 1 1.033899 0.000000 
5 1 1 0 5 1 1 2 2 1 0.675964 0.000000 
5 1 1 0 15 3 3 4 4 1 0.509455 0.000000 
5 1 0 0 3 0 3 4 4 1 0.725645 0.000000 
5 1 0 1 9 2 1 3 3 1 2.013175 0.000000 
5 1 0 0 3 0 3 4 4 1 0.801935 0.000000 
5 1 1 0 15 3 3 4 4 1 0.422226 0.000000 
5 1 0 0 3 0 3 4 4 1 0.393661 0.000000 
5 1 1 0 10 2 2 3 3 1 0.614417 0.000000 
5 1 0 0 3 0 3 4 4 1 0.673618 0.000000 
5 1 0 1 4 1 0 2 2 1 1.195204 0.000000 
5 1 1 0 0 0 0 1 1 1 0.672278 0.000000 
5 1 1 1 0 0 0 1 1 1 0.705815 0.000000 
5 1 1 0 0 0 0 1 1 1 0.465985 0.000000 
5 1 1 0 10 2 2 3 3 1 0.684005 0.000000 
5 1 1 0 0 0 0 1 1 1 0.556347 0.000000 
5 1 0 0 14 3 2 3 3 1 1.034602 0.000000 
5 1 1 1 10 2 2 3 3 1 0.676597 0.000000 
5 1 1 1 15 3 3 4 4 1 0.582156 0.000000 
5 1 0 0 4 1 0 1 1 1 0.699680 0.000000 
5 1 0 0 4 1 0 1 1 1 0.412134 0.000000 
5 1 0 0 14 3 2 3 3 1 1.136042 0.000000 
5 1 1 1 5 1 1 2 2 1 1.255030 0.000000 
5 1 1 1 15 3 3 4 4 1 0.897540 0.000000 
5 1 1 0 10 2 2 3 3 1 0.762528 0.000000 
5 1 0 0 9 2 1 2 2 1 0.823782 0.000000 
5 1 1 1 5 1 1 2 2 1 0.675364 0.000000 
5 1 0 0 3 0 3 4 4 1 0.716928 0.000000 
5 1 1 0 15 3 3 4 4 1 0.476514 0.000000 
5 1 1 0 5 1 1 2 2 1 1.213972 0.000000 
5 1 0 1 3 0 3 1 1 1 0.874363 0.000000 
5 1 1 0 5 1 1 2 2 1 0.611980 0.000000 
5 1 1 1 15 3 3 4 4 1 0.655179 0.000000 
5 1 0 1 4 1 0 2 2 1 1.241444 0.000000 
5 1 1 1 0 0 0 1 1 1 0.756540 0.000000 
5 1 1 0 10 2 2 3 3 1 0.666794 0.000000 
5 1 0 0 9 2 1 2 2 1 0.820353 0.000000 
5 1 1 0 5 1 1 2 2 1 0.671974 0.000000 
5 1 0 0 4 1 0 1 1 1 0.641516 0.000000 
5 1 1 0 10 2 2 3 3 1 0.851478 0.000000 
5 1 1 1 10 2 2 3 3 1 0.957663 0.000000 
5 1 1 1 10 2 2 3 3 1 1.043988 0.000000 
5 1 0 0 3 0 3 4 4 1 0.750961 0.000000 
5 1 1 0 10 2 2 3 3 1 0.709283 0.000000 
5 1 0 1 14 3 2 4 4 1 1.077508 0.000000 
5 1 0 0 3 0 3 4 4 1 0.807239 0.000000 
5 1 0 0 14 3 2 3 3 1 0.867513 0.000000 
5 1 1 0 5 1 1 2 2 1 0.604116 0.000000 
5 1 1 0 10 2 2 3 3 1 1.208366 0.000000 
5 1 0 0 4 1 0 1 1 1 1.052795 0.000000 
5 1 1 0 5 1 1 2 2 1 0.591035 0.000000 
5 1 0 0 9 2 1 2 2 1 0.707979 0.000000 
5 1 1 0 5 1 1 2 2 1 0.724219 0.000000 
5 1 0 0 4 1 0 1 1 1 0.771806 0.000000 
5 1 1 0 0 0 0 1 1 1 0.921397 0.000000 
5 1 1 0 5 1 1 2 1 0 1.200020 0.000000 
5 1 1 0 15 3 3 4 4 1 0.528475 0.000000 
5 1 1 0 10 2 2 3 3 1 0.631484 0.000000 
5 1 0 0 14 3 2 3 4 0 0.883015 0.000000 
5 1 1 0 15 3 3 4 4 1 0.512219 0.000000 
5 1 0 0 3 0 3 4 4 1 0.688349 0.000000 
5 1 1 0 0 0 0 1 1 1 0.657243 0.000000 
5 1 0 0 4 1 0 1 1 1 1.146439 0.000000 
5 1 0 0 14 3 2 3 3 1 2.745557 0.000000 
5 1 1 1 0 0 0 1 1 1 1.057250 0.000000 
5 1 1 0 10 2 2 3 3 1 0.547584 0.000000 
5 1 0 1 14 3 2 4 4 1 0.722420 0.000000 
5 1 1 0 10 2 2 3 3 1 0.602015 0.000000 
5 1 0 0 14 3 2 3 3 1 0.765255 0.000000 
5 1 0 0 4 1 0 1 1 1 0.827481 0.000000 
5 1 1 0 0 0 0 1 1 1 0.535021 0.000000 
5 1 0 0 3 0 3 4 4 1 0.829868 0.000000 
5 1 0 0 4 1 0 1 1 1 1.281553 0.000000 
5 1 1 0 10 2 2 3 3 1 1.091332 0.000000 
5 1 0 0 3 0 3 4 4 1 0.644359 0.000000 
5 1 1 0 5 1 1 2 1 0 0.711230 0.000000 
5 1 0 0 4 1 0 1 1 1 0.610444 0.000000 
5 1 1 0 15 3 3 4 4 1 0.558209 0.000000 
5 1 1 0 15 3 3 4 4 1 0.460305 0.000000 
5 1 0 1 14 3 2 4 4 1 0.886495 0.000000 
5 1 1 0 15 3 3 4 4 1 0.487454 0.000000 
5 1 0 0 4 1 0 1 1 1 1.016286 0.000000 
5 1 0 1 4 1 0 2 2 1 1.404000 0.000000 
5 1 0 0 3 0 3 4 4 1 0.672463 0.000000 
5 1 1 1 5 1 1 2 2 1 1.657036 0.000000 
5 1 1 0 15 3 3 4 4 1 0.587627 0.000000 
5 1 1 0 0 0 0 1 1 1 0.680511 0.000000 
5 1 1 0 0 0 0 1 1 1 0.433988 0.000000 
5 1 1 0 15 3 3 4 4 1 0.516826 0.000000 
5 1 1 0 10 2 2 3 3 1 1.412368 0.000000 
5 1 1 1 15 3 3 4 4 1 0.935849 0.000000 
5 1 1 0 10 2 2 3 3 1 0.686800 0.000000 
5 1 0 0 14 3 2 3 3 1 0.703735 0.000000 
5 1 1 0 10 2 2 3 3 1 0.463944 0.000000 
5 1 1 1 15 3 3 4 4 1 0.506075 0.000000 
5 1 0 0 14 3 2 3 3 1 0.858255 0.000000 
5 1 0 0 4 1 0 1 2 0 0.900551 0.000000 
5 1 1 0 10 2 2 3 3 1 0.832864 0.000000 
5 1 1 0 5 1 1 2 2 1 0.882962 0.000000 
5 1 0 0 3 0 3 4 4 1 1.283999 0.000000 
5 1 1 0 10 2 2 3 3 1 0.709036 0.000000 
5 1 1 0 0 0 0 1 1 1 0.693338 0.000000 
5 1 1 0 15 3 3 4 4 1 0.550213 0.000000 
5 1 1 0 15 3 3 4 4 1 0.412376 0.000000 
5 1 0 0 4 1 0 1 1 1 0.592457 0.000000 
5 1 1 0 15 3 3 4 4 1 0.693350 0.000000 
5 1 1 0 10 2 2 3 3 1 0.861275 0.000000 
5 1 0 1 14 3 2 4 4 1 1.007544 0.000000 
5 1 1 0 15 3 3 4 4 1 0.555858 0.000000 
5 1 0 0 3 0 3 4 4 1 0.385996 0.000000 
5 1 1 0 10 2 2 3 3 1 0.638825 0.000000 
5 1 1 1 10 2 2 3 3 1 1.001685 0.000000 
5 1 0 0 14 3 2 3 3 1 1.758044 0.000000 
5 1 0 0 9 2 1 2 2 1 0.740720 0.000000 
5 1 1 0 0 0 0 1 1 1 0.530596 0.000000 
5 1 1 0 15 3 3 4 4 1 0.834093 0.000000 
5 1 1 1 5 1 1 2 2 1 1.485078 0.000000 
5 1 0 0 3 0 3 4 4 1 1.518313 0.000000 
5 1 1 1 10 2 2 3 3 1 1.662210 0.000000 
5 1 0 0 4 1 0 1 1 1 0.976763 0.000000 
5 1 1 0 10 2 2 3 3 1 0.838479 0.000000 
5 1 0 0 14 3 2 3 3 1 1.072432 0.000000 
5 1 0 1 9 2 1 3 3 1 0.970107 0.000000 
5 1 1 0 5 1 1 2 2 1 0.727790 0.000000 
5 1 0 0 3 0 3 4 4 1 1.023370 0.000000 
5 1 1 1 10 2 2 3 3 1 0.979046 0.000000 
5 1 0 1 14 3 2 4 4 1 1.040736 0.000000 
5 1 0 0 3 0 3 4 4 1 0.626765 0.000000 
5 1 0 1 14 3 2 4 4 1 0.718212 0.000000 
5 1 0 0 3 0 3 4 4 1 0.517792 0.000000 
5 1 0 0 3 0 3 4 4 1 0.669290 0.000000 
5 1 0 1 14 3 2 4 4 1 1.222915 0.000000 
5 1 0 0 3 0 3 4 4 1 0.618681 0.000000 
5 1 0 0 4 1 0 1 1 1 0.822148 0.000000 
5 1 0 0 9 2 1 2 2 1 1.385851 0.000000 
5 1 1 0 10 2 2 3 3 1 0.845931 0.000000 
5 1 0 0 4 1 0 1 1 1 1.424984 0.000000 
5 1 0 0 14 3 2 3 3 1 1.244826 0.000000 
5 1 1 0 5 1 1 2 2 1 1.215941 0.000000 
5 1 0 1 14 3 2 4 4 1 1.124168 0.000000 
5 1 1 0 5 1 1 2 2 1 0.699410 0.000000 
5 1 0 1 4 1 0 2 2 1 3.875315 0.000000 
5 1 0 0 14 3 2 3 3 1 1.181502 0.000000 
5 1 0 0 9 2 1 2 2 1 0.795259 0.000000 
5 1 0 0 3 0 3 4 4 1 0.592153 0.000000 
5 1 1 0 0 0 0 1 1 1 1.213053 0.000000 
5 1 0 0 14 3 2 3 3 1 1.865454 0.000000 
5 1 0 0 4 1 0 1 1 1 0.842915 0.000000 
5 1 0 0 3 0 3 4 4 1 0.701457 0.000000 
5 1 1 0 15 3 3 4 4 1 0.477664 0.000000 
5 1 0 1 14 3 2 4 4 1 0.735139 0.000000 
5 1 0 0 9 2 1 2 2 1 0.798011 0.000000 
5 1 0 0 4 1 0 1 1 1 0.594981 0.000000 
5 1 1 0 10 2 2 3 3 1 0.743844 0.000000 
5 1 1 0 5 1 1 2 2 1 0.702695 0.000000 
5 1 1 0 0 0 0 1 1 1 0.582002 0.000000 
5 1 0 1 9 2 1 3 3 1 0.931502 0.000000 
5 1 1 0 0 0 0 1 1 1 0.547142 0.000000 
5 1 0 0 9 2 1 2 2 1 1.106007 0.000000 
5 1 1 0 0 0 0 1 1 1 0.642356 0.000000 
5 1 1 1 10 2 2 3 4 0 1.141236 0.000000 
5 1 1 0 5 1 1 2 2 1 0.680336 0.000000 
5 1 1 0 5 1 1 2 2 1 0.473351 0.000000 
5 1 0 1 14 3 2 4 4 1 0.713816 0.000000 
5 1 1 0 5 1 1 2 2 1 0.698109 0.000000 
5 1 0 0 3 0 3 4 4 1 0.947022 0.000000 
5 1 0 1 3 0 3 1 4 0 1.386022 0.000000 
5 1 0 0 3 0 3 4 4 1 0.915183 0.000000 
5 1 1 0 10 2 2 3 3 1 1.947069 0.000000 
5 1 0 0 9 2 1 2 2 1 1.129457 0.000000 
5 1 1 0 15 3 3 4 4 1 0.785180 0.000000 
5 1 0 1 3 0 3 1 1 1 2.822172 0.000000 
5 1 0 0 4 1 0 1 1 1 0.738468 0.000000 
5 1 0 0 3 0 3 4 4 1 1.265448 0.000000 
5 1 0 0 4 1 0 1 1 1 0.699858 0.000000 
5 1 0 0 4 1 0 1 1 1 0.563185 0.000000 
5 1 0 0 4 1 0 1 1 1 0.409207 0.000000 
5 1 0 0 9 2 1 2 2 1 0.893388 0.000000 
5 1 1 1 15 3 3 4 4 1 0.854319 0.000000 
