10 1 1 0 15 3 3 4 4 1 0.833913 0.000000 
10 1 1 0 10 2 2 3 3 1 0.644552 0.000000 
10 1 0 0 8 2 0 1 1 1 0.686405 0.000000 
10 1 0 1 8 2 0 3 1 0 0.855241 0.000000 
10 1 1 1 0 0 0 1 1 1 1.829510 0.000000 
10 1 1 0 10 2 2 3 3 1 1.096928 0.000000 
10 1 1 0 5 1 1 2 2 1 1.362017 0.000000 
10 1 1 0 10 2 2 3 3 1 1.072409 0.000000 
10 1 0 0 8 2 0 1 1 1 0.786001 0.000000 
10 1 0 0 8 2 0 1 1 1 1.061972 0.000000 
10 1 0 0 7 1 3 4 4 1 0.976310 0.000000 
10 1 1 0 15 3 3 4 4 1 0.629905 0.000000 
10 1 1 0 10 2 2 3 3 1 0.641421 0.000000 
10 1 1 1 10 2 2 3 3 1 1.364250 0.000000 
10 1 0 0 8 2 0 1 1 1 1.290699 0.000000 
10 1 0 0 8 2 0 1 1 1 0.491684 0.000000 
10 1 1 1 0 0 0 1 1 1 1.475548 0.000000 
10 1 1 0 0 0 0 1 1 1 1.469371 0.000000 
10 1 1 0 5 1 1 2 2 1 0.815156 0.000000 
10 1 1 0 0 0 0 1 1 1 0.675393 0.000000 
10 1 1 1 5 1 1 2 2 1 1.132885 0.000000 
10 1 1 1 10 2 2 3 3 1 2.004167 0.000000 
10 1 1 0 10 2 2 3 3 1 1.343604 0.000000 
10 1 0 0 2 0 2 3 3 1 0.742658 0.000000 
10 1 0 0 13 3 1 2 2 1 0.845515 0.000000 
10 1 1 0 15 3 3 4 4 1 0.992465 0.000000 
10 1 0 1 13 3 1 4 4 1 1.421401 0.000000 
10 1 0 0 13 3 1 2 2 1 1.433217 0.000000 
10 1 1 1 15 3 3 4 4 1 1.452376 0.000000 
10 1 1 0 5 1 1 2 2 1 1.021817 0.000000 
10 1 0 0 2 0 2 3 3 1 0.737476 0.000000 
10 1 1 0 10 2 2 3 3 1 0.712365 0.000000 
10 1 1 0 10 2 2 3 3 1 0.784532 0.000000 
10 1 0 0 2 0 2 3 3 1 0.701428 0.000000 
10 1 1 0 0 0 0 1 1 1 0.973600 0.000000 
10 1 1 0 15 3 3 4 4 1 0.715181 0.000000 
10 1 1 0 10 2 2 3 3 1 1.178402 0.000000 
10 1 1 0 0 0 0 1 1 1 0.656115 0.000000 
10 1 1 0 0 0 0 1 1 1 0.450278 0.000000 
10 1 1 0 15 3 3 4 4 1 0.564375 0.000000 
10 1 0 1 2 0 2 1 1 1 2.002555 0.000000 
10 1 0 0 8 2 0 1 1 1 1.295175 0.000000 
10 1 1 0 10 2 2 3 3 1 0.840239 0.000000 
10 1 0 1 2 0 2 1 1 1 1.362216 0.000000 
10 1 0 0 7 1 3 4 2 0 1.288643 0.000000 
10 1 0 1 13 3 1 4 4 1 2.445699 0.000000 
10 1 1 0 5 1 1 2 2 1 1.256764 0.000000 
10 1 0 0 13 3 1 2 2 1 0.595119 0.000000 
10 1 0 0 7 1 3 4 4 1 0.623956 0.000000 
10 1 0 0 2 0 2 3 3 1 0.955427 0.000000 
10 1 0 0 7 1 3 4 4 1 0.624724 0.000000 
10 1 0 0 2 0 2 3 3 1 0.948221 0.000000 
10 1 0 0 8 2 0 1 1 1 0.731153 0.000000 
10 1 0 0 2 0 2 3 3 1 0.730677 0.000000 
10 1 0 0 8 2 0 1 1 1 0.538167 0.000000 
10 1 0 0 2 0 2 3 3 1 0.608999 0.000000 
10 1 1 0 5 1 1 2 2 1 0.741155 0.000000 
10 1 1 0 0 0 0 1 1 1 0.980015 0.000000 
10 1 0 0 8 2 0 1 1 1 1.320617 0.000000 
10 1 1 0 10 2 2 3 3 1 0.664395 0.000000 
10 1 0 0 2 0 2 3 3 1 0.778594 0.000000 
10 1 0 0 7 1 3 4 4 1 0.752129 0.000000 
10 1 1 1 15 3 3 4 4 1 1.430297 0.000000 
10 1 0 0 8 2 0 1 1 1 0.778130 0.000000 
10 1 0 0 8 2 0 1 1 1 0.495610 0.000000 
10 1 0 0 7 1 3 4 4 1 0.591774 0.000000 
10 1 0 0 7 1 3 4 4 1 0.420206 0.000000 
10 1 0 0 7 1 3 4 4 1 0.599635 0.000000 
10 1 0 0 13 3 1 2 2 1 0.715975 0.000000 
10 1 0 0 2 0 2 3 3 1 0.691976 0.000000 
10 1 1 1 10 2 2 3 3 1 1.628823 0.000000 
10 1 0 0 7 1 3 4 4 1 0.728708 0.000000 
10 1 1 0 15 3 3 4 4 1 0.392218 0.000000 
10 1 0 1 7 1 3 2 2 1 1.123958 0.000000 
10 1 0 1 7 1 3 2 2 1 1.307676 0.000000 
10 1 1 0 5 1 1 2 2 1 0.588003 0.000000 
10 1 1 0 15 3 3 4 4 1 0.664899 0.000000 
10 1 1 0 5 1 1 2 2 1 0.714977 0.000000 
10 1 0 0 7 1 3 4 4 1 0.627237 0.000000 
10 1 1 1 5 1 1 2 2 1 1.486711 0.000000 
10 1 1 0 15 3 3 4 4 1 0.742880 0.000000 
10 1 0 0 2 0 2 3 3 1 0.909764 0.000000 
10 1 1 1 15 3 3 4 4 1 1.246015 0.000000 
10 1 0 0 7 1 3 4 4 1 1.321062 0.000000 
10 1 1 0 5 1 1 2 2 1 0.752832 0.000000 
10 1 1 0 5 1 1 2 2 1 0.582989 0.000000 
10 1 0 1 2 0 2 1 1 1 1.236044 0.000000 
10 1 0 0 8 2 0 1 1 1 0.733883 0.000000 
10 1 1 0 5 1 1 2 2 1 0.708738 0.000000 
10 1 0 0 8 2 0 1 1 1 0.724960 0.000000 
10 1 1 1 0 0 0 1 1 1 1.060492 0.000000 
10 1 0 0 2 0 2 3 3 1 0.702768 0.000000 
10 1 1 0 15 3 3 4 4 1 0.655009 0.000000 
10 1 0 0 7 1 3 4 4 1 0.697171 0.000000 
10 1 0 1 2 0 2 1 1 1 1.210024 0.000000 
10 1 1 0 10 2 2 3 3 1 0.925361 0.000000 
10 1 1 0 0 0 0 1 1 1 0.980999 0.000000 
10 1 0 0 13 3 1 2 2 1 0.714607 0.000000 
10 1 1 0 10 2 2 3 3 1 0.650802 0.000000 
10 1 0 0 13 3 1 2 2 1 0.676966 0.000000 
10 1 1 1 0 0 0 1 1 1 1.158446 0.000000 
10 1 0 0 13 3 1 2 2 1 0.628813 0.000000 
10 1 1 1 0 0 0 1 1 1 1.312356 0.000000 
10 1 1 1 5 1 1 2 2 1 1.311769 0.000000 
10 1 1 1 10 2 2 3 3 1 1.024173 0.000000 
10 1 0 0 2 0 2 3 1 0 0.963840 0.000000 
10 1 0 0 7 1 3 4 4 1 1.382083 0.000000 
10 1 0 1 13 3 1 4 4 1 1.419423 0.000000 
10 1 1 1 0 0 0 1 1 1 1.343231 0.000000 
10 1 0 1 2 0 2 1 1 1 2.229366 0.000000 
10 1 1 0 10 2 2 3 3 1 0.881350 0.000000 
10 1 0 0 13 3 1 2 2 1 0.898931 0.000000 
10 1 0 0 13 3 1 2 2 1 0.443906 0.000000 
10 1 0 1 8 2 0 3 3 1 2.126726 0.000000 
10 1 1 0 10 2 2 3 3 1 1.086692 0.000000 
10 1 1 0 5 1 1 2 2 1 0.742743 0.000000 
10 1 0 0 13 3 1 2 2 1 0.605610 0.000000 
10 1 1 1 15 3 3 4 4 1 1.193777 0.000000 
10 1 1 0 5 1 1 2 2 1 0.710787 0.000000 
10 1 1 0 15 3 3 4 4 1 0.646975 0.000000 
10 1 0 1 8 2 0 3 3 1 1.049810 0.000000 
10 1 0 0 2 0 2 3 3 1 1.100137 0.000000 
10 1 0 0 8 2 0 1 1 1 0.908451 0.000000 
10 1 0 1 13 3 1 4 4 1 1.163708 0.000000 
10 1 1 0 5 1 1 2 2 1 0.786009 0.000000 
10 1 0 0 8 2 0 1 1 1 0.966982 0.000000 
10 1 1 0 10 2 2 3 3 1 0.924627 0.000000 
10 1 1 1 0 0 0 1 1 1 1.108233 0.000000 
10 1 0 0 13 3 1 2 2 1 0.748545 0.000000 
10 1 1 1 5 1 1 2 2 1 1.219450 0.000000 
10 1 1 0 15 3 3 4 4 1 0.582124 0.000000 
10 1 1 0 5 1 1 2 2 1 1.203645 0.000000 
10 1 1 0 0 0 0 1 1 1 0.679993 0.000000 
10 1 0 0 7 1 3 4 4 1 0.745475 0.000000 
10 1 0 1 8 2 0 3 3 1 1.328382 0.000000 
10 1 0 1 7 1 3 2 2 1 1.624157 0.000000 
10 1 1 1 0 0 0 1 1 1 1.100009 0.000000 
10 1 0 0 7 1 3 4 4 1 0.715340 0.000000 
10 1 1 0 15 3 3 4 4 1 0.603510 0.000000 
10 1 0 0 8 2 0 1 1 1 0.687673 0.000000 
10 1 0 0 13 3 1 2 2 1 0.768475 0.000000 
10 1 0 1 13 3 1 4 4 1 0.982003 0.000000 
10 1 0 1 13 3 1 4 4 1 0.947709 0.000000 
10 1 1 0 10 2 2 3 3 1 0.906644 0.000000 
10 1 0 0 13 3 1 2 4 0 0.953928 0.000000 
10 1 0 1 2 0 2 1 1 1 1.132153 0.000000 
10 1 1 0 10 2 2 3 3 1 1.083423 0.000000 
10 1 0 0 13 3 1 2 2 1 1.004380 0.000000 
10 1 1 0 5 1 1 2 2 1 0.648664 0.000000 
10 1 1 0 15 3 3 4 4 1 0.595526 0.000000 
10 1 1 0 10 2 2 3 3 1 0.624316 0.000000 
10 1 1 0 10 2 2 3 3 1 0.611785 0.000000 
10 1 0 0 8 2 0 1 1 1 0.742933 0.000000 
10 1 1 1 0 0 0 1 1 1 1.389861 0.000000 
10 1 1 1 5 1 1 2 2 1 1.330925 0.000000 
10 1 1 0 15 3 3 4 4 1 0.674710 0.000000 
10 1 1 1 0 0 0 1 1 1 1.172218 0.000000 
10 1 1 0 10 2 2 3 3 1 0.641930 0.000000 
10 1 0 0 7 1 3 4 4 1 0.572741 0.000000 
10 1 0 0 13 3 1 2 2 1 0.881186 0.000000 
10 1 0 0 2 0 2 3 3 1 0.914795 0.000000 
10 1 0 0 13 3 1 2 2 1 0.691076 0.000000 
10 1 1 1 5 1 1 2 2 1 1.435944 0.000000 
10 1 1 0 15 3 3 4 4 1 0.527006 0.000000 
10 1 1 0 0 0 0 1 1 1 0.710525 0.000000 
10 1 1 0 5 1 1 2 2 1 0.646641 0.000000 
10 1 0 0 2 0 2 3 3 1 0.769528 0.000000 
10 1 0 0 2 0 2 3 3 1 0.477979 0.000000 
10 1 0 0 8 2 0 1 1 1 0.879516 0.000000 
10 1 0 0 7 1 3 4 4 1 0.648998 0.000000 
10 1 0 0 2 0 2 3 3 1 0.979919 0.000000 
10 1 0 0 13 3 1 2 2 1 1.337567 0.000000 
10 1 1 0 0 0 0 1 1 1 0.616604 0.000000 
10 1 0 0 13 3 1 2 2 1 0.596125 0.000000 
10 1 1 0 0 0 0 1 1 1 0.583862 0.000000 
10 1 0 0 7 1 3 4 4 1 0.516692 0.000000 
10 1 1 0 5 1 1 2 2 1 0.652189 0.000000 
10 1 1 0 5 1 1 2 2 1 0.574359 0.000000 
10 1 1 1 15 3 3 4 4 1 1.483845 0.000000 
10 1 1 0 10 2 2 3 3 1 0.700951 0.000000 
10 1 1 0 10 2 2 3 3 1 0.589112 0.000000 
10 1 1 0 15 3 3 4 4 1 0.633943 0.000000 
10 1 0 0 13 3 1 2 2 1 1.099792 0.000000 
10 1 0 1 2 0 2 1 1 1 0.932143 0.000000 
10 1 1 1 5 1 1 2 2 1 1.147791 0.000000 
10 1 1 0 0 0 0 1 1 1 0.722754 0.000000 
10 1 0 0 2 0 2 3 3 1 0.730310 0.000000 
10 1 1 0 5 1 1 2 2 1 0.689786 0.000000 
10 1 0 1 13 3 1 4 4 1 1.298643 0.000000 
10 1 1 0 15 3 3 4 4 1 0.619760 0.000000 
10 1 0 0 2 0 2 3 3 1 0.862269 0.000000 
10 1 0 1 7 1 3 2 2 1 1.040498 0.000000 
10 1 0 0 2 0 2 3 3 1 1.798043 0.000000 
10 1 1 1 15 3 3 4 4 1 1.235028 0.000000 
10 1 1 0 0 0 0 1 1 1 0.742113 0.000000 
10 1 1 0 0 0 0 1 1 1 0.580973 0.000000 
10 1 0 0 13 3 1 2 2 1 0.730469 0.000000 
10 1 0 0 7 1 3 4 4 1 0.528956 0.000000 
10 1 0 1 13 3 1 4 4 1 0.784419 0.000000 
10 1 0 0 2 0 2 3 3 1 0.837288 0.000000 
10 1 1 0 15 3 3 4 4 1 0.616207 0.000000 
10 1 0 1 7 1 3 2 2 1 0.988122 0.000000 
10 1 1 0 15 3 3 4 4 1 0.584624 0.000000 
10 1 1 0 15 3 3 4 4 1 0.597484 0.000000 
10 1 0 0 13 3 1 2 2 1 0.626237 0.000000 
10 1 0 0 13 3 1 2 2 1 0.492784 0.000000 
10 1 1 1 0 0 0 1 1 1 1.037576 0.000000 
10 1 1 1 10 2 2 3 3 1 1.592554 0.000000 
10 1 0 0 2 0 2 3 3 1 0.965715 0.000000 
10 1 1 1 0 0 0 1 1 1 0.987972 0.000000 
10 1 1 1 5 1 1 2 2 1 1.120983 0.000000 
10 1 1 0 15 3 3 4 4 1 0.680633 0.000000 
10 1 0 0 13 3 1 2 2 1 0.625128 0.000000 
10 1 0 1 2 0 2 1 1 1 0.988631 0.000000 
10 1 1 0 5 1 1 2 2 1 0.769626 0.000000 
10 1 1 0 10 2 2 3 3 1 0.711140 0.000000 
10 1 1 1 0 0 0 1 1 1 1.143328 0.000000 
10 1 0 0 8 2 0 1 1 1 0.742373 0.000000 
10 1 1 0 0 0 0 1 1 1 0.533236 0.000000 
10 1 0 0 7 1 3 4 4 1 0.756014 0.000000 
10 1 0 0 2 0 2 3 3 1 0.793229 0.000000 
10 1 0 0 13 3 1 2 2 1 0.710110 0.000000 
10 1 0 0 2 0 2 3 3 1 0.710331 0.000000 
10 1 0 1 7 1 3 2 2 1 1.078500 0.000000 
10 1 0 1 7 1 3 2 2 1 0.840154 0.000000 
10 1 0 0 2 0 2 3 3 1 0.763008 0.000000 
10 1 1 0 15 3 3 4 4 1 0.513232 0.000000 
10 1 0 0 8 2 0 1 1 1 0.696412 0.000000 
10 1 1 0 10 2 2 3 3 1 0.657223 0.000000 
10 1 1 0 10 2 2 3 3 1 0.531366 0.000000 
10 1 1 0 15 3 3 4 4 1 0.690825 0.000000 
10 1 0 0 2 0 2 3 3 1 0.651670 0.000000 
10 1 1 0 10 2 2 3 3 1 0.589869 0.000000 
10 1 0 1 13 3 1 4 4 1 1.106702 0.000000 
10 1 0 0 13 3 1 2 2 1 0.930992 0.000000 
10 1 1 0 15 3 3 4 4 1 0.673645 0.000000 
10 1 0 0 8 2 0 1 1 1 0.931126 0.000000 
10 1 1 0 5 1 1 2 2 1 0.666698 0.000000 
10 1 0 0 7 1 3 4 4 1 0.548199 0.000000 
10 1 1 0 10 2 2 3 3 1 0.562964 0.000000 
10 1 0 0 8 2 0 1 1 1 0.761149 0.000000 
10 1 1 0 0 0 0 1 1 1 0.615345 0.000000 
10 1 0 0 2 0 2 3 3 1 0.691531 0.000000 
10 1 1 0 10 2 2 3 3 1 0.532360 0.000000 
10 1 0 1 8 2 0 3 3 1 1.066833 0.000000 
10 1 1 1 10 2 2 3 3 1 0.828424 0.000000 
10 1 0 0 13 3 1 2 2 1 0.824013 0.000000 
10 1 0 0 7 1 3 4 4 1 0.563579 0.000000 
10 1 0 0 8 2 0 1 1 1 0.601705 0.000000 
10 1 1 1 10 2 2 3 3 1 0.893876 0.000000 
10 1 0 0 8 2 0 1 1 1 0.742773 0.000000 
10 1 0 1 7 1 3 2 2 1 1.156654 0.000000 
10 1 0 0 2 0 2 3 3 1 0.707005 0.000000 
10 1 0 0 13 3 1 2 2 1 0.667224 0.000000 
10 1 0 0 7 1 3 4 4 1 0.380704 0.000000 
10 1 1 0 0 0 0 1 1 1 0.530124 0.000000 
10 1 0 0 2 0 2 3 3 1 0.529578 0.000000 
10 1 0 0 7 1 3 4 4 1 0.400961 0.000000 
10 1 1 1 5 1 1 2 2 1 0.965063 0.000000 
10 1 1 1 5 1 1 2 2 1 0.779403 0.000000 
10 1 1 0 0 0 0 1 1 1 0.783906 0.000000 
10 1 1 0 0 0 0 1 1 1 0.468773 0.000000 
10 1 0 0 7 1 3 4 4 1 0.574192 0.000000 
10 1 1 0 10 2 2 3 3 1 0.675720 0.000000 
10 1 0 1 2 0 2 1 1 1 0.869257 0.000000 
10 1 1 0 15 3 3 4 4 1 0.622805 0.000000 
10 1 1 0 15 3 3 4 4 1 0.482275 0.000000 
10 1 1 0 10 2 2 3 3 1 0.603718 0.000000 
10 1 1 0 5 1 1 2 2 1 0.710887 0.000000 
10 1 0 0 2 0 2 3 3 1 0.695005 0.000000 
10 1 0 0 8 2 0 1 1 1 0.607896 0.000000 
10 1 1 0 10 2 2 3 3 1 0.611990 0.000000 
10 1 1 1 0 0 0 1 1 1 1.040179 0.000000 
10 1 1 1 10 2 2 3 3 1 1.147185 0.000000 
10 1 1 0 15 3 3 4 4 1 0.562205 0.000000 
10 1 0 0 13 3 1 2 2 1 0.696386 0.000000 
10 1 1 0 5 1 1 2 2 1 0.528181 0.000000 
10 1 0 0 13 3 1 2 2 1 0.519636 0.000000 
10 1 0 0 8 2 0 1 1 1 0.623020 0.000000 
10 1 1 1 0 0 0 1 1 1 0.914581 0.000000 
10 1 1 0 15 3 3 4 4 1 0.522821 0.000000 
10 1 1 0 5 1 1 2 2 1 0.554266 0.000000 
10 1 1 1 5 1 1 2 2 1 0.936429 0.000000 
10 1 0 0 7 1 3 4 4 1 0.663341 0.000000 
10 1 0 0 13 3 1 2 2 1 1.680558 0.000000 
10 1 0 1 7 1 3 2 2 1 0.882377 0.000000 
10 1 1 0 10 2 2 3 3 1 0.619987 0.000000 
10 1 0 0 13 3 1 2 2 1 0.719505 0.000000 
10 1 0 0 8 2 0 1 1 1 0.534994 0.000000 
10 1 0 0 2 0 2 3 3 1 0.773807 0.000000 
10 1 0 0 2 0 2 3 3 1 0.579354 0.000000 
10 1 0 1 2 0 2 1 1 1 1.016858 0.000000 
10 1 0 0 7 1 3 4 4 1 1.579484 0.000000 
10 1 0 0 2 0 2 3 3 1 0.977333 0.000000 
10 1 1 0 15 3 3 4 4 1 0.646932 0.000000 
10 1 0 0 13 3 1 2 2 1 0.953760 0.000000 
10 1 0 0 7 1 3 4 4 1 0.744025 0.000000 
10 1 0 0 13 3 1 2 2 1 0.710933 0.000000 
10 1 0 0 7 1 3 4 4 1 0.583119 0.000000 
10 1 1 0 5 1 1 2 2 1 0.611089 0.000000 
10 1 1 0 5 1 1 2 2 1 0.591011 0.000000 
10 1 1 0 10 2 2 3 3 1 0.707863 0.000000 
10 1 1 0 0 0 0 1 1 1 0.492002 0.000000 
10 1 1 0 15 3 3 4 4 1 0.484828 0.000000 
10 1 0 1 7 1 3 2 2 1 0.925613 0.000000 
10 1 1 1 15 3 3 4 4 1 0.893229 0.000000 
10 1 0 1 7 1 3 2 2 1 0.894087 0.000000 
10 1 0 1 7 1 3 2 2 1 0.878067 0.000000 
10 1 0 0 13 3 1 2 2 1 0.743643 0.000000 
10 1 0 0 8 2 0 1 1 1 0.710520 0.000000 
10 1 1 0 10 2 2 3 3 1 0.614714 0.000000 
10 1 0 1 8 2 0 3 3 1 0.962831 0.000000 
10 1 1 1 15 3 3 4 4 1 0.953112 0.000000 
10 1 0 1 8 2 0 3 3 1 1.127414 0.000000 
10 1 1 0 0 0 0 1 1 1 0.790151 0.000000 
10 1 1 0 15 3 3 4 4 1 0.594977 0.000000 
10 1 1 0 5 1 1 2 2 1 0.631736 0.000000 
10 1 1 1 15 3 3 4 4 1 0.843261 0.000000 
10 1 1 0 0 0 0 1 1 1 0.542159 0.000000 
10 1 1 0 10 2 2 3 3 1 0.844979 0.000000 
10 1 1 0 15 3 3 4 4 1 0.615877 0.000000 
10 1 0 0 7 1 3 4 4 1 0.843998 0.000000 
10 1 1 0 15 3 3 4 4 1 0.470921 0.000000 
10 1 1 0 0 0 0 1 1 1 0.559356 0.000000 
10 1 1 1 15 3 3 4 4 1 0.981466 0.000000 
10 1 1 0 10 2 2 3 3 1 0.675101 0.000000 
10 1 1 1 10 2 2 3 3 1 0.900614 0.000000 
10 1 0 0 2 0 2 3 3 1 0.660885 0.000000 
10 1 0 0 13 3 1 2 2 1 0.615002 0.000000 
10 1 1 1 15 3 3 4 4 1 0.875211 0.000000 
10 1 1 0 10 2 2 3 3 1 0.691782 0.000000 
10 1 0 0 2 0 2 3 3 1 0.500646 0.000000 
10 1 1 1 10 2 2 3 3 1 0.836743 0.000000 
10 1 1 1 0 0 0 1 1 1 0.927659 0.000000 
10 1 1 0 0 0 0 1 1 1 0.663243 0.000000 
10 1 0 0 7 1 3 4 4 1 0.841405 0.000000 
10 1 0 1 7 1 3 2 2 1 0.972301 0.000000 
10 1 0 1 7 1 3 2 2 1 1.225949 0.000000 
10 1 0 0 8 2 0 1 1 1 0.900680 0.000000 
10 1 1 0 5 1 1 2 2 1 0.740947 0.000000 
10 1 1 0 10 2 2 3 3 1 0.619772 0.000000 
10 1 1 0 15 3 3 4 4 1 0.623270 0.000000 
10 1 1 0 0 0 0 1 1 1 0.562780 0.000000 
10 1 0 0 8 2 0 1 1 1 0.792934 0.000000 
10 1 1 0 10 2 2 3 3 1 0.685807 0.000000 
10 1 0 0 7 1 3 4 4 1 0.614616 0.000000 
10 1 1 0 5 1 1 2 2 1 0.705759 0.000000 
10 1 0 1 13 3 1 4 4 1 0.905954 0.000000 
10 1 0 0 13 3 1 2 2 1 0.610246 0.000000 
10 1 0 1 8 2 0 3 3 1 1.678421 0.000000 
10 1 1 1 0 0 0 1 1 1 1.072279 0.000000 
10 1 0 1 7 1 3 2 2 1 1.009936 0.000000 
10 1 0 0 2 0 2 3 3 1 0.846283 0.000000 
10 1 1 0 5 1 1 2 2 1 0.640116 0.000000 
10 1 0 0 8 2 0 1 1 1 0.922980 0.000000 
10 1 1 0 0 0 0 1 1 1 0.554580 0.000000 
10 1 1 0 15 3 3 4 4 1 0.448721 0.000000 
10 1 0 0 8 2 0 1 1 1 0.779478 0.000000 
10 1 0 1 7 1 3 2 2 1 0.937014 0.000000 
10 1 1 0 15 3 3 4 4 1 0.935969 0.000000 
10 1 0 0 8 2 0 1 1 1 0.710881 0.000000 
10 1 0 1 8 2 0 3 3 1 0.950092 0.000000 
10 1 1 0 15 3 3 4 4 1 1.380415 0.000000 
10 1 1 0 10 2 2 3 3 1 0.690138 0.000000 
10 1 0 1 8 2 0 3 3 1 0.955002 0.000000 
10 1 0 0 2 0 2 3 1 0 0.681287 0.000000 
10 1 0 0 2 0 2 3 3 1 0.830747 0.000000 
10 1 1 0 5 1 1 2 2 1 0.769869 0.000000 
10 1 0 0 7 1 3 4 4 1 1.102487 0.000000 
10 1 0 0 2 0 2 3 3 1 0.782782 0.000000 
10 1 1 0 5 1 1 2 2 1 0.756070 0.000000 
10 1 1 1 5 1 1 2 2 1 1.113851 0.000000 
10 1 0 0 8 2 0 1 1 1 0.690203 0.000000 
10 1 1 0 0 0 0 1 1 1 0.547002 0.000000 
10 1 1 0 15 3 3 4 4 1 0.665843 0.000000 
10 1 0 0 2 0 2 3 3 1 0.659981 0.000000 
10 1 0 0 2 0 2 3 3 1 0.501186 0.000000 
10 1 1 0 0 0 0 1 1 1 0.557297 0.000000 
10 1 1 0 15 3 3 4 4 1 0.611421 0.000000 
10 1 1 0 5 1 1 2 2 1 0.695586 0.000000 
10 1 1 0 5 1 1 2 2 1 0.664435 0.000000 
10 1 0 0 8 2 0 1 1 1 0.818610 0.000000 
10 1 0 0 8 2 0 1 1 1 0.518140 0.000000 
10 1 1 0 5 1 1 2 3 0 0.645610 0.000000 
