9 1 1 0 15 3 3 4 4 1 1.723543 0.000000 
9 1 0 0 11 2 3 4 4 1 0.891236 0.000000 
9 1 0 0 11 2 3 4 4 1 0.476143 0.000000 
9 1 0 0 4 1 0 1 1 1 0.733645 0.000000 
9 1 1 0 5 1 1 2 2 1 0.523525 0.000000 
9 1 1 1 0 0 0 1 1 1 0.555079 0.000000 
9 1 1 0 0 0 0 1 1 1 0.825284 0.000000 
9 1 0 1 2 0 2 1 1 1 2.108954 0.000000 
9 1 1 0 15 3 3 4 4 1 0.621671 0.000000 
9 1 1 0 10 2 2 3 3 1 0.856532 0.000000 
9 1 0 0 2 0 2 3 3 1 0.955517 0.000000 
9 1 1 0 0 0 0 1 1 1 0.696824 0.000000 
9 1 1 0 0 0 0 1 1 1 0.409717 0.000000 
9 1 0 1 2 0 2 1 1 1 1.077846 0.000000 
9 1 0 0 13 3 1 2 2 1 1.079565 0.000000 
9 1 1 0 0 0 0 1 1 1 0.705264 0.000000 
9 1 1 1 10 2 2 3 3 1 1.217522 0.000000 
9 1 0 1 4 1 0 2 1 0 1.149270 0.000000 
9 1 1 0 0 0 0 1 1 1 0.534648 0.000000 
9 1 1 0 15 3 3 4 4 1 0.669039 0.000000 
9 1 0 0 13 3 1 2 2 1 3.102728 0.000000 
9 1 0 0 4 1 0 1 1 1 1.335811 0.000000 
9 1 1 1 0 0 0 1 1 1 0.758950 0.000000 
9 1 1 0 10 2 2 3 3 1 0.797160 0.000000 
9 1 0 1 13 3 1 4 2 0 1.073180 0.000000 
9 1 0 0 11 2 3 4 4 1 0.582862 0.000000 
9 1 0 0 11 2 3 4 4 1 0.411888 0.000000 
9 1 1 0 0 0 0 1 1 1 0.528001 0.000000 
9 1 1 0 10 2 2 3 3 1 0.671513 0.000000 
9 1 0 0 11 2 3 4 4 1 0.585048 0.000000 
9 1 0 0 2 0 2 3 3 1 0.573903 0.000000 
9 1 0 0 11 2 3 4 4 1 0.627415 0.000000 
9 1 1 1 5 1 1 2 2 1 1.789948 0.000000 
9 1 0 0 13 3 1 2 2 1 0.899251 0.000000 
9 1 0 0 11 2 3 4 4 1 0.556056 0.000000 
9 1 0 0 11 2 3 4 4 1 0.321749 0.000000 
9 1 0 0 13 3 1 2 2 1 0.697184 0.000000 
9 1 1 1 15 3 3 4 4 1 0.578021 0.000000 
9 1 0 0 11 2 3 4 4 1 0.575582 0.000000 
9 1 0 0 11 2 3 4 4 1 0.317013 0.000000 
9 1 0 0 2 0 2 3 3 1 0.716504 0.000000 
9 1 1 0 10 2 2 3 3 1 0.451061 0.000000 
9 1 0 0 2 0 2 3 3 1 0.637194 0.000000 
9 1 1 0 0 0 0 1 1 1 0.544051 0.000000 
9 1 0 1 13 3 1 4 3 0 2.134955 0.000000 
9 1 0 0 2 0 2 3 3 1 0.786396 0.000000 
9 1 0 0 4 1 0 1 1 1 0.758855 0.000000 
9 1 0 1 13 3 1 4 2 0 0.597084 0.000000 
9 1 0 0 11 2 3 4 4 1 0.612956 0.000000 
9 1 0 0 4 1 0 1 1 1 0.640696 0.000000 
9 1 1 0 5 1 1 2 2 1 0.611553 0.000000 
9 1 0 1 2 0 2 1 3 0 0.559662 0.000000 
9 1 1 0 15 3 3 4 4 1 0.521941 0.000000 
9 1 0 1 13 3 1 4 4 1 1.416952 0.000000 
9 1 1 0 0 0 0 1 1 1 0.596797 0.000000 
9 1 1 1 0 0 0 1 1 1 0.496603 0.000000 
9 1 1 0 0 0 0 1 1 1 0.393459 0.000000 
9 1 1 0 0 0 0 1 1 1 0.406232 0.000000 
9 1 1 0 10 2 2 3 3 1 0.674349 0.000000 
9 1 1 0 5 1 1 2 2 1 0.611902 0.000000 
9 1 0 1 11 2 3 3 4 0 1.240087 0.000000 
9 1 1 0 10 2 2 3 3 1 1.391244 0.000000 
9 1 1 0 5 1 1 2 2 1 0.571915 0.000000 
9 1 0 0 2 0 2 3 3 1 0.856444 0.000000 
9 1 1 1 10 2 2 3 3 1 0.514709 0.000000 
9 1 0 0 4 1 0 1 1 1 0.650873 0.000000 
9 1 0 0 11 2 3 4 4 1 0.525074 0.000000 
9 1 0 1 13 3 1 4 4 1 0.868568 0.000000 
9 1 1 0 5 1 1 2 2 1 0.702227 0.000000 
9 1 0 0 13 3 1 2 4 0 0.790446 0.000000 
9 1 0 0 11 2 3 4 4 1 0.486334 0.000000 
9 1 0 0 2 0 2 3 3 1 0.910741 0.000000 
9 1 0 1 11 2 3 3 4 0 0.887019 0.000000 
9 1 0 0 11 2 3 4 4 1 0.532022 0.000000 
9 1 1 1 5 1 1 2 2 1 1.043035 0.000000 
9 1 0 0 4 1 0 1 1 1 0.670067 0.000000 
9 1 0 1 11 2 3 3 3 1 1.551659 0.000000 
9 1 0 0 2 0 2 3 3 1 0.829327 0.000000 
9 1 1 1 15 3 3 4 4 1 0.832780 0.000000 
9 1 1 0 5 1 1 2 2 1 0.651992 0.000000 
9 1 0 0 4 1 0 1 1 1 0.621967 0.000000 
9 1 0 0 4 1 0 1 1 1 0.537497 0.000000 
9 1 1 0 5 1 1 2 2 1 0.616320 0.000000 
9 1 1 1 5 1 1 2 2 1 0.852118 0.000000 
9 1 1 1 5 1 1 2 2 1 0.470130 0.000000 
9 1 1 0 0 0 0 1 1 1 0.534662 0.000000 
9 1 1 0 5 1 1 2 2 1 0.469453 0.000000 
9 1 0 1 11 2 3 3 4 0 0.374893 0.000000 
9 1 0 1 4 1 0 2 1 0 1.104393 0.000000 
9 1 1 0 10 2 2 3 3 1 0.732302 0.000000 
9 1 1 0 15 3 3 4 4 1 0.523399 0.000000 
9 1 0 1 2 0 2 1 1 1 1.410917 0.000000 
9 1 0 0 11 2 3 4 4 1 0.671401 0.000000 
9 1 0 0 2 0 2 3 3 1 1.159981 0.000000 
9 1 1 0 15 3 3 4 4 1 0.590357 0.000000 
9 1 1 1 5 1 1 2 2 1 1.051241 0.000000 
9 1 1 0 0 0 0 1 1 1 0.589597 0.000000 
9 1 0 0 4 1 0 1 1 1 0.754450 0.000000 
9 1 1 0 5 1 1 2 1 0 0.488685 0.000000 
9 1 0 0 13 3 1 2 2 1 1.140635 0.000000 
9 1 1 0 15 3 3 4 4 1 0.579103 0.000000 
9 1 0 1 11 2 3 3 3 1 0.904619 0.000000 
9 1 1 0 15 3 3 4 4 1 0.648954 0.000000 
9 1 0 0 11 2 3 4 4 1 0.427801 0.000000 
9 1 0 0 4 1 0 1 1 1 0.639269 0.000000 
9 1 1 0 10 2 2 3 3 1 0.746147 0.000000 
9 1 1 0 15 3 3 4 4 1 0.473021 0.000000 
9 1 1 1 15 3 3 4 4 1 0.386487 0.000000 
9 1 1 0 0 0 0 1 1 1 0.502288 0.000000 
9 1 0 0 11 2 3 4 4 1 1.470479 0.000000 
9 1 0 1 2 0 2 1 1 1 2.248376 0.000000 
9 1 1 0 5 1 1 2 2 1 1.219840 0.000000 
9 1 1 0 0 0 0 1 1 1 0.639601 0.000000 
9 1 1 0 10 2 2 3 4 0 0.618480 0.000000 
9 1 1 1 10 2 2 3 4 0 0.553108 0.000000 
9 1 0 0 2 0 2 3 3 1 0.818737 0.000000 
9 1 1 1 15 3 3 4 4 1 0.661878 0.000000 
9 1 0 0 13 3 1 2 2 1 0.768067 0.000000 
9 1 1 1 5 1 1 2 2 1 0.661674 0.000000 
9 1 1 0 0 0 0 1 1 1 0.511882 0.000000 
9 1 1 0 10 2 2 3 3 1 0.552018 0.000000 
9 1 1 0 5 1 1 2 2 1 0.670214 0.000000 
9 1 0 1 11 2 3 3 4 0 0.663739 0.000000 
9 1 0 0 13 3 1 2 3 0 0.524713 0.000000 
9 1 0 0 2 0 2 3 2 0 0.544005 0.000000 
9 1 1 0 5 1 1 2 2 1 0.706387 0.000000 
9 1 1 0 5 1 1 2 2 1 0.554161 0.000000 
9 1 0 0 4 1 0 1 1 1 0.632326 0.000000 
9 1 0 0 13 3 1 2 2 1 0.739858 0.000000 
9 1 0 0 11 2 3 4 4 1 0.722770 0.000000 
9 1 0 0 13 3 1 2 2 1 0.737323 0.000000 
9 1 1 0 5 1 1 2 2 1 0.496238 0.000000 
9 1 1 0 5 1 1 2 2 1 0.505025 0.000000 
9 1 1 0 5 1 1 2 2 1 0.481205 0.000000 
9 1 0 0 13 3 1 2 2 1 0.490661 0.000000 
9 1 0 1 4 1 0 2 1 0 0.771481 0.000000 
9 1 1 1 15 3 3 4 4 1 0.525076 0.000000 
9 1 1 0 0 0 0 1 1 1 0.580118 0.000000 
9 1 1 1 10 2 2 3 3 1 0.809613 0.000000 
9 1 1 0 15 3 3 4 4 1 0.772913 0.000000 
9 1 1 0 5 1 1 2 2 1 0.618482 0.000000 
9 1 0 0 2 0 2 3 3 1 0.798024 0.000000 
9 1 0 0 13 3 1 2 2 1 0.954961 0.000000 
9 1 0 1 2 0 2 1 3 0 0.953282 0.000000 
9 1 1 0 10 2 2 3 3 1 0.667616 0.000000 
9 1 1 0 15 3 3 4 4 1 0.507781 0.000000 
9 1 1 0 5 1 1 2 2 1 0.619810 0.000000 
9 1 0 0 4 1 0 1 1 1 0.799394 0.000000 
9 1 1 0 15 3 3 4 4 1 0.708125 0.000000 
9 1 1 0 10 2 2 3 3 1 0.707922 0.000000 
9 1 0 0 11 2 3 4 4 1 0.908133 0.000000 
9 1 1 0 0 0 0 1 1 1 0.772394 0.000000 
9 1 0 1 13 3 1 4 4 1 0.930016 0.000000 
9 1 0 0 2 0 2 3 2 0 0.816719 0.000000 
9 1 0 1 2 0 2 1 3 0 0.912318 0.000000 
9 1 0 0 11 2 3 4 4 1 0.531919 0.000000 
9 1 1 0 5 1 1 2 2 1 0.603173 0.000000 
9 1 1 0 0 0 0 1 1 1 0.527326 0.000000 
9 1 0 0 11 2 3 4 4 1 0.614835 0.000000 
9 1 0 0 13 3 1 2 2 1 0.875042 0.000000 
9 1 0 0 13 3 1 2 2 1 0.484661 0.000000 
9 1 1 0 0 0 0 1 1 1 0.596604 0.000000 
9 1 1 1 15 3 3 4 4 1 0.713272 0.000000 
9 1 1 0 15 3 3 4 4 1 0.521564 0.000000 
9 1 0 1 13 3 1 4 4 1 1.249130 0.000000 
9 1 1 0 5 1 1 2 2 1 0.739975 0.000000 
9 1 1 0 10 2 2 3 3 1 0.610426 0.000000 
9 1 0 0 11 2 3 4 3 0 0.518565 0.000000 
9 1 1 0 0 0 0 1 1 1 0.521201 0.000000 
9 1 0 0 13 3 1 2 2 1 0.912136 0.000000 
9 1 0 0 4 1 0 1 1 1 0.672457 0.000000 
9 1 0 0 11 2 3 4 4 1 0.714006 0.000000 
9 1 1 0 15 3 3 4 4 1 0.786197 0.000000 
9 1 1 0 15 3 3 4 4 1 0.791165 0.000000 
9 1 1 1 5 1 1 2 2 1 1.260108 0.000000 
9 1 1 0 10 2 2 3 3 1 0.606546 0.000000 
9 1 1 1 5 1 1 2 2 1 0.961724 0.000000 
9 1 1 0 5 1 1 2 2 1 0.488066 0.000000 
9 1 0 1 13 3 1 4 3 0 0.640872 0.000000 
9 1 1 0 5 1 1 2 4 0 0.679765 0.000000 
9 1 1 0 15 3 3 4 4 1 0.516845 0.000000 
9 1 0 1 2 0 2 1 3 0 1.196133 0.000000 
9 1 0 0 13 3 1 2 2 1 0.796747 0.000000 
9 1 0 1 4 1 0 2 2 1 1.192466 0.000000 
9 1 0 0 4 1 0 1 2 0 0.477532 0.000000 
9 1 0 0 13 3 1 2 2 1 0.843029 0.000000 
9 1 0 1 2 0 2 1 3 0 1.037504 0.000000 
9 1 0 0 13 3 1 2 2 1 0.836557 0.000000 
9 1 1 0 0 0 0 1 1 1 0.735044 0.000000 
9 1 0 0 2 0 2 3 3 1 0.901968 0.000000 
9 1 1 0 0 0 0 1 1 1 0.645248 0.000000 
9 1 1 0 10 2 2 3 3 1 0.608128 0.000000 
9 1 1 0 15 3 3 4 4 1 2.019003 0.000000 
9 1 0 1 13 3 1 4 4 1 1.094782 0.000000 
9 1 0 0 4 1 0 1 1 1 0.695829 0.000000 
9 1 0 0 11 2 3 4 4 1 0.775690 0.000000 
9 1 1 1 15 3 3 4 4 1 0.653338 0.000000 
9 1 1 1 0 0 0 1 1 1 0.783537 0.000000 
9 1 0 0 13 3 1 2 2 1 1.020500 0.000000 
9 1 0 0 2 0 2 3 3 1 1.016122 0.000000 
9 1 0 1 4 1 0 2 1 0 1.132136 0.000000 
9 1 1 1 10 2 2 3 3 1 0.998995 0.000000 
9 1 1 1 0 0 0 1 2 0 0.874493 0.000000 
9 1 1 1 10 2 2 3 3 1 0.720138 0.000000 
9 1 1 0 10 2 2 3 3 1 0.511231 0.000000 
9 1 1 0 10 2 2 3 3 1 0.471369 0.000000 
9 1 1 0 0 0 0 1 1 1 0.792870 0.000000 
9 1 0 0 11 2 3 4 4 1 0.677805 0.000000 
9 1 0 1 11 2 3 3 4 0 0.471229 0.000000 
9 1 0 0 2 0 2 3 3 1 0.963812 0.000000 
9 1 1 1 10 2 2 3 3 1 1.089666 0.000000 
9 1 1 1 5 1 1 2 2 1 0.690729 0.000000 
9 1 1 0 5 1 1 2 2 1 0.611623 0.000000 
9 1 0 0 4 1 0 1 4 0 0.631797 0.000000 
9 1 0 0 2 0 2 3 3 1 1.631425 0.000000 
9 1 1 0 5 1 1 2 2 1 0.937921 0.000000 
9 1 1 0 5 1 1 2 2 1 0.528788 0.000000 
9 1 1 1 10 2 2 3 3 1 1.616326 0.000000 
9 1 1 0 10 2 2 3 3 1 0.508224 0.000000 
9 1 1 0 15 3 3 4 4 1 0.924408 0.000000 
9 1 1 0 5 1 1 2 2 1 1.100063 0.000000 
9 1 0 0 11 2 3 4 4 1 0.876453 0.000000 
9 1 0 0 2 0 2 3 3 1 0.694074 0.000000 
9 1 0 0 4 1 0 1 1 1 1.045976 0.000000 
9 1 1 1 5 1 1 2 2 1 1.625032 0.000000 
9 1 1 0 10 2 2 3 3 1 0.564919 0.000000 
9 1 1 0 15 3 3 4 4 1 0.475102 0.000000 
9 1 1 0 0 0 0 1 1 1 0.652566 0.000000 
9 1 0 0 4 1 0 1 1 1 0.606788 0.000000 
9 1 1 0 0 0 0 1 1 1 0.442966 0.000000 
9 1 1 1 15 3 3 4 4 1 0.716836 0.000000 
9 1 0 1 2 0 2 1 3 0 0.956349 0.000000 
9 1 1 1 5 1 1 2 1 0 0.622678 0.000000 
9 1 1 0 10 2 2 3 3 1 0.869766 0.000000 
9 1 1 0 15 3 3 4 4 1 0.510900 0.000000 
9 1 0 0 11 2 3 4 4 1 0.983077 0.000000 
9 1 1 1 5 1 1 2 2 1 0.676080 0.000000 
9 1 1 0 0 0 0 1 1 1 0.589635 0.000000 
9 1 0 1 11 2 3 3 4 0 0.809421 0.000000 
9 1 1 0 15 3 3 4 4 1 0.553757 0.000000 
9 1 0 0 13 3 1 2 3 0 0.671459 0.000000 
9 1 1 0 10 2 2 3 3 1 0.621038 0.000000 
9 1 1 1 0 0 0 1 1 1 0.720091 0.000000 
9 1 0 0 11 2 3 4 4 1 0.663649 0.000000 
9 1 0 1 2 0 2 1 3 0 0.649851 0.000000 
9 1 1 0 0 0 0 1 1 1 0.615384 0.000000 
9 1 1 1 5 1 1 2 2 1 0.699423 0.000000 
9 1 0 1 2 0 2 1 3 0 1.004190 0.000000 
9 1 1 1 5 1 1 2 2 1 0.772077 0.000000 
9 1 1 0 15 3 3 4 4 1 0.561189 0.000000 
9 1 0 0 13 3 1 2 4 0 0.639365 0.000000 
9 1 1 0 15 3 3 4 4 1 0.374228 0.000000 
9 1 1 0 10 2 2 3 3 1 0.539211 0.000000 
9 1 0 1 4 1 0 2 2 1 0.985041 0.000000 
9 1 1 0 5 1 1 2 2 1 0.910037 0.000000 
9 1 1 1 5 1 1 2 2 1 0.718359 0.000000 
9 1 1 1 15 3 3 4 4 1 0.797932 0.000000 
9 1 0 1 13 3 1 4 4 1 0.746853 0.000000 
9 1 1 0 10 2 2 3 3 1 0.817759 0.000000 
9 1 1 0 10 2 2 3 3 1 0.565363 0.000000 
9 1 1 0 0 0 0 1 1 1 0.651573 0.000000 
9 1 0 0 13 3 1 2 2 1 1.284790 0.000000 
9 1 0 0 13 3 1 2 2 1 0.469882 0.000000 
9 1 0 0 4 1 0 1 1 1 0.711405 0.000000 
9 1 0 0 13 3 1 2 2 1 0.759614 0.000000 
9 1 0 0 11 2 3 4 4 1 0.749859 0.000000 
9 1 1 0 5 1 1 2 2 1 0.812153 0.000000 
9 1 0 0 4 1 0 1 1 1 1.360404 0.000000 
9 1 0 0 13 3 1 2 4 0 0.837903 0.000000 
9 1 0 0 11 2 3 4 4 1 0.604831 0.000000 
9 1 0 0 11 2 3 4 4 1 0.472551 0.000000 
9 1 1 0 0 0 0 1 1 1 0.594031 0.000000 
9 1 0 0 2 0 2 3 3 1 0.910910 0.000000 
9 1 0 0 11 2 3 4 4 1 0.575200 0.000000 
9 1 0 0 2 0 2 3 3 1 0.828725 0.000000 
9 1 1 0 5 1 1 2 1 0 1.471413 0.000000 
9 1 1 0 15 3 3 4 4 1 0.517162 0.000000 
9 1 1 0 15 3 3 4 4 1 0.412215 0.000000 
9 1 1 0 5 1 1 2 2 1 0.544335 0.000000 
9 1 0 0 13 3 1 2 2 1 0.511162 0.000000 
9 1 0 1 2 0 2 1 4 0 0.647304 0.000000 
9 1 1 0 0 0 0 1 1 1 0.749475 0.000000 
9 1 1 0 5 1 1 2 2 1 0.748651 0.000000 
9 1 1 0 15 3 3 4 4 1 0.971557 0.000000 
9 1 1 1 15 3 3 4 4 1 1.016227 0.000000 
9 1 1 0 10 2 2 3 3 1 0.724149 0.000000 
9 1 0 0 13 3 1 2 2 1 0.667489 0.000000 
9 1 0 0 11 2 3 4 4 1 0.893053 0.000000 
9 1 1 1 0 0 0 1 1 1 0.717994 0.000000 
9 1 1 1 15 3 3 4 4 1 0.589566 0.000000 
9 1 0 0 4 1 0 1 1 1 1.834500 0.000000 
9 1 1 0 15 3 3 4 4 1 0.604744 0.000000 
9 1 0 0 4 1 0 1 1 1 1.609029 0.000000 
9 1 1 0 10 2 2 3 3 1 0.901531 0.000000 
9 1 0 0 13 3 1 2 2 1 0.541890 0.000000 
9 1 1 0 5 1 1 2 2 1 0.516718 0.000000 
9 1 0 0 11 2 3 4 4 1 0.484194 0.000000 
9 1 0 0 2 0 2 3 3 1 0.501006 0.000000 
9 1 1 0 15 3 3 4 4 1 0.596195 0.000000 
9 1 1 0 15 3 3 4 4 1 0.681021 0.000000 
9 1 0 1 2 0 2 1 1 1 1.274601 0.000000 
9 1 1 0 0 0 0 1 1 1 0.796371 0.000000 
9 1 0 0 13 3 1 2 2 1 0.705290 0.000000 
9 1 0 1 4 1 0 2 2 1 1.137543 0.000000 
9 1 0 0 4 1 0 1 1 1 1.056615 0.000000 
9 1 1 0 10 2 2 3 3 1 0.626969 0.000000 
9 1 0 0 11 2 3 4 4 1 0.701450 0.000000 
9 1 0 0 13 3 1 2 2 1 0.645754 0.000000 
9 1 0 1 4 1 0 2 2 1 1.096619 0.000000 
9 1 0 0 13 3 1 2 2 1 0.745657 0.000000 
9 1 0 0 4 1 0 1 1 1 0.744567 0.000000 
9 1 0 0 11 2 3 4 4 1 0.606780 0.000000 
9 1 0 0 2 0 2 3 3 1 0.603678 0.000000 
9 1 0 0 2 0 2 3 3 1 0.447850 0.000000 
9 1 0 0 2 0 2 3 3 1 0.473636 0.000000 
9 1 0 0 11 2 3 4 4 1 0.595122 0.000000 
9 1 1 1 0 0 0 1 1 1 0.679966 0.000000 
9 1 0 0 2 0 2 3 4 0 0.817536 0.000000 
9 1 0 0 4 1 0 1 1 1 0.777160 0.000000 
9 1 0 0 4 1 0 1 1 1 0.670253 0.000000 
9 1 1 0 5 1 1 2 2 1 0.439742 0.000000 
9 1 0 0 2 0 2 3 3 1 0.786614 0.000000 
9 1 1 0 15 3 3 4 4 1 0.710517 0.000000 
9 1 0 0 13 3 1 2 2 1 0.654778 0.000000 
9 1 0 0 11 2 3 4 4 1 0.600995 0.000000 
9 1 0 0 2 0 2 3 3 1 2.181258 0.000000 
9 1 0 0 4 1 0 1 1 1 0.667305 0.000000 
9 1 1 1 10 2 2 3 3 1 1.452852 0.000000 
9 1 1 0 5 1 1 2 2 1 0.783416 0.000000 
9 1 0 0 2 0 2 3 3 1 0.803322 0.000000 
9 1 0 1 4 1 0 2 2 1 0.679595 0.000000 
9 1 1 0 5 1 1 2 2 1 0.601157 0.000000 
9 1 1 1 0 0 0 1 1 1 0.741373 0.000000 
9 1 1 1 0 0 0 1 1 1 0.500267 0.000000 
9 1 0 0 4 1 0 1 1 1 1.980505 0.000000 
9 1 0 0 2 0 2 3 3 1 0.762490 0.000000 
9 1 1 0 0 0 0 1 3 0 0.559719 0.000000 
9 1 0 0 13 3 1 2 1 0 0.625937 0.000000 
9 1 1 0 10 2 2 3 3 1 0.841016 0.000000 
9 1 1 0 5 1 1 2 2 1 1.419536 0.000000 
9 1 0 1 13 3 1 4 4 1 2.007416 0.000000 
9 1 0 0 2 0 2 3 3 1 0.676081 0.000000 
9 1 1 1 0 0 0 1 1 1 0.549633 0.000000 
9 1 0 1 11 2 3 3 4 0 0.875050 0.000000 
9 1 1 1 0 0 0 1 1 1 0.776473 0.000000 
9 1 1 0 5 1 1 2 2 1 0.909611 0.000000 
9 1 0 0 13 3 1 2 2 1 0.597902 0.000000 
9 1 0 0 2 0 2 3 3 1 1.098724 0.000000 
9 1 0 0 11 2 3 4 4 1 0.659797 0.000000 
9 1 1 0 5 1 1 2 3 0 0.830027 0.000000 
9 1 0 0 11 2 3 4 4 1 0.764599 0.000000 
9 1 0 1 11 2 3 3 4 0 0.634412 0.000000 
9 1 0 0 13 3 1 2 2 1 0.929322 0.000000 
9 1 0 0 4 1 0 1 1 1 0.768500 0.000000 
9 1 1 1 10 2 2 3 3 1 2.366152 0.000000 
9 1 0 1 13 3 1 4 4 1 1.396339 0.000000 
9 1 1 0 15 3 3 4 4 1 0.624489 0.000000 
9 1 0 0 11 2 3 4 4 1 1.188016 0.000000 
9 1 1 0 0 0 0 1 1 1 0.721130 0.000000 
9 1 1 0 10 2 2 3 3 1 0.872696 0.000000 
9 1 1 0 0 0 0 1 1 1 1.194348 0.000000 
9 1 1 0 15 3 3 4 4 1 0.903437 0.000000 
9 1 1 0 15 3 3 4 4 1 0.455709 0.000000 
9 1 1 0 15 3 3 4 4 1 0.417846 0.000000 
9 1 0 0 2 0 2 3 3 1 0.772315 0.000000 
9 1 0 0 4 1 0 1 2 0 0.673905 0.000000 
9 1 0 1 4 1 0 2 2 1 0.767475 0.000000 
9 1 1 1 0 0 0 1 2 0 0.444582 0.000000 
9 1 0 0 2 0 2 3 3 1 0.627390 0.000000 
9 1 0 0 11 2 3 4 4 1 0.622484 0.000000 
9 1 0 0 13 3 1 2 3 0 0.841985 0.000000 
9 1 1 0 15 3 3 4 4 1 0.543902 0.000000 
9 1 0 0 2 0 2 3 3 1 0.910295 0.000000 
9 1 0 0 4 1 0 1 2 0 0.766635 0.000000 
9 1 1 0 5 1 1 2 2 1 0.528214 0.000000 
9 1 0 1 4 1 0 2 2 1 0.743251 0.000000 
9 1 1 0 10 2 2 3 3 1 1.350185 0.000000 
9 1 1 0 10 2 2 3 3 1 0.764650 0.000000 
9 1 1 0 15 3 3 4 4 1 0.626844 0.000000 
9 1 0 0 11 2 3 4 4 1 0.365355 0.000000 
9 1 0 0 11 2 3 4 4 1 0.419492 0.000000 
9 1 1 0 15 3 3 4 4 1 0.366951 0.000000 
9 1 1 0 0 0 0 1 1 1 0.988439 0.000000 
9 1 1 0 10 2 2 3 4 0 0.753408 0.000000 
