42 1 1 0 15 3 3 4 4 1 1.315598 0.000000 
42 1 0 1 11 2 3 3 4 0 1.803872 0.000000 
42 1 1 0 15 3 3 4 4 1 0.708378 0.000000 
42 1 0 0 12 3 0 1 1 1 1.316429 0.000000 
42 1 0 1 6 1 2 2 2 1 1.868313 0.000000 
42 1 0 1 1 0 1 1 1 1 1.621362 0.000000 
42 1 0 0 1 0 1 2 2 1 2.025389 0.000000 
42 1 1 1 0 0 0 1 1 1 1.277454 0.000000 
42 1 1 1 15 3 3 4 4 1 1.415333 0.000000 
42 1 1 0 15 3 3 4 4 1 0.939924 0.000000 
42 1 0 0 1 0 1 2 2 1 1.251011 0.000000 
42 1 0 1 1 0 1 1 1 1 1.684448 0.000000 
42 1 1 1 5 1 1 2 2 1 1.877825 0.000000 
42 1 0 0 11 2 3 4 4 1 1.767963 0.000000 
42 1 0 0 6 1 2 3 3 1 1.717980 0.000000 
42 1 1 0 15 3 3 4 4 1 1.149970 0.000000 
42 1 1 1 10 2 2 3 3 1 1.868449 0.000000 
42 1 0 1 1 0 1 1 1 1 1.861529 0.000000 
42 1 1 0 10 2 2 3 3 1 1.680291 0.000000 
42 1 0 0 11 2 3 4 4 1 1.282314 0.000000 
42 1 0 0 11 2 3 4 4 1 0.843948 0.000000 
42 1 0 1 12 3 0 4 4 1 2.014505 0.000000 
42 1 1 0 0 0 0 1 1 1 1.314295 0.000000 
42 1 0 0 11 2 3 4 4 1 1.186842 0.000000 
42 1 0 1 12 3 0 4 4 1 1.823909 0.000000 
42 1 1 0 10 2 2 3 3 1 1.107971 0.000000 
42 1 1 0 0 0 0 1 1 1 1.012393 0.000000 
42 1 0 0 1 0 1 2 2 1 1.208882 0.000000 
42 1 1 0 0 0 0 1 1 1 1.101311 0.000000 
42 1 1 0 10 2 2 3 3 1 1.012691 0.000000 
42 1 1 0 0 0 0 1 1 1 1.065097 0.000000 
42 1 0 0 11 2 3 4 4 1 1.115577 0.000000 
42 1 0 0 1 0 1 2 2 1 1.420006 0.000000 
42 1 0 1 6 1 2 2 2 1 1.679869 0.000000 
42 1 0 0 6 1 2 3 3 1 1.737903 0.000000 
42 1 1 0 5 1 1 2 2 1 1.528362 0.000000 
42 1 0 0 1 0 1 2 2 1 1.016247 0.000000 
42 1 0 0 6 1 2 3 3 1 1.539938 0.000000 
42 1 0 0 12 3 0 1 1 1 1.659249 0.000000 
42 1 0 1 6 1 2 2 2 1 1.861929 0.000000 
42 1 1 1 5 1 1 2 2 1 1.455718 0.000000 
42 1 0 0 11 2 3 4 4 1 1.266274 0.000000 
42 1 0 1 6 1 2 2 2 1 2.420088 0.000000 
42 1 1 0 0 0 0 1 1 1 0.984340 0.000000 
42 1 0 0 12 3 0 1 1 1 1.525425 0.000000 
42 1 1 0 5 1 1 2 2 1 2.629521 0.000000 
42 1 1 0 0 0 0 1 134923080 0 1.017756 0.000000 
42 1 0 1 6 1 2 2 2 1 1.632403 0.000000 
42 1 1 0 0 0 0 1 1 1 1.211945 0.000000 
42 1 1 0 0 0 0 1 1 1 1.751950 0.000000 
42 1 1 0 5 1 1 2 2 1 1.606641 0.000000 
42 1 1 1 0 0 0 1 1 1 1.243243 0.000000 
42 1 0 0 6 1 2 3 3 1 1.669446 0.000000 
42 1 1 0 10 2 2 3 3 1 1.623448 0.000000 
42 1 0 0 6 1 2 3 3 1 1.091410 0.000000 
42 1 0 0 12 3 0 1 4 0 1.244505 0.000000 
42 1 0 0 11 2 3 4 4 1 1.075472 0.000000 
42 1 0 0 6 1 2 3 3 1 1.213041 0.000000 
42 1 0 0 1 0 1 2 2 1 0.960427 0.000000 
42 1 0 0 1 0 1 2 2 1 0.982866 0.000000 
42 1 1 0 5 1 1 2 2 1 0.796085 0.000000 
42 1 1 0 15 3 3 4 4 1 1.168914 0.000000 
42 1 1 1 10 2 2 3 3 1 2.326746 0.000000 
42 1 0 1 11 2 3 3 3 1 2.238959 0.000000 
42 1 0 0 12 3 0 1 1 1 1.121512 0.000000 
42 1 0 0 1 0 1 2 2 1 1.057294 0.000000 
42 1 1 0 0 0 0 1 1 1 1.147677 0.000000 
42 1 1 0 0 0 0 1 1 1 0.986835 0.000000 
42 1 0 0 12 3 0 1 1 1 1.279879 0.000000 
42 1 0 0 6 1 2 3 3 1 1.489748 0.000000 
42 1 1 1 15 3 3 4 4 1 1.121993 0.000000 
42 1 0 0 11 2 3 4 4 1 0.985705 0.000000 
42 1 1 0 5 1 1 2 2 1 1.022801 0.000000 
42 1 1 0 5 1 1 2 2 1 1.202553 0.000000 
42 1 1 1 10 2 2 3 3 1 2.599089 0.000000 
42 1 0 0 6 1 2 3 3 1 1.364024 0.000000 
42 1 1 0 5 1 1 2 2 1 0.962607 0.000000 
42 1 1 0 5 1 1 2 2 1 0.807875 0.000000 
42 1 1 0 5 1 1 2 2 1 0.860307 0.000000 
42 1 0 0 12 3 0 1 1 1 1.134603 0.000000 
42 1 0 0 6 1 2 3 3 1 1.405728 0.000000 
42 1 1 1 15 3 3 4 4 1 0.866311 0.000000 
42 1 0 0 11 2 3 4 4 1 0.931948 0.000000 
42 1 0 1 12 3 0 4 4 1 1.211676 0.000000 
42 1 1 0 0 0 0 1 1 1 0.815120 0.000000 
42 1 0 0 1 0 1 2 2 1 1.075497 0.000000 
42 1 0 0 11 2 3 4 4 1 0.821196 0.000000 
42 1 1 0 0 0 0 1 1 1 0.976835 0.000000 
42 1 1 0 15 3 3 4 4 1 0.902554 0.000000 
42 1 1 1 10 2 2 3 3 1 0.990791 0.000000 
42 1 1 1 5 1 1 2 2 1 1.130368 0.000000 
42 1 0 0 6 1 2 3 3 1 1.978250 0.000000 
42 1 1 0 15 3 3 4 4 1 0.808210 0.000000 
42 1 1 0 10 2 2 3 3 1 1.004521 0.000000 
42 1 1 0 10 2 2 3 3 1 1.016934 0.000000 
42 1 0 0 6 1 2 3 3 1 0.932652 0.000000 
42 1 0 1 1 0 1 1 1 1 1.435969 0.000000 
42 1 1 1 0 0 0 1 1 1 1.437967 0.000000 
42 1 1 1 10 2 2 3 3 1 1.865205 0.000000 
42 1 0 0 6 1 2 3 3 1 1.371892 0.000000 
42 1 0 0 11 2 3 4 4 1 0.993829 0.000000 
42 1 0 0 1 0 1 2 2 1 0.926884 0.000000 
42 1 1 0 15 3 3 4 4 1 1.110549 0.000000 
42 1 1 0 15 3 3 4 4 1 0.909939 0.000000 
42 1 0 0 12 3 0 1 1 1 1.958381 0.000000 
42 1 1 0 10 2 2 3 3 1 1.133211 0.000000 
42 1 1 0 15 3 3 4 4 1 0.932276 0.000000 
42 1 1 0 10 2 2 3 3 1 1.099983 0.000000 
42 1 1 0 5 1 1 2 2 1 0.964405 0.000000 
42 1 0 0 11 2 3 4 4 1 1.122791 0.000000 
42 1 1 1 10 2 2 3 3 1 1.425524 0.000000 
42 1 1 0 10 2 2 3 3 1 0.917430 0.000000 
42 1 0 0 1 0 1 2 2 1 0.949144 0.000000 
42 1 1 0 5 1 1 2 2 1 0.844024 0.000000 
42 1 0 0 11 2 3 4 4 1 0.910525 0.000000 
42 1 0 0 6 1 2 3 3 1 1.182927 0.000000 
42 1 1 0 10 2 2 3 3 1 0.875023 0.000000 
42 1 0 0 1 0 1 2 2 1 1.356679 0.000000 
42 1 0 0 6 1 2 3 3 1 1.003249 0.000000 
42 1 0 0 12 3 0 1 1 1 1.215614 0.000000 
42 1 1 0 0 0 0 1 1 1 1.059973 0.000000 
42 1 1 1 5 1 1 2 2 1 1.189880 0.000000 
42 1 0 1 12 3 0 4 4 1 1.803035 0.000000 
42 1 1 0 15 3 3 4 4 1 0.927691 0.000000 
42 1 0 0 6 1 2 3 3 1 1.222401 0.000000 
42 1 0 1 6 1 2 2 2 1 1.538264 0.000000 
42 1 1 0 5 1 1 2 2 1 1.209550 0.000000 
42 1 1 0 15 3 3 4 4 1 1.006028 0.000000 
42 1 1 0 0 0 0 1 1 1 0.922373 0.000000 
42 1 1 0 10 2 2 3 3 1 1.162144 0.000000 
42 1 1 0 5 1 1 2 2 1 0.871532 0.000000 
42 1 0 1 6 1 2 2 2 1 1.577173 0.000000 
42 1 1 0 15 3 3 4 4 1 0.927191 0.000000 
42 1 0 1 11 2 3 3 4 0 1.078829 0.000000 
42 1 0 0 6 1 2 3 3 1 1.228470 0.000000 
42 1 1 1 10 2 2 3 3 1 1.799993 0.000000 
42 1 0 0 1 0 1 2 2 1 1.363740 0.000000 
42 1 1 0 0 0 0 1 1 1 1.074248 0.000000 
42 1 0 0 1 0 1 2 2 1 0.892042 0.000000 
42 1 0 0 12 3 0 1 1 1 2.037067 0.000000 
42 1 0 0 6 1 2 3 3 1 1.960589 0.000000 
42 1 0 0 12 3 0 1 1 1 1.543403 0.000000 
42 1 0 1 6 1 2 2 2 1 1.997632 0.000000 
42 1 1 1 10 2 2 3 3 1 2.043145 0.000000 
42 1 1 0 15 3 3 4 4 1 1.030573 0.000000 
42 1 1 0 5 1 1 2 2 1 1.130314 0.000000 
42 1 1 0 15 3 3 4 4 1 1.002111 0.000000 
42 1 1 1 10 2 2 3 3 1 1.958552 0.000000 
42 1 1 0 10 2 2 3 3 1 1.716356 0.000000 
42 1 0 0 12 3 0 1 1 1 1.428400 0.000000 
42 1 0 0 1 0 1 2 2 1 2.840336 0.000000 
42 1 1 0 15 3 3 4 4 1 1.148038 0.000000 
42 1 1 0 15 3 3 4 4 1 0.907228 0.000000 
42 1 1 0 15 3 3 4 4 1 0.946531 0.000000 
42 1 1 0 10 2 2 3 3 1 1.577642 0.000000 
42 1 0 1 11 2 3 3 3 1 1.991532 0.000000 
42 1 1 0 15 3 3 4 4 1 1.052980 0.000000 
42 1 1 1 5 1 1 2 2 1 0.872422 0.000000 
42 1 1 0 10 2 2 3 3 1 0.905043 0.000000 
42 1 0 1 11 2 3 3 3 1 0.625329 0.000000 
42 1 0 0 6 1 2 3 3 1 0.716003 0.000000 
42 1 1 0 0 0 0 1 1 1 0.900074 0.000000 
42 1 0 1 12 3 0 4 1 0 0.459934 0.000000 
42 1 1 0 0 0 0 1 1 1 0.361919 0.000000 
42 1 0 1 11 2 3 3 3 1 1.151804 0.000000 
42 1 0 0 1 0 1 2 2 1 1.678278 0.000000 
42 1 0 0 6 1 2 3 3 1 1.280322 0.000000 
42 1 0 0 1 0 1 2 2 1 1.193125 0.000000 
42 1 0 0 1 0 1 2 2 1 0.574285 0.000000 
42 1 1 0 0 0 0 1 1 1 1.059808 0.000000 
42 1 0 0 12 3 0 1 1 1 1.998220 0.000000 
42 1 0 1 12 3 0 4 1 0 0.835703 0.000000 
42 1 1 0 5 1 1 2 2 1 1.370457 0.000000 
42 1 0 0 11 2 3 4 4 1 1.271047 0.000000 
42 1 0 1 11 2 3 3 3 1 1.648997 0.000000 
42 1 0 0 1 0 1 2 2 1 1.244143 0.000000 
42 1 0 0 12 3 0 1 1 1 1.126729 0.000000 
42 1 0 1 11 2 3 3 3 1 1.838571 0.000000 
42 1 1 0 10 2 2 3 3 1 1.017987 0.000000 
42 1 1 0 15 3 3 4 4 1 1.076712 0.000000 
42 1 1 0 15 3 3 4 4 1 0.854460 0.000000 
42 1 0 0 1 0 1 2 2 1 1.008764 0.000000 
42 1 1 0 0 0 0 1 1 1 0.869210 0.000000 
42 1 0 0 11 2 3 4 4 1 2.230912 0.000000 
42 1 1 1 0 0 0 1 1 1 1.539138 0.000000 
42 1 0 0 12 3 0 1 1 1 0.434340 0.000000 
42 1 1 0 15 3 3 4 4 1 1.676251 0.000000 
42 1 0 0 11 2 3 4 4 1 1.606217 0.000000 
42 1 1 0 0 0 0 1 1 1 1.298873 0.000000 
42 1 1 1 5 1 1 2 2 1 1.427887 0.000000 
42 1 1 0 15 3 3 4 4 1 0.975264 0.000000 
42 1 1 0 15 3 3 4 4 1 0.604915 0.000000 
42 1 1 1 0 0 0 1 1 1 1.953680 0.000000 
42 1 1 0 10 2 2 3 3 1 0.936140 0.000000 
42 1 1 0 0 0 0 1 1 1 1.798279 0.000000 
42 1 0 1 11 2 3 3 3 1 1.355604 0.000000 
42 1 0 0 6 1 2 3 3 1 1.522177 0.000000 
42 1 0 0 12 3 0 1 1 1 1.202085 0.000000 
42 1 1 0 5 1 1 2 2 1 0.910573 0.000000 
42 1 0 0 1 0 1 2 2 1 0.462910 0.000000 
42 1 1 1 10 2 2 3 3 1 2.880171 0.000000 
42 1 1 0 5 1 1 2 2 1 0.842567 0.000000 
42 1 0 1 1 0 1 1 1 1 2.109637 0.000000 
42 1 0 0 1 0 1 2 2 1 0.846431 0.000000 
42 1 1 0 10 2 2 3 3 1 1.129463 0.000000 
42 1 1 0 15 3 3 4 4 1 1.017241 0.000000 
42 1 0 0 6 1 2 3 3 1 3.252032 0.000000 
42 1 0 0 1 0 1 2 2 1 0.895274 0.000000 
42 1 0 0 6 1 2 3 3 1 0.992323 0.000000 
42 1 0 0 11 2 3 4 4 1 0.909412 0.000000 
42 1 0 1 12 3 0 4 1 0 2.053648 0.000000 
42 1 1 0 10 2 2 3 3 1 1.211724 0.000000 
42 1 0 0 12 3 0 1 1 1 0.966903 0.000000 
42 1 0 1 12 3 0 4 4 1 1.572614 0.000000 
42 1 0 0 11 2 3 4 3 0 1.178579 0.000000 
42 1 1 1 10 2 2 3 3 1 1.404241 0.000000 
42 1 0 0 6 1 2 3 3 1 0.952454 0.000000 
42 1 0 1 1 0 1 1 1 1 1.110866 0.000000 
42 1 0 0 11 2 3 4 4 1 1.343398 0.000000 
42 1 1 0 5 1 1 2 2 1 0.909550 0.000000 
42 1 0 0 11 2 3 4 4 1 1.469906 0.000000 
42 1 0 0 1 0 1 2 2 1 1.767850 0.000000 
42 1 1 0 10 2 2 3 3 1 1.173906 0.000000 
42 1 0 0 12 3 0 1 1 1 0.771575 0.000000 
42 1 0 1 1 0 1 1 1 1 1.401313 0.000000 
42 1 0 1 1 0 1 1 1 1 0.876861 0.000000 
42 1 0 0 12 3 0 1 1 1 1.078485 0.000000 
42 1 1 0 5 1 1 2 2 1 0.928292 0.000000 
42 1 0 1 6 1 2 2 2 1 1.231991 0.000000 
42 1 1 1 15 3 3 4 4 1 1.123786 0.000000 
42 1 0 0 1 0 1 2 2 1 1.891612 0.000000 
42 1 1 1 15 3 3 4 4 1 0.907969 0.000000 
42 1 0 1 1 0 1 1 1 1 1.108343 0.000000 
42 1 0 0 6 1 2 3 3 1 1.132810 0.000000 
42 1 0 0 6 1 2 3 3 1 1.035836 0.000000 
42 1 1 0 0 0 0 1 1 1 1.015035 0.000000 
42 1 1 0 0 0 0 1 1 1 0.643371 0.000000 
42 1 1 0 5 1 1 2 2 1 0.894302 0.000000 
42 1 1 1 5 1 1 2 2 1 0.998322 0.000000 
42 1 1 1 15 3 3 4 4 1 2.139401 0.000000 
42 1 1 1 0 0 0 1 1 1 0.890830 0.000000 
42 1 0 0 12 3 0 1 1 1 1.099987 0.000000 
42 1 1 0 15 3 3 4 4 1 1.116343 0.000000 
42 1 1 0 5 1 1 2 2 1 1.188137 0.000000 
42 1 1 1 15 3 3 4 4 1 0.912290 0.000000 
42 1 1 0 10 2 2 3 3 1 1.048704 0.000000 
42 1 0 0 6 1 2 3 3 1 1.363737 0.000000 
42 1 0 0 1 0 1 2 1 0 0.874278 0.000000 
42 1 0 0 6 1 2 3 3 1 1.079705 0.000000 
42 1 1 1 15 3 3 4 4 1 1.025160 0.000000 
42 1 0 0 1 0 1 2 2 1 0.988973 0.000000 
42 1 0 0 12 3 0 1 1 1 1.328978 0.000000 
42 1 0 0 6 1 2 3 3 1 1.184855 0.000000 
42 1 1 1 10 2 2 3 3 1 1.694051 0.000000 
42 1 1 0 5 1 1 2 2 1 1.319322 0.000000 
42 1 0 0 12 3 0 1 1 1 1.551223 0.000000 
42 1 0 1 1 0 1 1 1 1 1.245829 0.000000 
42 1 0 0 11 2 3 4 4 1 1.329005 0.000000 
42 1 0 0 6 1 2 3 3 1 1.223864 0.000000 
42 1 1 0 10 2 2 3 3 1 0.963663 0.000000 
42 1 1 0 10 2 2 3 3 1 0.930022 0.000000 
42 1 1 0 5 1 1 2 2 1 1.297763 0.000000 
42 1 0 1 11 2 3 3 4 0 1.250863 0.000000 
42 1 0 1 12 3 0 4 4 1 1.801199 0.000000 
42 1 1 0 15 3 3 4 4 1 1.044720 0.000000 
42 1 1 0 15 3 3 4 4 1 0.967760 0.000000 
42 1 1 1 5 1 1 2 2 1 1.285533 0.000000 
42 1 1 0 10 2 2 3 3 1 1.006714 0.000000 
42 1 1 0 0 0 0 1 1 1 1.315060 0.000000 
42 1 1 0 15 3 3 4 4 1 0.875596 0.000000 
42 1 1 0 0 0 0 1 1 1 0.741242 0.000000 
42 1 0 0 12 3 0 1 1 1 1.115211 0.000000 
42 1 1 1 15 3 3 4 4 1 0.683652 0.000000 
42 1 0 0 12 3 0 1 1 1 0.956604 0.000000 
42 1 0 0 1 0 1 2 2 1 0.906942 0.000000 
42 1 0 0 11 2 3 4 4 1 0.819287 0.000000 
42 1 1 0 5 1 1 2 2 1 0.830999 0.000000 
42 1 0 0 11 2 3 4 4 1 0.954617 0.000000 
42 1 0 0 11 2 3 4 4 1 0.912004 0.000000 
42 1 1 0 10 2 2 3 3 1 0.976359 0.000000 
42 1 1 0 5 1 1 2 2 1 0.846059 0.000000 
42 1 0 0 11 2 3 4 4 1 0.865121 0.000000 
42 1 1 0 0 0 0 1 1 1 0.859376 0.000000 
42 1 1 1 5 1 1 2 2 1 1.125725 0.000000 
42 1 0 0 6 1 2 3 3 1 1.237497 0.000000 
42 1 0 0 1 0 1 2 2 1 0.999709 0.000000 
42 1 0 0 6 1 2 3 3 1 0.948033 0.000000 
42 1 0 1 6 1 2 2 2 1 1.659106 0.000000 
42 1 1 0 5 1 1 2 2 1 0.925720 0.000000 
42 1 1 0 0 0 0 1 1 1 0.853433 0.000000 
42 1 0 0 1 0 1 2 1 0 1.503834 0.000000 
42 1 1 0 10 2 2 3 3 1 1.203215 0.000000 
42 1 1 0 15 3 3 4 4 1 1.007453 0.000000 
42 1 1 0 15 3 3 4 4 1 1.339817 0.000000 
42 1 0 0 12 3 0 1 1 1 1.307019 0.000000 
42 1 1 0 10 2 2 3 3 1 1.067524 0.000000 
42 1 1 0 10 2 2 3 3 1 0.773289 0.000000 
42 1 1 0 10 2 2 3 3 1 0.914875 0.000000 
42 1 1 1 5 1 1 2 2 1 0.850243 0.000000 
42 1 0 1 6 1 2 2 3 0 1.220624 0.000000 
42 1 0 1 6 1 2 2 2 1 1.484200 0.000000 
42 1 1 0 15 3 3 4 4 1 1.141289 0.000000 
42 1 0 0 11 2 3 4 4 1 0.892353 0.000000 
42 1 1 0 15 3 3 4 4 1 0.821308 0.000000 
42 1 1 0 10 2 2 3 3 1 0.848990 0.000000 
42 1 0 0 11 2 3 4 3 0 1.050944 0.000000 
42 1 1 0 15 3 3 4 4 1 0.881275 0.000000 
42 1 1 0 5 1 1 2 2 1 0.922628 0.000000 
42 1 0 0 11 2 3 4 4 1 1.066336 0.000000 
42 1 0 0 11 2 3 4 4 1 0.908064 0.000000 
42 1 0 0 6 1 2 3 3 1 2.404552 0.000000 
42 1 1 1 10 2 2 3 3 1 1.688490 0.000000 
42 1 0 0 1 0 1 2 2 1 1.001830 0.000000 
42 1 0 0 1 0 1 2 2 1 0.966193 0.000000 
42 1 0 1 12 3 0 4 1 0 1.235838 0.000000 
42 1 0 0 1 0 1 2 2 1 1.714877 0.000000 
42 1 1 0 0 0 0 1 1 1 0.803327 0.000000 
42 1 0 1 12 3 0 4 4 1 1.182585 0.000000 
42 1 0 0 12 3 0 1 1 1 1.019982 0.000000 
42 1 1 0 0 0 0 1 1 1 0.791489 0.000000 
42 1 0 0 12 3 0 1 1 1 0.724428 0.000000 
42 1 0 0 11 2 3 4 4 1 1.300115 0.000000 
42 1 0 1 1 0 1 1 2 0 0.908553 0.000000 
42 1 1 0 15 3 3 4 4 1 1.048761 0.000000 
42 1 1 0 10 2 2 3 3 1 1.946721 0.000000 
42 1 0 0 1 0 1 2 2 1 1.146017 0.000000 
42 1 0 0 1 0 1 2 2 1 4.097326 0.000000 
42 1 0 0 6 1 2 3 3 1 0.971543 0.000000 
42 1 0 0 11 2 3 4 3 0 1.113193 0.000000 
42 1 0 0 1 0 1 2 2 1 0.868466 0.000000 
42 1 0 0 11 2 3 4 4 1 1.733870 0.000000 
42 1 0 0 1 0 1 2 2 1 0.949289 0.000000 
42 1 1 0 5 1 1 2 2 1 0.908131 0.000000 
42 1 1 0 5 1 1 2 2 1 0.643951 0.000000 
42 1 1 0 0 0 0 1 1 1 0.942851 0.000000 
42 1 0 1 12 3 0 4 4 1 1.540949 0.000000 
42 1 1 1 5 1 1 2 2 1 0.956219 0.000000 
42 1 0 1 11 2 3 3 3 1 2.186612 0.000000 
42 1 1 0 5 1 1 2 2 1 0.808146 0.000000 
42 1 1 0 0 0 0 1 1 1 0.812437 0.000000 
42 1 1 1 15 3 3 4 4 1 0.984734 0.000000 
42 1 0 0 11 2 3 4 4 1 1.381805 0.000000 
42 1 1 0 0 0 0 1 1 1 0.898722 0.000000 
42 1 1 0 5 1 1 2 2 1 0.867740 0.000000 
42 1 1 1 15 3 3 4 4 1 1.893274 0.000000 
42 1 1 0 15 3 3 4 4 1 0.886166 0.000000 
42 1 1 1 10 2 2 3 3 1 0.855178 0.000000 
42 1 1 0 5 1 1 2 2 1 1.025482 0.000000 
42 1 0 1 12 3 0 4 4 1 1.901221 0.000000 
42 1 0 0 6 1 2 3 3 1 1.596936 0.000000 
42 1 0 0 6 1 2 3 3 1 0.618291 0.000000 
42 1 0 0 12 3 0 1 1 1 1.061911 0.000000 
42 1 1 0 10 2 2 3 3 1 0.952284 0.000000 
42 1 1 0 5 1 1 2 2 1 0.742696 0.000000 
42 1 1 0 15 3 3 4 4 1 1.117604 0.000000 
42 1 1 0 15 3 3 4 4 1 0.460444 0.000000 
42 1 1 0 0 0 0 1 1 1 0.886525 0.000000 
42 1 0 1 12 3 0 4 4 1 1.367571 0.000000 
42 1 0 0 1 0 1 2 2 1 0.973430 0.000000 
42 1 1 0 0 0 0 1 1 1 0.835208 0.000000 
42 1 1 1 10 2 2 3 3 1 1.142126 0.000000 
42 1 1 0 0 0 0 1 1 1 0.829271 0.000000 
42 1 0 0 12 3 0 1 1 1 1.032033 0.000000 
42 1 0 1 11 2 3 3 3 1 2.563786 0.000000 
42 1 1 1 10 2 2 3 3 1 1.290682 0.000000 
42 1 0 0 11 2 3 4 4 1 1.411865 0.000000 
42 1 1 0 15 3 3 4 4 1 0.488418 0.000000 
42 1 1 0 5 1 1 2 2 1 1.009265 0.000000 
42 1 0 0 6 1 2 3 3 1 1.357720 0.000000 
42 1 0 0 11 2 3 4 4 1 1.347232 0.000000 
42 1 0 0 1 0 1 2 2 1 0.858383 0.000000 
42 1 1 0 10 2 2 3 3 1 1.076806 0.000000 
42 1 1 1 15 3 3 4 4 1 1.054491 0.000000 
42 1 1 0 5 1 1 2 2 1 0.856973 0.000000 
42 1 1 0 0 0 0 1 1 1 0.899283 0.000000 
42 1 0 1 1 0 1 1 2 0 0.987189 0.000000 
42 1 1 0 10 2 2 3 3 1 1.051426 0.000000 
42 1 0 0 1 0 1 2 2 1 0.837623 0.000000 
42 1 1 0 5 1 1 2 2 1 0.896599 0.000000 
42 1 0 1 6 1 2 2 2 1 2.889786 0.000000 
42 1 0 0 12 3 0 1 1 1 2.363605 0.000000 
42 1 1 0 0 0 0 1 1 1 0.786468 0.000000 
42 1 1 0 15 3 3 4 4 1 1.046436 0.000000 
42 1 1 0 0 0 0 1 1 1 1.161527 0.000000 
