2 1 0 0 2 0 2 3 3 1 2.667001 0.000000 
2 1 1 0 5 1 1 2 2 1 0.804990 0.000000 
2 1 1 0 15 3 3 4 4 1 0.649250 0.000000 
2 1 1 1 10 2 2 3 3 1 1.748017 0.000000 
2 1 0 0 9 2 1 2 2 1 0.978796 0.000000 
2 1 1 1 5 1 1 2 2 1 1.232478 0.000000 
2 1 1 1 5 1 1 2 2 1 1.068081 0.000000 
2 1 1 0 0 0 0 1 1 1 1.180301 0.000000 
2 1 0 0 7 1 3 4 4 1 0.802023 0.000000 
2 1 1 0 0 0 0 1 1 1 0.782363 0.000000 
2 1 1 0 15 3 3 4 4 1 0.595846 0.000000 
2 1 0 0 9 2 1 2 2 1 0.816696 0.000000 
2 1 1 0 10 2 2 3 3 1 0.668358 0.000000 
2 1 0 0 2 0 2 3 3 1 0.605894 0.000000 
2 1 0 0 2 0 2 3 3 1 0.522084 0.000000 
2 1 1 0 5 1 1 2 2 1 0.656558 0.000000 
2 1 0 0 7 1 3 4 4 1 0.570787 0.000000 
2 1 1 0 15 3 3 4 4 1 0.504289 0.000000 
2 1 1 0 5 1 1 2 2 1 0.584451 0.000000 
2 1 0 0 9 2 1 2 2 1 0.549280 0.000000 
2 1 1 0 15 3 3 4 4 1 0.443943 0.000000 
2 1 1 0 10 2 2 3 2 0 0.678196 0.000000 
2 1 0 0 2 0 2 3 3 1 0.714701 0.000000 
2 1 1 0 0 0 0 1 1 1 0.642582 0.000000 
2 1 0 0 2 0 2 3 3 1 1.037774 0.000000 
2 1 1 1 10 2 2 3 3 1 1.016484 0.000000 
2 1 0 0 12 3 0 1 1 1 0.836179 0.000000 
2 1 1 0 15 3 3 4 4 1 0.551488 0.000000 
2 1 0 0 12 3 0 1 1 1 0.853291 0.000000 
2 1 1 0 15 3 3 4 4 1 0.575545 0.000000 
2 1 1 0 10 2 2 3 3 1 0.580160 0.000000 
2 1 0 0 9 2 1 2 2 1 0.641593 0.000000 
2 1 0 1 2 0 2 1 3 0 1.204534 0.000000 
2 1 0 0 9 2 1 2 2 1 0.980697 0.000000 
2 1 0 0 12 3 0 1 1 1 0.658169 0.000000 
2 1 1 0 0 0 0 1 1 1 0.900328 0.000000 
2 1 1 0 10 2 2 3 3 1 0.748643 0.000000 
2 1 1 0 10 2 2 3 3 1 0.563522 0.000000 
2 1 0 1 9 2 1 3 2 0 1.000563 0.000000 
2 1 1 0 10 2 2 3 3 1 0.624799 0.000000 
2 1 0 0 12 3 0 1 1 1 0.596068 0.000000 
2 1 1 0 0 0 0 1 1 1 0.544999 0.000000 
2 1 1 0 5 1 1 2 2 1 0.775786 0.000000 
2 1 0 1 7 1 3 2 2 1 2.517830 0.000000 
2 1 0 0 2 0 2 3 3 1 0.701686 0.000000 
2 1 0 1 12 3 0 4 4 1 1.957335 0.000000 
2 1 1 0 5 1 1 2 2 1 0.667648 0.000000 
2 1 0 0 9 2 1 2 2 1 0.685602 0.000000 
2 1 0 0 7 1 3 4 4 1 0.422124 0.000000 
2 1 0 1 2 0 2 1 1 1 1.937600 0.000000 
2 1 1 0 15 3 3 4 4 1 0.504936 0.000000 
2 1 1 1 10 2 2 3 3 1 1.521113 0.000000 
2 1 1 0 5 1 1 2 2 1 0.663896 0.000000 
2 1 1 1 15 3 3 4 4 1 1.034139 0.000000 
2 1 0 0 7 1 3 4 4 1 0.605189 0.000000 
2 1 0 0 7 1 3 4 4 1 0.449335 0.000000 
2 1 0 1 9 2 1 3 3 1 1.139858 0.000000 
2 1 1 0 5 1 1 2 2 1 0.650613 0.000000 
2 1 1 0 0 0 0 1 1 1 0.580790 0.000000 
2 1 1 0 0 0 0 1 1 1 0.577355 0.000000 
2 1 0 0 9 2 1 2 2 1 1.062859 0.000000 
2 1 1 0 15 3 3 4 4 1 0.521194 0.000000 
2 1 0 1 9 2 1 3 3 1 1.008703 0.000000 
2 1 0 0 2 0 2 3 3 1 1.204918 0.000000 
2 1 0 0 7 1 3 4 4 1 0.545475 0.000000 
2 1 1 1 15 3 3 4 4 1 0.680305 0.000000 
2 1 1 0 0 0 0 1 1 1 0.617810 0.000000 
2 1 0 0 9 2 1 2 2 1 0.916350 0.000000 
2 1 0 0 12 3 0 1 1 1 0.724228 0.000000 
2 1 0 0 2 0 2 3 3 1 0.867631 0.000000 
2 1 0 0 2 0 2 3 3 1 0.493268 0.000000 
2 1 1 0 10 2 2 3 3 1 0.614045 0.000000 
2 1 1 0 0 0 0 1 1 1 0.562180 0.000000 
2 1 0 0 2 0 2 3 3 1 0.720741 0.000000 
2 1 1 0 15 3 3 4 4 1 0.551078 0.000000 
2 1 1 0 15 3 3 4 4 1 0.509090 0.000000 
2 1 0 1 12 3 0 4 1 0 0.621305 0.000000 
2 1 1 0 10 2 2 3 3 1 0.636815 0.000000 
2 1 1 0 10 2 2 3 3 1 0.511178 0.000000 
2 1 0 1 12 3 0 4 1 0 0.679320 0.000000 
2 1 1 1 15 3 3 4 4 1 0.948996 0.000000 
2 1 0 0 2 0 2 3 3 1 0.947485 0.000000 
2 1 1 0 15 3 3 4 4 1 0.569435 0.000000 
2 1 0 0 9 2 1 2 2 1 0.782865 0.000000 
2 1 0 1 2 0 2 1 1 1 1.612132 0.000000 
2 1 0 0 12 3 0 1 1 1 0.728486 0.000000 
2 1 0 0 7 1 3 4 4 1 0.871933 0.000000 
2 1 1 0 15 3 3 4 4 1 0.489688 0.000000 
2 1 1 1 5 1 1 2 2 1 1.474567 0.000000 
2 1 0 1 7 1 3 2 4 0 0.700346 0.000000 
2 1 0 0 9 2 1 2 2 1 0.815405 0.000000 
2 1 0 0 2 0 2 3 3 1 0.883423 0.000000 
2 1 0 0 12 3 0 1 1 1 0.580383 0.000000 
2 1 0 1 12 3 0 4 4 1 1.249910 0.000000 
2 1 0 0 7 1 3 4 4 1 1.116385 0.000000 
2 1 0 0 9 2 1 2 2 1 0.828079 0.000000 
2 1 0 0 12 3 0 1 1 1 0.711697 0.000000 
2 1 0 0 9 2 1 2 2 1 0.734941 0.000000 
2 1 0 0 2 0 2 3 3 1 1.061868 0.000000 
2 1 1 0 10 2 2 3 3 1 0.576202 0.000000 
2 1 1 1 0 0 0 1 1 1 1.469720 0.000000 
2 1 1 1 0 0 0 1 1 1 0.759569 0.000000 
2 1 1 1 10 2 2 3 3 1 1.149832 0.000000 
2 1 1 0 5 1 1 2 2 1 0.612254 0.000000 
2 1 0 0 7 1 3 4 4 1 1.311426 0.000000 
2 1 0 0 7 1 3 4 4 1 0.447890 0.000000 
2 1 1 0 0 0 0 1 1 1 0.506639 0.000000 
2 1 1 0 0 0 0 1 1 1 0.562834 0.000000 
2 1 1 0 15 3 3 4 4 1 0.488947 0.000000 
2 1 0 1 9 2 1 3 3 1 1.017797 0.000000 
2 1 0 1 12 3 0 4 4 1 1.189453 0.000000 
2 1 1 1 10 2 2 3 3 1 1.010615 0.000000 
2 1 0 1 7 1 3 2 2 1 1.277964 0.000000 
2 1 1 1 5 1 1 2 2 1 0.599728 0.000000 
2 1 0 1 2 0 2 1 1 1 1.091954 0.000000 
2 1 1 0 10 2 2 3 3 1 1.117016 0.000000 
2 1 1 0 10 2 2 3 3 1 0.508615 0.000000 
2 1 1 0 10 2 2 3 3 1 0.516865 0.000000 
2 1 1 0 0 0 0 1 1 1 0.548392 0.000000 
2 1 0 0 7 1 3 4 2 0 1.018205 0.000000 
2 1 0 0 12 3 0 1 1 1 0.665668 0.000000 
2 1 1 1 15 3 3 4 4 1 0.827637 0.000000 
2 1 0 0 2 0 2 3 3 1 1.783309 0.000000 
2 1 1 1 0 0 0 1 1 1 0.764585 0.000000 
2 1 1 0 15 3 3 4 4 1 0.618823 0.000000 
2 1 0 0 2 0 2 3 3 1 0.614367 0.000000 
2 1 1 0 5 1 1 2 2 1 0.737936 0.000000 
2 1 1 0 0 0 0 1 1 1 0.680464 0.000000 
2 1 0 0 9 2 1 2 2 1 1.346014 0.000000 
2 1 1 1 15 3 3 4 4 1 0.785137 0.000000 
2 1 0 1 7 1 3 2 2 1 1.678078 0.000000 
2 1 0 0 9 2 1 2 2 1 2.240053 0.000000 
2 1 1 1 15 3 3 4 4 1 0.771522 0.000000 
2 1 1 0 15 3 3 4 4 1 0.816135 0.000000 
2 1 0 0 7 1 3 4 4 1 0.812016 0.000000 
2 1 1 1 5 1 1 2 2 1 0.872016 0.000000 
2 1 0 0 7 1 3 4 4 1 0.425641 0.000000 
2 1 1 0 5 1 1 2 2 1 0.605121 0.000000 
2 1 1 1 5 1 1 2 2 1 1.137315 0.000000 
2 1 1 1 5 1 1 2 2 1 0.784345 0.000000 
2 1 0 0 2 0 2 3 3 1 0.932350 0.000000 
2 1 1 0 5 1 1 2 2 1 0.683851 0.000000 
2 1 0 1 7 1 3 2 2 1 1.484889 0.000000 
2 1 0 0 2 0 2 3 3 1 0.838061 0.000000 
2 1 0 0 12 3 0 1 1 1 0.712991 0.000000 
2 1 1 0 0 0 0 1 1 1 0.657275 0.000000 
2 1 1 0 5 1 1 2 2 1 0.659455 0.000000 
2 1 1 1 10 2 2 3 3 1 0.837640 0.000000 
2 1 1 0 10 2 2 3 3 1 0.663611 0.000000 
2 1 1 0 5 1 1 2 2 1 0.793820 0.000000 
2 1 0 0 7 1 3 4 4 1 0.590735 0.000000 
2 1 1 0 15 3 3 4 4 1 0.483524 0.000000 
2 1 0 0 7 1 3 4 4 1 0.468406 0.000000 
2 1 1 1 0 0 0 1 1 1 0.821876 0.000000 
2 1 0 1 2 0 2 1 3 0 0.857454 0.000000 
2 1 0 0 12 3 0 1 4 0 0.727806 0.000000 
2 1 0 0 7 1 3 4 4 1 1.657716 0.000000 
2 1 1 0 5 1 1 2 2 1 0.620028 0.000000 
2 1 1 0 15 3 3 4 4 1 0.567860 0.000000 
2 1 1 0 5 1 1 2 2 1 0.597080 0.000000 
2 1 0 0 9 2 1 2 2 1 0.801938 0.000000 
2 1 0 0 2 0 2 3 3 1 0.710165 0.000000 
2 1 0 0 2 0 2 3 3 1 0.534419 0.000000 
2 1 0 1 2 0 2 1 3 0 0.876244 0.000000 
2 1 1 0 5 1 1 2 2 1 0.673681 0.000000 
2 1 0 0 12 3 0 1 1 1 0.643000 0.000000 
2 1 1 0 15 3 3 4 4 1 0.629847 0.000000 
2 1 1 0 15 3 3 4 4 1 0.449743 0.000000 
2 1 1 0 10 2 2 3 3 1 0.915765 0.000000 
2 1 0 1 2 0 2 1 1 1 1.139831 0.000000 
2 1 0 0 9 2 1 2 2 1 0.641900 0.000000 
2 1 0 1 9 2 1 3 3 1 0.996754 0.000000 
2 1 1 0 0 0 0 1 1 1 0.537765 0.000000 
2 1 1 0 15 3 3 4 4 1 0.480570 0.000000 
2 1 0 0 12 3 0 1 1 1 0.578074 0.000000 
2 1 0 0 7 1 3 4 4 1 0.927590 0.000000 
2 1 1 0 15 3 3 4 4 1 0.567225 0.000000 
2 1 1 1 10 2 2 3 3 1 1.180761 0.000000 
2 1 0 0 9 2 1 2 2 1 0.641478 0.000000 
2 1 1 0 0 0 0 1 1 1 0.524330 0.000000 
2 1 1 1 15 3 3 4 4 1 0.763838 0.000000 
2 1 0 0 9 2 1 2 2 1 0.914092 0.000000 
2 1 0 0 2 0 2 3 3 1 1.066428 0.000000 
2 1 0 0 12 3 0 1 1 1 0.580493 0.000000 
2 1 1 0 0 0 0 1 1 1 0.457625 0.000000 
2 1 0 0 7 1 3 4 4 1 0.707768 0.000000 
2 1 0 1 7 1 3 2 4 0 1.299001 0.000000 
2 1 0 0 12 3 0 1 1 1 0.655923 0.000000 
2 1 0 0 9 2 1 2 2 1 0.729869 0.000000 
2 1 0 0 7 1 3 4 4 1 0.625440 0.000000 
2 1 1 0 10 2 2 3 3 1 0.780988 0.000000 
2 1 1 0 10 2 2 3 3 1 0.538542 0.000000 
2 1 0 0 2 0 2 3 3 1 1.421275 0.000000 
2 1 1 0 10 2 2 3 3 1 0.520783 0.000000 
2 1 1 1 15 3 3 4 4 1 0.600310 0.000000 
2 1 0 0 2 0 2 3 3 1 0.619498 0.000000 
2 1 0 0 7 1 3 4 3 0 0.758987 0.000000 
2 1 0 1 9 2 1 3 3 1 1.089089 0.000000 
2 1 1 0 5 1 1 2 2 1 0.657817 0.000000 
2 1 0 0 2 0 2 3 3 1 0.684100 0.000000 
2 1 1 0 10 2 2 3 3 1 0.549000 0.000000 
2 1 0 1 7 1 3 2 4 0 1.427762 0.000000 
2 1 1 0 5 1 1 2 2 1 1.178435 0.000000 
2 1 0 0 7 1 3 4 4 1 0.679963 0.000000 
2 1 0 0 12 3 0 1 1 1 0.673498 0.000000 
2 1 0 0 2 0 2 3 3 1 0.699001 0.000000 
2 1 1 0 5 1 1 2 2 1 0.619795 0.000000 
2 1 0 1 12 3 0 4 4 1 1.718872 0.000000 
2 1 1 0 0 0 0 1 1 1 0.798751 0.000000 
2 1 0 0 9 2 1 2 2 1 1.290762 0.000000 
2 1 1 0 15 3 3 4 4 1 0.619865 0.000000 
2 1 0 0 9 2 1 2 2 1 1.391438 0.000000 
2 1 1 0 10 2 2 3 3 1 0.604558 0.000000 
2 1 0 0 12 3 0 1 1 1 0.688758 0.000000 
2 1 1 1 10 2 2 3 3 1 0.945649 0.000000 
2 1 0 0 9 2 1 2 2 1 0.656614 0.000000 
2 1 1 0 10 2 2 3 3 1 1.265929 0.000000 
2 1 1 0 5 1 1 2 2 1 0.683904 0.000000 
2 1 0 0 12 3 0 1 1 1 0.684546 0.000000 
2 1 1 0 5 1 1 2 3 0 0.765444 0.000000 
2 1 0 0 2 0 2 3 3 1 0.623665 0.000000 
2 1 0 0 7 1 3 4 4 1 0.626734 0.000000 
2 1 0 0 7 1 3 4 4 1 0.486234 0.000000 
2 1 1 0 5 1 1 2 2 1 0.631095 0.000000 
2 1 0 0 12 3 0 1 1 1 0.601653 0.000000 
2 1 1 1 0 0 0 1 1 1 0.789813 0.000000 
2 1 1 0 0 0 0 1 1 1 0.514739 0.000000 
2 1 1 0 0 0 0 1 1 1 0.530945 0.000000 
2 1 1 0 15 3 3 4 4 1 0.610374 0.000000 
2 1 0 0 7 1 3 4 4 1 0.526576 0.000000 
2 1 0 1 7 1 3 2 2 1 0.974010 0.000000 
2 1 0 0 2 0 2 3 3 1 0.803675 0.000000 
2 1 1 0 15 3 3 4 4 1 0.591013 0.000000 
2 1 0 0 12 3 0 1 1 1 0.659866 0.000000 
2 1 0 0 9 2 1 2 2 1 0.742018 0.000000 
2 1 0 0 7 1 3 4 4 1 0.604958 0.000000 
2 1 0 0 7 1 3 4 4 1 0.433153 0.000000 
2 1 1 0 15 3 3 4 4 1 0.467925 0.000000 
2 1 0 1 9 2 1 3 3 1 0.885381 0.000000 
2 1 0 1 9 2 1 3 3 1 0.701465 0.000000 
2 1 0 1 2 0 2 1 1 1 0.782602 0.000000 
2 1 0 0 12 3 0 1 1 1 0.755043 0.000000 
2 1 0 0 7 1 3 4 4 1 0.920819 0.000000 
2 1 0 1 7 1 3 2 2 1 0.848437 0.000000 
2 1 1 0 5 1 1 2 2 1 0.963371 0.000000 
2 1 0 1 2 0 2 1 3 0 0.721669 0.000000 
2 1 0 0 9 2 1 2 2 1 1.077057 0.000000 
2 1 0 0 2 0 2 3 3 1 0.733624 0.000000 
2 1 1 0 0 0 0 1 1 1 0.532463 0.000000 
2 1 1 1 5 1 1 2 2 1 0.963921 0.000000 
2 1 0 0 7 1 3 4 4 1 0.634222 0.000000 
2 1 0 0 2 0 2 3 3 1 0.701164 0.000000 
2 1 0 0 7 1 3 4 4 1 0.789402 0.000000 
2 1 0 0 9 2 1 2 2 1 1.042323 0.000000 
2 1 1 0 10 2 2 3 3 1 1.157370 0.000000 
2 1 0 1 12 3 0 4 4 1 1.554748 0.000000 
2 1 0 0 2 0 2 3 3 1 1.057353 0.000000 
2 1 1 0 0 0 0 1 1 1 0.651654 0.000000 
2 1 0 1 9 2 1 3 3 1 0.917862 0.000000 
2 1 0 0 12 3 0 1 1 1 1.253593 0.000000 
2 1 1 0 15 3 3 4 4 1 0.567936 0.000000 
2 1 1 0 5 1 1 2 2 1 0.685475 0.000000 
2 1 1 0 15 3 3 4 4 1 0.533419 0.000000 
2 1 0 0 9 2 1 2 2 1 0.828268 0.000000 
2 1 1 0 5 1 1 2 2 1 0.783857 0.000000 
2 1 0 0 2 0 2 3 3 1 0.740746 0.000000 
2 1 1 0 10 2 2 3 3 1 0.547698 0.000000 
2 1 1 0 0 0 0 1 1 1 0.594496 0.000000 
2 1 0 1 9 2 1 3 3 1 2.295399 0.000000 
2 1 1 0 10 2 2 3 3 1 0.648859 0.000000 
2 1 1 0 15 3 3 4 4 1 0.506728 0.000000 
2 1 1 0 10 2 2 3 3 1 0.586911 0.000000 
2 1 0 0 9 2 1 2 2 1 0.711744 0.000000 
2 1 0 0 12 3 0 1 1 1 0.695979 0.000000 
2 1 0 0 12 3 0 1 1 1 0.520892 0.000000 
2 1 1 0 0 0 0 1 1 1 0.512387 0.000000 
2 1 1 0 5 1 1 2 2 1 1.032519 0.000000 
2 1 1 1 10 2 2 3 3 1 0.803026 0.000000 
2 1 1 0 15 3 3 4 4 1 0.542815 0.000000 
2 1 1 1 5 1 1 2 2 1 0.813672 0.000000 
2 1 1 0 10 2 2 3 3 1 0.545796 0.000000 
2 1 1 1 0 0 0 1 1 1 0.648764 0.000000 
2 1 0 0 9 2 1 2 2 1 0.915615 0.000000 
2 1 0 0 12 3 0 1 1 1 0.675939 0.000000 
2 1 0 0 7 1 3 4 4 1 0.677468 0.000000 
2 1 1 0 15 3 3 4 4 1 0.438098 0.000000 
2 1 0 1 12 3 0 4 4 1 0.880862 0.000000 
2 1 1 0 5 1 1 2 2 1 0.698485 0.000000 
2 1 0 0 12 3 0 1 1 1 0.627314 0.000000 
2 1 0 0 12 3 0 1 1 1 0.566951 0.000000 
2 1 1 1 15 3 3 4 4 1 0.676411 0.000000 
2 1 1 0 0 0 0 1 1 1 0.533960 0.000000 
2 1 0 1 2 0 2 1 1 1 0.956734 0.000000 
2 1 0 0 12 3 0 1 4 0 1.106040 0.000000 
2 1 1 0 10 2 2 3 3 1 0.790305 0.000000 
2 1 1 0 0 0 0 1 1 1 0.586928 0.000000 
2 1 1 1 5 1 1 2 2 1 0.879840 0.000000 
2 1 1 0 10 2 2 3 3 1 0.585454 0.000000 
2 1 0 0 12 3 0 1 1 1 0.550261 0.000000 
2 1 1 0 0 0 0 1 1 1 0.564467 0.000000 
2 1 0 0 7 1 3 4 4 1 0.730601 0.000000 
2 1 1 0 0 0 0 1 1 1 0.609194 0.000000 
2 1 0 0 12 3 0 1 1 1 0.541366 0.000000 
2 1 1 1 15 3 3 4 4 1 0.740229 0.000000 
2 1 1 0 5 1 1 2 2 1 0.667166 0.000000 
2 1 0 0 9 2 1 2 2 1 0.780695 0.000000 
2 1 0 1 2 0 2 1 3 0 1.322309 0.000000 
2 1 0 1 2 0 2 1 1 1 0.589883 0.000000 
2 1 1 0 10 2 2 3 3 1 0.754502 0.000000 
2 1 0 1 9 2 1 3 3 1 0.863717 0.000000 
2 1 1 0 0 0 0 1 1 1 0.682034 0.000000 
2 1 0 0 12 3 0 1 1 1 0.635598 0.000000 
2 1 1 0 5 1 1 2 2 1 0.598462 0.000000 
2 1 1 0 15 3 3 4 4 1 0.523293 0.000000 
2 1 0 0 9 2 1 2 2 1 0.762810 0.000000 
2 1 0 1 2 0 2 1 1 1 0.888962 0.000000 
2 1 0 1 9 2 1 3 3 1 0.977987 0.000000 
2 1 0 0 2 0 2 3 1 0 0.806694 0.000000 
2 1 1 1 0 0 0 1 1 1 0.702756 0.000000 
2 1 1 0 15 3 3 4 4 1 0.574712 0.000000 
2 1 1 1 5 1 1 2 2 1 1.108259 0.000000 
2 1 0 0 2 0 2 3 3 1 0.892667 0.000000 
2 1 1 1 15 3 3 4 4 1 0.629549 0.000000 
2 1 1 1 5 1 1 2 2 1 0.857082 0.000000 
2 1 1 1 15 3 3 4 4 1 0.634403 0.000000 
2 1 0 0 12 3 0 1 1 1 0.821301 0.000000 
2 1 0 0 2 0 2 3 3 1 0.864895 0.000000 
2 1 1 0 5 1 1 2 2 1 0.587173 0.000000 
2 1 0 0 12 3 0 1 1 1 1.023981 0.000000 
2 1 1 0 0 0 0 1 1 1 0.531704 0.000000 
2 1 0 1 9 2 1 3 3 1 1.338302 0.000000 
2 1 0 1 7 1 3 2 4 0 0.841437 0.000000 
2 1 1 0 10 2 2 3 3 1 0.904138 0.000000 
2 1 0 0 12 3 0 1 1 1 0.584119 0.000000 
2 1 0 0 9 2 1 2 3 0 0.580951 0.000000 
2 1 0 0 9 2 1 2 2 1 0.790373 0.000000 
2 1 0 0 2 0 2 3 3 1 0.875045 0.000000 
2 1 1 0 0 0 0 1 1 1 0.556630 0.000000 
2 1 0 0 7 1 3 4 4 1 0.522761 0.000000 
2 1 0 1 7 1 3 2 2 1 1.081311 0.000000 
2 1 1 0 10 2 2 3 3 1 0.586946 0.000000 
2 1 1 0 5 1 1 2 2 1 0.615835 0.000000 
2 1 1 0 10 2 2 3 3 1 0.635896 0.000000 
2 1 0 0 12 3 0 1 1 1 0.638214 0.000000 
2 1 1 0 10 2 2 3 3 1 0.521127 0.000000 
2 1 1 0 0 0 0 1 1 1 0.592645 0.000000 
2 1 1 1 15 3 3 4 4 1 0.773474 0.000000 
2 1 1 0 15 3 3 4 4 1 0.587074 0.000000 
2 1 1 0 15 3 3 4 4 1 0.494858 0.000000 
2 1 1 1 15 3 3 4 4 1 0.647716 0.000000 
2 1 1 0 10 2 2 3 3 1 0.602535 0.000000 
2 1 1 0 0 0 0 1 1 1 0.558800 0.000000 
2 1 1 0 10 2 2 3 3 1 0.660894 0.000000 
2 1 0 1 12 3 0 4 4 1 1.351217 0.000000 
2 1 1 1 10 2 2 3 3 1 0.773655 0.000000 
2 1 0 0 2 0 2 3 3 1 0.698266 0.000000 
2 1 0 0 12 3 0 1 1 1 0.659152 0.000000 
2 1 1 0 5 1 1 2 2 1 0.645356 0.000000 
2 1 1 0 0 0 0 1 1 1 0.648226 0.000000 
2 1 0 0 9 2 1 2 2 1 0.923104 0.000000 
2 1 1 0 0 0 0 1 1 1 0.594731 0.000000 
2 1 1 0 5 1 1 2 2 1 0.663591 0.000000 
2 1 0 0 9 2 1 2 2 1 0.617787 0.000000 
2 1 0 0 2 0 2 3 3 1 0.644341 0.000000 
2 1 1 0 10 2 2 3 3 1 0.551207 0.000000 
2 1 1 0 0 0 0 1 1 1 0.613311 0.000000 
2 1 0 1 7 1 3 2 2 1 1.001516 0.000000 
2 1 1 0 0 0 0 1 1 1 0.661912 0.000000 
2 1 1 0 5 1 1 2 2 1 0.608019 0.000000 
2 1 1 1 5 1 1 2 2 1 0.908330 0.000000 
2 1 0 0 9 2 1 2 2 1 0.779643 0.000000 
2 1 1 1 0 0 0 1 1 1 0.665207 0.000000 
2 1 1 0 15 3 3 4 4 1 0.555391 0.000000 
2 1 1 1 10 2 2 3 3 1 0.705579 0.000000 
2 1 1 0 0 0 0 1 1 1 0.649819 0.000000 
2 1 1 0 5 1 1 2 2 1 0.651978 0.000000 
2 1 0 0 7 1 3 4 4 1 0.630250 0.000000 
2 1 0 1 12 3 0 4 4 1 1.465781 0.000000 
2 1 0 1 7 1 3 2 2 1 0.955135 0.000000 
2 1 0 0 2 0 2 3 3 1 0.664959 0.000000 
2 1 0 0 7 1 3 4 4 1 0.971217 0.000000 
2 1 0 0 9 2 1 2 2 1 0.840827 0.000000 
2 1 1 0 5 1 1 2 2 1 0.755764 0.000000 
2 1 1 1 15 3 3 4 4 1 0.794008 0.000000 
