43 1 1 1 5 1 1 2 2 1 2.937630 0.000000 
43 1 0 0 1 0 1 2 1 0 1.264989 0.000000 
43 1 0 0 14 3 2 3 3 1 2.335248 0.000000 
43 1 0 0 8 2 0 1 1 1 0.966449 0.000000 
43 1 0 0 8 2 0 1 1 1 0.732071 0.000000 
43 1 0 1 8 2 0 3 3 1 2.042666 0.000000 
43 1 0 1 8 2 0 3 3 1 0.997992 0.000000 
43 1 1 1 15 3 3 4 4 1 1.530950 0.000000 
43 1 1 0 15 3 3 4 4 1 1.378780 0.000000 
43 1 0 0 14 3 2 3 3 1 0.776555 0.000000 
43 1 0 0 8 2 0 1 1 1 0.622108 0.000000 
43 1 1 1 10 2 2 3 3 1 1.889666 0.000000 
43 1 1 0 5 1 1 2 2 1 1.505942 0.000000 
43 1 1 0 0 0 0 1 1 1 0.650411 0.000000 
43 1 1 0 0 0 0 1 1 1 0.620520 0.000000 
43 1 1 0 10 2 2 3 3 1 0.920069 0.000000 
43 1 1 0 10 2 2 3 3 1 0.639665 0.000000 
43 1 1 1 15 3 3 4 4 1 0.866477 0.000000 
43 1 0 0 1 0 1 2 2 1 1.132036 0.000000 
43 1 0 0 1 0 1 2 1 0 1.186796 0.000000 
43 1 1 0 0 0 0 1 1 1 0.835764 0.000000 
43 1 1 1 5 1 1 2 2 1 1.286257 0.000000 
43 1 0 0 1 0 1 2 2 1 1.415337 0.000000 
43 1 0 0 8 2 0 1 1 1 0.747782 0.000000 
43 1 1 0 10 2 2 3 3 1 0.906656 0.000000 
43 1 0 0 1 0 1 2 2 1 0.994868 0.000000 
43 1 0 0 1 0 1 2 2 1 0.718891 0.000000 
43 1 1 0 10 2 2 3 3 1 0.878411 0.000000 
43 1 1 1 5 1 1 2 2 1 1.680037 0.000000 
43 1 0 0 8 2 0 1 1 1 0.793878 0.000000 
43 1 0 0 14 3 2 3 3 1 1.166758 0.000000 
43 1 1 0 15 3 3 4 4 1 1.164474 0.000000 
43 1 1 0 10 2 2 3 3 1 0.770827 0.000000 
43 1 0 1 1 0 1 1 1 1 1.599349 0.000000 
43 1 0 0 7 1 3 4 4 1 0.916109 0.000000 
43 1 1 0 15 3 3 4 4 1 0.651944 0.000000 
43 1 1 0 10 2 2 3 3 1 0.630347 0.000000 
43 1 0 1 14 3 2 4 4 1 1.289842 0.000000 
43 1 0 0 8 2 0 1 1 1 0.738888 0.000000 
43 1 0 0 8 2 0 1 1 1 0.905722 0.000000 
43 1 1 0 10 2 2 3 3 1 0.769012 0.000000 
43 1 0 0 8 2 0 1 1 1 0.934538 0.000000 
43 1 0 1 7 1 3 2 2 1 1.141527 0.000000 
43 1 0 0 14 3 2 3 3 1 2.060607 0.000000 
43 1 1 0 10 2 2 3 3 1 0.863189 0.000000 
43 1 0 0 1 0 1 2 2 1 0.865441 0.000000 
43 1 0 0 7 1 3 4 4 1 0.667728 0.000000 
43 1 0 0 8 2 0 1 1 1 0.796197 0.000000 
43 1 1 1 10 2 2 3 3 1 1.385164 0.000000 
43 1 0 0 7 1 3 4 4 1 0.750243 0.000000 
43 1 1 0 15 3 3 4 4 1 0.580465 0.000000 
43 1 0 0 1 0 1 2 2 1 1.369981 0.000000 
43 1 1 0 15 3 3 4 4 1 0.751710 0.000000 
43 1 0 0 7 1 3 4 4 1 1.117960 0.000000 
43 1 0 0 14 3 2 3 3 1 0.628581 0.000000 
43 1 1 0 5 1 1 2 2 1 0.728008 0.000000 
43 1 1 0 0 0 0 1 1 1 0.655617 0.000000 
43 1 1 1 5 1 1 2 2 1 1.537798 0.000000 
43 1 0 0 8 2 0 1 1 1 0.880962 0.000000 
43 1 1 1 15 3 3 4 4 1 0.626480 0.000000 
43 1 1 1 5 1 1 2 2 1 1.038006 0.000000 
43 1 1 0 5 1 1 2 2 1 0.831990 0.000000 
43 1 0 0 7 1 3 4 4 1 0.579584 0.000000 
43 1 1 1 10 2 2 3 3 1 0.896967 0.000000 
43 1 0 0 7 1 3 4 4 1 0.609952 0.000000 
43 1 0 0 14 3 2 3 3 1 1.086146 0.000000 
43 1 0 0 7 1 3 4 4 1 1.903155 0.000000 
43 1 1 0 10 2 2 3 3 1 0.759781 0.000000 
43 1 0 0 14 3 2 3 3 1 1.125025 0.000000 
43 1 0 1 8 2 0 3 1 0 1.156594 0.000000 
43 1 1 0 15 3 3 4 4 1 0.766964 0.000000 
43 1 0 0 7 1 3 4 4 1 0.652040 0.000000 
43 1 1 0 5 1 1 2 2 1 1.310278 0.000000 
43 1 1 1 10 2 2 3 3 1 1.742709 0.000000 
43 1 0 0 1 0 1 2 2 1 1.013920 0.000000 
43 1 1 0 10 2 2 3 3 1 0.801249 0.000000 
43 1 0 0 1 0 1 2 2 1 1.245474 0.000000 
43 1 0 0 14 3 2 3 3 1 0.976468 0.000000 
43 1 0 0 7 1 3 4 4 1 0.678155 0.000000 
43 1 1 1 10 2 2 3 3 1 1.111645 0.000000 
43 1 1 0 15 3 3 4 4 1 0.672001 0.000000 
43 1 0 1 7 1 3 2 2 1 1.337518 0.000000 
43 1 1 1 5 1 1 2 2 1 1.863591 0.000000 
43 1 1 0 5 1 1 2 2 1 1.258263 0.000000 
43 1 1 1 0 0 0 1 1 1 1.436656 0.000000 
43 1 0 0 14 3 2 3 3 1 1.079791 0.000000 
43 1 1 0 5 1 1 2 2 1 1.617483 0.000000 
43 1 1 0 5 1 1 2 2 1 0.661302 0.000000 
43 1 1 1 10 2 2 3 3 1 0.934487 0.000000 
43 1 1 0 5 1 1 2 2 1 0.805396 0.000000 
43 1 1 0 15 3 3 4 4 1 0.705619 0.000000 
43 1 0 1 7 1 3 2 2 1 1.865837 0.000000 
43 1 1 1 0 0 0 1 1 1 1.556036 0.000000 
43 1 0 0 1 0 1 2 2 1 0.898316 0.000000 
43 1 1 0 15 3 3 4 4 1 0.547246 0.000000 
43 1 1 1 10 2 2 3 3 1 1.074023 0.000000 
43 1 0 0 8 2 0 1 1 1 0.786688 0.000000 
43 1 1 1 10 2 2 3 3 1 2.223646 0.000000 
43 1 1 1 15 3 3 4 4 1 0.659678 0.000000 
43 1 0 0 1 0 1 2 2 1 0.773835 0.000000 
43 1 0 0 14 3 2 3 3 1 1.107392 0.000000 
43 1 1 0 5 1 1 2 2 1 0.683704 0.000000 
43 1 0 1 1 0 1 1 2 0 1.299591 0.000000 
43 1 1 0 5 1 1 2 2 1 0.720212 0.000000 
43 1 1 0 0 0 0 1 1 1 0.551754 0.000000 
43 1 0 0 1 0 1 2 2 1 0.677834 0.000000 
43 1 1 0 15 3 3 4 4 1 0.575356 0.000000 
43 1 0 1 1 0 1 1 1 1 0.868826 0.000000 
43 1 1 0 10 2 2 3 3 1 0.838425 0.000000 
43 1 0 0 7 1 3 4 4 1 0.905317 0.000000 
43 1 1 0 5 1 1 2 2 1 0.768551 0.000000 
43 1 0 1 1 0 1 1 1 1 0.894166 0.000000 
43 1 0 1 7 1 3 2 2 1 1.343055 0.000000 
43 1 1 0 5 1 1 2 2 1 0.942165 0.000000 
43 1 0 0 14 3 2 3 3 1 1.893124 0.000000 
43 1 1 0 10 2 2 3 3 1 1.918464 0.000000 
43 1 0 1 8 2 0 3 3 1 1.149404 0.000000 
43 1 0 0 14 3 2 3 3 1 1.180195 0.000000 
43 1 1 0 0 0 0 1 1 1 0.625461 0.000000 
43 1 1 0 0 0 0 1 1 1 0.604924 0.000000 
43 1 0 0 1 0 1 2 2 1 0.729048 0.000000 
43 1 1 1 15 3 3 4 4 1 0.608552 0.000000 
43 1 0 1 14 3 2 4 4 1 1.580793 0.000000 
43 1 0 0 1 0 1 2 2 1 1.553678 0.000000 
43 1 1 1 15 3 3 4 4 1 0.840094 0.000000 
43 1 1 0 10 2 2 3 3 1 0.955024 0.000000 
43 1 0 0 14 3 2 3 3 1 0.825330 0.000000 
43 1 0 1 8 2 0 3 3 1 2.932977 0.000000 
43 1 1 0 0 0 0 1 1 1 0.892561 0.000000 
43 1 1 0 5 1 1 2 2 1 0.765543 0.000000 
43 1 1 0 10 2 2 3 3 1 0.810724 0.000000 
43 1 0 0 7 1 3 4 4 1 0.719599 0.000000 
43 1 0 0 1 0 1 2 2 1 3.438602 0.000000 
43 1 0 0 14 3 2 3 3 1 1.218348 0.000000 
43 1 1 0 15 3 3 4 4 1 0.742121 0.000000 
43 1 0 0 14 3 2 3 3 1 1.044963 0.000000 
43 1 1 0 0 0 0 1 1 1 0.678987 0.000000 
43 1 0 1 7 1 3 2 2 1 1.560474 0.000000 
43 1 0 0 1 0 1 2 2 1 0.910925 0.000000 
43 1 1 0 5 1 1 2 2 1 0.671250 0.000000 
43 1 0 0 1 0 1 2 2 1 0.640778 0.000000 
43 1 0 1 7 1 3 2 2 1 0.843589 0.000000 
43 1 0 0 1 0 1 2 2 1 0.822525 0.000000 
43 1 0 0 1 0 1 2 2 1 0.529995 0.000000 
43 1 1 0 10 2 2 3 3 1 0.792516 0.000000 
43 1 1 0 0 0 0 1 1 1 0.861368 0.000000 
43 1 0 0 8 2 0 1 1 1 1.455691 0.000000 
43 1 0 0 14 3 2 3 3 1 0.874131 0.000000 
43 1 0 0 7 1 3 4 4 1 0.891685 0.000000 
43 1 0 0 7 1 3 4 4 1 0.684638 0.000000 
43 1 1 0 10 2 2 3 3 1 0.749480 0.000000 
43 1 0 0 14 3 2 3 3 1 1.219071 0.000000 
43 1 1 0 15 3 3 4 4 1 0.686356 0.000000 
43 1 0 0 1 0 1 2 2 1 0.775257 0.000000 
43 1 0 1 1 0 1 1 1 1 0.964790 0.000000 
43 1 0 0 14 3 2 3 3 1 1.011084 0.000000 
43 1 1 0 5 1 1 2 2 1 0.687406 0.000000 
43 1 0 0 8 2 0 1 1 1 0.864172 0.000000 
43 1 0 0 1 0 1 2 2 1 0.866492 0.000000 
43 1 1 0 15 3 3 4 4 1 0.666964 0.000000 
43 1 0 1 1 0 1 1 1 1 1.692617 0.000000 
43 1 1 1 5 1 1 2 2 1 0.805813 0.000000 
43 1 0 0 7 1 3 4 4 1 0.762008 0.000000 
43 1 1 0 0 0 0 1 1 1 0.744257 0.000000 
43 1 1 0 10 2 2 3 3 1 0.815091 0.000000 
43 1 0 0 7 1 3 4 4 1 1.187353 0.000000 
43 1 1 0 15 3 3 4 4 1 0.911382 0.000000 
43 1 1 0 0 0 0 1 1 1 2.455674 0.000000 
43 1 1 0 10 2 2 3 3 1 0.714465 0.000000 
43 1 1 0 15 3 3 4 4 1 0.634680 0.000000 
43 1 1 0 15 3 3 4 4 1 0.613524 0.000000 
43 1 0 0 8 2 0 1 1 1 2.793710 0.000000 
43 1 0 0 7 1 3 4 4 1 0.878311 0.000000 
43 1 1 0 10 2 2 3 3 1 2.111966 0.000000 
43 1 1 0 10 2 2 3 3 1 0.752576 0.000000 
43 1 1 1 0 0 0 1 1 1 1.070788 0.000000 
43 1 0 1 14 3 2 4 4 1 1.128511 0.000000 
43 1 1 0 15 3 3 4 4 1 0.632115 0.000000 
43 1 1 0 0 0 0 1 1 1 0.659680 0.000000 
43 1 1 0 5 1 1 2 2 1 0.668779 0.000000 
43 1 1 1 5 1 1 2 2 1 0.822340 0.000000 
43 1 1 0 5 1 1 2 2 1 0.745872 0.000000 
43 1 1 0 15 3 3 4 4 1 1.752776 0.000000 
43 1 0 1 8 2 0 3 3 1 1.287387 0.000000 
43 1 0 0 14 3 2 3 3 1 1.224438 0.000000 
43 1 0 0 1 0 1 2 2 1 1.795243 0.000000 
43 1 0 1 1 0 1 1 1 1 0.840432 0.000000 
43 1 1 0 0 0 0 1 1 1 0.699365 0.000000 
43 1 1 1 5 1 1 2 2 1 0.955989 0.000000 
43 1 0 0 14 3 2 3 3 1 1.234430 0.000000 
43 1 1 0 0 0 0 1 1 1 0.565574 0.000000 
43 1 0 0 14 3 2 3 3 1 1.235689 0.000000 
43 1 0 0 8 2 0 1 1 1 2.728663 0.000000 
43 1 1 0 5 1 1 2 2 1 1.128700 0.000000 
43 1 1 0 15 3 3 4 4 1 0.576365 0.000000 
43 1 0 0 7 1 3 4 4 1 0.980860 0.000000 
43 1 1 0 0 0 0 1 1 1 0.618454 0.000000 
43 1 1 0 0 0 0 1 1 1 0.565943 0.000000 
43 1 0 0 7 1 3 4 4 1 0.635976 0.000000 
43 1 0 0 1 0 1 2 2 1 1.398918 0.000000 
43 1 1 0 5 1 1 2 2 1 0.691975 0.000000 
43 1 0 0 8 2 0 1 1 1 0.532862 0.000000 
43 1 0 0 8 2 0 1 1 1 0.524049 0.000000 
43 1 0 0 8 2 0 1 1 1 0.650043 0.000000 
43 1 0 0 14 3 2 3 3 1 1.116289 0.000000 
43 1 0 0 14 3 2 3 3 1 0.484158 0.000000 
43 1 1 1 10 2 2 3 3 1 1.460757 0.000000 
43 1 1 0 15 3 3 4 4 1 0.663183 0.000000 
43 1 0 0 1 0 1 2 2 1 0.729373 0.000000 
43 1 1 0 0 0 0 1 1 1 0.592947 0.000000 
43 1 1 0 10 2 2 3 3 1 0.693733 0.000000 
43 1 1 0 10 2 2 3 3 1 0.549550 0.000000 
43 1 1 1 5 1 1 2 2 1 0.988100 0.000000 
43 1 0 0 8 2 0 1 1 1 0.568648 0.000000 
43 1 0 1 14 3 2 4 4 1 1.126135 0.000000 
43 1 0 0 1 0 1 2 2 1 1.021820 0.000000 
43 1 0 0 7 1 3 4 4 1 0.689433 0.000000 
43 1 0 0 8 2 0 1 1 1 0.658303 0.000000 
43 1 0 1 7 1 3 2 2 1 1.003474 0.000000 
43 1 1 0 5 1 1 2 2 1 0.639770 0.000000 
43 1 1 0 15 3 3 4 4 1 0.994603 0.000000 
43 1 0 0 1 0 1 2 2 1 0.711569 0.000000 
43 1 1 0 5 1 1 2 2 1 0.543700 0.000000 
43 1 0 0 1 0 1 2 2 1 0.462529 0.000000 
43 1 1 0 5 1 1 2 2 1 0.432579 0.000000 
43 1 1 0 5 1 1 2 2 1 0.427996 0.000000 
43 1 0 0 8 2 0 1 1 1 0.799468 0.000000 
43 1 0 0 1 0 1 2 2 1 0.643081 0.000000 
43 1 0 0 7 1 3 4 4 1 0.709480 0.000000 
43 1 1 0 0 0 0 1 1 1 1.021706 0.000000 
43 1 1 1 0 0 0 1 1 1 0.977334 0.000000 
43 1 1 0 0 0 0 1 1 1 0.502915 0.000000 
43 1 1 1 5 1 1 2 2 1 0.791017 0.000000 
43 1 0 0 14 3 2 3 3 1 0.763967 0.000000 
43 1 1 1 10 2 2 3 3 1 0.913150 0.000000 
43 1 0 0 7 1 3 4 4 1 0.769431 0.000000 
43 1 0 0 14 3 2 3 3 1 0.726987 0.000000 
43 1 1 1 10 2 2 3 3 1 0.734489 0.000000 
43 1 1 0 10 2 2 3 3 1 0.509336 0.000000 
43 1 0 0 14 3 2 3 3 1 0.501445 0.000000 
43 1 1 0 10 2 2 3 3 1 0.469581 0.000000 
43 1 0 1 8 2 0 3 3 1 0.942976 0.000000 
43 1 0 0 1 0 1 2 2 1 0.956955 0.000000 
43 1 0 1 8 2 0 3 3 1 1.107243 0.000000 
43 1 0 1 1 0 1 1 1 1 1.147596 0.000000 
43 1 0 0 14 3 2 3 3 1 0.778602 0.000000 
43 1 0 0 8 2 0 1 1 1 0.560139 0.000000 
43 1 1 0 10 2 2 3 3 1 0.686243 0.000000 
43 1 0 0 1 0 1 2 2 1 0.687133 0.000000 
43 1 0 0 14 3 2 3 3 1 1.015033 0.000000 
43 1 1 0 10 2 2 3 3 1 0.579266 0.000000 
43 1 0 0 1 0 1 2 2 1 0.936749 0.000000 
43 1 1 1 10 2 2 3 3 1 0.719669 0.000000 
43 1 0 1 1 0 1 1 1 1 0.791210 0.000000 
43 1 0 0 14 3 2 3 3 1 0.700107 0.000000 
43 1 1 0 15 3 3 4 4 1 0.708283 0.000000 
43 1 0 0 1 0 1 2 2 1 0.604485 0.000000 
43 1 1 0 5 1 1 2 2 1 0.840672 0.000000 
43 1 1 1 5 1 1 2 2 1 0.738507 0.000000 
43 1 1 0 10 2 2 3 3 1 0.625425 0.000000 
43 1 1 0 15 3 3 4 4 1 0.612882 0.000000 
43 1 1 1 10 2 2 3 3 1 0.801000 0.000000 
43 1 0 0 14 3 2 3 3 1 0.813254 0.000000 
43 1 1 0 15 3 3 4 4 1 0.665479 0.000000 
43 1 0 0 1 0 1 2 2 1 0.715663 0.000000 
43 1 1 0 10 2 2 3 3 1 0.707848 0.000000 
43 1 0 1 14 3 2 4 4 1 1.195007 0.000000 
43 1 1 0 10 2 2 3 3 1 1.032027 0.000000 
43 1 0 0 14 3 2 3 3 1 0.579723 0.000000 
43 1 0 1 7 1 3 2 2 1 1.089195 0.000000 
43 1 0 0 7 1 3 4 4 1 0.810163 0.000000 
43 1 0 1 14 3 2 4 4 1 0.990414 0.000000 
43 1 1 0 10 2 2 3 3 1 0.723367 0.000000 
43 1 0 0 14 3 2 3 3 1 0.585890 0.000000 
43 1 1 0 5 1 1 2 2 1 0.838730 0.000000 
43 1 1 0 15 3 3 4 4 1 0.617599 0.000000 
43 1 1 0 5 1 1 2 2 1 0.693108 0.000000 
43 1 1 0 15 3 3 4 4 1 0.621966 0.000000 
43 1 1 1 0 0 0 1 1 1 0.881447 0.000000 
43 1 1 0 15 3 3 4 4 1 1.307015 0.000000 
43 1 1 0 5 1 1 2 2 1 0.706472 0.000000 
43 1 1 1 5 1 1 2 2 1 0.778624 0.000000 
43 1 1 0 15 3 3 4 4 1 0.576161 0.000000 
43 1 0 0 14 3 2 3 3 1 0.757665 0.000000 
43 1 0 1 14 3 2 4 4 1 0.795850 0.000000 
43 1 1 0 0 0 0 1 1 1 0.656774 0.000000 
43 1 1 0 15 3 3 4 4 1 0.682892 0.000000 
43 1 0 0 8 2 0 1 1 1 1.524181 0.000000 
43 1 1 0 10 2 2 3 3 1 0.986623 0.000000 
43 1 0 1 1 0 1 1 1 1 1.447572 0.000000 
43 1 0 1 8 2 0 3 3 1 1.210687 0.000000 
43 1 0 0 8 2 0 1 1 1 1.111046 0.000000 
43 1 1 1 10 2 2 3 3 1 0.815420 0.000000 
43 1 0 0 7 1 3 4 4 1 0.659646 0.000000 
43 1 1 1 0 0 0 1 1 1 1.013776 0.000000 
43 1 1 0 5 1 1 2 2 1 1.369130 0.000000 
43 1 0 0 14 3 2 3 3 1 2.238932 0.000000 
43 1 1 0 15 3 3 4 4 1 0.642324 0.000000 
43 1 0 0 14 3 2 3 3 1 0.637145 0.000000 
43 1 1 0 0 0 0 1 1 1 0.663989 0.000000 
43 1 0 0 1 0 1 2 2 1 0.642154 0.000000 
43 1 0 0 1 0 1 2 2 1 0.468983 0.000000 
43 1 1 0 0 0 0 1 1 1 0.597458 0.000000 
43 1 1 1 15 3 3 4 4 1 1.074232 0.000000 
43 1 1 0 0 0 0 1 1 1 0.707873 0.000000 
43 1 0 1 8 2 0 3 3 1 1.563979 0.000000 
43 1 1 0 15 3 3 4 4 1 0.610566 0.000000 
43 1 1 0 10 2 2 3 3 1 0.742738 0.000000 
43 1 0 1 7 1 3 2 2 1 1.317629 0.000000 
43 1 0 1 8 2 0 3 3 1 0.973371 0.000000 
43 1 1 1 5 1 1 2 2 1 0.785973 0.000000 
43 1 0 0 8 2 0 1 1 1 0.870893 0.000000 
43 1 1 0 15 3 3 4 4 1 0.624437 0.000000 
43 1 0 0 7 1 3 4 4 1 0.899948 0.000000 
43 1 1 0 10 2 2 3 3 1 1.516245 0.000000 
43 1 1 0 15 3 3 4 4 1 0.667987 0.000000 
43 1 1 0 15 3 3 4 4 1 0.645526 0.000000 
43 1 1 0 0 0 0 1 1 1 0.663385 0.000000 
43 1 1 1 10 2 2 3 3 1 1.049550 0.000000 
43 1 1 1 0 0 0 1 1 1 0.940097 0.000000 
43 1 0 0 7 1 3 4 4 1 0.746826 0.000000 
43 1 1 0 5 1 1 2 2 1 0.689687 0.000000 
43 1 0 0 1 0 1 2 2 1 0.602532 0.000000 
43 1 0 0 7 1 3 4 4 1 0.710679 0.000000 
43 1 0 0 8 2 0 1 1 1 0.710869 0.000000 
43 1 1 0 5 1 1 2 2 1 0.629994 0.000000 
43 1 1 1 15 3 3 4 4 1 0.769547 0.000000 
43 1 1 1 0 0 0 1 1 1 0.743047 0.000000 
43 1 1 0 5 1 1 2 2 1 0.589942 0.000000 
43 1 1 0 10 2 2 3 3 1 0.738779 0.000000 
43 1 0 0 8 2 0 1 1 1 0.617604 0.000000 
43 1 1 0 0 0 0 1 1 1 0.653120 0.000000 
43 1 1 0 0 0 0 1 1 1 0.647301 0.000000 
43 1 0 0 1 0 1 2 2 1 0.801111 0.000000 
43 1 0 0 8 2 0 1 1 1 0.669326 0.000000 
43 1 1 0 0 0 0 1 1 1 0.662836 0.000000 
43 1 0 0 7 1 3 4 4 1 0.648973 0.000000 
43 1 1 0 5 1 1 2 2 1 0.867831 0.000000 
43 1 1 0 15 3 3 4 4 1 0.573447 0.000000 
43 1 0 1 7 1 3 2 2 1 1.018909 0.000000 
43 1 0 0 1 0 1 2 2 1 1.381637 0.000000 
43 1 0 0 7 1 3 4 4 1 0.603273 0.000000 
43 1 1 0 10 2 2 3 3 1 0.623468 0.000000 
43 1 0 0 1 0 1 2 2 1 0.618888 0.000000 
43 1 0 0 7 1 3 4 4 1 0.582459 0.000000 
43 1 0 1 1 0 1 1 1 1 0.811918 0.000000 
43 1 0 1 14 3 2 4 4 1 0.776140 0.000000 
43 1 1 0 0 0 0 1 1 1 0.717675 0.000000 
43 1 0 0 7 1 3 4 4 1 0.645201 0.000000 
43 1 1 1 10 2 2 3 3 1 0.703000 0.000000 
43 1 0 1 7 1 3 2 2 1 1.055248 0.000000 
43 1 0 0 14 3 2 3 3 1 1.041579 0.000000 
43 1 1 0 15 3 3 4 4 1 0.564529 0.000000 
43 1 0 1 14 3 2 4 4 1 1.122597 0.000000 
43 1 0 0 8 2 0 1 1 1 1.930412 0.000000 
43 1 0 0 7 1 3 4 4 1 0.634312 0.000000 
43 1 1 0 15 3 3 4 4 1 0.692146 0.000000 
43 1 0 1 7 1 3 2 2 1 0.973012 0.000000 
43 1 0 0 1 0 1 2 2 1 1.522674 0.000000 
43 1 1 1 15 3 3 4 4 1 0.834464 0.000000 
43 1 0 1 14 3 2 4 4 1 1.037359 0.000000 
43 1 0 0 1 0 1 2 2 1 0.672339 0.000000 
43 1 0 0 14 3 2 3 3 1 0.761863 0.000000 
43 1 1 0 5 1 1 2 2 1 0.599064 0.000000 
43 1 0 1 1 0 1 1 1 1 0.739869 0.000000 
43 1 0 0 1 0 1 2 2 1 0.722753 0.000000 
43 1 0 1 8 2 0 3 3 1 1.290261 0.000000 
43 1 1 0 5 1 1 2 2 1 0.691340 0.000000 
43 1 1 1 0 0 0 1 1 1 0.772193 0.000000 
43 1 0 0 8 2 0 1 1 1 0.833718 0.000000 
43 1 0 0 8 2 0 1 1 1 0.468649 0.000000 
43 1 1 0 15 3 3 4 4 1 0.613046 0.000000 
43 1 1 0 0 0 0 1 1 1 0.657247 0.000000 
43 1 0 1 8 2 0 3 3 1 0.891394 0.000000 
43 1 1 0 5 1 1 2 2 1 0.844356 0.000000 
43 1 0 0 1 0 1 2 2 1 0.695239 0.000000 
43 1 1 0 0 0 0 1 1 1 0.544082 0.000000 
43 1 1 0 5 1 1 2 2 1 0.566865 0.000000 
43 1 1 0 15 3 3 4 4 1 0.532331 0.000000 
43 1 1 0 5 1 1 2 2 1 0.706787 0.000000 
43 1 0 0 7 1 3 4 4 1 0.810973 0.000000 
43 1 1 1 5 1 1 2 2 1 0.991199 0.000000 
43 1 1 0 15 3 3 4 4 1 0.620163 0.000000 
43 1 0 0 8 2 0 1 3 0 0.631658 0.000000 
