15 1 0 0 11 2 3 4 4 1 2.259525 0.000000 
15 1 0 1 1 0 1 1 2 0 1.198012 0.000000 
15 1 1 0 0 0 0 1 1 1 1.006986 0.000000 
15 1 0 0 12 3 0 1 1 1 0.826882 0.000000 
15 1 0 0 12 3 0 1 1 1 0.782417 0.000000 
15 1 0 0 12 3 0 1 1 1 0.788015 0.000000 
15 1 1 1 10 2 2 3 3 1 2.351969 0.000000 
15 1 0 0 1 0 1 2 1 0 1.398737 0.000000 
15 1 0 0 11 2 3 4 4 1 1.575837 0.000000 
15 1 0 0 11 2 3 4 4 1 0.901219 0.000000 
15 1 1 0 15 3 3 4 4 1 1.197447 0.000000 
15 1 0 0 1 0 1 2 2 1 2.114554 0.000000 
15 1 1 0 10 2 2 3 3 1 1.122267 0.000000 
15 1 1 0 15 3 3 4 4 1 1.025945 0.000000 
15 1 0 0 1 0 1 2 2 1 1.293578 0.000000 
15 1 1 0 15 3 3 4 4 1 0.678634 0.000000 
15 1 0 1 6 1 2 2 2 1 3.192229 0.000000 
15 1 1 0 15 3 3 4 4 1 2.205019 0.000000 
15 1 0 0 1 0 1 2 2 1 1.065746 0.000000 
15 1 0 0 1 0 1 2 2 1 0.683976 0.000000 
15 1 1 1 10 2 2 3 3 1 2.004957 0.000000 
15 1 1 1 15 3 3 4 4 1 1.841629 0.000000 
15 1 0 0 6 1 2 3 3 1 2.844993 0.000000 
15 1 1 0 10 2 2 3 3 1 2.551614 0.000000 
15 1 1 1 0 0 0 1 1 1 3.750578 0.000000 
15 1 1 0 15 3 3 4 4 1 0.989768 0.000000 
15 1 1 0 15 3 3 4 4 1 0.546781 0.000000 
15 1 1 1 15 3 3 4 4 1 1.041564 0.000000 
15 1 1 1 10 2 2 3 3 1 2.123606 0.000000 
15 1 0 1 6 1 2 2 2 1 1.811606 0.000000 
15 1 1 0 15 3 3 4 4 1 0.824263 0.000000 
15 1 0 0 6 1 2 3 3 1 1.155754 0.000000 
15 1 0 0 11 2 3 4 4 1 0.818182 0.000000 
15 1 1 0 15 3 3 4 4 1 0.613697 0.000000 
15 1 0 0 6 1 2 3 3 1 2.696994 0.000000 
15 1 1 0 5 1 1 2 3 0 0.714464 0.000000 
15 1 1 1 10 2 2 3 3 1 1.558661 0.000000 
15 1 0 0 11 2 3 4 4 1 1.100739 0.000000 
15 1 1 1 5 1 1 2 2 1 2.197069 0.000000 
15 1 0 1 1 0 1 1 1 1 1.154471 0.000000 
15 1 1 0 5 1 1 2 2 1 1.063848 0.000000 
15 1 1 1 0 0 0 1 1 1 1.026089 0.000000 
15 1 1 0 5 1 1 2 2 1 0.973839 0.000000 
15 1 0 0 6 1 2 3 3 1 1.267465 0.000000 
15 1 1 0 10 2 2 3 3 1 1.525220 0.000000 
15 1 0 0 12 3 0 1 1 1 1.701058 0.000000 
15 1 1 1 0 0 0 1 1 1 1.069640 0.000000 
15 1 0 0 6 1 2 3 3 1 2.390333 0.000000 
15 1 1 0 5 1 1 2 2 1 1.555794 0.000000 
15 1 0 0 1 0 1 2 1 0 0.938268 0.000000 
15 1 0 0 6 1 2 3 3 1 1.109158 0.000000 
15 1 1 0 10 2 2 3 3 1 1.229064 0.000000 
15 1 0 0 6 1 2 3 3 1 0.600808 0.000000 
15 1 0 0 1 0 1 2 1 0 0.651972 0.000000 
15 1 1 1 15 3 3 4 4 1 1.530082 0.000000 
15 1 1 0 5 1 1 2 2 1 2.145559 0.000000 
15 1 0 0 6 1 2 3 3 1 1.376945 0.000000 
15 1 0 0 6 1 2 3 3 1 0.590641 0.000000 
15 1 1 1 15 3 3 4 4 1 1.659527 0.000000 
15 1 1 0 10 2 2 3 3 1 1.733063 0.000000 
15 1 0 0 6 1 2 3 3 1 2.804375 0.000000 
15 1 1 0 0 0 0 1 1 1 0.641296 0.000000 
15 1 0 0 12 3 0 1 4 0 0.916107 0.000000 
15 1 1 1 10 2 2 3 3 1 2.456640 0.000000 
15 1 0 1 1 0 1 1 1 1 1.433769 0.000000 
15 1 1 0 10 2 2 3 3 1 1.172927 0.000000 
15 1 0 0 6 1 2 3 2 0 1.122628 0.000000 
15 1 0 0 1 0 1 2 2 1 2.918304 0.000000 
15 1 0 0 11 2 3 4 4 1 0.990195 0.000000 
15 1 1 0 10 2 2 3 3 1 2.587250 0.000000 
15 1 1 1 10 2 2 3 3 1 1.183694 0.000000 
15 1 0 0 6 1 2 3 3 1 1.540817 0.000000 
15 1 0 0 1 0 1 2 1 0 0.915974 0.000000 
15 1 1 0 10 2 2 3 3 1 2.552229 0.000000 
15 1 0 1 6 1 2 2 2 1 2.326714 0.000000 
15 1 1 0 15 3 3 4 4 1 1.117810 0.000000 
15 1 0 0 12 3 0 1 1 1 0.845493 0.000000 
15 1 1 1 5 1 1 2 2 1 2.312407 0.000000 
15 1 1 1 5 1 1 2 2 1 0.929208 0.000000 
15 1 0 0 6 1 2 3 3 1 1.864803 0.000000 
15 1 0 1 1 0 1 1 1 1 1.403436 0.000000 
15 1 1 1 15 3 3 4 4 1 2.190943 0.000000 
15 1 1 0 0 0 0 1 1 1 1.068326 0.000000 
15 1 1 0 5 1 1 2 2 1 1.614007 0.000000 
15 1 1 0 0 0 0 1 1 1 0.658525 0.000000 
15 1 1 0 0 0 0 1 1 1 1.012700 0.000000 
15 1 0 0 11 2 3 4 4 1 1.785006 0.000000 
15 1 0 0 6 1 2 3 3 1 2.813384 0.000000 
15 1 0 1 12 3 0 4 4 1 1.866217 0.000000 
15 1 1 0 10 2 2 3 3 1 1.572255 0.000000 
15 1 0 0 12 3 0 1 4 0 0.738012 0.000000 
15 1 1 0 15 3 3 4 4 1 1.388921 0.000000 
15 1 1 0 0 0 0 1 1 1 3.048695 0.000000 
15 1 0 0 1 0 1 2 2 1 1.444084 0.000000 
15 1 1 0 5 1 1 2 2 1 2.086840 0.000000 
15 1 1 0 5 1 1 2 2 1 0.648180 0.000000 
15 1 0 1 1 0 1 1 1 1 1.330970 0.000000 
15 1 1 1 15 3 3 4 4 1 2.090791 0.000000 
15 1 0 0 11 2 3 4 3 0 1.211192 0.000000 
15 1 0 0 12 3 0 1 1 1 1.059542 0.000000 
15 1 1 0 5 1 1 2 2 1 1.173431 0.000000 
15 1 1 1 5 1 1 2 2 1 1.947020 0.000000 
15 1 1 0 15 3 3 4 4 1 1.482455 0.000000 
15 1 0 0 6 1 2 3 3 1 1.116017 0.000000 
15 1 1 0 5 1 1 2 2 1 1.803002 0.000000 
15 1 0 1 12 3 0 4 4 1 1.951584 0.000000 
15 1 0 1 11 2 3 3 3 1 2.998296 0.000000 
15 1 1 1 10 2 2 3 3 1 3.540020 0.000000 
15 1 1 0 5 1 1 2 2 1 2.394934 0.000000 
15 1 1 0 0 0 0 1 1 1 0.800324 0.000000 
15 1 0 0 1 0 1 2 2 1 1.044656 0.000000 
15 1 0 1 12 3 0 4 4 1 1.639654 0.000000 
15 1 0 0 11 2 3 4 4 1 1.258828 0.000000 
15 1 0 0 6 1 2 3 3 1 3.141309 0.000000 
15 1 0 0 6 1 2 3 3 1 1.051921 0.000000 
15 1 1 0 15 3 3 4 4 1 0.894335 0.000000 
15 1 1 0 5 1 1 2 2 1 1.239271 0.000000 
15 1 1 0 0 0 0 1 1 1 0.690311 0.000000 
15 1 0 1 6 1 2 2 2 1 1.643207 0.000000 
15 1 1 0 0 0 0 1 1 1 1.454425 0.000000 
15 1 0 0 11 2 3 4 4 1 0.976848 0.000000 
15 1 1 0 5 1 1 2 2 1 0.901488 0.000000 
15 1 0 1 12 3 0 4 4 1 3.805907 0.000000 
15 1 1 0 0 0 0 1 1 1 0.995109 0.000000 
15 1 0 1 1 0 1 1 2 0 1.920072 0.000000 
15 1 1 0 5 1 1 2 2 1 1.196053 0.000000 
15 1 1 0 15 3 3 4 4 1 0.815623 0.000000 
15 1 0 0 1 0 1 2 2 1 1.923943 0.000000 
15 1 1 0 10 2 2 3 3 1 2.155888 0.000000 
15 1 1 0 10 2 2 3 3 1 0.978589 0.000000 
15 1 1 0 10 2 2 3 3 1 0.744234 0.000000 
15 1 1 0 15 3 3 4 4 1 1.551065 0.000000 
15 1 0 0 12 3 0 1 1 1 1.596630 0.000000 
15 1 0 0 12 3 0 1 1 1 0.609769 0.000000 
15 1 0 0 6 1 2 3 3 1 3.374058 0.000000 
15 1 1 0 15 3 3 4 4 1 0.980485 0.000000 
15 1 1 0 15 3 3 4 4 1 0.586043 0.000000 
15 1 1 0 0 0 0 1 1 1 2.743038 0.000000 
15 1 0 0 11 2 3 4 4 1 1.373627 0.000000 
15 1 0 0 6 1 2 3 3 1 1.379362 0.000000 
15 1 0 1 12 3 0 4 4 1 1.473155 0.000000 
15 1 1 0 0 0 0 1 1 1 1.106967 0.000000 
15 1 1 0 15 3 3 4 4 1 0.803280 0.000000 
15 1 1 0 0 0 0 1 1 1 0.663583 0.000000 
15 1 0 0 6 1 2 3 3 1 2.152742 0.000000 
15 1 0 0 12 3 0 1 1 1 0.879424 0.000000 
15 1 0 1 11 2 3 3 3 1 1.553019 0.000000 
15 1 0 0 1 0 1 2 2 1 1.583536 0.000000 
15 1 0 0 1 0 1 2 2 1 0.780709 0.000000 
15 1 1 0 5 1 1 2 2 1 0.730262 0.000000 
15 1 1 1 10 2 2 3 3 1 1.873857 0.000000 
15 1 0 0 11 2 3 4 4 1 1.242786 0.000000 
15 1 1 0 15 3 3 4 4 1 0.629819 0.000000 
15 1 0 1 6 1 2 2 2 1 1.689268 0.000000 
15 1 0 1 1 0 1 1 1 1 1.578569 0.000000 
15 1 0 0 1 0 1 2 2 1 1.304378 0.000000 
15 1 1 0 10 2 2 3 3 1 4.095987 0.000000 
15 1 0 0 1 0 1 2 2 1 1.209943 0.000000 
15 1 1 0 0 0 0 1 1 1 0.830371 0.000000 
15 1 1 1 5 1 1 2 2 1 1.393989 0.000000 
15 1 0 0 1 0 1 2 2 1 3.143076 0.000000 
15 1 0 0 12 3 0 1 1 1 1.942880 0.000000 
15 1 0 1 6 1 2 2 2 1 1.277174 0.000000 
15 1 0 1 6 1 2 2 2 1 1.134899 0.000000 
15 1 0 0 6 1 2 3 3 1 1.429912 0.000000 
15 1 1 0 10 2 2 3 3 1 1.897780 0.000000 
15 1 0 1 1 0 1 1 1 1 2.035069 0.000000 
15 1 1 0 10 2 2 3 3 1 1.229406 0.000000 
15 1 1 0 0 0 0 1 1 1 1.849076 0.000000 
15 1 1 0 15 3 3 4 4 1 2.276333 0.000000 
15 1 1 0 15 3 3 4 4 1 0.549842 0.000000 
15 1 0 0 11 2 3 4 4 1 0.844198 0.000000 
15 1 0 0 11 2 3 4 4 1 0.590919 0.000000 
15 1 0 0 12 3 0 1 1 1 1.515702 0.000000 
15 1 1 0 0 0 0 1 1 1 0.851005 0.000000 
15 1 1 0 10 2 2 3 3 1 1.237496 0.000000 
15 1 1 0 10 2 2 3 3 1 0.648513 0.000000 
15 1 0 1 1 0 1 1 1 1 1.251346 0.000000 
15 1 0 1 12 3 0 4 4 1 1.597778 0.000000 
15 1 0 1 1 0 1 1 2 0 1.218958 0.000000 
15 1 1 0 0 0 0 1 1 1 1.001590 0.000000 
15 1 0 0 12 3 0 1 1 1 1.133501 0.000000 
15 1 0 1 11 2 3 3 3 1 1.340528 0.000000 
15 1 1 0 15 3 3 4 4 1 0.979630 0.000000 
15 1 0 0 11 2 3 4 4 1 1.177244 0.000000 
15 1 0 0 11 2 3 4 4 1 0.494939 0.000000 
15 1 1 0 15 3 3 4 4 1 0.903720 0.000000 
15 1 0 0 11 2 3 4 4 1 1.127019 0.000000 
15 1 1 0 10 2 2 3 4 0 1.334675 0.000000 
15 1 1 0 10 2 2 3 3 1 1.065704 0.000000 
15 1 1 0 0 0 0 1 1 1 0.931602 0.000000 
15 1 0 0 11 2 3 4 4 1 1.211225 0.000000 
15 1 0 0 12 3 0 1 1 1 2.091313 0.000000 
15 1 1 0 10 2 2 3 3 1 1.308407 0.000000 
15 1 0 0 6 1 2 3 3 1 1.723880 0.000000 
15 1 0 0 12 3 0 1 1 1 1.123759 0.000000 
15 1 1 0 5 1 1 2 2 1 0.795426 0.000000 
15 1 1 0 10 2 2 3 3 1 1.072336 0.000000 
15 1 0 0 11 2 3 4 4 1 1.593992 0.000000 
15 1 1 0 15 3 3 4 4 1 0.791167 0.000000 
15 1 1 1 10 2 2 3 3 1 1.428049 0.000000 
15 1 0 0 11 2 3 4 4 1 0.902840 0.000000 
15 1 0 0 12 3 0 1 1 1 1.351118 0.000000 
15 1 0 0 6 1 2 3 3 1 1.533579 0.000000 
15 1 1 0 5 1 1 2 2 1 0.820719 0.000000 
15 1 1 0 10 2 2 3 3 1 0.712289 0.000000 
15 1 1 0 15 3 3 4 4 1 0.904508 0.000000 
15 1 0 0 11 2 3 4 4 1 1.031789 0.000000 
15 1 1 0 15 3 3 4 4 1 0.635368 0.000000 
15 1 0 0 12 3 0 1 1 1 1.710279 0.000000 
15 1 0 0 6 1 2 3 3 1 1.750825 0.000000 
15 1 0 0 11 2 3 4 4 1 0.693394 0.000000 
15 1 1 0 15 3 3 4 4 1 0.582227 0.000000 
15 1 0 0 1 0 1 2 2 1 1.035736 0.000000 
15 1 1 0 5 1 1 2 2 1 0.581688 0.000000 
15 1 0 0 6 1 2 3 3 1 1.283182 0.000000 
15 1 1 0 5 1 1 2 2 1 1.668257 0.000000 
15 1 0 1 6 1 2 2 2 1 2.422197 0.000000 
15 1 1 0 0 0 0 1 1 1 0.762305 0.000000 
15 1 1 0 15 3 3 4 4 1 0.688509 0.000000 
15 1 1 0 5 1 1 2 2 1 0.809360 0.000000 
15 1 0 0 6 1 2 3 3 1 1.164603 0.000000 
15 1 1 0 5 1 1 2 2 1 0.778934 0.000000 
15 1 1 0 0 0 0 1 1 1 2.072536 0.000000 
15 1 1 0 0 0 0 1 1 1 0.690518 0.000000 
15 1 1 0 10 2 2 3 3 1 1.939449 0.000000 
15 1 1 0 15 3 3 4 4 1 1.250731 0.000000 
15 1 1 1 0 0 0 1 1 1 1.116147 0.000000 
15 1 0 0 11 2 3 4 4 1 0.940022 0.000000 
15 1 1 0 10 2 2 3 3 1 1.642714 0.000000 
15 1 1 0 5 1 1 2 2 1 0.717953 0.000000 
15 1 0 0 1 0 1 2 2 1 0.717460 0.000000 
15 1 0 1 11 2 3 3 3 1 2.485044 0.000000 
15 1 1 1 0 0 0 1 1 1 1.886603 0.000000 
15 1 0 0 6 1 2 3 3 1 1.558857 0.000000 
15 1 0 0 12 3 0 1 1 1 1.525361 0.000000 
15 1 1 0 0 0 0 1 1 1 0.837233 0.000000 
15 1 0 0 12 3 0 1 1 1 1.112036 0.000000 
15 1 0 0 12 3 0 1 1 1 0.776464 0.000000 
15 1 0 1 6 1 2 2 2 1 1.374022 0.000000 
15 1 0 1 12 3 0 4 4 1 2.050770 0.000000 
15 1 1 0 0 0 0 1 1 1 0.925485 0.000000 
15 1 1 1 15 3 3 4 4 1 1.053103 0.000000 
15 1 1 0 5 1 1 2 2 1 0.807407 0.000000 
15 1 0 0 12 3 0 1 1 1 0.963659 0.000000 
15 1 1 0 0 0 0 1 1 1 1.161967 0.000000 
15 1 1 1 0 0 0 1 1 1 0.992257 0.000000 
15 1 1 0 10 2 2 3 3 1 1.140260 0.000000 
15 1 0 0 6 1 2 3 3 1 0.707267 0.000000 
15 1 1 0 5 1 1 2 2 1 0.835459 0.000000 
15 1 0 0 12 3 0 1 1 1 0.782353 0.000000 
15 1 0 0 6 1 2 3 3 1 0.899930 0.000000 
15 1 1 0 15 3 3 4 4 1 0.828168 0.000000 
15 1 0 1 11 2 3 3 3 1 1.199766 0.000000 
15 1 1 0 10 2 2 3 3 1 1.179148 0.000000 
15 1 0 0 12 3 0 1 1 1 1.088845 0.000000 
15 1 1 1 0 0 0 1 1 1 0.905819 0.000000 
15 1 0 1 6 1 2 2 2 1 3.298146 0.000000 
15 1 0 0 6 1 2 3 3 1 1.827994 0.000000 
15 1 0 1 6 1 2 2 2 1 1.127890 0.000000 
15 1 1 0 0 0 0 1 1 1 0.870587 0.000000 
15 1 0 0 11 2 3 4 4 1 1.000185 0.000000 
15 1 1 0 10 2 2 3 3 1 1.156471 0.000000 
15 1 1 1 15 3 3 4 4 1 2.082837 0.000000 
15 1 1 0 10 2 2 3 3 1 1.316237 0.000000 
15 1 0 0 12 3 0 1 1 1 0.996185 0.000000 
15 1 1 0 15 3 3 4 4 1 1.623967 0.000000 
15 1 0 0 11 2 3 4 4 1 1.075821 0.000000 
15 1 1 0 5 1 1 2 2 1 0.797471 0.000000 
15 1 0 0 6 1 2 3 3 1 0.962360 0.000000 
15 1 1 0 5 1 1 2 2 1 1.464664 0.000000 
15 1 0 0 12 3 0 1 1 1 0.763103 0.000000 
15 1 1 0 5 1 1 2 2 1 0.801316 0.000000 
15 1 0 0 12 3 0 1 1 1 1.924593 0.000000 
15 1 0 0 12 3 0 1 1 1 0.908536 0.000000 
15 1 0 1 11 2 3 3 3 1 1.556802 0.000000 
15 1 1 0 5 1 1 2 2 1 1.051297 0.000000 
15 1 0 0 12 3 0 1 1 1 2.637743 0.000000 
15 1 0 0 1 0 1 2 2 1 1.593290 0.000000 
15 1 0 0 1 0 1 2 2 1 0.805434 0.000000 
15 1 0 1 1 0 1 1 1 1 1.217675 0.000000 
15 1 0 0 12 3 0 1 1 1 0.925408 0.000000 
15 1 1 1 15 3 3 4 4 1 1.333021 0.000000 
15 1 0 1 6 1 2 2 2 1 1.596050 0.000000 
15 1 1 0 0 0 0 1 1 1 0.897255 0.000000 
15 1 1 0 10 2 2 3 3 1 1.273198 0.000000 
15 1 0 0 1 0 1 2 2 1 1.482981 0.000000 
15 1 1 0 0 0 0 1 1 1 0.756062 0.000000 
15 1 1 0 0 0 0 1 1 1 0.874295 0.000000 
15 1 1 0 10 2 2 3 3 1 0.843862 0.000000 
15 1 1 1 5 1 1 2 2 1 1.142788 0.000000 
15 1 1 0 10 2 2 3 3 1 0.853789 0.000000 
15 1 0 0 6 1 2 3 3 1 0.839046 0.000000 
15 1 1 1 0 0 0 1 1 1 0.929946 0.000000 
15 1 0 0 12 3 0 1 1 1 1.737569 0.000000 
15 1 1 1 10 2 2 3 3 1 1.408795 0.000000 
15 1 0 0 11 2 3 4 4 1 1.245291 0.000000 
15 1 0 0 1 0 1 2 2 1 1.344365 0.000000 
15 1 0 1 1 0 1 1 1 1 1.135423 0.000000 
15 1 1 0 15 3 3 4 4 1 0.733444 0.000000 
15 1 1 0 5 1 1 2 2 1 0.740313 0.000000 
15 1 0 1 6 1 2 2 2 1 2.051241 0.000000 
15 1 1 0 15 3 3 4 4 1 0.765899 0.000000 
15 1 0 1 1 0 1 1 1 1 2.276071 0.000000 
15 1 1 0 15 3 3 4 4 1 0.790231 0.000000 
15 1 1 1 5 1 1 2 2 1 2.050175 0.000000 
15 1 0 1 11 2 3 3 3 1 2.724886 0.000000 
15 1 1 1 10 2 2 3 3 1 1.821143 0.000000 
15 1 0 0 1 0 1 2 2 1 1.193036 0.000000 
15 1 1 0 0 0 0 1 1 1 0.734117 0.000000 
15 1 1 0 10 2 2 3 3 1 1.052977 0.000000 
15 1 0 1 11 2 3 3 3 1 1.726328 0.000000 
15 1 0 1 6 1 2 2 2 1 1.726247 0.000000 
15 1 0 0 6 1 2 3 3 1 1.870142 0.000000 
15 1 1 0 5 1 1 2 2 1 1.248075 0.000000 
15 1 0 0 1 0 1 2 2 1 1.467143 0.000000 
15 1 1 1 15 3 3 4 4 1 1.516049 0.000000 
15 1 0 0 6 1 2 3 3 1 2.068057 0.000000 
15 1 1 0 0 0 0 1 1 1 1.365880 0.000000 
15 1 1 0 0 0 0 1 1 1 1.260049 0.000000 
15 1 0 0 12 3 0 1 1 1 0.541976 0.000000 
15 1 1 1 0 0 0 1 1 1 1.028816 0.000000 
15 1 0 1 6 1 2 2 2 1 2.903543 0.000000 
15 1 0 1 6 1 2 2 2 1 1.056462 0.000000 
15 1 0 0 11 2 3 4 4 1 0.922791 0.000000 
15 1 0 0 6 1 2 3 3 1 0.842424 0.000000 
15 1 0 1 1 0 1 1 1 1 1.965377 0.000000 
15 1 1 0 15 3 3 4 4 1 1.003973 0.000000 
15 1 1 0 10 2 2 3 3 1 1.400301 0.000000 
15 1 0 0 12 3 0 1 1 1 1.963763 0.000000 
15 1 0 1 11 2 3 3 3 1 1.266390 0.000000 
15 1 1 0 10 2 2 3 3 1 0.908143 0.000000 
15 1 1 1 10 2 2 3 3 1 0.964413 0.000000 
15 1 0 0 6 1 2 3 3 1 0.970719 0.000000 
15 1 0 0 1 0 1 2 2 1 0.776324 0.000000 
15 1 1 0 5 1 1 2 2 1 0.837879 0.000000 
15 1 1 0 0 0 0 1 1 1 1.119791 0.000000 
15 1 1 0 10 2 2 3 3 1 1.015454 0.000000 
15 1 0 0 12 3 0 1 1 1 1.043758 0.000000 
15 1 0 0 12 3 0 1 1 1 0.542752 0.000000 
15 1 1 0 0 0 0 1 1 1 0.637540 0.000000 
15 1 0 0 11 2 3 4 4 1 0.816363 0.000000 
15 1 0 0 11 2 3 4 4 1 0.588119 0.000000 
15 1 0 1 11 2 3 3 3 1 1.247763 0.000000 
15 1 1 0 5 1 1 2 2 1 0.762807 0.000000 
15 1 0 0 12 3 0 1 1 1 1.377031 0.000000 
15 1 0 0 1 0 1 2 2 1 0.718741 0.000000 
15 1 1 0 0 0 0 1 1 1 0.678316 0.000000 
15 1 0 0 12 3 0 1 1 1 1.415869 0.000000 
15 1 0 1 11 2 3 3 3 1 1.572323 0.000000 
15 1 1 0 0 0 0 1 3 0 1.048464 0.000000 
15 1 0 0 1 0 1 2 2 1 0.863377 0.000000 
15 1 0 0 1 0 1 2 2 1 0.769159 0.000000 
15 1 1 0 0 0 0 1 1 1 0.782756 0.000000 
15 1 1 0 10 2 2 3 3 1 1.100097 0.000000 
15 1 1 1 0 0 0 1 1 1 1.067986 0.000000 
15 1 0 0 1 0 1 2 2 1 0.853653 0.000000 
15 1 1 0 5 1 1 2 2 1 0.766948 0.000000 
15 1 0 1 1 0 1 1 1 1 0.916433 0.000000 
15 1 1 0 10 2 2 3 3 1 0.755979 0.000000 
15 1 1 0 0 0 0 1 1 1 0.666230 0.000000 
15 1 1 0 0 0 0 1 1 1 0.660192 0.000000 
15 1 1 1 0 0 0 1 1 1 1.165960 0.000000 
15 1 0 0 11 2 3 4 4 1 0.940073 0.000000 
15 1 1 0 15 3 3 4 4 1 0.674589 0.000000 
15 1 1 1 15 3 3 4 4 1 1.275102 0.000000 
15 1 0 0 12 3 0 1 1 1 0.916851 0.000000 
15 1 0 0 6 1 2 3 3 1 1.076449 0.000000 
15 1 0 1 1 0 1 1 1 1 1.598151 0.000000 
15 1 0 0 12 3 0 1 1 1 0.987302 0.000000 
15 1 0 1 11 2 3 3 3 1 1.832669 0.000000 
15 1 0 0 11 2 3 4 4 1 0.786762 0.000000 
15 1 1 0 15 3 3 4 4 1 0.783450 0.000000 
15 1 0 0 11 2 3 4 4 1 0.548294 0.000000 
15 1 1 1 15 3 3 4 4 1 0.883118 0.000000 
15 1 0 1 11 2 3 3 3 1 0.972007 0.000000 
15 1 0 0 12 3 0 1 1 1 1.105650 0.000000 
15 1 1 0 15 3 3 4 4 1 1.586040 0.000000 
15 1 1 0 0 0 0 1 1 1 0.919182 0.000000 
15 1 1 1 10 2 2 3 3 1 1.101812 0.000000 
15 1 1 0 5 1 1 2 2 1 0.838166 0.000000 
15 1 1 0 5 1 1 2 2 1 0.729015 0.000000 
15 1 1 0 5 1 1 2 2 1 0.496577 0.000000 
15 1 0 1 11 2 3 3 3 1 1.057354 0.000000 
