25 1 0 0 1 0 1 2 2 1 1.948884 0.000000 
25 1 1 0 15 3 3 4 4 1 0.531883 0.000000 
25 1 1 1 15 3 3 4 4 1 0.418427 0.000000 
25 1 1 0 10 2 2 3 3 1 1.565997 0.000000 
25 1 0 0 8 2 0 1 1 1 0.716132 0.000000 
25 1 1 1 0 0 0 1 1 1 0.451935 0.000000 
25 1 1 0 5 1 1 2 2 1 0.573593 0.000000 
25 1 1 0 15 3 3 4 4 1 0.507050 0.000000 
25 1 0 1 14 3 2 4 3 0 0.522319 0.000000 
25 1 0 0 8 2 0 1 1 1 1.661564 0.000000 
25 1 0 1 8 2 0 3 1 0 0.447855 0.000000 
25 1 1 0 5 1 1 2 2 1 1.318738 0.000000 
25 1 1 0 0 0 0 1 1 1 0.693996 0.000000 
25 1 1 0 15 3 3 4 4 1 0.550925 0.000000 
25 1 0 0 14 3 2 3 3 1 1.485138 0.000000 
25 1 0 1 1 0 1 1 1 1 1.381362 0.000000 
25 1 0 1 7 1 3 2 3 0 1.819189 0.000000 
25 1 1 0 0 0 0 1 1 1 0.850964 0.000000 
25 1 0 0 14 3 2 3 3 1 0.980992 0.000000 
25 1 1 0 0 0 0 1 1 1 0.730688 0.000000 
25 1 0 1 1 0 1 1 1 1 1.282224 0.000000 
25 1 1 0 15 3 3 4 4 1 0.891030 0.000000 
25 1 0 0 1 0 1 2 1 0 0.779948 0.000000 
25 1 0 1 7 1 3 2 2 1 2.757716 0.000000 
25 1 1 0 0 0 0 1 1 1 0.764165 0.000000 
25 1 1 1 5 1 1 2 2 1 1.442445 0.000000 
25 1 0 0 7 1 3 4 4 1 0.885639 0.000000 
25 1 1 0 15 3 3 4 4 1 0.478591 0.000000 
25 1 1 1 10 2 2 3 3 1 1.335021 0.000000 
25 1 0 1 14 3 2 4 4 1 0.854224 0.000000 
25 1 1 0 5 1 1 2 2 1 0.624520 0.000000 
25 1 0 0 1 0 1 2 2 1 0.980032 0.000000 
25 1 0 1 7 1 3 2 2 1 1.193734 0.000000 
25 1 1 0 0 0 0 1 1 1 0.694828 0.000000 
25 1 1 0 5 1 1 2 2 1 0.591690 0.000000 
25 1 1 1 15 3 3 4 4 1 1.443638 0.000000 
25 1 0 1 8 2 0 3 3 1 1.518738 0.000000 
25 1 1 1 5 1 1 2 2 1 0.654614 0.000000 
25 1 1 0 0 0 0 1 1 1 0.680844 0.000000 
25 1 1 1 0 0 0 1 1 1 0.474267 0.000000 
25 1 0 0 14 3 2 3 3 1 2.459891 0.000000 
25 1 1 1 10 2 2 3 3 1 1.038680 0.000000 
25 1 1 0 10 2 2 3 3 1 1.048811 0.000000 
25 1 0 1 1 0 1 1 1 1 1.003867 0.000000 
25 1 1 0 0 0 0 1 1 1 0.672224 0.000000 
25 1 1 0 5 1 1 2 2 1 0.897780 0.000000 
25 1 0 0 8 2 0 1 1 1 0.714787 0.000000 
25 1 1 0 15 3 3 4 4 1 0.610961 0.000000 
25 1 1 0 0 0 0 1 1 1 0.519153 0.000000 
25 1 0 0 7 1 3 4 4 1 0.598646 0.000000 
25 1 0 1 7 1 3 2 2 1 0.778387 0.000000 
25 1 1 1 10 2 2 3 3 1 1.184043 0.000000 
25 1 1 0 15 3 3 4 4 1 0.549179 0.000000 
25 1 1 1 5 1 1 2 2 1 0.747876 0.000000 
25 1 1 0 5 1 1 2 2 1 0.530916 0.000000 
25 1 0 0 8 2 0 1 1 1 1.346451 0.000000 
25 1 1 0 10 2 2 3 3 1 0.681499 0.000000 
25 1 1 0 5 1 1 2 2 1 0.906094 0.000000 
25 1 0 0 8 2 0 1 1 1 0.626451 0.000000 
25 1 1 0 0 0 0 1 1 1 0.509950 0.000000 
25 1 1 0 10 2 2 3 3 1 0.694068 0.000000 
25 1 0 0 14 3 2 3 3 1 0.775013 0.000000 
25 1 0 0 14 3 2 3 3 1 0.492578 0.000000 
25 1 1 0 15 3 3 4 4 1 0.573403 0.000000 
25 1 0 1 14 3 2 4 4 1 1.042929 0.000000 
25 1 1 0 0 0 0 1 1 1 0.588945 0.000000 
25 1 0 0 7 1 3 4 4 1 0.601780 0.000000 
25 1 0 0 14 3 2 3 3 1 0.661988 0.000000 
25 1 1 1 10 2 2 3 3 1 0.984192 0.000000 
25 1 0 0 1 0 1 2 1 0 0.557214 0.000000 
25 1 1 0 15 3 3 4 4 1 0.647402 0.000000 
25 1 1 1 0 0 0 1 1 1 1.065779 0.000000 
25 1 0 1 8 2 0 3 3 1 1.011999 0.000000 
25 1 1 0 0 0 0 1 1 1 0.598975 0.000000 
25 1 0 1 1 0 1 1 1 1 0.995684 0.000000 
25 1 1 0 10 2 2 3 3 1 0.952702 0.000000 
25 1 0 0 8 2 0 1 1 1 0.846990 0.000000 
25 1 0 0 8 2 0 1 1 1 0.593985 0.000000 
25 1 0 0 8 2 0 1 1 1 0.406821 0.000000 
25 1 1 1 0 0 0 1 1 1 0.850085 0.000000 
25 1 0 0 7 1 3 4 4 1 0.549255 0.000000 
25 1 1 0 5 1 1 2 2 1 0.714942 0.000000 
25 1 1 1 15 3 3 4 4 1 1.307322 0.000000 
25 1 0 1 14 3 2 4 3 0 1.051787 0.000000 
25 1 0 0 7 1 3 4 4 1 1.354214 0.000000 
25 1 0 0 7 1 3 4 4 1 0.560109 0.000000 
25 1 1 0 10 2 2 3 3 1 0.878362 0.000000 
25 1 0 0 7 1 3 4 4 1 0.551959 0.000000 
25 1 0 0 8 2 0 1 1 1 0.997177 0.000000 
25 1 1 1 0 0 0 1 1 1 0.778159 0.000000 
25 1 1 0 0 0 0 1 1 1 0.511781 0.000000 
25 1 0 0 7 1 3 4 4 1 0.479899 0.000000 
25 1 1 0 15 3 3 4 4 1 0.465374 0.000000 
25 1 0 0 7 1 3 4 4 1 0.491456 0.000000 
25 1 0 0 8 2 0 1 1 1 0.700305 0.000000 
25 1 1 0 0 0 0 1 1 1 0.507626 0.000000 
25 1 0 0 14 3 2 3 3 1 0.787684 0.000000 
25 1 1 0 15 3 3 4 4 1 0.664606 0.000000 
25 1 0 1 14 3 2 4 4 1 1.114831 0.000000 
25 1 0 0 8 2 0 1 1 1 0.603236 0.000000 
25 1 1 0 0 0 0 1 1 1 0.471401 0.000000 
25 1 1 0 15 3 3 4 4 1 0.584875 0.000000 
25 1 1 0 15 3 3 4 4 1 0.469720 0.000000 
25 1 0 0 7 1 3 4 4 1 0.455196 0.000000 
25 1 0 0 1 0 1 2 2 1 0.896352 0.000000 
25 1 0 0 14 3 2 3 3 1 0.729310 0.000000 
25 1 0 0 14 3 2 3 3 1 0.464865 0.000000 
25 1 0 1 1 0 1 1 1 1 0.858979 0.000000 
25 1 1 0 10 2 2 3 3 1 0.581271 0.000000 
25 1 1 0 0 0 0 1 1 1 0.618800 0.000000 
25 1 1 0 10 2 2 3 3 1 0.542327 0.000000 
25 1 0 1 7 1 3 2 2 1 1.309186 0.000000 
25 1 1 0 5 1 1 2 1 0 0.892629 0.000000 
25 1 1 0 10 2 2 3 3 1 0.649391 0.000000 
25 1 1 1 10 2 2 3 3 1 1.163947 0.000000 
25 1 0 0 7 1 3 4 4 1 0.754431 0.000000 
25 1 0 0 14 3 2 3 3 1 0.904699 0.000000 
25 1 1 0 10 2 2 3 3 1 0.464973 0.000000 
25 1 0 0 8 2 0 1 1 1 0.619125 0.000000 
25 1 1 0 10 2 2 3 3 1 0.677646 0.000000 
25 1 0 0 14 3 2 3 3 1 0.527187 0.000000 
25 1 0 0 14 3 2 3 3 1 0.478679 0.000000 
25 1 1 0 5 1 1 2 2 1 0.624167 0.000000 
25 1 0 1 1 0 1 1 1 1 1.019646 0.000000 
25 1 0 0 14 3 2 3 3 1 0.839354 0.000000 
25 1 1 0 15 3 3 4 4 1 0.554313 0.000000 
25 1 0 0 7 1 3 4 4 1 0.528451 0.000000 
25 1 0 0 7 1 3 4 4 1 0.382967 0.000000 
25 1 1 0 0 0 0 1 1 1 0.580000 0.000000 
25 1 1 0 15 3 3 4 4 1 0.481260 0.000000 
25 1 1 0 5 1 1 2 2 1 0.922746 0.000000 
25 1 1 0 5 1 1 2 2 1 0.506362 0.000000 
25 1 0 1 7 1 3 2 2 1 1.538588 0.000000 
25 1 1 1 10 2 2 3 3 1 0.913765 0.000000 
25 1 0 0 7 1 3 4 4 1 0.745960 0.000000 
25 1 0 0 14 3 2 3 3 1 0.567927 0.000000 
25 1 1 0 0 0 0 1 1 1 0.765507 0.000000 
25 1 1 1 5 1 1 2 2 1 0.987767 0.000000 
25 1 0 0 14 3 2 3 3 1 0.720758 0.000000 
25 1 1 1 10 2 2 3 3 1 1.152344 0.000000 
25 1 1 0 5 1 1 2 2 1 0.870756 0.000000 
25 1 0 0 14 3 2 3 3 1 0.648380 0.000000 
25 1 1 1 0 0 0 1 1 1 1.010275 0.000000 
25 1 0 1 8 2 0 3 3 1 1.062606 0.000000 
25 1 0 0 7 1 3 4 4 1 1.016979 0.000000 
25 1 1 0 0 0 0 1 1 1 0.548670 0.000000 
25 1 0 0 8 2 0 1 1 1 0.603501 0.000000 
25 1 0 0 7 1 3 4 4 1 0.559671 0.000000 
25 1 0 0 7 1 3 4 4 1 0.493837 0.000000 
25 1 0 0 1 0 1 2 2 1 0.950677 0.000000 
25 1 0 0 1 0 1 2 2 1 0.755959 0.000000 
25 1 0 0 14 3 2 3 3 1 0.738263 0.000000 
25 1 1 0 0 0 0 1 1 1 0.521153 0.000000 
25 1 1 1 0 0 0 1 1 1 0.800663 0.000000 
25 1 1 1 15 3 3 4 4 1 0.732907 0.000000 
25 1 0 1 8 2 0 3 3 1 0.835994 0.000000 
25 1 0 1 1 0 1 1 2 0 0.630762 0.000000 
25 1 0 0 8 2 0 1 1 1 0.942345 0.000000 
25 1 1 0 10 2 2 3 3 1 0.715801 0.000000 
25 1 0 0 1 0 1 2 2 1 0.643881 0.000000 
25 1 1 0 10 2 2 3 3 1 0.646312 0.000000 
25 1 1 0 15 3 3 4 4 1 0.593079 0.000000 
25 1 1 0 0 0 0 1 1 1 0.837991 0.000000 
25 1 0 0 7 1 3 4 3 0 0.480933 0.000000 
25 1 1 0 15 3 3 4 4 1 0.702458 0.000000 
25 1 0 0 1 0 1 2 2 1 0.662217 0.000000 
25 1 1 0 10 2 2 3 3 1 0.647409 0.000000 
25 1 1 0 0 0 0 1 1 1 0.546268 0.000000 
25 1 0 1 14 3 2 4 4 1 0.769054 0.000000 
25 1 0 0 1 0 1 2 2 1 0.670705 0.000000 
25 1 1 0 15 3 3 4 4 1 0.584251 0.000000 
25 1 0 1 1 0 1 1 1 1 0.973056 0.000000 
25 1 0 0 14 3 2 3 3 1 0.666782 0.000000 
25 1 0 0 8 2 0 1 1 1 0.635382 0.000000 
25 1 0 0 7 1 3 4 4 1 0.622149 0.000000 
25 1 0 0 7 1 3 4 4 1 0.561721 0.000000 
25 1 1 0 10 2 2 3 3 1 0.791845 0.000000 
25 1 0 0 1 0 1 2 2 1 0.620817 0.000000 
25 1 0 0 7 1 3 4 4 1 0.832359 0.000000 
25 1 0 0 14 3 2 3 3 1 0.579941 0.000000 
25 1 1 0 10 2 2 3 3 1 0.521448 0.000000 
25 1 1 0 5 1 1 2 2 1 0.624949 0.000000 
25 1 1 0 5 1 1 2 2 1 0.523477 0.000000 
25 1 1 0 10 2 2 3 3 1 0.570975 0.000000 
25 1 0 0 8 2 0 1 1 1 0.592479 0.000000 
25 1 0 0 7 1 3 4 4 1 0.493327 0.000000 
25 1 1 0 0 0 0 1 1 1 0.534150 0.000000 
25 1 0 0 8 2 0 1 1 1 0.556972 0.000000 
25 1 1 1 15 3 3 4 4 1 0.867140 0.000000 
25 1 1 0 5 1 1 2 2 1 0.708781 0.000000 
25 1 0 0 8 2 0 1 1 1 0.587963 0.000000 
25 1 0 0 8 2 0 1 1 1 0.528842 0.000000 
25 1 1 1 15 3 3 4 4 1 4.188646 0.000000 
25 1 0 1 8 2 0 3 3 1 0.985526 0.000000 
25 1 0 0 1 0 1 2 2 1 0.750577 0.000000 
25 1 1 0 15 3 3 4 4 1 0.692825 0.000000 
25 1 0 0 14 3 2 3 3 1 0.685715 0.000000 
25 1 1 0 15 3 3 4 4 1 0.646604 0.000000 
25 1 1 1 5 1 1 2 2 1 0.689468 0.000000 
25 1 0 1 7 1 3 2 2 1 0.770321 0.000000 
25 1 1 0 10 2 2 3 3 1 0.639945 0.000000 
25 1 1 0 0 0 0 1 1 1 0.673847 0.000000 
25 1 1 1 15 3 3 4 4 1 0.859361 0.000000 
25 1 1 0 10 2 2 3 3 1 0.621665 0.000000 
25 1 1 0 5 1 1 2 2 1 0.705201 0.000000 
25 1 1 1 5 1 1 2 2 1 0.873409 0.000000 
25 1 1 0 10 2 2 3 3 1 0.619023 0.000000 
25 1 1 0 0 0 0 1 1 1 0.557642 0.000000 
25 1 1 0 5 1 1 2 2 1 0.683791 0.000000 
25 1 1 0 10 2 2 3 3 1 0.628669 0.000000 
25 1 1 0 5 1 1 2 2 1 0.584187 0.000000 
25 1 0 0 8 2 0 1 1 1 0.636945 0.000000 
25 1 0 0 1 0 1 2 2 1 0.823944 0.000000 
25 1 0 0 7 1 3 4 4 1 0.627519 0.000000 
25 1 1 0 0 0 0 1 2 0 0.623004 0.000000 
25 1 0 1 8 2 0 3 3 1 1.078327 0.000000 
25 1 1 0 0 0 0 1 1 1 0.646837 0.000000 
25 1 0 1 1 0 1 1 1 1 0.945691 0.000000 
25 1 1 1 15 3 3 4 4 1 0.728703 0.000000 
25 1 0 0 8 2 0 1 1 1 0.720272 0.000000 
25 1 1 0 5 1 1 2 2 1 0.623850 0.000000 
25 1 1 1 5 1 1 2 2 1 1.035414 0.000000 
25 1 0 0 8 2 0 1 1 1 0.694415 0.000000 
25 1 0 0 14 3 2 3 3 1 3.134426 0.000000 
25 1 1 0 15 3 3 4 4 1 0.838214 0.000000 
25 1 1 0 0 0 0 1 1 1 0.625129 0.000000 
25 1 0 0 7 1 3 4 4 1 0.868679 0.000000 
25 1 1 0 10 2 2 3 3 1 0.638252 0.000000 
25 1 0 1 14 3 2 4 4 1 0.801163 0.000000 
25 1 0 0 7 1 3 4 4 1 0.597429 0.000000 
25 1 1 0 15 3 3 4 4 1 0.673272 0.000000 
25 1 0 0 14 3 2 3 3 1 0.858843 0.000000 
25 1 0 0 8 2 0 1 1 1 1.093147 0.000000 
25 1 0 1 14 3 2 4 4 1 1.006198 0.000000 
25 1 0 0 14 3 2 3 3 1 0.978566 0.000000 
25 1 1 1 5 1 1 2 2 1 1.040174 0.000000 
25 1 1 1 15 3 3 4 4 1 0.963229 0.000000 
25 1 1 0 0 0 0 1 1 1 0.608590 0.000000 
25 1 1 0 0 0 0 1 1 1 0.556766 0.000000 
25 1 0 0 7 1 3 4 3 0 0.954940 0.000000 
25 1 1 0 15 3 3 4 4 1 1.261037 0.000000 
25 1 1 1 5 1 1 2 2 1 1.343273 0.000000 
25 1 1 0 5 1 1 2 2 1 0.710406 0.000000 
25 1 1 0 10 2 2 3 3 1 0.742642 0.000000 
25 1 1 0 15 3 3 4 4 1 0.620509 0.000000 
25 1 1 0 15 3 3 4 4 1 0.568029 0.000000 
25 1 0 0 14 3 2 3 3 1 0.877604 0.000000 
25 1 1 1 10 2 2 3 3 1 1.047310 0.000000 
25 1 1 0 5 1 1 2 2 1 0.706322 0.000000 
25 1 1 1 15 3 3 4 4 1 0.874485 0.000000 
25 1 0 0 7 1 3 4 3 0 0.668125 0.000000 
25 1 0 0 8 2 0 1 1 1 1.136757 0.000000 
25 1 0 0 1 0 1 2 2 1 0.719289 0.000000 
25 1 1 0 10 2 2 3 3 1 0.734877 0.000000 
25 1 1 0 5 1 1 2 2 1 0.581783 0.000000 
25 1 0 0 1 0 1 2 2 1 0.683275 0.000000 
25 1 0 0 8 2 0 1 1 1 0.716171 0.000000 
25 1 0 0 7 1 3 4 4 1 1.396012 0.000000 
25 1 1 0 0 0 0 1 1 1 0.648919 0.000000 
25 1 0 1 14 3 2 4 4 1 0.834740 0.000000 
25 1 1 0 5 1 1 2 2 1 0.565743 0.000000 
25 1 0 1 1 0 1 1 1 1 0.811887 0.000000 
25 1 0 0 8 2 0 1 1 1 0.656171 0.000000 
25 1 1 0 15 3 3 4 4 1 0.618392 0.000000 
25 1 0 0 8 2 0 1 1 1 0.573908 0.000000 
25 1 0 0 8 2 0 1 1 1 0.459422 0.000000 
25 1 0 1 8 2 0 3 3 1 0.989548 0.000000 
25 1 0 1 8 2 0 3 3 1 0.705536 0.000000 
25 1 1 0 15 3 3 4 4 1 0.609817 0.000000 
25 1 0 0 1 0 1 2 2 1 0.693988 0.000000 
25 1 1 0 15 3 3 4 4 1 0.678892 0.000000 
25 1 1 0 0 0 0 1 1 1 0.688425 0.000000 
25 1 1 0 5 1 1 2 2 1 1.609371 0.000000 
25 1 0 1 7 1 3 2 2 1 1.013904 0.000000 
25 1 1 0 10 2 2 3 3 1 0.721305 0.000000 
25 1 0 1 1 0 1 1 1 1 1.208843 0.000000 
25 1 1 0 0 0 0 1 1 1 0.677274 0.000000 
25 1 1 1 5 1 1 2 2 1 0.782813 0.000000 
25 1 1 0 0 0 0 1 1 1 0.764023 0.000000 
25 1 1 0 5 1 1 2 2 1 0.665984 0.000000 
25 1 0 0 8 2 0 1 1 1 0.604033 0.000000 
25 1 0 0 14 3 2 3 3 1 1.118872 0.000000 
25 1 1 0 0 0 0 1 1 1 0.710438 0.000000 
25 1 1 0 0 0 0 1 1 1 0.526713 0.000000 
25 1 1 0 15 3 3 4 4 1 0.526191 0.000000 
25 1 1 0 0 0 0 1 1 1 0.637703 0.000000 
25 1 0 0 8 2 0 1 1 1 0.856563 0.000000 
25 1 0 0 14 3 2 3 3 1 0.810864 0.000000 
25 1 0 0 7 1 3 4 4 1 0.855125 0.000000 
25 1 0 0 7 1 3 4 4 1 0.585407 0.000000 
25 1 0 1 8 2 0 3 3 1 0.965234 0.000000 
25 1 1 0 15 3 3 4 4 1 0.571590 0.000000 
25 1 0 0 1 0 1 2 2 1 0.649034 0.000000 
25 1 1 0 5 1 1 2 2 1 0.675941 0.000000 
25 1 1 0 5 1 1 2 2 1 0.669529 0.000000 
25 1 1 0 5 1 1 2 2 1 0.655009 0.000000 
25 1 0 0 1 0 1 2 2 1 0.665294 0.000000 
25 1 1 0 0 0 0 1 1 1 0.675463 0.000000 
25 1 1 0 10 2 2 3 3 1 0.676020 0.000000 
25 1 0 0 7 1 3 4 4 1 0.701602 0.000000 
25 1 0 0 8 2 0 1 1 1 0.997843 0.000000 
25 1 0 0 7 1 3 4 3 0 0.954845 0.000000 
25 1 0 1 7 1 3 2 2 1 1.100969 0.000000 
25 1 0 0 1 0 1 2 2 1 0.885045 0.000000 
25 1 1 0 10 2 2 3 3 1 1.422065 0.000000 
25 1 0 0 14 3 2 3 3 1 0.936781 0.000000 
25 1 1 0 5 1 1 2 2 1 0.839265 0.000000 
25 1 1 1 0 0 0 1 1 1 1.034230 0.000000 
25 1 0 0 1 0 1 2 2 1 0.741263 0.000000 
25 1 0 0 14 3 2 3 3 1 1.812102 0.000000 
25 1 0 1 1 0 1 1 2 0 0.896755 0.000000 
25 1 1 1 10 2 2 3 3 1 0.845573 0.000000 
25 1 1 0 0 0 0 1 1 1 0.639243 0.000000 
25 1 1 0 5 1 1 2 2 1 0.730186 0.000000 
25 1 0 0 8 2 0 1 1 1 0.969743 0.000000 
25 1 1 0 0 0 0 1 1 1 0.519398 0.000000 
25 1 0 0 7 1 3 4 4 1 0.678855 0.000000 
25 1 0 0 14 3 2 3 3 1 0.648450 0.000000 
25 1 1 1 10 2 2 3 3 1 1.563349 0.000000 
25 1 0 0 7 1 3 4 4 1 0.689913 0.000000 
25 1 1 0 0 0 0 1 1 1 0.721798 0.000000 
25 1 0 0 8 2 0 1 1 1 0.537342 0.000000 
25 1 1 1 5 1 1 2 2 1 0.856138 0.000000 
25 1 0 0 7 1 3 4 4 1 1.698523 0.000000 
25 1 1 0 10 2 2 3 3 1 1.163706 0.000000 
25 1 0 1 8 2 0 3 1 0 1.201252 0.000000 
25 1 0 1 7 1 3 2 2 1 0.857606 0.000000 
25 1 1 0 15 3 3 4 4 1 0.851455 0.000000 
25 1 1 0 15 3 3 4 4 1 0.645744 0.000000 
25 1 0 0 8 2 0 1 1 1 0.752622 0.000000 
25 1 0 1 8 2 0 3 3 1 2.102913 0.000000 
25 1 1 0 0 0 0 1 1 1 0.615662 0.000000 
25 1 1 0 0 0 0 1 1 1 0.459862 0.000000 
25 1 1 0 15 3 3 4 4 1 0.557974 0.000000 
25 1 0 1 1 0 1 1 1 1 0.787087 0.000000 
25 1 1 0 0 0 0 1 1 1 0.672045 0.000000 
25 1 1 0 0 0 0 1 1 1 0.665635 0.000000 
25 1 0 0 14 3 2 3 3 1 1.067882 0.000000 
25 1 0 0 1 0 1 2 2 1 0.685574 0.000000 
25 1 1 0 15 3 3 4 4 1 0.742460 0.000000 
25 1 0 1 1 0 1 1 1 1 0.756407 0.000000 
25 1 0 0 14 3 2 3 3 1 0.738575 0.000000 
25 1 0 0 7 1 3 4 4 1 0.601511 0.000000 
25 1 0 0 7 1 3 4 4 1 0.581708 0.000000 
25 1 0 0 8 2 0 1 1 1 0.931256 0.000000 
25 1 0 1 1 0 1 1 1 1 0.738829 0.000000 
25 1 0 0 14 3 2 3 3 1 0.697784 0.000000 
25 1 0 0 14 3 2 3 3 1 0.522668 0.000000 
25 1 1 0 10 2 2 3 3 1 0.538166 0.000000 
25 1 1 1 10 2 2 3 3 1 0.832977 0.000000 
25 1 1 0 5 1 1 2 2 1 0.802957 0.000000 
25 1 1 0 10 2 2 3 3 1 0.583154 0.000000 
25 1 1 1 15 3 3 4 4 1 0.908010 0.000000 
25 1 0 0 14 3 2 3 3 1 0.972357 0.000000 
25 1 0 0 14 3 2 3 3 1 0.457962 0.000000 
25 1 0 1 14 3 2 4 3 0 1.108160 0.000000 
25 1 0 0 7 1 3 4 4 1 0.856377 0.000000 
25 1 0 1 14 3 2 4 4 1 0.753397 0.000000 
25 1 0 0 8 2 0 1 1 1 0.583664 0.000000 
25 1 0 0 8 2 0 1 1 1 0.484507 0.000000 
25 1 0 0 7 1 3 4 4 1 0.917334 0.000000 
25 1 0 1 7 1 3 2 2 1 0.996979 0.000000 
25 1 0 0 7 1 3 4 2 0 0.521984 0.000000 
25 1 1 0 15 3 3 4 4 1 1.517535 0.000000 
25 1 1 0 0 0 0 1 1 1 0.739924 0.000000 
25 1 0 1 14 3 2 4 4 1 1.154828 0.000000 
25 1 1 1 15 3 3 4 4 1 1.689276 0.000000 
25 1 1 0 0 0 0 1 1 1 0.778528 0.000000 
25 1 1 1 0 0 0 1 1 1 0.704117 0.000000 
25 1 0 1 8 2 0 3 3 1 1.184373 0.000000 
25 1 0 0 8 2 0 1 3 0 0.581410 0.000000 
25 1 0 0 7 1 3 4 4 1 1.670022 0.000000 
25 1 1 0 10 2 2 3 3 1 0.687444 0.000000 
25 1 0 0 8 2 0 1 2 0 0.864356 0.000000 
25 1 0 0 7 1 3 4 4 1 1.086628 0.000000 
25 1 1 1 0 0 0 1 1 1 0.655215 0.000000 
25 1 0 0 8 2 0 1 1 1 0.712515 0.000000 
25 1 1 0 0 0 0 1 1 1 0.456619 0.000000 
25 1 0 0 14 3 2 3 2 0 1.106821 0.000000 
25 1 1 0 15 3 3 4 4 1 0.662978 0.000000 
25 1 0 0 1 0 1 2 2 1 0.712953 0.000000 
25 1 0 1 1 0 1 1 1 1 0.929193 0.000000 
25 1 1 0 10 2 2 3 3 1 0.696833 0.000000 
25 1 1 0 0 0 0 1 1 1 0.569724 0.000000 
