17 1 1 0 10 2 2 3 3 1 2.880009 0.000000 
17 1 0 0 14 3 2 3 4 0 0.970132 0.000000 
17 1 1 0 0 0 0 1 1 1 1.226730 0.000000 
17 1 0 0 11 2 3 4 4 1 1.566280 0.000000 
17 1 0 0 1 0 1 2 2 1 1.436186 0.000000 
17 1 0 0 1 0 1 2 2 1 0.631442 0.000000 
17 1 1 1 5 1 1 2 2 1 0.714931 0.000000 
17 1 0 0 1 0 1 2 2 1 1.211336 0.000000 
17 1 1 0 10 2 2 3 3 1 1.014778 0.000000 
17 1 0 0 11 2 3 4 4 1 0.923170 0.000000 
17 1 0 0 14 3 2 3 3 1 1.746872 0.000000 
17 1 0 0 4 1 0 1 1 1 1.122251 0.000000 
17 1 1 1 10 2 2 3 3 1 1.978001 0.000000 
17 1 0 0 11 2 3 4 4 1 1.192207 0.000000 
17 1 0 0 4 1 0 1 1 1 1.460321 0.000000 
17 1 1 0 10 2 2 3 3 1 2.094952 0.000000 
17 1 0 1 4 1 0 2 2 1 2.520458 0.000000 
17 1 0 0 4 1 0 1 1 1 0.944750 0.000000 
17 1 1 1 0 0 0 1 1 1 1.367808 0.000000 
17 1 0 0 1 0 1 2 2 1 1.196783 0.000000 
17 1 1 0 10 2 2 3 3 1 0.753825 0.000000 
17 1 1 0 10 2 2 3 3 1 0.584063 0.000000 
17 1 1 0 15 3 3 4 4 1 0.588955 0.000000 
17 1 1 0 5 1 1 2 2 1 1.505966 0.000000 
17 1 0 1 14 3 2 4 3 0 1.506528 0.000000 
17 1 1 1 10 2 2 3 3 1 1.470920 0.000000 
17 1 1 0 10 2 2 3 3 1 0.648520 0.000000 
17 1 1 0 15 3 3 4 4 1 2.354575 0.000000 
17 1 0 1 1 0 1 1 1 1 2.529505 0.000000 
17 1 1 0 10 2 2 3 3 1 0.945803 0.000000 
17 1 0 1 14 3 2 4 4 1 1.752874 0.000000 
17 1 1 0 0 0 0 1 1 1 1.111530 0.000000 
17 1 0 0 11 2 3 4 4 1 1.871022 0.000000 
17 1 1 0 0 0 0 1 1 1 1.353052 0.000000 
17 1 0 0 1 0 1 2 2 1 0.975672 0.000000 
17 1 1 0 10 2 2 3 3 1 1.733390 0.000000 
17 1 0 0 14 3 2 3 3 1 1.292757 0.000000 
17 1 0 1 1 0 1 1 1 1 3.093962 0.000000 
17 1 0 0 14 3 2 3 4 0 0.854860 0.000000 
17 1 0 1 11 2 3 3 4 0 1.852984 0.000000 
17 1 1 1 10 2 2 3 3 1 1.019272 0.000000 
17 1 0 0 11 2 3 4 4 1 1.246739 0.000000 
17 1 0 0 1 0 1 2 2 1 1.137948 0.000000 
17 1 1 0 0 0 0 1 1 1 0.648038 0.000000 
17 1 0 0 4 1 0 1 1 1 1.794998 0.000000 
17 1 0 1 11 2 3 3 3 1 1.272327 0.000000 
17 1 1 0 5 1 1 2 2 1 1.058126 0.000000 
17 1 0 0 11 2 3 4 4 1 0.756578 0.000000 
17 1 1 0 5 1 1 2 2 1 1.346897 0.000000 
17 1 0 0 11 2 3 4 4 1 1.298118 0.000000 
17 1 0 0 14 3 2 3 2 0 1.810346 0.000000 
17 1 0 1 4 1 0 2 2 1 3.690959 0.000000 
17 1 0 0 14 3 2 3 3 1 1.124743 0.000000 
17 1 0 0 1 0 1 2 2 1 1.076569 0.000000 
17 1 0 1 4 1 0 2 2 1 1.558321 0.000000 
17 1 0 0 4 1 0 1 2 0 1.091924 0.000000 
17 1 1 1 5 1 1 2 2 1 0.888815 0.000000 
17 1 1 0 15 3 3 4 4 1 1.145588 0.000000 
17 1 1 0 0 0 0 1 1 1 0.792693 0.000000 
17 1 1 1 0 0 0 1 1 1 4.237825 0.000000 
17 1 0 1 4 1 0 2 2 1 0.945963 0.000000 
17 1 1 0 15 3 3 4 4 1 0.759457 0.000000 
17 1 0 0 11 2 3 4 4 1 0.789723 0.000000 
17 1 0 0 11 2 3 4 4 1 0.458688 0.000000 
17 1 0 0 4 1 0 1 1 1 0.708914 0.000000 
17 1 0 0 11 2 3 4 4 1 0.645130 0.000000 
17 1 1 0 0 0 0 1 1 1 0.672058 0.000000 
17 1 0 1 1 0 1 1 1 1 1.441658 0.000000 
17 1 1 0 0 0 0 1 1 1 2.155987 0.000000 
17 1 1 1 15 3 3 4 4 1 0.898845 0.000000 
17 1 1 0 5 1 1 2 3 0 1.315854 0.000000 
17 1 0 0 14 3 2 3 3 1 1.143902 0.000000 
17 1 1 0 5 1 1 2 2 1 1.278969 0.000000 
17 1 1 0 5 1 1 2 2 1 0.520828 0.000000 
17 1 1 1 0 0 0 1 1 1 2.247448 0.000000 
17 1 1 0 5 1 1 2 2 1 0.850956 0.000000 
17 1 0 0 4 1 0 1 1 1 0.893261 0.000000 
17 1 0 0 11 2 3 4 4 1 0.854253 0.000000 
17 1 0 0 1 0 1 2 2 1 0.696608 0.000000 
17 1 1 0 10 2 2 3 3 1 0.665550 0.000000 
17 1 0 0 14 3 2 3 4 0 0.787791 0.000000 
17 1 1 0 15 3 3 4 4 1 0.580558 0.000000 
17 1 1 0 10 2 2 3 3 1 2.480911 0.000000 
17 1 1 1 10 2 2 3 3 1 0.763156 0.000000 
17 1 0 0 14 3 2 3 4 0 0.705480 0.000000 
17 1 1 1 10 2 2 3 3 1 0.733546 0.000000 
17 1 1 0 5 1 1 2 2 1 0.820261 0.000000 
17 1 0 1 4 1 0 2 2 1 1.967988 0.000000 
17 1 1 0 10 2 2 3 3 1 0.629004 0.000000 
17 1 1 0 0 0 0 1 1 1 1.368654 0.000000 
17 1 0 0 1 0 1 2 2 1 0.870554 0.000000 
17 1 1 0 10 2 2 3 3 1 1.256206 0.000000 
17 1 1 1 15 3 3 4 4 1 1.114680 0.000000 
17 1 1 1 5 1 1 2 2 1 3.259248 0.000000 
17 1 1 0 10 2 2 3 3 1 2.325558 0.000000 
17 1 0 0 1 0 1 2 2 1 3.669898 0.000000 
17 1 1 0 15 3 3 4 4 1 0.856563 0.000000 
17 1 0 1 14 3 2 4 3 0 2.322995 0.000000 
17 1 1 1 0 0 0 1 1 1 1.478066 0.000000 
17 1 0 0 11 2 3 4 4 1 1.823751 0.000000 
17 1 1 0 5 1 1 2 2 1 0.867790 0.000000 
17 1 1 0 0 0 0 1 1 1 0.725474 0.000000 
17 1 0 0 14 3 2 3 3 1 2.621152 0.000000 
17 1 0 0 14 3 2 3 3 1 0.505450 0.000000 
17 1 1 1 0 0 0 1 1 1 3.336737 0.000000 
17 1 1 1 15 3 3 4 4 1 1.344745 0.000000 
17 1 0 0 11 2 3 4 4 1 1.743960 0.000000 
17 1 1 0 10 2 2 3 3 1 1.231353 0.000000 
17 1 0 0 14 3 2 3 3 1 0.515116 0.000000 
17 1 1 0 0 0 0 1 1 1 0.923304 0.000000 
17 1 0 0 14 3 2 3 4 0 0.914906 0.000000 
17 1 0 0 11 2 3 4 3 0 1.190160 0.000000 
17 1 1 0 10 2 2 3 3 1 0.870820 0.000000 
17 1 0 0 14 3 2 3 4 0 0.688237 0.000000 
17 1 1 1 10 2 2 3 3 1 3.613124 0.000000 
17 1 0 1 11 2 3 3 3 1 4.377359 0.000000 
17 1 1 0 0 0 0 1 1 1 0.800343 0.000000 
17 1 0 1 4 1 0 2 2 1 1.604755 0.000000 
17 1 1 0 0 0 0 1 1 1 0.857334 0.000000 
17 1 1 1 5 1 1 2 2 1 1.627717 0.000000 
17 1 0 1 14 3 2 4 4 1 1.247626 0.000000 
17 1 1 0 5 1 1 2 2 1 1.825906 0.000000 
17 1 1 0 5 1 1 2 2 1 0.541860 0.000000 
17 1 0 1 14 3 2 4 4 1 1.340794 0.000000 
17 1 0 0 4 1 0 1 1 1 1.091980 0.000000 
17 1 0 1 1 0 1 1 1 1 1.605070 0.000000 
17 1 0 0 1 0 1 2 2 1 1.033726 0.000000 
17 1 1 0 0 0 0 1 1 1 0.659788 0.000000 
17 1 0 0 4 1 0 1 1 1 1.326058 0.000000 
17 1 1 0 0 0 0 1 1 1 0.717931 0.000000 
17 1 1 1 0 0 0 1 1 1 0.533467 0.000000 
17 1 1 1 5 1 1 2 2 1 1.092367 0.000000 
17 1 1 0 5 1 1 2 2 1 0.725484 0.000000 
17 1 1 0 10 2 2 3 4 0 0.661013 0.000000 
17 1 1 0 10 2 2 3 3 1 0.435098 0.000000 
17 1 0 1 1 0 1 1 1 1 0.876682 0.000000 
17 1 0 0 14 3 2 3 3 1 1.910471 0.000000 
17 1 1 0 5 1 1 2 2 1 0.727172 0.000000 
17 1 0 0 1 0 1 2 2 1 0.702754 0.000000 
17 1 1 0 15 3 3 4 4 1 0.838995 0.000000 
17 1 1 1 15 3 3 4 4 1 0.857980 0.000000 
17 1 1 0 15 3 3 4 4 1 0.459421 0.000000 
17 1 0 0 11 2 3 4 3 0 0.909551 0.000000 
17 1 1 1 10 2 2 3 3 1 2.969813 0.000000 
17 1 0 0 14 3 2 3 3 1 1.063983 0.000000 
17 1 1 1 10 2 2 3 3 1 0.770345 0.000000 
17 1 0 0 14 3 2 3 3 1 0.872010 0.000000 
17 1 1 0 0 0 0 1 1 1 0.801736 0.000000 
17 1 1 0 15 3 3 4 4 1 0.613039 0.000000 
17 1 1 0 15 3 3 4 4 1 0.537242 0.000000 
17 1 1 0 5 1 1 2 1 0 0.832085 0.000000 
17 1 0 0 1 0 1 2 2 1 0.951840 0.000000 
17 1 1 0 0 0 0 1 4 0 0.749713 0.000000 
17 1 0 0 14 3 2 3 3 1 2.376212 0.000000 
17 1 1 0 15 3 3 4 4 1 2.158613 0.000000 
17 1 0 1 14 3 2 4 4 1 1.948331 0.000000 
17 1 1 1 15 3 3 4 4 1 1.011841 0.000000 
17 1 0 0 11 2 3 4 4 1 0.928278 0.000000 
17 1 0 0 14 3 2 3 3 1 0.903972 0.000000 
17 1 1 1 0 0 0 1 1 1 1.600342 0.000000 
17 1 1 0 10 2 2 3 2 0 0.916948 0.000000 
17 1 0 1 4 1 0 2 2 1 1.527467 0.000000 
17 1 0 1 4 1 0 2 2 1 0.879082 0.000000 
17 1 0 0 1 0 1 2 2 1 1.080786 0.000000 
17 1 1 0 5 1 1 2 2 1 0.642554 0.000000 
17 1 0 0 11 2 3 4 4 1 1.213484 0.000000 
17 1 0 0 4 1 0 1 1 1 0.833956 0.000000 
17 1 0 0 11 2 3 4 4 1 0.756953 0.000000 
17 1 1 0 0 0 0 1 1 1 1.258226 0.000000 
17 1 0 0 1 0 1 2 2 1 0.676778 0.000000 
17 1 0 0 4 1 0 1 1 1 0.974345 0.000000 
17 1 1 0 0 0 0 1 1 1 0.579980 0.000000 
17 1 0 0 4 1 0 1 1 1 0.513516 0.000000 
17 1 1 0 5 1 1 2 2 1 0.641810 0.000000 
17 1 0 0 4 1 0 1 1 1 0.764682 0.000000 
17 1 1 0 15 3 3 4 4 1 1.265989 0.000000 
17 1 1 0 5 1 1 2 3 0 0.860037 0.000000 
17 1 0 0 14 3 2 3 3 1 0.697971 0.000000 
17 1 0 0 14 3 2 3 3 1 0.442615 0.000000 
17 1 0 0 1 0 1 2 1 0 0.861487 0.000000 
17 1 1 0 15 3 3 4 4 1 0.675573 0.000000 
17 1 0 0 14 3 2 3 3 1 0.716912 0.000000 
17 1 0 0 4 1 0 1 1 1 0.796523 0.000000 
17 1 0 0 4 1 0 1 1 1 0.552541 0.000000 
17 1 1 1 15 3 3 4 4 1 1.326756 0.000000 
17 1 0 0 4 1 0 1 1 1 1.342580 0.000000 
17 1 1 0 5 1 1 2 2 1 0.669738 0.000000 
17 1 0 0 11 2 3 4 4 1 1.375397 0.000000 
17 1 1 0 0 0 0 1 1 1 0.765274 0.000000 
17 1 0 0 4 1 0 1 1 1 0.546556 0.000000 
17 1 1 0 0 0 0 1 1 1 0.409430 0.000000 
17 1 1 0 15 3 3 4 4 1 0.605554 0.000000 
17 1 0 0 14 3 2 3 3 1 3.824365 0.000000 
17 1 0 0 14 3 2 3 3 1 0.476853 0.000000 
17 1 1 1 0 0 0 1 1 1 0.870310 0.000000 
17 1 0 0 4 1 0 1 2 0 0.744010 0.000000 
17 1 1 0 15 3 3 4 4 1 0.834849 0.000000 
17 1 1 1 0 0 0 1 1 1 1.116566 0.000000 
17 1 1 0 10 2 2 3 3 1 1.036376 0.000000 
17 1 1 0 5 1 1 2 2 1 3.039499 0.000000 
17 1 1 0 10 2 2 3 3 1 1.027326 0.000000 
17 1 0 0 11 2 3 4 4 1 0.839048 0.000000 
17 1 1 1 15 3 3 4 4 1 1.210032 0.000000 
17 1 1 0 0 0 0 1 1 1 0.710490 0.000000 
17 1 0 0 14 3 2 3 3 1 0.837850 0.000000 
17 1 0 1 14 3 2 4 4 1 2.088823 0.000000 
17 1 0 0 4 1 0 1 1 1 0.962319 0.000000 
17 1 1 1 0 0 0 1 1 1 0.792688 0.000000 
17 1 0 0 1 0 1 2 2 1 0.581635 0.000000 
17 1 0 0 14 3 2 3 3 1 1.115264 0.000000 
17 1 0 0 14 3 2 3 3 1 1.082715 0.000000 
17 1 1 1 0 0 0 1 1 1 0.955992 0.000000 
17 1 1 0 15 3 3 4 4 1 0.642136 0.000000 
17 1 1 0 10 2 2 3 3 1 0.637052 0.000000 
17 1 0 1 4 1 0 2 2 1 1.440002 0.000000 
17 1 1 0 10 2 2 3 3 1 0.755250 0.000000 
17 1 1 0 5 1 1 2 2 1 0.785494 0.000000 
17 1 1 0 5 1 1 2 2 1 0.526477 0.000000 
17 1 0 0 11 2 3 4 4 1 1.012943 0.000000 
17 1 0 0 1 0 1 2 2 1 0.625407 0.000000 
17 1 0 0 14 3 2 3 3 1 0.996992 0.000000 
17 1 0 1 11 2 3 3 3 1 2.066136 0.000000 
17 1 1 1 0 0 0 1 1 1 1.620234 0.000000 
17 1 1 1 15 3 3 4 4 1 0.968196 0.000000 
17 1 1 0 15 3 3 4 4 1 0.549869 0.000000 
17 1 0 1 1 0 1 1 2 0 1.843209 0.000000 
17 1 0 1 14 3 2 4 4 1 0.810359 0.000000 
17 1 1 1 5 1 1 2 2 1 1.110435 0.000000 
17 1 0 0 4 1 0 1 1 1 1.310887 0.000000 
17 1 1 0 10 2 2 3 3 1 0.743366 0.000000 
17 1 0 0 1 0 1 2 2 1 0.862338 0.000000 
17 1 0 0 4 1 0 1 1 1 0.839638 0.000000 
17 1 0 1 14 3 2 4 4 1 1.170654 0.000000 
17 1 0 0 11 2 3 4 4 1 1.032463 0.000000 
17 1 1 0 10 2 2 3 3 1 0.532038 0.000000 
17 1 0 0 14 3 2 3 4 0 0.683062 0.000000 
17 1 1 0 15 3 3 4 4 1 0.520254 0.000000 
17 1 0 0 4 1 0 1 1 1 1.151782 0.000000 
17 1 0 0 11 2 3 4 4 1 0.573212 0.000000 
17 1 1 1 10 2 2 3 2 0 1.338755 0.000000 
17 1 1 0 10 2 2 3 3 1 0.797742 0.000000 
17 1 1 0 15 3 3 4 4 1 0.594462 0.000000 
17 1 0 0 1 0 1 2 2 1 1.151426 0.000000 
17 1 1 0 15 3 3 4 4 1 0.517802 0.000000 
17 1 1 0 15 3 3 4 4 1 0.437278 0.000000 
17 1 0 0 14 3 2 3 3 1 0.712173 0.000000 
17 1 0 0 11 2 3 4 4 1 1.271407 0.000000 
17 1 0 1 11 2 3 3 3 1 1.041260 0.000000 
17 1 0 0 4 1 0 1 1 1 0.940355 0.000000 
17 1 1 1 5 1 1 2 2 1 0.899410 0.000000 
17 1 0 0 4 1 0 1 2 0 0.643966 0.000000 
17 1 1 0 0 0 0 1 1 1 0.682457 0.000000 
17 1 1 0 5 1 1 2 2 1 1.202838 0.000000 
17 1 1 0 5 1 1 2 2 1 0.735262 0.000000 
17 1 0 0 1 0 1 2 1 0 0.718274 0.000000 
17 1 0 0 4 1 0 1 1 1 0.697655 0.000000 
17 1 0 0 11 2 3 4 4 1 0.906321 0.000000 
17 1 0 0 1 0 1 2 2 1 0.906698 0.000000 
17 1 1 0 15 3 3 4 4 1 0.538978 0.000000 
17 1 0 1 1 0 1 1 1 1 3.409053 0.000000 
17 1 1 0 0 0 0 1 1 1 0.654327 0.000000 
17 1 1 0 0 0 0 1 1 1 0.504556 0.000000 
17 1 0 0 11 2 3 4 3 0 0.664736 0.000000 
17 1 0 0 14 3 2 3 3 1 4.263003 0.000000 
17 1 1 0 10 2 2 3 3 1 0.554314 0.000000 
17 1 0 0 11 2 3 4 4 1 0.567551 0.000000 
17 1 0 1 14 3 2 4 4 1 1.093113 0.000000 
17 1 1 0 10 2 2 3 3 1 0.566148 0.000000 
17 1 1 0 5 1 1 2 2 1 0.723983 0.000000 
17 1 0 0 1 0 1 2 2 1 0.867375 0.000000 
17 1 1 1 15 3 3 4 4 1 0.884930 0.000000 
17 1 1 0 5 1 1 2 2 1 0.990021 0.000000 
17 1 1 1 15 3 3 4 4 1 0.923068 0.000000 
17 1 1 1 0 0 0 1 1 1 2.233861 0.000000 
17 1 1 1 10 2 2 3 3 1 0.813360 0.000000 
17 1 0 0 4 1 0 1 2 0 0.785687 0.000000 
17 1 1 0 0 0 0 1 1 1 0.514470 0.000000 
17 1 1 0 0 0 0 1 1 1 0.466391 0.000000 
17 1 0 0 1 0 1 2 2 1 0.563902 0.000000 
17 1 0 0 11 2 3 4 4 1 0.689146 0.000000 
17 1 1 1 10 2 2 3 3 1 0.834002 0.000000 
17 1 1 0 0 0 0 1 2 0 0.629068 0.000000 
17 1 1 0 0 0 0 1 1 1 0.628399 0.000000 
17 1 1 0 15 3 3 4 4 1 0.607774 0.000000 
17 1 0 1 14 3 2 4 4 1 0.892001 0.000000 
17 1 1 0 15 3 3 4 4 1 0.452921 0.000000 
17 1 1 1 5 1 1 2 2 1 1.111177 0.000000 
17 1 0 0 4 1 0 1 1 1 1.022599 0.000000 
17 1 0 0 4 1 0 1 1 1 0.642302 0.000000 
17 1 0 1 4 1 0 2 1 0 0.733170 0.000000 
17 1 0 0 4 1 0 1 1 1 1.047988 0.000000 
17 1 1 0 0 0 0 1 1 1 0.538779 0.000000 
17 1 0 1 4 1 0 2 1 0 0.593687 0.000000 
17 1 1 0 0 0 0 1 1 1 0.402378 0.000000 
17 1 1 1 5 1 1 2 2 1 0.662282 0.000000 
17 1 1 0 10 2 2 3 3 1 0.895574 0.000000 
17 1 0 1 11 2 3 3 4 0 0.344465 0.000000 
17 1 1 0 5 1 1 2 2 1 0.707133 0.000000 
17 1 1 1 15 3 3 4 4 1 0.987113 0.000000 
17 1 1 0 5 1 1 2 2 1 3.568354 0.000000 
17 1 1 0 15 3 3 4 4 1 0.703028 0.000000 
17 1 1 0 0 0 0 1 1 1 1.526299 0.000000 
17 1 1 0 5 1 1 2 2 1 0.566228 0.000000 
17 1 1 1 10 2 2 3 3 1 0.699977 0.000000 
17 1 1 0 15 3 3 4 4 1 0.515999 0.000000 
17 1 0 0 14 3 2 3 2 0 1.732143 0.000000 
17 1 0 0 14 3 2 3 4 0 0.879418 0.000000 
17 1 1 0 10 2 2 3 3 1 0.484650 0.000000 
17 1 0 0 11 2 3 4 4 1 0.548253 0.000000 
17 1 1 0 0 0 0 1 1 1 0.979182 0.000000 
17 1 0 0 11 2 3 4 4 1 1.144828 0.000000 
17 1 0 0 11 2 3 4 4 1 0.511943 0.000000 
17 1 1 0 10 2 2 3 3 1 0.728105 0.000000 
17 1 0 0 1 0 1 2 1 0 0.871786 0.000000 
17 1 1 0 10 2 2 3 4 0 0.669243 0.000000 
17 1 1 0 5 1 1 2 2 1 2.089449 0.000000 
17 1 0 0 11 2 3 4 4 1 0.634579 0.000000 
17 1 0 0 11 2 3 4 4 1 0.405527 0.000000 
17 1 0 0 1 0 1 2 2 1 2.617788 0.000000 
17 1 1 0 0 0 0 1 1 1 0.654032 0.000000 
17 1 1 1 15 3 3 4 4 1 1.104391 0.000000 
17 1 0 0 11 2 3 4 3 0 0.687809 0.000000 
17 1 1 0 0 0 0 1 1 1 1.636546 0.000000 
17 1 1 1 15 3 3 4 4 1 0.791614 0.000000 
17 1 0 0 4 1 0 1 1 1 2.252657 0.000000 
17 1 1 0 5 1 1 2 2 1 0.615499 0.000000 
17 1 1 1 0 0 0 1 1 1 1.059727 0.000000 
17 1 0 0 4 1 0 1 2 0 0.774141 0.000000 
17 1 0 0 4 1 0 1 1 1 0.870574 0.000000 
17 1 1 0 10 2 2 3 3 1 0.783986 0.000000 
17 1 1 1 15 3 3 4 4 1 0.588967 0.000000 
17 1 1 0 5 1 1 2 2 1 0.617889 0.000000 
17 1 0 1 1 0 1 1 1 1 1.429469 0.000000 
17 1 1 0 0 0 0 1 1 1 0.625318 0.000000 
17 1 1 0 15 3 3 4 4 1 0.781017 0.000000 
17 1 1 1 0 0 0 1 1 1 2.033563 0.000000 
17 1 0 0 1 0 1 2 2 1 0.829001 0.000000 
17 1 0 1 14 3 2 4 3 0 2.184792 0.000000 
17 1 0 0 14 3 2 3 3 1 0.714083 0.000000 
17 1 0 0 1 0 1 2 2 1 0.842121 0.000000 
17 1 0 1 1 0 1 1 1 1 2.213068 0.000000 
17 1 0 0 4 1 0 1 1 1 1.705061 0.000000 
17 1 0 0 11 2 3 4 4 1 0.793722 0.000000 
17 1 0 1 4 1 0 2 2 1 2.158797 0.000000 
17 1 0 0 1 0 1 2 2 1 0.701506 0.000000 
17 1 0 0 1 0 1 2 2 1 0.781888 0.000000 
17 1 0 0 11 2 3 4 4 1 0.867368 0.000000 
17 1 0 0 4 1 0 1 1 1 0.797170 0.000000 
17 1 1 0 10 2 2 3 3 1 0.665090 0.000000 
17 1 1 0 10 2 2 3 3 1 0.475328 0.000000 
17 1 1 0 15 3 3 4 4 1 0.492823 0.000000 
17 1 1 0 5 1 1 2 3 0 0.909694 0.000000 
17 1 1 0 5 1 1 2 2 1 0.713836 0.000000 
17 1 0 0 14 3 2 3 3 1 0.873930 0.000000 
17 1 0 0 11 2 3 4 4 1 0.491520 0.000000 
17 1 0 0 4 1 0 1 1 1 0.755403 0.000000 
17 1 1 1 5 1 1 2 2 1 2.529822 0.000000 
17 1 0 1 1 0 1 1 1 1 0.802071 0.000000 
17 1 0 0 4 1 0 1 1 1 1.286431 0.000000 
17 1 1 1 0 0 0 1 1 1 0.975617 0.000000 
17 1 1 0 5 1 1 2 2 1 0.533253 0.000000 
17 1 1 0 15 3 3 4 4 1 0.780145 0.000000 
17 1 1 1 10 2 2 3 2 0 2.056816 0.000000 
17 1 1 0 5 1 1 2 2 1 0.687439 0.000000 
17 1 1 1 0 0 0 1 4 0 0.616063 0.000000 
17 1 0 0 14 3 2 3 3 1 1.943968 0.000000 
17 1 0 0 14 3 2 3 3 1 0.559354 0.000000 
17 1 0 0 14 3 2 3 3 1 0.397599 0.000000 
17 1 0 0 11 2 3 4 4 1 0.370361 0.000000 
17 1 0 0 1 0 1 2 2 1 1.246845 0.000000 
17 1 1 0 5 1 1 2 2 1 0.601955 0.000000 
17 1 1 0 10 2 2 3 3 1 0.766217 0.000000 
17 1 0 0 14 3 2 3 3 1 0.620089 0.000000 
17 1 0 0 4 1 0 1 1 1 1.175469 0.000000 
17 1 0 1 11 2 3 3 3 1 2.381314 0.000000 
17 1 1 0 15 3 3 4 4 1 0.570658 0.000000 
17 1 0 1 1 0 1 1 2 0 2.360119 0.000000 
17 1 1 0 10 2 2 3 3 1 0.666869 0.000000 
17 1 0 0 14 3 2 3 3 1 1.476281 0.000000 
17 1 1 0 0 0 0 1 1 1 0.790175 0.000000 
17 1 0 0 1 0 1 2 2 1 0.603143 0.000000 
17 1 0 0 11 2 3 4 4 1 0.943327 0.000000 
17 1 0 0 11 2 3 4 4 1 0.469331 0.000000 
17 1 0 0 4 1 0 1 1 1 0.670847 0.000000 
