40 1 1 1 15 3 3 4 4 1 1.233649 0.000000 
40 1 1 1 0 0 0 1 1 1 3.260584 0.000000 
40 1 1 0 0 0 0 1 1 1 1.470778 0.000000 
40 1 0 0 13 3 1 2 2 1 1.120647 0.000000 
40 1 0 0 6 1 2 3 3 1 1.520421 0.000000 
40 1 0 1 6 1 2 2 2 1 3.264352 0.000000 
40 1 0 0 3 0 3 4 1 0 1.123543 0.000000 
40 1 0 1 3 0 3 1 1 1 1.694110 0.000000 
40 1 0 0 3 0 3 4 4 1 0.879094 0.000000 
40 1 0 0 13 3 1 2 2 1 1.032744 0.000000 
40 1 0 1 3 0 3 1 1 1 1.540046 0.000000 
40 1 1 1 0 0 0 1 1 1 1.290965 0.000000 
40 1 1 0 0 0 0 1 1 1 0.876167 0.000000 
40 1 0 0 6 1 2 3 3 1 1.005767 0.000000 
40 1 0 0 8 2 0 1 1 1 1.193145 0.000000 
40 1 1 0 10 2 2 3 3 1 1.462260 0.000000 
40 1 0 0 8 2 0 1 1 1 0.648744 0.000000 
40 1 1 1 0 0 0 1 1 1 1.003627 0.000000 
40 1 1 0 15 3 3 4 4 1 1.072006 0.000000 
40 1 1 0 15 3 3 4 4 1 0.729701 0.000000 
40 1 0 0 3 0 3 4 4 1 1.057266 0.000000 
40 1 1 0 15 3 3 4 4 1 0.778616 0.000000 
40 1 0 1 13 3 1 4 4 1 1.424258 0.000000 
40 1 0 1 6 1 2 2 2 1 1.756112 0.000000 
40 1 0 0 13 3 1 2 2 1 1.394774 0.000000 
40 1 1 1 10 2 2 3 3 1 1.159914 0.000000 
40 1 1 0 15 3 3 4 4 1 0.933389 0.000000 
40 1 1 0 10 2 2 3 3 1 1.612321 0.000000 
40 1 0 0 3 0 3 4 4 1 1.672924 0.000000 
40 1 0 0 6 1 2 3 3 1 1.098858 0.000000 
40 1 1 0 15 3 3 4 4 1 0.587854 0.000000 
40 1 1 1 0 0 0 1 1 1 0.952754 0.000000 
40 1 0 1 8 2 0 3 1 0 0.847092 0.000000 
40 1 0 0 13 3 1 2 2 1 2.908910 0.000000 
40 1 0 0 6 1 2 3 3 1 1.037713 0.000000 
40 1 1 0 15 3 3 4 4 1 0.624743 0.000000 
40 1 1 0 5 1 1 2 2 1 0.820283 0.000000 
40 1 0 0 13 3 1 2 2 1 1.159915 0.000000 
40 1 0 0 6 1 2 3 3 1 1.006315 0.000000 
40 1 0 1 8 2 0 3 3 1 1.425740 0.000000 
40 1 1 1 5 1 1 2 2 1 1.741514 0.000000 
40 1 0 0 6 1 2 3 3 1 1.132843 0.000000 
40 1 1 0 15 3 3 4 4 1 2.164195 0.000000 
40 1 1 0 0 0 0 1 1 1 3.194831 0.000000 
40 1 0 0 6 1 2 3 3 1 0.847679 0.000000 
40 1 0 0 6 1 2 3 3 1 0.626597 0.000000 
40 1 1 1 10 2 2 3 3 1 0.758095 0.000000 
40 1 1 0 5 1 1 2 2 1 1.028371 0.000000 
40 1 1 1 5 1 1 2 2 1 0.695959 0.000000 
40 1 0 1 6 1 2 2 3 0 0.976917 0.000000 
40 1 0 1 13 3 1 4 4 1 1.154649 0.000000 
40 1 1 1 15 3 3 4 4 1 0.744551 0.000000 
40 1 0 0 3 0 3 4 4 1 0.862473 0.000000 
40 1 0 0 6 1 2 3 3 1 0.968803 0.000000 
40 1 1 0 10 2 2 3 3 1 1.070411 0.000000 
40 1 1 0 15 3 3 4 4 1 1.448171 0.000000 
40 1 0 0 6 1 2 3 3 1 0.907369 0.000000 
40 1 0 1 13 3 1 4 4 1 2.867748 0.000000 
40 1 0 0 3 0 3 4 4 1 1.005120 0.000000 
40 1 0 1 13 3 1 4 4 1 1.057452 0.000000 
40 1 1 1 0 0 0 1 1 1 1.243838 0.000000 
40 1 0 0 8 2 0 1 1 1 0.894935 0.000000 
40 1 1 0 10 2 2 3 3 1 0.815921 0.000000 
40 1 1 0 0 0 0 1 1 1 0.907997 0.000000 
40 1 1 0 5 1 1 2 2 1 0.947853 0.000000 
40 1 0 0 6 1 2 3 2 0 0.634816 0.000000 
40 1 0 0 6 1 2 3 3 1 0.952725 0.000000 
40 1 1 0 15 3 3 4 4 1 1.182592 0.000000 
40 1 1 0 0 0 0 1 1 1 0.828141 0.000000 
40 1 0 0 6 1 2 3 3 1 0.903287 0.000000 
40 1 1 0 5 1 1 2 2 1 0.575605 0.000000 
40 1 0 0 13 3 1 2 4 0 1.237134 0.000000 
40 1 1 0 0 0 0 1 1 1 1.123027 0.000000 
40 1 0 1 6 1 2 2 2 1 1.906531 0.000000 
40 1 1 1 0 0 0 1 1 1 1.043200 0.000000 
40 1 1 0 0 0 0 1 1 1 0.894237 0.000000 
40 1 0 0 8 2 0 1 1 1 1.127231 0.000000 
40 1 1 0 5 1 1 2 2 1 0.830967 0.000000 
40 1 1 0 0 0 0 1 1 1 0.721633 0.000000 
40 1 1 0 5 1 1 2 2 1 0.961105 0.000000 
40 1 1 0 0 0 0 1 1 1 0.527454 0.000000 
40 1 1 0 0 0 0 1 1 1 0.750948 0.000000 
40 1 1 1 10 2 2 3 3 1 1.389219 0.000000 
40 1 0 0 8 2 0 1 2 0 0.842362 0.000000 
40 1 0 0 13 3 1 2 2 1 1.521391 0.000000 
40 1 1 0 5 1 1 2 2 1 0.944765 0.000000 
40 1 1 1 10 2 2 3 3 1 1.230736 0.000000 
40 1 0 0 6 1 2 3 3 1 1.050542 0.000000 
40 1 0 0 3 0 3 4 4 1 0.924901 0.000000 
40 1 1 0 0 0 0 1 1 1 0.940565 0.000000 
40 1 1 0 0 0 0 1 1 1 0.523524 0.000000 
40 1 0 0 6 1 2 3 3 1 1.259031 0.000000 
40 1 0 0 8 2 0 1 1 1 0.941483 0.000000 
40 1 1 0 0 0 0 1 1 1 0.531498 0.000000 
40 1 0 1 13 3 1 4 4 1 0.962987 0.000000 
40 1 1 0 0 0 0 1 1 1 0.737311 0.000000 
40 1 0 0 8 2 0 1 1 1 0.872206 0.000000 
40 1 0 1 6 1 2 2 2 1 1.161840 0.000000 
40 1 0 1 6 1 2 2 2 1 0.712258 0.000000 
40 1 1 0 10 2 2 3 3 1 0.944499 0.000000 
40 1 1 0 15 3 3 4 4 1 0.710470 0.000000 
40 1 0 0 8 2 0 1 1 1 1.630754 0.000000 
40 1 0 1 8 2 0 3 3 1 1.210613 0.000000 
40 1 1 0 0 0 0 1 1 1 0.711060 0.000000 
40 1 0 0 3 0 3 4 4 1 2.103352 0.000000 
40 1 0 0 6 1 2 3 3 1 2.280154 0.000000 
40 1 0 0 8 2 0 1 1 1 1.785323 0.000000 
40 1 1 0 0 0 0 1 1 1 0.486626 0.000000 
40 1 1 0 10 2 2 3 3 1 0.767453 0.000000 
40 1 1 0 10 2 2 3 3 1 0.557049 0.000000 
40 1 1 0 15 3 3 4 1 0 1.515256 0.000000 
40 1 1 0 10 2 2 3 3 1 0.847788 0.000000 
40 1 0 0 3 0 3 4 4 1 0.802264 0.000000 
40 1 1 0 0 0 0 1 1 1 0.685523 0.000000 
40 1 0 0 13 3 1 2 2 1 0.926432 0.000000 
40 1 1 0 10 2 2 3 3 1 0.878074 0.000000 
40 1 1 0 10 2 2 3 3 1 0.647680 0.000000 
40 1 1 0 15 3 3 4 4 1 0.570591 0.000000 
40 1 1 0 10 2 2 3 3 1 0.752088 0.000000 
40 1 0 0 13 3 1 2 2 1 1.454358 0.000000 
40 1 1 1 15 3 3 4 4 1 1.016842 0.000000 
40 1 1 0 0 0 0 1 1 1 0.707562 0.000000 
40 1 1 1 10 2 2 3 3 1 1.179800 0.000000 
40 1 1 0 10 2 2 3 3 1 0.609522 0.000000 
40 1 1 0 10 2 2 3 3 1 0.573735 0.000000 
40 1 0 0 6 1 2 3 3 1 1.019251 0.000000 
40 1 1 0 10 2 2 3 3 1 0.534908 0.000000 
40 1 0 0 13 3 1 2 2 1 1.261809 0.000000 
40 1 1 0 0 0 0 1 1 1 0.671221 0.000000 
40 1 0 0 6 1 2 3 3 1 1.384794 0.000000 
40 1 0 0 8 2 0 1 1 1 0.821939 0.000000 
40 1 1 1 0 0 0 1 1 1 0.769549 0.000000 
40 1 0 1 13 3 1 4 4 1 0.759140 0.000000 
40 1 1 0 5 1 1 2 2 1 0.997409 0.000000 
40 1 1 0 10 2 2 3 3 1 0.666406 0.000000 
40 1 0 1 8 2 0 3 1 0 0.850978 0.000000 
40 1 0 1 8 2 0 3 3 1 1.161309 0.000000 
40 1 1 0 15 3 3 4 4 1 0.743210 0.000000 
40 1 1 0 0 0 0 1 1 1 0.726104 0.000000 
40 1 1 0 0 0 0 1 1 1 0.477646 0.000000 
40 1 0 0 8 2 0 1 1 1 1.455170 0.000000 
40 1 0 0 3 0 3 4 4 1 0.945703 0.000000 
40 1 1 0 15 3 3 4 4 1 0.703680 0.000000 
40 1 1 0 15 3 3 4 4 1 0.615921 0.000000 
40 1 0 1 8 2 0 3 3 1 1.507958 0.000000 
40 1 0 0 6 1 2 3 3 1 1.052004 0.000000 
40 1 0 0 13 3 1 2 2 1 1.166389 0.000000 
40 1 1 0 10 2 2 3 3 1 1.076142 0.000000 
40 1 0 1 6 1 2 2 2 1 0.989855 0.000000 
40 1 0 0 3 0 3 4 4 1 0.785881 0.000000 
40 1 1 0 15 3 3 4 4 1 0.470771 0.000000 
40 1 1 0 15 3 3 4 4 1 0.520248 0.000000 
40 1 0 0 8 2 0 1 1 1 1.007759 0.000000 
40 1 0 0 13 3 1 2 2 1 0.748107 0.000000 
40 1 1 0 15 3 3 4 1 0 0.610973 0.000000 
40 1 1 0 15 3 3 4 4 1 0.539205 0.000000 
40 1 0 1 8 2 0 3 3 1 1.609602 0.000000 
40 1 0 0 8 2 0 1 1 1 0.989170 0.000000 
40 1 0 1 6 1 2 2 2 1 1.082124 0.000000 
40 1 1 0 0 0 0 1 1 1 0.875908 0.000000 
40 1 0 1 3 0 3 1 4 0 0.813516 0.000000 
40 1 0 1 6 1 2 2 2 1 0.989823 0.000000 
40 1 0 0 8 2 0 1 1 1 0.666347 0.000000 
40 1 1 0 15 3 3 4 4 1 0.652133 0.000000 
40 1 0 0 8 2 0 1 3 0 1.525151 0.000000 
40 1 1 1 5 1 1 2 2 1 1.289049 0.000000 
40 1 1 0 5 1 1 2 2 1 0.985692 0.000000 
40 1 0 0 13 3 1 2 2 1 1.542698 0.000000 
40 1 0 0 6 1 2 3 1 0 1.189933 0.000000 
40 1 0 1 8 2 0 3 3 1 2.038118 0.000000 
40 1 0 0 6 1 2 3 3 1 1.793046 0.000000 
40 1 1 0 0 0 0 1 1 1 1.294335 0.000000 
40 1 1 0 5 1 1 2 2 1 1.231517 0.000000 
40 1 0 1 13 3 1 4 4 1 0.795236 0.000000 
40 1 0 0 13 3 1 2 2 1 1.200208 0.000000 
40 1 0 0 8 2 0 1 1 1 1.196618 0.000000 
40 1 0 0 6 1 2 3 3 1 1.336731 0.000000 
40 1 0 0 8 2 0 1 1 1 0.751820 0.000000 
40 1 1 0 0 0 0 1 1 1 0.814107 0.000000 
40 1 1 0 0 0 0 1 1 1 0.714402 0.000000 
40 1 1 1 15 3 3 4 4 1 1.106616 0.000000 
40 1 0 0 6 1 2 3 3 1 0.899005 0.000000 
40 1 0 0 3 0 3 4 4 1 0.971975 0.000000 
40 1 1 1 15 3 3 4 4 1 0.816582 0.000000 
40 1 1 0 5 1 1 2 2 1 0.892274 0.000000 
40 1 0 0 8 2 0 1 3 0 1.077245 0.000000 
40 1 1 0 15 3 3 4 4 1 0.762965 0.000000 
40 1 1 0 0 0 0 1 1 1 0.728748 0.000000 
40 1 0 0 6 1 2 3 3 1 1.176328 0.000000 
40 1 1 0 15 3 3 4 4 1 1.541122 0.000000 
40 1 1 0 10 2 2 3 3 1 0.844291 0.000000 
40 1 0 1 6 1 2 2 2 1 1.143248 0.000000 
40 1 1 1 0 0 0 1 1 1 1.826149 0.000000 
40 1 0 1 3 0 3 1 4 0 1.301870 0.000000 
40 1 1 0 0 0 0 1 1 1 0.689149 0.000000 
40 1 0 0 3 0 3 4 4 1 2.321828 0.000000 
40 1 0 0 6 1 2 3 3 1 2.898088 0.000000 
40 1 1 1 5 1 1 2 2 1 3.451869 0.000000 
40 1 1 0 15 3 3 4 4 1 0.711129 0.000000 
40 1 0 1 13 3 1 4 4 1 0.822363 0.000000 
40 1 0 0 6 1 2 3 3 1 1.201993 0.000000 
40 1 0 1 8 2 0 3 3 1 2.382464 0.000000 
40 1 1 0 15 3 3 4 4 1 1.340015 0.000000 
40 1 0 0 3 0 3 4 4 1 0.819165 0.000000 
40 1 1 0 0 0 0 1 1 1 1.397828 0.000000 
40 1 1 0 10 2 2 3 3 1 1.898959 0.000000 
40 1 1 0 0 0 0 1 4 0 0.804127 0.000000 
40 1 0 1 13 3 1 4 4 1 1.411720 0.000000 
40 1 1 0 0 0 0 1 1 1 0.584004 0.000000 
40 1 0 0 8 2 0 1 1 1 0.724830 0.000000 
40 1 1 1 10 2 2 3 4 0 0.908357 0.000000 
40 1 0 0 13 3 1 2 2 1 1.135486 0.000000 
40 1 1 0 15 3 3 4 4 1 0.718351 0.000000 
40 1 1 0 5 1 1 2 3 0 1.013890 0.000000 
40 1 0 0 8 2 0 1 1 1 1.014294 0.000000 
40 1 0 0 8 2 0 1 1 1 0.914151 0.000000 
40 1 0 1 3 0 3 1 1 1 1.514480 0.000000 
40 1 1 0 0 0 0 1 1 1 0.538078 0.000000 
40 1 1 0 10 2 2 3 3 1 1.504829 0.000000 
40 1 1 1 0 0 0 1 1 1 0.809358 0.000000 
40 1 1 0 5 1 1 2 2 1 0.845674 0.000000 
40 1 0 0 8 2 0 1 1 1 1.032638 0.000000 
40 1 0 0 8 2 0 1 1 1 0.755902 0.000000 
40 1 1 0 0 0 0 1 1 1 0.985932 0.000000 
40 1 0 1 3 0 3 1 4 0 1.846958 0.000000 
40 1 1 1 15 3 3 4 4 1 0.749292 0.000000 
40 1 1 0 0 0 0 1 1 1 1.227757 0.000000 
40 1 0 1 8 2 0 3 3 1 2.415569 0.000000 
40 1 0 0 3 0 3 4 4 1 3.684143 0.000000 
40 1 1 0 10 2 2 3 3 1 2.380946 0.000000 
40 1 1 1 10 2 2 3 3 1 0.963078 0.000000 
40 1 1 0 15 3 3 4 4 1 0.873453 0.000000 
40 1 0 1 8 2 0 3 3 1 0.827045 0.000000 
40 1 0 0 8 2 0 1 1 1 0.934689 0.000000 
40 1 1 1 5 1 1 2 2 1 1.773724 0.000000 
40 1 1 0 15 3 3 4 4 1 0.650725 0.000000 
40 1 0 1 6 1 2 2 2 1 2.028936 0.000000 
40 1 1 0 10 2 2 3 3 1 1.497045 0.000000 
40 1 0 0 13 3 1 2 2 1 4.282341 0.000000 
40 1 0 1 8 2 0 3 3 1 1.540546 0.000000 
40 1 0 0 8 2 0 1 1 1 0.914838 0.000000 
40 1 1 1 0 0 0 1 1 1 1.235022 0.000000 
40 1 1 0 0 0 0 1 1 1 0.558195 0.000000 
40 1 0 0 13 3 1 2 2 1 1.564424 0.000000 
40 1 1 0 10 2 2 3 3 1 2.019004 0.000000 
40 1 0 1 8 2 0 3 3 1 2.903110 0.000000 
40 1 0 0 8 2 0 1 1 1 1.520196 0.000000 
40 1 0 0 13 3 1 2 0 0 5.000008 0.000000 
40 1 1 0 0 0 0 1 1 1 0.825080 0.000000 
40 1 0 1 3 0 3 1 1 1 1.516216 0.000000 
40 1 0 0 3 0 3 4 4 1 1.076049 0.000000 
40 1 0 0 8 2 0 1 1 1 3.140889 0.000000 
40 1 1 1 0 0 0 1 1 1 0.804657 0.000000 
40 1 0 0 6 1 2 3 3 1 1.248980 0.000000 
40 1 1 0 0 0 0 1 1 1 1.323964 0.000000 
40 1 0 1 8 2 0 3 3 1 2.603943 0.000000 
40 1 1 1 15 3 3 4 4 1 1.272892 0.000000 
40 1 0 0 8 2 0 1 1 1 0.897641 0.000000 
40 1 1 0 0 0 0 1 1 1 4.458790 0.000000 
40 1 0 0 13 3 1 2 2 1 3.038490 0.000000 
40 1 1 0 15 3 3 4 4 1 0.842249 0.000000 
40 1 0 0 13 3 1 2 0 0 5.000003 0.000000 
40 1 0 1 6 1 2 2 2 1 1.885991 0.000000 
40 1 0 0 3 0 3 4 4 1 0.879073 0.000000 
40 1 0 0 3 0 3 4 4 1 0.472671 0.000000 
40 1 1 0 5 1 1 2 1 0 0.826122 0.000000 
40 1 0 1 6 1 2 2 2 1 0.969832 0.000000 
40 1 1 0 15 3 3 4 4 1 0.638012 0.000000 
40 1 0 1 3 0 3 1 4 0 1.448911 0.000000 
40 1 1 1 10 2 2 3 3 1 0.911833 0.000000 
40 1 0 0 3 0 3 4 4 1 1.143962 0.000000 
40 1 1 0 10 2 2 3 3 1 1.663042 0.000000 
40 1 1 0 5 1 1 2 2 1 0.745603 0.000000 
40 1 1 1 0 0 0 1 1 1 1.439487 0.000000 
40 1 1 1 0 0 0 1 1 1 1.418702 0.000000 
40 1 0 0 6 1 2 3 3 1 2.198629 0.000000 
40 1 1 0 10 2 2 3 3 1 1.123919 0.000000 
40 1 0 1 8 2 0 3 3 1 3.043226 0.000000 
40 1 0 0 6 1 2 3 3 1 1.190022 0.000000 
40 1 0 0 3 0 3 4 4 1 0.779099 0.000000 
40 1 1 0 5 1 1 2 3 0 2.520778 0.000000 
40 1 1 0 10 2 2 3 3 1 0.805010 0.000000 
40 1 1 1 5 1 1 2 2 1 0.952796 0.000000 
40 1 0 0 3 0 3 4 4 1 2.815219 0.000000 
40 1 0 0 8 2 0 1 1 1 0.778986 0.000000 
40 1 1 1 15 3 3 4 1 0 3.056257 0.000000 
40 1 0 0 3 0 3 4 4 1 1.023127 0.000000 
40 1 1 0 10 2 2 3 3 1 1.082535 0.000000 
40 1 1 0 15 3 3 4 4 1 0.588089 0.000000 
40 1 1 0 15 3 3 4 4 1 0.720467 0.000000 
40 1 1 0 5 1 1 2 2 1 0.719045 0.000000 
40 1 0 0 13 3 1 2 2 1 2.086678 0.000000 
40 1 1 1 0 0 0 1 1 1 0.896052 0.000000 
40 1 1 1 0 0 0 1 1 1 0.529008 0.000000 
40 1 0 0 6 1 2 3 3 1 2.624603 0.000000 
40 1 0 0 8 2 0 1 1 1 1.340874 0.000000 
40 1 0 0 13 3 1 2 2 1 1.131033 0.000000 
40 1 1 0 5 1 1 2 2 1 0.890765 0.000000 
40 1 1 0 10 2 2 3 3 1 1.771775 0.000000 
40 1 0 1 3 0 3 1 1 1 1.049726 0.000000 
40 1 1 0 15 3 3 4 4 1 1.012104 0.000000 
40 1 1 0 5 1 1 2 2 1 4.000598 0.000000 
40 1 1 0 15 3 3 4 4 1 1.517032 0.000000 
40 1 1 0 15 3 3 4 4 1 0.740907 0.000000 
40 1 0 0 3 0 3 4 4 1 0.843831 0.000000 
40 1 1 0 10 2 2 3 3 1 3.134898 0.000000 
40 1 0 0 13 3 1 2 2 1 2.126701 0.000000 
40 1 0 0 3 0 3 4 4 1 1.070803 0.000000 
40 1 0 0 13 3 1 2 2 1 2.695587 0.000000 
40 1 1 0 5 1 1 2 2 1 1.073228 0.000000 
40 1 0 0 3 0 3 4 4 1 1.218973 0.000000 
40 1 0 0 13 3 1 2 2 1 0.838696 0.000000 
40 1 1 0 10 2 2 3 2 0 2.632797 0.000000 
40 1 0 1 8 2 0 3 3 1 1.248366 0.000000 
40 1 0 0 13 3 1 2 2 1 2.179062 0.000000 
40 1 1 0 5 1 1 2 2 1 0.625022 0.000000 
40 1 0 0 6 1 2 3 0 0 5.000003 0.000000 
40 1 1 1 5 1 1 2 2 1 1.086689 0.000000 
40 1 0 0 13 3 1 2 2 1 1.086259 0.000000 
40 1 0 0 3 0 3 4 4 1 1.167325 0.000000 
40 1 0 0 6 1 2 3 3 1 0.805052 0.000000 
40 1 0 0 13 3 1 2 2 1 1.033341 0.000000 
40 1 0 0 6 1 2 3 3 1 2.284422 0.000000 
40 1 0 1 6 1 2 2 2 1 1.125899 0.000000 
40 1 1 0 0 0 0 1 1 1 0.636583 0.000000 
40 1 1 1 5 1 1 2 2 1 2.255565 0.000000 
40 1 0 1 13 3 1 4 4 1 1.122360 0.000000 
40 1 1 0 15 3 3 4 4 1 0.698068 0.000000 
40 1 1 0 15 3 3 4 4 1 0.626981 0.000000 
40 1 1 0 5 1 1 2 2 1 1.846571 0.000000 
40 1 0 0 13 3 1 2 2 1 1.256872 0.000000 
40 1 1 1 5 1 1 2 2 1 1.235325 0.000000 
40 1 0 0 3 0 3 4 4 1 0.878473 0.000000 
40 1 0 0 6 1 2 3 2 0 2.584136 0.000000 
40 1 1 0 10 2 2 3 3 1 0.801753 0.000000 
40 1 0 1 8 2 0 3 3 1 1.117549 0.000000 
40 1 0 0 6 1 2 3 3 1 0.732288 0.000000 
40 1 0 0 6 1 2 3 3 1 0.587857 0.000000 
40 1 0 0 6 1 2 3 3 1 0.536671 0.000000 
40 1 1 0 0 0 0 1 1 1 0.799538 0.000000 
40 1 0 0 13 3 1 2 2 1 1.292065 0.000000 
40 1 1 0 10 2 2 3 3 1 0.740882 0.000000 
40 1 1 0 15 3 3 4 4 1 0.731857 0.000000 
40 1 1 0 5 1 1 2 2 1 0.755353 0.000000 
40 1 1 0 10 2 2 3 3 1 1.344691 0.000000 
40 1 1 0 0 0 0 1 1 1 0.663822 0.000000 
40 1 0 0 8 2 0 1 1 1 1.274070 0.000000 
40 1 0 0 6 1 2 3 3 1 0.747831 0.000000 
40 1 0 0 6 1 2 3 3 1 0.850702 0.000000 
40 1 1 0 5 1 1 2 2 1 1.293042 0.000000 
40 1 0 0 8 2 0 1 1 1 0.934180 0.000000 
40 1 1 0 10 2 2 3 3 1 1.756166 0.000000 
40 1 1 1 5 1 1 2 2 1 1.186800 0.000000 
40 1 0 0 3 0 3 4 4 1 0.663901 0.000000 
40 1 1 0 10 2 2 3 3 1 0.802120 0.000000 
40 1 1 0 5 1 1 2 2 1 0.974429 0.000000 
40 1 1 0 10 2 2 3 3 1 0.572069 0.000000 
40 1 0 0 3 0 3 4 4 1 0.641591 0.000000 
40 1 0 0 6 1 2 3 3 1 1.651459 0.000000 
40 1 0 1 6 1 2 2 2 1 1.062047 0.000000 
40 1 1 0 15 3 3 4 4 1 2.472494 0.000000 
40 1 0 0 6 1 2 3 3 1 3.010796 0.000000 
40 1 1 0 15 3 3 4 4 1 0.863863 0.000000 
40 1 1 0 15 3 3 4 4 1 0.714140 0.000000 
40 1 1 0 5 1 1 2 3 0 1.113410 0.000000 
40 1 1 0 15 3 3 4 4 1 0.557811 0.000000 
40 1 1 0 15 3 3 4 4 1 0.739508 0.000000 
40 1 0 0 8 2 0 1 1 1 1.338451 0.000000 
40 1 1 0 5 1 1 2 2 1 2.153629 0.000000 
40 1 1 1 10 2 2 3 3 1 0.903432 0.000000 
40 1 1 0 0 0 0 1 1 1 0.887687 0.000000 
40 1 0 1 3 0 3 1 4 0 1.224675 0.000000 
40 1 1 0 15 3 3 4 4 1 0.592224 0.000000 
40 1 0 1 8 2 0 3 3 1 0.956835 0.000000 
40 1 0 0 6 1 2 3 3 1 0.731179 0.000000 
40 1 0 0 8 2 0 1 1 1 1.058756 0.000000 
40 1 0 0 13 3 1 2 2 1 3.708231 0.000000 
40 1 0 1 6 1 2 2 2 1 0.949466 0.000000 
40 1 1 0 15 3 3 4 4 1 0.580134 0.000000 
40 1 1 0 15 3 3 4 4 1 2.225481 0.000000 
40 1 1 0 15 3 3 4 4 1 0.653569 0.000000 
40 1 0 0 6 1 2 3 3 1 1.831836 0.000000 
40 1 1 0 0 0 0 1 1 1 0.787817 0.000000 
40 1 0 0 13 3 1 2 2 1 1.423772 0.000000 
