14 1 1 0 10 2 2 3 3 1 3.858366 0.000000 
14 1 0 0 14 3 2 3 3 1 1.581537 0.000000 
14 1 1 0 10 2 2 3 3 1 1.011449 0.000000 
14 1 0 0 14 3 2 3 3 1 1.351833 0.000000 
14 1 1 0 15 3 3 4 4 1 0.950438 0.000000 
14 1 0 0 14 3 2 3 3 1 1.843862 0.000000 
14 1 0 1 3 0 3 1 1 1 2.695240 0.000000 
14 1 1 0 15 3 3 4 4 1 3.033056 0.000000 
14 1 0 1 4 1 0 2 1 0 2.884981 0.000000 
14 1 1 0 10 2 2 3 0 0 5.000005 0.000000 
14 1 1 0 10 2 2 3 3 1 1.747234 0.000000 
14 1 0 1 9 2 1 3 3 1 2.106351 0.000000 
14 1 1 0 5 1 1 2 2 1 2.619269 0.000000 
14 1 0 1 3 0 3 1 1 1 2.622631 0.000000 
14 1 1 0 15 3 3 4 4 1 1.715040 0.000000 
14 1 1 0 0 0 0 1 1 1 3.075788 0.000000 
14 1 1 0 15 3 3 4 4 1 1.630334 0.000000 
14 1 0 1 4 1 0 2 2 1 2.657341 0.000000 
14 1 0 0 9 2 1 2 2 1 1.820390 0.000000 
14 1 1 0 0 0 0 1 1 1 1.056486 0.000000 
14 1 0 0 14 3 2 3 3 1 3.699018 0.000000 
14 1 0 0 4 1 0 1 1 1 2.779559 0.000000 
14 1 0 1 4 1 0 2 2 1 3.057944 0.000000 
14 1 0 0 9 2 1 2 2 1 2.189182 0.000000 
14 1 0 0 4 1 0 1 1 1 1.514717 0.000000 
14 1 0 0 14 3 2 3 3 1 3.459464 0.000000 
14 1 0 0 3 0 3 4 4 1 1.541790 0.000000 
14 1 0 0 4 1 0 1 1 1 3.053073 0.000000 
14 1 0 0 4 1 0 1 1 1 0.728250 0.000000 
14 1 1 0 10 2 2 3 3 1 1.767898 0.000000 
14 1 0 0 9 2 1 2 2 1 2.406017 0.000000 
14 1 0 0 3 0 3 4 4 1 1.001948 0.000000 
14 1 1 0 0 0 0 1 1 1 1.478366 0.000000 
14 1 0 0 4 1 0 1 1 1 3.144362 0.000000 
14 1 0 0 9 2 1 2 2 1 1.240273 0.000000 
14 1 1 0 10 2 2 3 3 1 1.219429 0.000000 
14 1 1 0 10 2 2 3 3 1 1.767249 0.000000 
14 1 1 0 0 0 0 1 1 1 2.172314 0.000000 
14 1 0 0 14 3 2 3 3 1 1.450522 0.000000 
14 1 0 1 3 0 3 1 1 1 1.924990 0.000000 
14 1 0 0 4 1 0 1 1 1 1.444526 0.000000 
14 1 1 0 5 1 1 2 2 1 1.223790 0.000000 
14 1 1 0 5 1 1 2 2 1 0.963571 0.000000 
14 1 1 1 0 0 0 1 1 1 1.048954 0.000000 
14 1 1 1 10 2 2 3 3 1 3.276032 0.000000 
14 1 1 0 10 2 2 3 3 1 0.982036 0.000000 
14 1 1 0 5 1 1 2 2 1 1.195816 0.000000 
14 1 1 1 15 3 3 4 4 1 2.160985 0.000000 
14 1 0 1 4 1 0 2 2 1 3.286953 0.000000 
14 1 0 0 14 3 2 3 3 1 1.304847 0.000000 
14 1 1 1 5 1 1 2 2 1 1.841386 0.000000 
14 1 0 0 14 3 2 3 1 0 1.876809 0.000000 
14 1 1 1 10 2 2 3 3 1 2.473766 0.000000 
14 1 1 0 0 0 0 1 1 1 1.443802 0.000000 
14 1 0 1 4 1 0 2 2 1 2.631032 0.000000 
14 1 1 0 5 1 1 2 2 1 0.995472 0.000000 
14 1 1 0 0 0 0 1 1 1 1.784542 0.000000 
14 1 1 0 0 0 0 1 1 1 0.533892 0.000000 
14 1 0 0 4 1 0 1 1 1 1.084758 0.000000 
14 1 0 0 14 3 2 3 3 1 1.156893 0.000000 
14 1 0 0 14 3 2 3 3 1 0.899237 0.000000 
14 1 1 1 10 2 2 3 3 1 1.923961 0.000000 
14 1 0 1 14 3 2 4 4 1 1.891771 0.000000 
14 1 1 0 0 0 0 1 1 1 1.205228 0.000000 
14 1 0 0 9 2 1 2 2 1 3.448792 0.000000 
14 1 1 0 10 2 2 3 3 1 1.340151 0.000000 
14 1 0 1 9 2 1 3 3 1 3.611474 0.000000 
14 1 0 0 4 1 0 1 1 1 2.000916 0.000000 
14 1 1 1 5 1 1 2 2 1 1.845687 0.000000 
14 1 1 0 5 1 1 2 2 1 1.280098 0.000000 
14 1 1 0 0 0 0 1 1 1 3.145931 0.000000 
14 1 0 0 9 2 1 2 2 1 3.066032 0.000000 
14 1 0 0 3 0 3 4 4 1 0.876471 0.000000 
14 1 1 0 5 1 1 2 2 1 1.198203 0.000000 
14 1 0 0 14 3 2 3 3 1 2.370348 0.000000 
14 1 1 0 5 1 1 2 2 1 3.224707 0.000000 
14 1 1 1 0 0 0 1 1 1 2.197306 0.000000 
14 1 1 1 10 2 2 3 3 1 1.882840 0.000000 
14 1 0 0 3 0 3 4 4 1 2.299366 0.000000 
14 1 0 0 14 3 2 3 3 1 1.660227 0.000000 
14 1 0 0 3 0 3 4 4 1 4.063045 0.000000 
14 1 1 0 15 3 3 4 4 1 1.018566 0.000000 
14 1 1 0 5 1 1 2 2 1 1.366257 0.000000 
14 1 0 0 9 2 1 2 2 1 1.340210 0.000000 
14 1 1 1 15 3 3 4 4 1 2.466496 0.000000 
14 1 0 0 14 3 2 3 3 1 1.932778 0.000000 
14 1 1 1 5 1 1 2 2 1 2.268229 0.000000 
14 1 1 1 0 0 0 1 1 1 1.734496 0.000000 
14 1 1 1 15 3 3 4 4 1 1.468808 0.000000 
14 1 0 0 14 3 2 3 3 1 1.718768 0.000000 
14 1 0 0 3 0 3 4 4 1 1.630801 0.000000 
14 1 1 0 15 3 3 4 4 1 1.002773 0.000000 
14 1 0 0 3 0 3 4 4 1 2.015262 0.000000 
14 1 0 0 14 3 2 3 3 1 2.027019 0.000000 
14 1 0 0 4 1 0 1 1 1 1.238503 0.000000 
14 1 0 0 9 2 1 2 2 1 1.113646 0.000000 
14 1 1 1 10 2 2 3 3 1 1.786131 0.000000 
14 1 1 0 10 2 2 3 3 1 1.367498 0.000000 
14 1 1 0 5 1 1 2 2 1 1.453380 0.000000 
14 1 0 0 3 0 3 4 4 1 0.863972 0.000000 
14 1 1 1 0 0 0 1 1 1 2.897348 0.000000 
14 1 1 0 15 3 3 4 4 1 3.827294 0.000000 
14 1 1 0 5 1 1 2 2 1 1.608114 0.000000 
14 1 0 0 3 0 3 4 4 1 0.948719 0.000000 
14 1 1 0 15 3 3 4 4 1 0.843808 0.000000 
14 1 0 1 9 2 1 3 3 1 1.637732 0.000000 
14 1 0 0 14 3 2 3 3 1 1.489043 0.000000 
14 1 0 0 4 1 0 1 1 1 2.034416 0.000000 
14 1 0 0 3 0 3 4 4 1 1.669858 0.000000 
14 1 0 0 3 0 3 4 4 1 0.599850 0.000000 
14 1 1 0 5 1 1 2 2 1 1.508128 0.000000 
14 1 0 0 4 1 0 1 1 1 0.875684 0.000000 
14 1 0 0 3 0 3 4 4 1 0.949380 0.000000 
14 1 1 0 0 0 0 1 1 1 1.404061 0.000000 
14 1 1 1 0 0 0 1 1 1 1.912324 0.000000 
14 1 1 0 10 2 2 3 3 1 3.473218 0.000000 
14 1 1 0 5 1 1 2 2 1 1.210884 0.000000 
14 1 1 0 10 2 2 3 3 1 1.271328 0.000000 
14 1 0 0 14 3 2 3 3 1 1.297199 0.000000 
14 1 1 0 5 1 1 2 2 1 1.858400 0.000000 
14 1 0 0 14 3 2 3 3 1 2.445184 0.000000 
14 1 1 0 10 2 2 3 3 1 1.624805 0.000000 
14 1 1 0 0 0 0 1 1 1 1.699834 0.000000 
14 1 0 1 9 2 1 3 3 1 1.828506 0.000000 
14 1 1 1 0 0 0 1 1 1 2.160561 0.000000 
14 1 1 0 0 0 0 1 1 1 2.263474 0.000000 
14 1 0 0 4 1 0 1 1 1 1.146347 0.000000 
14 1 0 1 3 0 3 1 4 0 0.800411 0.000000 
14 1 0 0 3 0 3 4 4 1 0.856587 0.000000 
14 1 1 0 15 3 3 4 4 1 1.122675 0.000000 
14 1 0 0 9 2 1 2 2 1 2.802490 0.000000 
14 1 1 0 0 0 0 1 1 1 0.711531 0.000000 
14 1 0 0 14 3 2 3 3 1 1.072043 0.000000 
14 1 1 0 10 2 2 3 3 1 1.728686 0.000000 
14 1 0 1 4 1 0 2 2 1 1.808677 0.000000 
14 1 0 1 9 2 1 3 3 1 1.493414 0.000000 
14 1 0 0 9 2 1 2 2 1 1.758737 0.000000 
14 1 0 1 3 0 3 1 1 1 2.717420 0.000000 
14 1 0 0 3 0 3 4 4 1 0.781847 0.000000 
14 1 1 1 15 3 3 4 4 1 1.690551 0.000000 
14 1 0 0 3 0 3 4 4 1 0.923840 0.000000 
14 1 1 0 15 3 3 4 4 1 0.739596 0.000000 
14 1 1 0 0 0 0 1 1 1 1.010476 0.000000 
14 1 0 1 9 2 1 3 3 1 2.278919 0.000000 
14 1 0 0 4 1 0 1 1 1 1.529168 0.000000 
14 1 1 1 15 3 3 4 4 1 1.008042 0.000000 
14 1 1 0 5 1 1 2 2 1 1.212495 0.000000 
14 1 0 0 9 2 1 2 2 1 1.345019 0.000000 
14 1 1 0 15 3 3 4 4 1 0.856120 0.000000 
14 1 1 0 5 1 1 2 2 1 1.202519 0.000000 
14 1 0 0 3 0 3 4 4 1 1.054989 0.000000 
14 1 1 0 10 2 2 3 3 1 1.233411 0.000000 
14 1 1 0 10 2 2 3 3 1 1.371605 0.000000 
14 1 0 1 3 0 3 1 4 0 1.697551 0.000000 
14 1 1 0 10 2 2 3 3 1 2.062687 0.000000 
14 1 1 1 15 3 3 4 4 1 1.953165 0.000000 
14 1 1 0 10 2 2 3 3 1 1.999051 0.000000 
14 1 0 0 3 0 3 4 4 1 1.211844 0.000000 
14 1 0 0 3 0 3 4 4 1 0.784236 0.000000 
14 1 0 0 9 2 1 2 2 1 1.717144 0.000000 
14 1 0 1 4 1 0 2 2 1 1.572615 0.000000 
14 1 0 1 14 3 2 4 4 1 2.274652 0.000000 
14 1 1 0 5 1 1 2 2 1 1.204849 0.000000 
14 1 0 0 4 1 0 1 1 1 1.120317 0.000000 
14 1 0 0 14 3 2 3 3 1 1.200112 0.000000 
14 1 1 0 10 2 2 3 3 1 1.444668 0.000000 
14 1 1 0 5 1 1 2 2 1 1.215893 0.000000 
14 1 1 1 5 1 1 2 2 1 1.547951 0.000000 
14 1 0 0 9 2 1 2 2 1 2.682023 0.000000 
14 1 1 0 15 3 3 4 4 1 1.380044 0.000000 
14 1 1 0 0 0 0 1 1 1 4.617774 0.000000 
14 1 1 0 0 0 0 1 1 1 0.502874 0.000000 
14 1 0 1 4 1 0 2 2 1 1.671049 0.000000 
14 1 0 0 14 3 2 3 3 1 2.768167 0.000000 
14 1 0 0 14 3 2 3 3 1 1.014529 0.000000 
14 1 1 1 10 2 2 3 3 1 1.906933 0.000000 
14 1 0 0 9 2 1 2 1 0 1.907798 0.000000 
14 1 0 0 14 3 2 3 3 1 2.448363 0.000000 
14 1 1 0 5 1 1 2 2 1 1.786777 0.000000 
14 1 1 1 10 2 2 3 3 1 1.632137 0.000000 
14 1 1 0 10 2 2 3 3 1 1.115962 0.000000 
14 1 1 0 15 3 3 4 4 1 0.947864 0.000000 
14 1 1 0 0 0 0 1 1 1 2.114997 0.000000 
14 1 0 0 4 1 0 1 1 1 1.371750 0.000000 
14 1 0 0 14 3 2 3 3 1 1.200647 0.000000 
14 1 0 1 4 1 0 2 2 1 1.461096 0.000000 
14 1 0 0 4 1 0 1 1 1 1.079764 0.000000 
14 1 0 0 3 0 3 4 4 1 0.873471 0.000000 
14 1 1 1 10 2 2 3 3 1 1.539183 0.000000 
14 1 1 0 15 3 3 4 4 1 0.962473 0.000000 
14 1 1 0 15 3 3 4 4 1 0.616809 0.000000 
14 1 1 1 15 3 3 4 4 1 1.499392 0.000000 
14 1 1 0 15 3 3 4 0 0 5.000013 0.000000 
14 1 0 0 14 3 2 3 3 1 1.465371 0.000000 
14 1 1 0 0 0 0 1 1 1 1.107675 0.000000 
14 1 0 0 4 1 0 1 1 1 2.732227 0.000000 
14 1 1 0 15 3 3 4 4 1 0.714880 0.000000 
14 1 0 0 4 1 0 1 1 1 1.379221 0.000000 
14 1 0 0 3 0 3 4 4 1 0.937034 0.000000 
14 1 0 1 9 2 1 3 3 1 3.960270 0.000000 
14 1 0 0 14 3 2 3 3 1 1.719821 0.000000 
14 1 1 0 0 0 0 1 2 0 1.423854 0.000000 
14 1 1 0 15 3 3 4 4 1 0.654540 0.000000 
14 1 1 0 10 2 2 3 3 1 2.736575 0.000000 
14 1 0 1 14 3 2 4 4 1 1.336279 0.000000 
14 1 1 0 5 1 1 2 2 1 1.663535 0.000000 
14 1 0 0 3 0 3 4 4 1 0.722197 0.000000 
14 1 1 0 15 3 3 4 4 1 0.809821 0.000000 
14 1 0 0 4 1 0 1 1 1 2.821158 0.000000 
14 1 0 0 4 1 0 1 1 1 1.321575 0.000000 
14 1 1 0 5 1 1 2 2 1 1.033509 0.000000 
14 1 1 0 0 0 0 1 1 1 0.652522 0.000000 
14 1 0 1 14 3 2 4 4 1 1.142829 0.000000 
14 1 1 1 15 3 3 4 4 1 1.053968 0.000000 
14 1 0 0 14 3 2 3 3 1 3.607457 0.000000 
14 1 0 1 4 1 0 2 2 1 1.612799 0.000000 
14 1 0 0 3 0 3 4 4 1 0.857489 0.000000 
14 1 1 0 5 1 1 2 2 1 0.955859 0.000000 
14 1 1 1 0 0 0 1 1 1 1.546261 0.000000 
14 1 0 0 9 2 1 2 3 0 2.456593 0.000000 
14 1 0 1 9 2 1 3 3 1 2.487402 0.000000 
14 1 1 0 15 3 3 4 4 1 0.744695 0.000000 
14 1 0 0 14 3 2 3 3 1 1.351786 0.000000 
14 1 0 0 4 1 0 1 1 1 1.702296 0.000000 
14 1 1 0 5 1 1 2 2 1 1.029940 0.000000 
14 1 0 0 9 2 1 2 2 1 3.577826 0.000000 
14 1 1 0 0 0 0 1 2 0 2.024541 0.000000 
14 1 0 1 3 0 3 1 4 0 1.216505 0.000000 
14 1 1 0 5 1 1 2 2 1 1.175932 0.000000 
14 1 1 0 15 3 3 4 4 1 3.652520 0.000000 
14 1 1 0 0 0 0 1 1 1 0.847860 0.000000 
14 1 1 0 5 1 1 2 2 1 1.794913 0.000000 
14 1 1 0 0 0 0 1 1 1 1.000323 0.000000 
14 1 0 0 9 2 1 2 2 1 1.252728 0.000000 
14 1 1 0 0 0 0 1 2 0 1.439250 0.000000 
14 1 1 0 15 3 3 4 4 1 0.901282 0.000000 
14 1 0 0 9 2 1 2 2 1 3.661424 0.000000 
14 1 0 0 3 0 3 4 4 1 1.336834 0.000000 
14 1 1 0 0 0 0 1 1 1 1.032032 0.000000 
14 1 1 0 0 0 0 1 1 1 0.795842 0.000000 
14 1 1 0 0 0 0 1 1 1 0.463752 0.000000 
14 1 1 0 10 2 2 3 3 1 1.769956 0.000000 
14 1 0 0 9 2 1 2 2 1 1.176011 0.000000 
14 1 0 0 4 1 0 1 1 1 1.109834 0.000000 
14 1 0 0 9 2 1 2 2 1 1.094252 0.000000 
14 1 1 0 10 2 2 3 3 1 1.471324 0.000000 
14 1 0 0 4 1 0 1 1 1 1.465341 0.000000 
14 1 0 1 3 0 3 1 1 1 1.498866 0.000000 
14 1 1 0 0 0 0 1 1 1 2.180049 0.000000 
14 1 1 0 5 1 1 2 2 1 0.977721 0.000000 
14 1 1 1 0 0 0 1 1 1 1.039436 0.000000 
14 1 1 0 5 1 1 2 2 1 0.970501 0.000000 
14 1 1 0 5 1 1 2 2 1 2.096289 0.000000 
14 1 1 1 10 2 2 3 3 1 4.312843 0.000000 
14 1 1 1 10 2 2 3 3 1 1.042538 0.000000 
14 1 0 0 3 0 3 4 4 1 1.109609 0.000000 
14 1 1 0 15 3 3 4 4 1 2.478145 0.000000 
14 1 0 0 14 3 2 3 3 1 2.967516 0.000000 
14 1 0 0 14 3 2 3 3 1 0.997963 0.000000 
14 1 0 0 9 2 1 2 2 1 1.370994 0.000000 
14 1 0 0 3 0 3 4 4 1 0.888849 0.000000 
14 1 1 0 0 0 0 1 2 0 1.225945 0.000000 
14 1 1 0 10 2 2 3 3 1 1.697536 0.000000 
14 1 0 0 9 2 1 2 2 1 1.393620 0.000000 
14 1 0 0 14 3 2 3 3 1 2.750973 0.000000 
14 1 0 0 4 1 0 1 1 1 1.454072 0.000000 
14 1 1 0 15 3 3 4 4 1 0.576542 0.000000 
14 1 0 1 9 2 1 3 3 1 1.726166 0.000000 
14 1 1 1 5 1 1 2 2 1 3.877362 0.000000 
14 1 0 0 14 3 2 3 3 1 1.856095 0.000000 
14 1 0 0 3 0 3 4 4 1 1.330875 0.000000 
14 1 1 1 5 1 1 2 2 1 2.362801 0.000000 
14 1 0 1 3 0 3 1 1 1 1.641942 0.000000 
14 1 1 0 15 3 3 4 4 1 0.716043 0.000000 
14 1 0 0 14 3 2 3 3 1 1.739972 0.000000 
14 1 1 0 5 1 1 2 2 1 1.034974 0.000000 
14 1 0 0 14 3 2 3 3 1 1.326094 0.000000 
14 1 0 0 9 2 1 2 2 1 1.221941 0.000000 
14 1 1 0 5 1 1 2 2 1 1.017843 0.000000 
14 1 1 0 0 0 0 1 1 1 0.749482 0.000000 
14 1 0 0 3 0 3 4 4 1 0.995098 0.000000 
14 1 0 0 4 1 0 1 1 1 1.151842 0.000000 
14 1 1 1 10 2 2 3 3 1 2.470447 0.000000 
14 1 0 0 3 0 3 4 4 1 1.016676 0.000000 
14 1 0 1 14 3 2 4 4 1 3.444456 0.000000 
14 1 0 1 4 1 0 2 2 1 1.839549 0.000000 
14 1 0 0 4 1 0 1 1 1 1.194907 0.000000 
14 1 1 0 10 2 2 3 3 1 1.392048 0.000000 
14 1 0 0 4 1 0 1 1 1 1.101328 0.000000 
14 1 0 0 14 3 2 3 3 1 1.765819 0.000000 
14 1 1 0 5 1 1 2 2 1 1.484037 0.000000 
14 1 0 0 14 3 2 3 3 1 1.548075 0.000000 
14 1 1 1 5 1 1 2 2 1 1.315364 0.000000 
14 1 0 0 9 2 1 2 2 1 3.003932 0.000000 
14 1 0 1 4 1 0 2 2 1 2.233211 0.000000 
14 1 0 0 9 2 1 2 2 1 2.380796 0.000000 
14 1 0 1 4 1 0 2 2 1 2.810206 0.000000 
14 1 0 0 14 3 2 3 3 1 2.655248 0.000000 
14 1 0 0 4 1 0 1 1 1 1.346316 0.000000 
14 1 1 1 10 2 2 3 3 1 1.665439 0.000000 
14 1 1 0 10 2 2 3 3 1 1.964069 0.000000 
14 1 0 0 9 2 1 2 2 1 1.209341 0.000000 
14 1 1 0 10 2 2 3 3 1 2.053853 0.000000 
14 1 0 0 4 1 0 1 1 1 1.344575 0.000000 
14 1 0 1 14 3 2 4 4 1 1.855788 0.000000 
14 1 0 1 3 0 3 1 1 1 1.506597 0.000000 
14 1 0 1 3 0 3 1 1 1 1.027136 0.000000 
14 1 1 0 15 3 3 4 4 1 1.165905 0.000000 
14 1 1 1 15 3 3 4 4 1 0.507963 0.000000 
14 1 0 0 4 1 0 1 1 1 2.364040 0.000000 
14 1 0 0 9 2 1 2 2 1 0.954846 0.000000 
14 1 1 0 5 1 1 2 2 1 0.881239 0.000000 
14 1 0 0 3 0 3 4 4 1 1.154963 0.000000 
14 1 1 0 0 0 0 1 1 1 1.504480 0.000000 
14 1 1 1 10 2 2 3 3 1 2.553070 0.000000 
14 1 0 1 9 2 1 3 3 1 1.800108 0.000000 
14 1 1 0 15 3 3 4 4 1 0.692762 0.000000 
14 1 0 1 14 3 2 4 3 0 1.829718 0.000000 
14 1 0 0 3 0 3 4 4 1 2.181660 0.000000 
14 1 0 0 14 3 2 3 3 1 3.570662 0.000000 
14 1 0 0 9 2 1 2 2 1 1.145426 0.000000 
14 1 0 0 3 0 3 4 4 1 1.128542 0.000000 
14 1 1 1 0 0 0 1 1 1 2.176338 0.000000 
14 1 1 0 5 1 1 2 2 1 0.870487 0.000000 
14 1 1 0 15 3 3 4 4 1 0.687116 0.000000 
14 1 0 0 14 3 2 3 3 1 2.320177 0.000000 
14 1 1 0 10 2 2 3 3 1 1.048528 0.000000 
14 1 0 1 9 2 1 3 2 0 1.371541 0.000000 
14 1 0 0 9 2 1 2 2 1 2.661274 0.000000 
14 1 1 0 15 3 3 4 4 1 0.895957 0.000000 
14 1 0 1 4 1 0 2 2 1 3.264105 0.000000 
14 1 1 1 0 0 0 1 1 1 2.123397 0.000000 
14 1 0 0 4 1 0 1 1 1 1.227636 0.000000 
14 1 1 0 0 0 0 1 1 1 1.015391 0.000000 
14 1 1 1 0 0 0 1 1 1 1.019784 0.000000 
14 1 0 0 3 0 3 4 4 1 0.758515 0.000000 
14 1 1 1 10 2 2 3 2 0 2.084877 0.000000 
14 1 1 0 0 0 0 1 1 1 1.842201 0.000000 
14 1 1 1 5 1 1 2 2 1 1.901314 0.000000 
14 1 0 0 9 2 1 2 2 1 2.526150 0.000000 
14 1 1 0 15 3 3 4 4 1 0.733496 0.000000 
14 1 1 0 15 3 3 4 4 1 0.556452 0.000000 
14 1 0 0 14 3 2 3 3 1 2.266734 0.000000 
14 1 0 0 3 0 3 4 4 1 0.980947 0.000000 
14 1 1 1 5 1 1 2 2 1 1.226727 0.000000 
14 1 1 0 5 1 1 2 2 1 0.830477 0.000000 
14 1 1 0 10 2 2 3 3 1 1.881171 0.000000 
14 1 0 0 9 2 1 2 2 1 2.131220 0.000000 
14 1 0 0 9 2 1 2 2 1 0.963445 0.000000 
14 1 1 1 5 1 1 2 2 1 1.961693 0.000000 
14 1 0 0 9 2 1 2 2 1 1.080542 0.000000 
14 1 1 0 5 1 1 2 2 1 0.794377 0.000000 
14 1 1 0 0 0 0 1 1 1 1.039365 0.000000 
14 1 1 0 10 2 2 3 3 1 1.569453 0.000000 
14 1 1 0 0 0 0 1 1 1 0.887397 0.000000 
14 1 1 0 15 3 3 4 4 1 0.672428 0.000000 
14 1 1 0 15 3 3 4 4 1 0.545933 0.000000 
14 1 1 1 0 0 0 1 1 1 1.520801 0.000000 
14 1 0 0 14 3 2 3 3 1 1.296768 0.000000 
14 1 0 1 4 1 0 2 1 0 1.264933 0.000000 
14 1 0 0 4 1 0 1 1 1 1.207273 0.000000 
14 1 1 1 0 0 0 1 1 1 4.515691 0.000000 
14 1 1 0 5 1 1 2 2 1 0.972715 0.000000 
14 1 0 0 9 2 1 2 2 1 0.946407 0.000000 
14 1 1 1 15 3 3 4 4 1 1.504460 0.000000 
14 1 1 0 15 3 3 4 4 1 0.585026 0.000000 
14 1 1 0 0 0 0 1 1 1 1.446028 0.000000 
14 1 0 1 9 2 1 3 3 1 2.897294 0.000000 
14 1 1 0 15 3 3 4 4 1 0.611082 0.000000 
14 1 0 0 3 0 3 4 4 1 2.127374 0.000000 
14 1 1 1 10 2 2 3 3 1 2.150578 0.000000 
14 1 0 0 14 3 2 3 3 1 2.461402 0.000000 
14 1 0 1 9 2 1 3 2 0 3.056513 0.000000 
14 1 1 0 15 3 3 4 4 1 1.767516 0.000000 
14 1 1 0 0 0 0 1 1 1 2.404341 0.000000 
14 1 0 0 4 1 0 1 1 1 1.417315 0.000000 
14 1 0 0 4 1 0 1 1 1 1.149209 0.000000 
14 1 1 0 10 2 2 3 3 1 2.131991 0.000000 
14 1 0 0 9 2 1 2 2 1 1.347893 0.000000 
14 1 1 1 0 0 0 1 1 1 1.579081 0.000000 
14 1 1 0 15 3 3 4 4 1 0.576943 0.000000 
14 1 0 1 4 1 0 2 2 1 2.685669 0.000000 
14 1 1 0 10 2 2 3 3 1 1.879379 0.000000 
14 1 1 0 10 2 2 3 3 1 0.817483 0.000000 
