7 1 1 5 1 1 2 2 1 1.421667 0.000000 
7 1 0 14 3 2 4 4 1 0.680853 0.000000 
7 1 0 8 2 0 3 3 1 1.001801 0.000000 
7 1 0 14 3 2 4 4 1 0.605695 0.000000 
7 1 1 5 1 1 2 2 1 0.641890 0.000000 
7 1 0 8 2 0 3 3 1 0.756854 0.000000 
7 1 1 15 3 3 4 4 1 0.554073 0.000000 
7 1 0 8 2 0 3 3 1 0.520286 0.000000 
7 1 1 15 3 3 4 4 1 0.567844 0.000000 
7 1 1 10 2 2 3 2 0 0.581331 0.000000 
7 1 1 15 3 3 4 4 1 0.566722 0.000000 
7 1 1 15 3 3 4 4 1 0.427998 0.000000 
7 1 1 15 3 3 4 4 1 0.407549 0.000000 
7 1 1 0 0 0 1 1 1 0.979545 0.000000 
7 1 1 0 0 0 1 1 1 0.463669 0.000000 
7 1 1 10 2 2 3 3 1 0.513812 0.000000 
7 1 1 0 0 0 1 1 1 0.634049 0.000000 
7 1 0 14 3 2 4 4 1 0.709014 0.000000 
7 1 0 8 2 0 3 3 1 0.941230 0.000000 
7 1 0 14 3 2 4 4 1 0.628223 0.000000 
7 1 0 8 2 0 3 4 0 0.479807 0.000000 
7 1 1 5 1 1 2 2 1 0.677140 0.000000 
7 1 0 1 0 1 1 1 1 0.709529 0.000000 
7 1 1 10 2 2 3 3 1 0.765736 0.000000 
7 1 0 1 0 1 1 2 0 0.723900 0.000000 
7 1 1 10 2 2 3 3 1 0.822805 0.000000 
7 1 0 7 1 3 2 2 1 0.850211 0.000000 
7 1 1 0 0 0 1 1 1 0.732626 0.000000 
7 1 1 15 3 3 4 4 1 0.604053 0.000000 
7 1 1 15 3 3 4 4 1 0.519763 0.000000 
7 1 1 15 3 3 4 4 1 0.502209 0.000000 
7 1 0 14 3 2 4 4 1 0.686428 0.000000 
7 1 0 7 1 3 2 2 1 0.679395 0.000000 
7 1 1 0 0 0 1 1 1 0.672946 0.000000 
7 1 0 1 0 1 1 1 1 0.514505 0.000000 
7 1 0 7 1 3 2 2 1 0.698772 0.000000 
7 1 0 14 3 2 4 4 1 0.563643 0.000000 
7 1 0 1 0 1 1 1 1 0.713856 0.000000 
7 1 0 8 2 0 3 3 1 0.585058 0.000000 
7 1 0 8 2 0 3 3 1 0.549972 0.000000 
7 1 1 5 1 1 2 2 1 0.732188 0.000000 
7 1 0 8 2 0 3 3 1 0.747881 0.000000 
7 1 0 14 3 2 4 4 1 0.530762 0.000000 
7 1 1 0 0 0 1 1 1 0.490204 0.000000 
7 1 0 8 2 0 3 3 1 0.571179 0.000000 
7 1 1 0 0 0 1 2 0 0.568771 0.000000 
7 1 1 5 1 1 2 2 1 0.769045 0.000000 
7 1 1 0 0 0 1 1 1 0.486476 0.000000 
7 1 0 7 1 3 2 2 1 0.615268 0.000000 
7 1 1 15 3 3 4 4 1 0.627514 0.000000 
7 1 1 15 3 3 4 4 1 0.479095 0.000000 
7 1 0 14 3 2 4 4 1 0.704574 0.000000 
7 1 1 10 2 2 3 3 1 0.776915 0.000000 
7 1 1 5 1 1 2 2 1 0.694500 0.000000 
7 1 1 15 3 3 4 4 1 0.494399 0.000000 
7 1 0 8 2 0 3 3 1 0.911254 0.000000 
7 1 0 14 3 2 4 4 1 0.695575 0.000000 
7 1 1 15 3 3 4 4 1 0.400483 0.000000 
7 1 1 0 0 0 1 2 0 0.636667 0.000000 
7 1 1 5 1 1 2 1 0 0.643411 0.000000 
7 1 0 7 1 3 2 2 1 0.537875 0.000000 
7 1 0 1 0 1 1 1 1 0.632477 0.000000 
7 1 1 15 3 3 4 4 1 0.530905 0.000000 
7 1 0 14 3 2 4 4 1 0.585901 0.000000 
7 1 0 14 3 2 4 4 1 0.542824 0.000000 
7 1 1 10 2 2 3 3 1 1.189667 0.000000 
7 1 0 1 0 1 1 1 1 0.682823 0.000000 
7 1 0 14 3 2 4 4 1 0.588012 0.000000 
7 1 1 15 3 3 4 4 1 0.504628 0.000000 
7 1 1 0 0 0 1 2 0 0.592822 0.000000 
7 1 1 0 0 0 1 1 1 0.816502 0.000000 
7 1 1 0 0 0 1 1 1 0.499891 0.000000 
7 1 1 10 2 2 3 3 1 1.156142 0.000000 
7 1 1 5 1 1 2 2 1 0.738532 0.000000 
7 1 1 0 0 0 1 1 1 0.673488 0.000000 
7 1 0 1 0 1 1 1 1 0.811127 0.000000 
7 1 1 0 0 0 1 1 1 0.511420 0.000000 
7 1 0 14 3 2 4 4 1 0.679573 0.000000 
7 1 0 8 2 0 3 3 1 0.504192 0.000000 
7 1 0 7 1 3 2 2 1 0.640282 0.000000 
7 1 1 0 0 0 1 1 1 0.435260 0.000000 
7 1 0 7 1 3 2 2 1 0.598145 0.000000 
7 1 0 1 0 1 1 1 1 0.626963 0.000000 
7 1 0 14 3 2 4 4 1 0.654629 0.000000 
7 1 0 14 3 2 4 4 1 0.552843 0.000000 
7 1 0 14 3 2 4 4 1 0.542991 0.000000 
7 1 0 1 0 1 1 1 1 0.644850 0.000000 
7 1 0 14 3 2 4 4 1 0.679817 0.000000 
7 1 0 1 0 1 1 1 1 0.649334 0.000000 
7 1 0 8 2 0 3 3 1 0.763869 0.000000 
7 1 1 0 0 0 1 1 1 0.617916 0.000000 
7 1 0 8 2 0 3 3 1 0.517544 0.000000 
7 1 0 1 0 1 1 1 1 0.605026 0.000000 
7 1 0 7 1 3 2 2 1 0.553227 0.000000 
7 1 0 1 0 1 1 1 1 0.654431 0.000000 
7 1 0 8 2 0 3 3 1 0.600689 0.000000 
7 1 1 5 1 1 2 2 1 0.564961 0.000000 
7 1 1 10 2 2 3 3 1 0.683207 0.000000 
7 1 1 15 3 3 4 4 1 0.380020 0.000000 
7 1 1 10 2 2 3 3 1 0.481536 0.000000 
7 1 0 8 2 0 3 3 1 0.539063 0.000000 
7 1 1 15 3 3 4 4 1 0.385929 0.000000 
7 1 1 10 2 2 3 3 1 0.501741 0.000000 
7 1 0 14 3 2 4 4 1 0.469857 0.000000 
7 1 1 15 3 3 4 4 1 1.335385 0.000000 
7 1 1 5 1 1 2 2 1 0.662564 0.000000 
7 1 0 8 2 0 3 3 1 0.800818 0.000000 
7 1 0 8 2 0 3 3 1 0.477095 0.000000 
7 1 0 7 1 3 2 2 1 0.646694 0.000000 
7 1 0 8 2 0 3 2 0 0.473568 0.000000 
7 1 0 7 1 3 2 2 1 0.526945 0.000000 
7 1 0 8 2 0 3 3 1 0.613161 0.000000 
7 1 1 5 1 1 2 2 1 0.601345 0.000000 
7 1 1 15 3 3 4 4 1 0.661597 0.000000 
7 1 0 14 3 2 4 4 1 0.463791 0.000000 
7 1 0 7 1 3 2 2 1 0.609990 0.000000 
7 1 0 7 1 3 2 2 1 0.510282 0.000000 
7 1 1 0 0 0 1 1 1 0.494381 0.000000 
7 1 1 5 1 1 2 2 1 0.623234 0.000000 
7 1 0 8 2 0 3 3 1 0.569814 0.000000 
7 1 1 10 2 2 3 3 1 1.167411 0.000000 
7 1 1 0 0 0 1 1 1 0.597152 0.000000 
7 1 0 8 2 0 3 3 1 0.706084 0.000000 
7 1 1 0 0 0 1 1 1 0.714326 0.000000 
7 1 1 5 1 1 2 2 1 0.562685 0.000000 
7 1 1 10 2 2 3 3 1 0.536854 0.000000 
7 1 1 5 1 1 2 3 0 0.423728 0.000000 
7 1 0 8 2 0 3 3 1 0.781966 0.000000 
7 1 0 7 1 3 2 2 1 0.595400 0.000000 
7 1 1 15 3 3 4 4 1 0.504223 0.000000 
7 1 1 0 0 0 1 1 1 0.640422 0.000000 
7 1 0 8 2 0 3 3 1 0.635390 0.000000 
7 1 1 10 2 2 3 3 1 0.758270 0.000000 
7 1 0 7 1 3 2 2 1 0.572556 0.000000 
7 1 0 1 0 1 1 1 1 0.658128 0.000000 
7 1 1 5 1 1 2 2 1 0.651298 0.000000 
7 1 1 0 0 0 1 1 1 0.637586 0.000000 
7 1 0 8 2 0 3 3 1 0.744512 0.000000 
7 1 1 0 0 0 1 1 1 0.543440 0.000000 
7 1 1 5 1 1 2 2 1 0.758291 0.000000 
7 1 0 1 0 1 1 1 1 0.740570 0.000000 
7 1 0 1 0 1 1 1 1 0.595582 0.000000 
7 1 0 7 1 3 2 2 1 0.608536 0.000000 
7 1 0 14 3 2 4 4 1 0.483708 0.000000 
7 1 1 10 2 2 3 3 1 0.532480 0.000000 
7 1 1 10 2 2 3 3 1 0.507916 0.000000 
7 1 1 5 1 1 2 2 1 0.547506 0.000000 
7 1 1 5 1 1 2 2 1 1.346494 0.000000 
7 1 1 15 3 3 4 4 1 0.529651 0.000000 
7 1 0 7 1 3 2 2 1 0.609253 0.000000 
7 1 0 7 1 3 2 2 1 0.493428 0.000000 
7 1 0 7 1 3 2 2 1 0.509204 0.000000 
7 1 1 0 0 0 1 1 1 0.589434 0.000000 
7 1 0 7 1 3 2 2 1 0.682273 0.000000 
7 1 0 7 1 3 2 2 1 0.611905 0.000000 
7 1 0 7 1 3 2 2 1 0.408103 0.000000 
7 1 1 0 0 0 1 1 1 0.556237 0.000000 
7 1 1 10 2 2 3 3 1 0.602526 0.000000 
7 1 0 8 2 0 3 3 1 0.550718 0.000000 
7 1 1 0 0 0 1 1 1 0.779860 0.000000 
7 1 1 5 1 1 2 3 0 0.521549 0.000000 
7 1 0 14 3 2 4 4 1 0.772922 0.000000 
7 1 1 5 1 1 2 2 1 0.674292 0.000000 
7 1 1 5 1 1 2 2 1 0.651826 0.000000 
7 1 1 0 0 0 1 1 1 0.598080 0.000000 
7 1 1 15 3 3 4 4 1 0.618997 0.000000 
7 1 1 5 1 1 2 2 1 0.606581 0.000000 
7 1 0 1 0 1 1 1 1 0.450855 0.000000 
7 1 0 1 0 1 1 1 1 0.491909 0.000000 
7 1 1 10 2 2 3 3 1 0.636740 0.000000 
7 1 0 7 1 3 2 2 1 0.727700 0.000000 
7 1 0 1 0 1 1 1 1 0.631285 0.000000 
7 1 0 1 0 1 1 2 0 0.642844 0.000000 
7 1 1 15 3 3 4 4 1 0.577674 0.000000 
7 1 1 0 0 0 1 1 1 0.814973 0.000000 
7 1 0 14 3 2 4 4 1 1.378275 0.000000 
7 1 1 5 1 1 2 2 1 0.568023 0.000000 
7 1 0 7 1 3 2 2 1 0.493657 0.000000 
7 1 1 15 3 3 4 4 1 0.510450 0.000000 
7 1 1 10 2 2 3 2 0 0.510655 0.000000 
7 1 0 8 2 0 3 3 1 0.578642 0.000000 
7 1 0 7 1 3 2 2 1 0.575861 0.000000 
7 1 0 8 2 0 3 3 1 0.685531 0.000000 
7 1 1 10 2 2 3 3 1 0.517409 0.000000 
7 1 1 15 3 3 4 4 1 0.404916 0.000000 
7 1 0 14 3 2 4 4 1 1.097088 0.000000 
7 1 0 8 2 0 3 3 1 0.594167 0.000000 
7 1 0 1 0 1 1 1 1 0.599097 0.000000 
7 1 1 15 3 3 4 4 1 0.635907 0.000000 
7 1 1 10 2 2 3 3 1 0.718936 0.000000 
7 1 1 0 0 0 1 1 1 0.558561 0.000000 
7 1 0 7 1 3 2 2 1 0.444707 0.000000 
7 1 0 7 1 3 2 2 1 2.871065 0.000000 
7 1 1 0 0 0 1 1 1 1.311878 0.000000 
7 1 0 14 3 2 4 4 1 0.727714 0.000000 
7 1 1 15 3 3 4 4 1 0.414758 0.000000 
7 1 0 7 1 3 2 2 1 0.618926 0.000000 
7 1 1 10 2 2 3 3 1 0.750391 0.000000 
7 1 1 5 1 1 2 2 1 0.676121 0.000000 
7 1 0 1 0 1 1 2 0 0.773761 0.000000 
7 1 1 15 3 3 4 3 0 0.543115 0.000000 
7 1 0 14 3 2 4 4 1 0.480587 0.000000 
7 1 1 0 0 0 1 1 1 0.609871 0.000000 
7 1 1 0 0 0 1 1 1 0.541981 0.000000 
7 1 1 0 0 0 1 1 1 0.380938 0.000000 
7 1 1 10 2 2 3 4 0 0.594390 0.000000 
7 1 1 5 1 1 2 2 1 0.835174 0.000000 
7 1 1 0 0 0 1 2 0 0.741822 0.000000 
7 1 1 5 1 1 2 2 1 0.648567 0.000000 
7 1 0 14 3 2 4 4 1 0.626222 0.000000 
7 1 0 14 3 2 4 4 1 0.581834 0.000000 
7 1 1 5 1 1 2 2 1 0.955375 0.000000 
7 1 0 7 1 3 2 2 1 0.585666 0.000000 
7 1 1 5 1 1 2 2 1 0.486637 0.000000 
7 1 0 1 0 1 1 1 1 0.599501 0.000000 
7 1 0 8 2 0 3 3 1 0.611971 0.000000 
7 1 0 1 0 1 1 1 1 0.671877 0.000000 
7 1 1 0 0 0 1 1 1 0.584516 0.000000 
7 1 1 10 2 2 3 3 1 0.797386 0.000000 
7 1 0 7 1 3 2 2 1 0.682335 0.000000 
7 1 0 8 2 0 3 3 1 0.587974 0.000000 
7 1 1 10 2 2 3 3 1 0.480839 0.000000 
7 1 0 8 2 0 3 3 1 0.530303 0.000000 
7 1 1 15 3 3 4 4 1 0.481898 0.000000 
7 1 0 8 2 0 3 3 1 0.595489 0.000000 
7 1 0 1 0 1 1 1 1 0.751299 0.000000 
7 1 0 14 3 2 4 4 1 0.557570 0.000000 
7 1 1 10 2 2 3 4 0 0.475815 0.000000 
7 1 0 14 3 2 4 4 1 0.673094 0.000000 
7 1 0 7 1 3 2 2 1 0.874414 0.000000 
7 1 0 1 0 1 1 1 1 0.772104 0.000000 
7 1 0 8 2 0 3 3 1 0.617683 0.000000 
7 1 1 10 2 2 3 3 1 0.516385 0.000000 
7 1 0 14 3 2 4 4 1 0.835864 0.000000 
7 1 0 1 0 1 1 1 1 0.598822 0.000000 
7 1 1 0 0 0 1 1 1 0.659729 0.000000 
7 1 0 1 0 1 1 1 1 0.709949 0.000000 
7 1 1 15 3 3 4 4 1 0.590198 0.000000 
7 1 1 15 3 3 4 4 1 0.475146 0.000000 
7 1 0 8 2 0 3 3 1 0.604617 0.000000 
7 1 0 14 3 2 4 4 1 0.480845 0.000000 
7 1 0 1 0 1 1 1 1 0.649306 0.000000 
7 1 1 0 0 0 1 1 1 0.507857 0.000000 
7 1 1 15 3 3 4 4 1 0.651776 0.000000 
7 1 0 8 2 0 3 2 0 0.670035 0.000000 
7 1 1 5 1 1 2 2 1 0.659472 0.000000 
7 1 1 10 2 2 3 3 1 0.573399 0.000000 
7 1 0 1 0 1 1 1 1 0.698994 0.000000 
7 1 0 8 2 0 3 3 1 0.595866 0.000000 
7 1 1 15 3 3 4 4 1 0.519773 0.000000 
7 1 1 0 0 0 1 1 1 0.623323 0.000000 
7 1 0 8 2 0 3 3 1 0.538887 0.000000 
7 1 1 10 2 2 3 3 1 0.441759 0.000000 
7 1 0 7 1 3 2 2 1 0.644606 0.000000 
7 1 1 5 1 1 2 2 1 0.559496 0.000000 
7 1 0 7 1 3 2 2 1 0.501695 0.000000 
7 1 1 0 0 0 1 2 0 0.621882 0.000000 
7 1 0 7 1 3 2 1 0 0.556299 0.000000 
7 1 1 15 3 3 4 4 1 0.525965 0.000000 
7 1 0 14 3 2 4 4 1 1.357338 0.000000 
7 1 0 1 0 1 1 1 1 0.651790 0.000000 
7 1 1 10 2 2 3 3 1 0.694091 0.000000 
7 1 1 5 1 1 2 2 1 0.807034 0.000000 
7 1 1 10 2 2 3 3 1 0.443313 0.000000 
7 1 0 1 0 1 1 1 1 0.566135 0.000000 
7 1 0 8 2 0 3 4 0 0.682963 0.000000 
7 1 1 15 3 3 4 4 1 0.623875 0.000000 
7 1 0 14 3 2 4 4 1 0.523415 0.000000 
7 1 0 1 0 1 1 1 1 0.570961 0.000000 
7 1 0 1 0 1 1 1 1 0.616523 0.000000 
7 1 1 0 0 0 1 1 1 0.476070 0.000000 
7 1 1 0 0 0 1 1 1 0.493580 0.000000 
7 1 1 10 2 2 3 3 1 0.550395 0.000000 
7 1 1 0 0 0 1 1 1 0.587632 0.000000 
7 1 1 5 1 1 2 2 1 0.712552 0.000000 
7 1 0 8 2 0 3 4 0 0.664798 0.000000 
7 1 0 14 3 2 4 4 1 0.686894 0.000000 
7 1 0 7 1 3 2 2 1 0.599500 0.000000 
7 1 1 15 3 3 4 4 1 0.556000 0.000000 
7 1 1 5 1 1 2 2 1 0.729906 0.000000 
7 1 1 0 0 0 1 1 1 0.720701 0.000000 
7 1 1 5 1 1 2 2 1 0.664124 0.000000 
7 1 0 1 0 1 1 1 1 0.714449 0.000000 
7 1 1 5 1 1 2 2 1 0.626685 0.000000 
7 1 0 7 1 3 2 1 0 0.734291 0.000000 
7 1 0 7 1 3 2 2 1 0.665047 0.000000 
7 1 0 1 0 1 1 1 1 0.555012 0.000000 
7 1 1 5 1 1 2 2 1 0.457250 0.000000 
7 1 1 0 0 0 1 1 1 0.635410 0.000000 
7 1 0 1 0 1 1 2 0 0.637276 0.000000 
7 1 1 15 3 3 4 4 1 0.716000 0.000000 
7 1 0 14 3 2 4 4 1 0.555931 0.000000 
7 1 1 10 2 2 3 3 1 0.761611 0.000000 
7 1 1 15 3 3 4 4 1 0.503858 0.000000 
7 1 0 7 1 3 2 2 1 1.232127 0.000000 
7 1 1 5 1 1 2 2 1 0.619833 0.000000 
7 1 1 0 0 0 1 1 1 0.631466 0.000000 
7 1 0 8 2 0 3 3 1 0.650067 0.000000 
7 1 1 0 0 0 1 1 1 0.580273 0.000000 
7 1 0 7 1 3 2 2 1 0.625808 0.000000 
7 1 0 7 1 3 2 2 1 0.541378 0.000000 
7 1 0 7 1 3 2 2 1 0.588296 0.000000 
7 1 1 5 1 1 2 2 1 0.497174 0.000000 
7 1 0 8 2 0 3 3 1 0.545939 0.000000 
7 1 0 8 2 0 3 3 1 0.584843 0.000000 
7 1 1 0 0 0 1 1 1 0.468736 0.000000 
7 1 1 15 3 3 4 4 1 0.446236 0.000000 
7 1 0 14 3 2 4 4 1 0.505077 0.000000 
7 1 1 15 3 3 4 4 1 0.489269 0.000000 
7 1 0 8 2 0 3 3 1 0.530119 0.000000 
7 1 0 7 1 3 2 2 1 0.609613 0.000000 
7 1 1 15 3 3 4 4 1 0.517908 0.000000 
7 1 1 0 0 0 1 1 1 0.597379 0.000000 
7 1 1 15 3 3 4 4 1 0.466240 0.000000 
7 1 0 8 2 0 3 3 1 0.482937 0.000000 
7 1 0 8 2 0 3 3 1 0.491889 0.000000 
7 1 1 15 3 3 4 4 1 0.428505 0.000000 
7 1 1 5 1 1 2 2 1 0.647905 0.000000 
7 1 0 8 2 0 3 4 0 0.610889 0.000000 
7 1 1 15 3 3 4 4 1 0.442917 0.000000 
7 1 1 0 0 0 1 1 1 0.557460 0.000000 
7 1 0 8 2 0 3 3 1 0.563689 0.000000 
7 1 1 15 3 3 4 4 1 0.408875 0.000000 
7 1 0 7 1 3 2 3 0 0.468966 0.000000 
7 1 0 14 3 2 4 4 1 0.666372 0.000000 
7 1 0 1 0 1 1 2 0 0.635972 0.000000 
7 1 0 14 3 2 4 4 1 0.562382 0.000000 
7 1 1 0 0 0 1 1 1 0.536362 0.000000 
7 1 0 14 3 2 4 4 1 0.575236 0.000000 
7 1 1 10 2 2 3 2 0 0.763863 0.000000 
7 1 0 14 3 2 4 4 1 0.957896 0.000000 
7 1 0 1 0 1 1 1 1 0.699979 0.000000 
7 1 1 15 3 3 4 4 1 0.524260 0.000000 
7 1 0 7 1 3 2 2 1 0.587760 0.000000 
7 1 1 5 1 1 2 2 1 0.664703 0.000000 
7 1 1 15 3 3 4 4 1 0.538885 0.000000 
7 1 1 5 1 1 2 2 1 0.609830 0.000000 
7 1 1 10 2 2 3 3 1 0.685046 0.000000 
7 1 1 0 0 0 1 1 1 0.557935 0.000000 
7 1 0 8 2 0 3 3 1 0.588099 0.000000 
7 1 0 14 3 2 4 4 1 0.424974 0.000000 
7 1 1 5 1 1 2 2 1 0.740590 0.000000 
7 1 1 10 2 2 3 3 1 0.539514 0.000000 
7 1 0 1 0 1 1 2 0 0.546344 0.000000 
7 1 1 15 3 3 4 4 1 0.604996 0.000000 
7 1 1 5 1 1 2 2 1 0.865030 0.000000 
7 1 0 8 2 0 3 3 1 0.530319 0.000000 
7 1 1 15 3 3 4 4 1 0.385847 0.000000 
7 1 1 15 3 3 4 4 1 0.438694 0.000000 
7 1 1 0 0 0 1 1 1 0.529405 0.000000 
7 1 0 1 0 1 1 1 1 0.600968 0.000000 
7 1 0 7 1 3 2 2 1 0.573271 0.000000 
7 1 0 14 3 2 4 2 0 0.618787 0.000000 
7 1 0 14 3 2 4 4 1 0.522160 0.000000 
7 1 0 7 1 3 2 2 1 0.520447 0.000000 
7 1 1 5 1 1 2 2 1 0.543956 0.000000 
7 1 0 8 2 0 3 3 1 0.726867 0.000000 
7 1 0 8 2 0 3 3 1 0.502410 0.000000 
7 1 1 10 2 2 3 3 1 0.478644 0.000000 
7 1 1 15 3 3 4 3 0 0.472170 0.000000 
7 1 1 0 0 0 1 1 1 0.733490 0.000000 
7 1 0 8 2 0 3 3 1 0.676146 0.000000 
7 1 0 8 2 0 3 3 1 0.533767 0.000000 
7 1 0 7 1 3 2 2 1 0.627630 0.000000 
7 1 1 10 2 2 3 4 0 0.615203 0.000000 
7 1 0 1 0 1 1 1 1 0.711221 0.000000 
7 1 0 8 2 0 3 3 1 0.591234 0.000000 
7 1 1 5 1 1 2 2 1 0.724136 0.000000 
7 1 0 8 2 0 3 3 1 0.563787 0.000000 
7 1 0 7 1 3 2 2 1 0.681927 0.000000 
7 1 0 1 0 1 1 3 0 0.491530 0.000000 
7 1 0 8 2 0 3 2 0 0.631180 0.000000 
7 1 1 5 1 1 2 2 1 0.590297 0.000000 
7 1 0 8 2 0 3 3 1 0.634876 0.000000 
7 1 1 10 2 2 3 3 1 0.469838 0.000000 
7 1 0 1 0 1 1 2 0 0.511328 0.000000 
7 1 1 15 3 3 4 4 1 0.555342 0.000000 
7 1 1 5 1 1 2 2 1 0.745341 0.000000 
7 1 1 15 3 3 4 4 1 0.591242 0.000000 
7 1 1 5 1 1 2 2 1 0.668092 0.000000 
7 1 1 15 3 3 4 3 0 0.541743 0.000000 
7 1 0 7 1 3 2 2 1 0.680408 0.000000 
7 1 0 8 2 0 3 3 1 0.777792 0.000000 
7 1 1 0 0 0 1 1 1 0.575371 0.000000 
