7 1 0 0 7 1 3 4 4 1 1.234789 0.000000 
7 1 0 0 7 1 3 4 4 1 0.548677 0.000000 
7 1 1 0 10 2 2 3 3 1 0.947599 0.000000 
7 1 0 0 1 0 1 2 2 1 0.938629 0.000000 
7 1 1 0 5 1 1 2 2 1 0.833609 0.000000 
7 1 1 1 15 3 3 4 4 1 0.596560 0.000000 
7 1 0 0 1 0 1 2 2 1 0.937547 0.000000 
7 1 0 0 1 0 1 2 2 1 0.632514 0.000000 
7 1 0 0 8 2 0 1 3 0 0.756010 0.000000 
7 1 1 0 10 2 2 3 3 1 0.908611 0.000000 
7 1 0 1 1 0 1 1 2 0 1.428621 0.000000 
7 1 1 0 15 3 3 4 4 1 0.892355 0.000000 
7 1 0 0 8 2 0 1 1 1 1.005140 0.000000 
7 1 0 1 8 2 0 3 3 1 1.409525 0.000000 
7 1 1 0 0 0 0 1 1 1 1.382093 0.000000 
7 1 0 0 7 1 3 4 4 1 0.978846 0.000000 
7 1 1 1 5 1 1 2 2 1 1.440659 0.000000 
7 1 0 0 7 1 3 4 4 1 0.595899 0.000000 
7 1 1 0 5 1 1 2 2 1 0.640779 0.000000 
7 1 0 0 8 2 0 1 1 1 0.859732 0.000000 
7 1 0 0 1 0 1 2 2 1 0.606016 0.000000 
7 1 1 0 0 0 0 1 1 1 0.650306 0.000000 
7 1 1 0 5 1 1 2 2 1 0.724532 0.000000 
7 1 0 1 14 3 2 4 3 0 1.371105 0.000000 
7 1 1 0 0 0 0 1 2 0 1.908858 0.000000 
7 1 1 0 0 0 0 1 1 1 0.817164 0.000000 
7 1 1 0 10 2 2 3 3 1 0.772492 0.000000 
7 1 1 0 15 3 3 4 3 0 1.018195 0.000000 
7 1 1 1 5 1 1 2 2 1 4.496841 0.000000 
7 1 1 0 5 1 1 2 2 1 0.610941 0.000000 
7 1 0 0 7 1 3 4 4 1 0.679212 0.000000 
7 1 0 0 8 2 0 1 1 1 1.768883 0.000000 
7 1 1 0 0 0 0 1 2 0 0.630807 0.000000 
7 1 0 0 1 0 1 2 2 1 0.646212 0.000000 
7 1 0 0 14 3 2 3 3 1 0.983901 0.000000 
7 1 0 0 8 2 0 1 1 1 0.708940 0.000000 
7 1 0 0 8 2 0 1 1 1 0.653147 0.000000 
7 1 0 1 7 1 3 2 4 0 0.679490 0.000000 
7 1 1 1 0 0 0 1 1 1 0.788803 0.000000 
7 1 1 0 10 2 2 3 3 1 0.873610 0.000000 
7 1 0 0 8 2 0 1 1 1 1.003263 0.000000 
7 1 1 0 5 1 1 2 2 1 0.695703 0.000000 
7 1 1 0 5 1 1 2 2 1 0.543605 0.000000 
7 1 1 1 10 2 2 3 3 1 1.342415 0.000000 
7 1 0 0 14 3 2 3 4 0 0.893670 0.000000 
7 1 1 0 15 3 3 4 4 1 0.634438 0.000000 
7 1 0 1 7 1 3 2 2 1 1.165130 0.000000 
7 1 1 0 0 0 0 1 1 1 0.507632 0.000000 
7 1 1 1 5 1 1 2 2 1 0.499725 0.000000 
7 1 0 0 7 1 3 4 4 1 0.722981 0.000000 
7 1 0 1 8 2 0 3 1 0 1.146594 0.000000 
7 1 0 0 8 2 0 1 1 1 1.045490 0.000000 
7 1 0 0 8 2 0 1 1 1 0.464288 0.000000 
7 1 0 1 8 2 0 3 1 0 0.402422 0.000000 
7 1 1 1 10 2 2 3 3 1 1.570479 0.000000 
7 1 0 0 1 0 1 2 2 1 0.719180 0.000000 
7 1 0 0 14 3 2 3 3 1 0.862762 0.000000 
7 1 0 0 1 0 1 2 2 1 0.641060 0.000000 
7 1 0 1 8 2 0 3 2 0 1.083921 0.000000 
7 1 1 0 15 3 3 4 4 1 0.736877 0.000000 
7 1 0 0 7 1 3 4 4 1 0.519565 0.000000 
7 1 0 0 14 3 2 3 3 1 0.911161 0.000000 
7 1 1 0 0 0 0 1 2 0 0.687481 0.000000 
7 1 1 0 15 3 3 4 4 1 1.411206 0.000000 
7 1 0 0 1 0 1 2 2 1 0.711542 0.000000 
7 1 1 0 15 3 3 4 4 1 0.663770 0.000000 
7 1 1 0 10 2 2 3 3 1 0.826007 0.000000 
7 1 1 0 15 3 3 4 4 1 0.621655 0.000000 
7 1 0 0 8 2 0 1 1 1 1.297259 0.000000 
7 1 0 1 14 3 2 4 3 0 0.666354 0.000000 
7 1 0 0 1 0 1 2 2 1 0.815221 0.000000 
7 1 1 0 0 0 0 1 1 1 1.523615 0.000000 
7 1 0 1 1 0 1 1 2 0 1.467529 0.000000 
7 1 1 0 5 1 1 2 2 1 1.033202 0.000000 
7 1 1 1 5 1 1 2 2 1 1.164119 0.000000 
7 1 0 0 7 1 3 4 4 1 0.754530 0.000000 
7 1 0 0 1 0 1 2 2 1 1.303856 0.000000 
7 1 0 1 8 2 0 3 3 1 1.136257 0.000000 
7 1 0 1 1 0 1 1 2 0 1.455503 0.000000 
7 1 0 1 7 1 3 2 2 1 1.229822 0.000000 
7 1 1 0 15 3 3 4 4 1 1.673406 0.000000 
7 1 0 0 8 2 0 1 1 1 0.907442 0.000000 
7 1 0 0 8 2 0 1 1 1 0.490843 0.000000 
7 1 1 0 15 3 3 4 4 1 0.707585 0.000000 
7 1 0 0 8 2 0 1 1 1 0.747852 0.000000 
7 1 1 1 15 3 3 4 4 1 1.018823 0.000000 
7 1 0 0 1 0 1 2 2 1 0.734542 0.000000 
7 1 0 1 8 2 0 3 3 1 1.133488 0.000000 
7 1 1 1 0 0 0 1 2 0 1.084626 0.000000 
7 1 1 0 10 2 2 3 1 0 1.024635 0.000000 
7 1 1 0 5 1 1 2 2 1 0.983826 0.000000 
7 1 1 0 10 2 2 3 3 1 0.756651 0.000000 
7 1 0 0 7 1 3 4 4 1 0.858906 0.000000 
7 1 1 0 5 1 1 2 2 1 0.501221 0.000000 
7 1 0 0 14 3 2 3 3 1 1.069436 0.000000 
7 1 1 0 15 3 3 4 4 1 0.415217 0.000000 
7 1 0 0 1 0 1 2 2 1 0.675388 0.000000 
7 1 1 0 5 1 1 2 2 1 0.572978 0.000000 
7 1 0 0 14 3 2 3 3 1 0.561427 0.000000 
7 1 0 0 1 0 1 2 2 1 0.559630 0.000000 
7 1 0 0 7 1 3 4 4 1 0.533880 0.000000 
7 1 0 0 1 0 1 2 3 0 0.620721 0.000000 
7 1 1 0 5 1 1 2 2 1 0.644113 0.000000 
7 1 0 0 14 3 2 3 3 1 1.126842 0.000000 
7 1 1 0 0 0 0 1 1 1 0.758554 0.000000 
7 1 0 1 7 1 3 2 2 1 1.043884 0.000000 
7 1 1 0 0 0 0 1 3 0 0.734925 0.000000 
7 1 1 0 5 1 1 2 1 0 0.673763 0.000000 
7 1 0 0 1 0 1 2 2 1 0.646813 0.000000 
7 1 1 1 5 1 1 2 2 1 1.193492 0.000000 
7 1 0 0 14 3 2 3 3 1 0.958666 0.000000 
7 1 0 1 8 2 0 3 1 0 0.772990 0.000000 
7 1 1 0 5 1 1 2 1 0 0.773422 0.000000 
7 1 1 0 0 0 0 1 2 0 0.606605 0.000000 
7 1 1 1 10 2 2 3 3 1 1.358422 0.000000 
7 1 1 0 0 0 0 1 1 1 1.012690 0.000000 
7 1 1 0 15 3 3 4 4 1 0.801073 0.000000 
7 1 0 1 14 3 2 4 4 1 1.741463 0.000000 
7 1 1 0 5 1 1 2 2 1 0.916800 0.000000 
7 1 0 1 14 3 2 4 4 1 1.147430 0.000000 
7 1 1 0 15 3 3 4 4 1 1.810616 0.000000 
7 1 1 0 10 2 2 3 2 0 0.663266 0.000000 
7 1 0 0 7 1 3 4 4 1 1.485383 0.000000 
7 1 0 0 7 1 3 4 4 1 0.414339 0.000000 
7 1 1 1 15 3 3 4 4 1 0.994557 0.000000 
7 1 1 0 15 3 3 4 4 1 0.502527 0.000000 
7 1 0 0 14 3 2 3 3 1 0.782744 0.000000 
7 1 1 0 0 0 0 1 1 1 0.579964 0.000000 
7 1 0 0 8 2 0 1 1 1 0.609246 0.000000 
7 1 1 0 0 0 0 1 1 1 0.445486 0.000000 
7 1 1 0 10 2 2 3 3 1 0.576319 0.000000 
7 1 0 0 1 0 1 2 1 0 0.565944 0.000000 
7 1 0 1 14 3 2 4 4 1 1.639949 0.000000 
7 1 0 1 1 0 1 1 3 0 1.265905 0.000000 
7 1 0 1 8 2 0 3 3 1 1.248035 0.000000 
7 1 0 1 8 2 0 3 3 1 0.635155 0.000000 
7 1 0 0 14 3 2 3 4 0 1.166069 0.000000 
7 1 0 0 1 0 1 2 1 0 0.880146 0.000000 
7 1 1 0 15 3 3 4 4 1 0.941558 0.000000 
7 1 1 0 0 0 0 1 1 1 0.875340 0.000000 
7 1 1 0 0 0 0 1 1 1 0.541012 0.000000 
7 1 1 1 5 1 1 2 3 0 1.379913 0.000000 
7 1 0 1 1 0 1 1 2 0 1.429639 0.000000 
7 1 1 0 0 0 0 1 1 1 0.685134 0.000000 
7 1 0 0 8 2 0 1 3 0 1.149784 0.000000 
7 1 0 1 14 3 2 4 4 1 1.206980 0.000000 
7 1 0 0 8 2 0 1 1 1 0.851254 0.000000 
7 1 1 0 0 0 0 1 1 1 1.093556 0.000000 
7 1 1 1 10 2 2 3 3 1 1.798712 0.000000 
7 1 1 0 5 1 1 2 2 1 0.691890 0.000000 
7 1 1 0 15 3 3 4 4 1 0.604344 0.000000 
7 1 1 0 5 1 1 2 2 1 0.952516 0.000000 
7 1 0 0 14 3 2 3 4 0 0.661899 0.000000 
7 1 1 0 15 3 3 4 4 1 0.667973 0.000000 
7 1 0 1 1 0 1 1 2 0 1.629312 0.000000 
7 1 1 0 15 3 3 4 4 1 0.893115 0.000000 
7 1 1 0 15 3 3 4 4 1 0.429818 0.000000 
7 1 1 0 5 1 1 2 2 1 0.657340 0.000000 
7 1 0 0 7 1 3 4 4 1 0.499587 0.000000 
7 1 1 0 5 1 1 2 2 1 0.588074 0.000000 
7 1 1 0 15 3 3 4 4 1 0.407649 0.000000 
7 1 1 1 0 0 0 1 1 1 0.571766 0.000000 
7 1 1 0 15 3 3 4 4 1 0.497327 0.000000 
7 1 1 1 15 3 3 4 4 1 0.866207 0.000000 
7 1 1 0 10 2 2 3 2 0 0.684107 0.000000 
7 1 1 0 15 3 3 4 4 1 0.600701 0.000000 
7 1 0 0 7 1 3 4 4 1 0.436642 0.000000 
7 1 1 1 0 0 0 1 1 1 0.607436 0.000000 
7 1 0 0 8 2 0 1 3 0 0.746634 0.000000 
7 1 1 0 10 2 2 3 3 1 0.749373 0.000000 
7 1 0 0 8 2 0 1 2 0 0.771949 0.000000 
7 1 1 1 5 1 1 2 2 1 0.716889 0.000000 
7 1 1 1 0 0 0 1 1 1 0.732213 0.000000 
7 1 0 1 8 2 0 3 3 1 0.891880 0.000000 
7 1 1 1 15 3 3 4 4 1 0.892820 0.000000 
7 1 0 1 14 3 2 4 4 1 1.220879 0.000000 
7 1 1 0 5 1 1 2 2 1 0.936718 0.000000 
7 1 1 0 15 3 3 4 4 1 0.543690 0.000000 
7 1 0 0 1 0 1 2 2 1 0.606557 0.000000 
7 1 0 0 8 2 0 1 1 1 0.610811 0.000000 
7 1 1 0 5 1 1 2 2 1 0.711071 0.000000 
7 1 1 0 10 2 2 3 3 1 1.119378 0.000000 
7 1 1 0 15 3 3 4 4 1 0.463095 0.000000 
7 1 0 0 8 2 0 1 1 1 0.656303 0.000000 
7 1 0 0 8 2 0 1 1 1 0.450497 0.000000 
7 1 1 0 5 1 1 2 2 1 0.460664 0.000000 
7 1 1 0 5 1 1 2 2 1 0.694830 0.000000 
7 1 0 0 7 1 3 4 4 1 0.735762 0.000000 
7 1 0 0 8 2 0 1 1 1 0.670776 0.000000 
7 1 0 0 14 3 2 3 3 1 0.696330 0.000000 
7 1 0 0 14 3 2 3 4 0 1.720320 0.000000 
7 1 0 0 1 0 1 2 2 1 0.884070 0.000000 
7 1 0 0 7 1 3 4 4 1 1.307722 0.000000 
7 1 0 0 14 3 2 3 3 1 1.299975 0.000000 
7 1 1 1 5 1 1 2 4 0 0.660446 0.000000 
7 1 1 0 15 3 3 4 4 1 0.850539 0.000000 
7 1 1 0 0 0 0 1 1 1 1.003631 0.000000 
7 1 0 1 7 1 3 2 4 0 1.279944 0.000000 
7 1 1 1 5 1 1 2 2 1 2.573713 0.000000 
7 1 1 0 10 2 2 3 3 1 2.011887 0.000000 
7 1 1 0 15 3 3 4 4 1 0.544667 0.000000 
7 1 1 0 0 0 0 1 1 1 0.662528 0.000000 
7 1 0 0 1 0 1 2 3 0 0.656734 0.000000 
7 1 0 0 8 2 0 1 1 1 2.270916 0.000000 
7 1 1 0 15 3 3 4 4 1 0.848806 0.000000 
7 1 0 0 1 0 1 2 2 1 0.899823 0.000000 
7 1 0 0 1 0 1 2 2 1 0.548146 0.000000 
7 1 0 1 14 3 2 4 4 1 0.827000 0.000000 
7 1 0 1 1 0 1 1 2 0 0.765666 0.000000 
7 1 0 1 8 2 0 3 3 1 2.911858 0.000000 
7 1 0 0 8 2 0 1 3 0 2.152768 0.000000 
7 1 1 1 15 3 3 4 4 1 0.923363 0.000000 
7 1 0 0 1 0 1 2 2 1 1.178898 0.000000 
7 1 1 0 10 2 2 3 4 0 0.663721 0.000000 
7 1 0 0 1 0 1 2 2 1 0.877680 0.000000 
7 1 0 0 1 0 1 2 2 1 0.535143 0.000000 
7 1 1 1 5 1 1 2 2 1 0.965952 0.000000 
7 1 0 0 14 3 2 3 3 1 1.748022 0.000000 
7 1 1 1 0 0 0 1 1 1 0.915122 0.000000 
7 1 1 1 10 2 2 3 3 1 0.643483 0.000000 
7 1 0 0 1 0 1 2 2 1 0.622368 0.000000 
7 1 0 0 7 1 3 4 4 1 0.536901 0.000000 
7 1 1 0 15 3 3 4 4 1 0.511723 0.000000 
7 1 0 1 7 1 3 2 2 1 1.200001 0.000000 
7 1 0 0 14 3 2 3 1 0 0.804499 0.000000 
7 1 0 0 8 2 0 1 1 1 0.788559 0.000000 
7 1 1 0 15 3 3 4 4 1 0.617247 0.000000 
7 1 0 0 7 1 3 4 4 1 0.412778 0.000000 
7 1 1 1 10 2 2 3 3 1 1.647993 0.000000 
7 1 1 0 10 2 2 3 3 1 0.443361 0.000000 
7 1 0 1 14 3 2 4 3 0 0.518103 0.000000 
7 1 0 1 14 3 2 4 4 1 0.673504 0.000000 
7 1 1 0 0 0 0 1 1 1 0.794899 0.000000 
7 1 0 1 8 2 0 3 3 1 1.119814 0.000000 
7 1 0 0 8 2 0 1 3 0 0.415596 0.000000 
7 1 1 0 5 1 1 2 2 1 0.575525 0.000000 
7 1 1 1 15 3 3 4 4 1 0.499753 0.000000 
7 1 0 0 1 0 1 2 2 1 0.579955 0.000000 
7 1 0 0 7 1 3 4 3 0 0.481574 0.000000 
7 1 1 1 10 2 2 3 3 1 0.646805 0.000000 
7 1 1 0 15 3 3 4 4 1 0.481538 0.000000 
7 1 0 0 8 2 0 1 1 1 0.699088 0.000000 
7 1 0 1 7 1 3 2 4 0 0.499838 0.000000 
7 1 1 0 0 0 0 1 2 0 0.831074 0.000000 
7 1 0 1 8 2 0 3 3 1 0.886139 0.000000 
7 1 1 0 0 0 0 1 1 1 1.438969 0.000000 
7 1 0 0 14 3 2 3 3 1 0.634160 0.000000 
7 1 0 1 8 2 0 3 3 1 1.181081 0.000000 
7 1 1 0 10 2 2 3 3 1 0.842985 0.000000 
7 1 0 1 7 1 3 2 4 0 0.685819 0.000000 
7 1 0 0 1 0 1 2 2 1 0.729650 0.000000 
7 1 1 0 15 3 3 4 4 1 0.520923 0.000000 
7 1 1 0 5 1 1 2 2 1 0.624499 0.000000 
7 1 1 0 5 1 1 2 2 1 0.476105 0.000000 
7 1 1 0 10 2 2 3 3 1 0.717545 0.000000 
7 1 0 0 1 0 1 2 2 1 0.677174 0.000000 
7 1 1 0 15 3 3 4 4 1 0.590778 0.000000 
7 1 0 0 1 0 1 2 2 1 0.643652 0.000000 
7 1 0 0 7 1 3 4 4 1 0.462566 0.000000 
7 1 0 0 7 1 3 4 4 1 0.599740 0.000000 
7 1 0 0 1 0 1 2 2 1 0.571944 0.000000 
7 1 1 0 15 3 3 4 4 1 0.401491 0.000000 
7 1 0 0 1 0 1 2 2 1 0.445648 0.000000 
7 1 1 1 15 3 3 4 4 1 0.496485 0.000000 
7 1 0 0 1 0 1 2 2 1 0.449342 0.000000 
7 1 0 1 7 1 3 2 2 1 0.995965 0.000000 
7 1 1 0 5 1 1 2 2 1 0.703628 0.000000 
7 1 0 0 8 2 0 1 1 1 0.879815 0.000000 
7 1 0 0 14 3 2 3 3 1 0.785473 0.000000 
7 1 1 1 5 1 1 2 2 1 0.686396 0.000000 
7 1 1 0 15 3 3 4 4 1 0.815422 0.000000 
7 1 1 1 15 3 3 4 4 1 0.475725 0.000000 
7 1 1 0 15 3 3 4 4 1 0.405191 0.000000 
7 1 0 0 14 3 2 3 3 1 0.681386 0.000000 
7 1 1 0 15 3 3 4 4 1 0.562912 0.000000 
7 1 1 0 0 0 0 1 1 1 0.600121 0.000000 
7 1 0 0 8 2 0 1 1 1 0.468380 0.000000 
7 1 1 1 0 0 0 1 1 1 0.997885 0.000000 
7 1 0 0 7 1 3 4 4 1 0.522930 0.000000 
7 1 1 0 5 1 1 2 4 0 0.442459 0.000000 
7 1 1 0 15 3 3 4 4 1 0.513101 0.000000 
7 1 1 1 0 0 0 1 1 1 0.673019 0.000000 
7 1 0 0 8 2 0 1 1 1 1.649722 0.000000 
7 1 1 1 0 0 0 1 1 1 0.692271 0.000000 
7 1 1 1 15 3 3 4 3 0 0.541225 0.000000 
7 1 0 0 1 0 1 2 2 1 0.895911 0.000000 
7 1 0 1 14 3 2 4 3 0 0.928608 0.000000 
7 1 0 0 1 0 1 2 1 0 0.740166 0.000000 
7 1 0 0 14 3 2 3 3 1 1.654747 0.000000 
7 1 0 0 8 2 0 1 2 0 0.591992 0.000000 
7 1 1 0 0 0 0 1 1 1 0.640769 0.000000 
7 1 0 0 8 2 0 1 1 1 0.579446 0.000000 
7 1 1 0 10 2 2 3 4 0 0.608941 0.000000 
7 1 0 0 14 3 2 3 4 0 0.521037 0.000000 
7 1 1 1 10 2 2 3 3 1 1.284042 0.000000 
7 1 1 0 5 1 1 2 2 1 0.717011 0.000000 
7 1 1 1 10 2 2 3 3 1 1.427652 0.000000 
7 1 0 0 1 0 1 2 2 1 1.511616 0.000000 
7 1 0 0 1 0 1 2 2 1 0.576106 0.000000 
7 1 1 0 10 2 2 3 3 1 0.645635 0.000000 
7 1 0 1 7 1 3 2 2 1 1.152605 0.000000 
7 1 0 0 8 2 0 1 1 1 0.991062 0.000000 
7 1 1 0 5 1 1 2 2 1 0.636127 0.000000 
7 1 0 0 7 1 3 4 4 1 0.463015 0.000000 
7 1 1 0 15 3 3 4 4 1 0.584211 0.000000 
7 1 1 0 5 1 1 2 2 1 0.741095 0.000000 
7 1 1 0 10 2 2 3 3 1 0.588029 0.000000 
7 1 0 0 7 1 3 4 4 1 0.640899 0.000000 
7 1 1 1 0 0 0 1 1 1 0.667795 0.000000 
7 1 1 0 10 2 2 3 3 1 0.589447 0.000000 
7 1 1 0 5 1 1 2 3 0 0.722344 0.000000 
7 1 1 0 0 0 0 1 1 1 1.004795 0.000000 
7 1 1 0 10 2 2 3 3 1 0.680886 0.000000 
7 1 0 0 7 1 3 4 4 1 0.442456 0.000000 
7 1 1 0 5 1 1 2 2 1 0.757315 0.000000 
7 1 0 0 7 1 3 4 4 1 1.067642 0.000000 
7 1 1 0 15 3 3 4 4 1 0.445315 0.000000 
7 1 0 0 7 1 3 4 4 1 0.488166 0.000000 
7 1 0 0 1 0 1 2 2 1 0.872986 0.000000 
7 1 1 1 15 3 3 4 4 1 0.513664 0.000000 
7 1 1 1 10 2 2 3 3 1 0.769878 0.000000 
7 1 1 1 10 2 2 3 3 1 0.623492 0.000000 
7 1 0 1 7 1 3 2 2 1 0.867094 0.000000 
7 1 1 0 5 1 1 2 2 1 0.924801 0.000000 
7 1 1 0 15 3 3 4 4 1 0.556475 0.000000 
7 1 0 0 8 2 0 1 1 1 0.802627 0.000000 
7 1 1 0 15 3 3 4 4 1 0.494947 0.000000 
7 1 0 0 14 3 2 3 3 1 0.918889 0.000000 
7 1 1 0 0 0 0 1 2 0 0.558546 0.000000 
7 1 0 1 14 3 2 4 4 1 0.840528 0.000000 
7 1 1 0 5 1 1 2 2 1 0.931326 0.000000 
7 1 0 1 8 2 0 3 3 1 1.026982 0.000000 
7 1 0 0 1 0 1 2 1 0 0.750710 0.000000 
7 1 1 0 5 1 1 2 3 0 1.096826 0.000000 
7 1 0 0 7 1 3 4 4 1 0.892470 0.000000 
7 1 0 0 8 2 0 1 1 1 1.245256 0.000000 
7 1 1 0 10 2 2 3 3 1 1.728449 0.000000 
7 1 0 1 8 2 0 3 3 1 1.152388 0.000000 
7 1 1 0 5 1 1 2 2 1 1.110847 0.000000 
7 1 0 0 8 2 0 1 1 1 1.543344 0.000000 
7 1 1 0 15 3 3 4 4 1 0.749609 0.000000 
7 1 1 0 0 0 0 1 1 1 0.747917 0.000000 
7 1 1 0 5 1 1 2 3 0 0.778831 0.000000 
7 1 1 0 5 1 1 2 2 1 0.668288 0.000000 
7 1 1 0 10 2 2 3 3 1 0.573598 0.000000 
7 1 0 0 14 3 2 3 3 1 2.259172 0.000000 
7 1 0 0 7 1 3 4 4 1 0.574110 0.000000 
7 1 0 0 7 1 3 4 4 1 0.458630 0.000000 
7 1 1 1 0 0 0 1 1 1 1.028853 0.000000 
7 1 0 0 1 0 1 2 2 1 0.704537 0.000000 
7 1 0 1 1 0 1 1 1 1 0.976874 0.000000 
7 1 0 0 14 3 2 3 3 1 0.814552 0.000000 
7 1 0 0 14 3 2 3 3 1 0.498840 0.000000 
7 1 1 0 15 3 3 4 4 1 0.451755 0.000000 
7 1 1 0 15 3 3 4 4 1 0.413890 0.000000 
7 1 0 0 1 0 1 2 2 1 0.833907 0.000000 
7 1 1 0 10 2 2 3 1 0 0.803952 0.000000 
7 1 0 1 1 0 1 1 1 1 1.348115 0.000000 
7 1 0 0 1 0 1 2 2 1 0.699098 0.000000 
7 1 1 0 15 3 3 4 4 1 0.451856 0.000000 
7 1 1 0 10 2 2 3 3 1 0.549493 0.000000 
7 1 1 0 10 2 2 3 3 1 0.539968 0.000000 
7 1 0 1 1 0 1 1 2 0 1.169630 0.000000 
7 1 1 0 5 1 1 2 2 1 0.675228 0.000000 
7 1 0 0 8 2 0 1 1 1 1.692588 0.000000 
7 1 1 0 10 2 2 3 3 1 0.669881 0.000000 
7 1 1 1 0 0 0 1 1 1 0.743456 0.000000 
7 1 1 0 5 1 1 2 2 1 0.758442 0.000000 
7 1 1 0 15 3 3 4 4 1 1.852777 0.000000 
7 1 0 0 7 1 3 4 4 1 0.422447 0.000000 
7 1 0 0 14 3 2 3 2 0 0.609962 0.000000 
7 1 0 0 1 0 1 2 2 1 0.674006 0.000000 
7 1 0 0 7 1 3 4 4 1 0.675324 0.000000 
7 1 0 0 14 3 2 3 1 0 0.796848 0.000000 
7 1 0 0 7 1 3 4 4 1 1.197728 0.000000 
7 1 1 1 0 0 0 1 1 1 0.954608 0.000000 
7 1 0 1 1 0 1 1 1 1 0.760956 0.000000 
7 1 1 0 5 1 1 2 2 1 0.590253 0.000000 
7 1 1 0 10 2 2 3 3 1 0.827148 0.000000 
7 1 0 0 1 0 1 2 2 1 0.630819 0.000000 
7 1 0 0 14 3 2 3 4 0 0.706403 0.000000 
7 1 1 0 10 2 2 3 3 1 1.022479 0.000000 
7 1 1 0 10 2 2 3 3 1 0.441917 0.000000 
7 1 1 0 10 2 2 3 3 1 0.436734 0.000000 
