25 1 0 2 3 3 1 3.250752 0.000000 
25 1 0 0 1 1 1 1.237353 0.000000 
25 1 0 2 3 3 1 0.703425 0.000000 
25 1 0 0 1 1 1 0.423640 0.000000 
25 1 0 0 1 1 1 0.467117 0.000000 
25 1 0 1 2 2 1 0.612594 0.000000 
25 1 0 1 2 1 0 0.512825 0.000000 
25 1 0 3 4 4 1 0.676468 0.000000 
25 1 0 1 2 2 1 1.166025 0.000000 
25 1 0 2 3 3 1 0.619179 0.000000 
25 1 0 3 4 4 1 0.726311 0.000000 
25 1 0 3 4 4 1 0.557864 0.000000 
25 1 0 0 1 1 1 0.604037 0.000000 
25 1 0 2 3 2 0 0.688223 0.000000 
25 1 0 2 3 3 1 0.652965 0.000000 
25 1 0 0 1 1 1 0.486813 0.000000 
25 1 0 0 1 1 1 0.599656 0.000000 
25 1 0 2 3 3 1 1.123873 0.000000 
25 1 0 1 2 1 0 0.626593 0.000000 
25 1 0 0 1 1 1 0.698015 0.000000 
25 1 0 3 4 4 1 0.858658 0.000000 
25 1 0 1 2 2 1 0.644908 0.000000 
25 1 0 2 3 3 1 0.759736 0.000000 
25 1 0 3 4 4 1 0.542031 0.000000 
25 1 0 3 4 4 1 0.532863 0.000000 
25 1 0 1 2 2 1 0.659997 0.000000 
25 1 0 0 1 1 1 0.836883 0.000000 
25 1 0 2 3 3 1 0.791864 0.000000 
25 1 0 2 3 3 1 0.444776 0.000000 
25 1 0 1 2 2 1 0.671588 0.000000 
25 1 0 1 2 2 1 0.433150 0.000000 
25 1 0 2 3 3 1 0.651923 0.000000 
25 1 0 2 3 3 1 0.462111 0.000000 
25 1 0 3 4 4 1 1.055360 0.000000 
25 1 0 1 2 2 1 0.609670 0.000000 
25 1 0 2 3 3 1 0.597827 0.000000 
25 1 0 3 4 4 1 0.498695 0.000000 
25 1 0 0 1 4 0 0.395459 0.000000 
25 1 0 1 2 2 1 0.779942 0.000000 
25 1 0 1 2 2 1 1.025407 0.000000 
25 1 0 3 4 4 1 0.581154 0.000000 
25 1 0 0 1 1 1 0.617566 0.000000 
25 1 0 3 4 4 1 0.789112 0.000000 
25 1 0 3 4 4 1 0.522024 0.000000 
25 1 0 2 3 3 1 0.833566 0.000000 
25 1 0 2 3 3 1 0.524491 0.000000 
25 1 0 2 3 3 1 0.395967 0.000000 
25 1 0 3 4 4 1 0.672776 0.000000 
25 1 0 0 1 1 1 0.730351 0.000000 
25 1 0 3 4 4 1 0.641848 0.000000 
25 1 0 0 1 4 0 0.379747 0.000000 
25 1 0 3 4 4 1 0.589008 0.000000 
25 1 0 2 3 3 1 0.953608 0.000000 
25 1 0 2 3 3 1 0.447918 0.000000 
25 1 0 1 2 2 1 0.506712 0.000000 
25 1 0 3 4 4 1 0.626883 0.000000 
25 1 0 0 1 1 1 0.534406 0.000000 
25 1 0 0 1 1 1 0.541228 0.000000 
25 1 0 1 2 2 1 0.755067 0.000000 
25 1 0 3 4 4 1 0.561319 0.000000 
25 1 0 1 2 2 1 0.775503 0.000000 
25 1 0 0 1 1 1 0.581078 0.000000 
25 1 0 3 4 4 1 0.594598 0.000000 
25 1 0 1 2 2 1 0.503457 0.000000 
25 1 0 1 2 2 1 0.503598 0.000000 
25 1 0 3 4 4 1 0.615714 0.000000 
25 1 0 0 1 2 0 0.562885 0.000000 
25 1 0 0 1 1 1 0.461113 0.000000 
25 1 0 0 1 1 1 0.422767 0.000000 
25 1 0 1 2 2 1 0.578220 0.000000 
25 1 0 1 2 2 1 0.599734 0.000000 
25 1 0 2 3 3 1 0.611878 0.000000 
25 1 0 3 4 4 1 0.496094 0.000000 
25 1 0 2 3 3 1 0.648917 0.000000 
25 1 0 0 1 1 1 0.531805 0.000000 
25 1 0 3 4 4 1 0.746331 0.000000 
25 1 0 3 4 4 1 0.625196 0.000000 
25 1 0 2 3 3 1 1.164751 0.000000 
25 1 0 3 4 4 1 0.611111 0.000000 
25 1 0 0 1 1 1 0.535322 0.000000 
25 1 0 2 3 3 1 0.614113 0.000000 
25 1 0 1 2 2 1 0.490344 0.000000 
25 1 0 1 2 2 1 0.530149 0.000000 
25 1 0 1 2 2 1 0.497666 0.000000 
25 1 0 2 3 3 1 0.466449 0.000000 
25 1 0 3 4 4 1 0.571950 0.000000 
25 1 0 0 1 1 1 0.465473 0.000000 
25 1 0 2 3 3 1 0.539573 0.000000 
25 1 0 1 2 2 1 0.682405 0.000000 
25 1 0 1 2 2 1 0.595947 0.000000 
25 1 0 0 1 1 1 0.728731 0.000000 
25 1 0 2 3 3 1 0.552416 0.000000 
25 1 0 0 1 1 1 0.549558 0.000000 
25 1 0 0 1 1 1 0.691947 0.000000 
25 1 0 1 2 2 1 0.548573 0.000000 
25 1 0 3 4 3 0 0.515405 0.000000 
