41 1 0 3 4 4 1 1.826057 0.000000 
41 1 0 2 3 3 1 1.325571 0.000000 
41 1 0 1 2 2 1 0.781455 0.000000 
41 1 0 2 3 3 1 0.771101 0.000000 
41 1 0 2 3 3 1 0.528647 0.000000 
41 1 0 0 1 1 1 0.808207 0.000000 
41 1 0 2 3 3 1 0.564503 0.000000 
41 1 0 0 1 1 1 0.761742 0.000000 
41 1 0 3 4 4 1 0.759944 0.000000 
41 1 0 2 3 3 1 0.558232 0.000000 
41 1 0 2 3 3 1 0.492432 0.000000 
41 1 0 0 1 1 1 0.661340 0.000000 
41 1 0 2 3 3 1 0.663602 0.000000 
41 1 0 3 4 4 1 0.681812 0.000000 
41 1 0 0 1 1 1 0.595414 0.000000 
41 1 0 1 2 2 1 1.471308 0.000000 
41 1 0 3 4 4 1 0.625233 0.000000 
41 1 0 0 1 1 1 0.652739 0.000000 
41 1 0 1 2 3 0 0.575016 0.000000 
41 1 0 0 1 1 1 0.816341 0.000000 
41 1 0 2 3 3 1 0.715996 0.000000 
41 1 0 0 1 1 1 0.643933 0.000000 
41 1 0 1 2 2 1 1.854990 0.000000 
41 1 0 1 2 2 1 0.464659 0.000000 
41 1 0 1 2 2 1 0.506816 0.000000 
41 1 0 3 4 4 1 0.675013 0.000000 
41 1 0 3 4 4 1 0.748629 0.000000 
41 1 0 3 4 4 1 0.515597 0.000000 
41 1 0 3 4 4 1 0.475788 0.000000 
41 1 0 1 2 2 1 1.741280 0.000000 
41 1 0 1 2 2 1 0.435629 0.000000 
41 1 0 1 2 2 1 0.374394 0.000000 
41 1 0 2 3 3 1 0.547928 0.000000 
41 1 0 3 4 4 1 0.570780 0.000000 
41 1 0 3 4 4 1 0.376285 0.000000 
41 1 0 1 2 2 1 0.629788 0.000000 
41 1 0 0 1 3 0 0.329270 0.000000 
41 1 0 2 3 3 1 0.572541 0.000000 
41 1 0 1 2 2 1 0.833904 0.000000 
41 1 0 3 4 4 1 0.635868 0.000000 
41 1 0 1 2 2 1 0.550743 0.000000 
41 1 0 3 4 4 1 0.629006 0.000000 
41 1 0 0 1 1 1 0.664506 0.000000 
41 1 0 0 1 1 1 0.682796 0.000000 
41 1 0 1 2 2 1 0.555957 0.000000 
41 1 0 1 2 2 1 0.545903 0.000000 
41 1 0 3 4 4 1 0.496800 0.000000 
41 1 0 3 4 4 1 0.537585 0.000000 
41 1 0 1 2 2 1 0.655505 0.000000 
41 1 0 2 3 3 1 0.457667 0.000000 
41 1 0 3 4 4 1 0.571911 0.000000 
41 1 0 0 1 1 1 0.785418 0.000000 
41 1 0 0 1 1 1 0.518346 0.000000 
41 1 0 1 2 2 1 0.445931 0.000000 
41 1 0 2 3 3 1 0.896804 0.000000 
41 1 0 0 1 1 1 0.664753 0.000000 
41 1 0 1 2 2 1 1.547072 0.000000 
41 1 0 3 4 4 1 0.554274 0.000000 
41 1 0 2 3 3 1 0.752503 0.000000 
41 1 0 3 4 4 1 0.542798 0.000000 
41 1 0 2 3 3 1 0.661605 0.000000 
41 1 0 0 1 1 1 0.631880 0.000000 
41 1 0 1 2 2 1 0.699461 0.000000 
41 1 0 0 1 1 1 0.706978 0.000000 
41 1 0 0 1 1 1 0.570946 0.000000 
41 1 0 2 3 3 1 0.592519 0.000000 
41 1 0 1 2 2 1 0.749440 0.000000 
41 1 0 2 3 3 1 0.756008 0.000000 
41 1 0 1 2 1 0 1.018028 0.000000 
41 1 0 1 2 2 1 0.449524 0.000000 
41 1 0 3 4 4 1 0.595950 0.000000 
41 1 0 0 1 1 1 0.759311 0.000000 
41 1 0 3 4 4 1 0.525612 0.000000 
41 1 0 2 3 3 1 0.733159 0.000000 
41 1 0 0 1 1 1 0.652117 0.000000 
41 1 0 2 3 3 1 0.686320 0.000000 
41 1 0 1 2 1 0 0.623230 0.000000 
41 1 0 2 3 3 1 0.918649 0.000000 
41 1 0 2 3 3 1 0.870085 0.000000 
41 1 0 0 1 1 1 0.598724 0.000000 
41 1 0 3 4 4 1 0.555615 0.000000 
41 1 0 2 3 3 1 0.681830 0.000000 
41 1 0 0 1 1 1 0.611433 0.000000 
41 1 0 3 4 4 1 0.535660 0.000000 
41 1 0 2 3 3 1 1.406564 0.000000 
41 1 0 0 1 1 1 0.619083 0.000000 
41 1 0 3 4 4 1 0.909696 0.000000 
41 1 0 0 1 1 1 0.525985 0.000000 
41 1 0 2 3 3 1 0.549477 0.000000 
41 1 0 0 1 1 1 0.667972 0.000000 
41 1 0 3 4 4 1 0.669330 0.000000 
41 1 0 1 2 4 0 0.750917 0.000000 
41 1 0 2 3 3 1 0.984966 0.000000 
41 1 0 3 4 4 1 0.572883 0.000000 
41 1 0 0 1 1 1 0.626350 0.000000 
41 1 0 1 2 2 1 1.109911 0.000000 
