4 1 0 2 3 3 1 2.159703 0.000000 
4 1 0 3 4 4 1 0.765952 0.000000 
4 1 0 1 2 2 1 1.732030 0.000000 
4 1 0 2 3 3 1 1.571577 0.000000 
4 1 0 2 3 3 1 1.504443 0.000000 
4 1 0 1 2 2 1 1.193025 0.000000 
4 1 0 0 1 1 1 1.222136 0.000000 
4 1 0 0 1 1 1 0.953893 0.000000 
4 1 0 1 2 2 1 0.840228 0.000000 
4 1 0 1 2 2 1 0.795132 0.000000 
4 1 0 2 3 3 1 0.896102 0.000000 
4 1 0 0 1 1 1 1.408091 0.000000 
4 1 0 3 4 4 1 0.860579 0.000000 
4 1 0 1 2 2 1 1.630911 0.000000 
4 1 0 2 3 3 1 0.858778 0.000000 
4 1 0 1 2 2 1 0.893107 0.000000 
4 1 0 2 3 4 0 1.502096 0.000000 
4 1 0 1 2 2 1 1.001379 0.000000 
4 1 0 2 3 3 1 1.173548 0.000000 
4 1 0 3 4 4 1 0.651259 0.000000 
4 1 0 0 1 1 1 0.501464 0.000000 
4 1 0 2 3 3 1 0.941589 0.000000 
4 1 0 2 3 3 1 0.788619 0.000000 
4 1 0 0 1 1 1 0.633549 0.000000 
4 1 0 1 2 2 1 0.788435 0.000000 
4 1 0 2 3 3 1 0.672300 0.000000 
4 1 0 0 1 1 1 0.481879 0.000000 
4 1 0 3 4 4 1 0.691382 0.000000 
4 1 0 0 1 1 1 0.740271 0.000000 
4 1 0 1 2 2 1 0.699109 0.000000 
4 1 0 1 2 2 1 0.571953 0.000000 
4 1 0 2 3 3 1 0.721579 0.000000 
4 1 0 1 2 2 1 1.265178 0.000000 
4 1 0 1 2 2 1 0.562596 0.000000 
4 1 0 1 2 2 1 0.496763 0.000000 
4 1 0 3 4 4 1 0.521512 0.000000 
4 1 0 0 1 1 1 0.449062 0.000000 
4 1 0 3 4 4 1 0.499846 0.000000 
4 1 0 2 3 3 1 1.892010 0.000000 
4 1 0 3 4 4 1 0.613362 0.000000 
4 1 0 3 4 4 1 0.537568 0.000000 
4 1 0 2 3 3 1 1.663451 0.000000 
4 1 0 0 1 1 1 0.602011 0.000000 
4 1 0 3 4 4 1 0.534199 0.000000 
4 1 0 0 1 1 1 1.565072 0.000000 
4 1 0 0 1 1 1 0.531601 0.000000 
4 1 0 0 1 1 1 0.491094 0.000000 
4 1 0 1 2 2 1 0.490886 0.000000 
4 1 0 3 4 4 1 0.555719 0.000000 
4 1 0 0 1 1 1 0.521890 0.000000 
4 1 0 3 4 4 1 0.441359 0.000000 
4 1 0 1 2 2 1 1.116176 0.000000 
4 1 0 3 4 4 1 0.532126 0.000000 
4 1 0 1 2 2 1 0.627397 0.000000 
4 1 0 0 1 1 1 0.542930 0.000000 
4 1 0 2 3 3 1 0.805748 0.000000 
4 1 0 2 3 3 1 0.770042 0.000000 
4 1 0 3 4 4 1 0.670582 0.000000 
4 1 0 1 2 2 1 0.816173 0.000000 
4 1 0 2 3 3 1 1.019982 0.000000 
4 1 0 0 1 1 1 0.479398 0.000000 
4 1 0 0 1 1 1 0.512923 0.000000 
4 1 0 1 2 2 1 0.617063 0.000000 
4 1 0 3 4 4 1 0.564621 0.000000 
4 1 0 0 1 1 1 1.065787 0.000000 
4 1 0 3 4 4 1 0.523980 0.000000 
4 1 0 2 3 3 1 1.259624 0.000000 
4 1 0 1 2 2 1 1.550140 0.000000 
4 1 0 2 3 3 1 1.596709 0.000000 
4 1 0 0 1 1 1 0.537900 0.000000 
4 1 0 2 3 3 1 0.527700 0.000000 
4 1 0 0 1 1 1 0.599253 0.000000 
4 1 0 3 4 4 1 0.555960 0.000000 
4 1 0 2 3 3 1 1.058299 0.000000 
4 1 0 3 4 4 1 0.524586 0.000000 
4 1 0 1 2 2 1 0.812128 0.000000 
4 1 0 0 1 1 1 0.576406 0.000000 
4 1 0 0 1 1 1 0.445891 0.000000 
4 1 0 1 2 2 1 0.559667 0.000000 
4 1 0 3 4 4 1 0.469871 0.000000 
4 1 0 3 4 4 1 0.391363 0.000000 
4 1 0 3 4 4 1 0.420083 0.000000 
4 1 0 2 3 2 0 0.559541 0.000000 
4 1 0 0 1 1 1 0.721743 0.000000 
4 1 0 2 3 3 1 0.944846 0.000000 
4 1 0 3 4 4 1 0.543827 0.000000 
4 1 0 0 1 1 1 0.726669 0.000000 
4 1 0 1 2 2 1 0.693233 0.000000 
4 1 0 3 4 4 1 0.510107 0.000000 
4 1 0 3 4 4 1 0.446270 0.000000 
4 1 0 2 3 3 1 1.417055 0.000000 
4 1 0 2 3 3 1 0.484900 0.000000 
4 1 0 1 2 2 1 0.637720 0.000000 
4 1 0 3 4 4 1 0.512534 0.000000 
4 1 0 0 1 1 1 0.568748 0.000000 
4 1 0 1 2 2 1 0.629265 0.000000 
