5 1 0 3 4 4 1 2.053097 0.000000 
5 1 0 0 1 1 1 1.479365 0.000000 
5 1 0 0 1 1 1 0.737141 0.000000 
5 1 0 2 3 3 1 0.848072 0.000000 
5 1 0 2 3 3 1 0.627006 0.000000 
5 1 0 2 3 3 1 0.526572 0.000000 
5 1 0 0 1 1 1 0.621123 0.000000 
5 1 0 1 2 2 1 1.544656 0.000000 
5 1 0 2 3 3 1 0.719844 0.000000 
5 1 0 2 3 3 1 0.631443 0.000000 
5 1 0 0 1 1 1 0.538948 0.000000 
5 1 0 2 3 3 1 0.617787 0.000000 
5 1 0 3 4 4 1 0.605316 0.000000 
5 1 0 3 4 4 1 0.513500 0.000000 
5 1 0 3 4 4 1 0.361634 0.000000 
5 1 0 3 4 4 1 0.334650 0.000000 
5 1 0 0 1 1 1 0.789519 0.000000 
5 1 0 2 3 3 1 0.754427 0.000000 
5 1 0 1 2 2 1 1.248687 0.000000 
5 1 0 3 4 4 1 0.635778 0.000000 
5 1 0 0 1 1 1 0.566689 0.000000 
5 1 0 2 3 3 1 0.692170 0.000000 
5 1 0 1 2 2 1 1.197094 0.000000 
5 1 0 1 2 2 1 0.489150 0.000000 
5 1 0 1 2 2 1 0.513972 0.000000 
5 1 0 3 4 4 1 0.466106 0.000000 
5 1 0 0 1 1 1 0.492063 0.000000 
5 1 0 3 4 4 1 0.676408 0.000000 
5 1 0 2 3 3 1 0.893952 0.000000 
5 1 0 0 1 1 1 0.518860 0.000000 
5 1 0 3 4 4 1 0.478353 0.000000 
5 1 0 3 4 4 1 0.390852 0.000000 
5 1 0 3 4 4 1 0.355618 0.000000 
5 1 0 3 4 4 1 0.321623 0.000000 
5 1 0 1 2 2 1 1.793212 0.000000 
5 1 0 1 2 2 1 0.454451 0.000000 
5 1 0 0 1 1 1 0.448587 0.000000 
5 1 0 0 1 1 1 0.515388 0.000000 
5 1 0 1 2 3 0 0.707557 0.000000 
5 1 0 2 3 3 1 0.934775 0.000000 
5 1 0 3 4 4 1 0.573294 0.000000 
5 1 0 3 4 4 1 0.474823 0.000000 
5 1 0 3 4 4 1 0.492233 0.000000 
5 1 0 1 2 2 1 0.725109 0.000000 
5 1 0 0 1 1 1 0.524627 0.000000 
5 1 0 2 3 3 1 0.620171 0.000000 
5 1 0 3 4 4 1 0.382777 0.000000 
5 1 0 3 4 4 1 0.523940 0.000000 
5 1 0 3 4 4 1 0.378934 0.000000 
5 1 0 1 2 2 1 0.736393 0.000000 
5 1 0 2 3 4 0 0.599287 0.000000 
5 1 0 0 1 1 1 0.751936 0.000000 
5 1 0 2 3 3 1 0.765952 0.000000 
5 1 0 3 4 4 1 0.643999 0.000000 
5 1 0 2 3 3 1 0.854410 0.000000 
5 1 0 2 3 3 1 0.519701 0.000000 
5 1 0 1 2 2 1 0.639182 0.000000 
5 1 0 1 2 2 1 0.489883 0.000000 
5 1 0 0 1 1 1 0.482843 0.000000 
5 1 0 0 1 1 1 0.644110 0.000000 
5 1 0 3 4 4 1 0.574483 0.000000 
5 1 0 1 2 2 1 0.796049 0.000000 
5 1 0 2 3 3 1 0.640986 0.000000 
5 1 0 2 3 3 1 0.434868 0.000000 
5 1 0 0 1 1 1 0.613655 0.000000 
5 1 0 1 2 2 1 2.129905 0.000000 
5 1 0 0 1 1 1 0.617965 0.000000 
5 1 0 1 2 2 1 0.973506 0.000000 
5 1 0 3 4 4 1 0.539180 0.000000 
5 1 0 2 3 3 1 1.194017 0.000000 
5 1 0 2 3 3 1 0.494137 0.000000 
5 1 0 1 2 2 1 0.686896 0.000000 
5 1 0 1 2 2 1 0.743798 0.000000 
5 1 0 0 1 1 1 0.822713 0.000000 
5 1 0 0 1 1 1 1.058343 0.000000 
5 1 0 3 4 4 1 0.556692 0.000000 
5 1 0 1 2 2 1 0.626806 0.000000 
5 1 0 1 2 2 1 0.550394 0.000000 
5 1 0 0 1 1 1 0.875576 0.000000 
5 1 0 0 1 1 1 0.597195 0.000000 
5 1 0 1 2 2 1 0.826070 0.000000 
5 1 0 2 3 3 1 0.653648 0.000000 
5 1 0 0 1 1 1 0.703872 0.000000 
5 1 0 1 2 2 1 0.696090 0.000000 
5 1 0 2 3 3 1 0.969019 0.000000 
5 1 0 2 3 3 1 0.478642 0.000000 
5 1 0 0 1 1 1 0.768098 0.000000 
5 1 0 1 2 2 1 0.724674 0.000000 
5 1 0 0 1 1 1 0.500289 0.000000 
5 1 0 1 2 2 1 0.500391 0.000000 
5 1 0 2 3 3 1 0.548587 0.000000 
5 1 0 0 1 1 1 0.523420 0.000000 
5 1 0 3 4 4 1 0.594915 0.000000 
5 1 0 2 3 3 1 0.615712 0.000000 
5 1 0 3 4 4 1 0.931962 0.000000 
5 1 0 1 2 2 1 0.746589 0.000000 
