17 1 0 1 2 2 1 1.009776 0.000000 
17 1 0 1 2 2 1 1.565695 0.000000 
17 1 0 2 3 3 1 1.314904 0.000000 
17 1 0 2 3 3 1 1.043177 0.000000 
17 1 0 1 2 1 0 2.102286 0.000000 
17 1 0 1 2 2 1 0.922904 0.000000 
17 1 0 0 1 1 1 0.722331 0.000000 
17 1 0 0 1 1 1 1.145984 0.000000 
17 1 0 1 2 2 1 0.656013 0.000000 
17 1 0 2 3 3 1 0.738292 0.000000 
17 1 0 3 4 4 1 0.689220 0.000000 
17 1 0 3 4 4 1 0.418117 0.000000 
17 1 0 0 1 1 1 0.733664 0.000000 
17 1 0 1 2 2 1 0.564573 0.000000 
17 1 0 0 1 1 1 0.642795 0.000000 
17 1 0 3 4 3 0 0.517644 0.000000 
17 1 0 2 3 3 1 0.888032 0.000000 
17 1 0 3 4 4 1 0.440768 0.000000 
17 1 0 2 3 3 1 1.219639 0.000000 
17 1 0 3 4 4 1 0.535393 0.000000 
17 1 0 3 4 4 1 0.502296 0.000000 
17 1 0 1 2 1 0 1.422582 0.000000 
17 1 0 3 4 4 1 0.590185 0.000000 
17 1 0 3 4 4 1 0.393817 0.000000 
17 1 0 2 3 3 1 0.630606 0.000000 
17 1 0 0 1 1 1 0.634172 0.000000 
17 1 0 1 2 2 1 0.741109 0.000000 
17 1 0 0 1 1 1 0.571966 0.000000 
17 1 0 3 4 4 1 0.609561 0.000000 
17 1 0 0 1 1 1 0.845816 0.000000 
17 1 0 3 4 4 1 0.744792 0.000000 
17 1 0 0 1 1 1 0.735747 0.000000 
17 1 0 1 2 2 1 0.541676 0.000000 
17 1 0 0 1 1 1 0.564586 0.000000 
17 1 0 1 2 2 1 0.650783 0.000000 
17 1 0 0 1 1 1 0.565027 0.000000 
17 1 0 2 3 3 1 0.747259 0.000000 
17 1 0 2 3 3 1 0.618206 0.000000 
17 1 0 2 3 3 1 0.565728 0.000000 
17 1 0 3 4 4 1 0.546961 0.000000 
17 1 0 1 2 1 0 0.689783 0.000000 
17 1 0 1 2 1 0 0.614575 0.000000 
17 1 0 3 4 4 1 0.558296 0.000000 
17 1 0 2 3 3 1 0.708271 0.000000 
17 1 0 1 2 1 0 0.676535 0.000000 
17 1 0 1 2 2 1 1.041963 0.000000 
17 1 0 3 4 4 1 0.588818 0.000000 
17 1 0 1 2 2 1 0.768647 0.000000 
17 1 0 3 4 4 1 0.526283 0.000000 
17 1 0 2 3 3 1 0.637813 0.000000 
17 1 0 2 3 3 1 0.616688 0.000000 
17 1 0 3 4 4 1 0.404228 0.000000 
17 1 0 3 4 4 1 0.384419 0.000000 
17 1 0 2 3 3 1 0.445211 0.000000 
17 1 0 0 1 1 1 0.592108 0.000000 
17 1 0 1 2 2 1 0.836890 0.000000 
17 1 0 2 3 1 0 0.582878 0.000000 
17 1 0 3 4 4 1 0.536019 0.000000 
17 1 0 0 1 1 1 0.702887 0.000000 
17 1 0 1 2 2 1 0.727162 0.000000 
17 1 0 1 2 2 1 0.646762 0.000000 
17 1 0 1 2 2 1 0.489635 0.000000 
17 1 0 1 2 2 1 0.426504 0.000000 
17 1 0 2 3 3 1 0.724973 0.000000 
17 1 0 2 3 3 1 0.452582 0.000000 
17 1 0 1 2 1 0 0.846756 0.000000 
17 1 0 3 4 4 1 0.589593 0.000000 
17 1 0 0 1 1 1 1.210234 0.000000 
17 1 0 2 3 3 1 0.694650 0.000000 
17 1 0 0 1 1 1 0.631557 0.000000 
17 1 0 0 1 1 1 0.659204 0.000000 
17 1 0 0 1 1 1 0.604367 0.000000 
17 1 0 0 1 1 1 0.408577 0.000000 
17 1 0 1 2 1 0 0.396743 0.000000 
17 1 0 2 3 3 1 0.669363 0.000000 
17 1 0 3 4 4 1 0.534755 0.000000 
17 1 0 3 4 4 1 0.453585 0.000000 
17 1 0 3 4 4 1 0.367701 0.000000 
17 1 0 0 1 1 1 0.845194 0.000000 
17 1 0 3 4 4 1 0.560178 0.000000 
17 1 0 0 1 1 1 0.645415 0.000000 
17 1 0 0 1 1 1 0.496282 0.000000 
17 1 0 2 3 3 1 0.641189 0.000000 
17 1 0 3 4 4 1 0.523995 0.000000 
17 1 0 3 4 4 1 0.419537 0.000000 
17 1 0 2 3 4 0 0.438992 0.000000 
17 1 0 2 3 3 1 0.533635 0.000000 
17 1 0 1 2 2 1 0.932297 0.000000 
17 1 0 0 1 1 1 0.786934 0.000000 
17 1 0 0 1 1 1 0.543945 0.000000 
17 1 0 2 3 3 1 0.654880 0.000000 
17 1 0 2 3 3 1 0.697041 0.000000 
17 1 0 1 2 2 1 0.889972 0.000000 
17 1 0 0 1 1 1 0.610954 0.000000 
17 1 0 0 1 1 1 0.495213 0.000000 
17 1 0 2 3 3 1 0.679064 0.000000 
