3 1 0 0 1 2 0 4.493880 0.000000 
3 1 0 1 2 0 0 5.000004 0.000000 
3 1 0 2 3 3 1 2.699508 0.000000 
3 1 0 0 1 1 1 3.116088 0.000000 
3 1 0 1 2 3 0 4.907655 0.000000 
3 1 0 2 3 2 0 3.209467 0.000000 
3 1 0 0 1 0 0 5.000004 0.000000 
3 1 0 2 3 1 0 1.946560 0.000000 
3 1 0 0 1 2 0 4.461653 0.000000 
3 1 0 1 2 3 0 4.619853 0.000000 
3 1 0 0 1 3 0 2.652390 0.000000 
3 1 0 2 3 0 0 5.000004 0.000000 
3 1 0 2 3 0 0 5.000004 0.000000 
3 1 0 0 1 0 0 5.000004 0.000000 
3 1 0 0 1 0 0 5.000003 0.000000 
3 1 0 2 3 3 1 1.814765 0.000000 
3 1 0 2 3 3 1 0.714831 0.000000 
3 1 0 3 4 4 1 1.059118 0.000000 
3 1 0 2 3 3 1 0.149444 0.000000 
3 1 0 1 2 3 0 4.212055 0.000000 
3 1 0 1 2 3 0 1.997115 0.000000 
3 1 0 1 2 0 0 5.000004 0.000000 
3 1 0 3 4 4 1 1.358471 0.000000 
3 1 0 3 4 4 1 0.700400 0.000000 
3 1 0 3 4 4 1 0.692643 0.000000 
3 1 0 3 4 4 1 0.580572 0.000000 
3 1 0 3 4 4 1 0.833965 0.000000 
3 1 0 2 3 3 1 2.589071 0.000000 
3 1 0 3 4 4 1 0.570592 0.000000 
3 1 0 2 3 2 0 2.392122 0.000000 
3 1 0 1 2 2 1 1.785694 0.000000 
3 1 0 2 3 1 0 0.813479 0.000000 
3 1 0 2 3 3 1 0.813739 0.000000 
3 1 0 3 4 4 1 0.417517 0.000000 
3 1 0 1 2 1 0 2.861091 0.000000 
3 1 0 0 1 1 1 1.308060 0.000000 
3 1 0 1 2 2 1 1.043989 0.000000 
3 1 0 0 1 1 1 0.941999 0.000000 
3 1 0 3 4 4 1 0.828945 0.000000 
3 1 0 3 4 4 1 0.640603 0.000000 
3 1 0 1 2 2 1 2.747566 0.000000 
3 1 0 0 1 1 1 0.659125 0.000000 
3 1 0 2 3 3 1 0.933351 0.000000 
3 1 0 0 1 1 1 0.948287 0.000000 
3 1 0 1 2 2 1 1.114321 0.000000 
3 1 0 2 3 3 1 1.234650 0.000000 
3 1 0 3 4 4 1 0.461718 0.000000 
3 1 0 2 3 3 1 0.823865 0.000000 
3 1 0 0 1 1 1 1.043402 0.000000 
3 1 0 0 1 1 1 0.694450 0.000000 
3 1 0 2 3 3 1 0.775332 0.000000 
3 1 0 3 4 4 1 0.651902 0.000000 
3 1 0 0 1 1 1 1.294119 0.000000 
3 1 0 1 2 2 1 0.871157 0.000000 
3 1 0 1 2 2 1 1.064784 0.000000 
3 1 0 3 4 4 1 0.507153 0.000000 
3 1 0 2 3 3 1 0.987327 0.000000 
3 1 0 3 4 4 1 0.688292 0.000000 
3 1 0 0 1 1 1 1.209214 0.000000 
3 1 0 1 2 2 1 0.708586 0.000000 
3 1 0 0 1 1 1 0.708749 0.000000 
3 1 0 0 1 1 1 0.541018 0.000000 
3 1 0 0 1 1 1 0.499749 0.000000 
3 1 0 1 2 2 1 0.804184 0.000000 
3 1 0 2 3 3 1 0.624219 0.000000 
3 1 0 1 2 2 1 0.874739 0.000000 
3 1 0 1 2 2 1 0.845350 0.000000 
3 1 0 3 4 4 1 0.671202 0.000000 
3 1 0 3 4 4 1 0.488784 0.000000 
3 1 0 1 2 2 1 0.825603 0.000000 
3 1 0 2 3 3 1 1.445184 0.000000 
3 1 0 0 1 1 1 0.744347 0.000000 
3 1 0 3 4 4 1 0.519237 0.000000 
3 1 0 0 1 1 1 0.862747 0.000000 
3 1 0 2 3 3 1 0.856007 0.000000 
3 1 0 1 2 2 1 1.202287 0.000000 
3 1 0 2 3 3 1 0.910651 0.000000 
3 1 0 0 1 1 1 0.982933 0.000000 
3 1 0 3 4 4 1 0.764193 0.000000 
3 1 0 1 2 2 1 0.754177 0.000000 
3 1 0 0 1 1 1 0.664432 0.000000 
3 1 0 3 4 3 0 0.561634 0.000000 
3 1 0 1 2 2 1 1.043769 0.000000 
3 1 0 3 4 4 1 0.446298 0.000000 
3 1 0 3 4 4 1 0.473092 0.000000 
3 1 0 0 1 1 1 0.946538 0.000000 
3 1 0 1 2 2 1 0.809525 0.000000 
3 1 0 3 4 4 1 0.581766 0.000000 
3 1 0 1 2 2 1 1.170332 0.000000 
3 1 0 3 4 4 1 1.128022 0.000000 
3 1 0 0 1 1 1 0.647667 0.000000 
3 1 0 3 4 4 1 0.602510 0.000000 
3 1 0 1 2 2 1 0.726720 0.000000 
3 1 0 2 3 3 1 2.206354 0.000000 
3 1 0 2 3 3 1 0.507116 0.000000 
3 1 0 2 3 3 1 0.778208 0.000000 
