45 1 0 1 2 3 0 3.387926 0.000000 
45 1 0 0 1 3 0 0.989130 0.000000 
45 1 0 3 4 4 1 0.580668 0.000000 
45 1 0 2 3 1 0 0.817908 0.000000 
45 1 0 3 4 2 0 0.657555 0.000000 
45 1 0 0 1 3 0 0.575322 0.000000 
45 1 0 1 2 2 1 0.488386 0.000000 
45 1 0 0 1 1 1 0.944708 0.000000 
45 1 0 3 4 4 1 0.727695 0.000000 
45 1 0 2 3 3 1 0.646293 0.000000 
45 1 0 3 4 4 1 0.617151 0.000000 
45 1 0 0 1 1 1 0.772689 0.000000 
45 1 0 2 3 4 0 0.602267 0.000000 
45 1 0 2 3 3 1 0.634252 0.000000 
45 1 0 0 1 2 0 0.604894 0.000000 
45 1 0 0 1 1 1 1.221128 0.000000 
45 1 0 2 3 3 1 0.703397 0.000000 
45 1 0 3 4 4 1 0.487624 0.000000 
45 1 0 2 3 3 1 0.824464 0.000000 
45 1 0 1 2 2 1 0.964065 0.000000 
45 1 0 0 1 1 1 0.650365 0.000000 
45 1 0 2 3 3 1 0.668616 0.000000 
45 1 0 0 1 2 0 0.766167 0.000000 
45 1 0 3 4 4 1 0.591958 0.000000 
45 1 0 0 1 1 1 0.931778 0.000000 
45 1 0 3 4 4 1 0.563457 0.000000 
45 1 0 2 3 3 1 0.641642 0.000000 
45 1 0 2 3 3 1 0.556492 0.000000 
45 1 0 3 4 4 1 0.546693 0.000000 
45 1 0 1 2 2 1 0.889519 0.000000 
45 1 0 0 1 1 1 0.378467 0.000000 
45 1 0 0 1 2 0 0.518937 0.000000 
45 1 0 2 3 3 1 0.498414 0.000000 
45 1 0 0 1 1 1 0.562707 0.000000 
45 1 0 2 3 2 0 0.648927 0.000000 
45 1 0 3 4 4 1 0.431835 0.000000 
45 1 0 1 2 2 1 0.898824 0.000000 
45 1 0 2 3 2 0 0.787761 0.000000 
45 1 0 2 3 3 1 1.172514 0.000000 
45 1 0 1 2 2 1 0.944968 0.000000 
45 1 0 3 4 4 1 0.519965 0.000000 
45 1 0 2 3 3 1 0.655479 0.000000 
45 1 0 3 4 4 1 0.481677 0.000000 
45 1 0 3 4 4 1 0.515159 0.000000 
45 1 0 2 3 3 1 0.915332 0.000000 
45 1 0 1 2 2 1 0.659633 0.000000 
45 1 0 3 4 4 1 0.565836 0.000000 
45 1 0 1 2 2 1 0.770919 0.000000 
45 1 0 2 3 3 1 0.544607 0.000000 
45 1 0 2 3 3 1 0.511405 0.000000 
45 1 0 1 2 2 1 0.607567 0.000000 
45 1 0 0 1 1 1 0.643744 0.000000 
45 1 0 1 2 2 1 0.742650 0.000000 
45 1 0 0 1 3 0 0.589563 0.000000 
45 1 0 1 2 1 0 0.670425 0.000000 
45 1 0 0 1 1 1 0.626466 0.000000 
45 1 0 1 2 2 1 0.805603 0.000000 
45 1 0 1 2 2 1 0.553846 0.000000 
45 1 0 2 3 3 1 0.496015 0.000000 
45 1 0 1 2 2 1 0.600843 0.000000 
45 1 0 2 3 3 1 0.564999 0.000000 
45 1 0 0 1 1 1 0.651191 0.000000 
45 1 0 0 1 1 1 0.597410 0.000000 
45 1 0 3 4 4 1 0.513259 0.000000 
45 1 0 0 1 1 1 0.633409 0.000000 
45 1 0 0 1 1 1 0.532269 0.000000 
45 1 0 2 3 3 1 0.483734 0.000000 
45 1 0 1 2 2 1 0.796576 0.000000 
45 1 0 0 1 1 1 0.697492 0.000000 
45 1 0 3 4 4 1 0.530390 0.000000 
45 1 0 1 2 2 1 0.624990 0.000000 
45 1 0 0 1 1 1 0.572448 0.000000 
45 1 0 1 2 2 1 0.593939 0.000000 
45 1 0 3 4 4 1 0.518787 0.000000 
45 1 0 1 2 2 1 0.702251 0.000000 
45 1 0 3 4 4 1 0.558500 0.000000 
45 1 0 1 2 2 1 0.604664 0.000000 
45 1 0 0 1 1 1 0.576882 0.000000 
45 1 0 3 4 4 1 0.550384 0.000000 
45 1 0 3 4 4 1 0.420509 0.000000 
45 1 0 1 2 2 1 0.590975 0.000000 
45 1 0 3 4 4 1 0.507852 0.000000 
45 1 0 1 2 2 1 0.596002 0.000000 
45 1 0 2 3 3 1 0.616863 0.000000 
45 1 0 2 3 3 1 0.524375 0.000000 
45 1 0 1 2 2 1 0.739883 0.000000 
45 1 0 3 4 4 1 0.530785 0.000000 
45 1 0 0 1 2 0 0.538240 0.000000 
45 1 0 3 4 4 1 1.091891 0.000000 
45 1 0 2 3 3 1 0.628686 0.000000 
45 1 0 1 2 2 1 0.536230 0.000000 
45 1 0 1 2 2 1 0.727070 0.000000 
45 1 0 0 1 1 1 0.502653 0.000000 
45 1 0 3 4 4 1 0.518755 0.000000 
45 1 0 2 3 3 1 0.446271 0.000000 
45 1 0 3 4 4 1 0.641052 0.000000 
