16 1 0 0 1 1 1 0.960867 0.000000 
16 1 0 2 3 3 1 1.030719 0.000000 
16 1 0 1 2 2 1 1.122400 0.000000 
16 1 0 3 4 4 1 0.850068 0.000000 
16 1 0 3 4 4 1 0.644364 0.000000 
16 1 0 2 3 3 1 0.735220 0.000000 
16 1 0 2 3 3 1 0.685145 0.000000 
16 1 0 1 2 2 1 0.781944 0.000000 
16 1 0 3 4 4 1 0.611560 0.000000 
16 1 0 1 2 2 1 0.703728 0.000000 
16 1 0 0 1 1 1 0.671953 0.000000 
16 1 0 1 2 2 1 0.537481 0.000000 
16 1 0 2 3 3 1 0.616296 0.000000 
16 1 0 2 3 3 1 0.604035 0.000000 
16 1 0 0 1 1 1 0.807997 0.000000 
16 1 0 0 1 1 1 0.867258 0.000000 
16 1 0 1 2 2 1 0.708860 0.000000 
16 1 0 2 3 3 1 0.757005 0.000000 
16 1 0 0 1 1 1 0.675311 0.000000 
16 1 0 2 3 3 1 0.652836 0.000000 
16 1 0 0 1 1 1 0.631010 0.000000 
16 1 0 3 4 4 1 0.618536 0.000000 
16 1 0 1 2 2 1 0.773997 0.000000 
16 1 0 2 3 3 1 0.634581 0.000000 
16 1 0 2 3 3 1 0.605476 0.000000 
16 1 0 1 2 2 1 0.721663 0.000000 
16 1 0 2 3 3 1 0.529179 0.000000 
16 1 0 1 2 2 1 0.640612 0.000000 
16 1 0 0 1 1 1 0.675514 0.000000 
16 1 0 3 4 4 1 0.653020 0.000000 
16 1 0 0 1 1 1 0.855285 0.000000 
16 1 0 0 1 1 1 0.640493 0.000000 
16 1 0 2 3 3 1 0.651384 0.000000 
16 1 0 2 3 3 1 0.517606 0.000000 
16 1 0 1 2 2 1 0.724978 0.000000 
16 1 0 3 4 4 1 0.612607 0.000000 
16 1 0 2 3 3 1 0.632733 0.000000 
16 1 0 0 1 1 1 0.740098 0.000000 
16 1 0 3 4 4 1 0.658540 0.000000 
16 1 0 3 4 4 1 0.603727 0.000000 
16 1 0 1 2 2 1 0.767917 0.000000 
16 1 0 1 2 2 1 0.589431 0.000000 
16 1 0 3 4 4 1 0.602310 0.000000 
16 1 0 1 2 2 1 0.678497 0.000000 
16 1 0 1 2 2 1 0.584038 0.000000 
16 1 0 2 3 3 1 0.660854 0.000000 
16 1 0 0 1 1 1 0.767067 0.000000 
16 1 0 3 4 4 1 0.603602 0.000000 
16 1 0 2 3 3 1 0.711792 0.000000 
16 1 0 0 1 1 1 0.688024 0.000000 
16 1 0 1 2 2 1 0.664869 0.000000 
16 1 0 0 1 1 1 0.635003 0.000000 
16 1 0 1 2 2 1 0.685931 0.000000 
16 1 0 0 1 1 1 0.622801 0.000000 
16 1 0 2 3 3 1 0.738324 0.000000 
16 1 0 0 1 1 1 1.128232 0.000000 
16 1 0 0 1 1 1 0.575920 0.000000 
16 1 0 0 1 1 1 0.485377 0.000000 
16 1 0 1 2 2 1 0.782213 0.000000 
16 1 0 0 1 1 1 0.659781 0.000000 
16 1 0 0 1 1 1 0.589979 0.000000 
16 1 0 2 3 3 1 0.634764 0.000000 
16 1 0 2 3 3 1 0.605666 0.000000 
16 1 0 1 2 2 1 0.744819 0.000000 
16 1 0 1 2 2 1 0.615721 0.000000 
16 1 0 3 4 4 1 0.627916 0.000000 
16 1 0 0 1 1 1 0.695430 0.000000 
16 1 0 2 3 3 1 0.760305 0.000000 
16 1 0 3 4 4 1 0.670535 0.000000 
16 1 0 3 4 4 1 0.656002 0.000000 
16 1 0 3 4 4 1 0.498233 0.000000 
16 1 0 3 4 4 1 0.458034 0.000000 
16 1 0 0 1 1 1 0.668180 0.000000 
16 1 0 1 2 2 1 0.469687 0.000000 
16 1 0 3 4 4 1 0.527143 0.000000 
16 1 0 3 4 4 1 0.542629 0.000000 
16 1 0 1 2 2 1 0.573427 0.000000 
16 1 0 3 4 4 1 0.586924 0.000000 
16 1 0 0 1 1 1 0.647782 0.000000 
16 1 0 3 4 4 1 0.617677 0.000000 
16 1 0 3 4 4 1 0.525136 0.000000 
16 1 0 2 3 3 1 0.532608 0.000000 
16 1 0 1 2 2 1 0.699969 0.000000 
16 1 0 2 3 3 1 1.156318 0.000000 
16 1 0 3 4 4 1 0.434693 0.000000 
16 1 0 2 3 3 1 0.765448 0.000000 
16 1 0 1 2 2 1 0.667706 0.000000 
16 1 0 3 4 4 1 0.565207 0.000000 
16 1 0 3 4 4 1 0.562328 0.000000 
16 1 0 2 3 3 1 0.480525 0.000000 
16 1 0 3 4 4 1 0.577978 0.000000 
16 1 0 1 2 2 1 0.639483 0.000000 
16 1 0 0 1 1 1 0.618365 0.000000 
16 1 0 1 2 2 1 0.437836 0.000000 
16 1 0 0 1 1 1 0.568624 0.000000 
16 1 0 2 3 3 1 0.686059 0.000000 
