12 1 0 0 1 1 1 1.162958 0.000000 
12 1 0 2 3 3 1 1.240916 0.000000 
12 1 0 2 3 3 1 3.980084 0.000000 
12 1 0 0 1 1 1 1.434955 0.000000 
12 1 0 1 2 1 0 0.774243 0.000000 
12 1 0 0 1 4 0 0.310597 0.000000 
12 1 0 3 4 4 1 0.994295 0.000000 
12 1 0 1 2 1 0 1.615159 0.000000 
12 1 0 0 1 1 1 1.471648 0.000000 
12 1 0 3 4 4 1 0.993182 0.000000 
12 1 0 0 1 1 1 0.830252 0.000000 
12 1 0 3 4 4 1 0.768880 0.000000 
12 1 0 1 2 1 0 0.798542 0.000000 
12 1 0 2 3 2 0 1.039334 0.000000 
12 1 0 0 1 1 1 0.693897 0.000000 
12 1 0 1 2 2 1 0.694553 0.000000 
12 1 0 2 3 3 1 0.903515 0.000000 
12 1 0 3 4 4 1 0.455881 0.000000 
12 1 0 3 4 4 1 0.633033 0.000000 
12 1 0 3 4 4 1 0.643874 0.000000 
12 1 0 0 1 1 1 0.598820 0.000000 
12 1 0 0 1 2 0 0.595706 0.000000 
12 1 0 3 4 4 1 1.228397 0.000000 
12 1 0 0 1 1 1 1.255965 0.000000 
12 1 0 1 2 2 1 0.778429 0.000000 
12 1 0 1 2 2 1 0.695976 0.000000 
12 1 0 3 4 4 1 0.551877 0.000000 
12 1 0 3 4 4 1 0.662140 0.000000 
12 1 0 2 3 3 1 0.664485 0.000000 
12 1 0 0 1 1 1 0.626630 0.000000 
12 1 0 3 4 4 1 0.558185 0.000000 
12 1 0 0 1 1 1 0.644404 0.000000 
12 1 0 3 4 4 1 0.607315 0.000000 
12 1 0 0 1 1 1 0.883541 0.000000 
12 1 0 2 3 3 1 1.779590 0.000000 
12 1 0 1 2 2 1 0.897643 0.000000 
12 1 0 1 2 2 1 0.738585 0.000000 
12 1 0 3 4 4 1 0.641541 0.000000 
12 1 0 0 1 1 1 0.852438 0.000000 
12 1 0 1 2 2 1 0.974750 0.000000 
12 1 0 2 3 1 0 0.900431 0.000000 
12 1 0 3 4 4 1 0.583657 0.000000 
12 1 0 1 2 2 1 0.764285 0.000000 
12 1 0 0 1 1 1 0.738575 0.000000 
12 1 0 3 4 4 1 0.625494 0.000000 
12 1 0 0 1 1 1 0.588954 0.000000 
12 1 0 1 2 2 1 0.729909 0.000000 
12 1 0 1 2 2 1 0.633483 0.000000 
12 1 0 2 3 3 1 0.636339 0.000000 
12 1 0 1 2 1 0 0.726319 0.000000 
12 1 0 2 3 3 1 0.977793 0.000000 
12 1 0 0 1 1 1 0.711175 0.000000 
12 1 0 0 1 1 1 0.711415 0.000000 
12 1 0 2 3 3 1 0.759642 0.000000 
12 1 0 2 3 3 1 0.829919 0.000000 
12 1 0 1 2 1 0 0.689610 0.000000 
12 1 0 1 2 2 1 0.813192 0.000000 
12 1 0 3 4 4 1 0.777342 0.000000 
12 1 0 1 2 2 1 1.574981 0.000000 
12 1 0 0 1 1 1 0.716355 0.000000 
12 1 0 0 1 1 1 0.587934 0.000000 
12 1 0 2 3 3 1 0.760809 0.000000 
12 1 0 2 3 3 1 0.695089 0.000000 
12 1 0 3 4 4 1 0.663996 0.000000 
12 1 0 3 4 4 1 0.593247 0.000000 
12 1 0 1 2 2 1 1.254182 0.000000 
12 1 0 2 3 3 1 1.064710 0.000000 
12 1 0 1 2 2 1 0.979066 0.000000 
12 1 0 1 2 2 1 0.600738 0.000000 
12 1 0 0 1 1 1 0.660919 0.000000 
12 1 0 0 1 1 1 0.711193 0.000000 
12 1 0 0 1 1 1 0.510487 0.000000 
12 1 0 1 2 2 1 0.790641 0.000000 
12 1 0 3 4 4 1 0.635619 0.000000 
12 1 0 1 2 2 1 1.222492 0.000000 
12 1 0 1 2 2 1 0.698272 0.000000 
12 1 0 3 4 4 1 0.619220 0.000000 
12 1 0 0 1 1 1 0.982739 0.000000 
12 1 0 2 3 4 0 0.723769 0.000000 
12 1 0 2 3 3 1 0.613556 0.000000 
12 1 0 2 3 3 1 0.513560 0.000000 
12 1 0 2 3 3 1 0.601691 0.000000 
12 1 0 2 3 3 1 0.525904 0.000000 
12 1 0 2 3 3 1 0.420797 0.000000 
12 1 0 2 3 3 1 0.440301 0.000000 
12 1 0 3 4 4 1 0.459107 0.000000 
12 1 0 1 2 3 0 0.828369 0.000000 
12 1 0 3 4 1 0 0.867801 0.000000 
12 1 0 1 2 2 1 1.873026 0.000000 
12 1 0 2 3 3 1 0.650819 0.000000 
12 1 0 3 4 4 1 0.565037 0.000000 
12 1 0 2 3 1 0 0.539339 0.000000 
12 1 0 3 4 4 1 0.741959 0.000000 
12 1 0 2 3 3 1 1.219627 0.000000 
12 1 0 3 4 4 1 0.607500 0.000000 
12 1 0 0 1 1 1 0.667690 0.000000 
