18 1 0 2 3 3 1 1.952169 0.000000 
18 1 0 1 2 1 0 0.958366 0.000000 
18 1 0 2 3 3 1 0.776705 0.000000 
18 1 0 3 4 4 1 0.469789 0.000000 
18 1 0 2 3 3 1 0.935259 0.000000 
18 1 0 0 1 1 1 0.902251 0.000000 
18 1 0 1 2 0 0 5.000003 0.000000 
18 1 0 2 3 3 1 2.311555 0.000000 
18 1 0 2 3 3 1 0.967837 0.000000 
18 1 0 2 3 3 1 0.493495 0.000000 
18 1 0 2 3 3 1 0.622284 0.000000 
18 1 0 0 1 1 1 0.881796 0.000000 
18 1 0 2 3 3 1 0.706415 0.000000 
18 1 0 0 1 1 1 0.962662 0.000000 
18 1 0 0 1 1 1 0.592935 0.000000 
18 1 0 1 2 2 1 0.589798 0.000000 
18 1 0 3 4 4 1 0.802638 0.000000 
18 1 0 0 1 1 1 0.806898 0.000000 
18 1 0 3 4 4 1 0.603120 0.000000 
18 1 0 3 4 4 1 0.551334 0.000000 
18 1 0 0 1 1 1 0.644449 0.000000 
18 1 0 2 3 3 1 0.599319 0.000000 
18 1 0 1 2 1 0 0.659962 0.000000 
18 1 0 1 2 2 1 0.609698 0.000000 
18 1 0 0 1 1 1 0.637434 0.000000 
18 1 0 3 4 4 1 0.712264 0.000000 
18 1 0 3 4 4 1 0.600483 0.000000 
18 1 0 2 3 3 1 1.084676 0.000000 
18 1 0 1 2 2 1 0.876695 0.000000 
18 1 0 2 3 3 1 0.622254 0.000000 
18 1 0 2 3 3 1 0.545812 0.000000 
18 1 0 1 2 2 1 0.712647 0.000000 
18 1 0 3 4 4 1 0.576761 0.000000 
18 1 0 0 1 1 1 0.614342 0.000000 
18 1 0 3 4 4 1 0.706500 0.000000 
18 1 0 2 3 3 1 0.618742 0.000000 
18 1 0 1 2 2 1 0.741204 0.000000 
18 1 0 3 4 4 1 0.580127 0.000000 
18 1 0 3 4 4 1 0.697646 0.000000 
18 1 0 0 1 2 0 0.690518 0.000000 
18 1 0 2 3 3 1 0.583391 0.000000 
18 1 0 1 2 2 1 0.916018 0.000000 
18 1 0 1 2 2 1 0.747899 0.000000 
18 1 0 1 2 2 1 0.825941 0.000000 
18 1 0 0 1 1 1 0.741470 0.000000 
18 1 0 1 2 1 0 0.572425 0.000000 
18 1 0 3 4 4 1 0.621942 0.000000 
18 1 0 0 1 2 0 0.761018 0.000000 
18 1 0 3 4 3 0 0.659202 0.000000 
18 1 0 0 1 1 1 0.856970 0.000000 
18 1 0 1 2 2 1 0.697761 0.000000 
18 1 0 0 1 1 1 0.706649 0.000000 
18 1 0 1 2 2 1 0.738865 0.000000 
18 1 0 2 3 3 1 0.609762 0.000000 
18 1 0 0 1 1 1 0.781859 0.000000 
18 1 0 3 4 4 1 0.643478 0.000000 
18 1 0 2 3 3 1 0.710362 0.000000 
18 1 0 0 1 1 1 1.253676 0.000000 
18 1 0 2 3 3 1 0.696016 0.000000 
18 1 0 0 1 1 1 0.752875 0.000000 
18 1 0 0 1 1 1 0.607020 0.000000 
18 1 0 2 3 3 1 0.635292 0.000000 
18 1 0 3 4 4 1 0.638151 0.000000 
18 1 0 1 2 2 1 0.729000 0.000000 
18 1 0 3 4 4 1 0.640555 0.000000 
18 1 0 2 3 3 1 0.555412 0.000000 
18 1 0 1 2 2 1 0.720571 0.000000 
18 1 0 0 1 1 1 0.736115 0.000000 
18 1 0 1 2 2 1 0.655013 0.000000 
18 1 0 2 3 3 1 0.689223 0.000000 
18 1 0 2 3 3 1 0.754029 0.000000 
18 1 0 2 3 3 1 0.648319 0.000000 
18 1 0 3 4 4 1 0.531152 0.000000 
18 1 0 1 2 2 1 0.666651 0.000000 
18 1 0 3 4 3 0 0.611198 0.000000 
18 1 0 1 2 2 1 0.707364 0.000000 
18 1 0 1 2 2 1 0.555092 0.000000 
18 1 0 1 2 2 1 0.457259 0.000000 
18 1 0 0 1 1 1 0.595338 0.000000 
18 1 0 3 4 4 1 0.712224 0.000000 
18 1 0 0 1 1 1 1.144464 0.000000 
18 1 0 0 1 1 1 0.615477 0.000000 
18 1 0 1 2 2 1 0.626657 0.000000 
18 1 0 1 2 2 1 0.622133 0.000000 
18 1 0 0 1 1 1 0.553688 0.000000 
18 1 0 3 4 4 1 0.591841 0.000000 
18 1 0 0 1 2 0 0.844697 0.000000 
18 1 0 1 2 1 0 0.907623 0.000000 
18 1 0 3 4 4 1 0.671475 0.000000 
18 1 0 2 3 3 1 0.463523 0.000000 
18 1 0 0 1 1 1 0.937639 0.000000 
18 1 0 3 4 4 1 0.832566 0.000000 
18 1 0 3 4 4 1 0.483996 0.000000 
18 1 0 2 3 3 1 0.444333 0.000000 
18 1 0 3 4 4 1 0.599120 0.000000 
18 1 0 3 4 4 1 0.515902 0.000000 
