9 1 0 1 2 1 0 2.427090 0.000000 
9 1 0 3 4 4 1 1.154367 0.000000 
9 1 0 0 1 1 1 1.600767 0.000000 
9 1 0 0 1 1 1 0.612316 0.000000 
9 1 0 2 3 3 1 1.416568 0.000000 
9 1 0 2 3 3 1 0.548375 0.000000 
9 1 0 0 1 1 1 0.547174 0.000000 
9 1 0 3 4 4 1 0.625983 0.000000 
9 1 0 0 1 1 1 0.589563 0.000000 
9 1 0 2 3 3 1 0.714430 0.000000 
9 1 0 2 3 3 1 0.473617 0.000000 
9 1 0 3 4 1 0 0.579131 0.000000 
9 1 0 1 2 3 0 0.732653 0.000000 
9 1 0 2 3 3 1 0.775781 0.000000 
9 1 0 1 2 2 1 1.124912 0.000000 
9 1 0 2 3 3 1 0.596612 0.000000 
9 1 0 0 1 1 1 0.601437 0.000000 
9 1 0 0 1 1 1 0.517600 0.000000 
9 1 0 2 3 3 1 0.629145 0.000000 
9 1 0 1 2 2 1 0.839616 0.000000 
9 1 0 2 3 3 1 0.666627 0.000000 
9 1 0 1 2 1 0 0.820185 0.000000 
9 1 0 0 1 1 1 0.539578 0.000000 
9 1 0 3 4 4 1 0.730182 0.000000 
9 1 0 0 1 1 1 0.585748 0.000000 
9 1 0 0 1 1 1 0.630580 0.000000 
9 1 0 1 2 2 1 0.562138 0.000000 
9 1 0 1 2 2 1 0.471300 0.000000 
9 1 0 0 1 1 1 0.576761 0.000000 
9 1 0 3 4 4 1 0.454266 0.000000 
9 1 0 1 2 2 1 0.704408 0.000000 
9 1 0 1 2 2 1 0.552638 0.000000 
9 1 0 0 1 1 1 0.638784 0.000000 
9 1 0 1 2 2 1 0.737676 0.000000 
9 1 0 2 3 3 1 0.728595 0.000000 
9 1 0 2 3 3 1 0.479134 0.000000 
9 1 0 3 4 4 1 0.488636 0.000000 
9 1 0 3 4 4 1 0.353437 0.000000 
9 1 0 0 1 1 1 0.599537 0.000000 
9 1 0 3 4 3 0 0.635932 0.000000 
9 1 0 2 3 2 0 0.722320 0.000000 
9 1 0 1 2 2 1 0.741717 0.000000 
9 1 0 2 3 3 1 0.492150 0.000000 
9 1 0 3 4 4 1 0.587974 0.000000 
9 1 0 3 4 4 1 0.392782 0.000000 
9 1 0 2 3 2 0 0.805598 0.000000 
9 1 0 2 3 3 1 0.429861 0.000000 
9 1 0 0 1 1 1 0.528854 0.000000 
9 1 0 1 2 2 1 0.608353 0.000000 
9 1 0 3 4 4 1 0.508542 0.000000 
9 1 0 2 3 3 1 0.964694 0.000000 
9 1 0 3 4 4 1 0.577999 0.000000 
9 1 0 1 2 2 1 0.743535 0.000000 
9 1 0 2 3 3 1 0.774427 0.000000 
9 1 0 0 1 1 1 0.612043 0.000000 
9 1 0 1 2 2 1 0.624221 0.000000 
9 1 0 0 1 1 1 0.771760 0.000000 
9 1 0 1 2 2 1 0.569324 0.000000 
9 1 0 0 1 1 1 0.550809 0.000000 
9 1 0 1 2 2 1 0.644013 0.000000 
9 1 0 2 3 3 1 0.686889 0.000000 
9 1 0 3 4 4 1 0.543782 0.000000 
9 1 0 0 1 1 1 0.542606 0.000000 
9 1 0 3 4 4 1 0.517434 0.000000 
9 1 0 3 4 4 1 0.476924 0.000000 
9 1 0 0 1 1 1 0.590410 0.000000 
9 1 0 0 1 1 1 0.555261 0.000000 
9 1 0 0 1 1 1 0.560420 0.000000 
9 1 0 2 3 3 1 0.630549 0.000000 
9 1 0 3 4 1 0 0.898141 0.000000 
9 1 0 3 4 4 1 0.479107 0.000000 
9 1 0 3 4 4 1 0.616125 0.000000 
9 1 0 2 3 3 1 0.668074 0.000000 
9 1 0 3 4 4 1 0.677147 0.000000 
9 1 0 2 3 1 0 0.662746 0.000000 
9 1 0 0 1 1 1 0.795733 0.000000 
9 1 0 2 3 3 1 0.824441 0.000000 
9 1 0 1 2 2 1 0.700038 0.000000 
9 1 0 2 3 3 1 0.548278 0.000000 
9 1 0 2 3 3 1 0.499052 0.000000 
9 1 0 1 2 2 1 0.795936 0.000000 
9 1 0 3 4 4 1 0.552756 0.000000 
9 1 0 0 1 1 1 0.559008 0.000000 
9 1 0 0 1 1 1 0.580195 0.000000 
9 1 0 1 2 1 0 0.457690 0.000000 
9 1 0 3 4 4 1 0.487793 0.000000 
9 1 0 1 2 2 1 0.672141 0.000000 
9 1 0 1 2 2 1 0.449745 0.000000 
9 1 0 3 4 4 1 0.772104 0.000000 
9 1 0 1 2 2 1 0.777451 0.000000 
9 1 0 1 2 2 1 0.727011 0.000000 
9 1 0 3 4 4 1 0.621605 0.000000 
9 1 0 0 1 1 1 0.921159 0.000000 
9 1 0 3 4 4 1 0.632785 0.000000 
9 1 0 2 3 3 1 1.012155 0.000000 
9 1 0 1 2 2 1 0.791996 0.000000 
