20 1 0 2 3 3 1 2311    5 
20 1 0 2 3 3 1  680    5 
20 1 0 2 3 3 1  416    5 
20 1 0 3 4 4 1  531    5 
20 1 0 3 4 4 1  713    5 
20 1 0 3 4 4 1  375    5 
20 1 0 3 4 4 1  356    5 
20 1 0 0 1 1 1  673    5 
20 1 0 1 2 2 1  440    4 
20 1 0 0 1 1 1  530    4 
20 1 0 2 3 2 0  384    4 
20 1 0 0 1 1 1  618    4 
20 1 0 3 4 4 1  548    5 
20 1 0 2 3 3 1  682    4 
20 1 0 2 3 3 1  385    5 
20 1 0 2 3 3 1  357    5 
20 1 0 2 3 3 1  378    5 
20 1 0 0 1 1 1  607    5 
20 1 0 2 3 4 0  529    5 
20 1 0 2 3 3 1  548    5 
20 1 0 1 2 2 1  490    5 
20 1 0 2 3 3 1  521    4 
20 1 0 0 1 1 1  487    4 
20 1 0 1 2 2 1  583    5 
20 1 0 1 2 1 0  491    5 
20 1 0 3 4 4 1  527    4 
20 1 0 3 4 4 1  309    5 
20 1 0 1 2 2 1  605    4 
20 1 0 0 1 1 1  431    4 
20 1 0 1 2 2 1  417    5 
20 1 0 3 4 4 1  453    4 
20 1 0 2 3 3 1  581    4 
20 1 0 2 3 3 1  329    5 
20 1 0 2 3 3 1  392    4 
20 1 0 1 2 2 1  828    4 
20 1 0 0 1 1 1  421    5 
20 1 0 0 1 1 1  279    5 
20 1 0 1 2 2 1  536    5 
20 1 0 3 4 4 1  381    4 
20 1 0 0 1 1 1  418    4 
20 1 0 3 4 4 1  581    4 
20 1 0 0 1 1 1  497    5 
20 1 0 0 1 1 1  296    4 
20 1 0 1 2 2 1  584    5 
20 1 0 0 1 1 1  540    4 
20 1 0 3 4 4 1  425    5 
20 1 0 1 2 2 1  820    4 
20 1 0 1 2 2 1  389    5 
20 1 0 0 1 1 1  585    4 
20 1 0 1 2 4 0  437    5 
20 1 0 0 1 1 1  467    4 
20 1 0 0 1 1 1  308    5 
20 1 0 2 3 3 1 1004    4 
20 1 0 1 2 2 1 1141    4 
20 1 0 0 1 1 1  392    5 
20 1 0 0 1 1 1  404    4 
20 1 0 2 3 3 1 1175    5 
20 1 0 2 3 3 1  329    4 
20 1 0 2 3 3 1  368    5 
20 1 0 2 3 3 1  309    5 
20 1 0 1 2 2 1  453    4 
20 1 0 0 1 1 1  477    4 
20 1 0 0 1 1 1  302    5 
20 1 0 0 1 1 1  405    5 
20 1 0 1 2 2 1  560    5 
20 1 0 2 3 4 0  557    5 
20 1 0 3 4 4 1  598    5 
20 1 0 3 4 4 1  282    4 
20 1 0 2 3 3 1  658  119 
20 1 0 3 4 4 1  395    5 
20 1 0 1 2 2 1  414    5 
20 1 0 3 4 2 0  385    5 
20 1 0 3 4 4 1  506    5 
20 1 0 2 3 3 1  433    4 
20 1 0 1 2 2 1  492    4 
20 1 0 2 3 3 1  411    5 
20 1 0 1 2 3 0  374    5 
20 1 0 0 1 1 1  536    5 
20 1 0 1 2 2 1  589    4 
20 1 0 1 2 2 1  352    5 
20 1 0 3 4 4 1  518    5 
20 1 0 1 2 1 0  420    4 
20 1 0 0 1 1 1  484    5 
20 1 0 3 4 4 1  516    5 
20 1 0 3 4 4 1  315    4 
20 1 0 0 1 1 1  522    4 
20 1 0 1 2 2 1  472    5 
20 1 0 3 4 4 1  384    4 
20 1 0 2 3 3 1  653    4 
20 1 0 3 4 4 1  501    4 
20 1 0 1 2 2 1  525    5 
20 1 0 3 4 4 1  443    4 
20 1 0 0 1 1 1  468    5 
20 1 0 3 4 2 0  389    4 
20 1 0 3 4 4 1  350    4 
20 1 0 1 2 2 1  636    4 
