2 1 0 3 4 0 0 5000    4 
2 1 0 1 2 2 1 3996    4 
2 1 0 1 2 2 1  645    5 
2 1 0 1 2 2 1  566    5 
2 1 0 1 2 2 1  571    4 
2 1 0 3 4 4 1 1463    4 
2 1 0 0 1 1 1  901    4 
2 1 0 1 2 2 1  691    4 
2 1 0 0 1 1 1  610    5 
2 1 0 1 2 2 1  548    4 
2 1 0 3 4 4 1  570    4 
2 1 0 3 4 4 1  518    5 
2 1 0 2 3 3 1  532    4 
2 1 0 2 3 3 1  458    5 
2 1 0 2 3 3 1  371    4 
2 1 0 2 3 3 1  712    5 
2 1 0 3 4 4 1  502    5 
2 1 0 1 2 2 1  813    4 
2 1 0 1 2 2 1  663    4 
2 1 0 3 4 4 1  575    4 
2 1 0 0 1 1 1 1059    4 
2 1 0 0 1 1 1  466    4 
2 1 0 0 1 1 1  355    4 
2 1 0 1 2 2 1  512    5 
2 1 0 0 1 2 0  423    4 
2 1 0 3 4 4 1  511    4 
2 1 0 1 2 2 1  654    4 
2 1 0 0 1 1 1  358    4 
2 1 0 2 3 3 1  571    5 
2 1 0 2 3 3 1  399    4 
2 1 0 0 1 1 1  643    5 
2 1 0 2 3 3 1  324    5 
2 1 0 2 3 3 1  666    4 
2 1 0 1 2 2 1  603    5 
2 1 0 0 1 1 1  509    4 
2 1 0 2 3 3 1  356    4 
2 1 0 1 2 2 1  601    5 
2 1 0 0 1 1 1  540    5 
2 1 0 3 4 4 1  434    5 
2 1 0 3 4 2 0  388    4 
2 1 0 1 2 2 1  629    4 
2 1 0 0 1 1 1  503    5 
2 1 0 3 4 4 1  829    5 
2 1 0 2 3 3 1  518    4 
2 1 0 3 4 4 1  325    5 
2 1 0 2 3 3 1  308    4 
2 1 0 1 2 2 1  483    4 
2 1 0 1 2 2 1  411    4 
2 1 0 2 3 3 1  430    4 
2 1 0 3 4 4 1  393    4 
2 1 0 3 4 4 1  469    4 
2 1 0 2 3 3 1  413    5 
2 1 0 1 2 2 1  632    4 
2 1 0 3 4 4 1  514    4 
2 1 0 3 4 4 1  536    4 
2 1 0 0 1 1 1  614    4 
2 1 0 3 4 4 1  528    4 
2 1 0 0 1 2 0  526    4 
2 1 0 3 4 4 1  569    4 
2 1 0 2 3 3 1  501    4 
2 1 0 2 3 3 1  501    5 
2 1 0 0 1 2 0 1260    4 
2 1 0 3 4 4 1 1248    5 
2 1 0 2 3 3 1  583    5 
2 1 0 0 1 1 1  795    5 
2 1 0 1 2 2 1  534    5 
2 1 0 2 3 3 1  652    4 
2 1 0 2 3 3 1  421    4 
2 1 0 3 4 4 1  695    4 
2 1 0 0 1 1 1  726    4 
2 1 0 0 1 1 1  427    4 
2 1 0 2 3 3 1  526    5 
2 1 0 1 2 2 1  468    4 
2 1 0 0 1 1 1  332    5 
2 1 0 0 1 1 1  363    5 
2 1 0 2 3 4 0  640    5 
2 1 0 1 2 2 1  567    4 
2 1 0 0 1 1 1  531    4 
2 1 0 3 4 4 1  593    5 
2 1 0 3 4 4 1  404    5 
2 1 0 0 1 1 1  727    5 
2 1 0 2 3 3 1  541    4 
2 1 0 3 4 4 1  610    4 
2 1 0 1 2 2 1 1877    4 
2 1 0 0 1 1 1  585    5 
2 1 0 2 3 3 1  421    4 
2 1 0 2 3 3 1  479    4 
2 1 0 1 2 2 1  559    4 
2 1 0 3 4 4 1  572    4 
2 1 0 1 2 4 0  423    4 
2 1 0 1 2 2 1  423    4 
2 1 0 0 1 3 0  433    4 
2 1 0 2 3 3 1  497    4 
2 1 0 0 1 1 1  368    5 
2 1 0 3 4 4 1  525    4 
2 1 0 1 2 2 1  555    4 
