5 1 0 2 3 3 1  982    4 
5 1 0 0 1 1 1  792    5 
5 1 0 0 1 1 1  651    5 
5 1 0 2 3 3 1  620    4 
5 1 0 1 2 2 1  837    5 
5 1 0 0 1 1 1  702    5 
5 1 0 0 1 1 1  437    4 
5 1 0 0 1 1 1  398    4 
5 1 0 3 4 4 1 3778    5 
5 1 0 2 3 3 1  749    5 
5 1 0 3 4 4 1  426    4 
5 1 0 3 4 4 1  372    5 
5 1 0 3 4 4 1  593    4 
5 1 0 0 1 1 1  492    4 
5 1 0 0 1 1 1  539    4 
5 1 0 1 2 2 1  601    4 
5 1 0 3 4 4 1  548    4 
5 1 0 0 1 1 1  505    5 
5 1 0 2 3 3 1  408    5 
5 1 0 1 2 2 1  555    5 
5 1 0 1 2 2 1  519    4 
5 1 0 3 4 4 1  381    4 
5 1 0 2 3 3 1  490    4 
5 1 0 2 3 3 1  369    4 
5 1 0 1 2 2 1  518    4 
5 1 0 2 3 3 1  485    5 
5 1 0 3 4 4 1  445    5 
5 1 0 0 1 1 1  406    4 
5 1 0 0 1 1 1  345    4 
5 1 0 3 4 4 1  519    5 
5 1 0 3 4 4 1  413    5 
5 1 0 2 3 3 1  504    5 
5 1 0 2 3 3 1  431    5 
5 1 0 3 4 4 1  506    4 
5 1 0 2 3 3 1  432    4 
5 1 0 3 4 4 1  459    4 
5 1 0 0 1 1 1  508    4 
5 1 0 0 1 1 1  474    4 
5 1 0 2 3 3 1  442    4 
5 1 0 1 2 2 1  540    4 
5 1 0 3 4 4 1  377    5 
5 1 0 1 2 2 1  614    5 
5 1 0 2 3 3 1  464    6 
5 1 0 1 2 2 1  537    4 
5 1 0 0 1 1 1  647    4 
5 1 0 1 2 2 1  512    4 
5 1 0 1 2 2 1  542    5 
5 1 0 2 3 3 1  556    5 
5 1 0 0 1 1 1  512    5 
5 1 0 0 1 1 1  471    4 
5 1 0 3 4 4 1  527    4 
5 1 0 3 4 4 1  373    4 
5 1 0 1 2 2 1  482    4 
5 1 0 2 3 3 1  402    4 
5 1 0 1 2 2 1  533    4 
5 1 0 2 3 3 1  555    4 
5 1 0 3 4 4 1  464    4 
5 1 0 3 4 4 1  352    5 
5 1 0 0 1 1 1  470    5 
5 1 0 1 2 2 1  494    4 
5 1 0 0 1 1 1  533    5 
5 1 0 1 2 2 1  539    5 
5 1 0 0 1 1 1  465    5 
5 1 0 2 3 3 1  434    4 
5 1 0 0 1 1 1  524    4 
5 1 0 2 3 3 1  450    4 
5 1 0 1 2 2 1  500    4 
5 1 0 2 3 3 1  451    5 
5 1 0 0 1 1 1  445    4 
5 1 0 3 4 4 1  438    5 
5 1 0 2 3 3 1  488    4 
5 1 0 0 1 1 1  495    5 
5 1 0 1 2 2 1  495    5 
5 1 0 0 1 4 0  454    5 
5 1 0 2 3 3 1  516    4 
5 1 0 3 4 4 1  523    5 
5 1 0 2 3 3 1  465    5 
5 1 0 1 2 2 1  554    5 
5 1 0 3 4 4 1  423    4 
5 1 0 3 4 4 1  385    5 
5 1 0 1 2 2 1  405    4 
5 1 0 3 4 4 1  560    5 
5 1 0 1 2 2 1  517    5 
5 1 0 1 2 2 1  483    5 
5 1 0 2 3 3 1  499    5 
5 1 0 1 2 2 1  523   46 
5 1 0 1 2 2 1  473   69 
5 1 0 1 2 2 1  425    5 
5 1 0 0 1 1 1  483  114 
5 1 0 2 3 3 1  452    5 
5 1 0 3 4 4 1  461    4 
5 1 0 3 4 4 1  382    5 
5 1 0 2 3 3 1  491  266 
5 1 0 1 2 2 1  442    4 
5 1 0 3 4 4 1  516  123 
5 1 0 0 1 1 1  634    5 
