22 1 0 0 1 1 1 1174    4 
22 1 0 1 2 2 1 1200    5 
22 1 0 3 4 4 1 2513    5 
22 1 0 3 4 4 1 1578    5 
22 1 0 3 4 4 1  643    4 
22 1 0 0 1 1 1  884    4 
22 1 0 3 4 4 1  755    4 
22 1 0 1 2 2 1  959    5 
22 1 0 3 4 4 1  818    5 
22 1 0 0 1 1 1  860    4 
22 1 0 2 3 3 1  451    4 
22 1 0 1 2 2 1  933    4 
22 1 0 2 3 3 1 1226    5 
22 1 0 3 4 4 1  626    4 
22 1 0 2 3 3 1  620    5 
22 1 0 0 1 1 1  669    5 
22 1 0 3 4 4 1 1509    4 
22 1 0 2 3 3 1  521    5 
22 1 0 3 4 4 1  631    5 
22 1 0 2 3 3 1  656    5 
22 1 0 3 4 4 1  641    5 
22 1 0 1 2 2 1  746    4 
22 1 0 2 3 3 1  662    4 
22 1 0 2 3 3 1  503    4 
22 1 0 0 1 1 1  885    5 
22 1 0 2 3 3 1  636    5 
22 1 0 3 4 4 1  469    5 
22 1 0 3 4 4 1  910    5 
22 1 0 2 3 3 1  611    4 
22 1 0 0 1 1 1  838    4 
22 1 0 0 1 1 1  598    5 
22 1 0 0 1 1 1  569    5 
22 1 0 3 4 4 1  573    5 
22 1 0 0 1 1 1  497    5 
22 1 0 2 3 3 1  576    5 
22 1 0 3 4 4 1  900    5 
22 1 0 2 3 3 1  539    5 
22 1 0 0 1 1 1  472    5 
22 1 0 0 1 1 1  480    4 
22 1 0 1 2 2 1  464    4 
22 1 0 2 3 3 1  569    5 
22 1 0 2 3 3 1  493    5 
22 1 0 1 2 2 1  556    4 
22 1 0 1 2 2 1  537    4 
22 1 0 1 2 2 1  494    5 
22 1 0 1 2 2 1  382    5 
22 1 0 3 4 4 1  682    4 
22 1 0 2 3 3 1  618    5 
22 1 0 2 3 3 1  468    4 
22 1 0 2 3 3 1  469    4 
22 1 0 1 2 2 1 1558    5 
22 1 0 0 1 1 1  687    5 
22 1 0 1 2 2 1  782    4 
22 1 0 0 1 1 1  425    4 
22 1 0 0 1 1 1  612    4 
22 1 0 1 2 2 1  654    4 
22 1 0 1 2 2 1  446    4 
22 1 0 3 4 4 1  584    5 
22 1 0 2 3 3 1  564    5 
22 1 0 0 1 1 1 1168    5 
22 1 0 0 1 1 1  419    4 
22 1 0 2 3 4 0 1357    5 
22 1 0 2 3 3 1  829    4 
22 1 0 3 4 4 1  958    5 
22 1 0 1 2 2 1  801    4 
22 1 0 0 1 1 1  548    4 
22 1 0 2 3 3 1  513    4 
22 1 0 3 4 4 1  504    4 
22 1 0 1 2 2 1  655    5 
22 1 0 1 2 2 1  527    4 
22 1 0 3 4 4 1  549    5 
22 1 0 1 2 2 1  506    5 
22 1 0 0 1 1 1  497    4 
22 1 0 1 2 2 1  601    4 
22 1 0 0 1 1 1  540    4 
22 1 0 3 4 4 1  569    4 
22 1 0 2 3 3 1  501    6 
22 1 0 2 3 3 1  445    5 
22 1 0 1 2 4 0  566    4 
22 1 0 1 2 2 1  648   36 
22 1 0 2 3 3 1  993    5 
22 1 0 0 1 1 1  907    5 
22 1 0 1 2 2 1  632    5 
22 1 0 0 1 1 1  978    4 
22 1 0 1 2 2 1  549    4 
22 1 0 1 2 2 1  634    5 
22 1 0 3 4 4 1 1356    5 
22 1 0 3 4 4 1  446    4 
22 1 0 3 4 4 1  440    4 
22 1 0 3 4 4 1  457    4 
22 1 0 0 1 1 1  474    5 
22 1 0 3 4 4 1  538    5 
22 1 0 2 3 3 1  776    5 
22 1 0 1 2 4 0 1059    5 
22 1 0 0 1 1 1  663    4 
22 1 0 0 1 1 1  512    4 
