23 1 0 3 4 4 1 1300   69 
23 1 0 1 2 2 1 3626  260 
23 1 0 2 3 3 1  955  103 
23 1 0 0 1 1 1  742    5 
23 1 0 1 2 2 1 1851   48 
23 1 0 3 4 4 1  672    5 
23 1 0 0 1 1 1  648    5 
23 1 0 2 3 4 0 1201    5 
23 1 0 0 1 1 1  784    5 
23 1 0 1 2 2 1  699  342 
23 1 0 3 4 4 1  714    4 
23 1 0 1 2 2 1  936   72 
23 1 0 0 1 1 1  660    4 
23 1 0 1 2 2 1  693   54 
23 1 0 1 2 2 1  724  181 
23 1 0 2 3 3 1 1097    5 
23 1 0 0 1 1 1  567    5 
23 1 0 1 2 2 1  851    5 
23 1 0 0 1 1 1  612    7 
23 1 0 3 4 4 1  462    5 
23 1 0 3 4 4 1  423    5 
23 1 0 2 3 3 1  482    4 
23 1 0 0 1 1 1  498    4 
23 1 0 3 4 4 1  625    5 
23 1 0 2 3 3 1  363    4 
23 1 0 1 2 2 1  664    5 
23 1 0 3 4 4 1  640    5 
23 1 0 0 1 1 1  505    6 
23 1 0 2 3 4 0  488    4 
23 1 0 0 1 1 1  693    4 
23 1 0 3 4 4 1  492    5 
23 1 0 2 3 3 1  379    4 
23 1 0 0 1 1 1  528  268 
23 1 0 1 2 2 1  350    4 
23 1 0 2 3 4 0  612    5 
23 1 0 3 4 4 1 1147    4 
23 1 0 0 1 1 1  479    5 
23 1 0 1 2 2 1  527    5 
23 1 0 2 3 3 1  461    4 
23 1 0 0 1 1 1  566    5 
23 1 0 2 3 3 1  483    5 
23 1 0 1 2 2 1  611    5 
23 1 0 1 2 2 1  629    4 
23 1 0 1 2 2 1  351    5 
23 1 0 0 1 1 1  581    5 
23 1 0 1 2 2 1  753    5 
23 1 0 0 1 1 1  541    4 
23 1 0 2 3 3 1  378    5 
23 1 0 3 4 4 1  327    4 
23 1 0 2 3 3 1  397    5 
23 1 0 1 2 2 1  457    4 
23 1 0 3 4 4 1  586    5 
23 1 0 3 4 4 1  389    5 
23 1 0 2 3 3 1  673    5 
23 1 0 2 3 3 1  400    5 
23 1 0 1 2 2 1  524    5 
23 1 0 3 4 4 1  546    5 
23 1 0 0 1 1 1  431    5 
23 1 0 3 4 4 1  458    5 
23 1 0 1 2 2 1  515    5 
23 1 0 2 3 3 1  609    4 
23 1 0 2 3 3 1  491    5 
23 1 0 0 1 1 1  531 10255 
23 1 0 0 1 1 1  384  249 
23 1 0 3 4 4 1  516    4 
23 1 0 3 4 4 1  355    5 
23 1 0 2 3 3 1  464    4 
23 1 0 0 1 1 1  577    4 
23 1 0 2 3 3 1  477    4 
23 1 0 3 4 4 1  485    5 
23 1 0 3 4 4 1  397    4 
23 1 0 1 2 2 1  473    5 
23 1 0 2 3 3 1  505    5 
23 1 0 0 1 1 1  592    4 
23 1 0 2 3 3 1  587    4 
23 1 0 1 2 2 1  470    4 
23 1 0 3 4 4 1  510    5 
23 1 0 3 4 4 1  317    4 
23 1 0 1 2 1 0  468    5 
23 1 0 1 2 2 1  490    5 
23 1 0 2 3 3 1  474    4 
23 1 0 3 4 4 1  458    5 
23 1 0 0 1 1 1  451    5 
23 1 0 2 3 3 1  668    4 
23 1 0 3 4 4 1  501    5 
23 1 0 0 1 1 1  356    4 
23 1 0 0 1 1 1  353    4 
23 1 0 3 4 4 1  423    5 
23 1 0 2 3 3 1  457    4 
23 1 0 0 1 1 1  578    5 
23 1 0 1 2 2 1  518    5 
23 1 0 1 2 2 1  461    5 
23 1 0 2 3 3 1  341    5 
23 1 0 1 2 2 1  563    5 
23 1 0 0 1 1 1  760    4 
23 1 0 3 4 4 1  508    4 
