3 1 0 3 4 0 0 5000    5 
3 1 0 3 4 0 0 5000    4 
3 1 0 1 2 0 0 5000    5 
3 1 0 3 4 0 0 5000    4 
3 1 0 3 4 0 0 5000    5 
3 1 0 2 3 3 1 2313    4 
3 1 0 1 2 2 1  986    5 
3 1 0 1 2 2 1  644    4 
3 1 0 3 4 4 1  565    4 
3 1 0 1 2 2 1  770    4 
3 1 0 3 4 4 1  813    5 
3 1 0 2 3 3 1  719    4 
3 1 0 2 3 3 1  693    5 
3 1 0 3 4 4 1  788    5 
3 1 0 2 3 3 1  431    4 
3 1 0 0 1 1 1  665    4 
3 1 0 0 1 1 1  809    4 
3 1 0 1 2 2 1  763    4 
3 1 0 1 2 2 1  519    4 
3 1 0 0 1 1 1  701    5 
3 1 0 2 3 3 1  772    4 
3 1 0 0 1 1 1  807    4 
3 1 0 1 2 2 1  665    4 
3 1 0 2 3 3 1  817    5 
3 1 0 2 3 3 1  491    4 
3 1 0 2 3 3 1  387    5 
3 1 0 0 1 1 1  567    4 
3 1 0 1 2 2 1  571    4 
3 1 0 2 3 3 1  799    4 
3 1 0 1 2 2 1  706    5 
3 1 0 1 2 2 1  520    5 
3 1 0 1 2 2 1  534    4 
3 1 0 0 1 1 1  524    4 
3 1 0 0 1 1 1  530    4 
3 1 0 3 4 4 1  624    4 
3 1 0 1 2 2 1  578    4 
3 1 0 2 3 3 1  870    5 
3 1 0 0 1 1 1  757    4 
3 1 0 1 2 2 1  761    5 
3 1 0 2 3 3 1 1205    4 
3 1 0 3 4 4 1  686    4 
3 1 0 3 4 4 1  677    4 
3 1 0 2 3 3 1 1149    4 
3 1 0 0 1 1 1  680    5 
3 1 0 3 4 4 1  648    5 
3 1 0 0 1 1 1  601    4 
3 1 0 0 1 1 1  460    4 
3 1 0 1 2 2 1  917    5 
3 1 0 1 2 2 1  875    4 
3 1 0 0 1 1 1  554    4 
3 1 0 2 3 3 1  670    4 
3 1 0 1 2 2 1  854    4 
3 1 0 3 4 4 1  549    4 
3 1 0 1 2 2 1 1099    4 
3 1 0 2 3 3 1  896    4 
3 1 0 0 1 1 1  423    4 
3 1 0 1 2 2 1  737    4 
3 1 0 2 3 3 1  758    4 
3 1 0 0 1 1 1  610    4 
3 1 0 0 1 1 1  468    5 
3 1 0 3 4 4 1  637    4 
3 1 0 3 4 4 1  494    4 
3 1 0 3 4 4 1  390    4 
3 1 0 2 3 3 1 1017    4 
3 1 0 2 3 3 1  427    4 
3 1 0 2 3 3 1  405    4 
3 1 0 0 1 1 1  536    4 
3 1 0 3 4 4 1  533    4 
3 1 0 1 2 2 1  619    4 
3 1 0 3 4 4 1  573    5 
3 1 0 0 1 1 1  729    4 
3 1 0 3 4 3 0  382    5 
3 1 0 1 2 2 1  752    4 
3 1 0 0 1 1 1  685    5 
3 1 0 3 4 4 1  780    4 
3 1 0 3 4 4 1  472    4 
3 1 0 2 3 3 1  792    4 
3 1 0 3 4 4 1  650    4 
3 1 0 3 4 4 1  491    5 
3 1 0 0 1 1 1  619    5 
3 1 0 0 1 1 1  605    4 
3 1 0 3 4 4 1  800    4 
3 1 0 2 3 3 1  786    5 
3 1 0 0 1 1 1  693    5 
3 1 0 2 3 3 1 1564    4 
3 1 0 1 2 2 1  653    4 
3 1 0 0 1 1 1  614    5 
3 1 0 1 2 2 1  648    4 
3 1 0 1 2 2 1  625    5 
3 1 0 0 1 1 1  563    4 
3 1 0 2 3 3 1 1055    5 
3 1 0 3 4 4 1  575    4 
3 1 0 1 2 2 1 2042    5 
3 1 0 2 3 3 1  703    4 
3 1 0 0 1 1 1  533    4 
3 1 0 2 3 2 0  659    4 
