1 1 0 0 1 1 1 1698    5 
1 1 0 0 1 1 1  653    4 
1 1 0 1 2 2 1 1078    5 
1 1 0 3 4 4 1  892    5 
1 1 0 0 1 1 1  666    4 
1 1 0 1 2 2 1  947    5 
1 1 0 1 2 2 1  631    5 
1 1 0 2 3 3 1  584    5 
1 1 0 0 1 1 1  860    4 
1 1 0 1 2 2 1  620    4 
1 1 0 1 2 2 1  374    5 
1 1 0 3 4 4 1  610    5 
1 1 0 2 3 3 1  525    5 
1 1 0 3 4 4 1  435    4 
1 1 0 3 4 4 1  365    5 
1 1 0 0 1 1 1  650    4 
1 1 0 3 4 2 0  875    5 
1 1 0 2 3 3 1  856    4 
1 1 0 0 1 1 1  887    5 
1 1 0 1 2 2 1  749    4 
1 1 0 2 3 3 1  738    4 
1 1 0 2 3 3 1  447    4 
1 1 0 0 1 1 1  561    5 
1 1 0 2 3 3 1  573    5 
1 1 0 0 1 1 1  609    4 
1 1 0 2 3 3 1  763    5 
1 1 0 3 4 4 1  527    4 
1 1 0 1 2 2 1  637    4 
1 1 0 2 3 3 1  630    4 
1 1 0 3 4 4 1  656    4 
1 1 0 2 3 3 1  537    4 
1 1 0 0 1 1 1  566    4 
1 1 0 3 4 4 1  818    4 
1 1 0 0 1 1 1  572    4 
1 1 0 2 3 3 1  600    4 
1 1 0 1 2 4 0  803    5 
1 1 0 0 1 1 1  762    4 
1 1 0 1 2 2 1  638    5 
1 1 0 3 4 4 1  711    4 
1 1 0 0 1 1 1  558    5 
1 1 0 1 2 2 1  874    4 
1 1 0 0 1 1 1  577    4 
1 1 0 1 2 2 1  541    4 
1 1 0 2 3 3 1  562    4 
1 1 0 2 3 4 0  847    4 
1 1 0 3 4 4 1  605    4 
1 1 0 2 3 3 1  519    4 
1 1 0 1 2 2 1  693    4 
1 1 0 0 1 1 1  644    4 
1 1 0 3 4 4 1  789    4 
1 1 0 2 3 3 1  759    4 
1 1 0 2 3 3 1  500    5 
1 1 0 0 1 1 1  563    4 
1 1 0 0 1 1 1  408    4 
1 1 0 2 3 2 0  587    5 
1 1 0 1 2 4 0  803    4 
1 1 0 3 4 4 1  515    4 
1 1 0 1 2 2 1  578    4 
1 1 0 1 2 2 1  421    4 
1 1 0 0 1 1 1  544    4 
1 1 0 1 2 2 1  637    5 
1 1 0 0 1 1 1  670    4 
1 1 0 1 2 2 1  862    4 
1 1 0 3 4 4 1  453    4 
1 1 0 3 4 4 1  398    4 
1 1 0 1 2 2 1  538    5 
1 1 0 2 3 1 0  671    4 
1 1 0 1 2 2 1  652    4 
1 1 0 0 1 1 1  709    4 
1 1 0 2 3 3 1  555    5 
1 1 0 3 4 4 1  592    5 
1 1 0 0 1 2 0 1083    5 
1 1 0 3 4 4 1  943    4 
1 1 0 3 4 4 1  499    5 
1 1 0 2 3 3 1  810    4 
1 1 0 3 4 4 1  684    5 
1 1 0 3 4 4 1  412    4 
1 1 0 3 4 4 1  375    5 
1 1 0 2 3 1 0  915    4 
1 1 0 2 3 3 1  478  112 
1 1 0 2 3 3 1  374    4 
1 1 0 0 1 1 1  787  124 
1 1 0 3 4 4 1  813    4 
1 1 0 1 2 2 1  535    4 
1 1 0 3 4 4 1  725    4 
1 1 0 0 1 1 1  691    4 
1 1 0 0 1 1 1  489    4 
1 1 0 1 2 2 1  897    5 
1 1 0 2 3 1 0  591    4 
1 1 0 3 4 4 1  632    5 
1 1 0 0 1 1 1  561    5 
1 1 0 1 2 4 0 1150    5 
1 1 0 1 2 2 1  479    4 
1 1 0 3 4 4 1  623    5 
1 1 0 2 3 3 1  633    4 
1 1 0 1 2 4 0 1010    4 
