10 1 0 0 1 1 1 1125    5 
10 1 0 2 3 3 1 1241    5 
10 1 0 0 1 1 1  664    4 
10 1 0 3 4 4 1  800    4 
10 1 0 3 4 4 1  883    5 
10 1 0 3 4 4 1  450    5 
10 1 0 1 2 2 1  923    4 
10 1 0 3 4 4 1  784    4 
10 1 0 1 2 2 1  555    4 
10 1 0 2 3 3 1  544    5 
10 1 0 0 1 1 1  629    5 
10 1 0 2 3 3 1 1271    5 
10 1 0 2 3 3 1  661    5 
10 1 0 0 1 1 1  445    5 
10 1 0 0 1 1 1  655    4 
10 1 0 1 2 2 1  703    4 
10 1 0 3 4 4 1  749    4 
10 1 0 3 4 4 1  594    4 
10 1 0 2 3 3 1  909    4 
10 1 0 2 3 3 1  531    5 
10 1 0 3 4 4 1  873    4 
10 1 0 0 1 1 1  632    5 
10 1 0 0 1 1 1  497    4 
10 1 0 0 1 1 1  401    4 
10 1 0 0 1 1 1  517    4 
10 1 0 0 1 1 1  523    4 
10 1 0 1 2 2 1  569    5 
10 1 0 1 2 2 1  389    5 
10 1 0 0 1 1 1  489    4 
10 1 0 1 2 2 1  449    5 
10 1 0 2 3 3 1  666    4 
10 1 0 1 2 2 1  698    4 
10 1 0 2 3 3 1  393    4 
10 1 0 2 3 3 1 1253    5 
10 1 0 1 2 2 1  636    4 
10 1 0 3 4 4 1  693    4 
10 1 0 2 3 3 1 1012    4 
10 1 0 3 4 4 1  629    5 
10 1 0 3 4 4 1  607    5 
10 1 0 1 2 2 1  658    5 
10 1 0 2 3 3 1  706  247 
10 1 0 1 2 2 1  784    5 
10 1 0 1 2 2 1  483    4 
10 1 0 0 1 1 1  611    4 
10 1 0 3 4 4 1  654    4 
10 1 0 3 4 4 1  486    5 
10 1 0 2 3 3 1  878    4 
10 1 0 1 2 2 1  637    5 
10 1 0 2 3 4 0  646    5 
10 1 0 3 4 4 1  668    4 
10 1 0 2 3 3 1  788    5 
10 1 0 1 2 2 1  639    4 
10 1 0 1 2 2 1  720    4 
10 1 0 1 2 2 1  493    5 
10 1 0 0 1 1 1  549    5 
10 1 0 0 1 1 1  498    4 
10 1 0 2 3 3 1  657    5 
10 1 0 0 1 1 1  786    4 
10 1 0 0 1 1 1  549    5 
10 1 0 0 1 1 1  570    5 
10 1 0 3 4 4 1  606    4 
10 1 0 0 1 1 1  633    5 
10 1 0 2 3 3 1  666    4 
10 1 0 0 1 1 1  539    5 
10 1 0 3 4 4 1  528    4 
10 1 0 1 2 2 1  590    4 
10 1 0 2 3 3 1  713    4 
10 1 0 1 2 2 1  631    5 
10 1 0 3 4 4 1  665    4 
10 1 0 2 3 3 1  609    4 
10 1 0 1 2 2 1 1060    4 
10 1 0 0 1 1 1  467    5 
10 1 0 3 4 4 1  468    5 
10 1 0 0 1 1 1  669    4 
10 1 0 3 4 4 1  565    5 
10 1 0 2 3 3 1 1146    4 
10 1 0 2 3 3 1  429    5 
10 1 0 3 4 4 1  599    4 
10 1 0 2 3 3 1  379    4 
10 1 0 1 2 2 1  527    4 
10 1 0 3 4 4 1  573    5 
10 1 0 2 3 3 1  657    5 
10 1 0 3 4 4 1  929    4 
10 1 0 1 2 2 1  598    5 
10 1 0 0 1 1 1  545    5 
10 1 0 1 2 2 1  847    4 
10 1 0 2 3 3 1  807    4 
10 1 0 3 4 4 1  369    4 
10 1 0 1 2 2 1  621    5 
10 1 0 2 3 3 1  751    4 
10 1 0 1 2 2 1  932    4 
10 1 0 3 4 4 1  601    4 
10 1 0 0 1 1 1  540    5 
10 1 0 1 2 2 1  921    5 
10 1 0 3 4 4 1  526    5 
10 1 0 0 1 1 1  660    4 
