4 1 0 1 2 2 1 1111    4 
4 1 0 1 2 2 1  452    5 
4 1 0 1 2 2 1  437  293 
4 1 0 0 1 1 1  447    4 
4 1 0 2 3 3 1 2552    5 
4 1 0 3 4 4 1  440    4 
4 1 0 1 2 2 1  617    4 
4 1 0 1 2 2 1  364    5 
4 1 0 3 4 4 1  569    5 
4 1 0 3 4 4 1  357    5 
4 1 0 3 4 4 1  331    4 
4 1 0 3 4 4 1  377    4 
4 1 0 2 3 3 1  478    4 
4 1 0 2 3 3 1  302    5 
4 1 0 0 1 1 1  565    5 
4 1 0 1 2 2 1  514    4 
4 1 0 3 4 4 1  545    4 
4 1 0 2 3 3 1  710    5 
4 1 0 0 1 1 1  516    4 
4 1 0 3 4 4 1  523  134 
4 1 0 0 1 1 1  577  122 
4 1 0 2 3 3 1  581    5 
4 1 0 3 4 2 0  457  128 
4 1 0 1 2 2 1  671    4 
4 1 0 0 1 1 1  598    5 
4 1 0 0 1 1 1  337    5 
4 1 0 1 2 1 0  423    4 
4 1 0 3 4 4 1  463   13 
4 1 0 2 3 3 1  608    5 
4 1 0 3 4 4 1  498    5 
4 1 0 2 3 3 1  450    5 
4 1 0 0 1 1 1  627    4 
4 1 0 3 4 4 1  493    5 
4 1 0 0 1 1 1  517    5 
4 1 0 2 3 3 1  547    4 
4 1 0 0 1 1 1  625    5 
4 1 0 2 3 3 1  826    5 
4 1 0 3 4 4 1  516    5 
4 1 0 2 3 3 1  482    5 
4 1 0 2 3 3 1  355    4 
4 1 0 1 2 2 1  672    4 
4 1 0 1 2 2 1  407    4 
4 1 0 0 1 1 1  330    5 
4 1 0 3 4 4 1  545    4 
4 1 0 2 3 3 1  478    4 
4 1 0 1 2 2 1  734    4 
4 1 0 0 1 1 1  588    4 
4 1 0 2 3 3 1  519    4 
4 1 0 2 3 3 1  309    4 
4 1 0 1 2 3 0  420    4 
4 1 0 2 3 3 1  548    5 
4 1 0 0 1 1 1  593    5 
4 1 0 1 2 2 1  580    5 
4 1 0 2 3 3 1  583    4 
4 1 0 2 3 3 1  331    5 
4 1 0 1 2 2 1  698    5 
4 1 0 2 3 3 1  497    4 
4 1 0 0 1 1 1  561    4 
4 1 0 3 4 4 1  501    4 
4 1 0 1 2 2 1  613    4 
4 1 0 2 3 3 1  447    4 
4 1 0 2 3 3 1  353    5 
4 1 0 2 3 3 1  350    4 
4 1 0 1 2 2 1  556    4 
4 1 0 1 2 2 1  368    4 
4 1 0 1 2 2 1  501    4 
4 1 0 2 3 3 1  452    4 
4 1 0 0 1 1 1  525    4 
4 1 0 1 2 2 1  403    4 
4 1 0 3 4 4 1  438    4 
4 1 0 3 4 4 1  280    4 
4 1 0 3 4 4 1  417    4 
4 1 0 0 1 1 1  452    5 
4 1 0 0 1 1 1  261    4 
4 1 0 2 3 3 1  543    5 
4 1 0 3 4 4 1  364    5 
4 1 0 0 1 1 1  513    5 
4 1 0 3 4 4 1  480    5 
4 1 0 0 1 1 1  488    5 
4 1 0 0 1 1 1  376    4 
4 1 0 3 4 4 1  444    5 
4 1 0 0 1 1 1  374    4 
4 1 0 0 1 1 1  282    4 
4 1 0 3 4 4 1  435    4 
4 1 0 1 2 3 0  389    5 
4 1 0 2 3 3 1  566    4 
4 1 0 0 1 1 1  474    4 
4 1 0 3 4 2 0  363    4 
4 1 0 0 1 1 1  397    4 
4 1 0 3 4 4 1  449    5 
4 1 0 1 2 2 1  322    4 
4 1 0 3 4 4 1  521    5 
4 1 0 1 2 2 1  767    4 
4 1 0 1 2 2 1  467    4 
4 1 0 0 1 1 1  420    4 
4 1 0 1 2 2 1  462    4 
