11 1 0 0 1 1 1 1734    4 
11 1 0 3 4 4 1 1440    5 
11 1 0 1 2 2 1  935    5 
11 1 0 3 4 4 1  772    4 
11 1 0 2 3 3 1  847    5 
11 1 0 1 2 2 1 1319    4 
11 1 0 3 4 4 1  900  171 
11 1 0 2 3 3 1  954    4 
11 1 0 0 1 1 1  797    5 
11 1 0 2 3 3 1  712    5 
11 1 0 0 1 1 1  582    4 
11 1 0 3 4 4 1 1234   31 
11 1 0 1 2 2 1 1074    5 
11 1 0 2 3 3 1 1104    4 
11 1 0 0 1 1 1  557    4 
11 1 0 3 4 4 1  674    4 
11 1 0 0 1 1 1  545  122 
11 1 0 0 1 1 1  447    4 
11 1 0 0 1 1 1  416    4 
11 1 0 1 2 2 1  675   80 
11 1 0 0 1 1 1  603    5 
11 1 0 0 1 1 1  445    5 
11 1 0 2 3 3 1  831    4 
11 1 0 1 2 1 0 1712    4 
11 1 0 3 4 4 1 1080    4 
11 1 0 3 4 4 1  655    5 
11 1 0 0 1 1 1  679    5 
11 1 0 3 4 4 1 1103    5 
11 1 0 1 2 2 1  812    4 
11 1 0 3 4 4 1 1238    4 
11 1 0 0 1 1 1  637    5 
11 1 0 2 3 3 1  734    5 
11 1 0 1 2 2 1 1396    5 
11 1 0 3 4 4 1  621    5 
11 1 0 1 2 2 1  710   70 
11 1 0 1 2 2 1  516    4 
11 1 0 2 3 3 1  739  111 
11 1 0 0 1 1 1  513    4 
11 1 0 1 2 2 1 1269    4 
11 1 0 0 1 1 1  595    5 
11 1 0 0 1 1 1  422   78 
11 1 0 3 4 4 1  536    4 
11 1 0 1 2 2 1  718    5 
11 1 0 3 4 4 1  668    5 
11 1 0 3 4 4 1  556    4 
11 1 0 1 2 2 1  761    4 
11 1 0 2 3 3 1  661    4 
11 1 0 0 1 1 1 1333    4 
11 1 0 0 1 1 1  465    4 
11 1 0 2 3 3 1  882    4 
11 1 0 1 2 2 1 1105    5 
11 1 0 0 1 1 1  550    4 
11 1 0 2 3 3 1  923    5 
11 1 0 0 1 1 1  744    5 
11 1 0 3 4 4 1  660    5 
11 1 0 0 1 1 1  581    5 
11 1 0 0 1 1 1  585    4 
11 1 0 3 4 4 1  572    4 
11 1 0 1 2 2 1 1384    5 
11 1 0 2 3 3 1  682    5 
11 1 0 1 2 2 1 1233    5 
11 1 0 2 3 1 0  569    4 
11 1 0 0 1 1 1  714    5 
11 1 0 2 3 3 1  841    4 
11 1 0 2 3 3 1  545    4 
11 1 0 2 3 3 1  462    4 
11 1 0 0 1 1 1  567    4 
11 1 0 1 2 2 1  804    4 
11 1 0 3 4 4 1  542    5 
11 1 0 0 1 1 1  507    5 
11 1 0 2 3 3 1  794    4 
11 1 0 1 2 2 1 1116    5 
11 1 0 2 3 3 1 1025    4 
11 1 0 3 4 4 1  594    5 
11 1 0 2 3 1 0  573    4 
11 1 0 2 3 3 1  470    5 
11 1 0 3 4 4 1  566    4 
11 1 0 3 4 3 0 3195    5 
11 1 0 1 2 2 1 1315    5 
11 1 0 1 2 2 1  568    5 
11 1 0 3 4 4 1  540    4 
11 1 0 2 3 3 1  682    5 
11 1 0 1 2 2 1  665    4 
11 1 0 2 3 3 1  689    5 
11 1 0 3 4 4 1  528    4 
11 1 0 3 4 4 1  494    4 
11 1 0 3 4 4 1  470    4 
11 1 0 1 2 2 1  678    5 
11 1 0 2 3 3 1  822    4 
11 1 0 0 1 1 1  423    4 
11 1 0 2 3 3 1  777    5 
11 1 0 3 4 4 1  956    5 
11 1 0 1 2 2 1  800    4 
11 1 0 2 3 3 1  666    5 
11 1 0 1 2 3 0  515    4 
11 1 0 1 2 1 0  543    5 
