6 1 0 2 3 3 1 1840    4 
6 1 0 0 1 1 1 2685    4 
6 1 0 3 4 4 1 1063    5 
6 1 0 1 2 2 1 1366    5 
6 1 0 3 4 0 0 5000    4 
6 1 0 2 3 3 1 2515    4 
6 1 0 0 1 1 1 2228    5 
6 1 0 1 2 2 1 1425    5 
6 1 0 1 2 2 1 1312    5 
6 1 0 0 1 1 1 1244    5 
6 1 0 1 2 2 1 2268    5 
6 1 0 3 4 4 1 1671    4 
6 1 0 1 2 2 1 1164    5 
6 1 0 0 1 1 1  911   29 
6 1 0 3 4 4 1  989    4 
6 1 0 2 3 3 1 1047  207 
6 1 0 1 2 2 1 1142    4 
6 1 0 1 2 2 1  474    5 
6 1 0 0 1 1 1 1226    4 
6 1 0 0 1 1 1  746    4 
6 1 0 3 4 2 0  831    4 
6 1 0 1 2 1 0 2141    5 
6 1 0 1 2 2 1  635    5 
6 1 0 2 3 3 1 1469    5 
6 1 0 1 2 2 1  994  274 
6 1 0 3 4 4 1  924    5 
6 1 0 3 4 4 1  409   56 
6 1 0 1 2 2 1  764    5 
6 1 0 3 4 4 1  760    4 
6 1 0 0 1 1 1 2444    5 
6 1 0 3 4 2 0  880    5 
6 1 0 3 4 4 1  572    4 
6 1 0 0 1 1 1  712    5 
6 1 0 1 2 2 1 1702    5 
6 1 0 2 3 3 1  746    5 
6 1 0 2 3 3 1  655    5 
6 1 0 0 1 1 1 2623    4 
6 1 0 2 3 3 1 1451    5 
6 1 0 0 1 2 0  946    5 
6 1 0 0 1 1 1 1123    5 
6 1 0 3 4 4 1  839    4 
6 1 0 1 2 2 1 1312    5 
6 1 0 0 1 1 1  852    5 
6 1 0 2 3 3 1  893    5 
6 1 0 1 2 2 1 1019    5 
6 1 0 2 3 3 1  580    4 
6 1 0 2 3 3 1  504    5 
6 1 0 2 3 3 1  318    4 
6 1 0 3 4 4 1 1381    5 
6 1 0 1 2 1 0  727    5 
6 1 0 0 1 2 0  457    4 
6 1 0 1 2 2 1  568    5 
6 1 0 0 1 1 1  700  106 
6 1 0 3 4 4 1  979   31 
6 1 0 2 3 3 1  502    4 
6 1 0 0 1 1 1  845    4 
6 1 0 2 3 3 1 1006   12 
6 1 0 3 4 4 1 2207    4 
6 1 0 0 1 1 1 1357   70 
6 1 0 1 2 4 0 1071    4 
6 1 0 0 1 1 1 1075  120 
6 1 0 2 3 3 1  721    5 
6 1 0 0 1 2 0 4431    4 
6 1 0 0 1 1 1  394    4 
6 1 0 0 1 1 1  350    4 
6 1 0 3 4 4 1  700    5 
6 1 0 3 4 4 1  411    4 
6 1 0 3 4 4 1  334    5 
6 1 0 2 3 3 1  628    5 
6 1 0 0 1 1 1 1182  105 
6 1 0 2 3 3 1 3744    4 
6 1 0 3 4 4 1  725    5 
6 1 0 3 4 4 1  338    5 
6 1 0 2 3 3 1  672    4 
6 1 0 2 3 3 1  480    5 
6 1 0 1 2 2 1 1256    5 
6 1 0 2 3 3 1  518    5 
6 1 0 2 3 3 1  453    5 
6 1 0 1 2 2 1 1094    4 
6 1 0 2 3 3 1  564    5 
6 1 0 3 4 4 1  576    4 
6 1 0 1 2 2 1 2108    5 
6 1 0 0 1 1 1 1102    4 
6 1 0 2 3 3 1  628    4 
6 1 0 3 4 4 1  605    4 
6 1 0 3 4 3 0  448    5 
6 1 0 3 4 2 0 2399    5 
6 1 0 1 2 2 1 1194    5 
6 1 0 0 1 1 1 1715    4 
6 1 0 0 1 1 1  366    4 
6 1 0 1 2 2 1 1211   91 
6 1 0 3 4 4 1  604   20 
6 1 0 1 2 4 0  390  264 
6 1 0 2 3 3 1  839   70 
6 1 0 1 2 2 1  721 11562 
6 1 0 2 3 3 1 2197   67 
