25 1 0 2 3 3 1 2641    5 
25 1 0 1 2 2 1 1396    5 
25 1 0 0 1 1 1 1549    4 
25 1 0 2 3 3 1 1471    4 
25 1 0 1 2 2 1 1229    5 
25 1 0 1 2 2 1  909    4 
25 1 0 3 4 4 1  987    4 
25 1 0 0 1 1 1  925    4 
25 1 0 1 2 2 1  570    5 
25 1 0 2 3 3 1  502    4 
25 1 0 1 2 2 1  933    5 
25 1 0 1 2 2 1  658    4 
25 1 0 1 2 2 1  611    4 
25 1 0 0 1 1 1  677    5 
25 1 0 1 2 2 1  637    4 
25 1 0 3 4 3 0  686    5 
25 1 0 0 1 1 1 1026    5 
25 1 0 2 3 3 1  835    5 
25 1 0 0 1 1 1  644    5 
25 1 0 2 3 3 1 1357    4 
25 1 0 1 2 2 1  943    4 
25 1 0 3 4 4 1  723    4 
25 1 0 3 4 4 1  585    4 
25 1 0 0 1 1 1  837    5 
25 1 0 1 2 2 1  813    4 
25 1 0 3 4 4 1  679    4 
25 1 0 0 1 1 1  735  255 
25 1 0 3 4 4 1  708    5 
25 1 0 0 1 1 1  506    5 
25 1 0 3 4 4 1  465   29 
25 1 0 1 2 1 0  450    4 
25 1 0 3 4 2 0   57   30 
25 1 0 0 1 1 1  504    5 
25 1 0 2 3 3 1 1863    4 
25 1 0 0 1 1 1  787    4 
25 1 0 2 3 2 0 1774    4 
25 1 0 2 3 0 0 5000    5 
25 1 0 1 2 2 1 1687    4 
25 1 0 3 4 4 1  635    5 
25 1 0 3 4 4 1  621    4 
25 1 0 0 1 1 1 1415    4 
25 1 0 2 3 3 1 1327    5 
25 1 0 1 2 2 1  714    4 
25 1 0 0 1 1 1  616    4 
25 1 0 3 4 4 1  603    4 
25 1 0 0 1 1 1  629    4 
25 1 0 0 1 1 1  727    4 
25 1 0 2 3 3 1 1300    4 
25 1 0 0 1 1 1  817    5 
25 1 0 2 3 2 0 2107    5 
25 1 0 2 3 2 0 1114    5 
25 1 0 1 2 2 1 1213    4 
25 1 0 0 1 1 1  669    4 
25 1 0 2 3 3 1  637    5 
25 1 0 0 1 1 1  702    4 
25 1 0 2 3 3 1  909    4 
25 1 0 0 1 1 1  538    4 
25 1 0 0 1 1 1  640    5 
25 1 0 1 2 2 1  721    4 
25 1 0 3 4 4 1  958    5 
25 1 0 2 3 1 0  601    4 
25 1 0 1 2 2 1  714    4 
25 1 0 1 2 2 1  616    5 
25 1 0 3 4 4 1  850    4 
25 1 0 1 2 2 1 2683    5 
25 1 0 2 3 3 1  892    4 
25 1 0 3 4 4 1  443    4 
25 1 0 1 2 2 1 1412    5 
25 1 0 1 2 2 1  524    4 
25 1 0 3 4 4 1  730    5 
25 1 0 3 4 4 1  504    4 
25 1 0 3 4 4 1  446    5 
25 1 0 3 4 4 1  448    4 
25 1 0 0 1 1 1  586    4 
25 1 0 2 3 3 1 1229    5 
25 1 0 3 4 4 1  589    5 
25 1 0 2 3 3 1 1544    4 
25 1 0 2 3 3 1  554    4 
25 1 0 1 2 2 1  663    4 
25 1 0 0 1 1 1  639    4 
25 1 0 2 3 3 1  896    4 
25 1 0 2 3 3 1  566    4 
25 1 0 0 1 1 1 1219    5 
25 1 0 0 1 1 1  588    5 
25 1 0 1 2 2 1  623    4 
25 1 0 2 3 3 1 1025    4 
25 1 0 2 3 3 1  633    4 
25 1 0 0 1 1 1  675    5 
25 1 0 3 4 4 1  634    5 
25 1 0 3 4 4 1  516    4 
25 1 0 1 2 2 1 1163    5 
25 1 0 1 2 2 1  534    5 
25 1 0 2 3 3 1 1124    4 
25 1 0 3 4 4 1  520    4 
25 1 0 3 4 4 1  550    4 
25 1 0 3 4 4 1  459    5 
