8 1 0 2 3 3 1 3111    4 
8 1 0 0 1 1 1 3062    4 
8 1 0 0 1 1 1  759    4 
8 1 0 1 2 2 1 1171    5 
8 1 0 3 4 4 1 2413    4 
8 1 0 2 3 0 0 5000    4 
8 1 0 1 2 0 0 5000    5 
8 1 0 1 2 0 0 5000    4 
8 1 0 2 3 3 1 3723    4 
8 1 0 0 1 1 1  912    4 
8 1 0 3 4 2 0  558    4 
8 1 0 1 2 4 0  512    4 
8 1 0 0 1 1 1 1060    4 
8 1 0 1 2 2 1  875    4 
8 1 0 3 4 4 1 1170    4 
8 1 0 2 3 3 1  909    5 
8 1 0 0 1 1 1  602    4 
8 1 0 2 3 3 1  685    4 
8 1 0 1 2 4 0  621    5 
8 1 0 2 3 1 0  572    5 
8 1 0 3 4 2 0  597    5 
8 1 0 1 2 2 1  973    4 
8 1 0 3 4 4 1  568    5 
8 1 0 2 3 3 1  749    4 
8 1 0 1 2 2 1  881    4 
8 1 0 3 4 4 1  360    4 
8 1 0 3 4 4 1  870    4 
8 1 0 3 4 4 1  517    5 
8 1 0 0 1 1 1 1140    4 
8 1 0 1 2 2 1  912    4 
8 1 0 0 1 1 1  525    4 
8 1 0 1 2 2 1  539    4 
8 1 0 2 3 3 1  488    4 
8 1 0 0 1 1 1  720    4 
8 1 0 2 3 3 1  605    4 
8 1 0 1 2 2 1  904    4 
8 1 0 0 1 1 1 1029    4 
8 1 0 1 2 2 1  686    4 
8 1 0 2 3 3 1  445    5 
8 1 0 0 1 1 1  759    4 
8 1 0 2 3 3 1 1115    4 
8 1 0 3 4 4 1  912    4 
8 1 0 3 4 4 1  517    4 
8 1 0 0 1 1 1  868    4 
8 1 0 0 1 1 1  500    4 
8 1 0 1 2 3 0  619    5 
8 1 0 2 3 1 0  794    4 
8 1 0 0 1 1 1  714    5 
8 1 0 3 4 4 1  944    5 
8 1 0 2 3 3 1  700    4 
8 1 0 3 4 4 1  739    5 
8 1 0 2 3 3 1  696    4 
8 1 0 3 4 4 1  415    5 
8 1 0 1 2 2 1  578    5 
8 1 0 0 1 1 1  582    5 
8 1 0 0 1 2 0 1114    5 
8 1 0 2 3 3 1  700    5 
8 1 0 0 1 1 1  675    4 
8 1 0 2 3 3 1  578    5 
8 1 0 3 4 4 1  534    4 
8 1 0 3 4 4 1  444    5 
8 1 0 0 1 1 1  974    4 
8 1 0 2 3 3 1  408    4 
8 1 0 0 1 1 1 1020    4 
8 1 0 1 2 2 1  845    4 
8 1 0 2 3 4 0  597    4 
8 1 0 3 4 4 1  854    4 
8 1 0 2 3 3 1  485    5 
8 1 0 1 2 2 1 1229    5 
8 1 0 1 2 2 1  629    5 
8 1 0 1 2 2 1  398    5 
8 1 0 1 2 2 1  354    4 
8 1 0 3 4 4 1  631    4 
8 1 0 0 1 1 1  793    5 
8 1 0 2 3 3 1  452    4 
8 1 0 3 4 4 1  877    5 
8 1 0 3 4 4 1  404    4 
8 1 0 0 1 2 0  527    5 
8 1 0 1 2 2 1  483    4 
8 1 0 3 4 2 0  675    5 
8 1 0 2 3 3 1  584    4 
8 1 0 0 1 1 1  659    4 
8 1 0 0 1 1 1  580    4 
8 1 0 3 4 4 1  432    5 
8 1 0 3 4 4 1  434    4 
8 1 0 1 2 2 1  676    4 
8 1 0 1 2 2 1  612    4 
8 1 0 0 1 3 0  822    4 
8 1 0 2 3 3 1  453    4 
8 1 0 2 3 3 1  870    4 
8 1 0 1 2 2 1  965    5 
8 1 0 1 2 2 1  481    5 
8 1 0 3 4 4 1  833    4 
8 1 0 2 3 3 1 1106    5 
8 1 0 0 1 1 1  751    4 
8 1 0 3 4 4 1  748    4 
