21 1 0 1 2 0 3 3 1 3990    0 
21 1 1 1 3 3 4 4 1 1348    1 
21 1 0 0 2 0 1 1 1 2349    0 
21 1 0 0 0 2 3 3 1 1038    0 
21 1 1 0 2 2 3 3 1  810    0 
21 1 1 0 1 1 2 2 1  800    0 
21 1 1 0 0 0 1 1 1  750    0 
21 1 0 1 3 1 4 4 1 2958    0 
21 1 1 0 0 0 1 1 1 1318    1 
21 1 1 0 3 3 4 4 1  880    0 
21 1 1 0 0 0 1 1 1  827    0 
21 1 1 0 3 3 4 4 1  720    0 
21 1 0 1 2 0 3 3 1 2538    0 
21 1 0 0 3 1 2 2 1 1458    0 
21 1 1 1 0 0 1 1 1 1694    1 
21 1 1 0 2 2 3 3 1 1273    0 
21 1 1 0 0 0 1 1 1  892    0 
21 1 0 0 0 2 3 1 0  687    1 
21 1 0 0 2 0 1 1 1 2360    0 
21 1 0 0 1 3 4 4 1  768    0 
21 1 0 0 2 0 1 1 1  919    0 
21 1 0 0 0 2 3 3 1  712    0 
21 1 0 1 0 2 1 1 1 1970    0 
21 1 1 1 2 2 3 3 1 1474    0 
21 1 0 1 0 2 1 1 1 1141    1 
21 1 0 0 3 1 2 2 1  869    0 
21 1 0 0 2 0 1 1 1  977    1 
21 1 1 1 3 3 4 4 1 1344    0 
21 1 0 1 0 2 1 1 1  969    0 
21 1 0 0 1 3 4 4 1 1376    0 
21 1 0 0 0 2 3 3 1 1288    1 
21 1 0 0 3 1 2 2 1  874    1 
21 1 0 1 1 3 2 2 1 2965    0 
21 1 0 0 0 2 3 3 1 1486    0 
21 1 0 1 0 2 1 1 1 1120    0 
21 1 1 1 2 2 3 3 1 1154    1 
21 1 1 0 3 3 4 4 1  690    0 
21 1 1 0 2 2 3 3 1  988    1 
21 1 1 1 1 1 2 2 1 1459    0 
21 1 1 0 2 2 3 3 1 1303    0 
21 1 1 0 0 0 1 1 1  721    0 
21 1 0 0 0 2 3 3 1 1042    0 
21 1 0 0 2 0 1 1 1  743    0 
21 1 1 0 2 2 3 3 1  799    0 
21 1 0 0 1 3 4 4 1  869    1 
21 1 1 0 3 3 4 4 1  993    0 
21 1 1 0 1 1 2 2 1  879    0 
21 1 0 0 3 1 2 2 1 1099    1 
21 1 1 1 1 1 2 2 1 1397    0 
21 1 1 1 1 1 2 2 1  628    0 
21 1 1 1 2 2 3 3 1 1209    0 
21 1 0 0 0 2 3 3 1 1215    0 
21 1 0 0 2 0 1 1 1  829    0 
21 1 1 0 2 2 3 3 1  827    0 
21 1 0 0 2 0 1 1 1  672    1 
21 1 0 0 0 2 3 3 1  867    0 
21 1 0 0 1 3 4 4 1  663    1 
21 1 0 0 3 1 2 2 1  891    0 
21 1 1 0 0 0 1 1 1  629    1 
21 1 1 0 2 2 3 3 1  627    0 
21 1 0 0 1 3 4 4 1  648    0 
21 1 1 0 1 1 2 2 1  805    0 
21 1 1 1 1 1 2 2 1 1179    1 
21 1 0 0 0 2 3 3 1  962    0 
21 1 0 0 0 2 3 3 1  530    0 
21 1 1 0 0 0 1 1 1  547    0 
21 1 1 0 0 0 1 1 1  516    0 
21 1 0 0 1 3 4 4 1  661    1 
21 1 0 0 3 1 2 2 1  761    0 
21 1 0 0 1 3 4 4 1 1297    0 
21 1 1 0 0 0 1 1 1 1244    1 
21 1 0 0 1 3 4 4 1 1161    1 
21 1 1 0 1 1 2 2 1  969    1 
21 1 0 0 3 1 2 2 1  704    0 
21 1 1 0 0 0 1 1 1  594    1 
21 1 1 0 2 2 3 3 1  593    0 
21 1 1 0 0 0 1 1 1  615    0 
21 1 0 0 3 1 2 2 1 1205    0 
21 1 0 0 3 1 2 2 1  531    0 
21 1 1 0 3 3 4 4 1  597    0 
21 1 0 0 0 2 3 3 1  939    0 
21 1 0 0 1 3 4 4 1  772    0 
21 1 1 0 0 0 1 1 1  955    0 
21 1 1 0 1 1 2 2 1 1107    0 
21 1 0 1 1 3 2 2 1 2693    1 
21 1 1 0 0 0 1 1 1  968    1 
21 1 1 0 3 3 4 4 1  607    0 
21 1 1 0 0 0 1 1 1  621    1 
21 1 1 0 3 3 4 4 1  667    0 
21 1 0 0 1 3 4 4 1 1174    1 
21 1 0 0 1 3 4 4 1  573    0 
21 1 0 0 2 0 1 1 1  772    0 
21 1 0 0 1 3 4 4 1  644    0 
21 1 1 1 2 2 3 3 1 1345    1 
21 1 0 0 1 3 4 4 1  809    0 
21 1 0 0 0 2 3 3 1  879    0 
21 1 0 1 3 1 4 2 0 1315    1 
21 1 0 0 2 0 1 1 1 1746    1 
21 1 1 1 2 2 3 3 1 1315    0 
21 1 0 0 1 3 4 4 1  669    1 
21 1 1 0 1 1 2 2 1  688    1 
21 1 1 0 3 3 4 4 1  443    1 
21 1 1 0 3 3 4 4 1  424    0 
21 1 0 1 3 1 4 4 1 1093    1 
21 1 0 0 2 0 1 1 1  784    0 
21 1 0 1 1 3 2 2 1 1558    0 
21 1 0 0 2 0 1 1 1  910    0 
21 1 1 0 0 0 1 1 1  592    1 
21 1 1 0 3 3 4 4 1 1047    1 
21 1 1 1 3 3 4 4 1 1012    0 
21 1 0 0 0 2 3 3 1 1538    1 
21 1 1 1 2 2 3 3 1 1170    0 
21 1 0 0 2 0 1 1 1  826    0 
21 1 0 0 3 1 2 2 1  967    0 
21 1 1 0 2 2 3 3 1  830    0 
21 1 0 0 1 3 4 4 1  708    0 
21 1 0 0 2 0 1 1 1  694    0 
21 1 1 1 3 3 4 4 1 1072    0 
21 1 1 0 2 2 3 3 1  780    1 
21 1 1 0 1 1 2 2 1  779    0 
21 1 1 1 3 3 4 4 1  922    0 
21 1 1 0 2 2 3 3 1 1020    0 
21 1 1 0 0 0 1 1 1  641    0 
21 1 0 0 2 0 1 1 1  582    0 
21 1 1 0 3 3 4 4 1  557    0 
21 1 0 1 3 1 4 2 0 1285    0 
21 1 0 0 1 3 4 4 1  878    0 
21 1 1 1 2 2 3 3 1  977    1 
21 1 1 0 1 1 2 2 1 1152    0 
21 1 0 0 1 3 4 4 1  648    0 
21 1 1 0 1 1 2 2 1  748    0 
21 1 1 0 3 3 4 4 1  676    0 
21 1 1 0 3 3 4 4 1  488    0 
21 1 0 0 3 1 2 2 1 1034    0 
21 1 0 1 1 3 2 2 1 1439    0 
21 1 0 1 2 0 3 3 1 2060    0 
21 1 0 0 0 2 3 3 1 1184    1 
21 1 0 0 2 0 1 1 1  782    0 
21 1 0 0 0 2 3 3 1 1085    0 
21 1 0 0 1 3 4 4 1  856    0 
21 1 1 0 3 3 4 4 1  548    0 
21 1 1 0 3 3 4 4 1  532    0 
21 1 0 0 1 3 4 4 1  469    1 
21 1 0 1 2 0 3 3 1 1424    1 
21 1 0 1 3 1 4 4 1 1254    0 
21 1 1 0 3 3 4 4 1  650    0 
21 1 0 0 1 3 4 4 1  670    1 
21 1 1 0 3 3 4 4 1  409    1 
21 1 1 0 2 2 3 3 1 1039    0 
21 1 0 1 0 2 1 1 1 1148    0 
21 1 1 0 3 3 4 4 1  612    0 
21 1 0 0 2 0 1 1 1 1050    0 
21 1 1 1 3 3 4 4 1 1254    0 
21 1 1 0 3 3 4 4 1  514  122 
21 1 1 1 1 1 2 2 1 1268    0 
21 1 0 1 1 3 2 2 1  984    0 
21 1 0 0 1 3 4 4 1 1078    0 
21 1 0 0 3 1 2 2 1  874    1 
21 1 0 1 0 2 1 1 1 1181    0 
21 1 1 1 2 2 3 3 1  900    0 
21 1 1 1 3 3 4 4 1 1350    1 
21 1 0 0 0 2 3 3 1  910    0 
21 1 1 0 1 1 2 2 1  752    1 
21 1 0 1 2 0 3 3 1 1176    1 
21 1 1 1 3 3 4 4 1  975    0 
21 1 1 0 2 2 3 3 1 1175    0 
21 1 1 1 0 0 1 1 1  982    1 
21 1 1 0 1 1 2 2 1 1037    0 
21 1 0 0 2 0 1 1 1 1609    0 
21 1 0 0 1 3 4 4 1  943    0 
21 1 0 0 0 2 3 3 1  848    0 
21 1 1 0 0 0 1 1 1 1349    0 
21 1 1 0 3 3 4 4 1  597    0 
21 1 1 0 1 1 2 2 1  523    0 
21 1 1 1 0 0 1 1 1  997    1 
21 1 1 0 0 0 1 1 1  747    1 
21 1 0 0 0 2 3 3 1  996    1 
21 1 0 0 0 2 3 3 1  459    0 
21 1 1 1 2 2 3 3 1 1087    1 
21 1 0 0 1 3 4 4 1  833    1 
21 1 1 1 2 2 3 3 1  806    0 
21 1 1 0 3 3 4 4 1  596    0 
21 1 0 0 0 2 3 3 1 1203    0 
21 1 1 0 0 0 1 1 1  545    0 
21 1 1 1 1 1 2 2 1 1113    0 
21 1 0 0 2 0 1 1 1 1043    1 
21 1 1 0 2 2 3 3 1  888    1 
21 1 1 0 3 3 4 4 1  683    1 
21 1 1 0 3 3 4 4 1  541    0 
21 1 1 0 1 1 2 2 1 1102    0 
21 1 0 0 2 0 1 1 1  752    0 
21 1 0 0 1 3 4 4 1  688    0 
21 1 0 1 2 1 3 3 1 2554    0 
21 1 1 0 3 3 4 4 1  826    0 
21 1 1 0 1 1 2 2 1  919    0 
21 1 0 0 0 3 4 4 1 1225    0 
21 1 0 0 0 3 4 4 1  478    0 
21 1 0 0 0 3 4 4 1  393    0 
21 1 0 0 1 0 1 1 1 1048    0 
21 1 0 1 2 1 3 3 1  925    0 
21 1 0 0 0 3 4 4 1 1334    0 
21 1 1 0 3 3 4 4 1  399    0 
21 1 1 0 3 3 4 4 1  389    0 
21 1 1 1 0 0 1 1 1 1083    0 
21 1 0 0 0 3 4 4 1  670    0 
21 1 1 0 3 3 4 4 1  385    0 
21 1 0 0 0 3 4 4 1  664    0 
21 1 0 0 0 3 4 4 1  452    0 
21 1 0 0 3 2 3 3 1  840    1 
21 1 1 0 3 3 4 4 1  509    0 
21 1 1 0 1 1 2 2 1  607    0 
21 1 0 1 1 0 2 2 1 1141    0 
21 1 1 1 0 0 1 1 1  949    1 
21 1 0 0 1 0 1 1 1  917    1 
21 1 0 0 1 0 1 1 1  575    0 
21 1 1 0 1 1 2 2 1  814    1 
21 1 1 0 2 2 3 3 1  684    0 
21 1 1 0 0 0 1 1 1  695    0 
21 1 1 1 3 3 4 4 1  865    0 
21 1 0 0 3 2 3 3 1  917    0 
21 1 0 0 2 1 2 2 1  718    1 
21 1 0 0 1 0 1 1 1  647    1 
21 1 0 0 2 1 2 2 1  684    0 
21 1 1 1 2 2 3 3 1  895    0 
21 1 0 0 0 3 4 4 1  857    0 
21 1 0 1 2 1 3 3 1 1197    0 
21 1 0 0 1 0 1 1 1 1236    0 
21 1 1 0 3 3 4 4 1  993    0 
21 1 1 0 1 1 2 2 1  799    0 
21 1 1 0 3 3 4 4 1  669    1 
21 1 0 0 1 0 1 1 1  601    0 
21 1 0 0 1 0 1 1 1  647    1 
21 1 1 0 2 2 3 3 1  683    1 
21 1 1 0 3 3 4 4 1  686    0 
21 1 0 0 2 1 2 3 0 1569    0 
21 1 0 0 1 0 1 1 1  670    0 
21 1 1 0 0 0 1 1 1  633    0 
21 1 1 0 2 2 3 3 1  654    1 
21 1 1 0 2 2 3 3 1  578    1 
21 1 0 1 0 3 1 1 1 1097    0 
21 1 0 0 1 0 1 1 1  780    1 
21 1 1 0 0 0 1 1 1 1075    1 
21 1 1 0 0 0 1 1 1  471    0 
21 1 0 0 1 0 1 1 1  498   92 
21 1 0 0 3 2 3 3 1 1245    0 
21 1 1 0 0 0 1 1 1  553    0 
21 1 1 0 2 2 3 3 1  825    1 
21 1 0 0 2 1 2 2 1  719    0 
21 1 1 1 0 0 1 1 1  920    1 
21 1 1 0 2 2 3 3 1  633    1 
21 1 0 1 2 1 3 3 1  830    0 
21 1 1 0 3 3 4 4 1  643    0 
21 1 1 1 2 2 3 3 1 1168    0 
21 1 1 1 0 0 1 1 1  863    1 
21 1 1 0 2 2 3 3 1  739    1 
21 1 0 0 1 0 1 1 1  940    0 
21 1 0 0 0 3 4 4 1 1069    0 
21 1 1 1 2 2 3 3 1  872    0 
21 1 0 1 0 3 1 1 1  779    0 
21 1 0 0 3 2 3 4 0  666    1 
21 1 0 1 3 2 4 4 1 1420    0 
21 1 1 0 0 0 1 1 1  865    1 
21 1 0 0 3 2 3 3 1  916    1 
21 1 0 1 1 0 2 2 1 1070    0 
21 1 1 0 0 0 1 1 1  745    0 
21 1 0 0 1 0 1 1 1  770    1 
21 1 0 0 2 1 2 2 1  993    1 
21 1 0 0 0 3 4 4 1  768    0 
21 1 0 0 3 2 3 3 1 1071    0 
21 1 0 1 0 3 1 1 1 1002    0 
21 1 1 0 1 1 2 2 1  632    0 
21 1 1 1 0 0 1 1 1  653    0 
21 1 0 0 0 3 4 4 1  889    1 
21 1 0 1 0 3 1 1 1  820    1 
21 1 0 0 1 0 1 1 1  841    0 
21 1 1 0 0 0 1 1 1  526    0 
21 1 1 0 3 3 4 4 1  599    0 
21 1 0 0 2 1 2 2 1  781    0 
21 1 0 0 3 2 3 3 1  588    1 
21 1 1 1 1 1 2 2 1 1027    0 
21 1 0 0 3 2 3 3 1 1160    0 
21 1 1 0 3 3 4 4 1  624    0 
21 1 1 1 2 2 3 3 1 1110    1 
21 1 0 0 3 2 3 3 1  808    0 
21 1 0 1 0 3 1 1 1  646    0 
21 1 1 0 1 1 2 2 1  690    0 
21 1 1 0 0 0 1 1 1  917  112 
21 1 0 0 0 3 4 4 1  934    0 
21 1 1 1 3 3 4 4 1  647    1 
21 1 1 0 3 3 4 4 1  428    1 
21 1 0 0 2 1 2 2 1  737    0 
21 1 0 0 2 1 2 2 1  482    0 
21 1 0 0 2 1 2 2 1  444    0 
21 1 0 0 3 2 3 3 1  833    0 
21 1 0 0 0 3 4 4 1  870    0 
21 1 0 0 1 0 1 1 1  929    0 
21 1 0 0 3 2 3 3 1  946    1 
21 1 1 0 1 1 2 2 1  379    1 
21 1 1 0 0 0 1 1 1  546    1 
21 1 0 0 1 0 1 1 1  483    0 
21 1 0 0 1 0 1 1 1  438    1 
21 1 1 0 3 3 4 4 1  754    1 
21 1 1 0 2 2 3 2 0 1394    0 
21 1 0 0 3 2 3 3 1  567    0 
21 1 0 1 1 0 2 2 1 1078    0 
21 1 1 1 3 3 4 4 1  850    0 
21 1 1 1 3 3 4 4 1  494    0 
21 1 0 1 0 3 1 1 1 1136    0 
21 1 1 1 3 3 4 4 1  737    1 
21 1 0 1 1 0 2 2 1 1138    0 
21 1 0 0 0 3 4 4 1  986    1 
21 1 0 0 1 0 1 1 1  833    1 
21 1 1 0 1 1 2 2 1  774    0 
21 1 0 0 2 1 2 2 1  885    1 
21 1 0 0 2 1 2 2 1  456    0 
21 1 0 0 3 2 3 3 1  660    0 
21 1 1 0 2 2 3 3 1  975    0 
21 1 1 0 3 3 4 4 1  391    1 
21 1 1 0 1 1 2 2 1  653    1 
21 1 0 0 2 1 2 2 1  913    1 
21 1 1 0 3 3 4 4 1  595    0 
21 1 0 0 3 2 3 3 1  826    0 
21 1 1 0 3 3 4 4 1  375    0 
21 1 0 0 0 3 4 4 1  695    1 
21 1 1 0 3 3 4 4 1  402    0 
21 1 0 0 1 0 1 1 1  935    0 
21 1 0 0 2 1 2 2 1  592    1 
21 1 0 0 0 3 4 4 1  847    0 
21 1 0 1 2 1 3 3 1  931    1 
21 1 1 1 2 2 3 3 1  589    0 
21 1 1 1 0 0 1 1 1  667    1 
21 1 1 0 3 3 4 4 1  687    1 
21 1 1 0 1 1 2 2 1  609    1 
21 1 0 1 1 0 2 2 1 1271    0 
21 1 0 1 1 0 2 2 1  723    0 
21 1 1 1 2 2 3 3 1  668    1 
21 1 1 0 2 2 3 3 1  935    1 
21 1 1 0 3 3 4 4 1  528    0 
21 1 0 0 0 3 4 4 1  561    0 
21 1 1 0 2 2 3 3 1  657    0 
21 1 0 0 1 0 1 1 1  749    0 
21 1 1 1 3 3 4 4 1 1181    0 
21 1 1 0 0 0 1 1 1  613    0 
21 1 1 0 2 2 3 2 0  635    1 
21 1 0 0 3 2 3 3 1  733    0 
21 1 0 1 3 2 4 4 1 1014    0 
21 1 1 0 2 2 3 3 1  964    0 
21 1 0 1 2 1 3 3 1 1532    0 
21 1 0 0 3 2 3 3 1  893    1 
21 1 1 1 1 1 2 2 1 1199    0 
21 1 0 0 3 2 3 3 1  669    0 
21 1 1 0 1 1 2 2 1  777    1 
21 1 0 0 2 1 2 2 1  712    1 
21 1 1 0 0 0 1 1 1  634    0 
21 1 0 0 1 0 1 1 1  759    1 
21 1 1 0 2 2 3 3 1 1167    1 
21 1 0 0 2 1 2 2 1  902    0 
21 1 1 1 1 1 2 2 1  944    1 
21 1 1 0 2 2 3 3 1  657    1 
21 1 1 1 1 1 2 2 1  893    0 
21 1 1 0 2 2 3 3 1  735    0 
21 1 1 1 0 0 1 1 1  712    0 
21 1 1 0 1 1 2 2 1  778    0 
21 1 1 0 3 3 4 4 1  625    0 
21 1 1 1 2 2 3 3 1  735    0 
21 1 1 0 1 1 2 2 1  775    0 
21 1 1 0 1 1 2 2 1  463    0 
21 1 1 0 0 0 1 1 1  651    0 
21 1 1 1 2 2 3 3 1  735    0 
21 1 0 0 0 3 4 4 1  767    0 
21 1 0 1 2 1 3 3 1  887    0 
21 1 0 0 0 3 4 4 1  785    1 
21 1 1 1 3 3 4 4 1  512    1 
21 1 0 0 0 3 4 4 1  810    1 
21 1 1 0 2 2 3 3 1  752    0 
21 1 0 0 0 3 4 4 1  696    1 
21 1 1 0 1 1 2 2 1  691    0 
21 1 1 0 1 1 2 2 1  525    1 
21 1 1 1 3 3 4 4 1  799    0 
21 1 1 0 1 1 2 2 1  773    0 
21 1 1 0 1 1 2 2 1  508    1 
21 1 1 0 2 2 3 3 1  702    0 
21 1 0 0 3 2 3 3 1  392    0 
21 1 0 0 0 3 4 4 1  719    1 
