19 1 1 1 3 3 4 0 0 5000    1 
19 1 0 0 2 0 1 1 1 1571    1 
19 1 0 1 3 1 4 4 1 3962    1 
19 1 1 1 1 1 2 2 1 2403    1 
19 1 1 0 0 0 1 1 1  609    1 
19 1 0 0 1 3 4 4 1 1815    1 
19 1 1 0 1 1 2 2 1  693    1 
19 1 1 1 2 2 3 3 1 1392    1 
19 1 1 0 2 2 3 3 1  551    1 
19 1 0 0 3 1 2 2 1 1143    1 
19 1 0 0 0 2 3 3 1  944    1 
19 1 0 1 0 2 1 1 1 1505    1 
19 1 1 0 3 3 4 4 1 1355    1 
19 1 1 0 2 2 3 3 1  531    1 
19 1 0 0 3 1 2 2 1  725    1 
19 1 0 1 0 2 1 1 1 1518    1 
19 1 0 0 3 1 2 2 1 1728    1 
19 1 1 0 1 1 2 2 1 1145    1 
19 1 0 0 3 1 2 4 0 1066    1 
19 1 1 0 0 0 1 1 1  476    1 
19 1 1 0 0 0 1 1 1  839    1 
19 1 1 1 3 3 4 4 1 1780    1 
19 1 1 1 3 3 4 4 1  883    1 
19 1 1 0 0 0 1 1 1  566    1 
19 1 0 0 1 3 4 4 1 1294    1 
19 1 0 0 3 1 2 2 1 1321    1 
19 1 1 0 0 0 1 1 1  474    1 
19 1 0 1 2 0 3 3 1 1510    1 
19 1 0 0 2 0 1 1 1 1344    1 
19 1 0 0 1 3 4 4 1 1217    1 
19 1 1 0 2 2 3 3 1  766    1 
19 1 0 0 3 1 2 2 1 1566    1 
19 1 0 1 3 1 4 4 1 1333    1 
19 1 1 0 0 0 1 1 1  630    1 
19 1 0 1 0 2 1 1 1 1108    1 
19 1 1 0 1 1 2 2 1 1318    1 
19 1 1 1 2 2 3 3 1 1591    1 
19 1 0 0 1 3 4 4 1 1990    1 
19 1 1 0 0 0 1 1 1 1013    1 
19 1 0 1 0 2 1 1 1 1083    1 
19 1 0 0 1 3 4 4 1 1766    1 
19 1 1 0 1 1 2 2 1 1030    1 
19 1 0 0 3 1 2 2 1 1203    1 
19 1 0 0 2 0 1 1 1 1097    1 
19 1 0 0 3 1 2 2 1 1300    1 
19 1 0 0 3 1 2 2 1  406    1 
19 1 1 0 2 2 3 3 1  868    1 
19 1 0 0 1 3 4 4 1 1568    1 
19 1 0 0 0 2 3 1 0 1152    1 
19 1 0 1 3 1 4 4 1 1142    1 
19 1 0 1 3 1 4 4 1 1255    1 
19 1 1 1 0 0 1 1 1 1523    1 
19 1 1 1 1 1 2 2 1 1748   35 
19 1 1 0 0 0 1 1 1  501    1 
19 1 0 1 3 1 4 4 1 1399    1 
19 1 0 0 0 2 3 3 1 1062    1 
19 1 0 0 1 3 4 4 1 1858    1 
19 1 0 0 0 2 3 3 1 1062    1 
19 1 1 1 1 1 2 2 1 1026    1 
19 1 0 0 1 3 4 4 1  848    1 
19 1 1 0 2 2 3 3 1  580    1 
19 1 1 0 1 1 2 2 1  676    1 
19 1 1 0 3 3 4 4 1 1127    0 
19 1 0 1 1 3 2 2 1 2745    1 
19 1 1 1 1 1 2 2 1  962    1 
19 1 1 0 2 2 3 3 1  722    1 
19 1 1 0 2 2 3 3 1  468    1 
19 1 0 0 2 0 1 1 1  743    1 
19 1 1 1 1 1 2 2 1 1080    1 
19 1 1 0 3 3 4 4 1  491    1 
19 1 1 0 2 2 3 3 1  566    1 
19 1 1 0 3 3 4 4 1 1702    1 
19 1 1 0 1 1 2 2 1 1320    1 
19 1 1 0 2 2 3 3 1  641    1 
19 1 1 0 2 2 3 3 1  502    1 
19 1 0 0 0 2 3 1 0 1048    1 
19 1 1 1 2 2 3 3 1  683    1 
19 1 1 0 2 2 3 3 1  573    1 
19 1 1 0 0 0 1 1 1  837    1 
19 1 1 0 2 2 3 3 1 1010    1 
19 1 0 0 2 0 1 1 1  784    0 
19 1 0 0 0 2 3 3 1 1095    1 
19 1 0 0 2 0 1 1 1  641    1 
19 1 0 0 0 2 3 3 1  678    1 
19 1 0 0 0 2 3 3 1  394    1 
19 1 1 0 1 1 2 2 1  553    1 
19 1 0 1 3 1 4 4 1 1017    1 
19 1 1 1 1 1 2 2 1 1302    1 
19 1 0 0 3 1 2 2 1  992    1 
19 1 0 1 0 2 1 1 1 2175    1 
19 1 0 0 0 2 3 3 1 1071    1 
19 1 0 0 2 0 1 1 1 1050    1 
19 1 0 0 1 3 4 4 1  975    1 
19 1 1 0 3 3 4 4 1  758    1 
19 1 1 1 0 0 1 1 1  750    1 
19 1 1 0 2 2 3 3 1  758    1 
19 1 1 0 1 1 2 2 1  678    1 
19 1 1 0 1 1 2 2 1  370    1 
19 1 0 0 2 0 1 1 1  801    1 
19 1 1 0 0 0 1 1 1  424    1 
19 1 1 0 0 0 1 1 1  381    1 
19 1 1 0 3 3 4 4 1  820    1 
19 1 0 0 1 3 4 2 0  658    1 
19 1 1 1 3 3 4 4 1 1164    1 
19 1 0 1 3 1 4 2 0  812    1 
19 1 0 0 2 0 1 1 1  592    1 
19 1 1 1 3 3 4 4 1 1863    1 
19 1 0 0 3 1 2 2 1  900    1 
19 1 0 0 2 0 1 3 0  486    1 
19 1 0 0 0 2 3 3 1  374    1 
19 1 1 0 2 2 3 3 1  398    1 
19 1 1 0 2 2 3 3 1  429    1 
19 1 1 0 3 3 4 4 1  946    1 
19 1 1 1 3 3 4 4 1  667    1 
19 1 0 0 1 3 4 2 0  750    1 
19 1 1 0 3 3 4 4 1  869    1 
19 1 1 0 2 2 3 3 1  520    1 
19 1 0 1 0 2 1 1 1  762    1 
19 1 0 0 3 1 2 2 1  778    1 
19 1 1 0 0 0 1 1 1  489    1 
19 1 1 0 3 3 4 4 1  828    0 
19 1 0 0 3 1 2 2 1  801    1 
19 1 0 0 2 0 1 1 1  680    1 
19 1 0 1 3 1 4 4 1 1547    1 
19 1 0 0 1 3 4 4 1 1052    1 
19 1 1 1 2 2 3 3 1  952    1 
19 1 1 0 2 2 3 3 1  464    1 
19 1 1 1 0 0 1 1 1  676    1 
19 1 0 0 0 2 3 3 1  896    1 
19 1 0 0 2 0 1 1 1  459    1 
19 1 0 0 2 0 1 1 1  327    1 
19 1 1 0 1 1 2 2 1 1680    1 
19 1 1 0 3 3 4 4 1  612    1 
19 1 0 0 3 1 2 2 1  858    1 
19 1 0 0 1 3 4 4 1  742    1 
19 1 1 1 1 1 2 2 1 1031    0 
19 1 0 0 1 3 4 4 1  869    1 
19 1 0 0 0 2 3 3 1  568    1 
19 1 0 0 0 2 3 3 1  359    1 
19 1 1 0 0 0 1 1 1  480    1 
19 1 1 0 0 0 1 1 1  403    1 
19 1 1 0 3 3 4 4 1  849    1 
19 1 1 0 3 3 4 4 1  333    0 
19 1 0 1 1 3 2 2 1  702    1 
19 1 0 0 3 1 2 2 1  656    0 
19 1 0 1 0 2 1 1 1 1300    1 
19 1 1 0 1 1 2 2 1  639    1 
19 1 0 1 1 3 2 2 1 1315    1 
19 1 1 0 3 3 4 4 1  429    0 
19 1 0 1 2 0 3 3 1 1074    1 
19 1 0 0 3 1 2 2 1  758    1 
19 1 0 0 1 3 4 4 1  366    1 
19 1 0 0 0 2 3 3 1  758    1 
19 1 0 1 0 2 1 1 1 1046    1 
19 1 0 0 0 2 3 1 0  619    1 
19 1 1 1 2 2 3 3 1  990    1 
19 1 0 0 1 3 4 4 1  989    1 
19 1 1 0 1 1 2 2 1  636    1 
19 1 0 0 1 3 4 4 1  720    1 
19 1 0 1 0 2 1 1 1 1314    1 
19 1 0 1 2 0 3 1 0 1652    1 
19 1 0 0 3 1 2 2 1  758    1 
19 1 1 0 2 2 3 4 0  607    1 
19 1 1 0 0 0 1 1 1  475    1 
19 1 1 0 2 2 3 3 1  542    1 
19 1 0 0 1 3 4 4 1  783    1 
19 1 0 0 2 0 1 1 1  910    1 
19 1 0 0 0 2 3 3 1  752    1 
19 1 1 1 1 1 2 2 1  808    1 
19 1 1 0 0 0 1 1 1  534    1 
19 1 1 0 0 0 1 1 1  343    1 
19 1 0 0 2 0 1 1 1  432    1 
19 1 0 0 1 3 4 4 1 1061    1 
19 1 1 0 1 1 2 2 1  569    1 
19 1 1 1 3 3 4 1 0  697    1 
19 1 0 0 0 2 3 3 1  722    1 
19 1 1 0 3 3 4 4 1 1139    1 
19 1 1 1 2 2 3 3 1  996    1 
19 1 1 0 2 2 3 3 1  691    1 
19 1 1 0 3 3 4 4 1  814    1 
19 1 1 0 3 3 4 4 1  668    1 
19 1 1 0 1 1 2 2 1 1143    1 
19 1 1 0 2 2 3 3 1  536    1 
19 1 0 0 1 3 4 4 1 1369    1 
19 1 0 0 2 0 1 1 1  881    1 
19 1 0 0 1 3 4 4 1 1044    1 
19 1 1 0 0 0 1 1 1  545    1 
19 1 1 0 2 2 3 3 1 1154    1 
19 1 0 0 0 2 3 3 1  378    1 
19 1 1 1 1 1 2 2 1  905    1 
19 1 0 0 2 0 1 1 1  692    1 
19 1 1 0 1 1 2 2 1  614    1 
19 1 1 0 2 2 3 3 1 2717    1 
19 1 1 0 0 0 1 1 1  511    1 
19 1 0 0 3 2 3 3 1  865    0 
19 1 1 0 3 3 4 4 1 1253    1 
19 1 0 0 0 3 4 4 1  329   38 
19 1 0 0 2 1 2 2 1  746    1 
19 1 0 1 3 2 4 4 1 1419    1 
19 1 0 1 0 3 1 1 1  817    1 
19 1 0 0 0 3 4 1 0  534    1 
19 1 1 0 3 3 4 4 1  389   95 
19 1 0 0 1 0 1 1 1  684    1 
19 1 1 0 0 0 1 1 1  343    1 
19 1 0 1 1 0 2 2 1 1047    1 
19 1 1 0 3 3 4 4 1  636    1 
19 1 0 1 2 1 3 3 1 1265    1 
19 1 1 0 3 3 4 4 1  645    1 
19 1 0 0 3 2 3 3 1  657   40 
19 1 0 0 1 0 1 1 1  678    1 
19 1 1 1 3 3 4 4 1  961   50 
19 1 0 0 1 0 1 1 1  953    1 
19 1 0 0 1 0 1 1 1  345    1 
19 1 1 0 2 2 3 3 1  570    1 
19 1 1 1 1 1 2 2 1 1658    1 
19 1 1 0 2 2 3 3 1  598    1 
19 1 0 1 3 2 4 4 1 1389    1 
19 1 0 0 0 3 4 2 0 1524    1 
19 1 1 0 0 0 1 1 1  443    1 
19 1 1 0 0 0 1 1 1  424    1 
19 1 0 0 1 0 1 1 1  589    0 
19 1 1 0 1 1 2 2 1  644    1 
19 1 0 0 3 2 3 3 1  777    1 
19 1 0 0 1 0 1 1 1  576    1 
19 1 1 1 2 2 3 3 1 1736    6 
19 1 1 0 1 1 2 2 1  513    9 
19 1 1 1 0 0 1 1 1  835    1 
19 1 1 0 0 0 1 1 1  368    1 
19 1 1 0 1 1 2 2 1  503    1 
19 1 0 0 2 1 2 2 1  889    1 
19 1 1 0 0 0 1 1 1  412    1 
19 1 1 0 1 1 2 2 1  506    1 
19 1 1 1 1 1 2 2 1  804    1 
19 1 1 0 3 3 4 4 1  683    1 
19 1 1 0 2 2 3 3 1  485    1 
19 1 0 0 2 1 2 2 1  736    1 
19 1 1 0 0 0 1 1 1  425    1 
19 1 0 1 0 3 1 1 1  950    1 
19 1 0 0 1 0 1 1 1  855    1 
19 1 0 0 3 2 3 3 1  635    1 
19 1 1 0 3 3 4 4 1  608    1 
19 1 1 1 3 3 4 4 1  574    1 
19 1 1 0 3 3 4 4 1  333    1 
19 1 1 0 3 3 4 4 1  326    1 
19 1 0 0 0 3 4 4 1  343    1 
19 1 1 0 3 3 4 4 1  472    1 
19 1 0 1 2 1 3 3 1  708    1 
19 1 0 1 3 2 4 4 1 1046    1 
19 1 1 1 3 3 4 4 1  587    1 
19 1 0 0 1 0 1 1 1  961    1 
19 1 0 0 1 0 1 1 1  330    1 
19 1 1 0 0 0 1 1 1  307    1 
19 1 1 0 3 3 4 4 1  821    1 
19 1 0 0 3 2 3 3 1  667    1 
19 1 0 0 0 3 4 4 1 1502    1 
19 1 0 0 1 0 1 1 1  992    1 
19 1 1 0 2 2 3 3 1  495    1 
19 1 1 0 1 1 2 2 1  570    0 
19 1 1 0 1 1 2 2 1  418    1 
19 1 1 0 0 0 1 1 1  487    1 
19 1 1 0 1 1 2 2 1  626    1 
19 1 0 0 1 0 1 1 1  911    1 
19 1 0 0 3 2 3 3 1  689    1 
19 1 1 0 3 3 4 4 1  436    1 
19 1 1 0 3 3 4 4 1  393    1 
19 1 0 0 0 3 4 4 1  936    1 
19 1 0 0 2 1 2 3 0  529    1 
19 1 0 0 2 1 2 2 1  832    0 
19 1 1 0 1 1 2 2 1  541    0 
19 1 0 1 2 1 3 3 1 1006    1 
19 1 0 0 2 1 2 3 0  524    1 
19 1 0 0 1 0 1 1 1  867    1 
19 1 0 0 2 1 2 2 1  591    1 
19 1 0 0 0 3 4 4 1  766    1 
19 1 0 0 0 3 4 4 1  357    1 
19 1 0 0 1 0 1 1 1  725    1 
19 1 0 0 3 2 3 3 1  535    1 
19 1 1 0 0 0 1 1 1  544    0 
19 1 0 1 3 2 4 4 1  904   87 
19 1 0 1 0 3 1 1 1  811    1 
19 1 0 0 2 1 2 2 1 1105    1 
19 1 1 0 1 1 2 2 1  483    1 
19 1 1 1 2 2 3 3 1  846    1 
19 1 1 0 3 3 4 4 1  818    1 
19 1 1 0 2 2 3 3 1  576    1 
19 1 1 0 2 2 3 3 1  327    1 
19 1 0 1 2 1 3 3 1  945    1 
19 1 0 0 1 0 1 1 1  810    1 
19 1 1 1 2 2 3 3 1  736    1 
19 1 0 0 2 1 2 2 1 1313    1 
19 1 1 1 3 3 4 4 1  595    1 
19 1 0 1 3 2 4 3 0 1018    1 
19 1 1 0 0 0 1 1 1  477    1 
19 1 0 0 1 0 1 1 1  809    1 
19 1 0 0 2 1 2 2 1  399    0 
19 1 1 0 1 1 2 2 1  357    1 
19 1 1 0 0 0 1 1 1  445    1 
19 1 1 1 2 2 3 3 1  706    1 
19 1 1 0 0 0 1 1 1  572    1 
19 1 1 0 0 0 1 1 1  355    1 
19 1 0 0 2 1 2 2 1 1028    1 
19 1 0 0 0 3 4 4 1  769    1 
19 1 0 1 0 3 1 1 1  977    1 
19 1 0 0 0 3 4 1 0  408    1 
19 1 1 0 2 2 3 3 1  532    1 
19 1 0 0 0 3 4 4 1  805    1 
19 1 1 0 2 2 3 3 1  491    1 
19 1 1 0 3 3 4 4 1  358    1 
19 1 0 0 1 0 1 1 1  806    0 
19 1 1 0 2 2 3 3 1  604    1 
19 1 0 0 2 1 2 4 0  906    1 
19 1 0 0 1 0 1 1 1  963    1 
19 1 0 0 0 3 4 4 1  723    1 
19 1 1 0 2 2 3 3 1  500    1 
19 1 0 1 1 0 2 2 1 1102    1 
19 1 1 0 0 0 1 1 1  560    1 
19 1 1 0 0 0 1 1 1  329    1 
19 1 0 0 1 0 1 1 1  778    1 
19 1 1 0 1 1 2 2 1  594    1 
19 1 0 1 3 2 4 4 1  712    1 
19 1 1 1 1 1 2 2 1  675    1 
19 1 1 0 2 2 3 3 1  510    1 
19 1 0 0 3 2 3 3 1  424    1 
19 1 0 0 3 2 3 3 1  310    1 
19 1 1 0 3 3 4 4 1  560    1 
19 1 1 0 2 2 3 3 1  648    1 
19 1 0 0 2 1 2 2 1 1421    1 
19 1 0 1 2 1 3 3 1  890    1 
19 1 1 1 0 0 1 1 1  621    1 
19 1 1 0 3 3 4 4 1  474    0 
19 1 0 1 2 1 3 3 1 1078    1 
19 1 1 0 0 0 1 1 1  505    1 
19 1 1 0 3 3 4 4 1  564    1 
19 1 1 0 1 1 2 2 1  564    1 
19 1 1 1 2 2 3 3 1  652    1 
19 1 0 0 1 0 1 1 1  792    1 
19 1 1 0 0 0 1 1 1  351    1 
19 1 0 0 3 2 3 3 1 1191    1 
19 1 1 0 3 3 4 4 1  494    1 
19 1 1 0 0 0 1 1 1  489    1 
19 1 1 1 0 0 1 1 1  523    1 
19 1 1 0 3 3 4 4 1  453    1 
19 1 0 1 3 2 4 3 0  817    1 
19 1 0 0 1 0 1 1 1  708    1 
19 1 1 0 3 3 4 4 1  559    1 
19 1 0 0 2 1 2 2 1 1567    1 
19 1 0 0 3 2 3 1 0  894    1 
19 1 1 0 1 1 2 2 1  615    1 
19 1 0 1 3 2 4 4 1 1301    1 
19 1 1 0 0 0 1 1 1  511    1 
19 1 1 0 2 2 3 3 1  626    1 
19 1 1 1 1 1 2 2 1  647    1 
19 1 0 1 0 3 1 1 1  852    1 
19 1 0 0 3 2 3 3 1 1352    1 
19 1 0 0 3 2 3 3 1  448   50 
19 1 0 0 0 3 4 4 1  341    1 
19 1 0 0 1 0 1 1 1  574    1 
19 1 0 0 1 0 1 1 1  397    1 
19 1 0 0 0 3 4 4 1 1036    1 
19 1 0 1 2 1 3 3 1  977    1 
19 1 0 0 2 1 2 2 1  368    1 
19 1 0 0 1 0 1 1 1  440    1 
19 1 1 0 0 0 1 1 1  341    1 
19 1 1 1 1 1 2 2 1  869    1 
19 1 0 0 2 1 2 2 1  377    1 
19 1 1 0 3 3 4 4 1  616    1 
19 1 1 1 2 2 3 3 1  590    1 
19 1 1 0 0 0 1 1 1  517    1 
19 1 1 1 2 2 3 3 1  574    1 
19 1 1 0 1 1 2 2 1  694    1 
19 1 0 1 1 0 2 2 1  672    1 
19 1 0 0 3 2 3 3 1  892    1 
19 1 0 0 2 1 2 2 1  703    1 
19 1 0 0 2 1 2 2 1  385    1 
19 1 0 1 2 1 3 2 0  408    1 
19 1 1 0 1 1 2 2 1  380    1 
19 1 0 1 2 1 3 2 0  411    1 
19 1 1 1 0 0 1 1 1  551    1 
19 1 1 1 3 3 4 4 1  607    1 
19 1 0 0 1 0 1 1 1 1062    0 
19 1 1 1 0 0 1 1 1  370    1 
19 1 1 0 0 0 1 1 1  393    1 
19 1 0 0 0 3 4 4 1  752    1 
19 1 1 1 1 1 2 2 1  880    1 
