13 1 0 0 0 1 2 2 1 3566    0 
13 1 0 0 1 2 3 3 1 1134    0 
13 1 1 0 3 3 4 4 1  830    0 
13 1 0 0 2 3 4 3 0 1116    0 
13 1 1 0 0 0 1 1 1  956    0 
13 1 1 1 0 0 1 1 1 1324    0 
13 1 1 1 2 2 3 3 1 2133    0 
13 1 0 1 2 3 3 4 0 1894    0 
13 1 1 1 2 2 3 0 0 5000    0 
13 1 1 0 2 2 3 3 1 1402    0 
13 1 0 0 1 2 3 3 1 2040    0 
13 1 1 0 0 0 1 1 1  717    0 
13 1 1 0 1 1 2 2 1 1054    0 
13 1 1 0 0 0 1 1 1  746    0 
13 1 0 0 2 3 4 4 1 1123    0 
13 1 0 0 3 0 1 1 1 1532    0 
13 1 1 0 0 0 1 1 1  597    0 
13 1 1 1 2 2 3 3 1 1076    0 
13 1 1 0 1 1 2 2 1 2095    0 
13 1 0 0 2 3 4 4 1 2930    0 
13 1 0 0 3 0 1 1 1 2995    0 
13 1 0 0 2 3 4 4 1 1074    0 
13 1 1 0 1 1 2 2 1 2949    0 
13 1 0 0 0 1 2 2 1  934    0 
13 1 0 1 0 1 1 1 1 1711    0 
13 1 0 0 2 3 4 4 1 1369    0 
13 1 1 1 0 0 1 1 1 1992    0 
13 1 0 0 0 1 2 2 1  951    0 
13 1 0 0 0 1 2 2 1  639    0 
13 1 1 1 3 3 4 4 1 2291    0 
13 1 1 0 3 3 4 4 1  998    0 
13 1 0 1 2 3 3 3 1 2028    0 
13 1 0 0 3 0 1 1 1 2986    0 
13 1 0 0 1 2 3 3 1 1936    0 
13 1 0 0 1 2 3 3 1  769    0 
13 1 1 0 2 2 3 3 1 1936    0 
13 1 0 0 2 3 4 4 1 1745    0 
13 1 1 0 0 0 1 1 1 2282    0 
13 1 1 0 1 1 2 2 1 1701    0 
13 1 1 1 1 1 2 2 1 1343    0 
13 1 0 0 1 2 3 3 1 2416    0 
13 1 0 0 2 3 4 4 1 1166    0 
13 1 0 0 2 3 4 4 1  558    0 
13 1 0 0 3 0 1 1 1 4142    0 
13 1 1 0 2 2 3 3 1 2830    0 
13 1 0 0 1 2 3 3 1  835    0 
13 1 0 0 3 0 1 1 1 2448    0 
13 1 0 1 1 2 2 2 1 1413    0 
13 1 0 0 3 0 1 1 1 1203    0 
13 1 0 0 1 2 3 2 0  937    0 
13 1 1 0 1 1 2 2 1  823    0 
13 1 0 1 0 1 1 2 0 2149    0 
13 1 0 0 2 3 4 4 1 3427    0 
13 1 0 1 2 3 3 3 1 1697    0 
13 1 0 0 0 1 2 2 1 2971    0 
13 1 1 0 2 2 3 3 1 1379    0 
13 1 0 0 2 3 4 4 1 1546    0 
13 1 1 0 0 0 1 1 1 1211    0 
13 1 0 0 3 0 1 1 1 2625    0 
13 1 0 0 1 2 3 3 1 1286   18 
13 1 1 0 0 0 1 1 1 1025    0 
13 1 1 1 0 0 1 1 1 1078    0 
13 1 0 0 3 0 1 1 1 3689    0 
13 1 0 0 0 1 2 2 1 1676    0 
13 1 1 1 1 1 2 2 1 1367    0 
13 1 1 1 1 1 2 2 1  774    0 
13 1 1 0 0 0 1 1 1 1198    0 
13 1 0 1 3 0 4 4 1 2692    0 
13 1 1 0 1 1 2 2 1 1191    0 
13 1 1 0 2 2 3 3 1 1134    0 
13 1 0 0 2 3 4 4 1 2374    0 
13 1 1 0 2 2 3 3 1 2518    0 
13 1 1 0 2 2 3 3 1  695    0 
13 1 0 0 1 2 3 3 1 2802    0 
13 1 0 0 3 0 1 1 1 1312    0 
13 1 1 0 1 1 2 2 1 1578    0 
13 1 0 0 2 3 4 4 1 1977    0 
13 1 0 0 1 2 3 3 1 1248    0 
13 1 1 1 2 2 3 3 1 1693    0 
13 1 0 0 3 0 1 1 1 2791    0 
13 1 0 0 2 3 4 4 1 1982    0 
13 1 0 0 2 3 4 4 1  581    0 
13 1 1 1 2 2 3 3 1 1573    0 
13 1 1 1 1 1 2 2 1 1324    0 
13 1 1 0 3 3 4 4 1 1429    0 
13 1 0 0 0 1 2 2 1 2035    0 
13 1 1 1 3 3 4 4 1 4815    0 
13 1 0 0 3 0 1 1 1 1645    0 
13 1 1 0 3 3 4 4 1 2234    0 
13 1 0 0 3 0 1 1 1 1359    0 
13 1 1 0 0 0 1 1 1  799    0 
13 1 0 0 2 3 4 4 1 1189    0 
13 1 0 0 2 3 4 4 1  756    0 
13 1 0 0 0 1 2 2 1 1884    0 
13 1 1 0 1 1 2 2 1 1062    0 
13 1 1 0 2 2 3 3 1 2370    0 
13 1 1 0 0 0 1 1 1  930    0 
13 1 1 0 1 1 2 2 1  715    0 
13 1 0 0 3 0 1 1 1 1909    0 
13 1 0 1 1 2 2 2 1 1399    0 
13 1 1 0 0 0 1 1 1 1134    0 
13 1 1 0 0 0 1 1 1  486    0 
13 1 1 0 3 3 4 4 1 1281    0 
13 1 0 0 0 1 2 2 1 2972    0 
13 1 1 1 1 1 2 2 1 1068    0 
13 1 1 1 1 1 2 2 1  775    0 
13 1 1 0 0 0 1 1 1 1022    0 
13 1 0 0 2 3 4 4 1 2180    0 
13 1 1 0 1 1 2 2 1 2235    0 
13 1 1 1 0 0 1 1 1 1128    0 
13 1 0 0 1 2 3 3 1 1337    0 
13 1 0 0 0 1 2 2 1 3610    0 
13 1 1 0 3 3 4 4 1  776   17 
13 1 1 0 0 0 1 1 1 3815    0 
13 1 0 1 3 0 4 4 1 1757    0 
13 1 0 0 3 0 1 4 0 4349    0 
13 1 1 1 0 0 1 1 1 1387    0 
13 1 0 0 1 2 3 3 1 3082    0 
13 1 0 0 1 2 3 3 1  893    0 
13 1 1 0 3 3 4 4 1  968    0 
13 1 1 1 3 3 4 4 1 1759    0 
13 1 1 1 3 3 4 4 1 1071    0 
13 1 1 1 0 0 1 1 1 1723    0 
13 1 0 0 2 3 4 4 1 1484    0 
13 1 1 1 2 2 3 3 1 2111    0 
13 1 0 0 3 0 1 1 1 1529    0 
13 1 1 0 1 1 2 2 1  850    0 
13 1 1 0 2 2 3 3 1  718    0 
13 1 0 0 3 0 1 1 1 2151    0 
13 1 1 1 3 3 4 4 1 1447    0 
13 1 0 1 0 1 1 2 0 1732    0 
13 1 1 0 0 0 1 1 1 4075    0 
13 1 1 0 3 3 4 4 1 2550    0 
13 1 0 1 1 2 2 3 0 2214    0 
13 1 1 0 1 1 2 2 1 1738    0 
13 1 1 0 3 3 4 4 1 1867    0 
13 1 1 0 3 3 4 4 1  566    0 
13 1 0 0 2 3 4 4 1 3910    0 
13 1 1 0 0 0 1 1 1 1360    0 
13 1 0 0 1 2 3 3 1 1432    0 
13 1 1 1 3 3 4 4 1 1661    0 
13 1 0 1 2 3 3 3 1 1441    0 
13 1 1 0 2 2 3 3 1 2838    0 
13 1 0 0 2 3 4 4 1  994    0 
13 1 1 0 2 2 3 3 1 1545    0 
13 1 0 0 0 1 2 2 1 2569    0 
13 1 1 0 3 3 4 4 1  649    0 
13 1 1 1 1 1 2 2 1 1477    0 
13 1 0 1 2 3 3 3 1 2337   32 
13 1 1 0 3 3 4 4 1 1385    0 
13 1 1 0 0 0 1 1 1 1192    0 
13 1 1 0 1 1 2 2 1 1383    0 
13 1 1 1 3 3 4 4 1 1269    0 
13 1 0 0 0 1 2 2 1 4537    0 
13 1 1 1 3 3 4 4 1 1377    0 
13 1 1 0 1 1 2 4 0  633    0 
13 1 0 0 3 0 1 1 1 1564   18 
13 1 0 0 0 1 2 2 1 2460    0 
13 1 0 0 3 0 1 1 1 2160    0 
13 1 0 0 0 1 2 2 1 1392    0 
13 1 0 0 1 2 3 3 1 2318    0 
13 1 1 0 0 0 1 1 1 1672    0 
13 1 0 0 2 3 4 4 1 1203    0 
13 1 0 0 3 0 1 1 1 2041    0 
13 1 1 0 0 0 1 1 1  590    0 
13 1 1 0 1 1 2 2 1 1452    0 
13 1 1 1 0 0 1 1 1 1992    0 
13 1 1 0 2 2 3 3 1 2151    0 
13 1 0 1 1 2 2 3 0 1247    0 
13 1 1 0 0 0 1 1 1  810    0 
13 1 0 0 1 2 3 0 0 5000    0 
13 1 1 0 3 3 4 4 1 2804    0 
13 1 0 0 1 2 3 3 1 1721    0 
13 1 1 0 3 3 4 4 1  859    0 
13 1 1 0 2 2 3 3 1 2247    0 
13 1 0 0 0 1 2 2 1 2075    0 
13 1 0 0 2 3 4 4 1  999    0 
13 1 1 0 3 3 4 4 1  733    0 
13 1 0 0 2 3 4 4 1 1310    0 
13 1 0 0 1 2 3 3 1 1192    0 
13 1 0 0 2 3 4 4 1 1039   18 
13 1 1 1 3 3 4 4 1 1539    0 
13 1 0 0 1 2 3 3 1 2044    0 
13 1 1 0 0 0 1 1 1 2201    0 
13 1 0 1 1 2 2 2 1 1871    0 
13 1 0 1 0 1 1 1 1 1522    0 
13 1 1 0 3 3 4 4 1  883    0 
13 1 1 0 3 3 4 4 1  510    0 
13 1 1 0 3 3 4 4 1  656    0 
13 1 0 1 1 2 2 2 1 3116    0 
13 1 0 1 1 2 2 2 1 1310    0 
13 1 0 1 0 1 1 1 1 1888    0 
13 1 1 0 1 1 2 2 1 1856    0 
13 1 0 0 1 0 1 1 1 1340    0 
13 1 0 0 2 1 2 2 1 2420    0 
13 1 0 0 0 3 4 4 1 1290    0 
13 1 0 0 1 0 1 1 1 1468    0 
13 1 1 0 3 3 4 4 1 2032    0 
13 1 0 0 1 0 1 1 1 1109    0 
13 1 1 0 0 0 1 1 1  567    0 
13 1 0 0 1 0 1 1 1  790    0 
13 1 0 1 1 0 2 2 1 1509    0 
13 1 0 1 1 0 2 2 1  847    0 
13 1 1 0 3 3 4 4 1  660    0 
13 1 0 0 0 3 4 4 1  848    0 
13 1 0 0 2 1 2 2 1  988    0 
13 1 1 1 3 3 4 4 1 1339    0 
13 1 1 0 2 2 3 3 1  676    0 
13 1 1 0 2 2 3 3 1  559    0 
13 1 1 0 1 1 2 2 1 2703    0 
13 1 1 0 3 3 4 4 1  553    0 
13 1 1 0 3 3 4 4 1  433    0 
13 1 1 0 0 0 1 1 1  565    0 
13 1 1 0 0 0 1 1 1  661    0 
13 1 0 1 2 1 3 3 1 1569    0 
13 1 0 1 3 2 4 4 1  937    0 
13 1 1 0 1 1 2 2 1  937    0 
13 1 1 0 2 2 3 3 1  722    0 
13 1 1 0 3 3 4 4 1 2747    0 
13 1 0 0 0 3 4 4 1  780    0 
13 1 0 1 1 0 2 2 1 1659    0 
13 1 1 0 0 0 1 1 1  991    0 
13 1 0 0 3 2 3 3 1 1918    0 
13 1 0 0 3 2 3 3 1  727    0 
13 1 0 1 3 2 4 4 1 1529    0 
13 1 1 0 1 1 2 2 1  842    0 
13 1 1 0 3 3 4 4 1  567    0 
13 1 1 0 3 3 4 4 1  390    0 
13 1 0 0 2 1 2 2 1 1229    0 
13 1 0 0 1 0 1 1 1 1562    0 
13 1 1 0 2 2 3 3 1 1066    0 
13 1 1 1 2 2 3 3 1 1134    0 
13 1 1 0 2 2 3 3 1 1319    0 
13 1 1 1 0 0 1 1 1 1392    0 
13 1 0 0 2 1 2 2 1 1383    0 
13 1 1 0 3 3 4 4 1  566    0 
13 1 1 1 0 0 1 1 1 1046    0 
13 1 0 1 2 1 3 3 1 1042    0 
13 1 1 1 1 1 2 2 1 1255    0 
13 1 0 0 1 0 1 1 1 1051    0 
13 1 0 0 3 2 3 3 1 1431    0 
13 1 1 0 0 0 1 1 1 1260    0 
13 1 0 1 1 0 2 2 1 1600    0 
13 1 1 0 0 0 1 1 1  718    0 
13 1 1 0 2 2 3 3 1  984    0 
13 1 0 0 0 3 4 4 1 1094    0 
13 1 1 0 3 3 4 4 1  393    0 
13 1 0 0 1 0 1 1 1 1232    0 
13 1 0 0 1 0 1 1 1  477    0 
13 1 0 0 1 0 1 1 1  448    0 
13 1 0 0 3 2 3 3 1 2333    0 
13 1 1 0 0 0 1 1 1  758    0 
13 1 1 1 2 2 3 3 1 2558    0 
13 1 1 0 2 2 3 3 1  798    0 
13 1 0 0 1 0 1 1 1 1460    0 
13 1 0 0 3 2 3 3 1 1304    0 
13 1 1 0 2 2 3 3 1  714    0 
13 1 1 1 1 1 2 2 1 1396    0 
13 1 0 0 1 0 1 1 1  843    0 
13 1 1 0 0 0 1 1 1  671    0 
13 1 1 0 2 2 3 3 1  779    0 
13 1 1 0 2 2 3 3 1  522    0 
13 1 1 1 1 1 2 2 1 2355    0 
13 1 0 0 1 0 1 1 1 1203    0 
13 1 1 0 1 1 2 2 1 1409    0 
13 1 1 0 2 2 3 3 1 1047    0 
13 1 0 1 1 0 2 1 0 2492    0 
13 1 1 0 3 3 4 4 1 1573    0 
13 1 0 1 1 0 2 2 1 2364    0 
13 1 1 0 2 2 3 3 1  668    0 
13 1 1 0 2 2 3 3 1  639    0 
13 1 0 0 0 3 4 4 1 1100    0 
13 1 1 1 2 2 3 3 1 2606    0 
13 1 1 1 0 0 1 1 1 1220    0 
13 1 1 0 1 1 2 2 1  817    0 
13 1 1 0 1 1 2 2 1  654    0 
13 1 0 0 3 2 3 3 1 1874    0 
13 1 0 0 1 0 1 1 1 3614    0 
13 1 0 0 0 3 4 4 1 1020    0 
13 1 1 0 1 1 2 2 1  649    0 
13 1 0 0 3 2 3 3 1 1078    0 
13 1 1 1 1 1 2 2 1 2473    0 
13 1 0 0 1 0 1 1 1  996    0 
13 1 0 1 2 1 3 3 1 1155    0 
13 1 1 0 1 1 2 2 1  627    0 
13 1 0 0 0 3 4 4 1 1032    0 
13 1 0 1 2 1 3 3 1 1030    0 
13 1 0 0 1 0 1 1 1 1923    0 
13 1 1 0 3 3 4 4 1  556    0 
13 1 1 0 0 0 1 1 1  556    0 
13 1 0 0 2 1 2 2 1 1876    0 
13 1 1 1 3 3 4 4 1 1176    0 
13 1 0 0 0 3 4 4 1 1191    0 
13 1 0 1 0 3 1 1 1 1373    0 
13 1 0 0 3 2 3 3 1 1021    0 
13 1 1 0 3 3 4 4 1  770    0 
13 1 0 0 0 3 4 4 1 3145    0 
13 1 0 1 3 2 4 4 1 1706    0 
13 1 1 0 3 3 4 4 1  612    0 
13 1 0 0 3 2 3 3 1 1066    0 
13 1 0 0 3 2 3 3 1  574    0 
13 1 1 1 0 0 1 1 1 2029    0 
13 1 0 0 3 2 3 3 1 1347    0 
13 1 0 0 2 1 2 2 1 2403    0 
13 1 0 0 2 1 2 2 1  913    0 
13 1 1 0 0 0 1 1 1  747    0 
13 1 1 1 2 2 3 3 1 1084    0 
13 1 1 1 2 2 3 3 1  751    0 
13 1 1 0 1 1 2 2 1  959    0 
13 1 0 0 0 3 4 4 1 1207    0 
13 1 1 0 3 3 4 4 1  629    0 
13 1 1 0 1 1 2 2 1  866    0 
13 1 0 1 2 1 3 3 1 1222    0 
13 1 1 0 3 3 4 4 1  539    0 
13 1 0 0 1 0 1 1 1 1100    0 
13 1 0 0 2 1 2 2 1 1726    0 
13 1 0 0 2 1 2 2 1  855    0 
13 1 0 1 3 2 4 4 1 1371    0 
13 1 1 1 0 0 1 1 1 3530    0 
13 1 0 0 0 3 4 4 1 1676    0 
13 1 0 1 2 1 3 3 1 1903    0 
13 1 1 0 3 3 4 4 1  873    0 
13 1 1 0 2 2 3 3 1  668    0 
13 1 0 0 1 0 1 1 1 1112    0 
13 1 1 0 0 0 1 1 1  634    0 
13 1 0 0 2 1 2 2 1 1590    0 
13 1 0 0 0 3 4 4 1  893    0 
13 1 1 0 0 0 1 1 1  672    0 
13 1 1 1 2 2 3 3 1 1147    0 
13 1 0 0 3 2 3 3 1 2652    0 
13 1 0 0 1 0 1 1 1 1280    0 
13 1 0 0 3 2 3 3 1 1355    0 
13 1 0 0 0 3 4 4 1  979    0 
13 1 1 0 2 2 3 3 1  514    0 
13 1 0 0 1 0 1 1 1  996    0 
13 1 0 1 2 1 3 3 1 1851    0 
13 1 1 0 3 3 4 4 1  607    0 
13 1 1 1 2 2 3 3 1  693    0 
13 1 1 0 2 2 3 3 1  639    0 
13 1 0 1 3 2 4 4 1  796    0 
13 1 1 1 2 2 3 3 1 1187    0 
13 1 1 0 3 3 4 4 1  873    0 
13 1 0 0 1 0 1 1 1 1181    0 
13 1 1 0 0 0 1 1 1  740    0 
13 1 1 1 3 3 4 4 1 1157    0 
13 1 0 1 3 2 4 4 1 1717    0 
13 1 1 0 3 3 4 4 1  430    0 
13 1 1 1 1 1 2 2 1 1227    0 
13 1 1 0 1 1 2 2 1  489    0 
13 1 0 0 3 2 3 3 1  915    0 
13 1 1 0 1 1 2 2 1  773    0 
13 1 0 0 0 3 4 4 1 1005    0 
13 1 1 1 3 3 4 4 1  859    0 
13 1 0 0 1 0 1 1 1 1991    0 
13 1 0 0 3 2 3 3 1 2061    0 
13 1 0 0 0 3 4 4 1 1793    0 
13 1 0 0 0 3 4 4 1  408    0 
13 1 1 1 2 2 3 3 1 1646    0 
13 1 1 0 0 0 1 1 1  634    0 
13 1 1 0 0 0 1 1 1  487    0 
13 1 0 0 2 1 2 2 1 1346    0 
13 1 1 0 2 2 3 3 1 3634    0 
13 1 0 0 0 3 4 4 1 1383    0 
13 1 0 1 2 1 3 3 1 1782    0 
13 1 0 1 1 0 2 2 1 1965    0 
13 1 1 0 0 0 1 1 1  637    0 
13 1 0 0 3 2 3 4 0  578    0 
13 1 1 1 0 0 1 1 1 1175    0 
13 1 0 0 3 2 3 3 1 2030    0 
13 1 1 0 3 3 4 4 1  700    0 
13 1 1 0 0 0 1 1 1  558    0 
13 1 0 0 1 0 1 1 1  814    0 
13 1 0 0 0 3 4 4 1 1371    0 
13 1 1 0 0 0 1 1 1  659    0 
13 1 1 0 2 2 3 3 1  559    0 
13 1 0 0 2 1 2 2 1  903    0 
13 1 0 0 0 3 4 4 1 1265    0 
13 1 0 0 0 3 4 4 1  437    0 
13 1 1 1 0 0 1 1 1 1457    0 
13 1 0 0 2 1 2 3 0  829    0 
13 1 1 0 1 1 2 2 1 1273    0 
13 1 0 0 0 3 4 4 1 2308    0 
13 1 0 0 0 3 4 4 1  438    0 
13 1 1 1 3 3 4 4 1  931    0 
