15 1 1 0 3 3 4 4 1 3041    1 
15 1 1 0 2 2 3 3 1 1742    1 
15 1 1 1 2 2 3 3 1 1631    1 
15 1 1 0 2 2 3 3 1  653    1 
15 1 1 0 0 0 1 1 1 1377    1 
15 1 0 0 1 2 3 3 1 1696    1 
15 1 0 0 1 2 3 3 1  603    1 
15 1 0 1 0 1 1 2 0 2089    1 
15 1 0 0 1 2 3 3 1 2890    1 
15 1 1 1 1 1 2 2 1 1461    1 
15 1 0 0 2 3 4 4 1 2745    1 
15 1 1 1 2 2 3 3 1 1258    1 
15 1 0 0 3 0 1 1 1 4031    1 
15 1 0 0 3 0 1 1 1  532    1 
15 1 0 0 1 2 3 3 1  805    1 
15 1 1 0 0 0 1 1 1  875    1 
15 1 0 0 3 0 1 1 1  879    1 
15 1 0 0 2 3 4 4 1 1730    1 
15 1 1 0 2 2 3 3 1  516    1 
15 1 1 0 3 3 4 4 1 1133    1 
15 1 0 0 1 2 3 3 1 1734    1 
15 1 0 0 1 2 3 3 1  679    1 
15 1 1 0 2 2 3 3 1  451    1 
15 1 0 0 0 1 2 2 1 1807    1 
15 1 1 0 2 2 3 3 1 1189    1 
15 1 0 0 2 3 4 4 1 1196    1 
15 1 1 0 2 2 3 3 1  659    1 
15 1 1 1 0 0 1 1 1 1599    1 
15 1 0 1 2 3 3 3 1 1493    1 
15 1 0 1 3 0 4 4 1 2120    1 
15 1 0 0 3 0 1 4 0  625    1 
15 1 0 0 1 2 3 3 1 2405    1 
15 1 0 0 3 0 1 1 1 2547    1 
15 1 0 0 2 3 4 4 1 1540    1 
15 1 0 1 3 0 4 4 1 1413    1 
15 1 0 0 0 1 2 2 1 1715    1 
15 1 1 0 3 3 4 4 1 1333    1 
15 1 1 0 3 3 4 4 1  438    1 
15 1 0 0 1 2 3 3 1 1146    1 
15 1 0 0 2 3 4 4 1 1267    1 
15 1 1 0 1 1 2 2 1 1287    1 
15 1 0 0 1 2 3 3 1  842    1 
15 1 0 0 3 0 1 1 1 1039    1 
15 1 1 0 3 3 4 4 1  787    1 
15 1 0 0 3 0 1 1 1 1274    1 
15 1 1 0 0 0 1 1 1  782    1 
15 1 1 0 1 1 2 2 1 1541    1 
15 1 1 0 1 1 2 2 1  406    1 
15 1 0 0 0 1 2 2 1  404    1 
15 1 1 1 2 2 3 3 1  930    1 
15 1 0 0 0 1 2 2 1 2804    1 
15 1 0 0 0 1 2 2 1  434    1 
15 1 1 0 2 2 3 3 1  631    1 
15 1 1 0 2 2 3 3 1  581    1 
15 1 0 0 0 1 2 2 1 1404    1 
15 1 0 1 3 0 4 4 1 1058    1 
15 1 0 0 0 1 2 3 0  910    1 
15 1 1 1 3 3 4 4 1 1134    1 
15 1 1 0 3 3 4 4 1 1775    1 
15 1 1 0 1 1 2 2 1  983    1 
15 1 0 0 2 3 4 4 1 1246    1 
15 1 0 0 0 1 2 2 1 1739    1 
15 1 1 0 3 3 4 4 1  988    1 
15 1 1 1 2 2 3 3 1  882    1 
15 1 0 0 1 2 3 3 1 1157    1 
15 1 0 1 2 3 3 3 1  909    1 
15 1 0 0 3 0 1 1 1 1232    1 
15 1 0 1 1 2 2 2 1  893    0 
15 1 0 0 2 3 4 4 1  960    1 
15 1 0 0 0 1 2 2 1 1008    1 
15 1 1 0 3 3 4 4 1 1278    1 
15 1 0 1 1 2 2 2 1 1042    0 
15 1 0 0 2 3 4 4 1 1815    1 
15 1 0 1 0 1 1 1 1 1021    1 
15 1 0 0 3 0 1 1 1 3426    0 
15 1 0 1 0 1 1 1 1 2016    1 
15 1 1 1 2 2 3 3 1 1206    1 
15 1 0 0 2 3 4 4 1 1372    1 
15 1 1 0 1 1 2 2 1  875    1 
15 1 0 0 0 1 2 1 0  743    1 
15 1 1 0 2 2 3 3 1 1438    1 
15 1 0 1 0 1 1 1 1 1027    1 
15 1 1 0 0 0 1 1 1  984    1 
15 1 0 1 0 1 1 1 1  623    1 
15 1 1 0 2 2 3 3 1  684    1 
15 1 1 1 1 1 2 2 1  983    1 
15 1 1 0 1 1 2 2 1  494    1 
15 1 0 1 0 1 1 1 1  633    1 
15 1 0 1 2 3 3 3 1 2022    1 
15 1 1 0 3 3 4 4 1 1211    1 
15 1 0 0 1 2 3 3 1 1569    1 
15 1 0 0 0 1 2 2 1 1865    1 
15 1 1 1 0 0 1 1 1  901    1 
15 1 1 1 1 1 2 2 1 1063    1 
15 1 1 0 0 0 1 1 1  620    1 
15 1 1 0 1 1 2 2 1  777    1 
15 1 1 1 1 1 2 2 1 1016    1 
15 1 1 0 3 3 4 4 1  878    1 
15 1 1 1 2 2 3 3 1  937    1 
15 1 1 1 2 2 3 3 1  530    1 
15 1 0 0 3 0 1 0 0 5000    1 
15 1 1 0 3 3 4 4 1 1168    1 
15 1 1 0 3 3 4 4 1  608    1 
15 1 1 0 3 3 4 4 1  382    1 
15 1 0 0 1 2 3 3 1 1181    1 
15 1 1 0 0 0 1 1 1  796    1 
15 1 1 0 3 3 4 4 1  883    1 
15 1 0 0 0 1 2 2 1 1070    1 
15 1 1 1 2 2 3 3 1 1073    1 
15 1 0 1 0 1 1 1 1 2237    1 
15 1 1 0 1 1 2 2 1  930    1 
15 1 0 1 1 2 2 2 1 1083    0 
15 1 1 0 2 2 3 3 1  630    1 
15 1 0 0 2 3 4 4 1 1260    1 
15 1 0 0 2 3 4 4 1  472    1 
15 1 0 1 1 2 2 2 1 1339    0 
15 1 0 0 3 0 1 1 1 1372    1 
15 1 1 1 2 2 3 3 1  916    1 
15 1 1 0 1 1 2 2 1  701    1 
15 1 1 0 2 2 3 3 1  991    1 
15 1 0 0 3 0 1 1 1 1566    1 
15 1 0 1 2 3 3 3 1 1238    1 
15 1 1 0 1 1 2 2 1  579    1 
15 1 1 0 1 1 2 2 1  962    0 
15 1 0 0 0 1 2 1 0  762    1 
15 1 0 0 2 3 4 3 0  728    1 
15 1 0 0 3 0 1 1 1  632    1 
15 1 1 0 0 0 1 1 1  485    1 
15 1 1 1 0 0 1 1 1  392    1 
15 1 1 1 1 1 2 2 1  590    1 
15 1 1 0 0 0 1 1 1  621    1 
15 1 0 0 3 0 1 4 0  619    0 
15 1 0 0 0 1 2 2 1  894    1 
15 1 0 1 0 1 1 2 0  857    1 
15 1 1 0 0 0 1 1 1  979    1 
15 1 0 0 3 0 1 1 1  371    1 
15 1 0 0 2 3 4 4 1  834    1 
15 1 0 0 1 2 3 3 1  775    1 
15 1 1 1 1 1 2 2 1  766    1 
15 1 1 1 2 2 3 3 1 1046    1 
15 1 0 0 2 3 4 4 1  691    1 
15 1 0 0 3 0 1 1 1  566    1 
15 1 1 0 1 1 2 2 1 1101    1 
15 1 0 1 3 0 4 4 1 1111    1 
15 1 0 1 3 0 4 4 1  593    1 
15 1 1 0 3 3 4 4 1  712    1 
15 1 1 0 0 0 1 1 1  626    1 
15 1 1 0 1 1 2 2 1  664    1 
15 1 1 0 1 1 2 2 1  540    1 
15 1 0 0 2 3 4 4 1  861    1 
15 1 0 0 0 1 2 2 1  913    1 
15 1 1 0 1 1 2 2 1  587    1 
15 1 0 0 1 2 3 3 1 1602    0 
15 1 1 0 1 1 2 2 1  656    1 
15 1 1 0 0 0 1 1 1  540    1 
15 1 1 0 0 0 1 1 1  357    1 
15 1 1 0 0 0 1 1 1  341    1 
15 1 0 1 2 3 3 3 1  942    1 
15 1 1 0 2 2 3 3 1 1543    1 
15 1 1 0 3 3 4 4 1 1944    0 
15 1 0 0 1 2 3 3 1 1272    1 
15 1 1 0 3 3 4 4 1  852    1 
15 1 1 1 3 3 4 4 1 1192    1 
15 1 1 0 1 1 2 2 1 1063    1 
15 1 0 0 1 2 3 3 1 1731    1 
15 1 1 0 3 3 4 4 1 2613    1 
15 1 0 0 3 0 1 1 1  915    1 
15 1 1 1 1 1 2 2 1  949    1 
15 1 0 0 0 1 2 2 1 1213    1 
15 1 1 0 3 3 4 4 1  540    1 
15 1 0 0 2 3 4 4 1  908    1 
15 1 1 0 1 1 2 2 1  535    1 
15 1 1 0 3 3 4 4 1  487    1 
15 1 1 0 3 3 4 4 1  442    1 
15 1 0 0 2 3 4 4 1  423    1 
15 1 1 0 0 0 1 1 1  548    1 
15 1 1 0 2 2 3 3 1  565    1 
15 1 0 0 3 0 1 1 1 1549    1 
15 1 0 0 2 3 4 4 1  790    1 
15 1 0 0 0 1 2 2 1  628    1 
15 1 0 0 1 2 3 3 1  674    1 
15 1 1 1 2 2 3 2 0 1397    1 
15 1 1 1 0 0 1 1 1 1202    1 
15 1 0 0 3 0 1 1 1  928    1 
15 1 1 1 1 1 2 2 1  858    0 
15 1 0 1 0 1 1 1 1  814    1 
15 1 1 0 0 0 1 1 1  892    1 
15 1 0 0 0 1 2 2 1 1175    1 
15 1 1 0 0 0 1 1 1  615    1 
15 1 0 0 1 2 3 3 1 1221    1 
15 1 1 0 3 3 4 4 1  570    0 
15 1 1 0 0 0 1 1 1  594    1 
15 1 1 1 1 1 2 2 1 3814    1 
15 1 1 0 1 1 2 2 1 1077    1 
15 1 1 0 3 3 4 4 1  560    1 
15 1 1 0 1 1 2 2 1  640    1 
15 1 0 0 2 1 2 2 1  517    1 
15 1 1 1 1 1 2 2 1  990    1 
15 1 1 1 2 2 3 3 1  837    1 
15 1 1 1 3 3 4 4 1  826    1 
15 1 1 0 0 0 1 1 1 1384    1 
15 1 0 0 3 2 3 3 1  886    1 
15 1 0 1 0 3 1 1 1 1025    1 
15 1 0 0 1 0 1 1 1 1583    1 
15 1 1 0 2 2 3 3 1  598    1 
15 1 0 0 2 1 2 2 1 1228    1 
15 1 0 0 1 0 1 1 1  786    1 
15 1 1 0 1 1 2 2 1 1249    1 
15 1 0 0 1 0 1 1 1 1309    1 
15 1 0 0 2 1 2 2 1 1567    1 
15 1 0 0 3 2 3 3 1 1087    1 
15 1 1 0 1 1 2 2 1  666    1 
15 1 1 0 3 3 4 1 0 1477    1 
15 1 0 0 1 0 1 1 1  535    1 
15 1 1 0 0 0 1 1 1  455    0 
15 1 0 0 3 2 3 3 1  836    1 
15 1 0 0 3 2 3 3 1  488    1 
15 1 0 0 3 2 3 3 1  363    1 
15 1 1 0 1 1 2 2 1  787    1 
15 1 1 0 1 1 2 2 1 1298    1 
15 1 0 0 3 2 3 3 1  989    1 
15 1 1 0 2 2 3 3 1  508    1 
15 1 1 1 3 3 4 4 1 1734    1 
15 1 1 0 1 1 2 2 1  607    1 
15 1 0 0 3 2 3 3 1 1085    1 
15 1 1 0 1 1 2 2 1  896    1 
15 1 0 0 1 0 1 1 1 3451    1 
15 1 1 0 3 3 4 4 1 1223    1 
15 1 1 1 1 1 2 2 1 1061    1 
15 1 0 0 2 1 2 2 1  833    1 
15 1 1 0 3 3 4 1 0  894    1 
15 1 0 1 0 3 1 1 1  854    1 
15 1 0 1 0 3 1 1 1  891    1 
15 1 0 1 0 3 1 1 1  757    1 
15 1 1 0 0 0 1 1 1  822    1 
15 1 0 0 2 1 2 2 1 1667    1 
15 1 0 0 2 1 2 2 1  871    1 
15 1 0 0 0 3 4 1 0  450    1 
15 1 1 0 1 1 2 2 1  660    1 
15 1 0 1 2 1 3 3 1 1648    1 
15 1 0 1 0 3 1 1 1 1109    1 
15 1 1 0 1 1 2 2 1 1807    1 
15 1 0 0 3 2 3 3 1 1470    1 
15 1 1 0 0 0 1 1 1  545    1 
15 1 0 0 0 3 4 4 1 1114    1 
15 1 1 1 0 0 1 1 1  668    1 
15 1 0 0 0 3 4 4 1 1496    1 
15 1 1 0 1 1 2 2 1  707    1 
15 1 0 1 2 1 3 3 1 1005    1 
15 1 0 0 3 2 3 3 1 1603    1 
15 1 1 0 1 1 2 2 1 1481    1 
15 1 0 0 1 0 1 1 1  509    1 
15 1 0 0 2 1 2 2 1 1103    1 
15 1 1 1 1 1 2 2 1 1265    1 
15 1 1 0 2 2 3 3 1  653    1 
15 1 1 0 2 2 3 3 1 1081    1 
15 1 1 0 0 0 1 1 1 1333    1 
15 1 0 0 1 0 1 1 1  742    1 
15 1 0 1 2 1 3 3 1 1078    1 
15 1 1 1 3 3 4 4 1 1370    1 
15 1 1 0 0 0 1 1 1  665    1 
15 1 0 1 0 3 1 1 1  757    1 
15 1 0 1 0 3 1 1 1  501    1 
15 1 1 0 2 2 3 3 1  679    1 
15 1 1 0 3 3 4 1 0  515    1 
15 1 0 0 1 0 1 1 1 1178    1 
15 1 1 0 0 0 1 1 1  498    1 
15 1 1 1 2 2 3 3 1 1285    1 
15 1 1 0 2 2 3 3 1 1279    1 
15 1 1 1 2 2 3 3 1 1467    0 
15 1 1 0 1 1 2 2 1 4278    1 
15 1 0 0 2 1 2 2 1  698    1 
15 1 1 1 3 3 4 1 0  957    1 
15 1 0 1 1 0 2 2 1 2099    1 
15 1 0 1 2 1 3 3 1 1206    1 
15 1 1 0 2 2 3 3 1 1012    1 
15 1 0 0 1 0 1 1 1  874    1 
15 1 1 0 3 3 4 4 1 1229    1 
15 1 0 0 0 3 4 4 1 2459    1 
15 1 0 0 2 1 2 2 1 2143    1 
15 1 0 1 2 1 3 3 1 2336    1 
15 1 0 0 3 2 3 3 1  865    1 
15 1 1 0 1 1 2 2 1 1277    1 
15 1 1 1 1 1 2 2 1 1481    1 
15 1 1 0 0 0 1 1 1  740    1 
15 1 1 0 1 1 2 2 1 1029    1 
15 1 0 0 1 0 1 1 1  795    1 
15 1 0 0 3 2 3 3 1 3817    1 
15 1 1 0 1 1 2 2 1 1007    1 
15 1 1 0 0 0 1 1 1 1477    1 
15 1 0 0 2 1 2 3 0 1049    1 
15 1 0 0 0 3 4 4 1  955    1 
15 1 1 1 0 0 1 1 1  979    1 
15 1 0 0 1 0 1 1 1 1459    0 
15 1 1 1 0 0 1 1 1  807    1 
15 1 1 0 1 1 2 2 1  869    1 
15 1 1 0 0 0 1 1 1  793    1 
15 1 0 1 0 3 1 1 1 1983    1 
15 1 1 0 3 3 4 4 1 1030    1 
15 1 1 1 0 0 1 1 1  524    1 
15 1 1 0 3 3 4 4 1 2581    1 
15 1 1 0 2 2 3 3 1 1285    1 
15 1 0 0 2 1 2 2 1 1616    1 
15 1 0 0 1 0 1 1 1 1381    1 
15 1 0 0 3 2 3 3 1 2933    1 
15 1 1 0 3 3 4 1 0  662    1 
15 1 0 1 2 1 3 3 1 1256    1 
15 1 0 0 3 2 3 3 1 1660    1 
15 1 0 1 1 0 2 2 1 1520    1 
15 1 1 0 1 1 2 2 1 3186    1 
15 1 0 0 2 1 2 2 1  713    1 
15 1 1 1 1 1 2 2 1  683    1 
15 1 1 0 0 0 1 1 1  686    1 
15 1 0 0 3 2 3 3 1 2385    1 
15 1 0 0 0 3 4 4 1 1704    1 
15 1 1 0 0 0 1 1 1 1354    1 
15 1 0 0 0 3 4 4 1 1074    1 
15 1 0 1 3 2 4 4 1 2134    1 
15 1 0 0 3 2 3 4 0  751    1 
15 1 0 0 3 2 3 4 0  317    1 
15 1 0 0 1 0 1 4 0  300    1 
15 1 0 0 0 3 4 4 1 1108    1 
15 1 1 0 2 2 3 3 1  703    1 
15 1 1 0 1 1 2 2 1  961    1 
15 1 0 0 3 2 3 3 1 2137    1 
15 1 1 0 3 3 4 4 1  986    1 
15 1 1 0 0 0 1 1 1  641    1 
15 1 0 1 0 3 1 1 1  942    1 
15 1 0 0 0 3 4 1 0  470    1 
15 1 1 0 3 3 4 1 0  352    0 
15 1 1 1 3 3 4 4 1 1446    1 
15 1 1 0 2 2 3 3 1  651    1 
15 1 1 0 2 2 3 3 1  631    1 
15 1 0 0 3 2 3 3 1 1404    1 
15 1 1 0 2 2 3 3 1  627    1 
15 1 0 0 3 2 3 3 1  576    1 
15 1 0 0 2 1 2 2 1 1152    1 
15 1 1 0 3 3 4 4 1 3472    1 
15 1 1 0 1 1 2 2 1 2348    1 
15 1 0 0 3 2 3 4 0 1252    1 
15 1 0 0 3 2 3 3 1  591    1 
15 1 0 0 0 3 4 4 1 1365    1 
15 1 0 0 2 1 2 2 1 1493    1 
15 1 0 1 3 2 4 4 1 2760    1 
15 1 1 1 2 2 3 3 1  824    1 
15 1 0 1 1 0 2 2 1 1374    1 
15 1 0 0 2 1 2 2 1 1253    1 
15 1 1 1 2 2 3 3 1 1561    1 
15 1 1 0 1 1 2 2 1  890    1 
15 1 0 0 0 3 4 4 1 1660    1 
15 1 0 0 3 2 3 3 1 2825    1 
15 1 0 0 3 2 3 3 1 1038    1 
15 1 1 0 2 2 3 3 1  979    1 
15 1 0 0 0 3 4 4 1 1195    1 
15 1 1 0 0 0 1 1 1  873    1 
15 1 1 0 1 1 2 3 0 1229    1 
15 1 1 1 3 3 4 4 1 1849    1 
15 1 0 0 0 3 4 4 1 1733    1 
15 1 0 1 0 3 1 4 0  750    1 
15 1 1 0 3 3 4 4 1  540    1 
15 1 0 0 1 0 1 1 1 1037    1 
15 1 1 0 3 3 4 4 1  922    1 
15 1 0 0 3 2 3 3 1 2203    1 
15 1 0 0 1 0 1 1 1 1065    1 
15 1 0 1 2 1 3 3 1 2381    0 
15 1 1 0 2 2 3 3 1  804    1 
15 1 1 0 2 2 3 3 1  603    1 
15 1 0 0 0 3 4 4 1 1329    1 
15 1 0 0 1 0 1 1 1  746    1 
15 1 1 0 2 2 3 3 1 1115    1 
15 1 1 1 2 2 3 3 1  997    1 
15 1 1 1 3 3 4 4 1 2116    1 
15 1 0 0 2 1 2 3 0  830    1 
15 1 0 0 2 1 2 4 0  921    1 
15 1 1 0 1 1 2 2 1  473    1 
15 1 1 0 3 3 4 4 1 1260    1 
15 1 1 0 2 2 3 3 1  880    1 
15 1 1 1 0 0 1 1 1 1276    1 
15 1 1 1 2 2 3 3 1 1215    1 
15 1 0 0 0 3 4 4 1 1245    1 
15 1 1 0 0 0 1 1 1 1810    1 
15 1 0 0 0 3 4 4 1 1416    1 
15 1 0 0 0 3 4 4 1 1118    1 
15 1 1 1 0 0 1 1 1 1527    1 
