22 1 0 1 1 3 2 2 1 4670    0 
22 1 0 0 2 0 1 1 1 2273    1 
22 1 1 1 3 3 4 4 1 1548    1 
22 1 1 1 0 0 1 1 1 1981    0 
22 1 0 1 1 3 2 2 1 2332    0 
22 1 1 0 1 1 2 2 1 1061    0 
22 1 1 0 0 0 1 1 1  793    0 
22 1 1 1 3 3 4 4 1 1832    1 
22 1 1 0 2 2 3 3 1  741    1 
22 1 1 1 1 1 2 2 1 1174    1 
22 1 1 0 0 0 1 1 1  973  109 
22 1 1 0 3 3 4 4 1 1765    0 
22 1 0 0 1 3 4 4 1 4141    1 
22 1 0 0 3 1 2 4 0 1253    1 
22 1 0 0 2 0 1 1 1 2855    0 
22 1 1 0 2 2 3 3 1 2835    0 
22 1 1 0 0 0 1 1 1  816    0 
22 1 0 0 0 2 3 1 0 1093    1 
22 1 1 0 1 1 2 2 1 1726    0 
22 1 0 1 0 2 1 1 1 1935    0 
22 1 0 1 1 3 2 2 1 3152    1 
22 1 1 0 1 1 2 2 1  888    0 
22 1 1 0 2 2 3 3 1 2507    0 
22 1 0 0 0 2 3 3 1 2237    0 
22 1 0 0 0 2 3 3 1  657    1 
22 1 1 1 2 2 3 3 1 1525    0 
22 1 0 0 2 0 1 1 1 1775    1 
22 1 0 1 1 3 2 4 0 1254    1 
22 1 1 0 3 3 4 4 1 2320    0 
22 1 1 0 3 3 4 4 1  937    1 
22 1 1 0 3 3 4 4 1  570    0 
22 1 0 0 3 1 2 2 1 2089    0 
22 1 1 1 1 1 2 2 1 1684    1 
22 1 1 0 2 2 3 3 1 3263    1 
22 1 1 1 2 2 3 3 1  643    0 
22 1 0 0 0 2 3 3 1 2727    0 
22 1 1 0 3 3 4 4 1 1193    1 
22 1 1 0 0 0 1 1 1  863    1 
22 1 1 0 2 2 3 3 1 1339    1 
22 1 1 0 3 3 4 4 1  908    0 
22 1 0 0 2 0 1 1 1 1014    0 
22 1 0 0 0 2 3 3 1 1596    0 
22 1 1 0 1 1 2 2 1  851    0 
22 1 0 1 2 0 3 3 1 2319    0 
22 1 1 0 3 3 4 4 1 3096    0 
22 1 1 0 3 3 4 4 1  491    1 
22 1 0 0 2 0 1 1 1 3349    1 
22 1 1 0 1 1 2 2 1  741    1 
22 1 1 0 0 0 1 1 1  958    1 
22 1 0 0 2 0 1 1 1  798    0 
22 1 1 0 0 0 1 1 1  580    0 
22 1 0 0 2 0 1 1 1  516    0 
22 1 1 0 0 0 1 1 1  501    0 
22 1 1 0 3 3 4 4 1  823    1 
22 1 0 0 3 1 2 2 1  924    0 
22 1 1 0 1 1 2 2 1  654    0 
22 1 1 0 3 3 4 4 1  858    0 
22 1 1 0 3 3 4 4 1  614    0 
22 1 1 0 3 3 4 4 1  436    1 
22 1 0 1 1 3 2 2 1 3440    0 
22 1 0 0 3 1 2 2 1 1229    0 
22 1 0 0 3 1 2 2 1  434    0 
22 1 1 0 3 3 4 4 1  887    0 
22 1 0 0 2 0 1 1 1  898    1 
22 1 1 1 1 1 2 2 1 1236    0 
22 1 0 1 2 0 3 1 0  729    0 
22 1 0 1 0 2 1 1 1 2160    0 
22 1 0 0 1 3 4 4 1 1040  107 
22 1 1 0 3 3 4 4 1  573    0 
22 1 0 0 0 2 3 3 1  756    1 
22 1 0 0 0 2 3 3 1  564    1 
22 1 0 0 2 0 1 1 1 1252    0 
22 1 1 0 3 3 4 4 1  824    0 
22 1 0 0 2 0 1 1 1 1910    0 
22 1 0 0 0 2 3 3 1 1256    1 
22 1 0 0 2 0 1 1 1  724    1 
22 1 0 0 0 2 3 3 1 1069    0 
22 1 0 1 1 3 2 2 1 1608    0 
22 1 0 0 2 0 1 1 1  918    0 
22 1 0 1 3 1 4 4 1 3552    0 
22 1 0 0 0 2 3 3 1 1024    1 
22 1 0 0 0 2 3 3 1  445    0 
22 1 1 0 2 2 3 3 1  506    0 
22 1 1 0 2 2 3 3 1  420    1 
22 1 0 0 1 3 4 4 1  665    1 
22 1 0 0 1 3 4 4 1  485    0 
22 1 1 0 1 1 2 2 1 1040    0 
22 1 0 0 2 0 1 1 1  764    1 
22 1 1 1 0 0 1 1 1 1148    0 
22 1 1 0 0 0 1 1 1  533    1 
22 1 0 0 0 2 3 3 1  766    0 
22 1 0 1 1 3 2 2 1 1886    0 
22 1 1 1 1 1 2 2 1 1368    0 
22 1 1 0 2 2 3 3 1 1288    1 
22 1 1 1 1 1 2 2 1 1194    0 
22 1 1 0 2 2 3 3 1 1705    1 
22 1 0 0 2 0 1 1 1 1387    0 
22 1 1 1 1 1 2 2 1  858    0 
22 1 1 0 1 1 2 2 1  630    0 
22 1 1 0 0 0 1 1 1  795    0 
22 1 0 0 1 3 4 4 1  954    1 
22 1 0 1 2 0 3 3 1 1242    1 
22 1 1 0 0 0 1 1 1  830    0 
22 1 0 1 2 0 3 1 0  524    1 
22 1 0 1 2 0 3 3 1 1259    0 
22 1 1 0 2 2 3 3 1 1615    1 
22 1 0 0 3 1 2 2 1 1325    1 
22 1 0 0 1 3 4 4 1 1734    0 
22 1 1 1 0 0 1 1 1 1095    1 
22 1 1 0 3 3 4 4 1  866    0 
22 1 1 0 3 3 4 4 1  638    1 
22 1 1 1 1 1 2 2 1  938    0 
22 1 1 0 2 2 3 3 1 2315    1 
22 1 0 1 3 1 4 4 1 2861    0 
22 1 1 1 0 0 1 1 1 1465    0 
22 1 1 0 1 1 2 2 1 4957    0 
22 1 1 0 3 3 4 4 1 1069    0 
22 1 0 0 2 0 1 1 1  944    1 
22 1 0 0 3 1 2 2 1 3401    1 
22 1 0 0 3 1 2 2 1  479    0 
22 1 1 0 1 1 2 2 1  442    0 
22 1 1 0 3 3 4 4 1  823    0 
22 1 1 0 2 2 3 3 1  860    0 
22 1 1 0 0 0 1 1 1  608    0 
22 1 0 1 1 3 2 2 1 1174    0 
22 1 0 0 0 2 3 3 1  837    0 
22 1 0 0 3 1 2 4 0 1226    0 
22 1 1 0 3 3 4 4 1  925    0 
22 1 0 0 2 0 1 1 1  719    0 
22 1 1 0 0 0 1 1 1  480    0 
22 1 1 0 1 1 2 2 1  683    0 
22 1 0 0 3 1 2 2 1 1022    0 
22 1 0 0 0 2 3 3 1 3891    0 
22 1 1 1 2 2 3 3 1  862    1 
22 1 1 1 1 1 2 2 1 1210    0 
22 1 0 0 3 1 2 2 1 1992    0 
22 1 1 0 0 0 1 1 1 1567    0 
22 1 0 0 0 2 3 3 1  942    1 
22 1 1 0 1 1 2 2 1 3223    0 
22 1 1 0 1 1 2 2 1  492    0 
22 1 0 0 1 3 4 4 1 1335    1 
22 1 1 1 0 0 1 1 1 1047    1 
22 1 0 1 0 2 1 1 1 2868    0 
22 1 0 0 0 2 3 3 1  999    0 
22 1 0 1 1 3 2 2 1 2285    0 
22 1 1 0 1 1 2 2 1 1232    0 
22 1 0 1 0 2 1 0 0 5000    0 
22 1 0 1 3 1 4 2 0 2361    0 
22 1 0 1 2 0 3 3 1 1871    0 
22 1 1 0 1 1 2 2 1 1090    1 
22 1 0 1 0 2 1 1 1 1333    1 
22 1 1 0 0 0 1 1 1  621    1 
22 1 0 0 0 2 3 3 1  899    0 
22 1 0 0 3 1 2 2 1 1429    0 
22 1 1 0 3 3 4 4 1 1074    1 
22 1 1 0 2 2 3 3 1  909    0 
22 1 0 0 3 1 2 2 1 1391    0 
22 1 1 0 2 2 3 3 1  830    0 
22 1 0 0 1 3 4 4 1 1787    0 
22 1 1 1 2 2 3 3 1 1466    1 
22 1 1 0 2 2 3 3 1 1189    0 
22 1 0 0 1 3 4 4 1 1124    0 
22 1 1 0 0 0 1 1 1  765    0 
22 1 0 0 1 3 4 4 1 1492    0 
22 1 0 1 2 0 3 3 1 1431    0 
22 1 1 0 3 3 4 4 1 1012  108 
22 1 1 0 3 3 4 4 1  522    0 
22 1 1 0 1 1 2 2 1  932    1 
22 1 1 0 1 1 2 2 1  524    0 
22 1 0 0 0 2 3 3 1 1094    0 
22 1 0 0 1 3 4 4 1  656    0 
22 1 0 0 3 1 2 2 1 1748    1 
22 1 0 0 1 3 4 4 1  932    0 
22 1 0 0 3 1 2 2 1  909    0 
22 1 0 1 1 3 2 2 1 1423    0 
22 1 0 1 0 2 1 1 1 1596    0 
22 1 0 1 2 0 3 3 1 1107    1 
22 1 0 0 2 0 1 1 1 1485    0 
22 1 0 0 1 3 4 4 1 1152    1 
22 1 1 0 3 3 4 4 1  416   84 
22 1 1 0 3 3 4 4 1  429    0 
22 1 0 0 0 2 3 3 1 1090    0 
22 1 0 0 3 1 2 2 1 1557    1 
22 1 0 1 0 2 1 1 1  885   93 
22 1 0 0 0 2 3 3 1 1000    0 
22 1 1 0 2 2 3 3 1  734    0 
22 1 0 1 2 0 3 3 1 3102    0 
22 1 1 0 3 3 4 4 1  848  109 
22 1 1 0 3 3 4 4 1  452    0 
22 1 1 0 2 2 3 3 1  656    1 
22 1 1 0 2 2 3 3 1 1188    1 
22 1 0 0 0 2 3 3 1 1107    0 
22 1 1 0 1 1 2 2 1 3058    1 
22 1 1 1 2 2 3 3 1 1702    0 
22 1 1 0 1 1 2 2 1  640    0 
22 1 0 0 1 0 1 1 1  701    0 
22 1 1 0 0 0 1 1 1  806    1 
22 1 1 0 3 3 4 4 1  629    0 
22 1 1 0 3 3 4 4 1  698    0 
22 1 0 0 3 2 3 3 1  604    1 
22 1 1 0 1 1 2 2 1  971    0 
22 1 1 1 0 0 1 1 1 1250    0 
22 1 1 0 3 3 4 4 1 1470    0 
22 1 0 0 0 3 4 4 1  401    0 
22 1 1 1 0 0 1 1 1 1295    0 
22 1 0 0 1 0 1 1 1  762    1 
22 1 0 0 3 2 3 3 1  698    1 
22 1 0 0 2 1 2 2 1 3892    0 
22 1 0 0 2 1 2 2 1  495    0 
22 1 0 1 2 1 3 3 1 1202    0 
22 1 1 0 0 0 1 1 1  848    0 
22 1 1 0 1 1 2 1 0  437    1 
22 1 0 0 0 3 4 4 1  807    0 
22 1 0 1 3 2 4 3 0 1661    0 
22 1 0 0 0 3 4 4 1 2063    0 
22 1 0 1 2 1 3 3 1 1163    1 
22 1 0 0 1 0 1 1 1 1515    1 
22 1 1 0 2 2 3 3 1  732    1 
22 1 1 0 0 0 1 1 1 1157    0 
22 1 0 0 3 2 3 4 0 3973    0 
22 1 1 0 2 2 3 3 1 1154    1 
22 1 1 1 1 1 2 2 1 1114    1 
22 1 1 0 3 3 4 4 1 1092    0 
22 1 1 0 1 1 2 2 1 4295    0 
22 1 0 0 2 1 2 2 1  594    0 
22 1 0 0 0 3 4 1 0 1152    0 
22 1 1 0 2 2 3 3 1  718    0 
22 1 0 0 3 2 3 3 1  416    0 
22 1 1 0 0 0 1 1 1  653    0 
22 1 1 0 3 3 4 4 1 1585    0 
22 1 0 0 2 1 2 2 1  928    0 
22 1 0 0 2 1 2 2 1  553    1 
22 1 0 0 3 2 3 3 1  809    1 
22 1 0 0 0 3 4 4 1 2167    1 
22 1 0 1 3 2 4 4 1 1206    0 
22 1 0 0 1 0 1 1 1 1068    0 
22 1 0 1 1 0 2 1 0  472    0 
22 1 1 1 0 0 1 1 1  521    1 
22 1 0 0 1 0 1 1 1  826    0 
22 1 0 0 1 0 1 1 1  408    1 
22 1 0 0 1 0 1 1 1  358    1 
22 1 0 0 2 1 2 2 1  870    1 
22 1 0 0 3 2 3 3 1  793    0 
22 1 0 0 1 0 1 3 0  488    1 
22 1 0 0 3 2 3 3 1 1312    0 
22 1 0 1 1 0 2 2 1 1042    0 
22 1 1 0 0 0 1 1 1 1119    1 
22 1 1 0 1 1 2 2 1  616    1 
22 1 1 0 3 3 4 4 1  630    0 
22 1 0 0 1 0 1 1 1  691    0 
22 1 0 0 2 1 2 2 1  862    0 
22 1 1 1 3 3 4 4 1 1186    0 
22 1 1 0 1 1 2 2 1  960    0 
22 1 0 0 3 2 3 3 1  880    1 
22 1 1 1 0 0 1 1 1 1124    1 
22 1 0 0 3 2 3 3 1  757    1 
22 1 0 0 3 2 3 3 1  509    1 
22 1 0 0 2 1 2 2 1  855    1 
22 1 1 0 1 1 2 2 1  611    0 
22 1 0 1 3 2 4 4 1 2977    0 
22 1 1 0 2 2 3 3 1  752    0 
22 1 1 1 0 0 1 1 1  968    0 
22 1 0 1 1 0 2 2 1  936    0 
22 1 1 0 1 1 2 2 1  712    0 
22 1 1 0 0 0 1 1 1  562    0 
22 1 1 0 3 3 4 3 0  906    1 
22 1 1 1 2 2 3 3 1 1162    1 
22 1 1 0 3 3 4 4 1 3450    0 
22 1 1 1 2 2 3 3 1 2750    0 
22 1 0 1 0 3 1 1 1  902    1 
22 1 1 0 0 0 1 1 1  616    0 
22 1 1 0 2 2 3 2 0  717    1 
22 1 1 1 1 1 2 2 1 1109    0 
22 1 0 0 2 1 2 2 1 1631    0 
22 1 1 0 3 3 4 4 1  892    0 
22 1 1 0 2 2 3 3 1  759    0 
22 1 1 0 3 3 4 4 1  799    0 
22 1 0 0 1 0 1 1 1 1045    1 
22 1 0 0 3 2 3 3 1 2905    1 
22 1 0 0 3 2 3 3 1  411    0 
22 1 0 0 3 2 3 3 1  409    0 
22 1 0 1 2 1 3 3 1 1079    0 
22 1 0 1 2 1 3 3 1  747    1 
22 1 0 0 2 1 2 2 1 1275    0 
22 1 0 0 0 3 4 4 1 1775    1 
22 1 0 1 1 0 2 2 1 2286    1 
22 1 0 0 0 3 4 1 0  625    0 
22 1 0 0 1 0 1 1 1 3804    0 
22 1 1 0 0 0 1 1 1  394    0 
22 1 1 0 2 2 3 3 1 1265    0 
22 1 0 0 1 0 1 1 1 1221    0 
22 1 0 0 2 1 2 2 1 3578    0 
22 1 1 0 1 1 2 2 1  473    0 
22 1 0 0 0 3 4 1 0  597    0 
22 1 1 1 3 3 4 4 1 1017    0 
22 1 0 0 2 1 2 2 1  847    0 
22 1 1 1 0 0 1 1 1 1131    0 
22 1 1 0 0 0 1 1 1  541    1 
22 1 0 0 3 2 3 3 1  733    0 
22 1 1 1 1 1 2 2 1 1638    0 
22 1 1 0 0 0 1 1 1  619    0 
22 1 0 0 2 1 2 2 1  720    0 
22 1 1 0 3 3 4 4 1  625    1 
22 1 0 0 3 2 3 3 1  735    1 
22 1 1 0 3 3 4 4 1  623    1 
22 1 0 0 3 2 3 3 1  853    0 
22 1 0 0 3 2 3 3 1 1617    0 
22 1 1 1 0 0 1 1 1  830    1 
22 1 0 0 2 1 2 2 1  867    0 
22 1 1 0 0 0 1 1 1  743    0 
22 1 1 1 0 0 1 1 1  935    1 
22 1 0 1 3 2 4 4 1  936    0 
22 1 1 1 3 3 4 4 1 1017    0 
22 1 0 1 3 2 4 4 1 1310    0 
22 1 0 0 2 1 2 2 1  856    0 
22 1 0 0 0 3 4 4 1  964    0 
22 1 0 0 0 3 4 4 1  436    1 
22 1 1 0 2 2 3 2 0 1065    0 
22 1 1 0 1 1 2 2 1  706    0 
22 1 1 1 1 1 2 2 1 1108    1 
22 1 0 0 3 2 3 3 1 1006    1 
22 1 0 0 1 0 1 4 0  876    0 
22 1 1 1 0 0 1 1 1  661    0 
22 1 0 0 3 2 3 3 1  833    0 
22 1 0 0 0 3 4 2 0  926    1 
22 1 1 0 0 0 1 1 1  701    0 
22 1 1 1 2 2 3 3 1 1271    1 
22 1 1 0 0 0 1 1 1  682    0 
22 1 0 0 1 0 1 1 1  493    0 
22 1 1 0 1 1 2 2 1  864    0 
22 1 1 0 0 0 1 1 1  636    0 
22 1 1 0 0 0 1 1 1  600    1 
22 1 0 0 1 0 1 1 1  406    0 
22 1 1 0 2 2 3 3 1  756    0 
22 1 1 0 2 2 3 3 1 1012    0 
22 1 1 0 2 2 3 3 1  370    1 
22 1 0 1 1 0 2 1 0  690    0 
22 1 0 0 0 3 4 4 1  866    0 
22 1 0 1 0 3 1 1 1 1094    0 
22 1 0 0 2 1 2 2 1 1776    1 
22 1 0 1 2 1 3 3 1  968    1 
22 1 1 0 2 2 3 2 0 1887    0 
22 1 0 0 3 2 3 3 1  536    0 
22 1 1 1 2 2 3 3 1  360    1 
22 1 1 1 1 1 2 2 1  800    0 
22 1 0 0 2 1 2 2 1  918    0 
22 1 1 1 0 0 1 1 1  584    0 
22 1 1 0 2 2 3 3 1  750    0 
22 1 0 0 0 3 4 4 1  878    0 
22 1 0 0 0 3 4 4 1  418    1 
22 1 1 0 2 2 3 3 1  823    0 
22 1 1 0 1 1 2 2 1  628    0 
22 1 0 0 2 1 2 2 1 1466    0 
22 1 0 0 2 1 2 1 0  869    0 
22 1 1 0 2 2 3 3 1 1966    1 
22 1 1 0 1 1 2 2 1  638    1 
22 1 1 1 3 3 4 4 1 1618    1 
22 1 0 0 1 0 1 3 0  704    1 
22 1 0 0 0 3 4 4 1 1120    1 
22 1 0 1 3 2 4 4 1 4001    0 
22 1 1 0 1 1 2 2 1  983    0 
22 1 1 0 0 0 1 1 1  582    1 
22 1 1 1 3 3 4 4 1 1085    1 
22 1 1 0 3 3 4 4 1  544    1 
22 1 1 1 2 2 3 3 1  976    0 
22 1 1 1 0 0 1 1 1  952    0 
22 1 1 0 0 0 1 1 1  672    1 
22 1 0 0 0 3 4 4 1  755    0 
22 1 0 1 1 0 2 2 1 1115    0 
22 1 1 0 0 0 1 1 1  573    1 
22 1 0 0 1 0 1 1 1  548    0 
22 1 1 0 1 1 2 2 1  813    1 
22 1 1 0 2 2 3 3 1  707    1 
22 1 1 0 3 3 4 4 1 1269    0 
22 1 0 0 2 1 2 2 1 1136    0 
22 1 0 0 1 0 1 1 1 1521    0 
22 1 1 0 3 3 4 4 1  858    0 
22 1 1 0 2 2 3 2 0  894    0 
22 1 1 0 1 1 2 2 1  615    0 
22 1 1 0 3 3 4 3 0 1605    1 
22 1 0 1 0 3 1 1 1  785    1 
22 1 1 1 1 1 2 2 1  664    1 
22 1 0 0 1 0 1 2 0 1036    0 
22 1 0 0 3 2 3 3 1 1278    0 
