9 1 0 0 2 1 2 4 0 2943    0 
9 1 1 0 2 2 3 3 1 1582    0 
9 1 1 0 0 0 1 1 1 1269    0 
9 1 1 0 2 2 3 4 0 2872    0 
9 1 0 0 0 3 4 4 1 1234    0 
9 1 0 1 0 3 1 1 1 1750    0 
9 1 1 0 0 0 1 1 1  982    0 
9 1 0 1 0 3 1 1 1 1438    0 
9 1 1 0 0 0 1 1 1  642    0 
9 1 1 1 2 2 3 3 1 1575    0 
9 1 1 0 2 2 3 3 1  478    0 
9 1 0 0 3 2 3 4 0 1441    0 
9 1 0 0 0 3 4 1 0 3348    0 
9 1 0 1 1 0 2 2 1 1995    0 
9 1 0 1 3 2 4 4 1 2257    0 
9 1 0 0 1 0 1 1 1 1893    0 
9 1 0 0 1 0 1 1 1  584    0 
9 1 1 0 3 3 4 4 1 1047    0 
9 1 1 1 1 1 2 2 1 1275    0 
9 1 1 0 1 1 2 2 1  711    0 
9 1 0 0 3 2 3 3 1 1345    0 
9 1 0 0 1 0 1 1 1  857    0 
9 1 1 0 3 3 4 4 1 1021    0 
9 1 0 0 2 1 2 3 0 1243    0 
9 1 1 1 0 0 1 1 1  885    0 
9 1 0 1 1 0 2 1 0 1440   11 
9 1 1 0 3 3 4 4 1 1266    0 
9 1 1 0 3 3 4 4 1  422    0 
9 1 0 0 0 3 4 4 1  699    0 
9 1 1 0 3 3 4 4 1  486    0 
9 1 1 0 2 2 3 3 1 1040    0 
9 1 1 0 0 0 1 1 1  637    0 
9 1 1 1 2 2 3 3 1 1466    0 
9 1 1 1 0 0 1 1 1 1046    0 
9 1 1 0 2 2 3 3 1  882    0 
9 1 0 0 3 2 3 3 1 1022    0 
9 1 1 0 2 2 3 3 1  411    0 
9 1 0 1 2 1 3 2 0 1313    0 
9 1 0 0 3 2 3 3 1 3337    0 
9 1 0 0 3 2 3 3 1 1074    0 
9 1 1 0 3 3 4 4 1  781    0 
9 1 0 0 3 2 3 3 1 1340    0 
9 1 0 0 3 2 3 3 1  397    0 
9 1 0 0 0 3 4 3 0  932    0 
9 1 0 0 3 2 3 3 1 2003    0 
9 1 1 0 0 0 1 1 1  793    0 
9 1 0 1 3 2 4 4 1 1367    0 
9 1 1 0 1 1 2 2 1 1063    0 
9 1 0 0 2 1 2 2 1  667    0 
9 1 0 0 3 2 3 3 1 1206    0 
9 1 1 0 1 1 2 2 1  676    0 
9 1 1 1 1 1 2 2 1  967    0 
9 1 1 0 2 2 3 3 1 1319    0 
9 1 1 0 0 0 1 1 1  640    0 
9 1 1 0 2 2 3 3 1  885    0 
9 1 0 0 1 0 1 1 1  863    0 
9 1 0 1 1 0 2 2 1 1139    0 
9 1 0 0 3 2 3 3 1 1964    0 
9 1 1 0 0 0 1 1 1  884    0 
9 1 1 0 1 1 2 2 1  711    0 
9 1 1 0 0 0 1 1 1  489    0 
9 1 0 0 1 0 1 2 0  707    0 
9 1 0 0 1 0 1 1 1  459    0 
9 1 1 0 3 3 4 4 1  895    0 
9 1 0 0 3 2 3 3 1  978    0 
9 1 0 1 0 3 1 1 1 2257    0 
9 1 0 0 1 0 1 2 0  925    0 
9 1 0 1 0 3 1 1 1 1188    0 
9 1 1 1 3 3 4 4 1 1475    0 
9 1 0 1 3 2 4 4 1  846    0 
9 1 1 0 1 1 2 2 1 1811    0 
9 1 1 0 1 1 2 2 1  425    0 
9 1 0 1 1 0 2 2 1 1102    0 
9 1 1 0 1 1 2 2 1  528    0 
9 1 0 1 1 0 2 2 1  586    0 
9 1 0 0 3 2 3 3 1  840    0 
9 1 1 0 0 0 1 1 1  685    0 
9 1 0 1 3 2 4 4 1 1072    0 
9 1 1 0 2 2 3 3 1  675    0 
9 1 0 1 2 1 3 3 1  942    0 
9 1 0 0 2 1 2 3 0  519    0 
9 1 0 0 2 1 2 2 1  942    0 
9 1 0 0 3 2 3 3 1  919    0 
9 1 0 0 0 3 4 4 1 1200    0 
9 1 1 0 0 0 1 1 1  614    0 
9 1 1 1 2 2 3 3 1 1556    0 
9 1 1 0 1 1 2 2 1 1052    0 
9 1 0 0 2 1 2 2 1  864    0 
9 1 0 0 2 1 2 2 1  388    0 
9 1 1 0 3 3 4 4 1  635    0 
9 1 1 0 1 1 2 2 1  600    0 
9 1 0 0 0 3 4 4 1  501    0 
9 1 0 0 1 0 1 1 1 1199    0 
9 1 1 0 2 2 3 3 1 1029    0 
9 1 1 0 1 1 2 2 1  651    0 
9 1 1 1 2 2 3 3 1 1455    0 
9 1 0 0 1 0 1 1 1 1363    0 
9 1 1 0 2 2 3 3 1 1035    0 
9 1 1 0 3 3 4 4 1  975    0 
9 1 0 0 1 0 1 1 1 1207    0 
9 1 0 0 3 2 3 3 1 1485    0 
9 1 0 0 0 3 4 4 1 1647    0 
9 1 0 0 0 3 4 4 1  380    0 
9 1 0 1 3 2 4 4 1  907    0 
9 1 0 1 2 1 3 2 0 1445    0 
9 1 1 1 3 3 4 4 1 1560    0 
9 1 1 0 2 2 3 3 1  952    0 
9 1 1 0 2 2 3 3 1  368    0 
9 1 1 0 1 1 2 2 1  823    0 
9 1 1 1 0 0 1 1 1  821    0 
9 1 1 0 0 0 1 1 1  410    0 
9 1 0 0 2 1 2 4 0 1112    0 
9 1 0 0 3 2 3 4 0  648    0 
9 1 1 0 2 2 3 3 1  746    0 
9 1 0 0 1 0 1 1 1  979    0 
9 1 0 0 0 3 4 4 1 1642    0 
9 1 1 0 0 0 1 1 1  591    0 
9 1 0 0 3 2 3 3 1 1142    0 
9 1 0 0 1 0 1 2 0  822    0 
9 1 0 1 1 0 2 2 1  866    0 
9 1 0 0 3 2 3 3 1  998    0 
9 1 0 0 1 0 1 1 1 1084    0 
9 1 1 0 3 3 4 4 1  959    0 
9 1 0 0 1 0 1 1 1  695    0 
9 1 1 0 0 0 1 1 1  458    0 
9 1 1 0 0 0 1 1 1  366    0 
9 1 1 1 3 3 4 4 1  950    0 
9 1 0 0 3 2 3 3 1  742    0 
9 1 1 0 0 0 1 1 1  566    0 
9 1 1 0 3 3 4 4 1  630    0 
9 1 1 0 0 0 1 1 1  579    0 
9 1 0 0 3 2 3 3 1  826    0 
9 1 0 1 3 2 4 4 1 1024    0 
9 1 0 0 0 3 4 1 0  709    0 
9 1 1 0 3 3 4 4 1  933    0 
9 1 1 0 1 1 2 2 1  854    0 
9 1 0 1 2 1 3 3 1 1146    0 
9 1 0 1 2 1 3 3 1  770    0 
9 1 1 0 2 2 3 3 1  793    0 
9 1 1 0 0 0 1 1 1  776    0 
9 1 1 0 3 3 4 4 1 1127    0 
9 1 0 0 0 3 4 4 1  721    0 
9 1 1 1 1 1 2 2 1  858    0 
9 1 1 1 1 1 2 2 1  646    0 
9 1 1 1 2 2 3 3 1 1267    0 
9 1 1 1 0 0 1 1 1  838    0 
9 1 1 1 1 1 2 2 1 1299    0 
9 1 1 0 2 2 3 3 1 1461    0 
9 1 1 0 2 2 3 3 1  385    0 
9 1 0 0 0 3 4 4 1  912    0 
9 1 1 1 1 1 2 2 1  754    0 
9 1 1 0 0 0 1 1 1  674    0 
9 1 1 0 0 0 1 1 1  437    0 
9 1 0 0 0 3 4 1 0  410    0 
9 1 0 0 0 3 4 4 1  758    0 
9 1 0 0 2 1 2 2 1  950    0 
9 1 0 1 2 1 3 3 1 1126    0 
9 1 0 0 2 1 2 3 0  663    0 
9 1 1 0 3 3 4 4 1 1145    0 
9 1 0 0 2 1 2 2 1 1210    0 
9 1 0 0 3 2 3 3 1  912    0 
9 1 1 0 0 0 1 1 1  738    0 
9 1 0 0 3 2 3 3 1 1042    0 
9 1 0 1 1 0 2 1 0  887    0 
9 1 1 1 1 1 2 2 1 1288    0 
9 1 0 0 1 0 1 1 1 1058    0 
9 1 1 0 3 3 4 4 1  942    0 
9 1 1 1 1 1 2 2 1 1751    0 
9 1 0 1 3 2 4 4 1 1895    0 
9 1 0 1 2 1 3 3 1 1754    0 
9 1 0 0 0 3 4 4 1 1530    0 
9 1 1 1 2 2 3 3 1 2051    0 
9 1 1 0 1 1 2 2 1 1239    0 
9 1 1 0 3 3 4 4 1 2052    0 
9 1 0 0 2 1 2 2 1  920    0 
9 1 0 0 3 2 3 3 1  673    0 
9 1 1 0 0 0 1 1 1  540    0 
9 1 1 0 0 0 1 1 1  493    0 
9 1 0 1 0 3 1 1 1  976    0 
9 1 0 0 1 0 1 1 1 1119    0 
9 1 0 0 2 1 2 2 1  792    0 
9 1 1 0 2 2 3 3 1  679    0 
9 1 1 0 2 2 3 3 1  474    0 
9 1 1 0 1 1 2 2 1  797    0 
9 1 0 0 1 0 1 1 1  788    0 
9 1 1 0 2 2 3 3 1  587    0 
9 1 1 1 0 0 1 1 1  865    0 
9 1 1 0 0 0 1 1 1  365    0 
9 1 1 0 1 1 2 2 1  685    0 
9 1 0 0 2 1 2 2 1  432    0 
9 1 0 0 1 0 1 1 1  709    0 
9 1 0 0 2 1 2 2 1  391    0 
9 1 0 1 1 0 2 2 1 4060    0 
9 1 1 0 3 3 4 4 1  624    0 
9 1 1 0 2 2 3 3 1  654    0 
9 1 1 0 0 0 1 1 1  610    0 
9 1 0 0 2 1 2 2 1 1056    0 
9 1 1 0 2 2 3 3 1  732    0 
9 1 1 0 2 2 3 3 1  469    0 
9 1 0 0 0 3 4 4 1  824    0 
9 1 0 0 1 0 1 1 1  934    0 
9 1 1 0 2 2 3 3 1  526    0 
9 1 1 0 0 0 1 1 1  560    0 
9 1 0 0 0 3 4 4 1  751    0 
9 1 0 1 2 1 3 2 0 1279    0 
9 1 1 0 2 2 3 3 1  673    0 
9 1 0 1 1 0 2 2 1 1196    0 
9 1 1 0 2 2 3 3 1  699    0 
9 1 0 1 3 2 4 4 1  805    0 
9 1 1 0 3 3 4 4 1  531    0 
9 1 1 0 3 3 4 4 1  469    0 
9 1 0 0 0 3 4 4 1  712    0 
9 1 0 1 1 0 2 2 1  706    0 
9 1 1 1 0 0 1 1 1  972    0 
9 1 1 0 3 3 4 4 1  611    0 
9 1 0 0 1 0 1 1 1  977    0 
9 1 0 0 2 1 2 2 1  769    0 
9 1 0 0 1 0 1 1 1  688    0 
9 1 0 1 3 2 4 4 1  851    0 
9 1 0 0 1 0 1 1 1  911    0 
9 1 0 1 2 1 3 3 1 1049    0 
9 1 0 0 2 1 2 2 1  957    0 
9 1 1 0 2 2 3 3 1  669    0 
9 1 1 0 3 3 4 4 1  993    0 
9 1 0 0 1 0 1 1 1  607    0 
9 1 0 0 1 0 1 1 1  453    0 
9 1 0 0 0 3 4 4 1  945    0 
9 1 0 0 3 2 3 3 1  874    0 
9 1 1 0 3 3 4 4 1  693    0 
9 1 1 0 0 0 1 1 1  576    0 
9 1 1 0 3 3 4 4 1  623    0 
9 1 0 1 2 1 3 3 1 1132    0 
9 1 0 0 0 3 4 4 1 1518    0 
9 1 1 1 3 3 4 4 1  839    0 
9 1 0 0 2 1 2 2 1  828    0 
9 1 1 0 0 0 1 1 1  649    0 
9 1 0 0 1 0 1 1 1  758    0 
9 1 0 1 3 2 4 4 1 1086    0 
9 1 1 0 2 2 3 3 1  760    0 
9 1 0 0 0 3 4 4 1  704    0 
9 1 1 0 2 2 3 3 1  610    0 
9 1 1 0 3 3 4 4 1  640    0 
9 1 0 0 3 2 3 3 1  389    0 
9 1 0 0 1 0 1 1 1  660    0 
9 1 0 0 3 2 3 3 1  672    0 
9 1 1 0 0 0 1 1 1  619    0 
9 1 1 0 3 3 4 4 1  720    0 
9 1 0 1 0 3 1 1 1 1058    0 
9 1 1 0 0 0 1 1 1  518    0 
9 1 0 0 1 0 1 1 1  647    0 
9 1 0 1 1 0 2 2 1  852    0 
9 1 0 1 1 0 2 2 1  759    0 
9 1 0 0 0 3 4 4 1  895    0 
9 1 1 0 3 3 4 4 1  506    0 
9 1 0 0 0 3 4 4 1  492    0 
9 1 0 0 1 0 1 1 1  671    0 
9 1 1 1 1 1 2 2 1  682    0 
9 1 1 0 1 1 2 2 1  445    0 
9 1 0 0 1 0 1 1 1  554    0 
9 1 1 0 2 2 3 3 1  610    0 
9 1 1 0 2 2 3 3 1  456    0 
9 1 0 0 1 0 1 1 1 1196    0 
9 1 1 1 0 0 1 1 1  603    0 
9 1 1 1 3 3 4 4 1  657    0 
9 1 0 0 3 2 3 3 1 1029    0 
9 1 1 0 0 0 1 1 1  570    0 
9 1 1 1 1 1 2 2 1  809    0 
9 1 0 0 0 3 4 4 1  775    0 
9 1 0 1 2 1 3 3 1 1095    0 
9 1 1 0 2 2 3 3 1  513    0 
9 1 0 0 0 3 4 4 1  795    0 
9 1 0 1 2 1 3 3 1 1370    0 
9 1 1 0 3 3 4 4 1  545    0 
9 1 1 1 0 0 1 1 1  634    0 
9 1 0 1 3 2 4 4 1  807    0 
9 1 0 0 2 1 2 2 1  981    0 
9 1 0 0 0 3 4 4 1  796    0 
9 1 0 0 3 2 3 3 1  986    0 
9 1 0 1 2 1 3 3 1  785    0 
9 1 1 0 2 2 3 3 1  512    0 
9 1 1 0 0 0 1 1 1 1298    0 
9 1 1 1 0 0 1 1 1  508    0 
9 1 0 0 1 0 1 1 1  702    0 
9 1 0 0 2 1 2 2 1  752    0 
9 1 1 1 2 2 3 3 1  648    0 
9 1 1 1 1 1 2 2 1  821    0 
9 1 1 0 1 1 2 2 1  506    0 
9 1 1 1 3 3 4 4 1  748    0 
9 1 0 1 2 1 3 3 1  885    0 
9 1 1 0 2 2 3 3 1  624    0 
9 1 0 0 1 0 1 1 1  621    0 
9 1 0 1 0 3 1 1 1  874    0 
9 1 1 0 1 1 2 2 1  542   12 
9 1 0 0 2 1 2 2 1  574    0 
9 1 0 0 3 2 3 3 1  750    0 
9 1 0 0 1 0 1 1 1  678    0 
9 1 0 0 1 0 1 1 1  393    0 
9 1 0 1 3 2 4 4 1  832    0 
9 1 1 0 2 2 3 3 1  613    0 
9 1 0 0 0 3 4 2 0 1059    0 
9 1 1 0 1 1 2 2 1  661    0 
9 1 1 0 0 0 1 1 1 1009    0 
9 1 1 1 2 2 3 3 1 1239    0 
9 1 0 0 3 2 3 3 1  723    0 
9 1 1 0 0 0 1 1 1  525    0 
9 1 1 0 1 1 2 2 1  542    0 
9 1 0 0 3 2 3 1 0  783    0 
9 1 1 0 3 3 4 4 1  795    0 
9 1 0 0 0 3 4 4 1  626    0 
9 1 1 0 1 1 2 2 1  647    0 
9 1 0 0 1 0 1 1 1  636    0 
9 1 0 0 0 3 4 4 1  689    0 
9 1 0 0 3 2 3 3 1  603    0 
9 1 1 0 0 0 1 1 1  545    0 
9 1 0 1 1 0 2 2 1 1090    0 
9 1 1 0 1 1 2 2 1  541    0 
9 1 0 0 1 0 1 1 1  533    0 
9 1 1 0 3 3 4 4 1  622    0 
9 1 1 0 0 0 1 1 1  571    0 
9 1 0 0 2 1 2 2 1  787    0 
9 1 0 1 3 2 4 4 1  889    0 
9 1 1 0 2 2 3 3 1  652    0 
9 1 1 0 1 1 2 2 1  608    0 
9 1 0 0 3 2 3 3 1  862    0 
9 1 0 1 3 2 4 4 1  778    0 
9 1 1 1 3 3 4 4 1  905    0 
9 1 0 0 0 3 4 4 1  851    0 
9 1 0 0 3 2 3 3 1  839    0 
9 1 1 0 0 0 1 1 1  684    0 
9 1 0 0 2 1 2 2 1  550    0 
9 1 0 0 3 2 3 4 0  606    0 
9 1 1 1 2 2 3 3 1  738    0 
9 1 1 0 0 0 1 1 1  571    0 
9 1 1 0 2 2 3 3 1  570    0 
9 1 0 0 2 1 2 2 1  818    0 
9 1 1 0 2 2 3 3 1  567    0 
9 1 1 0 0 0 1 1 1  494    0 
9 1 0 0 0 3 4 4 1  817    0 
9 1 1 0 3 3 4 4 1  398    0 
9 1 1 0 0 0 1 1 1  517    0 
9 1 1 0 2 2 3 3 1  534    0 
9 1 1 1 1 1 2 2 1  919    0 
9 1 0 0 0 3 4 4 1  832   17 
9 1 0 0 0 3 4 4 1  350    0 
9 1 1 1 2 2 3 3 1  550    0 
9 1 0 0 2 1 2 2 1  726    0 
9 1 1 1 0 0 1 1 1  943    0 
9 1 0 0 0 3 4 4 1  832    0 
9 1 1 1 1 1 2 2 1  901    0 
9 1 0 0 3 2 3 3 1  775    0 
9 1 1 0 0 0 1 1 1  638    0 
9 1 1 1 3 3 4 4 1 1011    0 
9 1 1 0 2 2 3 3 1  553    0 
9 1 1 0 1 1 2 2 1  625    0 
9 1 1 1 1 1 2 2 1  590    0 
9 1 1 0 3 3 4 4 1  597    0 
9 1 1 0 0 0 1 1 1  563    0 
9 1 1 0 1 1 2 3 0  771    0 
9 1 0 0 3 2 3 3 1 1377    0 
9 1 0 0 3 2 3 3 1  424    0 
9 1 0 0 1 0 1 1 1  573    0 
9 1 1 0 3 3 4 4 1  533    0 
9 1 0 0 3 2 3 3 1 1109    0 
9 1 0 1 3 2 4 4 1  831    0 
9 1 1 0 0 0 1 1 1  589    0 
9 1 0 0 0 3 4 4 1  659    0 
9 1 1 0 1 1 2 2 1  559    0 
9 1 0 1 2 1 3 3 1  807    0 
9 1 1 1 3 3 4 4 1  837    0 
9 1 0 0 2 1 2 2 1  898    0 
9 1 0 0 2 1 2 2 1  413    0 
9 1 1 0 1 1 2 2 1  443    0 
9 1 1 0 2 2 3 3 1  639    0 
9 1 0 0 1 0 1 1 1  532    0 
9 1 1 0 3 3 4 4 1  477    0 
9 1 1 0 1 1 2 2 1  505    0 
9 1 1 1 2 2 3 3 1  731    0 
9 1 1 1 1 1 2 2 1  612    0 
9 1 0 0 3 2 3 3 1  914    0 
9 1 0 1 0 3 1 1 1  988    0 
9 1 1 0 1 1 2 2 1  659    0 
9 1 0 0 1 0 1 1 1  630    0 
9 1 1 0 0 0 1 1 1  468    0 
9 1 1 0 2 2 3 3 1  615    0 
