5 1 0 0 2 1 2 3 0 1686    0 
5 1 1 0 0 0 1 1 1  983    0 
5 1 0 1 3 2 4 4 1 1966    0 
5 1 0 1 0 3 1 1 1 1478   17 
5 1 1 0 3 3 4 4 1 1241    0 
5 1 0 0 3 2 3 3 1  854    0 
5 1 1 0 1 1 2 2 1  930    0 
5 1 0 0 3 2 3 3 1 1067    0 
5 1 1 0 1 1 2 2 1 1430    0 
5 1 1 0 2 2 3 3 1  804    0 
5 1 1 0 0 0 1 1 1  705   17 
5 1 0 1 1 0 2 2 1 1539    0 
5 1 0 0 3 2 3 4 0  836    0 
5 1 0 1 2 1 3 2 0 1511    0 
5 1 1 1 1 1 2 2 1 1439    0 
5 1 1 0 1 1 2 2 1 1491    0 
5 1 0 1 1 0 2 2 1 2134    0 
5 1 0 1 1 0 2 2 1 1199    0 
5 1 1 0 3 3 4 4 1  997    0 
5 1 0 0 1 0 1 1 1 1524   18 
5 1 0 1 0 3 1 1 1 1341    0 
5 1 1 0 2 2 3 3 1 1350    0 
5 1 1 0 1 1 2 2 1 1006    0 
5 1 1 1 2 2 3 3 1 1476    0 
5 1 0 0 0 3 4 4 1 1367    0 
5 1 0 1 3 2 4 4 1 1815    0 
5 1 1 0 1 1 2 2 1  861    0 
5 1 1 1 3 3 4 4 1 1305    0 
5 1 0 0 2 1 2 2 1 1698    0 
5 1 1 0 3 3 4 4 1  813    0 
5 1 0 0 1 0 1 1 1 1307    0 
5 1 0 1 0 3 1 1 1 1333    0 
5 1 1 0 3 3 4 4 1  982    0 
5 1 0 0 3 2 3 3 1 1037    0 
5 1 0 1 3 2 4 4 1 1138    0 
5 1 1 0 0 0 1 1 1  970    0 
5 1 1 0 1 1 2 2 1 1098    0 
5 1 0 0 1 0 1 1 1 1212    0 
5 1 0 0 0 3 4 1 0 1066    0 
5 1 1 0 1 1 2 2 1 1028    0 
5 1 1 0 3 3 4 4 1  969    0 
5 1 0 0 3 2 3 3 1 1616    0 
5 1 1 0 0 0 1 1 1  910    0 
5 1 0 0 2 1 2 2 1 1496    0 
5 1 0 1 2 1 3 3 1 1738    0 
5 1 0 0 3 2 3 3 1 2067    0 
5 1 0 0 0 3 4 4 1 1702    0 
5 1 1 0 2 2 3 3 1 1032    0 
5 1 1 1 3 3 4 4 1 1133    0 
5 1 0 0 3 2 3 3 1 1198    0 
5 1 1 1 2 2 3 3 1 1397    0 
5 1 0 0 3 2 3 4 0  995    0 
5 1 1 1 3 3 4 4 1 1128    0 
5 1 1 1 1 1 2 2 1 2153    0 
5 1 1 0 1 1 2 2 1 1369    0 
5 1 0 0 0 3 4 4 1 1681    0 
5 1 0 0 3 2 3 3 1 1452    0 
5 1 1 0 3 3 4 4 1 1216    0 
5 1 0 0 2 1 2 2 1 1414    0 
5 1 1 1 1 1 2 2 1 1204    0 
5 1 1 0 1 1 2 2 1 1170    0 
5 1 1 0 2 2 3 3 1 1105    0 
5 1 0 0 1 0 1 1 1 1163    0 
5 1 1 0 3 3 4 4 1  891    0 
5 1 1 0 3 3 4 4 1  886    0 
5 1 1 1 2 2 3 3 1 1089    0 
5 1 0 0 0 3 4 4 1 1235    0 
5 1 1 0 2 2 3 3 1  888    0 
5 1 0 0 1 0 1 1 1 1035    0 
5 1 0 0 1 0 1 1 1 1031    0 
5 1 1 0 0 0 1 1 1  940    0 
5 1 0 1 3 2 4 3 0 1109    0 
5 1 0 0 0 3 4 4 1 1189    0 
5 1 1 0 2 2 3 3 1 1004    0 
5 1 0 0 1 0 1 1 1  834    0 
5 1 0 1 0 3 1 1 1 1046   17 
5 1 0 0 0 3 4 4 1 1051    0 
5 1 1 0 0 0 1 1 1  887    0 
5 1 0 1 2 1 3 3 1 1202    0 
5 1 0 0 0 3 4 4 1  960    0 
5 1 0 0 3 2 3 3 1 1208    0 
5 1 0 0 2 1 2 2 1  902    0 
5 1 1 1 0 0 1 1 1 1696    0 
5 1 1 0 2 2 3 3 1  602    0 
5 1 0 0 1 0 1 1 1  656    0 
5 1 1 1 2 2 3 3 1 1220    0 
5 1 0 0 0 3 4 4 1  874    0 
5 1 1 0 0 0 1 1 1  709    0 
5 1 1 0 0 0 1 1 1  631    0 
5 1 0 0 2 1 2 2 1  756    0 
5 1 0 1 0 3 1 1 1 1116    0 
5 1 1 0 0 0 1 1 1  669    0 
5 1 0 0 0 3 4 4 1  673    0 
5 1 1 0 0 0 1 1 1  788    0 
5 1 1 0 0 0 1 1 1  643    0 
5 1 1 1 2 2 3 3 1  991    0 
5 1 0 0 2 1 2 2 1  734    0 
5 1 0 0 0 3 4 4 1  791    0 
5 1 0 0 1 0 1 1 1  557    0 
5 1 0 0 2 1 2 2 1  781    0 
5 1 0 0 0 3 4 4 1  733    0 
5 1 1 0 3 3 4 4 1  782    0 
5 1 0 0 1 0 1 1 1  637    0 
5 1 0 0 3 2 3 3 1  794    0 
5 1 1 0 2 2 3 3 1  697    0 
5 1 1 0 3 3 4 4 1  563    0 
5 1 0 0 2 1 2 2 1  643    0 
5 1 1 1 0 0 1 1 1 1312    0 
5 1 1 1 3 3 4 4 1  826    0 
5 1 0 0 0 3 4 1 0  647    0 
5 1 0 1 0 3 1 1 1 1322    0 
5 1 0 1 1 0 2 2 1 1603    0 
5 1 1 0 3 3 4 4 1  593    0 
5 1 0 0 2 1 2 2 1  664    0 
5 1 1 0 2 2 3 3 1  620    0 
5 1 0 0 2 1 2 2 1  857    0 
5 1 0 1 3 2 4 4 1 1133    0 
5 1 0 0 2 1 2 2 1  710    0 
5 1 0 0 2 1 2 2 1  552   18 
5 1 0 0 2 1 2 2 1 1360    0 
5 1 1 1 1 1 2 2 1 1376    0 
5 1 0 0 0 3 4 4 1 1215    0 
5 1 0 0 1 0 1 1 1 1381    0 
5 1 1 0 2 2 3 3 1  788    0 
5 1 0 0 1 0 1 1 1  611    0 
5 1 0 0 0 3 4 4 1  825    0 
5 1 0 0 1 0 1 1 1  646    0 
5 1 1 0 3 3 4 4 1  947    0 
5 1 1 0 3 3 4 4 1  532    0 
5 1 0 1 0 3 1 1 1  733    0 
5 1 1 1 2 2 3 3 1 1470    0 
5 1 0 0 2 1 2 2 1 1409    0 
5 1 0 0 3 2 3 3 1  607   11 
5 1 0 0 3 2 3 3 1  701    0 
5 1 0 0 1 0 1 2 0  703    0 
5 1 0 0 2 1 2 3 0 1119    0 
5 1 0 0 3 2 3 3 1 1030    0 
5 1 1 0 2 2 3 3 1  636    0 
5 1 1 0 3 3 4 4 1  840    0 
5 1 0 0 0 3 4 1 0  709    0 
5 1 0 0 2 1 2 2 1 1669    0 
5 1 1 0 1 1 2 2 1  512    0 
5 1 0 0 1 0 1 1 1  522    0 
5 1 1 0 0 0 1 1 1  579    0 
5 1 1 1 1 1 2 2 1 1283    0 
5 1 0 1 1 0 2 2 1  989    0 
5 1 1 0 1 1 2 2 1  700   18 
5 1 0 0 3 2 3 3 1  542    0 
5 1 1 0 1 1 2 2 1  567    0 
5 1 1 0 0 0 1 1 1  614    0 
5 1 1 1 0 0 1 1 1 1036    0 
5 1 0 1 3 2 4 3 0 1233    0 
5 1 1 0 2 2 3 3 1  923    0 
5 1 1 0 1 1 2 2 1  773    0 
5 1 1 0 0 0 1 1 1 1028    0 
5 1 1 0 1 1 2 2 1  577    0 
5 1 1 0 3 3 4 4 1  633    0 
5 1 1 1 2 2 3 3 1 1134    0 
5 1 1 1 2 2 3 3 1 1039    0 
5 1 1 0 3 3 4 4 1  643    0 
5 1 0 0 1 0 1 1 1  760    0 
5 1 1 1 2 2 3 3 1 1016   17 
5 1 1 0 0 0 1 1 1  694    0 
5 1 0 0 0 3 4 4 1 1000    0 
5 1 1 0 2 2 3 3 1  638    0 
5 1 1 0 1 1 2 2 1  755    0 
5 1 1 0 0 0 1 1 1  571    0 
5 1 0 0 3 2 3 3 1 1050    0 
5 1 1 0 0 0 1 1 1  566    0 
5 1 1 0 3 3 4 4 1  702    0 
5 1 1 0 1 1 2 2 1  600    0 
5 1 0 0 3 2 3 3 1 1062    0 
5 1 1 0 2 2 3 3 1  634    0 
5 1 1 0 1 1 2 2 1  670    0 
5 1 0 0 3 2 3 3 1  658    0 
5 1 0 1 2 1 3 3 1 1278    0 
5 1 1 0 1 1 2 2 1  721    0 
5 1 0 0 3 2 3 4 0  866    0 
5 1 0 0 1 0 1 1 1 1068    0 
5 1 0 1 2 1 3 3 1 1119    0 
5 1 1 0 2 2 3 3 1  632    0 
5 1 0 0 0 3 4 1 0  718    0 
5 1 1 0 3 3 4 4 1  845    0 
5 1 1 1 1 1 2 2 1  954    0 
5 1 1 0 2 2 3 3 1  690    0 
5 1 0 1 1 0 2 2 1 1604    0 
5 1 1 0 3 3 4 4 1  834    0 
5 1 1 1 0 0 1 1 1 1351    0 
5 1 1 1 1 1 2 2 1  863    0 
5 1 1 0 0 0 1 1 1  683    0 
5 1 0 0 0 3 4 4 1  613    0 
5 1 1 0 2 2 3 3 1  459    0 
5 1 1 0 0 0 1 1 1 2174    0 
5 1 1 0 3 3 4 4 1  701    0 
5 1 1 1 0 0 1 1 1 1207    0 
5 1 1 1 1 1 2 2 1 1421    0 
5 1 1 0 0 0 1 1 1  570    0 
5 1 1 0 3 3 4 4 1  617    0 
5 1 1 0 3 3 4 4 1  503    0 
5 1 1 1 3 3 4 4 1  921    0 
5 1 0 0 1 2 3 3 1 1154    0 
5 1 0 1 1 2 2 2 1  954    0 
5 1 1 1 0 0 1 1 1  698    0 
5 1 1 1 0 0 1 1 1  765    0 
5 1 1 0 1 1 2 2 1 1005    0 
5 1 0 1 3 0 4 4 1  771    0 
5 1 1 0 1 1 2 2 1  570    0 
5 1 0 0 2 3 4 4 1  953    0 
5 1 0 0 3 0 1 1 1  649    0 
5 1 1 0 3 3 4 4 1  558    0 
5 1 1 0 3 3 4 4 1  598    0 
5 1 1 0 1 1 2 2 1  621    0 
5 1 0 0 0 1 2 2 1  690    0 
5 1 1 0 3 3 4 4 1  685    0 
5 1 1 0 1 1 2 2 1  719    0 
5 1 0 1 2 3 3 3 1  737    0 
5 1 1 0 1 1 2 2 1  649    0 
5 1 0 0 1 2 3 3 1  662    0 
5 1 0 0 2 3 4 4 1  658    0 
5 1 0 0 2 3 4 4 1 1222    0 
5 1 1 0 1 1 2 2 1  699    0 
5 1 1 1 0 0 1 1 1 1158    0 
5 1 0 1 3 0 4 4 1  806    0 
5 1 1 1 1 1 2 2 1  684    0 
5 1 0 1 1 2 2 2 1 1350    0 
5 1 1 0 0 0 1 1 1  646    0 
5 1 1 0 3 3 4 4 1  627    0 
5 1 0 0 0 1 2 2 1 1216   18 
5 1 0 1 3 0 4 4 1  838    0 
5 1 0 0 3 0 1 1 1  978    0 
5 1 1 0 3 3 4 4 1  594    0 
5 1 0 0 2 3 4 2 0 1000    0 
5 1 0 0 1 2 3 3 1 1284    0 
5 1 1 1 0 0 1 1 1  903    0 
5 1 1 0 1 1 2 2 1  665    0 
5 1 1 0 1 1 2 2 1  821    0 
5 1 1 1 1 1 2 2 1  882    0 
5 1 1 0 3 3 4 4 1  798    0 
5 1 0 1 3 0 4 4 1 1892    0 
5 1 1 0 3 3 4 4 1  607    0 
5 1 1 0 0 0 1 1 1  621    0 
5 1 0 1 2 3 3 3 1 1290    0 
5 1 1 0 3 3 4 4 1 1413    0 
5 1 1 0 2 2 3 3 1  731    0 
5 1 0 1 3 0 4 4 1 1468    0 
5 1 1 0 2 2 3 3 1  903    0 
5 1 1 0 0 0 1 1 1  609    0 
5 1 1 0 1 1 2 2 1  575    0 
5 1 0 1 0 1 1 1 1 1543    0 
5 1 0 0 3 0 1 1 1 1575    0 
5 1 0 0 2 3 4 4 1 1431    0 
5 1 0 0 2 3 4 4 1  988    0 
5 1 0 0 2 3 4 4 1  747    0 
5 1 1 0 2 2 3 3 1  787    0 
5 1 0 0 2 3 4 4 1  818    0 
5 1 0 0 2 3 4 4 1 1199    0 
5 1 0 0 0 1 2 2 1 1286    0 
5 1 1 0 2 2 3 3 1  753    0 
5 1 1 1 1 1 2 2 1  961    0 
5 1 1 0 3 3 4 4 1  865    0 
5 1 0 0 2 3 4 4 1 1093    0 
5 1 0 1 1 2 2 2 1 1247    0 
5 1 1 0 3 3 4 4 1  780    0 
5 1 0 0 1 2 3 3 1 1707    0 
5 1 1 0 2 2 3 3 1  845    0 
5 1 1 0 0 0 1 1 1  698    0 
5 1 0 0 3 0 1 1 1 1373    0 
5 1 1 1 0 0 1 1 1 1244    0 
5 1 0 0 2 3 4 4 1  960    0 
5 1 0 0 1 2 3 3 1 1248    0 
5 1 1 0 3 3 4 4 1  733    0 
5 1 0 1 0 1 1 1 1 1990    0 
5 1 1 0 0 0 1 1 1  644    0 
5 1 1 0 2 2 3 3 1  705    0 
5 1 0 0 0 1 2 2 1  787    0 
5 1 1 0 2 2 3 3 1  930    0 
5 1 0 0 1 2 3 3 1 1011    0 
5 1 0 1 2 3 3 3 1  985    0 
5 1 1 0 1 1 2 2 1  600    0 
5 1 0 0 1 2 3 3 1  750    0 
5 1 1 0 2 2 3 3 1  758    0 
5 1 1 0 2 2 3 3 1  662    0 
5 1 1 0 2 2 3 3 1  746    0 
5 1 0 0 3 0 1 4 0  730    0 
5 1 0 1 1 2 2 2 1 1386    0 
5 1 0 1 2 3 3 3 1 1256    0 
5 1 1 1 0 0 1 1 1 1028    0 
5 1 0 1 2 3 3 3 1 1170    0 
5 1 0 0 1 2 3 3 1 1145    0 
5 1 0 0 1 2 3 3 1  969    0 
5 1 1 0 3 3 4 4 1  953    0 
5 1 1 0 2 2 3 3 1  857    0 
5 1 1 0 0 0 1 1 1  813    0 
5 1 0 0 1 2 3 3 1  931    0 
5 1 0 0 0 1 2 2 1  892    0 
5 1 1 0 0 0 1 1 1  855    0 
5 1 0 0 1 2 3 3 1 1115    0 
5 1 0 1 2 3 3 3 1 1117    0 
5 1 0 0 1 2 3 2 0 1366    0 
5 1 0 1 3 0 4 4 1 1563    0 
5 1 0 0 3 0 1 1 1 1083    0 
5 1 0 0 0 1 2 2 1 1046    0 
5 1 0 1 3 0 4 4 1 1131    0 
5 1 0 0 0 1 2 2 1 1324    0 
5 1 1 0 0 0 1 1 1  773    0 
5 1 1 0 0 0 1 1 1 1037    0 
5 1 1 0 0 0 1 1 1  809    0 
5 1 0 0 3 0 1 1 1 1167    0 
5 1 1 0 0 0 1 1 1  647    0 
5 1 0 0 1 2 3 3 1  907    0 
5 1 0 1 2 3 3 3 1 1557    0 
5 1 1 1 2 2 3 3 1  805    0 
5 1 0 0 0 1 2 2 1 1787    0 
5 1 1 0 3 3 4 4 1 1114    0 
5 1 1 0 2 2 3 3 1  644    0 
5 1 0 0 3 0 1 1 1 1080    0 
5 1 0 0 3 0 1 1 1  700    0 
5 1 0 1 0 1 1 1 1 2702    0 
5 1 1 0 2 2 3 3 1  680    0 
5 1 0 0 2 3 4 4 1 1459    0 
5 1 0 0 1 2 3 3 1 1615    0 
5 1 1 1 1 1 2 2 1 1125    0 
5 1 0 1 1 2 2 2 1 2518    0 
5 1 0 0 3 0 1 1 1 1200    0 
5 1 1 1 0 0 1 1 1  990    0 
5 1 0 1 2 3 3 3 1  780    0 
5 1 0 0 3 0 1 4 0 1012    0 
5 1 1 0 0 0 1 1 1  824    0 
5 1 0 0 1 2 3 3 1 1061    0 
5 1 0 0 1 2 3 3 1 1129    0 
5 1 0 0 0 1 2 2 1  730    0 
5 1 0 0 0 1 2 2 1 1139    0 
5 1 1 0 2 2 3 3 1  876    0 
5 1 0 0 3 0 1 4 0 1439    0 
5 1 0 0 3 0 1 1 1  914    0 
5 1 1 0 2 2 3 3 1  612    0 
5 1 1 0 2 2 3 3 1  682    0 
5 1 1 0 2 2 3 3 1  637    0 
5 1 0 0 1 2 3 3 1  938    0 
5 1 1 0 1 1 2 2 1  915    0 
5 1 0 0 2 3 4 4 1  725    0 
5 1 1 0 3 3 4 4 1  742    0 
5 1 1 0 1 1 2 2 1 1087    0 
5 1 1 0 1 1 2 2 1 1009    0 
5 1 1 1 3 3 4 4 1 1087    0 
5 1 1 0 1 1 2 2 1 1186    0 
5 1 0 1 0 1 1 1 1 1001    0 
5 1 1 0 3 3 4 4 1  895    0 
5 1 0 0 3 0 1 1 1 2121    0 
5 1 1 0 2 2 3 3 1  691    0 
5 1 0 0 2 3 4 4 1 1469    0 
5 1 1 0 2 2 3 3 1  961    0 
5 1 1 0 3 3 4 4 1 1176    0 
5 1 0 0 0 1 2 2 1 1408    0 
5 1 0 0 1 2 3 3 1  798    0 
5 1 0 1 3 0 4 4 1  932    0 
5 1 1 0 1 1 2 2 1 1270    0 
5 1 1 1 3 3 4 4 1 1249    0 
5 1 0 0 0 1 2 2 1 1598    0 
5 1 1 0 0 0 1 1 1 1148    0 
5 1 0 0 2 3 4 4 1 1637    0 
5 1 1 0 3 3 4 4 1  826    0 
5 1 0 1 3 0 4 4 1  895    0 
5 1 1 0 1 1 2 2 1  570    0 
5 1 1 1 1 1 2 2 1  905    0 
5 1 1 0 1 1 2 2 1  979    0 
5 1 0 0 0 1 2 2 1 1330    0 
5 1 1 0 0 0 1 1 1  948    0 
5 1 0 1 2 3 3 3 1  868    0 
5 1 0 0 2 3 4 4 1 1192    0 
5 1 0 0 0 1 2 2 1 1294    0 
5 1 1 1 2 2 3 3 1 1297    0 
5 1 0 0 0 1 2 2 1 1100    0 
5 1 0 1 0 1 1 1 1 1021    0 
5 1 0 1 0 1 1 1 1  883    0 
5 1 0 0 2 3 4 4 1  981    0 
5 1 1 0 1 1 2 2 1  901    0 
5 1 1 0 0 0 1 1 1  975    0 
5 1 0 0 1 2 3 3 1 1094    0 
5 1 1 0 2 2 3 3 1  985    0 
5 1 1 0 3 3 4 4 1  967    0 
5 1 0 0 0 1 2 2 1 1439    0 
5 1 1 0 0 0 1 1 1  939    0 
5 1 0 0 3 0 1 1 1 1244    0 
