1 1 0 0 1 2 3 0 0 5000    1 
1 1 0 1 0 1 1 2 0 3454    1 
1 1 1 0 0 0 1 1 1 4281    1 
1 1 1 0 3 3 4 4 1 1756    1 
1 1 0 0 3 0 1 1 1 4020    1 
1 1 0 0 1 2 3 3 1 1810    1 
1 1 0 1 2 3 3 3 1 4385    1 
1 1 0 0 2 3 4 4 1 2952    1 
1 1 1 1 2 2 3 3 1 4400    1 
1 1 1 0 1 1 2 2 1 2270    1 
1 1 0 1 2 3 3 3 1 2914    1 
1 1 1 0 1 1 2 2 1 2188    1 
1 1 1 0 2 2 3 3 1 2211    1 
1 1 1 0 2 2 3 3 1 2346    1 
1 1 0 1 1 2 2 2 1 1971    1 
1 1 1 0 2 2 3 3 1 2274    3 
1 1 1 1 0 0 1 1 1 1822    1 
1 1 0 0 1 2 3 3 1 4723    1 
1 1 1 1 2 2 3 3 1 2229    1 
1 1 1 0 1 1 2 2 1 1723    1 
1 1 0 1 2 3 3 3 1 2084    1 
1 1 1 0 1 1 2 2 1 1455    1 
1 1 0 1 0 1 1 1 1 3731    1 
1 1 0 0 3 0 1 1 1 2133    1 
1 1 0 1 0 1 1 1 1 1790    1 
1 1 1 0 0 0 1 1 1 1741    1 
1 1 1 0 2 2 3 3 1 2134    1 
1 1 0 0 0 1 2 2 1 1895    0 
1 1 0 1 3 0 4 4 1 1962    1 
1 1 1 0 3 3 4 4 1 1058    1 
1 1 1 0 2 2 3 3 1 2334    1 
1 1 1 0 3 3 4 4 1 2919    0 
1 1 1 0 0 0 1 1 1 2353    1 
1 1 1 0 3 3 4 0 0 5000    1 
1 1 1 0 2 2 3 3 1 1910    1 
1 1 1 1 2 2 3 3 1 1936    1 
1 1 0 1 1 2 2 2 1 2817    1 
1 1 0 1 3 0 4 4 1 2830    1 
1 1 1 0 1 1 2 2 1 1972    1 
1 1 0 1 2 3 3 3 1 1796    1 
1 1 1 0 3 3 4 4 1 1290    1 
1 1 1 0 1 1 2 2 1 2101    1 
1 1 0 1 3 0 4 4 1 2152    1 
1 1 1 1 2 2 3 3 1 1488    1 
1 1 1 0 0 0 1 1 1 2155    1 
1 1 1 0 0 0 1 1 1  875    1 
1 1 1 0 0 0 1 1 1  591    1 
1 1 0 0 3 0 1 1 1 2309    0 
1 1 1 0 1 1 2 2 1 1808    1 
1 1 1 0 3 3 4 4 1 2126    1 
1 1 1 0 1 1 2 2 1 2103    1 
1 1 0 1 3 0 4 4 1 1874    1 
1 1 0 0 2 3 4 4 1 1837    1 
1 1 1 1 0 0 1 1 1 1970    0 
1 1 1 0 3 3 4 4 1 1538    1 
1 1 1 0 1 1 2 2 1 1899    1 
1 1 1 0 1 1 2 2 1  653    1 
1 1 1 0 1 1 2 2 1  705    1 
1 1 0 0 2 3 4 4 1 1803    1 
1 1 0 0 3 0 1 1 1 1761    1 
1 1 1 1 2 2 3 3 1 1418    1 
1 1 1 1 0 0 1 1 1 2639    0 
1 1 1 0 0 0 1 1 1 1700    1 
1 1 1 0 2 2 3 3 1 1438    1 
1 1 1 0 0 0 1 1 1 1707    1 
1 1 1 0 2 2 3 3 1 2726    1 
1 1 0 1 2 3 3 3 1 1367    1 
1 1 0 0 1 2 3 3 1 1655    1 
1 1 0 0 0 1 2 2 1 1275    1 
1 1 1 0 2 2 3 3 1  910    1 
1 1 0 0 2 3 4 4 1 1121    1 
1 1 1 0 3 3 4 4 1 1562    1 
1 1 1 1 0 0 1 1 1 2194    1 
1 1 1 0 0 0 1 1 1 1041    1 
1 1 0 0 1 2 3 3 1 1630    1 
1 1 0 0 0 1 2 2 1 2900    0 
1 1 1 0 3 3 4 4 1 1182    1 
1 1 0 0 1 2 3 3 1 1773    1 
1 1 0 0 2 3 4 4 1 1340    1 
1 1 0 0 3 0 1 1 1 1549    1 
1 1 1 0 3 3 4 4 1 1301    1 
1 1 1 0 2 2 3 3 1 1488    1 
1 1 1 0 1 1 2 2 1 1395    1 
1 1 1 0 0 0 1 1 1 1241    1 
1 1 1 0 0 0 1 1 1 1150    1 
1 1 0 0 2 3 4 4 1 1150    1 
1 1 1 0 0 0 1 1 1 1151    1 
1 1 0 0 0 1 2 2 1 1167    1 
1 1 0 0 3 0 1 1 1 1566    1 
1 1 1 1 3 3 4 4 1 1766    1 
1 1 1 0 1 1 2 2 1 3133    1 
1 1 0 0 1 2 3 3 1 1014    1 
1 1 0 0 1 2 3 3 1  941    1 
1 1 1 0 0 0 1 1 1 1397    1 
1 1 1 0 0 0 1 1 1 1004    1 
1 1 0 0 0 1 2 2 1 1170    1 
1 1 1 0 2 2 3 3 1  986    1 
1 1 0 1 2 3 3 3 1 1585    1 
1 1 0 0 1 2 3 3 1 1040    1 
1 1 1 0 1 1 2 2 1  949    1 
1 1 1 1 3 3 4 4 1 1781    1 
1 1 0 0 1 2 3 3 1 1332    1 
1 1 0 0 1 2 3 3 1 1101    1 
1 1 0 0 1 2 3 3 1  911    1 
1 1 1 0 3 3 4 4 1 1050    1 
1 1 1 0 3 3 4 4 1 1006    1 
1 1 1 1 2 2 3 3 1 2372    1 
1 1 1 0 3 3 4 4 1 1123    1 
1 1 1 0 1 1 2 2 1 2349    1 
1 1 0 1 3 0 4 4 1 1773    1 
1 1 0 0 0 1 2 2 1 1949    1 
1 1 0 0 0 1 2 2 1  709    0 
1 1 0 0 3 0 1 1 1 2527    1 
1 1 0 0 2 3 4 4 1 2249    1 
1 1 1 0 2 2 3 3 1 1749    1 
1 1 0 0 2 3 4 4 1 2429    1 
1 1 1 0 3 3 4 4 1  771    1 
1 1 0 0 3 0 1 1 1 1818    1 
1 1 1 1 1 1 2 2 1 2032    1 
1 1 1 1 3 3 4 4 1 2293    1 
1 1 0 0 0 1 2 1 0 2016    1 
1 1 1 1 1 1 2 2 1 2268    1 
1 1 1 0 2 2 3 3 1 1255    1 
1 1 0 0 3 0 1 1 1 1859    1 
1 1 1 0 2 2 3 3 1 1448    1 
1 1 0 0 0 1 2 2 1 1724    1 
1 1 0 0 3 0 1 1 1 1094    1 
1 1 0 1 1 2 2 2 1 1737    1 
1 1 1 0 2 2 3 3 1 2146    1 
1 1 0 0 2 3 4 4 1 1635    1 
1 1 0 0 0 1 2 2 1 1544    1 
1 1 0 0 0 1 2 2 1  512    1 
1 1 0 0 3 0 1 1 1 1843    1 
1 1 0 1 2 3 3 3 1 1375    1 
1 1 0 0 2 3 4 4 1 1647    1 
1 1 0 0 3 0 1 2 0 2036    1 
1 1 1 0 2 2 3 3 1 1839    1 
1 1 0 1 0 1 1 1 1 1444    1 
1 1 1 1 1 1 2 2 1 1625    1 
1 1 1 0 0 0 1 1 1 1766    1 
1 1 1 1 3 3 4 4 1 1694    1 
1 1 1 0 0 0 1 1 1 2217    1 
1 1 1 0 1 1 2 2 1 1590    1 
1 1 1 0 0 0 1 1 1 1237    1 
1 1 0 0 1 2 3 3 1 1490    1 
1 1 0 0 3 0 1 1 1 2013    1 
1 1 0 1 1 2 2 2 1 1787    0 
1 1 0 0 3 0 1 1 1 2162    1 
1 1 1 0 0 0 1 1 1  674    1 
1 1 0 0 0 1 2 2 1 1502    1 
1 1 1 1 2 2 3 3 1 1432    1 
1 1 0 1 2 3 3 3 1 1661    1 
1 1 0 0 3 0 1 1 1 1497    1 
1 1 0 0 2 3 4 4 1 1836    1 
1 1 1 0 3 3 4 4 1 1073    1 
1 1 0 0 3 0 1 1 1 1612    1 
1 1 0 0 3 0 1 1 1  675    1 
1 1 1 1 0 0 1 1 1 1854    1 
1 1 0 0 0 1 2 2 1 1290    1 
1 1 0 0 3 0 1 1 1 1669    1 
1 1 1 0 2 2 3 3 1 1297    1 
1 1 1 0 1 1 2 2 1 1524    1 
1 1 0 0 0 1 2 2 1  605    1 
1 1 1 1 0 0 1 1 1 2123    1 
1 1 1 1 2 2 3 3 1 1653    0 
1 1 0 0 1 2 3 3 1 2337    1 
1 1 0 0 2 3 4 4 1 1370    1 
1 1 0 1 0 1 1 1 1 1258    1 
1 1 0 0 3 0 1 1 1 1542    1 
1 1 0 1 3 0 4 4 1 2471    1 
1 1 1 0 2 2 3 3 1 2354    1 
1 1 1 0 0 0 1 1 1 2083    1 
1 1 0 0 2 3 4 4 1 1637    1 
1 1 0 0 1 2 3 3 1 1034    1 
1 1 0 0 3 0 1 1 1 1119    1 
1 1 0 0 1 2 3 3 1 1081    1 
1 1 0 0 1 2 3 3 1  812    1 
1 1 0 1 1 2 2 2 1 1650    1 
1 1 0 0 1 2 3 3 1 1447    1 
1 1 0 0 3 0 1 1 1 1868    1 
1 1 1 1 0 0 1 1 1 1943    1 
1 1 0 1 1 2 2 2 1 1680    1 
1 1 0 0 0 1 2 2 1 1596    1 
1 1 1 0 2 2 3 3 1 1514    1 
1 1 1 0 0 0 1 1 1 1109    2 
1 1 0 0 1 2 3 3 1 1519    1 
1 1 1 0 3 3 4 4 1 1360    1 
1 1 1 0 3 3 4 4 1  785    9 
1 1 1 0 1 1 2 2 1 1335    1 
1 1 0 0 0 1 2 2 1  968    2 
1 1 0 1 1 2 2 2 1 1760    1 
1 1 0 0 1 2 3 3 1  928    1 
1 1 0 0 0 2 3 3 1 3868    1 
1 1 0 1 0 2 1 1 1 2864    1 
1 1 1 0 0 0 1 1 1 2020    1 
1 1 1 0 0 0 1 1 1 1026    1 
1 1 1 1 2 2 3 3 1 1599    1 
1 1 0 0 2 0 1 1 1 1805    1 
1 1 1 0 1 1 2 2 1 1244    1 
1 1 0 1 1 3 2 2 1 1376    1 
1 1 0 0 1 3 4 4 1 1192    1 
1 1 0 0 2 0 1 1 1 1551    1 
1 1 1 0 0 0 1 1 1 1095    1 
1 1 1 0 2 2 3 3 1 2114    1 
1 1 1 0 1 1 2 2 1  876    1 
1 1 0 0 3 1 2 2 1 1424    1 
1 1 0 0 3 1 2 2 1  749    1 
1 1 1 0 3 3 4 4 1 1381    1 
1 1 1 0 2 2 3 3 1 1421    1 
1 1 0 0 2 0 1 1 1  906    1 
1 1 0 1 3 1 4 4 1 1741    1 
1 1 0 1 0 2 1 1 1 1709    1 
1 1 0 1 2 0 3 3 1 1544    1 
1 1 0 1 1 3 2 2 1 1825    1 
1 1 1 0 1 1 2 2 1 1022    1 
1 1 0 0 2 0 1 1 1 1668    1 
1 1 1 1 3 3 4 4 1 1439    1 
1 1 0 0 1 3 4 4 1 1428    1 
1 1 0 0 2 0 1 1 1 1114    1 
1 1 1 0 1 1 2 2 1  756    1 
1 1 0 1 2 0 3 3 1 2012    1 
1 1 0 0 3 1 2 2 1 1186    1 
1 1 1 0 3 3 4 4 1 1617    0 
1 1 1 0 2 2 3 3 1 1703    2 
1 1 0 1 3 1 4 4 1 1441    1 
1 1 0 1 1 3 2 2 1 3054    1 
1 1 0 0 2 0 1 1 1 1082    1 
1 1 0 0 2 0 1 1 1 1533    0 
1 1 0 0 3 1 2 2 1 1126    1 
1 1 0 0 0 2 3 3 1 1535    1 
1 1 0 0 3 1 2 2 1 1368    1 
1 1 0 0 2 0 1 1 1 1688    1 
1 1 0 1 0 2 1 1 1 1147    1 
1 1 1 0 3 3 4 4 1 1307    0 
1 1 0 1 2 0 3 3 1 2462    1 
1 1 0 1 2 0 3 3 1 1514    1 
1 1 1 0 1 1 2 2 1 1148    1 
1 1 1 0 0 0 1 1 1 1333    1 
1 1 0 0 3 1 2 2 1 1302    1 
1 1 1 0 3 3 4 4 1 1264    1 
1 1 1 0 2 2 3 3 1 1356    1 
1 1 1 0 0 0 1 1 1 1428    1 
1 1 0 0 0 2 3 3 1 1002    1 
1 1 1 0 1 1 2 2 1  960    1 
1 1 1 1 2 2 3 3 1 2376    1 
1 1 0 0 3 1 2 2 1 1360    1 
1 1 1 0 3 3 4 4 1 1112    1 
1 1 1 0 3 3 4 4 1 1258    1 
1 1 0 0 0 2 3 3 1 1150    1 
1 1 1 0 3 3 4 4 1 1199    1 
1 1 0 1 2 0 3 3 1 1445    1 
1 1 0 1 2 0 3 3 1 1386    1 
1 1 0 1 0 2 1 1 1 1801    0 
1 1 1 0 2 2 3 3 1 1519    1 
1 1 1 0 1 1 2 2 1 2240    1 
1 1 0 0 0 2 3 3 1 1629    1 
1 1 1 0 0 0 1 1 1 1155    1 
1 1 1 0 1 1 2 2 1 1331    1 
1 1 0 1 1 3 2 2 1 2421    0 
1 1 1 0 2 2 3 3 1 2714    1 
1 1 1 0 3 3 4 4 1 1533    1 
1 1 0 1 2 0 3 3 1 2157    1 
1 1 1 0 0 0 1 1 1 1302    1 
1 1 1 0 2 2 3 3 1 1056    1 
1 1 0 0 3 1 2 2 1 1044    1 
1 1 1 0 1 1 2 2 1 1233    1 
1 1 0 0 0 2 3 3 1 1038    1 
1 1 0 0 1 3 4 4 1 1731    1 
1 1 1 0 1 1 2 2 1 1332    1 
1 1 0 0 0 2 3 3 1 1869    1 
1 1 0 0 0 2 3 3 1  897    1 
1 1 0 0 1 3 4 4 1 1027    1 
1 1 1 1 0 0 1 1 1 1753    1 
1 1 1 0 2 2 3 3 1 1601    1 
1 1 1 0 0 0 1 1 1 1415    1 
1 1 0 0 1 3 4 4 1  893    1 
1 1 1 0 2 2 3 3 1 1096    1 
1 1 0 0 1 3 4 4 1 1035    1 
1 1 1 0 0 0 1 1 1 1191    1 
1 1 1 0 0 0 1 1 1  934    1 
1 1 0 0 1 3 4 4 1 1031    1 
1 1 0 1 1 3 2 2 1 1629    1 
1 1 1 0 3 3 4 4 1 1506    1 
1 1 1 1 0 0 1 1 1 1700    1 
1 1 1 1 1 1 2 2 1 1247    1 
1 1 0 1 3 1 4 4 1 1547    1 
1 1 0 0 2 0 1 1 1 1492    1 
1 1 0 0 3 1 2 2 1  919    1 
1 1 0 1 1 3 2 2 1 2225    1 
1 1 1 1 2 2 3 3 1 1558    1 
1 1 1 0 2 2 3 3 1 1367    1 
1 1 0 0 3 1 2 2 1 1798    1 
1 1 1 0 1 1 2 2 1  725    1 
1 1 1 0 2 2 3 3 1 1126    0 
1 1 0 0 1 3 4 4 1 2080    1 
1 1 1 0 2 2 3 3 1 1156    1 
1 1 0 1 0 2 1 1 1 1572    1 
1 1 0 1 0 2 1 1 1  899    1 
1 1 1 0 3 3 4 4 1 1405    1 
1 1 1 0 2 2 3 3 1  924    1 
1 1 0 0 1 3 4 4 1 1389    1 
1 1 0 0 3 1 2 2 1 1268    1 
1 1 1 0 1 1 2 2 1 1392    0 
1 1 1 0 2 2 3 3 1 1094    1 
1 1 1 1 2 2 3 3 1 1585    1 
1 1 1 0 0 0 1 1 1 1616    1 
1 1 0 1 3 1 4 4 1 1614    1 
1 1 0 0 0 2 3 3 1 1684    1 
1 1 0 0 3 1 2 2 1 1031    1 
1 1 0 0 1 3 4 4 1 1428    0 
1 1 1 0 0 0 1 1 1 1610    1 
1 1 1 0 1 1 2 2 1 1192    1 
1 1 1 0 1 1 2 2 1 1567    1 
1 1 1 0 2 2 3 3 1  983    1 
1 1 0 0 3 1 2 2 1 2669    1 
1 1 1 1 0 0 1 1 1 1281    1 
1 1 1 0 1 1 2 2 1  932    1 
1 1 0 0 1 3 4 4 1 1037    1 
1 1 1 1 0 0 1 1 1 1514    1 
1 1 1 0 2 2 3 3 1 1084    1 
1 1 0 0 3 1 2 2 1 1303    1 
1 1 0 0 3 1 2 2 1  825    1 
1 1 1 0 1 1 2 2 1  655    1 
1 1 1 0 2 2 3 3 1 1955    1 
1 1 1 1 1 1 2 2 1 1507    1 
1 1 0 0 1 3 4 4 1 1118    1 
1 1 1 0 0 0 1 1 1 1599    1 
1 1 0 0 0 2 3 3 1  909    1 
1 1 1 0 2 2 3 3 1  959    0 
1 1 1 0 3 3 4 4 1  976    1 
1 1 1 1 3 3 4 4 1 1391    1 
1 1 0 1 0 2 1 1 1 1990    1 
1 1 0 0 0 2 3 3 1 2141    1 
1 1 0 0 2 0 1 1 1 1198    1 
1 1 0 0 1 3 4 4 1 1077    1 
1 1 0 1 1 3 2 2 1 1624    1 
1 1 1 0 0 0 1 1 1 1510    1 
1 1 0 1 2 0 3 3 1 2024    1 
1 1 0 0 2 0 1 1 1 2190    1 
1 1 0 1 1 3 2 2 1 1332    1 
1 1 1 1 1 1 2 2 1 1365    0 
1 1 1 1 0 0 1 1 1 1357    1 
1 1 0 0 1 3 4 4 1 2053    1 
1 1 1 0 1 1 2 2 1 1313    1 
1 1 1 0 1 1 2 2 1  836    0 
1 1 1 0 0 0 1 1 1 1120    1 
1 1 1 0 0 0 1 1 1 2322    1 
1 1 0 0 3 1 2 2 1 1739    1 
1 1 1 0 3 3 4 4 1 1836    1 
1 1 0 0 0 2 3 3 1 1097    1 
1 1 1 0 1 1 2 2 1 1700    1 
1 1 0 0 2 0 1 1 1 1126    1 
1 1 1 0 0 0 1 1 1  936    1 
1 1 0 0 1 3 4 4 1  897    3 
1 1 1 0 2 2 3 3 1 1100    1 
1 1 0 0 3 1 2 2 1 1086    1 
1 1 0 0 2 0 1 1 1 1121    1 
1 1 1 0 0 0 1 1 1  970    1 
1 1 0 0 3 1 2 2 1 1178    1 
1 1 1 0 3 3 4 4 1 1081    1 
1 1 1 0 3 3 4 4 1  709    1 
1 1 0 0 0 2 3 3 1 1407    1 
1 1 1 0 1 1 2 2 1  997    1 
1 1 1 0 1 1 2 2 1  876    1 
1 1 1 1 3 3 4 4 1 1943    1 
1 1 0 0 2 0 1 1 1 1384    1 
1 1 1 0 3 3 4 4 1 1359    1 
1 1 1 0 0 0 1 1 1 1079    1 
1 1 1 0 0 0 1 1 1  995    1 
1 1 0 0 2 0 1 1 1  778    1 
1 1 1 0 0 0 1 1 1  473    1 
1 1 0 0 0 2 3 3 1  997    1 
1 1 0 0 2 0 1 1 1 1339    0 
1 1 1 0 3 3 4 4 1 1036    1 
1 1 0 0 3 1 2 2 1 1097    1 
1 1 1 0 3 3 4 4 1 1196    1 
1 1 0 0 1 3 4 2 0 1107    1 
1 1 0 1 3 1 4 4 1 1899    1 
1 1 1 1 0 0 1 1 1 1629    1 
1 1 0 1 3 1 4 4 1 2491    1 
1 1 1 0 3 3 4 4 1 1798    1 
1 1 0 1 2 0 3 3 1 2725    1 
1 1 0 1 3 1 4 4 1 2142    1 
1 1 1 1 3 3 4 4 1 1607    1 
