7 1 1 0 0 0 1 1 1 1387    1 
7 1 0 1 1 0 2 2 1  786    1 
7 1 1 1 2 2 3 3 1 1225    1 
7 1 1 0 1 1 2 2 1 1590    1 
7 1 1 1 0 0 1 1 1  693    1 
7 1 1 0 2 2 3 3 1 1320    1 
7 1 1 0 3 3 4 4 1 1673    1 
7 1 1 1 2 2 3 3 1 1349    1 
7 1 1 0 0 0 1 1 1  869    1 
7 1 0 0 0 3 4 4 1 1057    1 
7 1 1 0 3 3 4 4 1  685    1 
7 1 1 0 2 2 3 3 1  760    1 
7 1 0 0 2 1 2 2 1  696    1 
7 1 0 0 0 3 4 4 1  755    1 
7 1 1 0 0 0 1 1 1  963    1 
7 1 1 0 2 2 3 3 1  827    1 
7 1 0 1 0 3 1 1 1 1320    1 
7 1 0 0 3 2 3 3 1 1442    1 
7 1 0 0 3 2 3 4 0 1375    1 
7 1 1 0 3 3 4 4 1  932    1 
7 1 1 0 0 0 1 1 1  909    0 
7 1 1 0 3 3 4 4 1  727    1 
7 1 0 1 1 0 2 2 1 1017  140 
7 1 1 0 1 1 2 2 1  790    1 
7 1 1 0 1 1 2 2 1  597    1 
7 1 0 0 3 2 3 3 1 1468    1 
7 1 0 1 3 2 4 4 1 2112    1 
7 1 0 1 2 1 3 3 1 1570    1 
7 1 1 0 3 3 4 4 1  673    1 
7 1 0 0 1 0 1 2 0  637    1 
7 1 0 0 0 3 4 4 1 2376    1 
7 1 0 0 3 2 3 3 1 1335    1 
7 1 1 1 1 1 2 2 1 1048    1 
7 1 0 0 3 2 3 3 1 1309    1 
7 1 0 0 2 1 2 2 1 1239    1 
7 1 1 0 3 3 4 4 1  708    1 
7 1 1 1 0 0 1 1 1 1246    1 
7 1 0 0 3 2 3 3 1  979    1 
7 1 0 0 0 3 4 4 1 1507    0 
7 1 0 0 1 0 1 2 0 1045    1 
7 1 1 0 0 0 1 1 1 1632    1 
7 1 1 0 1 1 2 2 1  925    1 
7 1 1 1 0 0 1 1 1 1135    1 
7 1 0 1 2 1 3 3 1 1272    1 
7 1 0 0 2 1 2 4 0  947    1 
7 1 1 1 0 0 1 1 1 1330    1 
7 1 1 0 2 2 3 3 1 1211    1 
7 1 0 0 2 1 2 2 1 1546    1 
7 1 0 0 0 3 4 4 1  906   91 
7 1 1 1 1 1 2 2 1 1621    1 
7 1 1 0 2 2 3 3 1 1010    1 
7 1 1 0 1 1 2 2 1  720    1 
7 1 0 1 0 3 1 1 1 1290    1 
7 1 0 0 0 3 4 4 1  861    1 
7 1 1 0 1 1 2 2 1  857    1 
7 1 1 1 1 1 2 2 1 1013    1 
7 1 0 1 2 1 3 3 1 1195    1 
7 1 1 1 1 1 2 2 1  898    1 
7 1 1 1 0 0 1 1 1 1445    1 
7 1 1 1 0 0 1 1 1  650    1 
7 1 1 0 1 1 2 2 1 1030    1 
7 1 1 0 3 3 4 4 1  787    1 
7 1 0 0 3 2 3 3 1  930    1 
7 1 0 0 0 3 4 4 1 1036    1 
7 1 1 1 2 2 3 3 1  745    1 
7 1 1 0 3 3 4 4 1  842   22 
7 1 1 1 3 3 4 4 1  854    1 
7 1 0 0 2 1 2 2 1 1050    1 
7 1 0 0 1 0 1 2 0  895    1 
7 1 1 0 2 2 3 3 1  759    1 
7 1 1 0 3 3 4 4 1  608    1 
7 1 1 1 3 3 4 4 1  838    1 
7 1 1 0 3 3 4 4 1  579    1 
7 1 0 0 3 2 3 3 1  890    1 
7 1 1 0 2 2 3 3 1  685    1 
7 1 1 0 3 3 4 4 1  712    1 
7 1 0 0 0 3 4 4 1 1354    1 
7 1 0 0 0 3 4 4 1  706    1 
7 1 1 0 3 3 4 4 1  956    1 
7 1 1 0 2 2 3 3 1  692    1 
7 1 0 0 2 1 2 2 1 1031    1 
7 1 0 0 0 3 4 4 1  885    1 
7 1 1 1 3 3 4 4 1  767    1 
7 1 0 1 3 2 4 4 1 1599    1 
7 1 0 0 1 0 1 1 1 1045    1 
7 1 0 0 0 3 4 4 1  858    1 
7 1 0 0 0 3 4 4 1  470    1 
7 1 1 0 2 2 3 3 1  530    1 
7 1 0 0 2 1 2 2 1  691    1 
7 1 0 0 1 0 1 1 1  486    1 
7 1 0 0 0 3 4 4 1  897    1 
7 1 1 0 2 2 3 3 1  667    1 
7 1 1 0 0 0 1 1 1  607    1 
7 1 1 0 2 2 3 3 1  685    1 
7 1 0 0 1 0 1 1 1 1096    0 
7 1 0 0 0 3 4 4 1  771    0 
7 1 0 0 1 0 1 2 0  962    1 
7 1 0 0 0 3 4 4 1  784    1 
7 1 0 0 2 1 2 2 1 1079   22 
7 1 1 1 1 1 2 2 1  963    1 
7 1 0 1 0 3 1 4 0  923    1 
7 1 0 0 1 0 1 1 1 1002    1 
7 1 1 0 3 3 4 4 1  825    1 
7 1 0 0 2 1 2 2 1 1414    0 
7 1 1 1 2 2 3 3 1  772    1 
7 1 0 1 3 2 4 4 1 1124    1 
7 1 0 1 2 1 3 3 1 2109    1 
7 1 0 0 2 1 2 2 1  936    1 
7 1 0 0 3 2 3 3 1 1584    1 
7 1 1 0 3 3 4 4 1  831    1 
7 1 1 1 0 0 1 1 1  877    1 
7 1 0 0 2 1 2 2 1 1248    1 
7 1 1 0 1 1 2 2 1 1421    1 
7 1 0 0 0 3 4 4 1  795    1 
7 1 1 0 0 0 1 1 1  985    1 
7 1 0 0 1 0 1 1 1 1000    1 
7 1 1 0 3 3 4 4 1  582    1 
7 1 1 1 1 1 2 2 1 1133    1 
7 1 1 0 2 2 3 3 1  750    1 
7 1 0 0 3 2 3 4 0  766    1 
7 1 1 1 1 1 2 2 1  892    1 
7 1 1 0 0 0 1 1 1  775    1 
7 1 0 0 0 3 4 4 1  742    1 
7 1 1 0 2 2 3 3 1  631    1 
7 1 0 0 1 0 1 1 1 2452    1 
7 1 0 0 1 0 1 1 1  737    1 
7 1 0 1 0 3 1 1 1  882    1 
7 1 0 0 2 1 2 2 1  933    1 
7 1 1 0 3 3 4 4 1 1230    1 
7 1 1 0 3 3 4 4 1  459    1 
7 1 0 1 0 3 1 1 1 1079    1 
7 1 1 0 3 3 4 4 1  675    1 
7 1 0 1 3 2 4 3 0 1166    1 
7 1 1 0 0 0 1 1 1 1060   88 
7 1 0 0 1 0 1 1 1 1088    1 
7 1 1 0 3 3 4 4 1  587    1 
7 1 0 0 0 3 4 4 1 1258    1 
7 1 0 0 1 0 1 2 0 1262    1 
7 1 0 0 1 0 1 1 1  872    0 
7 1 0 1 1 0 2 2 1 1028    1 
7 1 0 0 2 1 2 2 1 1897    1 
7 1 1 0 2 2 3 3 1  732    1 
7 1 1 1 3 3 4 4 1 1021    1 
7 1 0 1 2 1 3 3 1 2210    1 
7 1 1 1 3 3 4 4 1  897    1 
7 1 0 0 1 0 1 1 1 1860    1 
7 1 1 1 0 0 1 1 1  800    1 
7 1 0 1 1 0 2 2 1 1478    1 
7 1 1 0 2 2 3 3 1  617    1 
7 1 1 1 1 1 2 2 1 1103    1 
7 1 1 0 1 1 2 2 1  745    1 
7 1 0 0 3 2 3 1 0 1546    1 
7 1 1 0 3 3 4 4 1  977    1 
7 1 0 0 2 1 2 2 1  960    1 
7 1 0 1 1 0 2 2 1 1377    1 
7 1 0 0 1 0 1 1 1  816    1 
7 1 1 0 1 1 2 2 1  702    1 
7 1 1 0 2 2 3 3 1  720    1 
7 1 1 0 2 2 3 3 1  537    1 
7 1 0 0 0 3 4 4 1 1330    1 
7 1 1 0 1 1 2 2 1 1012    1 
7 1 1 1 2 2 3 3 1  778    1 
7 1 0 0 3 2 3 3 1 1017    1 
7 1 1 1 3 3 4 4 1  935    1 
7 1 1 0 1 1 2 2 1  984    1 
7 1 0 0 0 3 4 4 1 1150    1 
7 1 1 0 2 2 3 3 1  615    1 
7 1 1 0 2 2 3 3 1  701    1 
7 1 1 0 3 3 4 4 1  599    1 
7 1 0 0 1 0 1 1 1  829    1 
7 1 0 0 3 2 3 3 1 1474    1 
7 1 1 0 0 0 1 1 1  694    1 
7 1 1 0 2 2 3 3 1  609    1 
7 1 0 0 0 3 4 4 1 1031    1 
7 1 0 0 3 2 3 3 1 1492    1 
7 1 0 0 1 0 1 1 1 1175    1 
7 1 0 0 0 3 4 4 1  759    1 
7 1 0 0 2 1 2 2 1  991    1 
7 1 1 1 0 0 1 1 1  750    1 
7 1 0 0 0 3 4 4 1  782    1 
7 1 1 0 0 0 1 1 1  773    1 
7 1 0 0 1 0 1 1 1  820    1 
7 1 0 0 3 2 3 3 1  706    1 
7 1 1 0 1 1 2 2 1  708    1 
7 1 1 0 1 1 2 2 1  622    1 
7 1 0 0 3 2 3 3 1  868    1 
7 1 0 0 1 0 1 1 1  559   27 
7 1 0 0 1 0 1 1 1  487    1 
7 1 0 0 2 1 2 2 1 1010    1 
7 1 1 0 2 2 3 3 1  720    1 
7 1 0 0 2 1 2 2 1  666    1 
7 1 1 1 3 3 4 4 1  669    1 
7 1 0 0 3 0 1 1 1 1142    0 
7 1 1 0 1 1 2 2 1  631    1 
7 1 1 0 0 0 1 1 1  460    1 
7 1 1 0 2 2 3 3 1  672    0 
7 1 1 0 3 3 4 4 1  532    1 
7 1 0 1 0 1 1 1 1  949    1 
7 1 1 0 3 3 4 4 1  805    1 
7 1 1 0 0 0 1 1 1  404    1 
7 1 0 1 3 0 4 4 1  754    1 
7 1 0 0 1 2 3 3 1 1122    1 
7 1 1 0 2 2 3 3 1  491    1 
7 1 0 1 1 2 2 2 1  838    1 
7 1 1 0 2 2 3 3 1  739    1 
7 1 0 1 0 1 1 1 1  724    1 
7 1 0 1 0 1 1 1 1  901    1 
7 1 1 0 0 0 1 1 1  519    1 
7 1 0 0 2 3 4 4 1  825    1 
7 1 1 0 0 0 1 1 1  566    1 
7 1 1 0 1 1 2 2 1  726    1 
7 1 1 0 0 0 1 1 1  992    1 
7 1 1 1 3 3 4 4 1  854    1 
7 1 1 0 1 1 2 2 1  906    1 
7 1 0 0 1 2 3 3 1 1021    1 
7 1 1 0 3 3 4 4 1  594    1 
7 1 0 0 1 2 3 3 1  737    1 
7 1 1 0 1 1 2 2 1 1410    1 
7 1 1 1 1 1 2 2 1  664    1 
7 1 1 1 0 0 1 1 1  612    1 
7 1 1 0 1 1 2 2 1  722    1 
7 1 1 0 1 1 2 2 1  572    0 
7 1 0 0 2 3 4 4 1  883    1 
7 1 1 1 2 2 3 3 1  678    1 
7 1 1 1 1 1 2 2 1  689    0 
7 1 0 1 0 1 1 1 1  716    1 
7 1 1 0 1 1 2 2 1  694    1 
7 1 0 0 1 2 3 3 1  600    1 
7 1 0 0 3 0 1 1 1  711    1 
7 1 0 0 0 1 2 1 0  745    1 
7 1 0 1 1 2 2 2 1 1208    1 
7 1 0 0 3 0 1 1 1  622    1 
7 1 0 1 3 0 4 4 1  900    1 
7 1 0 0 3 0 1 1 1 1061    1 
7 1 0 0 3 0 1 1 1  490    1 
7 1 1 0 3 3 4 4 1  540    1 
7 1 0 1 2 3 3 3 1  725    1 
7 1 1 0 2 2 3 3 1  519    1 
7 1 0 0 1 2 3 3 1  992    1 
7 1 0 0 0 1 2 2 1 1087    1 
7 1 1 0 3 3 4 4 1  570    1 
7 1 1 0 1 1 2 2 1 1561    1 
7 1 1 1 2 2 3 3 1  929    1 
7 1 0 0 2 3 4 4 1  731    1 
7 1 1 0 1 1 2 2 1 1092    1 
7 1 0 0 3 0 1 1 1 1191    1 
7 1 1 0 2 2 3 3 1  550    1 
7 1 1 0 3 3 4 4 1  590    1 
7 1 1 1 2 2 3 3 1  725    1 
7 1 1 1 2 2 3 3 1  631    1 
7 1 1 0 0 0 1 1 1  652    1 
7 1 0 0 1 2 3 3 1  872    0 
7 1 0 1 0 1 1 2 0  924    1 
7 1 0 0 3 0 1 1 1 2091    1 
7 1 1 0 2 2 3 3 1  550    1 
7 1 1 1 0 0 1 1 1  806    1 
7 1 0 0 0 1 2 2 1  844    1 
7 1 0 1 3 0 4 4 1  865    1 
7 1 0 0 2 3 4 4 1  957    1 
7 1 1 0 0 0 1 1 1  621    1 
7 1 1 1 1 1 2 2 1  746    1 
7 1 1 1 3 3 4 4 1  699    1 
7 1 1 0 3 3 4 4 1  509    0 
7 1 0 0 1 2 3 3 1  704    1 
7 1 1 0 0 0 1 1 1  618    1 
7 1 0 0 2 3 4 4 1 1183    1 
7 1 1 0 1 1 2 2 1  718    1 
7 1 1 0 2 2 3 3 1  639    1 
7 1 0 1 3 0 4 4 1  844    1 
7 1 1 0 1 1 2 2 1  713    1 
7 1 1 0 0 0 1 1 1  651    1 
7 1 1 0 3 3 4 4 1  927    1 
7 1 0 0 3 0 1 1 1  889    1 
7 1 0 0 2 3 4 4 1  924    1 
7 1 0 0 2 3 4 4 1  501    1 
7 1 0 0 2 3 4 4 1  463    1 
7 1 0 0 1 2 3 3 1  731    1 
7 1 1 0 3 3 4 4 1  621    1 
7 1 1 0 0 0 1 1 1  578    1 
7 1 0 0 0 1 2 2 1  554    1 
7 1 0 0 3 0 1 1 1  674    1 
7 1 1 0 2 2 3 3 1  613    1 
7 1 0 0 3 0 1 1 1  700    0 
7 1 0 0 2 3 4 4 1  830    1 
7 1 1 1 0 0 1 1 1  739    1 
7 1 1 0 2 2 3 3 1  572    1 
7 1 1 1 0 0 1 1 1  668    1 
7 1 1 1 2 2 3 3 1  831    1 
7 1 1 1 3 3 4 4 1  668    1 
7 1 1 0 2 2 3 3 1  600    1 
7 1 0 1 2 3 3 3 1  870    1 
7 1 1 0 0 0 1 1 1  618    1 
7 1 0 0 2 3 4 4 1  759    1 
7 1 1 0 2 2 3 3 1  519    1 
7 1 1 1 0 0 1 1 1  769    1 
7 1 0 0 3 0 1 1 1  776    1 
7 1 1 1 2 2 3 3 1  704    1 
7 1 1 0 1 1 2 2 1  610    1 
7 1 1 0 0 0 1 1 1  536    1 
7 1 0 1 1 2 2 2 1 1169    1 
7 1 1 0 0 0 1 1 1  576    1 
7 1 0 1 2 3 3 3 1  584    1 
7 1 1 0 3 3 4 4 1  543    1 
7 1 1 0 3 3 4 4 1  535    1 
7 1 0 0 1 2 3 3 1 1152    1 
7 1 1 0 0 0 1 1 1  600    1 
7 1 0 0 3 0 1 1 1  774    1 
7 1 0 0 2 3 4 3 0  694    1 
7 1 0 0 1 2 3 3 1  759    1 
7 1 1 1 3 3 4 4 1  775    1 
7 1 0 0 0 1 2 2 1  758    1 
7 1 1 0 2 2 3 3 1  639    0 
7 1 0 0 3 0 1 1 1  579    1 
7 1 0 0 1 2 3 3 1  835    1 
7 1 0 0 1 2 3 3 1  512    1 
7 1 0 0 2 3 4 4 1  746    1 
7 1 0 0 3 0 1 1 1  603    1 
7 1 0 0 2 3 4 4 1  945    1 
7 1 0 0 2 3 4 4 1  514    1 
7 1 1 1 0 0 1 1 1  596    1 
7 1 0 1 3 0 4 4 1 1082    1 
7 1 1 1 2 2 3 3 1  917    1 
7 1 1 0 3 3 4 4 1  703    1 
7 1 0 0 0 1 2 2 1  681    1 
7 1 0 0 3 0 1 1 1  636    1 
7 1 0 0 2 3 4 4 1  969    1 
7 1 0 0 3 0 1 1 1  585    1 
7 1 0 0 1 2 3 3 1  664    1 
7 1 0 0 0 1 2 2 1  748    1 
7 1 0 0 0 1 2 2 1  668    1 
7 1 0 1 3 0 4 4 1  688    1 
7 1 1 1 0 0 1 1 1  651    1 
7 1 1 0 0 0 1 1 1  567    1 
7 1 1 0 1 1 2 2 1  614    1 
7 1 1 0 2 2 3 3 1  557    1 
7 1 1 0 2 2 3 3 1  629    1 
7 1 0 1 1 2 2 2 1  890    1 
7 1 1 1 3 3 4 4 1  693    1 
7 1 1 0 2 2 3 3 1  624    1 
7 1 0 0 1 2 3 2 0  653    1 
7 1 1 0 2 2 3 3 1  615  147 
7 1 0 0 3 0 1 1 1  677    1 
7 1 0 0 2 3 4 4 1  696    1 
7 1 0 0 1 2 3 3 1  787    1 
7 1 0 1 0 1 1 1 1  802    1 
7 1 1 1 0 0 1 1 1  600    1 
7 1 1 0 2 2 3 3 1  646    1 
7 1 1 0 3 3 4 4 1  611    1 
7 1 1 0 0 0 1 1 1  521    1 
7 1 0 1 1 2 2 2 1  851    1 
7 1 0 1 0 1 1 1 1  807    1 
7 1 0 0 2 3 4 4 1  797    1 
7 1 0 0 1 2 3 3 1  844    1 
7 1 0 0 0 1 2 2 1 1561    1 
7 1 1 0 3 3 4 4 1  585    1 
7 1 0 0 1 2 3 3 1  696    1 
7 1 1 1 0 0 1 1 1  498    1 
7 1 1 0 0 0 1 1 1  597    1 
7 1 0 0 3 0 1 1 1  508    1 
7 1 0 0 2 3 4 4 1  774    0 
7 1 1 0 3 3 4 4 1  510    1 
7 1 0 1 1 2 2 2 1  584    1 
7 1 0 0 2 3 4 4 1  919    1 
7 1 1 0 0 0 1 1 1  568    0 
7 1 1 0 0 0 1 1 1  552    1 
7 1 1 0 3 3 4 4 1  552    1 
7 1 1 0 2 2 3 3 1 1520    1 
7 1 1 0 0 0 1 1 1  617    1 
7 1 0 0 1 2 3 3 1  567    0 
7 1 1 0 0 0 1 1 1  574    1 
7 1 0 0 1 2 3 3 1  798    1 
7 1 0 0 1 2 3 3 1  509    1 
7 1 0 0 1 2 3 3 1  503    1 
7 1 0 0 2 3 4 4 1  553    1 
7 1 0 1 3 0 4 4 1 1065    1 
7 1 0 0 1 2 3 3 1  685    1 
7 1 0 0 1 2 3 3 1  512    1 
7 1 1 0 1 1 2 2 1  586    1 
7 1 1 0 1 1 2 2 1  537    1 
7 1 0 0 1 2 3 3 1  618    1 
7 1 1 0 0 0 1 1 1  743    1 
7 1 0 0 3 0 1 1 1  504    1 
7 1 1 1 0 0 1 1 1  522    1 
7 1 0 0 3 0 1 1 1  676    1 
