17 1 1 0 3 3 4 4 1 1267    1 
17 1 0 0 3 0 1 1 1 2206    1 
17 1 1 0 1 1 2 2 1 1308    1 
17 1 0 0 2 3 4 4 1  782    0 
17 1 1 0 2 2 3 4 0 3445    0 
17 1 1 1 3 3 4 4 1 2256    1 
17 1 0 0 1 2 3 3 1 2219    0 
17 1 0 1 2 3 3 3 1 3121    0 
17 1 0 1 2 3 3 3 1 1594    0 
17 1 0 1 1 2 2 2 1 2481    0 
17 1 1 0 0 0 1 1 1  884    0 
17 1 0 0 2 3 4 4 1  847    0 
17 1 1 0 3 3 4 4 1  963    0 
17 1 0 1 1 2 2 2 1 1707    0 
17 1 1 1 1 1 2 2 1 1333    1 
17 1 0 1 0 1 1 1 1 1310    1 
17 1 0 0 3 0 1 1 1 1040    1 
17 1 1 1 3 3 4 4 1 1565    0 
17 1 1 0 2 2 3 3 1 2149    0 
17 1 1 0 3 3 4 1 0  981    0 
17 1 0 0 1 2 3 3 1 2305    0 
17 1 0 0 0 1 2 1 0  843    1 
17 1 1 0 1 1 2 2 1 1982    1 
17 1 1 0 0 0 1 1 1  685    1 
17 1 0 0 1 2 3 4 0  743    0 
17 1 1 1 2 2 3 3 1 1470    0 
17 1 1 0 3 3 4 1 0 1185    1 
17 1 0 1 3 0 4 1 0 2774    0 
17 1 1 0 0 0 1 1 1  867    0 
17 1 1 0 0 0 1 1 1  607    0 
17 1 1 1 0 0 1 1 1 1165    1 
17 1 1 1 2 2 3 3 1  925    0 
17 1 0 0 0 1 2 2 1 1838    1 
17 1 1 0 3 3 4 4 1 1155    1 
17 1 0 0 1 2 3 3 1 2195    1 
17 1 1 0 0 0 1 1 1  801    1 
17 1 0 0 2 3 4 4 1 1687    0 
17 1 0 0 0 1 2 1 0  770    1 
17 1 0 0 2 3 4 4 1  991    0 
17 1 1 0 3 3 4 4 1 1054    0 
17 1 0 0 2 3 4 4 1  762    0 
17 1 0 0 3 0 1 1 1 1042    0 
17 1 1 1 3 3 4 4 1 1511    0 
17 1 0 0 2 3 4 3 0 2033    0 
17 1 0 0 1 2 3 4 0 1443    1 
17 1 0 0 3 0 1 1 1  862    0 
17 1 0 0 0 1 2 2 1 1090    0 
17 1 0 0 2 3 4 4 1  877    1 
17 1 0 0 2 3 4 4 1  624    1 
17 1 1 0 1 1 2 2 1  845    0 
17 1 1 0 2 2 3 3 1  722    0 
17 1 1 1 2 2 3 3 1 1267    0 
17 1 0 0 1 2 3 3 1 1815    0 
17 1 0 0 3 0 1 1 1 1117    0 
17 1 1 0 2 2 3 3 1  726   90 
17 1 1 0 2 2 3 3 1  591    0 
17 1 1 1 1 1 2 2 1 1534    1 
17 1 0 0 1 2 3 3 1 1334    1 
17 1 1 0 2 2 3 3 1  823    0 
17 1 0 0 3 0 1 1 1  724    1 
17 1 1 1 2 2 3 3 1  950    0 
17 1 1 0 1 1 2 2 1 1126    0 
17 1 1 0 1 1 2 2 1  663    0 
17 1 1 0 3 3 4 4 1  827    0 
17 1 1 0 1 1 2 2 1  704    1 
17 1 0 0 3 0 1 1 1 1058    0 
17 1 1 0 1 1 2 2 1  766    0 
17 1 0 0 1 2 3 3 1 1206  105 
17 1 0 0 0 1 2 2 1 1204    1 
17 1 0 0 0 1 2 2 1  450    0 
17 1 1 0 1 1 2 2 1  470    1 
17 1 1 0 0 0 1 1 1  721    0 
17 1 1 0 2 2 3 3 1  706    0 
17 1 1 1 1 1 2 2 1  852    0 
17 1 0 0 0 1 2 2 1 1416    0 
17 1 0 0 2 3 4 4 1  894    0 
17 1 0 0 2 3 4 4 1  448    1 
17 1 0 0 3 0 1 1 1  828    0 
17 1 0 0 3 0 1 1 1  530    1 
17 1 0 0 3 0 1 1 1  467    1 
17 1 0 0 2 3 4 4 1 1526    0 
17 1 0 0 1 2 3 3 1 1320    0 
17 1 0 0 0 1 2 2 1 1137    1 
17 1 1 1 3 3 4 4 1 1474    0 
17 1 1 0 0 0 1 1 1 1013    0 
17 1 0 1 0 1 1 2 0 1307    1 
17 1 0 0 2 3 4 4 1  923    0 
17 1 0 1 0 1 1 1 1 2428    1 
17 1 1 0 1 1 2 2 1  786    0 
17 1 1 0 3 3 4 4 1  664   88 
17 1 1 1 0 0 1 1 1  628    1 
17 1 1 0 0 0 1 1 1  458    0 
17 1 0 0 3 0 1 1 1  894    0 
17 1 1 0 1 1 2 2 1  640    0 
17 1 0 1 0 1 1 1 1  989    0 
17 1 1 0 0 0 1 1 1  700    0 
17 1 0 0 3 0 1 1 1  614   96 
17 1 1 0 1 1 2 2 1  652    0 
17 1 1 1 0 0 1 1 1 1072    0 
17 1 1 0 2 2 3 3 1  771    0 
17 1 0 1 3 0 4 1 0  634    0 
17 1 0 0 0 1 2 1 0 1901    1 
17 1 0 0 0 1 2 2 1  837    0 
17 1 0 1 0 1 1 1 1 1250    1 
17 1 1 0 3 3 4 4 1  790   85 
17 1 1 1 0 0 1 1 1  692    1 
17 1 1 0 3 3 4 4 1  639    0 
17 1 1 0 1 1 2 1 0  812    0 
17 1 0 0 0 1 2 2 1 3496    0 
17 1 0 0 0 1 2 2 1  538    1 
17 1 0 0 1 2 3 1 0 1243    1 
17 1 1 0 1 1 2 2 1  622    0 
17 1 1 1 3 3 4 4 1  771    0 
17 1 1 0 3 3 4 4 1  506    1 
17 1 0 0 2 3 4 4 1  692    0 
17 1 0 0 3 0 1 1 1  879    0 
17 1 0 1 1 2 2 3 0  874    1 
17 1 0 0 1 2 3 2 0  628    0 
17 1 0 0 2 3 4 4 1 1207    1 
17 1 0 0 3 0 1 1 1 1309    0 
17 1 0 0 2 3 4 4 1  927    1 
17 1 0 0 1 2 3 3 1 1424    0 
17 1 1 0 2 2 3 3 1  654    1 
17 1 0 0 1 2 3 3 1  362    0 
17 1 1 1 1 1 2 2 1  570    0 
17 1 1 0 0 0 1 1 1 1113    0 
17 1 0 0 2 3 4 4 1  547    1 
17 1 1 1 3 3 4 4 1  467    0 
17 1 0 0 2 3 4 4 1  615    0 
17 1 1 1 1 1 2 2 1  749    0 
17 1 0 0 3 0 1 1 1  789   80 
17 1 1 0 1 1 2 2 1  699    0 
17 1 0 1 0 1 1 1 1 1173    1 
17 1 1 0 3 3 4 3 0  941    0 
17 1 1 0 2 2 3 3 1  795    0 
17 1 1 0 3 3 4 4 1  738    0 
17 1 1 0 2 2 3 3 1  779    1 
17 1 0 0 0 1 2 2 1 1210    0 
17 1 0 0 3 0 1 1 1  952    0 
17 1 0 0 3 0 1 1 1  648    1 
17 1 1 1 3 3 4 4 1 1125    0 
17 1 1 0 0 0 1 1 1 1070    0 
17 1 0 0 2 3 4 4 1 2145    0 
17 1 0 0 0 1 2 2 1  994    1 
17 1 0 0 1 2 3 3 1  753    0 
17 1 0 0 0 1 2 2 1 1049    0 
17 1 0 0 2 3 4 4 1  805    1 
17 1 0 0 1 2 3 3 1  963    1 
17 1 1 1 1 1 2 2 1 1235    0 
17 1 0 0 3 0 1 1 1  831    1 
17 1 1 0 0 0 1 1 1  693    0 
17 1 0 0 2 3 4 4 1 1279    0 
17 1 1 0 0 0 1 2 0  955    1 
17 1 1 1 1 1 2 2 1 1369    0 
17 1 0 0 2 3 4 4 1 1016    0 
17 1 1 0 1 1 2 2 1  909    0 
17 1 1 1 0 0 1 1 1  967    0 
17 1 1 1 0 0 1 1 1  399    0 
17 1 1 0 0 0 1 1 1  381    0 
17 1 1 0 3 3 4 4 1 2604    0 
17 1 1 0 0 0 1 2 0  722    0 
17 1 1 0 2 2 3 3 1 1961    1 
17 1 1 0 1 1 2 2 1  641    0 
17 1 1 0 1 1 2 2 1  526    0 
17 1 0 1 1 2 2 3 0 1087    1 
17 1 0 0 2 3 4 4 1  832    0 
17 1 1 0 3 3 4 4 1  445    0 
17 1 1 0 3 3 4 4 1  465    1 
17 1 1 0 2 2 3 3 1 1493    1 
17 1 1 0 3 3 4 4 1  711  103 
17 1 1 0 1 1 2 2 1  833    0 
17 1 1 1 2 2 3 3 1 1582    0 
17 1 0 1 0 1 1 1 1  933    0 
17 1 0 1 3 0 4 4 1 1965    0 
17 1 0 1 0 1 1 1 1 2141    0 
17 1 0 1 1 2 2 2 1 1853    1 
17 1 0 0 1 2 3 2 0  689    0 
17 1 1 0 0 0 1 1 1  586    1 
17 1 1 1 2 2 3 3 1  713    1 
17 1 0 0 2 3 4 4 1  931    0 
17 1 0 1 1 2 2 2 1 1788    0 
17 1 1 0 2 2 3 3 1 1010    1 
17 1 0 0 0 1 2 2 1 1105    1 
17 1 0 0 2 3 4 4 1  930    0 
17 1 0 0 1 2 3 1 0  892   90 
17 1 1 1 0 0 1 1 1 1629    0 
17 1 1 0 3 3 4 4 1  986    0 
17 1 0 0 2 3 4 4 1  673    0 
17 1 1 0 3 3 4 4 1  436    0 
17 1 1 1 0 0 1 1 1  600   90 
17 1 0 1 3 0 4 4 1  951    0 
17 1 1 0 2 2 3 3 1  814    0 
17 1 0 1 1 0 2 1 0 3540    0 
17 1 0 0 3 2 3 1 0 2347    1 
17 1 1 1 2 2 3 3 1 1073    0 
17 1 0 0 2 1 2 2 1 1012    0 
17 1 0 0 3 2 3 4 0 1562    0 
17 1 1 0 2 2 3 3 1 1176    0 
17 1 0 0 0 3 4 4 1 1104    1 
17 1 1 0 0 0 1 1 1  706    0 
17 1 1 0 1 1 2 2 1  644    0 
17 1 0 0 3 2 3 4 0  752    0 
17 1 1 0 3 3 4 4 1  486    0 
17 1 0 0 3 2 3 3 1  521    0 
17 1 1 0 2 2 3 3 1  570    0 
17 1 0 1 0 3 1 1 1  874    0 
17 1 0 0 2 1 2 4 0  797    1 
17 1 1 0 1 1 2 2 1  497    0 
17 1 1 1 0 0 1 1 1 1260    1 
17 1 1 1 1 1 2 1 0  416  101 
17 1 1 0 2 2 3 3 1  579    1 
17 1 0 0 2 1 2 3 0 1194    0 
17 1 0 0 3 2 3 2 0  559    1 
17 1 0 0 3 2 3 1 0  517    0 
17 1 1 0 0 0 1 3 0  668    0 
17 1 1 1 0 0 1 1 1  894    0 
17 1 0 0 2 1 2 2 1  992    0 
17 1 0 0 0 3 4 4 1  639    0 
17 1 1 1 2 2 3 2 0 1060    1 
17 1 1 1 0 0 1 1 1  742    0 
17 1 0 1 3 2 4 1 0  558    0 
17 1 0 0 2 1 2 3 0  556    0 
17 1 0 1 0 3 1 1 1  618    1 
17 1 0 0 3 2 3 2 0 1208    0 
17 1 1 0 3 3 4 1 0 1204    1 
17 1 0 0 1 0 1 4 0  648    0 
17 1 0 1 2 1 3 3 1 1610    0 
17 1 1 0 1 1 2 3 0 1040    0 
17 1 1 1 2 2 3 3 1 1210    0 
17 1 0 0 1 0 1 4 0 1112    1 
17 1 1 0 0 0 1 3 0  416    0 
17 1 0 0 2 1 2 1 0  396    0 
17 1 1 0 2 2 3 3 1  616    0 
17 1 1 0 2 2 3 3 1  398   88 
17 1 1 0 2 2 3 3 1  428    1 
17 1 1 0 0 0 1 1 1  498    0 
17 1 1 0 3 3 4 4 1  540    0 
17 1 0 0 3 2 3 1 0  733  103 
17 1 0 0 3 2 3 3 1  436    1 
17 1 1 0 0 0 1 1 1  528    0 
17 1 1 0 1 1 2 2 1  730    1 
17 1 1 0 3 3 4 4 1  603    1 
17 1 0 0 0 3 4 4 1  417    0 
17 1 1 1 2 2 3 3 1  678    1 
17 1 1 1 2 2 3 3 1  586    0 
17 1 0 0 2 1 2 2 1  552    0 
17 1 0 0 1 0 1 1 1  552    0 
17 1 0 0 2 1 2 1 0  416    1 
17 1 0 1 3 2 4 2 0  708    1 
17 1 0 0 0 3 4 1 0  956    0 
17 1 0 0 0 3 4 4 1  457    0 
17 1 0 1 1 0 2 2 1 1821    1 
17 1 1 0 0 0 1 2 0  515    1 
17 1 1 1 0 0 1 4 0  290    0 
17 1 1 0 0 0 1 1 1  315    1 
17 1 0 0 0 3 4 1 0  309    0 
17 1 1 0 1 1 2 2 1  773    1 
17 1 1 0 1 1 2 2 1  388    0 
17 1 1 1 0 0 1 1 1  923    0 
17 1 0 0 1 0 1 2 0  668    0 
17 1 1 0 3 3 4 4 1  997    1 
17 1 0 0 3 2 3 3 1  660    0 
17 1 1 0 2 2 3 3 1  608    0 
17 1 0 1 1 0 2 2 1 1518    1 
17 1 0 0 1 0 1 2 0  511    0 
17 1 1 1 1 1 2 2 1  599    0 
17 1 0 0 3 2 3 4 0  589    0 
17 1 0 0 0 3 4 4 1 1178    0 
17 1 1 0 2 2 3 3 1  553    0 
17 1 1 0 2 2 3 3 1  417    1 
17 1 1 1 3 3 4 4 1  543    1 
17 1 0 0 1 0 1 1 1  615    1 
17 1 1 0 2 2 3 4 0  741    0 
17 1 0 0 3 2 3 3 1  475    0 
17 1 1 0 1 1 2 2 1  767    0 
17 1 0 0 3 2 3 3 1  486    0 
17 1 1 0 1 1 2 3 0  289    0 
17 1 0 0 1 0 1 4 0  337    1 
17 1 0 0 0 3 4 2 0    0    0 
17 1 1 0 0 0 1 1 1  868    1 
17 1 0 0 1 0 1 1 1  455    1 
17 1 1 0 3 3 4 4 1  739    0 
17 1 0 0 1 0 1 1 1  508    0 
17 1 1 0 0 0 1 4 0  590    1 
17 1 1 1 1 1 2 4 0  683    0 
17 1 1 1 3 3 4 1 0  587    1 
17 1 0 0 0 3 4 1 0  688    0 
17 1 0 0 2 1 2 2 1  841    0 
17 1 1 0 2 2 3 4 0  685    0 
17 1 1 0 2 2 3 3 1  334    0 
17 1 0 0 1 0 1 1 1  575    0 
17 1 1 0 0 0 1 1 1  614    1 
17 1 1 0 3 3 4 4 1  948    0 
17 1 1 0 1 1 2 2 1  709  107 
17 1 0 0 2 1 2 2 1  527    0 
17 1 0 0 2 1 2 2 1  432    0 
17 1 1 1 0 0 1 1 1 1037    1 
17 1 1 0 0 0 1 1 1  345    0 
17 1 1 0 1 1 2 2 1  594    0 
17 1 1 1 0 0 1 2 0  265    0 
17 1 0 0 3 2 3 3 1  514    0 
17 1 0 0 0 3 4 2 0  428    0 
17 1 0 0 0 3 4 4 1  247    1 
17 1 0 0 2 1 2 4 0  260    1 
17 1 1 1 1 1 2 3 0  374    0 
17 1 1 0 3 3 4 2 0   75    0 
17 1 0 0 2 1 2 1 0  309    0 
17 1 0 0 1 0 1 3 0  653    0 
17 1 1 0 3 3 4 2 0  311    1 
17 1 1 0 0 0 1 4 0  551    0 
17 1 1 0 3 3 4 1 0  341  103 
17 1 1 1 3 3 4 3 0  491    0 
17 1 1 1 0 0 1 2 0  612    0 
17 1 0 1 1 0 2 1 0  824    0 
17 1 1 0 3 3 4 4 1  507    1 
17 1 0 0 2 1 2 2 1  837    1 
17 1 1 0 2 2 3 1 0  746    0 
17 1 0 0 2 1 2 1 0  705    0 
17 1 1 1 0 0 1 3 0  273    0 
17 1 0 1 2 1 3 4 0  322    0 
17 1 0 0 0 3 4 2 0  313    0 
17 1 0 0 2 1 2 1 0  425    0 
17 1 1 1 3 3 4 2 0  676    1 
17 1 0 0 3 2 3 4 0  422    0 
17 1 1 0 3 3 4 3 0  225    0 
17 1 0 0 1 0 1 1 1  253    1 
17 1 0 0 1 0 1 1 1  473    0 
17 1 0 1 1 0 2 1 0  836    0 
17 1 0 0 3 2 3 3 1  694    0 
17 1 0 0 0 3 4 1 0 1041    0 
17 1 0 0 3 2 3 3 1 1244    0 
17 1 1 0 1 1 2 1 0  600    1 
17 1 0 0 2 1 2 1 0  412    1 
17 1 1 0 0 0 1 2 0  856    0 
17 1 1 0 0 0 1 3 0  906    1 
17 1 1 0 0 0 1 1 1  554    1 
17 1 0 1 3 2 4 2 0  890    0 
17 1 1 0 3 3 4 4 1  707    1 
17 1 0 0 0 3 4 4 1  789    0 
17 1 0 0 3 2 3 3 1 1148    0 
17 1 0 0 2 1 2 2 1  788    0 
17 1 1 0 1 1 2 2 1  579    0 
17 1 0 0 3 2 3 1 0  706    0 
17 1 1 1 2 2 3 4 0  642    0 
17 1 0 0 3 2 3 3 1  341    1 
17 1 0 0 1 0 1 3 0  590    0 
17 1 0 0 1 0 1 1 1  370    0 
17 1 0 0 2 1 2 1 0  426    0 
17 1 0 0 1 0 1 4 0  317    0 
17 1 1 0 1 1 2 3 0  356  110 
17 1 0 1 0 3 1 2 0  610    1 
17 1 0 1 2 1 3 1 0  382    1 
17 1 1 0 1 1 2 4 0  411    0 
17 1 1 0 3 3 4 3 0  367    0 
17 1 0 0 1 0 1 1 1  524    1 
17 1 1 0 1 1 2 2 1 1414    0 
17 1 0 0 1 0 1 1 1  532    0 
17 1 1 0 3 3 4 4 1  700    0 
17 1 0 0 3 2 3 3 1 1006    0 
17 1 1 1 3 3 4 4 1  452  107 
17 1 0 0 1 0 1 1 1  536    0 
17 1 1 1 2 2 3 4 0  753    0 
17 1 1 0 3 3 4 4 1  623    0 
17 1 0 1 2 1 3 2 0  748    0 
17 1 1 0 2 2 3 1 0  858    1 
17 1 0 0 0 3 4 1 0  692    1 
17 1 0 1 0 3 1 4 0  325    1 
17 1 1 0 0 0 1 3 0  420    0 
17 1 0 0 3 2 3 3 1  384    0 
17 1 0 0 1 0 1 4 0  390    1 
17 1 1 0 3 3 4 4 1  723    1 
17 1 1 1 0 0 1 4 0  860    0 
17 1 0 0 1 0 1 4 0  110    0 
17 1 0 0 2 1 2 3 0  334    0 
17 1 1 1 1 1 2 2 1    0    0 
17 1 0 0 0 3 4 1 0   27    1 
17 1 1 1 0 0 1 2 0    6    1 
17 1 1 0 0 0 1 1 1  594    1 
17 1 1 1 1 1 2 1 0  337    1 
17 1 1 1 2 2 3 2 0  760    0 
17 1 0 0 3 2 3 1 0  182    1 
17 1 1 0 2 2 3 2 0    0    0 
17 1 1 1 1 1 2 1 0  286    0 
17 1 1 1 2 2 3 2 0  535    0 
