3 1 0 0 1 0 1 1 1 1929    0 
3 1 0 1 1 0 2 2 1 1522    0 
3 1 1 0 1 1 2 2 1  828    0 
3 1 1 0 2 2 3 3 1 1073    0 
3 1 1 0 3 3 4 4 1  652    0 
3 1 1 0 3 3 4 4 1  664    0 
3 1 0 0 0 3 4 4 1  988    0 
3 1 1 1 2 2 3 3 1 1595    0 
3 1 1 0 2 2 3 3 1  522    0 
3 1 0 0 2 1 2 2 1  571    0 
3 1 1 0 0 0 1 1 1  618    0 
3 1 0 0 0 3 4 4 1  328    0 
3 1 0 0 1 0 1 2 0  809    0 
3 1 1 0 1 1 2 2 1  853    0 
3 1 1 0 0 0 1 1 1  945    0 
3 1 1 0 0 0 1 1 1  946    0 
3 1 0 1 0 3 1 4 0  610    0 
3 1 0 0 2 1 2 2 1 1318    0 
3 1 0 1 3 2 4 4 1 2183    0 
3 1 1 0 3 3 4 4 1  622    0 
3 1 0 1 0 3 1 1 1 1123    0 
3 1 1 0 0 0 1 1 1  669    0 
3 1 1 0 1 1 2 2 1  776    0 
3 1 0 0 0 3 4 4 1 1463    0 
3 1 1 0 1 1 2 2 1  779    0 
3 1 1 0 0 0 1 1 1  571    0 
3 1 1 1 2 2 3 3 1 1490    0 
3 1 0 0 3 2 3 3 1  885    0 
3 1 0 0 2 1 2 2 1 1191    0 
3 1 1 0 3 3 4 4 1  678    0 
3 1 1 0 0 0 1 1 1  729    0 
3 1 1 0 1 1 2 2 1  987    0 
3 1 1 0 1 1 2 2 1  681    0 
3 1 0 0 2 1 2 2 1  997    0 
3 1 0 0 2 1 2 2 1  891    0 
3 1 0 0 2 1 2 2 1  710    0 
3 1 0 0 0 3 4 4 1 1296    0 
3 1 1 1 2 2 3 3 1 1394    0 
3 1 0 1 3 2 4 4 1 1985    0 
3 1 0 1 0 3 1 1 1 1112    0 
3 1 1 0 3 3 4 4 1  642    0 
3 1 1 0 0 0 1 1 1  662    0 
3 1 0 1 0 3 1 1 1 1298    0 
3 1 1 1 0 0 1 1 1  933    0 
3 1 0 0 0 3 4 4 1  958    0 
3 1 1 0 0 0 1 1 1  662    0 
3 1 1 1 1 1 2 2 1 1282    0 
3 1 1 0 1 1 2 2 1  757    0 
3 1 0 1 3 2 4 4 1 2349    0 
3 1 1 0 3 3 4 4 1  566    0 
3 1 0 0 0 3 4 4 1 1398    0 
3 1 0 0 2 1 2 2 1  876    0 
3 1 1 0 1 1 2 2 1  608    0 
3 1 1 1 2 2 3 3 1 1142    0 
3 1 1 1 3 3 4 4 1 1022    0 
3 1 0 0 1 0 1 1 1 1044    0 
3 1 0 1 2 1 3 2 0 1056    0 
3 1 1 0 2 2 3 3 1 1074    0 
3 1 1 1 3 3 4 4 1  861    0 
3 1 0 0 2 1 2 2 1  913    0 
3 1 1 0 3 3 4 4 1  611    0 
3 1 1 0 0 0 1 1 1  706    0 
3 1 0 0 2 1 2 2 1 1243    0 
3 1 0 0 0 3 4 4 1 1032    0 
3 1 1 1 2 2 3 3 1  773    0 
3 1 1 0 2 2 3 4 0  845    0 
3 1 1 1 2 2 3 3 1  975    0 
3 1 0 0 1 0 1 1 1 1223    0 
3 1 1 0 3 3 4 4 1  564    0 
3 1 1 0 1 1 2 2 1  812    0 
3 1 0 0 0 3 4 4 1 1138    0 
3 1 0 0 0 3 4 4 1  707    0 
3 1 0 1 3 2 4 4 1 1373    0 
3 1 1 0 1 1 2 2 1  636    0 
3 1 0 1 3 2 4 4 1 1337    0 
3 1 0 1 0 3 1 1 1  953    0 
3 1 1 1 3 3 4 4 1  785   17 
3 1 0 0 2 1 2 2 1  872    0 
3 1 1 0 0 0 1 1 1  571    0 
3 1 1 0 3 3 4 4 1  715    0 
3 1 1 0 2 2 3 3 1  701    0 
3 1 0 0 3 2 3 4 0  839    0 
3 1 0 1 1 0 2 2 1 1673    0 
3 1 0 0 1 0 1 1 1  996    0 
3 1 0 0 1 0 1 1 1 1723    0 
3 1 0 0 2 1 2 2 1  884    0 
3 1 0 0 1 0 1 1 1  727    0 
3 1 0 0 2 1 2 2 1  824    0 
3 1 0 0 3 2 3 3 1 1294    0 
3 1 1 1 0 0 1 1 1 1120    0 
3 1 0 0 3 2 3 3 1 1314    0 
3 1 1 0 0 0 1 1 1  716    0 
3 1 0 1 2 1 3 3 1 2038    0 
3 1 0 0 3 2 3 3 1 1466    0 
3 1 1 1 3 3 4 4 1  806    0 
3 1 0 0 0 3 4 4 1 1148    0 
3 1 1 0 3 3 4 4 1  524    0 
3 1 1 0 0 0 1 1 1  534    0 
3 1 0 0 3 2 3 3 1 1894    0 
3 1 0 0 1 0 1 1 1  833    0 
3 1 1 0 2 2 3 3 1  878    0 
3 1 0 1 2 1 3 3 1 2377    0 
3 1 0 0 0 3 4 4 1 2472    0 
3 1 1 0 2 2 3 3 1  739    0 
3 1 1 0 2 2 3 3 1  628    0 
3 1 1 1 1 1 2 2 1 1417    0 
3 1 0 0 1 0 1 1 1  847    0 
3 1 1 0 3 3 4 4 1 1971    0 
3 1 0 0 2 1 2 2 1 1411    0 
3 1 1 0 2 2 3 3 1  945    0 
3 1 1 0 0 0 1 1 1  609    0 
3 1 1 0 3 3 4 4 1  839    0 
3 1 1 0 0 0 1 1 1  636    0 
3 1 0 0 1 0 1 1 1 1049    0 
3 1 1 1 0 0 1 1 1  893    0 
3 1 1 0 1 1 2 2 1  920    0 
3 1 0 0 3 2 3 3 1  945    0 
3 1 0 0 3 2 3 3 1  674    0 
3 1 0 0 1 0 1 1 1  733    0 
3 1 0 0 1 0 1 1 1  654   18 
3 1 0 1 1 0 2 2 1 1290    0 
3 1 1 0 2 2 3 3 1  677    0 
3 1 1 0 0 0 1 1 1  848    0 
3 1 1 0 1 1 2 2 1  940    0 
3 1 1 0 0 0 1 1 1  701    0 
3 1 0 0 2 1 2 2 1 1735    0 
3 1 0 0 1 0 1 1 1 1256    0 
3 1 1 0 3 3 4 4 1  548    0 
3 1 0 0 0 3 4 4 1 1676    0 
3 1 1 0 3 3 4 4 1  552    0 
3 1 0 0 1 0 1 1 1  696    0 
3 1 0 1 1 0 2 2 1  978    0 
3 1 1 0 0 0 1 1 1 1306    0 
3 1 1 0 1 1 2 2 1 1460    0 
3 1 0 0 0 3 4 4 1 1080    0 
3 1 1 0 2 2 3 3 1  699    0 
3 1 0 0 0 3 4 4 1 1078    0 
3 1 1 1 1 1 2 2 1 1433    0 
3 1 1 1 0 0 1 1 1 1494    0 
3 1 0 1 0 3 1 1 1 1600    0 
3 1 0 1 3 2 4 4 1 1350    0 
3 1 1 0 1 1 2 2 1  758    0 
3 1 0 0 2 1 2 2 1  958    0 
3 1 1 0 1 1 2 2 1  758    0 
3 1 0 0 2 1 2 2 1 1102    0 
3 1 1 0 2 2 3 3 1  560    0 
3 1 1 0 1 1 2 2 1  816    0 
3 1 1 0 3 3 4 4 1  933    0 
3 1 1 1 1 1 2 2 1 1014    0 
3 1 1 0 2 2 3 3 1  692    0 
3 1 0 0 1 0 1 1 1  927    0 
3 1 0 0 3 2 3 3 1 1144    0 
3 1 0 1 1 0 2 2 1 1505    0 
3 1 0 0 1 0 1 1 1 1011    0 
3 1 0 1 0 3 1 1 1 1713    0 
3 1 0 0 3 2 3 3 1  763    0 
3 1 0 0 1 0 1 1 1 1547    0 
3 1 0 0 2 1 2 2 1 1827    0 
3 1 0 0 0 3 4 4 1 1929    0 
3 1 1 0 0 0 1 1 1 1482    0 
3 1 0 0 0 3 4 4 1  901    0 
3 1 1 0 0 0 1 1 1  895    0 
3 1 0 1 2 1 3 3 1 1266    0 
3 1 1 1 1 1 2 2 1  838    0 
3 1 1 1 3 3 4 4 1  786    0 
3 1 0 0 1 0 1 1 1  873    0 
3 1 0 0 2 1 2 2 1  948    0 
3 1 0 0 3 2 3 3 1  981    0 
3 1 1 1 0 0 1 1 1 1164    0 
3 1 0 0 3 2 3 3 1 1036    0 
3 1 0 0 2 1 2 2 1  969    0 
3 1 1 1 1 1 2 2 1 1280    0 
3 1 1 0 2 2 3 3 1  716    0 
3 1 1 0 3 3 4 4 1  622    0 
3 1 1 0 1 1 2 2 1  659    0 
3 1 1 1 3 3 4 4 1  815    0 
3 1 1 0 3 3 4 4 1  677    0 
3 1 1 0 2 2 3 3 1  576    0 
3 1 0 1 3 2 4 4 1  992    0 
3 1 0 1 3 2 4 4 1  550    0 
3 1 0 0 0 3 4 4 1 1054    0 
3 1 1 0 3 3 4 4 1  354    0 
3 1 1 0 2 2 3 3 1  682    0 
3 1 0 0 2 1 2 2 1  806    0 
3 1 0 0 2 1 2 2 1  828    0 
3 1 0 0 1 0 1 1 1  889    0 
3 1 1 0 1 1 2 2 1  788    0 
3 1 1 0 3 3 4 4 1  706    0 
3 1 0 0 3 2 3 3 1  652    0 
3 1 1 1 3 3 4 4 1  864    0 
3 1 0 0 2 1 2 3 0  580    0 
3 1 0 0 3 2 3 4 0  858    0 
3 1 1 0 3 3 4 4 1 1791    0 
3 1 0 0 2 3 4 4 1  990    0 
3 1 0 0 3 0 1 1 1  788    0 
3 1 1 1 3 3 4 4 1  971    0 
3 1 0 0 1 2 3 3 1  682    0 
3 1 0 0 1 2 3 3 1  686    0 
3 1 0 0 0 1 2 2 1  656    0 
3 1 1 0 2 2 3 3 1  628    0 
3 1 0 0 0 1 2 2 1 1210    0 
3 1 1 0 1 1 2 2 1  608    0 
3 1 0 0 0 1 2 2 1  557    0 
3 1 0 0 2 3 4 4 1  477    0 
3 1 1 1 1 1 2 2 1 1473    0 
3 1 0 0 1 2 3 3 1  684    0 
3 1 0 1 1 2 2 2 1 1935    0 
3 1 0 1 0 1 1 1 1 1063    0 
3 1 0 0 2 3 4 4 1  627    0 
3 1 1 0 0 0 1 1 1  769    0 
3 1 1 1 0 0 1 1 1 1168    0 
3 1 0 1 1 2 2 2 1 1191    0 
3 1 0 0 0 1 2 2 1  742    0 
3 1 1 0 2 2 3 3 1  799    0 
3 1 0 1 3 0 4 4 1 1141    0 
3 1 1 1 0 0 1 1 1  894    0 
3 1 0 0 0 1 2 2 1 1081    0 
3 1 1 0 2 2 3 3 1  956    0 
3 1 0 0 2 3 4 4 1  508    0 
3 1 1 0 1 1 2 2 1 1358    0 
3 1 1 0 1 1 2 2 1 1230    0 
3 1 1 1 3 3 4 4 1 1579    0 
3 1 1 0 3 3 4 4 1  827    0 
3 1 1 1 2 2 3 3 1 1640   17 
3 1 0 0 0 1 2 1 0  748    0 
3 1 1 0 1 1 2 2 1  691   18 
3 1 0 1 0 1 1 1 1 1110    0 
3 1 1 1 2 2 3 3 1  736    0 
3 1 1 1 0 0 1 1 1  904    0 
3 1 0 0 0 1 2 2 1  922    0 
3 1 0 0 1 2 3 3 1  804    0 
3 1 0 0 0 1 2 2 1 1314    0 
3 1 1 0 2 2 3 3 1  660    0 
3 1 0 0 2 3 4 4 1  496    0 
3 1 1 0 2 2 3 3 1  682    0 
3 1 1 0 2 2 3 3 1  926    0 
3 1 1 0 3 3 4 4 1  575    0 
3 1 1 1 2 2 3 3 1 1070    0 
3 1 1 1 3 3 4 4 1 1378    0 
3 1 1 0 3 3 4 4 1  481    0 
3 1 1 0 1 1 2 2 1 1620    0 
3 1 1 0 3 3 4 4 1  498    0 
3 1 0 0 0 1 2 2 1  812    0 
3 1 1 0 2 2 3 4 0  490    0 
3 1 0 0 2 3 4 4 1  475    0 
3 1 1 0 1 1 2 2 1 1014    0 
3 1 1 0 1 1 2 2 1  740    0 
3 1 1 0 0 0 1 1 1  605    0 
3 1 0 0 1 2 3 3 1  595    0 
3 1 1 0 3 3 4 4 1  473    0 
3 1 1 1 2 2 3 3 1 1077    0 
3 1 1 0 2 2 3 4 0  584    0 
3 1 0 0 3 0 1 1 1 1117    0 
3 1 1 0 2 2 3 3 1 1414    0 
3 1 1 0 3 3 4 4 1  564    0 
3 1 0 0 3 0 1 1 1 1740    0 
3 1 0 0 0 1 2 2 1  541    0 
3 1 1 0 3 3 4 4 1  493    0 
3 1 0 0 3 0 1 1 1  776    0 
3 1 0 1 3 0 4 4 1 1071    0 
3 1 0 1 0 1 1 1 1 1491    0 
3 1 1 0 1 1 2 2 1  749    0 
3 1 0 0 3 0 1 1 1  725    0 
3 1 1 0 1 1 2 2 1  591    0 
3 1 0 0 0 1 2 2 1  693    0 
3 1 1 1 1 1 2 2 1 1088    0 
3 1 0 0 0 1 2 2 1  603    0 
3 1 1 1 3 3 4 4 1  809    0 
3 1 1 1 0 0 1 1 1  831    0 
3 1 0 1 2 3 3 3 1  876    0 
3 1 0 0 2 3 4 4 1  479    0 
3 1 1 0 3 3 4 4 1  499    0 
3 1 0 0 1 2 3 3 1  573    0 
3 1 1 0 2 2 3 3 1  573    0 
3 1 1 0 1 1 2 2 1  636   18 
3 1 0 1 3 0 4 4 1 1072    0 
3 1 0 0 2 3 4 4 1  572    0 
3 1 0 0 0 1 2 2 1  563    0 
3 1 0 0 3 0 1 1 1  859    0 
3 1 1 0 1 1 2 2 1  655    0 
3 1 0 0 3 0 1 1 1  771    0 
3 1 0 1 3 0 4 4 1 1098    0 
3 1 1 0 2 2 3 3 1  805    0 
3 1 0 0 2 3 4 4 1  467   11 
3 1 0 0 0 1 2 2 1  734    0 
3 1 1 1 1 1 2 2 1 1079    0 
3 1 1 0 0 0 1 1 1  626    0 
3 1 1 0 0 0 1 1 1  648    0 
3 1 0 1 2 3 3 3 1 1276    0 
3 1 1 0 1 1 2 2 1  608    0 
3 1 1 0 3 3 4 4 1  430    0 
3 1 1 0 2 2 3 3 1  451    0 
3 1 0 1 0 1 1 1 1 1087    0 
3 1 0 0 0 1 2 2 1 1650    0 
3 1 0 0 1 2 3 3 1 1006    0 
3 1 0 0 2 3 4 4 1  372    0 
3 1 0 0 1 2 3 3 1  683    0 
3 1 0 0 3 0 1 1 1  614    0 
3 1 1 1 0 0 1 1 1  860    0 
3 1 0 0 3 0 1 1 1  527    0 
3 1 0 0 2 3 4 4 1  521    0 
3 1 1 0 1 1 2 2 1 1650    0 
3 1 0 0 1 2 3 3 1  686   18 
3 1 1 0 3 3 4 4 1  617    0 
3 1 0 0 0 1 2 2 1  750    0 
3 1 1 1 1 1 2 2 1  894    0 
3 1 0 0 1 2 3 3 1  785    0 
3 1 1 1 3 3 4 4 1  887    0 
3 1 0 0 2 3 4 4 1  842    0 
3 1 1 0 1 1 2 2 1  831    0 
3 1 0 0 2 3 4 4 1  636    0 
3 1 1 0 0 0 1 1 1  753    0 
3 1 1 0 2 2 3 3 1  705    0 
3 1 0 0 0 1 2 2 1  755    0 
3 1 1 0 0 0 1 1 1  651    0 
3 1 0 0 2 3 4 4 1  511    0 
3 1 1 0 1 1 2 2 1  569    0 
3 1 1 0 1 1 2 2 1  528    0 
3 1 1 1 3 3 4 4 1  809    0 
3 1 1 0 2 2 3 3 1 1143    0 
3 1 1 0 3 3 4 4 1  512    0 
3 1 0 0 1 2 3 3 1  546    0 
3 1 0 1 1 2 2 2 1  859    0 
3 1 0 0 2 3 4 4 1  462    0 
3 1 1 1 1 1 2 2 1  914    0 
3 1 0 0 1 2 3 3 1  660    0 
3 1 1 1 1 1 2 2 1  832    0 
3 1 1 0 2 2 3 3 1  630    0 
3 1 1 0 0 0 1 4 0  515    0 
3 1 0 0 1 2 3 3 1  571    0 
3 1 1 0 2 2 3 3 1  674    0 
3 1 1 0 0 0 1 1 1  718    0 
3 1 0 0 0 1 2 2 1  791    0 
3 1 0 0 2 3 4 4 1  942   17 
3 1 0 0 1 2 3 3 1  718    0 
3 1 0 0 0 1 2 2 1  904    0 
3 1 1 0 2 2 3 3 1  618    0 
3 1 1 1 1 1 2 2 1  991    0 
3 1 1 1 1 1 2 2 1 1054    0 
3 1 0 0 2 3 4 4 1  538    0 
3 1 1 0 3 3 4 4 1  474    0 
3 1 0 0 3 0 1 1 1 1494    0 
3 1 1 0 1 1 2 2 1  616    0 
3 1 1 0 2 2 3 3 1  206    0 
3 1 1 1 3 3 4 4 1  764    0 
3 1 0 1 3 0 4 4 1 1188   18 
3 1 0 1 1 2 2 2 1  898    0 
3 1 1 0 1 1 2 2 1  613    0 
3 1 0 0 3 0 1 1 1  731    0 
3 1 0 1 0 1 1 1 1 1028    0 
3 1 0 1 2 3 3 3 1 1097    0 
3 1 0 0 3 0 1 1 1  732    0 
3 1 0 1 3 0 4 4 1  981    0 
3 1 0 0 0 1 2 1 0  725    0 
3 1 1 1 1 1 2 2 1 1540    0 
3 1 0 0 0 1 2 2 1  725    0 
3 1 1 0 0 0 1 1 1  694    0 
3 1 1 0 3 3 4 4 1  513    0 
3 1 0 0 3 0 1 1 1  907   11 
3 1 0 0 0 1 2 2 1  685    0 
3 1 0 1 3 0 4 4 1  807    0 
3 1 1 0 1 1 2 2 1  613    0 
3 1 0 0 2 3 4 4 1  491    0 
3 1 1 0 0 0 1 1 1  614    0 
3 1 0 0 3 0 1 1 1  812   17 
3 1 0 0 2 3 4 4 1  538    0 
3 1 0 0 0 1 2 2 1  579   18 
3 1 1 0 2 2 3 3 1  666    0 
3 1 1 0 1 1 2 2 1  630    0 
3 1 1 0 3 3 4 4 1  499    0 
3 1 1 1 3 3 4 4 1  814    0 
3 1 1 0 0 0 1 1 1 1172    0 
3 1 0 1 2 3 3 4 0  739    0 
3 1 1 0 0 0 1 1 1  594    0 
3 1 0 0 2 3 4 4 1  521    0 
3 1 0 0 0 1 2 2 1  634    0 
3 1 1 0 3 3 4 4 1  470    0 
3 1 0 0 3 0 1 1 1  706    0 
3 1 0 1 3 0 4 4 1  844    0 
3 1 1 0 0 0 1 1 1  616    0 
3 1 1 0 0 0 1 1 1  590    0 
3 1 0 0 3 0 1 1 1  524    0 
3 1 0 0 1 2 3 3 1  798    0 
3 1 1 1 2 2 3 3 1 1044    0 
