23 1 0 0 0 2 3 1 0 1506    0 
23 1 0 0 1 3 4 4 1 1786    0 
23 1 1 0 3 3 4 4 1  777    0 
23 1 0 0 1 3 4 4 1  728    0 
23 1 1 1 1 1 2 2 1 1729    0 
23 1 0 1 3 1 4 1 0 1315    0 
23 1 1 1 0 0 1 1 1  987    0 
23 1 0 0 0 2 3 3 1 1161    0 
23 1 0 0 3 1 2 2 1  937    0 
23 1 1 0 0 0 1 1 1  730    0 
23 1 0 0 0 2 3 3 1 1051    0 
23 1 0 0 1 3 4 4 1  695    0 
23 1 1 0 3 3 4 4 1  706   17 
23 1 0 0 1 3 4 4 1  492    0 
23 1 1 1 2 2 3 3 1 1254    0 
23 1 1 0 2 2 3 3 1  642    0 
23 1 1 0 0 0 1 1 1  671    0 
23 1 0 0 2 0 1 1 1 2410    0 
23 1 0 1 3 1 4 4 1 1088    0 
23 1 0 0 0 2 3 1 0  875    0 
23 1 0 0 0 2 3 3 1 1692    0 
23 1 0 0 0 2 3 3 1  511    0 
23 1 1 0 1 1 2 2 1  681    0 
23 1 1 0 1 1 2 2 1  500    0 
23 1 1 0 3 3 4 4 1  790    0 
23 1 0 1 3 1 4 4 1  981    0 
23 1 0 0 2 0 1 3 0  988    0 
23 1 1 0 1 1 2 2 1 1297    0 
23 1 1 0 2 2 3 3 1 1651    0 
23 1 0 0 1 3 4 4 1  616    0 
23 1 1 0 1 1 2 2 1  933   17 
23 1 1 0 0 0 1 1 1  854    0 
23 1 0 0 2 0 1 1 1 1186    0 
23 1 1 0 3 3 4 4 1  705    0 
23 1 0 1 1 3 2 2 1 1219    0 
23 1 1 0 1 1 2 2 1  632    0 
23 1 0 0 0 2 3 1 0 1013    0 
23 1 1 0 3 3 4 4 1 1041    0 
23 1 0 0 3 1 2 2 1 2078    0 
23 1 0 1 3 1 4 4 1 1009    0 
23 1 0 0 2 0 1 3 0  743    0 
23 1 1 0 0 0 1 1 1 1102    0 
23 1 0 1 1 3 2 2 1 1328    0 
23 1 1 0 1 1 2 2 1  817    0 
23 1 1 1 3 3 4 4 1 1063    0 
23 1 1 0 0 0 1 1 1 1435    0 
23 1 1 0 3 3 4 4 1  639    0 
23 1 1 1 3 3 4 4 1  532    0 
23 1 0 0 2 0 1 1 1 1773    0 
23 1 0 0 2 0 1 1 1 1020    0 
23 1 1 0 0 0 1 1 1  658    0 
23 1 0 1 1 3 2 2 1 1022    0 
23 1 1 0 0 0 1 1 1 1203    0 
23 1 1 1 1 1 2 2 1 1265    0 
23 1 0 0 3 1 2 4 0  989    0 
23 1 1 0 3 3 4 4 1 2866    0 
23 1 1 1 1 1 2 2 1  974    0 
23 1 1 0 0 0 1 1 1  597    0 
23 1 0 0 2 0 1 3 0  908    0 
23 1 1 0 3 3 4 4 1 1196    0 
23 1 0 0 2 0 1 3 0  842    0 
23 1 1 0 2 2 3 3 1  717    0 
23 1 1 0 0 0 1 1 1  766    0 
23 1 1 0 0 0 1 1 1  614    0 
23 1 1 1 3 3 4 4 1  988    0 
23 1 0 0 0 2 3 3 1 2402    0 
23 1 0 0 2 0 1 1 1  984    0 
23 1 1 0 2 2 3 3 1 1279    0 
23 1 1 0 2 2 3 3 1  530    0 
23 1 0 0 3 1 2 2 1 4404    0 
23 1 1 0 0 0 1 1 1  538    0 
23 1 0 0 1 3 4 4 1 1098    0 
23 1 0 0 2 0 1 1 1 1845    0 
23 1 1 0 2 2 3 3 1  865    0 
23 1 1 1 0 0 1 1 1 2517    0 
23 1 0 0 3 1 2 2 1 1791    0 
23 1 0 0 3 1 2 2 1  621    0 
23 1 0 0 3 1 2 2 1  523    0 
23 1 1 0 1 1 2 2 1 1092    0 
23 1 0 1 0 2 1 1 1 1279    0 
23 1 0 0 0 2 3 3 1  866    0 
23 1 0 0 0 2 3 3 1  526    0 
23 1 1 1 1 1 2 2 1  751    0 
23 1 1 0 1 1 2 2 1  639    0 
23 1 1 0 2 2 3 3 1  788    0 
23 1 0 0 3 1 2 2 1 1675    0 
23 1 0 0 1 3 4 2 0  974    0 
23 1 0 0 2 0 1 1 1 1051    0 
23 1 1 0 1 1 2 2 1 1135    0 
23 1 0 1 2 0 3 3 1 1328    0 
23 1 1 1 2 2 3 3 1 1825    0 
23 1 1 1 2 2 3 3 1  702    0 
23 1 1 0 2 2 3 3 1  969    0 
23 1 0 0 1 3 4 4 1 1376    0 
23 1 0 0 3 1 2 2 1 2111    0 
23 1 0 0 0 2 3 1 0  625    0 
23 1 0 0 1 3 4 4 1  964    0 
23 1 1 0 3 3 4 4 1  788    0 
23 1 0 0 1 3 4 4 1  579    0 
23 1 0 0 2 0 1 1 1  714    0 
23 1 1 1 0 0 1 1 1  796    0 
23 1 1 0 1 1 2 2 1 1139    0 
23 1 1 0 3 3 4 4 1 2668    0 
23 1 0 0 2 0 1 1 1  743    0 
23 1 1 1 0 0 1 2 0 3016    0 
23 1 1 0 1 1 2 2 1 3995    0 
23 1 1 1 1 1 2 2 1  746    0 
23 1 0 0 3 1 2 2 1 1451    0 
23 1 1 0 3 3 4 4 1 2447    0 
23 1 0 0 2 0 1 1 1 1579    0 
23 1 1 0 0 0 1 1 1  563    0 
23 1 1 0 0 0 1 1 1  467    0 
23 1 0 0 1 3 4 4 1 1254    0 
23 1 1 1 0 0 1 1 1  690    0 
23 1 0 1 3 1 4 2 0  845    0 
23 1 0 0 0 2 3 1 0 1247    0 
23 1 0 0 1 3 4 4 1 4202    0 
23 1 0 0 0 2 3 1 0  720    0 
23 1 0 0 0 2 3 3 1 1111    0 
23 1 0 1 2 0 3 3 1 1609    0 
23 1 1 0 1 1 2 2 1  927    0 
23 1 1 0 2 2 3 3 1  641    0 
23 1 1 1 1 1 2 2 1 1653    0 
23 1 1 1 0 0 1 1 1 1193    0 
23 1 0 0 2 0 1 3 0  856    0 
23 1 0 0 3 1 2 4 0 1650    0 
23 1 0 1 2 0 3 1 0 1468    0 
23 1 1 0 0 0 1 1 1  901    0 
23 1 1 0 3 3 4 4 1 1215    0 
23 1 1 0 1 1 2 2 1 3965    0 
23 1 0 0 3 1 2 2 1 1085    0 
23 1 1 0 0 0 1 1 1  648    0 
23 1 0 0 3 1 2 2 1  692    0 
23 1 0 0 0 2 3 3 1 1127    0 
23 1 1 1 1 1 2 2 1 2104    0 
23 1 0 1 0 2 1 1 1 1138    0 
23 1 0 0 3 1 2 2 1 1811    0 
23 1 0 0 3 1 2 2 1  689    0 
23 1 0 0 1 3 4 4 1  868    0 
23 1 1 0 2 2 3 3 1 2471    0 
23 1 1 1 2 2 3 3 1  850    0 
23 1 0 0 2 0 1 1 1  822    0 
23 1 0 0 1 3 4 4 1  932    0 
23 1 1 0 2 2 3 3 1  693    0 
23 1 0 1 2 0 3 1 0 1847    0 
23 1 0 0 0 2 3 1 0  746    0 
23 1 0 0 0 2 3 3 1  913    0 
23 1 1 0 2 2 3 3 1  859    0 
23 1 1 0 1 1 2 2 1 1111    0 
23 1 0 1 3 1 4 4 1 1049    0 
23 1 0 0 2 0 1 1 1  965    0 
23 1 0 1 3 1 4 4 1 1653    0 
23 1 0 0 2 0 1 1 1 2785    0 
23 1 1 0 3 3 4 2 0 1768    0 
23 1 1 1 3 3 4 4 1 1221    0 
23 1 1 1 0 0 1 1 1 2547    0 
23 1 1 1 3 3 4 4 1 1171    0 
23 1 1 0 2 2 3 3 1  707    0 
23 1 1 0 1 1 2 2 1  773    0 
23 1 0 1 2 0 3 3 1 1420    0 
23 1 0 0 2 0 1 1 1 1129    0 
23 1 0 0 2 0 1 1 1 1043    0 
23 1 1 0 0 0 1 1 1 1007    0 
23 1 1 0 3 3 4 4 1  637    0 
23 1 1 0 0 0 1 1 1  610    0 
23 1 1 0 1 1 2 2 1  696    0 
23 1 0 1 2 0 3 3 1 1146    0 
23 1 0 0 3 1 2 2 1 1411    0 
23 1 1 0 2 2 3 3 1  977    0 
23 1 1 1 2 2 3 3 1  824    0 
23 1 0 0 3 1 2 2 1 1694    0 
23 1 1 0 0 0 1 1 1  656    0 
23 1 0 0 1 3 4 4 1  660    0 
23 1 1 0 0 0 1 1 1  720    0 
23 1 1 1 1 1 2 2 1  994    0 
23 1 1 0 1 1 2 2 1  792    0 
23 1 1 1 1 1 2 2 1  735    0 
23 1 1 0 2 2 3 3 1  592    0 
23 1 0 0 3 1 2 4 0  918    0 
23 1 0 1 0 2 1 1 1 1086   17 
23 1 0 0 3 1 2 4 0  944    0 
23 1 0 0 1 3 4 4 1 1487    0 
23 1 0 0 3 1 2 2 1 1218    0 
23 1 0 1 1 3 2 2 1 1127    0 
23 1 1 0 3 3 4 4 1  848    0 
23 1 1 0 2 2 3 3 1 1277    0 
23 1 1 1 1 1 2 2 1 2000    0 
23 1 0 0 1 3 4 4 1  702    0 
23 1 0 0 3 1 2 2 1 2104    0 
23 1 1 1 2 2 3 3 1  850    0 
23 1 0 0 0 2 3 1 0  734    0 
23 1 1 0 0 0 1 1 1  965    0 
23 1 1 1 2 2 3 3 1 2200    0 
23 1 1 0 0 0 1 1 1  910    0 
23 1 0 0 2 1 2 2 1  856    0 
23 1 0 1 3 2 4 4 1 1012    0 
23 1 0 0 3 2 3 3 1 2026    0 
23 1 0 0 3 2 3 3 1  416    0 
23 1 1 0 0 0 1 1 1  518    0 
23 1 0 1 0 3 1 1 1  999    0 
23 1 1 0 1 1 2 2 1  574    0 
23 1 0 0 3 2 3 3 1 1285    0 
23 1 1 0 3 3 4 4 1 1008    0 
23 1 1 0 1 1 2 1 0  870    0 
23 1 0 1 0 3 1 1 1  879    0 
23 1 1 0 2 2 3 3 1  610    0 
23 1 1 0 3 3 4 4 1  824    0 
23 1 1 0 0 0 1 1 1  582    0 
23 1 0 0 0 3 4 3 0  613    0 
23 1 1 0 1 1 2 2 1  609    0 
23 1 1 1 0 0 1 1 1  855    0 
23 1 1 0 1 1 2 2 1  731    0 
23 1 1 1 3 3 4 4 1 1180    0 
23 1 0 0 1 0 1 1 1  947    0 
23 1 1 0 1 1 2 2 1  676    0 
23 1 0 0 2 1 2 2 1 1167    0 
23 1 0 0 0 3 4 4 1  791    0 
23 1 1 0 0 0 1 1 1  541    0 
23 1 0 0 1 0 1 1 1  910    0 
23 1 0 1 1 0 2 2 1  880    0 
23 1 1 0 1 1 2 2 1  675    0 
23 1 1 0 0 0 1 1 1  639    0 
23 1 1 0 1 1 2 2 1  675    0 
23 1 1 0 2 2 3 3 1  687    0 
23 1 0 0 1 0 1 1 1  817    0 
23 1 1 0 3 3 4 4 1  647    0 
23 1 1 0 3 3 4 4 1  499    0 
23 1 0 0 2 1 2 2 1  934    0 
23 1 0 0 2 1 2 3 0 1351    0 
23 1 0 0 3 2 3 3 1 1069    0 
23 1 0 1 1 0 2 2 1 1152    0 
23 1 1 0 3 3 4 4 1  560    0 
23 1 0 1 3 2 4 4 1 1280    0 
23 1 1 0 3 3 4 4 1  443    0 
23 1 1 0 0 0 1 1 1 1000    0 
23 1 1 0 3 3 4 4 1 2414    0 
23 1 1 0 0 0 1 1 1  708    0 
23 1 1 0 2 2 3 3 1  486    0 
23 1 1 0 3 3 4 4 1  616    0 
23 1 0 0 2 1 2 2 1  718    0 
23 1 0 0 1 0 1 1 1 1007    0 
23 1 0 0 0 3 4 4 1  877    0 
23 1 1 0 2 2 3 3 1 1600    0 
23 1 1 1 1 1 2 2 1  846    0 
23 1 1 0 0 0 1 1 1  499    0 
23 1 0 0 3 2 3 3 1 1294    0 
23 1 0 0 3 2 3 3 1  848    0 
23 1 1 1 3 3 4 4 1  885    0 
23 1 0 1 2 1 3 3 1 1192    0 
23 1 0 0 2 1 2 2 1 1054    0 
23 1 0 1 3 2 4 4 1 1498    0 
23 1 1 0 1 1 2 2 1  797    0 
23 1 0 0 2 1 2 2 1  916    0 
23 1 0 0 1 0 1 1 1  630    0 
23 1 1 0 2 2 3 3 1  675    0 
23 1 0 0 3 2 3 3 1  822    0 
23 1 1 0 1 1 2 2 1  947    0 
23 1 0 0 2 1 2 2 1  772    0 
23 1 1 0 0 0 1 1 1  571    0 
23 1 0 1 3 2 4 4 1  987    0 
23 1 0 0 2 1 2 2 1 1785    0 
23 1 0 0 1 0 1 1 1  624    0 
23 1 0 0 0 3 4 4 1 1349    0 
23 1 0 0 0 3 4 4 1 1062    0 
23 1 0 1 3 2 4 4 1 1018    0 
23 1 1 0 2 2 3 3 1  703    0 
23 1 1 1 1 1 2 2 1 1121    0 
23 1 0 0 0 3 4 4 1  779    0 
23 1 1 0 2 2 3 3 1 1914    0 
23 1 1 1 3 3 4 4 1  540    0 
23 1 0 1 1 0 2 1 0  709    0 
23 1 0 0 3 2 3 3 1 1141    0 
23 1 1 0 0 0 1 1 1  629    0 
23 1 0 1 0 3 1 1 1  763    0 
23 1 0 0 3 2 3 3 1  563    0 
23 1 0 0 2 1 2 2 1  851    0 
23 1 1 0 1 1 2 2 1  551    0 
23 1 1 0 3 3 4 4 1  935    0 
23 1 1 1 3 3 4 4 1  751    0 
23 1 1 0 1 1 2 1 0  975    0 
23 1 0 0 0 3 4 4 1 2340    0 
23 1 1 0 2 2 3 3 1 1165    0 
23 1 1 0 3 3 4 4 1  685    0 
23 1 1 0 3 3 4 4 1  416    0 
23 1 1 0 3 3 4 4 1  350    0 
23 1 0 1 0 3 1 2 0 2150    0 
23 1 1 0 2 2 3 3 1  524    0 
23 1 1 0 1 1 2 2 1  557    0 
23 1 1 1 2 2 3 3 1  917    0 
23 1 0 0 0 3 4 4 1  910    0 
23 1 1 0 2 2 3 3 1  664    0 
23 1 1 1 2 2 3 3 1  884    0 
23 1 0 0 1 0 1 1 1  711    0 
23 1 0 0 1 0 1 1 1  633    0 
23 1 0 0 0 3 4 4 1  998    0 
23 1 1 0 1 1 2 2 1  644    0 
23 1 1 1 3 3 4 4 1  961    0 
23 1 0 1 2 1 3 3 1 1097    0 
23 1 1 1 2 2 3 3 1  668    0 
23 1 0 0 0 3 4 4 1  975    0 
23 1 1 0 0 0 1 1 1  670    0 
23 1 0 1 2 1 3 3 1  930    0 
23 1 1 0 0 0 1 1 1  627    0 
23 1 0 1 0 3 1 1 1  600    0 
23 1 1 0 0 0 1 1 1  390    0 
23 1 1 0 2 2 3 3 1  685    0 
23 1 0 0 2 1 2 2 1  823    0 
23 1 0 0 1 0 1 1 1  757    0 
23 1 1 0 2 2 3 3 1  501    0 
23 1 1 0 3 3 4 4 1  695    0 
23 1 1 1 3 3 4 3 0  697    0 
23 1 1 1 2 2 3 3 1  842    0 
23 1 0 0 2 1 2 2 1  911    0 
23 1 1 0 2 2 3 2 0  721    0 
23 1 0 0 3 2 3 3 1 1864    0 
23 1 1 0 2 2 3 3 1  444    0 
23 1 1 0 1 1 2 2 1  681    0 
23 1 0 0 0 3 4 4 1  860    0 
23 1 1 0 3 3 4 4 1  416    0 
23 1 0 1 1 0 2 2 1 1014    0 
23 1 0 1 3 2 4 4 1 1324    0 
23 1 0 0 1 0 1 1 1  773    0 
23 1 1 1 1 1 2 2 1 1085    0 
23 1 0 0 3 2 3 3 1 1183    0 
23 1 0 0 2 1 2 2 1  790    0 
23 1 0 0 2 1 2 2 1  557    0 
23 1 0 0 1 0 1 1 1  516    0 
23 1 1 0 2 2 3 3 1  566    0 
23 1 0 0 3 2 3 3 1  534    0 
23 1 0 0 1 0 1 1 1  742    0 
23 1 1 0 2 2 3 3 1 1087    0 
23 1 0 0 0 3 4 4 1  602    0 
23 1 0 0 3 2 3 3 1  776    0 
23 1 1 0 2 2 3 3 1  495    0 
23 1 1 1 0 0 1 1 1  562    0 
23 1 0 0 2 1 2 2 1  946    0 
23 1 0 1 0 3 1 1 1  658    0 
23 1 1 1 0 0 1 1 1  974    0 
23 1 1 0 1 1 2 2 1  766    0 
23 1 0 1 3 2 4 4 1  934    0 
23 1 0 0 0 3 4 1 0  798    0 
23 1 1 0 3 3 4 4 1  595    0 
23 1 0 0 1 0 1 1 1  770    0 
23 1 0 0 0 3 4 4 1  625    0 
23 1 0 0 1 0 1 1 1  654    0 
23 1 0 0 0 3 4 4 1  770    0 
23 1 0 0 2 1 2 2 1 1394    0 
23 1 1 0 0 0 1 1 1  576    0 
23 1 1 0 1 1 2 2 1  672    0 
23 1 1 0 1 1 2 2 1  427    0 
23 1 1 0 2 2 3 3 1  648    0 
23 1 1 1 3 3 4 4 1 1109    0 
23 1 1 0 1 1 2 2 1 1223    0 
23 1 1 0 1 1 2 2 1  388    0 
23 1 1 1 2 2 3 3 1  747    0 
23 1 0 0 1 0 1 1 1  659    0 
23 1 1 1 1 1 2 2 1 1135    0 
23 1 0 0 3 2 3 4 0 2624    0 
23 1 0 0 0 3 4 1 0  595    0 
23 1 1 0 0 0 1 1 1  576    0 
23 1 0 0 0 3 4 1 0  439    0 
23 1 1 0 1 1 2 2 1  570    0 
23 1 0 1 0 3 1 1 1  825    0 
23 1 0 0 2 1 2 2 1  671    0 
23 1 0 0 2 1 2 2 1  490   11 
23 1 0 0 0 3 4 4 1  837    0 
23 1 0 1 3 2 4 4 1  809    0 
23 1 1 1 1 1 2 2 1 1999    0 
23 1 1 1 1 1 2 2 1  606    0 
23 1 0 1 3 2 4 4 1  732    0 
23 1 0 1 1 0 2 2 1 1189    0 
23 1 0 1 1 0 2 2 1  732    0 
23 1 1 0 3 3 4 4 1  797    0 
23 1 0 0 0 3 4 4 1  972    0 
23 1 1 0 2 2 3 3 1  643    0 
23 1 0 0 2 1 2 2 1  720    0 
23 1 0 0 1 0 1 1 1  801    0 
23 1 1 0 0 0 1 1 1  463    0 
23 1 0 1 0 3 1 1 1 1003    0 
23 1 1 0 0 0 1 1 1  745    0 
23 1 0 0 0 3 4 4 1  562    0 
23 1 1 0 3 3 4 4 1  642    0 
23 1 0 0 2 1 2 2 1  662    0 
23 1 1 0 3 3 4 4 1  650    0 
