2 1 1 0 2 2 3 3 1 2001    1 
2 1 0 0 3 1 2 2 1 2064    1 
2 1 1 1 1 1 2 4 0 1756    0 
2 1 1 0 0 0 1 1 1  826    1 
2 1 1 0 2 2 3 3 1  680    1 
2 1 0 0 1 3 4 4 1  915    1 
2 1 1 0 1 1 2 2 1  869    1 
2 1 0 0 1 3 4 2 0  449    1 
2 1 0 0 2 0 1 3 0 2067    1 
2 1 0 1 2 0 3 1 0 1309    1 
2 1 0 0 0 2 3 3 1  621    1 
2 1 1 0 2 2 3 3 1  858    1 
2 1 1 0 1 1 2 2 1  942    1 
2 1 0 1 2 0 3 3 1 1255    1 
2 1 1 1 1 1 2 2 1 1995    1 
2 1 0 0 2 0 1 1 1  594    1 
2 1 0 0 3 1 2 2 1 1161    1 
2 1 0 0 0 2 3 3 1  865    1 
2 1 1 0 0 0 1 1 1  805    1 
2 1 1 1 2 2 3 3 1  883    1 
2 1 0 0 2 0 1 3 0  950    1 
2 1 1 0 3 3 4 4 1  772    1 
2 1 1 0 0 0 1 3 0  683    1 
2 1 0 0 2 0 1 1 1  700    1 
2 1 1 0 0 0 1 1 1  454    1 
2 1 1 0 1 1 2 2 1  667    1 
2 1 0 0 2 0 1 1 1  646    1 
2 1 0 0 1 3 4 4 1  627    1 
2 1 1 0 1 1 2 2 1 1160    1 
2 1 0 0 0 2 3 3 1  832    1 
2 1 1 0 0 0 1 1 1  613    1 
2 1 0 1 1 3 2 4 0  595    1 
2 1 0 0 0 2 3 3 1 2760    1 
2 1 0 0 0 2 3 3 1  569    1 
2 1 1 0 3 3 4 4 1  480    1 
2 1 0 1 2 0 3 1 0 1795    1 
2 1 0 0 2 0 1 1 1  664    0 
2 1 0 1 2 0 3 1 0 1373    1 
2 1 0 0 0 2 3 3 1 4298    1 
2 1 0 0 0 2 3 3 1  653    0 
2 1 1 1 0 0 1 1 1 1489    1 
2 1 1 1 3 3 4 4 1 1612    0 
2 1 1 0 1 1 2 2 1 1154    1 
2 1 1 1 2 2 3 3 1 1867    1 
2 1 1 1 0 0 1 1 1  758    1 
2 1 1 1 1 1 2 4 0 1471    1 
2 1 1 1 1 1 2 2 1  536    1 
2 1 0 0 1 3 4 4 1 2041    1 
2 1 1 0 0 0 1 1 1  646    1 
2 1 1 0 3 3 4 4 1  994    0 
2 1 1 0 3 3 4 4 1  641    1 
2 1 1 1 2 2 3 3 1 1550    1 
2 1 1 0 1 1 2 2 1 2022    1 
2 1 0 0 3 1 2 2 1  708    1 
2 1 0 0 1 3 4 4 1  710    1 
2 1 0 0 0 2 3 3 1  936    1 
2 1 0 0 1 3 4 4 1  865    1 
2 1 1 1 3 3 4 4 1 1085    1 
2 1 1 0 0 0 1 1 1  880    1 
2 1 1 0 0 0 1 1 1  564    1 
2 1 0 1 1 3 2 2 1 1300    1 
2 1 0 0 2 0 1 1 1 2566    1 
2 1 1 0 3 3 4 4 1 1397    1 
2 1 0 1 3 1 4 2 0 2212    1 
2 1 0 0 2 0 1 1 1 1657    1 
2 1 1 1 1 1 2 2 1 1677    1 
2 1 0 0 1 3 4 4 1 1872    1 
2 1 0 0 2 0 1 1 1 1132    1 
2 1 0 0 1 3 4 4 1 1685    1 
2 1 0 0 2 0 1 1 1  824    1 
2 1 1 0 3 3 4 4 1  781    1 
2 1 1 0 0 0 1 1 1 1125    1 
2 1 1 0 2 2 3 3 1  774    1 
2 1 1 0 0 0 1 1 1 1094    1 
2 1 1 0 3 3 4 4 1  769    1 
2 1 1 0 2 2 3 3 1  736    1 
2 1 1 0 3 3 4 4 1 1129    0 
2 1 1 0 1 1 2 2 1  850    1 
2 1 0 0 1 3 4 2 0 1847    1 
2 1 0 0 3 1 2 2 1 1249    1 
2 1 1 0 1 1 2 2 1  526    1 
2 1 1 1 3 3 4 4 1 1503    1 
2 1 1 0 3 3 4 4 1  425    1 
2 1 0 0 0 2 3 3 1 1103    1 
2 1 1 0 2 2 3 3 1  537    1 
2 1 1 0 0 0 1 1 1  714    1 
2 1 0 0 1 3 4 4 1 1124    1 
2 1 1 1 2 2 3 3 1  925    1 
2 1 0 0 0 2 3 3 1  535    0 
2 1 1 0 2 2 3 3 1  408    1 
2 1 0 1 2 0 3 3 1 1622    1 
2 1 1 1 1 1 2 2 1 1259    1 
2 1 0 0 1 3 4 4 1 1240    1 
2 1 0 0 2 0 1 1 1 1396    1 
2 1 1 0 2 2 3 3 1  587    1 
2 1 0 0 3 1 2 2 1 1354    1 
2 1 1 0 3 3 4 4 1  498    1 
2 1 1 0 2 2 3 3 1  693    1 
2 1 1 0 0 0 1 1 1  856    1 
2 1 1 0 1 1 2 2 1 1060    1 
2 1 0 0 1 3 4 4 1  784    1 
2 1 1 0 3 3 4 4 1  463    1 
2 1 1 0 0 0 1 3 0 1235    1 
2 1 1 0 0 0 1 1 1  382    1 
2 1 0 1 3 1 4 4 1 1981    1 
2 1 1 0 1 1 2 2 1  853    1 
2 1 0 0 3 1 2 2 1  465    1 
2 1 0 0 1 3 4 4 1  613    1 
2 1 0 0 3 1 2 2 1  995    1 
2 1 1 1 0 0 1 1 1 1314    1 
2 1 1 0 0 0 1 1 1  396    1 
2 1 1 0 0 0 1 1 1  843    1 
2 1 0 0 0 2 3 3 1 1216    1 
2 1 1 0 3 3 4 4 1 1021    1 
2 1 0 0 3 1 2 2 1 1275    1 
2 1 1 1 3 3 4 4 1  814    1 
2 1 1 1 3 3 4 4 1  404    1 
2 1 1 0 1 1 2 2 1  682    1 
2 1 0 0 1 3 4 2 0  549    1 
2 1 1 0 3 3 4 4 1 2523    1 
2 1 0 1 3 1 4 4 1 1869    1 
2 1 0 1 3 1 4 4 1  633    1 
2 1 1 0 3 3 4 4 1  725    1 
2 1 0 1 0 2 1 1 1 1191    1 
2 1 0 1 1 3 2 4 0 1270    1 
2 1 1 0 1 1 2 2 1  599    1 
2 1 0 0 0 2 3 1 0 1037    1 
2 1 1 0 1 1 2 2 1 1960    1 
2 1 0 0 1 3 4 4 1 1336    1 
2 1 0 0 3 1 2 2 1 1969    1 
2 1 1 0 2 2 3 3 1  681    1 
2 1 0 0 3 1 2 2 1 1100    1 
2 1 1 0 1 1 2 2 1  703    1 
2 1 0 0 2 0 1 1 1  633    1 
2 1 0 0 0 2 3 3 1  790    1 
2 1 1 0 3 3 4 4 1 1100    1 
2 1 0 0 3 1 2 2 1 1095    1 
2 1 0 1 1 3 2 2 1 1561    1 
2 1 0 0 0 2 3 3 1  826    1 
2 1 1 0 2 2 3 3 1  711    1 
2 1 0 0 3 1 2 2 1 1521    1 
2 1 1 0 0 0 1 1 1  627    1 
2 1 0 0 0 2 3 3 1  744    1 
2 1 0 1 3 1 4 4 1 1281    1 
2 1 1 0 0 0 1 1 1 1661    1 
2 1 1 0 1 1 2 2 1 1233    1 
2 1 0 0 0 2 3 3 1  966    1 
2 1 1 0 2 2 3 3 1  461    1 
2 1 0 1 2 0 3 3 1 1489    1 
2 1 0 1 0 2 1 1 1 1388    1 
2 1 1 0 0 0 1 1 1  459    0 
2 1 0 0 2 0 1 3 0  687    1 
2 1 0 0 0 2 3 3 1 1192    1 
2 1 0 1 3 1 4 4 1 1039    1 
2 1 0 0 3 1 2 2 1  980    1 
2 1 1 1 0 0 1 1 1 2211    1 
2 1 0 0 0 2 3 0 0 5000    1 
2 1 1 0 2 2 3 3 1 1134    1 
2 1 0 0 3 1 2 4 0 2455    1 
2 1 0 0 2 0 1 1 1 1689    0 
2 1 1 1 3 3 4 4 1 1308    1 
2 1 1 0 2 2 3 3 1 1822    1 
2 1 0 0 1 3 4 4 1 2940    1 
2 1 1 0 1 1 2 2 1  629    1 
2 1 0 0 0 2 3 3 1 1914    1 
2 1 1 0 2 2 3 3 1  468    1 
2 1 0 0 2 0 1 1 1  680    1 
2 1 1 0 2 2 3 3 1  867    1 
2 1 0 0 1 3 4 4 1  903    1 
2 1 0 1 3 1 4 2 0 1225    1 
2 1 1 0 2 2 3 3 1 4197    1 
2 1 1 0 2 2 3 3 1  372    1 
2 1 1 1 1 1 2 2 1 1931    1 
2 1 0 0 1 3 4 2 0  597    1 
2 1 0 0 3 1 2 2 1 1986    1 
2 1 1 0 2 2 3 4 0 2105    1 
2 1 1 0 3 3 4 4 1 1481    1 
2 1 0 0 1 3 4 4 1 2820    1 
2 1 0 1 2 0 3 3 1 1466    1 
2 1 1 1 0 0 1 1 1 1046    1 
2 1 1 1 0 0 1 1 1  482    1 
2 1 0 1 2 0 3 3 1 2525    1 
2 1 0 0 2 0 1 1 1  775    1 
2 1 1 0 1 1 2 2 1 2054    1 
2 1 1 1 0 0 1 1 1 2555    1 
2 1 0 0 3 1 2 4 0 1067    1 
2 1 0 1 3 1 4 2 0 1444    1 
2 1 0 1 3 1 4 4 1 2079    1 
2 1 0 0 3 1 2 2 1  731    1 
2 1 1 1 2 2 3 3 1 2612    1 
2 1 0 0 0 2 3 3 1  635    0 
2 1 0 0 1 3 4 4 1 1423    1 
2 1 0 1 1 3 2 1 0 3463    1 
2 1 0 0 2 0 1 3 0  113    1 
2 1 0 0 1 3 4 1 0    0    1 
2 1 0 1 2 0 3 3 1  174    1 
2 1 0 0 2 0 1 2 0    0    0 
2 1 1 0 2 2 3 1 0    0    1 
2 1 0 0 1 3 4 3 0    0    0 
2 1 0 0 1 3 4 4 1   89    1 
2 1 0 1 2 0 3 3 1  132    1 
2 1 0 1 2 0 3 1 0  133    1 
2 1 0 0 3 1 2 2 1 1252    1 
2 1 0 0 2 0 1 1 1 1080    1 
2 1 0 0 0 2 3 3 1  635    1 
2 1 0 0 2 0 1 4 0   96    1 
2 1 1 0 0 0 1 1 1   41    1 
2 1 1 0 3 3 4 3 0    0    0 
2 1 0 1 1 3 2 3 0    0    0 
2 1 0 0 3 1 2 2 1 1302    1 
2 1 0 0 3 1 2 2 1  528    1 
2 1 0 0 1 3 4 4 1 3466    1 
2 1 1 0 2 2 3 3 1  661    1 
2 1 1 0 2 2 3 3 1  465    1 
2 1 1 0 3 3 4 2 0  565    1 
2 1 1 0 3 3 4 4 1  386    1 
2 1 0 0 0 2 3 3 1  545    1 
2 1 1 0 0 0 1 1 1  738    1 
2 1 1 1 1 1 2 2 1 2195    1 
2 1 1 1 3 3 4 3 0  138    1 
2 1 0 0 0 2 3 1 0    0    0 
2 1 0 1 2 0 3 1 0   85    1 
2 1 1 0 2 2 3 1 0    0    0 
2 1 0 0 2 0 1 1 1    0    0 
2 1 0 1 3 1 4 1 0    0    0 
2 1 1 0 0 0 1 4 0    0    0 
2 1 0 0 2 0 1 2 0  216    1 
2 1 1 0 2 2 3 2 0    0    0 
2 1 1 0 1 1 2 2 1  183    1 
2 1 0 1 3 1 4 3 0    0    0 
2 1 0 0 1 3 4 1 0  154    1 
2 1 1 0 2 2 3 3 1   24    1 
2 1 1 1 0 0 1 1 1  190    1 
2 1 1 1 3 3 4 1 0  405    1 
2 1 1 0 1 1 2 1 0  105    1 
2 1 0 1 1 3 2 3 0   73    1 
2 1 0 1 0 2 1 1 1  338    1 
2 1 1 0 1 1 2 3 0  331    1 
2 1 0 0 0 2 3 1 0  514    1 
2 1 0 0 0 2 3 3 1  394    1 
2 1 1 0 3 3 4 4 1 1497    0 
2 1 0 0 2 0 1 1 1 1020    1 
2 1 1 0 3 3 4 3 0  777    1 
2 1 1 0 0 0 1 1 1  687    1 
2 1 0 1 2 0 3 3 1 1218    1 
2 1 1 1 1 1 2 1 0  831    1 
2 1 1 1 3 3 4 4 1  690    1 
2 1 1 0 3 3 4 4 1  381    1 
2 1 1 0 2 2 3 3 1  628    1 
2 1 1 0 1 1 2 2 1  154    1 
2 1 1 1 2 2 3 3 1  898    0 
2 1 1 0 2 2 3 1 0  317    1 
2 1 1 1 0 0 1 4 0    0    0 
2 1 0 1 1 3 2 2 1   96    1 
2 1 0 0 3 1 2 3 0  219    1 
2 1 0 0 1 3 4 3 0  366    1 
2 1 1 1 2 2 3 1 0    4    1 
2 1 0 1 3 1 4 1 0  384    1 
2 1 0 1 0 2 1 1 1   69    1 
2 1 1 1 0 0 1 1 1  648    1 
2 1 1 0 0 0 1 1 1  557    1 
2 1 1 0 1 1 2 1 0  541    1 
2 1 1 1 1 1 2 1 0  284    1 
2 1 1 1 0 0 1 2 0  381    1 
2 1 1 0 1 1 2 0 0 5000    1 
2 1 0 0 3 1 2 0 0 5000    1 
2 1 1 0 1 1 2 3 0 1451    1 
2 1 1 0 2 2 3 3 1    0    0 
2 1 0 1 3 1 4 3 0   76    1 
2 1 0 0 1 3 4 4 1 1085    0 
2 1 1 0 0 0 1 4 0  400    1 
2 1 0 0 3 1 2 3 0  108    1 
2 1 0 0 1 3 4 4 1    0    0 
2 1 0 0 0 2 3 4 0  226    0 
2 1 0 0 0 2 3 3 1    0    0 
2 1 1 0 1 1 2 3 0  388    1 
2 1 0 0 3 1 2 4 0  432    0 
2 1 1 0 3 3 4 4 1  283    1 
2 1 0 0 3 1 2 4 0  166    1 
2 1 1 0 3 3 4 4 1    0    0 
2 1 1 0 3 3 4 4 1   82    1 
2 1 1 0 2 2 3 3 1  653    1 
2 1 0 0 0 2 3 3 1  745    1 
2 1 1 0 2 2 3 3 1  450    1 
2 1 1 1 1 1 2 2 1 1726    1 
2 1 0 1 0 2 1 3 0 1280    1 
2 1 0 1 1 3 2 4 0 1753    1 
2 1 0 0 1 3 4 4 1 1232    1 
2 1 0 1 1 3 2 2 1 1429    1 
2 1 1 1 1 1 2 2 1 1443    1 
2 1 1 0 0 0 1 1 1 1239    1 
2 1 0 0 3 1 2 4 0 1412    1 
2 1 1 1 0 0 1 3 0    0    0 
2 1 1 0 2 2 3 3 1  125    1 
2 1 1 0 1 1 2 4 0 2126    1 
2 1 1 0 0 0 1 4 0  342    1 
2 1 0 0 0 2 3 4 0  181    1 
2 1 0 1 2 0 3 3 1  130    1 
2 1 0 0 0 2 3 3 1  227    1 
2 1 0 0 0 2 3 3 1  297    1 
2 1 0 0 3 1 2 3 0  388    1 
2 1 1 0 2 2 3 3 1  328    1 
2 1 1 0 0 0 1 3 0    0    0 
2 1 1 0 2 2 3 0 0 5000    1 
2 1 1 1 1 1 2 2 1 2882    1 
2 1 0 0 2 0 1 1 1  830    1 
2 1 0 0 0 2 3 3 1  731    0 
2 1 0 0 1 3 4 4 1 3052    1 
2 1 1 0 0 0 1 3 0  601    1 
2 1 0 0 2 0 1 4 0 1101    0 
2 1 0 1 2 0 3 3 1    0    1 
2 1 0 0 2 0 1 1 1  115    1 
2 1 1 0 1 1 2 4 0   29    1 
2 1 0 0 0 2 3 3 1  305    1 
2 1 0 0 1 3 4 3 0  411    1 
2 1 0 0 2 0 1 1 1 1079    1 
2 1 0 0 0 2 3 3 1 3083    1 
2 1 0 0 0 2 3 0 0 5000    1 
2 1 1 0 1 1 2 1 0 1450    0 
2 1 0 0 3 1 2 1 0  852    1 
2 1 0 1 0 2 1 2 0  239    1 
2 1 0 0 1 3 4 4 1  217    1 
2 1 1 0 0 0 1 4 0    7    1 
2 1 1 1 3 3 4 4 1  299    1 
2 1 1 0 1 1 2 2 1  157    1 
2 1 0 0 3 1 2 4 0  293    1 
2 1 1 0 0 0 1 3 0    0    0 
2 1 0 0 1 3 4 4 1 2426    1 
2 1 0 0 3 1 2 2 1 1000    1 
2 1 1 0 3 3 4 4 1  782    1 
2 1 1 0 3 3 4 4 1  445    1 
2 1 1 0 3 3 4 4 1  362    1 
2 1 1 0 2 2 3 3 1  634    1 
2 1 0 0 3 1 2 4 0  823    1 
2 1 1 0 2 2 3 4 0  755    1 
2 1 1 0 2 2 3 3 1  353    1 
2 1 1 1 2 2 3 3 1  385    1 
2 1 0 0 3 1 2 4 0  936    1 
2 1 1 0 1 1 2 2 1 1134    1 
2 1 1 0 2 2 3 3 1  647    0 
2 1 1 0 3 3 4 4 1  972    0 
2 1 1 0 0 0 1 1 1  732    1 
2 1 0 1 3 1 4 4 1 2661    0 
2 1 0 1 3 1 4 4 1  433    1 
2 1 0 0 0 2 3 3 1 1174    1 
2 1 1 1 2 2 3 3 1  646    1 
2 1 0 0 1 3 4 4 1 1362    1 
2 1 1 0 2 2 3 3 1 1203    1 
2 1 0 0 0 2 3 3 1  417    1 
2 1 1 0 2 2 3 3 1  374    1 
2 1 0 0 1 3 4 2 0 1766    1 
2 1 1 0 1 1 2 1 0  147    1 
2 1 1 0 1 1 2 2 1  210    1 
2 1 0 0 0 2 3 1 0    0    0 
2 1 0 1 1 3 2 1 0    0    0 
2 1 0 0 3 1 2 2 1    0    0 
2 1 1 0 2 2 3 4 0  175    1 
2 1 0 1 3 1 4 3 0  108    1 
2 1 0 1 1 3 2 1 0  108    1 
2 1 0 1 0 2 1 3 0    0    0 
2 1 0 0 0 2 3 1 0   32    1 
2 1 0 0 1 3 4 3 0   35    1 
2 1 1 0 0 0 1 1 1   70    1 
2 1 0 0 1 3 4 3 0  153    1 
2 1 1 1 3 3 4 1 0    0    0 
2 1 1 0 0 0 1 2 0  148    1 
2 1 1 0 2 2 3 2 0    2    1 
2 1 0 0 0 2 3 4 0   22    1 
2 1 0 0 2 0 1 1 1    0    0 
2 1 1 0 3 3 4 4 1    8    1 
2 1 1 0 0 0 1 3 0   70    1 
2 1 1 1 1 1 2 2 1    0    0 
2 1 1 0 2 2 3 3 1   94    1 
2 1 1 0 3 3 4 4 1   64    1 
2 1 0 0 3 1 2 1 0    0    0 
2 1 0 0 2 0 1 4 0  641    1 
2 1 1 0 0 0 1 3 0  499    1 
2 1 0 0 0 2 3 3 1 2204    1 
2 1 1 0 1 1 2 2 1  594    1 
2 1 0 0 3 1 2 4 0  817    1 
2 1 1 0 2 2 3 4 0  644    0 
2 1 1 0 3 3 4 2 0  231    1 
2 1 1 0 3 3 4 3 0  202    0 
2 1 1 0 3 3 4 4 1   71    1 
