24 1 0 0 2 0 1 1 1 2147    1 
24 1 1 0 3 3 4 4 1 1092    1 
24 1 1 1 2 2 3 3 1 2727    1 
24 1 0 0 1 3 4 4 1 2936    1 
24 1 1 0 0 0 1 1 1  793    1 
24 1 1 1 0 0 1 1 1 1264    1 
24 1 1 0 3 3 4 4 1  796    1 
24 1 1 0 3 3 4 4 1  579    1 
24 1 0 0 2 0 1 1 1 1307    1 
24 1 1 0 2 2 3 3 1 1181    1 
24 1 1 0 3 3 4 4 1  628    1 
24 1 1 0 2 2 3 3 1  722    1 
24 1 1 0 2 2 3 3 1  515    1 
24 1 1 0 1 1 2 2 1 1197    1 
24 1 0 0 3 1 2 4 0  908    1 
24 1 1 1 1 1 2 2 1 2324    1 
24 1 0 0 0 2 3 3 1 2006    1 
24 1 0 1 1 3 2 2 1 3332    1 
24 1 0 0 2 0 1 1 1 1317    1 
24 1 1 1 3 3 4 4 1 1959    1 
24 1 0 1 3 1 4 4 1 1103    1 
24 1 0 0 2 0 1 1 1  985    1 
24 1 0 0 2 0 1 1 1  712    1 
24 1 1 1 1 1 2 2 1 1442    1 
24 1 0 1 2 0 3 3 1 2535    1 
24 1 1 0 0 0 1 1 1  920    1 
24 1 1 0 1 1 2 2 1  930    1 
24 1 1 0 1 1 2 2 1  507    1 
24 1 1 1 2 2 3 3 1 1461    1 
24 1 0 1 0 2 1 1 1 2409    1 
24 1 0 0 1 3 4 4 1  640    1 
24 1 0 1 3 1 4 4 1 1340    1 
24 1 1 0 3 3 4 4 1  725    1 
24 1 1 0 3 3 4 4 1  479    1 
24 1 0 0 1 3 4 4 1  562    1 
24 1 1 0 2 2 3 3 1 1066    1 
24 1 1 1 1 1 2 2 1 1382    1 
24 1 1 1 3 3 4 4 1  909    1 
24 1 0 0 1 3 4 4 1 1271    1 
24 1 0 0 2 0 1 1 1  730    1 
24 1 1 0 3 3 4 4 1  748    1 
24 1 0 0 2 0 1 2 0  989    1 
24 1 0 0 3 1 2 2 1 2058    1 
24 1 1 0 0 0 1 1 1  750    1 
24 1 0 1 0 2 1 1 1 1438    1 
24 1 0 0 0 2 3 1 0  515    1 
24 1 1 0 1 1 2 2 1  858    1 
24 1 0 0 3 1 2 2 1  551    1 
24 1 0 0 0 2 3 3 1 1143    0 
24 1 0 0 2 0 1 1 1  600    1 
24 1 1 0 3 3 4 4 1  846    1 
24 1 1 0 2 2 3 3 1  875    1 
24 1 1 0 2 2 3 3 1  374    1 
24 1 1 0 2 2 3 3 1  469    1 
24 1 1 0 1 1 2 2 1  665    1 
24 1 1 1 0 0 1 1 1 1277    1 
24 1 1 0 0 0 1 1 1 1185    1 
24 1 1 1 1 1 2 2 1 1631    1 
24 1 0 0 1 3 4 4 1  941    1 
24 1 0 1 3 1 4 4 1 1670    1 
24 1 1 0 3 3 4 4 1  713    1 
24 1 0 0 3 1 2 4 0  452    1 
24 1 1 0 1 1 2 2 1  646    1 
24 1 1 0 0 0 1 1 1  610    1 
24 1 0 0 2 0 1 1 1  537    1 
24 1 0 0 2 0 1 1 1  417    1 
24 1 0 1 3 1 4 4 1 1095    1 
24 1 1 0 3 3 4 4 1  706    1 
24 1 1 0 1 1 2 4 0  540    1 
24 1 1 0 0 0 1 1 1 1451    1 
24 1 1 0 1 1 2 2 1 1183    1 
24 1 1 0 3 3 4 4 1  702    1 
24 1 1 0 3 3 4 4 1  616    1 
24 1 1 0 3 3 4 4 1  557    1 
24 1 1 0 0 0 1 1 1  558    1 
24 1 1 0 0 0 1 1 1  398    1 
24 1 0 0 2 0 1 1 1  708    1 
24 1 0 0 3 1 2 4 0  791    1 
24 1 1 0 1 1 2 2 1  667    1 
24 1 1 0 3 3 4 4 1  631    1 
24 1 0 0 2 0 1 1 1  652    1 
24 1 1 0 0 0 1 1 1  728    1 
24 1 0 0 3 1 2 2 1  770    1 
24 1 1 0 1 1 2 2 1  641    1 
24 1 0 1 0 2 1 3 0 1710    1 
24 1 1 0 1 1 2 2 1  863    1 
24 1 0 1 0 2 1 1 1 1235    1 
24 1 1 1 0 0 1 1 1 1040    1 
24 1 0 0 3 1 2 4 0 1028    1 
24 1 0 0 3 1 2 2 1  880    1 
24 1 0 1 0 2 1 1 1 1259    1 
24 1 1 1 1 1 2 2 1  952    0 
24 1 1 0 2 2 3 3 1  952    1 
24 1 1 0 0 0 1 2 0 1720    1 
24 1 0 0 1 3 4 4 1  704    1 
24 1 0 0 0 2 3 3 1  874    1 
24 1 1 0 2 2 3 3 1  629    1 
24 1 0 0 2 0 1 1 1  915    1 
24 1 0 0 1 3 4 4 1  653    1 
24 1 0 1 2 0 3 3 1 1521    1 
24 1 0 1 3 1 4 4 1 2178    0 
24 1 0 1 3 1 4 4 1 1138    0 
24 1 1 0 3 3 4 4 1  979    0 
24 1 1 1 2 2 3 3 1 1178    0 
24 1 0 0 2 0 1 1 1 1562    1 
24 1 0 0 2 0 1 1 1  482    1 
24 1 1 0 0 0 1 1 1  397    1 
24 1 0 0 2 0 1 1 1  492    1 
24 1 0 0 3 1 2 2 1  903    1 
24 1 0 0 1 3 4 4 1  625    1 
24 1 0 0 1 3 4 4 1  326    1 
24 1 1 0 1 1 2 2 1 1088    1 
24 1 1 0 0 0 1 1 1  634    1 
24 1 0 1 0 2 1 1 1 1575    1 
24 1 0 1 1 3 2 4 0 1471    1 
24 1 0 0 0 2 3 1 0  640    1 
24 1 0 0 0 2 3 3 1 1635    1 
24 1 0 0 3 1 2 2 1 1008    1 
24 1 0 0 1 3 4 4 1  886    1 
24 1 1 0 0 0 1 1 1  641    1 
24 1 1 0 1 1 2 2 1  926    1 
24 1 1 0 1 1 2 2 1  455    1 
24 1 1 0 1 1 2 2 1  324    1 
24 1 1 0 2 2 3 3 1  933    1 
24 1 1 0 3 3 4 4 1  502    1 
24 1 0 0 3 1 2 3 0 1216    1 
24 1 1 0 3 3 4 4 1 1164    1 
24 1 1 0 1 1 2 2 1 1108    1 
24 1 1 0 2 2 3 3 1  630    1 
24 1 0 1 0 2 1 1 1 1243    1 
24 1 1 0 1 1 2 2 1  632    1 
24 1 0 0 2 0 1 1 1 1077    1 
24 1 1 0 3 3 4 4 1  864    0 
24 1 1 1 2 2 3 3 1 1405    1 
24 1 0 0 3 1 2 2 1 1195    1 
24 1 1 0 2 2 3 3 1  722    1 
24 1 0 0 1 3 4 4 1  779    1 
24 1 0 0 1 3 4 4 1  779    1 
24 1 1 0 1 1 2 2 1  658    1 
24 1 1 0 2 2 3 3 1  862    1 
24 1 0 0 3 1 2 2 1  810    0 
24 1 1 0 1 1 2 2 1  625    1 
24 1 0 1 3 1 4 4 1 1374    1 
24 1 0 0 0 2 3 3 1 1398    1 
24 1 1 0 0 0 1 1 1  940    1 
24 1 0 0 3 1 2 2 1  733    1 
24 1 0 1 2 0 3 3 1 1046    1 
24 1 0 0 0 2 3 3 1 2331    1 
24 1 0 1 2 0 3 3 1  997    1 
24 1 0 0 1 3 4 3 0 2027    1 
24 1 1 1 1 1 2 2 1 1871    1 
24 1 0 0 1 3 4 4 1 1299    1 
24 1 0 0 2 0 1 1 1  973    1 
24 1 0 1 0 2 1 1 1 2076    1 
24 1 0 0 1 3 4 4 1 1008    0 
24 1 0 0 2 0 1 1 1  574    0 
24 1 1 1 0 0 1 1 1  894    1 
24 1 1 0 0 0 1 1 1  392    1 
24 1 0 1 0 2 1 1 1 1583    0 
24 1 1 1 2 2 3 3 1 1214    1 
24 1 1 0 0 0 1 1 1  644    0 
24 1 1 0 2 2 3 4 0  649    1 
24 1 0 0 1 3 4 4 1  795    1 
24 1 1 0 1 1 2 2 1 1202    1 
24 1 0 0 0 2 3 3 1  936    1 
24 1 1 0 2 2 3 3 1  625    1 
24 1 0 0 2 0 1 1 1  983    1 
24 1 0 0 1 3 4 4 1 1581    1 
24 1 1 0 1 1 2 2 1  717    1 
24 1 1 1 0 0 1 1 1  982    1 
24 1 0 0 3 1 2 4 0  837    1 
24 1 0 0 3 1 2 2 1 2216    1 
24 1 0 0 0 2 3 3 1 2166    1 
24 1 0 1 1 3 2 2 1 1613    1 
24 1 1 0 2 2 3 3 1  796    1 
24 1 1 1 2 2 3 3 1  362    1 
24 1 0 0 3 1 2 4 0  866    1 
24 1 0 0 0 2 3 3 1 2724    1 
24 1 1 0 0 0 1 1 1 2006    1 
24 1 1 1 3 3 4 4 1 1420    1 
24 1 0 1 3 1 4 4 1 1897    1 
24 1 1 1 2 2 3 3 1 1012    1 
24 1 0 0 3 1 2 4 0 1458    1 
24 1 1 0 0 0 1 1 1  925    1 
24 1 1 0 0 0 1 1 1  438    1 
24 1 0 0 2 0 1 1 1  707    1 
24 1 0 0 3 1 2 2 1 2349    0 
24 1 0 1 1 3 2 2 1 1453    1 
24 1 0 1 0 2 1 1 1  850    1 
24 1 1 1 0 0 1 1 1  742    1 
24 1 0 0 0 2 3 3 1 1519    1 
24 1 0 0 0 2 3 3 1  424    1 
24 1 0 0 1 0 1 1 1 2723    1 
24 1 1 0 1 1 2 2 1  989    1 
24 1 1 0 2 2 3 4 0  931    1 
24 1 0 1 0 3 1 1 1 1402    1 
24 1 1 1 0 0 1 1 1  984    1 
24 1 0 0 1 0 1 1 1 1127    1 
24 1 0 0 3 2 3 3 1 1137    1 
24 1 1 1 2 2 3 3 1  930   64 
24 1 1 0 3 3 4 4 1  395    1 
24 1 1 0 3 3 4 4 1  362    1 
24 1 0 1 1 0 2 1 0 1058    1 
24 1 0 0 2 1 2 3 0  940    1 
24 1 0 0 1 0 1 1 1  739    1 
24 1 1 0 2 2 3 3 1  780    1 
24 1 1 0 0 0 1 1 1  579    1 
24 1 1 1 3 3 4 4 1 1043    1 
24 1 1 1 1 1 2 2 1 1088    1 
24 1 1 0 2 2 3 3 1  755    1 
24 1 1 0 1 1 2 2 1  595    1 
24 1 1 0 0 0 1 1 1  458    1 
24 1 1 0 1 1 2 2 1  718    1 
24 1 0 1 1 0 2 1 0  847    1 
24 1 1 0 0 0 1 1 1 1114    1 
24 1 1 0 3 3 4 4 1 1628    1 
24 1 1 0 0 0 1 1 1  554    1 
24 1 0 1 2 1 3 3 1 1394    1 
24 1 1 0 3 3 4 4 1  625   25 
24 1 0 0 1 0 1 1 1  662    1 
24 1 0 0 1 0 1 1 1  450    1 
24 1 1 0 0 0 1 1 1  382    1 
24 1 0 0 3 2 3 3 1  557    1 
24 1 0 1 2 1 3 3 1 1149   30 
24 1 1 1 2 2 3 3 1  942    1 
24 1 1 0 3 3 4 4 1  582    1 
24 1 0 0 2 1 2 2 1  853    0 
24 1 1 0 1 1 2 2 1  793    1 
24 1 0 0 2 1 2 2 1  464    1 
24 1 0 0 1 0 1 1 1  700    1 
24 1 1 0 3 3 4 4 1  910    1 
24 1 1 0 2 2 3 3 1  641    0 
24 1 0 0 3 2 3 3 1  429    0 
24 1 1 1 3 3 4 4 1 1035    1 
24 1 0 0 1 0 1 1 1  584    1 
24 1 0 0 1 0 1 1 1  479    1 
24 1 0 1 3 2 4 4 1 1738    1 
24 1 0 0 1 0 1 2 0 1043    1 
24 1 1 0 0 0 1 1 1  454    1 
24 1 1 1 2 2 3 3 1 1018    1 
24 1 0 0 1 0 1 1 1 1071    1 
24 1 1 0 3 3 4 4 1  555    1 
24 1 0 0 3 2 3 3 1  835    1 
24 1 0 0 1 0 1 1 1  656    1 
24 1 0 0 1 0 1 1 1  388    1 
24 1 1 0 1 1 2 2 1  931    0 
24 1 1 0 1 1 2 2 1  500    1 
24 1 0 0 0 3 4 3 0  534    0 
24 1 1 0 2 2 3 3 1  965    1 
24 1 0 0 0 3 4 4 1  549    1 
24 1 0 1 2 1 3 3 1 1181    1 
24 1 1 1 3 3 4 4 1  636    1 
24 1 1 0 0 0 1 1 1  489    1 
24 1 1 0 0 0 1 1 1  740    1 
24 1 1 0 0 0 1 1 1  429    1 
24 1 1 0 3 3 4 4 1 1266    1 
24 1 1 0 1 1 2 2 1  742    0 
24 1 1 1 2 2 3 3 1 1279    1 
24 1 1 1 1 1 2 2 1  858    1 
24 1 0 1 0 3 1 1 1 1214    1 
24 1 1 0 0 0 1 1 1  972    1 
24 1 0 0 3 2 3 3 1  996    1 
24 1 1 0 0 0 1 1 1  523    1 
24 1 1 0 3 3 4 4 1 1004    1 
24 1 1 0 0 0 1 1 1  442    1 
24 1 0 0 1 0 1 1 1 1055    1 
24 1 0 0 0 3 4 1 0  627    1 
24 1 0 1 3 2 4 3 0  911    1 
24 1 0 0 1 0 1 1 1  687    1 
24 1 1 0 1 1 2 2 1  658    1 
24 1 1 0 2 2 3 3 1  838    1 
24 1 0 0 1 0 1 1 1  643    1 
24 1 1 0 2 2 3 3 1  864    0 
24 1 1 0 2 2 3 3 1  412    1 
24 1 1 0 3 3 4 4 1  970    1 
24 1 1 0 0 0 1 1 1  617    1 
24 1 1 1 2 2 3 3 1 1263    1 
24 1 1 1 3 3 4 4 1  731    1 
24 1 0 0 2 1 2 2 1 1245    1 
24 1 1 1 1 1 2 2 1 1337    1 
24 1 0 0 3 2 3 3 1 1066    1 
24 1 0 0 0 3 4 4 1 1078    1 
24 1 0 0 2 1 2 2 1  737    1 
24 1 0 0 3 2 3 3 1  794    1 
24 1 0 0 1 0 1 1 1  745    1 
24 1 1 0 2 2 3 3 1  706    1 
24 1 0 0 3 2 3 3 1  596    1 
24 1 0 0 1 0 1 1 1 1539    1 
24 1 1 0 0 0 1 1 1  484    0 
24 1 1 0 0 0 1 1 1  470    1 
24 1 0 0 1 0 1 1 1  554    1 
24 1 0 0 3 2 3 3 1  554    1 
24 1 1 0 2 2 3 3 1  314    1 
24 1 1 0 0 0 1 1 1  484    1 
24 1 1 1 1 1 2 2 1  655    1 
24 1 1 0 3 3 4 4 1  875    1 
24 1 0 0 3 2 3 1 0  575    1 
24 1 1 1 1 1 2 2 1  700    1 
24 1 1 0 3 3 4 4 1  614    1 
24 1 1 0 0 0 1 1 1  708   45 
24 1 0 1 1 0 2 2 1  967    1 
24 1 0 0 0 3 4 1 0  574    1 
24 1 1 0 2 2 3 3 1  844    1 
24 1 0 1 3 2 4 4 1  960    1 
24 1 1 0 3 3 4 4 1  561    1 
24 1 0 0 1 0 1 1 1  721    1 
24 1 1 0 2 2 3 3 1  666    1 
24 1 0 1 3 2 4 3 0  430    1 
24 1 0 0 0 3 4 4 1  873    1 
24 1 1 1 0 0 1 2 0  725    1 
24 1 0 0 0 3 4 4 1 1196    1 
24 1 0 0 0 3 4 4 1  363    1 
24 1 0 1 3 2 4 4 1 1075    1 
24 1 1 0 0 0 1 1 1  695    1 
24 1 0 0 2 1 2 2 1  609    1 
24 1 1 0 2 2 3 3 1  760    1 
24 1 1 0 2 2 3 3 1  592    1 
24 1 0 1 3 2 4 3 0  495    1 
24 1 0 0 2 1 2 3 0  511    1 
24 1 1 0 0 0 1 1 1  599    1 
24 1 0 0 1 0 1 2 0  494    1 
24 1 1 1 2 2 3 3 1  718    1 
24 1 1 0 3 3 4 4 1  464    1 
24 1 1 0 0 0 1 1 1  532    0 
24 1 0 0 1 0 1 1 1 1205    1 
24 1 0 1 0 3 1 1 1 1027    0 
24 1 1 0 2 2 3 3 1  849    1 
24 1 0 0 2 1 2 3 0  413    1 
24 1 1 0 2 2 3 3 1  457    1 
24 1 1 0 2 2 3 3 1  477    1 
24 1 0 0 2 1 2 2 1  848    1 
24 1 0 1 1 0 2 2 1 1861    1 
24 1 1 1 0 0 1 1 1 1922    1 
24 1 0 0 3 2 3 3 1  835    1 
24 1 1 0 1 1 2 2 1  768    1 
24 1 0 1 3 2 4 3 0  695    1 
24 1 1 0 3 3 4 1 0  624    1 
24 1 0 0 2 1 2 2 1  500    1 
24 1 0 0 2 1 2 2 1  414    1 
24 1 0 0 3 2 3 3 1  812    1 
24 1 0 0 2 1 2 2 1  810    1 
24 1 1 0 3 3 4 4 1  568    0 
24 1 0 0 1 0 1 1 1  704    1 
24 1 1 0 1 1 2 2 1  866    1 
24 1 0 0 0 3 4 4 1  917    1 
24 1 0 0 1 0 1 1 1  783    1 
24 1 1 0 0 0 1 1 1  414    1 
24 1 0 0 0 3 4 4 1  692    1 
24 1 0 1 1 0 2 2 1 1095    1 
24 1 1 1 0 0 1 1 1  994    1 
24 1 0 1 2 1 3 3 1 1456    1 
24 1 0 1 1 0 2 2 1 1157    1 
24 1 0 1 0 3 1 1 1 1029    1 
24 1 0 1 0 3 1 1 1  850    1 
24 1 0 1 1 0 2 2 1 1110    1 
24 1 1 0 3 3 4 4 1  905    1 
24 1 0 0 2 1 2 2 1  819    1 
24 1 1 0 1 1 2 2 1  488    1 
24 1 1 0 3 3 4 4 1  787    1 
24 1 0 1 0 3 1 1 1  858    1 
24 1 1 1 0 0 1 1 1  998    1 
24 1 0 0 0 3 4 1 0  357    1 
24 1 1 1 0 0 1 1 1  539    1 
24 1 1 0 2 2 3 3 1  940    1 
24 1 1 0 0 0 1 1 1  581    1 
24 1 1 1 3 3 4 4 1  780    1 
24 1 0 0 3 2 3 3 1  772    1 
24 1 0 0 0 3 4 1 0  611    1 
24 1 1 0 0 0 1 1 1  759    1 
24 1 0 1 2 1 3 3 1  871    1 
24 1 0 0 0 3 4 1 0  731    1 
24 1 0 0 3 2 3 3 1  914    1 
24 1 0 0 1 0 1 1 1  789    1 
24 1 1 0 2 2 3 3 1  947    1 
24 1 0 0 2 1 2 2 1 1148    1 
24 1 0 0 2 1 2 2 1  877    1 
24 1 0 0 2 1 2 2 1  537    1 
24 1 1 0 3 3 4 3 0 1401    1 
24 1 0 0 3 2 3 3 1  846    1 
24 1 1 0 1 1 2 2 1  794    1 
24 1 0 0 2 1 2 2 1  545    1 
24 1 1 0 3 3 4 4 1  826    1 
24 1 0 0 3 2 3 3 1 1023    1 
24 1 0 1 2 1 3 2 0 1669    1 
