13 1 1 0 0 3 1 1 1 1270    5 
13 1 2 1 3 3 4 4 1  812    4 
13 1 3 0 3 2 4 4 1  710    4 
13 1 4 0 3 2 4 4 1  484    4 
13 1 5 0 2 1 3 3 1 1085    4 
13 1 6 0 0 3 1 1 1  811    4 
13 1 7 0 3 2 4 4 1  677    4 
13 1 8 0 0 3 1 1 1  636    4 
13 1 9 1 1 1 2 2 1  765    4 
13 1 10 0 3 2 4 4 1 1033    4 
13 1 11 1 2 2 3 3 1  602    4 
13 1 12 0 1 0 2 2 1  789    5 
13 1 13 0 3 2 4 4 1  688    5 
13 1 14 0 0 3 1 1 1  591    4 
13 1 15 0 0 3 1 1 1  738    5 
13 1 16 1 2 2 3 3 1  790    4 
13 1 17 0 0 3 1 1 1  697    4 
13 1 18 1 2 2 3 3 1  472    5 
13 1 19 1 1 1 2 2 1  768    5 
13 1 20 0 2 1 3 2 0  892    4 
13 1 21 1 1 1 2 2 1  784    4 
13 1 22 0 2 1 3 3 1 1059    4 
13 1 23 0 0 3 1 1 1  874    4 
13 1 24 1 2 2 3 3 1 1001    4 
13 1 25 0 0 3 1 1 1  507    5 
13 1 26 0 1 0 2 2 1  730    4 
13 1 27 0 2 1 3 3 1  663    4 
13 1 28 0 2 1 3 3 1  535    4 
13 1 29 0 2 1 3 3 1  453    4 
13 1 30 1 0 0 1 1 1  606    5 
13 1 31 0 0 3 1 1 1  433    4 
13 1 32 1 0 0 1 1 1  475    5 
13 1 33 0 3 2 4 3 0  611    5 
13 1 34 1 0 0 1 1 1  651    4 
13 1 35 0 3 2 4 4 1 1060    5 
13 1 36 0 2 1 3 3 1  979    4 
13 1 37 1 1 1 2 2 1  998    5 
13 1 38 1 1 1 2 2 1  536    4 
13 1 39 0 3 2 4 4 1  957    5 
13 1 40 1 1 1 2 2 1 1128    5 
13 1 41 1 3 3 4 4 1  917    4 
13 1 42 1 1 1 2 2 1  778    5 
13 1 43 1 0 0 1 1 1  813  170 
13 1 44 0 3 2 4 4 1  975    4 
13 1 45 0 2 1 3 3 1 1546    5 
13 1 46 0 2 1 3 3 1  548    5 
13 1 47 1 1 1 2 2 1  882    4 
13 1 48 1 2 2 3 3 1  841    5 
13 1 49 1 1 1 2 2 1  769    5 
13 1 50 0 1 0 2 2 1  637    4 
13 1 51 1 0 0 1 1 1  582    4 
13 1 52 1 0 0 1 1 1  410    5 
13 1 53 1 3 3 4 4 1  757    4 
13 1 54 0 0 3 1 1 1  601    4 
13 1 55 0 0 3 1 1 1  484    4 
13 1 56 1 1 1 2 2 1  868    5 
13 1 57 1 2 2 3 3 1  804    4 
13 1 58 1 0 0 1 1 1  606    4 
13 1 59 1 3 3 4 4 1 1064    4 
13 1 60 1 3 3 4 4 1  479    5 
13 1 61 1 0 0 1 1 1  647    4 
13 1 62 0 2 1 3 3 1  904    5 
13 1 63 1 1 1 2 2 1 1926    4 
13 1 64 0 3 2 4 4 1  832    4 
13 1 65 1 0 0 1 1 1  681    5 
13 1 66 0 3 2 4 4 1 1121    5 
13 1 67 0 1 0 2 2 1 1061    5 
13 1 68 1 0 0 1 1 1  812    4 
13 1 69 0 1 0 2 2 1 1558    5 
13 1 70 0 2 1 3 3 1  735    5 
13 1 71 1 1 1 2 2 1 1805    4 
13 1 72 0 2 1 3 3 1  660    4 
13 1 73 1 3 3 4 4 1  748    4 
13 1 74 0 2 1 3 3 1 1161    4 
13 1 75 1 1 1 2 2 1 1052    4 
13 1 76 1 3 3 4 4 1  892    4 
13 1 77 0 0 3 1 1 1  722    5 
13 1 78 0 0 3 1 1 1  783    5 
13 1 79 0 1 0 2 2 1 1259    5 
13 1 80 0 1 0 2 2 1  809    5 
13 1 81 1 3 3 4 4 1  779    4 
13 1 82 1 1 1 2 2 1  726    4 
13 1 83 1 3 3 4 4 1  428    4 
13 1 84 1 2 2 3 3 1  814    5 
13 1 85 1 0 0 1 1 1  488    5 
13 1 86 0 2 1 3 3 1  927    4 
13 1 87 1 3 3 4 4 1 1028    4 
13 1 88 1 1 1 2 2 1  909    4 
13 1 89 1 1 1 2 2 1  562    5 
13 1 90 1 3 3 4 4 1  855    4 
13 1 91 0 3 2 4 4 1  791    4 
13 1 92 1 1 1 2 2 1  681    4 
13 1 93 1 2 2 3 3 1  937    4 
13 1 94 0 3 2 4 2 0  661    5 
13 1 95 1 2 2 3 3 1  778    4 
13 1 96 0 2 1 3 3 1  438    5 
13 1 1 0 1 2 2 2 1 1126    4 
13 1 2 0 1 2 2 2 1  490    4 
13 1 3 0 1 2 2 2 1  442    4 
13 1 4 0 3 0 4 4 1 2500    5 
13 1 5 0 2 3 3 3 1  821    4 
13 1 6 0 3 0 4 4 1  430    4 
13 1 7 0 1 2 2 2 1  560    5 
13 1 8 1 1 1 2 4 0  949    4 
13 1 9 1 2 2 3 3 1  774    5 
13 1 10 1 3 3 4 4 1  578    5 
13 1 11 0 2 3 3 3 1 1022    4 
13 1 12 1 1 1 2 2 1 1014    5 
13 1 13 1 0 0 1 1 1  703    4 
13 1 14 0 1 2 2 2 1  645    5 
13 1 15 1 2 2 3 3 1  806    5 
13 1 16 0 0 1 1 1 1  656    4 
13 1 17 1 3 3 4 4 1  577    4 
13 1 18 1 3 3 4 4 1  476    4 
13 1 19 1 2 2 3 3 1  669    5 
13 1 20 0 2 3 3 3 1  493    4 
13 1 21 0 1 2 2 2 1  916    5 
13 1 22 0 3 0 4 4 1  554    5 
13 1 23 0 0 1 1 1 1  799    4 
13 1 24 0 0 1 1 1 1  577    4 
13 1 25 1 1 1 2 2 1  669    5 
13 1 26 1 2 2 3 3 1  797    4 
13 1 27 0 0 1 1 2 0  504    4 
13 1 28 1 3 3 4 2 0  540    5 
13 1 29 0 1 2 2 2 1  766    4 
13 1 30 1 3 3 4 4 1  490    5 
13 1 31 1 2 2 3 3 1  770    4 
13 1 32 1 2 2 3 3 1 2085    4 
13 1 33 1 0 0 1 1 1  624    5 
13 1 34 1 0 0 1 1 1 1146    4 
13 1 35 0 1 2 2 3 0  878    4 
13 1 36 1 1 1 2 2 1 1050    5 
13 1 37 1 2 2 3 3 1  674    5 
13 1 38 0 3 0 4 4 1  921    5 
13 1 39 0 3 0 4 4 1  614    4 
13 1 40 0 3 0 4 4 1  649    4 
13 1 41 1 2 2 3 3 1 1762    4 
13 1 42 1 0 0 1 1 1  683    4 
13 1 43 0 1 2 2 2 1 1066    5 
13 1 44 1 1 1 2 2 1  809    4 
13 1 45 0 3 0 4 4 1  691    5 
13 1 46 0 3 0 4 4 1  954    4 
13 1 47 1 3 3 4 4 1  693    4 
13 1 48 1 3 3 4 4 1  996    4 
13 1 49 0 1 2 2 2 1 3614    4 
13 1 50 1 1 1 2 2 1  680    4 
13 1 51 1 2 2 3 3 1 1135    4 
13 1 52 1 0 0 1 1 1  651    4 
13 1 53 0 3 0 4 4 1  692    4 
13 1 54 0 1 2 2 2 1  667    4 
13 1 55 0 0 1 1 1 1  715    4 
13 1 56 0 3 0 4 4 1 1178    4 
13 1 57 1 0 0 1 3 0  796    4 
13 1 58 0 3 0 4 4 1 1172    4 
13 1 59 0 0 1 1 1 1 1646    5 
13 1 60 0 0 1 1 1 1  828    5 
13 1 61 1 2 2 3 3 1 1309    5 
13 1 62 1 0 0 1 1 1  969    4 
13 1 63 1 1 1 2 2 1 4837    4 
13 1 64 1 0 0 1 1 1  785    5 
13 1 65 0 1 2 2 2 1 1117    5 
13 1 66 0 0 1 1 1 1 1218    4 
13 1 67 0 2 3 3 3 1 2778    4 
13 1 68 1 3 3 4 4 1  720    4 
13 1 69 0 3 0 4 4 1 2909    4 
13 1 70 1 2 2 3 3 1 4269    5 
13 1 71 1 3 3 4 4 1  771    5 
13 1 72 0 1 2 2 2 1 4454    4 
13 1 73 1 2 2 3 0 0 5000    5 
13 1 74 1 2 2 3 3 1 1119    4 
13 1 75 0 2 3 3 3 1  603    5 
13 1 76 0 2 3 3 3 1  470    4 
13 1 77 1 0 0 1 1 1  886    4 
13 1 78 0 0 1 1 1 1  701    4 
13 1 79 1 1 1 2 2 1 1460    4 
13 1 80 1 0 0 1 1 1  786    5 
13 1 81 0 0 1 1 1 1 2469    4 
13 1 82 1 0 0 1 1 1 4168    5 
13 1 83 1 1 1 2 2 1  994    4 
13 1 84 0 0 1 1 0 0 5000    4 
13 1 85 0 2 3 3 3 1  959    5 
13 1 86 0 2 3 3 3 1  434    4 
13 1 87 1 1 1 2 2 1  788    4 
13 1 88 0 2 3 3 3 1  663    4 
13 1 89 0 3 0 4 2 0  551    4 
13 1 90 1 3 3 4 4 1  698    4 
13 1 91 1 3 3 4 4 1  369    4 
13 1 92 0 0 1 1 1 1  781    4 
13 1 93 1 1 1 2 2 1  744    4 
13 1 94 1 0 0 1 1 1  613    4 
13 1 95 0 2 3 3 3 1  744    5 
13 1 96 1 2 2 3 3 1  404    4 
