18 1 1 1 0 0 1 1 1 2070    4 
18 1 2 0 3 2 4 4 1  834    4 
18 1 3 0 0 3 1 1 1  587    4 
18 1 4 1 1 1 2 2 1  694    5 
18 1 5 0 3 2 4 4 1  653    4 
18 1 6 1 2 2 3 3 1  565    5 
18 1 7 1 3 3 4 4 1  554    4 
18 1 8 1 2 2 3 3 1  319    4 
18 1 9 0 2 1 3 3 1  509    4 
18 1 10 0 1 0 2 2 1  668    4 
18 1 11 1 1 1 2 2 1  404    5 
18 1 12 0 1 0 2 2 1  559    4 
18 1 13 1 1 1 2 2 1  372    4 
18 1 14 1 3 3 4 4 1  473    4 
18 1 15 1 2 2 3 3 1  497    4 
18 1 16 0 1 0 2 2 1  848    5 
18 1 17 1 0 0 1 1 1  801    5 
18 1 18 0 1 0 2 2 1 1107    4 
18 1 19 0 3 2 4 4 1  512    4 
18 1 20 1 3 3 4 4 1  367    4 
18 1 21 0 2 1 3 3 1  700    4 
18 1 22 0 3 2 4 4 1  555    4 
18 1 23 1 2 2 3 4 0  391    4 
18 1 24 0 1 0 2 2 1  640    4 
18 1 25 0 0 3 1 1 1  578    5 
18 1 26 1 1 1 2 4 0  493    4 
18 1 27 1 3 3 4 4 1  658    5 
18 1 28 0 0 3 1 1 1  594    4 
18 1 29 1 0 0 1 1 1  406    4 
18 1 30 0 3 2 4 4 1  513    4 
18 1 31 0 2 1 3 3 1  767    4 
18 1 32 0 3 2 4 4 1  579    5 
18 1 33 0 1 0 2 2 1  583    5 
18 1 34 1 2 2 3 2 0  467    4 
18 1 35 1 1 1 2 2 1  817    4 
18 1 36 1 0 0 1 1 1  603    4 
18 1 37 1 1 1 2 2 1  854    4 
18 1 38 1 0 0 1 1 1  613    5 
18 1 39 1 3 3 4 4 1  536    5 
18 1 40 1 1 1 2 2 1  709    4 
18 1 41 0 2 1 3 3 1  595    5 
18 1 42 1 2 2 3 3 1  430    4 
18 1 43 1 0 0 1 1 1  537    4 
18 1 44 1 2 2 3 3 1  742    4 
18 1 45 1 0 0 1 1 1 1019    4 
18 1 46 0 2 1 3 2 0  468    4 
18 1 47 1 3 3 4 4 1  706    5 
18 1 48 0 3 2 4 4 1  568    4 
18 1 49 1 2 2 3 3 1  933    5 
18 1 50 0 0 3 1 1 1  682    5 
18 1 51 1 1 1 2 2 1  801    5 
18 1 52 1 1 1 2 2 1  428    5 
18 1 53 0 0 3 1 1 1  638    4 
18 1 54 1 3 3 4 1 0  431    4 
18 1 55 1 3 3 4 4 1  535    4 
18 1 56 1 1 1 2 2 1  757    4 
18 1 57 1 0 0 1 1 1  609    4 
18 1 58 0 0 3 1 1 1  435    4 
18 1 59 0 0 3 1 1 1  429    4 
18 1 60 0 1 0 2 2 1  815    4 
18 1 61 1 2 2 3 3 1  617    4 
18 1 62 0 1 0 2 2 1  723    5 
18 1 63 1 0 0 1 1 1  721    4 
18 1 64 0 2 1 3 3 1  638    4 
18 1 65 1 0 0 1 1 1  535    5 
18 1 66 0 0 3 1 1 1  653    5 
18 1 67 0 1 0 2 2 1  710    5 
18 1 68 0 1 0 2 2 1  428    4 
18 1 69 0 0 3 1 1 1  686    5 
18 1 70 1 2 2 3 3 1  605    4 
18 1 71 1 1 1 2 2 1  663    5 
18 1 72 0 1 0 2 2 1  616    4 
18 1 73 0 1 0 2 2 1  466    4 
18 1 74 0 3 2 4 4 1  579    5 
18 1 75 1 0 0 1 1 1  495    4 
18 1 76 0 0 3 1 1 1  614   21 
18 1 77 1 2 2 3 3 1  737    4 
18 1 78 0 3 2 4 2 0  622    4 
18 1 79 1 3 3 4 4 1  621    4 
18 1 80 1 0 0 1 1 1  470    4 
18 1 81 0 0 3 1 1 1  622    4 
18 1 82 0 0 3 1 1 1  400    4 
18 1 83 0 3 2 4 4 1  572    4 
18 1 84 0 3 2 4 4 1  504    4 
18 1 85 1 3 3 4 4 1  455    4 
18 1 86 1 2 2 3 3 1  519    4 
18 1 87 0 2 1 3 3 1  582    4 
18 1 88 0 3 2 4 4 1  601    5 
18 1 89 0 1 0 2 2 1  549    4 
18 1 90 1 2 2 3 3 1  802    5 
18 1 91 0 3 2 4 4 1  572    5 
18 1 92 0 2 1 3 4 0  448    5 
18 1 93 0 2 1 3 3 1  623    5 
18 1 94 1 2 2 3 3 1  449    4 
18 1 95 0 3 2 4 4 1  555    4 
18 1 96 1 2 2 3 3 1  631    5 
18 1 1 0 3 0 4 4 1 2050    5 
18 1 2 1 3 3 4 4 1  383    5 
18 1 3 0 3 0 4 4 1  412    4 
18 1 4 0 3 0 4 4 1  375    4 
18 1 5 0 3 0 4 4 1  443    4 
18 1 6 1 1 1 2 2 1  597    5 
18 1 7 1 2 2 3 3 1  520    4 
18 1 8 0 3 0 4 4 1  422    5 
18 1 9 0 0 1 1 1 1  808    5 
18 1 10 0 1 2 2 2 1  658    5 
18 1 11 1 0 0 1 1 1  971    5 
18 1 12 1 0 0 1 1 1  517    4 
18 1 13 1 3 3 4 4 1  364    4 
18 1 14 1 3 3 4 4 1  353    5 
18 1 15 0 0 1 1 1 1  878    4 
18 1 16 1 1 1 2 2 1  597    4 
18 1 17 1 0 0 1 1 1  544    5 
18 1 18 1 3 3 4 4 1  374    5 
18 1 19 0 1 2 2 2 1  714    4 
18 1 20 1 0 0 1 1 1  640    5 
18 1 21 1 0 0 1 1 1  377    5 
18 1 22 0 2 3 3 4 0  470    4 
18 1 23 1 0 0 1 1 1  699    5 
18 1 24 0 1 2 2 2 1  642    5 
18 1 25 1 2 2 3 2 0  475    4 
18 1 26 0 0 1 1 1 1  633    5 
18 1 27 0 0 1 1 1 1  410    5 
18 1 28 0 1 2 2 2 1  605    5 
18 1 29 1 1 1 2 2 1  472    4 
18 1 30 1 3 3 4 4 1  536    5 
18 1 31 1 1 1 2 2 1  605    4 
18 1 32 1 1 1 2 2 1  368    4 
18 1 33 0 1 2 2 4 0  493    5 
18 1 34 1 0 0 1 1 1  538    4 
18 1 35 1 2 2 3 3 1  791    4 
18 1 36 0 0 1 1 1 1  634    5 
18 1 37 0 0 1 1 1 1  379    4 
18 1 38 1 3 3 4 4 1  464    4 
18 1 39 1 2 2 3 3 1  673    4 
18 1 40 1 1 1 2 2 1 1168    4 
18 1 41 0 2 3 3 1 0  611    4 
18 1 42 1 0 0 1 1 1  395    4 
18 1 43 0 2 3 3 3 1  671    4 
18 1 44 0 2 3 3 3 1  422    5 
18 1 45 0 0 1 1 1 1  576    5 
18 1 46 1 3 3 4 4 1  428    5 
18 1 47 0 1 2 2 2 1  623    5 
18 1 48 0 2 3 3 2 0  392    4 
18 1 49 1 1 1 2 2 1  433    5 
18 1 50 0 1 2 2 2 1  516    4 
18 1 51 1 0 0 1 1 1  531    5 
18 1 52 1 3 3 4 4 1  449    5 
18 1 53 0 2 3 3 3 1  722    5 
18 1 54 1 1 1 2 2 1  616    4 
18 1 55 1 3 3 4 4 1  834    5 
18 1 56 1 3 3 4 4 1  403    4 
18 1 57 1 1 1 2 3 0  854    5 
18 1 58 0 1 2 2 3 0  443    5 
18 1 59 0 3 0 4 4 1  874    5 
18 1 60 0 3 0 4 4 1  617    4 
18 1 61 1 1 1 2 2 1 1315    5 
18 1 62 0 0 1 1 1 1  640    5 
18 1 63 0 2 3 3 3 1  673    5 
18 1 64 0 2 3 3 3 1  456    5 
18 1 65 1 2 2 3 3 1  409    4 
18 1 66 1 1 1 2 2 1  716    5 
18 1 67 1 0 0 1 1 1  827    4 
18 1 68 1 0 0 1 1 1  604    5 
18 1 69 0 1 2 2 2 1  670    5 
18 1 70 1 1 1 2 2 1  454    4 
18 1 71 1 3 3 4 4 1  431    4 
18 1 72 0 1 2 2 2 1  529    5 
18 1 73 1 1 1 2 2 1  471    5 
18 1 74 0 3 0 4 4 1  799    4 
18 1 75 0 0 1 1 2 0  522    4 
18 1 76 1 2 2 3 3 1  629    5 
18 1 77 1 0 0 1 1 1  655    4 
18 1 78 0 2 3 3 3 1  663    4 
18 1 79 1 3 3 4 4 1  479    4 
18 1 80 0 0 1 1 2 0  647    4 
18 1 81 0 3 0 4 4 1  686    4 
18 1 82 0 0 1 1 1 1  581    4 
18 1 83 0 2 3 3 3 1  913    4 
18 1 84 0 2 3 3 3 1  447    4 
18 1 85 1 2 2 3 3 1  440    4 
18 1 86 1 3 3 4 4 1  482    5 
18 1 87 1 0 0 1 1 1  474    5 
18 1 88 0 2 3 3 3 1  522    5 
18 1 89 0 2 3 3 3 1  448    4 
18 1 90 0 2 3 3 3 1  410    4 
18 1 91 0 3 0 4 4 1  517    5 
18 1 92 0 2 3 3 3 1  636    5 
18 1 93 1 2 2 3 3 1  581    5 
18 1 94 0 2 3 3 3 1  409    4 
18 1 95 0 3 0 4 4 1  524    5 
18 1 96 1 1 1 2 2 1  570    5 
