4 1 1 1 0 0 1 1 1  950    5 
4 1 2 1 3 3 4 4 1  554    4 
4 1 3 1 2 2 3 3 1  551    4 
4 1 4 1 0 0 1 1 1  532    4 
4 1 5 1 2 2 3 3 1  538    5 
4 1 6 0 0 2 1 4 0 1047    5 
4 1 7 0 0 2 1 2 0  788    5 
4 1 8 0 2 0 3 1 0  436    4 
4 1 9 1 3 3 4 4 1  547    4 
4 1 10 0 2 0 3 3 1  640    4 
4 1 11 0 0 2 1 3 0  377    4 
4 1 12 0 2 0 3 3 1  579    4 
4 1 13 0 0 2 1 1 1  479    4 
4 1 14 1 0 0 1 1 1  631    5 
4 1 15 0 2 0 3 1 0  609    4 
4 1 16 0 2 0 3 3 1  520    4 
4 1 17 0 3 1 4 4 1  831    4 
4 1 18 0 3 1 4 4 1  384    5 
4 1 19 0 2 0 3 3 1  676    4 
4 1 20 1 3 3 4 4 1  588    5 
4 1 21 0 3 1 4 4 1  367    4 
4 1 22 1 3 3 4 4 1  412    4 
4 1 23 1 0 0 1 1 1  495    4 
4 1 24 0 1 3 2 3 0  783    4 
4 1 25 1 3 3 4 4 1  567    5 
4 1 26 1 0 0 1 1 1  620    4 
4 1 27 0 2 0 3 3 1  677    5 
4 1 28 0 1 3 2 4 0  733    4 
4 1 29 1 3 3 4 4 1  520    4 
4 1 30 0 3 1 4 4 1  422    4 
4 1 31 1 3 3 4 4 1  360    4 
4 1 32 1 2 2 3 3 1  565    4 
4 1 33 0 1 3 2 2 1  986    5 
4 1 34 1 0 0 1 1 1  436    4 
4 1 35 1 1 1 2 4 0  742    5 
4 1 36 0 3 1 4 4 1  640    5 
4 1 37 1 1 1 2 2 1  665    4 
4 1 38 1 3 3 4 3 0  473    4 
4 1 39 1 1 1 2 3 0  463    5 
4 1 40 1 1 1 2 2 1  509    4 
4 1 41 0 3 1 4 4 1  724    5 
4 1 42 0 2 0 3 3 1  825    5 
4 1 43 0 0 2 1 1 1  714    4 
4 1 44 0 1 3 2 2 1  840    4 
4 1 45 1 2 2 3 3 1  769    4 
4 1 46 1 2 2 3 3 1  413    4 
4 1 47 1 0 0 1 1 1  664    4 
4 1 48 0 3 1 4 4 1  744    4 
4 1 49 1 1 1 2 2 1 1133    5 
4 1 50 0 0 2 1 1 1  705    4 
4 1 51 0 2 0 3 3 1  607    4 
4 1 52 0 1 3 2 2 1 1370    4 
4 1 53 1 3 3 4 4 1  548    4 
4 1 54 0 1 3 2 2 1  721    4 
4 1 55 0 2 0 3 3 1  663    4 
4 1 56 1 1 1 2 2 1  719    4 
4 1 57 1 0 0 1 1 1  517    4 
4 1 58 0 0 2 1 1 1  420    5 
4 1 59 0 0 2 1 1 1  446    4 
4 1 60 1 2 2 3 3 1  664    5 
4 1 61 1 1 1 2 2 1  832    4 
4 1 62 0 3 1 4 4 1  641    4 
4 1 63 0 1 3 2 2 1  842    4 
4 1 64 1 1 1 2 2 1  483    4 
4 1 65 0 2 0 3 3 1  635    5 
4 1 66 0 2 0 3 3 1  396    4 
4 1 67 1 0 0 1 1 1  576    4 
4 1 68 1 1 1 2 4 0  588    4 
4 1 69 0 0 2 1 1 1  693    5 
4 1 70 1 1 1 2 2 1  419    5 
4 1 71 1 0 0 1 1 1  574    4 
4 1 72 0 1 3 2 2 1  418    4 
4 1 73 1 3 3 4 4 1  589    4 
4 1 74 0 1 3 2 2 1  672    5 
4 1 75 0 1 3 2 2 1  447    4 
4 1 76 0 0 2 1 1 1  649    4 
4 1 77 1 2 2 3 3 1  562    4 
4 1 78 1 0 0 1 2 0  623    4 
4 1 79 1 1 1 2 2 1  630    4 
4 1 80 1 2 2 3 3 1  655    4 
4 1 81 0 3 1 4 4 1  448    4 
4 1 82 0 0 2 1 1 1  689    5 
4 1 83 1 3 3 4 4 1  824    4 
4 1 84 0 1 3 2 2 1  929    5 
4 1 85 1 1 1 2 2 1  558    4 
4 1 86 1 3 3 4 4 1  635    4 
4 1 87 1 2 2 3 3 1  668    4 
4 1 88 0 2 0 3 3 1  373    4 
4 1 89 1 3 3 4 4 1  545    4 
4 1 90 1 3 3 4 4 1  342    4 
4 1 91 0 2 0 3 3 1  644    5 
4 1 92 0 0 2 1 3 0  365    4 
4 1 93 1 2 2 3 3 1  464    4 
4 1 94 0 3 1 4 4 1  489    4 
4 1 95 0 1 3 2 2 1  752    4 
4 1 96 1 0 0 1 1 1  709    4 
4 1 1 1 2 2 3 3 1 1047    5 
4 1 2 0 2 3 3 3 1  439    5 
4 1 3 0 0 1 1 1 1  688    4 
4 1 4 1 2 2 3 3 1  495    4 
4 1 5 1 2 2 3 3 1  359    4 
4 1 6 1 0 0 1 1 1  756    5 
4 1 7 1 0 0 1 1 1  368    5 
4 1 8 0 3 0 4 4 1  741    5 
4 1 9 0 1 2 2 2 1  674    4 
4 1 10 0 0 1 1 1 1  729    4 
4 1 11 0 1 2 2 2 1  615    4 
4 1 12 0 2 3 3 3 1  561    4 
4 1 13 1 0 0 1 1 1  518    5 
4 1 14 0 1 2 2 2 1  557    4 
4 1 15 0 3 0 4 4 1  553    4 
4 1 16 1 0 0 1 1 1  614    4 
4 1 17 0 0 1 1 1 1  368    4 
4 1 18 0 2 3 3 3 1  549    5 
4 1 19 0 0 1 1 1 1  538    5 
4 1 20 0 2 3 3 3 1  567    5 
4 1 21 0 2 3 3 3 1  412    5 
4 1 22 1 3 3 4 2 0  647    4 
4 1 23 0 0 1 1 1 1  637    5 
4 1 24 0 2 3 3 3 1  606    5 
4 1 25 0 3 0 4 4 1  425    5 
4 1 26 1 3 3 4 4 1  403    5 
4 1 27 0 2 3 3 1 0  798    5 
4 1 28 0 1 2 2 2 1  710    4 
4 1 29 1 3 3 4 4 1  548    4 
4 1 30 1 3 3 4 4 1  369    4 
4 1 31 1 2 2 3 3 1  590    5 
4 1 32 0 3 0 4 4 1  513    4 
4 1 33 1 3 3 4 4 1  384    4 
4 1 34 1 0 0 1 3 0  492    5 
4 1 35 1 2 2 3 3 1  361    4 
4 1 36 1 1 1 2 2 1  718    5 
4 1 37 1 0 0 1 1 1  404    5 
4 1 38 0 1 2 2 2 1  535    5 
4 1 39 0 1 2 2 2 1  501    5 
4 1 40 0 1 2 2 2 1  420    4 
4 1 41 1 1 1 2 2 1  607    4 
4 1 42 0 1 2 2 2 1  433    4 
4 1 43 0 1 2 2 2 1  435    5 
4 1 44 0 3 0 4 4 1  557    5 
4 1 45 0 2 3 3 3 1  554    5 
4 1 46 1 3 3 4 4 1  798    4 
4 1 47 1 1 1 2 2 1  545    4 
4 1 48 0 0 1 1 1 1  566    5 
4 1 49 0 0 1 1 1 1  483    4 
4 1 50 0 1 2 2 1 0  475    4 
4 1 51 0 3 0 4 4 1  552    4 
4 1 52 1 0 0 1 3 0  549    4 
4 1 53 1 2 2 3 3 1  511    5 
4 1 54 1 0 0 1 1 1  550    5 
4 1 55 0 0 1 1 1 1  371    5 
4 1 56 1 2 2 3 3 1  528    5 
4 1 57 0 2 3 3 3 1  414    5 
4 1 58 1 3 3 4 2 0  785    4 
4 1 59 1 1 1 2 2 1  778    5 
4 1 60 1 3 3 4 4 1  541    5 
4 1 61 1 0 0 1 1 1  666    4 
4 1 62 0 2 3 3 3 1  730    5 
4 1 63 1 0 0 1 1 1 1552    4 
4 1 64 0 1 2 2 2 1  618    5 
4 1 65 1 3 3 4 4 1  485    4 
4 1 66 1 3 3 4 4 1  365    4 
4 1 67 1 0 0 1 1 1  522    4 
4 1 68 0 0 1 1 1 1  424    4 
4 1 69 0 1 2 2 2 1  626    4 
4 1 70 1 1 1 2 2 1  436    4 
4 1 71 1 3 3 4 4 1  454    4 
4 1 72 1 2 2 3 1 0  519    4 
4 1 73 0 3 0 4 2 0  523    4 
4 1 74 1 0 0 1 1 1  422    5 
4 1 75 0 0 1 1 1 1  416    5 
4 1 76 0 2 3 3 3 1  555    4 
4 1 77 0 3 0 4 4 1  624    4 
4 1 78 1 1 1 2 2 1  602    4 
4 1 79 1 3 3 4 4 1  597    4 
4 1 80 0 3 0 4 4 1  440    5 
4 1 81 0 2 3 3 3 1  610    4 
4 1 82 1 2 2 3 3 1  308    4 
4 1 83 0 2 3 3 3 1  387    4 
4 1 84 1 1 1 2 2 1 1191    4 
4 1 85 0 3 0 4 4 1  760    4 
4 1 86 1 0 0 1 3 0  524    5 
4 1 87 0 2 3 3 3 1  640    5 
4 1 88 1 1 1 2 2 1  705    5 
4 1 89 1 1 1 2 2 1  399    4 
4 1 90 1 0 0 1 1 1 1027    4 
4 1 91 1 2 2 3 3 1  579    4 
4 1 92 1 1 1 2 2 1  887    4 
4 1 93 1 1 1 2 2 1  413    5 
4 1 94 0 3 0 4 3 0  544    5 
4 1 95 0 3 0 4 4 1  387    5 
4 1 96 1 1 1 2 2 1  679    4 
