16 1 1 1 2 2 3 3 1 1471    4 
16 1 2 1 3 3 4 4 1  613    4 
16 1 3 1 1 1 2 2 1  640    5 
16 1 4 1 2 2 3 3 1  513    5 
16 1 5 1 2 2 3 3 1  391    5 
16 1 6 0 2 0 3 3 1  547    5 
16 1 7 0 0 2 1 1 1  728    4 
16 1 8 1 0 0 1 1 1  510    4 
16 1 9 0 0 2 1 1 1  541    4 
16 1 10 1 0 0 1 1 1  418    4 
16 1 11 1 0 0 1 1 1  373    5 
16 1 12 0 3 1 4 4 1  561    5 
16 1 13 1 1 1 2 2 1  710    5 
16 1 14 0 1 3 2 2 1  476    4 
16 1 15 1 1 1 2 2 1  436    5 
16 1 16 0 3 1 4 4 1  622    5 
16 1 17 0 2 0 3 3 1  544    5 
16 1 18 0 1 3 2 2 1  629    5 
16 1 19 0 1 3 2 2 1  415    5 
16 1 20 1 2 2 3 3 1  642    5 
16 1 21 0 2 0 3 3 1  467    4 
16 1 22 1 1 1 2 2 1  764    4 
16 1 23 0 3 1 4 4 1  608    4 
16 1 24 1 3 3 4 4 1  378    4 
16 1 25 1 2 2 3 3 1  511    5 
16 1 26 0 0 2 1 1 1  741    5 
16 1 27 1 1 1 2 2 1  498    5 
16 1 28 1 3 3 4 4 1  522    4 
16 1 29 1 2 2 3 3 1  496    5 
16 1 30 1 2 2 3 3 1  535    4 
16 1 31 0 2 0 3 3 1  541    4 
16 1 32 0 3 1 4 4 1  514    4 
16 1 33 0 3 1 4 4 1  553    5 
16 1 34 1 2 2 3 3 1  838    5 
16 1 35 0 3 1 4 4 1  662    4 
16 1 36 1 0 0 1 1 1  606    4 
16 1 37 1 2 2 3 3 1  969    5 
16 1 38 0 1 3 2 2 1  572    4 
16 1 39 0 0 2 1 1 1  504    4 
16 1 40 1 3 3 4 4 1  511    5 
16 1 41 1 1 1 2 2 1  782    4 
16 1 42 0 2 0 3 3 1  529    4 
16 1 43 1 2 2 3 3 1  471    5 
16 1 44 0 3 1 4 4 1  567    4 
16 1 45 1 2 2 3 3 1  492    5 
16 1 46 1 3 3 4 4 1  691    5 
16 1 47 1 1 1 2 2 1  650    4 
16 1 48 1 1 1 2 2 1  419    4 
16 1 49 0 3 1 4 4 1  629    4 
16 1 50 0 3 1 4 4 1  711    4 
16 1 51 1 0 0 1 1 1  629    4 
16 1 52 0 0 2 1 1 1  447    4 
16 1 53 1 0 0 1 1 1  417    4 
16 1 54 0 3 1 4 4 1 1124    4 
16 1 55 0 1 3 2 2 1  712    4 
16 1 56 1 3 3 4 4 1  494    5 
16 1 57 0 2 0 3 3 1 1158    4 
16 1 58 0 3 1 4 4 1  552    4 
16 1 59 0 1 3 2 2 1  541    5 
16 1 60 1 0 0 1 1 1  450    5 
16 1 61 1 0 0 1 1 1  428    4 
16 1 62 1 2 2 3 3 1  510    4 
16 1 63 0 0 2 1 1 1  573    5 
16 1 64 0 0 2 1 1 1  489    4 
16 1 65 0 2 0 3 3 1  560    5 
16 1 66 1 1 1 2 2 1  565    5 
16 1 67 1 0 0 1 1 1  665    5 
16 1 68 0 1 3 2 4 0  562    5 
16 1 69 1 1 1 2 2 1  660    5 
16 1 70 1 2 2 3 4 0  796    5 
16 1 71 1 0 0 1 1 1  660    5 
16 1 72 0 3 1 4 4 1  748    5 
16 1 73 1 2 2 3 3 1  569    4 
16 1 74 0 1 3 2 2 1  621    4 
16 1 75 0 0 2 1 1 1  543    4 
16 1 76 0 2 0 3 3 1  628    4 
16 1 77 0 3 1 4 4 1  654    4 
16 1 78 0 3 1 4 4 1  542    4 
16 1 79 0 0 2 1 1 1  532    5 
16 1 80 1 1 1 2 2 1  714    5 
16 1 81 0 3 1 4 1 0  880    4 
16 1 82 1 0 0 1 1 1  452    4 
16 1 83 1 1 1 2 2 1  701    5 
16 1 84 1 0 0 1 1 1  684    5 
16 1 85 1 3 3 4 4 1  907    5 
16 1 86 1 1 1 2 2 1  609    5 
16 1 87 0 1 3 2 2 1  595    4 
16 1 88 0 0 2 1 1 1  535    4 
16 1 89 0 0 2 1 1 1  901    5 
16 1 90 1 2 2 3 3 1  579    4 
16 1 91 0 0 2 1 1 1  631    4 
16 1 92 1 1 1 2 2 1  568    4 
16 1 93 0 3 1 4 4 1  405    4 
16 1 94 0 1 3 2 2 1  696    4 
16 1 95 0 2 0 3 3 1  567    4 
16 1 96 0 3 1 4 4 1  948    4 
16 1 1 1 0 0 1 1 1  935    4 
16 1 2 1 1 1 2 2 1  836    4 
16 1 3 1 1 1 2 2 1  461    4 
16 1 4 1 0 0 1 1 1  518    4 
16 1 5 0 3 0 4 4 1  588    5 
16 1 6 1 3 3 4 4 1  343    5 
16 1 7 1 2 2 3 3 1  453    4 
16 1 8 0 2 3 3 3 1  470    5 
16 1 9 1 0 0 1 1 1  542    5 
16 1 10 0 3 0 4 4 1  524    4 
16 1 11 0 0 1 1 1 1  706    4 
16 1 12 1 2 2 3 3 1  504    4 
16 1 13 0 3 0 4 4 1  583    5 
16 1 14 1 2 2 3 3 1  475    5 
16 1 15 0 3 0 4 4 1  547    5 
16 1 16 1 0 0 1 1 1  520    5 
16 1 17 0 3 0 4 4 1  582    4 
16 1 18 1 3 3 4 4 1  410    5 
16 1 19 0 3 0 4 4 1  421    5 
16 1 20 1 3 3 4 4 1  367    4 
16 1 21 1 3 3 4 4 1  325    5 
16 1 22 1 1 1 2 2 1  555    5 
16 1 23 0 1 2 2 2 1  464    4 
16 1 24 0 0 1 1 1 1  569    5 
16 1 25 1 1 1 2 2 1  605    5 
16 1 26 0 1 2 2 2 1  624    5 
16 1 27 0 3 0 4 4 1  514    4 
16 1 28 0 0 1 1 1 1  712    4 
16 1 29 0 1 2 2 2 1  758    5 
16 1 30 0 1 2 2 2 1  402    5 
16 1 31 1 2 2 3 3 1  685    5 
16 1 32 0 0 1 1 1 1  525    4 
16 1 33 1 2 2 3 3 1  483    4 
16 1 34 0 2 3 3 3 1  419    5 
16 1 35 1 3 3 4 4 1  590    4 
16 1 36 1 2 2 3 3 1  593    5 
16 1 37 1 1 1 2 2 1  668    5 
16 1 38 0 1 2 2 2 1  716    5 
16 1 39 1 2 2 3 3 1  954    4 
16 1 40 1 2 2 3 3 1  422    5 
16 1 41 0 1 2 2 3 0  376    5 
16 1 42 1 2 2 3 3 1  426    4 
16 1 43 0 1 2 2 2 1  484    4 
16 1 44 0 3 0 4 4 1  644    4 
16 1 45 0 2 3 3 3 1 1301    5 
16 1 46 1 2 2 3 3 1  450    4 
16 1 47 0 3 0 4 4 1  588    4 
16 1 48 1 0 0 1 1 1  543    5 
16 1 49 1 0 0 1 1 1  444    5 
16 1 50 0 3 0 4 4 1  534    4 
16 1 51 1 0 0 1 1 1  780    5 
16 1 52 0 1 2 2 2 1  703    4 
16 1 53 0 3 0 4 4 1  566    4 
16 1 54 1 0 0 1 3 0  386    5 
16 1 55 1 2 2 3 3 1  859    5 
16 1 56 0 0 1 1 1 1  483    4 
16 1 57 0 2 3 3 3 1  555    5 
16 1 58 0 1 2 2 2 1  632    4 
16 1 59 0 0 1 1 1 1  585    4 
16 1 60 1 2 2 3 3 1  901    4 
16 1 61 1 2 2 3 3 1  484    4 
16 1 62 0 3 0 4 1 0  756    4 
16 1 63 1 3 3 4 4 1  429    4 
16 1 64 0 2 3 3 3 1  791    4 
16 1 65 1 2 2 3 3 1  554    4 
16 1 66 1 0 0 1 1 1  550    4 
16 1 67 0 2 3 3 3 1  948    4 
16 1 68 0 0 1 1 1 1 1088    5 
16 1 69 1 2 2 3 3 1  581    4 
16 1 70 0 1 2 2 2 1  689    5 
16 1 71 0 0 1 1 1 1 1480    5 
16 1 72 1 1 1 2 2 1  757    5 
16 1 73 1 3 3 4 4 1  593    5 
16 1 74 0 3 0 4 4 1  493    4 
16 1 75 0 1 2 2 2 1  676    4 
16 1 76 0 3 0 4 4 1  732    4 
16 1 77 1 2 2 3 3 1  569    4 
16 1 78 1 0 0 1 1 1  637    5 
16 1 79 1 1 1 2 2 1  774    5 
16 1 80 1 2 2 3 3 1 1049    4 
16 1 81 0 1 2 2 2 1  713    5 
16 1 82 0 2 3 3 3 1 1039    4 
16 1 83 1 0 0 1 1 1  583    4 
16 1 84 1 1 1 2 2 1  571    4 
16 1 85 0 0 1 1 1 1  551    4 
16 1 86 0 0 1 1 1 1  492    4 
16 1 87 1 0 0 1 1 1  428    4 
16 1 88 0 1 2 2 2 1  606    5 
16 1 89 1 3 3 4 4 1  592    4 
16 1 90 1 0 0 1 1 1  755    4 
16 1 91 0 3 0 4 4 1  776    4 
16 1 92 1 3 3 4 4 1  387    4 
16 1 93 0 0 1 1 1 1  534    5 
16 1 94 0 1 2 2 2 1 1005    4 
16 1 95 1 1 1 2 2 1  430    5 
16 1 96 0 1 2 2 2 1  464    4 
