12 1 1 1 0 0 1 1 1 1239    4 
12 1 2 0 0 1 1 1 1  534    5 
12 1 3 1 0 0 1 1 1  388    4 
12 1 4 0 1 2 2 2 1  672    5 
12 1 5 1 1 1 2 2 1  728    5 
12 1 6 0 3 0 4 4 1  781    5 
12 1 7 0 0 1 1 1 1  736    4 
12 1 8 0 3 0 4 4 1  605    4 
12 1 9 0 1 2 2 2 1  647    5 
12 1 10 0 0 1 1 1 1  560    5 
12 1 11 1 1 1 2 2 1  757    4 
12 1 12 1 0 0 1 1 1  561    4 
12 1 13 1 2 2 3 3 1  558    4 
12 1 14 1 3 3 4 4 1  690    4 
12 1 15 0 0 1 1 1 1  521    4 
12 1 16 0 2 3 3 3 1 1615    5 
12 1 17 0 1 2 2 2 1  863    5 
12 1 18 1 1 1 2 2 1  710    4 
12 1 19 1 3 3 4 4 1  660    5 
12 1 20 1 0 0 1 1 1  469    5 
12 1 21 1 1 1 2 2 1  685    4 
12 1 22 1 2 2 3 3 1  500    5 
12 1 23 1 0 0 1 1 1  492    5 
12 1 24 1 2 2 3 3 1  811    5 
12 1 25 0 1 2 2 2 1  765    4 
12 1 26 1 1 1 2 2 1  673    5 
12 1 27 0 2 3 3 3 1  817    5 
12 1 28 1 0 0 1 1 1  515    4 
12 1 29 1 2 2 3 3 1  913    5 
12 1 30 0 2 3 3 3 1  527    4 
12 1 31 1 2 2 3 3 1  437    4 
12 1 32 0 3 0 4 4 1  567    4 
12 1 33 1 2 2 3 3 1  587    4 
12 1 34 0 1 2 2 2 1  582    4 
12 1 35 1 2 2 3 3 1  890    5 
12 1 36 0 0 1 1 1 1  665    4 
12 1 37 1 3 3 4 4 1  825    5 
12 1 38 0 3 0 4 4 1  410    5 
12 1 39 0 0 1 1 1 1  469    4 
12 1 40 1 3 3 4 4 1  541    5 
12 1 41 0 0 1 1 1 1  546    4 
12 1 42 0 1 2 2 2 1  680    4 
12 1 43 0 2 3 3 3 1  919    5 
12 1 44 0 2 3 3 3 1  469    4 
12 1 45 1 1 1 2 2 1  797    5 
12 1 46 0 0 1 1 1 1  560    4 
12 1 47 1 2 2 3 3 1  548    5 
12 1 48 1 1 1 2 2 1  650    4 
12 1 49 1 0 0 1 1 1  539    5 
12 1 50 0 2 3 3 3 1  648    4 
12 1 51 0 1 2 2 2 1  617    4 
12 1 52 0 0 1 1 1 1  563    4 
12 1 53 1 3 3 4 4 1  640    5 
12 1 54 0 1 2 2 2 1 1049    4 
12 1 55 1 3 3 4 4 1 1009    4 
12 1 56 0 2 3 3 3 1  594    4 
12 1 57 0 2 3 3 3 1  597    4 
12 1 58 0 2 3 3 3 1  416    5 
12 1 59 0 3 0 4 1 0  571    4 
12 1 60 1 0 0 1 1 1  485    5 
12 1 61 0 3 0 4 4 1  557    4 
12 1 62 1 3 3 4 4 1  505    5 
12 1 63 0 0 1 1 1 1  480    5 
12 1 64 0 1 2 2 2 1  624    5 
12 1 65 1 3 3 4 4 1  946    4 
12 1 66 1 0 0 1 1 1  494    4 
12 1 67 1 0 0 1 1 1  406    4 
12 1 68 0 1 2 2 2 1  721    4 
12 1 69 0 3 0 4 4 1  646    5 
12 1 70 1 3 3 4 4 1  527    5 
12 1 71 1 3 3 4 4 1  429    4 
12 1 72 1 3 3 4 4 1  399   17 
12 1 73 0 3 0 4 4 1  403    5 
12 1 74 0 2 3 3 3 1  550    4 
12 1 75 1 2 2 3 3 1  452    4 
12 1 76 1 0 0 1 1 1  461    5 
12 1 77 0 1 2 2 2 1  622    5 
12 1 78 0 0 1 1 1 1  392    4 
12 1 79 0 2 3 3 3 1  492    5 
12 1 80 1 2 2 3 3 1  883    5 
12 1 81 0 1 2 2 2 1  602    4 
12 1 82 1 0 0 1 1 1  541    4 
12 1 83 0 3 0 4 4 1  770    4 
12 1 84 1 3 3 4 4 1  406    5 
12 1 85 1 3 3 4 4 1  393    4 
12 1 86 1 2 2 3 3 1  661    4 
12 1 87 1 1 1 2 2 1 1125    4 
12 1 88 0 1 2 2 2 1  601    4 
12 1 89 1 0 0 1 1 1 1420    5 
12 1 90 1 1 1 2 2 1  820    5 
12 1 91 1 1 1 2 2 1  501    5 
12 1 92 0 1 2 2 2 1  501    4 
12 1 93 0 2 3 3 3 1  540    5 
12 1 94 0 3 0 4 4 1  642    5 
12 1 95 1 3 3 4 4 1  419    4 
12 1 96 0 2 3 3 3 1  773    4 
12 1 1 0 1 3 2 2 1 1263    5 
12 1 2 0 2 0 3 3 1  670    5 
12 1 3 0 0 2 1 1 1  621    4 
12 1 4 1 1 1 2 2 1  759    4 
12 1 5 1 3 3 4 4 1  539    4 
12 1 6 0 1 3 2 2 1 2080    5 
12 1 7 0 1 3 2 2 1  468    4 
12 1 8 0 0 2 1 1 1  549    5 
12 1 9 0 3 1 4 4 1  706    4 
12 1 10 0 2 0 3 3 1 1160    4 
12 1 11 0 3 1 4 4 1 1211    4 
12 1 12 1 2 2 3 3 1  740    4 
12 1 13 0 1 3 2 2 1 1240    4 
12 1 14 1 0 0 1 1 1  503    4 
12 1 15 1 1 1 2 2 1  814    4 
12 1 16 0 1 3 2 2 1  536    4 
12 1 17 0 2 0 3 3 1  629    4 
12 1 18 1 2 2 3 3 1  767    5 
12 1 19 0 3 1 4 4 1  547    4 
12 1 20 1 1 1 2 3 0  696    4 
12 1 21 1 1 1 2 2 1  492    4 
12 1 22 0 2 0 3 3 1 1164    5 
12 1 23 1 2 2 3 3 1  495    4 
12 1 24 0 1 3 2 2 1 1374    4 
12 1 25 0 0 2 1 1 1  408    4 
12 1 26 0 2 0 3 4 0  691    4 
12 1 27 1 0 0 1 1 1  607    5 
12 1 28 1 0 0 1 1 1  449    4 
12 1 29 0 3 1 4 3 0  619    4 
12 1 30 1 3 3 4 4 1  467    4 
12 1 31 0 3 1 4 4 1  443    4 
12 1 32 0 0 2 1 1 1  589    5 
12 1 33 0 1 3 2 2 1  704    4 
12 1 34 1 3 3 4 4 1  742    5 
12 1 35 1 1 1 2 2 1  883    4 
12 1 36 0 0 2 1 1 1  586    4 
12 1 37 1 0 0 1 1 1  477    4 
12 1 38 0 3 1 4 4 1  629    4 
12 1 39 1 3 3 4 4 1  375    4 
12 1 40 0 1 3 2 2 1  876    4 
12 1 41 0 1 3 2 2 1  523    5 
12 1 42 1 0 0 1 1 1  481    5 
12 1 43 1 1 1 2 2 1  673    4 
12 1 44 0 3 1 4 4 1  928    4 
12 1 45 0 1 3 2 2 1  693    5 
12 1 46 1 1 1 2 2 1  860    4 
12 1 47 1 0 0 1 1 1  404    5 
12 1 48 0 1 3 2 2 1  439    5 
12 1 49 1 3 3 4 4 1  672    5 
12 1 50 0 3 1 4 4 1  480    5 
12 1 51 1 0 0 1 1 1  600    5 
12 1 52 1 2 2 3 3 1 1067    4 
12 1 53 0 2 0 3 3 1  498    4 
12 1 54 0 3 1 4 4 1  642    4 
12 1 55 1 0 0 1 1 1  571    4 
12 1 56 0 0 2 1 1 1  831    5 
12 1 57 1 1 1 2 2 1 1704    4 
12 1 58 0 1 3 2 2 1  652    5 
12 1 59 0 0 2 1 1 1  557    4 
12 1 60 1 3 3 4 4 1  657    4 
12 1 61 0 3 1 4 4 1  450    4 
12 1 62 0 0 2 1 1 1  571    4 
12 1 63 1 0 0 1 1 1  487    5 
12 1 64 1 2 2 3 3 1  543    4 
12 1 65 1 3 3 4 4 1  740    5 
12 1 66 0 2 0 3 3 1  889    4 
12 1 67 1 2 2 3 3 1  455    5 
12 1 68 1 2 2 3 3 1  416    4 
12 1 69 1 1 1 2 2 1  523    4 
12 1 70 1 1 1 2 2 1  377    4 
12 1 71 1 2 2 3 3 1  637    5 
12 1 72 1 2 2 3 3 1  446    5 
12 1 73 0 2 0 3 3 1  720    5 
12 1 74 0 2 0 3 3 1  461    5 
12 1 75 1 3 3 4 4 1  550    4 
12 1 76 1 3 3 4 4 1  348    5 
12 1 77 1 3 3 4 4 1  370    5 
12 1 78 1 3 3 4 4 1  342    4 
12 1 79 1 1 1 2 2 1  628    4 
12 1 80 0 3 1 4 3 0  598    4 
12 1 81 1 0 0 1 1 1  678    4 
12 1 82 0 2 0 3 3 1  630    5 
12 1 83 1 2 2 3 3 1  647    5 
12 1 84 0 0 2 1 1 1 1120    4 
12 1 85 1 3 3 4 4 1  613    5 
12 1 86 1 3 3 4 4 1  616    4 
12 1 87 0 2 0 3 3 1  538    4 
12 1 88 1 1 1 2 2 1  616    4 
12 1 89 0 0 2 1 1 1  674    4 
12 1 90 0 2 0 3 3 1  634    4 
12 1 91 1 0 0 1 1 1  563    5 
12 1 92 0 2 0 3 3 1  672    4 
12 1 93 1 0 0 1 1 1  448    4 
12 1 94 1 0 0 1 1 1  425    4 
12 1 95 0 0 2 1 1 1  492    5 
12 1 96 0 2 0 3 3 1  595    5 
