5 1 1 0 1 2 2 2 1 1382    5 
5 1 2 1 3 3 4 4 1  632    5 
5 1 3 0 2 3 3 3 1 1041    4 
5 1 4 1 0 0 1 1 1  769    5 
5 1 5 0 0 1 1 1 1  445    5 
5 1 6 0 2 3 3 3 1  623    4 
5 1 7 0 0 1 1 1 1  729    4 
5 1 8 0 1 2 2 2 1  766    5 
5 1 9 0 3 0 4 4 1  522    4 
5 1 10 1 1 1 2 2 1  776    4 
5 1 11 0 3 0 4 4 1  979    5 
5 1 12 0 0 1 1 1 1  694    4 
5 1 13 0 1 2 2 2 1  717    4 
5 1 14 0 0 1 1 1 1  931    5 
5 1 15 1 0 0 1 1 1  552    4 
5 1 16 0 2 3 3 3 1  597    4 
5 1 17 0 2 3 3 3 1  752    5 
5 1 18 1 3 3 4 4 1  789    4 
5 1 19 0 3 0 4 4 1  488    4 
5 1 20 0 2 3 3 3 1  719    5 
5 1 21 0 2 3 3 3 1  485    5 
5 1 22 1 3 3 4 4 1 1093    4 
5 1 23 1 2 2 3 3 1  579    5 
5 1 24 1 2 2 3 3 1  447    5 
5 1 25 1 3 3 4 4 1  569    4 
5 1 26 1 3 3 4 4 1  469    5 
5 1 27 1 2 2 3 3 1  509    4 
5 1 28 1 3 3 4 4 1  412    5 
5 1 29 0 3 0 4 4 1  463    5 
5 1 30 0 0 1 1 1 1  632    5 
5 1 31 1 1 1 2 2 1  730    5 
5 1 32 1 3 3 4 4 1  799    5 
5 1 33 1 2 2 3 3 1  490    4 
5 1 34 0 2 3 3 3 1  433    5 
5 1 35 0 2 3 3 3 1  428    5 
5 1 36 1 0 0 1 1 1  902    4 
5 1 37 0 3 0 4 4 1  588    4 
5 1 38 0 2 3 3 3 1  543    4 
5 1 39 0 2 3 3 4 0  557    5 
5 1 40 0 1 2 2 2 1  918    4 
5 1 41 0 3 0 4 4 1  684    4 
5 1 42 1 0 0 1 1 1  588    5 
5 1 43 1 2 2 3 3 1  727    4 
5 1 44 0 0 1 1 1 1  612    4 
5 1 45 1 1 1 2 4 0  703    4 
5 1 46 1 3 3 4 4 1  555    4 
5 1 47 0 0 1 1 1 1  695    5 
5 1 48 1 1 1 2 2 1  774    4 
5 1 49 1 0 0 1 1 1  777    4 
5 1 50 1 0 0 1 1 1  661    5 
5 1 51 0 2 3 3 3 1  541    5 
5 1 52 1 0 0 1 1 1  634    4 
5 1 53 1 1 1 2 2 1  524    5 
5 1 54 0 1 2 2 2 1  650    4 
5 1 55 0 0 1 1 1 1  515    5 
5 1 56 1 2 2 3 3 1  698    4 
5 1 57 1 0 0 1 1 1  545    4 
5 1 58 1 3 3 4 4 1  422    4 
5 1 59 0 2 3 3 3 1  560    4 
5 1 60 1 1 1 2 2 1  677    4 
5 1 61 0 0 1 1 1 1  549    4 
5 1 62 0 2 3 3 3 1  506    4 
5 1 63 1 1 1 2 2 1  993    4 
5 1 64 1 1 1 2 2 1  659    4 
5 1 65 0 1 2 2 2 1  555    4 
5 1 66 0 3 0 4 4 1  656    5 
5 1 67 1 0 0 1 1 1  672    5 
5 1 68 1 3 3 4 4 1  711    5 
5 1 69 1 1 1 2 2 1  549    4 
5 1 70 1 3 3 4 4 1  659    5 
5 1 71 1 1 1 2 2 1  499    4 
5 1 72 1 1 1 2 2 1  619    5 
5 1 73 1 3 3 4 4 1  485    4 
5 1 74 0 2 3 3 3 1  421    4 
5 1 75 1 3 3 4 4 1  648    5 
5 1 76 0 3 0 4 4 1  481    4 
5 1 77 1 1 1 2 2 1  849    5 
5 1 78 0 0 1 1 1 1  521    5 
5 1 79 1 0 0 1 2 0  519    4 
5 1 80 0 2 3 3 3 1  682    5 
5 1 81 0 1 2 2 2 1  530    5 
5 1 82 0 2 3 3 3 1  592    4 
5 1 83 1 0 0 1 1 1  659    5 
5 1 84 1 3 3 4 4 1  740    4 
5 1 85 1 1 1 2 2 1  656    4 
5 1 86 0 3 0 4 4 1  657    4 
5 1 87 0 0 1 1 1 1  601    5 
5 1 88 0 0 1 1 1 1  532    5 
5 1 89 0 3 0 4 4 1  650    4 
5 1 90 0 1 2 2 2 1  667    5 
5 1 91 0 1 2 2 2 1  571    5 
5 1 92 1 2 2 3 3 1  655    4 
5 1 93 1 0 0 1 1 1  519    4 
5 1 94 1 1 1 2 2 1  726    5 
5 1 95 0 1 2 2 2 1  595    4 
5 1 96 1 2 2 3 3 1  590    4 
5 1 1 1 0 0 1 1 1 2258    5 
5 1 2 1 2 2 3 3 1  494    5 
5 1 3 1 1 1 2 2 1  621    4 
5 1 4 0 1 0 2 2 1  583    5 
5 1 5 0 1 0 2 2 1  483    5 
5 1 6 1 2 2 3 3 1 1227    4 
5 1 7 1 0 0 1 1 1  635    5 
5 1 8 1 1 1 2 2 1  436    4 
5 1 9 1 0 0 1 1 1  454    4 
5 1 10 1 1 1 2 2 1  519    4 
5 1 11 0 2 1 3 3 1  605    4 
5 1 12 0 1 0 2 2 1  615    5 
5 1 13 1 2 2 3 3 1  578    4 
5 1 14 1 1 1 2 2 1  518    4 
5 1 15 0 0 3 1 1 1  556    5 
5 1 16 0 3 2 4 4 1  457    4 
5 1 17 1 1 1 2 2 1  522    4 
5 1 18 0 2 1 3 3 1  600    4 
5 1 19 0 3 2 4 4 1  515    4 
5 1 20 0 1 0 2 2 1  562    4 
5 1 21 0 3 2 4 4 1  543    4 
5 1 22 0 1 0 2 2 1  460    5 
5 1 23 1 0 0 1 1 1  565    4 
5 1 24 1 1 1 2 2 1  545    4 
5 1 25 0 3 2 4 4 1  647    4 
5 1 26 0 3 2 4 4 1  488    4 
5 1 27 0 2 1 3 3 1  631    5 
5 1 28 1 2 2 3 3 1  473    4 
5 1 29 0 3 2 4 4 1  585    4 
5 1 30 1 3 3 4 4 1  445    5 
5 1 31 0 0 3 1 1 1  567    4 
5 1 32 1 3 3 4 4 1  459    4 
5 1 33 1 0 0 1 1 1  500    4 
5 1 34 1 3 3 4 4 1  668    4 
5 1 35 0 3 2 4 4 1  476    5 
5 1 36 1 2 2 3 3 1  564    4 
5 1 37 1 2 2 3 3 1  481    4 
5 1 38 1 3 3 4 4 1  649    4 
5 1 39 0 1 0 2 2 1  554    5 
5 1 40 1 0 0 1 1 1  862    4 
5 1 41 1 2 2 3 3 1  462    4 
5 1 42 1 2 2 3 3 1  391    4 
5 1 43 0 3 2 4 4 1  587    4 
5 1 44 0 2 1 3 3 1  502    5 
5 1 45 1 3 3 4 4 1  573    4 
5 1 46 0 0 3 1 1 1  457    5 
5 1 47 1 2 2 3 1 0  418    4 
5 1 48 1 3 3 4 4 1  522    4 
5 1 49 1 0 0 1 1 1  505    5 
5 1 50 1 0 0 1 1 1  535    4 
5 1 51 0 0 3 1 1 1  549    4 
5 1 52 0 3 2 4 4 1  643    5 
5 1 53 1 0 0 1 1 1  612    4 
5 1 54 1 1 1 2 2 1  550    5 
5 1 55 0 1 0 2 2 1  483    4 
5 1 56 1 2 2 3 3 1  524    4 
5 1 57 0 0 3 1 1 1  666    4 
5 1 58 0 3 2 4 4 1  530    4 
5 1 59 0 1 0 2 2 1  576    4 
5 1 60 1 2 2 3 3 1  460    5 
5 1 61 0 1 0 2 2 1  613    4 
5 1 62 0 0 3 1 1 1  567    4 
5 1 63 0 2 1 3 3 1  652    5 
5 1 64 1 0 0 1 1 1  749    5 
5 1 65 0 1 0 2 2 1  570    4 
5 1 66 0 1 0 2 2 1  525    4 
5 1 67 1 2 2 3 3 1 1043    4 
5 1 68 0 3 2 4 4 1  619    4 
5 1 69 1 3 3 4 4 1  509    4 
5 1 70 0 2 1 3 3 1 1052    4 
5 1 71 1 2 2 3 3 1  531    4 
5 1 72 1 1 1 2 2 1  602    5 
5 1 73 0 2 1 3 3 1  493    4 
5 1 74 1 3 3 4 4 1  484    4 
5 1 75 1 0 0 1 1 1 1028    4 
5 1 76 0 0 3 1 1 1  493    5 
5 1 77 0 3 2 4 4 1  524    4 
5 1 78 1 1 1 2 2 1  498    4 
5 1 79 0 2 1 3 3 1  858    4 
5 1 80 0 2 1 3 3 1  442    4 
5 1 81 0 0 3 1 1 1  507    4 
5 1 82 1 0 0 1 1 1  394    4 
5 1 83 1 2 2 3 3 1  470    5 
5 1 84 0 3 2 4 4 1  446    4 
5 1 85 0 0 3 1 1 1  551    5 
5 1 86 1 0 0 1 1 1  549    5 
5 1 87 1 0 0 1 1 1  466    4 
5 1 88 1 1 1 2 2 1  595    5 
5 1 89 0 2 1 3 3 1  686    5 
5 1 90 1 3 3 4 4 1  485    4 
5 1 91 0 1 0 2 2 1  525    4 
5 1 92 0 0 3 1 1 1  539    4 
5 1 93 0 1 0 2 2 1  585    5 
5 1 94 0 1 0 2 2 1  452    4 
5 1 95 0 3 2 4 4 1  509    5 
5 1 96 1 3 3 4 4 1  492    5 
