19 1 1 1 1 1 2 2 1 1772    5 
19 1 2 0 2 3 3 3 1 1213    4 
19 1 3 1 3 3 4 4 1  590    5 
19 1 4 0 2 3 3 3 1  649    4 
19 1 5 0 1 2 2 2 1  898    5 
19 1 6 1 1 1 2 2 1  544    4 
19 1 7 0 3 0 4 4 1  646    4 
19 1 8 1 3 3 4 4 1  575    5 
19 1 9 1 3 3 4 4 1  378    7 
19 1 10 0 1 2 2 2 1  671    4 
19 1 11 1 0 0 1 1 1  582    5 
19 1 12 0 2 3 3 4 0  834    4 
19 1 13 1 0 0 1 1 1 1065    5 
19 1 14 1 2 2 3 3 1 1080    4 
19 1 15 1 3 3 4 4 1  606    4 
19 1 16 0 3 0 4 4 1 1721    4 
19 1 17 1 0 0 1 1 1  908    4 
19 1 18 0 3 0 4 4 1  793    5 
19 1 19 1 2 2 3 3 1 1172    5 
19 1 20 0 3 0 4 4 1  694    4 
19 1 21 0 3 0 4 4 1  757    5 
19 1 22 0 3 0 4 4 1  553    4 
19 1 23 1 2 2 3 3 1  813    4 
19 1 24 1 0 0 1 1 1  791    5 
19 1 25 0 1 2 2 2 1  562    4 
19 1 26 0 3 0 4 4 1  686    4 
19 1 27 1 2 2 3 3 1  701    4 
19 1 28 1 0 0 1 1 1  780    4 
19 1 29 1 3 3 4 4 1  439    4 
19 1 30 1 1 1 2 2 1  609    4 
19 1 31 0 3 0 4 4 1  651    4 
19 1 32 1 2 2 3 3 1 1116    4 
19 1 33 0 1 2 2 2 1 1609    5 
19 1 34 0 2 3 3 3 1 1617    5 
19 1 35 1 3 3 4 4 1  416    4 
19 1 36 1 0 0 1 1 1  547    5 
19 1 37 0 2 3 3 3 1  985    5 
19 1 38 1 1 1 2 4 0  499    4 
19 1 39 0 1 2 2 2 1  808    4 
19 1 40 0 2 3 3 3 1  706    4 
19 1 41 1 0 0 1 1 1  504    5 
19 1 42 0 2 3 3 3 1 1143    4 
19 1 43 0 2 3 3 3 1  586    5 
19 1 44 1 0 0 1 1 1  693    5 
19 1 45 0 2 3 3 3 1  900    4 
19 1 46 0 2 3 3 3 1  523    4 
19 1 47 0 1 2 2 2 1  857    5 
19 1 48 1 3 3 4 4 1  800    4 
19 1 49 0 2 3 3 3 1  731    5 
19 1 50 0 1 2 2 2 1  840    5 
19 1 51 1 3 3 4 4 1  465    4 
19 1 52 1 0 0 1 1 1  666    4 
19 1 53 0 1 2 2 2 1  906    4 
19 1 54 0 2 3 3 3 1 2039    5 
19 1 55 1 3 3 4 4 1  437    4 
19 1 56 0 3 0 4 4 1  519    5 
19 1 57 0 2 3 3 3 1  677    4 
19 1 58 0 1 2 2 2 1  693    5 
19 1 59 0 2 3 3 3 1  828    4 
19 1 60 0 3 0 4 4 1  509    4 
19 1 61 1 2 2 3 3 1  820    5 
19 1 62 1 2 2 3 4 0  397    5 
19 1 63 1 2 2 3 3 1  526    4 
19 1 64 1 1 1 2 2 1  556    5 
19 1 65 0 1 2 2 2 1  521    4 
19 1 66 1 0 0 1 1 1  543    4 
19 1 67 1 0 0 1 1 1  468    4 
19 1 68 1 2 2 3 3 1  613    4 
19 1 69 1 0 0 1 1 1  592    5 
19 1 70 1 0 0 1 1 1  675    4 
19 1 71 0 0 1 1 1 1 1163    5 
19 1 72 0 3 0 4 4 1  685    4 
19 1 73 1 0 0 1 1 1  805    4 
19 1 74 1 3 3 4 4 1  831    4 
19 1 75 1 3 3 4 4 1  424    5 
19 1 76 0 1 2 2 2 1  842    5 
19 1 77 0 3 0 4 4 1  707    5 
19 1 78 1 0 0 1 1 1  817    5 
19 1 79 1 1 1 2 2 1 1235    4 
19 1 80 1 0 0 1 1 1  890    4 
19 1 81 0 1 2 2 2 1  961    4 
19 1 82 0 0 1 1 1 1  644    5 
19 1 83 0 0 1 1 1 1  709    4 
19 1 84 1 0 0 1 1 1  459    4 
19 1 85 1 1 1 2 2 1  668    5 
19 1 86 0 2 3 3 4 0  644    5 
19 1 87 1 1 1 2 2 1  795    5 
19 1 88 0 0 1 1 1 1  693    4 
19 1 89 0 1 2 2 2 1 1068    4 
19 1 90 0 0 1 1 1 1  555    4 
19 1 91 1 0 0 1 1 1  720    4 
19 1 92 0 3 0 4 4 1  781    4 
19 1 93 1 0 0 1 1 1  673    5 
19 1 94 0 1 2 2 2 1  888    4 
19 1 95 0 1 2 2 2 1  662    5 
19 1 96 1 1 1 2 2 1  671    4 
19 1 1 1 3 3 4 4 1 3995    5 
19 1 2 1 3 3 4 4 1  492    4 
19 1 3 1 1 1 2 2 1 1396    4 
19 1 4 1 0 0 1 1 1  549    5 
19 1 5 0 3 1 4 4 1  634    4 
19 1 6 1 1 1 2 2 1  652    4 
19 1 7 0 0 2 1 1 1  765    4 
19 1 8 1 1 1 2 2 1 1081    5 
19 1 9 1 2 2 3 3 1  855    5 
19 1 10 0 0 2 1 1 1  591    4 
19 1 11 0 0 2 1 1 1  538    4 
19 1 12 1 1 1 2 4 0  567    5 
19 1 13 1 3 3 4 4 1  657    4 
19 1 14 0 0 2 1 1 1  849    4 
19 1 15 0 0 2 1 1 1  418    5 
19 1 16 1 3 3 4 4 1  573    4 
19 1 17 1 1 1 2 2 1  817    4 
19 1 18 0 1 3 2 2 1  659    4 
19 1 19 0 2 0 3 3 1  651    4 
19 1 20 0 3 1 4 2 0  524    4 
19 1 21 1 2 2 3 3 1  767    4 
19 1 22 1 1 1 2 2 1  923    5 
19 1 23 1 2 2 3 1 0  744    4 
19 1 24 1 3 3 4 4 1  730    4 
19 1 25 0 3 1 4 4 1  519    4 
19 1 26 1 1 1 2 2 1  733    4 
19 1 27 0 2 0 3 1 0  675    4 
19 1 28 0 0 2 1 1 1  656    4 
19 1 29 1 2 2 3 3 1  680    5 
19 1 30 0 3 1 4 4 1  552    4 
19 1 31 0 0 2 1 1 1  821    5 
19 1 32 0 1 3 2 2 1  838    4 
19 1 33 1 1 1 2 2 1  542    4 
19 1 34 0 1 3 2 2 1  444    5 
19 1 35 1 0 0 1 1 1  637    5 
19 1 36 1 2 2 3 3 1  550    4 
19 1 37 0 0 2 1 1 1  660    4 
19 1 38 0 0 2 1 1 1  668    5 
19 1 39 0 0 2 1 1 1  492    5 
19 1 40 0 0 2 1 1 1  412    4 
19 1 41 0 2 0 3 3 1  687    5 
19 1 42 0 0 2 1 1 1  710    5 
19 1 43 1 1 1 2 2 1  636    4 
19 1 44 1 3 3 4 4 1  437    4 
19 1 45 1 1 1 2 2 1  614    4 
19 1 46 0 3 1 4 4 1  537    5 
19 1 47 0 3 1 4 4 1  534    5 
19 1 48 1 0 0 1 1 1  676    4 
19 1 49 0 2 0 3 3 1  844    4 
19 1 50 1 3 3 4 4 1  852    5 
19 1 51 0 2 0 3 3 1  981    4 
19 1 52 0 1 3 2 2 1  695    4 
19 1 53 1 2 2 3 3 1  654    4 
19 1 54 0 3 1 4 4 1  598    5 
19 1 55 1 2 2 3 3 1  618    5 
19 1 56 0 1 3 2 2 1  724    4 
19 1 57 0 2 0 3 3 1  721    4 
19 1 58 0 1 3 2 2 1  951    5 
19 1 59 0 3 1 4 3 0  723    5 
19 1 60 0 1 3 2 2 1  622    4 
19 1 61 0 2 0 3 1 0  567    5 
19 1 62 0 2 0 3 3 1  801    4 
19 1 63 0 0 2 1 1 1  468    4 
19 1 64 1 0 0 1 1 1  693    4 
19 1 65 1 3 3 4 4 1  428    4 
19 1 66 1 0 0 1 1 1  382    5 
19 1 67 0 2 0 3 4 0  450    5 
19 1 68 1 2 2 3 3 1  825    4 
19 1 69 1 1 1 2 2 1  722    4 
19 1 70 0 1 3 2 2 1  680    4 
19 1 71 1 2 2 3 3 1  527    4 
19 1 72 0 3 1 4 4 1  773    4 
19 1 73 1 3 3 4 4 1  737    5 
19 1 74 1 1 1 2 2 1  853    5 
19 1 75 0 3 1 4 4 1  605    5 
19 1 76 1 1 1 2 2 1  504    4 
19 1 77 1 2 2 3 3 1  654    5 
19 1 78 0 3 1 4 4 1  695    4 
19 1 79 1 1 1 2 2 1  557    4 
19 1 80 1 3 3 4 2 0  450    4 
19 1 81 0 0 2 1 1 1  633    5 
19 1 82 0 2 0 3 3 1  587    5 
19 1 83 1 0 0 1 3 0  462    4 
19 1 84 0 0 2 1 1 1  484    4 
19 1 85 1 1 1 2 2 1  532    4 
19 1 86 0 3 1 4 4 1  514    5 
19 1 87 1 0 0 1 1 1  521    4 
19 1 88 0 3 1 4 4 1  639    4 
19 1 89 1 2 2 3 3 1  560    5 
19 1 90 0 3 1 4 4 1  501    4 
19 1 91 1 2 2 3 3 1  700    4 
19 1 92 0 1 3 2 2 1  811    5 
19 1 93 1 2 2 3 3 1  709    4 
19 1 94 1 0 0 1 1 1  667    5 
19 1 95 1 0 0 1 1 1  531    4 
19 1 96 1 2 2 3 4 0  689    4 
