24 1 1 0 2 1 3 3 1  818    4 
24 1 2 0 0 3 1 1 1  540    4 
24 1 3 0 3 2 4 4 1  730    5 
24 1 4 0 3 2 4 4 1  439    5 
24 1 5 1 2 2 3 3 1  673    4 
24 1 6 1 1 1 2 2 1  424    4 
24 1 7 1 0 0 1 1 1  618    4 
24 1 8 0 1 0 2 2 1 1061    4 
24 1 9 0 3 2 4 4 1  596    4 
24 1 10 0 1 0 2 2 1  967    4 
24 1 11 1 2 2 3 3 1  603    4 
24 1 12 0 2 1 3 3 1  797    4 
24 1 13 1 1 1 2 2 1  568    4 
24 1 14 1 3 3 4 4 1  380    4 
24 1 15 1 2 2 3 3 1  681    5 
24 1 16 0 0 3 1 1 1  616    5 
24 1 17 0 1 0 2 2 1  611    4 
24 1 18 0 1 0 2 2 1  461    4 
24 1 19 0 2 1 3 3 1  606    4 
24 1 20 1 2 2 3 3 1  488    5 
24 1 21 0 2 1 3 3 1  416    4 
24 1 22 1 3 3 4 4 1  555    4 
24 1 23 0 1 0 2 3 0  912    5 
24 1 24 1 2 2 3 3 1  610    5 
24 1 25 1 2 2 3 3 1  405    5 
24 1 26 0 1 0 2 2 1  544    4 
24 1 27 0 1 0 2 2 1  693    4 
24 1 28 1 2 2 3 3 1  564    5 
24 1 29 0 0 3 1 1 1  665    4 
24 1 30 1 2 2 3 3 1  625    4 
24 1 31 1 2 2 3 3 1  363    4 
24 1 32 0 2 1 3 3 1  448    4 
24 1 33 1 0 0 1 1 1  698    4 
24 1 34 0 2 1 3 3 1  648    5 
24 1 35 1 3 3 4 4 1  641    4 
24 1 36 0 3 2 4 4 1  586    4 
24 1 37 1 3 3 4 4 1  406    4 
24 1 38 0 3 2 4 4 1  417    5 
24 1 39 0 0 3 1 1 1  620    5 
24 1 40 1 1 1 2 2 1  629    5 
24 1 41 1 0 0 1 1 1 1543    4 
24 1 42 1 0 0 1 1 1  465    4 
24 1 43 1 0 0 1 1 1  354    4 
24 1 44 1 1 1 2 2 1  584    4 
24 1 45 1 1 1 2 2 1  387    4 
24 1 46 0 1 0 2 2 1  575    4 
24 1 47 0 3 2 4 4 1  619    4 
24 1 48 0 0 3 1 1 1  821    4 
24 1 49 0 3 2 4 4 1  846    4 
24 1 50 1 1 1 2 2 1  598    4 
24 1 51 0 2 1 3 3 1  369    4 
24 1 52 1 0 0 1 1 1  550    4 
24 1 53 0 0 3 1 1 1 1099    5 
24 1 54 1 1 1 2 2 1  537    4 
24 1 55 0 0 3 1 1 1  726    5 
24 1 56 1 0 0 1 1 1  620    4 
24 1 57 1 3 3 4 4 1  485    4 
24 1 58 1 0 0 1 1 1  613    4 
24 1 59 1 2 2 3 3 1  615    4 
24 1 60 0 3 2 4 4 1  586    4 
24 1 61 1 2 2 3 3 1  573    5 
24 1 62 1 0 0 1 1 1  601    4 
24 1 63 0 1 0 2 2 1 1140    4 
24 1 64 1 0 0 1 1 1  599    4 
24 1 65 1 3 3 4 4 1  635    5 
24 1 66 1 3 3 4 4 1  324    4 
24 1 67 0 0 3 1 1 1  675    5 
24 1 68 0 0 3 1 1 1  595    4 
24 1 69 0 2 1 3 3 1  622    5 
24 1 70 0 3 2 4 2 0  535    4 
24 1 71 1 2 2 3 3 1  603    4 
24 1 72 1 3 3 4 4 1  589    4 
24 1 73 0 1 0 2 2 1  616    5 
24 1 74 0 2 1 3 3 1  659    4 
24 1 75 1 1 1 2 2 1  723    4 
24 1 76 1 0 0 1 1 1  553    4 
24 1 77 0 1 0 2 2 1  693    5 
24 1 78 0 3 2 4 4 1 1012    5 
24 1 79 1 3 3 4 4 1  397    4 
24 1 80 1 2 2 3 3 1 1057    4 
24 1 81 0 2 1 3 3 1  416    4 
24 1 82 1 0 0 1 1 1  539    5 
24 1 83 1 1 1 2 2 1 1040    4 
24 1 84 0 0 3 1 1 1  600    4 
24 1 85 0 3 2 4 4 1  587    4 
24 1 86 0 0 3 1 1 1  631    4 
24 1 87 0 0 3 1 1 1  416    4 
24 1 88 0 3 2 4 4 1  779    4 
24 1 89 0 3 2 4 4 1  455    4 
24 1 90 0 3 2 4 4 1  472    4 
24 1 91 1 2 2 3 3 1  720    5 
24 1 92 1 1 1 2 2 1  597    5 
24 1 93 1 3 3 4 1 0  544    4 
24 1 94 1 1 1 2 2 1  643    4 
24 1 95 1 1 1 2 2 1  572    5 
24 1 96 0 1 0 2 2 1  528    4 
24 1 1 1 3 3 4 4 1 2382    5 
24 1 2 1 0 0 1 1 1  828    4 
24 1 3 1 1 1 2 2 1  581    4 
24 1 4 1 1 1 2 2 1  497    4 
24 1 5 1 1 1 2 2 1  416    4 
24 1 6 1 2 2 3 3 1  540    4 
24 1 7 0 3 1 4 4 1  753    4 
24 1 8 0 0 2 1 1 1  781    5 
24 1 9 1 3 3 4 4 1  656    5 
24 1 10 1 3 3 4 4 1  376    5 
24 1 11 1 0 0 1 1 1 1037    5 
24 1 12 1 2 2 3 3 1 1685    4 
24 1 13 0 1 3 2 2 1  850    5 
24 1 14 1 2 2 3 3 1  554    5 
24 1 15 0 1 3 2 2 1  695    5 
24 1 16 1 3 3 4 1 0  742    4 
24 1 17 1 3 3 4 4 1  376    4 
24 1 18 0 2 0 3 3 1  596    5 
24 1 19 1 2 2 3 3 1  399    4 
24 1 20 1 0 0 1 2 0  483    4 
24 1 21 0 2 0 3 3 1  649    4 
24 1 22 1 2 2 3 3 1  402    5 
24 1 23 0 0 2 1 1 1  629    5 
24 1 24 0 3 1 4 4 1  623    5 
24 1 25 0 1 3 2 2 1  425    4 
24 1 26 1 2 2 3 3 1  555    4 
24 1 27 1 3 3 4 4 1  768    5 
24 1 28 0 0 2 1 1 1  796    4 
24 1 29 1 1 1 2 2 1  678    4 
24 1 30 0 1 3 2 2 1  422    5 
24 1 31 1 0 0 1 1 1  632    5 
24 1 32 1 0 0 1 1 1  450    5 
24 1 33 0 2 0 3 3 1  660    4 
24 1 34 1 0 0 1 1 1  748    4 
24 1 35 1 1 1 2 2 1 1289    5 
24 1 36 1 2 2 3 3 1  494    5 
24 1 37 0 2 0 3 3 1  469    5 
24 1 38 0 2 0 3 3 1  413    5 
24 1 39 1 0 0 1 1 1  832    5 
24 1 40 1 2 2 3 3 1 1634    5 
24 1 41 0 1 3 2 2 1  960    4 
24 1 42 0 2 0 3 3 1  764    4 
24 1 43 0 0 2 1 1 1  728    5 
24 1 44 0 3 1 4 4 1  405    4 
24 1 45 0 3 1 4 4 1  504    4 
24 1 46 0 0 2 1 1 1  695    4 
24 1 47 0 3 1 4 4 1  830    4 
24 1 48 0 0 2 1 3 0  543    4 
24 1 49 0 3 1 4 4 1  769    4 
24 1 50 0 1 3 2 2 1 1381    5 
24 1 51 0 0 2 1 1 1  711    4 
24 1 52 1 3 3 4 4 1 1685    4 
24 1 53 0 3 1 4 4 1  410    4 
24 1 54 0 0 2 1 1 1  669    5 
24 1 55 1 3 3 4 4 1  773    5 
24 1 56 1 3 3 4 4 1  424    5 
24 1 57 0 3 1 4 4 1  410    4 
24 1 58 1 0 0 1 1 1  678    5 
24 1 59 1 1 1 2 2 1  685    5 
24 1 60 1 1 1 2 2 1  477    4 
24 1 61 1 1 1 2 2 1  589    5 
24 1 62 0 1 3 2 2 1  472    4 
24 1 63 0 1 3 2 2 1  440    4 
24 1 64 0 1 3 2 2 1  426    4 
24 1 65 0 3 1 4 4 1  764    4 
24 1 66 0 0 2 1 1 1 1048    4 
24 1 67 0 2 0 3 3 1  544    5 
24 1 68 1 0 0 1 1 1  533    4 
24 1 69 1 1 1 2 2 1  611    5 
24 1 70 0 1 3 2 2 1  446    4 
24 1 71 0 3 1 4 4 1  663    4 
24 1 72 0 3 1 4 4 1  424    5 
24 1 73 1 2 2 3 3 1 1802    4 
24 1 74 1 2 2 3 3 1  354    5 
24 1 75 1 0 0 1 1 1 1071    4 
24 1 76 1 2 2 3 3 1  645    4 
24 1 77 0 2 0 3 3 1  510    5 
24 1 78 0 3 1 4 4 1  621    5 
24 1 79 1 1 1 2 2 1 1823    4 
24 1 80 0 2 0 3 3 1 2069    5 
24 1 81 1 1 1 2 2 1  561    4 
24 1 82 1 0 0 1 1 1  461    4 
24 1 83 0 3 1 4 4 1 1078    5 
24 1 84 0 2 0 3 3 1  581    5 
24 1 85 0 2 0 3 3 1  641    4 
24 1 86 0 0 2 1 1 1  618    4 
24 1 87 1 0 0 1 1 1  724    5 
24 1 88 1 3 3 4 4 1  585    5 
24 1 89 0 0 2 1 1 1  701    4 
24 1 90 0 1 3 2 2 1  580    5 
24 1 91 1 1 1 2 2 1  672    4 
24 1 92 0 2 0 3 3 1  696    4 
24 1 93 1 0 0 1 4 0  431    4 
24 1 94 0 1 3 2 2 1  774    5 
24 1 95 1 3 3 4 4 1  633    4 
24 1 96 1 2 2 3 3 1  619    4 
