20 1 1 0 0 1 1 1 1  886    5 
20 1 2 0 0 1 1 1 1  389   79 
20 1 3 0 1 2 2 2 1  744    5 
20 1 4 0 2 3 3 3 1  901  125 
20 1 5 0 2 3 3 3 1  507    4 
20 1 6 0 3 0 4 4 1  578   46 
20 1 7 0 3 0 4 4 1  350    5 
20 1 8 0 1 2 2 2 1  652    6 
20 1 9 0 0 1 1 1 1  485    5 
20 1 10 1 3 3 4 4 1  549    5 
20 1 11 0 0 1 1 1 1  531    5 
20 1 12 1 0 0 1 1 1  377    7 
20 1 13 0 0 1 1 1 1  421    5 
20 1 14 1 3 3 4 4 1  407    5 
20 1 15 1 2 2 3 3 1  531    4 
20 1 16 0 2 3 3 3 1  552    5 
20 1 17 1 2 2 3 3 1  397    6 
20 1 18 1 2 2 3 3 1  473    5 
20 1 19 0 1 2 2 2 1  673    4 
20 1 20 1 1 1 2 2 1  449    5 
20 1 21 1 2 2 3 3 1  522  127 
20 1 22 1 3 3 4 4 1  512  270 
20 1 23 1 1 1 2 2 1  775    5 
20 1 24 1 0 0 1 1 1  402    5 
20 1 25 0 2 3 3 3 1  613    4 
20 1 26 1 1 1 2 2 1  560    5 
20 1 27 0 0 1 1 1 1  572    4 
20 1 28 1 3 3 4 4 1  472    5 
20 1 29 1 0 0 1 1 1  472    4 
20 1 30 1 3 3 4 4 1  425    4 
20 1 31 1 2 2 3 3 1  635    4 
20 1 32 0 2 3 3 3 1  397   15 
20 1 33 1 1 1 2 2 1  464    5 
20 1 34 0 1 2 2 2 1  441    5 
20 1 35 1 3 3 4 4 1  451    5 
20 1 36 0 0 1 1 1 1  541    4 
20 1 37 0 1 2 2 2 1  882    5 
20 1 38 1 3 3 4 4 1  433    4 
20 1 39 1 1 1 2 2 1  619    4 
20 1 40 0 1 2 2 2 1  533    6 
20 1 41 0 2 3 3 3 1  675    4 
20 1 42 0 1 2 2 2 1  643    4 
20 1 43 1 2 2 3 3 1  740    5 
20 1 44 0 2 3 3 3 1  488    4 
20 1 45 0 3 0 4 2 0  544    4 
20 1 46 0 3 0 4 4 1  634    5 
20 1 47 0 0 1 1 1 1  660    5 
20 1 48 0 0 1 1 1 1  516    5 
20 1 49 0 3 0 4 4 1  443    5 
20 1 50 0 0 1 1 1 1  533    5 
20 1 51 0 2 3 3 3 1  619    4 
20 1 52 0 2 3 3 3 1  389    5 
20 1 53 0 1 2 2 2 1  673    4 
20 1 54 0 1 2 2 2 1  377    5 
20 1 55 1 2 2 3 3 1 1365   29 
20 1 56 0 3 0 4 4 1  567  165 
20 1 57 1 2 2 3 3 1  684  271 
20 1 58 1 1 1 2 2 1 1333 7496 
20 1 59 1 3 3 4 4 1  494   68 
20 1 60 0 0 1 1 1 1  505 5026 
20 1 61 0 0 1 1 1 1  341    4 
20 1 62 0 1 2 2 2 1  594    4 
20 1 63 0 2 3 3 3 1  670    5 
20 1 64 1 3 3 4 4 1  549    5 
20 1 65 1 3 3 4 4 1  466    4 
20 1 66 1 1 1 2 2 1  979    5 
20 1 67 0 0 1 1 1 1  550    4 
20 1 68 1 0 0 1 1 1  515    4 
20 1 69 1 3 3 4 4 1  514    5 
20 1 70 0 1 2 2 1 0  545    4 
20 1 71 1 2 2 3 3 1  707    4 
20 1 72 0 3 0 4 4 1  594    5 
20 1 73 1 3 3 4 4 1  605    5 
20 1 74 0 1 2 2 2 1 1455    5 
20 1 75 1 2 2 3 3 1  749    5 
20 1 76 1 0 0 1 1 1  618    4 
20 1 77 1 0 0 1 1 1  380    4 
20 1 78 1 0 0 1 1 1  321    5 
20 1 79 1 2 2 3 3 1 1079    5 
20 1 80 0 1 2 2 2 1  686    4 
20 1 81 1 0 0 1 1 1  557    4 
20 1 82 0 0 1 1 1 1  386    4 
20 1 83 1 1 1 2 2 1  390    5 
20 1 84 0 3 0 4 4 1  513    5 
20 1 85 1 2 2 3 3 1  568    4 
20 1 86 1 2 2 3 3 1  485    4 
20 1 87 1 0 0 1 1 1  485    4 
20 1 88 1 1 1 2 2 1  485    4 
20 1 89 1 0 0 1 1 1  557    4 
20 1 90 1 1 1 2 2 1  386    5 
20 1 91 1 2 2 3 3 1  686    4 
20 1 92 1 3 3 4 4 1  517    4 
20 1 93 1 3 3 4 4 1  340    5 
20 1 94 0 3 0 4 4 1  434    4 
20 1 95 0 3 0 4 4 1  428    4 
20 1 96 0 1 2 2 1 0  551    4 
20 1 1 0 0 3 1 1 1 1179    5 
20 1 2 0 3 2 4 4 1 1101    5 
20 1 3 1 2 2 3 3 1  587    4 
20 1 4 0 0 3 1 1 1  534    5 
20 1 5 1 0 0 1 1 1  388    5 
20 1 6 0 1 0 2 2 1  752    4 
20 1 7 1 1 1 2 2 1  420    4 
20 1 8 0 2 1 3 3 1 2031    4 
20 1 9 1 0 0 1 1 1  556    4 
20 1 10 0 2 1 3 3 1 1209    4 
20 1 11 0 2 1 3 3 1  593    5 
20 1 12 1 1 1 2 2 1  629    4 
20 1 13 1 3 3 4 4 1  470    5 
20 1 14 0 0 3 1 1 1  726    5 
20 1 15 1 3 3 4 4 1  932    5 
20 1 16 1 2 2 3 3 1 1257    4 
20 1 17 1 3 3 4 4 1  671    4 
20 1 18 1 2 2 3 3 1  543    4 
20 1 19 1 2 2 3 3 1  468    5 
20 1 20 0 2 1 3 3 1  525    5 
20 1 21 1 2 2 3 3 1  451    5 
20 1 22 0 3 2 4 4 1  549    4 
20 1 23 1 2 2 3 3 1  482    5 
20 1 24 0 0 3 1 1 1 1154    5 
20 1 25 0 3 2 4 4 1  669    5 
20 1 26 1 2 2 3 3 1  685    5 
20 1 27 0 0 3 1 1 1  605    4 
20 1 28 0 2 1 3 3 1  751    4 
20 1 29 1 2 2 3 3 1  428    4 
20 1 30 0 0 3 1 1 1  646    4 
20 1 31 0 1 0 2 2 1 1383    4 
20 1 32 1 1 1 2 2 1  753    5 
20 1 33 0 1 0 2 2 1  477    4 
20 1 34 1 3 3 4 4 1  533    4 
20 1 35 1 2 2 3 3 1 1003    4 
20 1 36 0 1 0 2 2 1 1333    5 
20 1 37 1 3 3 4 4 1  593    5 
20 1 38 0 3 2 4 4 1  644    4 
20 1 39 0 1 0 2 2 1  733    4 
20 1 40 1 3 3 4 4 1  514    4 
20 1 41 1 0 0 1 1 1  657    5 
20 1 42 0 0 3 1 1 1  537    5 
20 1 43 0 1 0 2 2 1  638    5 
20 1 44 0 3 2 4 4 1  527    5 
20 1 45 0 3 2 4 4 1  422    4 
20 1 46 1 1 1 2 2 1  864    4 
20 1 47 1 0 0 1 1 1  560    4 
20 1 48 0 0 3 1 1 1  468    4 
20 1 49 0 2 1 3 1 0  485    4 
20 1 50 1 1 1 2 2 1  635    4 
20 1 51 0 1 0 2 2 1  380    5 
20 1 52 1 0 0 1 2 0  393    5 
20 1 53 1 3 3 4 4 1  530    4 
20 1 54 1 1 1 2 2 1  600    4 
20 1 55 1 1 1 2 2 1  659    5 
20 1 56 1 3 3 4 4 1  675    5 
20 1 57 0 1 0 2 2 1 1723    5 
20 1 58 1 0 0 1 1 1  597    4 
20 1 59 1 1 1 2 2 1  592    5 
20 1 60 1 2 2 3 3 1 2004    4 
20 1 61 1 0 0 1 1 1  594    4 
20 1 62 0 3 2 4 4 1  782    5 
20 1 63 1 2 2 3 3 1 1705    5 
20 1 64 1 0 0 1 1 1  477    5 
20 1 65 0 3 2 4 4 1  805    5 
20 1 66 1 3 3 4 4 1  447    4 
20 1 67 1 3 3 4 4 1  352    5 
20 1 68 0 1 0 2 2 1 2038    5 
20 1 69 1 3 3 4 4 1  651    5 
20 1 70 1 3 3 4 4 1  348    4 
20 1 71 0 0 3 1 1 1  554    4 
20 1 72 0 0 3 1 1 1  383    4 
20 1 73 0 1 0 2 2 1  571    5 
20 1 74 0 0 3 1 1 1  607    5 
20 1 75 1 0 0 1 1 1  465    4 
20 1 76 0 0 3 1 1 1  378    4 
20 1 77 0 0 3 1 1 1  375    4 
20 1 78 1 2 2 3 3 1  443    5 
20 1 79 1 1 1 2 2 1  621    4 
20 1 80 1 3 3 4 4 1  343    5 
20 1 81 0 3 2 4 4 1  549    5 
20 1 82 1 3 3 4 4 1  386    5 
20 1 83 0 2 1 3 3 1  718    5 
20 1 84 0 2 1 3 3 1  396    4 
20 1 85 0 2 1 3 3 1  400    4 
20 1 86 0 1 0 2 2 1 1059    4 
20 1 87 0 0 3 1 1 1  586    4 
20 1 88 0 0 3 1 1 1  502    4 
20 1 89 0 1 0 2 2 1  621    5 
20 1 90 0 2 1 3 3 1  703    5 
20 1 91 0 3 2 4 4 1  733    5 
20 1 92 1 1 1 2 2 1 2178    5 
20 1 93 1 2 2 3 3 1  745    4 
20 1 94 0 1 0 2 2 1  950    5 
20 1 95 1 1 1 2 2 1  418    5 
20 1 96 1 2 2 3 3 1  861    4 
