7 1 1 0 3 0 4 4 1 2952    4 
7 1 2 0 1 2 2 2 1 1806    5 
7 1 3 1 2 2 3 3 1  869    5 
7 1 4 1 2 2 3 3 1  621    5 
7 1 5 1 3 3 4 4 1  614    4 
7 1 6 0 0 1 1 1 1 1081    4 
7 1 7 0 0 1 1 1 1  575    4 
7 1 8 1 3 3 4 4 1  691    5 
7 1 9 0 3 0 4 4 1  658    4 
7 1 10 0 0 1 1 1 1  826    4 
7 1 11 1 1 1 2 2 1  891    4 
7 1 12 1 2 2 3 3 1  602    4 
7 1 13 0 2 3 3 3 1  789    5 
7 1 14 1 3 3 4 4 1  551    4 
7 1 15 0 2 3 3 3 1  637    5 
7 1 16 1 3 3 4 4 1  646    4 
7 1 17 0 0 1 1 1 1  783    4 
7 1 18 1 0 0 1 1 1  554    5 
7 1 19 1 1 1 2 2 1  991    5 
7 1 20 0 3 0 4 4 1  600    4 
7 1 21 0 0 1 1 3 0  588    4 
7 1 22 1 2 2 3 3 1  652    4 
7 1 23 0 3 0 4 4 1  805    4 
7 1 24 1 3 3 4 4 1  527    5 
7 1 25 1 1 1 2 2 1  901    5 
7 1 26 1 0 0 1 1 1  603    5 
7 1 27 1 2 2 3 3 1  702    5 
7 1 28 1 0 0 1 1 1 1149    5 
7 1 29 0 0 1 1 1 1  560    5 
7 1 30 0 2 3 3 3 1  725    5 
7 1 31 1 2 2 3 3 1  490    4 
7 1 32 0 1 2 2 2 1  762    4 
7 1 33 0 2 3 3 3 1  646    5 
7 1 34 0 1 2 2 2 1  799    4 
7 1 35 1 1 1 2 2 1  665    5 
7 1 36 0 0 1 1 1 1  673    4 
7 1 37 0 2 3 3 3 1  569    5 
7 1 38 0 0 1 1 1 1  949    4 
7 1 39 1 1 1 2 2 1  817    5 
7 1 40 1 3 3 4 4 1  563    4 
7 1 41 1 0 0 1 1 1  871    4 
7 1 42 0 1 2 2 2 1  782    5 
7 1 43 0 1 2 2 2 1  642    4 
7 1 44 0 0 1 1 1 1  627    5 
7 1 45 0 3 0 4 3 0  988    4 
7 1 46 0 1 2 2 2 1  732    5 
7 1 47 0 2 3 3 3 1  769    5 
7 1 48 1 3 3 4 4 1  509    4 
7 1 49 1 3 3 4 4 1  460    5 
7 1 50 1 2 2 3 3 1 1333    4 
7 1 51 1 1 1 2 2 1 1200    5 
7 1 52 1 0 0 1 1 1  642    5 
7 1 53 0 1 2 2 2 1  691    5 
7 1 54 1 0 0 1 1 1  681    4 
7 1 55 0 2 3 3 3 1  721    5 
7 1 56 0 1 2 2 2 1  822    4 
7 1 57 0 2 3 3 3 1  624    4 
7 1 58 0 2 3 3 3 1  737    4 
7 1 59 0 2 3 3 3 1  558    4 
7 1 60 0 1 2 2 2 1  603    4 
7 1 61 0 1 2 2 2 1  645    4 
7 1 62 1 1 1 2 2 1  766    5 
7 1 63 1 1 1 2 2 1  482    4 
7 1 64 1 0 0 1 1 1  698    4 
7 1 65 1 3 3 4 4 1  609    4 
7 1 66 1 2 2 3 3 1  564    5 
7 1 67 0 3 0 4 4 1  616    4 
7 1 68 0 1 2 2 2 1  739    5 
7 1 69 0 1 2 2 2 1  615    5 
7 1 70 1 1 1 2 2 1  554    4 
7 1 71 1 0 0 1 1 1  854    4 
7 1 72 1 3 3 4 4 1  990    5 
7 1 73 0 3 0 4 4 1  560    4 
7 1 74 1 3 3 4 4 1  477    5 
7 1 75 0 0 1 1 1 1  677    4 
7 1 76 0 0 1 1 1 1  540    4 
7 1 77 0 0 1 1 1 1  506    5 
7 1 78 1 0 0 1 1 1  537    5 
7 1 79 0 3 0 4 4 1  734    5 
7 1 80 1 0 0 1 1 1  619    4 
7 1 81 1 1 1 2 2 1  589    4 
7 1 82 1 2 2 3 3 1 1272    4 
7 1 83 0 0 1 1 1 1  638    4 
7 1 84 1 3 3 4 4 1  615    4 
7 1 85 1 3 3 4 4 1  497    5 
7 1 86 1 2 2 3 3 1  769    4 
7 1 87 1 0 0 1 1 1  661    5 
7 1 88 0 2 3 3 3 1  573    5 
7 1 89 1 3 3 4 4 1  561    4 
7 1 90 0 2 3 3 3 1  638    4 
7 1 91 0 1 2 2 2 1  703    5 
7 1 92 1 2 2 3 3 1  629    4 
7 1 93 0 2 3 3 3 1  591    5 
7 1 94 1 1 1 2 2 1  650    4 
7 1 95 1 3 3 4 4 1  611    5 
7 1 96 0 3 0 4 4 1  485    5 
7 1 1 0 1 2 2 2 1 2636    5 
7 1 2 1 3 3 4 4 1  951    4 
7 1 3 0 3 0 4 4 1  539    4 
7 1 4 0 3 0 4 4 1  513    5 
7 1 5 1 3 3 4 4 1  431    4 
7 1 6 0 0 1 1 1 1  714    5 
7 1 7 1 1 1 2 2 1  688    4 
7 1 8 1 0 0 1 1 1  439    4 
7 1 9 0 3 0 4 4 1  744    4 
7 1 10 1 1 1 2 2 1  677    5 
7 1 11 1 0 0 1 1 1  685    4 
7 1 12 1 1 1 2 1 0  532    5 
7 1 13 0 0 1 1 1 1  447    5 
7 1 14 1 3 3 4 4 1  553    4 
7 1 15 0 0 1 1 1 1  790    4 
7 1 16 0 3 0 4 4 1  632    5 
7 1 17 0 2 3 3 3 1  810    4 
7 1 18 0 2 3 3 3 1  564    5 
7 1 19 0 0 1 1 1 1  608    5 
7 1 20 0 2 3 3 3 1  555    5 
7 1 21 1 3 3 4 4 1  511    5 
7 1 22 0 3 0 4 4 1  558    5 
7 1 23 1 2 2 3 3 1  619    5 
7 1 24 1 2 2 3 3 1  469    4 
7 1 25 0 3 0 4 4 1  533    4 
7 1 26 1 3 3 4 4 1  443    4 
7 1 27 1 2 2 3 3 1  565    4 
7 1 28 0 1 2 2 2 1  706    5 
7 1 29 1 3 3 4 4 1  656    4 
7 1 30 1 1 1 2 2 1 1240    4 
7 1 31 1 0 0 1 1 1  735    5 
7 1 32 1 1 1 2 2 1  709    4 
7 1 33 1 0 0 1 1 1  795    5 
7 1 34 1 3 3 4 4 1  533    5 
7 1 35 1 1 1 2 2 1  603    4 
7 1 36 0 3 0 4 4 1  550    5 
7 1 37 0 2 3 3 3 1  715    5 
7 1 38 1 3 3 4 4 1  521    4 
7 1 39 0 0 1 1 1 1  655    5 
7 1 40 0 1 2 2 2 1  752    5 
7 1 41 1 2 2 3 3 1 1164    4 
7 1 42 1 3 3 4 4 1  479    5 
7 1 43 0 1 2 2 2 1  767    5 
7 1 44 1 0 0 1 1 1  611    4 
7 1 45 0 0 1 1 1 1  454    5 
7 1 46 1 2 2 3 3 1 1031    4 
7 1 47 1 2 2 3 3 1  447    5 
7 1 48 0 3 0 4 4 1 1809    5 
7 1 49 0 0 1 1 1 1  544    5 
7 1 50 1 2 2 3 3 1  613    5 
7 1 51 0 0 1 1 1 1  967    4 
7 1 52 1 2 2 3 3 1  587    4 
7 1 53 1 1 1 2 2 1  638    4 
7 1 54 1 1 1 2 2 1  407    4 
7 1 55 0 3 0 4 4 1  602    5 
7 1 56 1 1 1 2 2 1  645    5 
7 1 57 1 1 1 2 2 1  702    5 
7 1 58 1 3 3 4 4 1  573    4 
7 1 59 0 2 3 3 3 1  649    4 
7 1 60 1 2 2 3 3 1  466    4 
7 1 61 0 0 1 1 1 1  563    4 
7 1 62 0 3 0 4 4 1  543    4 
7 1 63 1 0 0 1 1 1  677    4 
7 1 64 1 0 0 1 1 1  452    5 
7 1 65 1 0 0 1 1 1  445    4 
7 1 66 0 2 3 3 3 1  679    4 
7 1 67 0 1 2 2 2 1  622    5 
7 1 68 1 2 2 3 2 0  504    4 
7 1 69 0 1 2 2 2 1  876    4 
7 1 70 1 0 0 1 1 1  595    5 
7 1 71 1 1 1 2 2 1  782    4 
7 1 72 0 2 3 3 3 1  594    4 
7 1 73 0 1 2 2 2 1  629    5 
7 1 74 0 3 0 4 4 1  654    4 
7 1 75 0 2 3 3 3 1  623    4 
7 1 76 1 1 1 2 2 1  665    4 
7 1 77 0 0 1 1 1 1  641    5 
7 1 78 0 0 1 1 1 1  514    4 
7 1 79 0 2 3 3 3 1  689    4 
7 1 80 1 2 2 3 3 1  511    4 
7 1 81 0 3 0 4 4 1  838    5 
7 1 82 0 1 2 2 2 1  703    5 
7 1 83 0 1 2 2 2 1  677    4 
7 1 84 1 0 0 1 1 1  660    5 
7 1 85 0 0 1 1 1 1  557    5 
7 1 86 1 1 1 2 2 1  737    4 
7 1 87 1 2 2 3 3 1  902    5 
7 1 88 0 2 3 3 3 1  516    4 
7 1 89 1 3 3 4 4 1  531    5 
7 1 90 1 2 2 3 3 1  553    5 
7 1 91 1 2 2 3 3 1  446    4 
7 1 92 0 1 2 2 2 1  751    4 
7 1 93 0 1 2 2 2 1  740    5 
7 1 94 0 0 1 1 1 1  689    5 
7 1 95 0 0 1 1 1 1  487    4 
7 1 96 0 3 0 4 4 1  847    5 
