22 1 1 1 0 0 1 0 0 5000    5 
22 1 2 0 0 3 1 1 1 1168    5 
22 1 3 0 3 2 4 1 0  611    4 
22 1 4 0 3 2 4 4 1  626    4 
22 1 5 0 2 1 3 3 1  732    5 
22 1 6 0 2 1 3 3 1 1346    5 
22 1 7 0 1 0 2 2 1 1380    4 
22 1 8 0 1 0 2 2 1  518    5 
22 1 9 1 3 3 4 4 1  701    5 
22 1 10 0 0 3 1 2 0 1628    4 
22 1 11 1 2 2 3 3 1  952    5 
22 1 12 1 3 3 4 4 1  692    5 
22 1 13 0 1 0 2 2 1  842    4 
22 1 14 1 2 2 3 3 1  715    4 
22 1 15 1 3 3 4 4 1  569    4 
22 1 16 1 0 0 1 1 1  909    4 
22 1 17 1 0 0 1 1 1  514    4 
22 1 18 0 0 3 1 1 1  489    4 
22 1 19 1 0 0 1 1 1  425    4 
22 1 20 0 0 3 1 1 1  451    4 
22 1 21 1 2 2 3 3 1  701    5 
22 1 22 1 2 2 3 3 1  403    4 
22 1 23 0 2 1 3 3 1  438    5 
22 1 24 1 3 3 4 4 1  624    4 
22 1 25 0 2 1 3 3 1  610    4 
22 1 26 0 1 0 2 2 1  708    5 
22 1 27 0 3 2 4 4 1  578    4 
22 1 28 1 1 1 2 2 1  998    4 
22 1 29 1 1 1 2 2 1  504    4 
22 1 30 0 0 3 1 1 1  847    4 
22 1 31 1 0 0 1 1 1  775    5 
22 1 32 1 3 3 4 4 1  531    4 
22 1 33 0 0 3 1 1 1  537    4 
22 1 34 0 2 1 3 3 1  766    5 
22 1 35 1 0 0 1 1 1  546    5 
22 1 36 0 1 0 2 3 0  575    4 
22 1 37 0 3 2 4 4 1  656    4 
22 1 38 1 2 2 3 3 1  937    4 
22 1 39 0 0 3 1 1 1  581    4 
22 1 40 1 1 1 2 4 0 1265    4 
22 1 41 1 2 2 3 2 0  941    5 
22 1 42 0 0 3 1 1 1  590    4 
22 1 43 1 0 0 1 3 0  769    5 
22 1 44 0 1 0 2 4 0  746    5 
22 1 45 0 1 0 2 2 1  836    7 
22 1 46 0 3 2 4 3 0 1045    4 
22 1 47 0 3 2 4 4 1  546    4 
22 1 48 0 3 2 4 4 1  504    5 
22 1 49 1 0 0 1 1 1  510    5 
22 1 50 1 2 2 3 3 1  765    5 
22 1 51 1 2 2 3 3 1  457    5 
22 1 52 1 0 0 1 1 1  858    5 
22 1 53 1 0 0 1 1 1  610    4 
22 1 54 0 2 1 3 4 0  780    4 
22 1 55 0 0 3 1 1 1  709    5 
22 1 56 0 1 0 2 2 1 1123    4 
22 1 57 0 3 2 4 4 1  759    4 
22 1 58 1 3 3 4 3 0  531    5 
22 1 59 0 1 0 2 2 1  830    4 
22 1 60 1 0 0 1 1 1  568    4 
22 1 61 1 2 2 3 3 1  676    5 
22 1 62 1 1 1 2 1 0  812    5 
22 1 63 1 1 1 2 2 1  579    5 
22 1 64 1 3 3 4 4 1  687    5 
22 1 65 0 1 0 2 2 1  782    4 
22 1 66 0 2 1 3 3 1  753    5 
22 1 67 0 3 2 4 4 1  765    4 
22 1 68 1 2 2 3 3 1  657    4 
22 1 69 0 1 0 2 2 1  937    4 
22 1 70 0 0 3 1 1 1  541    5 
22 1 71 0 3 2 4 4 1  643    4 
22 1 72 1 2 2 3 3 1  956    4 
22 1 73 1 2 2 3 3 1  447    4 
22 1 74 0 0 3 1 1 1  649    4 
22 1 75 1 1 1 2 2 1  658    4 
22 1 76 1 3 3 4 4 1  602    4 
22 1 77 1 1 1 2 2 1  941    4 
22 1 78 1 2 2 3 1 0  697    4 
22 1 79 0 1 0 2 2 1  813    5 
22 1 80 1 1 1 2 2 1  471    4 
22 1 81 1 1 1 2 2 1  439    5 
22 1 82 0 1 0 2 2 1  617    4 
22 1 83 1 3 3 4 4 1  579    5 
22 1 84 0 1 0 2 2 1  583    5 
22 1 85 1 2 2 3 3 1  803    4 
22 1 86 0 2 1 3 3 1  549    4 
22 1 87 1 3 3 4 4 1  570    4 
22 1 88 0 2 1 3 4 0  550    4 
22 1 89 1 1 1 2 2 1  761    4 
22 1 90 0 0 3 1 1 1  645    5 
22 1 91 1 3 3 4 3 0  654    5 
22 1 92 0 2 1 3 4 0  515    4 
22 1 93 1 0 0 1 1 1  759    5 
22 1 94 1 3 3 4 3 0 1379    4 
22 1 95 0 3 2 4 4 1 1002    4 
22 1 96 0 3 2 4 4 1  508    5 
22 1 1 0 0 3 1 3 0 1704    4 
22 1 2 1 1 1 2 2 1 1233    4 
22 1 3 0 0 3 1 1 1  649    4 
22 1 4 0 2 1 3 3 1  770    4 
22 1 5 0 1 0 2 2 1  806    5 
22 1 6 0 0 3 1 1 1  543    5 
22 1 7 1 3 3 4 4 1  621    4 
22 1 8 0 2 1 3 3 1  774    4 
22 1 9 1 2 2 3 3 1  658    4 
22 1 10 1 0 0 1 1 1  586    4 
22 1 11 0 3 2 4 4 1  597    5 
22 1 12 1 1 1 2 2 1  640    5 
22 1 13 0 0 3 1 1 1  657    4 
22 1 14 1 0 0 1 1 1  466    5 
22 1 15 0 1 0 2 2 1  715    4 
22 1 16 0 0 3 1 1 1  609    4 
22 1 17 0 1 0 2 2 1  603    5 
22 1 18 1 3 3 4 4 1  558    5 
22 1 19 1 1 1 2 2 1  562    4 
22 1 20 0 0 3 1 1 1  559    4 
22 1 21 0 0 3 1 1 1  523    5 
22 1 22 0 2 1 3 4 0  625    4 
22 1 23 1 3 3 4 4 1  472    4 
22 1 24 1 1 1 2 2 1  569    4 
22 1 25 1 3 3 4 4 1  573    5 
22 1 26 1 2 2 3 3 1  521    4 
22 1 27 0 3 2 4 4 1  599    5 
22 1 28 0 1 0 2 2 1  594    5 
22 1 29 1 0 0 1 1 1  565    4 
22 1 30 1 3 3 4 4 1  874    5 
22 1 31 0 2 1 3 3 1  785    5 
22 1 32 0 0 3 1 1 1  628    4 
22 1 33 1 0 0 1 1 1  558    4 
22 1 34 0 0 3 1 1 1  563    4 
22 1 35 0 2 1 3 3 1  807    4 
22 1 36 0 0 3 1 2 0  585    5 
22 1 37 1 1 1 2 2 1  618    4 
22 1 38 0 1 0 2 2 1  541    4 
22 1 39 1 0 0 1 1 1  522    4 
22 1 40 0 3 2 4 4 1  616    4 
22 1 41 0 3 2 4 4 1  594    4 
22 1 42 1 2 2 3 3 1  534   26 
22 1 43 0 3 2 4 4 1  580    4 
22 1 44 0 0 3 1 1 1  543    4 
22 1 45 1 3 3 4 4 1  629    5 
22 1 46 1 2 2 3 3 1  655    4 
22 1 47 1 2 2 3 3 1  543    4 
22 1 48 1 3 3 4 1 0  548    5 
22 1 49 1 1 1 2 2 1  967    4 
22 1 50 0 2 1 3 3 1  858    4 
22 1 51 0 2 1 3 3 1  554    5 
22 1 52 1 2 2 3 3 1  574    5 
22 1 53 0 2 1 3 3 1 1010    5 
22 1 54 1 2 2 3 3 1  587    4 
22 1 55 1 3 3 4 4 1  943    4 
22 1 56 0 1 0 2 2 1  707    4 
22 1 57 0 3 2 4 4 1  665    4 
22 1 58 1 2 2 3 3 1  737    4 
22 1 59 1 1 1 2 2 1  646    5 
22 1 60 0 3 2 4 4 1  623    5 
22 1 61 1 2 2 3 3 1  625    4 
22 1 62 1 3 3 4 4 1  530    5 
22 1 63 0 0 3 1 1 1  544    4 
22 1 64 1 0 0 1 1 1  430    4 
22 1 65 1 1 1 2 2 1  648    5 
22 1 66 1 0 0 1 1 1  457    4 
22 1 67 1 1 1 2 2 1  498    4 
22 1 68 1 1 1 2 2 1  657    5 
22 1 69 0 1 0 2 2 1  546    5 
22 1 70 0 0 3 1 1 1  591    4 
22 1 71 1 1 1 2 2 1  554    4 
22 1 72 0 2 1 3 3 1  639    4 
22 1 73 1 2 2 3 3 1  504    5 
22 1 74 0 3 2 4 4 1  439    4 
22 1 75 1 3 3 4 4 1  408    4 
22 1 76 1 3 3 4 4 1  547    4 
22 1 77 1 1 1 2 2 1  593    4 
22 1 78 0 0 3 1 1 1  612    5 
22 1 79 0 0 3 1 1 1  558    4 
22 1 80 1 3 3 4 4 1  627    4 
22 1 81 1 3 3 4 4 1  452    5 
22 1 82 1 1 1 2 2 1  541    4 
22 1 83 1 3 3 4 4 1  515    5 
22 1 84 0 3 2 4 4 1  593    5 
22 1 85 0 1 0 2 2 1  565    4 
22 1 86 0 2 1 3 3 1  577    5 
22 1 87 1 0 0 1 1 1  517    4 
22 1 88 0 2 1 3 3 1  628    4 
22 1 89 1 1 1 2 2 1  558    5 
22 1 90 0 1 0 2 2 1  530    5 
22 1 91 0 3 2 4 4 1  600    5 
22 1 92 0 2 1 3 3 1  723    5 
22 1 93 1 2 2 3 3 1  513    4 
22 1 94 1 1 1 2 2 1  600    4 
22 1 95 0 0 3 1 1 1  491    4 
22 1 96 0 2 1 3 3 1 1226    4 
