25 1 1 1 3 3 4 4 1 3307    5 
25 1 2 0 0 1 1 1 1 1098    4 
25 1 3 1 2 2 3 3 1 1704    5 
25 1 4 0 2 3 3 3 1  747    4 
25 1 5 0 2 3 3 3 1  536    4 
25 1 6 1 2 2 3 3 1  565    4 
25 1 7 1 0 0 1 1 1 1058    5 
25 1 8 1 1 1 2 2 1  809    4 
25 1 9 0 0 1 1 1 1  851    4 
25 1 10 0 2 3 3 3 1  763    4 
25 1 11 1 1 1 2 2 1 1367    4 
25 1 12 1 3 3 4 4 1  754    5 
25 1 13 1 3 3 4 4 1  518    4 
25 1 14 1 0 0 1 1 1  676    4 
25 1 15 0 2 3 3 3 1 1052    4 
25 1 16 1 2 2 3 3 1  564    4 
25 1 17 1 1 1 2 2 1  712    5 
25 1 18 1 0 0 1 1 1  654    4 
25 1 19 1 3 3 4 4 1  575    5 
25 1 20 1 1 1 2 2 1 1939    5 
25 1 21 1 3 3 4 4 1  652    4 
25 1 22 0 0 1 1 1 1  677    4 
25 1 23 0 3 0 4 4 1  621    4 
25 1 24 0 1 2 2 2 1  751    4 
25 1 25 1 1 1 2 2 1 1355    4 
25 1 26 1 2 2 3 1 0 1174    4 
25 1 27 1 0 0 1 1 1 1461    5 
25 1 28 1 1 1 2 2 1  747    4 
25 1 29 0 1 2 2 2 1  920    4 
25 1 30 1 1 1 2 2 1  549    4 
25 1 31 0 1 2 2 2 1  554    4 
25 1 32 0 0 1 1 1 1  695    5 
25 1 33 1 3 3 4 4 1  598    5 
25 1 34 1 3 3 4 4 1  465    4 
25 1 35 0 2 3 3 3 1 1266    5 
25 1 36 0 3 0 4 4 1  792    5 
25 1 37 0 0 1 1 1 1  939    4 
25 1 38 1 2 2 3 3 1 1199    4 
25 1 39 0 2 3 3 3 1  512    4 
25 1 40 0 1 2 2 2 1  679    4 
25 1 41 1 0 0 1 1 1  743    4 
25 1 42 0 3 0 4 4 1  651    4 
25 1 43 0 1 2 2 2 1  756    4 
25 1 44 1 3 3 4 4 1  720    4 
25 1 45 1 2 2 3 3 1 1646    4 
25 1 46 0 1 2 2 2 1  700    4 
25 1 47 1 0 0 1 1 1  667    4 
25 1 48 0 0 1 1 1 1  627    5 
25 1 49 0 3 0 4 4 1  685    5 
25 1 50 1 0 0 1 1 1  812    5 
25 1 51 0 0 1 1 1 1  486    4 
25 1 52 0 1 2 2 2 1  694    4 
25 1 53 1 3 3 4 4 1  701    5 
25 1 54 1 1 1 2 2 1  707    5 
25 1 55 1 3 3 4 4 1  626    4 
25 1 56 0 3 0 4 4 1  491    4 
25 1 57 1 2 2 3 3 1  827    4 
25 1 58 1 1 1 2 2 1  884    4 
25 1 59 1 0 0 1 1 1  651    4 
25 1 60 0 1 2 2 2 1  780    4 
25 1 61 0 2 3 3 3 1  551    4 
25 1 62 1 2 2 3 3 1  972    4 
25 1 63 0 0 1 1 1 1  703    4 
25 1 64 1 2 2 3 3 1  765    4 
25 1 65 0 2 3 3 3 1  521    4 
25 1 66 1 3 3 4 4 1  647    4 
25 1 67 1 2 2 3 3 1  664    4 
25 1 68 0 1 2 2 2 1  817    5 
25 1 69 0 0 1 1 1 1  666    4 
25 1 70 0 0 1 1 1 1  659    4 
25 1 71 0 0 1 1 1 1  467    4 
25 1 72 0 3 0 4 4 1  596    5 
25 1 73 0 0 1 1 1 1  607    5 
25 1 74 0 1 2 2 2 1 1098    4 
25 1 75 0 3 0 4 4 1  559    4 
25 1 76 1 2 2 3 3 1  684    4 
25 1 77 1 1 1 2 2 1  707    5 
25 1 78 0 2 3 3 3 1  850    5 
25 1 79 1 3 3 4 4 1  602    4 
25 1 80 1 3 3 4 4 1  597    4 
25 1 81 0 2 3 3 3 1  792    4 
25 1 82 0 0 1 1 1 1 1059    5 
25 1 83 0 1 2 2 2 1  922    5 
25 1 84 1 3 3 4 4 1  503    4 
25 1 85 1 2 2 3 3 1  861    4 
25 1 86 0 0 1 1 1 1  701    4 
25 1 87 0 1 2 2 2 1  684    5 
25 1 88 0 3 0 4 4 1  636    4 
25 1 89 1 2 2 3 3 1  709    4 
25 1 90 1 0 0 1 1 1  587    4 
25 1 91 1 0 0 1 1 1  495    5 
25 1 92 0 2 3 3 3 1 1470    5 
25 1 93 0 3 0 4 4 1  628    4 
25 1 94 1 1 1 2 2 1 1302    5 
25 1 95 0 1 2 2 2 1  595    4 
25 1 96 0 3 0 4 4 1 1518    5 
25 1 1 1 2 2 3 3 1 1961    4 
25 1 2 0 3 0 4 4 1 1177    4 
25 1 3 0 1 2 2 2 1  739    4 
25 1 4 0 1 2 2 2 1  632    4 
25 1 5 1 3 3 4 4 1  938    5 
25 1 6 1 1 1 2 2 1 1342    4 
25 1 7 1 3 3 4 4 1  641    5 
25 1 8 0 0 1 1 1 1  754    4 
25 1 9 0 0 1 1 1 1  566    4 
25 1 10 1 0 0 1 1 1  482    4 
25 1 11 0 3 0 4 4 1  674    5 
25 1 12 0 2 3 3 3 1  578    5 
25 1 13 1 3 3 4 4 1  694    5 
25 1 14 1 2 2 3 3 1 1429    5 
25 1 15 1 2 2 3 3 1  516    5 
25 1 16 1 0 0 1 1 1  563    5 
25 1 17 1 0 0 1 1 1  487    4 
25 1 18 1 3 3 4 4 1  895    5 
25 1 19 1 1 1 2 2 1  741    5 
25 1 20 1 1 1 2 2 1  514    4 
25 1 21 1 1 1 2 2 1  392    4 
25 1 22 0 3 0 4 4 1  676    5 
25 1 23 0 3 0 4 4 1  500    5 
25 1 24 1 2 2 3 3 1  739    4 
25 1 25 0 0 1 1 1 1 1936    5 
25 1 26 1 0 0 1 1 1  586    4 
25 1 27 1 1 1 2 2 1 1253    4 
25 1 28 0 0 1 1 1 1 1060    5 
25 1 29 0 0 1 1 1 1  507    4 
25 1 30 0 0 1 1 1 1  514    5 
25 1 31 1 3 3 4 4 1  737    4 
25 1 32 0 2 3 3 3 1 1005    4 
25 1 33 1 1 1 2 2 1  711    5 
25 1 34 0 0 1 1 1 1 1245    5 
25 1 35 0 0 1 1 1 1  516    5 
25 1 36 1 1 1 2 2 1  755    4 
25 1 37 0 0 1 1 1 1  799    5 
25 1 38 0 2 3 3 3 1 1065    4 
25 1 39 0 0 1 1 1 1 1056    4 
25 1 40 0 3 0 4 4 1 2296    4 
25 1 41 1 2 2 3 3 1 2322    4 
25 1 42 0 0 1 1 1 1  691    5 
25 1 43 0 2 3 3 3 1  818    4 
25 1 44 0 3 0 4 4 1  612    4 
25 1 45 0 1 2 2 2 1  806    5 
25 1 46 0 3 0 4 4 1  528    4 
25 1 47 0 3 0 4 4 1  470    4 
25 1 48 0 3 0 4 4 1  470    4 
25 1 49 0 0 1 1 1 1  622    5 
25 1 50 1 3 3 4 4 1  488    5 
25 1 51 0 2 3 3 3 1  655    4 
25 1 52 1 1 1 2 2 1  664    4 
25 1 53 0 1 2 2 2 1  592    5 
25 1 54 0 3 0 4 4 1  603    4 
25 1 55 0 2 3 3 3 1  814    4 
25 1 56 0 1 2 2 2 1  832    4 
25 1 57 1 0 0 1 1 1  769    4 
25 1 58 1 0 0 1 1 1  541    4 
25 1 59 0 1 2 2 2 1  770    4 
25 1 60 0 0 1 1 1 1  797    4 
25 1 61 1 3 3 4 4 1  608    5 
25 1 62 0 0 1 1 1 1  650    5 
25 1 63 0 3 0 4 4 1  715    5 
25 1 64 1 2 2 3 3 1  697    5 
25 1 65 1 1 1 2 2 1  704    4 
25 1 66 1 3 3 4 4 1  646    4 
25 1 67 0 3 0 4 4 1  639    4 
25 1 68 1 0 0 1 1 1 1040    5 
25 1 69 0 1 2 2 2 1  648    5 
25 1 70 0 3 0 4 4 1  641    4 
25 1 71 1 2 2 3 3 1  562    4 
25 1 72 0 2 3 3 3 1  519    4 
25 1 73 1 1 1 2 2 1  589    4 
25 1 74 1 1 1 2 2 1  552    5 
25 1 75 1 2 2 3 3 1  669    4 
25 1 76 1 2 2 3 3 1  533    4 
25 1 77 0 2 3 3 3 1  571    5 
25 1 78 0 3 0 4 4 1  599    4 
25 1 79 1 1 1 2 2 1  674    4 
25 1 80 1 2 2 3 3 1  602    4 
25 1 81 1 1 1 2 3 0  757    4 
25 1 82 1 2 2 3 3 1  566    5 
25 1 83 0 3 0 4 4 1  667    4 
25 1 84 0 2 3 3 3 1 1155    4 
25 1 85 1 1 1 2 2 1  670    4 
25 1 86 1 0 0 1 1 1  725    5 
25 1 87 1 3 3 4 4 1  675    5 
25 1 88 1 0 0 1 1 1 1570    5 
25 1 89 1 1 1 2 2 1  692    5 
25 1 90 1 2 2 3 3 1  683    4 
25 1 91 1 1 1 2 2 1  730    4 
25 1 92 1 1 1 2 2 1  528    5 
25 1 93 0 2 3 3 3 1 1254    5 
25 1 94 0 0 1 1 1 1  781    5 
25 1 95 1 2 2 3 3 1  648    4 
25 1 96 0 2 3 3 3 1  529    5 
