23 1 1 0 1 2 2 2 1 1459    4 
23 1 2 1 1 1 2 2 1  697    4 
23 1 3 0 0 1 1 1 1  576    5 
23 1 4 0 0 1 1 1 1  532    5 
23 1 5 0 1 2 2 2 1  674    4 
23 1 6 0 0 1 1 1 1  601    4 
23 1 7 0 1 2 2 2 1  733    5 
23 1 8 1 3 3 4 4 1  530    4 
23 1 9 1 1 1 2 2 1  608    5 
23 1 10 1 2 2 3 4 0  522    4 
23 1 11 1 0 0 1 1 1  590    4 
23 1 12 1 1 1 2 2 1  577    4 
23 1 13 1 3 3 4 4 1  613    4 
23 1 14 0 0 1 1 1 1  655    4 
23 1 15 1 0 0 1 1 1  544    5 
23 1 16 1 3 3 4 4 1  565    5 
23 1 17 1 1 1 2 2 1  633    4 
23 1 18 1 0 0 1 1 1  635    5 
23 1 19 0 1 2 2 2 1  581    4 
23 1 20 0 0 1 1 1 1  705    5 
23 1 21 1 2 2 3 2 0  567    5 
23 1 22 0 1 2 2 2 1  649    5 
23 1 23 0 3 0 4 4 1  546   43 
23 1 24 0 0 1 1 1 1  511    4 
23 1 25 1 3 3 4 4 1  654    5 
23 1 26 1 0 0 1 1 1  582    4 
23 1 27 0 2 3 3 3 1  458    4 
23 1 28 0 2 3 3 3 1  379    4 
23 1 29 1 1 1 2 2 1  615    5 
23 1 30 0 2 3 3 4 0  506    5 
23 1 31 1 1 1 2 2 1  774    4 
23 1 32 1 0 0 1 1 1  593    4 
23 1 33 0 2 3 3 3 1  564    5 
23 1 34 1 3 3 4 4 1  449    5 
23 1 35 1 1 1 2 2 1  531    4 
23 1 36 0 2 3 3 3 1  481    5 
23 1 37 0 2 3 3 3 1  465    5 
23 1 38 0 2 3 3 3 1  426    4 
23 1 39 0 0 1 1 1 1  396    5 
23 1 40 1 2 2 3 3 1  592    4 
23 1 41 1 1 1 2 1 0  555    5 
23 1 42 1 3 3 4 4 1  573    5 
23 1 43 1 1 1 2 2 1  601    5 
23 1 44 0 2 3 3 3 1  484    4 
23 1 45 0 3 0 4 4 1  772    5 
23 1 46 0 2 3 3 3 1  551    4 
23 1 47 0 3 0 4 4 1  477    4 
23 1 48 0 2 3 3 3 1  629    5 
23 1 49 1 3 3 4 4 1  423    4 
23 1 50 0 0 1 1 1 1  569    5 
23 1 51 1 2 2 3 4 0  685    5 
23 1 52 0 3 0 4 4 1  450    4 
23 1 53 0 3 0 4 4 1  444    5 
23 1 54 1 2 2 3 3 1  421    5 
23 1 55 0 3 0 4 4 1  720    5 
23 1 56 1 1 1 2 2 1  517    5 
23 1 57 0 1 2 2 1 0  676    4 
23 1 58 1 3 3 4 4 1  561    5 
23 1 59 0 2 3 3 3 1  685    4 
23 1 60 1 0 0 1 2 0  701    5 
23 1 61 1 1 1 2 2 1  633    5 
23 1 62 1 0 0 1 1 1  627    5 
23 1 63 0 0 1 1 1 1  501    4 
23 1 64 1 0 0 1 1 1  436    4 
23 1 65 0 3 0 4 4 1  598    5 
23 1 66 1 0 0 1 1 1  593    5 
23 1 67 1 3 3 4 4 1  484    5 
23 1 68 1 3 3 4 4 1  380    5 
23 1 69 0 0 1 1 1 1  561    4 
23 1 70 0 2 3 3 3 1  573    4 
23 1 71 1 3 3 4 4 1  505    4 
23 1 72 0 2 3 3 3 1  640    4 
23 1 73 1 3 3 4 4 1  473    4 
23 1 74 1 2 2 3 3 1  593    4 
23 1 75 1 1 1 2 2 1  596    5 
23 1 76 0 0 1 1 1 1  399    5 
23 1 77 1 1 1 2 2 1  411    5 
23 1 78 0 1 2 2 2 1  598    5 
23 1 79 1 3 3 4 4 1  425    4 
23 1 80 1 3 3 4 4 1  444    4 
23 1 81 0 1 2 2 2 1  669    4 
23 1 82 1 3 3 4 4 1  501    4 
23 1 83 0 0 1 1 1 1  764    5 
23 1 84 1 0 0 1 1 1  416    4 
23 1 85 1 0 0 1 1 1  379    4 
23 1 86 0 1 2 2 2 1  680    5 
23 1 87 0 1 2 2 2 1  488    4 
23 1 88 0 3 0 4 4 1  591    4 
23 1 89 0 1 2 2 2 1  682    5 
23 1 90 0 3 0 4 4 1  546    5 
23 1 91 0 2 3 3 3 1  551    5 
23 1 92 0 2 3 3 3 1  420    4 
23 1 93 1 2 2 3 3 1  375    4 
23 1 94 1 2 2 3 3 1  347    5 
23 1 95 0 2 3 3 3 1  473    4 
23 1 96 1 0 0 1 1 1  473    4 
23 1 1 0 1 2 2 2 1  964    5 
23 1 2 0 0 1 1 1 1  936    5 
23 1 3 0 2 3 3 3 1  541    5 
23 1 4 1 3 3 4 4 1  498    5 
23 1 5 1 0 0 1 1 1  561    5 
23 1 6 1 2 2 3 4 0  614    4 
23 1 7 1 0 0 1 1 1  542    4 
23 1 8 1 3 3 4 4 1  595    4 
23 1 9 1 1 1 2 2 1  534    4 
23 1 10 0 2 3 3 3 1  612    4 
23 1 11 0 1 2 2 4 0  823    5 
23 1 12 0 0 1 1 1 1  573    4 
23 1 13 1 2 2 3 3 1  537    4 
23 1 14 1 3 3 4 4 1  638    4 
23 1 15 1 2 2 3 3 1  711    4 
23 1 16 1 2 2 3 3 1  421    4 
23 1 17 1 3 3 4 4 1  888    4 
23 1 18 1 1 1 2 2 1  534    4 
23 1 19 0 0 1 1 1 1  428    4 
23 1 20 0 2 3 3 3 1  710    5 
23 1 21 0 3 0 4 4 1  748    5 
23 1 22 0 0 1 1 1 1  737    4 
23 1 23 1 3 3 4 3 0  862    4 
23 1 24 1 3 3 4 4 1 1131    5 
23 1 25 0 3 0 4 4 1  399    5 
23 1 26 1 1 1 2 3 0  587    5 
23 1 27 1 1 1 2 2 1  587    4 
23 1 28 1 1 1 2 2 1  414    5 
23 1 29 0 0 1 1 1 1  569    5 
23 1 30 1 1 1 2 2 1  621    5 
23 1 31 0 2 3 3 3 1  479    5 
23 1 32 1 0 0 1 1 1  543    4 
23 1 33 0 3 0 4 4 1  477    5 
23 1 34 0 1 2 2 2 1  797    4 
23 1 35 0 0 1 1 3 0  751    4 
23 1 36 1 3 3 4 4 1  569    5 
23 1 37 1 0 0 1 1 1  493    5 
23 1 38 0 3 0 4 4 1  533    5 
23 1 39 0 1 2 2 2 1  555    4 
23 1 40 0 0 1 1 1 1  543    4 
23 1 41 0 0 1 1 1 1  493    5 
23 1 42 1 1 1 2 2 1  516    4 
23 1 43 1 2 2 3 3 1  395    4 
23 1 44 1 1 1 2 2 1  535    4 
23 1 45 1 0 0 1 1 1  421    4 
23 1 46 0 1 2 2 2 1  815    4 
23 1 47 1 1 1 2 2 1  585    4 
23 1 48 0 0 1 1 1 1  821    5 
23 1 49 1 0 0 1 2 0  510    4 
23 1 50 0 3 0 4 4 1  546    5 
23 1 51 1 2 2 3 3 1  407    4 
23 1 52 0 2 3 3 3 1  458    5 
23 1 53 1 3 3 4 4 1  659    4 
23 1 54 0 0 1 1 1 1  619    5 
23 1 55 1 2 2 3 1 0  645    4 
23 1 56 1 1 1 2 2 1  555    4 
23 1 57 0 1 2 2 2 1  512    4 
23 1 58 1 0 0 1 1 1  583    5 
23 1 59 1 2 2 3 3 1  842    4 
23 1 60 1 0 0 1 1 1  507    4 
23 1 61 1 3 3 4 4 1  674    5 
23 1 62 1 3 3 4 4 1  401    4 
23 1 63 1 2 2 3 3 1  685    5 
23 1 64 0 2 3 3 3 1  501    4 
23 1 65 0 1 2 2 2 1  700    4 
23 1 66 0 1 2 2 2 1  435    4 
23 1 67 1 3 3 4 4 1  477    4 
23 1 68 0 1 2 2 4 0  477    4 
23 1 69 1 1 1 2 2 1  547    5 
23 1 70 0 0 1 1 1 1  872    4 
23 1 71 0 0 1 1 1 1  423    5 
23 1 72 1 1 1 2 2 1  529    5 
23 1 73 0 2 3 3 3 1  520    5 
23 1 74 0 1 2 2 2 1  894    5 
23 1 75 0 0 1 1 3 0  548    5 
23 1 76 0 3 0 4 4 1  606    4 
23 1 77 0 2 3 3 3 1  569    5 
23 1 78 0 3 0 4 4 1  797    5 
23 1 79 1 3 3 4 4 1  376    4 
23 1 80 1 2 2 3 3 1  628    5 
23 1 81 0 3 0 4 4 1  518    4 
23 1 82 0 0 1 1 1 1  693    4 
23 1 83 1 0 0 1 1 1  412    4 
23 1 84 0 1 2 2 4 0  519    4 
23 1 85 1 3 3 4 4 1  658    4 
23 1 86 0 2 3 3 3 1  626    5 
23 1 87 0 3 0 4 4 1  660    4 
23 1 88 0 2 3 3 3 1  660    4 
23 1 89 1 3 3 4 3 0  589    4 
23 1 90 1 2 2 3 3 1  621    4 
23 1 91 0 0 1 1 1 1  543    4 
23 1 92 1 1 1 2 4 0  540    5 
23 1 93 1 2 2 3 3 1  575    5 
23 1 94 0 3 0 4 4 1  675    4 
23 1 95 0 2 3 3 3 1  594    4 
23 1 96 0 2 3 3 3 1  485    5 
