3 1 1 0 2 0 3 3 1  938    4 
3 1 2 0 3 1 4 4 1  638    4 
3 1 3 0 1 3 2 2 1  823    4 
3 1 4 1 3 3 4 4 1  712    4 
3 1 5 0 1 3 2 2 1  654    4 
3 1 6 0 1 3 2 2 1  486    4 
3 1 7 1 0 0 1 1 1  606    4 
3 1 8 0 3 1 4 4 1  712    5 
3 1 9 1 1 1 2 2 1  759    4 
3 1 10 1 0 0 1 1 1  747    4 
3 1 11 0 2 0 3 3 1 1015    5 
3 1 12 0 1 3 2 2 1  712    4 
3 1 13 0 0 2 1 1 1  695    4 
3 1 14 0 1 3 2 2 1  645    4 
3 1 15 1 0 0 1 1 1  590    4 
3 1 16 0 3 1 4 4 1  698    4 
3 1 17 1 2 2 3 3 1  849    4 
3 1 18 0 2 0 3 3 1  593    4 
3 1 19 0 2 0 3 3 1  500    4 
3 1 20 0 0 2 1 1 1 1180    4 
3 1 21 0 1 3 2 2 1  750    4 
3 1 22 0 2 0 3 3 1  858    4 
3 1 23 1 1 1 2 2 1  978    4 
3 1 24 1 2 2 3 3 1  789    5 
3 1 25 1 1 1 2 3 0  567    4 
3 1 26 1 1 1 2 2 1  649    5 
3 1 27 0 2 0 3 3 1 1002    4 
3 1 28 1 1 1 2 2 1  732    4 
3 1 29 1 2 2 3 3 1  922    4 
3 1 30 1 2 2 3 3 1  582    5 
3 1 31 1 3 3 4 4 1  602    5 
3 1 32 1 0 0 1 1 1  581    4 
3 1 33 0 0 2 1 1 1  817    4 
3 1 34 0 3 1 4 4 1  899    5 
3 1 35 0 3 1 4 4 1  625    5 
3 1 36 1 2 2 3 3 1  603    5 
3 1 37 1 3 3 4 4 1  518    4 
3 1 38 1 0 0 1 1 1  620    4 
3 1 39 1 3 3 4 4 1  606    4 
3 1 40 1 1 1 2 2 1  768    5 
3 1 41 0 3 1 4 4 1  564    4 
3 1 42 0 1 3 2 2 1  769    5 
3 1 43 0 1 3 2 2 1  517    5 
3 1 44 1 0 0 1 1 1  668    5 
3 1 45 0 0 2 1 1 1  700    5 
3 1 46 1 1 1 2 2 1  875    5 
3 1 47 0 3 1 4 4 1  610    4 
3 1 48 0 0 2 1 1 1  820    4 
3 1 49 1 1 1 2 2 1  702    5 
3 1 50 0 0 2 1 1 1 1044    4 
3 1 51 0 0 2 1 1 1  524    4 
3 1 52 1 2 2 3 3 1  794    4 
3 1 53 0 1 3 2 2 1  701    4 
3 1 54 0 0 2 1 1 1  668    4 
3 1 55 0 0 2 1 1 1  436    4 
3 1 56 1 2 2 3 2 0  446    4 
3 1 57 0 1 3 2 2 1  716    4 
3 1 58 1 3 3 4 4 1  587    4 
3 1 59 1 3 3 4 4 1  742    4 
3 1 60 1 2 2 3 2 0  618    4 
3 1 61 1 3 3 4 2 0  794    5 
3 1 62 0 2 0 3 3 1  898    5 
3 1 63 0 1 3 2 2 1  680    4 
3 1 64 1 0 0 1 1 1  664    4 
3 1 65 0 1 3 2 2 1  992    4 
3 1 66 1 0 0 1 1 1  754    4 
3 1 67 0 3 1 4 4 1  558    5 
3 1 68 1 0 0 1 3 0  883    4 
3 1 69 1 2 2 3 3 1  807    4 
3 1 70 1 0 0 1 1 1  905    4 
3 1 71 1 3 3 4 4 1  542    4 
3 1 72 0 0 2 1 1 1  652    4 
3 1 73 0 2 0 3 3 1  741    4 
3 1 74 1 3 3 4 4 1  585    4 
3 1 75 1 2 2 3 3 1  653    5 
3 1 76 0 3 1 4 4 1  629    4 
3 1 77 1 1 1 2 2 1  847    4 
3 1 78 1 3 3 4 4 1  664    5 
3 1 79 1 2 2 3 3 1  976    5 
3 1 80 1 3 3 4 4 1  523    4 
3 1 81 0 0 2 1 1 1  625    5 
3 1 82 0 3 1 4 4 1  650    4 
3 1 83 0 0 2 1 1 1 1579    4 
3 1 84 1 2 2 3 3 1 1244    4 
3 1 85 1 2 2 3 3 1  515    4 
3 1 86 1 1 1 2 2 1  610    5 
3 1 87 0 1 3 2 2 1  405    5 
3 1 88 1 2 2 3 3 1  736    5 
3 1 89 1 1 1 2 2 1  733    5 
3 1 90 1 2 2 3 3 1  658    4 
3 1 91 0 3 1 4 4 1  835    5 
3 1 92 0 3 1 4 3 0  956    4 
3 1 93 1 2 2 3 4 0  605    4 
3 1 94 0 3 1 4 4 1  396    5 
3 1 95 0 0 2 1 1 1  824    4 
3 1 96 0 0 2 1 1 1  801    4 
3 1 1 0 1 0 2 2 1 1194    4 
3 1 2 1 1 1 2 2 1  835    4 
3 1 3 1 1 1 2 2 1  452    5 
3 1 4 0 3 2 4 4 1  685    5 
3 1 5 1 1 1 2 2 1  581    4 
3 1 6 1 1 1 2 2 1  448    5 
3 1 7 1 3 3 4 4 1  650    5 
3 1 8 0 0 3 1 1 1  627    4 
3 1 9 1 0 0 1 1 1  493    4 
3 1 10 0 0 3 1 1 1  492    4 
3 1 11 0 3 2 4 4 1  676    5 
3 1 12 0 3 2 4 4 1  587    5 
3 1 13 0 2 1 3 3 1  735    5 
3 1 14 1 1 1 2 2 1  676    5 
3 1 15 0 0 3 1 1 1  628    5 
3 1 16 1 1 1 2 2 1  693    5 
3 1 17 0 1 0 2 2 1  476    4 
3 1 18 1 0 0 1 1 1 1052    4 
3 1 19 0 3 2 4 4 1  612    4 
3 1 20 1 3 3 4 4 1  503    5 
3 1 21 0 1 0 2 2 1  629    4 
3 1 22 0 3 2 4 4 1  559    4 
3 1 23 1 0 0 1 1 1  668    5 
3 1 24 1 0 0 1 1 1  500    5 
3 1 25 1 2 2 3 3 1  547    5 
3 1 26 0 3 2 4 4 1  697    4 
3 1 27 0 2 1 3 3 1  648    5 
3 1 28 0 3 2 4 4 1  641    4 
3 1 29 0 2 1 3 3 1  706    5 
3 1 30 1 0 0 1 1 1  672    4 
3 1 31 1 2 2 3 3 1  503    4 
3 1 32 1 0 0 1 1 1  582    4 
3 1 33 0 2 1 3 3 1  578    4 
3 1 34 0 1 0 2 2 1  622    5 
3 1 35 1 0 0 1 1 1  560    4 
3 1 36 0 0 3 1 1 1  700    4 
3 1 37 0 2 1 3 3 1  539    5 
3 1 38 1 3 3 4 4 1  456    4 
3 1 39 1 1 1 2 2 1  569    4 
3 1 40 0 2 1 3 3 1  541    5 
3 1 41 0 2 1 3 3 1  874    4 
3 1 42 1 2 2 3 3 1  649    4 
3 1 43 1 0 0 1 1 1  578    4 
3 1 44 0 2 1 3 3 1  694    4 
3 1 45 1 2 2 3 3 1  461    4 
3 1 46 1 3 3 4 4 1  526    4 
3 1 47 1 1 1 2 2 1  996    5 
3 1 48 0 0 3 1 1 1  582    4 
3 1 49 1 2 2 3 3 1  578    5 
3 1 50 1 1 1 2 2 1  702    5 
3 1 51 1 0 0 1 1 1  637    4 
3 1 52 0 3 2 4 4 1  854    4 
3 1 53 1 0 0 1 1 1  557    4 
3 1 54 1 0 0 1 1 1  634    4 
3 1 55 1 0 0 1 1 1  484    4 
3 1 56 0 1 0 2 2 1  812    4 
3 1 57 1 3 3 4 4 1  590    4 
3 1 58 0 3 2 4 4 1  577    5 
3 1 59 0 3 2 4 4 1  413    5 
3 1 60 1 2 2 3 3 1  512    4 
3 1 61 1 2 2 3 3 1  655    4 
3 1 62 0 1 0 2 2 1  727    5 
3 1 63 1 0 0 1 1 1  476    4 
3 1 64 0 1 0 2 2 1  916    4 
3 1 65 0 1 0 2 2 1  514    5 
3 1 66 1 0 0 1 1 1  649    4 
3 1 67 1 2 2 3 4 0  562    5 
3 1 68 0 3 2 4 4 1  620    4 
3 1 69 0 0 3 1 1 1 1021    4 
3 1 70 0 2 1 3 3 1 1030    5 
3 1 71 0 1 0 2 2 1  702    5 
3 1 72 0 3 2 4 4 1  573    4 
3 1 73 0 2 1 3 3 1  545    4 
3 1 74 0 3 2 4 4 1  558    5 
3 1 75 0 3 2 4 4 1  451    4 
3 1 76 1 2 2 3 3 1  421    4 
3 1 77 1 2 2 3 3 1  543    4 
3 1 78 0 2 1 3 3 1  396    5 
3 1 79 0 1 0 2 2 1  760    4 
3 1 80 0 0 3 1 1 1  660    4 
3 1 81 1 0 0 1 1 1  476    4 
3 1 82 1 1 1 2 2 1 1165    5 
3 1 83 1 3 3 4 4 1 1007    4 
3 1 84 1 0 0 1 1 1 1089    4 
3 1 85 0 0 3 1 1 1  566    4 
3 1 86 0 2 1 3 3 1  427    4 
3 1 87 0 3 2 4 4 1  701    4 
3 1 88 0 3 2 4 4 1  652    5 
3 1 89 1 1 1 2 2 1  981    4 
3 1 90 1 1 1 2 2 1  592    4 
3 1 91 0 3 2 4 4 1  739    5 
3 1 92 1 1 1 2 2 1  752    5 
3 1 93 1 2 2 3 4 0  548    4 
3 1 94 1 1 1 2 2 1  799    5 
3 1 95 0 3 2 4 4 1  945    5 
3 1 96 1 2 2 3 3 1 1230    5 
