2 1 1 1 2 2 3 3 1 1667    5 
2 1 2 0 1 2 2 2 1  640    4 
2 1 3 0 1 2 2 2 1  537    5 
2 1 4 1 3 3 4 4 1  598    4 
2 1 5 1 2 2 3 3 1  529    4 
2 1 6 0 3 0 4 4 1  496    4 
2 1 7 1 3 3 4 4 1  415    4 
2 1 8 0 1 2 2 2 1  562    5 
2 1 9 0 1 2 2 2 1  399    4 
2 1 10 0 3 0 4 4 1  554    5 
2 1 11 1 0 0 1 4 0  431    4 
2 1 12 1 2 2 3 3 1  463    4 
2 1 13 0 0 1 1 1 1  375    4 
2 1 14 1 0 0 1 1 1  412    5 
2 1 15 0 0 1 1 1 1  415    4 
2 1 16 1 2 2 3 3 1  626    5 
2 1 17 1 2 2 3 3 1  380    4 
2 1 18 0 1 2 2 2 1  576    4 
2 1 19 0 1 2 2 2 1  452    4 
2 1 20 1 1 1 2 2 1  541    4 
2 1 21 1 0 0 1 3 0  514    5 
2 1 22 0 0 1 1 1 1  398    4 
2 1 23 1 2 2 3 3 1  650    4 
2 1 24 1 2 2 3 3 1  787    4 
2 1 25 0 3 0 4 4 1  558    4 
2 1 26 1 2 2 3 3 1  474    5 
2 1 27 1 0 0 1 1 1  698    5 
2 1 28 0 0 1 1 1 1  417    5 
2 1 29 0 3 0 4 4 1 1084    4 
2 1 30 1 0 0 1 1 1 1307    5 
2 1 31 1 3 3 4 4 1  495    4 
2 1 32 1 2 2 3 3 1  471    5 
2 1 33 0 1 2 2 2 1  655    4 
2 1 34 1 2 2 3 3 1 1191    4 
2 1 35 1 0 0 1 1 1  592    4 
2 1 36 0 1 2 2 2 1  612    4 
2 1 37 1 1 1 2 2 1  454    5 
2 1 38 0 2 3 3 3 1  671    4 
2 1 39 1 0 0 1 1 1  639    4 
2 1 40 0 1 2 2 2 1  576    4 
2 1 41 1 3 3 4 4 1  443    4 
2 1 42 1 0 0 1 1 1  573    5 
2 1 43 1 2 2 3 3 1  409    4 
2 1 44 1 0 0 1 1 1  636    4 
2 1 45 0 3 0 4 4 1  493    4 
2 1 46 1 3 3 4 4 1  436    5 
2 1 47 1 0 0 1 1 1  518    4 
2 1 48 0 3 0 4 4 1  501    4 
2 1 49 1 1 1 2 2 1  524    4 
2 1 50 1 3 3 4 4 1  506    4 
2 1 51 1 2 2 3 3 1  433    4 
2 1 52 1 3 3 4 4 1  403    5 
2 1 53 0 2 3 3 3 1  438    4 
2 1 54 1 3 3 4 4 1  352    4 
2 1 55 1 0 0 1 1 1  485    5 
2 1 56 0 1 2 2 2 1  541    5 
2 1 57 1 1 1 2 2 1  442    4 
2 1 58 1 3 3 4 3 0  444    4 
2 1 59 0 1 2 2 2 1  563    5 
2 1 60 1 3 3 4 4 1  551    4 
2 1 61 0 1 2 2 2 1  788    5 
2 1 62 1 3 3 4 4 1  519    5 
2 1 63 0 1 2 2 4 0  445    4 
2 1 64 0 3 0 4 4 1  532    4 
2 1 65 0 2 3 3 3 1  690    5 
2 1 66 0 3 0 4 4 1  505    4 
2 1 67 0 2 3 3 3 1  592    5 
2 1 68 0 2 3 3 3 1  499    5 
2 1 69 1 1 1 2 2 1  498    4 
2 1 70 1 0 0 1 1 1  642    5 
2 1 71 0 2 3 3 3 1  787    5 
2 1 72 1 0 0 1 1 1  829    4 
2 1 73 1 0 0 1 1 1  590    5 
2 1 74 0 3 0 4 4 1  626    5 
2 1 75 1 0 0 1 1 1  451    4 
2 1 76 1 2 2 3 3 1  493    5 
2 1 77 1 2 2 3 3 1  476    5 
2 1 78 0 2 3 3 3 1  421    4 
2 1 79 0 2 3 3 3 1  455    5 
2 1 80 0 0 1 1 1 1  712    5 
2 1 81 0 3 0 4 4 1  598    4 
2 1 82 0 3 0 4 4 1  513    4 
2 1 83 0 1 2 2 2 1 1328    5 
2 1 84 0 1 2 2 2 1  523    4 
2 1 85 0 1 2 2 3 0  377    5 
2 1 86 0 1 2 2 2 1  595    4 
2 1 87 1 1 1 2 2 1  630    5 
2 1 88 1 2 2 3 3 1  552    4 
2 1 89 0 3 0 4 4 1  557    4 
2 1 90 0 0 1 1 1 1  634    5 
2 1 91 1 0 0 1 1 1  612    4 
2 1 92 0 2 3 3 3 1  798    5 
2 1 93 0 0 1 1 1 1 1081    4 
2 1 94 0 1 2 2 1 0  559    4 
2 1 95 0 3 0 4 4 1  585    5 
2 1 96 0 0 1 1 1 1  629    5 
2 1 1 0 0 3 1 1 1 2418    5 
2 1 2 0 2 1 3 3 1  631    5 
2 1 3 0 1 0 2 3 0  465    5 
2 1 4 1 0 0 1 1 1  855    5 
2 1 5 0 1 0 2 2 1  615    5 
2 1 6 0 1 0 2 2 1  489    5 
2 1 7 1 0 0 1 1 1  545    4 
2 1 8 0 2 1 3 3 1  558    5 
2 1 9 1 0 0 1 1 1  538    4 
2 1 10 1 3 3 4 4 1  512    4 
2 1 11 1 2 2 3 3 1  471   61 
2 1 12 1 3 3 4 4 1  599    4 
2 1 13 0 3 2 4 4 1  466    4 
2 1 14 1 2 2 3 3 1  387    5 
2 1 15 0 2 1 3 3 1  479    5 
2 1 16 1 3 3 4 4 1  367    5 
2 1 17 0 3 2 4 4 1  540    4 
2 1 18 1 0 0 1 1 1  545    5 
2 1 19 1 1 1 2 2 1  503    4 
2 1 20 1 3 3 4 3 0  429    4 
2 1 21 1 2 2 3 3 1  437    4 
2 1 22 0 1 0 2 1 0  470    4 
2 1 23 0 1 0 2 2 1  524    4 
2 1 24 1 0 0 1 1 1  562    4 
2 1 25 0 1 0 2 2 1  495    5 
2 1 26 1 1 1 2 2 1  518    4 
2 1 27 0 0 3 1 1 1  541    5 
2 1 28 0 2 1 3 3 1  554    5 
2 1 29 1 1 1 2 2 1  607    4 
2 1 30 0 2 1 3 3 1  753    4 
2 1 31 1 2 2 3 3 1  461    5 
2 1 32 1 1 1 2 3 0  430    5 
2 1 33 0 3 2 4 4 1  590    4 
2 1 34 0 2 1 3 3 1  625    4 
2 1 35 1 0 0 1 1 1  611    5 
2 1 36 1 1 1 2 2 1  573    5 
2 1 37 0 0 3 1 1 1  609    5 
2 1 38 0 2 1 3 3 1 1083    5 
2 1 39 0 0 3 1 1 1  602    4 
2 1 40 0 3 2 4 2 0  581    5 
2 1 41 0 0 3 1 1 1  590    4 
2 1 42 0 0 3 1 1 1  513    4 
2 1 43 0 1 0 2 2 1  560    4 
2 1 44 1 1 1 2 2 1  468    4 
2 1 45 1 0 0 1 1 1  557    4 
2 1 46 1 0 0 1 1 1  482    4 
2 1 47 0 2 1 3 3 1  586    4 
2 1 48 0 1 0 2 2 1  573    5 
2 1 49 1 2 2 3 3 1  553    4 
2 1 50 1 3 3 4 4 1  478    4 
2 1 51 1 1 1 2 2 1  534    5 
2 1 52 1 2 2 3 3 1  492    4 
2 1 53 1 0 0 1 1 1  483    5 
2 1 54 0 1 0 2 2 1  460    5 
2 1 55 0 2 1 3 3 1  573    5 
2 1 56 1 0 0 1 1 1  488    4 
2 1 57 1 1 1 2 2 1  520    4 
2 1 58 1 0 0 1 1 1  438    4 
2 1 59 1 0 0 1 1 1  440    4 
2 1 60 0 0 3 1 1 1  545    5 
2 1 61 0 3 2 4 4 1  582    5 
2 1 62 0 2 1 3 3 1  474    5 
2 1 63 1 3 3 4 4 1  403    4 
2 1 64 1 1 1 2 2 1  662    5 
2 1 65 0 3 2 4 4 1  454    4 
2 1 66 1 3 3 4 4 1  479    4 
2 1 67 1 2 2 3 3 1  455    4 
2 1 68 1 2 2 3 3 1  416    4 
2 1 69 1 3 3 4 4 1  531    4 
2 1 70 1 3 3 4 4 1  425    4 
2 1 71 0 2 1 3 3 1  611    4 
2 1 72 0 1 0 2 2 1  566    5 
2 1 73 0 1 0 2 2 1  474    5 
2 1 74 0 2 1 3 3 1  539    5 
2 1 75 1 2 2 3 4 0  480    4 
2 1 76 0 3 2 4 4 1  517    5 
2 1 77 0 2 1 3 3 1  532    5 
2 1 78 1 1 1 2 2 1  562    4 
2 1 79 0 0 3 1 3 0  535    4 
2 1 80 0 3 2 4 4 1  578    4 
2 1 81 1 3 3 4 4 1  510    4 
2 1 82 0 3 2 4 4 1  613    4 
2 1 83 0 0 3 1 1 1  527    4 
2 1 84 0 0 3 1 1 1  541    4 
2 1 85 1 1 1 2 4 0  498    4 
2 1 86 0 3 2 4 4 1  511    4 
2 1 87 1 3 3 4 4 1  462    4 
2 1 88 1 1 1 2 4 0  479    4 
2 1 89 0 2 1 3 3 1  708    5 
2 1 90 1 3 3 4 4 1  482    4 
2 1 91 1 0 0 1 1 1  658    5 
2 1 92 0 1 0 2 2 1  539    5 
2 1 93 1 2 2 3 3 1  616    4 
2 1 94 1 0 0 1 1 1  643    5 
2 1 95 0 3 2 4 4 1  604    5 
2 1 96 0 3 2 4 4 1  566    4 
