11 1 1 0 1 3 2 2 1 1397    5 
11 1 2 1 1 1 2 2 1  782    5 
11 1 3 1 0 0 1 1 1 1089    4 
11 1 4 0 1 3 2 2 1  823    4 
11 1 5 0 0 2 1 1 1  656    4 
11 1 6 0 2 0 3 3 1  760    4 
11 1 7 1 1 1 2 2 1  876    4 
11 1 8 1 0 0 1 1 1  603    4 
11 1 9 1 2 2 3 3 1  806    4 
11 1 10 0 2 0 3 3 1  608    4 
11 1 11 1 1 1 2 2 1 1018    4 
11 1 12 1 3 3 4 4 1 1603    5 
11 1 13 1 0 0 1 1 1  427    4 
11 1 14 1 2 2 3 3 1 1038    5 
11 1 15 1 0 0 1 1 1  486    4 
11 1 16 1 2 2 3 3 1 1581    4 
11 1 17 1 2 2 3 3 1  438    4 
11 1 18 0 0 2 1 1 1  888    4 
11 1 19 1 3 3 4 4 1  774    5 
11 1 20 0 2 0 3 3 1  905    5 
11 1 21 0 1 3 2 2 1 1159    4 
11 1 22 0 0 2 1 1 1  633    4 
11 1 23 0 1 3 2 2 1 1123    4 
11 1 24 1 1 1 2 2 1  527    5 
11 1 25 1 0 0 1 1 1  597    4 
11 1 26 1 2 2 3 3 1  721    4 
11 1 27 0 2 0 3 3 1  510    5 
11 1 28 1 1 1 2 2 1 2197    4 
11 1 29 1 2 2 3 3 1  723    5 
11 1 30 0 0 2 1 1 1  729    4 
11 1 31 1 3 3 4 4 1  974    4 
11 1 32 1 0 0 1 1 1  929    5 
11 1 33 0 3 1 4 4 1 1573    4 
11 1 34 0 2 0 3 3 1 1062    5 
11 1 35 0 1 3 2 1 0 1093    5 
11 1 36 0 3 1 4 4 1 1000    5 
11 1 37 1 3 3 4 4 1  562    4 
11 1 38 0 3 1 4 4 1  487    4 
11 1 39 0 3 1 4 4 1  454    4 
11 1 40 1 2 2 3 3 1  695    4 
11 1 41 1 2 2 3 3 1  614    5 
11 1 42 0 1 3 2 2 1  817    5 
11 1 43 0 3 1 4 4 1  658    4 
11 1 44 1 3 3 4 4 1  419    4 
11 1 45 0 2 0 3 3 1  829    4 
11 1 46 0 2 0 3 3 1  622    5 
11 1 47 1 2 2 3 3 1  464    4 
11 1 48 0 3 1 4 4 1  625    4 
11 1 49 0 3 1 4 4 1  506    4 
11 1 50 0 3 1 4 4 1  425    4 
11 1 51 0 2 0 3 3 1  924    4 
11 1 52 0 1 3 2 2 1 1480    4 
11 1 53 0 0 2 1 1 1  574    5 
11 1 54 0 3 1 4 4 1  553    4 
11 1 55 1 0 0 1 1 1 1398    4 
11 1 56 0 1 3 2 2 1 1367    4 
11 1 57 1 2 2 3 3 1  689    4 
11 1 58 0 0 2 1 1 1  592    4 
11 1 59 1 2 2 3 3 1  723    5 
11 1 60 0 3 1 4 4 1 1776    5 
11 1 61 1 3 3 4 4 1  481    4 
11 1 62 1 3 3 4 4 1  433    4 
11 1 63 0 3 1 4 4 1  387    4 
11 1 64 0 0 2 1 1 1  695    4 
11 1 65 0 1 3 2 4 0  742    5 
11 1 66 1 1 1 2 2 1  520    4 
11 1 67 1 2 2 3 3 1  686    4 
11 1 68 0 1 3 2 2 1 1285    4 
11 1 69 0 2 0 3 3 1  651    4 
11 1 70 0 2 0 3 3 1  500    4 
11 1 71 0 3 1 4 4 1  612    4 
11 1 72 1 0 0 1 1 1  606    4 
11 1 73 0 2 0 3 3 1  577    4 
11 1 74 1 3 3 4 4 1  796    5 
11 1 75 1 0 0 1 1 1  559    4 
11 1 76 1 0 0 1 1 1  484    5 
11 1 77 1 1 1 2 3 0 1116    4 
11 1 78 1 0 0 1 1 1  606    4 
11 1 79 0 1 3 2 2 1  808    4 
11 1 80 1 3 3 4 4 1  826    4 
11 1 81 1 0 0 1 1 1  587    5 
11 1 82 0 0 2 1 1 1  783    4 
11 1 83 0 1 3 2 2 1 1426    4 
11 1 84 1 2 2 3 3 1  713    5 
11 1 85 1 3 3 4 4 1  551    5 
11 1 86 0 1 3 2 3 0  685    4 
11 1 87 0 0 2 1 1 1 1561    4 
11 1 88 0 0 2 1 1 1  611    4 
11 1 89 0 1 3 2 2 1  821    4 
11 1 90 1 0 0 1 1 1  607    4 
11 1 91 1 1 1 2 2 1 1281    4 
11 1 92 1 3 3 4 4 1  679    4 
11 1 93 1 1 1 2 2 1  966    4 
11 1 94 0 1 3 2 2 1  946    4 
11 1 95 1 0 0 1 1 1  726    5 
11 1 96 1 3 3 4 4 1 1563    4 
11 1 1 0 0 2 1 1 1 1003    4 
11 1 2 0 2 0 3 3 1  741    4 
11 1 3 0 1 3 2 2 1 1090    4 
11 1 4 1 3 3 4 4 1  888    5 
11 1 5 1 1 1 2 2 1  862    5 
11 1 6 1 1 1 2 2 1  566    5 
11 1 7 0 1 3 2 2 1  602    5 
11 1 8 1 3 3 4 4 1  621    5 
11 1 9 1 2 2 3 3 1  599    4 
11 1 10 0 2 0 3 3 1  570    4 
11 1 11 0 3 1 4 4 1  662    4 
11 1 12 0 0 2 1 1 1  582    5 
11 1 13 0 0 2 1 1 1  482    5 
11 1 14 0 3 1 4 4 1  442    5 
11 1 15 0 0 2 1 1 1  604    4 
11 1 16 1 1 1 2 2 1 1639    4 
11 1 17 1 1 1 2 2 1  701    4 
11 1 18 0 0 2 1 1 1  556    4 
11 1 19 1 3 3 4 4 1  585    4 
11 1 20 0 2 0 3 3 1  885    5 
11 1 21 1 1 1 2 2 1  588    4 
11 1 22 1 1 1 2 2 1  503    5 
11 1 23 1 2 2 3 4 0  533    5 
11 1 24 1 3 3 4 4 1  665    5 
11 1 25 1 2 2 3 3 1  705    5 
11 1 26 0 0 2 1 1 1  647    5 
11 1 27 0 3 1 4 4 1  632    4 
11 1 28 1 3 3 4 4 1  434    5 
11 1 29 1 2 2 3 3 1  636    5 
11 1 30 0 1 3 2 2 1 1181    4 
11 1 31 0 0 2 1 1 1  575    4 
11 1 32 0 1 3 2 2 1  787    4 
11 1 33 0 1 3 2 2 1  686    4 
11 1 34 0 1 3 2 2 1  597    4 
11 1 35 1 1 1 2 2 1  697    5 
11 1 36 1 2 2 3 3 1  711    4 
11 1 37 1 2 2 3 3 1  494    5 
11 1 38 0 3 1 4 4 1  645    5 
11 1 39 0 0 2 1 1 1  494    4 
11 1 40 1 1 1 2 2 1  661    4 
11 1 41 0 0 2 1 1 1  790    4 
11 1 42 0 3 1 4 4 1  640    4 
11 1 43 0 1 3 2 2 1  945    4 
11 1 44 0 1 3 2 2 1  629    4 
11 1 45 1 0 0 1 1 1  743    4 
11 1 46 0 3 1 4 4 1  660    4 
11 1 47 1 1 1 2 2 1 1244    4 
11 1 48 1 2 2 3 3 1 1083    4 
11 1 49 1 1 1 2 2 1  802    4 
11 1 50 1 3 3 4 4 1  548    4 
11 1 51 1 0 0 1 1 1  554    4 
11 1 52 1 0 0 1 1 1  518    4 
11 1 53 0 3 1 4 4 1  509    4 
11 1 54 1 2 2 3 3 1 1380    4 
11 1 55 1 0 0 1 1 1  653    4 
11 1 56 0 3 1 4 4 1  438    4 
11 1 57 1 2 2 3 3 1  759    4 
11 1 58 0 0 2 1 1 1  611    4 
11 1 59 0 0 2 1 1 1  510    4 
11 1 60 0 0 2 1 1 1  428    5 
11 1 61 0 2 0 3 3 1 1191    5 
11 1 62 0 2 0 3 3 1  896    5 
11 1 63 1 1 1 2 2 1  870    5 
11 1 64 1 3 3 4 4 1  613    4 
11 1 65 1 3 3 4 4 1  472    4 
11 1 66 0 2 0 3 3 1  720    4 
11 1 67 0 3 1 4 3 0  709    4 
11 1 68 0 0 2 1 1 1  601    5 
11 1 69 0 3 1 4 4 1 1004    4 
11 1 70 1 2 2 3 3 1 2213    5 
11 1 71 1 3 3 4 4 1  843    5 
11 1 72 1 3 3 4 4 1  523    5 
11 1 73 0 1 3 2 2 1  761    4 
11 1 74 1 2 2 3 3 1  901    4 
11 1 75 0 2 0 3 3 1  475    5 
11 1 76 0 1 3 2 2 1  708    4 
11 1 77 1 0 0 1 1 1  738    5 
11 1 78 1 3 3 4 4 1  390    4 
11 1 79 0 2 0 3 3 1  618    4 
11 1 80 1 0 0 1 1 1  565    4 
11 1 81 0 0 2 1 1 1  697    4 
11 1 82 0 2 0 3 3 1  984    5 
11 1 83 0 1 3 2 2 1 1123    4 
11 1 84 1 0 0 1 1 1  479    4 
11 1 85 1 1 1 2 2 1  791    4 
11 1 86 0 0 2 1 1 1  754    4 
11 1 87 1 3 3 4 4 1  462    4 
11 1 88 1 2 2 3 3 1  615    4 
11 1 89 0 1 3 2 2 1  681    4 
11 1 90 1 0 0 1 1 1  609    5 
11 1 91 1 2 2 3 3 1  587    4 
11 1 92 1 2 2 3 3 1  518    4 
11 1 93 0 3 1 4 4 1  525    4 
11 1 94 1 2 2 3 3 1  763    4 
11 1 95 0 0 2 1 1 1  703    4 
11 1 96 1 3 3 4 4 1  477    4 
