29 1 1 0 0 1 1 1 2343    1 
29 1 1 1 1 2 2 1 1393    1 
29 1 1 1 1 2 2 1  648    1 
29 1 1 1 1 2 2 1  438    1 
29 1 0 2 0 3 3 1 1787    1 
29 1 1 1 1 2 2 1 1291    1 
29 1 1 1 1 2 2 1  534    1 
29 1 0 0 2 1 1 1  848    1 
29 1 0 1 3 2 2 1  893    1 
29 1 0 1 3 2 2 1  496    1 
29 1 1 1 1 2 2 1  756    1 
29 1 1 2 2 3 3 1  613    1 
29 1 1 0 0 1 1 1  707    1 
29 1 1 3 3 4 4 1  878    1 
29 1 1 1 1 2 2 1  658    0 
29 1 0 2 0 3 3 1  671    1 
29 1 0 0 2 1 2 0  619    1 
29 1 1 2 2 3 3 1  791    1 
29 1 0 0 2 1 1 1  959    0 
29 1 0 1 3 2 2 1  455    1 
29 1 1 3 3 4 4 1  828    1 
29 1 0 0 2 1 3 0 1018    1 
29 1 1 3 3 4 4 1  750    1 
29 1 1 0 0 1 1 1  815    1 
29 1 1 2 2 3 3 1  798    1 
29 1 0 1 3 2 2 1  685    1 
29 1 0 0 2 1 1 1  657    1 
29 1 0 0 2 1 1 1  678    0 
29 1 0 1 3 2 2 1 1418    1 
29 1 0 0 2 1 1 1  616    1 
29 1 1 3 3 4 4 1  606    1 
29 1 0 2 0 3 3 1  773    1 
29 1 1 2 2 3 3 1  613    1 
29 1 1 1 1 2 2 1  643    1 
29 1 1 3 3 4 4 1  577    1 
29 1 1 0 0 1 1 1  585    1 
29 1 0 1 3 2 2 1  656    1 
29 1 1 2 2 3 3 1  509    1 
29 1 1 0 0 1 1 1  504    1 
29 1 0 0 2 1 1 1  691    1 
29 1 0 3 1 4 4 1  750    1 
29 1 0 1 3 2 2 1 1151    0 
29 1 1 2 2 3 3 1  448    1 
29 1 0 3 1 4 4 1  629    1 
29 1 1 0 0 1 1 1  515    1 
29 1 1 3 3 4 4 1  518    1 
29 1 0 0 2 1 1 1  520    1 
29 1 1 0 0 1 1 1  850    1 
29 1 1 3 3 4 4 1  599    1 
29 1 0 2 0 3 3 1 1518    1 
29 1 1 3 3 4 4 1  568    1 
29 1 0 1 3 2 2 1  704    1 
29 1 0 2 0 3 3 1  611    1 
29 1 0 1 3 2 2 1  561    1 
29 1 0 2 0 3 3 1  482    1 
29 1 0 0 2 1 1 1  590    1 
29 1 0 2 0 3 3 1  605    1 
29 1 0 2 0 3 3 1  500    1 
29 1 1 0 0 1 1 1  590    0 
29 1 1 2 2 3 3 1  590    1 
29 1 0 3 1 4 4 1  677    1 
29 1 1 1 1 2 2 1  442    1 
29 1 1 3 3 4 4 1  359    1 
29 1 1 1 1 2 2 1  408    1 
29 1 0 1 3 2 2 1  574    1 
29 1 1 3 3 4 4 1  398    1 
29 1 0 0 2 1 1 1  598    1 
29 1 0 3 1 4 4 1  661    0 
29 1 1 1 1 2 2 1  842    1 
29 1 1 1 1 2 2 1  432    1 
29 1 0 3 1 4 4 1  550    1 
29 1 0 2 0 3 3 1  470    1 
29 1 0 3 1 4 4 1  530    1 
29 1 1 1 1 2 2 1  868    0 
29 1 0 3 1 4 4 1  489    1 
29 1 1 3 3 4 4 1  564    1 
29 1 0 0 2 1 1 1  709    1 
29 1 0 1 3 2 2 1  928    1 
29 1 0 0 2 1 1 1  738    1 
29 1 0 0 2 1 1 1 1323    1 
29 1 0 2 0 3 3 1 2029    1 
29 1 1 1 1 2 2 1  699    1 
29 1 0 1 3 2 2 1  902    1 
29 1 0 3 1 4 4 1  585    1 
29 1 1 2 2 3 3 1  984    1 
29 1 0 3 1 4 4 1  552    1 
29 1 0 1 3 2 2 1  585    1 
29 1 0 0 2 1 1 1  848    1 
29 1 0 0 2 1 1 1  829    1 
29 1 1 2 2 3 2 0 1852    1 
29 1 0 1 3 2 3 0  670    1 
29 1 0 3 1 4 4 1  617    1 
29 1 0 0 2 1 1 1  815    1 
29 1 0 0 2 1 1 1  749   32 
29 1 1 1 1 2 1 0  582    1 
29 1 0 1 3 2 2 1  708    1 
29 1 1 3 3 4 4 1  542    1 
29 1 1 1 1 2 2 1 2512    0 
29 1 1 3 3 4 4 1  499    1 
29 1 1 3 3 4 4 1  797    1 
29 1 0 2 0 3 3 1  581    1 
29 1 0 2 0 3 3 1  653    1 
29 1 0 1 3 2 2 1  586    1 
29 1 0 1 3 2 2 1  481    1 
29 1 0 3 1 4 4 1  637    1 
29 1 1 0 0 1 1 1  643    1 
29 1 1 0 0 1 1 1  616    1 
29 1 1 2 2 3 3 1 1022    1 
29 1 0 0 2 1 1 1  628    1 
29 1 0 0 2 1 1 1  602    1 
29 1 0 1 3 2 2 1  793    1 
29 1 1 2 2 3 3 1  433    1 
29 1 0 0 2 1 1 1  654    1 
29 1 0 3 1 4 4 1  547    1 
29 1 0 3 1 4 4 1  636    1 
29 1 0 2 0 3 3 1  737    1 
29 1 1 2 2 3 3 1  523    1 
29 1 0 2 0 3 3 1  493    1 
29 1 0 1 3 2 2 1  544    1 
29 1 0 2 0 3 3 1  426    1 
29 1 0 0 2 1 1 1  520    1 
29 1 1 3 3 4 4 1  466    1 
29 1 0 0 2 1 1 1  806    1 
29 1 1 2 2 3 3 1  565    1 
29 1 0 3 1 4 4 1  558    1 
29 1 0 1 3 2 2 1  726   31 
29 1 1 3 3 4 4 1  568    1 
29 1 1 1 1 2 2 1 1217    1 
29 1 0 0 2 1 1 1  695    1 
29 1 1 2 2 3 3 1  842    1 
29 1 1 2 2 3 3 1  560    1 
29 1 1 2 2 3 3 1  352    1 
29 1 1 3 3 4 4 1  393    1 
29 1 1 0 0 1 1 1  513    1 
29 1 1 0 0 1 1 1  483    1 
29 1 1 1 1 2 2 1  663    1 
29 1 1 2 2 3 3 1  403    1 
29 1 1 0 0 1 1 1  330    1 
29 1 1 3 3 4 4 1  300    1 
29 1 1 3 3 4 4 1  495    1 
29 1 0 2 0 3 3 1  658    1 
29 1 0 3 1 4 4 1  559    1 
29 1 1 2 2 3 3 1  760    1 
29 1 1 0 0 1 1 1  601    1 
29 1 1 3 3 4 4 1  448    1 
29 1 1 3 3 4 4 1  341    1 
29 1 1 2 2 3 3 1  502    1 
29 1 0 2 0 3 3 1  657    1 
29 1 0 2 0 3 3 1  438    1 
29 1 1 1 1 2 2 1  459    1 
29 1 1 2 2 3 3 1  360    1 
29 1 1 0 0 1 1 1  489    1 
29 1 1 3 3 4 3 0  396    1 
29 1 0 1 3 2 3 0  986   36 
29 1 0 3 1 4 4 1  543    1 
29 1 0 3 1 4 4 1  560    1 
29 1 1 0 0 1 1 1  713    1 
29 1 1 1 1 2 2 1 2324    1 
29 1 0 2 0 3 3 1  470    1 
29 1 1 1 1 2 2 1  378    1 
29 1 1 2 2 3 3 1  466    1 
29 1 1 2 2 3 3 1  950    1 
29 1 0 0 2 1 1 1  791    1 
29 1 0 0 2 1 1 1  655    1 
29 1 1 3 3 4 4 1  299    1 
29 1 0 0 2 1 1 1  582    1 
29 1 0 2 0 3 3 1  390    1 
29 1 0 3 1 4 4 1  621    1 
29 1 1 3 3 4 4 1  443    1 
29 1 0 1 3 2 2 1  513    1 
29 1 0 2 0 3 3 1  459    1 
29 1 1 0 0 1 1 1  432    1 
29 1 1 1 1 2 2 1 1061    1 
29 1 1 0 0 1 1 1  586    1 
29 1 0 3 1 4 4 1  586    1 
29 1 0 0 2 1 1 1  809    1 
29 1 1 3 3 4 4 1  608    1 
29 1 1 1 1 2 2 1 1087    1 
29 1 1 2 2 3 3 1  482    1 
29 1 0 2 0 3 3 1  557    1 
29 1 1 2 2 3 3 1  454    1 
29 1 0 2 0 3 3 1  539    0 
29 1 0 3 1 4 4 1  468    1 
29 1 1 0 0 1 2 0 1688    1 
29 1 0 1 3 2 2 1  914    1 
29 1 1 3 3 4 4 1  613    1 
29 1 0 1 3 2 2 1 1459    1 
29 1 0 3 1 4 4 1  592    1 
29 1 1 3 3 4 4 1  672    1 
29 1 1 0 0 1 1 1  780    1 
29 1 1 2 2 3 3 1  572    1 
29 1 1 1 1 2 4 0  588   48 
29 1 0 1 3 2 2 1 4317    1 
29 1 0 3 1 4 4 1  696    1 
29 1 1 0 0 1 1 1 1059    1 
29 1 0 0 2 1 1 1  648    1 
29 1 1 2 2 3 3 1  877    1 
29 1 1 3 3 4 4 1  514    1 
29 1 1 2 2 3 3 1  708    1 
29 1 1 1 1 2 2 1  759    1 
29 1 1 3 3 4 4 1  456    1 
29 1 1 0 0 1 1 1  701    1 
29 1 0 3 1 4 4 1  583    1 
29 1 0 0 2 1 1 1  631    1 
29 1 0 2 0 3 3 1  629    1 
29 1 1 1 1 2 2 1  627    1 
29 1 1 3 3 4 4 1  585    0 
29 1 0 1 3 2 2 1  656    1 
29 1 1 1 1 2 3 0  421    1 
29 1 1 3 3 4 4 1  473    1 
29 1 1 1 1 2 2 1  389    1 
29 1 0 2 0 3 3 1  493    1 
29 1 1 0 0 1 1 1  504    1 
29 1 0 1 3 2 2 1  507    1 
29 1 0 0 2 1 1 1  790    1 
29 1 1 3 3 4 4 1  389    1 
29 1 1 0 0 1 1 1  541    1 
29 1 1 2 2 3 3 1  582    1 
29 1 0 2 0 3 3 1  533    1 
29 1 1 0 0 1 1 1  495    1 
29 1 1 0 0 1 4 0  386    1 
29 1 1 3 3 4 4 1  456    1 
29 1 1 3 3 4 4 1  388    1 
29 1 1 0 0 1 1 1  556    1 
29 1 0 2 0 3 3 1  733    1 
29 1 1 1 1 2 2 1  622    1 
29 1 0 3 1 4 4 1  500    1 
29 1 1 3 3 4 4 1  423    1 
29 1 0 2 0 3 3 1  653    1 
29 1 0 3 1 4 4 1  514    1 
29 1 0 0 2 1 1 1  669    1 
29 1 1 2 2 3 3 1 1057    1 
29 1 0 2 0 3 3 1  709    1 
29 1 0 1 3 2 2 1  584    1 
29 1 0 0 2 1 1 1  640    1 
29 1 0 2 0 3 3 1  701    1 
29 1 0 1 3 2 2 1  440    1 
29 1 0 1 3 2 3 0 1069    1 
29 1 0 1 3 2 2 1  447    1 
29 1 1 3 3 4 4 1  493    1 
29 1 1 2 2 3 3 1  504    1 
29 1 0 0 2 1 1 1  443    1 
29 1 1 0 0 1 1 1  648    1 
29 1 1 0 0 1 1 1  446    1 
29 1 0 2 0 3 3 1  587    1 
29 1 0 1 3 2 2 1  459    1 
29 1 1 0 0 1 1 1  727    1 
29 1 1 0 0 1 1 1  665    1 
29 1 1 1 1 2 2 1  654    1 
29 1 0 1 3 2 2 1  666    1 
29 1 0 0 2 1 1 1  694    1 
29 1 1 0 0 1 1 1  658    1 
29 1 1 3 3 4 4 1  519    1 
29 1 1 3 3 4 4 1  425    1 
29 1 0 1 3 2 2 1  551    1 
29 1 0 1 3 2 2 1  408    1 
29 1 1 3 3 4 4 1  598    1 
29 1 1 0 0 1 1 1 1030    1 
29 1 0 0 2 1 1 1  644    1 
29 1 0 1 3 2 2 1  529    1 
29 1 1 1 1 2 2 1  459    1 
29 1 0 2 0 3 3 1  672    1 
29 1 1 0 0 1 1 1  740    1 
29 1 0 3 1 4 4 1  534    1 
29 1 1 0 0 1 1 1  735    1 
29 1 1 1 1 2 2 1  616    1 
29 1 1 1 1 2 2 1  559    1 
29 1 0 3 1 4 4 1  503    1 
29 1 1 2 2 3 3 1 1410    1 
29 1 0 3 1 4 4 1  529    1 
29 1 0 3 1 4 4 1  515    1 
29 1 0 2 0 3 3 1  846    1 
29 1 0 2 0 3 3 1  507    1 
29 1 1 1 1 2 1 0  630    1 
29 1 1 2 2 3 3 1  642    1 
29 1 0 3 1 4 4 1  543    1 
29 1 0 0 2 1 2 0  713    1 
29 1 1 2 2 3 3 1  538    1 
29 1 0 1 3 2 2 1  755    1 
29 1 0 3 1 4 4 1  532    1 
29 1 0 1 3 2 3 0  549    1 
29 1 0 0 2 1 1 1  732    1 
29 1 1 0 0 1 1 1  669   48 
29 1 1 3 3 4 4 1  458    0 
29 1 1 2 2 3 3 1 1158    1 
29 1 0 2 0 3 3 1  471    1 
29 1 0 0 2 1 2 0  411    1 
29 1 0 1 3 2 2 1  584    1 
29 1 1 0 0 1 1 1  767    1 
29 1 0 0 2 1 1 1  455    1 
29 1 0 0 2 1 1 1  436    1 
29 1 0 2 0 3 3 1  738   49 
29 1 1 1 1 2 2 1  395    1 
29 1 1 2 2 3 3 1  603    1 
29 1 0 2 0 3 3 1  577    1 
29 1 1 2 2 3 3 1  377    1 
29 1 0 2 0 3 3 1  433    1 
29 1 0 3 1 4 4 1  679    1 
29 1 0 2 0 3 3 1  499    1 
29 1 1 3 3 4 4 1  598    1 
29 1 0 0 2 1 1 1  661    1 
29 1 0 3 1 4 3 0  426    1 
29 1 1 1 1 2 2 1  718    1 
29 1 1 0 0 1 1 1  464    1 
29 1 0 0 2 1 1 1 1341    1 
29 1 1 3 3 4 4 1  446    1 
29 1 1 2 2 3 3 1  524    1 
29 1 1 2 2 3 3 1  334    1 
29 1 1 2 2 3 3 1  343    1 
29 1 0 2 0 3 3 1  433   47 
29 1 1 2 2 3 3 1  366    1 
29 1 1 1 1 2 2 1  446    1 
29 1 0 3 1 4 4 1  420    1 
29 1 1 3 3 4 4 1  362    1 
29 1 1 2 2 3 3 1  554    1 
29 1 1 1 1 2 2 1  483    1 
29 1 1 3 3 4 4 1  487    1 
29 1 1 3 3 4 4 1  394    1 
29 1 0 3 1 4 4 1  521    1 
29 1 0 2 0 3 3 1  892    1 
29 1 0 2 0 3 3 1  439    0 
29 1 1 2 2 3 3 1  964    1 
29 1 0 1 3 2 2 1  541    1 
29 1 1 0 0 1 1 1  623    1 
29 1 1 2 2 3 3 1  525    1 
29 1 1 1 1 2 2 1  751    1 
29 1 1 3 3 4 4 1  480    1 
29 1 0 3 1 4 4 1 1156    1 
29 1 0 0 2 1 1 1 1172    1 
29 1 1 0 0 1 1 1  661    1 
29 1 1 3 3 4 4 1  521    0 
29 1 1 1 1 2 2 1  579    1 
29 1 0 2 0 3 3 1  627    1 
29 1 1 1 1 2 2 1  746    1 
29 1 0 1 3 2 2 1  579    0 
29 1 0 0 2 1 1 1  675    1 
29 1 1 1 1 2 1 0  671    1 
29 1 0 2 0 3 3 1 1793    1 
29 1 1 1 1 2 2 1  433    1 
29 1 0 1 3 2 3 0  438    1 
29 1 0 2 0 3 3 1  482    1 
29 1 0 2 0 3 3 1  510    1 
29 1 0 2 0 3 3 1  425    0 
29 1 1 1 1 2 2 1  447    1 
29 1 0 1 3 2 2 1  444    1 
29 1 1 3 3 4 4 1  505    1 
29 1 1 2 2 3 3 1  532    1 
29 1 1 1 1 2 2 1  878    1 
29 1 1 2 2 3 3 1  434    1 
29 1 0 0 2 1 1 1  607    1 
29 1 1 3 3 4 4 1  486    1 
29 1 1 3 3 4 4 1  673    1 
29 1 0 2 0 3 4 0  205    1 
29 1 0 0 2 1 1 1  538    1 
29 1 1 0 0 1 2 0  772    1 
29 1 0 3 1 4 4 1  546    1 
29 1 1 0 0 1 1 1  571    1 
29 1 0 3 1 4 4 1  627    1 
29 1 0 0 2 1 1 1  561   48 
29 1 0 0 2 1 1 1  554    1 
29 1 0 1 3 2 2 1  651    1 
29 1 0 3 1 4 4 1  488    1 
29 1 1 0 0 1 1 1  491    1 
29 1 0 3 1 4 4 1  662    1 
29 1 0 3 1 4 4 1  531    1 
29 1 0 0 2 1 1 1  629    1 
29 1 0 1 3 2 2 1  635    1 
29 1 1 0 0 1 1 1  537    1 
29 1 0 0 2 1 1 1  450    1 
29 1 0 1 3 2 2 1  551    1 
29 1 1 3 3 4 4 1  584    1 
29 1 0 0 2 1 1 1 1295    1 
29 1 1 1 1 2 2 1  691    1 
29 1 1 2 2 3 3 1  438    1 
29 1 0 3 1 4 4 1  547    1 
29 1 1 2 2 3 3 1  557    1 
29 1 0 3 1 4 4 1  606    0 
29 1 1 3 3 4 4 1  604    1 
29 1 1 3 3 4 4 1  299    1 
29 1 1 1 1 2 2 1  526    0 
29 1 0 1 3 2 2 1  600    1 
29 1 0 1 3 2 2 1  391    1 
29 1 1 2 2 3 3 1 1350    1 
29 1 0 1 3 2 2 1  687   48 
