16 1 0 3 0 4 4 1 2727    1 
16 1 1 2 2 3 3 1 2169    1 
16 1 1 3 3 4 4 1  673    1 
16 1 0 2 3 3 3 1  638    1 
16 1 1 2 2 3 3 1  779    1 
16 1 0 2 3 3 3 1  491    1 
16 1 0 0 1 1 1 1  719    1 
16 1 1 2 2 3 3 1  577    9 
16 1 1 1 1 2 2 1  633    1 
16 1 1 0 0 1 1 1  526    1 
16 1 1 2 2 3 3 1  689    1 
16 1 1 0 0 1 1 1  492    1 
16 1 0 1 2 2 2 1 1063    1 
16 1 0 0 1 1 1 1  580    1 
16 1 1 2 2 3 3 1  780    1 
16 1 0 0 1 1 1 1  724    1 
16 1 1 3 3 4 4 1  686    1 
16 1 1 2 2 3 3 1  978    1 
16 1 1 2 2 3 3 1  586    1 
16 1 1 2 2 3 3 1  513    1 
16 1 1 0 0 1 1 1  532    1 
16 1 1 1 1 2 2 1  717   36 
16 1 0 1 2 2 2 1  720    1 
16 1 1 1 1 2 2 1  506    1 
16 1 1 1 1 2 2 1  628    1 
16 1 1 0 0 1 1 1  531   25 
16 1 1 1 1 2 1 0  629    1 
16 1 1 0 0 1 1 1  529    1 
16 1 1 1 1 2 2 1  531    1 
16 1 0 1 2 2 2 1  621    1 
16 1 0 2 3 3 3 1  563    1 
16 1 1 0 0 1 1 1  476    1 
16 1 0 1 2 2 3 0  576    1 
16 1 0 0 1 1 1 1  598    1 
16 1 0 1 2 2 2 1  750    1 
16 1 0 3 0 4 4 1  631    1 
16 1 1 2 2 3 3 1  805    1 
16 1 0 3 0 4 4 1 1028    1 
16 1 1 1 1 2 2 1 1242    1 
16 1 1 1 1 2 2 1  431    1 
16 1 0 2 3 3 3 1  573    1 
16 1 1 1 1 2 2 1  550    1 
16 1 0 2 3 3 3 1  582    1 
16 1 1 0 0 1 1 1  462    1 
16 1 0 2 3 3 3 1  803    1 
16 1 0 0 1 1 1 1  505    1 
16 1 1 1 1 2 3 0  596    1 
16 1 0 0 1 1 1 1  538    1 
16 1 1 0 0 1 1 1  531    1 
16 1 1 3 3 4 4 1  565    1 
16 1 1 3 3 4 4 1  510    1 
16 1 1 0 0 1 1 1  496    1 
16 1 0 0 1 1 1 1  740    1 
16 1 1 2 2 3 3 1  661    1 
16 1 1 0 0 1 1 1  514    0 
16 1 0 1 2 2 2 1  893    1 
16 1 0 2 3 3 3 1 1032    1 
16 1 0 0 1 1 1 1  534    1 
16 1 0 3 0 4 4 1  663    1 
16 1 1 0 0 1 1 1  548    1 
16 1 0 3 0 4 4 1  606    1 
16 1 1 3 3 4 4 1  468    1 
16 1 1 1 1 2 2 1  704    1 
16 1 0 2 3 3 3 1  539    1 
16 1 0 0 1 1 1 1  469    1 
16 1 0 1 2 2 2 1  609    0 
16 1 0 1 2 2 2 1  440    1 
16 1 1 0 0 1 1 1  493    1 
16 1 1 0 0 1 1 1  529    1 
16 1 1 2 2 3 3 1  811    1 
16 1 0 2 3 3 3 1  466    1 
16 1 1 3 3 4 4 1  566    1 
16 1 0 0 1 1 1 1  542    0 
16 1 0 3 0 4 4 1  567    1 
16 1 1 2 2 3 3 1  663    1 
16 1 0 0 1 1 1 1  516    1 
16 1 1 1 1 2 2 1  790    1 
16 1 0 3 0 4 4 1  590    1 
16 1 0 3 0 4 4 1  549    1 
16 1 1 1 1 2 2 1  950    1 
16 1 1 2 2 3 3 1  959    1 
16 1 0 2 3 3 4 0  416    1 
16 1 0 1 2 2 2 1  604    1 
16 1 0 1 2 2 2 1  475    1 
16 1 1 3 3 4 4 1  551    1 
16 1 1 0 0 1 1 1  504    1 
16 1 1 3 3 4 4 1  538    1 
16 1 0 1 2 2 2 1  492    0 
16 1 0 0 1 1 1 1  543    1 
16 1 0 1 2 2 1 0  497    1 
16 1 1 3 3 4 4 1  730    1 
16 1 1 3 3 4 4 1  604    0 
16 1 0 1 2 2 2 1  587    1 
16 1 1 3 3 4 4 1  603    1 
16 1 1 0 0 1 1 1  713    1 
16 1 0 0 1 1 1 1  588    1 
16 1 1 1 1 2 2 1  748    1 
16 1 1 2 2 3 3 1  629    1 
16 1 1 0 0 1 1 1  475    1 
16 1 0 2 3 3 3 1 1048    1 
16 1 1 2 2 3 3 1  453    1 
16 1 1 1 1 2 2 1  626    1 
16 1 1 2 2 3 3 1  592    1 
16 1 1 1 1 2 3 0  463    1 
16 1 1 3 3 4 4 1  522    1 
16 1 0 0 1 1 1 1  564    1 
16 1 1 2 2 3 3 1  661    1 
16 1 0 1 2 2 2 1  818    1 
16 1 1 0 0 1 1 1  544    1 
16 1 1 3 3 4 4 1  538    1 
16 1 0 0 1 1 1 1  603    1 
16 1 1 3 3 4 4 1  498    1 
16 1 0 3 0 4 4 1  589    1 
16 1 0 3 0 4 4 1  477    0 
16 1 0 3 0 4 4 1  417    1 
16 1 0 3 0 4 4 1  415    1 
16 1 1 0 0 1 1 1  510    1 
16 1 0 1 2 2 2 1 2569    1 
16 1 1 0 0 1 1 1  449    1 
16 1 0 2 3 3 3 1  998    0 
16 1 0 1 2 2 3 0  501    1 
16 1 0 2 3 3 2 0  902    1 
16 1 1 0 0 1 1 1  559    1 
16 1 0 0 1 1 1 1  640    1 
16 1 1 3 3 4 4 1  613    1 
16 1 1 2 2 3 3 1  780    1 
16 1 1 1 1 2 2 1  700    1 
16 1 1 3 3 4 4 1  671    1 
16 1 1 3 3 4 4 1  491    1 
16 1 1 3 3 4 4 1  399    1 
16 1 0 0 1 1 1 1  694   26 
16 1 0 2 3 3 3 1  841    1 
16 1 0 1 2 2 2 1  719    0 
16 1 0 1 2 2 2 1  625    1 
16 1 1 0 0 1 1 1  551    1 
16 1 0 2 3 3 3 1  824    1 
16 1 1 3 3 4 4 1  494    1 
16 1 0 1 2 2 2 1  602    1 
16 1 0 1 2 2 2 1  600    1 
16 1 0 2 3 3 3 1 1111    1 
16 1 0 3 0 4 4 1  586    1 
16 1 1 3 3 4 4 1  410    1 
16 1 0 2 3 3 3 1  568    0 
16 1 0 2 3 3 3 1  912    0 
16 1 1 3 3 4 4 1  539    1 
16 1 0 0 1 1 1 1  525    1 
16 1 0 0 1 1 1 1  495    1 
16 1 0 2 3 3 3 1  586    1 
16 1 1 3 3 4 4 1  418    1 
16 1 1 3 3 4 4 1  416    1 
16 1 1 3 3 4 4 1  566    1 
16 1 0 1 2 2 2 1  622    1 
16 1 0 0 1 1 1 1  524    1 
16 1 0 3 0 4 4 1  574    0 
16 1 0 3 0 4 4 1  455    1 
16 1 1 1 1 2 1 0  603    1 
16 1 1 2 2 3 4 0  552    0 
16 1 0 2 3 3 3 1  663    1 
16 1 0 0 1 1 1 1  628    1 
16 1 0 0 1 1 1 1  498    1 
16 1 1 3 3 4 4 1  541    1 
16 1 1 1 1 2 2 1  743    1 
16 1 0 0 1 1 1 1  528    1 
16 1 1 0 0 1 1 1  691    0 
16 1 0 1 2 2 2 1  838    1 
16 1 1 1 1 2 2 1  468    1 
16 1 0 3 0 4 4 1  576    1 
16 1 1 3 3 4 4 1  504    1 
16 1 0 1 2 2 2 1  643    1 
16 1 1 1 1 2 2 1  680    1 
16 1 1 0 0 1 1 1  772    1 
16 1 0 0 1 1 1 1  588    1 
16 1 0 1 2 2 3 0  700    1 
16 1 0 2 3 3 3 1  493    1 
16 1 0 1 2 2 2 1  712    1 
16 1 1 3 3 4 4 1  555    1 
16 1 1 1 1 2 2 1  668    1 
16 1 0 3 0 4 4 1  560    1 
16 1 0 2 3 3 3 1  593    1 
16 1 0 2 3 3 3 1  608    1 
16 1 1 2 2 3 3 1  399    0 
16 1 0 2 3 3 3 1  470    1 
16 1 1 0 0 1 1 1  570    1 
16 1 0 2 3 3 1 0  506    1 
16 1 1 1 1 2 2 1  683    1 
16 1 0 3 0 4 4 1  662    1 
16 1 0 2 3 3 3 1  595    1 
16 1 0 2 3 3 3 1  475    1 
16 1 1 3 3 4 4 1  575    1 
16 1 0 3 0 4 4 1  607    1 
16 1 1 2 2 3 3 1  558    1 
16 1 0 3 0 4 4 1  534    1 
16 1 1 1 1 2 2 1 2060    1 
16 1 0 3 0 4 4 1  697    1 
16 1 1 0 0 1 1 1  556    1 
16 1 1 0 0 1 1 1  405    1 
16 1 0 2 3 3 3 1  644    1 
16 1 0 1 2 2 2 1  801    1 
16 1 0 3 0 4 4 1  488    1 
16 1 0 3 0 4 4 1  508    0 
16 1 1 0 0 1 1 1  462    1 
16 1 0 0 1 1 1 1  515    1 
16 1 0 3 0 4 4 1  589    1 
16 1 0 3 0 4 4 1  405    1 
16 1 1 2 2 3 3 1  588    1 
16 1 1 3 3 4 4 1  723    1 
16 1 1 1 1 2 2 1  757    1 
16 1 0 2 3 3 3 1  582    1 
16 1 1 0 0 1 1 1  486    1 
16 1 1 1 1 2 2 1  489    1 
16 1 0 3 0 4 4 1  556   20 
16 1 0 2 3 3 3 1  597    1 
16 1 0 2 3 3 3 1  589    1 
16 1 1 2 2 3 3 1  516    1 
16 1 1 1 1 2 2 1  542    1 
16 1 0 1 2 2 2 1  512    1 
16 1 0 1 2 2 2 1  515    1 
16 1 1 1 1 2 2 1  445    2 
16 1 0 3 0 4 4 1  483    1 
16 1 0 1 2 2 2 1  678    1 
16 1 0 3 0 4 4 1  498    1 
16 1 1 1 1 2 2 1  702    1 
16 1 0 1 2 2 2 1  545    1 
16 1 1 0 0 1 1 1  762    1 
16 1 0 3 0 4 4 1  571    1 
16 1 1 1 1 2 2 1  683    1 
16 1 1 0 0 1 1 1  519    1 
16 1 1 1 1 2 2 1  465    1 
16 1 0 2 3 3 3 1  982    1 
16 1 0 0 1 1 1 1  534    1 
16 1 1 1 1 2 1 0  551    1 
16 1 0 0 1 1 1 1  558    1 
16 1 0 0 1 1 1 1  431    1 
16 1 1 0 0 1 1 1  469    1 
16 1 1 3 3 4 4 1  673    1 
16 1 1 2 2 3 3 1  645    1 
16 1 1 3 3 4 4 1  571    1 
16 1 0 1 2 2 2 1  867    1 
16 1 0 3 0 4 4 1  551    1 
16 1 1 2 2 3 3 1  720    1 
16 1 1 1 1 2 2 1  738    1 
16 1 0 0 1 1 1 1  499    1 
16 1 1 1 1 2 1 0  502    1 
16 1 0 2 3 3 3 1  591    1 
16 1 0 0 1 1 1 1  502    0 
16 1 1 3 3 4 4 1  569    1 
16 1 1 0 0 1 1 1  521    1 
16 1 0 2 3 3 3 1  643    1 
16 1 1 1 1 2 2 1  769    1 
16 1 1 1 1 2 2 1  585    1 
16 1 0 3 0 4 4 1  465    1 
16 1 1 3 3 4 4 1  381    1 
16 1 1 2 2 3 3 1  485    1 
16 1 1 2 2 3 3 1  569    0 
16 1 0 0 1 1 2 0  537    1 
16 1 0 2 3 3 3 1  497    1 
16 1 1 3 3 4 4 1  516    1 
16 1 0 2 3 3 3 1  542    1 
16 1 0 1 2 2 2 1  648    1 
16 1 1 1 1 2 2 1  589    1 
16 1 0 3 0 4 4 1  669    1 
16 1 0 3 0 4 4 1  449    1 
16 1 1 3 3 4 4 1  342    1 
16 1 0 0 1 1 1 1  631    1 
16 1 0 2 3 3 3 1  549    1 
16 1 1 3 3 4 4 1  446    1 
16 1 0 1 2 2 2 1  843    1 
16 1 1 1 1 2 2 1  521    1 
16 1 1 2 2 3 3 1  507    1 
16 1 1 2 2 3 3 1  430    4 
16 1 1 3 3 4 4 1  692    1 
16 1 1 0 0 1 1 1  471    1 
16 1 0 2 3 3 3 1  483    1 
16 1 0 3 0 4 4 1  487    1 
16 1 1 2 2 3 3 1  570    1 
16 1 1 2 2 3 3 1  499    1 
16 1 0 3 0 4 4 1  446    1 
16 1 0 0 1 1 1 1  531    1 
16 1 1 3 3 4 4 1  462    1 
16 1 1 0 0 1 1 1  474    1 
16 1 1 1 1 2 2 1  767    1 
16 1 1 1 1 2 2 1  479    1 
16 1 0 2 3 3 3 1  571    1 
16 1 1 0 0 1 1 1  779    1 
16 1 0 0 1 1 1 1  539    1 
16 1 0 0 1 1 1 1  437    1 
16 1 0 3 0 4 4 1  522    1 
16 1 1 2 2 3 3 1  548    1 
16 1 1 3 3 4 4 1  526    1 
16 1 1 3 3 4 4 1  376    1 
16 1 1 3 3 4 4 1  384    1 
16 1 1 3 3 4 4 1  335    1 
16 1 1 1 1 2 3 0  561    1 
16 1 0 1 2 2 2 1  696    1 
16 1 0 0 1 1 2 0  555    1 
16 1 1 0 0 1 1 1  514    1 
16 1 0 1 2 2 2 1  485    1 
16 1 1 1 1 2 2 1  512    1 
16 1 1 2 2 3 3 1  627    1 
16 1 1 3 3 4 4 1  721    1 
16 1 0 2 3 3 3 1  563    1 
16 1 0 1 2 2 2 1  644    1 
16 1 0 1 2 2 2 1  409    1 
16 1 0 1 2 2 2 1  464    1 
16 1 1 2 2 3 3 1  629    1 
16 1 0 0 1 1 1 1  579    1 
16 1 1 3 3 4 4 1  747    1 
16 1 0 1 2 2 2 1  653    1 
16 1 1 1 1 2 2 1  585    1 
16 1 1 1 1 2 2 1  417    1 
16 1 1 0 0 1 1 1  559    1 
16 1 1 1 1 2 1 0  392    1 
16 1 0 2 3 3 3 1  565   47 
16 1 1 0 0 1 1 1  542    1 
16 1 0 3 0 4 4 1  807    1 
16 1 0 3 0 4 4 1  462    1 
16 1 1 1 1 2 1 0  931    1 
16 1 1 1 1 2 2 1  755    1 
16 1 0 2 3 3 3 1  516    1 
16 1 0 2 3 3 3 1  446    0 
16 1 0 0 1 1 1 1  515    1 
16 1 1 2 2 3 3 1  598    1 
16 1 1 2 2 3 3 1  517    1 
16 1 0 0 1 1 1 1  528    1 
16 1 1 2 2 3 2 0  874    1 
16 1 1 1 1 2 3 0  796    1 
16 1 0 0 1 1 1 1  537    1 
16 1 0 0 1 1 1 1  643    1 
16 1 0 3 0 4 4 1  584    1 
16 1 0 3 0 4 4 1  640    1 
16 1 1 1 1 2 2 1  605    1 
16 1 0 2 3 3 3 1  468    1 
16 1 1 2 2 3 2 0  568    1 
16 1 1 1 1 2 2 1 1846    0 
16 1 0 3 0 4 4 1  588    1 
16 1 1 2 2 3 3 1  723    1 
16 1 0 1 2 2 2 1  678    1 
16 1 0 3 0 4 4 1  546    1 
16 1 0 2 3 3 3 1  667    1 
16 1 0 2 3 3 3 1  439    1 
16 1 0 1 2 2 3 0  461    1 
16 1 1 3 3 4 4 1  496    0 
16 1 0 0 1 1 1 1  547    0 
16 1 0 0 1 1 1 1  445    0 
16 1 1 2 2 3 3 1  610    1 
16 1 0 3 0 4 4 1  497    1 
16 1 1 0 0 1 1 1  540    1 
16 1 1 3 3 4 4 1  590    1 
16 1 1 0 0 1 1 1  549    1 
16 1 0 0 1 1 1 1  526    1 
16 1 1 2 2 3 2 0  880    1 
16 1 1 1 1 2 4 0  882    1 
16 1 1 1 1 2 2 1  788    1 
16 1 1 0 0 1 1 1  835    1 
16 1 0 3 0 4 4 1  481    1 
16 1 0 0 1 1 1 1  525    1 
16 1 1 2 2 3 3 1  607    1 
16 1 0 2 3 3 3 1  558    1 
16 1 0 2 3 3 3 1  727    1 
16 1 0 1 2 2 2 1  777    1 
16 1 1 3 3 4 4 1  481    1 
16 1 1 2 2 3 3 1  637    1 
16 1 1 0 0 1 1 1  499    1 
16 1 0 2 3 3 3 1  942    0 
16 1 1 3 3 4 4 1  423    1 
16 1 0 1 2 2 2 1  630    1 
16 1 1 0 0 1 1 1  572    1 
16 1 1 0 0 1 1 1  604    1 
16 1 0 0 1 1 1 1  395    1 
16 1 0 0 1 1 1 1  378    1 
16 1 0 3 0 4 4 1  554    1 
16 1 1 0 0 1 1 1  499    1 
16 1 0 3 0 4 4 1  550    1 
16 1 1 2 2 3 3 1  607    1 
16 1 0 2 3 3 3 1  917    1 
16 1 0 0 1 1 1 1  640    1 
16 1 0 3 0 4 4 1  533    1 
16 1 0 0 1 1 1 1  607    1 
16 1 1 2 2 3 3 1  693    1 
16 1 0 1 2 2 2 1  641    1 
16 1 1 2 2 3 2 0 1286    1 
16 1 1 0 0 1 1 1  536    1 
16 1 0 0 1 1 1 1  385    1 
16 1 0 3 0 4 4 1  481    1 
