11 1 1 2 2 3 3 1 2654    1 
11 1 0 2 3 3 3 1  890    1 
11 1 1 0 0 1 1 1  958    1 
11 1 1 0 0 1 1 1  519    1 
11 1 0 2 3 3 3 1  681    1 
11 1 0 0 1 1 1 1  589    1 
11 1 0 2 3 3 3 1  908    1 
11 1 1 2 2 3 3 1  631    1 
11 1 1 0 0 1 1 1  565    1 
11 1 0 0 1 1 1 1  894    1 
11 1 1 1 1 2 2 1  745    1 
11 1 0 3 0 4 4 1  795    1 
11 1 0 0 1 1 1 1  922    1 
11 1 0 1 2 2 2 1  740    1 
11 1 0 2 3 3 3 1  694    1 
11 1 1 3 3 4 4 1  601    1 
11 1 0 3 0 4 4 1  544    1 
11 1 0 3 0 4 4 1  473    1 
11 1 1 3 3 4 4 1  430    1 
11 1 0 3 0 4 4 1  484    1 
11 1 1 3 3 4 4 1  415    1 
11 1 1 0 0 1 1 1  606    1 
11 1 1 0 0 1 1 1  429    1 
11 1 1 2 2 3 3 1 1003    1 
11 1 1 3 3 4 4 1  529    0 
11 1 1 1 1 2 2 1  708    1 
11 1 0 0 1 1 1 1  606    1 
11 1 1 0 0 1 1 1  597    1 
11 1 0 0 1 1 1 1  692    1 
11 1 1 3 3 4 4 1  536    1 
11 1 0 2 3 3 3 1  889    1 
11 1 0 2 3 3 3 1 1189    1 
11 1 1 2 2 3 3 1  484    1 
11 1 1 1 1 2 2 1  616    1 
11 1 1 2 2 3 3 1  614    1 
11 1 1 2 2 3 3 1  477    1 
11 1 1 3 3 4 4 1  537    1 
11 1 1 2 2 3 3 1  674    1 
11 1 0 0 1 1 1 1  590    1 
11 1 1 1 1 2 2 1 1334    1 
11 1 0 1 2 2 2 1  559    1 
11 1 0 2 3 3 3 1  608    1 
11 1 0 2 3 3 3 1  479    1 
11 1 0 3 0 4 4 1  499    1 
11 1 1 2 2 3 3 1  837    1 
11 1 1 2 2 3 3 1  347    1 
11 1 1 0 0 1 1 1  516    0 
11 1 0 0 1 1 1 1  382    1 
11 1 0 3 0 4 4 1  558    1 
11 1 1 1 1 2 2 1  550    1 
11 1 1 2 2 3 3 1  511    1 
11 1 0 1 2 2 2 1  762    1 
11 1 1 1 1 2 2 1  467    1 
11 1 1 0 0 1 1 1  511    1 
11 1 1 2 2 3 3 1  578    1 
11 1 1 1 1 2 2 1  762    1 
11 1 1 1 1 2 2 1  770    1 
11 1 0 0 1 1 1 1  539    1 
11 1 0 2 3 3 3 1  788    1 
11 1 1 2 2 3 3 1  443    1 
11 1 0 1 2 2 2 1  681    1 
11 1 0 0 1 1 1 1  565    1 
11 1 1 3 3 4 4 1  526    0 
11 1 1 1 1 2 2 1  608    1 
11 1 1 1 1 2 2 1  463    1 
11 1 0 3 0 4 4 1  507    1 
11 1 1 2 2 3 3 1  526    1 
11 1 1 2 2 3 3 1  488    1 
11 1 1 2 2 3 3 1  444    1 
11 1 0 3 0 4 4 1  473    1 
11 1 1 2 2 3 3 1  469    1 
11 1 0 0 1 1 1 1  561    1 
11 1 1 1 1 2 2 1  530    1 
11 1 1 0 0 1 1 1  540    1 
11 1 1 2 2 3 3 1  533    1 
11 1 1 3 3 4 4 1  495    1 
11 1 0 3 0 4 4 1  738    1 
11 1 0 0 1 1 1 1  636    6 
11 1 0 0 1 1 1 1  513    1 
11 1 1 2 2 3 3 1  524    1 
11 1 1 1 1 2 2 1  646    1 
11 1 1 0 0 1 1 1  595    1 
11 1 0 2 3 3 3 1  667    1 
11 1 0 3 0 4 4 1  575    1 
11 1 1 2 2 3 3 1 1135    1 
11 1 1 2 2 3 3 1  424    1 
11 1 0 3 0 4 4 1  535    1 
11 1 1 2 2 3 3 1  640    1 
11 1 0 1 2 2 2 1  741    0 
11 1 0 3 0 4 4 1  503    1 
11 1 0 1 2 2 2 1  626    1 
11 1 1 2 2 3 3 1  696    1 
11 1 0 3 0 4 4 1  611    1 
11 1 1 2 2 3 3 1  954    1 
11 1 1 2 2 3 3 1  395    1 
11 1 1 0 0 1 1 1  602    1 
11 1 1 1 1 2 2 1  513    1 
11 1 0 0 1 1 1 1  532    1 
11 1 0 3 0 4 4 1  582    1 
11 1 1 2 2 3 3 1  446    1 
11 1 0 1 2 2 2 1 1555    1 
11 1 0 3 0 4 4 1  676    1 
11 1 1 0 0 1 1 1  648    0 
11 1 0 3 0 4 4 1  638    1 
11 1 1 3 3 4 4 1  387    1 
11 1 0 0 1 1 1 1  570    1 
11 1 1 3 3 4 4 1  546    1 
11 1 1 1 1 2 2 1  652    1 
11 1 0 1 2 2 2 1  537    0 
11 1 1 1 1 2 2 1  490    1 
11 1 1 2 2 3 3 1  525    1 
11 1 0 0 1 1 1 1  496    1 
11 1 0 2 3 3 3 1  539    1 
11 1 0 0 1 1 1 1  516    1 
11 1 1 2 2 3 3 1  519    1 
11 1 1 3 3 4 4 1  449    1 
11 1 1 1 1 2 2 1  589    1 
11 1 0 2 3 3 3 1  493    1 
11 1 0 1 2 2 2 1  568    1 
11 1 0 1 2 2 2 1  480    1 
11 1 1 2 2 3 3 1  660    1 
11 1 0 3 0 4 4 1  529    1 
11 1 0 1 2 2 2 1  619    1 
11 1 0 0 1 1 1 1  633    0 
11 1 1 3 3 4 4 1  527    1 
11 1 1 3 3 4 4 1  585    1 
11 1 0 1 2 2 2 1  608    1 
11 1 0 3 0 4 4 1  495    1 
11 1 1 1 1 2 2 1  498    1 
11 1 0 3 0 4 4 1  662    1 
11 1 0 3 0 4 4 1  579    1 
11 1 0 1 2 2 2 1  587    1 
11 1 0 1 2 2 2 1  626    1 
11 1 0 3 0 4 4 1  568    1 
11 1 0 2 3 3 3 1  560    1 
11 1 1 1 1 2 2 1  545    1 
11 1 0 1 2 2 2 1  619    1 
11 1 0 0 1 1 1 1  441    1 
11 1 0 1 2 2 2 1  734    1 
11 1 1 2 2 3 3 1  543    1 
11 1 0 1 2 2 2 1  625    1 
11 1 1 2 2 3 3 1  607    1 
11 1 0 1 2 2 2 1  670    1 
11 1 0 1 2 2 2 1  490    1 
11 1 0 0 1 1 1 1  605    1 
11 1 1 2 2 3 3 1  548    1 
11 1 1 3 3 4 4 1  597    1 
11 1 0 3 0 4 4 1  461    1 
11 1 0 0 1 1 1 1  634    1 
11 1 1 0 0 1 1 1  567    1 
11 1 0 3 0 4 4 1  575    1 
11 1 1 3 3 4 4 1  495    1 
11 1 1 3 3 4 4 1  371    0 
11 1 1 3 3 4 4 1  483    1 
11 1 0 0 1 1 1 1  518    1 
11 1 0 1 2 2 2 1  720    1 
11 1 1 0 0 1 1 1  546    1 
11 1 0 0 1 1 1 1  652    1 
11 1 0 1 2 2 2 1  577    1 
11 1 1 0 0 1 1 1  577    1 
11 1 0 3 0 4 4 1  601    1 
11 1 0 0 1 1 1 1  655    1 
11 1 0 2 3 3 3 1  548    1 
11 1 1 2 2 3 3 1  462    1 
11 1 0 1 2 2 2 1  954    1 
11 1 0 2 3 3 3 1 1019    1 
11 1 0 1 2 2 2 1  593    1 
11 1 0 0 1 1 1 1  585    1 
11 1 1 2 2 3 3 1  568    1 
11 1 0 1 2 2 2 1  616    1 
11 1 0 3 0 4 4 1  550   32 
11 1 0 3 0 4 4 1  447    1 
11 1 1 3 3 4 4 1  421    1 
11 1 0 0 1 1 1 1  579    1 
11 1 1 3 3 4 4 1  803    0 
11 1 1 0 0 1 1 1  538    1 
11 1 0 3 0 4 4 1  763    1 
11 1 1 1 1 2 2 1  676    1 
11 1 1 3 3 4 4 1  528    1 
11 1 1 0 0 1 1 1  618    1 
11 1 0 0 1 1 1 1  864    1 
11 1 0 0 1 1 1 1  509    1 
11 1 0 1 2 2 2 1  631    1 
11 1 1 1 1 2 2 1  606    1 
11 1 0 1 2 2 2 1  524    1 
11 1 0 1 2 2 2 1  726    1 
11 1 1 0 0 1 1 1  561    1 
11 1 1 0 0 1 1 1  425   37 
11 1 1 0 0 1 1 1  407    1 
11 1 1 1 1 2 2 1  590    0 
11 1 1 3 3 4 4 1  526    1 
11 1 1 0 0 1 1 1  584    1 
11 1 0 3 0 4 4 1 1832    1 
11 1 0 3 0 4 4 1 1157    1 
11 1 0 3 0 4 4 1  822    1 
11 1 0 3 0 4 4 1  572    1 
11 1 1 1 1 2 2 1 1844    1 
11 1 0 3 0 4 4 1  682    1 
11 1 0 3 0 4 4 1  669    1 
11 1 1 2 2 3 3 1  545    1 
11 1 1 3 3 4 4 1  611    1 
11 1 0 0 1 1 1 1  738    1 
11 1 0 0 1 1 1 1  691    1 
11 1 0 0 1 1 1 1  606    1 
11 1 0 0 1 1 1 1  605    1 
11 1 0 1 2 2 2 1  700    1 
11 1 0 1 2 2 2 1  511    1 
11 1 0 2 3 3 3 1  634    1 
11 1 1 3 3 4 4 1  767    1 
11 1 1 0 0 1 1 1  599    1 
11 1 1 3 3 4 4 1  486    1 
11 1 1 2 2 3 3 1  849    1 
11 1 0 2 3 3 3 1  486    1 
11 1 0 2 3 3 3 1  465    0 
11 1 1 0 0 1 1 1  654    1 
11 1 0 1 2 2 2 1  578    1 
11 1 0 1 2 2 2 1 2018    1 
11 1 0 2 3 3 3 1  721    1 
11 1 0 1 2 2 2 1  651    1 
11 1 0 2 3 3 3 1  679    1 
11 1 0 0 1 1 1 1  780    1 
11 1 1 0 0 1 1 1  644    1 
11 1 1 2 2 3 3 1  545    1 
11 1 1 1 1 2 2 1  690    1 
11 1 1 0 0 1 1 1  526    1 
11 1 1 3 3 4 4 1 1040    0 
11 1 1 3 3 4 4 1  437    1 
11 1 0 3 0 4 4 1  523    1 
11 1 1 3 3 4 4 1  461    1 
11 1 1 2 2 3 3 1  538    1 
11 1 1 2 2 3 3 1  419    1 
11 1 1 1 1 2 2 1  585    1 
11 1 1 0 0 1 1 1  513    0 
11 1 0 0 1 1 1 1  499    1 
11 1 1 0 0 1 1 1  598    1 
11 1 1 3 3 4 4 1  622    1 
11 1 1 3 3 4 4 1  340    1 
11 1 1 2 2 3 3 1  493    1 
11 1 1 1 1 2 2 1 1272    1 
11 1 0 0 1 1 1 1  597    1 
11 1 1 2 2 3 3 1  572    1 
11 1 1 1 1 2 2 1  660    1 
11 1 0 1 2 2 2 1  673    1 
11 1 1 1 1 2 2 1  373    1 
11 1 0 0 1 1 1 1  509    1 
11 1 1 2 2 3 3 1  616    1 
11 1 0 3 0 4 4 1  550    1 
11 1 1 3 3 4 4 1  591    1 
11 1 0 2 3 3 3 1  838    0 
11 1 0 0 1 1 1 1  572    1 
11 1 0 0 1 1 1 1  564    1 
11 1 1 2 2 3 3 1  500    1 
11 1 0 0 1 1 1 1  503    1 
11 1 1 1 1 2 2 1  698    1 
11 1 0 2 3 3 3 1  557    1 
11 1 0 2 3 3 3 1  566    1 
11 1 1 3 3 4 4 1  518    1 
11 1 1 2 2 3 3 1  472    1 
11 1 1 2 2 3 3 1  796    1 
11 1 1 1 1 2 2 1  524    1 
11 1 0 3 0 4 4 1  526    1 
11 1 1 2 2 3 3 1  528    1 
11 1 0 1 2 2 2 1  562    1 
11 1 1 0 0 1 1 1  507    1 
11 1 0 1 2 2 2 1  598    1 
11 1 1 0 0 1 1 1  573    1 
11 1 0 0 1 1 1 1  525    1 
11 1 0 0 1 1 1 1  447    0 
11 1 1 2 2 3 3 1  517    1 
11 1 0 2 3 3 3 1  439    1 
11 1 0 3 0 4 4 1  564    1 
11 1 1 2 2 3 3 1  509    0 
11 1 1 3 3 4 4 1  552    1 
11 1 1 3 3 4 4 1  400    1 
11 1 1 2 2 3 3 1  503    1 
11 1 0 0 1 1 1 1  578    1 
11 1 0 3 0 4 4 1  578    1 
11 1 1 2 2 3 3 1  474    1 
11 1 1 3 3 4 4 1  550    1 
11 1 1 0 0 1 1 1  559    1 
11 1 0 2 3 3 3 1  600    1 
11 1 0 3 0 4 4 1  583    1 
11 1 1 2 2 3 3 1  486    1 
11 1 1 1 1 2 2 1  369    1 
11 1 0 0 1 1 1 1  513    1 
11 1 1 1 1 2 2 1  428    1 
11 1 0 1 2 2 2 1  618    1 
11 1 0 1 2 2 2 1  520    1 
11 1 1 0 0 1 1 1  530    1 
11 1 0 1 2 2 2 1  525    1 
11 1 1 0 0 1 1 1  487    1 
11 1 1 1 1 2 2 1  426    0 
11 1 0 2 3 3 3 1  544    1 
11 1 0 1 2 2 2 1  634    1 
11 1 1 2 2 3 3 1  415    1 
11 1 0 0 1 1 1 1  606    1 
11 1 1 1 1 2 2 1  692    0 
11 1 1 1 1 2 2 1  472    1 
11 1 0 3 0 4 4 1  940    1 
11 1 0 1 2 2 2 1  589    1 
11 1 0 0 1 1 1 1  509    1 
11 1 1 1 1 2 2 1  536    1 
11 1 1 0 0 1 1 1  505    1 
11 1 0 1 2 2 2 1  564    1 
11 1 0 0 1 1 1 1  629    0 
11 1 0 1 2 2 2 1  867    1 
11 1 1 1 1 2 2 1  415    1 
11 1 1 1 1 2 2 1  486    1 
11 1 1 0 0 1 1 1  505    1 
11 1 1 3 3 4 4 1  772    1 
11 1 0 1 2 2 2 1  516    1 
11 1 0 1 2 2 2 1  590    1 
11 1 0 2 3 3 3 1  565    1 
11 1 0 0 1 1 1 1  517    1 
11 1 0 3 0 4 4 1  568    1 
11 1 1 3 3 4 4 1  408    1 
11 1 1 0 0 1 1 1  510    1 
11 1 1 2 2 3 3 1  505    1 
11 1 1 2 2 3 3 1  420    1 
11 1 1 1 1 2 2 1  714    1 
11 1 0 0 1 1 1 1  493    0 
11 1 0 0 1 1 1 1  576    1 
11 1 1 2 2 3 3 1  456    1 
11 1 0 2 3 3 3 1  485    1 
11 1 0 1 2 2 2 1  792    0 
11 1 0 1 2 2 2 1  504    1 
11 1 1 3 3 4 4 1  531    1 
11 1 0 0 1 1 1 1  485    1 
11 1 1 3 3 4 4 1  440    1 
11 1 1 3 3 4 4 1  390    0 
11 1 1 3 3 4 4 1  405    1 
11 1 1 1 1 2 2 1  588    1 
11 1 1 3 3 4 4 1  619    1 
11 1 0 2 3 3 3 1  521    1 
11 1 1 1 1 2 2 1  547    1 
11 1 1 1 1 2 2 1  453    1 
11 1 1 3 3 4 4 1  626    1 
11 1 0 1 2 2 2 1  536    1 
11 1 0 2 3 3 3 1  657    1 
11 1 0 3 0 4 4 1  670    1 
11 1 1 0 0 1 1 1  562    1 
11 1 0 1 2 2 2 1  587    0 
11 1 0 3 0 4 4 1  570    1 
11 1 1 3 3 4 4 1  794    1 
11 1 1 2 2 3 3 1  570    1 
11 1 0 3 0 4 4 1  626    1 
11 1 0 3 0 4 4 1  704    1 
11 1 0 3 0 4 4 1  515    1 
11 1 0 0 1 1 1 1  653    1 
11 1 1 1 1 2 2 1  578    1 
11 1 0 2 3 3 3 1  546    1 
11 1 0 2 3 3 3 1  436    1 
11 1 1 0 0 1 1 1  497    1 
11 1 1 2 2 3 3 1  660    1 
11 1 0 2 3 3 3 1  441    1 
11 1 1 2 2 3 3 1  463    1 
11 1 0 3 0 4 4 1  571    1 
11 1 1 0 0 1 1 1  595    1 
11 1 1 2 2 3 3 1  523    1 
11 1 0 2 3 3 3 1  477    1 
11 1 1 3 3 4 4 1  585    1 
11 1 0 0 1 1 1 1  576    1 
11 1 0 2 3 3 3 1  561    1 
11 1 0 2 3 3 3 1  769    1 
11 1 0 0 1 1 1 1  857    1 
11 1 0 3 0 4 4 1  750    1 
11 1 1 0 0 1 1 1  583    1 
11 1 1 1 1 2 2 1  718    1 
11 1 1 2 2 3 3 1  657    1 
11 1 0 1 2 2 2 1  709    1 
11 1 1 2 2 3 3 1  520    1 
11 1 1 0 0 1 1 1  682    1 
11 1 0 1 2 2 2 1  814    1 
11 1 0 1 2 2 2 1  548    1 
11 1 1 3 3 4 4 1  558    1 
11 1 0 3 0 4 4 1  431    1 
11 1 1 1 1 2 2 1  581    1 
11 1 0 3 0 4 4 1  613    1 
11 1 0 3 0 4 4 1  499    1 
11 1 0 1 2 2 2 1  502    1 
11 1 1 0 0 1 1 1  625    1 
11 1 1 0 0 1 1 1  583    1 
11 1 1 0 0 1 1 1  447    1 
11 1 0 0 1 1 1 1  460    1 
