12 1 1 1 1 2 2 1 4098    0 
12 1 0 3 0 4 4 1 3621    1 
12 1 0 3 0 4 4 1  739    1 
12 1 0 0 1 1 1 1  789    1 
12 1 1 3 3 4 4 1  852    1 
12 1 1 1 1 2 2 1  833    1 
12 1 1 3 3 4 4 1  670    1 
12 1 1 2 2 3 3 1  987    0 
12 1 0 3 0 4 4 1  858    1 
12 1 1 1 1 2 2 1 1447    1 
12 1 0 1 2 2 2 1  628    1 
12 1 1 3 3 4 4 1  562    1 
12 1 1 2 2 3 3 1  475    1 
12 1 0 2 3 3 3 1  527    1 
12 1 1 1 1 2 2 1  737    1 
12 1 1 3 3 4 4 1  611    1 
12 1 1 1 1 2 2 1 1025    1 
12 1 0 3 0 4 4 1  720    1 
12 1 1 2 2 3 3 1 1258    1 
12 1 0 2 3 3 3 1  470    1 
12 1 1 3 3 4 4 1  747    1 
12 1 1 1 1 2 2 1  780    1 
12 1 0 1 2 2 2 1 1164    1 
12 1 1 0 0 1 1 1  653    1 
12 1 0 2 3 3 3 1  562    1 
12 1 1 3 3 4 4 1  618    1 
12 1 0 1 2 2 2 1  896    1 
12 1 0 3 0 4 4 1  604    1 
12 1 1 3 3 4 4 1  515    1 
12 1 0 0 1 1 1 1  645    1 
12 1 0 1 2 2 2 1  763    1 
12 1 1 3 3 4 4 1  580    1 
12 1 0 3 0 4 4 1  580    1 
12 1 0 1 2 2 2 1  764    1 
12 1 1 0 0 1 1 1  613    1 
12 1 1 1 1 2 2 1  995    1 
12 1 0 2 3 3 3 1  691    1 
12 1 1 1 1 2 2 1  998    1 
12 1 1 3 3 4 4 1  510    0 
12 1 0 3 0 4 4 1 1000    1 
12 1 0 3 0 4 4 1  679    1 
12 1 0 0 1 1 1 1 1315    1 
12 1 0 1 2 2 2 1  693    0 
12 1 1 1 1 2 2 1  617    1 
12 1 0 0 1 1 1 1  583    1 
12 1 0 2 3 3 3 1  790   50 
12 1 1 0 0 1 1 1 1190    1 
12 1 0 1 2 2 2 1  805    1 
12 1 0 1 2 2 2 1  460    1 
12 1 0 3 0 4 4 1  553   10 
12 1 1 0 0 1 1 1  498    1 
12 1 1 1 1 2 2 1  573    1 
12 1 0 0 1 1 1 1  565    1 
12 1 1 1 1 2 2 1  782    1 
12 1 1 2 2 3 3 1  638    1 
12 1 0 2 3 3 3 1  771    1 
12 1 0 2 3 3 3 1  523    1 
12 1 0 1 2 2 2 1  805    1 
12 1 1 3 3 4 4 1  484    1 
12 1 1 3 3 4 4 1  760    1 
12 1 0 2 3 3 3 1  672    1 
12 1 1 1 1 2 2 1  645    1 
12 1 1 1 1 2 2 1  514   38 
12 1 0 3 0 4 4 1  637    1 
12 1 1 0 0 1 1 1  554    1 
12 1 0 2 3 3 3 1  699    1 
12 1 0 0 1 1 2 0  758    0 
12 1 0 0 1 1 1 1 1380    9 
12 1 0 0 1 1 1 1  621    1 
12 1 1 3 3 4 4 1  651    1 
12 1 0 1 2 2 2 1  647    1 
12 1 0 2 3 3 3 1  701    1 
12 1 0 2 3 3 3 1  488    1 
12 1 1 0 0 1 1 1  499    1 
12 1 1 2 2 3 3 1 1662    1 
12 1 1 2 2 3 3 1  523    1 
12 1 1 2 2 3 3 1  469    1 
12 1 1 2 2 3 3 1  457    1 
12 1 0 1 2 2 2 1  774    1 
12 1 1 2 2 3 3 1  630    1 
12 1 1 0 0 1 1 1  612    1 
12 1 0 3 0 4 4 1  594   12 
12 1 1 1 1 2 2 1  690    1 
12 1 1 3 3 4 4 1  581    1 
12 1 0 0 1 1 1 1  557    1 
12 1 1 1 1 2 1 0  454    1 
12 1 0 2 3 3 3 1 1409    1 
12 1 0 3 0 4 4 1  584    1 
12 1 0 2 3 3 3 1  647    1 
12 1 0 2 3 3 3 1  693    1 
12 1 0 0 1 1 1 1  576    1 
12 1 1 1 1 2 2 1 1152    1 
12 1 1 2 2 3 3 1  553   48 
12 1 0 3 0 4 4 1  562    1 
12 1 1 3 3 4 4 1  530    1 
12 1 0 0 1 1 1 1  637    1 
12 1 1 0 0 1 1 1  618    1 
12 1 1 2 2 3 3 1  576    0 
12 1 0 0 1 1 1 1  720    1 
12 1 0 3 0 4 4 1  666   43 
12 1 0 0 1 1 1 1 1318    1 
12 1 0 2 3 3 3 1  584    1 
12 1 0 0 1 1 1 1  584    1 
12 1 0 0 1 1 1 1  551    1 
12 1 1 0 0 1 1 1  480    1 
12 1 0 3 0 4 4 1  612    1 
12 1 0 1 2 2 2 1  955    1 
12 1 1 3 3 4 4 1  564    1 
12 1 1 0 0 1 1 1 2476    1 
12 1 0 3 0 4 4 1  649    1 
12 1 0 2 3 3 3 1  565    1 
12 1 1 3 3 4 4 1  597    1 
12 1 0 3 0 4 4 1  605    1 
12 1 1 0 0 1 1 1  500    1 
12 1 1 0 0 1 1 1  526    1 
12 1 1 3 3 4 4 1  489    1 
12 1 1 2 2 3 3 1  700    1 
12 1 0 2 3 3 3 1  703    1 
12 1 1 1 1 2 2 1  713    1 
12 1 0 2 3 3 3 1  644    1 
12 1 1 2 2 3 3 1  954    1 
12 1 0 2 3 3 3 1  618    1 
12 1 1 2 2 3 3 1  481    1 
12 1 1 0 0 1 1 1  501    1 
12 1 0 0 1 1 1 1  583    1 
12 1 0 0 1 1 1 1  703    1 
12 1 0 3 0 4 4 1  642    1 
12 1 1 3 3 4 4 1  607    1 
12 1 1 2 2 3 3 1  606    1 
12 1 1 1 1 2 2 1 1373    1 
12 1 1 0 0 1 1 1  613    1 
12 1 0 2 3 3 3 1  587    1 
12 1 1 3 3 4 4 1  619    1 
12 1 0 2 3 3 3 1  921    1 
12 1 0 1 2 2 2 1  819    1 
12 1 1 3 3 4 4 1  609    1 
12 1 0 1 2 2 2 1 1480    1 
12 1 0 1 2 2 2 1  556    1 
12 1 0 1 2 2 2 1  509    1 
12 1 1 2 2 3 3 1  647    1 
12 1 0 3 0 4 4 1  557    1 
12 1 1 3 3 4 4 1  862    1 
12 1 1 0 0 1 1 1  483    1 
12 1 1 3 3 4 3 0  558    1 
12 1 1 1 1 2 2 1 1565    1 
12 1 1 1 1 2 2 1  622    0 
12 1 0 3 0 4 4 1  596    1 
12 1 1 3 3 4 4 1  627    0 
12 1 0 1 2 2 2 1  705    1 
12 1 1 0 0 1 1 1  612    1 
12 1 1 0 0 1 1 1  523    1 
12 1 0 0 1 1 1 1  621    1 
12 1 0 2 3 3 3 1  763    1 
12 1 1 1 1 2 2 1  916    1 
12 1 1 2 2 3 3 1  974    1 
12 1 1 0 0 1 1 1  494    1 
12 1 1 1 1 2 2 1  713    1 
12 1 0 1 2 2 2 1  636    1 
12 1 1 2 2 3 3 1  681    1 
12 1 0 0 1 1 1 1  550    1 
12 1 1 3 3 4 4 1  542    1 
12 1 0 0 1 1 1 1 1128    1 
12 1 1 1 1 2 2 1  698    1 
12 1 1 2 2 3 3 1  565    1 
12 1 0 2 3 3 3 1  573    1 
12 1 1 3 3 4 4 1  573    1 
12 1 0 0 1 1 1 1  558    1 
12 1 1 1 1 2 2 1  582    1 
12 1 0 0 1 1 1 1  510    1 
12 1 0 0 1 1 1 1  592    1 
12 1 0 1 2 2 2 1  792    1 
12 1 0 2 3 3 3 1  639    1 
12 1 0 2 3 3 3 1  477    1 
12 1 0 0 1 1 1 1  513    1 
12 1 0 1 2 2 2 1  876    1 
12 1 0 2 3 3 3 1  520    1 
12 1 0 0 1 1 1 1  570    1 
12 1 1 2 2 3 3 1  562    1 
12 1 1 3 3 4 4 1  531    1 
12 1 1 2 2 3 3 1  725    1 
12 1 1 3 3 4 4 1  575    0 
12 1 1 1 1 2 2 1  671    1 
12 1 1 2 2 3 3 1  595    1 
12 1 0 1 2 2 2 1  658    1 
12 1 1 1 1 2 2 1  623    1 
12 1 0 3 0 4 4 1  677    1 
12 1 0 0 1 1 1 1  561    1 
12 1 1 1 1 2 2 1  738    1 
12 1 0 0 1 1 1 1  564    1 
12 1 1 0 0 1 1 1  620    1 
12 1 0 0 1 1 1 1  746    1 
12 1 1 0 0 1 1 1  596    1 
12 1 0 2 3 3 3 1 3268    1 
12 1 1 1 1 2 2 1 2256    1 
12 1 1 3 3 4 4 1 1773    1 
12 1 1 3 3 4 4 1  477    1 
12 1 1 0 0 1 1 1  673    1 
12 1 0 2 3 3 3 1  733    1 
12 1 0 1 2 2 2 1  766    1 
12 1 1 3 3 4 4 1  543    1 
12 1 0 0 1 1 1 1  608    1 
12 1 1 0 0 1 1 1  431    1 
12 1 1 0 0 1 1 1  365   36 
12 1 0 1 2 2 2 1  653    1 
12 1 0 3 0 4 4 1  562    1 
12 1 1 3 3 4 4 1  491    1 
12 1 1 1 1 2 2 1  646    1 
12 1 1 1 1 2 2 1  484    1 
12 1 0 2 3 3 3 1  607    1 
12 1 1 3 3 4 4 1  550    1 
12 1 1 3 3 4 4 1  471    1 
12 1 0 3 0 4 4 1  547    1 
12 1 1 3 3 4 4 1  468    1 
12 1 0 0 1 1 1 1  600    1 
12 1 0 1 2 2 2 1  639   50 
12 1 0 0 1 1 1 1  621    1 
12 1 0 2 3 3 3 1  699    1 
12 1 0 2 3 3 3 1  501    1 
12 1 1 1 1 2 2 1 1160    1 
12 1 0 1 2 2 2 1  529    1 
12 1 1 2 2 3 3 1  515    2 
12 1 0 2 3 3 3 1  638    1 
12 1 1 3 3 4 4 1  435    1 
12 1 0 0 1 1 1 1  553    1 
12 1 0 0 1 1 1 1  409    1 
12 1 1 0 0 1 1 1  408    1 
12 1 0 2 3 3 3 1  607    1 
12 1 1 1 1 2 2 1  822    1 
12 1 0 0 1 1 1 1  556    1 
12 1 0 3 0 4 4 1  565    1 
12 1 1 0 0 1 1 1  501    1 
12 1 1 2 2 3 3 1  616    1 
12 1 0 2 3 3 3 1  478    1 
12 1 0 0 1 1 1 1  706    1 
12 1 0 1 2 2 2 1 1021  115 
12 1 0 3 0 4 4 1  539    1 
12 1 1 0 0 1 1 1  493    1 
12 1 1 1 1 2 3 0 1000   49 
12 1 0 1 2 2 2 1  621   37 
12 1 0 2 3 3 3 1  459    4 
12 1 0 0 1 1 1 1  528    1 
12 1 1 3 3 4 4 1  522    1 
12 1 0 3 0 4 4 1  452    1 
12 1 1 2 2 3 3 1  841    1 
12 1 0 1 2 2 2 1  574    1 
12 1 0 3 0 4 4 1  510    1 
12 1 1 3 3 4 4 1  441    1 
12 1 1 0 0 1 1 1  494    0 
12 1 1 1 1 2 2 1  554    1 
12 1 1 0 0 1 1 1  474    1 
12 1 1 2 2 3 3 1  687    1 
12 1 1 1 1 2 1 0  522    1 
12 1 0 1 2 2 2 1  538    1 
12 1 0 3 0 4 4 1  700    1 
12 1 1 0 0 1 1 1  558    1 
12 1 0 2 3 3 3 1  599    1 
12 1 0 0 1 1 1 1  486    1 
12 1 1 2 2 3 3 1  569    1 
12 1 0 2 3 3 3 1  673    1 
12 1 1 2 2 3 3 1  421    1 
12 1 0 2 3 3 3 1  427    1 
12 1 0 3 0 4 4 1  522    1 
12 1 1 1 1 2 2 1  596    0 
12 1 0 2 3 3 3 1  731    1 
12 1 1 0 0 1 1 1  597    1 
12 1 1 1 1 2 2 1  565    1 
12 1 1 0 0 1 1 1  501    1 
12 1 0 2 3 3 3 1  520    1 
12 1 0 3 0 4 4 1  562    1 
12 1 0 2 3 3 3 1  563    1 
12 1 1 0 0 1 1 1  524    1 
12 1 1 1 1 2 2 1  502    1 
12 1 0 0 1 1 1 1  585    1 
12 1 0 3 0 4 4 1  584    1 
12 1 0 3 0 4 4 1  479    1 
12 1 0 3 0 4 4 1  403    1 
12 1 1 1 1 2 2 1  618    1 
12 1 0 3 0 4 4 1  552    1 
12 1 0 1 2 2 2 1  553    1 
12 1 1 2 2 3 3 1  538    4 
12 1 0 1 2 2 2 1  723    1 
12 1 1 1 1 2 2 1  413    4 
12 1 0 3 0 4 3 0  476   23 
12 1 0 3 0 4 4 1  454    1 
12 1 1 1 1 2 2 1  515  375 
12 1 1 0 0 1 1 1  646    1 
12 1 0 3 0 4 4 1  499   10 
12 1 1 3 3 4 4 1  470    1 
12 1 1 2 2 3 3 1  650    0 
12 1 0 0 1 1 1 1  439    1 
12 1 0 3 0 4 4 1  572    1 
12 1 1 0 0 1 1 1  588   42 
12 1 1 2 2 3 3 1  683    1 
12 1 1 0 0 1 1 1  502    1 
12 1 0 1 2 2 2 1  633    1 
12 1 1 0 0 1 1 1  591    0 
12 1 0 2 3 3 3 1  614    1 
12 1 0 0 1 1 1 1  509    1 
12 1 0 2 3 3 3 1 1760    1 
12 1 1 2 2 3 3 1  456    1 
12 1 0 3 0 4 4 1  421    1 
12 1 1 1 1 2 1 0  507   10 
12 1 1 3 3 4 4 1  572    1 
12 1 1 0 0 1 1 1  444    1 
12 1 1 3 3 4 4 1  482    1 
12 1 1 0 0 1 1 1  638    1 
12 1 0 1 2 2 2 1  683    1 
12 1 1 1 1 2 2 1  462    1 
12 1 0 2 3 3 3 1  539    1 
12 1 0 2 3 3 3 1  429    1 
12 1 0 3 0 4 4 1  539    1 
12 1 1 1 1 2 2 1  668   41 
12 1 1 1 1 2 2 1  440    1 
12 1 0 1 2 2 2 1  542    1 
12 1 1 3 3 4 4 1  543   10 
12 1 0 1 2 2 2 1  528    1 
12 1 0 0 1 1 1 1  507    1 
12 1 1 0 0 1 1 1  501    1 
12 1 1 1 1 2 2 1  832    1 
12 1 0 2 3 3 3 1  934    1 
12 1 0 0 1 1 1 1  599   10 
12 1 0 3 0 4 4 1  550    1 
12 1 1 1 1 2 2 1  575    1 
12 1 0 0 1 1 1 1  711    1 
12 1 1 1 1 2 2 1  641    1 
12 1 1 2 2 3 3 1  551    1 
12 1 0 1 2 2 2 1  648    2 
12 1 0 2 3 3 3 1 1405    1 
12 1 0 0 1 1 1 1  548    1 
12 1 0 2 3 3 3 1  533    1 
12 1 1 0 0 1 1 1  671    1 
12 1 0 0 1 1 1 1  427    1 
12 1 0 0 1 1 1 1  385    1 
12 1 0 2 3 3 3 1  512   43 
12 1 1 2 2 3 3 1  531    1 
12 1 1 1 1 2 2 1  701    1 
12 1 0 2 3 3 4 0  512    1 
12 1 1 3 3 4 4 1  489    1 
12 1 1 3 3 4 4 1  476    1 
12 1 1 1 1 2 2 1  544    1 
12 1 1 3 3 4 4 1  706    0 
12 1 0 0 1 1 1 1  644    1 
12 1 1 3 3 4 4 1  506    0 
12 1 1 1 1 2 2 1  548    1 
12 1 1 1 1 2 2 1  830    1 
12 1 1 0 0 1 1 1  588    1 
12 1 0 0 1 1 1 1  483    1 
12 1 0 1 2 2 2 1  583    1 
12 1 1 1 1 2 2 1  590    1 
12 1 0 3 0 4 4 1  534    1 
12 1 1 2 2 3 3 1  663    1 
12 1 1 2 2 3 3 1  516    0 
12 1 0 3 0 4 4 1  526    1 
12 1 1 2 2 3 3 1  552    1 
12 1 0 1 2 2 2 1  529    0 
12 1 1 1 1 2 2 1  547    4 
12 1 1 2 2 3 3 1  572    1 
12 1 0 3 0 4 4 1  500    1 
12 1 0 1 2 2 2 1  847    1 
12 1 0 0 1 1 1 1  645    1 
12 1 0 2 3 3 3 1  538    1 
12 1 0 2 3 3 3 1  603    1 
12 1 0 2 3 3 3 1  530    9 
12 1 1 3 3 4 4 1  636    1 
12 1 1 0 0 1 1 1  522    1 
12 1 1 0 0 1 1 1  380    1 
12 1 0 2 3 3 3 1  508    1 
12 1 1 2 2 3 3 1  463    1 
12 1 1 1 1 2 1 0  619    1 
12 1 1 0 0 1 1 1  656    1 
12 1 0 0 1 1 1 1  508    9 
12 1 1 2 2 3 3 1  519    1 
12 1 1 3 3 4 4 1  497   12 
12 1 0 2 3 3 3 1  597    1 
12 1 1 0 0 1 1 1  644    1 
12 1 1 3 3 4 4 1  521    1 
12 1 1 3 3 4 4 1  420    1 
12 1 0 1 2 2 2 1  594    1 
12 1 1 1 1 2 2 1  481    1 
12 1 0 3 0 4 4 1  613    1 
12 1 1 3 3 4 4 1  628    1 
12 1 0 0 1 1 1 1  602   21 
12 1 1 3 3 4 4 1  481    1 
12 1 0 2 3 3 3 1  565    1 
