14 1 0 1 3 2 0 0 5000    1 
14 1 0 2 0 3 3 1 1640    1 
14 1 0 3 1 4 4 1 1014    1 
14 1 1 1 1 2 2 1 1605    1 
14 1 0 2 0 3 3 1  691    0 
14 1 0 1 3 2 2 1  855    1 
14 1 0 2 0 3 3 1  884    1 
14 1 0 0 2 1 1 1  975    1 
14 1 1 2 2 3 3 1 1135    1 
14 1 1 0 0 1 1 1  721    1 
14 1 0 2 0 3 3 1  611    1 
14 1 0 0 2 1 1 1  746    1 
14 1 0 1 3 2 2 1  683    1 
14 1 1 3 3 4 4 1  855    1 
14 1 1 3 3 4 4 1  524    1 
14 1 1 3 3 4 4 1  510    1 
14 1 1 2 2 3 3 1  649   46 
14 1 1 0 0 1 1 1  654    1 
14 1 0 2 0 3 3 1  579    1 
14 1 1 3 3 4 4 1  539   10 
14 1 0 0 2 1 1 1  773    1 
14 1 0 0 2 1 1 1 1157    1 
14 1 1 0 0 1 1 1 1101    1 
14 1 0 3 1 4 4 1  784    1 
14 1 0 2 0 3 3 1  496    1 
14 1 1 1 1 2 2 1  603    1 
14 1 0 1 3 2 2 1 1474    1 
14 1 0 1 3 2 2 1  662    1 
14 1 0 0 2 1 1 1  611    1 
14 1 1 1 1 2 2 1 1218    1 
14 1 0 1 3 2 2 1  648    1 
14 1 0 2 0 3 3 1  598    1 
14 1 0 2 0 3 3 1  669    1 
14 1 0 0 2 1 1 1  673    1 
14 1 0 2 0 3 3 1  557    1 
14 1 1 3 3 4 4 1  510    1 
14 1 0 1 3 2 2 1  617    0 
14 1 1 0 0 1 1 1  567    4 
14 1 0 0 2 1 1 1 1087    1 
14 1 0 1 3 2 2 1  643    5 
14 1 0 3 1 4 4 1  624    1 
14 1 0 3 1 4 4 1  614    4 
14 1 1 2 2 3 3 1  629   46 
14 1 0 1 3 2 2 1  851    1 
14 1 1 2 2 3 3 1  504    1 
14 1 0 1 3 2 2 1  715    1 
14 1 1 2 2 3 3 1  630    1 
14 1 1 1 1 2 2 1  676    4 
14 1 1 0 0 1 1 1 1072    1 
14 1 0 0 2 1 1 1  644    1 
14 1 0 3 1 4 4 1  626    0 
14 1 0 0 2 1 1 1  744    1 
14 1 1 3 3 4 4 1  633    1 
14 1 1 0 0 1 1 1  631    4 
14 1 0 1 3 2 2 1 2261    1 
14 1 1 1 1 2 2 1  882    1 
14 1 0 3 1 4 4 1  598    1 
14 1 1 0 0 1 1 1  669    1 
14 1 1 2 2 3 3 1  642   10 
14 1 0 1 3 2 2 1 1359    1 
14 1 1 0 0 1 1 1  624    4 
14 1 1 2 2 3 3 1  702    1 
14 1 1 0 0 1 1 1  601    1 
14 1 0 2 0 3 3 1  600    1 
14 1 1 2 2 3 3 1  686    0 
14 1 0 0 2 1 1 1  642   10 
14 1 0 3 1 4 4 1  671    1 
14 1 1 0 0 1 1 1  732   13 
14 1 0 3 1 4 4 1  638    1 
14 1 0 1 3 2 2 1  787    1 
14 1 1 0 0 1 3 0  659    0 
14 1 0 2 0 3 3 1  613   18 
14 1 1 0 0 1 1 1  572    4 
14 1 0 2 0 3 3 1  604    1 
14 1 0 0 2 1 1 1  643    1 
14 1 1 3 3 4 4 1  617    4 
14 1 1 3 3 4 4 1  639    1 
14 1 0 0 2 1 1 1  636    1 
14 1 1 1 1 2 2 1  666    1 
14 1 0 1 3 2 2 1  974    1 
14 1 1 1 1 2 2 1  638    1 
14 1 1 1 1 2 2 1  612   10 
14 1 1 3 3 4 4 1  562    1 
14 1 1 2 2 3 3 1  627    1 
14 1 1 3 3 4 4 1  593    1 
14 1 1 2 2 3 3 1  641    1 
14 1 0 3 1 4 4 1  646    1 
14 1 0 1 3 2 2 1  652    1 
14 1 0 0 2 1 1 1  672    1 
14 1 1 1 1 2 2 1  533   10 
14 1 1 2 2 3 4 0  574    1 
14 1 0 3 1 4 4 1  572    1 
14 1 0 1 3 2 2 1  660    1 
14 1 0 0 2 1 1 1  689    1 
14 1 1 3 3 4 4 1  621   32 
14 1 0 2 0 3 3 1  699    1 
14 1 0 3 1 4 4 1  702    1 
14 1 0 0 2 1 1 1  704    9 
14 1 1 0 0 1 1 1  587    1 
14 1 0 0 2 1 1 1  707    1 
14 1 0 3 1 4 4 1  685    1 
14 1 0 3 1 4 4 1  697    1 
14 1 1 2 2 3 3 1  724    1 
14 1 1 1 1 2 2 1  623    1 
14 1 0 2 0 3 3 1  661    1 
14 1 0 2 0 3 3 1  634    8 
14 1 1 1 1 2 2 1  591    4 
14 1 0 2 0 3 3 1  590    1 
14 1 1 2 2 3 3 1  782    1 
14 1 1 2 2 3 3 1  589    1 
14 1 1 1 1 2 2 1  933    1 
14 1 0 3 1 4 4 1  526    1 
14 1 0 3 1 4 3 0  561    1 
14 1 1 3 3 4 4 1  471    1 
14 1 1 3 3 4 4 1  459    1 
14 1 0 3 1 4 4 1  504    1 
14 1 1 3 3 4 4 1  507    1 
14 1 1 0 0 1 1 1  894    4 
14 1 1 1 1 2 2 1  689    1 
14 1 1 3 3 4 4 1  501    1 
14 1 0 3 1 4 4 1  496    1 
14 1 0 3 1 4 4 1  555    1 
14 1 1 1 1 2 2 1  676    1 
14 1 1 0 0 1 1 1  976    1 
14 1 0 0 2 1 1 1  968    1 
14 1 0 3 1 4 4 1  568    1 
14 1 0 1 3 2 2 1  600   44 
14 1 0 3 1 4 4 1  575    1 
14 1 1 1 1 2 2 1 1263    1 
14 1 1 1 1 2 2 1  660    4 
14 1 0 3 1 4 4 1  577    1 
14 1 1 0 0 1 1 1  633    1 
14 1 0 2 0 3 3 1  719    1 
14 1 1 1 1 2 2 1  681    1 
14 1 0 2 0 3 3 1  637    1 
14 1 0 3 1 4 4 1  610    4 
14 1 1 1 1 2 2 1 1121    1 
14 1 0 3 1 4 4 1  587    1 
14 1 0 3 1 4 4 1  595    1 
14 1 0 3 1 4 4 1  546    1 
14 1 0 2 0 3 3 1  612    1 
14 1 1 3 3 4 4 1  483    1 
14 1 0 1 3 2 2 1  742   35 
14 1 1 2 2 3 3 1  632    1 
14 1 0 0 2 1 1 1  574    2 
14 1 1 1 1 2 3 0  630    1 
14 1 0 0 2 1 1 1  698    1 
14 1 1 1 1 2 2 1  653    5 
14 1 1 1 1 2 2 1  866    1 
14 1 1 1 1 2 2 1  558    1 
14 1 1 0 0 1 1 1  623    1 
14 1 1 3 3 4 4 1  613    8 
14 1 1 2 2 3 3 1  548    5 
14 1 0 2 0 3 3 1  630    1 
14 1 0 1 3 2 2 1  684    1 
14 1 1 0 0 1 1 1  623    1 
14 1 1 2 2 3 3 1  621    1 
14 1 1 2 2 3 3 1  604    1 
14 1 0 1 3 2 2 1  642    1 
14 1 1 0 0 1 1 1  592    1 
14 1 0 1 3 2 2 1  871    1 
14 1 1 2 2 3 3 1  555    1 
14 1 1 0 0 1 1 1  572    1 
14 1 0 0 2 1 1 1 1036    1 
14 1 1 3 3 4 4 1  570    1 
14 1 1 1 1 2 2 1  650    1 
14 1 1 3 3 4 4 1  615    1 
14 1 1 0 0 1 1 1  574    1 
14 1 1 3 3 4 4 1  558    1 
14 1 1 1 1 2 2 1  999    1 
14 1 1 0 0 1 1 1  613    1 
14 1 0 0 2 1 1 1  836    1 
14 1 0 2 0 3 3 1  754    1 
14 1 0 0 2 1 1 1  595    1 
14 1 1 0 0 1 1 1  658    1 
14 1 0 0 2 1 1 1  583    1 
14 1 1 3 3 4 4 1  566    1 
14 1 1 0 0 1 1 1  630    4 
14 1 1 1 1 2 2 1  701    0 
14 1 1 2 2 3 3 1  711    1 
14 1 1 2 2 3 3 1  578    1 
14 1 0 1 3 2 2 1  826    1 
14 1 0 1 3 2 2 1  624    4 
14 1 0 0 2 1 1 1  559    4 
14 1 0 2 0 3 3 1  783    1 
14 1 1 2 2 3 3 1  607    1 
14 1 1 2 2 3 3 1  534    1 
14 1 0 2 0 3 3 1  583    1 
14 1 1 3 3 4 4 1  535    1 
14 1 1 2 2 3 3 1  552    1 
14 1 1 2 2 3 3 1  609    1 
14 1 0 3 1 4 4 1  688    1 
14 1 1 2 2 3 3 1 2750    1 
14 1 1 0 0 1 1 1  615    1 
14 1 1 3 3 4 4 1  486    1 
14 1 0 3 1 4 4 1  801    1 
14 1 1 3 3 4 4 1  448    1 
14 1 0 2 0 3 3 1  574    1 
14 1 0 0 2 1 1 1  558    1 
14 1 0 3 1 4 4 1  542    1 
14 1 1 3 3 4 4 1  440    1 
14 1 0 0 2 1 1 1  573    0 
14 1 1 0 0 1 1 1  534    1 
14 1 1 2 2 3 4 0  455    1 
14 1 1 0 0 1 1 1  570    1 
14 1 0 2 0 3 3 1  515    1 
14 1 1 2 2 3 3 1  541    1 
14 1 0 2 0 3 3 1  550    1 
14 1 0 1 3 2 2 1  703    1 
14 1 1 0 0 1 1 1  706    1 
14 1 0 2 0 3 3 1  421    1 
14 1 0 0 2 1 3 0  611    0 
14 1 1 2 2 3 3 1  472    1 
14 1 0 0 2 1 1 1  484    1 
14 1 0 3 1 4 4 1  527    1 
14 1 1 1 1 2 2 1  681   30 
14 1 1 3 3 4 4 1  565    1 
14 1 1 1 1 2 2 1  862    1 
14 1 0 2 0 3 3 1  506    1 
14 1 1 1 1 2 1 0  517    1 
14 1 1 3 3 4 4 1  509    1 
14 1 0 2 0 3 3 1  512    1 
14 1 1 1 1 2 2 1  459    1 
14 1 0 0 2 1 1 1  576    1 
14 1 1 3 3 4 4 1  440    1 
14 1 1 0 0 1 1 1  501    1 
14 1 0 0 2 1 1 1  544    1 
14 1 1 3 3 4 4 1  490    1 
14 1 0 1 3 2 2 1 1109    1 
14 1 1 0 0 1 1 1  472    1 
14 1 1 0 0 1 1 1  468    1 
14 1 0 2 0 3 3 1  584    1 
14 1 0 3 1 4 4 1  576    1 
14 1 0 0 2 1 1 1  680    1 
14 1 0 0 2 1 1 1  564    1 
14 1 1 2 2 3 3 1  477    1 
14 1 1 3 3 4 4 1  497    1 
14 1 1 2 2 3 3 1  524    1 
14 1 0 0 2 1 1 1  510    1 
14 1 1 2 2 3 3 1  609    1 
14 1 1 2 2 3 3 1  408    1 
14 1 1 0 0 1 1 1  495    1 
14 1 0 3 1 4 4 1  554    1 
14 1 0 3 1 4 4 1  555    0 
14 1 1 3 3 4 4 1  476    1 
14 1 1 1 1 2 2 1  664    1 
14 1 1 1 1 2 2 1  525    1 
14 1 0 1 3 2 2 1  575    1 
14 1 0 0 2 1 1 1  631    1 
14 1 0 2 0 3 3 1  605    1 
14 1 1 2 2 3 3 1  604    1 
14 1 0 1 3 2 2 1  619    0 
14 1 1 3 3 4 4 1  481    1 
14 1 0 2 0 3 3 1  493    1 
14 1 1 0 0 1 1 1  504    1 
14 1 0 0 2 1 1 1  547    1 
14 1 1 0 0 1 1 1  437    1 
14 1 1 1 1 2 2 1  682    1 
14 1 1 1 1 2 2 1  766    1 
14 1 1 1 1 2 2 1  510    1 
14 1 0 1 3 2 2 1  513    1 
14 1 1 1 1 2 2 1  435    1 
14 1 0 2 0 3 3 1  609    1 
14 1 0 1 3 2 3 0  512    1 
14 1 0 0 2 1 1 1  736    1 
14 1 1 2 2 3 3 1  754    1 
14 1 1 0 0 1 1 1  547    1 
14 1 0 0 2 1 1 1  844    1 
14 1 1 0 0 1 1 1  610    1 
14 1 1 3 3 4 4 1  569    1 
14 1 0 1 3 2 2 1  705    1 
14 1 1 1 1 2 2 1  691    1 
14 1 0 1 3 2 2 1  439    1 
14 1 0 0 2 1 2 0  532    1 
14 1 0 2 0 3 3 1  620    1 
14 1 1 2 2 3 3 1  490    1 
14 1 0 3 1 4 4 1  598    1 
14 1 1 0 0 1 1 1  525    1 
14 1 0 2 0 3 3 1  551    1 
14 1 0 0 2 1 1 1  472    1 
14 1 1 0 0 1 1 1  460    1 
14 1 0 2 0 3 3 1  545    1 
14 1 1 1 1 2 2 1  714    0 
14 1 0 0 2 1 1 1  693    1 
14 1 1 0 0 1 1 1  521    1 
14 1 1 1 1 2 2 1  667    1 
14 1 1 2 2 3 3 1  559    1 
14 1 1 1 1 2 3 0  504    1 
14 1 0 3 1 4 4 1  600    1 
14 1 1 3 3 4 4 1  535    1 
14 1 0 0 2 1 1 1  545    1 
14 1 1 1 1 2 2 1  682    1 
14 1 0 0 2 1 1 1  622    1 
14 1 1 0 0 1 1 1  684    1 
14 1 1 1 1 2 2 1  719    1 
14 1 1 0 0 1 1 1  473    0 
14 1 0 0 2 1 1 1  614    1 
14 1 1 3 3 4 4 1  516    1 
14 1 1 2 2 3 3 1  630    1 
14 1 0 3 1 4 4 1  597    1 
14 1 0 3 1 4 4 1  644    1 
14 1 1 1 1 2 2 1  602    1 
14 1 1 2 2 3 4 0  601    1 
14 1 0 1 3 2 2 1  653    1 
14 1 0 3 1 4 3 0  578    1 
14 1 0 3 1 4 4 1  688    1 
14 1 0 3 1 4 4 1  452    1 
14 1 0 2 0 3 3 1  440    1 
14 1 1 2 2 3 4 0  462    1 
14 1 0 0 2 1 1 1  577    1 
14 1 0 2 0 3 3 1  521    1 
14 1 1 1 1 2 2 1  507    1 
14 1 1 3 3 4 4 1  478    1 
14 1 0 0 2 1 1 1  538    1 
14 1 0 2 0 3 3 1  523    1 
14 1 0 1 3 2 2 1  421    0 
14 1 1 3 3 4 4 1  540    1 
14 1 0 2 0 3 3 1  461    1 
14 1 0 0 2 1 2 0  554    1 
14 1 1 3 3 4 4 1  521    1 
14 1 1 1 1 2 2 1  707    1 
14 1 0 1 3 2 2 1  750    1 
14 1 1 3 3 4 4 1  526    1 
14 1 1 3 3 4 4 1  601    1 
14 1 1 1 1 2 2 1  639    1 
14 1 1 1 1 2 2 1  605    1 
14 1 1 0 0 1 1 1  764    1 
14 1 0 1 3 2 2 1  724    1 
14 1 1 3 3 4 4 1  551    1 
14 1 1 1 1 2 2 1  711    1 
14 1 1 2 2 3 3 1  514    1 
14 1 0 1 3 2 2 1  669    1 
14 1 1 0 0 1 1 1  921    1 
14 1 0 3 1 4 4 1 1755    1 
14 1 0 1 3 2 2 1  580    1 
14 1 1 0 0 1 1 1  588    1 
14 1 0 0 2 1 1 1  828    0 
14 1 0 1 3 2 1 0  514    0 
14 1 0 3 1 4 4 1  659    1 
14 1 0 3 1 4 4 1  592    0 
14 1 0 2 0 3 3 1  575    1 
14 1 1 2 2 3 2 0  567    0 
14 1 1 3 3 4 4 1 1629    1 
14 1 1 2 2 3 3 1  596    1 
14 1 1 3 3 4 4 1  411    1 
14 1 0 3 1 4 3 0  530    1 
14 1 0 2 0 3 3 1  586    1 
14 1 1 1 1 2 2 1  609    1 
14 1 0 3 1 4 4 1  568    1 
14 1 0 3 1 4 4 1  568    1 
14 1 1 3 3 4 4 1  425    1 
14 1 0 1 3 2 2 1  623    1 
14 1 1 1 1 2 2 1  869    1 
14 1 0 3 1 4 4 1  617    1 
14 1 0 0 2 1 1 1  759    1 
14 1 0 0 2 1 1 1  696    1 
14 1 1 2 2 3 3 1  675    1 
14 1 1 1 1 2 2 1  824    1 
14 1 0 2 0 3 3 1  822    1 
14 1 1 2 2 3 2 0  604    1 
14 1 1 3 3 4 4 1  697    1 
14 1 1 2 2 3 3 1  684    1 
14 1 0 1 3 2 2 1  728   86 
14 1 0 2 0 3 3 1  570    1 
14 1 1 1 1 2 2 1  578    1 
14 1 0 2 0 3 3 1  578    0 
14 1 1 1 1 2 2 1  530    1 
14 1 0 3 1 4 4 1  668    1 
14 1 0 0 2 1 1 1  624    1 
14 1 0 2 0 3 3 1  679    1 
14 1 1 3 3 4 4 1  779    1 
14 1 0 3 1 4 4 1  835    1 
14 1 0 0 2 1 1 1  640    1 
14 1 1 1 1 2 2 1  934    1 
14 1 1 2 2 3 3 1  695    1 
14 1 0 3 1 4 4 1  587    1 
14 1 0 2 0 3 3 1  514    1 
14 1 1 1 1 2 2 1  621    1 
14 1 1 1 1 2 2 1  643    1 
14 1 0 2 0 3 3 1 1345    1 
14 1 0 3 1 4 4 1  570    1 
14 1 0 1 3 2 2 1  626    1 
14 1 0 2 0 3 3 1  552    1 
14 1 0 0 2 1 1 1  585    1 
