30 1 0 0 2 1 1 1 1919    1 
30 1 1 1 1 2 2 1 1793    1 
30 1 1 3 3 4 4 1  704    1 
30 1 0 1 3 2 2 1  883    1 
30 1 1 3 3 4 4 1  591    1 
30 1 0 0 2 1 1 1  726    1 
30 1 0 3 1 4 4 1  688    1 
30 1 1 1 1 2 2 1  884    1 
30 1 1 2 2 3 3 1 1455    1 
30 1 0 0 2 1 1 1  636    1 
30 1 1 2 2 3 3 1 1153    1 
30 1 1 0 0 1 1 1  618    1 
30 1 0 2 0 3 3 1  952    1 
30 1 0 3 1 4 4 1  625    1 
30 1 1 0 0 1 1 1  711    1 
30 1 0 2 0 3 3 1  866    1 
30 1 0 3 1 4 4 1  638    1 
30 1 1 2 2 3 3 1  956    1 
30 1 1 3 3 4 4 1  549    1 
30 1 1 2 2 3 3 1  870    1 
30 1 1 0 0 1 1 1  594    1 
30 1 0 1 3 2 2 1  938    1 
30 1 1 2 2 3 3 1  883    1 
30 1 1 2 2 3 3 1  487    1 
30 1 1 0 0 1 1 1  530    1 
30 1 1 3 3 4 4 1  596    1 
30 1 0 0 2 1 1 1  604    1 
30 1 0 3 1 4 4 1  674    1 
30 1 1 2 2 3 3 1  711    1 
30 1 1 0 0 1 1 1  545    1 
30 1 1 3 3 4 4 1  611    1 
30 1 1 3 3 4 4 1  618    1 
30 1 0 1 3 2 2 1  912    1 
30 1 0 0 2 1 1 1  610    0 
30 1 0 1 3 2 2 1  825    1 
30 1 1 3 3 4 4 1  583    1 
30 1 1 0 0 1 1 1  575    0 
30 1 0 2 0 3 3 1  903    1 
30 1 1 2 2 3 3 1  610    1 
30 1 1 0 0 1 1 1  537    1 
30 1 1 0 0 1 1 1  482    1 
30 1 1 0 0 1 1 1  390    1 
30 1 0 0 2 1 1 1  389    1 
30 1 1 0 0 1 1 1  356    1 
30 1 1 2 2 3 3 1 1117    1 
30 1 1 2 2 3 3 1  527    1 
30 1 0 3 1 4 4 1  545    1 
30 1 1 2 2 3 3 1  803    1 
30 1 0 1 3 2 2 1  922    1 
30 1 1 1 1 2 2 1  468    1 
30 1 1 0 0 1 1 1  568    1 
30 1 1 1 1 2 2 1  896    1 
30 1 0 2 0 3 3 1  828    1 
30 1 1 1 1 2 2 1  938    1 
30 1 0 3 1 4 4 1  667    1 
30 1 1 1 1 2 2 1  927    1 
30 1 1 1 1 2 2 1  466    1 
30 1 1 2 2 3 3 1  710    1 
30 1 0 3 1 4 4 1  624    1 
30 1 0 0 2 1 1 1  670    1 
30 1 1 1 1 2 2 1  787    1 
30 1 1 3 3 4 4 1  578    1 
30 1 0 0 2 1 1 1  586    1 
30 1 0 1 3 2 2 1  778    1 
30 1 1 0 0 1 1 1  546    1 
30 1 0 3 1 4 4 1  563    1 
30 1 0 2 0 3 3 1  796    1 
30 1 0 2 0 3 3 1  500    1 
30 1 0 1 3 2 2 1  686    0 
30 1 1 1 1 2 2 1  538    1 
30 1 0 0 2 1 1 1  611    1 
30 1 1 1 1 2 2 1  746    1 
30 1 1 3 3 4 4 1  563    1 
30 1 1 2 2 3 3 1  780    0 
30 1 1 3 3 4 4 1  572    0 
30 1 0 2 0 3 3 1 1069    1 
30 1 1 2 2 3 3 1  441    1 
30 1 0 0 2 1 1 1  542    1 
30 1 1 3 3 4 4 1  560    0 
30 1 1 1 1 2 2 1 1184    1 
30 1 0 0 2 1 1 1  560    1 
30 1 0 2 0 3 3 1  841    1 
30 1 1 3 3 4 4 1  518    1 
30 1 1 3 3 4 4 1  400    1 
30 1 0 1 3 2 2 1  823    1 
30 1 0 3 1 4 4 1  629    1 
30 1 0 2 0 3 3 1  739    1 
30 1 1 1 1 2 2 1  733    1 
30 1 0 2 0 3 3 1  710    1 
30 1 0 3 1 4 4 1  553    1 
30 1 0 0 2 1 1 1  618    1 
30 1 0 3 1 4 4 1  568    1 
30 1 0 0 2 1 1 1  616    1 
30 1 1 2 2 3 3 1  886    1 
30 1 1 2 2 3 3 1  458    1 
30 1 1 1 1 2 2 1  782    1 
30 1 1 3 3 4 4 1  542    1 
30 1 1 3 3 4 4 1  431    1 
30 1 1 1 1 2 2 1 1637    1 
30 1 1 1 1 2 2 1  459    1 
30 1 0 1 3 2 2 1  488    1 
30 1 0 2 0 3 3 1  723    1 
30 1 1 2 2 3 3 1  477    1 
30 1 0 2 0 3 3 1  433    1 
30 1 1 3 3 4 4 1  519    0 
30 1 1 3 3 4 4 1  369    1 
30 1 0 1 3 2 2 1  721    1 
30 1 0 2 0 3 3 1  723    1 
30 1 0 1 3 2 2 1  709    1 
30 1 0 2 0 3 3 1  480    1 
30 1 0 0 2 1 1 1  588    1 
30 1 0 1 3 2 2 1 1044    1 
30 1 1 2 2 3 3 1  753    1 
30 1 1 0 0 1 1 1  538    1 
30 1 1 3 3 4 4 1  588    1 
30 1 0 1 3 2 2 1 1067    1 
30 1 0 1 3 2 2 1  439    1 
30 1 0 1 3 2 2 1  397    1 
30 1 0 0 2 1 1 1  556    1 
30 1 1 2 2 3 3 1  933    1 
30 1 0 1 3 2 2 1  710    1 
30 1 1 1 1 2 2 1  849    1 
30 1 1 0 0 1 1 1  614    1 
30 1 1 0 0 1 1 1  421    1 
30 1 1 0 0 1 1 1  403    1 
30 1 1 3 3 4 4 1  546    1 
30 1 1 1 1 2 2 1 1083    1 
30 1 0 1 3 2 2 1  558    1 
30 1 0 1 3 2 2 1  439    1 
30 1 0 3 1 4 4 1  613    1 
30 1 0 3 1 4 4 1  444    1 
30 1 0 2 0 3 3 1  889    1 
30 1 0 3 1 4 4 1  652    1 
30 1 0 1 3 2 2 1  913    1 
30 1 0 0 2 1 1 1  564    1 
30 1 0 3 1 4 4 1  573    1 
30 1 1 1 1 2 2 1  845    1 
30 1 1 0 0 1 1 1  522    1 
30 1 0 0 2 1 1 1  477    1 
30 1 0 3 1 4 4 1  545    1 
30 1 1 1 1 2 2 1  866    1 
30 1 0 1 3 2 2 1  510    1 
30 1 1 3 3 4 4 1  545    1 
30 1 0 3 1 4 4 1  594    1 
30 1 0 2 0 3 3 1 1138    1 
30 1 0 0 2 1 1 1  563    1 
30 1 0 1 3 2 2 1  772    1 
30 1 0 0 2 1 1 1  580    1 
30 1 0 1 3 2 2 1  852    1 
30 1 0 2 0 3 3 1  649    0 
30 1 0 2 0 3 3 1  550    1 
30 1 1 1 1 2 2 1  895    1 
30 1 1 2 2 3 3 1  778    1 
30 1 0 1 3 2 2 1  890    1 
30 1 1 3 3 4 4 1  598    1 
30 1 1 2 2 3 3 1  861    1 
30 1 1 3 3 4 4 1  522    1 
30 1 0 0 2 1 1 1  660    1 
30 1 0 0 2 1 1 1  601    1 
30 1 1 0 0 1 1 1  520    1 
30 1 0 0 2 1 1 1  586    1 
30 1 1 0 0 1 1 1  465    1 
30 1 1 2 2 3 3 1  958    1 
30 1 1 3 3 4 4 1  534    1 
30 1 0 3 1 4 4 1  488    1 
30 1 0 2 0 3 2 0  755    1 
30 1 1 2 2 3 3 1  730    1 
30 1 1 2 2 3 3 1  468    1 
30 1 0 2 0 3 3 1  576    1 
30 1 0 0 2 1 1 1  577    0 
30 1 0 3 1 4 4 1  665    1 
30 1 0 1 3 2 2 1 1237    1 
30 1 0 1 3 2 2 1  483    1 
30 1 1 3 3 4 4 1  534    1 
30 1 0 3 1 4 4 1  432    1 
30 1 1 3 3 4 4 1  374    1 
30 1 0 3 1 4 4 1  446    1 
30 1 1 2 2 3 3 1  908    1 
30 1 1 2 2 3 3 1  430    1 
30 1 0 2 0 3 3 1  500    1 
30 1 1 0 0 1 1 1  559    1 
30 1 1 1 1 2 2 1  792    1 
30 1 0 0 2 1 1 1  583    1 
30 1 0 0 2 1 1 1  591    1 
30 1 1 3 3 4 4 1  590    1 
30 1 1 2 2 3 3 1  726    1 
30 1 0 0 2 1 1 1  544    1 
30 1 1 0 0 1 1 1  705    1 
30 1 1 1 1 2 2 1  772    1 
30 1 0 1 3 2 2 1  836    1 
30 1 0 3 1 4 4 1  594    1 
30 1 0 0 2 1 1 1  617    1 
30 1 0 2 3 3 3 1 3420    1 
30 1 1 3 3 4 4 1  570    1 
30 1 1 1 1 2 2 1  762    1 
30 1 0 1 2 2 2 1  515    1 
30 1 1 1 1 2 2 1  470    1 
30 1 0 2 3 3 3 1  762    1 
30 1 1 2 2 3 3 1  435    0 
30 1 0 1 2 2 2 1  744    8 
30 1 1 3 3 4 4 1  522    1 
30 1 0 1 2 2 2 1  596    1 
30 1 1 1 1 2 2 1  499    1 
30 1 0 0 1 1 1 1  558    1 
30 1 1 1 1 2 2 1  719    1 
30 1 0 2 3 3 3 1  673    1 
30 1 1 3 3 4 4 1  597    1 
30 1 0 1 2 2 2 1 1253    0 
30 1 1 3 3 4 4 1  465    0 
30 1 0 1 2 2 2 1  662    1 
30 1 0 2 3 3 3 1  810    1 
30 1 0 0 1 1 1 1  561    1 
30 1 0 2 3 3 3 1  922    1 
30 1 1 3 3 4 4 1  516    1 
30 1 1 3 3 4 4 1  374    1 
30 1 1 1 1 2 2 1  774    1 
30 1 0 0 1 1 1 1  542    1 
30 1 0 2 3 3 3 1  744    1 
30 1 1 1 1 2 2 1  657    1 
30 1 1 1 1 2 2 1  462    3 
30 1 1 3 3 4 4 1  595    1 
30 1 1 0 0 1 1 1  530    1 
30 1 1 3 3 4 4 1  525    1 
30 1 0 3 0 4 4 1  663    1 
30 1 1 0 0 1 1 1  555    0 
30 1 0 3 0 4 4 1  588    1 
30 1 0 0 1 1 1 1  620    1 
30 1 0 0 1 1 1 1  546    1 
30 1 1 3 3 4 4 1  555    1 
30 1 1 3 3 4 4 1  444    1 
30 1 0 0 1 1 1 1  498    1 
30 1 1 3 3 4 4 1  509    1 
30 1 1 2 2 3 3 1  880    1 
30 1 1 2 2 3 3 1  452    1 
30 1 0 3 0 4 4 1  489    1 
30 1 0 0 1 1 1 1  564    1 
30 1 1 0 0 1 1 1  621    4 
30 1 1 1 1 2 2 1  755    1 
30 1 0 0 1 1 1 1  540    1 
30 1 1 2 2 3 3 1  621    4 
30 1 1 1 1 2 2 1  787    1 
30 1 1 1 1 2 2 1  755   11 
30 1 1 1 1 2 2 1  564    1 
30 1 1 2 2 3 3 1  996    1 
30 1 0 0 1 1 1 1  540    3 
30 1 0 3 0 4 4 1  605    1 
30 1 1 1 1 2 2 1  868    1 
30 1 1 2 2 3 3 1  480    1 
30 1 0 2 3 3 3 1 1028    1 
30 1 0 2 3 3 3 1  483    1 
30 1 1 0 0 1 1 1  486    1 
30 1 0 3 0 4 4 1  569    1 
30 1 1 3 3 4 4 1  506    1 
30 1 0 2 3 3 3 1  884    1 
30 1 1 1 1 2 2 1  920    1 
30 1 0 0 1 1 1 1  586    1 
30 1 1 1 1 2 2 1  873    1 
30 1 1 1 1 2 2 1  502    1 
30 1 1 2 2 3 3 1  720    1 
30 1 1 1 1 2 2 1  819    1 
30 1 1 0 0 1 1 1  569    1 
30 1 1 1 1 2 2 1  761    1 
30 1 0 0 1 1 1 1  594    1 
30 1 1 3 3 4 4 1  537    1 
30 1 0 3 0 4 4 1  610    1 
30 1 0 2 3 3 3 1  889    1 
30 1 1 0 0 1 1 1  493    1 
30 1 0 2 3 3 3 1  760    1 
30 1 0 2 3 3 3 1  473    1 
30 1 1 1 1 2 2 1  749    1 
30 1 0 3 0 4 4 1  462    1 
30 1 0 1 2 2 2 1  907    1 
30 1 0 2 3 3 3 1  678    1 
30 1 1 3 3 4 4 1  698    1 
30 1 1 2 2 3 3 1 1021    0 
30 1 0 3 0 4 4 1  643    1 
30 1 1 2 2 3 3 1  793    1 
30 1 1 1 1 2 2 1  720    1 
30 1 1 0 0 1 1 1  546    8 
30 1 0 2 3 3 3 1  676   10 
30 1 0 0 1 1 1 1  608    1 
30 1 1 1 1 2 2 1  839    8 
30 1 0 0 1 1 1 1  612    9 
30 1 0 2 3 3 3 1  771    0 
30 1 1 0 0 1 1 1  515    1 
30 1 0 0 1 1 1 1  622    1 
30 1 1 1 1 2 2 1  860    1 
30 1 0 0 1 1 1 1  457    1 
30 1 1 1 1 2 2 1  662    1 
30 1 1 0 0 1 1 1  450    8 
30 1 0 1 2 2 2 1  567    1 
30 1 1 2 2 3 3 1  815    1 
30 1 1 0 0 1 1 1  494    0 
30 1 0 1 2 2 2 1  786    1 
30 1 0 0 1 1 1 1  433    1 
30 1 0 2 3 3 3 1  798    1 
30 1 1 3 3 4 4 1  566    4 
30 1 1 1 1 2 2 1  694    1 
30 1 1 0 0 1 1 1  546    1 
30 1 0 1 2 2 2 1  723    1 
30 1 0 2 3 3 3 1  685    1 
30 1 0 2 3 3 3 1  545    0 
30 1 1 1 1 2 2 1  650    1 
30 1 0 3 0 4 4 1  575    1 
30 1 1 2 2 3 3 1 1295    1 
30 1 0 3 0 4 4 1  626    1 
30 1 1 3 3 4 4 1  625    1 
30 1 0 2 3 3 2 0  671    1 
30 1 0 0 1 1 1 1  489    1 
30 1 1 0 0 1 1 1  396    1 
30 1 0 0 1 1 1 1  364    1 
30 1 0 1 2 2 2 1  604    1 
30 1 0 1 2 2 2 1  523    1 
30 1 0 1 2 2 2 1  493    1 
30 1 1 2 2 3 3 1 1297    1 
30 1 0 0 1 1 1 1  484    1 
30 1 0 3 0 4 4 1  544    1 
30 1 1 1 1 2 2 1  753    0 
30 1 0 2 3 3 3 1  626    1 
30 1 1 2 2 3 3 1  696    1 
30 1 0 3 0 4 4 1  572    1 
30 1 0 2 3 3 3 1  884    1 
30 1 0 1 2 2 2 1  791    1 
30 1 0 3 0 4 4 1  591    1 
30 1 1 0 0 1 1 1  534    1 
30 1 1 3 3 4 4 1  664    1 
30 1 1 3 3 4 4 1  380    1 
30 1 1 0 0 1 1 1  532    4 
30 1 0 2 3 3 3 1  710    1 
30 1 1 0 0 1 1 1  481    3 
30 1 0 3 0 4 4 1  541    1 
30 1 0 0 1 1 1 1  550    1 
30 1 1 1 1 2 1 0  599    9 
30 1 0 1 2 2 2 1  740    1 
30 1 1 2 2 3 3 1  685    1 
30 1 0 3 0 4 4 1  481    1 
30 1 0 0 1 1 1 1  461    1 
30 1 1 0 0 1 1 1  618    1 
30 1 1 2 2 3 3 1 1056    1 
30 1 0 0 1 1 1 1  485    1 
30 1 1 3 3 4 4 1  528    1 
30 1 0 1 2 2 2 1  746    1 
30 1 1 3 3 4 4 1  540    1 
30 1 0 3 0 4 4 1  469    1 
30 1 0 0 1 1 1 1  601    1 
30 1 0 2 3 3 3 1  816    1 
30 1 0 0 1 1 1 1  614    1 
30 1 1 2 2 3 3 1  773    1 
30 1 0 2 3 3 3 1  549    1 
30 1 1 1 1 2 1 0  518    1 
30 1 1 2 2 3 3 1  718    1 
30 1 0 3 0 4 4 1  672    1 
30 1 1 3 3 4 4 1  532    1 
30 1 1 0 0 1 1 1  494    1 
30 1 0 0 1 1 1 1  625    1 
30 1 1 2 2 3 3 1  631    1 
30 1 0 3 0 4 4 1  493    1 
30 1 0 2 3 3 3 1  825    9 
30 1 1 3 3 4 4 1  575    1 
30 1 0 3 0 4 4 1  591    0 
30 1 0 0 1 1 1 1  551    9 
30 1 1 3 3 4 4 1  471    1 
30 1 0 0 1 1 1 1  507    8 
30 1 1 1 1 2 2 1  718    1 
30 1 1 1 1 2 2 1  600    1 
30 1 0 3 0 4 4 1  495    1 
30 1 1 2 2 3 3 1  803    4 
30 1 1 2 2 3 3 1  481    4 
30 1 1 3 3 4 4 1  534    1 
30 1 1 3 3 4 4 1  463    1 
30 1 1 0 0 1 1 1  436    1 
30 1 1 1 1 2 2 1  641    1 
30 1 0 3 0 4 4 1  615    1 
30 1 0 2 3 3 3 1  661    1 
30 1 0 1 2 2 2 1 1418    1 
30 1 1 0 0 1 1 1  496    1 
30 1 1 0 0 1 1 1  388    1 
30 1 0 3 0 4 4 1  595    1 
30 1 0 2 3 3 3 1  851    1 
30 1 0 1 2 2 2 1  704    0 
30 1 0 1 2 2 2 1  498    1 
30 1 0 2 3 3 3 1  782    1 
30 1 1 0 0 1 1 1  542    1 
30 1 0 3 0 4 4 1  567    1 
