8 1 1 1 1 2 2 1 4260    1 
8 1 0 2 1 3 3 1 1545    1 
8 1 1 2 2 3 3 1  763    1 
8 1 1 0 0 1 1 1 1323    1 
8 1 0 0 3 1 1 1  822    1 
8 1 0 0 3 1 1 1  532    1 
8 1 1 1 1 2 3 0  830    1 
8 1 1 1 1 2 2 1  698    1 
8 1 1 3 3 4 4 1  821    1 
8 1 1 2 2 3 3 1 1036    1 
8 1 1 3 3 4 4 1  785    1 
8 1 1 1 1 2 2 1 1241    0 
8 1 1 1 1 2 2 1  542    1 
8 1 0 1 0 2 2 1  847    1 
8 1 1 2 2 3 3 1 1013    0 
8 1 0 3 2 4 4 1  932    1 
8 1 0 2 1 3 3 1 1006    1 
8 1 0 0 3 1 1 1  709    1 
8 1 0 0 3 1 1 1  552    1 
8 1 0 2 1 3 3 1  728    1 
8 1 0 2 1 3 3 1  507    1 
8 1 1 0 0 1 1 1  813    1 
8 1 1 0 0 1 1 1  556    1 
8 1 1 1 1 2 3 0 1341    1 
8 1 1 0 0 1 1 1  676    0 
8 1 1 3 3 4 4 1 1129    1 
8 1 1 1 1 2 2 1 1555    1 
8 1 0 2 1 3 3 1  852    1 
8 1 1 2 2 3 3 1  712    1 
8 1 0 3 2 4 4 1  771    1 
8 1 0 1 0 2 2 1  811    1 
8 1 0 0 3 1 1 1  602    1 
8 1 1 2 2 3 3 1  809    1 
8 1 0 1 0 2 2 1 1184    1 
8 1 0 2 1 3 3 1  775    1 
8 1 1 2 2 3 3 1  895    1 
8 1 0 3 2 4 4 1  643    1 
8 1 1 0 0 1 1 1  616    1 
8 1 0 3 2 4 4 1  670    1 
8 1 0 0 3 1 1 1  675    1 
8 1 1 1 1 2 2 1  767    1 
8 1 1 1 1 2 2 1  583    1 
8 1 0 0 3 1 1 1  598    1 
8 1 0 1 0 2 3 0 2238    0 
8 1 1 0 0 1 1 1  673    1 
8 1 1 2 2 3 3 1 1221    1 
8 1 0 3 2 4 4 1  628    1 
8 1 0 1 0 2 2 1  954    1 
8 1 0 2 1 3 3 1  675    1 
8 1 1 3 3 4 4 1  599    1 
8 1 1 1 1 2 2 1  998    1 
8 1 0 1 0 2 2 1  557    1 
8 1 0 0 3 1 1 1  638    0 
8 1 1 1 1 2 2 1  907    1 
8 1 1 3 3 4 4 1  534    1 
8 1 0 1 0 2 2 1  671    1 
8 1 1 0 0 1 1 1  580    1 
8 1 1 0 0 1 1 1  604    0 
8 1 0 2 1 3 3 1  731    1 
8 1 0 2 1 3 3 1  557    1 
8 1 1 1 1 2 2 1  606    1 
8 1 0 3 2 4 4 1  628    1 
8 1 0 2 1 3 3 1  634    1 
8 1 1 0 0 1 1 1  544    1 
8 1 1 3 3 4 4 1  537    1 
8 1 1 2 2 3 3 1  635    0 
8 1 0 3 2 4 4 1  656    1 
8 1 1 1 1 2 2 1  685    1 
8 1 1 3 3 4 4 1  576    1 
8 1 0 3 2 4 4 1  553    1 
8 1 0 3 2 4 4 1  497    1 
8 1 1 0 0 1 1 1  565    1 
8 1 0 2 1 3 3 1  782    1 
8 1 1 0 0 1 1 1  806    1 
8 1 1 2 2 3 3 1  605    1 
8 1 0 0 3 1 1 1  587    1 
8 1 1 0 0 1 1 1  547   14 
8 1 0 1 0 2 2 1  868    1 
8 1 0 1 0 2 2 1  480    1 
8 1 0 2 1 3 3 1  901    1 
8 1 1 2 2 3 3 1  615    1 
8 1 0 1 0 2 1 0  758    1 
8 1 1 1 1 2 2 1  596    1 
8 1 0 1 0 2 2 1  564    0 
8 1 0 2 1 3 3 1  725    1 
8 1 1 0 0 1 1 1  663    1 
8 1 1 3 3 4 4 1  635    0 
8 1 1 1 1 2 3 0 1409    1 
8 1 1 1 1 2 2 1  670    1 
8 1 1 2 2 3 3 1 1026    1 
8 1 1 1 1 2 2 1  696    1 
8 1 0 0 3 1 1 1  724    1 
8 1 0 1 0 2 3 0 1126    0 
8 1 1 3 3 4 4 1  606    1 
8 1 0 3 2 4 4 1  485    1 
8 1 0 2 1 3 3 1  712    1 
8 1 0 1 0 2 2 1 1499    1 
8 1 1 2 2 3 3 1  766    0 
8 1 1 0 0 1 1 1  566    1 
8 1 1 2 2 3 3 1 1270    1 
8 1 1 1 1 2 2 1  938    1 
8 1 1 0 0 1 1 1  628    1 
8 1 1 1 1 2 2 1 1042    1 
8 1 0 3 2 4 4 1  559    1 
8 1 1 1 1 2 2 1 3376    1 
8 1 1 3 3 4 4 1  560    1 
8 1 1 1 1 2 2 1 1281    1 
8 1 1 1 1 2 2 1  413    0 
8 1 1 2 2 3 4 0 1044    0 
8 1 1 2 2 3 3 1  536    1 
8 1 1 3 3 4 4 1  673    1 
8 1 1 0 0 1 1 1 1093    1 
8 1 0 1 0 2 2 1  681    1 
8 1 0 3 2 4 3 0  629    1 
8 1 0 1 0 2 2 1  777    1 
8 1 0 3 2 4 4 1  585    0 
8 1 1 1 1 2 2 1  857    1 
8 1 0 0 3 1 1 1  565    1 
8 1 0 1 0 2 2 1  966    1 
8 1 1 3 3 4 4 1  574    1 
8 1 1 1 1 2 2 1  694    1 
8 1 0 0 3 1 1 1  617    1 
8 1 0 2 1 3 4 0  679    1 
8 1 0 1 0 2 2 1  682    1 
8 1 0 0 3 1 1 1  526    1 
8 1 0 2 1 3 3 1  688    1 
8 1 0 0 3 1 1 1  643    1 
8 1 1 3 3 4 4 1  617    1 
8 1 0 3 2 4 4 1  695    1 
8 1 0 2 1 3 3 1  714    0 
8 1 0 3 2 4 4 1  669    1 
8 1 0 0 3 1 1 1  641    1 
8 1 0 2 1 3 3 1  855    1 
8 1 1 1 1 2 2 1 2620    1 
8 1 1 0 0 1 1 1 1402    1 
8 1 1 0 0 1 1 1  537    1 
8 1 0 0 3 1 1 1  490    0 
8 1 1 2 2 3 3 1 1750    0 
8 1 1 2 2 3 3 1  494    1 
8 1 0 2 1 3 3 1  754    1 
8 1 0 2 1 3 3 1  507    1 
8 1 1 0 0 1 1 1 1070    1 
8 1 0 3 2 4 4 1  626    1 
8 1 0 2 1 3 3 1  640    1 
8 1 0 2 1 3 3 1  501    1 
8 1 1 3 3 4 4 1  656    1 
8 1 1 0 0 1 1 1  589    1 
8 1 1 0 0 1 1 1  492    1 
8 1 1 3 3 4 4 1  464    1 
8 1 1 1 1 2 2 1  997    1 
8 1 1 3 3 4 4 1  572    1 
8 1 0 0 3 1 1 1  572    1 
8 1 0 3 2 4 4 1  596    1 
8 1 0 0 3 1 1 1  596    1 
8 1 1 3 3 4 4 1  683    1 
8 1 0 2 1 3 3 1  735    1 
8 1 0 1 0 2 2 1  904    1 
8 1 1 1 1 2 2 1  691    1 
8 1 1 3 3 4 4 1  574    1 
8 1 1 2 2 3 3 1  831    1 
8 1 0 2 1 3 3 1  573   71 
8 1 1 3 3 4 4 1  573    1 
8 1 1 3 3 4 4 1  701    1 
8 1 1 0 0 1 1 1  648    1 
8 1 0 0 3 1 1 1  565    1 
8 1 1 3 3 4 4 1  566    1 
8 1 0 3 2 4 4 1  606    1 
8 1 1 3 3 4 4 1  557    1 
8 1 0 3 2 4 4 1  574    1 
8 1 0 0 3 1 1 1  550    1 
8 1 0 2 1 3 3 1  663    1 
8 1 0 0 3 1 1 1  595    0 
8 1 0 2 1 3 3 1  843    1 
8 1 0 1 0 2 1 0  728    1 
8 1 0 0 3 1 1 1  608    1 
8 1 1 1 1 2 3 0  895    1 
8 1 1 3 3 4 4 1  625    1 
8 1 0 3 2 4 4 1  663    1 
8 1 0 3 2 4 4 1  532    1 
8 1 0 1 0 2 2 1  734    1 
8 1 1 2 2 3 3 1  767    1 
8 1 1 0 0 1 1 1  679    1 
8 1 1 2 2 3 3 1 1068    1 
8 1 0 3 2 4 4 1  688    1 
8 1 0 0 3 1 1 1  699    1 
8 1 1 2 2 3 3 1  822    1 
8 1 0 0 3 1 1 1  660    1 
8 1 0 3 2 4 4 1  649    1 
8 1 0 3 2 4 4 1  558    8 
8 1 0 3 2 4 4 1  478    1 
8 1 1 0 0 1 1 1  603    1 
8 1 0 2 1 3 3 1  857    1 
8 1 1 2 2 3 3 1 3883    1 
8 1 1 0 0 1 1 1 2959    1 
8 1 0 0 2 1 1 1  784    1 
8 1 1 0 0 1 1 1  695    1 
8 1 1 1 1 2 2 1 3419    1 
8 1 0 3 1 4 4 1  801   35 
8 1 0 2 0 3 3 1 1352    1 
8 1 1 3 3 4 4 1  681    1 
8 1 1 2 2 3 3 1  845    1 
8 1 1 2 2 3 3 1  826    1 
8 1 0 2 0 3 3 1  616    1 
8 1 0 1 3 2 2 1  718    1 
8 1 0 0 2 1 1 1  609    1 
8 1 1 2 2 3 3 1  727    1 
8 1 1 3 3 4 4 1  562    1 
8 1 0 0 2 1 1 1  618    0 
8 1 1 2 2 3 3 1  624    1 
8 1 0 2 0 3 3 1  631    1 
8 1 1 1 1 2 2 1 1085    1 
8 1 1 0 0 1 1 1  568    0 
8 1 0 1 3 2 2 1  984    1 
8 1 1 3 3 4 4 1  568    1 
8 1 0 0 2 1 1 1  624    1 
8 1 0 2 0 3 3 1  606    1 
8 1 0 0 2 1 1 1  469    1 
8 1 1 0 0 1 1 1  697    1 
8 1 0 1 3 2 2 1  716    1 
8 1 1 3 3 4 4 1 1607    1 
8 1 1 2 2 3 3 1  781    1 
8 1 1 3 3 4 4 1  909    1 
8 1 0 1 3 2 2 1 1592    1 
8 1 0 2 0 3 3 1  656    1 
8 1 0 2 0 3 3 1  525    1 
8 1 1 2 2 3 3 1  487    1 
8 1 0 0 2 1 1 1  610    1 
8 1 1 0 0 1 1 1  433    1 
8 1 0 3 1 4 4 1  638    1 
8 1 0 1 3 2 2 1  652    1 
8 1 0 2 0 3 3 1  609    1 
8 1 1 2 2 3 3 1  512    1 
8 1 0 3 1 4 4 1  578    1 
8 1 1 3 3 4 4 1  586    1 
8 1 0 0 2 1 1 1  602    1 
8 1 0 3 1 4 4 1  665    1 
8 1 1 1 1 2 2 1  677    1 
8 1 1 1 1 2 2 1  530    1 
8 1 1 0 0 1 1 1  580    1 
8 1 1 1 1 2 2 1  780    0 
8 1 0 2 0 3 3 1  748   54 
8 1 1 1 1 2 2 1 1165    1 
8 1 0 2 0 3 3 1  662    1 
8 1 0 0 2 1 1 1  562    1 
8 1 1 2 2 3 3 1  899    0 
8 1 1 3 3 4 4 1  566    1 
8 1 1 2 2 3 3 1 1758    1 
8 1 0 1 3 2 2 1  999    1 
8 1 1 3 3 4 4 1  558    1 
8 1 0 2 0 3 3 1 3127    1 
8 1 1 3 3 4 4 1  625    1 
8 1 0 0 2 1 1 1  591    1 
8 1 0 1 3 2 2 1  695    1 
8 1 1 1 1 2 2 1  730    1 
8 1 0 2 0 3 3 1 2924    0 
8 1 1 3 3 4 4 1  614    1 
8 1 0 3 1 4 4 1  533    1 
8 1 0 0 2 1 1 1  767    1 
8 1 0 1 3 2 2 1 1063    1 
8 1 1 0 0 1 1 1 2468    1 
8 1 0 3 1 4 4 1  608    1 
8 1 1 0 0 1 1 1  575    1 
8 1 1 2 2 3 3 1  655    1 
8 1 1 0 0 1 1 1 1564    1 
8 1 0 2 0 3 3 1  596    1 
8 1 1 1 1 2 2 1  764    1 
8 1 1 3 3 4 4 1  581    0 
8 1 1 3 3 4 4 1  517    0 
8 1 1 3 3 4 4 1  423    1 
8 1 0 1 3 2 2 1  629    1 
8 1 0 2 0 3 3 1  699    1 
8 1 0 2 0 3 3 1  470    1 
8 1 0 2 0 3 3 1  474    1 
8 1 0 1 3 2 3 0  406    1 
8 1 0 1 3 2 2 1  555    1 
8 1 1 1 1 2 2 1  540    1 
8 1 0 0 2 1 1 1  677    0 
8 1 1 3 3 4 4 1  569    1 
8 1 1 1 1 2 2 1  762    1 
8 1 1 1 1 2 2 1  474    1 
8 1 0 2 0 3 3 1  606    1 
8 1 1 3 3 4 4 1  573    0 
8 1 0 0 2 1 1 1  541    1 
8 1 0 0 2 1 1 1  447    1 
8 1 1 3 3 4 4 1  636    1 
8 1 0 3 1 4 4 1  674    1 
8 1 0 1 3 2 2 1  694    1 
8 1 1 3 3 4 4 1  569    1 
8 1 1 3 3 4 4 1  513    0 
8 1 1 3 3 4 4 1  500    1 
8 1 1 3 3 4 4 1 1279    1 
8 1 1 0 0 1 1 1  587    1 
8 1 0 3 1 4 4 1  563    1 
8 1 0 2 0 3 3 1  883   12 
8 1 0 3 1 4 4 1  591    1 
8 1 0 3 1 4 4 1  470    1 
8 1 0 1 3 2 2 1  602    0 
8 1 1 1 1 2 2 1  705    1 
8 1 1 1 1 2 2 1  476    1 
8 1 1 2 2 3 3 1 2512    1 
8 1 0 1 3 2 3 0 1403    1 
8 1 0 0 2 1 1 1  800    1 
8 1 0 0 2 1 1 1 1367    1 
8 1 0 3 1 4 4 1 1975    1 
8 1 1 0 0 1 1 1  519    1 
8 1 0 2 0 3 3 1  593    1 
8 1 1 2 2 3 3 1  489    1 
8 1 0 0 2 1 1 1  532    1 
8 1 1 3 3 4 4 1  510    1 
8 1 0 0 2 1 1 1  584    1 
8 1 1 0 0 1 1 1  584    1 
8 1 0 1 3 2 2 1  607    1 
8 1 0 2 0 3 3 1  606    1 
8 1 1 3 3 4 4 1  565    1 
8 1 0 3 1 4 4 1  470    1 
8 1 0 2 0 3 3 1  570    1 
8 1 1 1 1 2 2 1  762    1 
8 1 0 3 1 4 4 1  619    0 
8 1 1 1 1 2 2 1  593    1 
8 1 1 1 1 2 2 1  600    1 
8 1 0 3 1 4 4 1  567    1 
8 1 0 2 0 3 3 1  623    1 
8 1 1 1 1 2 2 1  581    1 
8 1 0 1 3 2 2 1  589    1 
8 1 1 1 1 2 2 1  525    1 
8 1 0 2 0 3 3 1  679    1 
8 1 1 0 0 1 1 1  539    1 
8 1 1 1 1 2 2 1  717    1 
8 1 0 3 1 4 4 1  575    1 
8 1 0 2 0 3 3 1  687    1 
8 1 1 1 1 2 2 1 1106    1 
8 1 1 3 3 4 4 1  533    1 
8 1 1 1 1 2 2 1  655    1 
8 1 0 2 0 3 3 1  595    1 
8 1 1 0 0 1 1 1  499    1 
8 1 0 1 3 2 2 1  662    1 
8 1 1 0 0 1 1 1  770    1 
8 1 1 2 2 3 3 1  579    1 
8 1 1 1 1 2 2 1  699    1 
8 1 0 2 0 3 3 1  742   39 
8 1 0 1 3 2 2 1 1007    1 
8 1 1 3 3 4 4 1  446    0 
8 1 0 0 2 1 1 1  755    1 
8 1 1 3 3 4 4 1  596    1 
8 1 0 0 2 1 1 1  620    1 
8 1 0 0 2 1 1 1  522    1 
8 1 1 0 0 1 1 1  564    1 
8 1 0 2 0 3 3 1  709    1 
8 1 0 0 2 1 1 1  647    1 
8 1 1 1 1 2 2 1  669    1 
8 1 1 2 2 3 3 1  665    1 
8 1 1 0 0 1 1 1  574    1 
8 1 1 2 2 3 3 1  606    1 
8 1 1 2 2 3 3 1  509    1 
8 1 0 2 0 3 3 1  623    1 
8 1 1 3 3 4 4 1  558    1 
8 1 1 0 0 1 1 1  534    1 
8 1 1 2 2 3 3 1  752    1 
8 1 0 1 3 2 2 1  937    1 
8 1 0 3 1 4 4 1 1194    1 
8 1 1 1 1 2 2 1  770    0 
8 1 0 1 3 2 2 1  586    1 
8 1 1 1 1 2 2 1  521    1 
8 1 0 1 3 2 2 1  475    1 
8 1 1 3 3 4 4 1  535    1 
8 1 0 0 2 1 1 1  633    1 
8 1 0 2 0 3 4 0  654    1 
8 1 0 1 3 2 2 1  649    1 
8 1 0 0 2 1 1 1  678    1 
8 1 1 0 0 1 1 1  762    1 
8 1 0 0 2 1 1 1  683    1 
8 1 0 3 1 4 4 1  694    1 
8 1 0 1 3 2 2 1  554    1 
8 1 1 0 0 1 1 1  579    1 
8 1 0 0 2 1 1 1  531    1 
8 1 1 3 3 4 4 1  701    1 
8 1 1 3 3 4 4 1  400   19 
8 1 0 3 1 4 4 1  526    1 
8 1 1 0 0 1 1 1  592    1 
8 1 0 2 0 3 3 1  680    1 
8 1 1 0 0 1 1 1  636    1 
8 1 1 0 0 1 1 1  489    1 
8 1 1 3 3 4 4 1 1189    1 
8 1 0 2 0 3 3 1  597    1 
