15 1 1 2 2 3 3 1 2576    1 
15 1 1 3 3 4 4 1 1481    1 
15 1 0 0 3 1 1 1 1245    1 
15 1 1 3 3 4 4 1 1186    1 
15 1 0 2 1 3 3 1 2098    1 
15 1 0 2 1 3 3 1  917    1 
15 1 0 2 1 3 3 1  736    1 
15 1 0 3 2 4 4 1 1105    1 
15 1 1 0 0 1 1 1 1092    1 
15 1 1 3 3 4 4 1 1200    1 
15 1 0 1 0 2 2 1 1694    1 
15 1 0 3 2 4 4 1 1018    1 
15 1 1 2 2 3 3 1 1512    1 
15 1 0 3 2 4 4 1  971    0 
15 1 1 2 2 3 3 1 1499    1 
15 1 0 0 3 1 1 1  998    1 
15 1 0 2 1 3 3 1 1094    1 
15 1 1 2 2 3 3 1 1617    1 
15 1 0 3 2 4 4 1  967    1 
15 1 0 2 1 3 3 1  895    1 
15 1 1 1 1 2 2 1 1427    1 
15 1 1 0 0 1 1 1  713    1 
15 1 1 1 1 2 2 1 2716    1 
15 1 0 1 0 2 2 1  974    1 
15 1 1 1 1 2 2 1  710    1 
15 1 1 2 2 3 3 1 1009    1 
15 1 0 2 1 3 3 1 1000    1 
15 1 1 0 0 1 1 1  895    1 
15 1 0 1 0 2 2 1 1930    1 
15 1 1 2 2 3 3 1 1117    1 
15 1 0 3 2 4 4 1  935    1 
15 1 0 0 3 1 1 1 1192    1 
15 1 0 0 3 1 1 1  624    1 
15 1 0 2 1 3 3 1 1158    1 
15 1 1 0 0 1 1 1  759    1 
15 1 1 2 2 3 3 1  864    1 
15 1 0 3 2 4 4 1 1068    1 
15 1 1 3 3 4 4 1 1049    1 
15 1 1 3 3 4 4 1  654    1 
15 1 1 1 1 2 2 1 1482    1 
15 1 0 2 1 3 3 1  926    1 
15 1 0 2 1 3 3 1 1288    1 
15 1 0 2 1 3 3 1  716    1 
15 1 0 1 0 2 2 1 2062    1 
15 1 0 2 1 3 3 1 1035    1 
15 1 1 1 1 2 2 1 1104    1 
15 1 0 3 2 4 4 1  963    1 
15 1 0 2 1 3 3 1  940    1 
15 1 1 2 2 3 3 1  765    1 
15 1 1 3 3 4 4 1 2045    0 
15 1 1 1 1 2 2 1 1779    1 
15 1 0 3 2 4 4 1 1227    1 
15 1 0 2 1 3 3 1 1426    1 
15 1 1 1 1 2 2 1 1120    1 
15 1 0 1 0 2 2 1  714    1 
15 1 1 3 3 4 4 1 1117    1 
15 1 1 0 0 1 1 1  783    1 
15 1 0 0 3 1 1 1  782    1 
15 1 0 1 0 2 2 1 1358    1 
15 1 0 2 1 3 3 1 1543    1 
15 1 1 1 1 2 2 1 1128    1 
15 1 1 0 0 1 1 1  786    1 
15 1 0 0 3 1 1 1  778    1 
15 1 0 2 1 3 3 1  906    1 
15 1 0 3 2 4 4 1 1029    0 
15 1 1 0 0 1 1 1  915    1 
15 1 0 1 0 2 2 1 1566    1 
15 1 1 1 1 2 2 1  694    1 
15 1 1 3 3 4 4 1  970    1 
15 1 1 0 0 1 1 1 1010    1 
15 1 1 1 1 2 2 1 1129    0 
15 1 0 3 2 4 4 1  819    1 
15 1 1 0 0 1 1 1  809    1 
15 1 1 1 1 2 2 1  816    1 
15 1 1 0 0 1 1 1  918    1 
15 1 1 2 2 3 3 1 1864    1 
15 1 1 1 1 2 2 1  933    1 
15 1 0 0 3 1 1 1  823    1 
15 1 1 3 3 4 4 1 1069    1 
15 1 0 3 2 4 4 1  745    1 
15 1 0 3 2 4 4 1  706    1 
15 1 0 3 2 4 4 1  693    1 
15 1 1 0 0 1 1 1  857    1 
15 1 0 1 0 2 2 1 1006    1 
15 1 0 2 1 3 3 1  940    1 
15 1 0 2 1 3 3 1  838    1 
15 1 0 0 3 1 1 1  755    1 
15 1 1 0 0 1 1 1  748    1 
15 1 1 3 3 4 4 1  918    1 
15 1 0 1 0 2 2 1 1560    1 
15 1 0 1 0 2 2 1  769    1 
15 1 0 3 2 4 4 1 1305    1 
15 1 1 2 2 3 3 1 1100    1 
15 1 1 2 2 3 3 1  855    1 
15 1 0 0 3 1 1 1  819    1 
15 1 1 2 2 3 3 1  865    1 
15 1 0 2 1 3 3 1 1206    1 
15 1 0 1 0 2 2 1 1077    1 
15 1 1 0 0 1 1 1  833    1 
15 1 1 1 1 2 2 1 1254    1 
15 1 0 1 0 2 2 1  747    1 
15 1 0 0 3 1 1 1  893    1 
15 1 1 2 2 3 3 1 1000    1 
15 1 1 3 3 4 4 1  943    1 
15 1 0 0 3 1 1 1 1592    1 
15 1 1 2 2 3 3 1  912    1 
15 1 1 0 0 1 1 1  811    1 
15 1 1 1 1 2 2 1 1002    1 
15 1 0 1 0 2 2 1  776    1 
15 1 0 1 0 2 2 1  761    1 
15 1 0 1 0 2 2 1  737    1 
15 1 1 2 2 3 3 1  843    1 
15 1 0 3 2 4 4 1 1016    1 
15 1 1 3 3 4 4 1  695    1 
15 1 0 2 1 3 3 1  914    1 
15 1 0 2 1 3 3 1  685    1 
15 1 1 0 0 1 1 1  752    1 
15 1 1 3 3 4 4 1  817    1 
15 1 1 0 0 1 1 1  711    1 
15 1 0 1 0 2 2 1 1266    1 
15 1 0 0 3 1 1 1 1030    1 
15 1 0 2 1 3 3 1 1004    1 
15 1 1 3 3 4 4 1  875    1 
15 1 0 0 3 1 1 1  847    1 
15 1 0 3 2 4 4 1  973    1 
15 1 0 3 2 4 4 1  757    1 
15 1 1 3 3 4 4 1  694    1 
15 1 1 0 0 1 1 1  729    0 
15 1 1 1 1 2 2 1 1036    0 
15 1 0 2 1 3 3 1  961    1 
15 1 0 2 1 3 3 1  690    1 
15 1 1 3 3 4 4 1  917    1 
15 1 1 0 0 1 1 1  736    1 
15 1 1 0 0 1 1 1  809    1 
15 1 0 0 3 1 1 1  912    1 
15 1 0 3 2 4 4 1  899    1 
15 1 1 1 1 2 2 1 1166    1 
15 1 1 2 2 3 3 1  830    1 
15 1 1 3 3 4 4 1  916    1 
15 1 1 2 2 3 3 1 1214    1 
15 1 1 1 1 2 2 1 1053    1 
15 1 0 1 0 2 2 1  946    1 
15 1 0 0 3 1 1 1  867    1 
15 1 1 3 3 4 4 1  927    1 
15 1 1 1 1 2 2 1 1674    1 
15 1 1 3 3 4 4 1 1166    1 
15 1 1 0 0 1 1 1  806    1 
15 1 0 1 0 2 2 1 1221    1 
15 1 0 1 0 2 2 1  771    1 
15 1 1 0 0 1 1 1  851    1 
15 1 1 2 2 3 3 1 1192    1 
15 1 1 3 3 4 4 1 1464    1 
15 1 0 0 3 1 1 1  812    1 
15 1 0 3 2 4 4 1  907    1 
15 1 0 2 1 3 3 1 1134    1 
15 1 0 1 0 2 2 1 1960    1 
15 1 0 3 2 4 4 1 1128    1 
15 1 0 2 1 3 3 1 1011    1 
15 1 0 1 0 2 2 1 1345    1 
15 1 1 1 1 2 2 1  859    1 
15 1 1 0 0 1 1 1  912    1 
15 1 0 1 0 2 2 1 1275    1 
15 1 0 3 2 4 4 1  927    1 
15 1 1 2 2 3 3 1 1481    1 
15 1 1 3 3 4 4 1 1037    1 
15 1 0 0 3 1 1 1  827    1 
15 1 0 3 2 4 4 1  953    1 
15 1 1 1 1 2 2 1 1354    1 
15 1 1 0 0 1 1 1  859    1 
15 1 1 2 2 3 3 1  991    1 
15 1 1 2 2 3 3 1 1207    1 
15 1 0 1 0 2 2 1 1174    1 
15 1 1 0 0 1 1 1  870    1 
15 1 0 1 0 2 2 1  970    1 
15 1 1 3 3 4 4 1 1642    1 
15 1 0 0 3 1 1 1  832    1 
15 1 1 1 1 2 2 1 1469    1 
15 1 1 3 3 4 4 1 1602    1 
15 1 0 2 1 3 3 1  977    1 
15 1 1 3 3 4 4 1  969    1 
15 1 0 0 3 1 1 1  873    1 
15 1 1 0 0 1 1 1  837    1 
15 1 1 1 1 2 2 1 1082    1 
15 1 1 0 0 1 1 1  766    1 
15 1 1 1 1 2 2 1  966    1 
15 1 1 1 1 2 2 1 1350    1 
15 1 0 3 2 4 4 1 1127    1 
15 1 0 0 3 1 1 1  769    1 
15 1 1 3 3 4 4 1 1154    1 
15 1 0 0 3 1 1 1  714    1 
15 1 0 2 1 3 3 1  941    1 
15 1 0 0 3 1 1 1  807    1 
15 1 1 2 2 3 3 1 2000    1 
15 1 0 1 2 2 2 1 1103    1 
15 1 1 1 1 2 2 1  922    1 
15 1 0 0 1 1 1 1  868    1 
15 1 1 2 2 3 3 1  904    1 
15 1 0 1 2 2 2 1 1011    0 
15 1 1 3 3 4 4 1 1338    1 
15 1 1 2 2 3 3 1  995    1 
15 1 0 3 0 4 4 1 1075    1 
15 1 1 2 2 3 3 1 1015    1 
15 1 0 3 0 4 4 1 1006    1 
15 1 1 2 2 3 3 1 1181    1 
15 1 0 2 3 3 3 1  789    1 
15 1 1 1 1 2 2 1 1012    1 
15 1 0 2 3 3 3 1  843    1 
15 1 1 2 2 3 3 1  729    1 
15 1 0 0 1 1 1 1  955    1 
15 1 0 3 0 4 4 1  972    1 
15 1 1 0 0 1 1 1  748    1 
15 1 1 0 0 1 1 1  797    1 
15 1 0 1 2 2 2 1 1341    1 
15 1 1 1 1 2 2 1  670    1 
15 1 1 2 2 3 3 1  739    1 
15 1 0 1 2 2 2 1  724    1 
15 1 1 2 2 3 3 1  654    1 
15 1 1 0 0 1 1 1  779    1 
15 1 0 2 3 3 3 1  843    1 
15 1 0 2 3 3 3 1  649    1 
15 1 0 3 0 4 4 1  933    0 
15 1 1 3 3 4 4 1  727    1 
15 1 0 0 1 1 1 1  785    1 
15 1 0 1 2 2 2 1 1009    0 
15 1 1 3 3 4 4 1  959    1 
15 1 1 1 1 2 2 1  832    1 
15 1 1 0 0 1 1 1 1598    1 
15 1 1 1 1 2 2 1  797    1 
15 1 0 2 3 3 3 1  893    1 
15 1 0 1 2 2 2 1 1008    1 
15 1 0 1 2 2 2 1  631    1 
15 1 1 0 0 1 1 1  773    1 
15 1 0 1 2 2 2 1  965    1 
15 1 1 1 1 2 2 1  837    1 
15 1 1 3 3 4 4 1 1411    1 
15 1 1 0 0 1 1 1 1122    1 
15 1 1 1 1 2 2 1  892    1 
15 1 0 1 2 2 2 1  848    1 
15 1 0 1 2 2 2 1  757    1 
15 1 1 2 2 3 3 1  910    1 
15 1 0 2 3 3 3 1  601    1 
15 1 0 2 3 3 3 1  568    1 
15 1 1 3 3 4 4 1  808    1 
15 1 0 3 0 4 4 1  622    1 
15 1 1 0 0 1 1 1  789    1 
15 1 0 2 3 3 3 1  948    1 
15 1 0 1 2 2 2 1  878    1 
15 1 0 3 0 4 4 1  858    1 
15 1 0 3 0 4 4 1  631    1 
15 1 0 3 0 4 4 1  613    1 
15 1 1 2 2 3 3 1  764    1 
15 1 1 1 1 2 2 1  820    1 
15 1 0 2 3 3 3 1  755    1 
15 1 0 3 0 4 4 1  915    1 
15 1 0 0 1 1 1 1  838    1 
15 1 0 3 0 4 4 1  979    1 
15 1 1 2 2 3 3 1 1427    1 
15 1 1 2 2 3 3 1  681    1 
15 1 1 2 2 3 3 1  557    1 
15 1 0 1 2 2 2 1  686    1 
15 1 0 0 1 1 1 1  786    1 
15 1 1 0 0 1 1 1  745    1 
15 1 0 0 1 1 1 1  635    0 
15 1 0 0 1 1 1 1  552    1 
15 1 1 0 0 1 1 1  609    1 
15 1 1 0 0 1 1 1  504    1 
15 1 1 3 3 4 4 1  979    1 
15 1 0 1 2 2 2 1  931    1 
15 1 0 1 2 2 2 1  717    1 
15 1 0 3 0 4 4 1 1007    1 
15 1 0 1 2 2 2 1  734    1 
15 1 1 2 2 3 3 1  711    1 
15 1 1 2 2 3 3 1  874    1 
15 1 0 0 1 1 1 1  758    1 
15 1 0 3 0 4 4 1  879    1 
15 1 0 3 0 4 4 1  843    1 
15 1 1 1 1 2 2 1  953    1 
15 1 0 0 1 1 1 1  802    0 
15 1 0 0 1 1 1 1  945    1 
15 1 0 3 0 4 4 1  930    1 
15 1 1 1 1 2 2 1  804    1 
15 1 0 3 0 4 4 1 1035    1 
15 1 0 1 2 2 2 1 1585    1 
15 1 1 2 2 3 3 1  776    1 
15 1 0 2 3 3 3 1  656    0 
15 1 0 0 1 1 1 1  877    1 
15 1 0 0 1 1 1 1 1001    1 
15 1 0 0 1 1 1 1  648    1 
15 1 0 2 3 3 3 1  790    1 
15 1 0 3 0 4 4 1 1165    1 
15 1 0 0 1 1 1 1  918    1 
15 1 1 0 0 1 1 1 1352    1 
15 1 0 3 0 4 4 1  793    0 
15 1 1 3 3 4 4 1  656    1 
15 1 1 2 2 3 3 1 1229    1 
15 1 0 3 0 4 4 1  923    1 
15 1 0 2 3 3 3 1 1630    1 
15 1 1 1 1 2 2 1  876    1 
15 1 0 1 2 2 2 1  888    1 
15 1 1 2 2 3 3 1 1347    1 
15 1 1 3 3 4 4 1  845    1 
15 1 0 1 2 2 2 1  682    1 
15 1 1 3 3 4 4 1  918    1 
15 1 1 0 0 1 1 1  872    1 
15 1 0 0 1 1 1 1  844    1 
15 1 1 2 2 3 3 1 1010    1 
15 1 1 1 1 2 2 1  817    1 
15 1 1 1 1 2 2 1  695    1 
15 1 0 0 1 1 1 1  826    1 
15 1 0 3 0 4 4 1  928    1 
15 1 1 3 3 4 4 1  827    1 
15 1 1 1 1 2 2 1  905    1 
15 1 0 3 0 4 4 1  844    1 
15 1 0 2 3 3 3 1  969    1 
15 1 0 1 2 2 2 1  905    1 
15 1 0 0 1 1 1 1  764    1 
15 1 1 2 2 3 3 1  973    0 
15 1 0 0 1 1 1 1  813    1 
15 1 1 3 3 4 4 1  900    1 
15 1 0 2 3 3 3 1  791    1 
15 1 0 2 3 3 3 1  654    1 
15 1 1 0 0 1 1 1  827    1 
15 1 1 3 3 4 4 1  889    0 
15 1 1 2 2 3 3 1  773    1 
15 1 0 0 1 1 1 1  501    1 
15 1 0 0 1 1 1 1  424    1 
15 1 1 1 1 2 2 1  838    1 
15 1 1 3 3 4 4 1  915    1 
15 1 1 2 2 3 3 1  758    1 
15 1 1 1 1 2 2 1  767    1 
15 1 1 0 0 1 1 1  743    1 
15 1 1 2 2 3 3 1  905    1 
15 1 0 0 1 1 1 1  867    1 
15 1 1 2 2 3 3 1  839    1 
15 1 0 0 1 1 1 1  741    1 
15 1 0 1 2 2 2 1  926    1 
15 1 1 0 0 1 1 1  745    1 
15 1 1 2 2 3 3 1  730    1 
15 1 0 0 1 1 1 1  764    1 
15 1 0 3 0 4 4 1  917    1 
15 1 1 0 0 1 1 1  671    1 
15 1 0 3 0 4 4 1  875    1 
15 1 1 0 0 1 1 1  791    1 
15 1 1 2 2 3 3 1  935    1 
15 1 1 2 2 3 3 1  968    1 
15 1 1 1 1 2 2 1  865    1 
15 1 1 0 0 1 1 1  869    1 
15 1 1 1 1 2 2 1 1506    1 
15 1 1 1 1 2 2 1  685    1 
15 1 1 1 1 2 2 1  656    1 
15 1 1 3 3 4 4 1 1189  110 
15 1 0 0 1 1 1 1  868    1 
15 1 1 1 1 2 2 1  977    1 
15 1 0 0 1 1 1 1  849    1 
15 1 0 0 1 1 1 1  630    1 
15 1 1 0 0 1 1 1  940    1 
15 1 0 3 0 4 4 1 1565    1 
15 1 0 3 0 4 4 1  661    1 
15 1 0 1 2 2 2 1 1898    1 
15 1 0 2 3 3 3 1  942    1 
15 1 1 2 2 3 3 1 1543    1 
15 1 1 3 3 4 4 1 1153    1 
15 1 1 2 2 3 3 1  786    1 
15 1 0 3 0 4 4 1  857    1 
15 1 1 3 3 4 4 1  862    1 
15 1 1 3 3 4 4 1  675    1 
15 1 1 0 0 1 1 1  895    1 
15 1 1 1 1 2 2 1  954    1 
15 1 0 1 2 2 2 1  835    1 
15 1 0 1 2 2 2 1  673    0 
15 1 0 2 3 3 3 1  781    1 
15 1 0 1 2 2 2 1  837    1 
15 1 0 1 2 2 2 1  627    1 
15 1 0 2 3 3 3 1  809    1 
15 1 0 0 1 1 1 1  800    0 
15 1 1 3 3 4 4 1  878    1 
15 1 1 3 3 4 4 1  651    1 
15 1 1 3 3 4 4 1  631    1 
15 1 1 3 3 4 4 1  637    1 
15 1 1 2 2 3 3 1 1619    1 
15 1 1 0 0 1 1 1  873    1 
15 1 1 3 3 4 4 1  917    1 
15 1 1 3 3 4 4 1  391    1 
15 1 0 1 2 2 2 1  807    1 
