10 1 0 3 2 4 4 1 2134    1 
10 1 0 2 1 3 3 1 1471    1 
10 1 1 3 3 4 4 1  956    1 
10 1 1 3 3 4 4 1  604    0 
10 1 0 1 0 2 2 1 1027    1 
10 1 0 3 2 4 4 1  689    0 
10 1 0 0 3 1 1 1  813    1 
10 1 1 2 2 3 3 1 1028    1 
10 1 1 1 1 2 2 1  858    1 
10 1 1 3 3 4 4 1  799    0 
10 1 1 3 3 4 4 1  686    1 
10 1 0 0 3 1 1 1  649    0 
10 1 1 1 1 2 2 1  918    1 
10 1 1 2 2 3 3 1 1016    1 
10 1 1 3 3 4 4 1  758    1 
10 1 0 1 0 2 2 1  823    1 
10 1 0 2 1 3 3 1  789    1 
10 1 1 3 3 4 4 1  533    1 
10 1 0 3 2 4 4 1  606    1 
10 1 0 2 1 3 3 1  925    1 
10 1 1 0 0 1 1 1  703   37 
10 1 1 1 1 2 2 1 1210    1 
10 1 0 2 1 3 3 1  817    1 
10 1 0 2 1 3 3 1  575    1 
10 1 0 1 0 2 2 1  831    1 
10 1 0 2 1 3 3 1  629    1 
10 1 1 1 1 2 2 1  811    1 
10 1 0 0 3 1 1 1  754    1 
10 1 0 1 0 2 2 1  851    1 
10 1 0 2 1 3 3 1 1120  128 
10 1 0 2 1 3 3 1 1042    1 
10 1 0 1 0 2 2 1 1432    1 
10 1 1 2 2 3 3 1  694    1 
10 1 1 2 2 3 3 1  889    1 
10 1 1 0 0 1 1 1  709    1 
10 1 0 2 1 3 3 1  727    1 
10 1 0 0 3 1 1 1  746    1 
10 1 1 2 2 3 3 1  691    1 
10 1 0 1 0 2 2 1  791   54 
10 1 0 0 3 1 1 1  758   76 
10 1 0 3 2 4 4 1  743    1 
10 1 1 1 1 2 2 1 1016    1 
10 1 1 3 3 4 4 1  735    1 
10 1 1 0 0 1 1 1  600    1 
10 1 0 3 2 4 4 1  919   21 
10 1 1 2 2 3 3 1 1097    1 
10 1 0 3 2 4 4 1  637    1 
10 1 1 0 0 1 1 1  594    1 
10 1 0 2 1 3 3 1 1314    1 
10 1 1 2 2 3 3 1 1196    1 
10 1 1 2 2 3 3 1  644    1 
10 1 1 1 1 2 1 0  809    1 
10 1 0 2 1 3 3 1  718   94 
10 1 1 1 1 2 2 1  456    1 
10 1 0 3 2 4 4 1  629    1 
10 1 1 2 2 3 3 1  675    1 
10 1 0 1 0 2 2 1  567    1 
10 1 1 2 2 3 3 1  672    1 
10 1 0 1 0 2 2 1  676    1 
10 1 1 3 3 4 4 1  584    1 
10 1 0 3 2 4 4 1  479    1 
10 1 1 3 3 4 4 1  403    1 
10 1 1 3 3 4 4 1  458    1 
10 1 0 3 2 4 4 1  471    1 
10 1 0 2 1 3 3 1  699    1 
10 1 0 0 3 1 1 1  830    1 
10 1 1 3 3 4 4 1  580    1 
10 1 1 3 3 4 4 1  484    1 
10 1 1 2 2 3 4 0  432    1 
10 1 0 0 3 1 1 1  683    1 
10 1 1 3 3 4 4 1  471    1 
10 1 0 2 1 3 3 1  891    1 
10 1 1 1 1 2 2 1  782    1 
10 1 0 0 3 1 1 1 1102    0 
10 1 0 3 2 4 4 1  577    1 
10 1 0 0 3 1 1 1  649    1 
10 1 0 1 0 2 2 1 1206   50 
10 1 1 2 2 3 3 1  908    1 
10 1 0 0 3 1 1 1  551    1 
10 1 0 2 1 3 3 1  672    1 
10 1 0 2 1 3 3 1  604    0 
10 1 0 2 1 3 3 1  579    1 
10 1 0 3 2 4 4 1  675    1 
10 1 1 3 3 4 4 1  631    0 
10 1 1 2 2 3 4 0  493    1 
10 1 1 0 0 1 2 0  527    1 
10 1 1 3 3 4 4 1  543    1 
10 1 1 0 0 1 1 1  521    1 
10 1 0 0 3 1 1 1  547    1 
10 1 1 0 0 1 1 1  564    1 
10 1 1 1 1 2 2 1 1021    1 
10 1 1 1 1 2 2 1  763    1 
10 1 1 1 1 2 2 1  516    1 
10 1 1 1 1 2 2 1  478    1 
10 1 1 3 3 4 4 1  506    1 
10 1 0 3 2 4 4 1  517    1 
10 1 0 0 3 1 1 1  567   48 
10 1 1 2 2 3 3 1  599    1 
10 1 0 0 3 1 1 1  550    1 
10 1 0 0 3 1 1 1  447    1 
10 1 0 2 1 3 3 1  692    1 
10 1 1 3 3 4 4 1  496    1 
10 1 1 3 3 4 3 0  395    1 
10 1 1 2 2 3 3 1  585    1 
10 1 0 0 3 1 1 1  528    1 
10 1 1 0 0 1 1 1  986    1 
10 1 0 2 1 3 3 1  698    1 
10 1 1 0 0 1 1 1  485    0 
10 1 1 1 1 2 2 1 1321    1 
10 1 1 0 0 1 2 0  459    1 
10 1 0 1 0 2 2 1  510    1 
10 1 0 1 0 2 2 1  800    1 
10 1 1 0 0 1 1 1  471    1 
10 1 1 3 3 4 4 1  508    1 
10 1 0 3 2 4 4 1  622    1 
10 1 0 1 0 2 2 1 1500    1 
10 1 1 3 3 4 4 1  591    1 
10 1 1 2 2 3 4 0   71    1 
10 1 0 3 2 4 4 1  529    1 
10 1 0 0 3 1 1 1  643    1 
10 1 1 0 0 1 1 1  577    1 
10 1 1 1 1 2 2 1  793    1 
10 1 0 0 3 1 1 1  584    1 
10 1 0 3 2 4 4 1  616    1 
10 1 0 1 0 2 2 1  606    1 
10 1 1 3 3 4 4 1  452    1 
10 1 0 1 0 2 2 1  713    1 
10 1 0 1 0 2 2 1  547    1 
10 1 1 3 3 4 4 1  589    1 
10 1 0 1 0 2 2 1  620    1 
10 1 0 2 1 3 3 1  635    1 
10 1 0 1 0 2 2 1  936    1 
10 1 1 3 3 4 4 1  546    1 
10 1 1 0 0 1 1 1  643    1 
10 1 0 3 2 4 4 1  736    1 
10 1 0 0 3 1 1 1  754    1 
10 1 1 3 3 4 4 1  523    1 
10 1 0 2 1 3 3 1  717    1 
10 1 1 2 2 3 3 1  823    1 
10 1 0 1 0 2 3 0  453    1 
10 1 1 0 0 1 1 1  632    1 
10 1 1 3 3 4 4 1  526    0 
10 1 1 1 1 2 2 1  792    0 
10 1 0 1 0 2 2 1  943   46 
10 1 1 0 0 1 2 0  553    1 
10 1 0 2 1 3 3 1  671    1 
10 1 1 0 0 1 1 1  604    1 
10 1 1 2 2 3 3 1  618    1 
10 1 0 2 1 3 3 1 1209    1 
10 1 1 0 0 1 1 1  543    1 
10 1 0 2 1 3 3 1  857    1 
10 1 1 2 2 3 2 0  734    1 
10 1 0 2 1 3 3 1  621    0 
10 1 1 0 0 1 1 1  667    1 
10 1 1 3 3 4 4 1  607    1 
10 1 1 1 1 2 2 1  902    1 
10 1 0 0 3 1 1 1  825    1 
10 1 1 3 3 4 4 1  615   36 
10 1 1 0 0 1 1 1  925    0 
10 1 1 0 0 1 1 1  568    1 
10 1 1 2 2 3 1 0  456    0 
10 1 1 1 1 2 2 1  795    1 
10 1 0 0 3 1 1 1  682    1 
10 1 1 1 1 2 2 1 1445    0 
10 1 0 2 1 3 3 1  659    1 
10 1 0 1 0 2 2 1 1384    1 
10 1 0 3 2 4 4 1  535    1 
10 1 0 3 2 4 4 1  577    1 
10 1 1 0 0 1 1 1  601    1 
10 1 1 3 3 4 4 1  568    1 
10 1 0 0 3 1 1 1  736    1 
10 1 1 0 0 1 1 1  505    1 
10 1 0 0 3 1 1 1  492    1 
10 1 1 1 1 2 2 1  904    1 
10 1 1 1 1 2 2 1  794    1 
10 1 1 1 1 2 2 1 1026    1 
10 1 1 2 2 3 3 1  800    1 
10 1 1 1 1 2 2 1  879    1 
10 1 1 1 1 2 2 1  467    1 
10 1 0 1 0 2 2 1  983    1 
10 1 0 1 0 2 2 1  575    1 
10 1 0 1 0 2 2 1  455    1 
10 1 1 0 0 1 1 1  708    1 
10 1 0 3 2 4 2 0  510    1 
10 1 0 1 0 2 2 1  695    1 
10 1 0 2 1 3 3 1  731    1 
10 1 0 0 3 1 1 1  925    1 
10 1 0 0 3 1 1 1  655    1 
10 1 0 1 0 2 2 1  772    1 
10 1 0 2 1 3 3 1  780    1 
10 1 1 3 3 4 4 1  588    1 
10 1 0 0 3 1 1 1 1036    1 
10 1 1 0 0 1 1 1 2437    0 
10 1 0 0 3 1 1 1  787    1 
10 1 1 0 0 1 1 1  578   39 
10 1 0 1 0 2 2 1  666    1 
10 1 0 1 0 2 2 1  534    1 
10 1 1 3 3 4 4 1  496    1 
10 1 1 2 2 3 3 1  459    1 
10 1 1 1 1 2 1 0  656    1 
10 1 0 1 0 2 2 1  571    1 
10 1 1 1 1 2 2 1  475    1 
10 1 1 2 2 3 3 1  527    1 
10 1 0 1 0 2 2 1  921    1 
10 1 0 2 1 3 3 1  580    1 
10 1 0 1 0 2 2 1  532    1 
10 1 0 0 3 1 1 1  686    1 
10 1 0 0 3 1 1 1  417    1 
10 1 1 2 2 3 3 1  567    1 
10 1 0 1 0 2 2 1  568    1 
10 1 1 3 3 4 4 1  496    1 
10 1 1 0 0 1 1 1  555    0 
10 1 1 3 3 4 4 1  540   46 
10 1 1 2 2 3 3 1  621    1 
10 1 1 1 1 2 2 1  604    1 
10 1 0 0 3 1 1 1  586    1 
10 1 0 3 2 4 4 1  506    1 
10 1 1 2 2 3 3 1  581    1 
10 1 0 2 1 3 3 1 1197    0 
10 1 1 1 1 2 2 1  772    1 
10 1 1 1 1 2 2 1  677    1 
10 1 0 3 2 4 4 1  537    1 
10 1 1 3 3 4 4 1  722    1 
10 1 1 1 1 2 2 1  732    1 
10 1 1 2 2 3 3 1  630    1 
10 1 0 3 2 4 4 1  556    1 
10 1 1 2 2 3 3 1  597    1 
10 1 1 1 1 2 2 1  580   37 
10 1 0 0 3 1 1 1  700    1 
10 1 0 1 0 2 2 1  647    1 
10 1 0 3 2 4 4 1  621    1 
10 1 1 2 2 3 3 1  691    1 
10 1 0 1 0 2 2 1  686    1 
10 1 0 3 2 4 4 1 1082    1 
10 1 0 0 3 1 1 1  526    1 
10 1 0 3 2 4 4 1  608    1 
10 1 1 2 2 3 3 1  663    1 
10 1 0 1 0 2 2 1  780    1 
10 1 1 2 2 3 3 1  628    1 
10 1 0 1 0 2 2 1 1082    1 
10 1 1 0 0 1 1 1  629    1 
10 1 1 3 3 4 4 1  483    1 
10 1 0 2 1 3 3 1  543    1 
10 1 0 0 3 1 1 1  976    1 
10 1 1 0 0 1 1 1  577    0 
10 1 0 0 3 1 1 1  441    1 
10 1 1 1 1 2 2 1  622    1 
10 1 1 0 0 1 1 1  580    1 
10 1 0 2 1 3 3 1  596    1 
10 1 0 0 3 1 1 1  572    1 
10 1 1 0 0 1 1 1  524    1 
10 1 1 3 3 4 4 1  550    1 
10 1 1 3 3 4 4 1  559    1 
10 1 1 0 0 1 1 1  560    1 
10 1 0 0 3 1 1 1  441    1 
10 1 1 0 0 1 1 1  390    1 
10 1 1 1 1 2 2 1  469    1 
10 1 0 3 2 4 4 1  650    1 
10 1 1 1 1 2 2 1  638    1 
10 1 0 2 1 3 3 1  492    1 
10 1 0 0 3 1 1 1  559    1 
10 1 0 3 2 4 4 1  744    1 
10 1 1 3 3 4 4 1  578    1 
10 1 0 3 2 4 4 1  522    1 
10 1 0 3 2 4 4 1  484    1 
10 1 0 1 0 2 2 1  727   46 
10 1 1 3 3 4 4 1  562    1 
10 1 1 0 0 1 1 1  538    1 
10 1 0 1 0 2 2 1  588    1 
10 1 0 0 3 1 1 1  611    1 
10 1 0 2 1 3 4 0  618    1 
10 1 1 2 2 3 3 1  598    1 
10 1 0 3 2 4 4 1  694    1 
10 1 0 1 0 2 2 1  697    0 
10 1 0 0 3 1 1 1  557    1 
10 1 0 1 0 2 2 1  485    1 
10 1 0 1 0 2 2 1  457    1 
10 1 0 3 2 4 4 1  542    1 
10 1 1 1 1 2 2 1  551    1 
10 1 1 1 1 2 2 1  448    1 
10 1 1 2 2 3 3 1  589    1 
10 1 1 0 0 1 1 1  589    1 
10 1 0 3 2 4 4 1  556    1 
10 1 0 2 1 3 4 0  621    1 
10 1 1 1 1 2 2 1  721    1 
10 1 1 2 2 3 3 1  691    1 
10 1 1 3 3 4 4 1  559    1 
10 1 0 3 2 4 4 1  584    1 
10 1 0 2 1 3 3 1  663    1 
10 1 0 0 3 1 1 1  796    0 
10 1 0 0 3 1 1 1  612    1 
10 1 0 3 2 4 4 1  610    1 
10 1 1 2 2 3 3 1  721    1 
10 1 0 2 1 3 3 1  715    0 
10 1 0 1 0 2 3 0  445    0 
10 1 1 3 3 4 4 1  561    1 
10 1 0 2 1 3 3 1  658    1 
10 1 1 1 1 2 2 1  399    1 
10 1 1 0 0 1 1 1  549   39 
10 1 0 0 3 1 1 1  551    1 
10 1 1 0 0 1 1 1  631    1 
10 1 1 3 3 4 4 1  637    1 
10 1 0 2 1 3 3 1 1491    1 
10 1 0 1 0 2 2 1  638    1 
10 1 0 3 2 4 4 1  588    1 
10 1 1 2 2 3 3 1  651    0 
10 1 1 0 0 1 1 1  672    1 
10 1 1 1 1 2 2 1 1788    1 
10 1 1 2 2 3 3 1  644    1 
10 1 0 1 0 2 2 1  673    1 
10 1 0 2 1 3 3 1  461    1 
10 1 1 1 1 2 2 1  554    1 
10 1 0 3 2 4 4 1  619    1 
10 1 0 0 3 1 2 0  673    1 
10 1 0 2 1 3 3 1  731    1 
10 1 1 1 1 2 2 1  589    1 
10 1 0 2 1 3 2 0  749    1 
10 1 0 3 2 4 4 1 1036    1 
10 1 1 3 3 4 4 1  521    1 
10 1 1 3 3 4 4 1  451    1 
10 1 0 2 1 3 3 1  640    1 
10 1 0 3 2 4 4 1  693    1 
10 1 1 2 2 3 4 0  729    1 
10 1 1 0 0 1 2 0  561    1 
10 1 1 2 2 3 3 1  608   45 
10 1 1 3 3 4 4 1  735    1 
10 1 1 3 3 4 4 1  584    1 
10 1 0 2 1 3 3 1  688    1 
10 1 0 2 1 3 3 1  571    1 
10 1 1 2 2 3 3 1  795   49 
10 1 1 0 0 1 1 1  515    1 
10 1 1 1 1 2 2 1  958    0 
10 1 1 2 2 3 3 1  622    1 
10 1 1 0 0 1 1 1  573    1 
10 1 0 0 3 1 1 1  781    1 
10 1 0 2 1 3 3 1  725    1 
10 1 1 1 1 2 2 1  711    1 
10 1 0 2 1 3 2 0 1474    1 
10 1 0 1 0 2 2 1  532   39 
10 1 0 0 3 1 1 1  581    1 
10 1 1 2 2 3 3 1 1998    1 
10 1 1 2 2 3 3 1  653    1 
10 1 1 1 1 2 2 1  826    1 
10 1 0 0 3 1 3 0 1376    1 
10 1 1 3 3 4 4 1  486    1 
10 1 0 2 1 3 4 0  666    1 
10 1 1 0 0 1 1 1  644    1 
10 1 1 1 1 2 2 1  441    1 
10 1 1 1 1 2 2 1  751    1 
10 1 0 0 3 1 2 0  536    1 
10 1 0 1 0 2 2 1  743    1 
10 1 1 1 1 2 2 1  657    1 
10 1 0 0 3 1 1 1  526    1 
10 1 1 3 3 4 4 1  568    1 
10 1 1 0 0 1 1 1  544   49 
10 1 0 2 1 3 3 1  785    1 
10 1 1 1 1 2 2 1 1073    1 
10 1 1 2 2 3 3 1 1277    1 
10 1 0 3 2 4 4 1  649    1 
10 1 1 0 0 1 1 1  622    1 
10 1 0 1 0 2 1 0  732    1 
10 1 1 1 1 2 2 1  724    1 
10 1 0 1 0 2 2 1  798    1 
10 1 0 0 3 1 1 1  805    0 
10 1 1 0 0 1 1 1 1156    1 
10 1 0 2 1 3 3 1 1277    1 
10 1 0 0 3 1 1 1 1177    0 
10 1 1 3 3 4 4 1  657    1 
10 1 1 2 2 3 3 1 1174    1 
10 1 1 0 0 1 1 1  607    1 
10 1 0 3 2 4 4 1  965    1 
10 1 1 3 3 4 4 1  606    1 
10 1 1 3 3 4 4 1  781    1 
10 1 0 1 0 2 2 1 1597    1 
10 1 1 3 3 4 4 1  548    1 
10 1 0 3 2 4 4 1  622    1 
10 1 1 2 2 3 2 0 1332    1 
10 1 1 0 0 1 1 1  756    1 
10 1 1 3 3 4 4 1 1132    1 
10 1 0 3 2 4 4 1  822    1 
10 1 0 3 2 4 4 1  588    1 
10 1 0 3 2 4 4 1  628    1 
10 1 0 0 3 1 1 1  826    1 
10 1 0 2 1 3 3 1 3240    1 
