26 1 0 2 0 3 0 0 5000    1 
26 1 1 0 0 1 1 1 1001    1 
26 1 0 3 1 4 4 1  720    1 
26 1 0 1 3 2 2 1  858    1 
26 1 0 1 3 2 2 1  559    1 
26 1 1 3 3 4 4 1  976    1 
26 1 1 0 0 1 1 1  688    1 
26 1 0 1 3 2 2 1 1196    1 
26 1 1 2 2 3 3 1  867    1 
26 1 1 1 1 2 2 1  863    1 
26 1 0 1 3 2 2 1  516   63 
26 1 0 1 3 2 2 1  438    1 
26 1 0 1 3 2 2 1  444    1 
26 1 0 3 1 4 4 1 1121    0 
26 1 0 3 1 4 4 1  419    1 
26 1 0 2 0 3 3 1  841    1 
26 1 0 0 2 1 1 1  967   90 
26 1 0 3 1 4 4 1  647    1 
26 1 1 1 1 2 2 1 1117    1 
26 1 1 2 2 3 3 1 1015    1 
26 1 0 2 0 3 3 1  805    1 
26 1 0 0 2 1 1 1  884    1 
26 1 0 1 3 2 2 1 1032    1 
26 1 0 1 3 2 2 1  446    1 
26 1 1 1 1 2 2 1  547    1 
26 1 0 1 3 2 2 1  565    1 
26 1 1 3 3 4 4 1  710    1 
26 1 1 0 0 1 1 1  721    1 
26 1 0 1 3 2 2 1  971    1 
26 1 0 2 0 3 3 1  459    1 
26 1 0 3 1 4 4 1  616    1 
26 1 1 3 3 4 4 1  550    1 
26 1 1 0 0 1 1 1  567    1 
26 1 0 1 3 2 2 1 1055    1 
26 1 1 0 0 1 1 1  580    1 
26 1 1 1 1 2 1 0  460    1 
26 1 0 0 2 1 1 1  758    1 
26 1 1 2 2 3 3 1 1127    1 
26 1 0 0 2 1 1 1 1009    1 
26 1 0 1 3 2 2 1  768    1 
26 1 0 2 0 3 3 1  664    1 
26 1 0 3 1 4 4 1  621    1 
26 1 0 1 3 2 2 1 1107    1 
26 1 0 3 1 4 4 1  798    1 
26 1 0 0 2 1 1 1  542    1 
26 1 0 1 3 2 2 1  831    1 
26 1 0 1 3 2 2 1  461    1 
26 1 1 0 0 1 1 1  530    1 
26 1 0 3 1 4 4 1  716    1 
26 1 1 0 0 1 1 1  646    1 
26 1 1 2 2 3 3 1  644    1 
26 1 1 2 2 3 3 1  401    1 
26 1 0 1 3 2 2 1  800    1 
26 1 0 0 2 1 1 1  591    1 
26 1 0 1 3 2 2 1 1014    1 
26 1 0 0 2 1 1 1  621    1 
26 1 1 1 1 2 2 1  955    1 
26 1 0 2 0 3 3 1  596    1 
26 1 1 0 0 1 1 1  508    1 
26 1 1 1 1 2 1 0  535    1 
26 1 1 3 3 4 4 1  574    1 
26 1 1 2 2 3 3 1 1094    1 
26 1 1 0 0 1 1 1  706    1 
26 1 1 3 3 4 4 1  716    1 
26 1 1 0 0 1 1 1  559    1 
26 1 0 2 0 3 3 1 1311    1 
26 1 1 2 2 3 3 1  522    1 
26 1 0 2 0 3 3 1  524    1 
26 1 0 0 2 1 1 1  590    1 
26 1 1 2 2 3 3 1  886    1 
26 1 0 3 1 4 4 1  665    1 
26 1 0 0 2 1 1 1  630    1 
26 1 1 1 1 2 2 1  812    1 
26 1 1 0 0 1 1 1  507    1 
26 1 0 2 0 3 3 1  541    1 
26 1 1 0 0 1 1 1  503    1 
26 1 1 0 0 1 1 1  514    1 
26 1 1 0 0 1 1 1  396    1 
26 1 1 2 2 3 3 1 1228    1 
26 1 1 2 2 3 3 1  450    1 
26 1 0 3 1 4 4 1  639    1 
26 1 1 0 0 1 1 1  508    1 
26 1 1 1 1 2 2 1  799    1 
26 1 0 3 1 4 4 1  606    1 
26 1 0 3 1 4 4 1  509    1 
26 1 1 3 3 4 4 1  591    1 
26 1 1 0 0 1 1 1  495    1 
26 1 1 0 0 1 1 1  522    1 
26 1 0 3 1 4 4 1  597    1 
26 1 1 0 0 1 1 1  476    1 
26 1 0 3 1 4 4 1  440    1 
26 1 0 2 0 3 3 1  742    1 
26 1 1 3 3 4 4 1  567    1 
26 1 1 2 2 3 3 1  623    1 
26 1 0 2 0 3 3 1  597    1 
26 1 1 3 3 4 4 1  629    1 
26 1 1 2 2 3 3 1  715    1 
26 1 0 0 2 1 1 1  694    1 
26 1 1 0 0 1 1 1  625    1 
26 1 0 2 0 3 3 1  567    1 
26 1 0 2 0 3 3 1  535    1 
26 1 0 0 2 1 1 1  585    1 
26 1 0 1 3 2 2 1  584    1 
26 1 1 1 1 2 2 1  696    1 
26 1 1 3 3 4 4 1  667    1 
26 1 1 3 3 4 4 1  495    1 
26 1 0 1 3 2 2 1  579    1 
26 1 1 1 1 2 2 1  715    1 
26 1 1 3 3 4 4 1  582    1 
26 1 1 1 1 2 2 1  590    1 
26 1 0 2 0 3 3 1  637    0 
26 1 0 3 1 4 4 1  595    1 
26 1 1 2 2 3 3 1 1410    1 
26 1 1 0 0 1 1 1  529    0 
26 1 1 2 2 3 3 1  611    0 
26 1 0 2 0 3 3 1  642    0 
26 1 1 1 1 2 2 1  608    1 
26 1 0 2 0 3 3 1  615    1 
26 1 0 0 2 1 1 1  589    1 
26 1 0 3 1 4 4 1  597    1 
26 1 0 3 1 4 4 1  564    1 
26 1 1 3 3 4 4 1  549    1 
26 1 0 2 0 3 3 1  542    1 
26 1 1 1 1 2 2 1  575    1 
26 1 0 3 1 4 4 1  575    1 
26 1 1 1 1 2 2 1  600    1 
26 1 1 1 1 2 2 1  542    1 
26 1 1 1 1 2 2 1  560    1 
26 1 1 3 3 4 4 1  545    1 
26 1 1 3 3 4 4 1  738    1 
26 1 0 2 0 3 3 1  660    1 
26 1 1 3 3 4 4 1  520    1 
26 1 1 3 3 4 4 1  514    1 
26 1 0 1 3 2 2 1  525    0 
26 1 1 3 3 4 4 1  527    1 
26 1 1 1 1 2 2 1  626    1 
26 1 1 0 0 1 1 1  488    1 
26 1 0 2 0 3 3 1  699    1 
26 1 0 3 1 4 4 1  550    0 
26 1 0 2 0 3 3 1  783   23 
26 1 1 0 0 1 1 1  582    1 
26 1 1 0 0 1 1 1  534    1 
26 1 1 2 2 3 2 0  599    1 
26 1 0 2 0 3 3 1 1092    1 
26 1 1 3 3 4 4 1  512    1 
26 1 1 3 3 4 4 1  658    1 
26 1 1 3 3 4 4 1  471    1 
26 1 1 0 0 1 1 1  523    1 
26 1 0 1 3 2 2 1  925    1 
26 1 1 3 3 4 4 1  560    1 
26 1 0 2 0 3 3 1  560    1 
26 1 0 2 0 3 3 1  497    1 
26 1 0 1 3 2 3 0  501    1 
26 1 0 3 1 4 3 0 1045    1 
26 1 0 1 3 2 2 1  817    1 
26 1 1 1 1 2 2 1  887    1 
26 1 0 3 1 4 4 1  763    1 
26 1 0 3 1 4 4 1  563    1 
26 1 1 2 2 3 3 1  916    1 
26 1 0 1 3 2 2 1  518    1 
26 1 1 2 2 3 3 1  464    0 
26 1 1 2 2 3 3 1  533    1 
26 1 0 3 1 4 4 1  671    1 
26 1 1 0 0 1 1 1  531    1 
26 1 1 2 2 3 3 1  669    1 
26 1 1 0 0 1 1 1  577    1 
26 1 0 0 2 1 1 1  929    1 
26 1 1 2 2 3 3 1  555    1 
26 1 0 3 1 4 4 1  628    1 
26 1 1 1 1 2 2 1  946   36 
26 1 1 3 3 4 4 1  564    1 
26 1 0 0 2 1 1 1  637    1 
26 1 0 0 2 1 1 1  506    1 
26 1 0 0 2 1 1 1  453    1 
26 1 1 3 3 4 4 1  530    1 
26 1 0 0 2 1 1 1  492    1 
26 1 0 0 2 1 1 1  439    1 
26 1 0 2 0 3 3 1  709    1 
26 1 1 1 1 2 2 1  408    1 
26 1 0 0 2 1 1 1  502    1 
26 1 0 2 0 3 2 0 1177    1 
26 1 0 1 3 2 2 1 2183    1 
26 1 1 2 2 3 3 1  607    1 
26 1 1 1 1 2 2 1  694    1 
26 1 0 1 3 2 2 1  489    1 
26 1 0 2 0 3 3 1  629    1 
26 1 1 1 1 2 2 1  667    0 
26 1 1 0 0 1 1 1  695    1 
26 1 1 0 0 1 1 1  426    1 
26 1 1 3 3 4 4 1  577    1 
26 1 1 2 2 3 3 1  633    1 
26 1 0 0 2 1 1 1  590    1 
26 1 1 2 2 3 3 1 1979    1 
26 1 0 2 3 3 3 1 1259    1 
26 1 0 2 3 3 3 1  520    1 
26 1 0 3 0 4 4 1  746    1 
26 1 1 1 1 2 2 1  876    1 
26 1 0 3 0 4 4 1  656    1 
26 1 1 2 2 3 3 1  677    1 
26 1 0 3 0 4 4 1  561    1 
26 1 1 1 1 2 2 1  618    1 
26 1 0 3 0 4 4 1  512    1 
26 1 1 1 1 2 2 1  747    1 
26 1 1 1 1 2 2 1  588    1 
26 1 1 0 0 1 1 1  492    1 
26 1 1 3 3 4 4 1  543    1 
26 1 1 0 0 1 1 1  472    0 
26 1 1 1 1 2 2 1  941    1 
26 1 0 1 2 2 2 1 1198    1 
26 1 0 3 0 4 4 1  542    1 
26 1 1 2 2 3 3 1  735    1 
26 1 1 1 1 2 1 0  545    1 
26 1 0 2 3 3 3 1 1344    1 
26 1 0 3 0 4 4 1  602    1 
26 1 0 1 2 2 2 1 1008    1 
26 1 0 3 0 4 4 1  599    1 
26 1 0 0 1 1 1 1  774    1 
26 1 1 0 0 1 1 1  798    1 
26 1 1 0 0 1 1 1  510    1 
26 1 0 2 3 3 3 1 1152    1 
26 1 0 2 3 3 3 1  489    1 
26 1 0 2 3 3 3 1  509    1 
26 1 1 3 3 4 4 1  544    1 
26 1 0 2 3 3 3 1 1137    1 
26 1 1 2 2 3 3 1  483    1 
26 1 0 1 2 2 2 1  798    1 
26 1 0 2 3 3 3 1 1141    1 
26 1 0 2 3 3 3 1  503    1 
26 1 1 0 0 1 1 1  554    1 
26 1 1 1 1 2 2 1  723    1 
26 1 1 1 1 2 2 1  733    1 
26 1 1 1 1 2 2 1  438    1 
26 1 1 3 3 4 4 1  620    0 
26 1 0 1 2 2 2 1  594    1 
26 1 1 1 1 2 2 1  617    1 
26 1 0 1 2 2 2 1  567    1 
26 1 0 2 3 3 3 1  712    1 
26 1 0 1 2 2 2 1  674    1 
26 1 1 2 2 3 3 1  558    1 
26 1 1 1 1 2 2 1  591    1 
26 1 0 1 2 2 2 1  991    0 
26 1 1 2 2 3 3 1  614    1 
26 1 0 1 2 2 2 1  717    1 
26 1 0 2 3 3 3 1  583    0 
26 1 0 1 2 2 2 1  679    0 
26 1 0 1 2 2 2 1  499    1 
26 1 1 0 0 1 1 1  542    1 
26 1 1 0 0 1 1 1  543    1 
26 1 1 0 0 1 1 1  536    1 
26 1 1 1 1 2 2 1  634    1 
26 1 1 0 0 1 1 1  551    1 
26 1 0 2 3 3 3 1  600    1 
26 1 0 1 2 2 2 1  759    1 
26 1 1 2 2 3 3 1  720    1 
26 1 1 2 2 3 3 1  538   40 
26 1 0 0 1 1 1 1  627    1 
26 1 0 1 2 2 2 1  666    1 
26 1 0 3 0 4 4 1  622    1 
26 1 0 3 0 4 4 1  636    1 
26 1 0 2 3 3 3 1  665    1 
26 1 1 2 2 3 3 1  517    1 
26 1 1 3 3 4 4 1  656    0 
26 1 1 3 3 4 4 1  484    1 
26 1 0 2 3 3 3 1  696    1 
26 1 0 0 1 1 1 1  587    1 
26 1 0 0 1 1 1 1  547    1 
26 1 1 1 1 2 2 1 1356    1 
26 1 0 2 3 3 3 1  653    1 
26 1 0 0 1 1 1 1  994    1 
26 1 0 0 1 1 1 1  513    1 
26 1 1 0 0 1 1 1  876    1 
26 1 0 0 1 1 1 1  480    1 
26 1 0 1 2 2 2 1  660    1 
26 1 0 2 3 3 3 1  609    1 
26 1 1 2 2 3 3 1  472    1 
26 1 1 3 3 4 4 1  548    1 
26 1 1 2 2 3 3 1  654    1 
26 1 0 2 3 3 3 1  427    1 
26 1 0 3 0 4 4 1  601    1 
26 1 1 1 1 2 2 1  695    1 
26 1 1 2 2 3 3 1  691    1 
26 1 0 2 3 3 3 1  502    1 
26 1 0 0 1 1 1 1  569    1 
26 1 0 3 0 4 4 1  497    1 
26 1 0 3 0 4 4 1  469    1 
26 1 1 0 0 1 1 1  593    1 
26 1 1 0 0 1 1 1  448    1 
26 1 0 2 3 3 3 1  606    1 
26 1 1 0 0 1 1 1  509    1 
26 1 1 3 3 4 4 1  535    1 
26 1 0 1 2 2 2 1  649    1 
26 1 0 3 0 4 4 1  510    1 
26 1 1 1 1 2 2 1  608    1 
26 1 1 0 0 1 1 1  519    1 
26 1 0 0 1 1 1 1  777    1 
26 1 0 3 0 4 4 1  658    1 
26 1 1 0 0 1 1 1  670    1 
26 1 1 3 3 4 4 1  602    1 
26 1 1 1 1 2 2 1  609    1 
26 1 1 3 3 4 4 1  536    1 
26 1 0 0 1 1 1 1  634    1 
26 1 1 3 3 4 4 1  495    1 
26 1 0 3 0 4 4 1  547    1 
26 1 0 3 0 4 4 1  532    1 
26 1 1 0 0 1 1 1  541    1 
26 1 1 2 2 3 2 0  591    1 
26 1 1 3 3 4 4 1  524    1 
26 1 1 3 3 4 4 1  415    1 
26 1 0 2 3 3 3 1  693    1 
26 1 0 0 1 1 1 1  505    1 
26 1 0 3 0 4 4 1  548    1 
26 1 1 3 3 4 4 1  445   48 
26 1 1 2 2 3 3 1  634    1 
26 1 1 0 0 1 1 1  520    1 
26 1 1 1 1 2 2 1  618    0 
26 1 0 3 0 4 4 1  544    1 
26 1 0 1 2 2 2 1 1002    1 
26 1 0 3 0 4 4 1  521    1 
26 1 1 1 1 2 2 1  995    1 
26 1 0 0 1 1 1 1  530    1 
26 1 1 3 3 4 4 1  452    1 
26 1 0 0 1 1 1 1 1009    1 
26 1 0 2 3 3 3 1 2312    1 
26 1 1 2 2 3 3 1 1051    1 
26 1 1 2 2 3 3 1  432    1 
26 1 1 1 1 2 3 0 2662    1 
26 1 0 2 3 3 3 1  553    0 
26 1 1 0 0 1 1 1  546    1 
26 1 1 0 0 1 1 1  627    1 
26 1 1 0 0 1 1 1  385    1 
26 1 1 2 2 3 3 1 1713    1 
26 1 0 3 0 4 4 1  500    1 
26 1 1 0 0 1 1 1  638    1 
26 1 0 3 0 4 4 1  588    1 
26 1 0 0 1 1 1 1  627    1 
26 1 1 3 3 4 4 1  665    1 
26 1 0 0 1 1 1 1  622    1 
26 1 1 1 1 2 2 1  804    1 
26 1 1 0 0 1 1 1  475    1 
26 1 0 1 2 2 2 1  711    1 
26 1 0 0 1 1 1 1  537    1 
26 1 0 3 0 4 4 1  491    1 
26 1 0 0 1 1 1 1  598    1 
26 1 0 0 1 1 1 1  510    1 
26 1 1 1 1 2 2 1  617   46 
26 1 1 2 2 3 3 1  479    1 
26 1 0 1 2 2 2 1  651    0 
26 1 1 1 1 2 2 1  640    1 
26 1 1 3 3 4 4 1  517    1 
26 1 1 3 3 4 4 1  487    1 
26 1 1 0 0 1 1 1  531    1 
26 1 0 2 3 3 3 1  805    1 
26 1 0 3 0 4 4 1  580   48 
26 1 0 1 2 2 2 1  716    1 
26 1 1 3 3 4 4 1  510    0 
26 1 0 2 3 3 3 1  585    1 
26 1 1 0 0 1 1 1  528    1 
26 1 1 1 1 2 2 1  626    1 
26 1 1 2 2 3 3 1 1040    1 
26 1 1 0 0 1 1 1  598    1 
26 1 1 3 3 4 4 1  573    1 
26 1 1 0 0 1 1 1  582    1 
26 1 1 1 1 2 2 1  750    1 
26 1 1 3 3 4 4 1  567    0 
26 1 0 2 3 3 3 1  687    1 
26 1 1 2 2 3 3 1  538    1 
26 1 0 3 0 4 4 1  516    1 
26 1 0 1 2 2 2 1  710    1 
26 1 1 3 3 4 4 1  465    1 
26 1 0 1 2 2 2 1  989    1 
26 1 1 0 0 1 1 1  597    1 
26 1 0 1 2 2 2 1  660    1 
26 1 0 0 1 1 1 1  529    1 
26 1 0 2 3 3 3 1  683    1 
26 1 1 1 1 2 2 1  631    1 
26 1 0 1 2 2 2 1  549    1 
26 1 1 0 0 1 4 0  534    1 
26 1 1 2 2 3 3 1  629    1 
26 1 0 3 0 4 4 1  667    1 
26 1 1 0 0 1 1 1  519    0 
26 1 0 1 2 2 2 1  722    1 
26 1 0 3 0 4 4 1  956    1 
26 1 0 3 0 4 4 1  581    1 
26 1 0 2 3 3 3 1  837    1 
