21 1 0 1 2 2 2 1 3461    1 
21 1 0 0 1 1 1 1 1226    1 
21 1 0 2 3 3 3 1 1336    1 
21 1 0 2 3 3 3 1 1146    1 
21 1 1 2 2 3 3 1 1715    1 
21 1 0 3 0 4 4 1 1581    1 
21 1 0 3 0 4 4 1  846    1 
21 1 0 3 0 4 4 1  859    1 
21 1 1 0 0 1 1 1 1304    1 
21 1 1 0 0 1 1 1  891    1 
21 1 0 1 2 2 2 1 2846    1 
21 1 0 1 2 2 2 1 1212    1 
21 1 1 1 1 2 2 1 1339    1 
21 1 0 2 3 3 3 1 1156    1 
21 1 1 1 1 2 2 1 1269    1 
21 1 1 1 1 2 2 1  793    1 
21 1 1 3 3 4 4 1 1153    1 
21 1 1 1 1 2 2 1  954    1 
21 1 0 1 2 2 2 1 1170    1 
21 1 1 0 0 1 1 1 1155    1 
21 1 0 0 1 1 1 1  659    1 
21 1 1 2 2 3 3 1 1016    1 
21 1 1 2 2 3 3 1 1206    1 
21 1 1 1 1 2 2 1 1453    1 
21 1 1 1 1 2 2 1  554    1 
21 1 0 1 2 2 2 1  771    1 
21 1 1 3 3 4 4 1 1211    1 
21 1 0 2 3 3 3 1 1042    1 
21 1 1 2 2 3 3 1  655    1 
21 1 1 3 3 4 4 1 1116    1 
21 1 1 0 0 1 1 1  862    1 
21 1 0 0 1 1 1 1  947    1 
21 1 0 0 1 1 1 1  589    1 
21 1 0 2 3 3 3 1  948    1 
21 1 1 2 2 3 3 1  566    1 
21 1 0 2 3 3 3 1  502    1 
21 1 1 0 0 1 1 1  921    1 
21 1 1 0 0 1 1 1  483    1 
21 1 0 0 1 1 1 1  446    1 
21 1 1 3 3 4 4 1 1180    1 
21 1 0 2 3 3 3 1  964    1 
21 1 1 0 0 1 1 1  797    1 
21 1 1 3 3 4 4 1 1044    1 
21 1 1 3 3 4 4 1  394    0 
21 1 1 1 1 2 3 0 1185    1 
21 1 1 1 1 2 2 1 1471    1 
21 1 0 3 0 4 4 1 1019    1 
21 1 1 1 1 2 2 1 1153    0 
21 1 0 3 0 4 4 1 1018    1 
21 1 1 0 0 1 1 1  968    1 
21 1 0 0 1 1 1 1  528    1 
21 1 0 3 0 4 4 1  946    1 
21 1 1 3 3 4 4 1  484    1 
21 1 0 1 2 2 2 1 1527    1 
21 1 0 1 2 2 2 1  674    1 
21 1 0 3 0 4 4 1  678    1 
21 1 1 0 0 1 1 1  874    1 
21 1 0 2 3 3 3 1 1006    0 
21 1 0 0 1 1 1 1  957    1 
21 1 0 3 0 4 4 1  926    1 
21 1 0 2 3 3 3 1 1096    1 
21 1 0 2 3 3 3 1  539    0 
21 1 1 3 3 4 4 1 2237    0 
21 1 1 1 1 2 2 1 2018    1 
21 1 0 3 0 4 4 1  753    1 
21 1 1 0 0 1 1 1  889    1 
21 1 1 1 1 2 2 1 1405    1 
21 1 1 2 2 3 3 1  692    1 
21 1 1 2 2 3 3 1  719    1 
21 1 0 1 2 2 2 1 1625    1 
21 1 0 0 1 1 1 1  984    1 
21 1 0 3 0 4 4 1 1159    1 
21 1 1 3 3 4 4 1  496    1 
21 1 0 1 2 2 3 0 1595    1 
21 1 1 2 2 3 3 1 1649    1 
21 1 0 3 0 4 4 1 1326    1 
21 1 1 3 3 4 4 1  632    1 
21 1 1 0 0 1 1 1  942    1 
21 1 1 2 2 3 3 1 1519    1 
21 1 1 1 1 2 2 1  897    1 
21 1 1 2 2 3 3 1  693    1 
21 1 0 3 0 4 4 1 1048    1 
21 1 0 1 2 2 2 1 1230    1 
21 1 1 2 2 3 3 1  852    1 
21 1 1 3 3 4 4 1  873    1 
21 1 0 3 0 4 4 1  469    1 
21 1 1 2 2 3 3 1 1041    1 
21 1 0 1 2 2 2 1 1127    1 
21 1 0 1 2 2 2 1  601    1 
21 1 0 1 2 2 2 1  592    1 
21 1 0 0 1 1 1 1  975    1 
21 1 0 2 3 3 3 1 1007    1 
21 1 1 1 1 2 2 1 1422    1 
21 1 0 3 0 4 4 1  940    0 
21 1 0 3 0 4 4 1  510    1 
21 1 1 0 0 1 1 1  937    1 
21 1 1 3 3 4 4 1  482    1 
21 1 1 3 3 4 4 1  485    0 
21 1 1 0 0 1 1 1  849    1 
21 1 0 0 1 1 1 1  654    1 
21 1 0 2 3 3 3 1  931    1 
21 1 0 2 3 3 3 1  501    1 
21 1 0 3 0 4 4 1  664    1 
21 1 1 1 1 2 2 1  980    1 
21 1 0 0 1 1 1 1  820    1 
21 1 1 3 3 4 4 1  827    1 
21 1 1 3 3 4 4 1  505    1 
21 1 1 2 2 3 3 1  932    1 
21 1 0 2 3 3 3 1  694    1 
21 1 1 0 0 1 1 1  689    1 
21 1 1 1 1 2 2 1  981    1 
21 1 0 3 0 4 4 1  701    1 
21 1 1 3 3 4 4 1  560    1 
21 1 0 0 1 1 1 1  792    1 
21 1 1 0 0 1 1 1  536    0 
21 1 1 0 0 1 1 1  481    1 
21 1 1 2 2 3 3 1 1014    1 
21 1 0 2 3 3 3 1  500    1 
21 1 1 2 2 3 3 1  383    1 
21 1 1 0 0 1 1 1  799    1 
21 1 1 2 2 3 3 1  709    1 
21 1 0 3 0 4 4 1  624    1 
21 1 0 1 2 2 2 1 1230    1 
21 1 0 0 1 1 1 1  677    1 
21 1 1 3 3 4 4 1  657    1 
21 1 1 2 2 3 3 1  949    1 
21 1 1 3 3 4 4 1  590    1 
21 1 0 2 3 3 3 1  550    1 
21 1 0 1 2 2 2 1 1271    1 
21 1 1 0 0 1 1 1  651    1 
21 1 1 1 1 2 2 1 1088    1 
21 1 0 3 0 4 4 1  699    1 
21 1 1 2 2 3 3 1  814    1 
21 1 1 0 0 1 1 1  597    1 
21 1 1 3 3 4 4 1  660    1 
21 1 0 1 2 2 2 1  673    0 
21 1 0 2 3 3 3 1  613    1 
21 1 0 2 3 3 3 1  492    1 
21 1 0 2 3 3 3 1  479    1 
21 1 0 0 1 1 1 1  676    1 
21 1 0 0 1 1 1 1  576    1 
21 1 0 2 3 3 3 1 1688    1 
21 1 0 0 1 1 1 1  795    1 
21 1 1 3 3 4 4 1  587    1 
21 1 0 1 2 2 2 1  810    1 
21 1 0 0 1 1 1 1  785    1 
21 1 1 0 0 1 1 1  545    1 
21 1 1 0 0 1 1 1  610    1 
21 1 0 2 3 3 3 1  697    1 
21 1 1 3 3 4 4 1  588    1 
21 1 0 0 1 1 1 1  756    1 
21 1 0 2 3 3 3 1  949    1 
21 1 0 3 0 4 4 1  853    1 
21 1 0 1 2 2 2 1  866    1 
21 1 0 1 2 2 2 1  718    1 
21 1 0 2 3 3 3 1  777    1 
21 1 0 2 3 3 3 1  465    1 
21 1 1 1 1 2 2 1 1286    1 
21 1 0 3 0 4 4 1  681    0 
21 1 0 1 2 2 2 1  997    1 
21 1 0 1 2 2 2 1  717    1 
21 1 1 2 2 3 3 1  831    0 
21 1 0 1 2 2 2 1  781    1 
21 1 1 1 1 2 3 0  645    1 
21 1 1 3 3 4 4 1 1249    1 
21 1 1 2 2 3 3 1 1077    1 
21 1 1 1 1 2 2 1 1114    1 
21 1 1 3 3 4 4 1  772    1 
21 1 1 0 0 1 1 1  805    1 
21 1 1 3 3 4 4 1  723    1 
21 1 1 1 1 2 2 1 1102    1 
21 1 0 2 3 3 3 1  792    1 
21 1 0 0 1 1 1 1  648    1 
21 1 1 1 1 2 2 1 1461    1 
21 1 0 2 3 3 3 1  754    1 
21 1 0 0 1 1 1 1  643    1 
21 1 1 1 1 2 2 1 1113    1 
21 1 1 0 0 1 1 1  659    1 
21 1 0 1 2 2 2 1  792    1 
21 1 1 0 0 1 1 1  712    1 
21 1 1 0 0 1 1 1  826    1 
21 1 1 3 3 4 4 1  697    1 
21 1 1 1 1 2 2 1 1468    1 
21 1 1 1 1 2 2 1  792    1 
21 1 0 0 1 1 1 1  736    1 
21 1 0 3 0 4 4 1  913    0 
21 1 1 2 2 3 3 1  964    1 
21 1 0 0 1 1 1 1  901    1 
21 1 0 1 2 2 2 1 1008    1 
21 1 1 3 3 4 4 1  855    1 
21 1 0 0 1 1 1 1  643    1 
21 1 0 2 3 3 3 1  961    1 
21 1 1 3 3 4 4 1 2593    1 
21 1 1 2 2 3 3 1 1225    1 
21 1 1 0 0 1 1 1 1175    1 
21 1 0 2 3 3 3 1 1847    1 
21 1 0 3 0 4 4 1  653    1 
21 1 0 0 1 1 1 1  873    1 
21 1 1 0 0 1 1 1  598    1 
21 1 1 3 3 4 4 1  589    1 
21 1 1 2 2 3 3 1  821    1 
21 1 0 2 3 3 3 1  611    1 
21 1 1 2 2 3 3 1  521    1 
21 1 0 1 2 2 2 1 1236    1 
21 1 1 3 3 4 4 1  601    1 
21 1 0 2 3 3 3 1  656    1 
21 1 0 1 2 2 2 1 1389    1 
21 1 1 1 1 2 2 1  564    0 
21 1 0 0 1 1 1 1  717    1 
21 1 0 0 1 1 1 1  591    1 
21 1 0 0 1 1 1 1  463    1 
21 1 0 3 0 4 4 1  699    1 
21 1 1 0 0 1 1 1  686    1 
21 1 0 3 0 4 4 1 1066    1 
21 1 0 3 0 4 4 1  494    1 
21 1 0 0 1 1 1 1  673    1 
21 1 0 3 0 4 4 1  741    1 
21 1 0 1 2 2 2 1  975    1 
21 1 0 0 1 1 1 1  615    1 
21 1 1 2 2 3 3 1  654    1 
21 1 0 2 3 3 3 1  795    1 
21 1 1 1 1 2 3 0  730    1 
21 1 1 3 3 4 4 1  602    1 
21 1 1 2 2 3 3 1 1177  133 
21 1 0 2 3 3 3 1 1001    1 
21 1 0 0 1 1 1 1  928    1 
21 1 1 0 0 1 1 1  594    1 
21 1 1 0 0 1 1 1  498    1 
21 1 1 2 2 3 3 1 1357    1 
21 1 0 1 2 2 2 1  870    1 
21 1 1 2 2 3 3 1  618    1 
21 1 0 3 0 4 4 1  648    1 
21 1 1 1 1 2 2 1  678    1 
21 1 0 3 0 4 4 1  594    1 
21 1 1 2 2 3 3 1  906    1 
21 1 0 0 1 1 1 1  708    1 
21 1 1 1 1 2 2 1  759    1 
21 1 1 0 0 1 1 1 1192    1 
21 1 0 3 0 4 4 1  592    1 
21 1 1 3 3 4 4 1  535    1 
21 1 1 3 3 4 4 1  440    1 
21 1 1 1 1 2 2 1  878    1 
21 1 0 1 2 2 2 1  618    1 
21 1 1 3 3 4 4 1  656    1 
21 1 0 3 0 4 4 1  717    1 
21 1 1 0 0 1 1 1  575    1 
21 1 0 1 2 2 2 1  879    1 
21 1 0 1 2 2 2 1  539    1 
21 1 0 2 3 3 3 1  637    1 
21 1 1 1 1 2 2 1  570    1 
21 1 1 1 1 2 2 1  546    0 
21 1 0 3 0 4 4 1  596    1 
21 1 1 0 0 1 1 1  675    1 
21 1 0 1 2 2 2 1  744    1 
21 1 1 0 0 1 1 1  785    1 
21 1 1 3 3 4 4 1  561    1 
21 1 1 0 0 1 1 1  881    0 
21 1 1 3 3 4 4 1  701    1 
21 1 1 3 3 4 4 1  576    1 
21 1 0 3 0 4 4 1  512    1 
21 1 1 2 2 3 3 1 1915    1 
21 1 0 0 1 1 1 1  653    1 
21 1 1 1 1 2 2 1  722    1 
21 1 0 3 0 4 4 1  620    1 
21 1 0 1 2 2 2 1  667    1 
21 1 1 2 2 3 3 1  775    1 
21 1 0 2 3 3 3 1  623    1 
21 1 1 1 1 2 2 1  701    1 
21 1 0 2 3 3 3 1  560    1 
21 1 1 0 0 1 1 1  585    1 
21 1 1 1 1 2 2 1  744   14 
21 1 1 0 0 1 4 0  850    1 
21 1 1 0 0 1 1 1  556    1 
21 1 0 0 1 1 1 1  725    1 
21 1 1 0 0 1 1 1  447    1 
21 1 0 1 2 2 2 1  957    1 
21 1 0 3 0 4 4 1  622    1 
21 1 1 0 0 1 1 1 1316    1 
21 1 0 2 3 3 3 1  950    1 
21 1 0 0 1 1 1 1  599    1 
21 1 0 3 0 4 4 1  662    1 
21 1 0 3 0 4 4 1  466    1 
21 1 1 3 3 4 4 1  486    1 
21 1 0 3 0 4 4 1  538    1 
21 1 0 0 1 1 1 1  667    1 
21 1 0 3 0 4 4 1  456    1 
21 1 0 2 3 3 3 1  652    1 
21 1 1 1 1 2 2 1  489    1 
21 1 1 1 1 2 2 1  469    1 
21 1 1 0 0 1 1 1  537    1 
21 1 0 1 2 2 2 1  498    1 
21 1 0 0 1 1 1 1  686    1 
21 1 1 0 0 1 1 1  705    1 
21 1 1 3 3 4 4 1  628    1 
21 1 0 2 3 3 3 1  914    0 
21 1 0 2 3 3 3 1  421    1 
21 1 0 3 0 4 4 1  603    1 
21 1 0 1 2 2 2 1  634    1 
21 1 0 2 3 3 3 1  783    1 
21 1 1 0 0 1 1 1  535    1 
21 1 1 2 2 3 3 1  776    1 
21 1 1 0 0 1 1 1  568    1 
21 1 0 2 3 3 3 1  537    1 
21 1 1 1 1 2 2 1  698    1 
21 1 0 3 0 4 4 1  509    0 
21 1 0 1 2 2 2 1  688    1 
21 1 1 2 2 3 3 1  636    1 
21 1 1 0 0 1 1 1  569    1 
21 1 0 1 2 2 2 1 1113    1 
21 1 0 2 3 3 3 1  612    1 
21 1 0 3 0 4 4 1  659    4 
21 1 0 2 3 3 3 1  752    1 
21 1 0 1 2 2 2 1  617    1 
21 1 0 2 3 3 3 1  519    1 
21 1 1 0 0 1 1 1  537    1 
21 1 0 0 1 1 1 1  762    1 
21 1 1 1 1 2 2 1  707    1 
21 1 0 2 3 3 3 1  502    1 
21 1 1 0 0 1 1 1  553    1 
21 1 1 0 0 1 1 1  562    1 
21 1 1 3 3 4 4 1  626    1 
21 1 0 2 3 3 2 0  512    0 
21 1 0 1 2 2 2 1  865    1 
21 1 1 2 2 3 3 1  533    1 
21 1 1 1 1 2 2 1  655    1 
21 1 1 2 2 3 3 1  620    1 
21 1 0 1 2 2 2 1  786    1 
21 1 1 1 1 2 2 1  593    1 
21 1 1 3 3 4 4 1  625    1 
21 1 1 1 1 2 2 1  703    1 
21 1 0 0 1 1 1 1  666    1 
21 1 1 1 1 2 1 0  534    1 
21 1 0 2 3 3 3 1  725    1 
21 1 1 1 1 2 2 1  776    1 
21 1 1 0 0 1 1 1  584    1 
21 1 1 3 3 4 4 1  527    1 
21 1 0 1 2 2 2 1 1185    1 
21 1 0 0 1 1 1 1  761    1 
21 1 0 1 2 2 2 1  738    1 
21 1 0 2 3 3 3 1  707    1 
21 1 0 3 0 4 4 1  582    1 
21 1 1 1 1 2 2 1  669    1 
21 1 0 3 0 4 4 1  602    1 
21 1 1 2 2 3 3 1  776    1 
21 1 1 2 2 3 3 1  617    1 
21 1 1 0 0 1 1 1  647    1 
21 1 0 0 1 1 1 1  620    0 
21 1 0 3 0 4 4 1  642    1 
21 1 1 0 0 1 1 1  608    1 
21 1 0 2 3 3 3 1  734    1 
21 1 1 0 0 1 1 1  616    1 
21 1 1 2 2 3 3 1  630    1 
21 1 0 2 3 3 3 1  524    1 
21 1 0 1 2 2 2 1  670    1 
21 1 1 0 0 1 4 0  506    0 
21 1 0 2 3 3 3 1  755    1 
21 1 1 3 3 4 4 1  692    1 
21 1 1 1 1 2 2 1  912    1 
21 1 1 3 3 4 4 1  634    0 
21 1 1 2 2 3 3 1  800    1 
21 1 1 3 3 4 4 1  551    1 
21 1 0 1 2 2 2 1  696    1 
21 1 0 2 3 3 3 1  659    1 
21 1 0 3 0 4 4 1  608    1 
21 1 1 2 2 3 3 1  679    1 
21 1 1 3 3 4 4 1  747    1 
21 1 1 0 0 1 1 1  636    1 
21 1 0 2 3 3 3 1  682    1 
21 1 1 2 2 3 3 1  494    1 
21 1 0 1 2 2 2 1  833    1 
21 1 1 3 3 4 4 1 1215    1 
21 1 0 2 3 3 3 1 1486    1 
21 1 0 3 0 4 4 1  857    1 
21 1 0 0 1 1 1 1  886   28 
21 1 0 3 0 4 4 1  809    1 
21 1 0 0 1 1 1 1 1208    1 
21 1 1 1 1 2 2 1  759    1 
21 1 0 1 2 2 2 1  768    0 
21 1 1 1 1 2 2 1  544    1 
21 1 1 1 1 2 2 1  490    1 
21 1 1 1 1 2 2 1  445    1 
21 1 0 2 3 3 3 1  706    1 
21 1 1 3 3 4 4 1  581    1 
21 1 1 3 3 4 4 1  405   23 
