23 1 0 2 1 3 3 1 3487    1 
23 1 0 3 2 4 4 1 1387    1 
23 1 0 2 1 3 3 1  675    1 
23 1 1 3 3 4 4 1  775    1 
23 1 0 3 2 4 4 1  647    1 
23 1 0 3 2 4 4 1  436    1 
23 1 1 2 2 3 3 1  722    1 
23 1 0 3 2 4 4 1  612    1 
23 1 1 3 3 4 4 1  531    1 
23 1 1 2 2 3 3 1  965    1 
23 1 1 3 3 4 4 1  462    1 
23 1 1 2 2 3 3 1  770    1 
23 1 0 0 3 1 1 1  787    1 
23 1 1 0 0 1 1 1  826    1 
23 1 0 3 2 4 4 1  680    1 
23 1 0 1 0 2 2 1  732    1 
23 1 1 1 1 2 2 1  710    1 
23 1 0 2 1 3 3 1  953    1 
23 1 0 1 0 2 2 1  713    1 
23 1 0 2 1 3 3 1  908    1 
23 1 0 3 2 4 4 1  567    1 
23 1 0 3 2 4 4 1  455    1 
23 1 1 3 3 4 4 1  436    1 
23 1 0 0 3 1 1 1  553    1 
23 1 1 3 3 4 4 1  570    1 
23 1 0 1 0 2 2 1  570    1 
23 1 0 1 0 2 2 1  418    1 
23 1 0 2 1 3 3 1  792    1 
23 1 0 2 1 3 3 1  480    1 
23 1 0 1 0 2 2 1  900    1 
23 1 0 3 2 4 4 1  599    1 
23 1 1 2 2 3 3 1 1062    1 
23 1 1 1 1 2 2 1  659    1 
23 1 1 0 0 1 1 1  639    1 
23 1 0 2 1 3 3 1  957    1 
23 1 1 2 2 3 3 1  622    1 
23 1 0 2 1 3 3 1  404    1 
23 1 1 0 0 1 1 1  738    1 
23 1 0 2 1 3 3 1 1012    1 
23 1 0 0 3 1 1 1  795    1 
23 1 1 2 2 3 3 1  650    1 
23 1 1 0 0 1 1 1  607    1 
23 1 1 0 0 1 1 1  494    1 
23 1 1 0 0 1 1 1  465    1 
23 1 0 1 0 2 2 1  590    1 
23 1 1 2 2 3 3 1  829    1 
23 1 1 0 0 1 1 1 1004    1 
23 1 1 1 1 2 2 1  674    1 
23 1 1 2 2 3 3 1  631    1 
23 1 1 1 1 2 2 1  637    1 
23 1 0 3 2 4 4 1  642    1 
23 1 0 3 2 4 4 1  432    1 
23 1 0 0 3 1 1 1  614    1 
23 1 1 0 0 1 1 1  517    1 
23 1 0 0 3 1 1 1  455    0 
23 1 1 2 2 3 3 1  787    1 
23 1 1 3 3 4 4 1  563    1 
23 1 0 2 1 3 3 1  780    1 
23 1 1 2 2 3 3 1  660    1 
23 1 1 1 1 2 2 1 1009    1 
23 1 1 3 3 4 4 1  527    1 
23 1 1 3 3 4 4 1  394    1 
23 1 1 1 1 2 2 1  753    1 
23 1 0 1 0 2 2 1  666    1 
23 1 1 1 1 2 2 1  598    1 
23 1 1 3 3 4 4 1  517    1 
23 1 0 1 0 2 2 1  479    0 
23 1 0 1 0 2 2 1  404    1 
23 1 1 1 1 2 2 1  450    1 
23 1 1 1 1 2 2 1  543    1 
23 1 0 1 0 2 2 1  649    1 
23 1 1 1 1 2 2 1  510    1 
23 1 1 1 1 2 2 1  425    1 
23 1 0 2 1 3 3 1  831    1 
23 1 1 3 3 4 4 1  485    1 
23 1 0 0 3 1 1 1  641    1 
23 1 0 2 1 3 3 1  654    1 
23 1 0 2 1 3 3 1  459    1 
23 1 0 0 3 1 1 1  552    1 
23 1 1 1 1 2 2 1  848    1 
23 1 1 0 0 1 1 1  542    1 
23 1 0 3 2 4 4 1  791    1 
23 1 0 3 2 4 4 1  511    0 
23 1 1 0 0 1 1 1  554    1 
23 1 0 1 0 2 2 1  642    1 
23 1 0 3 2 4 4 1  600    1 
23 1 0 2 1 3 3 1  783    1 
23 1 1 3 3 4 4 1  566    1 
23 1 1 0 0 1 1 1  510    1 
23 1 0 2 1 3 3 1 1185    1 
23 1 1 3 3 4 4 1  528    1 
23 1 0 3 2 4 4 1  587    1 
23 1 0 2 1 3 3 1  770    1 
23 1 1 3 3 4 4 1  466    1 
23 1 0 1 0 2 2 1  614    1 
23 1 1 1 1 2 2 1  453    1 
23 1 1 1 1 2 2 1  530    0 
23 1 1 3 3 4 4 1  676    1 
23 1 1 0 0 1 1 1  488    0 
23 1 1 1 1 2 1 0  460    1 
23 1 0 2 1 3 3 1  774    1 
23 1 1 2 2 3 3 1  758    1 
23 1 1 0 0 1 1 1  687    1 
23 1 1 0 0 1 1 1  435    1 
23 1 1 3 3 4 4 1  856    1 
23 1 1 1 1 2 2 1  605    1 
23 1 0 0 3 1 1 1  620    1 
23 1 0 1 0 2 2 1  682    1 
23 1 0 3 2 4 4 1  822    1 
23 1 1 2 2 3 3 1  524    1 
23 1 0 1 0 2 2 1  702    1 
23 1 1 0 0 1 1 1  577    1 
23 1 1 0 0 1 1 1  601    1 
23 1 0 1 0 2 2 1  792    1 
23 1 0 1 0 2 2 1  495    1 
23 1 1 3 3 4 4 1  555    1 
23 1 0 0 3 1 1 1  676    1 
23 1 1 2 2 3 3 1  568    1 
23 1 1 3 3 4 4 1  576    1 
23 1 0 3 2 4 4 1  576    1 
23 1 1 0 0 1 1 1  760    1 
23 1 0 3 2 4 4 1  689    1 
23 1 1 2 2 3 3 1  596    1 
23 1 1 0 0 1 1 1  596    1 
23 1 0 0 3 1 1 1  755    1 
23 1 1 1 1 2 2 1  772    1 
23 1 0 3 2 4 4 1  556    1 
23 1 0 1 0 2 2 1  661    1 
23 1 1 2 2 3 3 1  594    1 
23 1 1 2 2 3 3 1  441    1 
23 1 1 0 0 1 1 1  519    1 
23 1 0 2 1 3 3 1  649    1 
23 1 1 3 3 4 4 1  534    1 
23 1 0 1 0 2 2 1  591    1 
23 1 0 3 2 4 4 1  631    1 
23 1 0 1 0 2 2 1  645    1 
23 1 0 2 1 3 3 1  722    1 
23 1 0 3 2 4 4 1  596    1 
23 1 0 1 0 2 2 1  508    1 
23 1 1 3 3 4 4 1  487    1 
23 1 0 2 1 3 3 1  786    1 
23 1 1 1 1 2 2 1  721    1 
23 1 1 0 0 1 1 1  556    1 
23 1 0 0 3 1 1 1  572    0 
23 1 1 2 2 3 3 1  556    0 
23 1 1 3 3 4 4 1  533    1 
23 1 1 0 0 1 1 1  623    1 
23 1 1 3 3 4 4 1  589    1 
23 1 1 2 2 3 3 1  508    1 
23 1 0 0 3 1 1 1  503    1 
23 1 0 0 3 1 1 1  410    1 
23 1 1 2 2 3 3 1  585    1 
23 1 0 1 0 2 2 1  624    1 
23 1 0 2 1 3 3 1  662    1 
23 1 0 0 3 1 1 1  451    1 
23 1 1 2 2 3 3 1  624    1 
23 1 1 0 0 1 1 1  558    1 
23 1 0 2 1 3 3 1  503    0 
23 1 0 0 3 1 1 1  513    1 
23 1 0 1 0 2 2 1  700    1 
23 1 1 0 0 1 1 1  615    1 
23 1 1 0 0 1 1 1  470    1 
23 1 0 0 3 1 1 1  434    1 
23 1 1 0 0 1 1 1  439    1 
23 1 0 3 2 4 4 1  973    1 
23 1 0 2 1 3 3 1  717    1 
23 1 1 1 1 2 2 1  615    1 
23 1 1 2 2 3 3 1  622    1 
23 1 0 0 3 1 1 1  548    1 
23 1 0 2 1 3 3 1 1022    1 
23 1 1 1 1 2 2 1  612    1 
23 1 0 2 1 3 3 1  562    1 
23 1 0 0 3 1 1 1  499    1 
23 1 0 2 1 3 3 1  670    1 
23 1 1 0 0 1 1 1  514    1 
23 1 0 2 1 3 3 1  645    0 
23 1 0 3 2 4 4 1  554    1 
23 1 0 0 3 1 1 1  571    1 
23 1 0 0 3 1 1 1  459    1 
23 1 1 1 1 2 2 1  592    1 
23 1 1 3 3 4 4 1  512    1 
23 1 1 1 1 2 2 1  882    1 
23 1 1 1 1 2 2 1  510    1 
23 1 1 3 3 4 4 1  569    1 
23 1 0 3 2 4 4 1  489    1 
23 1 1 3 3 4 4 1  436    1 
23 1 0 1 0 2 1 0  594    1 
23 1 1 0 0 1 1 1  487    1 
23 1 1 1 1 2 2 1 1107    1 
23 1 0 0 3 1 1 1  814    1 
23 1 0 3 2 4 4 1  916    1 
23 1 0 1 0 2 2 1  734    1 
23 1 1 0 0 1 1 1 2146    1 
23 1 0 2 0 3 3 1 1787    1 
23 1 1 1 1 2 2 1  779    1 
23 1 1 0 0 1 1 1  531    1 
23 1 0 3 1 4 4 1  677    1 
23 1 0 0 2 1 1 1  873    1 
23 1 0 3 1 4 4 1  613    1 
23 1 0 1 3 2 2 1  748    1 
23 1 0 0 2 1 1 1  606    1 
23 1 0 0 2 1 1 1  508    1 
23 1 0 3 1 4 4 1  511    1 
23 1 0 2 0 3 2 0  810    1 
23 1 1 0 0 1 1 1 1375    0 
23 1 0 1 3 2 2 1  591    1 
23 1 1 1 1 2 2 1  519    1 
23 1 1 0 0 1 1 1  785    1 
23 1 0 3 1 4 4 1  512    1 
23 1 0 2 0 3 3 1  795    1 
23 1 0 0 2 1 1 1  682    1 
23 1 0 1 3 2 2 1  654    0 
23 1 1 1 1 2 2 1  635    1 
23 1 1 3 3 4 4 1  496    1 
23 1 1 1 1 2 2 1  627    1 
23 1 0 0 2 1 1 1  642    1 
23 1 0 2 0 3 3 1 1415    1 
23 1 0 1 3 2 2 1  614    1 
23 1 0 2 0 3 3 1  605    1 
23 1 0 1 3 2 2 1  555    1 
23 1 0 2 0 3 3 1  604    1 
23 1 1 3 3 4 4 1  483    1 
23 1 0 3 1 4 4 1  479    1 
23 1 1 2 2 3 3 1  843    1 
23 1 1 3 3 4 4 1  496    1 
23 1 0 0 2 1 1 1  612    1 
23 1 0 3 1 4 4 1  970    1 
23 1 0 3 1 4 4 1  451    1 
23 1 0 3 1 4 4 1  439    1 
23 1 1 0 0 1 1 1  605    1 
23 1 0 1 3 2 2 1 1292    1 
23 1 0 1 3 2 2 1  495    1 
23 1 0 0 2 1 1 1  690    1 
23 1 1 1 1 2 2 1  718    1 
23 1 0 3 1 4 4 1  656    1 
23 1 0 1 3 2 2 1 1357    1 
23 1 0 2 0 3 3 1 1830    1 
23 1 0 1 3 2 2 1  836    1 
23 1 0 1 3 2 2 1  465    1 
23 1 1 2 2 3 3 1  662    1 
23 1 0 3 1 4 4 1  546    1 
23 1 1 1 1 2 2 1  636    1 
23 1 1 0 0 1 1 1  425    1 
23 1 0 3 1 4 4 1  575    1 
23 1 0 0 2 1 1 1  623    1 
23 1 1 1 1 2 2 1  774    1 
23 1 0 2 0 3 3 1  702    1 
23 1 1 2 2 3 3 1  824    1 
23 1 0 3 1 4 4 1  527    1 
23 1 1 3 3 4 4 1  401    1 
23 1 1 2 2 3 3 1  903    1 
23 1 0 3 1 4 4 1 1170    1 
23 1 1 3 3 4 4 1  426    1 
23 1 0 2 0 3 3 1  641    0 
23 1 1 0 0 1 1 1  542    1 
23 1 0 2 0 3 4 0  887    1 
23 1 1 1 1 2 2 1 1257    1 
23 1 0 3 1 4 4 1  502    1 
23 1 0 3 1 4 4 1  489    1 
23 1 1 2 2 3 3 1  548    1 
23 1 0 1 3 2 2 1  869    1 
23 1 0 3 1 4 4 1  514    1 
23 1 1 3 3 4 4 1  476    1 
23 1 1 0 0 1 1 1  553    1 
23 1 1 0 0 1 1 1  489    1 
23 1 0 1 3 2 2 1  629    1 
23 1 1 2 2 3 3 1  579    0 
23 1 0 3 1 4 4 1  555    1 
23 1 1 1 1 2 2 1  740    1 
23 1 1 3 3 4 4 1  453    1 
23 1 1 0 0 1 1 1  506    0 
23 1 0 3 1 4 4 1  541    1 
23 1 1 0 0 1 1 1  510    1 
23 1 0 2 0 3 4 0  593    0 
23 1 1 1 1 2 1 0 1175    0 
23 1 0 0 2 1 1 1 1261    1 
23 1 1 2 2 3 3 1 1962    1 
23 1 1 3 3 4 4 1  506    1 
23 1 1 0 0 1 1 1  493    1 
23 1 0 0 2 1 1 1  529    1 
23 1 0 0 2 1 1 1  571    1 
23 1 0 3 1 4 4 1  547    1 
23 1 0 3 1 4 4 1  612    1 
23 1 0 3 1 4 4 1  435    1 
23 1 0 3 1 4 4 1  377    1 
23 1 1 0 0 1 1 1  513    1 
23 1 1 2 2 3 3 1  995    1 
23 1 0 2 0 3 3 1  611    1 
23 1 0 0 2 1 1 1  642    1 
23 1 0 0 2 1 1 1  719    1 
23 1 0 3 1 4 4 1  553    1 
23 1 1 2 2 3 3 1  786    1 
23 1 0 2 0 3 3 1  546    1 
23 1 1 0 0 1 1 1  611    1 
23 1 1 1 1 2 2 1 1026    1 
23 1 0 2 0 3 3 1  840    1 
23 1 0 0 2 1 1 1  589    1 
23 1 0 1 3 2 2 1  677    1 
23 1 1 0 0 1 1 1  729    1 
23 1 1 2 2 3 3 1 1315    1 
23 1 1 0 0 1 1 1  494    1 
23 1 0 1 3 2 2 1  865    1 
23 1 0 1 3 2 2 1  494    1 
23 1 0 1 3 2 2 1  497    0 
23 1 0 2 0 3 3 1  868    1 
23 1 1 2 2 3 3 1  593    0 
23 1 1 2 2 3 3 1  392    1 
23 1 1 3 3 4 4 1  511    1 
23 1 1 3 3 4 4 1  434    1 
23 1 1 3 3 4 4 1  360    1 
23 1 0 1 3 2 2 1  617    1 
23 1 0 1 3 2 2 1  495    1 
23 1 1 3 3 4 4 1 1842    1 
23 1 1 2 2 3 3 1  480    1 
23 1 0 2 0 3 3 1  548    1 
23 1 0 1 3 2 2 1  629    1 
23 1 1 2 2 3 3 1  635    1 
23 1 1 3 3 4 4 1  505    1 
23 1 0 2 0 3 4 0  564    1 
23 1 1 0 0 1 1 1  626    1 
23 1 0 3 1 4 4 1  616    1 
23 1 1 0 0 1 1 1  527    1 
23 1 0 1 3 2 2 1 1065    1 
23 1 1 1 1 2 2 1  438    1 
23 1 0 0 2 1 1 1  587    1 
23 1 1 2 2 3 3 1 1186    0 
23 1 1 1 1 2 2 1  850    1 
23 1 1 0 0 1 1 1  551    1 
23 1 0 1 3 2 2 1 1944    1 
23 1 1 1 1 2 2 1  465    1 
23 1 0 2 0 3 3 1  846    1 
23 1 1 3 3 4 4 1  547    1 
23 1 0 2 0 3 3 1  781    1 
23 1 0 0 2 1 1 1  677    1 
23 1 1 2 2 3 3 1 1737    1 
23 1 1 0 0 1 1 1  547    1 
23 1 1 3 3 4 4 1  484    1 
23 1 1 0 0 1 1 1  535    1 
23 1 1 3 3 4 4 1  505    1 
23 1 0 3 1 4 4 1  516    1 
23 1 1 1 1 2 2 1  630    1 
23 1 1 2 2 3 3 1  604    1 
23 1 1 1 1 2 2 1  547    1 
23 1 1 2 2 3 3 1 1372    1 
23 1 1 1 1 2 2 1  588    1 
23 1 0 1 3 2 2 1  604    1 
23 1 1 2 2 3 3 1  859    1 
23 1 1 1 1 2 2 1  647    1 
23 1 0 3 1 4 4 1  597    1 
23 1 0 0 2 1 1 1  628    1 
23 1 1 0 0 1 1 1  530    1 
23 1 1 3 3 4 4 1  565    1 
23 1 0 2 0 3 3 1  709    1 
23 1 1 1 1 2 2 1  608    1 
23 1 0 0 2 1 1 1  583    1 
23 1 1 3 3 4 4 1  470    1 
23 1 1 0 0 1 1 1  954    1 
23 1 1 0 0 1 1 1  411    1 
23 1 1 3 3 4 4 1  554    1 
23 1 1 2 2 3 3 1  667    1 
23 1 0 2 0 3 3 1  551    0 
23 1 1 0 0 1 1 1  616    1 
23 1 0 1 3 2 2 1  878    1 
23 1 0 1 3 2 2 1  490    1 
23 1 1 1 1 2 2 1  478    1 
23 1 1 2 2 3 3 1 1082    1 
23 1 1 2 2 3 3 1  438    1 
23 1 0 3 1 4 4 1  635    1 
23 1 0 3 1 4 4 1  449    1 
23 1 1 1 1 2 2 1  685    1 
23 1 1 1 1 2 2 1  521    1 
23 1 0 2 0 3 3 1 1507    1 
23 1 0 2 0 3 3 1  470    1 
23 1 1 1 1 2 2 1  818    1 
23 1 1 0 0 1 1 1  568    0 
23 1 1 0 0 1 1 1  432    1 
23 1 1 3 3 4 4 1  470    1 
23 1 1 0 0 1 1 1 1106    1 
23 1 1 2 2 3 3 1 1133    1 
23 1 0 0 2 1 1 1  638    0 
23 1 0 1 3 2 2 1  820    1 
23 1 0 2 0 3 3 1  802    1 
23 1 1 2 2 3 3 1  545    1 
23 1 1 0 0 1 1 1  538    1 
