18 1 1 2 2 3 3 1 3366    1 
18 1 1 2 2 3 3 1  734    1 
18 1 0 0 1 1 1 1  815    1 
18 1 1 1 1 2 2 1  822    1 
18 1 0 1 2 2 2 1  900    1 
18 1 0 2 3 3 3 1  646    1 
18 1 0 1 2 2 2 1  652    0 
18 1 0 3 0 4 4 1  793    1 
18 1 1 3 3 4 4 1  560    1 
18 1 0 1 2 2 2 1  673    1 
18 1 1 1 1 2 2 1  565    1 
18 1 0 1 2 2 2 1  686    1 
18 1 1 0 0 1 1 1  553    1 
18 1 1 1 1 2 2 1  634    1 
18 1 0 0 1 1 1 1  624    1 
18 1 0 2 3 3 3 1  694    1 
18 1 1 3 3 4 4 1  433    1 
18 1 1 1 1 2 2 1  567    1 
18 1 0 0 1 1 1 1  519    1 
18 1 0 0 1 1 1 1  569    1 
18 1 1 3 3 4 4 1  593    1 
18 1 1 1 1 2 2 1  784    1 
18 1 0 2 3 3 3 1  720    1 
18 1 1 1 1 2 2 1  578    1 
18 1 1 2 2 3 3 1  650    0 
18 1 1 1 1 2 2 1  599    1 
18 1 0 1 2 2 2 1  566    0 
18 1 1 3 3 4 4 1  502    1 
18 1 0 3 0 4 4 1  537    1 
18 1 0 3 0 4 4 1  434    1 
18 1 1 1 1 2 2 1  552    1 
18 1 0 2 3 3 3 1  720    1 
18 1 1 0 0 1 1 1  594    1 
18 1 1 3 3 4 4 1  578    0 
18 1 0 3 0 4 4 1  586    1 
18 1 0 1 2 2 2 1  769    1 
18 1 0 2 3 3 3 1 1050    1 
18 1 1 3 3 4 4 1  574    1 
18 1 1 2 2 3 3 1  695    1 
18 1 1 2 2 3 3 1  490    1 
18 1 1 0 0 1 1 1  549    1 
18 1 1 1 1 2 2 1  566    1 
18 1 1 3 3 4 4 1  454    1 
18 1 0 2 3 3 3 1  811    1 
18 1 1 2 2 3 3 1  514    1 
18 1 0 0 1 1 1 1  589    1 
18 1 0 0 1 1 1 1  564    1 
18 1 0 2 3 3 3 1  837    1 
18 1 0 0 1 1 1 1  594    1 
18 1 0 2 3 3 3 1  802    1 
18 1 0 0 1 1 1 1  561    1 
18 1 1 1 1 2 2 1  442    1 
18 1 1 0 0 1 1 1  575    1 
18 1 0 1 2 2 2 1  767    1 
18 1 0 1 2 2 2 1  511    1 
18 1 0 0 1 1 1 1  834    1 
18 1 0 0 1 1 1 1  527    1 
18 1 1 1 1 2 2 1  498   44 
18 1 0 3 0 4 4 1  621    1 
18 1 0 1 2 2 2 1  547    1 
18 1 1 3 3 4 4 1  477    1 
18 1 1 2 2 3 3 1  673    1 
18 1 0 3 0 4 4 1  517    1 
18 1 1 3 3 4 4 1  463    1 
18 1 0 3 0 4 4 1  500    1 
18 1 1 3 3 4 4 1  415    1 
18 1 1 3 3 4 4 1  381    1 
18 1 1 1 1 2 2 1 1085    1 
18 1 0 1 2 2 2 1  545    1 
18 1 0 3 0 4 4 1  522   49 
18 1 1 2 2 3 3 1  901    1 
18 1 1 3 3 4 4 1  543    1 
18 1 0 3 0 4 4 1  545    0 
18 1 1 1 1 2 2 1  506    1 
18 1 0 1 2 2 2 1  685    1 
18 1 1 3 3 4 4 1  553    1 
18 1 1 3 3 4 4 1  449    1 
18 1 0 1 2 2 2 1  478    0 
18 1 0 0 1 1 1 1  610    1 
18 1 0 1 2 2 2 1  689   91 
18 1 1 0 0 1 1 1  492    1 
18 1 0 2 3 3 4 0  456    1 
18 1 0 0 1 1 1 1  723    1 
18 1 0 2 3 3 3 1  749    0 
18 1 0 0 1 1 1 1  613    1 
18 1 1 1 1 2 2 1  692    1 
18 1 0 2 3 3 3 1  576    1 
18 1 1 1 1 2 2 1  544    1 
18 1 1 1 1 2 2 1  497    1 
18 1 0 3 0 4 4 1  557    1 
18 1 0 3 0 4 4 1  430    1 
18 1 1 1 1 2 2 1  620    1 
18 1 0 0 1 1 1 1  586    1 
18 1 0 3 0 4 4 1  553    1 
18 1 0 3 0 4 4 1  410    1 
18 1 0 3 0 4 4 1  353    1 
18 1 1 1 1 2 2 1  594    1 
18 1 1 0 0 1 1 1  473    1 
18 1 0 1 2 2 2 1  845    1 
18 1 1 3 3 4 4 1  515    1 
18 1 0 0 1 1 1 1  558    1 
18 1 0 2 3 3 3 1  646    0 
18 1 1 0 0 1 1 1  460    1 
18 1 0 2 3 3 3 1  417    1 
18 1 0 1 2 2 2 1  551    0 
18 1 1 2 2 3 3 1  519    1 
18 1 0 2 3 3 3 1  474    1 
18 1 0 2 3 3 3 1  438    1 
18 1 0 0 1 1 1 1  571    1 
18 1 0 0 1 1 1 1  483    1 
18 1 1 1 1 2 2 1  519    1 
18 1 0 2 3 3 3 1  521    1 
18 1 1 0 0 1 1 1  499    1 
18 1 1 3 3 4 4 1  462    1 
18 1 1 0 0 1 1 1  683    1 
18 1 1 3 3 4 4 1  486    1 
18 1 0 2 3 3 3 1  793    1 
18 1 1 2 2 3 3 1  433    1 
18 1 0 1 2 2 2 1  470    1 
18 1 1 0 0 1 1 1  450    0 
18 1 1 3 3 4 4 1  463    1 
18 1 0 0 1 1 1 1  476    1 
18 1 0 3 0 4 4 1  464    0 
18 1 0 2 3 3 3 1  605    1 
18 1 1 0 0 1 1 1  484    0 
18 1 0 2 3 3 3 1  447    0 
18 1 1 0 0 1 1 1  509    1 
18 1 1 0 0 1 1 1  495    1 
18 1 1 0 0 1 1 1  379    1 
18 1 1 2 2 3 3 1  619    1 
18 1 0 2 3 3 3 1  497    1 
18 1 1 1 1 2 2 1  596    1 
18 1 1 1 1 2 2 1  444    1 
18 1 1 0 0 1 1 1  481    1 
18 1 1 2 2 3 3 1  702    1 
18 1 1 0 0 1 1 1  512    0 
18 1 1 0 0 1 1 1  483    1 
18 1 1 3 3 4 4 1  487    1 
18 1 0 3 0 4 4 1  378    1 
18 1 0 3 0 4 4 1  370    1 
18 1 1 0 0 1 1 1  546    1 
18 1 1 0 0 1 1 1  420    4 
18 1 1 3 3 4 4 1  554    1 
18 1 0 3 0 4 4 1  507    1 
18 1 0 2 3 3 3 1  414    1 
18 1 0 0 1 1 1 1  460    1 
18 1 1 2 2 3 3 1  505    1 
18 1 0 2 3 3 3 1  516    1 
18 1 0 2 3 3 3 1  454    1 
18 1 1 0 0 1 1 1  691    1 
18 1 0 1 2 2 2 1  846    1 
18 1 1 1 1 2 2 1  476    1 
18 1 1 2 2 3 3 1  616    1 
18 1 0 0 1 1 1 1  446    1 
18 1 1 0 0 1 1 1  459    1 
18 1 1 1 1 2 1 0  392    1 
18 1 1 0 0 1 1 1  549    1 
18 1 0 3 0 4 4 1  662    1 
18 1 0 3 0 4 4 1  547    0 
18 1 1 3 3 4 4 1  492    1 
18 1 1 1 1 2 2 1  568    1 
18 1 1 2 2 3 3 1  640    1 
18 1 0 0 1 1 1 1  534    1 
18 1 0 3 0 4 4 1  527    1 
18 1 0 1 2 2 2 1  689    1 
18 1 1 2 2 3 3 1  685    1 
18 1 0 2 3 3 3 1  456    1 
18 1 0 0 1 1 1 1  533    1 
18 1 0 2 3 3 3 1  478    1 
18 1 1 3 3 4 4 1  514    1 
18 1 1 0 0 1 1 1  469    1 
18 1 0 2 3 3 3 1  481    1 
18 1 1 2 2 3 3 1  421    1 
18 1 0 0 1 1 1 1  779    1 
18 1 0 2 3 3 3 1  580    1 
18 1 0 3 0 4 4 1  492    1 
18 1 1 3 3 4 4 1  399    1 
18 1 0 3 0 4 4 1  374    1 
18 1 0 2 3 3 3 1  526    1 
18 1 1 1 1 2 2 1  520    1 
18 1 1 0 0 1 1 1  498    1 
18 1 0 0 1 1 1 1  542    1 
18 1 0 3 0 4 4 1  567    1 
18 1 1 1 1 2 2 1  527    1 
18 1 1 1 1 2 2 1  521    1 
18 1 0 3 0 4 4 1  708    1 
18 1 0 2 3 3 3 1  582    1 
18 1 1 1 1 2 2 1  702    1 
18 1 1 1 1 2 2 1  425    1 
18 1 1 2 2 3 3 1  567    1 
18 1 1 2 2 3 3 1  375    1 
18 1 1 1 1 2 2 1  527    1 
18 1 0 0 1 1 1 1 2197    0 
18 1 0 1 2 2 2 1  740    1 
18 1 0 0 1 1 1 1  598    1 
18 1 1 2 2 3 3 1  693    1 
18 1 1 1 1 2 2 1  488    1 
18 1 1 3 3 4 4 1  572    1 
18 1 1 0 0 1 1 1  508    1 
18 1 0 2 3 3 3 1  583    0 
18 1 0 0 1 1 1 1  582    0 
18 1 0 3 0 4 4 1  582    1 
18 1 1 2 2 3 3 1  606    1 
18 1 0 0 1 1 1 1  485    1 
18 1 0 3 0 4 4 1  512    0 
18 1 0 3 0 4 4 1  459    1 
18 1 1 0 0 1 1 1  512    1 
18 1 0 3 0 4 4 1  434    1 
18 1 0 0 1 1 1 1  552    1 
18 1 0 2 3 3 3 1  465    1 
18 1 1 1 1 2 2 1  533    1 
18 1 1 0 0 1 1 1  543    1 
18 1 0 0 1 1 1 1  520    1 
18 1 1 1 1 2 2 1  658    1 
18 1 1 1 1 2 2 1  647    1 
18 1 0 0 1 1 1 1  525    1 
18 1 0 0 1 1 1 1  575    1 
18 1 0 1 2 2 2 1  695    1 
18 1 0 1 2 2 2 1  498    1 
18 1 1 0 0 1 1 1  558    1 
18 1 1 0 0 1 1 1  423    0 
18 1 1 1 1 2 2 1  693    1 
18 1 1 2 2 3 3 1  536    1 
18 1 0 1 2 2 2 1  666    1 
18 1 1 2 2 3 3 1  574    0 
18 1 0 3 0 4 4 1  518    1 
18 1 0 2 3 3 3 1  816    1 
18 1 1 0 0 1 1 1  454    1 
18 1 1 1 1 2 2 1  643    1 
18 1 0 2 3 3 3 1  520    1 
18 1 0 2 3 3 3 1  531    1 
18 1 0 3 0 4 4 1  477    1 
18 1 1 2 2 3 3 1  417    1 
18 1 1 2 2 3 3 1  511    1 
18 1 0 1 2 2 1 0  770    1 
18 1 1 0 0 1 1 1  624    1 
18 1 0 0 1 1 1 1  510    1 
18 1 0 3 0 4 4 1  601    1 
18 1 1 0 0 1 1 1  536    1 
18 1 0 3 0 4 4 1  521    1 
18 1 1 2 2 3 3 1  547    1 
18 1 0 0 1 1 1 1  501    1 
18 1 1 2 2 3 3 1  527    1 
18 1 1 3 3 4 4 1  721    1 
18 1 0 2 3 3 3 1  548    1 
18 1 0 2 3 3 3 1  565    1 
18 1 1 0 0 1 1 1  542    1 
18 1 1 0 0 1 1 1  447    1 
18 1 1 3 3 4 4 1  493    1 
18 1 0 3 0 4 4 1  536    1 
18 1 1 0 0 1 1 1  506    1 
18 1 0 3 0 4 4 1  445    1 
18 1 0 0 1 1 1 1  490    1 
18 1 1 3 3 4 4 1  453    1 
18 1 1 2 2 3 3 1  626    1 
18 1 0 0 1 1 1 1  488    1 
18 1 1 1 1 2 2 1 1052    1 
18 1 1 1 1 2 2 1  505    1 
18 1 0 2 3 3 3 1  515    1 
18 1 1 2 2 3 3 1  549    1 
18 1 0 0 1 1 1 1  598    1 
18 1 0 3 0 4 4 1  558    1 
18 1 1 1 1 2 2 1  590    1 
18 1 1 2 2 3 3 1  446    1 
18 1 1 1 1 2 2 1  643    1 
18 1 0 2 3 3 3 1  393    1 
18 1 1 1 1 2 2 1  376    1 
18 1 0 3 0 4 4 1  512    1 
18 1 0 1 2 2 2 1  699    1 
18 1 1 3 3 4 4 1  566    1 
18 1 1 0 0 1 1 1  494    1 
18 1 1 3 3 4 4 1  650    1 
18 1 0 2 3 3 3 1  614    1 
18 1 0 0 1 1 1 1  541    1 
18 1 0 3 0 4 4 1  510    1 
18 1 0 3 0 4 4 1  417    0 
18 1 1 0 0 1 1 1  543    1 
18 1 0 3 0 4 4 1  497    1 
18 1 1 2 2 3 3 1  780    1 
18 1 1 0 0 1 1 1  508    1 
18 1 1 1 1 2 2 1  543    1 
18 1 1 1 1 2 2 1  457    1 
18 1 0 1 2 2 2 1  669    1 
18 1 1 3 3 4 4 1  506   76 
18 1 1 1 1 2 2 1  708    1 
18 1 1 0 0 1 1 1  511    1 
18 1 1 3 3 4 4 1  538    0 
18 1 1 3 3 4 4 1  403    1 
18 1 1 2 2 3 3 1  642    1 
18 1 0 2 3 3 3 1  536    1 
18 1 0 2 3 3 3 1  401    1 
18 1 0 2 3 3 3 1  424    1 
18 1 0 1 2 2 2 1  574    1 
18 1 1 3 3 4 4 1  478    1 
18 1 0 2 3 3 3 1  594    1 
18 1 0 2 3 3 3 1  402    1 
18 1 0 2 3 3 3 1  376    1 
18 1 0 2 3 3 3 1  393    1 
18 1 1 1 1 2 2 1  496    1 
18 1 1 1 1 2 2 1  412    1 
18 1 0 2 3 3 3 1  426    1 
18 1 1 0 0 1 1 1  448    1 
18 1 1 2 2 3 3 1  670    1 
18 1 1 3 3 4 4 1  546    1 
18 1 1 3 3 4 4 1  411    1 
18 1 0 0 1 1 1 1  578    1 
18 1 1 1 1 2 2 1  578    1 
18 1 0 3 0 4 4 1  530    1 
18 1 0 2 3 3 3 1  468    0 
18 1 0 1 2 2 2 1  481    1 
18 1 0 2 3 3 3 1  453    0 
18 1 1 1 1 2 2 1  474    0 
18 1 0 1 2 2 3 0  398    1 
18 1 1 3 3 4 4 1  787    1 
18 1 0 0 1 1 1 1  515    1 
18 1 1 3 3 4 4 1  509    1 
18 1 1 3 3 4 4 1  424    0 
18 1 1 3 3 4 4 1  358    1 
18 1 1 1 1 2 2 1  695    1 
18 1 0 1 2 2 2 1  546    1 
18 1 1 2 2 3 3 1  444    1 
18 1 1 1 1 2 2 1  458    1 
18 1 1 3 3 4 4 1  470    1 
18 1 0 3 0 4 4 1  562    1 
18 1 0 1 2 2 2 1  627    1 
18 1 1 2 2 3 3 1  553    1 
18 1 0 2 3 3 3 1  482    1 
18 1 0 1 2 2 2 1  445    1 
18 1 1 0 0 1 1 1  595    1 
18 1 1 2 2 3 3 1  538    1 
18 1 1 1 1 2 2 1  508    1 
18 1 0 2 3 3 3 1  399    1 
18 1 1 0 0 1 1 1  414    1 
18 1 0 0 1 1 1 1  861    1 
18 1 0 1 2 2 2 1  634    1 
18 1 1 2 2 3 3 1  383    1 
18 1 0 3 0 4 4 1  462    0 
18 1 0 2 3 3 3 1  635    1 
18 1 1 1 1 2 2 1  417    1 
18 1 1 3 3 4 4 1  639    1 
18 1 1 0 0 1 1 1  517    1 
18 1 1 1 1 2 2 1  686    1 
18 1 0 1 2 2 2 1  922    1 
18 1 1 2 2 3 3 1  468    0 
18 1 0 0 1 1 1 1  560    1 
18 1 1 0 0 1 1 1  521    1 
18 1 0 3 0 4 4 1  427    1 
18 1 0 3 0 4 4 1  553    1 
18 1 1 0 0 1 1 1  626    1 
18 1 0 0 1 1 1 1  456    1 
18 1 1 3 3 4 4 1  613    1 
18 1 1 1 1 2 2 1  876    1 
18 1 0 1 2 2 2 1  560    1 
18 1 0 2 3 3 3 1  377    1 
18 1 0 1 2 2 2 1  425    1 
18 1 1 0 0 1 1 1  503    0 
18 1 0 0 1 1 1 1  490    1 
18 1 0 0 1 1 1 1  437    1 
18 1 1 1 1 2 2 1  626    1 
18 1 1 1 1 2 1 0  465    1 
18 1 0 3 0 4 4 1  675    1 
18 1 1 3 3 4 4 1  447    1 
18 1 0 1 2 2 2 1  620    1 
18 1 0 1 2 2 2 1  442    1 
18 1 1 0 0 1 1 1  496    1 
18 1 0 3 0 4 4 1  603    1 
18 1 0 1 2 2 2 1  426    1 
18 1 0 2 3 3 3 1  568    1 
18 1 0 2 3 3 3 1  536    1 
18 1 0 3 0 4 4 1  546    1 
18 1 0 2 3 3 3 1  875    1 
18 1 0 0 1 1 1 1  647    1 
18 1 1 0 0 1 1 1  493    1 
18 1 0 2 3 3 3 1  608    1 
18 1 1 0 0 1 1 1  567    1 
18 1 1 3 3 4 4 1  375    1 
18 1 1 3 3 4 4 1  535    1 
18 1 0 3 0 4 4 1  465    1 
18 1 1 1 1 2 2 1  598    1 
18 1 0 0 1 1 1 1  525    1 
18 1 0 3 0 4 4 1  527    1 
18 1 1 3 3 4 4 1  441    1 
18 1 1 1 1 2 2 1  511    1 
18 1 1 2 2 3 3 1  489    1 
