25 1 0 2 2 0 0 1 10 8 10 3 3 1 1.161183 0.000000 
25 1 0 2 2 0 0 1 10 8 10 3 3 1 0.471321 0.000000 
25 1 0 0 1 1 1 0 1 5 16 2 2 1 0.816833 0.000000 
25 1 1 0 1 3 0 0 1 7 30 1 2 0 2.628487 0.000000 
25 1 0 3 2 0 0 0 14 8 53 3 3 1 2.723383 0.000000 
25 1 0 2 0 1 0 0 8 1 41 1 1 1 0.859660 0.000000 
25 1 0 3 3 2 0 1 15 14 15 4 3 0 0.885947 0.000000 
25 1 0 0 0 1 0 1 0 1 4 1 1 1 1.058994 0.000000 
25 1 0 2 0 1 0 0 8 1 41 1 1 1 0.660836 0.000000 
25 1 0 3 3 2 0 1 15 14 15 4 4 1 0.655000 0.000000 
25 1 0 0 1 1 1 0 1 5 16 2 2 1 0.856288 0.000000 
25 1 1 0 0 1 0 1 0 1 4 1 1 1 1.066527 0.000000 
25 1 0 2 0 0 1 0 8 0 22 1 2 0 1.044283 0.000000 
25 1 0 1 3 3 1 0 7 15 21 4 4 1 0.843065 0.000000 
25 1 1 1 1 1 1 1 5 5 1 2 2 1 1.533815 0.000000 
25 1 0 3 2 2 1 0 14 10 27 3 3 1 0.684981 0.000000 
25 1 0 1 3 2 0 0 7 14 43 4 1 0 0.829951 0.000000 
25 1 1 2 2 2 1 1 10 10 2 3 3 1 1.532620 0.000000 
25 1 0 1 3 2 0 0 7 14 43 4 1 0 0.891910 0.000000 
25 1 0 0 1 3 0 0 1 7 30 2 2 1 2.673019 0.000000 
25 1 0 3 2 2 1 0 14 10 27 3 3 1 1.082846 0.000000 
25 1 0 2 2 0 0 1 10 8 10 3 3 1 0.828139 0.000000 
25 1 0 0 0 0 1 1 0 0 0 1 1 1 0.879538 0.000000 
25 1 1 2 2 0 0 1 10 8 10 3 3 1 1.232144 0.000000 
25 1 0 2 0 0 1 0 8 0 22 1 1 1 0.875914 0.000000 
25 1 1 1 3 3 1 0 7 15 21 2 2 1 1.029551 0.000000 
25 1 1 1 3 3 1 0 7 15 21 2 2 1 0.857239 0.000000 
25 1 0 1 1 3 0 1 5 7 9 2 2 1 1.211558 0.000000 
25 1 1 1 1 3 0 1 5 7 9 2 2 1 0.983933 0.000000 
25 1 0 3 2 0 0 0 14 8 53 3 3 1 0.772976 0.000000 
25 1 1 3 2 0 0 0 14 8 53 4 4 1 1.017496 0.000000 
25 1 0 1 1 1 1 1 5 5 1 2 2 1 0.669252 0.000000 
25 1 0 2 0 0 1 0 8 0 22 1 1 1 0.614770 0.000000 
25 1 1 1 3 2 0 0 7 14 43 2 2 1 1.242965 0.000000 
25 1 1 3 3 3 1 1 15 15 3 4 4 1 0.894046 0.000000 
25 1 1 3 3 2 0 1 15 14 15 4 4 1 0.694130 0.000000 
25 1 0 2 2 2 1 1 10 10 2 3 3 1 0.575933 0.000000 
25 1 0 3 2 0 0 0 14 8 53 3 3 1 0.636423 0.000000 
25 1 1 0 0 0 1 1 0 0 0 1 1 1 1.055370 0.000000 
25 1 0 2 2 2 1 1 10 10 2 3 3 1 0.521693 0.000000 
25 1 0 1 3 3 1 0 7 15 21 4 4 1 0.577215 0.000000 
25 1 0 3 2 0 0 0 14 8 53 3 3 1 0.678734 0.000000 
25 1 0 0 1 3 0 0 1 7 30 2 3 0 0.544271 0.000000 
25 1 1 2 0 0 1 0 8 0 22 3 3 1 1.107107 0.000000 
25 1 0 2 2 0 0 1 10 8 10 3 3 1 0.642936 0.000000 
25 1 0 0 0 0 1 1 0 0 0 1 1 1 0.644917 0.000000 
25 1 0 3 3 3 1 1 15 15 3 4 4 1 0.543777 0.000000 
25 1 0 2 2 0 0 1 10 8 10 3 3 1 0.622609 0.000000 
25 1 0 0 0 0 1 1 0 0 0 1 1 1 0.690149 0.000000 
25 1 0 3 2 0 0 0 14 8 53 3 3 1 0.634982 0.000000 
25 1 0 0 0 1 0 1 0 1 4 1 1 1 1.341924 0.000000 
25 1 0 3 2 2 1 0 14 10 27 3 3 1 2.956062 0.000000 
25 1 1 1 3 2 0 0 7 14 43 2 2 1 0.899177 0.000000 
25 1 1 3 2 2 1 0 14 10 27 4 4 1 0.795997 0.000000 
25 1 0 3 3 2 0 1 15 14 15 4 3 0 0.672435 0.000000 
25 1 0 3 2 0 0 0 14 8 53 3 4 0 1.342062 0.000000 
25 1 1 2 0 1 0 0 8 1 41 3 3 1 1.536752 0.000000 
25 1 0 0 0 0 1 1 0 0 0 1 1 1 0.775481 0.000000 
25 1 0 3 3 2 0 1 15 14 15 4 3 0 0.627985 0.000000 
25 1 0 3 2 2 1 0 14 10 27 3 3 1 1.179636 0.000000 
25 1 0 1 1 1 1 1 5 5 1 2 2 1 0.776877 0.000000 
25 1 0 2 0 0 1 0 8 0 22 1 1 1 0.806471 0.000000 
25 1 0 3 2 0 0 0 14 8 53 3 3 1 0.666732 0.000000 
25 1 0 2 2 2 1 1 10 10 2 3 3 1 0.972313 0.000000 
25 1 1 1 1 3 0 1 5 7 9 2 2 1 0.889964 0.000000 
25 1 0 0 0 1 0 1 0 1 4 1 1 1 0.601929 0.000000 
25 1 0 2 2 2 1 1 10 10 2 3 3 1 0.574106 0.000000 
25 1 1 3 2 2 1 0 14 10 27 4 4 1 0.995633 0.000000 
25 1 1 0 0 1 0 1 0 1 4 1 1 1 0.664640 0.000000 
25 1 0 2 2 0 0 1 10 8 10 3 3 1 0.554829 0.000000 
25 1 1 0 0 1 0 1 0 1 4 1 1 1 0.616959 0.000000 
25 1 1 1 1 3 0 1 5 7 9 2 1 0 0.716551 0.000000 
25 1 0 3 2 0 0 0 14 8 53 3 3 1 1.214908 0.000000 
25 1 0 2 2 2 1 1 10 10 2 3 3 1 0.618997 0.000000 
25 1 0 2 2 0 0 1 10 8 10 3 3 1 0.622621 0.000000 
25 1 0 1 1 3 0 1 5 7 9 2 1 0 0.714167 0.000000 
25 1 0 2 0 1 0 0 8 1 41 1 1 1 0.814420 0.000000 
25 1 0 3 2 0 0 0 14 8 53 3 3 1 0.746215 0.000000 
25 1 1 3 2 2 1 0 14 10 27 4 4 1 0.953062 0.000000 
25 1 0 1 3 3 1 0 7 15 21 4 4 1 2.398491 0.000000 
25 1 0 2 0 0 1 0 8 0 22 1 1 1 0.907943 0.000000 
25 1 0 1 1 3 0 1 5 7 9 2 2 1 1.084350 0.000000 
25 1 0 0 1 3 0 0 1 7 30 2 2 1 0.653389 0.000000 
25 1 1 2 2 2 1 1 10 10 2 3 3 1 0.831578 0.000000 
25 1 0 1 1 1 1 1 5 5 1 2 2 1 0.587193 0.000000 
25 1 0 2 0 1 0 0 8 1 41 1 1 1 0.672013 0.000000 
25 1 0 1 3 3 1 0 7 15 21 4 4 1 0.624655 0.000000 
25 1 0 3 3 3 1 1 15 15 3 4 4 1 0.515998 0.000000 
25 1 0 1 1 3 0 1 5 7 9 2 3 0 0.684108 0.000000 
25 1 0 0 0 0 1 1 0 0 0 1 1 1 0.600549 0.000000 
25 1 0 0 0 0 1 1 0 0 0 1 1 1 0.580258 0.000000 
25 1 0 0 0 1 0 1 0 1 4 1 1 1 0.537768 0.000000 
25 1 0 2 2 2 1 1 10 10 2 3 3 1 0.784543 0.000000 
25 1 0 1 1 3 0 1 5 7 9 2 2 1 0.973545 0.000000 
25 1 1 1 3 2 0 0 7 14 43 2 2 1 0.987194 0.000000 
25 1 0 2 0 1 0 0 8 1 41 1 3 0 0.711197 0.000000 
25 1 0 0 1 3 0 0 1 7 30 2 2 1 1.019500 0.000000 
25 1 0 0 0 1 0 1 0 1 4 1 1 1 0.654677 0.000000 
25 1 0 2 2 0 0 1 10 8 10 3 3 1 0.632890 0.000000 
25 1 0 3 3 3 1 1 15 15 3 4 4 1 0.587977 0.000000 
25 1 1 2 0 0 1 0 8 0 22 3 3 1 1.168592 0.000000 
25 1 0 1 3 3 1 0 7 15 21 4 4 1 0.949405 0.000000 
25 1 1 1 3 3 1 0 7 15 21 2 2 1 0.915887 0.000000 
25 1 1 3 3 2 0 1 15 14 15 4 4 1 1.795960 0.000000 
25 1 1 1 3 3 1 0 7 15 21 2 2 1 1.057319 0.000000 
25 1 0 1 3 2 0 0 7 14 43 4 4 1 1.043711 0.000000 
25 1 0 1 1 3 0 1 5 7 9 2 2 1 0.878738 0.000000 
25 1 0 0 1 1 1 0 1 5 16 2 2 1 0.912388 0.000000 
25 1 0 2 2 0 0 1 10 8 10 3 3 1 0.696659 0.000000 
25 1 0 3 3 3 1 1 15 15 3 4 4 1 0.584551 0.000000 
25 1 0 1 1 1 1 1 5 5 1 2 2 1 1.021438 0.000000 
25 1 0 0 0 0 1 1 0 0 0 1 1 1 0.649067 0.000000 
25 1 1 0 1 1 1 0 1 5 16 1 1 1 0.731963 0.000000 
25 1 0 1 3 2 0 0 7 14 43 4 4 1 0.715536 0.000000 
25 1 0 2 0 0 1 0 8 0 22 1 1 1 0.683770 0.000000 
25 1 0 3 3 2 0 1 15 14 15 4 4 1 0.587765 0.000000 
25 1 1 0 0 1 0 1 0 1 4 1 1 1 0.633524 0.000000 
25 1 0 0 0 1 0 1 0 1 4 1 1 1 0.539394 0.000000 
25 1 1 3 2 2 1 0 14 10 27 4 4 1 1.010189 0.000000 
25 1 0 0 0 0 1 1 0 0 0 1 1 1 0.590587 0.000000 
25 1 1 1 1 1 1 1 5 5 1 2 2 1 0.851404 0.000000 
25 1 0 0 0 0 1 1 0 0 0 1 2 0 0.533736 0.000000 
25 1 0 3 3 2 0 1 15 14 15 4 4 1 0.760568 0.000000 
25 1 0 3 3 3 1 1 15 15 3 4 4 1 0.614343 0.000000 
25 1 0 0 1 1 1 0 1 5 16 2 2 1 0.857546 0.000000 
25 1 0 0 0 1 0 1 0 1 4 1 1 1 0.643841 0.000000 
25 1 0 1 3 2 0 0 7 14 43 4 4 1 0.726675 0.000000 
25 1 0 1 3 3 1 0 7 15 21 4 4 1 0.638256 0.000000 
25 1 1 3 3 3 1 1 15 15 3 4 4 1 1.073067 0.000000 
25 1 1 3 2 2 1 0 14 10 27 4 4 1 0.930812 0.000000 
25 1 0 3 2 0 0 0 14 8 53 3 3 1 0.842497 0.000000 
25 1 0 2 0 1 0 0 8 1 41 1 1 1 0.709434 0.000000 
25 1 0 2 0 0 1 0 8 0 22 1 1 1 0.572676 0.000000 
25 1 0 0 1 1 1 0 1 5 16 2 2 1 0.866205 0.000000 
25 1 0 1 1 1 1 1 5 5 1 2 2 1 0.612028 0.000000 
25 1 1 0 1 3 0 0 1 7 30 1 1 1 1.151998 0.000000 
25 1 0 3 3 3 1 1 15 15 3 4 4 1 0.630412 0.000000 
25 1 0 2 0 1 0 0 8 1 41 1 1 1 0.697944 0.000000 
25 1 0 0 0 0 1 1 0 0 0 1 1 1 0.538853 0.000000 
25 1 0 1 1 1 1 1 5 5 1 2 2 1 0.657670 0.000000 
25 1 0 2 0 1 0 0 8 1 41 1 1 1 0.658880 0.000000 
25 1 0 2 2 2 1 1 10 10 2 3 3 1 0.764992 0.000000 
25 1 0 0 0 1 0 1 0 1 4 1 1 1 0.643354 0.000000 
25 1 0 2 2 0 0 1 10 8 10 3 3 1 0.606207 0.000000 
25 1 1 1 1 3 0 1 5 7 9 2 2 1 1.170402 0.000000 
25 1 0 3 2 0 0 0 14 8 53 3 3 1 0.616151 0.000000 
25 1 0 2 0 0 1 0 8 0 22 1 1 1 0.740171 0.000000 
25 1 1 3 2 2 1 0 14 10 27 4 4 1 0.849584 0.000000 
25 1 1 3 2 2 1 0 14 10 27 4 4 1 0.500034 0.000000 
25 1 0 3 3 3 1 1 15 15 3 4 4 1 0.595998 0.000000 
25 1 0 1 3 2 0 0 7 14 43 4 4 1 0.896885 0.000000 
25 1 0 1 1 3 0 1 5 7 9 2 2 1 0.825856 0.000000 
25 1 1 3 2 0 0 0 14 8 53 4 4 1 0.717377 0.000000 
25 1 0 0 0 0 1 1 0 0 0 1 1 1 0.765000 0.000000 
25 1 1 0 0 0 1 1 0 0 0 1 1 1 0.770384 0.000000 
25 1 0 3 3 3 1 1 15 15 3 4 4 1 0.503862 0.000000 
25 1 1 0 1 3 0 0 1 7 30 1 1 1 0.799982 0.000000 
25 1 0 1 3 2 0 0 7 14 43 4 4 1 0.884299 0.000000 
25 1 0 0 1 3 0 0 1 7 30 2 2 1 0.901291 0.000000 
25 1 0 2 0 1 0 0 8 1 41 1 1 1 0.717591 0.000000 
25 1 0 1 1 1 1 1 5 5 1 2 2 1 0.973156 0.000000 
25 1 1 1 3 3 1 0 7 15 21 2 2 1 1.058812 0.000000 
25 1 0 1 1 1 1 1 5 5 1 2 2 1 0.661189 0.000000 
25 1 1 0 1 1 1 0 1 5 16 1 1 1 0.814399 0.000000 
25 1 0 3 2 0 0 0 14 8 53 3 3 1 0.698686 0.000000 
25 1 0 3 2 2 1 0 14 10 27 3 3 1 0.475561 0.000000 
25 1 0 0 1 3 0 0 1 7 30 2 2 1 0.748998 0.000000 
25 1 0 3 2 2 1 0 14 10 27 3 3 1 0.603950 0.000000 
25 1 0 2 0 0 1 0 8 0 22 1 1 1 0.632131 0.000000 
25 1 0 1 3 2 0 0 7 14 43 4 4 1 0.979686 0.000000 
25 1 0 1 3 2 0 0 7 14 43 4 4 1 0.472374 0.000000 
25 1 0 0 0 1 0 1 0 1 4 1 1 1 0.697758 0.000000 
25 1 1 1 1 1 1 1 5 5 1 2 2 1 1.122699 0.000000 
25 1 0 2 0 0 1 0 8 0 22 1 1 1 0.682409 0.000000 
25 1 0 0 1 1 1 0 1 5 16 2 2 1 0.651947 0.000000 
25 1 0 2 0 1 0 0 8 1 41 1 1 1 0.686189 0.000000 
25 1 0 3 3 2 0 1 15 14 15 4 4 1 0.591029 0.000000 
25 1 0 3 3 3 1 1 15 15 3 4 4 1 0.539908 0.000000 
25 1 1 2 2 0 0 1 10 8 10 3 3 1 1.170764 0.000000 
25 1 0 2 2 2 1 1 10 10 2 3 3 1 0.527489 0.000000 
25 1 0 2 2 2 1 1 10 10 2 3 3 1 0.662973 0.000000 
25 1 1 1 3 3 1 0 7 15 21 2 2 1 0.785065 0.000000 
25 1 0 0 0 1 0 1 0 1 4 1 1 1 0.606139 0.000000 
25 1 0 0 0 1 0 1 0 1 4 1 1 1 0.458323 0.000000 
25 1 0 1 3 2 0 0 7 14 43 4 4 1 0.804473 0.000000 
25 1 0 3 2 0 0 0 14 8 53 3 3 1 0.696719 0.000000 
25 1 0 2 2 0 0 1 10 8 10 3 3 1 0.561605 0.000000 
25 1 0 0 1 1 1 0 1 5 16 2 2 1 0.630787 0.000000 
25 1 0 0 1 1 1 0 1 5 16 2 2 1 0.674331 0.000000 
25 1 0 0 1 1 1 0 1 5 16 2 2 1 0.499869 0.000000 
25 1 1 1 1 1 1 1 5 5 1 2 2 1 0.947979 0.000000 
25 1 0 2 2 2 1 1 10 10 2 3 3 1 0.546961 0.000000 
25 2 0 0 0 0 1 1 0 0 0 1 2 0 0.796643 0.000000 
25 2 0 3 2 0 0 0 14 8 53 3 3 1 2.156919 0.000000 
25 2 0 1 3 3 1 0 7 15 21 4 4 1 2.491513 0.000000 
25 2 0 0 1 1 1 0 1 5 16 2 2 1 0.885019 0.000000 
25 2 0 0 0 0 1 1 0 0 0 1 1 1 0.628984 0.000000 
25 2 1 1 1 3 0 1 5 7 9 2 2 1 1.384582 0.000000 
25 2 0 2 0 1 0 0 8 1 41 1 1 1 0.717725 0.000000 
25 2 0 1 1 3 0 1 5 7 9 2 2 1 0.701313 0.000000 
25 2 0 1 3 2 0 0 7 14 43 4 4 1 0.861537 0.000000 
25 2 0 3 2 0 0 0 14 8 53 3 4 0 0.671819 0.000000 
25 2 1 2 2 0 0 1 10 8 10 3 3 1 1.349439 0.000000 
25 2 0 0 0 1 0 1 0 1 4 1 1 1 0.610904 0.000000 
25 2 1 2 0 1 0 0 8 1 41 3 1 0 0.727238 0.000000 
25 2 1 1 1 1 1 1 5 5 1 2 2 1 0.882887 0.000000 
25 2 0 3 2 0 0 0 14 8 53 3 3 1 0.691925 0.000000 
25 2 0 0 0 0 1 1 0 0 0 1 1 1 0.636903 0.000000 
25 2 0 0 1 3 0 0 1 7 30 2 2 1 0.695782 0.000000 
25 2 0 1 3 2 0 0 7 14 43 4 4 1 0.744664 0.000000 
25 2 0 3 3 3 1 1 15 15 3 4 4 1 0.479555 0.000000 
25 2 1 3 2 2 1 0 14 10 27 4 4 1 0.855900 0.000000 
25 2 0 1 1 1 1 1 5 5 1 2 3 0 0.498318 0.000000 
25 2 0 2 0 0 1 0 8 0 22 1 1 1 0.943209 0.000000 
25 2 0 3 3 2 0 1 15 14 15 4 4 1 0.685641 0.000000 
25 2 0 3 3 2 0 1 15 14 15 4 4 1 0.670555 0.000000 
25 2 0 3 2 0 0 0 14 8 53 3 4 0 0.528054 0.000000 
25 2 0 2 2 0 0 1 10 8 10 3 3 1 0.595639 0.000000 
25 2 0 0 1 1 1 0 1 5 16 2 2 1 0.639987 0.000000 
25 2 1 0 0 1 0 1 0 1 4 1 1 1 1.137887 0.000000 
25 2 0 1 1 3 0 1 5 7 9 2 2 1 0.760949 0.000000 
25 2 0 1 1 1 1 1 5 5 1 2 2 1 0.559191 0.000000 
25 2 1 1 1 1 1 1 5 5 1 2 2 1 0.997360 0.000000 
25 2 1 3 3 2 0 1 15 14 15 4 4 1 0.762355 0.000000 
25 2 0 3 3 2 0 1 15 14 15 4 4 1 0.544625 0.000000 
25 2 0 3 3 3 1 1 15 15 3 4 4 1 0.799459 0.000000 
25 2 0 0 1 3 0 0 1 7 30 2 2 1 0.626984 0.000000 
25 2 1 1 3 3 1 0 7 15 21 2 2 1 1.142259 0.000000 
25 2 0 1 3 3 1 0 7 15 21 4 2 0 0.485298 0.000000 
25 2 0 1 1 1 1 1 5 5 1 2 2 1 1.354195 0.000000 
25 2 0 2 0 0 1 0 8 0 22 1 1 1 0.704164 0.000000 
25 2 0 2 2 2 1 1 10 10 2 3 3 1 0.712391 0.000000 
25 2 1 1 1 3 0 1 5 7 9 2 2 1 1.183736 0.000000 
25 2 0 0 1 3 0 0 1 7 30 2 2 1 0.684754 0.000000 
25 2 0 0 1 1 1 0 1 5 16 2 2 1 0.597608 0.000000 
25 2 0 1 1 1 1 1 5 5 1 2 2 1 0.594448 0.000000 
25 2 0 1 1 1 1 1 5 5 1 2 2 1 0.519281 0.000000 
25 2 1 1 3 2 0 0 7 14 43 2 2 1 0.902791 0.000000 
25 2 0 2 2 2 1 1 10 10 2 3 3 1 0.695061 0.000000 
25 2 0 3 3 2 0 1 15 14 15 4 4 1 0.591970 0.000000 
25 2 0 3 2 2 1 0 14 10 27 3 4 0 0.676849 0.000000 
25 2 0 2 0 1 0 0 8 1 41 1 1 1 0.849452 0.000000 
25 2 0 2 0 1 0 0 8 1 41 1 1 1 0.675895 0.000000 
25 2 0 3 2 0 0 0 14 8 53 3 3 1 0.709477 0.000000 
25 2 0 2 2 2 1 1 10 10 2 3 3 1 1.181691 0.000000 
25 2 0 0 1 3 0 0 1 7 30 2 2 1 1.467482 0.000000 
25 2 1 0 1 3 0 0 1 7 30 1 1 1 0.965336 0.000000 
25 2 0 2 2 0 0 1 10 8 10 3 3 1 0.555637 0.000000 
25 2 0 1 1 1 1 1 5 5 1 2 2 1 0.560816 0.000000 
25 2 1 0 1 1 1 0 1 5 16 1 1 1 0.886987 0.000000 
25 2 0 2 2 2 1 1 10 10 2 3 3 1 0.711934 0.000000 
25 2 0 1 1 3 0 1 5 7 9 2 2 1 0.816174 0.000000 
25 2 0 0 0 0 1 1 0 0 0 1 1 1 0.740017 0.000000 
25 2 1 2 0 1 0 0 8 1 41 3 3 1 0.994698 0.000000 
25 2 0 3 3 2 0 1 15 14 15 4 4 1 1.183740 0.000000 
25 2 0 2 0 1 0 0 8 1 41 1 1 1 0.715855 0.000000 
25 2 1 3 2 2 1 0 14 10 27 4 4 1 0.995885 0.000000 
25 2 1 3 2 0 0 0 14 8 53 4 4 1 0.728391 0.000000 
25 2 0 3 2 0 0 0 14 8 53 3 4 0 0.463953 0.000000 
25 2 0 2 0 0 1 0 8 0 22 1 1 1 0.726128 0.000000 
25 2 0 1 3 2 0 0 7 14 43 4 4 1 0.845214 0.000000 
25 2 1 2 2 2 1 1 10 10 2 3 3 1 1.200156 0.000000 
25 2 0 0 0 0 1 1 0 0 0 1 1 1 0.636582 0.000000 
25 2 0 0 1 3 0 0 1 7 30 2 2 1 0.742423 0.000000 
25 2 0 3 2 2 1 0 14 10 27 3 3 1 0.973374 0.000000 
25 2 0 1 1 1 1 1 5 5 1 2 2 1 0.867029 0.000000 
25 2 0 2 2 0 0 1 10 8 10 3 3 1 0.788681 0.000000 
25 2 1 0 1 1 1 0 1 5 16 1 1 1 1.017617 0.000000 
25 2 0 0 0 0 1 1 0 0 0 1 1 1 3.029399 0.000000 
25 2 0 2 2 2 1 1 10 10 2 3 3 1 0.641784 0.000000 
25 2 0 3 3 2 0 1 15 14 15 4 4 1 0.603676 0.000000 
25 2 0 3 2 2 1 0 14 10 27 3 3 1 0.959874 0.000000 
25 2 0 3 2 0 0 0 14 8 53 3 3 1 0.686194 0.000000 
25 2 0 2 2 0 0 1 10 8 10 3 3 1 0.543093 0.000000 
25 2 0 2 2 2 1 1 10 10 2 3 3 1 0.477878 0.000000 
25 2 0 2 2 0 0 1 10 8 10 3 3 1 0.567376 0.000000 
25 2 1 1 1 3 0 1 5 7 9 2 2 1 1.156908 0.000000 
25 2 0 2 2 2 1 1 10 10 2 3 3 1 0.602316 0.000000 
25 2 0 0 0 0 1 1 0 0 0 1 1 1 0.582494 0.000000 
25 2 0 3 2 2 1 0 14 10 27 3 3 1 0.683934 0.000000 
25 2 0 0 1 1 1 0 1 5 16 2 2 1 0.684858 0.000000 
25 2 1 1 3 2 0 0 7 14 43 2 1 0 1.141761 0.000000 
25 2 0 2 0 0 1 0 8 0 22 1 1 1 1.608926 0.000000 
25 2 1 1 3 2 0 0 7 14 43 2 2 1 0.956972 0.000000 
25 2 1 3 3 3 1 1 15 15 3 4 4 1 0.731306 0.000000 
25 2 0 3 3 3 1 1 15 15 3 4 4 1 0.993901 0.000000 
25 2 0 2 2 0 0 1 10 8 10 3 3 1 0.790901 0.000000 
25 2 1 0 1 3 0 0 1 7 30 1 1 1 0.939835 0.000000 
25 2 0 0 0 0 1 1 0 0 0 1 1 1 0.618835 0.000000 
25 2 0 2 0 0 1 0 8 0 22 1 1 1 0.518367 0.000000 
25 2 1 1 3 3 1 0 7 15 21 2 2 1 0.997848 0.000000 
25 2 0 2 0 1 0 0 8 1 41 1 3 0 0.578835 0.000000 
25 2 1 2 0 0 1 0 8 0 22 3 3 1 1.411400 0.000000 
25 2 1 1 3 3 1 0 7 15 21 2 2 1 0.815400 0.000000 
25 2 0 3 3 3 1 1 15 15 3 4 4 1 0.651711 0.000000 
25 2 0 0 1 3 0 0 1 7 30 2 2 1 0.709900 0.000000 
25 2 0 1 3 3 1 0 7 15 21 4 4 1 0.942143 0.000000 
25 2 0 1 3 2 0 0 7 14 43 4 4 1 0.725138 0.000000 
25 2 0 1 1 1 1 1 5 5 1 2 3 0 0.860705 0.000000 
25 2 0 1 1 1 1 1 5 5 1 2 2 1 0.601974 0.000000 
25 2 0 0 1 1 1 0 1 5 16 2 2 1 0.693749 0.000000 
25 2 0 3 3 3 1 1 15 15 3 4 4 1 0.590588 0.000000 
25 2 0 3 3 3 1 1 15 15 3 4 4 1 0.491348 0.000000 
25 2 0 2 0 1 0 0 8 1 41 1 1 1 0.692231 0.000000 
25 2 0 1 3 3 1 0 7 15 21 4 4 1 0.693156 0.000000 
25 2 0 1 3 2 0 0 7 14 43 4 4 1 0.717979 0.000000 
25 2 0 3 3 3 1 1 15 15 3 4 4 1 0.477623 0.000000 
25 2 0 0 1 1 1 0 1 5 16 2 2 1 1.070011 0.000000 
25 2 1 2 0 0 1 0 8 0 22 3 3 1 1.199796 0.000000 
25 2 1 1 3 2 0 0 7 14 43 2 2 1 0.828212 0.000000 
25 2 0 2 2 0 0 1 10 8 10 3 3 1 0.799846 0.000000 
25 2 1 1 3 3 1 0 7 15 21 2 2 1 0.860055 0.000000 
25 2 0 0 0 1 0 1 0 1 4 1 1 1 0.638353 0.000000 
25 2 0 0 1 3 0 0 1 7 30 2 2 1 0.737297 0.000000 
25 2 1 0 0 1 0 1 0 1 4 1 1 1 0.775077 0.000000 
25 2 1 0 1 1 1 0 1 5 16 1 1 1 0.644778 0.000000 
25 2 0 0 0 0 1 1 0 0 0 1 1 1 0.703667 0.000000 
25 2 1 3 2 0 0 0 14 8 53 4 4 1 1.543905 0.000000 
25 2 1 2 2 2 1 1 10 10 2 3 3 1 0.863043 0.000000 
25 2 0 2 2 2 1 1 10 10 2 3 3 1 0.793356 0.000000 
25 2 1 0 1 1 1 0 1 5 16 1 1 1 0.822354 0.000000 
25 2 0 0 0 1 0 1 0 1 4 1 1 1 0.649941 0.000000 
25 2 0 0 1 1 1 0 1 5 16 2 2 1 0.892185 0.000000 
25 2 0 1 1 1 1 1 5 5 1 2 2 1 0.636143 0.000000 
25 2 0 2 2 0 0 1 10 8 10 3 3 1 0.798937 0.000000 
25 2 0 3 2 2 1 0 14 10 27 3 3 1 0.795906 0.000000 
25 2 0 0 1 1 1 0 1 5 16 2 2 1 0.872878 0.000000 
25 2 0 0 0 0 1 1 0 0 0 1 1 1 0.746494 0.000000 
25 2 1 3 2 0 0 0 14 8 53 4 4 1 0.833380 0.000000 
25 2 0 1 3 2 0 0 7 14 43 4 4 1 0.732307 0.000000 
25 2 0 2 0 0 1 0 8 0 22 1 1 1 0.666884 0.000000 
25 2 1 1 1 1 1 1 5 5 1 2 2 1 0.908472 0.000000 
25 2 0 2 2 0 0 1 10 8 10 3 3 1 0.636793 0.000000 
25 2 1 1 1 1 1 1 5 5 1 2 2 1 0.671634 0.000000 
25 2 0 3 3 3 1 1 15 15 3 4 4 1 0.593211 0.000000 
25 2 0 1 1 1 1 1 5 5 1 2 2 1 0.797997 0.000000 
25 2 0 0 0 1 0 1 0 1 4 1 1 1 0.642931 0.000000 
25 2 0 3 3 3 1 1 15 15 3 4 4 1 0.885885 0.000000 
25 2 0 3 3 2 0 1 15 14 15 4 4 1 0.573838 0.000000 
25 2 0 1 3 2 0 0 7 14 43 4 4 1 0.699345 0.000000 
25 2 1 3 2 2 1 0 14 10 27 4 4 1 0.812071 0.000000 
25 2 1 1 1 3 0 1 5 7 9 2 2 1 0.831847 0.000000 
25 2 0 2 0 1 0 0 8 1 41 1 1 1 0.715451 0.000000 
25 2 0 0 0 1 0 1 0 1 4 1 1 1 0.595686 0.000000 
25 2 1 1 3 3 1 0 7 15 21 2 2 1 1.095602 0.000000 
25 2 0 3 3 3 1 1 15 15 3 4 4 1 0.609585 0.000000 
25 2 0 2 2 0 0 1 10 8 10 3 3 1 0.660777 0.000000 
25 2 0 2 2 2 1 1 10 10 2 3 3 1 1.647025 0.000000 
25 2 0 0 0 0 1 1 0 0 0 1 1 1 0.810218 0.000000 
25 2 0 0 1 1 1 0 1 5 16 2 2 1 1.054516 0.000000 
25 2 0 2 0 0 1 0 8 0 22 1 1 1 0.752908 0.000000 
25 2 0 1 3 2 0 0 7 14 43 4 4 1 0.847173 0.000000 
25 2 0 2 2 0 0 1 10 8 10 3 3 1 0.770059 0.000000 
25 2 0 3 2 0 0 0 14 8 53 3 3 1 0.614693 0.000000 
25 2 0 0 0 0 1 1 0 0 0 1 1 1 0.610922 0.000000 
25 2 0 1 1 3 0 1 5 7 9 2 2 1 0.782965 0.000000 
25 2 0 3 3 2 0 1 15 14 15 4 4 1 0.691987 0.000000 
25 2 1 3 2 0 0 0 14 8 53 4 4 1 0.916881 0.000000 
25 2 0 2 2 0 0 1 10 8 10 3 3 1 0.732553 0.000000 
25 2 0 3 3 3 1 1 15 15 3 4 4 1 0.523943 0.000000 
25 2 0 0 1 1 1 0 1 5 16 2 2 1 0.706974 0.000000 
25 2 0 1 3 2 0 0 7 14 43 4 4 1 0.906192 0.000000 
25 2 0 3 3 3 1 1 15 15 3 4 4 1 0.562485 0.000000 
25 2 0 2 2 0 0 1 10 8 10 3 3 1 0.648657 0.000000 
25 2 0 3 3 2 0 1 15 14 15 4 4 1 0.659534 0.000000 
25 2 1 0 1 3 0 0 1 7 30 1 1 1 0.997747 0.000000 
25 2 1 0 0 0 1 1 0 0 0 1 1 1 0.642745 0.000000 
25 2 0 3 2 0 0 0 14 8 53 3 3 1 0.701641 0.000000 
25 2 0 3 2 0 0 0 14 8 53 3 3 1 0.589867 0.000000 
25 2 0 1 3 2 0 0 7 14 43 4 4 1 0.793726 0.000000 
25 2 0 3 2 0 0 0 14 8 53 3 3 1 0.662588 0.000000 
25 2 0 2 0 0 1 0 8 0 22 1 1 1 0.632844 0.000000 
25 2 1 1 1 3 0 1 5 7 9 2 2 1 0.963960 0.000000 
25 2 1 3 3 2 0 1 15 14 15 4 4 1 0.714007 0.000000 
25 2 0 3 3 2 0 1 15 14 15 4 4 1 0.554310 0.000000 
25 2 0 2 0 1 0 0 8 1 41 1 1 1 0.656452 0.000000 
25 2 1 0 1 3 0 0 1 7 30 1 1 1 0.882677 0.000000 
25 2 0 0 1 1 1 0 1 5 16 2 1 0 0.595068 0.000000 
25 2 0 0 1 3 0 0 1 7 30 2 2 1 0.579460 0.000000 
25 2 0 2 0 1 0 0 8 1 41 1 1 1 0.768551 0.000000 
25 2 1 0 0 0 1 1 0 0 0 1 1 1 0.766039 0.000000 
25 2 0 2 0 0 1 0 8 0 22 1 1 1 0.859952 0.000000 
25 2 1 2 2 0 0 1 10 8 10 3 1 0 0.973914 0.000000 
25 2 0 1 3 2 0 0 7 14 43 4 4 1 1.111732 0.000000 
25 3 0 2 2 2 1 1 10 10 2 3 3 1 0.962224 0.000000 
25 3 0 3 2 0 0 0 14 8 53 3 3 1 0.719999 0.000000 
25 3 1 3 2 0 0 0 14 8 53 4 4 1 1.047607 0.000000 
25 3 0 0 1 1 1 0 1 5 16 2 2 1 0.722621 0.000000 
25 3 0 2 0 0 1 0 8 0 22 1 1 1 0.634218 0.000000 
25 3 0 2 0 0 1 0 8 0 22 1 1 1 0.468004 0.000000 
25 3 0 2 0 0 1 0 8 0 22 1 1 1 0.469561 0.000000 
25 3 0 0 0 1 0 1 0 1 4 1 1 1 0.574937 0.000000 
25 3 0 0 1 3 0 0 1 7 30 2 2 1 0.772564 0.000000 
25 3 0 3 2 0 0 0 14 8 53 3 3 1 0.778150 0.000000 
25 3 1 1 1 3 0 1 5 7 9 2 2 1 0.935720 0.000000 
25 3 1 2 2 0 0 1 10 8 10 3 3 1 0.878718 0.000000 
25 3 0 1 3 3 1 0 7 15 21 4 4 1 0.648336 0.000000 
25 3 1 0 1 3 0 0 1 7 30 1 1 1 0.770197 0.000000 
25 3 0 1 1 3 0 1 5 7 9 2 2 1 0.919765 0.000000 
25 3 1 3 2 2 1 0 14 10 27 4 4 1 0.807446 0.000000 
25 3 0 0 1 1 1 0 1 5 16 2 2 1 0.731757 0.000000 
25 3 0 0 0 1 0 1 0 1 4 1 1 1 0.651311 0.000000 
25 3 0 0 1 1 1 0 1 5 16 2 2 1 0.797524 0.000000 
25 3 0 0 0 1 0 1 0 1 4 1 1 1 0.666454 0.000000 
25 3 0 1 1 3 0 1 5 7 9 2 2 1 0.651976 0.000000 
25 3 0 1 3 2 0 0 7 14 43 4 4 1 0.677214 0.000000 
25 3 1 3 3 3 1 1 15 15 3 4 4 1 0.742746 0.000000 
25 3 1 0 1 3 0 0 1 7 30 1 1 1 0.845661 0.000000 
25 3 0 3 3 3 1 1 15 15 3 4 4 1 0.592609 0.000000 
25 3 0 0 1 3 0 0 1 7 30 2 2 1 0.941496 0.000000 
25 3 0 1 1 1 1 1 5 5 1 2 2 1 0.652438 0.000000 
25 3 0 2 0 0 1 0 8 0 22 1 1 1 0.614634 0.000000 
25 3 0 3 3 3 1 1 15 15 3 4 3 0 0.874849 0.000000 
25 3 1 0 1 1 1 0 1 5 16 1 1 1 0.855532 0.000000 
25 3 0 2 2 0 0 1 10 8 10 3 3 1 0.769329 0.000000 
25 3 0 3 2 2 1 0 14 10 27 3 3 1 0.974865 0.000000 
25 3 0 3 2 0 0 0 14 8 53 3 3 1 0.636589 0.000000 
25 3 0 0 1 3 0 0 1 7 30 2 2 1 0.727475 0.000000 
25 3 0 1 1 3 0 1 5 7 9 2 2 1 0.646996 0.000000 
25 3 0 0 1 3 0 0 1 7 30 2 2 1 0.545903 0.000000 
25 3 0 0 0 0 1 1 0 0 0 1 1 1 0.559698 0.000000 
25 3 0 3 2 2 1 0 14 10 27 3 3 1 0.661904 0.000000 
25 3 0 2 2 0 0 1 10 8 10 3 3 1 0.592041 0.000000 
25 3 1 1 3 3 1 0 7 15 21 2 2 1 1.068960 0.000000 
25 3 0 2 2 2 1 1 10 10 2 3 3 1 0.518660 0.000000 
25 3 0 1 3 3 1 0 7 15 21 4 4 1 1.814227 0.000000 
25 3 0 1 3 2 0 0 7 14 43 4 4 1 0.666816 0.000000 
25 3 0 3 3 2 0 1 15 14 15 4 4 1 0.508379 0.000000 
25 3 0 3 2 0 0 0 14 8 53 3 3 1 0.699563 0.000000 
25 3 0 1 1 3 0 1 5 7 9 2 2 1 0.756006 0.000000 
25 3 0 1 3 3 1 0 7 15 21 4 4 1 0.665972 0.000000 
25 3 0 2 2 2 1 1 10 10 2 3 3 1 0.692059 0.000000 
25 3 0 2 0 0 1 0 8 0 22 1 1 1 0.572452 0.000000 
25 3 1 2 0 0 1 0 8 0 22 3 3 1 1.009978 0.000000 
25 3 0 2 0 1 0 0 8 1 41 1 1 1 0.662300 0.000000 
25 3 0 3 2 0 0 0 14 8 53 3 3 1 0.712545 0.000000 
25 3 0 1 3 3 1 0 7 15 21 4 4 1 0.527755 0.000000 
25 3 0 2 2 0 0 1 10 8 10 3 3 1 0.655255 0.000000 
25 3 1 1 3 3 1 0 7 15 21 2 2 1 0.873452 0.000000 
25 3 0 0 0 1 0 1 0 1 4 1 1 1 0.699039 0.000000 
25 3 0 3 2 0 0 0 14 8 53 3 3 1 0.659944 0.000000 
25 3 0 0 0 1 0 1 0 1 4 1 1 1 0.574202 0.000000 
25 3 0 1 1 1 1 1 5 5 1 2 2 1 0.659696 0.000000 
25 3 0 0 0 1 0 1 0 1 4 1 1 1 0.581923 0.000000 
25 3 0 2 2 0 0 1 10 8 10 3 3 1 0.650391 0.000000 
25 3 0 1 3 2 0 0 7 14 43 4 4 1 0.700664 0.000000 
25 3 0 2 2 2 1 1 10 10 2 3 3 1 0.772871 0.000000 
25 3 1 1 3 3 1 0 7 15 21 2 2 1 0.802443 0.000000 
25 3 1 1 1 3 0 1 5 7 9 2 2 1 0.798721 0.000000 
25 3 1 1 3 2 0 0 7 14 43 2 2 1 0.619646 0.000000 
25 3 0 1 1 1 1 1 5 5 1 2 2 1 0.719202 0.000000 
25 3 0 2 2 0 0 1 10 8 10 3 3 1 0.661782 0.000000 
25 3 0 2 2 0 0 1 10 8 10 3 3 1 0.487978 0.000000 
25 3 0 2 2 0 0 1 10 8 10 3 3 1 0.512726 0.000000 
25 3 0 1 1 1 1 1 5 5 1 2 2 1 0.624944 0.000000 
25 3 0 0 0 1 0 1 0 1 4 1 1 1 0.628464 0.000000 
25 3 1 2 2 0 0 1 10 8 10 3 3 1 1.183986 0.000000 
25 3 0 2 2 2 1 1 10 10 2 3 3 1 0.613028 0.000000 
25 3 1 1 1 1 1 1 5 5 1 2 2 1 0.777266 0.000000 
25 3 0 0 1 3 0 0 1 7 30 2 3 0 0.566883 0.000000 
25 3 0 1 1 3 0 1 5 7 9 2 2 1 0.863414 0.000000 
25 3 1 1 1 3 0 1 5 7 9 2 2 1 0.929195 0.000000 
25 3 0 1 1 1 1 1 5 5 1 2 2 1 0.544853 0.000000 
25 3 0 2 2 0 0 1 10 8 10 3 3 1 0.743683 0.000000 
25 3 0 3 2 2 1 0 14 10 27 3 2 0 0.694610 0.000000 
25 3 1 3 2 0 0 0 14 8 53 4 4 1 0.987547 0.000000 
25 3 0 0 0 1 0 1 0 1 4 1 1 1 0.696016 0.000000 
25 3 1 3 2 2 1 0 14 10 27 4 4 1 0.751893 0.000000 
25 3 0 2 2 0 0 1 10 8 10 3 3 1 0.734194 0.000000 
25 3 1 1 3 3 1 0 7 15 21 2 2 1 1.085045 0.000000 
25 3 0 0 0 0 1 1 0 0 0 1 1 1 0.574142 0.000000 
25 3 0 0 1 3 0 0 1 7 30 2 2 1 0.867667 0.000000 
25 3 1 3 2 2 1 0 14 10 27 4 4 1 0.837284 0.000000 
25 3 0 1 1 3 0 1 5 7 9 2 2 1 2.408252 0.000000 
25 3 0 2 2 2 1 1 10 10 2 3 3 1 0.620132 0.000000 
25 3 0 1 3 3 1 0 7 15 21 4 4 1 0.727689 0.000000 
25 3 0 1 1 3 0 1 5 7 9 2 2 1 0.727274 0.000000 
25 3 0 3 3 2 0 1 15 14 15 4 4 1 0.638831 0.000000 
25 3 0 0 0 1 0 1 0 1 4 1 1 1 0.649722 0.000000 
25 3 1 2 2 0 0 1 10 8 10 3 4 0 1.292183 0.000000 
25 3 1 3 2 0 0 0 14 8 53 4 4 1 0.905104 0.000000 
25 3 0 3 3 3 1 1 15 15 3 4 4 1 0.631915 0.000000 
25 3 0 2 2 2 1 1 10 10 2 3 3 1 2.283491 0.000000 
25 3 0 2 2 0 0 1 10 8 10 3 3 1 0.636945 0.000000 
25 3 0 2 2 2 1 1 10 10 2 3 3 1 0.503813 0.000000 
25 3 0 3 3 2 0 1 15 14 15 4 4 1 0.912070 0.000000 
25 3 1 1 1 3 0 1 5 7 9 2 2 1 1.176302 0.000000 
25 3 0 1 3 3 1 0 7 15 21 4 4 1 1.182016 0.000000 
25 3 0 0 1 1 1 0 1 5 16 2 1 0 0.618810 0.000000 
25 3 0 3 2 0 0 0 14 8 53 3 3 1 0.698368 0.000000 
25 3 0 0 1 1 1 0 1 5 16 2 2 1 0.682782 0.000000 
25 3 0 0 0 1 0 1 0 1 4 1 1 1 0.668149 0.000000 
25 3 0 0 1 3 0 0 1 7 30 2 2 1 0.685230 0.000000 
25 3 0 0 1 3 0 0 1 7 30 2 2 1 0.910066 0.000000 
25 3 0 0 0 0 1 1 0 0 0 1 1 1 1.838486 0.000000 
25 3 1 0 0 1 0 1 0 1 4 1 1 1 0.744764 0.000000 
25 3 0 2 2 2 1 1 10 10 2 3 3 1 0.583677 0.000000 
25 3 1 0 0 1 0 1 0 1 4 1 1 1 0.564521 0.000000 
25 3 1 3 3 2 0 1 15 14 15 4 4 1 0.698709 0.000000 
25 3 0 0 0 0 1 1 0 0 0 1 3 0 0.483584 0.000000 
25 3 1 3 2 2 1 0 14 10 27 4 4 1 0.824457 0.000000 
25 3 0 2 0 1 0 0 8 1 41 1 1 1 0.635549 0.000000 
25 3 1 1 1 1 1 1 5 5 1 2 2 1 1.230434 0.000000 
25 3 0 1 3 3 1 0 7 15 21 4 4 1 1.633247 0.000000 
25 3 1 1 3 2 0 0 7 14 43 2 2 1 2.172518 0.000000 
25 3 1 2 2 0 0 1 10 8 10 3 3 1 0.842607 0.000000 
25 3 1 0 1 1 1 0 1 5 16 1 2 0 0.901538 0.000000 
25 3 1 1 3 3 1 0 7 15 21 2 2 1 1.313954 0.000000 
25 3 0 0 1 1 1 0 1 5 16 2 2 1 0.769929 0.000000 
25 3 0 1 1 1 1 1 5 5 1 2 2 1 0.518508 0.000000 
25 3 0 0 1 1 1 0 1 5 16 2 2 1 0.445974 0.000000 
25 3 0 3 3 2 0 1 15 14 15 4 3 0 0.632791 0.000000 
25 3 0 0 0 1 0 1 0 1 4 1 1 1 0.744047 0.000000 
25 3 0 2 0 0 1 0 8 0 22 1 1 1 0.606746 0.000000 
25 3 0 1 1 1 1 1 5 5 1 2 2 1 0.754963 0.000000 
25 3 0 3 2 0 0 0 14 8 53 3 4 0 0.641211 0.000000 
25 3 0 0 0 0 1 1 0 0 0 1 1 1 0.695154 0.000000 
25 3 0 3 2 0 0 0 14 8 53 3 3 1 0.831524 0.000000 
25 3 0 3 2 0 0 0 14 8 53 3 3 1 0.595122 0.000000 
25 3 1 0 1 1 1 0 1 5 16 1 1 1 1.167998 0.000000 
25 3 0 2 0 0 1 0 8 0 22 1 1 1 0.677667 0.000000 
25 3 1 1 1 1 1 1 5 5 1 2 2 1 0.879286 0.000000 
25 3 0 1 1 1 1 1 5 5 1 2 2 1 0.680919 0.000000 
25 3 1 3 2 2 1 0 14 10 27 4 4 1 0.706442 0.000000 
25 3 0 2 0 0 1 0 8 0 22 1 1 1 0.809669 0.000000 
25 3 0 1 1 3 0 1 5 7 9 2 2 1 0.885994 0.000000 
25 3 0 2 2 2 1 1 10 10 2 3 3 1 0.542908 0.000000 
25 3 0 2 0 0 1 0 8 0 22 1 1 1 0.581747 0.000000 
25 3 0 3 3 3 1 1 15 15 3 4 4 1 0.595241 0.000000 
25 3 0 1 3 2 0 0 7 14 43 4 4 1 0.672136 0.000000 
25 3 0 2 2 2 1 1 10 10 2 3 3 1 0.689658 0.000000 
25 3 0 0 1 1 1 0 1 5 16 2 2 1 0.905644 0.000000 
25 3 0 3 2 2 1 0 14 10 27 3 3 1 0.609858 0.000000 
25 3 1 2 2 0 0 1 10 8 10 3 3 1 1.229990 0.000000 
25 3 0 0 1 1 1 0 1 5 16 2 2 1 0.553842 0.000000 
25 3 0 2 0 1 0 0 8 1 41 1 1 1 0.695960 0.000000 
25 3 0 0 1 1 1 0 1 5 16 2 2 1 0.704898 0.000000 
25 3 0 3 2 2 1 0 14 10 27 3 3 1 0.753050 0.000000 
25 3 0 1 1 1 1 1 5 5 1 2 2 1 0.727360 0.000000 
25 3 1 2 0 1 0 0 8 1 41 3 3 1 1.477998 0.000000 
25 3 0 3 2 2 1 0 14 10 27 3 3 1 1.319829 0.000000 
25 3 0 0 0 1 0 1 0 1 4 1 1 1 0.615654 0.000000 
25 3 0 2 2 0 0 1 10 8 10 3 3 1 0.763788 0.000000 
25 3 0 3 2 0 0 0 14 8 53 3 3 1 0.650029 0.000000 
25 3 0 0 1 1 1 0 1 5 16 2 2 1 0.716305 0.000000 
25 3 0 3 3 2 0 1 15 14 15 4 4 1 0.724079 0.000000 
25 3 1 1 1 1 1 1 5 5 1 2 2 1 0.923431 0.000000 
25 3 0 2 2 0 0 1 10 8 10 3 3 1 0.546004 0.000000 
25 3 1 3 2 2 1 0 14 10 27 4 4 1 0.752900 0.000000 
25 3 0 0 1 3 0 0 1 7 30 2 2 1 0.727173 0.000000 
25 3 1 2 0 0 1 0 8 0 22 3 3 1 0.862711 0.000000 
25 3 0 1 1 1 1 1 5 5 1 2 2 1 1.369015 0.000000 
25 3 1 2 0 1 0 0 8 1 41 3 3 1 1.126844 0.000000 
25 3 0 1 1 3 0 1 5 7 9 2 2 1 0.510576 0.000000 
25 3 0 0 0 0 1 1 0 0 0 1 1 1 0.613742 0.000000 
25 3 1 3 2 2 1 0 14 10 27 4 4 1 0.761930 0.000000 
25 3 0 3 2 0 0 0 14 8 53 3 3 1 0.816188 0.000000 
25 3 0 3 2 2 1 0 14 10 27 3 3 1 0.852015 0.000000 
25 3 0 0 1 1 1 0 1 5 16 2 2 1 0.742034 0.000000 
25 3 0 3 3 2 0 1 15 14 15 4 4 1 0.668983 0.000000 
25 3 0 3 2 2 1 0 14 10 27 3 3 1 1.086480 0.000000 
25 3 1 3 3 3 1 1 15 15 3 4 4 1 1.038622 0.000000 
25 3 0 2 0 1 0 0 8 1 41 1 1 1 0.737613 0.000000 
25 3 0 3 3 2 0 1 15 14 15 4 4 1 1.144569 0.000000 
25 3 0 1 1 1 1 1 5 5 1 2 2 1 0.863596 0.000000 
25 3 1 1 3 3 1 0 7 15 21 2 2 1 0.913897 0.000000 
25 3 0 2 0 1 0 0 8 1 41 1 1 1 0.706207 0.000000 
25 3 1 0 0 0 1 1 0 0 0 1 1 1 0.818441 0.000000 
25 3 0 3 2 2 1 0 14 10 27 3 3 1 0.814008 0.000000 
25 3 0 3 3 2 0 1 15 14 15 4 4 1 0.946339 0.000000 
25 3 1 3 3 3 1 1 15 15 3 4 4 1 0.848322 0.000000 
25 3 1 0 1 3 0 0 1 7 30 1 1 1 0.755194 0.000000 
25 3 0 2 0 0 1 0 8 0 22 1 1 1 0.841516 0.000000 
25 3 0 1 1 3 0 1 5 7 9 2 2 1 1.260497 0.000000 
25 3 0 2 2 0 0 1 10 8 10 3 3 1 0.718917 0.000000 
25 3 0 3 3 2 0 1 15 14 15 4 4 1 0.662489 0.000000 
25 4 0 2 2 0 0 1 10 8 10 3 3 1 0.710017 0.000000 
25 4 0 1 1 3 0 1 5 7 9 2 1 0 0.701726 0.000000 
25 4 0 1 3 3 1 0 7 15 21 4 1 0 0.786013 0.000000 
25 4 1 1 3 2 0 0 7 14 43 2 2 1 1.834223 0.000000 
25 4 0 1 1 1 1 1 5 5 1 2 2 1 0.789374 0.000000 
25 4 0 0 0 0 1 1 0 0 0 1 1 1 0.658288 0.000000 
25 4 0 0 0 0 1 1 0 0 0 1 1 1 0.491513 0.000000 
25 4 1 1 3 3 1 0 7 15 21 2 2 1 1.068321 0.000000 
25 4 1 1 3 2 0 0 7 14 43 2 2 1 0.685968 0.000000 
25 4 0 1 3 3 1 0 7 15 21 4 4 1 1.022930 0.000000 
25 4 0 2 2 0 0 1 10 8 10 3 3 1 0.682595 0.000000 
25 4 0 3 3 2 0 1 15 14 15 4 4 1 0.659988 0.000000 
25 4 0 2 2 2 1 1 10 10 2 3 3 1 0.861653 0.000000 
25 4 0 2 0 0 1 0 8 0 22 1 1 1 0.655957 0.000000 
25 4 0 2 2 0 0 1 10 8 10 3 3 1 0.673193 0.000000 
25 4 0 2 2 0 0 1 10 8 10 3 3 1 0.602748 0.000000 
25 4 0 3 3 2 0 1 15 14 15 4 4 1 0.630951 0.000000 
25 4 0 1 1 3 0 1 5 7 9 2 2 1 0.666471 0.000000 
25 4 0 2 0 1 0 0 8 1 41 1 1 1 0.691970 0.000000 
25 4 0 1 3 3 1 0 7 15 21 4 4 1 0.740934 0.000000 
25 4 1 2 0 0 1 0 8 0 22 3 3 1 1.082876 0.000000 
25 4 0 3 2 0 0 0 14 8 53 3 4 0 0.652882 0.000000 
25 4 0 0 1 3 0 0 1 7 30 2 2 1 0.986144 0.000000 
25 4 1 1 1 3 0 1 5 7 9 2 2 1 0.926635 0.000000 
25 4 1 0 0 0 1 1 0 0 0 1 1 1 0.710292 0.000000 
25 4 1 0 0 1 0 1 0 1 4 1 1 1 0.566501 0.000000 
25 4 0 2 2 0 0 1 10 8 10 3 3 1 0.707977 0.000000 
25 4 1 1 1 3 0 1 5 7 9 2 2 1 1.052225 0.000000 
25 4 0 0 1 3 0 0 1 7 30 2 2 1 0.686600 0.000000 
25 4 0 0 0 1 0 1 0 1 4 1 1 1 0.654455 0.000000 
25 4 0 1 3 3 1 0 7 15 21 4 4 1 0.968733 0.000000 
25 4 0 0 0 1 0 1 0 1 4 1 1 1 0.670395 0.000000 
25 4 0 3 2 0 0 0 14 8 53 3 3 1 0.839931 0.000000 
25 4 0 3 3 3 1 1 15 15 3 4 4 1 0.674930 0.000000 
25 4 0 0 1 1 1 0 1 5 16 2 2 1 0.764475 0.000000 
25 4 0 3 2 0 0 0 14 8 53 3 3 1 0.729769 0.000000 
25 4 0 3 3 3 1 1 15 15 3 4 4 1 0.618291 0.000000 
25 4 0 2 0 0 1 0 8 0 22 1 1 1 0.876823 0.000000 
25 4 1 2 2 2 1 1 10 10 2 3 3 1 0.990426 0.000000 
25 4 0 0 0 0 1 1 0 0 0 1 1 1 0.683467 0.000000 
25 4 0 3 3 3 1 1 15 15 3 4 4 1 0.604340 0.000000 
25 4 0 2 2 0 0 1 10 8 10 3 3 1 0.696546 0.000000 
25 4 0 1 3 2 0 0 7 14 43 4 4 1 0.945449 0.000000 
25 4 0 2 0 0 1 0 8 0 22 1 1 1 0.664393 0.000000 
25 4 0 0 1 1 1 0 1 5 16 2 2 1 0.721594 0.000000 
25 4 1 0 1 3 0 0 1 7 30 1 1 1 0.937211 0.000000 
25 4 0 0 0 0 1 1 0 0 0 1 1 1 0.616194 0.000000 
25 4 0 1 1 3 0 1 5 7 9 2 2 1 0.803985 0.000000 
25 4 0 0 0 0 1 1 0 0 0 1 1 1 0.631986 0.000000 
25 4 0 2 0 1 0 0 8 1 41 1 1 1 0.923539 0.000000 
25 4 0 1 3 3 1 0 7 15 21 4 4 1 0.659180 0.000000 
25 4 0 1 1 3 0 1 5 7 9 2 2 1 0.749395 0.000000 
25 4 1 0 1 1 1 0 1 5 16 1 1 1 0.851139 0.000000 
25 4 0 1 3 2 0 0 7 14 43 4 4 1 0.940954 0.000000 
25 4 0 0 1 1 1 0 1 5 16 2 2 1 0.723938 0.000000 
25 4 0 3 3 3 1 1 15 15 3 4 4 1 0.619488 0.000000 
25 4 1 3 2 2 1 0 14 10 27 4 4 1 0.918996 0.000000 
25 4 0 1 1 1 1 1 5 5 1 2 2 1 0.686515 0.000000 
25 4 0 3 2 2 1 0 14 10 27 3 3 1 0.871532 0.000000 
25 4 0 3 3 3 1 1 15 15 3 4 4 1 0.577188 0.000000 
25 4 1 2 0 1 0 0 8 1 41 3 3 1 0.861674 0.000000 
25 4 0 0 1 1 1 0 1 5 16 2 2 1 0.831999 0.000000 
25 4 0 2 2 0 0 1 10 8 10 3 3 1 0.627610 0.000000 
25 4 0 1 3 2 0 0 7 14 43 4 4 1 0.679141 0.000000 
25 4 0 3 3 2 0 1 15 14 15 4 4 1 0.552684 0.000000 
25 4 0 3 3 2 0 1 15 14 15 4 4 1 0.638859 0.000000 
25 4 0 0 1 1 1 0 1 5 16 2 2 1 0.689753 0.000000 
25 4 0 0 1 1 1 0 1 5 16 2 2 1 0.865590 0.000000 
25 4 0 0 1 1 1 0 1 5 16 2 2 1 0.563916 0.000000 
25 4 1 0 1 3 0 0 1 7 30 1 1 1 0.874049 0.000000 
25 4 0 0 1 1 1 0 1 5 16 2 2 1 0.491724 0.000000 
25 4 1 3 3 3 1 1 15 15 3 4 4 1 0.764519 0.000000 
25 4 1 1 3 3 1 0 7 15 21 2 4 0 1.050738 0.000000 
25 4 0 2 2 2 1 1 10 10 2 3 3 1 0.761178 0.000000 
25 4 0 2 2 0 0 1 10 8 10 3 3 1 1.701938 0.000000 
25 4 0 3 3 3 1 1 15 15 3 4 4 1 0.614565 0.000000 
25 4 0 3 3 2 0 1 15 14 15 4 4 1 0.594776 0.000000 
25 4 1 0 0 0 1 1 0 0 0 1 1 1 0.695594 0.000000 
25 4 0 2 2 2 1 1 10 10 2 3 3 1 0.728491 0.000000 
25 4 0 0 1 3 0 0 1 7 30 2 2 1 0.784051 0.000000 
25 4 0 0 0 0 1 1 0 0 0 1 1 1 0.692990 0.000000 
25 4 1 2 2 0 0 1 10 8 10 3 3 1 1.005887 0.000000 
25 4 0 2 2 0 0 1 10 8 10 3 3 1 0.698239 0.000000 
25 4 0 3 2 2 1 0 14 10 27 3 3 1 0.858164 0.000000 
25 4 1 3 2 2 1 0 14 10 27 4 4 1 1.244441 0.000000 
25 4 1 1 1 1 1 1 5 5 1 2 2 1 0.935547 0.000000 
25 4 1 0 0 0 1 1 0 0 0 1 1 1 0.638530 0.000000 
25 4 0 2 2 0 0 1 10 8 10 3 3 1 0.657399 0.000000 
25 4 0 3 2 2 1 0 14 10 27 3 3 1 0.667609 0.000000 
25 4 1 3 3 2 0 1 15 14 15 4 4 1 0.701162 0.000000 
25 4 0 3 2 0 0 0 14 8 53 3 3 1 0.732413 0.000000 
25 4 0 1 3 2 0 0 7 14 43 4 4 1 0.803928 0.000000 
25 4 0 1 3 3 1 0 7 15 21 4 4 1 0.528241 0.000000 
25 4 1 1 1 3 0 1 5 7 9 2 2 1 0.839725 0.000000 
25 4 0 0 1 3 0 0 1 7 30 2 2 1 0.602700 0.000000 
25 4 0 1 3 3 1 0 7 15 21 4 4 1 0.750867 0.000000 
25 4 0 2 0 0 1 0 8 0 22 1 1 1 0.716184 0.000000 
25 4 1 1 1 3 0 1 5 7 9 2 2 1 0.860932 0.000000 
25 4 1 1 3 2 0 0 7 14 43 2 2 1 1.109993 0.000000 
25 4 0 3 3 3 1 1 15 15 3 4 4 1 0.822337 0.000000 
25 4 1 3 2 0 0 0 14 8 53 4 4 1 0.761973 0.000000 
25 4 0 2 2 0 0 1 10 8 10 3 3 1 0.720234 0.000000 
25 4 1 1 3 2 0 0 7 14 43 2 2 1 0.775807 0.000000 
25 4 0 0 0 1 0 1 0 1 4 1 1 1 0.645425 0.000000 
25 4 0 0 1 1 1 0 1 5 16 2 2 1 0.648224 0.000000 
25 4 0 2 2 2 1 1 10 10 2 3 3 1 0.650127 0.000000 
25 4 0 2 2 2 1 1 10 10 2 3 3 1 0.500340 0.000000 
25 4 0 1 3 3 1 0 7 15 21 4 4 1 0.564515 0.000000 
25 4 1 3 2 0 0 0 14 8 53 4 4 1 0.802614 0.000000 
25 4 0 3 2 2 1 0 14 10 27 3 3 1 0.702952 0.000000 
25 4 0 1 1 3 0 1 5 7 9 2 2 1 0.655175 0.000000 
25 4 0 3 3 2 0 1 15 14 15 4 4 1 0.721382 0.000000 
25 4 0 0 1 3 0 0 1 7 30 2 2 1 0.688023 0.000000 
25 4 0 2 0 0 1 0 8 0 22 1 1 1 0.736824 0.000000 
25 4 0 0 0 0 1 1 0 0 0 1 1 1 0.607760 0.000000 
25 4 0 2 2 0 0 1 10 8 10 3 3 1 0.699930 0.000000 
25 4 1 3 2 2 1 0 14 10 27 4 4 1 0.940162 0.000000 
25 4 0 2 2 2 1 1 10 10 2 3 3 1 0.707161 0.000000 
25 4 0 0 0 1 0 1 0 1 4 1 1 1 0.555399 0.000000 
25 4 0 2 2 0 0 1 10 8 10 3 3 1 0.761565 0.000000 
25 4 1 2 2 2 1 1 10 10 2 3 3 1 1.159828 0.000000 
25 4 0 3 3 2 0 1 15 14 15 4 4 1 0.605192 0.000000 
25 4 0 0 0 1 0 1 0 1 4 1 1 1 0.609414 0.000000 
25 4 1 3 2 2 1 0 14 10 27 4 4 1 0.757576 0.000000 
25 4 0 2 2 2 1 1 10 10 2 3 3 1 0.699857 0.000000 
25 4 0 0 1 3 0 0 1 7 30 2 2 1 0.724106 0.000000 
25 4 0 2 0 1 0 0 8 1 41 1 1 1 0.691648 0.000000 
25 4 1 2 0 0 1 0 8 0 22 3 3 1 1.004557 0.000000 
25 4 0 3 3 2 0 1 15 14 15 4 4 1 0.639911 0.000000 
25 4 0 1 1 1 1 1 5 5 1 2 2 1 0.706795 0.000000 
25 4 0 2 2 2 1 1 10 10 2 3 3 1 0.906993 0.000000 
25 4 0 3 3 3 1 1 15 15 3 4 4 1 0.579310 0.000000 
25 4 0 3 3 2 0 1 15 14 15 4 4 1 0.624829 0.000000 
25 4 0 2 0 1 0 0 8 1 41 1 1 1 0.732332 0.000000 
25 4 0 1 1 3 0 1 5 7 9 2 2 1 2.540023 0.000000 
25 4 0 1 1 3 0 1 5 7 9 2 2 1 0.627564 0.000000 
25 4 0 1 1 3 0 1 5 7 9 2 2 1 0.686057 0.000000 
25 4 0 1 3 2 0 0 7 14 43 4 4 1 0.822990 0.000000 
25 4 0 2 0 0 1 0 8 0 22 1 1 1 0.626593 0.000000 
25 4 0 1 3 3 1 0 7 15 21 4 4 1 1.286160 0.000000 
25 4 1 3 2 2 1 0 14 10 27 4 4 1 0.759204 0.000000 
25 4 0 3 3 3 1 1 15 15 3 4 4 1 0.509514 0.000000 
25 4 0 1 3 3 1 0 7 15 21 4 4 1 0.581670 0.000000 
25 4 1 3 2 0 0 0 14 8 53 4 4 1 0.698111 0.000000 
25 4 1 0 1 3 0 0 1 7 30 1 1 1 1.106998 0.000000 
25 4 0 2 0 0 1 0 8 0 22 1 1 1 0.643444 0.000000 
25 4 0 3 3 3 1 1 15 15 3 4 4 1 0.614327 0.000000 
25 4 1 2 2 0 0 1 10 8 10 3 3 1 0.930521 0.000000 
25 4 1 0 0 1 0 1 0 1 4 1 1 1 0.794171 0.000000 
25 4 0 2 0 0 1 0 8 0 22 1 1 1 0.775043 0.000000 
25 4 0 1 3 2 0 0 7 14 43 4 4 1 0.628693 0.000000 
25 4 0 1 1 1 1 1 5 5 1 2 2 1 0.671183 0.000000 
25 4 0 1 1 1 1 1 5 5 1 2 2 1 1.048800 0.000000 
25 4 0 3 2 0 0 0 14 8 53 3 3 1 0.931788 0.000000 
25 4 0 2 2 2 1 1 10 10 2 3 3 1 0.707445 0.000000 
25 4 0 0 1 3 0 0 1 7 30 2 2 1 0.755701 0.000000 
25 4 0 0 0 0 1 1 0 0 0 1 1 1 0.649947 0.000000 
25 4 0 3 3 3 1 1 15 15 3 4 4 1 0.612154 0.000000 
25 4 0 0 1 1 1 0 1 5 16 2 2 1 0.664349 0.000000 
25 4 0 1 3 3 1 0 7 15 21 4 4 1 0.737489 0.000000 
25 4 0 0 1 3 0 0 1 7 30 2 2 1 0.672366 0.000000 
25 4 0 0 0 1 0 1 0 1 4 1 1 1 0.713975 0.000000 
25 4 0 0 1 1 1 0 1 5 16 2 2 1 0.690215 0.000000 
25 4 0 1 3 2 0 0 7 14 43 4 4 1 0.819134 0.000000 
25 4 1 0 1 1 1 0 1 5 16 1 1 1 0.758740 0.000000 
25 4 1 3 3 3 1 1 15 15 3 4 4 1 0.708944 0.000000 
25 4 1 2 2 0 0 1 10 8 10 3 3 1 0.741193 0.000000 
25 4 0 3 2 0 0 0 14 8 53 3 3 1 0.755137 0.000000 
25 4 0 2 2 0 0 1 10 8 10 3 3 1 0.529391 0.000000 
25 4 1 0 0 1 0 1 0 1 4 1 1 1 0.640865 0.000000 
25 4 0 2 0 0 1 0 8 0 22 1 1 1 0.787751 0.000000 
25 4 1 2 2 2 1 1 10 10 2 3 3 1 0.768663 0.000000 
25 4 1 3 2 0 0 0 14 8 53 4 4 1 0.774264 0.000000 
25 4 0 1 3 2 0 0 7 14 43 4 4 1 0.907879 0.000000 
25 4 0 3 3 3 1 1 15 15 3 4 4 1 0.604155 0.000000 
25 4 0 1 3 2 0 0 7 14 43 4 4 1 0.599352 0.000000 
25 4 0 3 3 3 1 1 15 15 3 4 4 1 0.547991 0.000000 
25 4 0 0 0 0 1 1 0 0 0 1 1 1 0.514372 0.000000 
25 4 1 1 1 3 0 1 5 7 9 2 2 1 1.202539 0.000000 
25 4 0 2 0 0 1 0 8 0 22 1 1 1 1.134982 0.000000 
25 4 0 0 1 3 0 0 1 7 30 2 2 1 0.686000 0.000000 
25 4 1 2 2 0 0 1 10 8 10 3 3 1 1.086916 0.000000 
25 4 0 1 1 3 0 1 5 7 9 2 2 1 0.702945 0.000000 
25 4 1 3 2 2 1 0 14 10 27 4 4 1 0.759204 0.000000 
25 4 0 1 3 2 0 0 7 14 43 4 4 1 0.853476 0.000000 
25 4 0 2 0 0 1 0 8 0 22 1 1 1 0.583749 0.000000 
25 4 1 0 1 3 0 0 1 7 30 1 1 1 0.812594 0.000000 
25 4 0 0 1 3 0 0 1 7 30 2 1 0 0.608879 0.000000 
25 4 1 3 2 0 0 0 14 8 53 4 4 1 0.849118 0.000000 
25 4 0 3 2 0 0 0 14 8 53 3 3 1 0.915546 0.000000 
25 4 0 3 2 2 1 0 14 10 27 3 3 1 0.746883 0.000000 
25 4 0 1 3 3 1 0 7 15 21 4 4 1 0.705794 0.000000 
