13 1 0 3 3 3 1 1 15 15 3 4 4 1 1.415158 0.000000 
13 1 0 2 0 0 1 0 8 0 22 1 1 1 1.115482 0.000000 
13 1 0 1 2 0 0 0 6 8 41 3 2 0 0.923862 0.000000 
13 1 0 2 0 3 0 0 8 3 41 1 1 1 0.839288 0.000000 
13 1 0 2 0 3 0 0 8 3 41 1 2 0 0.689991 0.000000 
13 1 0 3 1 1 1 0 13 5 26 2 4 0 0.990009 0.000000 
13 1 1 2 0 3 0 0 8 3 41 3 1 0 1.158498 0.000000 
13 1 0 3 3 1 0 1 15 13 14 4 4 1 0.704427 0.000000 
13 1 1 2 2 0 0 1 10 8 10 3 3 1 1.488206 0.000000 
13 1 0 2 2 0 0 1 10 8 10 3 3 1 0.849362 0.000000 
13 1 0 0 0 3 0 1 0 3 6 1 1 1 0.636166 0.000000 
13 1 0 3 1 1 1 0 13 5 26 2 2 1 1.382595 0.000000 
13 1 1 3 1 1 1 0 13 5 26 4 4 1 1.114913 0.000000 
13 1 1 0 0 3 0 1 0 3 6 1 1 1 0.691007 0.000000 
13 1 0 1 1 1 1 1 5 5 1 2 2 1 0.660028 0.000000 
13 1 0 2 2 2 1 1 10 10 2 3 3 1 0.814229 0.000000 
13 1 0 1 1 2 0 1 5 6 8 2 2 1 0.834496 0.000000 
13 1 0 3 1 2 0 0 13 6 51 2 2 1 1.157406 0.000000 
13 1 1 0 0 3 0 1 0 3 6 1 1 1 1.059903 0.000000 
13 1 0 2 2 0 0 1 10 8 10 3 3 1 0.822222 0.000000 
13 1 0 3 1 1 1 0 13 5 26 2 4 0 0.912879 0.000000 
13 1 0 0 0 3 0 1 0 3 6 1 1 1 0.613173 0.000000 
13 1 0 3 3 3 1 1 15 15 3 4 4 1 0.592892 0.000000 
13 1 0 2 2 0 0 1 10 8 10 3 2 0 1.093738 0.000000 
13 1 1 3 3 1 0 1 15 13 14 4 4 1 0.762811 0.000000 
13 1 0 1 2 2 1 0 6 10 20 3 3 1 1.056582 0.000000 
13 1 0 2 0 3 0 0 8 3 41 1 1 1 0.793976 0.000000 
13 1 1 0 3 1 0 0 3 13 35 1 1 1 0.902897 0.000000 
13 1 0 0 3 1 0 0 3 13 35 4 1 0 0.671209 0.000000 
13 1 0 2 0 3 0 0 8 3 41 1 1 1 0.772500 0.000000 
13 1 1 1 2 2 1 0 6 10 20 2 2 1 1.073894 0.000000 
13 1 0 1 1 2 0 1 5 6 8 2 2 1 0.771598 0.000000 
13 1 0 1 1 2 0 1 5 6 8 2 2 1 0.625178 0.000000 
13 1 1 2 2 0 0 1 10 8 10 3 3 1 1.212725 0.000000 
13 1 0 2 2 2 1 1 10 10 2 3 3 1 0.576066 0.000000 
13 1 0 3 1 1 1 0 13 5 26 2 2 1 2.061693 0.000000 
13 1 0 3 3 3 1 1 15 15 3 4 4 1 0.672423 0.000000 
13 1 0 3 3 3 1 1 15 15 3 4 4 1 0.689968 0.000000 
13 1 0 0 0 0 1 1 0 0 0 1 1 1 0.610892 0.000000 
13 1 1 3 1 1 1 0 13 5 26 4 2 0 1.023060 0.000000 
13 1 0 3 3 1 0 1 15 13 14 4 4 1 0.838779 0.000000 
13 1 1 2 0 0 1 0 8 0 22 3 3 1 0.936196 0.000000 
13 1 0 1 1 1 1 1 5 5 1 2 2 1 0.679232 0.000000 
13 1 0 2 2 2 1 1 10 10 2 3 3 1 0.664750 0.000000 
13 1 0 3 1 2 0 0 13 6 51 2 2 1 0.907025 0.000000 
13 1 1 1 2 2 1 0 6 10 20 2 2 1 1.043319 0.000000 
13 1 0 1 2 0 0 0 6 8 41 3 2 0 0.854345 0.000000 
13 1 0 0 0 0 1 1 0 0 0 1 1 1 0.556642 0.000000 
13 1 0 0 3 3 1 0 3 15 18 4 4 1 0.785366 0.000000 
13 1 0 0 0 3 0 1 0 3 6 1 1 1 1.366323 0.000000 
13 1 0 2 2 0 0 1 10 8 10 3 3 1 0.668061 0.000000 
13 1 0 2 2 0 0 1 10 8 10 3 3 1 0.565584 0.000000 
13 1 0 1 1 1 1 1 5 5 1 2 2 1 0.667837 0.000000 
13 1 0 1 1 1 1 1 5 5 1 2 2 1 0.509363 0.000000 
13 1 1 2 0 0 1 0 8 0 22 3 3 1 1.205520 0.000000 
13 1 0 1 1 2 0 1 5 6 8 2 2 1 0.657904 0.000000 
13 1 0 3 1 2 0 0 13 6 51 2 2 1 0.979183 0.000000 
13 1 0 3 1 1 1 0 13 5 26 2 2 1 0.688841 0.000000 
13 1 0 1 2 2 1 0 6 10 20 3 3 1 0.673736 0.000000 
13 1 0 1 1 2 0 1 5 6 8 2 2 1 0.691272 0.000000 
13 1 0 0 3 1 0 0 3 13 35 4 4 1 0.892201 0.000000 
13 1 0 2 0 3 0 0 8 3 41 1 1 1 1.453133 0.000000 
13 1 0 3 3 1 0 1 15 13 14 4 3 0 0.551686 0.000000 
13 1 1 1 2 0 0 0 6 8 41 2 2 1 1.384906 0.000000 
13 1 0 0 0 0 1 1 0 0 0 1 1 1 0.621595 0.000000 
13 1 1 3 1 1 1 0 13 5 26 4 2 0 1.049078 0.000000 
13 1 0 0 0 0 1 1 0 0 0 1 1 1 0.576139 0.000000 
13 1 0 0 0 0 1 1 0 0 0 1 1 1 0.541200 0.000000 
13 1 0 1 2 2 1 0 6 10 20 3 3 1 0.651983 0.000000 
13 1 0 3 3 3 1 1 15 15 3 4 4 1 0.614220 0.000000 
13 1 0 0 0 3 0 1 0 3 6 1 1 1 0.809404 0.000000 
13 1 1 1 2 2 1 0 6 10 20 2 2 1 0.933703 0.000000 
13 1 0 2 0 3 0 0 8 3 41 1 3 0 0.900669 0.000000 
13 1 0 3 1 1 1 0 13 5 26 2 2 1 0.776998 0.000000 
13 1 0 3 1 2 0 0 13 6 51 2 2 1 0.894122 0.000000 
13 1 1 1 2 0 0 0 6 8 41 2 2 1 1.231095 0.000000 
13 1 0 3 1 2 0 0 13 6 51 2 2 1 0.946864 0.000000 
13 1 1 1 1 1 1 1 5 5 1 2 2 1 0.760819 0.000000 
13 1 0 1 2 0 0 0 6 8 41 3 3 1 0.679095 0.000000 
13 1 0 3 1 2 0 0 13 6 51 2 2 1 0.704643 0.000000 
13 1 0 2 2 0 0 1 10 8 10 3 3 1 0.744825 0.000000 
13 1 0 2 0 0 1 0 8 0 22 1 1 1 1.143809 0.000000 
13 1 0 3 1 1 1 0 13 5 26 2 2 1 0.702851 0.000000 
13 1 1 3 1 1 1 0 13 5 26 4 2 0 1.135096 0.000000 
13 1 0 1 1 1 1 1 5 5 1 2 2 1 0.578175 0.000000 
13 1 1 0 0 0 1 1 0 0 0 1 1 1 0.630215 0.000000 
13 1 0 1 1 1 1 1 5 5 1 2 2 1 0.529749 0.000000 
13 1 0 3 3 1 0 1 15 13 14 4 4 1 0.785267 0.000000 
13 1 0 2 0 3 0 0 8 3 41 1 1 1 1.254170 0.000000 
13 1 0 0 3 1 0 0 3 13 35 4 4 1 0.912644 0.000000 
13 1 1 1 2 2 1 0 6 10 20 2 2 1 0.976940 0.000000 
13 1 0 0 3 3 1 0 3 15 18 4 1 0 0.573689 0.000000 
13 1 0 1 2 2 1 0 6 10 20 3 3 1 0.783138 0.000000 
13 1 0 0 0 3 0 1 0 3 6 1 1 1 0.612053 0.000000 
13 1 0 2 0 3 0 0 8 3 41 1 3 0 1.023818 0.000000 
13 1 0 1 1 2 0 1 5 6 8 2 2 1 0.663491 0.000000 
13 1 0 1 1 2 0 1 5 6 8 2 2 1 0.553215 0.000000 
13 1 0 2 2 0 0 1 10 8 10 3 3 1 0.695393 0.000000 
13 1 0 2 0 3 0 0 8 3 41 1 1 1 0.624279 0.000000 
13 1 0 2 2 2 1 1 10 10 2 3 1 0 0.618834 0.000000 
13 1 0 3 3 1 0 1 15 13 14 4 4 1 0.650360 0.000000 
13 1 0 0 0 3 0 1 0 3 6 1 1 1 0.628028 0.000000 
13 1 1 3 1 2 0 0 13 6 51 4 4 1 1.239636 0.000000 
13 1 0 3 1 2 0 0 13 6 51 2 2 1 0.810748 0.000000 
13 1 0 0 3 1 0 0 3 13 35 4 1 0 0.574975 0.000000 
13 1 0 1 1 1 1 1 5 5 1 2 2 1 0.656527 0.000000 
13 1 1 3 3 1 0 1 15 13 14 4 4 1 0.658257 0.000000 
13 1 1 1 2 0 0 0 6 8 41 2 2 1 1.051447 0.000000 
13 1 0 2 0 0 1 0 8 0 22 1 3 0 0.805856 0.000000 
13 1 0 1 2 2 1 0 6 10 20 3 2 0 0.670140 0.000000 
13 1 0 2 0 0 1 0 8 0 22 1 1 1 0.891257 0.000000 
13 1 0 0 3 3 1 0 3 15 18 4 1 0 0.603747 0.000000 
13 1 1 1 1 2 0 1 5 6 8 2 2 1 0.867950 0.000000 
13 1 0 0 3 3 1 0 3 15 18 4 4 1 0.852168 0.000000 
13 1 0 0 3 3 1 0 3 15 18 4 4 1 0.502362 0.000000 
13 1 1 1 2 0 0 0 6 8 41 2 2 1 1.038525 0.000000 
13 1 0 1 2 2 1 0 6 10 20 3 2 0 0.609561 0.000000 
13 1 1 0 0 0 1 1 0 0 0 1 1 1 0.617762 0.000000 
13 1 0 0 0 0 1 1 0 0 0 1 1 1 0.588829 0.000000 
13 1 0 3 3 3 1 1 15 15 3 4 4 1 0.457670 0.000000 
13 1 1 0 0 3 0 1 0 3 6 1 2 0 0.715810 0.000000 
13 1 1 0 0 0 1 1 0 0 0 1 1 1 0.615058 0.000000 
13 1 0 0 3 1 0 0 3 13 35 4 4 1 0.786811 0.000000 
13 1 1 0 3 1 0 0 3 13 35 1 1 1 0.895708 0.000000 
13 1 0 3 1 2 0 0 13 6 51 2 2 1 0.896683 0.000000 
13 1 1 0 3 1 0 0 3 13 35 1 1 1 0.881649 0.000000 
13 1 1 0 0 0 1 1 0 0 0 1 1 1 0.627273 0.000000 
13 1 0 3 3 3 1 1 15 15 3 4 4 1 0.662811 0.000000 
13 1 0 2 0 3 0 0 8 3 41 1 1 1 1.016103 0.000000 
13 1 1 3 3 1 0 1 15 13 14 4 4 1 1.067924 0.000000 
13 1 0 3 1 2 0 0 13 6 51 2 2 1 0.749440 0.000000 
13 1 0 1 1 1 1 1 5 5 1 2 2 1 0.691895 0.000000 
13 1 1 0 3 3 1 0 3 15 18 1 1 1 0.788559 0.000000 
13 1 0 3 1 2 0 0 13 6 51 2 2 1 0.729489 0.000000 
13 1 0 1 1 1 1 1 5 5 1 2 2 1 0.537048 0.000000 
13 1 0 2 0 0 1 0 8 0 22 1 1 1 0.615875 0.000000 
13 1 1 1 1 1 1 1 5 5 1 2 2 1 0.731948 0.000000 
13 1 0 2 0 0 1 0 8 0 22 1 1 1 0.682646 0.000000 
13 1 1 1 2 2 1 0 6 10 20 2 2 1 1.276064 0.000000 
13 1 0 1 1 1 1 1 5 5 1 2 2 1 0.597335 0.000000 
13 1 0 3 3 1 0 1 15 13 14 4 4 1 0.658180 0.000000 
13 1 0 1 1 1 1 1 5 5 1 2 2 1 0.564336 0.000000 
13 1 1 2 2 0 0 1 10 8 10 3 3 1 1.306577 0.000000 
13 1 1 2 0 0 1 0 8 0 22 3 3 1 1.051021 0.000000 
13 1 0 0 0 0 1 1 0 0 0 1 1 1 0.668374 0.000000 
13 1 0 0 3 1 0 0 3 13 35 4 4 1 0.821980 0.000000 
13 1 0 3 3 3 1 1 15 15 3 4 4 1 0.545566 0.000000 
13 1 0 0 0 3 0 1 0 3 6 1 1 1 0.600400 0.000000 
13 1 1 2 0 0 1 0 8 0 22 3 3 1 0.788575 0.000000 
13 1 0 2 0 0 1 0 8 0 22 1 1 1 0.945519 0.000000 
13 1 1 0 0 3 0 1 0 3 6 1 1 1 0.632422 0.000000 
13 1 0 1 2 2 1 0 6 10 20 3 3 1 0.883905 0.000000 
13 1 0 0 0 3 0 1 0 3 6 1 1 1 0.515953 0.000000 
13 1 0 1 1 1 1 1 5 5 1 2 2 1 0.667970 0.000000 
13 1 1 0 3 3 1 0 3 15 18 1 1 1 0.805041 0.000000 
13 1 0 3 3 3 1 1 15 15 3 4 4 1 0.673321 0.000000 
13 1 0 0 0 0 1 1 0 0 0 1 1 1 0.506868 0.000000 
13 1 0 0 3 3 1 0 3 15 18 4 4 1 0.451022 0.000000 
13 1 0 2 0 3 0 0 8 3 41 1 1 1 1.037165 0.000000 
13 1 0 2 0 3 0 0 8 3 41 1 1 1 0.608169 0.000000 
13 1 0 2 0 0 1 0 8 0 22 1 1 1 0.571338 0.000000 
13 1 0 0 0 0 1 1 0 0 0 1 1 1 0.544891 0.000000 
13 1 0 2 2 2 1 1 10 10 2 3 3 1 0.879720 0.000000 
13 1 0 3 3 1 0 1 15 13 14 4 4 1 0.617337 0.000000 
13 1 0 3 3 3 1 1 15 15 3 4 4 1 0.556864 0.000000 
13 1 0 1 2 0 0 0 6 8 41 3 2 0 0.851064 0.000000 
13 1 0 2 0 0 1 0 8 0 22 1 1 1 0.529339 0.000000 
13 1 0 0 0 3 0 1 0 3 6 1 1 1 0.776393 0.000000 
13 1 0 2 2 0 0 1 10 8 10 3 3 1 0.644955 0.000000 
13 1 1 0 3 3 1 0 3 15 18 1 1 1 0.687805 0.000000 
13 1 1 1 1 1 1 1 5 5 1 2 2 1 0.800693 0.000000 
13 1 1 2 2 2 1 1 10 10 2 3 3 1 0.860920 0.000000 
13 1 1 1 1 1 1 1 5 5 1 2 2 1 0.815263 0.000000 
13 1 0 0 3 3 1 0 3 15 18 4 1 0 0.571567 0.000000 
13 1 0 2 0 3 0 0 8 3 41 1 3 0 0.653083 0.000000 
13 1 0 3 3 3 1 1 15 15 3 4 4 1 0.569786 0.000000 
13 1 0 0 3 1 0 0 3 13 35 4 1 0 0.630848 0.000000 
13 1 0 1 1 2 0 1 5 6 8 2 2 1 0.710421 0.000000 
13 1 0 1 2 2 1 0 6 10 20 3 3 1 0.830166 0.000000 
13 1 1 2 2 0 0 1 10 8 10 3 3 1 1.289792 0.000000 
13 1 1 1 1 1 1 1 5 5 1 2 2 1 1.018905 0.000000 
13 1 0 3 1 2 0 0 13 6 51 2 2 1 1.822663 0.000000 
13 1 0 3 1 2 0 0 13 6 51 2 2 1 0.593594 0.000000 
13 1 0 0 0 0 1 1 0 0 0 1 1 1 0.526470 0.000000 
13 1 0 1 1 2 0 1 5 6 8 2 2 1 0.581960 0.000000 
13 1 0 3 1 2 0 0 13 6 51 2 2 1 0.955504 0.000000 
13 1 0 2 0 3 0 0 8 3 41 1 1 1 0.673790 0.000000 
13 1 1 3 1 2 0 0 13 6 51 4 2 0 0.731361 0.000000 
13 1 0 2 2 0 0 1 10 8 10 3 3 1 0.854945 0.000000 
13 1 0 2 2 0 0 1 10 8 10 3 3 1 0.719774 0.000000 
13 1 0 0 3 1 0 0 3 13 35 4 1 0 0.567314 0.000000 
13 1 0 3 3 3 1 1 15 15 3 4 4 1 0.600847 0.000000 
13 2 0 1 2 0 0 0 6 8 41 3 3 1 1.678555 0.000000 
13 2 0 2 2 2 1 1 10 10 2 3 3 1 0.656558 0.000000 
13 2 0 0 0 0 1 1 0 0 0 1 1 1 0.554769 0.000000 
13 2 0 1 1 1 1 1 5 5 1 2 3 0 0.743917 0.000000 
13 2 1 3 1 1 1 0 13 5 26 4 3 0 1.034916 0.000000 
13 2 0 0 0 3 0 1 0 3 6 1 1 1 0.569480 0.000000 
13 2 0 0 0 3 0 1 0 3 6 1 1 1 0.606508 0.000000 
13 2 1 1 2 2 1 0 6 10 20 2 2 1 1.042696 0.000000 
13 2 0 2 2 2 1 1 10 10 2 3 3 1 0.621725 0.000000 
13 2 1 3 1 1 1 0 13 5 26 4 3 0 0.857248 0.000000 
13 2 1 3 1 2 0 0 13 6 51 4 4 1 0.806533 0.000000 
13 2 0 1 1 2 0 1 5 6 8 2 2 1 0.730357 0.000000 
13 2 0 3 1 2 0 0 13 6 51 2 4 0 0.865935 0.000000 
13 2 1 2 0 0 1 0 8 0 22 3 3 1 0.911988 0.000000 
13 2 1 1 1 1 1 1 5 5 1 2 2 1 0.760056 0.000000 
13 2 0 2 0 3 0 0 8 3 41 1 1 1 0.734305 0.000000 
13 2 0 1 1 2 0 1 5 6 8 2 2 1 0.701247 0.000000 
13 2 0 3 1 2 0 0 13 6 51 2 2 1 1.116464 0.000000 
13 2 0 2 2 0 0 1 10 8 10 3 3 1 0.676195 0.000000 
13 2 1 0 3 3 1 0 3 15 18 1 1 1 1.197785 0.000000 
13 2 0 3 1 1 1 0 13 5 26 2 2 1 0.682835 0.000000 
13 2 0 2 2 2 1 1 10 10 2 3 3 1 0.595947 0.000000 
13 2 0 0 0 0 1 1 0 0 0 1 1 1 0.520532 0.000000 
13 2 0 1 1 2 0 1 5 6 8 2 2 1 0.624076 0.000000 
13 2 1 3 3 3 1 1 15 15 3 4 4 1 0.738671 0.000000 
13 2 0 1 2 2 1 0 6 10 20 3 3 1 0.761465 0.000000 
13 2 0 3 1 2 0 0 13 6 51 2 2 1 0.559755 0.000000 
13 2 0 1 2 2 1 0 6 10 20 3 2 0 0.725893 0.000000 
13 2 0 0 0 0 1 1 0 0 0 1 1 1 0.665479 0.000000 
13 2 0 2 0 3 0 0 8 3 41 1 1 1 1.051271 0.000000 
13 2 1 2 2 2 1 1 10 10 2 3 2 0 0.925624 0.000000 
13 2 1 1 2 2 1 0 6 10 20 2 2 1 1.313339 0.000000 
13 2 0 0 3 1 0 0 3 13 35 4 1 0 0.664214 0.000000 
13 2 0 1 2 0 0 0 6 8 41 3 3 1 0.934547 0.000000 
13 2 0 3 3 3 1 1 15 15 3 4 4 1 0.509020 0.000000 
13 2 0 1 2 2 1 0 6 10 20 3 3 1 1.037164 0.000000 
13 2 0 3 1 2 0 0 13 6 51 2 2 1 0.720220 0.000000 
13 2 0 3 1 1 1 0 13 5 26 2 2 1 0.679739 0.000000 
13 2 0 3 3 1 0 1 15 13 14 4 4 1 0.601332 0.000000 
13 2 1 2 2 0 0 1 10 8 10 3 3 1 1.060584 0.000000 
13 2 0 3 3 1 0 1 15 13 14 4 4 1 0.622890 0.000000 
13 2 1 3 3 1 0 1 15 13 14 4 4 1 0.570415 0.000000 
13 2 0 1 2 0 0 0 6 8 41 3 3 1 0.663939 0.000000 
13 2 1 2 2 0 0 1 10 8 10 3 3 1 0.874165 0.000000 
13 2 0 0 3 3 1 0 3 15 18 4 1 0 0.595807 0.000000 
13 2 0 1 2 2 1 0 6 10 20 3 3 1 0.724668 0.000000 
13 2 0 3 1 2 0 0 13 6 51 2 2 1 0.995764 0.000000 
13 2 0 0 0 3 0 1 0 3 6 1 1 1 0.559714 0.000000 
13 2 0 2 0 3 0 0 8 3 41 1 3 0 0.701925 0.000000 
13 2 1 3 1 1 1 0 13 5 26 4 4 1 0.682188 0.000000 
13 2 0 0 0 3 0 1 0 3 6 1 1 1 0.595240 0.000000 
13 2 0 0 3 3 1 0 3 15 18 4 4 1 0.560055 0.000000 
13 2 1 1 1 1 1 1 5 5 1 2 2 1 0.830262 0.000000 
13 2 1 0 0 3 0 1 0 3 6 1 1 1 0.585868 0.000000 
13 2 0 0 3 3 1 0 3 15 18 4 1 0 0.726739 0.000000 
13 2 0 0 3 3 1 0 3 15 18 4 1 0 0.537308 0.000000 
13 2 0 2 2 0 0 1 10 8 10 3 3 1 0.715709 0.000000 
13 2 0 3 1 1 1 0 13 5 26 2 2 1 1.091472 0.000000 
13 2 0 3 1 2 0 0 13 6 51 2 2 1 0.844529 0.000000 
13 2 1 1 1 2 0 1 5 6 8 2 2 1 0.759445 0.000000 
13 2 0 1 1 1 1 1 5 5 1 2 2 1 0.685693 0.000000 
13 2 0 2 0 3 0 0 8 3 41 1 3 0 0.701705 0.000000 
13 2 0 2 2 2 1 1 10 10 2 3 3 1 0.657792 0.000000 
13 2 0 1 2 0 0 0 6 8 41 3 2 0 0.819583 0.000000 
13 2 0 3 1 1 1 0 13 5 26 2 2 1 1.067224 0.000000 
13 2 0 0 3 1 0 0 3 13 35 4 1 0 0.644453 0.000000 
13 2 0 0 3 3 1 0 3 15 18 4 4 1 0.603349 0.000000 
13 2 1 2 2 2 1 1 10 10 2 3 3 1 0.783017 0.000000 
13 2 1 0 3 1 0 0 3 13 35 1 4 0 0.715040 0.000000 
13 2 1 2 2 2 1 1 10 10 2 3 3 1 0.823223 0.000000 
13 2 0 0 0 0 1 1 0 0 0 1 1 1 0.666353 0.000000 
13 2 0 1 1 2 0 1 5 6 8 2 2 1 0.780142 0.000000 
13 2 0 0 0 0 1 1 0 0 0 1 1 1 0.633528 0.000000 
13 2 0 3 1 1 1 0 13 5 26 2 2 1 0.708392 0.000000 
13 2 0 1 1 2 0 1 5 6 8 2 2 1 0.628591 0.000000 
13 2 0 3 1 2 0 0 13 6 51 2 2 1 0.800145 0.000000 
13 2 0 1 1 1 1 1 5 5 1 2 2 1 0.628400 0.000000 
13 2 1 0 0 3 0 1 0 3 6 1 1 1 0.782941 0.000000 
13 2 0 2 2 0 0 1 10 8 10 3 3 1 0.676094 0.000000 
13 2 1 0 0 3 0 1 0 3 6 1 1 1 0.637406 0.000000 
13 2 0 2 2 2 1 1 10 10 2 3 3 1 0.640282 0.000000 
13 2 0 3 1 2 0 0 13 6 51 2 2 1 0.667109 0.000000 
13 2 0 2 2 0 0 1 10 8 10 3 3 1 0.676705 0.000000 
13 2 1 2 0 3 0 0 8 3 41 3 3 1 0.926231 0.000000 
13 2 0 0 3 1 0 0 3 13 35 4 4 1 0.909847 0.000000 
13 2 0 1 1 1 1 1 5 5 1 2 2 1 0.629211 0.000000 
13 2 0 3 3 1 0 1 15 13 14 4 3 0 0.544742 0.000000 
13 2 0 0 0 0 1 1 0 0 0 1 1 1 0.603594 0.000000 
13 2 0 0 0 0 1 1 0 0 0 1 1 1 0.623311 0.000000 
13 2 0 1 2 2 1 0 6 10 20 3 3 1 0.786699 0.000000 
13 2 0 2 2 0 0 1 10 8 10 3 3 1 0.647770 0.000000 
13 2 0 3 1 1 1 0 13 5 26 2 2 1 0.834591 0.000000 
13 2 0 3 1 1 1 0 13 5 26 2 2 1 0.565532 0.000000 
13 2 0 1 2 2 1 0 6 10 20 3 3 1 0.658724 0.000000 
13 2 0 1 2 2 1 0 6 10 20 3 3 1 0.508956 0.000000 
13 2 1 2 0 0 1 0 8 0 22 3 3 1 0.917097 0.000000 
13 2 0 3 3 1 0 1 15 13 14 4 4 1 0.660712 0.000000 
13 2 0 3 1 1 1 0 13 5 26 2 2 1 0.694972 0.000000 
13 2 0 0 0 3 0 1 0 3 6 1 1 1 0.727878 0.000000 
13 2 0 2 2 0 0 1 10 8 10 3 3 1 0.615437 0.000000 
13 2 0 0 3 1 0 0 3 13 35 4 4 1 0.619630 0.000000 
13 2 0 0 3 3 1 0 3 15 18 4 4 1 0.470102 0.000000 
13 2 1 1 2 2 1 0 6 10 20 2 2 1 1.095585 0.000000 
13 2 0 1 2 2 1 0 6 10 20 3 3 1 0.664676 0.000000 
13 2 0 0 0 0 1 1 0 0 0 1 1 1 0.570843 0.000000 
13 2 1 2 0 3 0 0 8 3 41 3 3 1 0.976408 0.000000 
13 2 0 1 1 2 0 1 5 6 8 2 2 1 0.710042 0.000000 
13 2 1 0 3 3 1 0 3 15 18 1 1 1 0.813355 0.000000 
13 2 0 1 2 0 0 0 6 8 41 3 3 1 0.714580 0.000000 
13 2 0 2 2 2 1 1 10 10 2 3 3 1 0.601805 0.000000 
13 2 0 1 1 2 0 1 5 6 8 2 2 1 0.725940 0.000000 
13 2 1 3 3 1 0 1 15 13 14 4 4 1 0.685528 0.000000 
13 2 0 3 1 2 0 0 13 6 51 2 2 1 0.742416 0.000000 
13 2 0 2 2 2 1 1 10 10 2 3 3 1 0.629244 0.000000 
13 2 0 0 0 3 0 1 0 3 6 1 1 1 0.640908 0.000000 
13 2 0 3 3 3 1 1 15 15 3 4 4 1 0.595708 0.000000 
13 2 0 0 0 0 1 1 0 0 0 1 1 1 0.599552 0.000000 
13 2 0 2 2 0 0 1 10 8 10 3 3 1 0.603971 0.000000 
13 2 0 1 1 2 0 1 5 6 8 2 2 1 0.647996 0.000000 
13 2 0 3 3 3 1 1 15 15 3 4 4 1 0.522807 0.000000 
13 2 0 0 3 3 1 0 3 15 18 4 4 1 0.514366 0.000000 
13 2 0 0 3 3 1 0 3 15 18 4 4 1 0.450518 0.000000 
13 2 1 1 1 2 0 1 5 6 8 2 2 1 1.172646 0.000000 
13 2 0 2 2 2 1 1 10 10 2 3 3 1 0.618360 0.000000 
13 2 0 3 1 2 0 0 13 6 51 2 2 1 0.604879 0.000000 
13 2 0 1 1 2 0 1 5 6 8 2 2 1 0.673088 0.000000 
13 2 0 2 2 2 1 1 10 10 2 3 3 1 0.610642 0.000000 
13 2 0 2 2 0 0 1 10 8 10 3 3 1 0.686794 0.000000 
13 2 1 0 0 0 1 1 0 0 0 1 1 1 0.631681 0.000000 
13 2 0 3 1 2 0 0 13 6 51 2 2 1 1.003289 0.000000 
13 2 0 1 2 2 1 0 6 10 20 3 2 0 0.567613 0.000000 
13 2 0 0 3 3 1 0 3 15 18 4 1 0 0.721150 0.000000 
13 2 0 3 3 1 0 1 15 13 14 4 4 1 0.658938 0.000000 
13 2 0 3 1 1 1 0 13 5 26 2 2 1 0.636933 0.000000 
13 2 0 1 1 2 0 1 5 6 8 2 2 1 0.647866 0.000000 
13 2 0 0 3 3 1 0 3 15 18 4 4 1 0.810760 0.000000 
13 2 0 1 2 2 1 0 6 10 20 3 2 0 0.558952 0.000000 
13 2 0 1 1 1 1 1 5 5 1 2 2 1 0.721185 0.000000 
13 2 1 3 3 3 1 1 15 15 3 4 4 1 0.576278 0.000000 
13 2 0 1 2 0 0 0 6 8 41 3 2 0 0.612820 0.000000 
13 2 1 3 3 3 1 1 15 15 3 4 4 1 0.557007 0.000000 
13 2 0 0 3 1 0 0 3 13 35 4 4 1 0.674728 0.000000 
13 2 0 0 3 3 1 0 3 15 18 4 4 1 0.476200 0.000000 
13 2 0 3 3 3 1 1 15 15 3 4 4 1 0.437722 0.000000 
13 2 0 0 3 3 1 0 3 15 18 4 4 1 0.480518 0.000000 
13 2 0 3 3 3 1 1 15 15 3 4 4 1 0.417938 0.000000 
13 2 0 2 0 3 0 0 8 3 41 1 3 0 0.637369 0.000000 
13 2 0 0 0 0 1 1 0 0 0 1 1 1 0.611373 0.000000 
13 2 0 3 1 2 0 0 13 6 51 2 2 1 0.846954 0.000000 
13 2 0 1 2 0 0 0 6 8 41 3 3 1 0.793935 0.000000 
13 2 0 1 2 0 0 0 6 8 41 3 3 1 0.518851 0.000000 
13 2 0 0 3 1 0 0 3 13 35 4 4 1 0.486355 0.000000 
13 2 0 2 0 3 0 0 8 3 41 1 3 0 0.807231 0.000000 
13 2 0 2 0 3 0 0 8 3 41 1 1 1 0.671503 0.000000 
13 2 1 3 3 1 0 1 15 13 14 4 4 1 0.616576 0.000000 
13 2 0 2 0 3 0 0 8 3 41 1 3 0 0.627105 0.000000 
13 2 1 2 2 0 0 1 10 8 10 3 3 1 1.186650 0.000000 
13 2 0 2 0 0 1 0 8 0 22 1 1 1 0.927283 0.000000 
13 2 0 0 3 3 1 0 3 15 18 4 4 1 0.510942 0.000000 
13 2 1 1 2 0 0 0 6 8 41 2 3 0 0.823014 0.000000 
13 2 0 3 1 1 1 0 13 5 26 2 4 0 0.638704 0.000000 
13 2 1 2 0 0 1 0 8 0 22 3 3 1 0.725124 0.000000 
13 2 0 1 2 0 0 0 6 8 41 3 2 0 0.700179 0.000000 
13 2 0 2 0 0 1 0 8 0 22 1 3 0 0.871427 0.000000 
13 2 0 3 3 1 0 1 15 13 14 4 4 1 0.676621 0.000000 
13 2 1 2 2 0 0 1 10 8 10 3 3 1 1.061709 0.000000 
13 2 0 2 0 3 0 0 8 3 41 1 1 1 0.696064 0.000000 
13 2 0 3 3 3 1 1 15 15 3 4 4 1 0.544920 0.000000 
13 2 1 2 2 0 0 1 10 8 10 3 3 1 0.895770 0.000000 
13 2 0 2 2 0 0 1 10 8 10 3 3 1 0.535791 0.000000 
13 2 1 3 3 3 1 1 15 15 3 4 4 1 0.606552 0.000000 
13 2 0 1 2 0 0 0 6 8 41 3 3 1 0.818768 0.000000 
13 2 1 0 0 3 0 1 0 3 6 1 1 1 0.662388 0.000000 
13 2 1 3 1 1 1 0 13 5 26 4 2 0 1.232578 0.000000 
13 2 0 1 2 2 1 0 6 10 20 3 3 1 0.912119 0.000000 
13 2 1 3 3 3 1 1 15 15 3 4 4 1 0.584205 0.000000 
13 2 0 1 1 2 0 1 5 6 8 2 3 0 0.685095 0.000000 
13 2 0 2 0 3 0 0 8 3 41 1 1 1 1.369028 0.000000 
13 2 1 2 2 2 1 1 10 10 2 3 3 1 0.926293 0.000000 
13 2 0 3 3 3 1 1 15 15 3 4 4 1 0.541983 0.000000 
13 2 1 0 3 1 0 0 3 13 35 1 4 0 0.796843 0.000000 
13 2 1 1 2 2 1 0 6 10 20 2 2 1 1.573574 0.000000 
13 2 0 0 0 0 1 1 0 0 0 1 1 1 0.683206 0.000000 
13 2 0 0 0 3 0 1 0 3 6 1 1 1 0.699214 0.000000 
13 2 1 2 2 2 1 1 10 10 2 3 3 1 0.787864 0.000000 
13 2 0 2 0 3 0 0 8 3 41 1 1 1 0.768920 0.000000 
13 2 0 1 1 2 0 1 5 6 8 2 2 1 0.662515 0.000000 
13 2 1 0 3 1 0 0 3 13 35 1 1 1 0.864734 0.000000 
13 2 1 1 1 2 0 1 5 6 8 2 2 1 1.194992 0.000000 
13 2 0 2 0 3 0 0 8 3 41 1 1 1 0.832058 0.000000 
13 2 0 0 0 0 1 1 0 0 0 1 1 1 0.499692 0.000000 
13 2 0 2 2 2 1 1 10 10 2 3 3 1 0.756060 0.000000 
13 3 0 1 2 0 0 0 6 8 41 3 3 1 1.273244 0.000000 
13 3 0 2 2 0 0 1 10 8 10 3 3 1 0.626787 0.000000 
13 3 1 1 1 2 0 1 5 6 8 2 2 1 0.830234 0.000000 
13 3 0 3 1 1 1 0 13 5 26 2 2 1 1.008908 0.000000 
13 3 0 1 1 2 0 1 5 6 8 2 2 1 0.613248 0.000000 
13 3 0 2 2 0 0 1 10 8 10 3 3 1 0.665393 0.000000 
13 3 0 3 3 3 1 1 15 15 3 4 4 1 0.611671 0.000000 
13 3 0 3 1 2 0 0 13 6 51 2 2 1 0.863872 0.000000 
13 3 0 2 2 0 0 1 10 8 10 3 3 1 0.594137 0.000000 
13 3 0 2 2 0 0 1 10 8 10 3 3 1 0.518972 0.000000 
13 3 1 0 3 1 0 0 3 13 35 1 1 1 0.822510 0.000000 
13 3 0 2 0 0 1 0 8 0 22 1 1 1 0.905093 0.000000 
13 3 0 0 3 1 0 0 3 13 35 4 1 0 0.633402 0.000000 
13 3 0 0 0 0 1 1 0 0 0 1 1 1 0.512281 0.000000 
13 3 1 1 1 1 1 1 5 5 1 2 2 1 0.663961 0.000000 
13 3 1 0 0 0 1 1 0 0 0 1 1 1 0.738197 0.000000 
13 3 0 0 3 1 0 0 3 13 35 4 3 0 0.665086 0.000000 
13 3 0 1 1 1 1 1 5 5 1 2 2 1 0.702409 0.000000 
13 3 0 1 1 1 1 1 5 5 1 2 2 1 0.630035 0.000000 
13 3 0 3 1 1 1 0 13 5 26 2 2 1 0.921626 0.000000 
13 3 0 0 0 3 0 1 0 3 6 1 1 1 0.625247 0.000000 
13 3 0 3 3 1 0 1 15 13 14 4 4 1 0.644784 0.000000 
13 3 1 0 3 1 0 0 3 13 35 1 1 1 0.791653 0.000000 
13 3 0 1 2 2 1 0 6 10 20 3 3 1 0.884612 0.000000 
13 3 0 2 0 0 1 0 8 0 22 1 1 1 0.733493 0.000000 
13 3 0 2 0 0 1 0 8 0 22 1 3 0 0.724449 0.000000 
13 3 0 1 2 0 0 0 6 8 41 3 3 1 0.734817 0.000000 
13 3 0 3 3 1 0 1 15 13 14 4 4 1 0.557489 0.000000 
13 3 0 3 1 1 1 0 13 5 26 2 2 1 0.771668 0.000000 
13 3 1 1 1 1 1 1 5 5 1 2 2 1 0.857229 0.000000 
13 3 0 1 1 1 1 1 5 5 1 2 2 1 0.563538 0.000000 
13 3 0 0 0 3 0 1 0 3 6 1 1 1 0.649727 0.000000 
13 3 0 2 2 2 1 1 10 10 2 3 3 1 0.644143 0.000000 
13 3 0 1 2 2 1 0 6 10 20 3 2 0 0.853877 0.000000 
13 3 0 1 1 1 1 1 5 5 1 2 2 1 0.644099 0.000000 
13 3 0 3 3 1 0 1 15 13 14 4 4 1 0.606505 0.000000 
13 3 1 2 0 0 1 0 8 0 22 3 3 1 0.914685 0.000000 
13 3 0 0 3 1 0 0 3 13 35 4 4 1 0.755010 0.000000 
13 3 0 0 3 3 1 0 3 15 18 4 4 1 0.441259 0.000000 
13 3 0 1 2 0 0 0 6 8 41 3 3 1 0.660030 0.000000 
13 3 0 2 2 2 1 1 10 10 2 3 3 1 0.686247 0.000000 
13 3 0 3 3 3 1 1 15 15 3 4 4 1 0.558161 0.000000 
13 3 0 3 3 3 1 1 15 15 3 4 4 1 0.452312 0.000000 
13 3 1 1 2 2 1 0 6 10 20 2 3 0 1.022462 0.000000 
13 3 0 2 0 3 0 0 8 3 41 1 1 1 0.742155 0.000000 
13 3 1 2 2 0 0 1 10 8 10 3 3 1 0.756591 0.000000 
13 3 0 3 1 2 0 0 13 6 51 2 2 1 0.866846 0.000000 
13 3 0 0 3 1 0 0 3 13 35 4 4 1 0.756485 0.000000 
13 3 0 1 1 2 0 1 5 6 8 2 2 1 0.658723 0.000000 
13 3 1 3 1 2 0 0 13 6 51 4 4 1 1.059918 0.000000 
13 3 0 0 0 3 0 1 0 3 6 1 1 1 0.638291 0.000000 
13 3 0 1 1 1 1 1 5 5 1 2 2 1 0.673175 0.000000 
13 3 0 3 3 1 0 1 15 13 14 4 4 1 0.618752 0.000000 
13 3 0 2 2 0 0 1 10 8 10 3 3 1 0.822252 0.000000 
13 3 0 0 0 3 0 1 0 3 6 1 1 1 0.569875 0.000000 
13 3 0 3 1 1 1 0 13 5 26 2 2 1 0.751382 0.000000 
13 3 0 3 3 3 1 1 15 15 3 4 4 1 0.437641 0.000000 
13 3 0 1 2 0 0 0 6 8 41 3 3 1 0.727352 0.000000 
13 3 0 0 3 3 1 0 3 15 18 4 4 1 0.566982 0.000000 
13 3 1 1 1 2 0 1 5 6 8 2 2 1 0.972488 0.000000 
13 3 1 2 0 0 1 0 8 0 22 3 3 1 0.730152 0.000000 
13 3 0 0 3 1 0 0 3 13 35 4 4 1 0.737777 0.000000 
13 3 1 1 2 2 1 0 6 10 20 2 2 1 0.912631 0.000000 
13 3 1 1 1 1 1 1 5 5 1 2 2 1 0.904947 0.000000 
13 3 0 0 0 0 1 1 0 0 0 1 1 1 0.841307 0.000000 
13 3 0 3 1 2 0 0 13 6 51 2 2 1 0.875230 0.000000 
13 3 1 1 1 2 0 1 5 6 8 2 2 1 0.708829 0.000000 
13 3 0 0 0 3 0 1 0 3 6 1 4 0 0.685103 0.000000 
13 3 0 3 3 1 0 1 15 13 14 4 4 1 0.561985 0.000000 
13 3 1 0 0 0 1 1 0 0 0 1 1 1 0.759703 0.000000 
13 3 0 3 3 1 0 1 15 13 14 4 4 1 0.605938 0.000000 
13 3 1 0 3 1 0 0 3 13 35 1 1 1 0.890129 0.000000 
13 3 0 3 3 3 1 1 15 15 3 4 4 1 0.594076 0.000000 
13 3 0 0 3 3 1 0 3 15 18 4 4 1 0.422949 0.000000 
13 3 0 0 0 0 1 1 0 0 0 1 1 1 0.594412 0.000000 
13 3 0 2 2 0 0 1 10 8 10 3 3 1 0.647234 0.000000 
13 3 0 3 1 2 0 0 13 6 51 2 2 1 0.618153 0.000000 
13 3 1 2 2 2 1 1 10 10 2 3 3 1 0.997614 0.000000 
13 3 0 3 1 1 1 0 13 5 26 2 2 1 0.738614 0.000000 
13 3 0 0 3 3 1 0 3 15 18 4 4 1 0.609578 0.000000 
13 3 0 1 2 0 0 0 6 8 41 3 2 0 0.644772 0.000000 
13 3 1 2 2 0 0 1 10 8 10 3 3 1 0.803646 0.000000 
13 3 0 3 3 3 1 1 15 15 3 4 4 1 0.519429 0.000000 
13 3 0 3 1 2 0 0 13 6 51 2 2 1 0.662937 0.000000 
13 3 1 3 1 1 1 0 13 5 26 4 4 1 0.681120 0.000000 
13 3 0 3 1 1 1 0 13 5 26 2 4 0 0.578688 0.000000 
13 3 0 2 2 0 0 1 10 8 10 3 3 1 0.604222 0.000000 
13 3 1 3 1 2 0 0 13 6 51 4 2 0 0.831941 0.000000 
13 3 0 1 1 2 0 1 5 6 8 2 2 1 0.582565 0.000000 
13 3 0 1 2 2 1 0 6 10 20 3 3 1 0.707611 0.000000 
13 3 0 2 2 0 0 1 10 8 10 3 3 1 0.579827 0.000000 
13 3 0 2 0 3 0 0 8 3 41 1 1 1 0.753341 0.000000 
13 3 0 3 3 3 1 1 15 15 3 4 4 1 0.599573 0.000000 
13 3 0 0 0 3 0 1 0 3 6 1 1 1 0.620043 0.000000 
13 3 0 0 3 1 0 0 3 13 35 4 4 1 0.759331 0.000000 
13 3 1 3 3 3 1 1 15 15 3 4 4 1 0.565562 0.000000 
13 3 0 1 2 0 0 0 6 8 41 3 3 1 0.778752 0.000000 
13 3 0 0 3 1 0 0 3 13 35 4 4 1 0.568339 0.000000 
13 3 0 2 2 2 1 1 10 10 2 3 3 1 0.613814 0.000000 
13 3 0 2 2 0 0 1 10 8 10 3 3 1 0.546015 0.000000 
13 3 0 1 2 2 1 0 6 10 20 3 3 1 0.592854 0.000000 
13 3 0 3 3 1 0 1 15 13 14 4 4 1 0.597710 0.000000 
13 3 0 3 3 3 1 1 15 15 3 4 4 1 0.586565 0.000000 
13 3 0 3 3 3 1 1 15 15 3 4 4 1 0.479402 0.000000 
13 3 0 1 1 1 1 1 5 5 1 2 2 1 0.743845 0.000000 
13 3 0 3 1 1 1 0 13 5 26 2 2 1 0.742804 0.000000 
13 3 1 1 1 1 1 1 5 5 1 2 2 1 0.709628 0.000000 
13 3 0 3 1 1 1 0 13 5 26 2 2 1 0.525918 0.000000 
13 3 1 2 0 0 1 0 8 0 22 3 3 1 0.925424 0.000000 
13 3 0 0 3 1 0 0 3 13 35 4 4 1 0.533029 0.000000 
13 3 1 3 3 1 0 1 15 13 14 4 4 1 0.596064 0.000000 
13 3 0 2 0 0 1 0 8 0 22 1 3 0 0.823836 0.000000 
13 3 0 0 0 0 1 1 0 0 0 1 1 1 0.759382 0.000000 
13 3 0 2 2 0 0 1 10 8 10 3 3 1 0.629155 0.000000 
13 3 0 3 3 1 0 1 15 13 14 4 4 1 0.560687 0.000000 
13 3 0 0 0 0 1 1 0 0 0 1 1 1 0.574852 0.000000 
13 3 0 2 2 2 1 1 10 10 2 3 3 1 0.596363 0.000000 
13 3 0 1 2 2 1 0 6 10 20 3 3 1 0.561162 0.000000 
13 3 1 0 3 1 0 0 3 13 35 1 4 0 0.791399 0.000000 
13 3 0 1 2 0 0 0 6 8 41 3 3 1 0.704332 0.000000 
13 3 0 0 3 3 1 0 3 15 18 4 4 1 0.511090 0.000000 
13 3 0 1 2 0 0 0 6 8 41 3 3 1 0.535233 0.000000 
13 3 1 2 0 0 1 0 8 0 22 3 3 1 0.878062 0.000000 
13 3 0 0 3 1 0 0 3 13 35 4 4 1 0.527695 0.000000 
13 3 1 0 0 0 1 1 0 0 0 1 1 1 0.799191 0.000000 
13 3 1 2 0 3 0 0 8 3 41 3 3 1 1.187969 0.000000 
13 3 0 0 0 3 0 1 0 3 6 1 4 0 0.656504 0.000000 
13 3 0 1 2 0 0 0 6 8 41 3 3 1 0.757796 0.000000 
13 3 0 1 2 2 1 0 6 10 20 3 3 1 1.027576 0.000000 
13 3 0 0 3 3 1 0 3 15 18 4 4 1 0.599250 0.000000 
13 3 0 1 2 2 1 0 6 10 20 3 3 1 0.667950 0.000000 
13 3 0 0 3 1 0 0 3 13 35 4 4 1 0.533652 0.000000 
13 3 0 3 3 3 1 1 15 15 3 4 4 1 0.484494 0.000000 
13 3 0 2 0 3 0 0 8 3 41 1 3 0 0.581277 0.000000 
13 3 1 2 2 0 0 1 10 8 10 3 3 1 0.901907 0.000000 
13 3 0 1 2 2 1 0 6 10 20 3 3 1 0.877652 0.000000 
13 3 0 1 1 1 1 1 5 5 1 2 2 1 0.559254 0.000000 
13 3 1 1 2 2 1 0 6 10 20 2 2 1 0.917433 0.000000 
13 3 0 2 2 2 1 1 10 10 2 3 2 0 0.541025 0.000000 
13 3 0 0 3 1 0 0 3 13 35 4 4 1 0.599950 0.000000 
13 3 0 0 0 3 0 1 0 3 6 1 1 1 1.132177 0.000000 
13 3 0 1 2 2 1 0 6 10 20 3 3 1 0.755433 0.000000 
13 3 0 3 3 1 0 1 15 13 14 4 4 1 0.641633 0.000000 
13 3 0 1 2 0 0 0 6 8 41 3 3 1 0.627512 0.000000 
13 3 1 0 0 0 1 1 0 0 0 1 1 1 0.847042 0.000000 
13 3 1 2 2 0 0 1 10 8 10 3 3 1 0.777982 0.000000 
13 3 0 3 1 2 0 0 13 6 51 2 2 1 0.759612 0.000000 
13 3 0 3 1 2 0 0 13 6 51 2 2 1 0.565829 0.000000 
13 3 1 2 0 3 0 0 8 3 41 3 3 1 0.827936 0.000000 
13 3 0 0 0 0 1 1 0 0 0 1 1 1 0.791646 0.000000 
13 3 1 2 0 0 1 0 8 0 22 3 3 1 0.699558 0.000000 
13 3 1 2 0 0 1 0 8 0 22 3 3 1 0.627993 0.000000 
13 3 0 2 2 0 0 1 10 8 10 3 3 1 0.631306 0.000000 
13 3 0 1 2 0 0 0 6 8 41 3 3 1 0.546838 0.000000 
13 3 0 3 3 1 0 1 15 13 14 4 4 1 0.609685 0.000000 
13 3 0 2 2 2 1 1 10 10 2 3 3 1 0.621861 0.000000 
13 3 1 2 0 3 0 0 8 3 41 3 3 1 0.921386 0.000000 
13 3 0 1 2 0 0 0 6 8 41 3 3 1 0.713007 0.000000 
13 3 1 2 0 0 1 0 8 0 22 3 3 1 0.744255 0.000000 
13 3 1 0 0 3 0 1 0 3 6 1 1 1 0.847206 0.000000 
13 3 0 3 3 3 1 1 15 15 3 4 4 1 0.642117 0.000000 
13 3 0 0 3 1 0 0 3 13 35 4 4 1 0.557004 0.000000 
13 3 0 3 1 2 0 0 13 6 51 2 2 1 0.851175 0.000000 
13 3 1 2 0 0 1 0 8 0 22 3 3 1 0.781461 0.000000 
13 3 0 0 3 3 1 0 3 15 18 4 4 1 0.818988 0.000000 
13 3 1 2 0 3 0 0 8 3 41 3 3 1 0.886639 0.000000 
13 3 0 0 0 0 1 1 0 0 0 1 1 1 0.686626 0.000000 
13 3 1 1 2 2 1 0 6 10 20 2 2 1 0.927544 0.000000 
13 3 0 2 2 0 0 1 10 8 10 3 3 1 0.607170 0.000000 
13 3 0 2 2 2 1 1 10 10 2 3 3 1 0.619359 0.000000 
13 3 1 3 3 3 1 1 15 15 3 4 4 1 0.558882 0.000000 
13 3 0 0 0 0 1 1 0 0 0 1 1 1 0.637073 0.000000 
13 3 0 1 1 2 0 1 5 6 8 2 2 1 0.695949 0.000000 
13 3 1 3 1 2 0 0 13 6 51 4 4 1 0.968852 0.000000 
13 3 0 1 2 2 1 0 6 10 20 3 3 1 0.565464 0.000000 
13 3 0 1 2 2 1 0 6 10 20 3 3 1 0.499676 0.000000 
13 3 0 3 3 1 0 1 15 13 14 4 4 1 0.572054 0.000000 
13 3 1 0 3 3 1 0 3 15 18 1 1 1 0.801352 0.000000 
13 3 0 2 2 2 1 1 10 10 2 3 3 1 0.613605 0.000000 
13 3 0 2 0 3 0 0 8 3 41 1 1 1 0.777799 0.000000 
13 3 0 1 2 2 1 0 6 10 20 3 3 1 0.759399 0.000000 
13 3 0 0 0 3 0 1 0 3 6 1 1 1 0.629651 0.000000 
13 3 0 0 3 1 0 0 3 13 35 4 3 0 0.488171 0.000000 
13 3 1 2 2 2 1 1 10 10 2 3 3 1 0.893048 0.000000 
13 3 0 0 3 3 1 0 3 15 18 4 4 1 0.477468 0.000000 
13 3 0 3 1 2 0 0 13 6 51 2 3 0 0.518953 0.000000 
13 3 0 3 3 1 0 1 15 13 14 4 4 1 0.538459 0.000000 
13 3 0 2 2 0 0 1 10 8 10 3 3 1 0.632832 0.000000 
13 3 0 3 3 3 1 1 15 15 3 4 4 1 0.468150 0.000000 
13 3 0 1 1 1 1 1 5 5 1 2 2 1 0.501157 0.000000 
13 3 1 1 2 2 1 0 6 10 20 2 2 1 0.900308 0.000000 
13 3 1 2 2 2 1 1 10 10 2 3 2 0 0.916614 0.000000 
13 4 0 3 1 1 1 0 13 5 26 2 2 1 3.585969 0.000000 
13 4 0 1 2 2 1 0 6 10 20 3 3 1 0.679398 0.000000 
13 4 0 3 3 1 0 1 15 13 14 4 4 1 0.560932 0.000000 
13 4 0 0 3 1 0 0 3 13 35 4 4 1 0.495148 0.000000 
13 4 1 3 1 1 1 0 13 5 26 4 4 1 1.303961 0.000000 
13 4 1 0 0 0 1 1 0 0 0 1 1 1 0.631374 0.000000 
13 4 0 3 3 1 0 1 15 13 14 4 4 1 0.618924 0.000000 
13 4 1 0 3 1 0 0 3 13 35 1 1 1 0.758475 0.000000 
13 4 1 0 3 1 0 0 3 13 35 1 1 1 0.812735 0.000000 
13 4 0 1 2 0 0 0 6 8 41 3 3 1 0.600974 0.000000 
13 4 0 2 0 0 1 0 8 0 22 1 1 1 0.765187 0.000000 
13 4 0 1 1 2 0 1 5 6 8 2 2 1 0.723456 0.000000 
13 4 0 0 0 0 1 1 0 0 0 1 1 1 0.530085 0.000000 
13 4 0 1 1 2 0 1 5 6 8 2 2 1 0.625507 0.000000 
13 4 1 2 2 2 1 1 10 10 2 3 3 1 0.797029 0.000000 
13 4 1 1 2 0 0 0 6 8 41 2 2 1 1.329992 0.000000 
13 4 1 3 3 3 1 1 15 15 3 4 4 1 0.657703 0.000000 
13 4 1 2 2 0 0 1 10 8 10 3 3 1 0.659959 0.000000 
13 4 0 3 3 3 1 1 15 15 3 4 4 1 0.534209 0.000000 
13 4 0 0 0 3 0 1 0 3 6 1 1 1 0.685044 0.000000 
13 4 1 1 2 0 0 0 6 8 41 2 2 1 2.749019 0.000000 
13 4 1 1 1 1 1 1 5 5 1 2 2 1 0.827904 0.000000 
13 4 0 3 1 2 0 0 13 6 51 2 2 1 0.807591 0.000000 
13 4 0 0 3 1 0 0 3 13 35 4 4 1 0.547879 0.000000 
13 4 0 0 3 3 1 0 3 15 18 4 4 1 0.626695 0.000000 
13 4 0 1 2 2 1 0 6 10 20 3 3 1 0.734222 0.000000 
13 4 0 1 2 2 1 0 6 10 20 3 3 1 0.589135 0.000000 
13 4 0 2 2 0 0 1 10 8 10 3 3 1 0.609974 0.000000 
13 4 0 0 0 0 1 1 0 0 0 1 1 1 0.525183 0.000000 
13 4 0 1 2 2 1 0 6 10 20 3 3 1 0.692675 0.000000 
13 4 0 1 2 2 1 0 6 10 20 3 3 1 0.509526 0.000000 
13 4 0 1 2 2 1 0 6 10 20 3 3 1 0.517693 0.000000 
13 4 1 2 2 0 0 1 10 8 10 3 3 1 0.741173 0.000000 
13 4 0 3 3 3 1 1 15 15 3 4 4 1 0.564102 0.000000 
13 4 0 0 3 3 1 0 3 15 18 4 4 1 0.490289 0.000000 
13 4 0 0 0 3 0 1 0 3 6 1 1 1 0.595099 0.000000 
13 4 0 1 1 2 0 1 5 6 8 2 2 1 0.766954 0.000000 
13 4 0 3 3 1 0 1 15 13 14 4 4 1 0.532503 0.000000 
13 4 0 2 0 0 1 0 8 0 22 1 1 1 0.803974 0.000000 
13 4 1 2 2 2 1 1 10 10 2 3 3 1 0.760280 0.000000 
13 4 0 0 3 1 0 0 3 13 35 4 4 1 0.638547 0.000000 
13 4 0 1 2 0 0 0 6 8 41 3 3 1 0.777435 0.000000 
13 4 0 1 1 1 1 1 5 5 1 2 2 1 0.662994 0.000000 
13 4 0 0 0 0 1 1 0 0 0 1 1 1 0.545166 0.000000 
13 4 1 3 1 2 0 0 13 6 51 4 4 1 1.287037 0.000000 
13 4 0 0 0 0 1 1 0 0 0 1 1 1 0.608120 0.000000 
13 4 0 2 2 2 1 1 10 10 2 3 3 1 0.620354 0.000000 
13 4 0 2 0 0 1 0 8 0 22 1 1 1 0.671899 0.000000 
13 4 0 3 3 1 0 1 15 13 14 4 4 1 0.641443 0.000000 
13 4 0 3 1 1 1 0 13 5 26 2 2 1 0.732316 0.000000 
13 4 0 0 0 0 1 1 0 0 0 1 1 1 0.563888 0.000000 
13 4 1 3 1 2 0 0 13 6 51 4 4 1 0.858018 0.000000 
13 4 0 0 0 3 0 1 0 3 6 1 1 1 0.579311 0.000000 
13 4 0 2 0 0 1 0 8 0 22 1 3 0 0.728852 0.000000 
13 4 0 3 3 1 0 1 15 13 14 4 4 1 0.580435 0.000000 
13 4 0 1 1 1 1 1 5 5 1 2 2 1 0.633483 0.000000 
13 4 0 1 1 2 0 1 5 6 8 2 2 1 0.644358 0.000000 
13 4 0 2 0 0 1 0 8 0 22 1 1 1 0.599214 0.000000 
13 4 1 2 2 0 0 1 10 8 10 3 3 1 0.787946 0.000000 
13 4 0 3 3 1 0 1 15 13 14 4 4 1 0.592982 0.000000 
13 4 1 1 2 2 1 0 6 10 20 2 2 1 0.676794 0.000000 
13 4 0 1 2 0 0 0 6 8 41 3 3 1 0.686408 0.000000 
13 4 1 1 2 0 0 0 6 8 41 2 3 0 0.639228 0.000000 
13 4 0 2 0 3 0 0 8 3 41 1 1 1 1.158204 0.000000 
13 4 0 3 1 1 1 0 13 5 26 2 2 1 0.620099 0.000000 
13 4 0 3 3 1 0 1 15 13 14 4 4 1 0.559645 0.000000 
13 4 0 1 2 2 1 0 6 10 20 3 3 1 0.709822 0.000000 
13 4 0 0 0 3 0 1 0 3 6 1 1 1 0.573132 0.000000 
13 4 1 0 0 0 1 1 0 0 0 1 1 1 0.778539 0.000000 
13 4 1 2 2 0 0 1 10 8 10 3 3 1 0.664131 0.000000 
13 4 0 2 2 2 1 1 10 10 2 3 3 1 0.578322 0.000000 
13 4 1 0 0 3 0 1 0 3 6 1 1 1 0.567865 0.000000 
13 4 0 3 1 2 0 0 13 6 51 2 2 1 0.797370 0.000000 
13 4 0 0 3 1 0 0 3 13 35 4 4 1 0.722321 0.000000 
13 4 0 1 2 2 1 0 6 10 20 3 3 1 0.561886 0.000000 
13 4 0 1 1 1 1 1 5 5 1 2 2 1 0.615993 0.000000 
13 4 0 2 0 3 0 0 8 3 41 1 1 1 0.739065 0.000000 
13 4 0 3 1 1 1 0 13 5 26 2 2 1 0.681433 0.000000 
13 4 0 0 3 1 0 0 3 13 35 4 4 1 0.619052 0.000000 
13 4 0 2 0 0 1 0 8 0 22 1 3 0 1.030594 0.000000 
13 4 0 2 0 0 1 0 8 0 22 1 1 1 0.830294 0.000000 
13 4 0 0 0 0 1 1 0 0 0 1 1 1 0.497407 0.000000 
13 4 1 2 2 0 0 1 10 8 10 3 3 1 0.898210 0.000000 
13 4 1 3 3 3 1 1 15 15 3 4 4 1 0.594200 0.000000 
13 4 0 3 1 2 0 0 13 6 51 2 3 0 0.727050 0.000000 
13 4 1 3 3 3 1 1 15 15 3 4 4 1 0.714641 0.000000 
13 4 0 3 1 1 1 0 13 5 26 2 2 1 0.642395 0.000000 
13 4 0 3 1 2 0 0 13 6 51 2 2 1 0.805268 0.000000 
13 4 0 0 3 3 1 0 3 15 18 4 4 1 0.553539 0.000000 
13 4 1 3 3 3 1 1 15 15 3 4 4 1 0.511693 0.000000 
13 4 1 0 0 0 1 1 0 0 0 1 1 1 0.599850 0.000000 
13 4 1 0 0 3 0 1 0 3 6 1 1 1 0.602992 0.000000 
13 4 0 2 2 2 1 1 10 10 2 3 3 1 1.103253 0.000000 
13 4 0 0 0 0 1 1 0 0 0 1 1 1 0.535632 0.000000 
13 4 1 0 0 0 1 1 0 0 0 1 1 1 0.518379 0.000000 
13 4 0 2 0 3 0 0 8 3 41 1 1 1 0.733940 0.000000 
13 4 0 1 2 2 1 0 6 10 20 3 3 1 0.748879 0.000000 
13 4 0 2 0 0 1 0 8 0 22 1 1 1 0.499744 0.000000 
13 4 0 2 2 0 0 1 10 8 10 3 3 1 0.588145 0.000000 
13 4 0 1 1 1 1 1 5 5 1 2 2 1 0.695782 0.000000 
13 4 0 3 1 2 0 0 13 6 51 2 2 1 0.520647 0.000000 
13 4 1 2 0 3 0 0 8 3 41 3 3 1 0.928164 0.000000 
13 4 0 1 1 2 0 1 5 6 8 2 2 1 0.679803 0.000000 
13 4 1 2 2 2 1 1 10 10 2 3 3 1 0.689288 0.000000 
13 4 0 1 2 2 1 0 6 10 20 3 3 1 0.490234 0.000000 
13 4 0 1 1 2 0 1 5 6 8 2 2 1 0.627040 0.000000 
13 4 0 0 0 3 0 1 0 3 6 1 1 1 0.541689 0.000000 
13 4 0 3 1 2 0 0 13 6 51 2 2 1 0.725419 0.000000 
13 4 0 1 2 0 0 0 6 8 41 3 2 0 0.652002 0.000000 
13 4 1 2 0 0 1 0 8 0 22 3 3 1 0.810214 0.000000 
13 4 0 2 0 3 0 0 8 3 41 1 1 1 0.669995 0.000000 
13 4 1 1 2 0 0 0 6 8 41 2 2 1 0.695552 0.000000 
13 4 0 3 3 3 1 1 15 15 3 4 4 1 0.568449 0.000000 
13 4 0 1 1 2 0 1 5 6 8 2 2 1 0.677952 0.000000 
13 4 0 2 2 2 1 1 10 10 2 3 3 1 0.719509 0.000000 
13 4 1 1 1 2 0 1 5 6 8 2 2 1 0.686079 0.000000 
13 4 0 1 2 2 1 0 6 10 20 3 3 1 0.686987 0.000000 
13 4 1 2 0 0 1 0 8 0 22 3 3 1 0.911797 0.000000 
13 4 0 0 3 3 1 0 3 15 18 4 4 1 0.584134 0.000000 
13 4 0 3 3 3 1 1 15 15 3 4 4 1 0.517005 0.000000 
13 4 0 3 3 3 1 1 15 15 3 4 4 1 0.492510 0.000000 
13 4 0 0 0 3 0 1 0 3 6 1 1 1 1.021355 0.000000 
13 4 0 0 3 3 1 0 3 15 18 4 4 1 0.552084 0.000000 
13 4 0 3 1 1 1 0 13 5 26 2 2 1 0.614147 0.000000 
13 4 1 1 1 2 0 1 5 6 8 2 2 1 0.746360 0.000000 
13 4 1 2 0 3 0 0 8 3 41 3 3 1 0.817271 0.000000 
13 4 1 3 1 1 1 0 13 5 26 4 2 0 0.916880 0.000000 
13 4 0 1 1 2 0 1 5 6 8 2 2 1 0.624577 0.000000 
13 4 0 2 2 0 0 1 10 8 10 3 3 1 0.667627 0.000000 
13 4 0 2 2 0 0 1 10 8 10 3 3 1 0.525155 0.000000 
13 4 0 2 2 0 0 1 10 8 10 3 3 1 0.508643 0.000000 
13 4 0 2 0 3 0 0 8 3 41 1 1 1 0.843782 0.000000 
13 4 1 2 0 0 1 0 8 0 22 3 1 0 0.646740 0.000000 
13 4 0 0 0 3 0 1 0 3 6 1 1 1 0.605644 0.000000 
13 4 0 0 0 0 1 1 0 0 0 1 1 1 0.481360 0.000000 
13 4 0 2 0 3 0 0 8 3 41 1 1 1 0.546826 0.000000 
13 4 0 1 2 2 1 0 6 10 20 3 3 1 0.737672 0.000000 
13 4 0 3 1 1 1 0 13 5 26 2 2 1 0.664594 0.000000 
13 4 0 3 3 3 1 1 15 15 3 4 4 1 0.561862 0.000000 
13 4 0 3 1 1 1 0 13 5 26 2 2 1 0.695958 0.000000 
13 4 0 3 1 2 0 0 13 6 51 2 2 1 0.704845 0.000000 
13 4 0 2 2 0 0 1 10 8 10 3 3 1 0.689071 0.000000 
13 4 0 1 1 1 1 1 5 5 1 2 2 1 0.569967 0.000000 
13 4 0 2 0 0 1 0 8 0 22 1 1 1 0.711473 0.000000 
13 4 1 3 3 3 1 1 15 15 3 4 4 1 0.527692 0.000000 
13 4 1 0 0 3 0 1 0 3 6 1 1 1 0.903207 0.000000 
13 4 0 2 0 0 1 0 8 0 22 1 1 1 0.463497 0.000000 
13 4 1 1 2 2 1 0 6 10 20 2 3 0 0.872621 0.000000 
13 4 0 0 3 3 1 0 3 15 18 4 4 1 0.574290 0.000000 
13 4 0 2 0 3 0 0 8 3 41 1 3 0 0.691248 0.000000 
13 4 0 3 3 3 1 1 15 15 3 4 4 1 0.544227 0.000000 
13 4 0 1 2 2 1 0 6 10 20 3 3 1 0.790581 0.000000 
13 4 0 0 0 3 0 1 0 3 6 1 1 1 0.603549 0.000000 
13 4 1 0 3 1 0 0 3 13 35 1 1 1 0.799699 0.000000 
13 4 1 3 3 1 0 1 15 13 14 4 1 0 0.562980 0.000000 
13 4 1 3 3 3 1 1 15 15 3 4 4 1 0.549158 0.000000 
13 4 1 2 0 3 0 0 8 3 41 3 3 1 0.627505 0.000000 
13 4 0 2 2 0 0 1 10 8 10 3 3 1 0.623029 0.000000 
13 4 0 2 0 0 1 0 8 0 22 1 3 0 1.034593 0.000000 
13 4 0 3 3 3 1 1 15 15 3 4 4 1 0.457630 0.000000 
13 4 0 3 3 1 0 1 15 13 14 4 3 0 0.555283 0.000000 
13 4 0 0 3 1 0 0 3 13 35 4 4 1 0.493473 0.000000 
13 4 0 0 3 3 1 0 3 15 18 4 4 1 0.412797 0.000000 
13 4 0 2 2 0 0 1 10 8 10 3 3 1 0.592928 0.000000 
13 4 0 1 2 0 0 0 6 8 41 3 3 1 0.661772 0.000000 
13 4 0 3 1 1 1 0 13 5 26 2 2 1 0.695973 0.000000 
13 4 0 0 0 0 1 1 0 0 0 1 1 1 0.800869 0.000000 
13 4 1 1 2 0 0 0 6 8 41 2 3 0 0.853133 0.000000 
13 4 0 0 3 1 0 0 3 13 35 4 4 1 0.579451 0.000000 
13 4 0 3 3 3 1 1 15 15 3 4 4 1 0.496476 0.000000 
13 4 0 2 0 3 0 0 8 3 41 1 3 0 0.632261 0.000000 
13 4 0 3 3 1 0 1 15 13 14 4 4 1 0.663844 0.000000 
13 4 0 0 0 3 0 1 0 3 6 1 4 0 0.577569 0.000000 
13 4 0 1 2 2 1 0 6 10 20 3 3 1 0.811111 0.000000 
13 4 0 1 1 2 0 1 5 6 8 2 2 1 0.758917 0.000000 
13 4 0 1 2 0 0 0 6 8 41 3 3 1 0.645150 0.000000 
13 4 1 2 0 3 0 0 8 3 41 3 3 1 1.000024 0.000000 
13 4 0 1 1 2 0 1 5 6 8 2 3 0 0.611404 0.000000 
13 4 0 0 3 1 0 0 3 13 35 4 4 1 0.651573 0.000000 
13 4 1 0 3 3 1 0 3 15 18 1 4 0 0.933290 0.000000 
13 4 0 2 0 0 1 0 8 0 22 1 3 0 0.656327 0.000000 
13 4 1 3 3 3 1 1 15 15 3 4 4 1 0.638073 0.000000 
13 4 0 0 0 3 0 1 0 3 6 1 1 1 0.736479 0.000000 
13 4 0 3 3 1 0 1 15 13 14 4 4 1 0.575379 0.000000 
13 4 0 0 3 1 0 0 3 13 35 4 4 1 0.644860 0.000000 
13 4 0 0 0 0 1 1 0 0 0 1 1 1 0.542764 0.000000 
13 4 0 1 1 2 0 1 5 6 8 2 2 1 0.645594 0.000000 
13 4 0 0 3 1 0 0 3 13 35 4 4 1 0.552465 0.000000 
13 4 0 1 1 1 1 1 5 5 1 2 2 1 0.582575 0.000000 
13 4 0 2 2 0 0 1 10 8 10 3 3 1 0.595997 0.000000 
13 4 0 3 1 1 1 0 13 5 26 2 2 1 0.608994 0.000000 
13 4 0 1 1 1 1 1 5 5 1 2 2 1 0.517169 0.000000 
