39 1 0 0 3 3 1 0 3 15 18 4 4 1 1.736257 0.000000 
39 1 0 1 2 1 0 0 6 9 42 3 3 1 1.270317 0.000000 
39 1 1 1 1 2 0 1 5 6 8 2 2 1 0.815982 0.000000 
39 1 0 1 1 1 1 1 5 5 1 2 2 1 0.724017 0.000000 
39 1 0 0 0 3 0 1 0 3 6 1 1 1 1.011105 0.000000 
39 1 1 2 2 1 0 1 10 9 11 3 3 1 1.551407 0.000000 
39 1 1 2 2 1 0 1 10 9 11 3 3 1 0.693892 0.000000 
39 1 0 2 2 1 0 1 10 9 11 3 3 1 0.950793 0.000000 
39 1 0 0 0 0 1 1 0 0 0 1 1 1 0.628084 0.000000 
39 1 0 3 3 3 1 1 15 15 3 4 4 1 0.543565 0.000000 
39 1 0 2 2 1 0 1 10 9 11 3 3 1 0.974343 0.000000 
39 1 0 2 1 1 1 0 9 5 23 2 2 1 1.499987 0.000000 
39 1 0 0 0 3 0 1 0 3 6 1 1 1 1.100477 0.000000 
39 1 0 3 3 3 1 1 15 15 3 4 4 1 0.668792 0.000000 
39 1 0 0 3 0 0 0 3 12 34 4 4 1 1.006328 0.000000 
39 1 0 1 1 2 0 1 5 6 8 2 2 1 1.217630 0.000000 
39 1 0 3 0 3 0 0 12 3 99 1 1 1 1.341361 0.000000 
39 1 0 2 1 1 1 0 9 5 23 2 2 1 0.828442 0.000000 
39 1 0 2 2 1 0 1 10 9 11 3 3 1 0.751967 0.000000 
39 1 1 2 2 2 1 1 10 10 2 3 3 1 0.862159 0.000000 
39 1 0 2 1 2 0 0 9 6 43 2 2 1 0.992458 0.000000 
39 1 0 2 1 2 0 0 9 6 43 2 2 1 0.781412 0.000000 
39 1 0 2 1 2 0 0 9 6 43 2 2 1 0.689939 0.000000 
39 1 0 0 3 3 1 0 3 15 18 4 4 1 0.986833 0.000000 
39 1 0 1 2 1 0 0 6 9 42 3 3 1 1.007782 0.000000 
39 1 0 0 0 0 1 1 0 0 0 1 1 1 0.716030 0.000000 
39 1 1 1 2 2 1 0 6 10 20 2 2 1 2.252069 0.000000 
39 1 0 1 2 2 1 0 6 10 20 3 3 1 1.182391 0.000000 
39 1 0 1 1 1 1 1 5 5 1 2 2 1 0.907914 0.000000 
39 1 1 2 2 1 0 1 10 9 11 3 3 1 0.811333 0.000000 
39 1 0 1 2 2 1 0 6 10 20 3 3 1 1.015580 0.000000 
39 1 0 3 0 0 1 0 12 0 25 1 1 1 1.139888 0.000000 
39 1 0 1 1 1 1 1 5 5 1 2 2 1 1.042917 0.000000 
39 1 1 0 3 3 1 0 3 15 18 1 1 1 1.645906 0.000000 
39 1 0 0 0 3 0 1 0 3 6 1 1 1 0.729048 0.000000 
39 1 0 1 2 2 1 0 6 10 20 3 3 1 0.888612 0.000000 
39 1 1 1 1 1 1 1 5 5 1 2 2 1 1.776562 0.000000 
39 1 0 1 1 1 1 1 5 5 1 2 2 1 0.638429 0.000000 
39 1 1 0 3 3 1 0 3 15 18 1 1 1 2.129373 0.000000 
39 1 0 2 1 1 1 0 9 5 23 2 2 1 1.273394 0.000000 
39 1 0 1 2 1 0 0 6 9 42 3 3 1 0.699133 0.000000 
39 1 1 2 1 2 0 0 9 6 43 3 3 1 3.131050 0.000000 
39 1 1 0 3 0 0 0 3 12 34 1 1 1 1.187416 0.000000 
39 1 1 2 2 2 1 1 10 10 2 3 3 1 0.768415 0.000000 
39 1 0 3 3 0 0 1 15 12 13 4 4 1 1.141997 0.000000 
39 1 0 2 2 1 0 1 10 9 11 3 3 1 0.916995 0.000000 
39 1 0 0 3 0 0 0 3 12 34 4 1 0 0.972641 0.000000 
39 1 1 0 0 3 0 1 0 3 6 1 1 1 1.438258 0.000000 
39 1 1 0 3 0 0 0 3 12 34 1 1 1 0.647940 0.000000 
39 1 0 0 3 3 1 0 3 15 18 4 1 0 0.610779 0.000000 
39 1 0 0 3 3 1 0 3 15 18 4 4 1 1.002837 0.000000 
39 1 0 3 0 0 1 0 12 0 25 1 1 1 1.118754 0.000000 
39 1 0 2 2 2 1 1 10 10 2 3 3 1 0.830413 0.000000 
39 1 1 1 1 2 0 1 5 6 8 2 2 1 1.217980 0.000000 
39 1 0 1 1 1 1 1 5 5 1 2 2 1 0.637681 0.000000 
39 1 0 2 1 1 1 0 9 5 23 2 2 1 0.879536 0.000000 
39 1 1 2 2 2 1 1 10 10 2 3 3 1 0.881364 0.000000 
39 1 0 0 0 3 0 1 0 3 6 1 1 1 1.074706 0.000000 
39 1 0 1 2 2 1 0 6 10 20 3 3 1 1.060351 0.000000 
39 1 1 3 0 3 0 0 12 3 99 4 4 1 1.286694 0.000000 
39 1 0 1 1 2 0 1 5 6 8 2 3 0 1.047782 0.000000 
39 1 1 3 0 0 1 0 12 0 25 4 4 1 1.406721 0.000000 
39 1 0 3 0 3 0 0 12 3 99 1 1 1 0.905724 0.000000 
39 1 0 3 3 3 1 1 15 15 3 4 4 1 0.641969 0.000000 
39 1 0 3 3 3 1 1 15 15 3 4 4 1 0.668822 0.000000 
39 1 0 0 3 3 1 0 3 15 18 4 4 1 0.638331 0.000000 
39 1 0 3 0 3 0 0 12 3 99 1 1 1 0.969152 0.000000 
39 1 1 0 0 0 1 1 0 0 0 1 1 1 1.318756 0.000000 
39 1 1 3 0 0 1 0 12 0 25 4 4 1 1.294543 0.000000 
39 1 0 3 0 0 1 0 12 0 25 1 1 1 1.110650 0.000000 
39 1 0 2 1 2 0 0 9 6 43 2 2 1 1.462983 0.000000 
39 1 0 0 0 3 0 1 0 3 6 1 1 1 1.201453 0.000000 
39 1 1 0 0 0 1 1 0 0 0 1 1 1 0.957822 0.000000 
39 1 1 3 0 3 0 0 12 3 99 4 4 1 1.044115 0.000000 
39 1 0 3 0 3 0 0 12 3 99 1 1 1 0.999118 0.000000 
39 1 1 0 3 0 0 0 3 12 34 1 1 1 1.187945 0.000000 
39 1 0 2 2 1 0 1 10 9 11 3 3 1 1.192128 0.000000 
39 1 1 3 3 3 1 1 15 15 3 4 4 1 1.021063 0.000000 
39 1 0 1 1 2 0 1 5 6 8 2 2 1 1.048749 0.000000 
39 1 0 0 0 3 0 1 0 3 6 1 1 1 0.771762 0.000000 
39 1 1 1 2 1 0 0 6 9 42 2 2 1 1.793327 0.000000 
39 1 0 2 2 2 1 1 10 10 2 3 3 1 0.998576 0.000000 
39 1 1 1 1 2 0 1 5 6 8 2 2 1 1.698585 0.000000 
39 1 1 3 3 0 0 1 15 12 13 4 4 1 1.555793 0.000000 
39 1 0 0 3 0 0 0 3 12 34 4 1 0 0.970273 0.000000 
39 1 0 1 2 2 1 0 6 10 20 3 3 1 2.331949 0.000000 
39 1 0 0 0 3 0 1 0 3 6 1 1 1 1.075599 0.000000 
39 1 0 1 2 2 1 0 6 10 20 3 3 1 0.749251 0.000000 
39 1 0 2 2 2 1 1 10 10 2 3 3 1 0.635972 0.000000 
39 1 1 2 1 2 0 0 9 6 43 3 3 1 1.861995 0.000000 
39 1 1 2 1 1 1 0 9 5 23 3 3 1 1.632569 0.000000 
39 1 0 2 2 1 0 1 10 9 11 3 3 1 0.876221 0.000000 
39 1 0 1 1 2 0 1 5 6 8 2 2 1 1.341355 0.000000 
39 1 0 1 1 1 1 1 5 5 1 2 2 1 0.580463 0.000000 
39 1 0 2 2 1 0 1 10 9 11 3 3 1 0.705956 0.000000 
39 1 1 2 2 2 1 1 10 10 2 3 3 1 1.145105 0.000000 
39 1 0 2 2 1 0 1 10 9 11 3 3 1 0.832157 0.000000 
39 1 0 1 1 2 0 1 5 6 8 2 2 1 0.939706 0.000000 
39 1 0 2 2 2 1 1 10 10 2 3 3 1 0.658622 0.000000 
39 1 0 1 1 2 0 1 5 6 8 2 2 1 1.116838 0.000000 
39 1 0 1 1 2 0 1 5 6 8 2 2 1 0.596487 0.000000 
39 1 0 3 3 0 0 1 15 12 13 4 4 1 1.065359 0.000000 
39 1 0 3 3 0 0 1 15 12 13 4 4 1 0.515620 0.000000 
39 1 0 0 0 0 1 1 0 0 0 1 1 1 0.602753 0.000000 
39 1 0 2 2 2 1 1 10 10 2 3 3 1 0.622888 0.000000 
39 1 1 3 3 3 1 1 15 15 3 4 4 1 0.962334 0.000000 
39 1 0 2 2 1 0 1 10 9 11 3 3 1 0.704661 0.000000 
39 1 0 3 3 0 0 1 15 12 13 4 4 1 0.624837 0.000000 
39 1 0 0 0 3 0 1 0 3 6 1 1 1 0.700322 0.000000 
39 1 0 3 0 0 1 0 12 0 25 1 1 1 1.316566 0.000000 
39 1 0 3 0 0 1 0 12 0 25 1 1 1 0.572279 0.000000 
39 1 0 1 2 1 0 0 6 9 42 3 3 1 1.080750 0.000000 
39 1 0 1 1 1 1 1 5 5 1 2 2 1 1.634423 0.000000 
39 1 0 3 3 3 1 1 15 15 3 4 4 1 0.749590 0.000000 
39 1 0 0 3 0 0 0 3 12 34 4 4 1 1.324060 0.000000 
39 1 1 0 3 0 0 0 3 12 34 1 1 1 1.371603 0.000000 
39 1 0 2 1 1 1 0 9 5 23 2 2 1 1.113375 0.000000 
39 1 0 2 1 1 1 0 9 5 23 2 2 1 0.793713 0.000000 
39 1 0 3 0 3 0 0 12 3 99 1 1 1 1.133626 0.000000 
39 1 0 1 1 1 1 1 5 5 1 2 2 1 0.636534 0.000000 
39 1 0 3 3 0 0 1 15 12 13 4 4 1 0.751415 0.000000 
39 1 0 2 1 1 1 0 9 5 23 2 2 1 0.885658 0.000000 
39 1 0 0 3 0 0 0 3 12 34 4 4 1 1.366632 0.000000 
39 1 0 1 1 1 1 1 5 5 1 2 2 1 1.252365 0.000000 
39 1 0 3 0 0 1 0 12 0 25 1 1 1 1.046776 0.000000 
39 1 0 0 3 3 1 0 3 15 18 4 4 1 1.072724 0.000000 
39 1 0 2 2 2 1 1 10 10 2 3 3 1 0.946399 0.000000 
39 1 0 1 1 2 0 1 5 6 8 2 2 1 1.233364 0.000000 
39 1 0 1 2 1 0 0 6 9 42 3 3 1 1.196442 0.000000 
39 1 0 0 0 3 0 1 0 3 6 1 1 1 1.401414 0.000000 
39 1 0 1 1 1 1 1 5 5 1 2 2 1 0.781906 0.000000 
39 1 0 0 3 3 1 0 3 15 18 4 4 1 1.178480 0.000000 
39 1 0 0 3 3 1 0 3 15 18 4 4 1 0.616168 0.000000 
39 1 1 3 0 0 1 0 12 0 25 4 4 1 0.108026 0.000000 
39 1 1 2 1 1 1 0 9 5 23 3 3 1 1.547622 0.000000 
39 1 0 3 0 0 1 0 12 0 25 1 4 0 0.722767 0.000000 
39 1 1 1 2 1 0 0 6 9 42 2 2 1 1.758301 0.000000 
39 1 0 3 3 0 0 1 15 12 13 4 4 1 1.580442 0.000000 
39 1 1 1 2 1 0 0 6 9 42 2 2 1 1.521286 0.000000 
39 1 1 2 1 1 1 0 9 5 23 3 3 1 1.833099 0.000000 
39 1 0 1 1 2 0 1 5 6 8 2 2 1 2.868496 0.000000 
39 1 0 0 3 3 1 0 3 15 18 4 4 1 0.734726 0.000000 
39 1 0 3 0 3 0 0 12 3 99 1 1 1 0.805610 0.000000 
39 1 0 1 1 2 0 1 5 6 8 2 2 1 1.409875 0.000000 
39 1 0 3 3 0 0 1 15 12 13 4 4 1 1.093329 0.000000 
39 1 0 3 3 0 0 1 15 12 13 4 4 1 0.494264 0.000000 
39 1 1 2 1 2 0 0 9 6 43 3 3 1 1.543103 0.000000 
39 1 0 0 3 0 0 0 3 12 34 4 4 1 1.638280 0.000000 
39 1 1 3 3 3 1 1 15 15 3 4 4 1 1.289459 0.000000 
39 1 1 3 0 0 1 0 12 0 25 4 4 1 3.377676 0.000000 
39 1 1 0 3 3 1 0 3 15 18 1 1 1 1.512049 0.000000 
39 1 0 3 3 3 1 1 15 15 3 4 4 1 0.792576 0.000000 
39 1 1 1 1 2 0 1 5 6 8 2 2 1 1.437499 0.000000 
39 1 0 0 3 3 1 0 3 15 18 4 4 1 1.352648 0.000000 
39 1 0 3 0 3 0 0 12 3 99 1 1 1 1.135009 0.000000 
39 1 0 2 2 1 0 1 10 9 11 3 3 1 1.509967 0.000000 
39 1 0 1 2 1 0 0 6 9 42 3 3 1 1.221589 0.000000 
39 1 0 3 3 3 1 1 15 15 3 4 4 1 0.841290 0.000000 
39 1 1 1 2 2 1 0 6 10 20 2 2 1 1.604225 0.000000 
39 1 0 3 3 3 1 1 15 15 3 4 4 1 0.968716 0.000000 
39 1 0 0 3 3 1 0 3 15 18 4 4 1 1.534398 0.000000 
39 1 0 1 1 2 0 1 5 6 8 2 2 1 1.037534 0.000000 
39 1 0 0 3 0 0 0 3 12 34 4 4 1 1.015516 0.000000 
39 1 0 1 2 1 0 0 6 9 42 3 3 1 0.955819 0.000000 
39 1 0 3 0 0 1 0 12 0 25 1 1 1 2.610183 0.000000 
39 1 0 1 2 2 1 0 6 10 20 3 3 1 0.743002 0.000000 
39 1 0 3 0 0 1 0 12 0 25 1 1 1 1.053880 0.000000 
39 1 0 2 2 2 1 1 10 10 2 3 4 0 0.088167 0.000000 
39 1 0 0 0 0 1 1 0 0 0 1 1 1 0.916761 0.000000 
39 1 0 2 1 1 1 0 9 5 23 2 2 1 1.027171 0.000000 
39 1 0 0 0 3 0 1 0 3 6 1 1 1 1.022606 0.000000 
39 1 0 3 0 0 1 0 12 0 25 1 1 1 0.786232 0.000000 
39 1 0 2 1 1 1 0 9 5 23 2 2 1 3.407221 0.000000 
39 1 0 1 1 2 0 1 5 6 8 2 2 1 1.076362 0.000000 
39 1 0 2 1 2 0 0 9 6 43 2 2 1 1.270011 0.000000 
39 1 1 0 0 0 1 1 0 0 0 1 1 1 1.078753 0.000000 
39 1 0 2 1 2 0 0 9 6 43 2 2 1 1.400406 0.000000 
39 1 0 3 0 3 0 0 12 3 99 1 1 1 0.852865 0.000000 
39 1 0 1 2 1 0 0 6 9 42 3 3 1 0.855127 0.000000 
39 1 0 0 3 3 1 0 3 15 18 4 4 1 1.513406 0.000000 
39 1 0 0 3 3 1 0 3 15 18 4 4 1 0.569811 0.000000 
39 1 0 2 1 2 0 0 9 6 43 2 2 1 1.071335 0.000000 
39 1 1 1 1 2 0 1 5 6 8 2 2 1 1.663994 0.000000 
39 1 1 2 1 2 0 0 9 6 43 3 2 0 0.770523 0.000000 
39 1 0 3 3 0 0 1 15 12 13 4 4 1 1.420100 0.000000 
39 1 1 0 0 3 0 1 0 3 6 1 1 1 1.071418 0.000000 
39 1 0 3 3 3 1 1 15 15 3 4 4 1 0.673084 0.000000 
39 1 0 3 3 3 1 1 15 15 3 4 4 1 0.770578 0.000000 
39 1 0 2 2 2 1 1 10 10 2 3 3 1 0.752151 0.000000 
39 1 1 3 0 3 0 0 12 3 99 4 4 1 1.285351 0.000000 
39 1 0 0 0 0 1 1 0 0 0 1 1 1 1.326455 0.000000 
39 1 0 0 3 3 1 0 3 15 18 4 4 1 1.190187 0.000000 
39 2 0 3 0 0 1 0 12 0 25 1 1 1 1.122615 0.000000 
39 2 0 3 0 0 1 0 12 0 25 1 1 1 0.498386 0.000000 
39 2 1 2 1 1 1 0 9 5 23 3 3 1 1.307192 0.000000 
39 2 1 3 3 3 1 1 15 15 3 4 4 1 1.643625 0.000000 
39 2 0 0 3 0 0 0 3 12 34 4 4 1 0.758811 0.000000 
39 2 0 3 0 3 0 0 12 3 99 1 1 1 1.412038 0.000000 
39 2 1 3 3 0 0 1 15 12 13 4 4 1 1.248487 0.000000 
39 2 0 3 0 3 0 0 12 3 99 1 1 1 1.099497 0.000000 
39 2 0 3 0 3 0 0 12 3 99 1 1 1 1.004067 0.000000 
39 2 0 2 1 2 0 0 9 6 43 2 2 1 1.416192 0.000000 
39 2 0 0 0 3 0 1 0 3 6 1 1 1 0.924219 0.000000 
39 2 0 0 3 3 1 0 3 15 18 4 4 1 1.123619 0.000000 
39 2 0 1 2 2 1 0 6 10 20 3 3 1 0.746261 0.000000 
39 2 0 2 1 1 1 0 9 5 23 2 2 1 0.785136 0.000000 
39 2 0 0 0 3 0 1 0 3 6 1 1 1 0.798020 0.000000 
39 2 1 0 3 3 1 0 3 15 18 1 1 1 1.194906 0.000000 
39 2 1 3 0 0 1 0 12 0 25 4 1 0 0.639928 0.000000 
39 2 0 1 1 1 1 1 5 5 1 2 2 1 0.918743 0.000000 
39 2 0 2 1 1 1 0 9 5 23 2 2 1 1.085913 0.000000 
39 2 1 1 1 1 1 1 5 5 1 2 2 1 1.229931 0.000000 
39 2 0 2 1 2 0 0 9 6 43 2 2 1 0.737626 0.000000 
39 2 1 1 2 1 0 0 6 9 42 2 3 0 1.448517 0.000000 
39 2 1 0 0 3 0 1 0 3 6 1 1 1 1.415638 0.000000 
39 2 1 0 0 3 0 1 0 3 6 1 1 1 1.299610 0.000000 
39 2 0 3 0 3 0 0 12 3 99 1 1 1 0.955953 0.000000 
39 2 1 3 3 0 0 1 15 12 13 4 4 1 1.681358 0.000000 
39 2 0 1 1 1 1 1 5 5 1 2 2 1 1.019229 0.000000 
39 2 0 2 2 2 1 1 10 10 2 3 3 1 0.902863 0.000000 
39 2 1 0 3 0 0 0 3 12 34 1 1 1 1.071142 0.000000 
39 2 0 1 2 2 1 0 6 10 20 3 3 1 1.776824 0.000000 
39 2 0 3 0 3 0 0 12 3 99 1 1 1 1.582736 0.000000 
39 2 1 3 0 0 1 0 12 0 25 4 4 1 2.019177 0.000000 
39 2 0 2 1 2 0 0 9 6 43 2 2 1 1.390963 0.000000 
39 2 1 3 3 3 1 1 15 15 3 4 4 1 3.348096 0.000000 
39 2 0 1 1 2 0 1 5 6 8 2 2 1 0.787928 0.000000 
39 2 0 0 0 3 0 1 0 3 6 1 1 1 0.768820 0.000000 
39 2 0 2 1 2 0 0 9 6 43 2 2 1 0.862354 0.000000 
39 2 0 3 3 0 0 1 15 12 13 4 1 0 0.736606 0.000000 
39 2 0 2 1 2 0 0 9 6 43 2 2 1 0.866446 0.000000 
39 2 0 1 1 1 1 1 5 5 1 2 2 1 1.356054 0.000000 
39 2 0 0 3 3 1 0 3 15 18 4 4 1 1.018025 0.000000 
39 2 1 3 0 0 1 0 12 0 25 4 4 1 1.405683 0.000000 
39 2 1 2 1 2 0 0 9 6 43 3 2 0 1.506154 0.000000 
39 2 0 1 1 1 1 1 5 5 1 2 2 1 2.805681 0.000000 
39 2 0 1 2 2 1 0 6 10 20 3 3 1 1.082165 0.000000 
39 2 0 3 0 0 1 0 12 0 25 1 1 1 1.195850 0.000000 
39 2 1 0 3 3 1 0 3 15 18 1 1 1 1.504891 0.000000 
39 2 0 1 1 1 1 1 5 5 1 2 2 1 0.705353 0.000000 
39 2 0 0 3 0 0 0 3 12 34 4 4 1 1.441587 0.000000 
39 2 0 2 1 2 0 0 9 6 43 2 2 1 0.980652 0.000000 
39 2 0 0 3 3 1 0 3 15 18 4 1 0 0.801318 0.000000 
39 2 0 1 1 2 0 1 5 6 8 2 2 1 1.041494 0.000000 
39 2 0 3 3 0 0 1 15 12 13 4 4 1 1.516007 0.000000 
39 2 0 0 0 0 1 1 0 0 0 1 1 1 0.620060 0.000000 
39 2 0 1 2 2 1 0 6 10 20 3 3 1 1.383445 0.000000 
39 2 0 3 3 3 1 1 15 15 3 4 4 1 0.916498 0.000000 
39 2 0 0 0 3 0 1 0 3 6 1 1 1 0.788093 0.000000 
39 2 0 0 3 3 1 0 3 15 18 4 4 1 1.152005 0.000000 
39 2 0 1 1 2 0 1 5 6 8 2 2 1 1.382330 0.000000 
39 2 0 0 0 0 1 1 0 0 0 1 1 1 0.668003 0.000000 
39 2 0 1 1 2 0 1 5 6 8 2 2 1 0.885629 0.000000 
39 2 0 3 0 0 1 0 12 0 25 1 1 1 0.966545 0.000000 
39 2 0 3 0 3 0 0 12 3 99 1 1 1 0.884147 0.000000 
39 2 0 3 0 3 0 0 12 3 99 1 1 1 0.621091 0.000000 
39 2 0 2 2 1 0 1 10 9 11 3 3 1 1.455574 0.000000 
39 2 0 1 1 2 0 1 5 6 8 2 2 1 0.858005 0.000000 
39 2 0 2 2 1 0 1 10 9 11 3 3 1 0.924301 0.000000 
39 2 1 2 1 2 0 0 9 6 43 3 3 1 1.291902 0.000000 
39 2 0 3 0 0 1 0 12 0 25 1 1 1 0.804977 0.000000 
39 2 0 3 3 0 0 1 15 12 13 4 4 1 0.993225 0.000000 
39 2 0 0 3 3 1 0 3 15 18 4 4 1 0.710177 0.000000 
39 2 0 1 1 1 1 1 5 5 1 2 2 1 0.893390 0.000000 
39 2 1 2 1 2 0 0 9 6 43 3 3 1 1.294285 0.000000 
39 2 0 0 3 3 1 0 3 15 18 4 4 1 1.031374 0.000000 
39 2 0 3 3 0 0 1 15 12 13 4 4 1 0.962986 0.000000 
39 2 1 2 1 2 0 0 9 6 43 3 0 0 5.000002 0.000000 
39 2 0 2 1 2 0 0 9 6 43 2 2 1 2.042160 0.000000 
39 2 0 1 1 2 0 1 5 6 8 2 2 1 1.341024 0.000000 
39 2 1 1 1 1 1 1 5 5 1 2 2 1 1.300094 0.000000 
39 2 0 1 2 2 1 0 6 10 20 3 3 1 1.060549 0.000000 
39 2 0 3 0 3 0 0 12 3 99 1 1 1 1.070884 0.000000 
39 2 0 2 2 2 1 1 10 10 2 3 3 1 0.824544 0.000000 
39 2 0 1 2 2 1 0 6 10 20 3 3 1 0.948084 0.000000 
39 2 0 1 1 2 0 1 5 6 8 2 2 1 0.817974 0.000000 
39 2 0 2 2 2 1 1 10 10 2 3 3 1 0.701601 0.000000 
39 2 1 1 1 1 1 1 5 5 1 2 2 1 2.005822 0.000000 
39 2 0 0 0 3 0 1 0 3 6 1 1 1 0.698461 0.000000 
39 2 0 3 3 3 1 1 15 15 3 4 4 1 0.755337 0.000000 
39 2 0 3 0 3 0 0 12 3 99 1 1 1 0.921524 0.000000 
39 2 0 1 1 2 0 1 5 6 8 2 2 1 0.977154 0.000000 
39 2 1 2 2 1 0 1 10 9 11 3 3 1 0.909752 0.000000 
39 2 1 0 0 3 0 1 0 3 6 1 1 1 0.661998 0.000000 
39 2 1 2 1 1 1 0 9 5 23 3 3 1 1.312243 0.000000 
39 2 0 0 3 0 0 0 3 12 34 4 4 1 1.064632 0.000000 
39 2 0 0 3 0 0 0 3 12 34 4 4 1 1.426943 0.000000 
39 2 0 2 1 2 0 0 9 6 43 2 2 1 0.902726 0.000000 
39 2 0 0 3 3 1 0 3 15 18 4 4 1 1.039026 0.000000 
39 2 0 2 2 2 1 1 10 10 2 3 3 1 0.768957 0.000000 
39 2 0 3 3 3 1 1 15 15 3 4 4 1 0.718530 0.000000 
39 2 0 0 0 0 1 1 0 0 0 1 1 1 1.174058 0.000000 
39 2 0 1 2 1 0 0 6 9 42 3 3 1 0.851734 0.000000 
39 2 1 1 2 2 1 0 6 10 20 2 2 1 1.334000 0.000000 
39 2 1 0 3 3 1 0 3 15 18 1 1 1 1.269049 0.000000 
39 2 0 0 3 0 0 0 3 12 34 4 4 1 0.982865 0.000000 
39 2 0 3 3 0 0 1 15 12 13 4 4 1 0.747000 0.000000 
39 2 0 2 2 1 0 1 10 9 11 3 3 1 1.865717 0.000000 
39 2 0 0 0 0 1 1 0 0 0 1 1 1 1.108088 0.000000 
39 2 0 3 3 3 1 1 15 15 3 4 4 1 0.699941 0.000000 
39 2 1 0 0 0 1 1 0 0 0 1 1 1 0.724191 0.000000 
39 2 0 1 1 2 0 1 5 6 8 2 2 1 0.843695 0.000000 
39 2 1 2 2 1 0 1 10 9 11 3 3 1 0.718567 0.000000 
39 2 1 2 2 1 0 1 10 9 11 3 3 1 0.645117 0.000000 
39 2 0 2 2 1 0 1 10 9 11 3 3 1 0.783955 0.000000 
39 2 0 2 2 2 1 1 10 10 2 3 3 1 0.636815 0.000000 
39 2 0 0 3 3 1 0 3 15 18 4 4 1 0.999689 0.000000 
39 2 0 3 3 3 1 1 15 15 3 4 4 1 0.660145 0.000000 
39 2 0 3 3 3 1 1 15 15 3 4 4 1 0.542120 0.000000 
39 2 1 2 2 2 1 1 10 10 2 3 3 1 0.820919 0.000000 
39 2 0 2 2 2 1 1 10 10 2 3 3 1 0.656440 0.000000 
39 2 1 1 2 2 1 0 6 10 20 2 2 1 1.169657 0.000000 
39 2 0 2 1 1 1 0 9 5 23 2 2 1 1.127362 0.000000 
39 2 1 2 1 1 1 0 9 5 23 3 3 1 0.911009 0.000000 
39 2 1 1 2 1 0 0 6 9 42 2 2 1 2.031325 0.000000 
39 2 0 0 0 3 0 1 0 3 6 1 1 1 1.571392 0.000000 
39 2 0 0 0 0 1 1 0 0 0 1 1 1 0.697160 0.000000 
39 2 0 2 1 1 1 0 9 5 23 2 2 1 1.017981 0.000000 
39 2 0 2 2 1 0 1 10 9 11 3 3 1 0.844675 0.000000 
39 2 0 2 1 1 1 0 9 5 23 2 2 1 0.791607 0.000000 
39 2 0 3 0 3 0 0 12 3 99 1 1 1 1.164473 0.000000 
39 2 0 1 1 2 0 1 5 6 8 2 2 1 0.858808 0.000000 
39 2 0 0 3 3 1 0 3 15 18 4 4 1 1.013101 0.000000 
39 2 0 1 2 2 1 0 6 10 20 3 3 1 1.297403 0.000000 
39 2 0 2 2 1 0 1 10 9 11 3 3 1 0.842454 0.000000 
39 2 0 0 0 3 0 1 0 3 6 1 4 0 1.164415 0.000000 
39 2 0 1 1 2 0 1 5 6 8 2 2 1 0.854699 0.000000 
39 2 1 2 2 2 1 1 10 10 2 3 3 1 1.120496 0.000000 
39 2 0 0 0 0 1 1 0 0 0 1 1 1 0.856180 0.000000 
39 2 1 2 2 2 1 1 10 10 2 3 3 1 0.874382 0.000000 
39 2 0 3 0 3 0 0 12 3 99 1 1 1 1.052007 0.000000 
39 2 0 1 1 1 1 1 5 5 1 2 2 1 1.093349 0.000000 
39 2 0 3 0 3 0 0 12 3 99 1 1 1 1.358369 0.000000 
39 2 0 2 1 1 1 0 9 5 23 2 2 1 0.916746 0.000000 
39 2 0 0 3 3 1 0 3 15 18 4 4 1 1.028372 0.000000 
39 2 0 3 0 0 1 0 12 0 25 1 1 1 0.687968 0.000000 
39 2 0 3 0 3 0 0 12 3 99 1 1 1 0.616864 0.000000 
39 2 0 1 1 2 0 1 5 6 8 2 2 1 0.884304 0.000000 
39 2 0 3 3 0 0 1 15 12 13 4 4 1 0.940423 0.000000 
39 2 0 2 2 1 0 1 10 9 11 3 3 1 0.931211 0.000000 
39 2 0 3 0 0 1 0 12 0 25 1 1 1 0.594815 0.000000 
39 2 1 0 0 0 1 1 0 0 0 1 1 1 1.447651 0.000000 
39 2 0 1 2 2 1 0 6 10 20 3 3 1 0.906767 0.000000 
39 2 0 3 3 3 1 1 15 15 3 4 1 0 0.539007 0.000000 
39 2 0 1 2 2 1 0 6 10 20 3 3 1 1.405824 0.000000 
39 2 0 1 2 2 1 0 6 10 20 3 3 1 0.697839 0.000000 
39 2 0 3 0 3 0 0 12 3 99 1 1 1 0.745662 0.000000 
39 2 0 3 0 0 1 0 12 0 25 1 1 1 0.760524 0.000000 
39 2 1 1 1 2 0 1 5 6 8 2 2 1 0.822738 0.000000 
39 2 0 2 1 2 0 0 9 6 43 2 2 1 0.866331 0.000000 
39 2 1 2 1 1 1 0 9 5 23 3 3 1 0.940065 0.000000 
39 2 0 0 3 3 1 0 3 15 18 4 4 1 0.866843 0.000000 
39 2 0 0 3 0 0 0 3 12 34 4 4 1 0.860451 0.000000 
39 2 1 0 0 0 1 1 0 0 0 1 1 1 0.885677 0.000000 
39 2 1 3 3 0 0 1 15 12 13 4 4 1 1.110607 0.000000 
39 2 0 1 2 1 0 0 6 9 42 3 3 1 0.934927 0.000000 
39 2 1 1 1 2 0 1 5 6 8 2 2 1 0.965856 0.000000 
39 2 0 2 2 2 1 1 10 10 2 3 3 1 1.035959 0.000000 
39 2 0 3 0 0 1 0 12 0 25 1 4 0 0.927156 0.000000 
39 2 0 1 1 2 0 1 5 6 8 2 2 1 0.818725 0.000000 
39 2 0 1 1 1 1 1 5 5 1 2 2 1 0.828873 0.000000 
39 2 1 0 0 3 0 1 0 3 6 1 1 1 1.448465 0.000000 
39 2 0 1 2 2 1 0 6 10 20 3 3 1 1.243579 0.000000 
39 2 0 2 2 2 1 1 10 10 2 3 3 1 0.566604 0.000000 
39 2 0 3 3 0 0 1 15 12 13 4 4 1 0.844112 0.000000 
39 2 0 0 3 0 0 0 3 12 34 4 4 1 0.702979 0.000000 
39 2 1 1 1 1 1 1 5 5 1 2 2 1 1.807194 0.000000 
39 2 0 0 0 3 0 1 0 3 6 1 1 1 0.690801 0.000000 
39 2 0 0 3 3 1 0 3 15 18 4 4 1 1.427667 0.000000 
39 2 1 1 2 1 0 0 6 9 42 2 2 1 1.503440 0.000000 
39 2 0 1 1 1 1 1 5 5 1 2 2 1 0.623891 0.000000 
39 2 0 1 2 1 0 0 6 9 42 3 3 1 0.739390 0.000000 
39 2 0 3 3 0 0 1 15 12 13 4 4 1 0.634280 0.000000 
39 2 0 0 0 0 1 1 0 0 0 1 1 1 0.669091 0.000000 
39 2 0 0 3 0 0 0 3 12 34 4 4 1 0.869648 0.000000 
39 2 0 2 1 2 0 0 9 6 43 2 2 1 0.895198 0.000000 
39 2 0 3 3 3 1 1 15 15 3 4 1 0 1.048133 0.000000 
39 2 0 2 2 1 0 1 10 9 11 3 3 1 0.807068 0.000000 
39 2 0 1 1 2 0 1 5 6 8 2 2 1 0.906869 0.000000 
39 2 1 2 1 2 0 0 9 6 43 3 3 1 2.075190 0.000000 
39 2 1 0 0 0 1 1 0 0 0 1 1 1 1.205196 0.000000 
39 2 1 3 0 3 0 0 12 3 99 4 1 0 0.928559 0.000000 
39 2 0 0 0 0 1 1 0 0 0 1 1 1 0.964124 0.000000 
39 2 1 2 1 2 0 0 9 6 43 3 3 1 0.945971 0.000000 
39 3 0 0 0 3 0 1 0 3 6 1 1 1 0.944544 0.000000 
39 3 0 3 3 0 0 1 15 12 13 4 4 1 0.991605 0.000000 
39 3 0 2 1 1 1 0 9 5 23 2 2 1 2.915589 0.000000 
39 3 0 2 1 1 1 0 9 5 23 2 2 1 1.180146 0.000000 
39 3 0 2 1 2 0 0 9 6 43 2 2 1 0.865624 0.000000 
39 3 0 3 3 3 1 1 15 15 3 4 4 1 0.859869 0.000000 
39 3 0 2 1 2 0 0 9 6 43 2 2 1 0.806101 0.000000 
39 3 0 3 3 3 1 1 15 15 3 4 4 1 0.618344 0.000000 
39 3 0 0 0 3 0 1 0 3 6 1 1 1 0.636877 0.000000 
39 3 0 1 2 1 0 0 6 9 42 3 3 1 0.879673 0.000000 
39 3 0 0 0 3 0 1 0 3 6 1 1 1 0.657248 0.000000 
39 3 0 2 1 1 1 0 9 5 23 2 3 0 0.747393 0.000000 
39 3 0 0 0 0 1 1 0 0 0 1 1 1 0.678243 0.000000 
39 3 0 2 2 2 1 1 10 10 2 3 3 1 0.767296 0.000000 
39 3 0 1 2 1 0 0 6 9 42 3 3 1 0.860883 0.000000 
39 3 0 3 0 3 0 0 12 3 99 1 1 1 1.254183 0.000000 
39 3 0 2 1 1 1 0 9 5 23 2 2 1 0.792519 0.000000 
39 3 0 1 1 1 1 1 5 5 1 2 2 1 0.789395 0.000000 
39 3 1 2 1 2 0 0 9 6 43 3 3 1 1.442304 0.000000 
39 3 0 1 2 1 0 0 6 9 42 3 3 1 0.773405 0.000000 
39 3 0 2 1 1 1 0 9 5 23 2 2 1 1.058963 0.000000 
39 3 0 2 1 2 0 0 9 6 43 2 2 1 0.861276 0.000000 
39 3 0 2 1 2 0 0 9 6 43 2 2 1 0.631497 0.000000 
39 3 1 2 2 1 0 1 10 9 11 3 3 1 1.145998 0.000000 
39 3 0 3 3 0 0 1 15 12 13 4 4 1 0.993012 0.000000 
39 3 0 0 3 0 0 0 3 12 34 4 4 1 0.717985 0.000000 
39 3 0 1 1 2 0 1 5 6 8 2 2 1 0.893519 0.000000 
39 3 0 1 1 1 1 1 5 5 1 2 2 1 0.662445 0.000000 
39 3 0 0 3 0 0 0 3 12 34 4 4 1 0.736619 0.000000 
39 3 1 1 1 2 0 1 5 6 8 2 2 1 0.807465 0.000000 
39 3 1 3 3 3 1 1 15 15 3 4 4 1 0.826776 0.000000 
39 3 0 2 1 2 0 0 9 6 43 2 2 1 0.742240 0.000000 
39 3 0 0 0 0 1 1 0 0 0 1 1 1 0.701130 0.000000 
39 3 0 3 3 3 1 1 15 15 3 4 1 0 0.749358 0.000000 
39 3 0 3 3 0 0 1 15 12 13 4 4 1 0.880168 0.000000 
39 3 0 1 1 1 1 1 5 5 1 2 2 1 0.905330 0.000000 
39 3 0 2 1 2 0 0 9 6 43 2 2 1 0.809583 0.000000 
39 3 0 0 0 0 1 1 0 0 0 1 1 1 0.725822 0.000000 
39 3 0 0 0 3 0 1 0 3 6 1 1 1 1.044331 0.000000 
39 3 0 1 2 1 0 0 6 9 42 3 3 1 1.095331 0.000000 
39 3 0 2 2 2 1 1 10 10 2 3 3 1 0.680270 0.000000 
39 3 0 3 0 0 1 0 12 0 25 1 1 1 0.625787 0.000000 
39 3 0 2 2 1 0 1 10 9 11 3 3 1 0.717271 0.000000 
39 3 1 1 1 1 1 1 5 5 1 2 2 1 1.220826 0.000000 
39 3 1 3 3 3 1 1 15 15 3 4 4 1 1.328529 0.000000 
39 3 0 1 1 1 1 1 5 5 1 2 2 1 0.575315 0.000000 
39 3 0 1 2 1 0 0 6 9 42 3 3 1 0.828761 0.000000 
39 3 0 3 3 3 1 1 15 15 3 4 4 1 0.664324 0.000000 
39 3 0 1 1 1 1 1 5 5 1 2 2 1 0.666501 0.000000 
39 3 0 1 2 1 0 0 6 9 42 3 3 1 0.715998 0.000000 
39 3 1 0 3 0 0 0 3 12 34 1 1 1 1.452017 0.000000 
39 3 0 2 1 2 0 0 9 6 43 2 3 0 0.845989 0.000000 
39 3 1 0 3 0 0 0 3 12 34 1 1 1 1.500947 0.000000 
39 3 0 0 0 3 0 1 0 3 6 1 1 1 1.180006 0.000000 
39 3 0 0 3 3 1 0 3 15 18 4 4 1 0.905688 0.000000 
39 3 0 2 2 1 0 1 10 9 11 3 2 0 0.857949 0.000000 
39 3 0 2 2 2 1 1 10 10 2 3 3 1 0.672146 0.000000 
39 3 0 0 0 3 0 1 0 3 6 1 1 1 0.649214 0.000000 
39 3 0 0 3 0 0 0 3 12 34 4 4 1 0.979997 0.000000 
39 3 0 1 1 1 1 1 5 5 1 2 2 1 1.033686 0.000000 
39 3 1 2 2 2 1 1 10 10 2 3 3 1 1.107641 0.000000 
39 3 1 1 1 2 0 1 5 6 8 2 2 1 1.588022 0.000000 
39 3 0 0 0 3 0 1 0 3 6 1 1 1 0.993202 0.000000 
39 3 1 3 0 0 1 0 12 0 25 4 4 1 1.558182 0.000000 
39 3 0 0 3 0 0 0 3 12 34 4 4 1 0.788656 0.000000 
39 3 0 1 1 1 1 1 5 5 1 2 2 1 0.785559 0.000000 
39 3 0 0 3 0 0 0 3 12 34 4 4 1 1.301472 0.000000 
39 3 1 0 3 0 0 0 3 12 34 1 1 1 1.125868 0.000000 
39 3 0 0 3 0 0 0 3 12 34 4 4 1 1.093531 0.000000 
39 3 0 1 1 2 0 1 5 6 8 2 2 1 0.870516 0.000000 
39 3 1 1 2 1 0 0 6 9 42 2 2 1 1.256122 0.000000 
39 3 0 3 3 0 0 1 15 12 13 4 4 1 0.738531 0.000000 
39 3 0 0 3 3 1 0 3 15 18 4 4 1 0.713378 0.000000 
39 3 1 2 2 2 1 1 10 10 2 3 3 1 1.168610 0.000000 
39 3 1 0 3 3 1 0 3 15 18 1 1 1 0.966289 0.000000 
39 3 1 1 2 2 1 0 6 10 20 2 2 1 1.004124 0.000000 
39 3 0 3 0 0 1 0 12 0 25 1 1 1 1.480224 0.000000 
39 3 0 0 3 3 1 0 3 15 18 4 4 1 1.025988 0.000000 
39 3 0 0 3 3 1 0 3 15 18 4 4 1 0.621671 0.000000 
39 3 0 1 2 1 0 0 6 9 42 3 3 1 1.113177 0.000000 
39 3 0 2 1 1 1 0 9 5 23 2 2 1 0.680503 0.000000 
39 3 0 3 3 0 0 1 15 12 13 4 4 1 0.986020 0.000000 
39 3 1 1 2 2 1 0 6 10 20 2 2 1 1.230970 0.000000 
39 3 0 3 3 0 0 1 15 12 13 4 4 1 1.194702 0.000000 
39 3 1 1 2 2 1 0 6 10 20 2 2 1 1.207725 0.000000 
39 3 0 2 1 1 1 0 9 5 23 2 2 1 1.044120 0.000000 
39 3 0 2 1 1 1 0 9 5 23 2 2 1 0.735092 0.000000 
39 3 0 0 3 3 1 0 3 15 18 4 4 1 1.084976 0.000000 
39 3 0 3 3 3 1 1 15 15 3 4 4 1 0.589925 0.000000 
39 3 1 2 1 1 1 0 9 5 23 3 3 1 1.658826 0.000000 
39 3 0 3 0 0 1 0 12 0 25 1 1 1 1.197335 0.000000 
39 3 1 1 2 1 0 0 6 9 42 2 3 0 1.794395 0.000000 
39 3 0 0 3 3 1 0 3 15 18 4 4 1 0.915616 0.000000 
39 3 0 0 3 0 0 0 3 12 34 4 4 1 0.755423 0.000000 
39 3 0 2 2 1 0 1 10 9 11 3 3 1 0.880645 0.000000 
39 3 1 3 3 3 1 1 15 15 3 4 4 1 0.954225 0.000000 
39 3 0 3 3 3 1 1 15 15 3 4 4 1 0.496551 0.000000 
39 3 0 0 0 3 0 1 0 3 6 1 1 1 0.793262 0.000000 
39 3 1 2 2 2 1 1 10 10 2 3 3 1 0.838134 0.000000 
39 3 0 0 0 0 1 1 0 0 0 1 1 1 0.705009 0.000000 
39 3 1 2 1 2 0 0 9 6 43 3 2 0 1.569231 0.000000 
39 3 0 2 1 1 1 0 9 5 23 2 2 1 1.122062 0.000000 
39 3 0 2 2 2 1 1 10 10 2 3 3 1 0.737322 0.000000 
39 3 0 3 3 0 0 1 15 12 13 4 4 1 0.624181 0.000000 
39 3 1 3 3 0 0 1 15 12 13 4 4 1 0.987655 0.000000 
39 3 1 3 0 3 0 0 12 3 99 4 4 1 0.536621 0.000000 
39 3 0 3 3 3 1 1 15 15 3 4 4 1 0.511418 0.000000 
39 3 0 3 0 3 0 0 12 3 99 1 1 1 0.855537 0.000000 
39 3 0 3 3 0 0 1 15 12 13 4 4 1 0.745811 0.000000 
39 3 0 1 1 1 1 1 5 5 1 2 2 1 0.647650 0.000000 
39 3 0 2 2 1 0 1 10 9 11 3 3 1 0.594489 0.000000 
39 3 1 0 3 0 0 0 3 12 34 1 1 1 1.375317 0.000000 
39 3 0 1 2 1 0 0 6 9 42 3 3 1 0.772986 0.000000 
39 3 0 0 0 0 1 1 0 0 0 1 1 1 0.754597 0.000000 
39 3 1 1 2 1 0 0 6 9 42 2 2 1 1.256830 0.000000 
39 3 0 0 0 0 1 1 0 0 0 1 1 1 0.643224 0.000000 
39 3 0 0 0 0 1 1 0 0 0 1 1 1 0.621011 0.000000 
39 3 1 3 0 0 1 0 12 0 25 4 4 1 0.992521 0.000000 
39 3 1 0 0 0 1 1 0 0 0 1 1 1 0.725510 0.000000 
39 3 0 2 2 1 0 1 10 9 11 3 3 1 0.668990 0.000000 
39 3 0 1 1 1 1 1 5 5 1 2 2 1 0.766497 0.000000 
39 3 1 0 3 3 1 0 3 15 18 1 1 1 0.996023 0.000000 
39 3 0 1 1 2 0 1 5 6 8 2 2 1 0.992976 0.000000 
39 3 0 0 0 0 1 1 0 0 0 1 1 1 0.597990 0.000000 
39 3 0 3 3 3 1 1 15 15 3 4 1 0 1.049817 0.000000 
39 3 0 3 0 3 0 0 12 3 99 1 1 1 1.040367 0.000000 
39 3 0 1 1 2 0 1 5 6 8 2 2 1 1.043309 0.000000 
39 3 1 3 0 0 1 0 12 0 25 4 4 1 1.006240 0.000000 
39 3 1 1 1 2 0 1 5 6 8 2 2 1 0.970604 0.000000 
39 3 0 1 2 1 0 0 6 9 42 3 3 1 0.888213 0.000000 
39 3 1 1 1 1 1 1 5 5 1 2 2 1 0.937115 0.000000 
39 3 0 1 1 1 1 1 5 5 1 2 2 1 0.647080 0.000000 
39 3 0 2 2 1 0 1 10 9 11 3 4 0 0.729897 0.000000 
39 3 1 1 2 1 0 0 6 9 42 2 3 0 0.909397 0.000000 
39 3 0 0 0 0 1 1 0 0 0 1 1 1 0.697174 0.000000 
39 3 1 3 3 3 1 1 15 15 3 4 4 1 0.809605 0.000000 
39 3 0 1 2 2 1 0 6 10 20 3 3 1 0.885813 0.000000 
39 3 1 2 2 2 1 1 10 10 2 3 3 1 0.838746 0.000000 
39 3 0 2 2 2 1 1 10 10 2 3 3 1 0.544656 0.000000 
39 3 0 0 3 0 0 0 3 12 34 4 4 1 1.047451 0.000000 
39 3 0 2 2 1 0 1 10 9 11 3 3 1 0.834448 0.000000 
39 3 0 2 2 2 1 1 10 10 2 3 3 1 0.645350 0.000000 
39 3 0 2 1 2 0 0 9 6 43 2 2 1 0.760178 0.000000 
39 3 0 0 0 3 0 1 0 3 6 1 4 0 1.254383 0.000000 
39 3 1 2 2 1 0 1 10 9 11 3 3 1 1.500791 0.000000 
39 3 0 1 1 2 0 1 5 6 8 2 2 1 0.683805 0.000000 
39 3 0 3 0 3 0 0 12 3 99 1 1 1 1.468681 0.000000 
39 3 0 3 0 0 1 0 12 0 25 1 1 1 0.662487 0.000000 
39 3 0 3 3 3 1 1 15 15 3 4 4 1 0.936646 0.000000 
39 3 0 1 1 1 1 1 5 5 1 2 2 1 0.647567 0.000000 
39 3 0 1 2 1 0 0 6 9 42 3 3 1 0.658420 0.000000 
39 3 1 2 1 1 1 0 9 5 23 3 3 1 1.068589 0.000000 
39 3 0 1 1 1 1 1 5 5 1 2 2 1 0.797286 0.000000 
39 3 1 1 2 1 0 0 6 9 42 2 3 0 0.906132 0.000000 
39 3 1 2 2 2 1 1 10 10 2 3 3 1 0.630495 0.000000 
39 3 0 3 3 0 0 1 15 12 13 4 4 1 1.145440 0.000000 
39 3 0 3 3 3 1 1 15 15 3 4 4 1 0.512424 0.000000 
39 3 0 3 0 3 0 0 12 3 99 1 1 1 0.888542 0.000000 
39 3 1 2 2 1 0 1 10 9 11 3 3 1 1.257486 0.000000 
39 3 0 1 2 2 1 0 6 10 20 3 3 1 0.747873 0.000000 
39 3 0 1 1 1 1 1 5 5 1 2 2 1 0.625700 0.000000 
39 3 1 0 3 3 1 0 3 15 18 1 4 0 1.045217 0.000000 
39 3 0 3 0 0 1 0 12 0 25 1 1 1 1.372224 0.000000 
39 3 0 2 2 1 0 1 10 9 11 3 3 1 0.857525 0.000000 
39 3 1 2 1 2 0 0 9 6 43 3 3 1 0.843753 0.000000 
39 3 0 3 0 0 1 0 12 0 25 1 1 1 0.766673 0.000000 
39 3 1 3 0 3 0 0 12 3 99 4 4 1 3.523319 0.000000 
39 3 0 3 0 3 0 0 12 3 99 1 1 1 1.043810 0.000000 
39 3 0 0 3 0 0 0 3 12 34 4 4 1 1.078807 0.000000 
39 3 0 2 2 2 1 1 10 10 2 3 3 1 0.928453 0.000000 
39 3 1 2 2 2 1 1 10 10 2 3 3 1 0.728038 0.000000 
39 3 0 3 0 0 1 0 12 0 25 1 1 1 1.023581 0.000000 
39 3 0 1 1 1 1 1 5 5 1 2 2 1 0.851222 0.000000 
39 3 0 1 2 1 0 0 6 9 42 3 3 1 0.884508 0.000000 
39 3 0 3 3 3 1 1 15 15 3 4 1 0 1.413449 0.000000 
39 3 0 0 3 0 0 0 3 12 34 4 1 0 0.957841 0.000000 
39 3 1 1 2 2 1 0 6 10 20 2 2 1 2.327713 0.000000 
39 3 0 3 0 3 0 0 12 3 99 1 1 1 1.143356 0.000000 
39 3 0 2 1 2 0 0 9 6 43 2 2 1 0.982369 0.000000 
39 3 1 0 3 3 1 0 3 15 18 1 4 0 1.402968 0.000000 
39 3 0 0 3 3 1 0 3 15 18 4 4 1 0.947435 0.000000 
39 3 0 0 0 3 0 1 0 3 6 1 1 1 0.945965 0.000000 
39 3 1 0 3 3 1 0 3 15 18 1 1 1 1.240905 0.000000 
39 3 0 2 1 2 0 0 9 6 43 2 2 1 0.963926 0.000000 
39 3 0 3 0 0 1 0 12 0 25 1 1 1 1.194260 0.000000 
39 3 0 3 0 0 1 0 12 0 25 1 1 1 0.591263 0.000000 
39 3 0 1 1 2 0 1 5 6 8 2 2 1 0.779095 0.000000 
39 3 0 0 3 0 0 0 3 12 34 4 4 1 1.472658 0.000000 
39 3 0 3 0 3 0 0 12 3 99 1 1 1 1.418478 0.000000 
39 3 0 1 2 2 1 0 6 10 20 3 3 1 0.750224 0.000000 
39 3 0 3 3 0 0 1 15 12 13 4 4 1 0.940440 0.000000 
39 3 0 0 0 3 0 1 0 3 6 1 1 1 0.659429 0.000000 
39 4 1 0 0 0 1 1 0 0 0 1 1 1 1.233876 0.000000 
39 4 0 0 3 3 1 0 3 15 18 4 4 1 1.109022 0.000000 
39 4 0 3 3 0 0 1 15 12 13 4 4 1 1.252465 0.000000 
39 4 0 1 1 2 0 1 5 6 8 2 2 1 0.838812 0.000000 
39 4 0 2 1 2 0 0 9 6 43 2 2 1 1.057737 0.000000 
39 4 0 3 3 3 1 1 15 15 3 4 4 1 0.812012 0.000000 
39 4 0 2 2 1 0 1 10 9 11 3 2 0 0.952262 0.000000 
39 4 0 3 0 0 1 0 12 0 25 1 1 1 0.666513 0.000000 
39 4 1 1 2 1 0 0 6 9 42 2 2 1 1.276032 0.000000 
39 4 0 2 2 1 0 1 10 9 11 3 3 1 0.789322 0.000000 
39 4 0 2 1 2 0 0 9 6 43 2 2 1 1.025207 0.000000 
39 4 0 2 2 1 0 1 10 9 11 3 3 1 2.476923 0.000000 
39 4 0 3 0 3 0 0 12 3 99 1 1 1 1.303030 0.000000 
39 4 0 1 1 1 1 1 5 5 1 2 2 1 0.999492 0.000000 
39 4 0 3 3 3 1 1 15 15 3 4 4 1 0.875983 0.000000 
39 4 1 0 3 0 0 0 3 12 34 1 1 1 1.269375 0.000000 
39 4 0 1 2 2 1 0 6 10 20 3 3 1 1.518135 0.000000 
39 4 1 3 0 3 0 0 12 3 99 4 4 1 3.982060 0.000000 
39 4 0 0 3 0 0 0 3 12 34 4 4 1 0.964008 0.000000 
39 4 1 1 2 2 1 0 6 10 20 2 2 1 1.298366 0.000000 
39 4 0 1 1 1 1 1 5 5 1 2 2 1 0.851433 0.000000 
39 4 0 0 0 3 0 1 0 3 6 1 1 1 1.325681 0.000000 
39 4 1 1 2 2 1 0 6 10 20 2 2 1 1.972448 0.000000 
39 4 0 3 0 3 0 0 12 3 99 1 4 0 0.978381 0.000000 
39 4 1 0 3 0 0 0 3 12 34 1 1 1 1.628056 0.000000 
39 4 0 0 3 0 0 0 3 12 34 4 4 1 0.959453 0.000000 
39 4 0 1 2 2 1 0 6 10 20 3 3 1 0.989728 0.000000 
39 4 0 0 0 0 1 1 0 0 0 1 1 1 0.890673 0.000000 
39 4 0 2 1 2 0 0 9 6 43 2 2 1 1.130639 0.000000 
39 4 0 3 3 0 0 1 15 12 13 4 4 1 1.154298 0.000000 
39 4 1 0 3 0 0 0 3 12 34 1 1 1 1.728683 0.000000 
39 4 0 1 1 2 0 1 5 6 8 2 2 1 0.976579 0.000000 
39 4 0 0 3 3 1 0 3 15 18 4 4 1 1.478234 0.000000 
39 4 1 1 2 2 1 0 6 10 20 2 2 1 1.952027 0.000000 
39 4 0 0 0 0 1 1 0 0 0 1 1 1 0.637673 0.000000 
39 4 1 3 0 3 0 0 12 3 99 4 4 1 1.968567 0.000000 
39 4 0 0 3 0 0 0 3 12 34 4 4 1 0.758527 0.000000 
39 4 0 1 2 1 0 0 6 9 42 3 3 1 0.940741 0.000000 
39 4 1 1 2 1 0 0 6 9 42 2 2 1 1.515658 0.000000 
39 4 1 2 2 2 1 1 10 10 2 3 3 1 0.811966 0.000000 
39 4 0 3 3 3 1 1 15 15 3 4 4 1 0.656371 0.000000 
39 4 0 2 1 2 0 0 9 6 43 2 2 1 1.681592 0.000000 
39 4 0 2 1 1 1 0 9 5 23 2 2 1 0.723440 0.000000 
39 4 0 1 2 2 1 0 6 10 20 3 2 0 1.315014 0.000000 
39 4 1 1 2 2 1 0 6 10 20 2 2 1 1.127370 0.000000 
39 4 0 1 1 1 1 1 5 5 1 2 2 1 1.094622 0.000000 
39 4 0 1 2 2 1 0 6 10 20 3 3 1 1.095605 0.000000 
39 4 0 0 0 0 1 1 0 0 0 1 1 1 0.719614 0.000000 
39 4 0 2 1 1 1 0 9 5 23 2 2 1 1.015142 0.000000 
39 4 0 1 2 2 1 0 6 10 20 3 3 1 0.803415 0.000000 
39 4 0 3 0 0 1 0 12 0 25 1 1 1 0.607644 0.000000 
39 4 0 2 1 2 0 0 9 6 43 2 2 1 1.003814 0.000000 
39 4 0 2 2 2 1 1 10 10 2 3 3 1 0.616087 0.000000 
39 4 0 3 0 3 0 0 12 3 99 1 1 1 0.996051 0.000000 
39 4 1 2 2 2 1 1 10 10 2 3 3 1 0.816563 0.000000 
39 4 0 1 2 2 1 0 6 10 20 3 3 1 0.587151 0.000000 
39 4 1 3 3 0 0 1 15 12 13 4 4 1 1.111962 0.000000 
39 4 0 1 1 2 0 1 5 6 8 2 2 1 0.856318 0.000000 
39 4 0 1 1 2 0 1 5 6 8 2 2 1 0.978454 0.000000 
39 4 1 1 1 2 0 1 5 6 8 2 2 1 1.088155 0.000000 
39 4 0 1 1 2 0 1 5 6 8 2 2 1 0.657174 0.000000 
39 4 0 3 3 3 1 1 15 15 3 4 4 1 1.059371 0.000000 
39 4 0 0 0 0 1 1 0 0 0 1 1 1 0.636652 0.000000 
39 4 0 3 0 0 1 0 12 0 25 1 1 1 0.647466 0.000000 
39 4 0 3 0 3 0 0 12 3 99 1 1 1 0.690321 0.000000 
39 4 0 1 1 1 1 1 5 5 1 2 2 1 0.939139 0.000000 
39 4 0 1 1 1 1 1 5 5 1 2 2 1 0.594064 0.000000 
39 4 1 3 0 0 1 0 12 0 25 4 4 1 1.014917 0.000000 
39 4 0 3 3 0 0 1 15 12 13 4 4 1 0.691191 0.000000 
39 4 1 0 0 0 1 1 0 0 0 1 1 1 0.836002 0.000000 
39 4 1 3 3 3 1 1 15 15 3 4 4 1 0.885930 0.000000 
39 4 0 3 3 0 0 1 15 12 13 4 4 1 0.694912 0.000000 
39 4 0 0 0 3 0 1 0 3 6 1 1 1 0.791753 0.000000 
39 4 0 1 2 2 1 0 6 10 20 3 3 1 1.396609 0.000000 
39 4 0 3 0 3 0 0 12 3 99 1 1 1 0.761752 0.000000 
39 4 0 0 3 3 1 0 3 15 18 4 4 1 0.911983 0.000000 
39 4 0 1 2 1 0 0 6 9 42 3 3 1 0.784219 0.000000 
39 4 1 1 2 1 0 0 6 9 42 2 3 0 1.596111 0.000000 
39 4 0 3 0 3 0 0 12 3 99 1 1 1 0.981263 0.000000 
39 4 0 3 0 0 1 0 12 0 25 1 1 1 1.218459 0.000000 
39 4 1 1 2 1 0 0 6 9 42 2 2 1 1.726196 0.000000 
39 4 1 0 0 3 0 1 0 3 6 1 1 1 1.814100 0.000000 
39 4 0 3 3 0 0 1 15 12 13 4 4 1 1.026689 0.000000 
39 4 0 2 2 1 0 1 10 9 11 3 3 1 1.053377 0.000000 
39 4 0 0 0 0 1 1 0 0 0 1 1 1 0.711634 0.000000 
39 4 0 2 2 1 0 1 10 9 11 3 3 1 0.911821 0.000000 
39 4 0 0 3 3 1 0 3 15 18 4 4 1 0.984115 0.000000 
39 4 1 3 3 0 0 1 15 12 13 4 4 1 1.157041 0.000000 
39 4 0 3 3 0 0 1 15 12 13 4 4 1 0.643412 0.000000 
39 4 0 2 2 2 1 1 10 10 2 3 3 1 0.710259 0.000000 
39 4 0 2 1 2 0 0 9 6 43 2 2 1 0.846427 0.000000 
39 4 1 0 0 0 1 1 0 0 0 1 1 1 1.744416 0.000000 
39 4 1 1 1 2 0 1 5 6 8 2 2 1 2.095655 0.000000 
39 4 0 1 2 2 1 0 6 10 20 3 3 1 0.584980 0.000000 
39 4 0 2 2 1 0 1 10 9 11 3 3 1 0.685821 0.000000 
39 4 0 1 2 1 0 0 6 9 42 3 3 1 0.750661 0.000000 
39 4 0 2 1 2 0 0 9 6 43 2 2 1 0.740817 0.000000 
39 4 0 0 3 0 0 0 3 12 34 4 4 1 1.251738 0.000000 
39 4 0 1 1 2 0 1 5 6 8 2 2 1 1.077127 0.000000 
39 4 0 3 0 0 1 0 12 0 25 1 1 1 0.758779 0.000000 
39 4 1 0 3 0 0 0 3 12 34 1 1 1 1.413012 0.000000 
39 4 0 1 1 2 0 1 5 6 8 2 2 1 0.937459 0.000000 
39 4 1 3 0 0 1 0 12 0 25 4 4 1 1.000357 0.000000 
39 4 0 3 0 0 1 0 12 0 25 1 1 1 1.076708 0.000000 
39 4 1 0 0 0 1 1 0 0 0 1 1 1 0.918357 0.000000 
39 4 0 2 1 1 1 0 9 5 23 2 2 1 0.836972 0.000000 
39 4 0 0 3 3 1 0 3 15 18 4 1 0 1.103891 0.000000 
39 4 0 0 3 3 1 0 3 15 18 4 4 1 0.796147 0.000000 
39 4 1 2 2 2 1 1 10 10 2 3 3 1 0.880614 0.000000 
39 4 0 2 2 1 0 1 10 9 11 3 3 1 0.810218 0.000000 
39 4 0 3 3 3 1 1 15 15 3 4 4 1 0.974428 0.000000 
39 4 0 2 1 2 0 0 9 6 43 2 2 1 0.852039 0.000000 
39 4 1 0 0 0 1 1 0 0 0 1 1 1 0.957312 0.000000 
39 4 0 3 0 0 1 0 12 0 25 1 1 1 0.795605 0.000000 
39 4 0 3 3 0 0 1 15 12 13 4 4 1 0.728499 0.000000 
39 4 0 0 0 3 0 1 0 3 6 1 1 1 0.711990 0.000000 
39 4 0 2 2 2 1 1 10 10 2 3 3 1 0.632172 0.000000 
39 4 1 3 0 0 1 0 12 0 25 4 4 1 1.723698 0.000000 
39 4 0 0 0 3 0 1 0 3 6 1 4 0 0.706670 0.000000 
39 4 0 0 0 0 1 1 0 0 0 1 1 1 1.062716 0.000000 
39 4 0 0 3 3 1 0 3 15 18 4 4 1 0.784619 0.000000 
39 4 0 0 3 0 0 0 3 12 34 4 4 1 1.149548 0.000000 
39 4 1 2 1 1 1 0 9 5 23 3 3 1 2.676126 0.000000 
39 4 0 2 2 2 1 1 10 10 2 3 3 1 0.694189 0.000000 
39 4 0 3 0 3 0 0 12 3 99 1 1 1 1.294998 0.000000 
39 4 0 1 1 2 0 1 5 6 8 2 2 1 0.887104 0.000000 
39 4 0 3 0 3 0 0 12 3 99 1 1 1 2.432063 0.000000 
39 4 0 2 2 1 0 1 10 9 11 3 3 1 1.595997 0.000000 
39 4 1 0 0 3 0 1 0 3 6 1 1 1 1.049401 0.000000 
39 4 0 0 3 0 0 0 3 12 34 4 4 1 1.092128 0.000000 
39 4 0 0 0 3 0 1 0 3 6 1 1 1 0.860735 0.000000 
39 4 0 2 2 2 1 1 10 10 2 3 3 1 0.782002 0.000000 
39 4 0 3 0 0 1 0 12 0 25 1 1 1 1.323543 0.000000 
39 4 0 3 3 0 0 1 15 12 13 4 4 1 0.707257 0.000000 
39 4 0 0 0 3 0 1 0 3 6 1 1 1 1.059453 0.000000 
39 4 0 0 3 3 1 0 3 15 18 4 4 1 0.989756 0.000000 
39 4 0 2 2 2 1 1 10 10 2 3 3 1 1.322745 0.000000 
39 4 0 2 2 1 0 1 10 9 11 3 3 1 0.866462 0.000000 
39 4 0 3 3 0 0 1 15 12 13 4 4 1 0.692067 0.000000 
39 4 1 2 2 2 1 1 10 10 2 3 3 1 0.923894 0.000000 
39 4 0 0 0 3 0 1 0 3 6 1 1 1 1.027545 0.000000 
39 4 0 1 2 2 1 0 6 10 20 3 3 1 1.127173 0.000000 
39 4 0 1 2 1 0 0 6 9 42 3 3 1 0.862850 0.000000 
39 4 1 2 2 2 1 1 10 10 2 3 3 1 0.801093 0.000000 
39 4 0 0 0 3 0 1 0 3 6 1 1 1 1.213304 0.000000 
39 4 0 1 1 2 0 1 5 6 8 2 2 1 0.961718 0.000000 
39 4 0 2 2 1 0 1 10 9 11 3 3 1 0.766992 0.000000 
39 4 0 0 0 3 0 1 0 3 6 1 1 1 0.964532 0.000000 
39 4 0 3 0 3 0 0 12 3 99 1 4 0 0.786818 0.000000 
39 4 1 0 3 0 0 0 3 12 34 1 1 1 1.059677 0.000000 
39 4 0 3 0 0 1 0 12 0 25 1 1 1 0.653579 0.000000 
39 4 0 0 0 0 1 1 0 0 0 1 1 1 0.479714 0.000000 
39 4 0 2 2 2 1 1 10 10 2 3 3 1 0.721136 0.000000 
39 4 0 2 2 1 0 1 10 9 11 3 3 1 0.767648 0.000000 
39 4 0 2 1 2 0 0 9 6 43 2 2 1 0.893224 0.000000 
39 4 0 1 2 2 1 0 6 10 20 3 3 1 0.934131 0.000000 
39 4 1 3 0 3 0 0 12 3 99 4 4 1 0.949102 0.000000 
39 4 0 2 2 2 1 1 10 10 2 3 3 1 0.787992 0.000000 
39 4 0 1 2 1 0 0 6 9 42 3 3 1 0.664930 0.000000 
39 4 0 3 3 3 1 1 15 15 3 4 4 1 1.123098 0.000000 
39 4 1 3 3 3 1 1 15 15 3 4 4 1 0.978780 0.000000 
39 4 0 2 2 2 1 1 10 10 2 3 3 1 0.687389 0.000000 
39 4 0 0 3 3 1 0 3 15 18 4 4 1 0.616256 0.000000 
39 4 0 3 3 0 0 1 15 12 13 4 4 1 1.036173 0.000000 
39 4 0 2 2 2 1 1 10 10 2 3 3 1 0.982730 0.000000 
39 4 1 1 2 2 1 0 6 10 20 2 3 0 0.748088 0.000000 
39 4 1 1 2 2 1 0 6 10 20 2 3 0 1.102526 0.000000 
39 4 0 0 3 3 1 0 3 15 18 4 4 1 0.914407 0.000000 
39 4 0 0 0 0 1 1 0 0 0 1 1 1 0.729237 0.000000 
39 4 0 1 2 2 1 0 6 10 20 3 3 1 1.080736 0.000000 
39 4 0 2 2 1 0 1 10 9 11 3 3 1 0.818401 0.000000 
39 4 0 2 1 1 1 0 9 5 23 2 2 1 1.157976 0.000000 
39 4 1 3 0 3 0 0 12 3 99 4 4 1 0.956326 0.000000 
39 4 1 2 1 1 1 0 9 5 23 3 3 1 0.858599 0.000000 
39 4 1 0 3 3 1 0 3 15 18 1 1 1 0.900863 0.000000 
39 4 1 2 2 2 1 1 10 10 2 3 3 1 0.636118 0.000000 
39 4 0 1 1 1 1 1 5 5 1 2 2 1 0.654958 0.000000 
39 4 1 0 3 3 1 0 3 15 18 1 1 1 0.937146 0.000000 
39 4 0 1 1 2 0 1 5 6 8 2 2 1 0.992059 0.000000 
39 4 0 3 0 0 1 0 12 0 25 1 1 1 1.269026 0.000000 
39 4 0 2 1 2 0 0 9 6 43 2 2 1 1.030774 0.000000 
39 4 0 1 1 2 0 1 5 6 8 2 2 1 0.738398 0.000000 
39 4 0 1 2 1 0 0 6 9 42 3 2 0 0.617274 0.000000 
39 4 1 2 2 1 0 1 10 9 11 3 3 1 0.919746 0.000000 
39 4 0 2 1 1 1 0 9 5 23 2 2 1 1.094862 0.000000 
39 4 1 3 3 0 0 1 15 12 13 4 4 1 2.543975 0.000000 
39 4 0 0 0 3 0 1 0 3 6 1 1 1 1.655502 0.000000 
39 4 0 2 2 2 1 1 10 10 2 3 3 1 0.665985 0.000000 
39 4 0 2 1 1 1 0 9 5 23 2 2 1 1.172016 0.000000 
39 4 1 3 0 3 0 0 12 3 99 4 4 1 0.992882 0.000000 
39 4 0 1 1 1 1 1 5 5 1 2 2 1 0.797872 0.000000 
39 4 0 1 2 2 1 0 6 10 20 3 3 1 0.866744 0.000000 
