45 1 0 1 1 1 1 1 5 5 1 2 2 1 1.160427 0.000000 
45 1 0 3 3 3 1 1 15 15 3 4 4 1 0.558564 0.000000 
45 1 1 2 2 3 0 1 10 11 12 3 3 1 1.131737 0.000000 
45 1 0 1 1 1 1 1 5 5 1 2 2 1 0.699473 0.000000 
45 1 0 0 2 3 0 0 2 11 33 3 3 1 1.147977 0.000000 
45 1 0 0 0 2 0 1 0 2 5 1 1 1 0.682798 0.000000 
45 1 1 1 1 1 1 1 5 5 1 2 2 1 1.235882 0.000000 
45 1 0 0 0 0 1 1 0 0 0 1 1 1 1.446823 0.000000 
45 1 0 0 2 2 1 0 2 10 17 3 3 1 0.713996 0.000000 
45 1 0 3 3 3 1 1 15 15 3 4 4 1 0.513239 0.000000 
45 1 0 1 0 2 0 0 4 2 37 1 1 1 1.137356 0.000000 
45 1 0 3 1 0 0 0 13 4 50 2 2 1 0.984440 0.000000 
45 1 0 3 3 3 1 1 15 15 3 4 4 1 0.645454 0.000000 
45 1 0 3 1 1 1 0 13 5 26 2 2 1 0.824337 0.000000 
45 1 1 2 2 3 0 1 10 11 12 3 3 1 1.555972 0.000000 
45 1 0 0 2 3 0 0 2 11 33 3 3 1 1.050526 0.000000 
45 1 1 3 1 1 1 0 13 5 26 4 4 1 1.363904 0.000000 
45 1 0 1 1 0 0 1 5 4 7 2 2 1 1.098408 0.000000 
45 1 0 0 0 2 0 1 0 2 5 1 1 1 0.819402 0.000000 
45 1 1 1 1 1 1 1 5 5 1 2 2 1 1.095034 0.000000 
45 1 0 1 0 0 1 0 4 0 19 1 1 1 0.720102 0.000000 
45 1 0 0 2 3 0 0 2 11 33 3 3 1 0.879694 0.000000 
45 1 0 1 1 1 1 1 5 5 1 2 2 1 0.817383 0.000000 
45 1 0 1 1 1 1 1 5 5 1 2 2 1 0.803909 0.000000 
45 1 0 2 2 2 1 1 10 10 2 3 3 1 0.576177 0.000000 
45 1 0 0 0 2 0 1 0 2 5 1 1 1 0.653707 0.000000 
45 1 1 2 3 3 1 0 11 15 24 3 3 1 0.975909 0.000000 
45 1 0 0 2 2 1 0 2 10 17 3 3 1 1.005589 0.000000 
45 1 0 2 2 3 0 1 10 11 12 3 3 1 0.665931 0.000000 
45 1 0 2 3 1 0 0 11 13 45 4 4 1 0.803975 0.000000 
45 1 0 1 0 2 0 0 4 2 37 1 1 1 0.759769 0.000000 
45 1 0 1 1 0 0 1 5 4 7 2 2 1 0.669026 0.000000 
45 1 1 3 3 1 0 1 15 13 14 4 4 1 1.414558 0.000000 
45 1 1 0 2 3 0 0 2 11 33 1 1 1 2.299129 0.000000 
45 1 0 1 0 2 0 0 4 2 37 1 1 1 1.571991 0.000000 
45 1 0 2 2 3 0 1 10 11 12 3 3 1 0.681826 0.000000 
45 1 0 0 2 2 1 0 2 10 17 3 3 1 0.891387 0.000000 
45 1 0 3 3 3 1 1 15 15 3 4 4 1 0.603389 0.000000 
45 1 0 0 2 3 0 0 2 11 33 3 3 1 0.607595 0.000000 
45 1 1 0 0 0 1 1 0 0 0 1 1 1 1.067786 0.000000 
45 1 0 2 3 3 1 0 11 15 24 4 4 1 1.333482 0.000000 
45 1 0 3 3 1 0 1 15 13 14 4 4 1 0.556622 0.000000 
45 1 0 1 0 2 0 0 4 2 37 1 1 1 0.874821 0.000000 
45 1 0 0 2 2 1 0 2 10 17 3 3 1 1.084435 0.000000 
45 1 0 1 0 0 1 0 4 0 19 1 1 1 1.117502 0.000000 
45 1 0 0 0 2 0 1 0 2 5 1 1 1 0.788231 0.000000 
45 1 0 0 0 2 0 1 0 2 5 1 1 1 0.577151 0.000000 
45 1 0 2 3 1 0 0 11 13 45 4 4 1 0.838669 0.000000 
45 1 1 1 0 0 1 0 4 0 19 2 2 1 1.721648 0.000000 
45 1 1 2 3 1 0 0 11 13 45 3 3 1 2.321635 0.000000 
45 1 1 0 2 2 1 0 2 10 17 1 1 1 2.017861 0.000000 
45 1 0 2 3 1 0 0 11 13 45 4 4 1 1.268907 0.000000 
45 1 0 0 0 2 0 1 0 2 5 1 2 0 0.766710 0.000000 
45 1 0 0 2 2 1 0 2 10 17 3 3 1 0.808328 0.000000 
45 1 1 0 0 2 0 1 0 2 5 1 1 1 1.244118 0.000000 
45 1 0 2 2 2 1 1 10 10 2 3 3 1 1.167233 0.000000 
45 1 0 1 1 0 0 1 5 4 7 2 2 1 0.996979 0.000000 
45 1 0 0 2 3 0 0 2 11 33 3 3 1 3.849134 0.000000 
45 1 0 1 0 0 1 0 4 0 19 1 1 1 0.972479 0.000000 
45 1 0 0 0 2 0 1 0 2 5 1 1 1 0.618175 0.000000 
45 1 1 0 0 0 1 1 0 0 0 1 1 1 1.085715 0.000000 
45 1 1 3 1 0 0 0 13 4 50 4 4 1 1.350753 0.000000 
45 1 0 3 3 1 0 1 15 13 14 4 4 1 0.749244 0.000000 
45 1 0 2 3 3 1 0 11 15 24 4 4 1 1.026978 0.000000 
45 1 0 3 1 0 0 0 13 4 50 2 2 1 1.678189 0.000000 
45 1 0 2 3 3 1 0 11 15 24 4 4 1 1.072131 0.000000 
45 1 0 2 2 3 0 1 10 11 12 3 4 0 0.705862 0.000000 
45 1 0 3 3 3 1 1 15 15 3 4 4 1 0.942067 0.000000 
45 1 0 2 2 3 0 1 10 11 12 3 3 1 0.716596 0.000000 
45 1 0 1 0 0 1 0 4 0 19 1 1 1 0.924208 0.000000 
45 1 0 2 3 3 1 0 11 15 24 4 4 1 0.938847 0.000000 
45 1 1 2 3 1 0 0 11 13 45 3 3 1 1.281844 0.000000 
45 1 0 2 2 2 1 1 10 10 2 3 3 1 1.579640 0.000000 
45 1 0 1 0 0 1 0 4 0 19 1 1 1 0.857549 0.000000 
45 1 0 1 0 0 1 0 4 0 19 1 1 1 0.547781 0.000000 
45 1 0 1 1 0 0 1 5 4 7 2 2 1 0.834673 0.000000 
45 1 0 2 3 1 0 0 11 13 45 4 4 1 0.989612 0.000000 
45 1 1 3 1 0 0 0 13 4 50 4 4 1 1.017627 0.000000 
45 1 0 1 0 0 1 0 4 0 19 1 1 1 1.181350 0.000000 
45 1 1 0 0 2 0 1 0 2 5 1 1 1 1.355105 0.000000 
45 1 1 2 2 2 1 1 10 10 2 3 3 1 1.041546 0.000000 
45 1 1 3 3 3 1 1 15 15 3 4 4 1 0.724571 0.000000 
45 1 0 0 2 2 1 0 2 10 17 3 3 1 0.892145 0.000000 
45 1 1 1 0 0 1 0 4 0 19 2 2 1 1.372119 0.000000 
45 1 0 1 0 0 1 0 4 0 19 1 1 1 1.153988 0.000000 
45 1 0 1 1 1 1 1 5 5 1 2 2 1 0.784398 0.000000 
45 1 1 2 2 2 1 1 10 10 2 3 3 1 1.213325 0.000000 
45 1 0 2 3 1 0 0 11 13 45 4 4 1 0.697745 0.000000 
45 1 0 3 1 1 1 0 13 5 26 2 2 1 0.794629 0.000000 
45 1 0 1 1 1 1 1 5 5 1 2 2 1 0.567580 0.000000 
45 1 0 2 3 3 1 0 11 15 24 4 3 0 0.501077 0.000000 
45 1 1 3 3 3 1 1 15 15 3 4 4 1 0.680273 0.000000 
45 1 0 3 1 0 0 0 13 4 50 2 2 1 1.193366 0.000000 
45 1 0 0 0 2 0 1 0 2 5 1 1 1 0.726439 0.000000 
45 1 0 0 2 3 0 0 2 11 33 3 3 1 0.782003 0.000000 
45 1 1 0 2 2 1 0 2 10 17 1 1 1 1.779670 0.000000 
45 1 0 0 0 2 0 1 0 2 5 1 1 1 0.737585 0.000000 
45 1 0 2 2 3 0 1 10 11 12 3 3 1 0.600482 0.000000 
45 1 1 3 1 0 0 0 13 4 50 4 4 1 1.491715 0.000000 
45 1 0 0 0 0 1 1 0 0 0 1 3 0 0.836913 0.000000 
45 1 0 2 2 3 0 1 10 11 12 3 3 1 0.691888 0.000000 
45 1 1 0 0 2 0 1 0 2 5 1 1 1 0.828271 0.000000 
45 1 0 1 1 0 0 1 5 4 7 2 2 1 1.775954 0.000000 
45 1 1 2 2 3 0 1 10 11 12 3 3 1 1.237882 0.000000 
45 1 1 2 3 3 1 0 11 15 24 3 4 0 1.056979 0.000000 
45 1 0 0 2 3 0 0 2 11 33 3 3 1 0.782408 0.000000 
45 1 0 0 2 3 0 0 2 11 33 3 3 1 0.499516 0.000000 
45 1 0 2 2 3 0 1 10 11 12 3 3 1 0.556140 0.000000 
45 1 1 3 3 3 1 1 15 15 3 4 4 1 0.937828 0.000000 
45 1 0 0 2 2 1 0 2 10 17 3 3 1 1.056872 0.000000 
45 1 0 0 2 2 1 0 2 10 17 3 3 1 0.491175 0.000000 
45 1 0 3 1 1 1 0 13 5 26 2 2 1 1.891008 0.000000 
45 1 0 3 1 1 1 0 13 5 26 2 2 1 0.628358 0.000000 
45 1 0 2 3 1 0 0 11 13 45 4 4 1 0.711913 0.000000 
45 1 0 3 3 3 1 1 15 15 3 4 4 1 1.040165 0.000000 
45 1 0 1 0 0 1 0 4 0 19 1 1 1 1.371215 0.000000 
45 1 0 3 1 0 0 0 13 4 50 2 1 0 0.600939 0.000000 
45 1 1 2 2 3 0 1 10 11 12 3 3 1 1.401266 0.000000 
45 1 0 0 0 2 0 1 0 2 5 1 1 1 0.709258 0.000000 
45 1 0 0 0 0 1 1 0 0 0 1 1 1 0.652494 0.000000 
45 1 0 2 2 2 1 1 10 10 2 3 3 1 0.542654 0.000000 
45 1 0 2 2 3 0 1 10 11 12 3 3 1 0.629440 0.000000 
45 1 0 0 2 3 0 0 2 11 33 3 3 1 0.513060 0.000000 
45 1 1 1 0 2 0 0 4 2 37 2 1 0 0.969204 0.000000 
45 1 1 1 0 2 0 0 4 2 37 2 1 0 0.890645 0.000000 
45 1 0 3 1 0 0 0 13 4 50 2 2 1 1.135439 0.000000 
45 1 0 2 2 3 0 1 10 11 12 3 3 1 0.540997 0.000000 
45 1 0 3 3 3 1 1 15 15 3 4 4 1 0.675837 0.000000 
45 1 0 3 1 0 0 0 13 4 50 2 2 1 1.445420 0.000000 
45 1 0 3 3 1 0 1 15 13 14 4 4 1 0.760586 0.000000 
45 1 0 3 1 1 1 0 13 5 26 2 2 1 2.750920 0.000000 
45 1 0 1 0 2 0 0 4 2 37 1 1 1 0.845906 0.000000 
45 1 0 1 1 1 1 1 5 5 1 2 2 1 0.656840 0.000000 
45 1 0 1 0 0 1 0 4 0 19 1 1 1 0.698053 0.000000 
45 1 0 0 0 0 1 1 0 0 0 1 1 1 0.826969 0.000000 
45 1 0 3 1 0 0 0 13 4 50 2 2 1 1.326605 0.000000 
45 1 0 1 1 1 1 1 5 5 1 2 2 1 2.118369 0.000000 
45 1 1 1 1 0 0 1 5 4 7 2 2 1 3.622622 0.000000 
45 1 0 2 2 2 1 1 10 10 2 3 3 1 1.754282 0.000000 
45 1 1 2 2 3 0 1 10 11 12 3 3 1 2.376966 0.000000 
45 1 0 1 1 0 0 1 5 4 7 2 1 0 3.855290 0.000000 
45 1 0 2 2 3 0 1 10 11 12 3 3 1 1.014709 0.000000 
45 1 0 3 1 0 0 0 13 4 50 2 2 1 1.170588 0.000000 
45 1 0 1 0 0 1 0 4 0 19 1 2 0 1.215323 0.000000 
45 1 0 1 0 2 0 0 4 2 37 1 1 1 0.727767 0.000000 
45 1 0 0 0 0 1 1 0 0 0 1 1 1 0.630853 0.000000 
45 1 1 3 3 1 0 1 15 13 14 4 4 1 1.578427 0.000000 
45 1 0 3 1 1 1 0 13 5 26 2 2 1 1.008225 0.000000 
45 1 1 3 3 1 0 1 15 13 14 4 4 1 0.676623 0.000000 
45 1 0 1 0 0 1 0 4 0 19 1 1 1 1.454244 0.000000 
45 1 0 0 2 2 1 0 2 10 17 3 3 1 0.871743 0.000000 
45 1 1 2 2 2 1 1 10 10 2 3 3 1 1.129375 0.000000 
45 1 1 1 1 0 0 1 5 4 7 2 2 1 2.001142 0.000000 
45 1 0 1 0 2 0 0 4 2 37 1 1 1 1.205868 0.000000 
45 1 0 3 1 0 0 0 13 4 50 2 2 1 2.386317 0.000000 
45 1 0 3 3 1 0 1 15 13 14 4 4 1 1.118850 0.000000 
45 1 0 3 3 1 0 1 15 13 14 4 4 1 0.798614 0.000000 
45 1 0 2 2 2 1 1 10 10 2 3 0 0 5.000005 0.000000 
45 1 1 2 3 1 0 0 11 13 45 3 3 1 3.229661 0.000000 
45 1 0 2 3 3 1 0 11 15 24 4 4 1 1.689655 0.000000 
45 1 0 1 1 1 1 1 5 5 1 2 2 1 0.905929 0.000000 
45 1 1 3 3 3 1 1 15 15 3 4 4 1 0.858244 0.000000 
45 1 1 2 3 3 1 0 11 15 24 3 4 0 1.124535 0.000000 
45 1 0 0 2 2 1 0 2 10 17 3 3 1 1.352341 0.000000 
45 1 0 3 3 3 1 1 15 15 3 4 4 1 1.070307 0.000000 
45 1 1 2 2 2 1 1 10 10 2 3 3 1 1.144002 0.000000 
45 1 0 1 1 0 0 1 5 4 7 2 2 1 0.742075 0.000000 
45 1 1 2 3 1 0 0 11 13 45 3 3 1 1.509003 0.000000 
45 1 1 2 2 2 1 1 10 10 2 3 3 1 2.109591 0.000000 
45 1 1 3 1 1 1 0 13 5 26 4 0 0 5.000003 0.000000 
45 1 0 1 1 1 1 1 5 5 1 2 2 1 2.423427 0.000000 
45 1 0 3 1 0 0 0 13 4 50 2 4 0 3.099255 0.000000 
45 1 1 0 2 2 1 0 2 10 17 1 1 1 2.280431 0.000000 
45 1 0 0 2 3 0 0 2 11 33 3 0 0 5.000003 0.000000 
45 1 0 3 3 1 0 1 15 13 14 4 4 1 0.698829 0.000000 
45 1 0 1 1 0 0 1 5 4 7 2 2 1 0.827436 0.000000 
45 1 0 0 0 0 1 1 0 0 0 1 1 1 0.575097 0.000000 
45 1 1 1 1 1 1 1 5 5 1 2 2 1 1.436606 0.000000 
45 1 0 0 2 2 1 0 2 10 17 3 3 1 1.215819 0.000000 
45 1 0 3 3 3 1 1 15 15 3 4 4 1 0.660052 0.000000 
45 1 0 3 3 1 0 1 15 13 14 4 4 1 4.308943 0.000000 
45 1 0 3 1 0 0 0 13 4 50 2 2 1 1.126453 0.000000 
45 1 0 3 1 1 1 0 13 5 26 2 0 0 5.000003 0.000000 
45 1 0 1 0 0 1 0 4 0 19 1 0 0 5.000004 0.000000 
45 1 0 0 2 3 0 0 2 11 33 3 3 1 2.568798 0.000000 
45 1 0 0 2 3 0 0 2 11 33 3 3 1 0.502539 0.000000 
45 1 0 1 1 1 1 1 5 5 1 2 2 1 0.718703 0.000000 
45 1 0 3 3 3 1 1 15 15 3 4 4 1 0.462265 0.000000 
45 1 0 2 3 3 1 0 11 15 24 4 4 1 0.528392 0.000000 
45 1 0 2 2 3 0 1 10 11 12 3 3 1 0.687886 0.000000 
45 1 0 2 3 1 0 0 11 13 45 4 4 1 0.815786 0.000000 
45 1 1 3 1 1 1 0 13 5 26 4 0 0 5.000003 0.000000 
45 2 1 2 2 3 0 1 10 11 12 3 0 0 5.000006 0.000000 
45 2 0 0 2 3 0 0 2 11 33 3 3 1 0.856015 0.000000 
45 2 0 1 1 1 1 1 5 5 1 2 2 1 0.626026 0.000000 
45 2 0 0 0 0 1 1 0 0 0 1 1 1 0.565551 0.000000 
45 2 0 1 1 0 0 1 5 4 7 2 2 1 0.659722 0.000000 
45 2 0 1 0 2 0 0 4 2 37 1 1 1 0.749945 0.000000 
45 2 0 0 0 2 0 1 0 2 5 1 1 1 0.564208 0.000000 
45 2 0 1 0 2 0 0 4 2 37 1 1 1 0.770387 0.000000 
45 2 0 0 0 2 0 1 0 2 5 1 1 1 0.599957 0.000000 
45 2 1 1 0 2 0 0 4 2 37 2 1 0 0.555146 0.000000 
45 2 0 0 2 3 0 0 2 11 33 3 2 0 0.549340 0.000000 
45 2 0 2 2 3 0 1 10 11 12 3 3 1 0.503718 0.000000 
45 2 0 1 1 1 1 1 5 5 1 2 1 0 0.583338 0.000000 
45 2 1 3 1 1 1 0 13 5 26 4 4 1 1.208277 0.000000 
45 2 1 1 0 0 1 0 4 0 19 2 1 0 1.212207 0.000000 
45 2 0 1 1 0 0 1 5 4 7 2 2 1 0.756680 0.000000 
45 2 0 0 0 2 0 1 0 2 5 1 1 1 0.649434 0.000000 
45 2 1 3 1 0 0 0 13 4 50 4 4 1 0.812142 0.000000 
45 2 0 2 2 2 1 1 10 10 2 3 3 1 0.575906 0.000000 
45 2 0 3 1 1 1 0 13 5 26 2 4 0 1.101454 0.000000 
45 2 0 0 2 2 1 0 2 10 17 3 3 1 1.425894 0.000000 
45 2 0 3 3 1 0 1 15 13 14 4 4 1 0.629224 0.000000 
45 2 0 2 3 1 0 0 11 13 45 4 4 1 0.576743 0.000000 
45 2 1 1 0 2 0 0 4 2 37 2 2 1 1.573213 0.000000 
45 2 0 1 0 2 0 0 4 2 37 1 1 1 0.995173 0.000000 
45 2 0 3 3 1 0 1 15 13 14 4 4 1 0.528180 0.000000 
45 2 0 1 1 0 0 1 5 4 7 2 2 1 0.663689 0.000000 
45 2 1 2 2 2 1 1 10 10 2 3 3 1 1.353908 0.000000 
45 2 0 1 1 1 1 1 5 5 1 2 2 1 0.840378 0.000000 
45 2 0 0 2 3 0 0 2 11 33 3 3 1 0.619341 0.000000 
45 2 1 0 0 0 1 1 0 0 0 1 1 1 1.013824 0.000000 
45 2 0 2 3 3 1 0 11 15 24 4 3 0 1.546260 0.000000 
45 2 0 2 2 2 1 1 10 10 2 3 4 0 0.829494 0.000000 
45 2 0 3 1 1 1 0 13 5 26 2 2 1 1.028650 0.000000 
45 2 0 2 3 3 1 0 11 15 24 4 3 0 0.631836 0.000000 
45 2 0 1 1 0 0 1 5 4 7 2 2 1 0.599399 0.000000 
45 2 0 3 3 3 1 1 15 15 3 4 4 1 0.539766 0.000000 
45 2 0 2 2 2 1 1 10 10 2 3 3 1 0.609572 0.000000 
45 2 0 3 3 1 0 1 15 13 14 4 4 1 0.573728 0.000000 
45 2 1 2 3 3 1 0 11 15 24 3 3 1 1.323304 0.000000 
45 2 0 1 0 0 1 0 4 0 19 1 1 1 1.179149 0.000000 
45 2 1 2 2 3 0 1 10 11 12 3 3 1 1.328865 0.000000 
45 2 0 0 2 3 0 0 2 11 33 3 3 1 0.992695 0.000000 
45 2 0 0 0 2 0 1 0 2 5 1 1 1 0.685698 0.000000 
45 2 0 1 1 1 1 1 5 5 1 2 2 1 0.741596 0.000000 
45 2 1 2 2 3 0 1 10 11 12 3 3 1 1.212485 0.000000 
45 2 0 0 2 3 0 0 2 11 33 3 3 1 0.824945 0.000000 
45 2 0 0 2 2 1 0 2 10 17 3 3 1 0.980567 0.000000 
45 2 1 3 3 1 0 1 15 13 14 4 4 1 1.194215 0.000000 
45 2 0 1 1 0 0 1 5 4 7 2 2 1 0.751334 0.000000 
45 2 0 2 3 3 1 0 11 15 24 4 4 1 1.317578 0.000000 
45 2 0 2 2 3 0 1 10 11 12 3 3 1 0.732365 0.000000 
45 2 0 1 1 0 0 1 5 4 7 2 2 1 0.651944 0.000000 
45 2 1 1 0 0 1 0 4 0 19 2 2 1 1.054154 0.000000 
45 2 0 3 1 1 1 0 13 5 26 2 2 1 0.720502 0.000000 
45 2 0 0 2 3 0 0 2 11 33 3 3 1 1.048122 0.000000 
45 2 0 3 3 1 0 1 15 13 14 4 4 1 0.843137 0.000000 
45 2 0 1 1 1 1 1 5 5 1 2 2 1 0.934090 0.000000 
45 2 0 3 1 1 1 0 13 5 26 2 2 1 0.669064 0.000000 
45 2 0 3 1 0 0 0 13 4 50 2 2 1 0.813622 0.000000 
45 2 1 2 3 3 1 0 11 15 24 3 4 0 1.265909 0.000000 
45 2 0 2 2 3 0 1 10 11 12 3 3 1 0.695882 0.000000 
45 2 0 2 3 3 1 0 11 15 24 4 4 1 0.968787 0.000000 
45 2 0 0 0 2 0 1 0 2 5 1 1 1 0.926479 0.000000 
45 2 0 3 1 1 1 0 13 5 26 2 2 1 0.838125 0.000000 
45 2 0 2 3 1 0 0 11 13 45 4 4 1 0.888026 0.000000 
45 2 0 2 2 2 1 1 10 10 2 3 3 1 1.697066 0.000000 
45 2 0 1 1 1 1 1 5 5 1 2 2 1 0.762325 0.000000 
45 2 0 0 0 0 1 1 0 0 0 1 1 1 1.104615 0.000000 
45 2 1 0 2 2 1 0 2 10 17 1 1 1 1.385011 0.000000 
45 2 1 2 3 1 0 0 11 13 45 3 3 1 1.118098 0.000000 
45 2 0 3 3 1 0 1 15 13 14 4 4 1 0.821885 0.000000 
45 2 0 1 1 0 0 1 5 4 7 2 2 1 0.680397 0.000000 
45 2 0 3 3 3 1 1 15 15 3 4 4 1 0.721986 0.000000 
45 2 1 2 3 1 0 0 11 13 45 3 3 1 1.137600 0.000000 
45 2 1 0 2 2 1 0 2 10 17 1 1 1 1.224702 0.000000 
45 2 0 3 3 3 1 1 15 15 3 4 4 1 0.532449 0.000000 
45 2 0 3 1 0 0 0 13 4 50 2 2 1 0.747956 0.000000 
45 2 0 3 3 1 0 1 15 13 14 4 4 1 0.626777 0.000000 
45 2 0 2 3 3 1 0 11 15 24 4 4 1 0.965376 0.000000 
45 2 0 2 2 3 0 1 10 11 12 3 3 1 0.723711 0.000000 
45 2 1 3 3 1 0 1 15 13 14 4 4 1 0.579256 0.000000 
45 2 0 3 3 3 1 1 15 15 3 4 4 1 0.600805 0.000000 
45 2 1 3 1 0 0 0 13 4 50 4 4 1 1.036936 0.000000 
45 2 1 2 3 3 1 0 11 15 24 3 3 1 0.927969 0.000000 
45 2 0 2 2 3 0 1 10 11 12 3 3 1 1.151638 0.000000 
45 2 0 1 0 0 1 0 4 0 19 1 1 1 0.862061 0.000000 
45 2 0 1 0 0 1 0 4 0 19 1 1 1 0.831383 0.000000 
45 2 0 0 0 0 1 1 0 0 0 1 1 1 0.834982 0.000000 
45 2 0 0 2 3 0 0 2 11 33 3 3 1 0.877946 0.000000 
45 2 0 2 3 3 1 0 11 15 24 4 4 1 1.095524 0.000000 
45 2 0 3 3 1 0 1 15 13 14 4 4 1 0.656568 0.000000 
45 2 0 3 1 1 1 0 13 5 26 2 2 1 0.802857 0.000000 
45 2 1 3 1 0 0 0 13 4 50 4 4 1 1.207066 0.000000 
45 2 1 0 2 2 1 0 2 10 17 1 3 0 1.442564 0.000000 
45 2 0 1 1 0 0 1 5 4 7 2 2 1 1.785819 0.000000 
45 2 1 1 0 2 0 0 4 2 37 2 2 1 0.870615 0.000000 
45 2 0 1 1 0 0 1 5 4 7 2 2 1 0.624180 0.000000 
45 2 0 1 1 1 1 1 5 5 1 2 2 1 0.691779 0.000000 
45 2 0 1 1 0 0 1 5 4 7 2 2 1 0.540668 0.000000 
45 2 0 3 1 1 1 0 13 5 26 2 2 1 0.691514 0.000000 
45 2 0 2 2 3 0 1 10 11 12 3 3 1 0.595332 0.000000 
45 2 0 1 0 0 1 0 4 0 19 1 1 1 0.888250 0.000000 
45 2 1 2 3 3 1 0 11 15 24 3 3 1 0.865147 0.000000 
45 2 1 2 3 3 1 0 11 15 24 3 3 1 0.779469 0.000000 
45 2 0 2 3 3 1 0 11 15 24 4 4 1 0.849045 0.000000 
45 2 0 0 2 2 1 0 2 10 17 3 4 0 1.443973 0.000000 
45 2 0 0 2 3 0 0 2 11 33 3 3 1 0.459033 0.000000 
45 2 0 1 0 0 1 0 4 0 19 1 1 1 1.187970 0.000000 
45 2 0 2 2 2 1 1 10 10 2 3 3 1 0.600991 0.000000 
45 2 0 3 1 0 0 0 13 4 50 2 2 1 0.773198 0.000000 
45 2 0 2 3 1 0 0 11 13 45 4 4 1 0.626755 0.000000 
45 2 0 3 1 0 0 0 13 4 50 2 2 1 1.198339 0.000000 
45 2 0 3 3 3 1 1 15 15 3 4 4 1 0.595415 0.000000 
45 2 1 0 2 2 1 0 2 10 17 1 1 1 1.112272 0.000000 
45 2 1 0 2 2 1 0 2 10 17 1 1 1 0.663610 0.000000 
45 2 1 3 1 0 0 0 13 4 50 4 4 1 0.897861 0.000000 
45 2 0 2 3 3 1 0 11 15 24 4 4 1 0.874788 0.000000 
45 2 0 1 1 1 1 1 5 5 1 2 2 1 0.668357 0.000000 
45 2 0 2 2 2 1 1 10 10 2 3 4 0 0.541995 0.000000 
45 2 0 0 2 3 0 0 2 11 33 3 3 1 0.584877 0.000000 
45 2 0 0 2 2 1 0 2 10 17 3 3 1 0.653208 0.000000 
45 2 0 2 2 3 0 1 10 11 12 3 3 1 0.527441 0.000000 
45 2 0 0 0 0 1 1 0 0 0 1 1 1 0.798959 0.000000 
45 2 0 3 1 1 1 0 13 5 26 2 2 1 1.154903 0.000000 
45 2 0 2 3 3 1 0 11 15 24 4 4 1 0.833303 0.000000 
45 2 0 3 3 1 0 1 15 13 14 4 4 1 0.660241 0.000000 
45 2 1 0 0 0 1 1 0 0 0 1 1 1 1.086468 0.000000 
45 2 0 3 3 1 0 1 15 13 14 4 3 0 0.711497 0.000000 
45 2 1 0 0 0 1 1 0 0 0 1 2 0 2.091833 0.000000 
45 2 0 1 1 0 0 1 5 4 7 2 2 1 0.735774 0.000000 
45 2 0 1 1 1 1 1 5 5 1 2 2 1 0.614196 0.000000 
45 2 0 2 3 1 0 0 11 13 45 4 4 1 0.618384 0.000000 
45 2 1 3 3 1 0 1 15 13 14 4 4 1 0.589888 0.000000 
45 2 1 3 1 0 0 0 13 4 50 4 4 1 0.650773 0.000000 
45 2 1 0 0 0 1 1 0 0 0 1 1 1 0.660953 0.000000 
45 2 0 3 3 3 1 1 15 15 3 4 4 1 0.583177 0.000000 
45 2 0 3 1 1 1 0 13 5 26 2 2 1 0.868045 0.000000 
45 2 0 2 3 3 1 0 11 15 24 4 4 1 1.060673 0.000000 
45 2 0 0 0 0 1 1 0 0 0 1 1 1 1.079068 0.000000 
45 2 1 0 0 0 1 1 0 0 0 1 1 1 0.920752 0.000000 
45 2 1 0 2 2 1 0 2 10 17 1 1 1 1.816447 0.000000 
45 2 0 3 3 1 0 1 15 13 14 4 4 1 0.740421 0.000000 
45 2 0 1 0 2 0 0 4 2 37 1 1 1 1.251360 0.000000 
45 2 0 2 2 3 0 1 10 11 12 3 3 1 0.589767 0.000000 
45 2 0 3 1 1 1 0 13 5 26 2 2 1 1.177664 0.000000 
45 2 0 3 1 0 0 0 13 4 50 2 2 1 0.807394 0.000000 
45 2 0 0 2 3 0 0 2 11 33 3 3 1 0.755676 0.000000 
45 2 0 1 1 0 0 1 5 4 7 2 2 1 0.649917 0.000000 
45 2 0 2 3 3 1 0 11 15 24 4 4 1 0.596118 0.000000 
45 2 0 3 1 0 0 0 13 4 50 2 2 1 0.480942 0.000000 
45 2 0 1 1 1 1 1 5 5 1 2 3 0 0.546441 0.000000 
45 2 1 1 1 0 0 1 5 4 7 2 2 1 1.236279 0.000000 
45 2 0 3 3 3 1 1 15 15 3 4 4 1 0.670916 0.000000 
45 2 1 2 3 3 1 0 11 15 24 3 3 1 0.808462 0.000000 
45 2 0 0 2 3 0 0 2 11 33 3 3 1 0.612763 0.000000 
45 2 1 2 2 3 0 1 10 11 12 3 3 1 1.408935 0.000000 
45 2 0 1 1 1 1 1 5 5 1 2 2 1 0.677461 0.000000 
45 2 0 1 0 2 0 0 4 2 37 1 1 1 0.783016 0.000000 
45 2 1 1 1 1 1 1 5 5 1 2 2 1 1.090887 0.000000 
45 2 0 0 0 0 1 1 0 0 0 1 1 1 0.764010 0.000000 
45 2 0 1 0 2 0 0 4 2 37 1 1 1 0.730246 0.000000 
45 2 0 1 0 2 0 0 4 2 37 1 1 1 0.529817 0.000000 
45 2 0 0 2 3 0 0 2 11 33 3 3 1 0.609311 0.000000 
45 2 1 1 1 0 0 1 5 4 7 2 2 1 1.149509 0.000000 
45 2 1 1 0 2 0 0 4 2 37 2 2 1 1.172155 0.000000 
45 2 1 0 0 0 1 1 0 0 0 1 1 1 0.969659 0.000000 
45 2 1 3 3 1 0 1 15 13 14 4 4 1 0.726326 0.000000 
45 2 0 2 3 3 1 0 11 15 24 4 4 1 1.093832 0.000000 
45 2 0 2 2 2 1 1 10 10 2 3 3 1 0.942897 0.000000 
45 2 0 3 1 1 1 0 13 5 26 2 2 1 0.805928 0.000000 
45 2 1 1 1 1 1 1 5 5 1 2 2 1 0.962216 0.000000 
45 2 0 1 1 0 0 1 5 4 7 2 2 1 1.064568 0.000000 
45 2 0 3 1 0 0 0 13 4 50 2 2 1 0.714916 0.000000 
45 2 0 2 2 2 1 1 10 10 2 3 3 1 0.667155 0.000000 
45 2 0 2 2 3 0 1 10 11 12 3 3 1 0.507693 0.000000 
45 2 0 0 0 2 0 1 0 2 5 1 1 1 0.627880 0.000000 
45 2 0 0 2 2 1 0 2 10 17 3 1 0 0.583387 0.000000 
45 2 0 0 2 3 0 0 2 11 33 3 4 0 1.312046 0.000000 
45 2 0 1 1 1 1 1 5 5 1 2 2 1 0.636274 0.000000 
45 2 0 2 3 1 0 0 11 13 45 4 4 1 0.574661 0.000000 
45 2 0 0 0 0 1 1 0 0 0 1 1 1 0.732162 0.000000 
45 2 0 0 0 2 0 1 0 2 5 1 1 1 0.842729 0.000000 
45 2 1 0 0 0 1 1 0 0 0 1 1 1 0.909673 0.000000 
45 2 0 3 1 0 0 0 13 4 50 2 4 0 0.718006 0.000000 
45 2 0 0 0 0 1 1 0 0 0 1 1 1 0.673322 0.000000 
45 2 1 1 0 0 1 0 4 0 19 2 2 1 0.818669 0.000000 
45 2 0 0 0 2 0 1 0 2 5 1 1 1 0.710298 0.000000 
45 2 0 0 2 2 1 0 2 10 17 3 3 1 0.878540 0.000000 
45 2 0 2 3 1 0 0 11 13 45 4 4 1 0.639153 0.000000 
45 2 0 3 3 3 1 1 15 15 3 4 4 1 0.546023 0.000000 
45 2 1 3 1 0 0 0 13 4 50 4 2 0 0.856848 0.000000 
45 3 0 2 2 2 1 1 10 10 2 3 3 1 3.338476 0.000000 
45 3 0 0 0 2 0 1 0 2 5 1 1 1 0.649777 0.000000 
45 3 0 2 3 1 0 0 11 13 45 4 3 0 0.532010 0.000000 
45 3 1 1 1 0 0 1 5 4 7 2 2 1 1.143313 0.000000 
45 3 1 2 2 3 0 1 10 11 12 3 4 0 0.518146 0.000000 
45 3 0 2 2 2 1 1 10 10 2 3 4 0 0.521650 0.000000 
45 3 0 1 1 1 1 1 5 5 1 2 2 1 0.588447 0.000000 
45 3 0 1 1 0 0 1 5 4 7 2 2 1 0.543970 0.000000 
45 3 0 2 2 3 0 1 10 11 12 3 3 1 0.814893 0.000000 
45 3 0 2 2 3 0 1 10 11 12 3 3 1 0.483118 0.000000 
45 3 0 2 2 2 1 1 10 10 2 3 3 1 0.491944 0.000000 
45 3 1 3 3 1 0 1 15 13 14 4 4 1 0.604754 0.000000 
45 3 0 0 2 3 0 0 2 11 33 3 3 1 0.960939 0.000000 
45 3 0 1 1 0 0 1 5 4 7 2 1 0 0.583248 0.000000 
45 3 0 3 1 0 0 0 13 4 50 2 2 1 0.871938 0.000000 
45 3 1 0 2 3 0 0 2 11 33 1 3 0 1.200341 0.000000 
45 3 0 0 2 2 1 0 2 10 17 3 3 1 1.592592 0.000000 
45 3 0 0 2 3 0 0 2 11 33 3 3 1 0.469496 0.000000 
45 3 0 1 1 0 0 1 5 4 7 2 2 1 0.702950 0.000000 
45 3 0 1 1 1 1 1 5 5 1 2 2 1 0.535247 0.000000 
45 3 0 0 2 3 0 0 2 11 33 3 3 1 0.678096 0.000000 
45 3 0 2 3 1 0 0 11 13 45 4 4 1 0.671630 0.000000 
45 3 0 3 3 3 1 1 15 15 3 4 4 1 0.496132 0.000000 
45 3 0 0 0 0 1 1 0 0 0 1 2 0 0.744999 0.000000 
45 3 0 2 2 3 0 1 10 11 12 3 3 1 0.531934 0.000000 
45 3 0 0 0 0 1 1 0 0 0 1 1 1 0.594869 0.000000 
45 3 0 0 2 2 1 0 2 10 17 3 3 1 0.591786 0.000000 
45 3 1 1 1 0 0 1 5 4 7 2 2 1 1.396655 0.000000 
45 3 0 3 3 3 1 1 15 15 3 4 4 1 0.569744 0.000000 
45 3 0 1 0 2 0 0 4 2 37 1 1 1 0.895299 0.000000 
45 3 0 0 0 2 0 1 0 2 5 1 1 1 0.615307 0.000000 
45 3 0 3 1 0 0 0 13 4 50 2 2 1 0.699495 0.000000 
45 3 0 1 1 1 1 1 5 5 1 2 2 1 0.587955 0.000000 
45 3 0 0 0 2 0 1 0 2 5 1 1 1 0.720570 0.000000 
45 3 0 3 3 3 1 1 15 15 3 4 4 1 0.632132 0.000000 
45 3 0 3 1 1 1 0 13 5 26 2 2 1 0.795622 0.000000 
45 3 1 2 2 2 1 1 10 10 2 3 3 1 1.367695 0.000000 
45 3 0 1 1 1 1 1 5 5 1 2 2 1 0.741414 0.000000 
45 3 0 3 1 1 1 0 13 5 26 2 2 1 0.532340 0.000000 
45 3 0 2 3 1 0 0 11 13 45 4 4 1 0.667817 0.000000 
45 3 0 3 1 0 0 0 13 4 50 2 2 1 1.261397 0.000000 
45 3 0 1 0 2 0 0 4 2 37 1 1 1 0.887852 0.000000 
45 3 0 3 1 1 1 0 13 5 26 2 2 1 0.896819 0.000000 
45 3 1 2 3 3 1 0 11 15 24 3 3 1 3.241856 0.000000 
45 3 1 0 2 2 1 0 2 10 17 1 1 1 0.956698 0.000000 
45 3 0 1 0 0 1 0 4 0 19 1 1 1 1.859092 0.000000 
45 3 1 0 2 2 1 0 2 10 17 1 1 1 1.389729 0.000000 
45 3 1 1 1 0 0 1 5 4 7 2 2 1 0.802898 0.000000 
45 3 0 2 2 2 1 1 10 10 2 3 3 1 0.687178 0.000000 
45 3 0 1 1 0 0 1 5 4 7 2 2 1 0.592083 0.000000 
45 3 0 3 3 1 0 1 15 13 14 4 4 1 0.580938 0.000000 
45 3 0 2 2 2 1 1 10 10 2 3 3 1 0.569412 0.000000 
45 3 0 0 2 3 0 0 2 11 33 3 3 1 0.558955 0.000000 
45 3 0 1 1 1 1 1 5 5 1 2 2 1 0.789139 0.000000 
45 3 0 0 2 3 0 0 2 11 33 3 3 1 0.530066 0.000000 
45 3 0 1 0 0 1 0 4 0 19 1 1 1 0.833545 0.000000 
45 3 0 3 3 1 0 1 15 13 14 4 4 1 0.740497 0.000000 
45 3 0 2 3 1 0 0 11 13 45 4 4 1 0.635402 0.000000 
45 3 0 3 1 1 1 0 13 5 26 2 2 1 0.614288 0.000000 
45 3 0 1 1 1 1 1 5 5 1 2 2 1 0.490422 0.000000 
45 3 0 1 1 1 1 1 5 5 1 2 2 1 0.458259 0.000000 
45 3 0 1 1 1 1 1 5 5 1 2 2 1 0.492403 0.000000 
45 3 1 1 1 1 1 1 5 5 1 2 2 1 0.957226 0.000000 
45 3 1 2 3 1 0 0 11 13 45 3 4 0 0.627527 0.000000 
45 3 0 0 2 3 0 0 2 11 33 3 3 1 0.635123 0.000000 
45 3 0 1 0 0 1 0 4 0 19 1 1 1 0.765445 0.000000 
45 3 1 2 3 3 1 0 11 15 24 3 3 1 0.691717 0.000000 
45 3 0 1 0 0 1 0 4 0 19 1 1 1 0.939621 0.000000 
45 3 0 0 2 3 0 0 2 11 33 3 3 1 0.586621 0.000000 
45 3 0 3 3 1 0 1 15 13 14 4 4 1 0.527458 0.000000 
45 3 0 3 1 0 0 0 13 4 50 2 2 1 0.654973 0.000000 
45 3 0 3 1 1 1 0 13 5 26 2 2 1 0.673198 0.000000 
45 3 0 3 1 0 0 0 13 4 50 2 2 1 0.570737 0.000000 
45 3 0 0 2 2 1 0 2 10 17 3 3 1 0.584246 0.000000 
45 3 0 1 1 0 0 1 5 4 7 2 2 1 0.589024 0.000000 
45 3 0 1 0 0 1 0 4 0 19 1 1 1 0.632892 0.000000 
45 3 0 3 3 1 0 1 15 13 14 4 4 1 0.540040 0.000000 
45 3 0 1 0 2 0 0 4 2 37 1 1 1 0.786653 0.000000 
45 3 1 0 2 2 1 0 2 10 17 1 1 1 1.095568 0.000000 
45 3 0 0 2 2 1 0 2 10 17 3 3 1 0.912587 0.000000 
45 3 1 3 3 1 0 1 15 13 14 4 4 1 0.592916 0.000000 
45 3 0 0 0 0 1 1 0 0 0 1 1 1 0.581787 0.000000 
45 3 0 1 0 0 1 0 4 0 19 1 1 1 1.402292 0.000000 
45 3 0 3 3 1 0 1 15 13 14 4 4 1 0.582804 0.000000 
45 3 0 0 2 2 1 0 2 10 17 3 1 0 0.844160 0.000000 
45 3 0 2 3 1 0 0 11 13 45 4 4 1 0.570635 0.000000 
45 3 1 1 0 2 0 0 4 2 37 2 2 1 1.039678 0.000000 
45 3 0 1 1 0 0 1 5 4 7 2 2 1 0.666685 0.000000 
45 3 0 3 1 0 0 0 13 4 50 2 2 1 0.660255 0.000000 
45 3 0 2 3 3 1 0 11 15 24 4 4 1 0.654458 0.000000 
45 3 0 3 1 1 1 0 13 5 26 2 2 1 0.696693 0.000000 
45 3 0 3 1 1 1 0 13 5 26 2 2 1 0.544553 0.000000 
45 3 0 3 3 3 1 1 15 15 3 4 4 1 0.607403 0.000000 
45 3 1 2 3 3 1 0 11 15 24 3 3 1 1.115594 0.000000 
45 3 1 3 3 1 0 1 15 13 14 4 4 1 0.595861 0.000000 
45 3 0 3 1 1 1 0 13 5 26 2 2 1 0.624833 0.000000 
45 3 0 0 0 0 1 1 0 0 0 1 1 1 0.644365 0.000000 
45 3 0 0 2 2 1 0 2 10 17 3 3 1 0.759237 0.000000 
45 3 1 0 2 2 1 0 2 10 17 1 1 1 0.980472 0.000000 
45 3 0 2 3 1 0 0 11 13 45 4 3 0 0.562151 0.000000 
45 3 0 2 2 3 0 1 10 11 12 3 3 1 0.596349 0.000000 
45 3 1 0 0 0 1 1 0 0 0 1 1 1 0.768728 0.000000 
45 3 1 1 1 1 1 1 5 5 1 2 2 1 0.734251 0.000000 
45 3 0 2 3 1 0 0 11 13 45 4 3 0 0.717214 0.000000 
45 3 0 2 2 2 1 1 10 10 2 3 3 1 0.608571 0.000000 
45 3 1 3 1 0 0 0 13 4 50 4 4 1 1.619556 0.000000 
45 3 1 1 1 1 1 1 5 5 1 2 2 1 1.343451 0.000000 
45 3 1 0 2 3 0 0 2 11 33 1 3 0 1.022626 0.000000 
45 3 0 3 1 0 0 0 13 4 50 2 2 1 0.830104 0.000000 
45 3 0 2 2 3 0 1 10 11 12 3 3 1 0.545439 0.000000 
45 3 0 3 3 1 0 1 15 13 14 4 4 1 0.488286 0.000000 
45 3 0 1 0 0 1 0 4 0 19 1 1 1 0.689063 0.000000 
45 3 0 3 3 3 1 1 15 15 3 4 4 1 0.873964 0.000000 
45 3 1 0 0 0 1 1 0 0 0 1 1 1 0.754625 0.000000 
45 3 1 1 1 1 1 1 5 5 1 2 2 1 0.960844 0.000000 
45 3 0 3 3 3 1 1 15 15 3 4 4 1 0.623206 0.000000 
45 3 0 2 3 3 1 0 11 15 24 4 4 1 0.482729 0.000000 
45 3 1 1 1 1 1 1 5 5 1 2 2 1 0.916041 0.000000 
45 3 0 0 2 3 0 0 2 11 33 3 3 1 0.595876 0.000000 
45 3 1 1 0 2 0 0 4 2 37 2 1 0 0.672694 0.000000 
45 3 0 0 0 2 0 1 0 2 5 1 4 0 0.694290 0.000000 
45 3 1 0 2 2 1 0 2 10 17 1 3 0 1.585766 0.000000 
45 3 0 0 2 2 1 0 2 10 17 3 2 0 0.634521 0.000000 
45 3 0 1 0 0 1 0 4 0 19 1 1 1 0.928890 0.000000 
45 3 0 2 2 2 1 1 10 10 2 3 3 1 0.520078 0.000000 
45 3 0 2 3 3 1 0 11 15 24 4 4 1 0.599586 0.000000 
45 3 1 0 0 2 0 1 0 2 5 1 1 1 1.116024 0.000000 
45 3 0 0 0 2 0 1 0 2 5 1 1 1 0.506990 0.000000 
45 3 0 3 3 1 0 1 15 13 14 4 4 1 0.578636 0.000000 
45 3 0 0 2 3 0 0 2 11 33 3 3 1 0.568171 0.000000 
45 3 1 0 0 2 0 1 0 2 5 1 1 1 1.069687 0.000000 
45 3 1 1 0 2 0 0 4 2 37 2 1 0 0.639380 0.000000 
45 3 1 1 1 0 0 1 5 4 7 2 2 1 0.742303 0.000000 
45 3 1 3 1 0 0 0 13 4 50 4 2 0 0.724705 0.000000 
45 3 1 2 2 2 1 1 10 10 2 3 4 0 0.800329 0.000000 
45 3 0 3 3 3 1 1 15 15 3 4 4 1 0.583139 0.000000 
45 3 0 2 3 3 1 0 11 15 24 4 4 1 0.627987 0.000000 
45 3 1 1 0 2 0 0 4 2 37 2 2 1 1.247035 0.000000 
45 3 1 2 3 3 1 0 11 15 24 3 4 0 0.698123 0.000000 
45 3 0 0 2 3 0 0 2 11 33 3 3 1 0.791062 0.000000 
45 3 0 0 0 0 1 1 0 0 0 1 1 1 0.595525 0.000000 
45 3 1 1 0 2 0 0 4 2 37 2 2 1 1.136372 0.000000 
45 3 0 3 3 1 0 1 15 13 14 4 4 1 0.718436 0.000000 
45 3 0 1 0 0 1 0 4 0 19 1 2 0 0.758005 0.000000 
45 3 1 2 3 1 0 0 11 13 45 3 3 1 1.240317 0.000000 
45 3 0 0 0 2 0 1 0 2 5 1 1 1 0.714913 0.000000 
45 3 0 3 3 1 0 1 15 13 14 4 4 1 0.515140 0.000000 
45 3 0 2 2 2 1 1 10 10 2 3 3 1 0.659284 0.000000 
45 3 0 0 2 2 1 0 2 10 17 3 3 1 0.973527 0.000000 
45 3 0 2 2 3 0 1 10 11 12 3 3 1 0.634161 0.000000 
45 3 0 1 0 0 1 0 4 0 19 1 1 1 0.765030 0.000000 
45 3 1 3 3 3 1 1 15 15 3 4 4 1 0.827303 0.000000 
45 3 0 1 0 2 0 0 4 2 37 1 2 0 0.870914 0.000000 
45 3 0 3 1 0 0 0 13 4 50 2 2 1 0.668582 0.000000 
45 3 0 1 1 1 1 1 5 5 1 2 2 1 0.605622 0.000000 
45 3 0 2 2 3 0 1 10 11 12 3 3 1 0.849769 0.000000 
45 3 0 0 2 2 1 0 2 10 17 3 3 1 0.836135 0.000000 
45 3 0 1 0 0 1 0 4 0 19 1 1 1 0.702071 0.000000 
45 3 0 3 1 1 1 0 13 5 26 2 3 0 0.582289 0.000000 
45 3 0 0 0 0 1 1 0 0 0 1 1 1 0.711843 0.000000 
45 3 0 2 3 1 0 0 11 13 45 4 4 1 0.695579 0.000000 
45 3 0 1 0 0 1 0 4 0 19 1 1 1 0.800493 0.000000 
45 3 0 0 2 3 0 0 2 11 33 3 3 1 0.548733 0.000000 
45 3 0 2 2 3 0 1 10 11 12 3 3 1 0.523575 0.000000 
45 3 0 3 3 1 0 1 15 13 14 4 4 1 0.539075 0.000000 
45 3 0 3 1 0 0 0 13 4 50 2 2 1 0.776918 0.000000 
45 3 0 2 3 1 0 0 11 13 45 4 4 1 0.582484 0.000000 
45 3 0 2 3 1 0 0 11 13 45 4 4 1 0.571915 0.000000 
45 3 1 2 3 1 0 0 11 13 45 3 3 1 1.209518 0.000000 
45 3 0 1 1 0 0 1 5 4 7 2 2 1 0.845942 0.000000 
45 3 0 3 1 0 0 0 13 4 50 2 2 1 0.584887 0.000000 
45 3 0 0 2 3 0 0 2 11 33 3 3 1 0.757764 0.000000 
45 3 1 2 2 3 0 1 10 11 12 3 3 1 1.082977 0.000000 
45 3 1 2 2 2 1 1 10 10 2 3 3 1 0.716026 0.000000 
45 3 1 3 3 3 1 1 15 15 3 4 4 1 0.788108 0.000000 
45 3 0 0 2 3 0 0 2 11 33 3 3 1 0.808476 0.000000 
45 3 0 2 2 2 1 1 10 10 2 3 3 1 0.764816 0.000000 
45 3 0 0 0 0 1 1 0 0 0 1 1 1 0.795100 0.000000 
45 3 0 2 2 2 1 1 10 10 2 3 3 1 0.591985 0.000000 
45 3 0 2 2 3 0 1 10 11 12 3 3 1 0.556849 0.000000 
45 3 0 3 3 1 0 1 15 13 14 4 4 1 0.610017 0.000000 
45 3 1 3 3 3 1 1 15 15 3 4 4 1 0.926216 0.000000 
45 3 1 3 3 1 0 1 15 13 14 4 4 1 0.613852 0.000000 
45 3 0 0 2 3 0 0 2 11 33 3 3 1 0.778073 0.000000 
45 3 0 0 2 2 1 0 2 10 17 3 3 1 0.495642 0.000000 
45 3 0 2 2 2 1 1 10 10 2 3 3 1 0.528438 0.000000 
45 3 0 2 2 2 1 1 10 10 2 3 3 1 0.495931 0.000000 
45 3 0 1 0 2 0 0 4 2 37 1 1 1 0.824770 0.000000 
45 3 1 3 3 3 1 1 15 15 3 4 4 1 0.731366 0.000000 
45 3 1 1 0 0 1 0 4 0 19 2 1 0 1.010920 0.000000 
45 3 0 2 2 2 1 1 10 10 2 3 3 1 0.595317 0.000000 
45 3 0 3 3 3 1 1 15 15 3 4 4 1 0.543690 0.000000 
45 4 0 0 0 0 1 1 0 0 0 1 1 1 1.585661 0.000000 
45 4 0 3 3 1 0 1 15 13 14 4 4 1 0.519013 0.000000 
45 4 0 1 1 1 1 1 5 5 1 2 2 1 0.558495 0.000000 
45 4 1 0 2 2 1 0 2 10 17 1 1 1 0.835714 0.000000 
45 4 0 2 3 3 1 0 11 15 24 4 3 0 0.870620 0.000000 
45 4 1 2 2 3 0 1 10 11 12 3 3 1 1.148338 0.000000 
45 4 0 2 2 3 0 1 10 11 12 3 3 1 0.498851 0.000000 
45 4 0 0 0 0 1 1 0 0 0 1 1 1 0.563709 0.000000 
45 4 0 3 3 3 1 1 15 15 3 4 4 1 0.577858 0.000000 
45 4 1 3 3 3 1 1 15 15 3 4 4 1 0.871372 0.000000 
45 4 0 1 0 2 0 0 4 2 37 1 1 1 0.889014 0.000000 
45 4 0 0 2 2 1 0 2 10 17 3 3 1 1.049003 0.000000 
45 4 1 1 1 0 0 1 5 4 7 2 2 1 1.147931 0.000000 
45 4 0 2 3 1 0 0 11 13 45 4 4 1 0.891083 0.000000 
45 4 0 2 3 1 0 0 11 13 45 4 4 1 0.484033 0.000000 
45 4 0 2 2 3 0 1 10 11 12 3 3 1 0.556849 0.000000 
45 4 0 1 0 0 1 0 4 0 19 1 1 1 0.859054 0.000000 
45 4 0 3 3 1 0 1 15 13 14 4 4 1 0.589337 0.000000 
45 4 1 3 1 0 0 0 13 4 50 4 2 0 1.641201 0.000000 
45 4 0 2 3 3 1 0 11 15 24 4 4 1 2.048554 0.000000 
45 4 0 0 2 3 0 0 2 11 33 3 3 1 1.123437 0.000000 
45 4 1 1 0 0 1 0 4 0 19 2 1 0 1.163191 0.000000 
45 4 0 0 2 2 1 0 2 10 17 3 3 1 1.477648 0.000000 
45 4 0 0 0 2 0 1 0 2 5 1 1 1 0.855008 0.000000 
45 4 0 3 1 0 0 0 13 4 50 2 2 1 1.400283 0.000000 
45 4 1 3 3 1 0 1 15 13 14 4 4 1 1.212805 0.000000 
45 4 0 3 3 1 0 1 15 13 14 4 4 1 0.713240 0.000000 
45 4 0 1 0 2 0 0 4 2 37 1 1 1 0.929472 0.000000 
45 4 0 0 0 2 0 1 0 2 5 1 1 1 2.401228 0.000000 
45 4 0 2 2 3 0 1 10 11 12 3 3 1 1.525993 0.000000 
45 4 0 3 3 3 1 1 15 15 3 4 4 1 0.588867 0.000000 
45 4 0 1 1 1 1 1 5 5 1 2 2 1 0.857808 0.000000 
45 4 1 0 0 2 0 1 0 2 5 1 1 1 1.116106 0.000000 
45 4 0 2 2 2 1 1 10 10 2 3 3 1 0.636036 0.000000 
45 4 0 1 0 2 0 0 4 2 37 1 1 1 0.662691 0.000000 
45 4 0 0 0 2 0 1 0 2 5 1 1 1 0.600898 0.000000 
45 4 0 1 1 0 0 1 5 4 7 2 2 1 0.645093 0.000000 
45 4 0 2 2 2 1 1 10 10 2 3 3 1 0.679945 0.000000 
45 4 1 2 3 3 1 0 11 15 24 3 3 1 1.168512 0.000000 
45 4 0 1 0 0 1 0 4 0 19 1 1 1 0.806281 0.000000 
45 4 0 3 3 3 1 1 15 15 3 4 4 1 0.554529 0.000000 
45 4 1 1 1 1 1 1 5 5 1 2 2 1 1.024710 0.000000 
45 4 0 1 1 1 1 1 5 5 1 2 2 1 0.484386 0.000000 
45 4 0 2 3 1 0 0 11 13 45 4 4 1 0.573210 0.000000 
45 4 0 0 0 2 0 1 0 2 5 1 1 1 0.642733 0.000000 
45 4 0 0 0 2 0 1 0 2 5 1 1 1 1.005625 0.000000 
45 4 1 0 2 2 1 0 2 10 17 1 2 0 1.480978 0.000000 
45 4 0 2 2 3 0 1 10 11 12 3 4 0 0.582594 0.000000 
45 4 0 2 2 2 1 1 10 10 2 3 3 1 0.495896 0.000000 
45 4 0 0 0 0 1 1 0 0 0 1 1 1 0.544251 0.000000 
45 4 0 2 3 3 1 0 11 15 24 4 4 1 0.559022 0.000000 
45 4 0 3 1 0 0 0 13 4 50 2 2 1 1.517262 0.000000 
45 4 0 2 2 2 1 1 10 10 2 3 3 1 0.669102 0.000000 
45 4 0 1 1 1 1 1 5 5 1 2 4 0 0.733680 0.000000 
45 4 0 0 2 3 0 0 2 11 33 3 3 1 0.728626 0.000000 
45 4 1 3 1 0 0 0 13 4 50 4 1 0 0.855687 0.000000 
45 4 0 3 1 1 1 0 13 5 26 2 2 1 0.646022 0.000000 
45 4 0 3 3 1 0 1 15 13 14 4 4 1 0.552399 0.000000 
45 4 0 3 3 3 1 1 15 15 3 4 4 1 0.454557 0.000000 
45 4 0 0 2 3 0 0 2 11 33 3 3 1 0.592713 0.000000 
45 4 1 1 1 1 1 1 5 5 1 2 2 1 0.956556 0.000000 
45 4 0 1 1 1 1 1 5 5 1 2 2 1 0.610888 0.000000 
45 4 1 1 1 0 0 1 5 4 7 2 2 1 0.719078 0.000000 
45 4 0 3 1 1 1 0 13 5 26 2 2 1 0.526619 0.000000 
45 4 1 1 0 2 0 0 4 2 37 2 1 0 0.734125 0.000000 
45 4 1 0 2 3 0 0 2 11 33 1 1 1 1.360866 0.000000 
45 4 0 2 2 3 0 1 10 11 12 3 3 1 0.647067 0.000000 
45 4 1 2 2 2 1 1 10 10 2 3 3 1 0.913949 0.000000 
45 4 0 3 1 0 0 0 13 4 50 2 4 0 0.545254 0.000000 
45 4 0 1 0 0 1 0 4 0 19 1 1 1 0.572120 0.000000 
45 4 0 2 3 1 0 0 11 13 45 4 3 0 0.633092 0.000000 
45 4 0 0 2 2 1 0 2 10 17 3 3 1 1.056252 0.000000 
45 4 0 0 2 3 0 0 2 11 33 3 3 1 0.586605 0.000000 
45 4 0 2 2 2 1 1 10 10 2 3 3 1 0.511429 0.000000 
45 4 0 3 1 0 0 0 13 4 50 2 2 1 1.103632 0.000000 
45 4 0 1 0 2 0 0 4 2 37 1 1 1 0.782974 0.000000 
45 4 1 1 1 1 1 1 5 5 1 2 2 1 1.067870 0.000000 
45 4 0 3 3 1 0 1 15 13 14 4 4 1 0.669618 0.000000 
45 4 0 3 3 1 0 1 15 13 14 4 4 1 0.487181 0.000000 
45 4 0 1 0 0 1 0 4 0 19 1 1 1 0.735997 0.000000 
45 4 0 3 3 1 0 1 15 13 14 4 4 1 0.654888 0.000000 
45 4 0 1 1 1 1 1 5 5 1 2 2 1 0.657112 0.000000 
45 4 0 0 0 0 1 1 0 0 0 1 1 1 0.651348 0.000000 
45 4 0 3 3 3 1 1 15 15 3 4 4 1 0.556541 0.000000 
45 4 1 3 1 0 0 0 13 4 50 4 2 0 0.754710 0.000000 
45 4 0 1 1 0 0 1 5 4 7 2 2 1 0.564991 0.000000 
45 4 0 2 2 2 1 1 10 10 2 3 3 1 0.634672 0.000000 
45 4 0 3 3 3 1 1 15 15 3 4 4 1 0.509549 0.000000 
45 4 1 1 1 0 0 1 5 4 7 2 2 1 1.325719 0.000000 
45 4 1 2 2 2 1 1 10 10 2 3 3 1 1.173492 0.000000 
45 4 0 3 1 0 0 0 13 4 50 2 2 1 0.714190 0.000000 
45 4 0 0 2 2 1 0 2 10 17 3 4 0 1.170515 0.000000 
45 4 1 3 3 1 0 1 15 13 14 4 4 1 1.428317 0.000000 
45 4 0 1 1 0 0 1 5 4 7 2 2 1 0.751601 0.000000 
45 4 0 0 0 0 1 1 0 0 0 1 1 1 0.677919 0.000000 
45 4 1 0 2 2 1 0 2 10 17 1 1 1 1.479473 0.000000 
45 4 0 0 2 3 0 0 2 11 33 3 3 1 0.721317 0.000000 
45 4 0 0 2 3 0 0 2 11 33 3 3 1 0.479896 0.000000 
45 4 1 1 1 0 0 1 5 4 7 2 2 1 1.065368 0.000000 
45 4 0 2 2 2 1 1 10 10 2 3 3 1 0.603676 0.000000 
45 4 0 1 0 0 1 0 4 0 19 1 1 1 0.855962 0.000000 
45 4 1 1 0 0 1 0 4 0 19 2 2 1 1.042191 0.000000 
45 4 0 0 0 2 0 1 0 2 5 1 1 1 1.093280 0.000000 
45 4 0 1 0 0 1 0 4 0 19 1 1 1 0.638304 0.000000 
45 4 0 0 0 2 0 1 0 2 5 1 1 1 0.633186 0.000000 
45 4 0 2 2 2 1 1 10 10 2 3 3 1 0.643017 0.000000 
45 4 0 3 3 1 0 1 15 13 14 4 4 1 0.525912 0.000000 
45 4 1 0 0 2 0 1 0 2 5 1 1 1 1.285428 0.000000 
45 4 0 2 2 3 0 1 10 11 12 3 3 1 0.606532 0.000000 
45 4 1 2 2 2 1 1 10 10 2 3 3 1 1.066716 0.000000 
45 4 0 2 3 3 1 0 11 15 24 4 4 1 0.668433 0.000000 
45 4 0 3 3 1 0 1 15 13 14 4 4 1 0.622000 0.000000 
45 4 0 2 3 3 1 0 11 15 24 4 4 1 0.536494 0.000000 
45 4 0 0 2 3 0 0 2 11 33 3 3 1 0.599376 0.000000 
45 4 0 1 1 1 1 1 5 5 1 2 2 1 0.668034 0.000000 
45 4 0 0 2 3 0 0 2 11 33 3 3 1 0.661099 0.000000 
45 4 0 1 0 0 1 0 4 0 19 1 1 1 0.599306 0.000000 
45 4 1 3 1 1 1 0 13 5 26 4 2 0 1.003985 0.000000 
45 4 0 3 3 3 1 1 15 15 3 4 4 1 0.603875 0.000000 
45 4 1 2 2 3 0 1 10 11 12 3 3 1 0.671564 0.000000 
45 4 0 1 0 2 0 0 4 2 37 1 1 1 0.928162 0.000000 
45 4 0 1 1 0 0 1 5 4 7 2 2 1 0.631795 0.000000 
45 4 1 0 2 3 0 0 2 11 33 1 3 0 0.883347 0.000000 
45 4 0 3 3 3 1 1 15 15 3 4 4 1 0.480306 0.000000 
45 4 1 2 3 1 0 0 11 13 45 3 4 0 1.129307 0.000000 
45 4 0 3 1 0 0 0 13 4 50 2 2 1 0.837067 0.000000 
45 4 0 1 1 1 1 1 5 5 1 2 2 1 0.615545 0.000000 
45 4 0 3 1 0 0 0 13 4 50 2 2 1 0.515715 0.000000 
45 4 1 3 3 3 1 1 15 15 3 4 4 1 0.914882 0.000000 
45 4 1 3 3 3 1 1 15 15 3 4 4 1 0.483161 0.000000 
45 4 0 1 0 2 0 0 4 2 37 1 1 1 1.036009 0.000000 
45 4 1 0 0 0 1 1 0 0 0 1 1 1 0.943020 0.000000 
45 4 0 2 2 2 1 1 10 10 2 3 3 1 0.533999 0.000000 
45 4 0 2 3 1 0 0 11 13 45 4 4 1 0.580850 0.000000 
45 4 1 0 2 2 1 0 2 10 17 1 1 1 0.970362 0.000000 
45 4 0 2 3 3 1 0 11 15 24 4 4 1 0.767037 0.000000 
45 4 0 1 0 2 0 0 4 2 37 1 1 1 0.756619 0.000000 
45 4 0 1 1 0 0 1 5 4 7 2 2 1 0.682885 0.000000 
45 4 0 3 3 3 1 1 15 15 3 4 4 1 0.507996 0.000000 
45 4 0 2 3 3 1 0 11 15 24 4 4 1 0.531851 0.000000 
45 4 1 2 3 1 0 0 11 13 45 3 3 1 1.243388 0.000000 
45 4 1 0 2 2 1 0 2 10 17 1 1 1 0.670445 0.000000 
45 4 0 2 3 3 1 0 11 15 24 4 4 1 0.632052 0.000000 
45 4 0 3 1 1 1 0 13 5 26 2 2 1 0.986626 0.000000 
45 4 0 1 0 2 0 0 4 2 37 1 1 1 0.727611 0.000000 
45 4 0 0 2 3 0 0 2 11 33 3 3 1 0.743200 0.000000 
45 4 0 1 0 0 1 0 4 0 19 1 1 1 0.598096 0.000000 
45 4 0 2 3 1 0 0 11 13 45 4 4 1 0.578941 0.000000 
45 4 0 3 1 1 1 0 13 5 26 2 2 1 0.784474 0.000000 
45 4 1 1 0 0 1 0 4 0 19 2 2 1 1.277371 0.000000 
45 4 0 0 0 2 0 1 0 2 5 1 1 1 0.894179 0.000000 
45 4 0 0 2 2 1 0 2 10 17 3 2 0 0.951168 0.000000 
45 4 0 0 0 0 1 1 0 0 0 1 1 1 0.633523 0.000000 
45 4 0 2 2 2 1 1 10 10 2 3 3 1 0.508112 0.000000 
45 4 1 0 2 2 1 0 2 10 17 1 1 1 0.908057 0.000000 
45 4 0 0 2 3 0 0 2 11 33 3 3 1 0.588364 0.000000 
45 4 0 3 3 1 0 1 15 13 14 4 4 1 0.529204 0.000000 
45 4 1 0 2 2 1 0 2 10 17 1 1 1 0.888694 0.000000 
45 4 0 0 0 0 1 1 0 0 0 1 1 1 0.864706 0.000000 
45 4 0 2 2 3 0 1 10 11 12 3 4 0 0.514947 0.000000 
45 4 0 1 0 0 1 0 4 0 19 1 3 0 0.807153 0.000000 
45 4 0 0 2 3 0 0 2 11 33 3 3 1 0.670678 0.000000 
45 4 1 0 2 2 1 0 2 10 17 1 1 1 0.992040 0.000000 
45 4 0 3 3 3 1 1 15 15 3 4 4 1 0.540986 0.000000 
45 4 0 1 1 1 1 1 5 5 1 2 2 1 0.755863 0.000000 
45 4 1 3 3 3 1 1 15 15 3 4 4 1 0.585039 0.000000 
45 4 1 2 3 1 0 0 11 13 45 3 4 0 0.669930 0.000000 
45 4 0 3 3 1 0 1 15 13 14 4 4 1 0.515552 0.000000 
45 4 0 2 3 1 0 0 11 13 45 4 4 1 0.547202 0.000000 
45 4 0 2 2 2 1 1 10 10 2 3 3 1 0.562030 0.000000 
45 4 0 1 0 0 1 0 4 0 19 1 2 0 0.744205 0.000000 
45 4 0 0 2 3 0 0 2 11 33 3 3 1 0.626910 0.000000 
45 4 0 3 1 0 0 0 13 4 50 2 3 0 0.830189 0.000000 
45 4 0 3 1 0 0 0 13 4 50 2 2 1 0.716839 0.000000 
45 4 0 1 0 2 0 0 4 2 37 1 1 1 0.699915 0.000000 
45 4 1 3 3 1 0 1 15 13 14 4 4 1 1.108145 0.000000 
45 4 0 1 0 0 1 0 4 0 19 1 1 1 0.844546 0.000000 
45 4 0 2 3 1 0 0 11 13 45 4 4 1 0.767501 0.000000 
45 4 0 1 0 0 1 0 4 0 19 1 1 1 1.517084 0.000000 
45 4 0 2 3 1 0 0 11 13 45 4 4 1 0.796966 0.000000 
45 4 1 3 1 0 0 0 13 4 50 4 4 1 1.432937 0.000000 
45 4 0 0 0 0 1 1 0 0 0 1 1 1 0.596121 0.000000 
45 4 0 1 0 2 0 0 4 2 37 1 1 1 1.000976 0.000000 
45 4 0 2 2 2 1 1 10 10 2 3 3 1 0.645281 0.000000 
45 4 1 3 1 0 0 0 13 4 50 4 4 1 1.464197 0.000000 
45 4 0 3 3 3 1 1 15 15 3 4 4 1 0.674730 0.000000 
45 4 1 2 3 1 0 0 11 13 45 3 3 1 1.268283 0.000000 
45 4 0 0 2 2 1 0 2 10 17 3 3 1 0.981082 0.000000 
45 4 0 0 0 2 0 1 0 2 5 1 1 1 0.834750 0.000000 
45 4 0 2 2 2 1 1 10 10 2 3 3 1 0.709687 0.000000 
45 4 1 1 1 1 1 1 5 5 1 2 2 1 0.901896 0.000000 
45 4 0 2 3 1 0 0 11 13 45 4 4 1 0.678218 0.000000 
