6 1 0 1 2 2 1 0 6 10 20 3 3 1 1.081837 0.000000 
6 1 0 2 2 3 0 1 10 11 12 3 3 1 1.467305 0.000000 
6 1 0 0 0 1 0 1 0 1 4 1 1 1 0.845103 0.000000 
6 1 0 0 1 1 1 0 1 5 16 2 2 1 0.678979 0.000000 
6 1 1 2 2 2 1 1 10 10 2 3 3 1 1.536623 0.000000 
6 1 0 3 0 1 0 0 12 1 48 1 1 1 1.103802 0.000000 
6 1 0 3 0 1 0 0 12 1 48 1 1 1 0.736174 0.000000 
6 1 0 1 2 2 1 0 6 10 20 3 3 1 1.198992 0.000000 
6 1 1 1 1 1 1 1 5 5 1 2 2 1 0.835931 0.000000 
6 1 0 2 3 3 1 0 11 15 24 4 4 1 0.510370 0.000000 
6 1 0 2 3 0 0 0 11 12 44 4 4 1 0.573489 0.000000 
6 1 1 3 3 3 1 1 15 15 3 4 4 1 0.602972 0.000000 
6 1 0 0 0 0 1 1 0 0 0 1 1 1 0.639188 0.000000 
6 1 0 2 3 0 0 0 11 12 44 4 4 1 0.850031 0.000000 
6 1 0 3 0 0 1 0 12 0 25 1 1 1 0.676301 0.000000 
6 1 0 1 2 3 0 0 6 11 40 3 3 1 0.685826 0.000000 
6 1 0 0 1 1 1 0 1 5 16 2 2 1 0.654716 0.000000 
6 1 0 1 1 1 1 1 5 5 1 2 2 1 0.680905 0.000000 
6 1 1 1 2 2 1 0 6 10 20 2 2 1 0.961396 0.000000 
6 1 0 1 2 2 1 0 6 10 20 3 3 1 1.191721 0.000000 
6 1 0 0 1 2 0 0 1 6 29 2 3 0 0.708826 0.000000 
6 1 0 1 2 2 1 0 6 10 20 3 3 1 0.929038 0.000000 
6 1 0 3 3 3 1 1 15 15 3 4 4 1 0.600181 0.000000 
6 1 1 0 1 2 0 0 1 6 29 1 2 0 0.732328 0.000000 
6 1 0 3 3 3 1 1 15 15 3 4 4 1 0.575917 0.000000 
6 1 1 0 1 2 0 0 1 6 29 1 1 1 1.147935 0.000000 
6 1 0 1 1 2 0 1 5 6 8 2 2 1 1.859041 0.000000 
6 1 0 1 1 2 0 1 5 6 8 2 2 1 0.645631 0.000000 
6 1 0 0 1 1 1 0 1 5 16 2 1 0 0.912481 0.000000 
6 1 1 2 2 2 1 1 10 10 2 3 3 1 1.164827 0.000000 
6 1 0 3 3 3 1 1 15 15 3 4 4 1 0.554729 0.000000 
6 1 1 0 0 0 1 1 0 0 0 1 1 1 0.888898 0.000000 
6 1 0 3 0 1 0 0 12 1 48 1 1 1 1.048846 0.000000 
6 1 0 3 0 1 0 0 12 1 48 1 1 1 0.707838 0.000000 
6 1 1 2 2 3 0 1 10 11 12 3 3 1 1.516033 0.000000 
6 1 1 0 0 0 1 1 0 0 0 1 1 1 0.819921 0.000000 
6 1 0 3 3 0 0 1 15 12 13 4 4 1 0.695501 0.000000 
6 1 1 0 1 2 0 0 1 6 29 1 1 1 1.160392 0.000000 
6 1 0 1 2 3 0 0 6 11 40 3 3 1 0.822779 0.000000 
6 1 0 3 0 0 1 0 12 0 25 1 1 1 0.609305 0.000000 
6 1 0 1 2 2 1 0 6 10 20 3 2 0 0.877525 0.000000 
6 1 1 0 1 2 0 0 1 6 29 1 1 1 0.739154 0.000000 
6 1 1 2 2 3 0 1 10 11 12 3 3 1 0.857555 0.000000 
6 1 1 2 2 3 0 1 10 11 12 3 3 1 0.563791 0.000000 
6 1 1 0 0 0 1 1 0 0 0 1 1 1 0.585974 0.000000 
6 1 0 0 0 1 0 1 0 1 4 1 2 0 0.822848 0.000000 
6 1 0 2 3 0 0 0 11 12 44 4 3 0 0.574408 0.000000 
6 1 0 1 1 2 0 1 5 6 8 2 2 1 0.718459 0.000000 
6 1 0 0 0 1 0 1 0 1 4 1 1 1 0.605525 0.000000 
6 1 1 2 3 0 0 0 11 12 44 3 4 0 0.801697 0.000000 
6 1 0 0 0 0 1 1 0 0 0 1 1 1 0.585967 0.000000 
6 1 0 2 3 0 0 0 11 12 44 4 4 1 1.046260 0.000000 
6 1 0 0 0 1 0 1 0 1 4 1 1 1 0.777368 0.000000 
6 1 0 3 0 1 0 0 12 1 48 1 1 1 0.566872 0.000000 
6 1 0 0 0 0 1 1 0 0 0 1 1 1 0.515391 0.000000 
6 1 0 0 0 0 1 1 0 0 0 1 1 1 0.467539 0.000000 
6 1 0 3 0 0 1 0 12 0 25 1 1 1 0.540959 0.000000 
6 1 0 2 2 2 1 1 10 10 2 3 3 1 0.683773 0.000000 
6 1 0 0 0 1 0 1 0 1 4 1 1 1 0.908664 0.000000 
6 1 0 1 2 3 0 0 6 11 40 3 3 1 0.812957 0.000000 
6 1 1 0 0 1 0 1 0 1 4 1 1 1 0.649199 0.000000 
6 1 0 0 0 1 0 1 0 1 4 1 1 1 0.579937 0.000000 
6 1 0 2 3 0 0 0 11 12 44 4 4 1 0.496503 0.000000 
6 1 0 2 2 2 1 1 10 10 2 3 3 1 0.681328 0.000000 
6 1 0 3 3 3 1 1 15 15 3 4 4 1 0.482845 0.000000 
6 1 0 2 2 3 0 1 10 11 12 3 3 1 0.820140 0.000000 
6 1 0 0 1 1 1 0 1 5 16 2 2 1 0.831269 0.000000 
6 1 0 1 1 2 0 1 5 6 8 2 2 1 0.530846 0.000000 
6 1 0 0 0 1 0 1 0 1 4 1 1 1 0.578325 0.000000 
6 1 0 2 3 0 0 0 11 12 44 4 4 1 0.887796 0.000000 
6 1 1 1 2 3 0 0 6 11 40 2 1 0 1.007732 0.000000 
6 1 0 1 1 2 0 1 5 6 8 2 2 1 0.839859 0.000000 
6 1 0 2 2 3 0 1 10 11 12 3 3 1 0.754537 0.000000 
6 1 0 0 1 1 1 0 1 5 16 2 2 1 1.224823 0.000000 
6 1 0 3 0 0 1 0 12 0 25 1 4 0 0.652519 0.000000 
6 1 0 0 1 1 1 0 1 5 16 2 2 1 0.770728 0.000000 
6 1 1 2 2 2 1 1 10 10 2 3 3 1 0.887808 0.000000 
6 1 0 2 3 3 1 0 11 15 24 4 4 1 0.791739 0.000000 
6 1 0 2 2 2 1 1 10 10 2 3 3 1 0.636667 0.000000 
6 1 0 0 1 1 1 0 1 5 16 2 2 1 0.591544 0.000000 
6 1 0 2 3 0 0 0 11 12 44 4 4 1 0.708368 0.000000 
6 1 0 2 2 2 1 1 10 10 2 3 3 1 0.732526 0.000000 
6 1 1 3 0 0 1 0 12 0 25 4 4 1 0.979964 0.000000 
6 1 0 0 0 0 1 1 0 0 0 1 1 1 0.561112 0.000000 
6 1 0 1 2 3 0 0 6 11 40 3 3 1 0.671279 0.000000 
6 1 1 3 3 0 0 1 15 12 13 4 4 1 0.703792 0.000000 
6 1 0 0 1 1 1 0 1 5 16 2 2 1 0.960038 0.000000 
6 1 1 2 2 3 0 1 10 11 12 3 3 1 0.614291 0.000000 
6 1 1 3 3 3 1 1 15 15 3 4 4 1 0.914500 0.000000 
6 1 0 1 2 3 0 0 6 11 40 3 3 1 0.922807 0.000000 
6 1 0 1 2 2 1 0 6 10 20 3 3 1 0.498412 0.000000 
6 1 0 3 3 0 0 1 15 12 13 4 4 1 0.555201 0.000000 
6 1 0 0 1 1 1 0 1 5 16 2 2 1 0.761391 0.000000 
6 1 0 1 1 1 1 1 5 5 1 2 3 0 0.694535 0.000000 
6 1 0 3 3 3 1 1 15 15 3 4 4 1 0.755474 0.000000 
6 1 1 1 1 1 1 1 5 5 1 2 2 1 0.841236 0.000000 
6 1 0 3 3 3 1 1 15 15 3 4 4 1 0.476142 0.000000 
6 1 0 3 3 3 1 1 15 15 3 4 4 1 0.397577 0.000000 
6 1 1 3 0 1 0 0 12 1 48 4 2 0 0.618369 0.000000 
6 1 0 3 3 0 0 1 15 12 13 4 4 1 0.641888 0.000000 
6 1 0 2 2 3 0 1 10 11 12 3 3 1 0.667282 0.000000 
6 1 0 0 1 2 0 0 1 6 29 2 2 1 0.740767 0.000000 
6 1 1 1 1 1 1 1 5 5 1 2 2 1 0.843669 0.000000 
6 1 1 1 2 3 0 0 6 11 40 2 3 0 0.750610 0.000000 
6 1 0 3 3 3 1 1 15 15 3 4 4 1 0.552643 0.000000 
6 1 1 1 2 3 0 0 6 11 40 2 3 0 0.854528 0.000000 
6 1 1 3 3 3 1 1 15 15 3 4 4 1 0.372817 0.000000 
6 1 0 3 3 0 0 1 15 12 13 4 4 1 0.744828 0.000000 
6 1 0 3 0 1 0 0 12 1 48 1 1 1 0.775664 0.000000 
6 1 0 0 0 0 1 1 0 0 0 1 1 1 0.637251 0.000000 
6 1 0 3 0 1 0 0 12 1 48 1 1 1 0.720064 0.000000 
6 1 0 2 2 2 1 1 10 10 2 3 3 1 0.679605 0.000000 
6 1 0 0 0 1 0 1 0 1 4 1 1 1 0.785152 0.000000 
6 1 1 1 1 2 0 1 5 6 8 2 2 1 1.022063 0.000000 
6 1 0 2 2 2 1 1 10 10 2 3 3 1 0.601700 0.000000 
6 1 0 3 0 1 0 0 12 1 48 1 1 1 0.797914 0.000000 
6 1 1 1 2 3 0 0 6 11 40 2 2 1 0.993826 0.000000 
6 1 1 1 2 3 0 0 6 11 40 2 2 1 0.438776 0.000000 
6 1 0 1 2 3 0 0 6 11 40 3 3 1 1.081602 0.000000 
6 1 0 1 2 2 1 0 6 10 20 3 3 1 0.987269 0.000000 
6 1 0 3 3 3 1 1 15 15 3 4 4 1 0.600268 0.000000 
6 1 0 1 1 1 1 1 5 5 1 2 2 1 0.676442 0.000000 
6 1 0 3 3 3 1 1 15 15 3 4 4 1 0.533936 0.000000 
6 1 0 3 3 3 1 1 15 15 3 4 4 1 0.435762 0.000000 
6 1 0 2 3 0 0 0 11 12 44 4 4 1 0.646542 0.000000 
6 1 0 2 3 3 1 0 11 15 24 4 4 1 0.441373 0.000000 
6 1 0 1 1 1 1 1 5 5 1 2 2 1 0.596110 0.000000 
6 1 1 1 1 2 0 1 5 6 8 2 2 1 0.968984 0.000000 
6 1 1 1 1 1 1 1 5 5 1 2 2 1 0.678625 0.000000 
6 1 1 1 2 3 0 0 6 11 40 2 3 0 0.768165 0.000000 
6 1 0 2 2 2 1 1 10 10 2 3 3 1 0.641753 0.000000 
6 1 0 2 3 0 0 0 11 12 44 4 4 1 0.659073 0.000000 
6 1 0 1 2 3 0 0 6 11 40 3 3 1 0.789343 0.000000 
6 1 0 0 1 2 0 0 1 6 29 2 2 1 0.786251 0.000000 
6 1 0 2 3 0 0 0 11 12 44 4 4 1 0.663137 0.000000 
6 1 0 2 2 2 1 1 10 10 2 3 4 0 0.705275 0.000000 
6 1 0 3 3 0 0 1 15 12 13 4 4 1 0.621550 0.000000 
6 1 0 2 3 0 0 0 11 12 44 4 4 1 0.560583 0.000000 
6 1 0 1 2 3 0 0 6 11 40 3 3 1 0.734771 0.000000 
6 1 0 3 3 0 0 1 15 12 13 4 4 1 0.964625 0.000000 
6 1 0 0 1 2 0 0 1 6 29 2 2 1 0.746955 0.000000 
6 1 0 1 2 3 0 0 6 11 40 3 3 1 0.633841 0.000000 
6 1 0 1 1 1 1 1 5 5 1 2 2 1 0.884700 0.000000 
6 1 0 3 3 3 1 1 15 15 3 4 4 1 0.605639 0.000000 
6 1 0 2 2 3 0 1 10 11 12 3 3 1 0.617787 0.000000 
6 1 0 2 2 2 1 1 10 10 2 3 3 1 0.637327 0.000000 
6 1 0 3 0 0 1 0 12 0 25 1 1 1 0.608164 0.000000 
6 1 0 2 3 3 1 0 11 15 24 4 4 1 0.819345 0.000000 
6 1 0 1 2 2 1 0 6 10 20 3 3 1 1.030963 0.000000 
6 1 0 2 3 3 1 0 11 15 24 4 4 1 0.554581 0.000000 
6 1 0 3 0 1 0 0 12 1 48 1 1 1 0.816761 0.000000 
6 1 1 0 1 1 1 0 1 5 16 1 1 1 1.060313 0.000000 
6 1 1 0 1 1 1 0 1 5 16 1 1 1 0.526577 0.000000 
6 1 0 2 2 2 1 1 10 10 2 3 3 1 0.845253 0.000000 
6 1 1 2 2 2 1 1 10 10 2 3 3 1 0.640018 0.000000 
6 1 1 2 3 0 0 0 11 12 44 3 4 0 0.666926 0.000000 
6 1 0 2 3 3 1 0 11 15 24 4 4 1 0.648498 0.000000 
6 1 0 2 2 2 1 1 10 10 2 3 3 1 0.618869 0.000000 
6 1 0 3 0 0 1 0 12 0 25 1 1 1 1.206417 0.000000 
6 1 0 3 3 0 0 1 15 12 13 4 4 1 0.762802 0.000000 
6 1 0 2 3 3 1 0 11 15 24 4 3 0 0.825015 0.000000 
6 1 0 1 2 2 1 0 6 10 20 3 3 1 1.423626 0.000000 
6 1 1 3 3 0 0 1 15 12 13 4 4 1 1.170977 0.000000 
6 1 1 0 0 0 1 1 0 0 0 1 1 1 0.640696 0.000000 
6 1 0 0 1 1 1 0 1 5 16 2 2 1 0.667562 0.000000 
6 1 0 0 1 1 1 0 1 5 16 2 2 1 0.549121 0.000000 
6 1 0 2 3 0 0 0 11 12 44 4 3 0 0.707895 0.000000 
6 1 0 0 0 1 0 1 0 1 4 1 1 1 0.912120 0.000000 
6 1 0 3 3 0 0 1 15 12 13 4 4 1 0.646998 0.000000 
6 1 1 1 2 3 0 0 6 11 40 2 2 1 1.089769 0.000000 
6 1 0 3 3 0 0 1 15 12 13 4 4 1 0.674748 0.000000 
6 1 0 3 0 0 1 0 12 0 25 1 1 1 0.932355 0.000000 
6 1 1 1 2 3 0 0 6 11 40 2 2 1 0.747935 0.000000 
6 1 1 2 2 2 1 1 10 10 2 3 3 1 0.722851 0.000000 
6 1 0 1 1 2 0 1 5 6 8 2 2 1 0.834432 0.000000 
6 1 0 1 1 2 0 1 5 6 8 2 2 1 0.556424 0.000000 
6 1 0 0 1 2 0 0 1 6 29 2 2 1 0.778556 0.000000 
6 1 0 0 1 1 1 0 1 5 16 2 2 1 0.720080 0.000000 
6 1 0 0 0 0 1 1 0 0 0 1 1 1 0.583630 0.000000 
6 1 1 3 3 3 1 1 15 15 3 4 4 1 1.012462 0.000000 
6 1 0 3 3 0 0 1 15 12 13 4 4 1 0.648779 0.000000 
6 1 0 2 2 3 0 1 10 11 12 3 3 1 0.771633 0.000000 
6 1 0 3 0 0 1 0 12 0 25 1 1 1 0.833223 0.000000 
6 1 1 0 1 1 1 0 1 5 16 1 2 0 0.628138 0.000000 
6 1 1 3 0 1 0 0 12 1 48 4 4 1 0.818643 0.000000 
6 1 0 0 0 0 1 1 0 0 0 1 1 1 0.685792 0.000000 
6 1 0 0 1 1 1 0 1 5 16 2 2 1 0.662601 0.000000 
6 1 0 1 2 2 1 0 6 10 20 3 3 1 1.056888 0.000000 
6 1 0 1 1 2 0 1 5 6 8 2 2 1 0.787191 0.000000 
6 1 1 2 3 0 0 0 11 12 44 3 3 1 1.152080 0.000000 
6 1 0 0 0 1 0 1 0 1 4 1 1 1 0.870500 0.000000 
6 1 0 1 2 3 0 0 6 11 40 3 3 1 0.631083 0.000000 
6 2 0 1 2 2 1 0 6 10 20 3 3 1 1.605579 0.000000 
6 2 0 1 2 2 1 0 6 10 20 3 3 1 0.409599 0.000000 
6 2 0 3 0 0 1 0 12 0 25 1 1 1 1.084773 0.000000 
6 2 1 1 1 1 1 1 5 5 1 2 2 1 0.805746 0.000000 
6 2 0 1 2 2 1 0 6 10 20 3 3 1 0.641998 0.000000 
6 2 1 0 1 1 1 0 1 5 16 1 1 1 0.676828 0.000000 
6 2 0 3 0 0 1 0 12 0 25 1 1 1 1.158400 0.000000 
6 2 0 0 1 1 1 0 1 5 16 2 2 1 0.588757 0.000000 
6 2 0 0 1 1 1 0 1 5 16 2 2 1 1.073628 0.000000 
6 2 0 3 0 0 1 0 12 0 25 1 1 1 0.603301 0.000000 
6 2 0 1 2 2 1 0 6 10 20 3 3 1 0.758420 0.000000 
6 2 0 3 3 3 1 1 15 15 3 4 4 1 0.588699 0.000000 
6 2 0 3 3 0 0 1 15 12 13 4 3 0 0.529502 0.000000 
6 2 0 0 1 1 1 0 1 5 16 2 2 1 0.621009 0.000000 
6 2 1 1 2 3 0 0 6 11 40 2 2 1 1.008042 0.000000 
6 2 1 2 3 3 1 0 11 15 24 3 3 1 0.972359 0.000000 
6 2 0 1 1 2 0 1 5 6 8 2 2 1 0.746018 0.000000 
6 2 0 1 1 2 0 1 5 6 8 2 2 1 0.663950 0.000000 
6 2 0 3 0 0 1 0 12 0 25 1 1 1 0.722102 0.000000 
6 2 1 0 0 1 0 1 0 1 4 1 1 1 0.793661 0.000000 
6 2 0 2 3 0 0 0 11 12 44 4 3 0 0.694553 0.000000 
6 2 0 1 2 3 0 0 6 11 40 3 3 1 0.811452 0.000000 
6 2 0 0 1 2 0 0 1 6 29 2 2 1 0.711192 0.000000 
6 2 0 1 1 2 0 1 5 6 8 2 2 1 0.647438 0.000000 
6 2 0 1 1 1 1 1 5 5 1 2 2 1 0.553370 0.000000 
6 2 1 0 1 1 1 0 1 5 16 1 1 1 0.727432 0.000000 
6 2 1 0 0 1 0 1 0 1 4 1 1 1 0.430969 0.000000 
6 2 0 3 3 0 0 1 15 12 13 4 4 1 0.762428 0.000000 
6 2 0 3 0 1 0 0 12 1 48 1 4 0 0.528584 0.000000 
6 2 0 1 1 2 0 1 5 6 8 2 2 1 0.660130 0.000000 
6 2 0 1 2 3 0 0 6 11 40 3 3 1 0.605822 0.000000 
6 2 0 1 1 1 1 1 5 5 1 2 2 1 0.570005 0.000000 
6 2 0 3 0 0 1 0 12 0 25 1 1 1 0.679515 0.000000 
6 2 1 0 0 1 0 1 0 1 4 1 1 1 0.800009 0.000000 
6 2 0 0 1 2 0 0 1 6 29 2 2 1 0.716311 0.000000 
6 2 0 3 0 0 1 0 12 0 25 1 1 1 0.884082 0.000000 
6 2 0 1 2 2 1 0 6 10 20 3 3 1 0.700796 0.000000 
6 2 1 2 2 2 1 1 10 10 2 3 3 1 1.084997 0.000000 
6 2 0 3 3 0 0 1 15 12 13 4 4 1 0.622029 0.000000 
6 2 1 3 3 0 0 1 15 12 13 4 4 1 0.569534 0.000000 
6 2 1 0 1 2 0 0 1 6 29 1 1 1 0.599018 0.000000 
6 2 1 0 0 1 0 1 0 1 4 1 1 1 0.610854 0.000000 
6 2 0 2 2 3 0 1 10 11 12 3 3 1 0.759015 0.000000 
6 2 0 2 3 0 0 0 11 12 44 4 4 1 0.709259 0.000000 
6 2 0 0 0 0 1 1 0 0 0 1 1 1 0.565480 0.000000 
6 2 0 1 1 2 0 1 5 6 8 2 2 1 0.675630 0.000000 
6 2 0 3 0 0 1 0 12 0 25 1 1 1 0.533154 0.000000 
6 2 1 1 2 3 0 0 6 11 40 2 2 1 1.003970 0.000000 
6 2 0 3 0 1 0 0 12 1 48 1 1 1 1.128331 0.000000 
6 2 1 0 0 1 0 1 0 1 4 1 1 1 0.918978 0.000000 
6 2 1 0 1 1 1 0 1 5 16 1 1 1 0.518623 0.000000 
6 2 0 1 1 2 0 1 5 6 8 2 2 1 0.614073 0.000000 
6 2 1 0 1 2 0 0 1 6 29 1 1 1 0.898276 0.000000 
6 2 0 2 2 3 0 1 10 11 12 3 3 1 0.699251 0.000000 
6 2 0 2 3 3 1 0 11 15 24 4 4 1 1.155931 0.000000 
6 2 0 0 0 1 0 1 0 1 4 1 1 1 0.665843 0.000000 
6 2 0 1 2 3 0 0 6 11 40 3 2 0 0.506926 0.000000 
6 2 1 2 2 3 0 1 10 11 12 3 3 1 0.991181 0.000000 
6 2 1 3 0 0 1 0 12 0 25 4 1 0 1.179689 0.000000 
6 2 1 0 1 2 0 0 1 6 29 1 1 1 1.165450 0.000000 
6 2 0 1 2 3 0 0 6 11 40 3 3 1 0.763349 0.000000 
6 2 1 1 2 2 1 0 6 10 20 2 2 1 0.985572 0.000000 
6 2 0 1 2 3 0 0 6 11 40 3 3 1 1.142564 0.000000 
6 2 1 3 3 3 1 1 15 15 3 4 4 1 0.684552 0.000000 
6 2 0 3 3 0 0 1 15 12 13 4 4 1 1.221509 0.000000 
6 2 0 2 2 2 1 1 10 10 2 3 3 1 0.697238 0.000000 
6 2 1 0 1 2 0 0 1 6 29 1 1 1 0.706082 0.000000 
6 2 0 3 0 1 0 0 12 1 48 1 1 1 1.058329 0.000000 
6 2 1 0 1 1 1 0 1 5 16 1 1 1 0.604650 0.000000 
6 2 0 3 3 3 1 1 15 15 3 4 4 1 0.592819 0.000000 
6 2 0 1 1 1 1 1 5 5 1 2 2 1 0.605648 0.000000 
6 2 0 0 1 1 1 0 1 5 16 2 1 0 0.904868 0.000000 
6 2 0 0 1 1 1 0 1 5 16 2 2 1 0.717141 0.000000 
6 2 0 3 0 0 1 0 12 0 25 1 4 0 0.708213 0.000000 
6 2 0 2 2 2 1 1 10 10 2 3 3 1 0.728435 0.000000 
6 2 1 3 3 3 1 1 15 15 3 4 4 1 0.703491 0.000000 
6 2 0 0 1 1 1 0 1 5 16 2 2 1 0.671721 0.000000 
6 2 0 3 3 3 1 1 15 15 3 4 4 1 0.520328 0.000000 
6 2 0 1 2 2 1 0 6 10 20 3 3 1 0.871682 0.000000 
6 2 0 0 0 0 1 1 0 0 0 1 1 1 0.561327 0.000000 
6 2 0 0 0 0 1 1 0 0 0 1 1 1 0.775470 0.000000 
6 2 0 0 0 1 0 1 0 1 4 1 1 1 0.781059 0.000000 
6 2 0 1 2 2 1 0 6 10 20 3 3 1 0.666651 0.000000 
6 2 0 1 2 2 1 0 6 10 20 3 3 1 0.484142 0.000000 
6 2 0 3 0 1 0 0 12 1 48 1 1 1 0.828972 0.000000 
6 2 1 0 0 1 0 1 0 1 4 1 1 1 0.863599 0.000000 
6 2 1 0 1 2 0 0 1 6 29 1 1 1 0.521791 0.000000 
6 2 0 1 1 2 0 1 5 6 8 2 3 0 0.633225 0.000000 
6 2 0 0 0 0 1 1 0 0 0 1 1 1 0.576320 0.000000 
6 2 0 3 3 3 1 1 15 15 3 4 4 1 0.933829 0.000000 
6 2 0 1 1 2 0 1 5 6 8 2 2 1 0.780793 0.000000 
6 2 0 0 0 0 1 1 0 0 0 1 1 1 0.602367 0.000000 
6 2 0 2 3 0 0 0 11 12 44 4 3 0 0.662513 0.000000 
6 2 0 3 3 0 0 1 15 12 13 4 4 1 0.731730 0.000000 
6 2 0 0 0 1 0 1 0 1 4 1 1 1 0.658843 0.000000 
6 2 0 0 1 2 0 0 1 6 29 2 2 1 1.157023 0.000000 
6 2 0 2 2 2 1 1 10 10 2 3 3 1 0.627363 0.000000 
6 2 0 2 3 0 0 0 11 12 44 4 4 1 0.638928 0.000000 
6 2 0 0 1 2 0 0 1 6 29 2 2 1 0.833765 0.000000 
6 2 1 2 3 3 1 0 11 15 24 3 1 0 0.796660 0.000000 
6 2 0 1 2 2 1 0 6 10 20 3 3 1 1.021632 0.000000 
6 2 1 2 3 0 0 0 11 12 44 3 3 1 1.287750 0.000000 
6 2 1 0 1 2 0 0 1 6 29 1 1 1 0.632915 0.000000 
6 2 0 0 1 2 0 0 1 6 29 2 2 1 1.460046 0.000000 
6 2 0 3 3 3 1 1 15 15 3 4 4 1 0.526246 0.000000 
6 2 0 1 1 2 0 1 5 6 8 2 2 1 0.805102 0.000000 
6 2 0 3 0 0 1 0 12 0 25 1 1 1 0.777973 0.000000 
6 2 0 2 3 0 0 0 11 12 44 4 3 0 0.855556 0.000000 
6 2 0 1 2 3 0 0 6 11 40 3 3 1 0.876807 0.000000 
6 2 0 3 3 3 1 1 15 15 3 4 4 1 0.501957 0.000000 
6 2 1 1 2 3 0 0 6 11 40 2 2 1 1.246150 0.000000 
6 2 1 0 1 2 0 0 1 6 29 1 1 1 0.825201 0.000000 
6 2 0 2 2 2 1 1 10 10 2 3 3 1 0.716798 0.000000 
6 2 0 3 0 1 0 0 12 1 48 1 1 1 0.828357 0.000000 
6 2 0 2 3 3 1 0 11 15 24 4 3 0 0.623922 0.000000 
6 2 1 2 2 2 1 1 10 10 2 3 3 1 1.022465 0.000000 
6 2 0 3 3 0 0 1 15 12 13 4 4 1 0.753641 0.000000 
6 2 0 2 3 0 0 0 11 12 44 4 4 1 0.623864 0.000000 
6 2 1 2 2 3 0 1 10 11 12 3 3 1 0.923335 0.000000 
6 2 0 3 0 0 1 0 12 0 25 1 1 1 0.987043 0.000000 
6 2 1 0 0 0 1 1 0 0 0 1 1 1 0.623996 0.000000 
6 2 0 2 3 3 1 0 11 15 24 4 3 0 0.723516 0.000000 
6 2 0 3 3 0 0 1 15 12 13 4 3 0 0.510113 0.000000 
6 2 0 3 0 0 1 0 12 0 25 1 1 1 0.681752 0.000000 
6 2 0 2 3 3 1 0 11 15 24 4 4 1 0.906808 0.000000 
6 2 0 2 3 3 1 0 11 15 24 4 4 1 0.411045 0.000000 
6 2 0 1 1 2 0 1 5 6 8 2 2 1 0.687208 0.000000 
6 2 0 2 2 2 1 1 10 10 2 3 3 1 0.728078 0.000000 
6 2 0 0 1 2 0 0 1 6 29 2 2 1 0.839634 0.000000 
6 2 1 2 2 2 1 1 10 10 2 3 1 0 0.778499 0.000000 
6 2 0 2 2 3 0 1 10 11 12 3 3 1 0.659115 0.000000 
6 2 0 2 2 3 0 1 10 11 12 3 3 1 0.588821 0.000000 
6 2 1 0 1 2 0 0 1 6 29 1 1 1 0.841669 0.000000 
6 2 1 2 3 0 0 0 11 12 44 3 4 0 0.852586 0.000000 
6 2 0 0 1 2 0 0 1 6 29 2 2 1 0.802906 0.000000 
6 2 1 2 3 0 0 0 11 12 44 3 3 1 1.110644 0.000000 
6 2 0 1 2 2 1 0 6 10 20 3 3 1 1.407043 0.000000 
6 2 0 0 0 1 0 1 0 1 4 1 1 1 0.642508 0.000000 
6 2 0 1 1 1 1 1 5 5 1 2 2 1 0.661347 0.000000 
6 2 0 2 2 3 0 1 10 11 12 3 3 1 0.663547 0.000000 
6 2 0 3 0 0 1 0 12 0 25 1 1 1 0.857770 0.000000 
6 2 1 2 2 2 1 1 10 10 2 3 3 1 0.908005 0.000000 
6 2 0 3 0 0 1 0 12 0 25 1 2 0 1.076328 0.000000 
6 2 0 1 2 3 0 0 6 11 40 3 3 1 0.682040 0.000000 
6 2 0 0 0 1 0 1 0 1 4 1 1 1 0.731053 0.000000 
6 2 0 2 2 3 0 1 10 11 12 3 3 1 0.673618 0.000000 
6 2 0 1 1 2 0 1 5 6 8 2 2 1 0.659156 0.000000 
6 2 0 3 3 3 1 1 15 15 3 4 4 1 0.573343 0.000000 
6 2 0 3 0 1 0 0 12 1 48 1 1 1 0.682833 0.000000 
6 2 1 1 2 2 1 0 6 10 20 2 2 1 0.891925 0.000000 
6 2 0 2 2 3 0 1 10 11 12 3 3 1 0.660638 0.000000 
6 2 1 1 1 2 0 1 5 6 8 2 2 1 0.757928 0.000000 
6 2 0 0 0 0 1 1 0 0 0 1 1 1 0.548018 0.000000 
6 2 1 3 3 0 0 1 15 12 13 4 4 1 0.930898 0.000000 
6 2 0 2 2 2 1 1 10 10 2 3 3 1 0.650491 0.000000 
6 2 0 3 3 3 1 1 15 15 3 4 4 1 0.524707 0.000000 
6 2 0 1 2 2 1 0 6 10 20 3 3 1 0.836147 0.000000 
6 2 0 2 2 2 1 1 10 10 2 3 3 1 0.615086 0.000000 
6 2 0 1 1 2 0 1 5 6 8 2 2 1 0.667285 0.000000 
6 2 0 3 3 3 1 1 15 15 3 4 4 1 0.564802 0.000000 
6 2 0 2 2 2 1 1 10 10 2 3 3 1 0.578954 0.000000 
6 2 0 2 2 2 1 1 10 10 2 3 3 1 0.631442 0.000000 
6 2 0 3 3 0 0 1 15 12 13 4 4 1 0.610970 0.000000 
6 2 0 2 3 3 1 0 11 15 24 4 3 0 0.735027 0.000000 
6 2 0 3 3 3 1 1 15 15 3 4 4 1 0.521789 0.000000 
6 2 0 1 1 2 0 1 5 6 8 2 2 1 0.688991 0.000000 
6 2 0 3 3 0 0 1 15 12 13 4 4 1 0.873907 0.000000 
6 2 0 2 2 2 1 1 10 10 2 3 3 1 0.770588 0.000000 
6 2 0 1 1 2 0 1 5 6 8 2 2 1 0.624047 0.000000 
6 2 0 0 1 2 0 0 1 6 29 2 2 1 0.819609 0.000000 
6 2 1 2 2 3 0 1 10 11 12 3 3 1 0.727143 0.000000 
6 2 1 2 2 2 1 1 10 10 2 3 3 1 0.534709 0.000000 
6 2 1 0 0 1 0 1 0 1 4 1 1 1 0.661576 0.000000 
6 2 0 3 0 0 1 0 12 0 25 1 1 1 1.023787 0.000000 
6 2 1 3 0 1 0 0 12 1 48 4 4 1 1.115403 0.000000 
6 2 0 2 3 3 1 0 11 15 24 4 4 1 1.259783 0.000000 
6 2 0 3 3 3 1 1 15 15 3 4 4 1 0.725208 0.000000 
6 2 0 1 2 3 0 0 6 11 40 3 3 1 1.060784 0.000000 
6 2 0 1 1 1 1 1 5 5 1 2 2 1 0.503096 0.000000 
6 2 0 2 3 3 1 0 11 15 24 4 4 1 0.791242 0.000000 
6 2 0 0 0 1 0 1 0 1 4 1 1 1 0.836167 0.000000 
6 2 0 1 1 1 1 1 5 5 1 2 2 1 0.839027 0.000000 
6 2 0 1 2 2 1 0 6 10 20 3 3 1 0.858031 0.000000 
6 2 1 2 3 0 0 0 11 12 44 3 3 1 0.819254 0.000000 
6 2 0 2 3 0 0 0 11 12 44 4 4 1 1.246880 0.000000 
6 2 0 2 2 2 1 1 10 10 2 3 3 1 0.665912 0.000000 
6 2 0 0 0 1 0 1 0 1 4 1 1 1 0.739956 0.000000 
6 2 0 3 3 3 1 1 15 15 3 4 4 1 0.506362 0.000000 
6 2 0 1 2 3 0 0 6 11 40 3 3 1 0.826527 0.000000 
6 2 0 0 0 0 1 1 0 0 0 1 1 1 0.574030 0.000000 
6 2 1 3 3 3 1 1 15 15 3 4 4 1 0.787592 0.000000 
6 2 0 2 3 3 1 0 11 15 24 4 3 0 0.735471 0.000000 
6 3 0 1 1 2 0 1 5 6 8 2 2 1 1.647189 0.000000 
6 3 0 2 3 0 0 0 11 12 44 4 4 1 0.625877 0.000000 
6 3 1 1 2 3 0 0 6 11 40 2 2 1 1.173400 0.000000 
6 3 0 3 3 0 0 1 15 12 13 4 4 1 0.563132 0.000000 
6 3 0 2 2 3 0 1 10 11 12 3 3 1 0.657208 0.000000 
6 3 0 2 2 3 0 1 10 11 12 3 3 1 0.650460 0.000000 
6 3 0 0 1 1 1 0 1 5 16 2 2 1 0.684645 0.000000 
6 3 0 3 3 3 1 1 15 15 3 4 4 1 0.893555 0.000000 
6 3 1 1 1 2 0 1 5 6 8 2 2 1 0.878490 0.000000 
6 3 0 3 0 1 0 0 12 1 48 1 1 1 0.848116 0.000000 
6 3 0 1 2 2 1 0 6 10 20 3 3 1 0.803046 0.000000 
6 3 0 1 1 2 0 1 5 6 8 2 2 1 0.623284 0.000000 
6 3 0 3 3 0 0 1 15 12 13 4 4 1 0.530803 0.000000 
6 3 1 1 2 3 0 0 6 11 40 2 1 0 0.825267 0.000000 
6 3 1 3 0 0 1 0 12 0 25 4 4 1 1.112895 0.000000 
6 3 1 3 0 0 1 0 12 0 25 4 4 1 0.592738 0.000000 
6 3 1 0 0 1 0 1 0 1 4 1 1 1 1.309623 0.000000 
6 3 1 0 0 0 1 1 0 0 0 1 1 1 2.278112 0.000000 
6 3 0 3 0 0 1 0 12 0 25 1 4 0 0.880228 0.000000 
6 3 0 1 1 2 0 1 5 6 8 2 2 1 0.724838 0.000000 
6 3 1 3 0 0 1 0 12 0 25 4 4 1 1.051904 0.000000 
6 3 0 2 2 3 0 1 10 11 12 3 3 1 0.942259 0.000000 
6 3 0 0 0 1 0 1 0 1 4 1 1 1 0.597241 0.000000 
6 3 0 1 1 1 1 1 5 5 1 2 2 1 0.682057 0.000000 
6 3 0 3 3 3 1 1 15 15 3 4 4 1 0.531593 0.000000 
6 3 0 2 2 3 0 1 10 11 12 3 3 1 0.771070 0.000000 
6 3 0 1 1 2 0 1 5 6 8 2 2 1 0.679672 0.000000 
6 3 1 1 1 2 0 1 5 6 8 2 2 1 0.881096 0.000000 
6 3 0 3 3 3 1 1 15 15 3 4 4 1 0.602765 0.000000 
6 3 0 2 2 2 1 1 10 10 2 3 3 1 0.582944 0.000000 
6 3 1 0 1 1 1 0 1 5 16 1 1 1 0.820004 0.000000 
6 3 0 2 2 2 1 1 10 10 2 3 3 1 0.607338 0.000000 
6 3 0 3 0 0 1 0 12 0 25 1 1 1 1.331557 0.000000 
6 3 0 1 1 1 1 1 5 5 1 2 2 1 0.579330 0.000000 
6 3 0 3 0 0 1 0 12 0 25 1 1 1 0.783799 0.000000 
6 3 0 2 3 3 1 0 11 15 24 4 4 1 0.556722 0.000000 
6 3 0 3 3 3 1 1 15 15 3 4 4 1 0.570865 0.000000 
6 3 0 2 3 0 0 0 11 12 44 4 4 1 0.688388 0.000000 
6 3 0 2 3 3 1 0 11 15 24 4 4 1 0.441235 0.000000 
6 3 0 0 0 1 0 1 0 1 4 1 1 1 0.700015 0.000000 
6 3 0 0 1 1 1 0 1 5 16 2 2 1 0.668233 0.000000 
6 3 0 2 3 0 0 0 11 12 44 4 4 1 0.605740 0.000000 
6 3 0 0 0 1 0 1 0 1 4 1 1 1 0.552922 0.000000 
6 3 1 1 1 1 1 1 5 5 1 2 2 1 0.551064 0.000000 
6 3 0 1 1 2 0 1 5 6 8 2 2 1 0.677243 0.000000 
6 3 0 2 3 0 0 0 11 12 44 4 4 1 0.630756 0.000000 
6 3 0 3 0 0 1 0 12 0 25 1 1 1 0.794278 0.000000 
6 3 0 2 2 3 0 1 10 11 12 3 3 1 0.623182 0.000000 
6 3 0 3 3 3 1 1 15 15 3 4 4 1 0.530693 0.000000 
6 3 1 3 0 1 0 0 12 1 48 4 1 0 0.842164 0.000000 
6 3 0 3 0 1 0 0 12 1 48 1 1 1 1.111895 0.000000 
6 3 1 1 1 2 0 1 5 6 8 2 2 1 0.799985 0.000000 
6 3 1 3 3 3 1 1 15 15 3 4 4 1 0.548231 0.000000 
6 3 0 3 3 3 1 1 15 15 3 4 4 1 0.627004 0.000000 
6 3 0 3 0 1 0 0 12 1 48 1 1 1 0.646581 0.000000 
6 3 0 1 2 2 1 0 6 10 20 3 3 1 1.017447 0.000000 
6 3 0 1 2 2 1 0 6 10 20 3 3 1 0.821096 0.000000 
6 3 1 1 2 2 1 0 6 10 20 2 2 1 0.976700 0.000000 
6 3 1 3 0 1 0 0 12 1 48 4 1 0 0.821326 0.000000 
6 3 0 3 3 3 1 1 15 15 3 4 4 1 0.508952 0.000000 
6 3 0 2 2 2 1 1 10 10 2 3 3 1 0.956582 0.000000 
6 3 0 3 0 1 0 0 12 1 48 1 2 0 0.810910 0.000000 
6 3 0 3 0 0 1 0 12 0 25 1 1 1 0.675164 0.000000 
6 3 0 2 3 3 1 0 11 15 24 4 4 1 0.572170 0.000000 
6 3 0 2 3 0 0 0 11 12 44 4 4 1 0.745706 0.000000 
6 3 0 0 1 2 0 0 1 6 29 2 2 1 1.031636 0.000000 
6 3 0 3 3 3 1 1 15 15 3 4 4 1 0.699283 0.000000 
6 3 0 1 1 2 0 1 5 6 8 2 2 1 0.683952 0.000000 
6 3 1 0 0 0 1 1 0 0 0 1 1 1 0.572367 0.000000 
6 3 0 0 0 0 1 1 0 0 0 1 1 1 0.633850 0.000000 
6 3 1 2 3 3 1 0 11 15 24 3 3 1 1.028693 0.000000 
6 3 0 0 0 1 0 1 0 1 4 1 1 1 0.728363 0.000000 
6 3 0 3 3 0 0 1 15 12 13 4 4 1 0.623911 0.000000 
6 3 1 3 0 0 1 0 12 0 25 4 1 0 0.730415 0.000000 
6 3 1 0 0 1 0 1 0 1 4 1 1 1 0.661980 0.000000 
6 3 0 2 3 3 1 0 11 15 24 4 3 0 0.727716 0.000000 
6 3 1 0 1 1 1 0 1 5 16 1 1 1 1.483323 0.000000 
6 3 0 0 0 1 0 1 0 1 4 1 1 1 0.667982 0.000000 
6 3 0 3 3 0 0 1 15 12 13 4 4 1 0.765522 0.000000 
6 3 1 1 1 1 1 1 5 5 1 2 2 1 0.570817 0.000000 
6 3 0 2 2 2 1 1 10 10 2 3 3 1 0.784184 0.000000 
6 3 0 1 1 1 1 1 5 5 1 2 2 1 0.725143 0.000000 
6 3 0 2 2 3 0 1 10 11 12 3 3 1 0.772696 0.000000 
6 3 0 0 0 0 1 1 0 0 0 1 1 1 0.634311 0.000000 
6 3 1 1 2 2 1 0 6 10 20 2 2 1 0.781006 0.000000 
6 3 0 0 1 2 0 0 1 6 29 2 1 0 0.658698 0.000000 
6 3 0 1 2 3 0 0 6 11 40 3 3 1 0.984905 0.000000 
6 3 1 1 1 1 1 1 5 5 1 2 2 1 0.796419 0.000000 
6 3 0 3 3 3 1 1 15 15 3 4 4 1 0.585307 0.000000 
6 3 0 3 3 3 1 1 15 15 3 4 4 1 0.446152 0.000000 
6 3 0 0 1 1 1 0 1 5 16 2 1 0 0.616935 0.000000 
6 3 0 1 2 3 0 0 6 11 40 3 3 1 0.656432 0.000000 
6 3 0 2 2 3 0 1 10 11 12 3 3 1 0.706157 0.000000 
6 3 1 2 2 2 1 1 10 10 2 3 3 1 0.970358 0.000000 
6 3 0 0 0 1 0 1 0 1 4 1 2 0 0.824034 0.000000 
6 3 0 3 3 0 0 1 15 12 13 4 4 1 0.910621 0.000000 
6 3 0 1 1 1 1 1 5 5 1 2 2 1 0.766445 0.000000 
6 3 0 1 2 2 1 0 6 10 20 3 3 1 0.707994 0.000000 
6 3 1 0 0 0 1 1 0 0 0 1 1 1 0.628204 0.000000 
6 3 0 0 1 2 0 0 1 6 29 2 2 1 0.743693 0.000000 
6 3 1 1 2 3 0 0 6 11 40 2 2 1 0.838614 0.000000 
6 3 0 2 2 3 0 1 10 11 12 3 3 1 0.600906 0.000000 
6 3 1 1 1 2 0 1 5 6 8 2 2 1 0.780756 0.000000 
6 3 0 2 3 0 0 0 11 12 44 4 4 1 0.810312 0.000000 
6 3 1 0 0 1 0 1 0 1 4 1 1 1 0.598526 0.000000 
6 3 1 3 3 0 0 1 15 12 13 4 4 1 0.627357 0.000000 
6 3 1 1 1 2 0 1 5 6 8 2 2 1 0.694883 0.000000 
6 3 0 3 0 1 0 0 12 1 48 1 1 1 1.087764 0.000000 
6 3 0 0 1 1 1 0 1 5 16 2 2 1 0.568781 0.000000 
6 3 0 2 3 0 0 0 11 12 44 4 4 1 0.638264 0.000000 
6 3 0 1 2 3 0 0 6 11 40 3 3 1 0.969123 0.000000 
6 3 0 2 2 3 0 1 10 11 12 3 3 1 0.765772 0.000000 
6 3 1 2 2 2 1 1 10 10 2 3 3 1 0.843897 0.000000 
6 3 1 3 3 0 0 1 15 12 13 4 4 1 0.934939 0.000000 
6 3 0 2 3 0 0 0 11 12 44 4 3 0 0.597855 0.000000 
6 3 0 3 0 0 1 0 12 0 25 1 1 1 0.926768 0.000000 
6 3 1 3 0 0 1 0 12 0 25 4 4 1 0.629872 0.000000 
6 3 0 2 3 0 0 0 11 12 44 4 4 1 0.832484 0.000000 
6 3 0 2 3 3 1 0 11 15 24 4 4 1 0.907834 0.000000 
6 3 0 1 2 2 1 0 6 10 20 3 3 1 0.956300 0.000000 
6 3 1 2 2 3 0 1 10 11 12 3 3 1 0.850599 0.000000 
6 3 1 2 3 0 0 0 11 12 44 3 3 1 0.652805 0.000000 
6 3 0 0 0 0 1 1 0 0 0 1 1 1 0.639089 0.000000 
6 3 0 0 0 0 1 1 0 0 0 1 1 1 0.585910 0.000000 
6 3 0 0 1 1 1 0 1 5 16 2 2 1 0.518745 0.000000 
6 3 0 2 3 0 0 0 11 12 44 4 4 1 0.925174 0.000000 
6 3 0 3 3 0 0 1 15 12 13 4 4 1 0.460850 0.000000 
6 3 1 1 1 1 1 1 5 5 1 2 2 1 0.662961 0.000000 
6 3 0 0 1 1 1 0 1 5 16 2 2 1 0.641147 0.000000 
6 3 0 3 0 1 0 0 12 1 48 1 1 1 1.012014 0.000000 
6 3 1 1 1 2 0 1 5 6 8 2 2 1 0.640324 0.000000 
6 3 1 0 1 2 0 0 1 6 29 1 1 1 0.627177 0.000000 
6 3 0 0 0 0 1 1 0 0 0 1 1 1 0.606701 0.000000 
6 3 0 0 0 1 0 1 0 1 4 1 1 1 0.610867 0.000000 
6 3 0 1 2 3 0 0 6 11 40 3 3 1 0.646017 0.000000 
6 3 0 2 3 0 0 0 11 12 44 4 4 1 0.688871 0.000000 
6 3 0 2 2 2 1 1 10 10 2 3 3 1 0.737761 0.000000 
6 3 1 1 2 3 0 0 6 11 40 2 2 1 1.688679 0.000000 
6 3 0 0 1 2 0 0 1 6 29 2 2 1 0.857928 0.000000 
6 3 0 0 1 2 0 0 1 6 29 2 2 1 0.604179 0.000000 
6 3 0 3 0 0 1 0 12 0 25 1 1 1 0.904371 0.000000 
6 3 0 2 3 0 0 0 11 12 44 4 4 1 0.743549 0.000000 
6 3 1 2 3 0 0 0 11 12 44 3 3 1 0.950530 0.000000 
6 3 0 0 0 0 1 1 0 0 0 1 1 1 0.788843 0.000000 
6 3 0 1 2 3 0 0 6 11 40 3 3 1 0.737760 0.000000 
6 3 0 1 1 1 1 1 5 5 1 2 2 1 0.640636 0.000000 
6 3 0 2 2 3 0 1 10 11 12 3 3 1 0.659510 0.000000 
6 3 0 0 0 0 1 1 0 0 0 1 1 1 0.693705 0.000000 
6 3 0 2 3 0 0 0 11 12 44 4 4 1 0.734574 0.000000 
6 3 0 2 3 3 1 0 11 15 24 4 4 1 0.500437 0.000000 
6 3 0 0 1 1 1 0 1 5 16 2 2 1 0.860599 0.000000 
6 3 0 0 1 1 1 0 1 5 16 2 2 1 1.118886 0.000000 
6 3 0 2 3 3 1 0 11 15 24 4 4 1 0.718578 0.000000 
6 3 0 2 3 3 1 0 11 15 24 4 4 1 0.398093 0.000000 
6 3 0 0 0 0 1 1 0 0 0 1 1 1 0.762881 0.000000 
6 3 0 0 1 2 0 0 1 6 29 2 2 1 0.681106 0.000000 
6 3 0 1 2 2 1 0 6 10 20 3 3 1 0.722640 0.000000 
6 3 0 2 3 3 1 0 11 15 24 4 4 1 0.545114 0.000000 
6 3 0 0 1 2 0 0 1 6 29 2 2 1 0.599975 0.000000 
6 3 1 3 0 0 1 0 12 0 25 4 1 0 0.724117 0.000000 
6 3 0 3 3 3 1 1 15 15 3 4 4 1 0.639742 0.000000 
6 3 0 1 1 1 1 1 5 5 1 2 2 1 0.634102 0.000000 
6 3 0 0 0 0 1 1 0 0 0 1 1 1 0.644958 0.000000 
6 3 0 0 1 1 1 0 1 5 16 2 2 1 0.623814 0.000000 
6 3 0 0 1 2 0 0 1 6 29 2 2 1 0.658358 0.000000 
6 3 0 2 3 3 1 0 11 15 24 4 4 1 0.588481 0.000000 
6 3 0 0 0 0 1 1 0 0 0 1 1 1 0.625353 0.000000 
6 3 1 1 2 2 1 0 6 10 20 2 2 1 0.772846 0.000000 
6 3 1 1 2 3 0 0 6 11 40 2 2 1 0.594399 0.000000 
6 3 0 2 2 3 0 1 10 11 12 3 3 1 0.687245 0.000000 
6 3 0 1 1 2 0 1 5 6 8 2 2 1 0.624064 0.000000 
6 3 1 3 0 1 0 0 12 1 48 4 4 1 0.763610 0.000000 
6 3 0 1 2 3 0 0 6 11 40 3 3 1 0.737886 0.000000 
6 3 0 1 2 3 0 0 6 11 40 3 3 1 0.631747 0.000000 
6 3 0 3 0 1 0 0 12 1 48 1 1 1 1.075287 0.000000 
6 3 0 2 2 3 0 1 10 11 12 3 3 1 0.636919 0.000000 
6 3 0 3 3 3 1 1 15 15 3 4 4 1 0.727811 0.000000 
6 3 1 1 1 2 0 1 5 6 8 2 2 1 0.791327 0.000000 
6 3 0 1 1 1 1 1 5 5 1 2 2 1 0.628280 0.000000 
6 3 0 0 1 1 1 0 1 5 16 2 2 1 0.863790 0.000000 
6 3 0 0 0 1 0 1 0 1 4 1 1 1 0.761019 0.000000 
6 3 0 1 1 1 1 1 5 5 1 2 2 1 0.671236 0.000000 
6 3 0 3 3 3 1 1 15 15 3 4 4 1 0.568785 0.000000 
6 3 1 0 0 0 1 1 0 0 0 1 1 1 0.854293 0.000000 
6 3 0 3 0 0 1 0 12 0 25 1 1 1 1.040580 0.000000 
6 3 0 0 1 1 1 0 1 5 16 2 2 1 0.587572 0.000000 
6 3 0 2 3 3 1 0 11 15 24 4 3 0 0.936418 0.000000 
6 3 0 0 0 1 0 1 0 1 4 1 1 1 0.602452 0.000000 
6 3 0 1 2 3 0 0 6 11 40 3 3 1 0.926051 0.000000 
6 3 0 2 3 0 0 0 11 12 44 4 4 1 0.685662 0.000000 
6 3 1 3 3 0 0 1 15 12 13 4 4 1 0.902591 0.000000 
6 3 0 3 3 3 1 1 15 15 3 4 4 1 0.758882 0.000000 
6 4 0 0 1 2 0 0 1 6 29 2 3 0 1.474340 0.000000 
6 4 1 0 1 2 0 0 1 6 29 1 1 1 0.680323 0.000000 
6 4 0 2 2 3 0 1 10 11 12 3 3 1 0.601330 0.000000 
6 4 1 2 2 3 0 1 10 11 12 3 3 1 0.581472 0.000000 
6 4 0 3 0 1 0 0 12 1 48 1 1 1 0.619008 0.000000 
6 4 0 1 2 3 0 0 6 11 40 3 3 1 0.750550 0.000000 
6 4 1 0 1 2 0 0 1 6 29 1 1 1 0.564735 0.000000 
6 4 0 2 3 0 0 0 11 12 44 4 4 1 0.714859 0.000000 
6 4 1 2 2 2 1 1 10 10 2 3 4 0 0.618081 0.000000 
6 4 0 3 0 1 0 0 12 1 48 1 1 1 0.657633 0.000000 
6 4 0 3 3 0 0 1 15 12 13 4 4 1 0.563364 0.000000 
6 4 0 1 1 2 0 1 5 6 8 2 2 1 0.617520 0.000000 
6 4 0 3 0 0 1 0 12 0 25 1 1 1 0.765020 0.000000 
6 4 0 2 3 3 1 0 11 15 24 4 4 1 0.603229 0.000000 
6 4 0 2 3 0 0 0 11 12 44 4 4 1 0.639427 0.000000 
6 4 0 2 2 2 1 1 10 10 2 3 3 1 0.722291 0.000000 
6 4 0 3 0 1 0 0 12 1 48 1 1 1 0.680829 0.000000 
6 4 0 0 1 2 0 0 1 6 29 2 2 1 0.706364 0.000000 
6 4 0 2 3 0 0 0 11 12 44 4 4 1 0.754561 0.000000 
6 4 0 0 1 2 0 0 1 6 29 2 2 1 0.608824 0.000000 
6 4 1 1 2 2 1 0 6 10 20 2 1 0 0.724914 0.000000 
6 4 0 1 1 2 0 1 5 6 8 2 2 1 0.832563 0.000000 
6 4 0 3 0 1 0 0 12 1 48 1 1 1 0.691637 0.000000 
6 4 0 2 2 2 1 1 10 10 2 3 3 1 0.572512 0.000000 
6 4 0 2 3 0 0 0 11 12 44 4 4 1 0.600995 0.000000 
6 4 0 2 3 0 0 0 11 12 44 4 4 1 0.661176 0.000000 
6 4 1 3 3 0 0 1 15 12 13 4 4 1 0.951327 0.000000 
6 4 0 1 1 2 0 1 5 6 8 2 2 1 0.645681 0.000000 
6 4 1 2 2 2 1 1 10 10 2 3 3 1 0.792516 0.000000 
6 4 0 1 2 3 0 0 6 11 40 3 3 1 0.645446 0.000000 
6 4 0 0 1 2 0 0 1 6 29 2 2 1 0.648291 0.000000 
6 4 0 3 0 1 0 0 12 1 48 1 1 1 0.739146 0.000000 
6 4 0 3 0 0 1 0 12 0 25 1 1 1 1.473074 0.000000 
6 4 1 1 2 2 1 0 6 10 20 2 2 1 0.826880 0.000000 
6 4 0 3 0 1 0 0 12 1 48 1 1 1 0.870475 0.000000 
6 4 0 2 2 3 0 1 10 11 12 3 3 1 0.688069 0.000000 
6 4 1 2 3 3 1 0 11 15 24 3 3 1 0.728932 0.000000 
6 4 0 2 3 3 1 0 11 15 24 4 4 1 0.688497 0.000000 
6 4 0 0 0 0 1 1 0 0 0 1 1 1 0.585376 0.000000 
6 4 0 3 0 0 1 0 12 0 25 1 1 1 0.885222 0.000000 
6 4 0 3 0 0 1 0 12 0 25 1 1 1 0.446138 0.000000 
6 4 0 0 0 1 0 1 0 1 4 1 1 1 0.584938 0.000000 
6 4 0 1 2 3 0 0 6 11 40 3 3 1 0.581762 0.000000 
6 4 0 0 1 2 0 0 1 6 29 2 2 1 0.635221 0.000000 
6 4 0 1 1 1 1 1 5 5 1 2 2 1 0.590105 0.000000 
6 4 0 0 1 2 0 0 1 6 29 2 2 1 0.522909 0.000000 
6 4 0 1 2 2 1 0 6 10 20 3 3 1 0.674393 0.000000 
6 4 1 3 3 3 1 1 15 15 3 4 4 1 0.650919 0.000000 
6 4 1 0 0 1 0 1 0 1 4 1 1 1 0.853123 0.000000 
6 4 0 2 2 3 0 1 10 11 12 3 3 1 0.647373 0.000000 
6 4 1 3 0 1 0 0 12 1 48 4 1 0 0.722252 0.000000 
6 4 0 1 1 2 0 1 5 6 8 2 2 1 0.581807 0.000000 
6 4 0 3 0 1 0 0 12 1 48 1 1 1 0.658700 0.000000 
6 4 0 0 0 0 1 1 0 0 0 1 1 1 0.685037 0.000000 
6 4 0 3 0 0 1 0 12 0 25 1 1 1 0.997912 0.000000 
6 4 1 1 2 2 1 0 6 10 20 2 2 1 0.801814 0.000000 
6 4 0 2 2 3 0 1 10 11 12 3 3 1 0.558114 0.000000 
6 4 0 0 0 0 1 1 0 0 0 1 1 1 0.652300 0.000000 
6 4 0 0 0 1 0 1 0 1 4 1 2 0 0.574469 0.000000 
6 4 0 1 2 2 1 0 6 10 20 3 3 1 0.615963 0.000000 
6 4 0 3 3 3 1 1 15 15 3 4 4 1 0.875703 0.000000 
6 4 0 1 1 1 1 1 5 5 1 2 2 1 0.565277 0.000000 
6 4 0 0 0 1 0 1 0 1 4 1 1 1 0.611444 0.000000 
6 4 0 0 1 1 1 0 1 5 16 2 2 1 0.638592 0.000000 
6 4 0 1 2 3 0 0 6 11 40 3 3 1 0.569467 0.000000 
6 4 0 0 0 0 1 1 0 0 0 1 1 1 0.566909 0.000000 
6 4 0 3 3 3 1 1 15 15 3 4 4 1 0.748445 0.000000 
6 4 0 3 3 3 1 1 15 15 3 4 4 1 0.491333 0.000000 
6 4 0 1 2 3 0 0 6 11 40 3 2 0 0.508113 0.000000 
6 4 0 3 0 1 0 0 12 1 48 1 1 1 0.688267 0.000000 
6 4 1 3 3 3 1 1 15 15 3 4 4 1 0.791723 0.000000 
6 4 1 2 2 2 1 1 10 10 2 3 3 1 0.740560 0.000000 
6 4 0 3 0 1 0 0 12 1 48 1 1 1 0.947434 0.000000 
6 4 1 1 2 3 0 0 6 11 40 2 2 1 1.010415 0.000000 
6 4 0 0 0 0 1 1 0 0 0 1 1 1 0.630723 0.000000 
6 4 0 1 2 3 0 0 6 11 40 3 3 1 0.682275 0.000000 
6 4 1 2 2 2 1 1 10 10 2 3 3 1 0.843779 0.000000 
6 4 0 3 3 3 1 1 15 15 3 4 4 1 0.574717 0.000000 
6 4 0 2 2 3 0 1 10 11 12 3 3 1 0.604204 0.000000 
6 4 1 1 1 1 1 1 5 5 1 2 2 1 0.575381 0.000000 
6 4 1 2 2 3 0 1 10 11 12 3 3 1 0.580855 0.000000 
6 4 0 3 3 0 0 1 15 12 13 4 4 1 0.618390 0.000000 
6 4 0 1 1 1 1 1 5 5 1 2 2 1 0.573904 0.000000 
6 4 0 3 0 1 0 0 12 1 48 1 1 1 0.819382 0.000000 
6 4 1 3 3 3 1 1 15 15 3 4 4 1 0.606934 0.000000 
6 4 1 1 1 2 0 1 5 6 8 2 2 1 0.627117 0.000000 
6 4 0 0 0 1 0 1 0 1 4 1 1 1 0.606667 0.000000 
6 4 1 3 0 1 0 0 12 1 48 4 4 1 0.761771 0.000000 
6 4 1 3 3 0 0 1 15 12 13 4 4 1 0.807991 0.000000 
6 4 0 2 3 3 1 0 11 15 24 4 3 0 0.716287 0.000000 
6 4 1 2 2 3 0 1 10 11 12 3 3 1 0.712014 0.000000 
6 4 0 1 1 2 0 1 5 6 8 2 2 1 0.680271 0.000000 
6 4 0 1 1 2 0 1 5 6 8 2 2 1 0.577790 0.000000 
6 4 1 1 2 2 1 0 6 10 20 2 2 1 0.799274 0.000000 
6 4 0 0 1 2 0 0 1 6 29 2 1 0 0.684006 0.000000 
6 4 0 0 1 1 1 0 1 5 16 2 1 0 0.695426 0.000000 
6 4 0 2 2 3 0 1 10 11 12 3 3 1 0.651598 0.000000 
6 4 0 2 3 3 1 0 11 15 24 4 4 1 0.517536 0.000000 
6 4 0 1 1 2 0 1 5 6 8 2 2 1 0.605002 0.000000 
6 4 0 3 3 3 1 1 15 15 3 4 4 1 0.777191 0.000000 
6 4 0 2 2 3 0 1 10 11 12 3 3 1 0.646747 0.000000 
6 4 1 0 1 2 0 0 1 6 29 1 1 1 0.937623 0.000000 
6 4 0 1 1 1 1 1 5 5 1 2 2 1 0.791591 0.000000 
6 4 0 0 1 1 1 0 1 5 16 2 2 1 0.700525 0.000000 
6 4 0 2 2 2 1 1 10 10 2 3 3 1 0.652713 0.000000 
6 4 1 2 3 0 0 0 11 12 44 3 4 0 0.662865 0.000000 
6 4 0 3 3 3 1 1 15 15 3 4 4 1 0.685107 0.000000 
6 4 0 0 1 1 1 0 1 5 16 2 2 1 0.741499 0.000000 
6 4 0 2 2 2 1 1 10 10 2 3 3 1 0.772394 0.000000 
6 4 0 1 2 2 1 0 6 10 20 3 3 1 0.545945 0.000000 
6 4 1 2 2 2 1 1 10 10 2 3 3 1 0.583743 0.000000 
6 4 0 3 3 0 0 1 15 12 13 4 4 1 0.676594 0.000000 
6 4 0 0 0 1 0 1 0 1 4 1 1 1 0.830135 0.000000 
6 4 1 2 3 3 1 0 11 15 24 3 3 1 0.761706 0.000000 
6 4 0 0 0 0 1 1 0 0 0 1 1 1 0.591944 0.000000 
6 4 0 2 3 3 1 0 11 15 24 4 4 1 0.988804 0.000000 
6 4 0 1 1 1 1 1 5 5 1 2 2 1 0.537757 0.000000 
6 4 0 3 3 3 1 1 15 15 3 4 4 1 0.488576 0.000000 
6 4 0 2 2 2 1 1 10 10 2 3 3 1 0.752351 0.000000 
6 4 0 0 0 0 1 1 0 0 0 1 1 1 0.566608 0.000000 
6 4 1 3 0 1 0 0 12 1 48 4 4 1 0.812070 0.000000 
6 4 1 3 3 0 0 1 15 12 13 4 4 1 0.736347 0.000000 
6 4 1 1 2 2 1 0 6 10 20 2 2 1 1.055257 0.000000 
6 4 0 2 2 2 1 1 10 10 2 3 3 1 0.673576 0.000000 
6 4 0 2 2 3 0 1 10 11 12 3 3 1 0.971102 0.000000 
6 4 1 0 1 1 1 0 1 5 16 1 2 0 0.679762 0.000000 
6 4 0 2 2 2 1 1 10 10 2 3 3 1 0.613304 0.000000 
6 4 0 1 1 2 0 1 5 6 8 2 2 1 0.592994 0.000000 
6 4 1 1 2 2 1 0 6 10 20 2 1 0 0.629837 0.000000 
6 4 0 3 3 3 1 1 15 15 3 4 4 1 0.565350 0.000000 
6 4 0 1 1 2 0 1 5 6 8 2 2 1 0.666986 0.000000 
6 4 0 1 2 2 1 0 6 10 20 3 3 1 1.172597 0.000000 
6 4 1 1 2 2 1 0 6 10 20 2 2 1 0.930294 0.000000 
6 4 0 3 0 0 1 0 12 0 25 1 1 1 1.040950 0.000000 
6 4 0 2 2 3 0 1 10 11 12 3 3 1 0.715936 0.000000 
6 4 1 0 1 1 1 0 1 5 16 1 1 1 0.899987 0.000000 
6 4 0 1 1 2 0 1 5 6 8 2 2 1 0.876007 0.000000 
6 4 0 3 0 0 1 0 12 0 25 1 1 1 1.125402 0.000000 
6 4 0 1 1 2 0 1 5 6 8 2 2 1 0.757082 0.000000 
6 4 0 0 1 2 0 0 1 6 29 2 2 1 0.579329 0.000000 
6 4 1 1 2 2 1 0 6 10 20 2 2 1 1.055820 0.000000 
6 4 0 1 1 2 0 1 5 6 8 2 2 1 0.546152 0.000000 
6 4 1 1 2 3 0 0 6 11 40 2 2 1 0.680956 0.000000 
6 4 0 0 0 1 0 1 0 1 4 1 1 1 0.698521 0.000000 
6 4 1 3 3 0 0 1 15 12 13 4 4 1 0.851403 0.000000 
6 4 1 1 2 2 1 0 6 10 20 2 2 1 0.605644 0.000000 
6 4 0 0 1 2 0 0 1 6 29 2 2 1 0.705826 0.000000 
6 4 0 1 2 3 0 0 6 11 40 3 3 1 0.825996 0.000000 
6 4 0 3 0 1 0 0 12 1 48 1 1 1 0.860629 0.000000 
6 4 0 0 0 0 1 1 0 0 0 1 1 1 0.614898 0.000000 
6 4 0 0 1 1 1 0 1 5 16 2 2 1 0.699030 0.000000 
6 4 0 3 3 3 1 1 15 15 3 4 4 1 0.587921 0.000000 
6 4 1 0 0 0 1 1 0 0 0 1 1 1 0.992763 0.000000 
6 4 0 1 1 2 0 1 5 6 8 2 2 1 0.725788 0.000000 
6 4 0 2 3 3 1 0 11 15 24 4 4 1 0.701300 0.000000 
6 4 0 0 0 1 0 1 0 1 4 1 1 1 0.709524 0.000000 
6 4 1 0 1 1 1 0 1 5 16 1 1 1 0.636721 0.000000 
6 4 0 1 1 1 1 1 5 5 1 2 2 1 0.695585 0.000000 
6 4 0 2 2 3 0 1 10 11 12 3 3 1 0.760441 0.000000 
6 4 0 0 1 1 1 0 1 5 16 2 2 1 0.654696 0.000000 
6 4 0 2 3 0 0 0 11 12 44 4 4 1 0.632865 0.000000 
6 4 0 2 3 3 1 0 11 15 24 4 4 1 0.579956 0.000000 
6 4 0 0 1 2 0 0 1 6 29 2 2 1 0.689198 0.000000 
6 4 0 2 3 0 0 0 11 12 44 4 4 1 0.641103 0.000000 
6 4 0 1 2 2 1 0 6 10 20 3 3 1 0.875958 0.000000 
6 4 0 0 1 1 1 0 1 5 16 2 2 1 0.645557 0.000000 
6 4 0 0 1 2 0 0 1 6 29 2 2 1 0.624445 0.000000 
6 4 1 0 1 1 1 0 1 5 16 1 2 0 0.907910 0.000000 
6 4 0 3 3 3 1 1 15 15 3 4 4 1 0.527951 0.000000 
6 4 0 1 2 3 0 0 6 11 40 3 3 1 0.919244 0.000000 
6 4 1 3 3 3 1 1 15 15 3 4 4 1 0.622823 0.000000 
6 4 0 2 3 0 0 0 11 12 44 4 4 1 1.113308 0.000000 
6 4 0 0 0 0 1 1 0 0 0 1 1 1 0.753743 0.000000 
6 4 1 3 0 1 0 0 12 1 48 4 4 1 0.759950 0.000000 
6 4 1 3 3 0 0 1 15 12 13 4 4 1 0.878185 0.000000 
6 4 0 3 3 3 1 1 15 15 3 4 4 1 0.575780 0.000000 
6 4 1 1 2 3 0 0 6 11 40 2 2 1 0.925239 0.000000 
6 4 0 1 1 1 1 1 5 5 1 2 2 1 1.436943 0.000000 
6 4 0 3 0 0 1 0 12 0 25 1 4 0 0.519040 0.000000 
6 4 0 0 0 0 1 1 0 0 0 1 1 1 0.602573 0.000000 
6 4 0 2 2 3 0 1 10 11 12 3 3 1 0.606257 0.000000 
6 4 1 2 3 0 0 0 11 12 44 3 3 1 0.898401 0.000000 
6 4 0 2 2 2 1 1 10 10 2 3 3 1 0.707378 0.000000 
6 4 0 2 3 3 1 0 11 15 24 4 3 0 0.475580 0.000000 
6 4 0 0 0 1 0 1 0 1 4 1 1 1 1.081072 0.000000 
6 4 0 3 3 3 1 1 15 15 3 4 4 1 0.610291 0.000000 
6 4 0 0 0 0 1 1 0 0 0 1 1 1 0.613444 0.000000 
6 4 0 2 2 2 1 1 10 10 2 3 3 1 0.673606 0.000000 
6 4 0 0 1 1 1 0 1 5 16 2 2 1 0.707166 0.000000 
6 4 0 0 1 1 1 0 1 5 16 2 2 1 0.555364 0.000000 
6 4 0 3 3 0 0 1 15 12 13 4 4 1 0.617506 0.000000 
6 4 0 1 2 2 1 0 6 10 20 3 3 1 0.804982 0.000000 
