44 1 1 2 3 3 1 0 11 15 24 3 3 1 4.146042 0.000000 
44 1 1 1 0 0 1 0 4 0 19 2 2 1 1.673970 0.000000 
44 1 1 3 2 2 1 0 14 10 27 4 4 1 3.660036 0.000000 
44 1 0 1 0 1 0 0 4 1 39 1 1 1 1.478445 0.000000 
44 1 0 1 1 1 1 1 5 5 1 2 2 1 1.512248 0.000000 
44 1 0 2 3 3 1 0 11 15 24 4 4 1 2.496800 0.000000 
44 1 1 0 0 1 0 1 0 1 4 1 1 1 1.146404 0.000000 
44 1 1 2 2 2 1 1 10 10 2 3 3 1 1.657484 0.000000 
44 1 0 3 2 3 0 0 14 11 99 3 3 1 1.620141 0.000000 
44 1 1 1 1 0 0 1 5 4 7 2 2 1 2.287047 0.000000 
44 1 1 1 0 0 1 0 4 0 19 2 2 1 1.280522 0.000000 
44 1 0 2 3 2 0 0 11 14 46 4 4 1 2.090412 0.000000 
44 1 1 1 1 1 1 1 5 5 1 2 2 1 1.115801 0.000000 
44 1 1 0 0 1 0 1 0 1 4 1 1 1 2.276119 0.000000 
44 1 0 2 3 2 0 0 11 14 46 4 4 1 1.093760 0.000000 
44 1 1 0 0 1 0 1 0 1 4 1 1 1 1.173814 0.000000 
44 1 0 1 0 0 1 0 4 0 19 1 1 1 1.619604 0.000000 
44 1 1 0 0 0 1 1 0 0 0 1 1 1 0.871484 0.000000 
44 1 0 3 2 2 1 0 14 10 27 3 3 1 3.481268 0.000000 
44 1 0 1 1 1 1 1 5 5 1 2 2 1 1.083813 0.000000 
44 1 0 0 0 1 0 1 0 1 4 1 1 1 1.091918 0.000000 
44 1 0 2 3 3 1 0 11 15 24 4 4 1 1.068919 0.000000 
44 1 0 0 1 1 1 0 1 5 16 2 2 1 0.870643 0.000000 
44 1 0 2 3 2 0 0 11 14 46 4 4 1 1.336287 0.000000 
44 1 0 3 3 2 0 1 15 14 15 4 4 1 0.799424 0.000000 
44 1 0 1 0 1 0 0 4 1 39 1 1 1 0.923928 0.000000 
44 1 1 3 2 3 0 0 14 11 99 4 4 1 3.834512 0.000000 
44 1 0 3 2 2 1 0 14 10 27 3 3 1 1.246525 0.000000 
44 1 0 1 1 0 0 1 5 4 7 2 2 1 2.801722 0.000000 
44 1 0 0 1 1 1 0 1 5 16 2 2 1 1.750751 0.000000 
44 1 0 2 3 3 1 0 11 15 24 4 4 1 1.029351 0.000000 
44 1 1 2 3 2 0 0 11 14 46 3 3 1 1.888135 0.000000 
44 1 1 0 1 0 0 0 1 4 28 1 1 1 1.145437 0.000000 
44 1 0 0 0 0 1 1 0 0 0 1 1 1 1.256577 0.000000 
44 1 0 2 2 2 1 1 10 10 2 3 3 1 1.226958 0.000000 
44 1 0 0 1 1 1 0 1 5 16 2 2 1 1.078758 0.000000 
44 1 1 3 2 2 1 0 14 10 27 4 4 1 1.872475 0.000000 
44 1 0 0 0 0 1 1 0 0 0 1 1 1 0.946493 0.000000 
44 1 0 3 3 2 0 1 15 14 15 4 4 1 2.712584 0.000000 
44 1 0 3 3 2 0 1 15 14 15 4 4 1 0.681500 0.000000 
44 1 0 0 1 1 1 0 1 5 16 2 2 1 1.075116 0.000000 
44 1 1 2 3 2 0 0 11 14 46 3 3 1 2.380810 0.000000 
44 1 1 1 0 0 1 0 4 0 19 2 2 1 3.603142 0.000000 
44 1 0 2 2 2 1 1 10 10 2 3 3 1 3.671537 0.000000 
44 1 0 1 1 1 1 1 5 5 1 2 2 1 0.986181 0.000000 
44 1 0 1 0 1 0 0 4 1 39 1 1 1 1.183223 0.000000 
44 1 0 3 2 3 0 0 14 11 99 3 3 1 2.564392 0.000000 
44 1 0 3 2 3 0 0 14 11 99 3 3 1 0.907270 0.000000 
44 1 0 1 0 1 0 0 4 1 39 1 1 1 1.010586 0.000000 
44 1 0 0 0 1 0 1 0 1 4 1 1 1 0.734934 0.000000 
44 1 0 2 2 2 1 1 10 10 2 3 3 1 1.285871 0.000000 
44 1 0 0 0 0 1 1 0 0 0 1 1 1 0.950997 0.000000 
44 1 0 0 1 1 1 0 1 5 16 2 2 1 1.037346 0.000000 
44 1 1 3 3 3 1 1 15 15 3 4 4 1 1.424370 0.000000 
44 1 0 2 2 2 1 1 10 10 2 3 3 1 1.484209 0.000000 
44 1 0 0 1 1 1 0 1 5 16 2 2 1 0.876423 0.000000 
44 1 1 3 2 2 1 0 14 10 27 4 4 1 1.078041 0.000000 
44 1 0 3 2 3 0 0 14 11 99 3 3 1 1.623826 0.000000 
44 1 0 3 2 3 0 0 14 11 99 3 3 1 0.739699 0.000000 
44 1 0 1 1 0 0 1 5 4 7 2 2 1 1.042638 0.000000 
44 1 0 1 0 0 1 0 4 0 19 1 1 1 1.141673 0.000000 
44 1 0 0 0 1 0 1 0 1 4 1 1 1 0.899763 0.000000 
44 1 0 0 1 0 0 0 1 4 28 2 2 1 1.044021 0.000000 
44 1 0 2 2 2 1 1 10 10 2 3 3 1 1.639091 0.000000 
44 1 0 2 2 2 1 1 10 10 2 3 3 1 0.778333 0.000000 
44 1 1 2 3 2 0 0 11 14 46 3 3 1 2.559986 0.000000 
44 1 0 0 1 0 0 0 1 4 28 2 2 1 1.014936 0.000000 
44 1 0 2 2 2 1 1 10 10 2 3 3 1 0.890320 0.000000 
44 1 1 2 3 2 0 0 11 14 46 3 3 1 1.787266 0.000000 
44 1 0 0 1 0 0 0 1 4 28 2 2 1 0.976596 0.000000 
44 1 0 2 2 3 0 1 10 11 12 3 3 1 1.718273 0.000000 
44 1 0 1 1 0 0 1 5 4 7 2 2 1 1.662243 0.000000 
44 1 0 3 2 2 1 0 14 10 27 3 3 1 1.792886 0.000000 
44 1 0 3 3 2 0 1 15 14 15 4 4 1 1.078204 0.000000 
44 1 0 0 0 0 1 1 0 0 0 1 1 1 1.030914 0.000000 
44 1 0 3 3 3 1 1 15 15 3 4 4 1 1.250604 0.000000 
44 1 0 0 1 1 1 0 1 5 16 2 2 1 0.837023 0.000000 
44 1 0 0 0 1 0 1 0 1 4 1 1 1 0.856008 0.000000 
44 1 0 1 0 0 1 0 4 0 19 1 1 1 1.522264 0.000000 
44 1 0 1 1 0 0 1 5 4 7 2 2 1 1.186191 0.000000 
44 1 0 2 3 3 1 0 11 15 24 4 4 1 2.358369 0.000000 
44 1 1 2 3 2 0 0 11 14 46 3 3 1 1.797188 0.000000 
44 1 1 0 1 1 1 0 1 5 16 1 1 1 3.066624 0.000000 
44 1 1 0 1 1 1 0 1 5 16 1 1 1 1.140998 0.000000 
44 1 0 3 3 3 1 1 15 15 3 4 4 1 1.716161 0.000000 
44 1 0 0 1 0 0 0 1 4 28 2 2 1 2.811167 0.000000 
44 1 0 0 1 0 0 0 1 4 28 2 2 1 0.992175 0.000000 
44 1 1 0 1 0 0 0 1 4 28 1 1 1 1.805231 0.000000 
44 1 0 2 2 2 1 1 10 10 2 3 3 1 1.497871 0.000000 
44 1 0 2 3 3 1 0 11 15 24 4 4 1 1.899092 0.000000 
44 1 0 2 2 2 1 1 10 10 2 3 3 1 2.340089 0.000000 
44 1 0 1 0 0 1 0 4 0 19 1 1 1 1.490352 0.000000 
44 1 0 2 3 2 0 0 11 14 46 4 4 1 2.003604 0.000000 
44 1 0 0 1 0 0 0 1 4 28 2 2 1 1.160332 0.000000 
44 1 0 2 3 2 0 0 11 14 46 4 4 1 1.878763 0.000000 
44 1 0 1 0 0 1 0 4 0 19 1 1 1 1.584758 0.000000 
44 1 0 2 3 3 1 0 11 15 24 4 4 1 1.260988 0.000000 
44 1 0 2 2 2 1 1 10 10 2 3 3 1 1.599436 0.000000 
44 1 1 1 0 1 0 0 4 1 39 2 2 1 2.180063 0.000000 
44 1 0 3 3 3 1 1 15 15 3 4 4 1 1.706256 0.000000 
44 1 0 3 3 3 1 1 15 15 3 4 4 1 0.794844 0.000000 
44 1 0 0 1 0 0 0 1 4 28 2 2 1 1.367842 0.000000 
44 1 1 1 0 1 0 0 4 1 39 2 2 1 2.188679 0.000000 
44 1 0 1 1 0 0 1 5 4 7 2 2 1 1.282125 0.000000 
44 1 0 0 0 1 0 1 0 1 4 1 1 1 0.987918 0.000000 
44 1 0 3 3 2 0 1 15 14 15 4 4 1 2.040970 0.000000 
44 1 0 2 3 2 0 0 11 14 46 4 4 1 1.580399 0.000000 
44 1 0 2 3 3 1 0 11 15 24 4 4 1 1.905277 0.000000 
44 1 0 0 1 1 1 0 1 5 16 2 2 1 1.362040 0.000000 
44 1 0 1 1 1 1 1 5 5 1 2 2 1 1.000509 0.000000 
44 1 0 0 1 1 1 0 1 5 16 2 2 1 1.132823 0.000000 
44 1 0 2 3 3 1 0 11 15 24 4 4 1 0.875865 0.000000 
44 1 0 2 3 2 0 0 11 14 46 4 4 1 1.053541 0.000000 
44 1 0 3 3 3 1 1 15 15 3 4 4 1 0.791929 0.000000 
44 1 0 2 2 3 0 1 10 11 12 3 3 1 1.539887 0.000000 
44 1 0 2 3 2 0 0 11 14 46 4 4 1 1.099063 0.000000 
44 1 0 0 1 0 0 0 1 4 28 2 2 1 0.972048 0.000000 
44 1 0 2 2 2 1 1 10 10 2 3 3 1 1.817216 0.000000 
44 1 1 3 3 2 0 1 15 14 15 4 4 1 2.029162 0.000000 
44 1 1 1 1 1 1 1 5 5 1 2 2 1 1.305293 0.000000 
44 1 0 2 2 2 1 1 10 10 2 3 3 1 1.328778 0.000000 
44 1 0 2 2 2 1 1 10 10 2 3 3 1 0.952562 0.000000 
44 1 0 1 1 0 0 1 5 4 7 2 2 1 1.374876 0.000000 
44 1 0 3 3 3 1 1 15 15 3 4 4 1 0.868735 0.000000 
44 1 0 0 1 1 1 0 1 5 16 2 2 1 1.182398 0.000000 
44 1 1 3 2 2 1 0 14 10 27 4 4 1 1.731990 0.000000 
44 1 1 1 1 0 0 1 5 4 7 2 2 1 1.882432 0.000000 
44 1 1 3 2 3 0 0 14 11 99 4 4 1 3.636137 0.000000 
44 1 1 2 3 3 1 0 11 15 24 3 3 1 1.855911 0.000000 
44 1 1 1 1 1 1 1 5 5 1 2 2 1 4.850767 0.000000 
44 1 0 2 2 2 1 1 10 10 2 3 3 1 4.405603 0.000000 
44 1 0 0 0 0 1 1 0 0 0 1 1 1 0.923233 0.000000 
44 1 0 1 1 0 0 1 5 4 7 2 2 1 1.202867 0.000000 
44 1 0 1 1 0 0 1 5 4 7 2 2 1 0.927338 0.000000 
44 1 0 0 1 1 1 0 1 5 16 2 2 1 2.855084 0.000000 
44 1 0 3 2 2 1 0 14 10 27 3 3 1 2.225057 0.000000 
44 1 0 0 0 1 0 1 0 1 4 1 1 1 0.941262 0.000000 
44 1 1 0 1 1 1 0 1 5 16 1 2 0 2.500332 0.000000 
44 1 0 1 0 0 1 0 4 0 19 1 1 1 4.345412 0.000000 
44 1 0 3 3 2 0 1 15 14 15 4 4 1 4.248296 0.000000 
44 1 0 0 1 0 0 0 1 4 28 2 2 1 1.612077 0.000000 
44 1 0 1 1 1 1 1 5 5 1 2 2 1 1.528433 0.000000 
44 1 1 3 3 2 0 1 15 14 15 4 4 1 2.312343 0.000000 
44 1 1 0 0 1 0 1 0 1 4 1 1 1 2.208252 0.000000 
44 1 0 1 1 1 1 1 5 5 1 2 2 1 3.629124 0.000000 
44 1 0 1 0 1 0 0 4 1 39 1 1 1 0.993795 0.000000 
44 1 0 2 2 3 0 1 10 11 12 3 3 1 3.190876 0.000000 
44 1 0 3 3 2 0 1 15 14 15 4 4 1 2.092739 0.000000 
44 1 1 3 2 2 1 0 14 10 27 4 4 1 1.757137 0.000000 
44 1 0 1 0 0 1 0 4 0 19 1 1 1 1.347793 0.000000 
44 1 0 1 1 1 1 1 5 5 1 2 2 1 1.370954 0.000000 
44 1 0 2 2 3 0 1 10 11 12 3 3 1 1.776819 0.000000 
44 1 1 3 2 3 0 0 14 11 99 4 4 1 2.134814 0.000000 
44 1 1 2 2 2 1 1 10 10 2 3 3 1 1.317284 0.000000 
44 1 0 0 0 1 0 1 0 1 4 1 1 1 0.997067 0.000000 
44 1 0 3 3 2 0 1 15 14 15 4 4 1 0.970085 0.000000 
44 1 1 1 1 1 1 1 5 5 1 2 2 1 1.519764 0.000000 
44 1 0 3 3 2 0 1 15 14 15 4 4 1 0.847579 0.000000 
44 1 0 2 2 2 1 1 10 10 2 3 3 1 1.330624 0.000000 
44 1 0 2 2 3 0 1 10 11 12 3 3 1 0.961508 0.000000 
44 1 0 2 3 2 0 0 11 14 46 4 4 1 0.735765 0.000000 
44 1 0 1 0 0 1 0 4 0 19 1 1 1 1.358722 0.000000 
44 1 0 3 3 3 1 1 15 15 3 4 4 1 1.117168 0.000000 
44 1 0 3 2 2 1 0 14 10 27 3 3 1 1.988918 0.000000 
44 1 1 3 3 2 0 1 15 14 15 4 4 1 1.994328 0.000000 
44 1 0 0 0 0 1 1 0 0 0 1 1 1 0.855723 0.000000 
44 1 1 0 0 0 1 1 0 0 0 1 1 1 1.048982 0.000000 
44 1 0 1 0 1 0 0 4 1 39 1 1 1 1.019983 0.000000 
44 1 0 3 3 3 1 1 15 15 3 4 4 1 1.071723 0.000000 
44 1 0 1 1 1 1 1 5 5 1 2 2 1 0.889458 0.000000 
44 1 1 3 2 3 0 0 14 11 99 4 4 1 1.586446 0.000000 
44 1 0 0 1 0 0 0 1 4 28 2 2 1 1.015683 0.000000 
44 1 0 1 1 0 0 1 5 4 7 2 2 1 0.691941 0.000000 
44 1 0 2 2 3 0 1 10 11 12 3 3 1 0.947874 0.000000 
44 1 0 2 2 3 0 1 10 11 12 3 3 1 1.290872 0.000000 
44 1 0 3 3 2 0 1 15 14 15 4 4 1 0.764036 0.000000 
44 1 0 3 3 2 0 1 15 14 15 4 4 1 0.866318 0.000000 
44 1 0 1 0 0 1 0 4 0 19 1 1 1 1.828203 0.000000 
44 1 0 3 2 3 0 0 14 11 99 3 3 1 1.575982 0.000000 
44 1 1 3 2 3 0 0 14 11 99 4 4 1 1.213865 0.000000 
44 1 0 1 1 1 1 1 5 5 1 2 2 1 1.345330 0.000000 
44 1 1 1 1 0 0 1 5 4 7 2 2 1 1.504465 0.000000 
44 1 1 1 1 1 1 1 5 5 1 2 2 1 0.952991 0.000000 
44 1 1 0 1 0 0 0 1 4 28 1 1 1 1.431397 0.000000 
44 1 0 0 1 0 0 0 1 4 28 2 2 1 1.203203 0.000000 
44 1 0 3 3 2 0 1 15 14 15 4 4 1 1.871672 0.000000 
44 1 0 0 0 0 1 1 0 0 0 1 1 1 1.264684 0.000000 
44 1 0 3 2 3 0 0 14 11 99 3 3 1 0.979135 0.000000 
44 1 0 3 2 3 0 0 14 11 99 3 3 1 0.984802 0.000000 
44 1 0 3 3 2 0 1 15 14 15 4 4 1 0.765826 0.000000 
44 1 0 1 1 0 0 1 5 4 7 2 2 1 0.971949 0.000000 
44 1 0 1 0 0 1 0 4 0 19 1 1 1 1.161743 0.000000 
44 2 0 0 1 1 1 0 1 5 16 2 2 1 2.310037 0.000000 
44 2 0 0 1 1 1 0 1 5 16 2 2 1 0.718324 0.000000 
44 2 0 2 3 2 0 0 11 14 46 4 4 1 1.012909 0.000000 
44 2 0 3 2 2 1 0 14 10 27 3 3 1 1.993339 0.000000 
44 2 0 2 3 3 1 0 11 15 24 4 4 1 1.294702 0.000000 
44 2 1 0 0 1 0 1 0 1 4 1 1 1 1.551812 0.000000 
44 2 0 2 3 3 1 0 11 15 24 4 4 1 1.038393 0.000000 
44 2 0 3 2 2 1 0 14 10 27 3 3 1 2.432589 0.000000 
44 2 0 0 0 1 0 1 0 1 4 1 1 1 0.915977 0.000000 
44 2 0 2 3 3 1 0 11 15 24 4 4 1 0.972178 0.000000 
44 2 0 2 2 3 0 1 10 11 12 3 3 1 1.593403 0.000000 
44 2 0 0 1 0 0 0 1 4 28 2 2 1 0.990638 0.000000 
44 2 0 0 1 0 0 0 1 4 28 2 2 1 0.675629 0.000000 
44 2 0 0 1 0 0 0 1 4 28 2 2 1 0.533187 0.000000 
44 2 0 1 0 1 0 0 4 1 39 1 1 1 0.772028 0.000000 
44 2 0 2 3 2 0 0 11 14 46 4 4 1 0.912586 0.000000 
44 2 0 0 0 0 1 1 0 0 0 1 1 1 0.952962 0.000000 
44 2 0 1 1 1 1 1 5 5 1 2 2 1 1.831300 0.000000 
44 2 1 2 3 3 1 0 11 15 24 3 0 0 5.000003 0.000000 
44 2 1 0 1 0 0 0 1 4 28 1 1 1 2.636405 0.000000 
44 2 0 1 0 1 0 0 4 1 39 1 1 1 0.967445 0.000000 
44 2 0 3 2 3 0 0 14 11 99 3 3 1 1.429176 0.000000 
44 2 1 0 0 1 0 1 0 1 4 1 1 1 0.857005 0.000000 
44 2 0 0 0 0 1 1 0 0 0 1 1 1 0.963311 0.000000 
44 2 1 1 0 1 0 0 4 1 39 2 2 1 1.417626 0.000000 
44 2 0 2 2 3 0 1 10 11 12 3 3 1 1.901525 0.000000 
44 2 0 3 2 3 0 0 14 11 99 3 3 1 0.805178 0.000000 
44 2 1 3 3 2 0 1 15 14 15 4 4 1 1.633506 0.000000 
44 2 0 1 1 1 1 1 5 5 1 2 2 1 1.244786 0.000000 
44 2 0 2 3 3 1 0 11 15 24 4 4 1 1.327882 0.000000 
44 2 0 1 0 1 0 0 4 1 39 1 1 1 0.967657 0.000000 
44 2 0 0 1 0 0 0 1 4 28 2 2 1 1.037353 0.000000 
44 2 0 0 0 0 1 1 0 0 0 1 1 1 0.775345 0.000000 
44 2 1 1 0 1 0 0 4 1 39 2 2 1 1.829014 0.000000 
44 2 0 1 1 0 0 1 5 4 7 2 2 1 1.080990 0.000000 
44 2 1 3 3 2 0 1 15 14 15 4 4 1 1.618711 0.000000 
44 2 0 2 3 3 1 0 11 15 24 4 4 1 1.606675 0.000000 
44 2 1 1 0 1 0 0 4 1 39 2 2 1 3.218340 0.000000 
44 2 0 0 1 0 0 0 1 4 28 2 2 1 0.974808 0.000000 
44 2 1 0 1 0 0 0 1 4 28 1 1 1 1.900535 0.000000 
44 2 1 1 0 1 0 0 4 1 39 2 2 1 3.397323 0.000000 
44 2 1 3 3 3 1 1 15 15 3 4 4 1 1.571189 0.000000 
44 2 0 2 2 2 1 1 10 10 2 3 3 1 1.353124 0.000000 
44 2 1 3 3 3 1 1 15 15 3 4 4 1 0.878546 0.000000 
44 2 0 1 0 0 1 0 4 0 19 1 1 1 1.032211 0.000000 
44 2 0 3 2 3 0 0 14 11 99 3 3 1 1.083939 0.000000 
44 2 0 3 2 2 1 0 14 10 27 3 3 1 1.396990 0.000000 
44 2 0 2 2 3 0 1 10 11 12 3 3 1 0.842137 0.000000 
44 2 0 0 1 1 1 0 1 5 16 2 2 1 1.805143 0.000000 
44 2 0 0 0 0 1 1 0 0 0 1 1 1 0.712786 0.000000 
44 2 0 3 3 3 1 1 15 15 3 4 4 1 0.656987 0.000000 
44 2 0 1 1 0 0 1 5 4 7 2 2 1 1.003219 0.000000 
44 2 0 1 1 1 1 1 5 5 1 2 2 1 0.823570 0.000000 
44 2 1 3 2 3 0 0 14 11 99 4 4 1 1.459221 0.000000 
44 2 0 1 1 0 0 1 5 4 7 2 2 1 1.405738 0.000000 
44 2 0 1 1 0 0 1 5 4 7 2 2 1 0.730237 0.000000 
44 2 1 2 2 3 0 1 10 11 12 3 3 1 2.424833 0.000000 
44 2 0 1 0 1 0 0 4 1 39 1 1 1 1.061015 0.000000 
44 2 0 0 0 0 1 1 0 0 0 1 1 1 0.839470 0.000000 
44 2 0 2 3 3 1 0 11 15 24 4 4 1 1.970443 0.000000 
44 2 1 0 0 0 1 1 0 0 0 1 1 1 3.592623 0.000000 
44 2 0 1 0 0 1 0 4 0 19 1 2 0 1.125547 0.000000 
44 2 0 3 2 2 1 0 14 10 27 3 3 1 1.673082 0.000000 
44 2 0 0 0 0 1 1 0 0 0 1 1 1 1.786807 0.000000 
44 2 0 0 1 1 1 0 1 5 16 2 2 1 1.168115 0.000000 
44 2 0 2 3 3 1 0 11 15 24 4 4 1 1.277876 0.000000 
44 2 0 2 2 3 0 1 10 11 12 3 3 1 1.039645 0.000000 
44 2 1 0 1 1 1 0 1 5 16 1 1 1 4.425859 0.000000 
44 2 0 0 1 1 1 0 1 5 16 2 2 1 2.206788 0.000000 
44 2 0 0 0 1 0 1 0 1 4 1 1 1 0.843594 0.000000 
44 2 0 1 1 1 1 1 5 5 1 2 2 1 0.686524 0.000000 
44 2 0 3 3 2 0 1 15 14 15 4 4 1 1.303460 0.000000 
44 2 0 1 0 0 1 0 4 0 19 1 1 1 1.334904 0.000000 
44 2 0 2 3 2 0 0 11 14 46 4 4 1 2.726141 0.000000 
44 2 0 2 3 3 1 0 11 15 24 4 4 1 1.806478 0.000000 
44 2 0 0 0 0 1 1 0 0 0 1 1 1 0.691134 0.000000 
44 2 0 3 3 2 0 1 15 14 15 4 4 1 0.931962 0.000000 
44 2 0 2 2 3 0 1 10 11 12 3 3 1 3.035781 0.000000 
44 2 1 1 1 1 1 1 5 5 1 2 2 1 1.166510 0.000000 
44 2 1 3 2 2 1 0 14 10 27 4 4 1 1.844302 0.000000 
44 2 0 3 3 3 1 1 15 15 3 4 4 1 0.695617 0.000000 
44 2 0 2 3 2 0 0 11 14 46 4 4 1 0.832518 0.000000 
44 2 0 1 1 0 0 1 5 4 7 2 2 1 0.779941 0.000000 
44 2 0 1 1 1 1 1 5 5 1 2 2 1 0.793015 0.000000 
44 2 0 2 3 3 1 0 11 15 24 4 4 1 4.173155 0.000000 
44 2 1 2 3 3 1 0 11 15 24 3 4 0 0.787922 0.000000 
44 2 1 1 1 0 0 1 5 4 7 2 2 1 2.533015 0.000000 
44 2 0 3 2 2 1 0 14 10 27 3 3 1 1.292086 0.000000 
44 2 1 2 2 3 0 1 10 11 12 3 3 1 0.805024 0.000000 
44 2 1 1 1 0 0 1 5 4 7 2 2 1 1.184771 0.000000 
44 2 0 3 3 2 0 1 15 14 15 4 4 1 1.156902 0.000000 
44 2 1 3 2 2 1 0 14 10 27 4 4 1 1.227316 0.000000 
44 2 1 2 2 3 0 1 10 11 12 3 3 1 1.015033 0.000000 
44 2 0 2 2 3 0 1 10 11 12 3 3 1 0.939462 0.000000 
44 2 0 0 0 0 1 1 0 0 0 1 1 1 0.834453 0.000000 
44 2 0 2 2 2 1 1 10 10 2 3 3 1 0.941344 0.000000 
44 2 1 2 2 2 1 1 10 10 2 3 3 1 1.244382 0.000000 
44 2 0 3 2 3 0 0 14 11 99 3 3 1 0.790503 0.000000 
44 2 1 2 2 3 0 1 10 11 12 3 3 1 1.139371 0.000000 
44 2 0 3 2 2 1 0 14 10 27 3 3 1 1.386539 0.000000 
44 2 1 0 1 1 1 0 1 5 16 1 1 1 3.719812 0.000000 
44 2 0 3 2 3 0 0 14 11 99 3 3 1 2.352534 0.000000 
44 2 0 1 1 1 1 1 5 5 1 2 2 1 1.198382 0.000000 
44 2 1 1 0 0 1 0 4 0 19 2 1 0 1.883492 0.000000 
44 2 0 1 1 0 0 1 5 4 7 2 2 1 0.912872 0.000000 
44 2 0 1 0 1 0 0 4 1 39 1 1 1 1.208700 0.000000 
44 2 0 0 1 0 0 0 1 4 28 2 2 1 0.837011 0.000000 
44 2 0 1 1 1 1 1 5 5 1 2 2 1 0.719987 0.000000 
44 2 0 0 0 1 0 1 0 1 4 1 1 1 0.662592 0.000000 
44 2 0 3 3 3 1 1 15 15 3 4 4 1 0.872803 0.000000 
44 2 0 1 0 0 1 0 4 0 19 1 1 1 0.986496 0.000000 
44 2 0 0 0 0 1 1 0 0 0 1 1 1 0.687511 0.000000 
44 2 0 3 3 2 0 1 15 14 15 4 4 1 4.080535 0.000000 
44 2 0 3 3 3 1 1 15 15 3 4 4 1 0.587292 0.000000 
44 2 0 3 3 2 0 1 15 14 15 4 4 1 0.631178 0.000000 
44 2 1 0 0 1 0 1 0 1 4 1 1 1 1.242714 0.000000 
44 2 0 1 1 0 0 1 5 4 7 2 2 1 0.941823 0.000000 
44 2 0 0 1 0 0 0 1 4 28 2 2 1 0.804804 0.000000 
44 2 0 2 3 2 0 0 11 14 46 4 4 1 1.017039 0.000000 
44 2 1 1 0 1 0 0 4 1 39 2 2 1 2.812842 0.000000 
44 2 0 3 3 2 0 1 15 14 15 4 4 1 1.065805 0.000000 
44 2 0 0 1 1 1 0 1 5 16 2 2 1 1.811109 0.000000 
44 2 0 2 3 3 1 0 11 15 24 4 4 1 1.111231 0.000000 
44 2 0 1 1 1 1 1 5 5 1 2 2 1 0.791624 0.000000 
44 2 0 0 1 1 1 0 1 5 16 2 2 1 0.684564 0.000000 
44 2 0 1 0 1 0 0 4 1 39 1 1 1 0.725465 0.000000 
44 2 1 0 0 0 1 1 0 0 0 1 1 1 1.140982 0.000000 
44 2 0 3 2 2 1 0 14 10 27 3 3 1 1.715189 0.000000 
44 2 0 2 2 3 0 1 10 11 12 3 3 1 0.619716 0.000000 
44 2 1 0 1 0 0 0 1 4 28 1 2 0 1.127284 0.000000 
44 2 1 2 2 3 0 1 10 11 12 3 3 1 1.379060 0.000000 
44 2 0 3 2 2 1 0 14 10 27 3 3 1 1.040374 0.000000 
44 2 0 0 0 0 1 1 0 0 0 1 1 1 0.715417 0.000000 
44 2 0 2 3 3 1 0 11 15 24 4 4 1 2.075710 0.000000 
44 2 0 1 1 0 0 1 5 4 7 2 2 1 0.972775 0.000000 
44 2 0 3 2 2 1 0 14 10 27 3 3 1 3.834572 0.000000 
44 2 1 2 2 2 1 1 10 10 2 3 3 1 0.870518 0.000000 
44 2 0 3 3 2 0 1 15 14 15 4 4 1 0.744250 0.000000 
44 2 0 2 3 3 1 0 11 15 24 4 4 1 3.878299 0.000000 
44 2 0 0 1 0 0 0 1 4 28 2 2 1 0.800977 0.000000 
44 2 0 2 3 2 0 0 11 14 46 4 4 1 2.965362 0.000000 
44 2 0 0 1 1 1 0 1 5 16 2 2 1 0.796000 0.000000 
44 2 0 2 2 3 0 1 10 11 12 3 3 1 1.264695 0.000000 
44 2 1 2 2 2 1 1 10 10 2 3 3 1 0.963118 0.000000 
44 2 0 3 3 2 0 1 15 14 15 4 4 1 0.784572 0.000000 
44 2 1 0 0 0 1 1 0 0 0 1 1 1 1.349373 0.000000 
44 2 1 1 0 0 1 0 4 0 19 2 2 1 1.564155 0.000000 
44 2 0 3 3 3 1 1 15 15 3 4 4 1 1.770516 0.000000 
44 2 0 0 1 0 0 0 1 4 28 2 2 1 0.792480 0.000000 
44 2 0 0 0 1 0 1 0 1 4 1 1 1 1.037427 0.000000 
44 2 1 3 2 3 0 0 14 11 99 4 4 1 1.760650 0.000000 
44 2 0 0 1 0 0 0 1 4 28 2 2 1 0.862077 0.000000 
44 2 0 1 1 0 0 1 5 4 7 2 2 1 0.912396 0.000000 
44 2 0 2 3 3 1 0 11 15 24 4 4 1 2.376756 0.000000 
44 2 0 2 3 2 0 0 11 14 46 4 4 1 0.734903 0.000000 
44 2 0 1 0 1 0 0 4 1 39 1 1 1 1.261870 0.000000 
44 2 0 3 2 3 0 0 14 11 99 3 4 0 0.656287 0.000000 
44 2 1 3 3 3 1 1 15 15 3 4 4 1 1.589531 0.000000 
44 2 0 0 1 0 0 0 1 4 28 2 2 1 0.882321 0.000000 
44 2 0 3 3 2 0 1 15 14 15 4 4 1 1.843966 0.000000 
44 2 0 3 2 2 1 0 14 10 27 3 3 1 1.247343 0.000000 
44 2 0 2 3 2 0 0 11 14 46 4 4 1 1.322422 0.000000 
44 2 0 1 0 0 1 0 4 0 19 1 1 1 1.370255 0.000000 
44 2 0 2 3 2 0 0 11 14 46 4 4 1 1.311061 0.000000 
44 2 1 3 3 3 1 1 15 15 3 4 4 1 1.151533 0.000000 
44 2 1 3 3 2 0 1 15 14 15 4 4 1 0.741939 0.000000 
44 2 0 2 3 3 1 0 11 15 24 4 4 1 1.372894 0.000000 
44 2 0 3 3 3 1 1 15 15 3 4 4 1 0.554677 0.000000 
44 2 0 1 0 0 1 0 4 0 19 1 1 1 1.088880 0.000000 
44 2 0 2 2 3 0 1 10 11 12 3 3 1 1.977053 0.000000 
44 2 0 1 0 0 1 0 4 0 19 1 1 1 2.063056 0.000000 
44 2 0 2 2 2 1 1 10 10 2 3 3 1 1.001772 0.000000 
44 2 1 1 1 1 1 1 5 5 1 2 2 1 1.902171 0.000000 
44 2 1 3 3 3 1 1 15 15 3 4 4 1 1.030842 0.000000 
44 2 0 1 0 0 1 0 4 0 19 1 1 1 1.266568 0.000000 
44 2 1 1 1 0 0 1 5 4 7 2 2 1 1.476344 0.000000 
44 2 1 3 3 3 1 1 15 15 3 4 4 1 0.749147 0.000000 
44 2 0 2 3 3 1 0 11 15 24 4 4 1 1.259988 0.000000 
44 2 1 3 3 2 0 1 15 14 15 4 4 1 0.782553 0.000000 
44 2 0 1 1 1 1 1 5 5 1 2 2 1 0.683968 0.000000 
44 2 0 3 3 3 1 1 15 15 3 4 4 1 0.724408 0.000000 
44 2 0 0 0 1 0 1 0 1 4 1 1 1 0.931981 0.000000 
44 2 0 1 1 0 0 1 5 4 7 2 2 1 0.651627 0.000000 
44 2 0 1 0 0 1 0 4 0 19 1 1 1 1.252822 0.000000 
44 2 0 2 3 2 0 0 11 14 46 4 4 1 1.039281 0.000000 
44 2 0 3 2 2 1 0 14 10 27 3 3 1 1.810368 0.000000 
44 2 0 1 1 0 0 1 5 4 7 2 2 1 0.686985 0.000000 
44 2 1 0 0 0 1 1 0 0 0 1 1 1 1.087894 0.000000 
44 2 0 2 3 2 0 0 11 14 46 4 4 1 1.656974 0.000000 
44 2 0 0 0 0 1 1 0 0 0 1 1 1 0.627580 0.000000 
44 2 0 3 3 2 0 1 15 14 15 4 4 1 0.806095 0.000000 
44 2 0 0 0 1 0 1 0 1 4 1 1 1 0.866363 0.000000 
44 3 0 1 1 0 0 1 5 4 7 2 2 1 1.885553 0.000000 
44 3 0 3 3 2 0 1 15 14 15 4 3 0 0.950374 0.000000 
44 3 0 3 3 3 1 1 15 15 3 4 4 1 0.624434 0.000000 
44 3 0 3 2 3 0 0 14 11 99 3 3 1 0.859796 0.000000 
44 3 0 1 0 1 0 0 4 1 39 1 1 1 0.790021 0.000000 
44 3 0 1 1 0 0 1 5 4 7 2 2 1 0.954986 0.000000 
44 3 0 0 0 0 1 1 0 0 0 1 1 1 0.776349 0.000000 
44 3 1 1 0 1 0 0 4 1 39 2 2 1 1.005930 0.000000 
44 3 0 0 1 1 1 0 1 5 16 2 2 1 2.266385 0.000000 
44 3 0 1 0 1 0 0 4 1 39 1 1 1 0.908470 0.000000 
44 3 0 3 2 2 1 0 14 10 27 3 3 1 1.068798 0.000000 
44 3 0 2 2 3 0 1 10 11 12 3 3 1 0.702484 0.000000 
44 3 0 2 3 2 0 0 11 14 46 4 4 1 1.142708 0.000000 
44 3 0 2 3 3 1 0 11 15 24 4 4 1 1.148826 0.000000 
44 3 1 0 1 1 1 0 1 5 16 1 1 1 1.251853 0.000000 
44 3 1 3 3 3 1 1 15 15 3 4 4 1 4.022485 0.000000 
44 3 0 2 2 2 1 1 10 10 2 3 3 1 1.779291 0.000000 
44 3 0 1 1 1 1 1 5 5 1 2 2 1 0.785227 0.000000 
44 3 1 0 1 1 1 0 1 5 16 1 1 1 1.061191 0.000000 
44 3 0 2 3 3 1 0 11 15 24 4 4 1 0.887544 0.000000 
44 3 0 0 1 0 0 0 1 4 28 2 2 1 1.000560 0.000000 
44 3 0 1 0 0 1 0 4 0 19 1 1 1 1.676929 0.000000 
44 3 0 3 3 2 0 1 15 14 15 4 4 1 1.110859 0.000000 
44 3 1 3 2 2 1 0 14 10 27 4 4 1 1.439204 0.000000 
44 3 0 3 3 3 1 1 15 15 3 4 4 1 0.658431 0.000000 
44 3 0 0 1 1 1 0 1 5 16 2 2 1 1.483612 0.000000 
44 3 0 1 1 1 1 1 5 5 1 2 2 1 0.604838 0.000000 
44 3 0 3 2 2 1 0 14 10 27 3 3 1 1.489057 0.000000 
44 3 0 1 0 0 1 0 4 0 19 1 1 1 1.034271 0.000000 
44 3 0 0 0 1 0 1 0 1 4 1 1 1 0.789306 0.000000 
44 3 0 2 3 3 1 0 11 15 24 4 4 1 1.810286 0.000000 
44 3 0 3 2 3 0 0 14 11 99 3 3 1 0.901878 0.000000 
44 3 0 3 3 2 0 1 15 14 15 4 4 1 1.374236 0.000000 
44 3 0 0 1 1 1 0 1 5 16 2 2 1 0.915999 0.000000 
44 3 0 0 1 0 0 0 1 4 28 2 2 1 0.868188 0.000000 
44 3 0 1 0 1 0 0 4 1 39 1 1 1 0.733343 0.000000 
44 3 1 1 1 0 0 1 5 4 7 2 2 1 1.588293 0.000000 
44 3 0 0 0 1 0 1 0 1 4 1 1 1 0.873543 0.000000 
44 3 0 1 1 0 0 1 5 4 7 2 2 1 0.778125 0.000000 
44 3 1 1 1 0 0 1 5 4 7 2 2 1 1.031715 0.000000 
44 3 0 1 1 1 1 1 5 5 1 2 2 1 0.843446 0.000000 
44 3 1 1 0 0 1 0 4 0 19 2 2 1 1.046371 0.000000 
44 3 1 2 3 3 1 0 11 15 24 3 3 1 1.665428 0.000000 
44 3 0 2 3 2 0 0 11 14 46 4 4 1 1.547956 0.000000 
44 3 1 0 1 1 1 0 1 5 16 1 1 1 1.490278 0.000000 
44 3 1 1 1 1 1 1 5 5 1 2 2 1 2.019499 0.000000 
44 3 0 1 1 1 1 1 5 5 1 2 2 1 0.639544 0.000000 
44 3 1 1 0 0 1 0 4 0 19 2 2 1 1.514398 0.000000 
44 3 1 2 3 2 0 0 11 14 46 3 3 1 0.898978 0.000000 
44 3 1 1 1 0 0 1 5 4 7 2 2 1 1.035889 0.000000 
44 3 0 3 3 3 1 1 15 15 3 4 4 1 0.679001 0.000000 
44 3 0 2 2 3 0 1 10 11 12 3 3 1 0.759541 0.000000 
44 3 0 1 0 0 1 0 4 0 19 1 1 1 0.837760 0.000000 
44 3 0 0 0 1 0 1 0 1 4 1 1 1 0.984712 0.000000 
44 3 0 0 1 1 1 0 1 5 16 2 2 1 0.725766 0.000000 
44 3 0 0 0 1 0 1 0 1 4 1 1 1 0.709347 0.000000 
44 3 1 0 0 1 0 1 0 1 4 1 1 1 0.709541 0.000000 
44 3 0 1 1 1 1 1 5 5 1 2 2 1 0.909789 0.000000 
44 3 1 3 3 2 0 1 15 14 15 4 4 1 0.766042 0.000000 
44 3 0 0 0 1 0 1 0 1 4 1 1 1 0.843188 0.000000 
44 3 0 1 1 0 0 1 5 4 7 2 2 1 0.693659 0.000000 
44 3 0 1 1 1 1 1 5 5 1 2 2 1 0.638556 0.000000 
44 3 0 2 2 2 1 1 10 10 2 3 3 1 0.649339 0.000000 
44 3 0 1 0 0 1 0 4 0 19 1 1 1 1.076067 0.000000 
44 3 1 2 2 2 1 1 10 10 2 3 3 1 0.949332 0.000000 
44 3 1 0 0 1 0 1 0 1 4 1 1 1 0.668149 0.000000 
44 3 0 0 1 1 1 0 1 5 16 2 2 1 0.932217 0.000000 
44 3 0 3 3 2 0 1 15 14 15 4 4 1 0.795891 0.000000 
44 3 0 3 2 3 0 0 14 11 99 3 3 1 0.696807 0.000000 
44 3 1 0 0 0 1 1 0 0 0 1 1 1 1.097722 0.000000 
44 3 0 3 2 2 1 0 14 10 27 3 3 1 0.802732 0.000000 
44 3 0 3 3 2 0 1 15 14 15 4 4 1 0.702989 0.000000 
44 3 0 2 2 2 1 1 10 10 2 3 3 1 1.407264 0.000000 
44 3 0 3 3 2 0 1 15 14 15 4 4 1 0.746735 0.000000 
44 3 0 2 2 3 0 1 10 11 12 3 3 1 0.825676 0.000000 
44 3 0 0 1 0 0 0 1 4 28 2 2 1 0.853311 0.000000 
44 3 0 0 0 1 0 1 0 1 4 1 1 1 0.631606 0.000000 
44 3 0 1 1 1 1 1 5 5 1 2 3 0 0.755125 0.000000 
44 3 1 3 3 3 1 1 15 15 3 4 4 1 0.997413 0.000000 
44 3 0 2 3 2 0 0 11 14 46 4 4 1 1.217927 0.000000 
44 3 0 3 3 2 0 1 15 14 15 4 4 1 0.652662 0.000000 
44 3 1 2 2 2 1 1 10 10 2 3 3 1 2.054964 0.000000 
44 3 1 0 0 0 1 1 0 0 0 1 1 1 0.729681 0.000000 
44 3 1 2 3 3 1 0 11 15 24 3 3 1 0.985250 0.000000 
44 3 0 1 1 0 0 1 5 4 7 2 2 1 1.078286 0.000000 
44 3 0 3 3 3 1 1 15 15 3 4 4 1 0.807991 0.000000 
44 3 0 3 2 2 1 0 14 10 27 3 3 1 1.580301 0.000000 
44 3 0 2 2 3 0 1 10 11 12 3 3 1 0.857180 0.000000 
44 3 1 2 3 3 1 0 11 15 24 3 3 1 1.011452 0.000000 
44 3 0 1 1 0 0 1 5 4 7 2 2 1 0.639813 0.000000 
44 3 0 2 2 2 1 1 10 10 2 3 3 1 0.626667 0.000000 
44 3 0 3 2 2 1 0 14 10 27 3 3 1 0.542205 0.000000 
44 3 0 0 1 0 0 0 1 4 28 2 2 1 0.757036 0.000000 
44 3 0 0 1 0 0 0 1 4 28 2 2 1 0.507308 0.000000 
44 3 0 2 2 3 0 1 10 11 12 3 3 1 0.570493 0.000000 
44 3 0 3 3 3 1 1 15 15 3 4 4 1 0.887906 0.000000 
44 3 0 2 2 3 0 1 10 11 12 3 3 1 0.760822 0.000000 
44 3 0 1 1 1 1 1 5 5 1 2 2 1 0.703159 0.000000 
44 3 0 2 2 2 1 1 10 10 2 3 3 1 0.695392 0.000000 
44 3 0 2 3 3 1 0 11 15 24 4 3 0 1.440386 0.000000 
44 3 0 3 2 2 1 0 14 10 27 3 3 1 1.415553 0.000000 
44 3 0 1 1 0 0 1 5 4 7 2 2 1 0.786528 0.000000 
44 3 0 0 1 0 0 0 1 4 28 2 2 1 0.703510 0.000000 
44 3 0 1 1 0 0 1 5 4 7 2 2 1 0.615715 0.000000 
44 3 1 1 0 0 1 0 4 0 19 2 2 1 0.995919 0.000000 
44 3 1 0 0 0 1 1 0 0 0 1 1 1 1.840926 0.000000 
44 3 0 1 1 0 0 1 5 4 7 2 2 1 0.668269 0.000000 
44 3 0 1 0 0 1 0 4 0 19 1 1 1 1.533792 0.000000 
44 3 1 0 0 1 0 1 0 1 4 1 1 1 0.788965 0.000000 
44 3 0 2 3 2 0 0 11 14 46 4 4 1 0.888995 0.000000 
44 3 0 1 0 0 1 0 4 0 19 1 1 1 1.249999 0.000000 
44 3 0 0 1 0 0 0 1 4 28 2 2 1 0.884407 0.000000 
44 3 0 0 1 1 1 0 1 5 16 2 2 1 0.589373 0.000000 
44 3 0 3 3 2 0 1 15 14 15 4 4 1 0.746251 0.000000 
44 3 1 3 3 3 1 1 15 15 3 4 4 1 1.129171 0.000000 
44 3 0 3 3 3 1 1 15 15 3 4 4 1 0.872733 0.000000 
44 3 0 3 2 2 1 0 14 10 27 3 3 1 1.448903 0.000000 
44 3 0 3 2 3 0 0 14 11 99 3 3 1 0.739940 0.000000 
44 3 0 3 2 3 0 0 14 11 99 3 3 1 0.554961 0.000000 
44 3 1 1 0 1 0 0 4 1 39 2 1 0 1.025146 0.000000 
44 3 0 0 1 1 1 0 1 5 16 2 2 1 0.960878 0.000000 
44 3 1 0 0 0 1 1 0 0 0 1 1 1 1.030709 0.000000 
44 3 0 3 2 3 0 0 14 11 99 3 4 0 0.914402 0.000000 
44 3 1 1 0 1 0 0 4 1 39 2 2 1 1.349768 0.000000 
44 3 0 2 3 2 0 0 11 14 46 4 4 1 1.236002 0.000000 
44 3 0 1 0 1 0 0 4 1 39 1 1 1 0.806867 0.000000 
44 3 0 0 1 1 1 0 1 5 16 2 2 1 1.267121 0.000000 
44 3 1 1 1 1 1 1 5 5 1 2 2 1 0.868906 0.000000 
44 3 0 0 1 1 1 0 1 5 16 2 2 1 0.742564 0.000000 
44 3 0 0 1 0 0 0 1 4 28 2 2 1 0.853503 0.000000 
44 3 0 0 1 0 0 0 1 4 28 2 2 1 0.590776 0.000000 
44 3 1 3 2 2 1 0 14 10 27 4 3 0 1.403634 0.000000 
44 3 0 2 3 3 1 0 11 15 24 4 4 1 1.676209 0.000000 
44 3 0 2 2 2 1 1 10 10 2 3 3 1 1.813674 0.000000 
44 3 0 2 3 2 0 0 11 14 46 4 4 1 0.954295 0.000000 
44 3 0 0 1 1 1 0 1 5 16 2 2 1 1.183613 0.000000 
44 3 0 3 3 2 0 1 15 14 15 4 4 1 1.364748 0.000000 
44 3 0 1 0 1 0 0 4 1 39 1 1 1 0.723208 0.000000 
44 3 0 3 3 2 0 1 15 14 15 4 4 1 1.034760 0.000000 
44 3 0 2 2 3 0 1 10 11 12 3 3 1 0.949853 0.000000 
44 3 0 2 3 2 0 0 11 14 46 4 4 1 0.780152 0.000000 
44 3 0 1 1 1 1 1 5 5 1 2 2 1 0.985784 0.000000 
44 3 1 1 0 1 0 0 4 1 39 2 1 0 0.766699 0.000000 
44 3 1 1 0 1 0 0 4 1 39 2 2 1 1.159405 0.000000 
44 3 0 2 3 3 1 0 11 15 24 4 4 1 1.101305 0.000000 
44 3 0 2 2 3 0 1 10 11 12 3 3 1 0.781694 0.000000 
44 3 0 3 2 2 1 0 14 10 27 3 3 1 1.643340 0.000000 
44 3 0 3 3 2 0 1 15 14 15 4 4 1 1.238590 0.000000 
44 3 0 3 3 3 1 1 15 15 3 4 4 1 0.809639 0.000000 
44 3 1 3 3 2 0 1 15 14 15 4 4 1 1.372927 0.000000 
44 3 0 0 1 1 1 0 1 5 16 2 2 1 1.178813 0.000000 
44 3 1 2 2 3 0 1 10 11 12 3 3 1 2.312598 0.000000 
44 3 0 2 2 3 0 1 10 11 12 3 3 1 0.673401 0.000000 
44 3 1 2 3 2 0 0 11 14 46 3 3 1 1.218972 0.000000 
44 3 0 1 1 0 0 1 5 4 7 2 2 1 0.958742 0.000000 
44 3 0 1 0 0 1 0 4 0 19 1 1 1 1.268010 0.000000 
44 3 1 2 3 3 1 0 11 15 24 3 3 1 0.973825 0.000000 
44 3 0 2 3 2 0 0 11 14 46 4 4 1 1.011549 0.000000 
44 3 0 3 2 3 0 0 14 11 99 3 3 1 1.231929 0.000000 
44 3 0 3 3 2 0 1 15 14 15 4 4 1 0.883693 0.000000 
44 3 0 0 0 1 0 1 0 1 4 1 1 1 0.916885 0.000000 
44 3 0 2 2 3 0 1 10 11 12 3 3 1 0.844294 0.000000 
44 3 1 1 0 0 1 0 4 0 19 2 2 1 2.950354 0.000000 
44 3 0 3 2 3 0 0 14 11 99 3 3 1 1.117418 0.000000 
44 3 0 0 0 0 1 1 0 0 0 1 1 1 1.157185 0.000000 
44 3 0 0 1 1 1 0 1 5 16 2 2 1 0.715568 0.000000 
44 3 0 0 1 0 0 0 1 4 28 2 2 1 1.411821 0.000000 
44 3 1 0 1 0 0 0 1 4 28 1 1 1 1.424326 0.000000 
44 3 0 1 0 1 0 0 4 1 39 1 1 1 2.291237 0.000000 
44 3 1 1 0 0 1 0 4 0 19 2 2 1 1.204693 0.000000 
44 3 1 2 2 2 1 1 10 10 2 3 3 1 0.769096 0.000000 
44 3 0 0 0 0 1 1 0 0 0 1 1 1 1.062678 0.000000 
44 3 0 2 2 3 0 1 10 11 12 3 3 1 0.673015 0.000000 
44 3 0 2 3 3 1 0 11 15 24 4 4 1 0.914633 0.000000 
44 3 1 3 2 2 1 0 14 10 27 4 4 1 1.290956 0.000000 
44 3 0 3 2 3 0 0 14 11 99 3 3 1 1.091095 0.000000 
44 3 1 2 3 2 0 0 11 14 46 3 4 0 2.580221 0.000000 
44 3 0 3 2 3 0 0 14 11 99 3 3 1 2.862590 0.000000 
44 3 0 0 1 1 1 0 1 5 16 2 2 1 0.697109 0.000000 
44 3 0 3 3 3 1 1 15 15 3 4 4 1 1.754042 0.000000 
44 3 0 2 2 3 0 1 10 11 12 3 3 1 0.847630 0.000000 
44 3 1 0 1 1 1 0 1 5 16 1 1 1 2.346678 0.000000 
44 3 0 2 3 3 1 0 11 15 24 4 4 1 2.002209 0.000000 
44 3 0 0 1 1 1 0 1 5 16 2 2 1 1.830978 0.000000 
44 3 0 2 2 2 1 1 10 10 2 3 3 1 2.323014 0.000000 
44 3 1 3 3 3 1 1 15 15 3 4 4 1 1.082114 0.000000 
44 3 0 0 0 1 0 1 0 1 4 1 1 1 0.851894 0.000000 
44 3 0 2 2 3 0 1 10 11 12 3 3 1 0.846162 0.000000 
44 3 0 0 0 0 1 1 0 0 0 1 1 1 0.633133 0.000000 
44 3 0 2 2 3 0 1 10 11 12 3 3 1 0.635972 0.000000 
44 3 0 1 1 1 1 1 5 5 1 2 2 1 1.678911 0.000000 
44 3 1 3 3 3 1 1 15 15 3 4 4 1 2.791923 0.000000 
44 4 1 2 3 3 1 0 11 15 24 3 3 1 2.901241 0.000000 
44 4 0 0 0 0 1 1 0 0 0 1 1 1 0.804767 0.000000 
44 4 0 1 0 1 0 0 4 1 39 1 1 1 0.849014 0.000000 
44 4 0 1 0 0 1 0 4 0 19 1 1 1 1.035939 0.000000 
44 4 0 1 0 1 0 0 4 1 39 1 1 1 0.887015 0.000000 
44 4 0 3 3 2 0 1 15 14 15 4 4 1 0.816027 0.000000 
44 4 1 2 3 2 0 0 11 14 46 3 3 1 1.548135 0.000000 
44 4 0 3 3 3 1 1 15 15 3 4 4 1 0.850850 0.000000 
44 4 0 3 2 2 1 0 14 10 27 3 3 1 1.244124 0.000000 
44 4 0 2 2 2 1 1 10 10 2 3 3 1 0.727258 0.000000 
44 4 0 0 0 1 0 1 0 1 4 1 1 1 0.870844 0.000000 
44 4 0 1 1 1 1 1 5 5 1 2 2 1 0.608438 0.000000 
44 4 0 2 3 2 0 0 11 14 46 4 4 1 0.940651 0.000000 
44 4 0 3 3 3 1 1 15 15 3 4 4 1 0.739640 0.000000 
44 4 0 2 2 2 1 1 10 10 2 3 3 1 2.018612 0.000000 
44 4 0 3 2 2 1 0 14 10 27 3 3 1 1.365654 0.000000 
44 4 0 3 2 3 0 0 14 11 99 3 3 1 1.043971 0.000000 
44 4 0 2 3 3 1 0 11 15 24 4 4 1 1.174542 0.000000 
44 4 1 0 0 0 1 1 0 0 0 1 1 1 1.196281 0.000000 
44 4 0 1 0 1 0 0 4 1 39 1 1 1 1.345409 0.000000 
44 4 1 0 0 0 1 1 0 0 0 1 1 1 1.040523 0.000000 
44 4 1 2 2 3 0 1 10 11 12 3 3 1 3.722679 0.000000 
44 4 0 0 0 1 0 1 0 1 4 1 1 1 0.747293 0.000000 
44 4 1 2 2 3 0 1 10 11 12 3 3 1 1.154223 0.000000 
44 4 0 1 0 0 1 0 4 0 19 1 1 1 1.168684 0.000000 
44 4 0 2 3 2 0 0 11 14 46 4 4 1 0.894411 0.000000 
44 4 1 2 3 2 0 0 11 14 46 3 3 1 0.943377 0.000000 
44 4 0 3 2 2 1 0 14 10 27 3 3 1 3.469492 0.000000 
44 4 0 3 3 2 0 1 15 14 15 4 4 1 2.680123 0.000000 
44 4 0 2 3 2 0 0 11 14 46 4 4 1 0.986426 0.000000 
44 4 1 3 3 2 0 1 15 14 15 4 4 1 2.199501 0.000000 
44 4 1 2 3 3 1 0 11 15 24 3 3 1 3.619415 0.000000 
44 4 1 2 3 2 0 0 11 14 46 3 3 1 1.231984 0.000000 
44 4 0 1 1 1 1 1 5 5 1 2 2 1 0.971824 0.000000 
44 4 0 3 3 2 0 1 15 14 15 4 4 1 1.241506 0.000000 
44 4 0 3 3 2 0 1 15 14 15 4 4 1 0.788595 0.000000 
44 4 0 2 3 3 1 0 11 15 24 4 0 0 5.000003 0.000000 
44 4 0 3 2 2 1 0 14 10 27 3 3 1 1.954329 0.000000 
44 4 0 3 2 2 1 0 14 10 27 3 3 1 0.856760 0.000000 
44 4 0 1 0 1 0 0 4 1 39 1 1 1 0.963053 0.000000 
44 4 0 2 3 3 1 0 11 15 24 4 4 1 1.625442 0.000000 
44 4 0 1 0 1 0 0 4 1 39 1 1 1 0.797317 0.000000 
44 4 0 1 0 0 1 0 4 0 19 1 1 1 1.082278 0.000000 
44 4 0 1 1 0 0 1 5 4 7 2 2 1 0.986934 0.000000 
44 4 0 0 1 0 0 0 1 4 28 2 2 1 0.703998 0.000000 
44 4 0 1 1 0 0 1 5 4 7 2 2 1 0.552218 0.000000 
44 4 1 0 1 0 0 0 1 4 28 1 1 1 1.190419 0.000000 
44 4 0 1 0 0 1 0 4 0 19 1 1 1 1.443533 0.000000 
44 4 0 3 3 2 0 1 15 14 15 4 4 1 1.190671 0.000000 
44 4 0 3 3 2 0 1 15 14 15 4 4 1 0.675752 0.000000 
44 4 1 0 0 0 1 1 0 0 0 1 0 0 5.000003 0.000000 
44 4 1 3 3 3 1 1 15 15 3 4 4 1 1.438358 0.000000 
44 4 1 2 2 2 1 1 10 10 2 3 3 1 0.945018 0.000000 
44 4 0 3 3 3 1 1 15 15 3 4 4 1 0.583992 0.000000 
44 4 0 0 0 1 0 1 0 1 4 1 1 1 0.836899 0.000000 
44 4 0 2 2 3 0 1 10 11 12 3 3 1 0.870829 0.000000 
44 4 0 1 0 1 0 0 4 1 39 1 1 1 0.752475 0.000000 
44 4 0 1 1 0 0 1 5 4 7 2 2 1 0.694717 0.000000 
44 4 1 2 2 2 1 1 10 10 2 3 1 0 1.287630 0.000000 
44 4 0 1 1 0 0 1 5 4 7 2 2 1 0.916778 0.000000 
44 4 1 0 0 1 0 1 0 1 4 1 1 1 1.299955 0.000000 
44 4 0 2 2 2 1 1 10 10 2 3 3 1 2.092473 0.000000 
44 4 0 1 1 0 0 1 5 4 7 2 2 1 0.980903 0.000000 
44 4 0 0 1 0 0 0 1 4 28 2 2 1 0.674541 0.000000 
44 4 0 2 3 2 0 0 11 14 46 4 4 1 0.860024 0.000000 
44 4 0 0 1 0 0 0 1 4 28 2 2 1 0.766393 0.000000 
44 4 1 0 0 0 1 1 0 0 0 1 1 1 1.676027 0.000000 
44 4 0 2 2 3 0 1 10 11 12 3 4 0 1.285950 0.000000 
44 4 0 2 3 3 1 0 11 15 24 4 4 1 1.378114 0.000000 
44 4 0 3 2 2 1 0 14 10 27 3 3 1 1.319476 0.000000 
44 4 0 2 2 3 0 1 10 11 12 3 3 1 1.351280 0.000000 
44 4 0 1 0 0 1 0 4 0 19 1 1 1 0.853701 0.000000 
44 4 0 0 1 0 0 0 1 4 28 2 2 1 0.808047 0.000000 
44 4 1 1 1 0 0 1 5 4 7 2 2 1 1.700379 0.000000 
44 4 0 2 2 2 1 1 10 10 2 3 3 1 0.892945 0.000000 
44 4 1 1 0 0 1 0 4 0 19 2 2 1 1.308885 0.000000 
44 4 0 2 2 3 0 1 10 11 12 3 3 1 0.885392 0.000000 
44 4 0 0 1 0 0 0 1 4 28 2 2 1 0.670342 0.000000 
44 4 0 0 1 0 0 0 1 4 28 2 2 1 0.575904 0.000000 
44 4 1 2 3 3 1 0 11 15 24 3 3 1 1.045398 0.000000 
44 4 1 1 0 0 1 0 4 0 19 2 2 1 1.368447 0.000000 
44 4 0 1 1 1 1 1 5 5 1 2 2 1 0.861397 0.000000 
44 4 0 2 2 2 1 1 10 10 2 3 3 1 2.439653 0.000000 
44 4 0 3 2 2 1 0 14 10 27 3 3 1 1.099194 0.000000 
44 4 0 1 0 0 1 0 4 0 19 1 1 1 1.180086 0.000000 
44 4 0 0 1 1 1 0 1 5 16 2 2 1 1.209379 0.000000 
44 4 0 3 2 2 1 0 14 10 27 3 3 1 2.325854 0.000000 
44 4 0 3 3 3 1 1 15 15 3 4 4 1 1.149908 0.000000 
44 4 0 0 0 1 0 1 0 1 4 1 1 1 0.867431 0.000000 
44 4 0 2 2 2 1 1 10 10 2 3 3 1 1.469064 0.000000 
44 4 1 1 0 0 1 0 4 0 19 2 2 1 2.566966 0.000000 
44 4 0 3 3 3 1 1 15 15 3 4 4 1 1.421266 0.000000 
44 4 0 1 0 1 0 0 4 1 39 1 1 1 0.857102 0.000000 
44 4 0 2 3 2 0 0 11 14 46 4 4 1 2.074454 0.000000 
44 4 1 1 0 1 0 0 4 1 39 2 1 0 2.092535 0.000000 
44 4 1 1 0 0 1 0 4 0 19 2 2 1 1.033743 0.000000 
44 4 1 3 3 3 1 1 15 15 3 4 4 1 1.540560 0.000000 
44 4 1 0 0 1 0 1 0 1 4 1 1 1 1.171784 0.000000 
44 4 1 2 3 3 1 0 11 15 24 3 4 0 4.040667 0.000000 
44 4 1 0 0 0 1 1 0 0 0 1 1 1 1.648583 0.000000 
44 4 0 3 2 3 0 0 14 11 99 3 3 1 1.019603 0.000000 
44 4 0 0 1 1 1 0 1 5 16 2 2 1 1.015305 0.000000 
44 4 0 0 0 0 1 1 0 0 0 1 1 1 1.835682 0.000000 
44 4 0 1 0 1 0 0 4 1 39 1 1 1 0.975018 0.000000 
44 4 1 0 0 1 0 1 0 1 4 1 1 1 0.867668 0.000000 
44 4 1 0 0 1 0 1 0 1 4 1 1 1 0.653312 0.000000 
44 4 0 2 3 2 0 0 11 14 46 4 4 1 1.191517 0.000000 
44 4 1 3 3 2 0 1 15 14 15 4 4 1 0.700582 0.000000 
44 4 1 1 0 1 0 0 4 1 39 2 1 0 2.196913 0.000000 
44 4 0 3 2 3 0 0 14 11 99 3 3 1 0.726360 0.000000 
44 4 0 3 2 2 1 0 14 10 27 3 3 1 1.916524 0.000000 
44 4 0 2 3 3 1 0 11 15 24 4 4 1 1.316520 0.000000 
44 4 0 0 0 0 1 1 0 0 0 1 1 1 0.764351 0.000000 
44 4 0 3 3 3 1 1 15 15 3 4 4 1 1.882652 0.000000 
44 4 0 0 0 1 0 1 0 1 4 1 1 1 0.707937 0.000000 
44 4 1 3 2 3 0 0 14 11 99 4 0 0 5.000003 0.000000 
44 4 0 0 1 1 1 0 1 5 16 2 1 0 1.429211 0.000000 
44 4 1 3 3 3 1 1 15 15 3 4 4 1 2.052642 0.000000 
44 4 0 1 0 0 1 0 4 0 19 1 1 1 1.550901 0.000000 
44 4 0 2 3 2 0 0 11 14 46 4 4 1 2.349456 0.000000 
44 4 0 0 0 1 0 1 0 1 4 1 1 1 0.771424 0.000000 
44 4 1 2 2 3 0 1 10 11 12 3 3 1 1.352896 0.000000 
44 4 0 1 0 1 0 0 4 1 39 1 1 1 0.879458 0.000000 
44 4 0 2 3 2 0 0 11 14 46 4 4 1 0.937070 0.000000 
44 4 0 0 1 0 0 0 1 4 28 2 2 1 1.016065 0.000000 
44 4 0 1 1 1 1 1 5 5 1 2 2 1 0.811991 0.000000 
44 4 0 3 2 3 0 0 14 11 99 3 3 1 0.808015 0.000000 
44 4 0 3 3 3 1 1 15 15 3 4 4 1 0.988305 0.000000 
44 4 0 0 1 1 1 0 1 5 16 2 2 1 1.176298 0.000000 
44 4 0 0 0 1 0 1 0 1 4 1 1 1 0.758067 0.000000 
44 4 1 0 0 1 0 1 0 1 4 1 1 1 1.108304 0.000000 
44 4 0 2 3 3 1 0 11 15 24 4 4 1 0.996709 0.000000 
44 4 0 2 2 2 1 1 10 10 2 3 3 1 3.209831 0.000000 
44 4 0 2 2 3 0 1 10 11 12 3 3 1 0.694943 0.000000 
44 4 0 1 1 1 1 1 5 5 1 2 2 1 0.846880 0.000000 
44 4 0 3 3 3 1 1 15 15 3 4 4 1 0.689795 0.000000 
44 4 0 0 0 0 1 1 0 0 0 1 1 1 0.634730 0.000000 
44 4 1 0 1 0 0 0 1 4 28 1 2 0 0.949569 0.000000 
44 4 0 3 3 2 0 1 15 14 15 4 4 1 1.128148 0.000000 
44 4 0 0 1 1 1 0 1 5 16 2 2 1 1.295891 0.000000 
44 4 0 1 1 0 0 1 5 4 7 2 2 1 0.664956 0.000000 
44 4 0 3 2 3 0 0 14 11 99 3 4 0 0.890165 0.000000 
44 4 0 0 1 0 0 0 1 4 28 2 2 1 0.743181 0.000000 
44 4 0 3 2 2 1 0 14 10 27 3 3 1 1.845663 0.000000 
44 4 1 3 2 2 1 0 14 10 27 4 4 1 1.784928 0.000000 
44 4 0 2 2 3 0 1 10 11 12 3 3 1 2.358349 0.000000 
44 4 0 0 1 1 1 0 1 5 16 2 2 1 1.413221 0.000000 
44 4 0 1 0 0 1 0 4 0 19 1 1 1 1.872772 0.000000 
44 4 1 1 0 0 1 0 4 0 19 2 2 1 1.842781 0.000000 
44 4 0 2 2 2 1 1 10 10 2 3 3 1 0.806091 0.000000 
44 4 0 0 1 1 1 0 1 5 16 2 2 1 1.626428 0.000000 
44 4 0 2 2 2 1 1 10 10 2 3 3 1 0.878320 0.000000 
44 4 0 0 0 1 0 1 0 1 4 1 1 1 0.767047 0.000000 
44 4 0 3 3 2 0 1 15 14 15 4 4 1 1.052536 0.000000 
44 4 1 3 3 3 1 1 15 15 3 4 4 1 1.526954 0.000000 
44 4 0 2 3 2 0 0 11 14 46 4 4 1 0.822782 0.000000 
44 4 0 1 1 0 0 1 5 4 7 2 2 1 0.994427 0.000000 
44 4 1 3 3 2 0 1 15 14 15 4 4 1 1.535447 0.000000 
44 4 0 2 2 3 0 1 10 11 12 3 3 1 0.774639 0.000000 
44 4 0 1 1 1 1 1 5 5 1 2 2 1 0.996280 0.000000 
44 4 0 2 3 2 0 0 11 14 46 4 4 1 1.728313 0.000000 
44 4 0 0 0 1 0 1 0 1 4 1 1 1 0.728285 0.000000 
44 4 1 1 0 1 0 0 4 1 39 2 2 1 1.191786 0.000000 
44 4 0 0 1 1 1 0 1 5 16 2 2 1 1.244960 0.000000 
44 4 1 0 0 0 1 1 0 0 0 1 1 1 0.752016 0.000000 
44 4 0 2 3 3 1 0 11 15 24 4 4 1 1.430320 0.000000 
44 4 0 3 2 2 1 0 14 10 27 3 3 1 1.201154 0.000000 
44 4 0 2 3 3 1 0 11 15 24 4 4 1 1.325606 0.000000 
44 4 1 0 1 0 0 0 1 4 28 1 2 0 0.925394 0.000000 
44 4 0 2 3 3 1 0 11 15 24 4 4 1 1.193094 0.000000 
44 4 0 3 2 2 1 0 14 10 27 3 3 1 1.573706 0.000000 
44 4 0 1 0 1 0 0 4 1 39 1 1 1 1.315610 0.000000 
44 4 0 0 0 1 0 1 0 1 4 1 1 1 1.107955 0.000000 
44 4 0 3 3 3 1 1 15 15 3 4 4 1 0.947476 0.000000 
44 4 0 3 2 2 1 0 14 10 27 3 3 1 0.930465 0.000000 
44 4 0 1 1 1 1 1 5 5 1 2 2 1 1.018124 0.000000 
44 4 0 1 1 0 0 1 5 4 7 2 2 1 0.877819 0.000000 
44 4 0 3 2 2 1 0 14 10 27 3 3 1 1.167452 0.000000 
44 4 1 0 0 1 0 1 0 1 4 1 1 1 0.877132 0.000000 
44 4 1 3 3 2 0 1 15 14 15 4 4 1 0.918792 0.000000 
44 4 0 1 1 1 1 1 5 5 1 2 3 0 0.901466 0.000000 
44 4 0 1 1 1 1 1 5 5 1 2 2 1 0.593797 0.000000 
44 4 0 1 1 1 1 1 5 5 1 2 2 1 2.598260 0.000000 
44 4 0 2 2 3 0 1 10 11 12 3 4 0 1.331863 0.000000 
44 4 0 1 0 1 0 0 4 1 39 1 1 1 1.367700 0.000000 
44 4 0 1 1 0 0 1 5 4 7 2 2 1 1.604068 0.000000 
44 4 1 3 2 2 1 0 14 10 27 4 4 1 3.552729 0.000000 
44 4 1 1 1 0 0 1 5 4 7 2 2 1 0.999988 0.000000 
44 4 0 0 1 1 1 0 1 5 16 2 2 1 1.444417 0.000000 
44 4 0 3 3 3 1 1 15 15 3 4 4 1 0.815572 0.000000 
44 4 0 0 1 0 0 0 1 4 28 2 2 1 1.643885 0.000000 
44 4 0 0 0 1 0 1 0 1 4 1 1 1 0.982136 0.000000 
