40 1 1 2 2 2 1 1 10 10 2 3 3 1 1.684465 0.000000 
40 1 0 2 2 0 0 1 10 8 10 3 3 1 0.916470 0.000000 
40 1 0 1 2 2 1 0 6 10 20 3 3 1 1.532177 0.000000 
40 1 0 0 0 0 1 1 0 0 0 1 1 1 0.923901 0.000000 
40 1 0 1 2 0 0 0 6 8 41 3 3 1 0.866984 0.000000 
40 1 1 1 1 1 1 1 5 5 1 2 2 1 1.484660 0.000000 
40 1 0 0 3 1 0 0 3 13 35 4 4 1 0.981906 0.000000 
40 1 0 3 3 3 1 1 15 15 3 4 4 1 0.563509 0.000000 
40 1 0 1 2 0 0 0 6 8 41 3 3 1 0.776745 0.000000 
40 1 0 2 2 0 0 1 10 8 10 3 3 1 0.654322 0.000000 
40 1 0 3 1 1 1 0 13 5 26 2 2 1 0.912553 0.000000 
40 1 0 0 3 3 1 0 3 15 18 4 4 1 0.800865 0.000000 
40 1 0 2 0 3 0 0 8 3 41 1 1 1 0.893128 0.000000 
40 1 1 1 2 0 0 0 6 8 41 2 2 1 1.582071 0.000000 
40 1 0 1 1 2 0 1 5 6 8 2 2 1 1.435052 0.000000 
40 1 0 0 3 3 1 0 3 15 18 4 4 1 0.590205 0.000000 
40 1 0 2 0 0 1 0 8 0 22 1 1 1 2.627080 0.000000 
40 1 0 0 3 1 0 0 3 13 35 4 4 1 0.751364 0.000000 
40 1 0 0 0 3 0 1 0 3 6 1 1 1 1.029657 0.000000 
40 1 1 3 3 1 0 1 15 13 14 4 4 1 1.305368 0.000000 
40 1 0 0 0 0 1 1 0 0 0 1 1 1 0.801847 0.000000 
40 1 1 0 0 3 0 1 0 3 6 1 1 1 1.334058 0.000000 
40 1 0 1 1 2 0 1 5 6 8 2 2 1 0.804233 0.000000 
40 1 0 3 1 1 1 0 13 5 26 2 2 1 1.408569 0.000000 
40 1 0 0 0 0 1 1 0 0 0 1 1 1 0.740971 0.000000 
40 1 0 1 1 2 0 1 5 6 8 2 1 0 0.715943 0.000000 
40 1 0 2 0 0 1 0 8 0 22 1 1 1 0.999567 0.000000 
40 1 0 2 0 3 0 0 8 3 41 1 1 1 0.619898 0.000000 
40 1 1 3 1 2 0 0 13 6 51 4 4 1 3.566035 0.000000 
40 1 0 2 0 0 1 0 8 0 22 1 1 1 0.884631 0.000000 
40 1 1 1 1 2 0 1 5 6 8 2 2 1 1.637628 0.000000 
40 1 0 3 3 1 0 1 15 13 14 4 4 1 0.600890 0.000000 
40 1 1 2 2 2 1 1 10 10 2 3 3 1 1.109049 0.000000 
40 1 0 0 0 0 1 1 0 0 0 1 1 1 0.597498 0.000000 
40 1 1 2 2 0 0 1 10 8 10 3 3 1 1.385387 0.000000 
40 1 1 2 0 0 1 0 8 0 22 3 3 1 1.190490 0.000000 
40 1 0 2 2 2 1 1 10 10 2 3 3 1 0.715593 0.000000 
40 1 0 0 0 0 1 1 0 0 0 1 1 1 0.571846 0.000000 
40 1 0 3 1 2 0 0 13 6 51 2 2 1 0.921369 0.000000 
40 1 0 1 2 0 0 0 6 8 41 3 3 1 0.888994 0.000000 
40 1 0 1 1 2 0 1 5 6 8 2 2 1 0.913981 0.000000 
40 1 1 0 0 0 1 1 0 0 0 1 1 1 0.841332 0.000000 
40 1 0 2 2 2 1 1 10 10 2 3 3 1 0.740217 0.000000 
40 1 1 1 1 1 1 1 5 5 1 2 2 1 1.139141 0.000000 
40 1 1 0 0 3 0 1 0 3 6 1 1 1 1.314246 0.000000 
40 1 0 1 1 2 0 1 5 6 8 2 2 1 0.914682 0.000000 
40 1 0 2 0 3 0 0 8 3 41 1 1 1 1.827011 0.000000 
40 1 1 1 2 0 0 0 6 8 41 2 2 1 1.390975 0.000000 
40 1 0 0 0 0 1 1 0 0 0 1 1 1 0.643171 0.000000 
40 1 0 3 1 2 0 0 13 6 51 2 2 1 0.910028 0.000000 
40 1 0 2 0 3 0 0 8 3 41 1 1 1 0.558358 0.000000 
40 1 0 2 0 3 0 0 8 3 41 1 1 1 0.524484 0.000000 
40 1 0 2 2 0 0 1 10 8 10 3 3 1 1.764035 0.000000 
40 1 0 0 3 3 1 0 3 15 18 4 4 1 0.874669 0.000000 
40 1 0 3 1 1 1 0 13 5 26 2 2 1 1.260334 0.000000 
40 1 0 0 3 3 1 0 3 15 18 4 4 1 0.693796 0.000000 
40 1 0 2 2 2 1 1 10 10 2 3 3 1 0.838675 0.000000 
40 1 1 3 3 3 1 1 15 15 3 4 4 1 1.033617 0.000000 
40 1 0 0 0 3 0 1 0 3 6 1 1 1 0.820638 0.000000 
40 1 0 2 0 0 1 0 8 0 22 1 1 1 0.736253 0.000000 
40 1 0 3 1 1 1 0 13 5 26 2 2 1 1.167190 0.000000 
40 1 0 3 1 1 1 0 13 5 26 2 2 1 0.636921 0.000000 
40 1 0 2 0 3 0 0 8 3 41 1 1 1 1.103810 0.000000 
40 1 0 3 3 3 1 1 15 15 3 4 4 1 0.679176 0.000000 
40 1 0 1 1 1 1 1 5 5 1 2 2 1 0.624734 0.000000 
40 1 0 3 1 2 0 0 13 6 51 2 2 1 0.796262 0.000000 
40 1 0 2 2 0 0 1 10 8 10 3 3 1 1.361225 0.000000 
40 1 1 3 1 1 1 0 13 5 26 4 4 1 1.575722 0.000000 
40 1 0 1 1 1 1 1 5 5 1 2 2 1 0.701616 0.000000 
40 1 0 2 0 3 0 0 8 3 41 1 1 1 0.788914 0.000000 
40 1 0 3 1 2 0 0 13 6 51 2 2 1 0.849762 0.000000 
40 1 0 1 2 2 1 0 6 10 20 3 3 1 0.780026 0.000000 
40 1 1 0 3 1 0 0 3 13 35 1 4 0 0.801659 0.000000 
40 1 1 3 1 2 0 0 13 6 51 4 4 1 1.401988 0.000000 
40 1 0 1 1 1 1 1 5 5 1 2 1 0 0.789995 0.000000 
40 1 0 2 2 2 1 1 10 10 2 3 3 1 0.822950 0.000000 
40 1 0 2 0 0 1 0 8 0 22 1 1 1 1.306051 0.000000 
40 1 0 1 1 2 0 1 5 6 8 2 3 0 1.257565 0.000000 
40 1 0 3 1 2 0 0 13 6 51 2 2 1 0.776034 0.000000 
40 1 1 3 3 3 1 1 15 15 3 4 4 1 0.917132 0.000000 
40 1 0 0 0 3 0 1 0 3 6 1 1 1 1.628838 0.000000 
40 1 0 0 0 3 0 1 0 3 6 1 1 1 0.504716 0.000000 
40 1 0 2 2 0 0 1 10 8 10 3 3 1 1.272888 0.000000 
40 1 1 1 2 0 0 0 6 8 41 2 2 1 1.249654 0.000000 
40 1 0 0 0 3 0 1 0 3 6 1 1 1 0.716076 0.000000 
40 1 1 1 2 0 0 0 6 8 41 2 2 1 1.212202 0.000000 
40 1 0 3 3 1 0 1 15 13 14 4 4 1 0.792078 0.000000 
40 1 0 0 3 3 1 0 3 15 18 4 4 1 0.612996 0.000000 
40 1 1 0 0 3 0 1 0 3 6 1 1 1 1.225268 0.000000 
40 1 0 3 3 1 0 1 15 13 14 4 4 1 0.789001 0.000000 
40 1 1 3 1 2 0 0 13 6 51 4 4 1 1.160995 0.000000 
40 1 0 3 3 1 0 1 15 13 14 4 4 1 0.727364 0.000000 
40 1 0 2 2 2 1 1 10 10 2 3 1 0 1.110888 0.000000 
40 1 0 1 2 0 0 0 6 8 41 3 3 1 0.699348 0.000000 
40 1 0 2 2 0 0 1 10 8 10 3 3 1 0.707755 0.000000 
40 1 0 3 3 3 1 1 15 15 3 4 4 1 0.811998 0.000000 
40 1 1 1 1 1 1 1 5 5 1 2 2 1 1.104268 0.000000 
40 1 0 3 1 1 1 0 13 5 26 2 2 1 0.696670 0.000000 
40 1 0 3 3 1 0 1 15 13 14 4 4 1 0.736544 0.000000 
40 1 0 1 2 2 1 0 6 10 20 3 3 1 1.575509 0.000000 
40 1 0 3 1 1 1 0 13 5 26 2 4 0 0.677365 0.000000 
40 1 0 3 1 1 1 0 13 5 26 2 2 1 0.706956 0.000000 
40 1 0 0 0 0 1 1 0 0 0 1 1 1 0.666715 0.000000 
40 1 0 0 0 0 1 1 0 0 0 1 1 1 0.516243 0.000000 
40 1 1 0 3 3 1 0 3 15 18 1 1 1 1.299994 0.000000 
40 1 0 1 1 1 1 1 5 5 1 2 2 1 0.635212 0.000000 
40 1 0 3 1 1 1 0 13 5 26 2 2 1 1.078045 0.000000 
40 1 0 0 0 3 0 1 0 3 6 1 1 1 0.959814 0.000000 
40 1 1 3 1 1 1 0 13 5 26 4 4 1 1.102096 0.000000 
40 1 0 0 3 3 1 0 3 15 18 4 4 1 0.782526 0.000000 
40 1 0 1 2 2 1 0 6 10 20 3 3 1 0.987955 0.000000 
40 1 0 1 1 2 0 1 5 6 8 2 2 1 1.040462 0.000000 
40 1 1 3 1 2 0 0 13 6 51 4 4 1 1.258502 0.000000 
40 1 0 1 1 2 0 1 5 6 8 2 2 1 0.892939 0.000000 
40 1 1 2 2 0 0 1 10 8 10 3 3 1 1.333933 0.000000 
40 1 0 2 2 2 1 1 10 10 2 3 3 1 0.581007 0.000000 
40 1 0 0 3 1 0 0 3 13 35 4 4 1 0.794599 0.000000 
40 1 0 0 3 1 0 0 3 13 35 4 4 1 0.599516 0.000000 
40 1 0 2 2 2 1 1 10 10 2 3 3 1 0.691935 0.000000 
40 1 1 0 3 1 0 0 3 13 35 1 4 0 0.963579 0.000000 
40 1 0 1 2 0 0 0 6 8 41 3 3 1 0.949984 0.000000 
40 1 1 2 2 2 1 1 10 10 2 3 3 1 0.795983 0.000000 
40 1 1 1 1 2 0 1 5 6 8 2 2 1 1.120744 0.000000 
40 1 1 0 3 1 0 0 3 13 35 1 1 1 1.016474 0.000000 
40 1 0 2 2 0 0 1 10 8 10 3 3 1 0.876168 0.000000 
40 1 0 0 3 1 0 0 3 13 35 4 4 1 2.028861 0.000000 
40 1 0 2 0 0 1 0 8 0 22 1 1 1 4.369004 0.000000 
40 1 0 1 2 2 1 0 6 10 20 3 3 1 0.855926 0.000000 
40 1 0 0 3 1 0 0 3 13 35 4 4 1 0.970233 0.000000 
40 1 0 2 2 2 1 1 10 10 2 3 3 1 1.127902 0.000000 
40 1 0 3 1 2 0 0 13 6 51 2 2 1 2.335700 0.000000 
40 1 0 0 0 3 0 1 0 3 6 1 1 1 1.382226 0.000000 
40 1 0 2 2 2 1 1 10 10 2 3 3 1 0.803908 0.000000 
40 1 0 1 1 1 1 1 5 5 1 2 1 0 1.040318 0.000000 
40 1 0 0 0 0 1 1 0 0 0 1 3 0 0.679380 0.000000 
40 1 0 2 0 3 0 0 8 3 41 1 1 1 0.612166 0.000000 
40 1 1 3 1 1 1 0 13 5 26 4 4 1 1.160152 0.000000 
40 1 0 1 2 2 1 0 6 10 20 3 3 1 1.349599 0.000000 
40 1 1 1 1 2 0 1 5 6 8 2 2 1 0.908053 0.000000 
40 1 0 0 3 1 0 0 3 13 35 4 1 0 0.844387 0.000000 
40 1 1 3 1 1 1 0 13 5 26 4 4 1 1.435406 0.000000 
40 1 0 2 2 0 0 1 10 8 10 3 3 1 0.734045 0.000000 
40 1 1 2 2 2 1 1 10 10 2 3 3 1 0.868965 0.000000 
40 1 0 0 3 1 0 0 3 13 35 4 4 1 0.862617 0.000000 
40 1 0 3 1 1 1 0 13 5 26 2 2 1 1.119886 0.000000 
40 1 1 1 2 2 1 0 6 10 20 2 2 1 1.231660 0.000000 
40 1 1 3 3 3 1 1 15 15 3 4 4 1 0.987409 0.000000 
40 1 0 3 1 1 1 0 13 5 26 2 2 1 1.376455 0.000000 
40 1 1 2 0 0 1 0 8 0 22 3 3 1 1.406269 0.000000 
40 1 0 2 2 0 0 1 10 8 10 3 3 1 0.626754 0.000000 
40 1 0 3 3 1 0 1 15 13 14 4 4 1 0.661362 0.000000 
40 1 1 0 0 3 0 1 0 3 6 1 1 1 1.279482 0.000000 
40 1 0 0 3 3 1 0 3 15 18 4 1 0 0.561310 0.000000 
40 1 0 1 1 2 0 1 5 6 8 2 2 1 1.891494 0.000000 
40 1 0 0 3 1 0 0 3 13 35 4 4 1 0.908368 0.000000 
40 1 0 2 2 0 0 1 10 8 10 3 3 1 0.852668 0.000000 
40 1 0 1 1 1 1 1 5 5 1 2 2 1 0.774987 0.000000 
40 1 0 2 0 0 1 0 8 0 22 1 1 1 0.804581 0.000000 
40 1 0 0 3 1 0 0 3 13 35 4 4 1 1.095856 0.000000 
40 1 0 3 1 2 0 0 13 6 51 2 2 1 0.896920 0.000000 
40 1 0 1 1 1 1 1 5 5 1 2 2 1 0.945904 0.000000 
40 1 1 1 1 2 0 1 5 6 8 2 2 1 1.336891 0.000000 
40 1 0 2 0 0 1 0 8 0 22 1 1 1 0.919974 0.000000 
40 1 1 2 2 2 1 1 10 10 2 3 3 1 0.983565 0.000000 
40 1 0 0 3 1 0 0 3 13 35 4 0 0 5.000003 0.000000 
40 1 0 1 2 0 0 0 6 8 41 3 3 1 1.053464 0.000000 
40 1 0 0 3 3 1 0 3 15 18 4 4 1 0.815613 0.000000 
40 1 0 1 1 2 0 1 5 6 8 2 2 1 0.899871 0.000000 
40 1 0 1 1 2 0 1 5 6 8 2 2 1 0.780165 0.000000 
40 1 0 3 3 3 1 1 15 15 3 4 1 0 0.297739 0.000000 
40 1 1 1 1 2 0 1 5 6 8 2 2 1 1.365526 0.000000 
40 1 0 1 2 0 0 0 6 8 41 3 3 1 0.811535 0.000000 
40 1 0 3 1 1 1 0 13 5 26 2 2 1 1.855844 0.000000 
40 1 0 1 2 2 1 0 6 10 20 3 3 1 0.970505 0.000000 
40 1 1 3 3 3 1 1 15 15 3 4 4 1 0.944164 0.000000 
40 1 0 2 2 2 1 1 10 10 2 3 3 1 0.967157 0.000000 
40 1 0 2 2 0 0 1 10 8 10 3 3 1 0.595849 0.000000 
40 1 0 3 3 1 0 1 15 13 14 4 4 1 0.656647 0.000000 
40 1 0 3 1 1 1 0 13 5 26 2 2 1 1.290925 0.000000 
40 1 1 3 1 1 1 0 13 5 26 4 4 1 1.036039 0.000000 
40 1 0 3 1 1 1 0 13 5 26 2 4 0 0.663030 0.000000 
40 1 0 1 1 2 0 1 5 6 8 2 2 1 0.773055 0.000000 
40 1 1 0 0 3 0 1 0 3 6 1 1 1 0.882401 0.000000 
40 1 0 3 1 1 1 0 13 5 26 2 2 1 1.330991 0.000000 
40 1 0 0 3 1 0 0 3 13 35 4 4 1 0.810849 0.000000 
40 1 1 0 0 0 1 1 0 0 0 1 1 1 0.879120 0.000000 
40 1 1 3 1 1 1 0 13 5 26 4 4 1 0.824737 0.000000 
40 1 0 2 2 2 1 1 10 10 2 3 3 1 0.924360 0.000000 
40 1 0 1 1 2 0 1 5 6 8 2 2 1 0.836016 0.000000 
40 1 0 0 3 3 1 0 3 15 18 4 4 1 1.550953 0.000000 
40 1 0 2 0 0 1 0 8 0 22 1 1 1 0.917536 0.000000 
40 1 0 1 2 2 1 0 6 10 20 3 3 1 1.116199 0.000000 
40 2 1 3 1 2 0 0 13 6 51 4 2 0 1.681951 0.000000 
40 2 0 3 3 1 0 1 15 13 14 4 4 1 0.807413 0.000000 
40 2 0 2 0 3 0 0 8 3 41 1 1 1 0.907174 0.000000 
40 2 0 2 0 3 0 0 8 3 41 1 1 1 0.571501 0.000000 
40 2 0 3 3 3 1 1 15 15 3 4 3 0 0.680985 0.000000 
40 2 0 0 0 3 0 1 0 3 6 1 1 1 0.622579 0.000000 
40 2 1 3 1 1 1 0 13 5 26 4 4 1 1.880687 0.000000 
40 2 0 0 3 3 1 0 3 15 18 4 4 1 0.762671 0.000000 
40 2 1 1 1 2 0 1 5 6 8 2 2 1 0.904927 0.000000 
40 2 0 0 0 3 0 1 0 3 6 1 1 1 0.681217 0.000000 
40 2 0 1 1 1 1 1 5 5 1 2 2 1 0.762780 0.000000 
40 2 0 1 1 1 1 1 5 5 1 2 2 1 0.649034 0.000000 
40 2 1 3 3 3 1 1 15 15 3 4 4 1 0.579891 0.000000 
40 2 0 0 0 3 0 1 0 3 6 1 1 1 0.744468 0.000000 
40 2 0 3 1 1 1 0 13 5 26 2 2 1 1.039329 0.000000 
40 2 0 1 1 1 1 1 5 5 1 2 2 1 0.554347 0.000000 
40 2 0 1 2 2 1 0 6 10 20 3 3 1 1.080548 0.000000 
40 2 0 2 0 3 0 0 8 3 41 1 1 1 0.818223 0.000000 
40 2 0 3 3 1 0 1 15 13 14 4 4 1 0.725844 0.000000 
40 2 0 0 3 3 1 0 3 15 18 4 4 1 0.725423 0.000000 
40 2 0 1 1 2 0 1 5 6 8 2 2 1 0.804996 0.000000 
40 2 0 3 3 1 0 1 15 13 14 4 4 1 0.729265 0.000000 
40 2 1 3 3 3 1 1 15 15 3 4 4 1 0.935744 0.000000 
40 2 0 3 3 1 0 1 15 13 14 4 4 1 0.654815 0.000000 
40 2 0 3 3 3 1 1 15 15 3 4 4 1 0.537021 0.000000 
40 2 0 3 3 3 1 1 15 15 3 4 4 1 0.503858 0.000000 
40 2 0 3 1 2 0 0 13 6 51 2 2 1 0.928001 0.000000 
40 2 0 1 1 2 0 1 5 6 8 2 2 1 0.703672 0.000000 
40 2 0 1 1 1 1 1 5 5 1 2 2 1 0.791899 0.000000 
40 2 0 2 0 0 1 0 8 0 22 1 1 1 1.468807 0.000000 
40 2 0 2 0 3 0 0 8 3 41 1 1 1 0.629625 0.000000 
40 2 0 0 0 0 1 1 0 0 0 1 1 1 0.569264 0.000000 
40 2 1 2 2 2 1 1 10 10 2 3 3 1 0.838713 0.000000 
40 2 0 2 0 3 0 0 8 3 41 1 1 1 1.009683 0.000000 
40 2 0 1 1 1 1 1 5 5 1 2 2 1 0.902034 0.000000 
40 2 1 2 2 2 1 1 10 10 2 3 3 1 0.782333 0.000000 
40 2 0 2 0 3 0 0 8 3 41 1 1 1 0.803895 0.000000 
40 2 1 3 1 2 0 0 13 6 51 4 4 1 1.407248 0.000000 
40 2 0 2 2 0 0 1 10 8 10 3 3 1 0.819739 0.000000 
40 2 0 1 1 2 0 1 5 6 8 2 2 1 0.855350 0.000000 
40 2 1 2 2 0 0 1 10 8 10 3 3 1 0.809621 0.000000 
40 2 0 0 0 3 0 1 0 3 6 1 1 1 0.597859 0.000000 
40 2 0 2 0 0 1 0 8 0 22 1 1 1 0.746760 0.000000 
40 2 1 1 2 2 1 0 6 10 20 2 2 1 1.264740 0.000000 
40 2 0 0 3 3 1 0 3 15 18 4 4 1 0.891142 0.000000 
40 2 0 2 0 0 1 0 8 0 22 1 1 1 0.684090 0.000000 
40 2 0 2 0 3 0 0 8 3 41 1 1 1 0.708979 0.000000 
40 2 0 2 0 0 1 0 8 0 22 1 1 1 0.581204 0.000000 
40 2 1 3 1 2 0 0 13 6 51 4 2 0 0.938745 0.000000 
40 2 0 0 0 3 0 1 0 3 6 1 1 1 0.661756 0.000000 
40 2 0 1 1 1 1 1 5 5 1 2 2 1 0.719473 0.000000 
40 2 0 0 0 0 1 1 0 0 0 1 1 1 0.598987 0.000000 
40 2 0 0 0 0 1 1 0 0 0 1 1 1 0.578889 0.000000 
40 2 0 2 0 3 0 0 8 3 41 1 1 1 1.112439 0.000000 
40 2 1 2 2 2 1 1 10 10 2 3 3 1 1.360784 0.000000 
40 2 0 3 1 1 1 0 13 5 26 2 4 0 0.735292 0.000000 
40 2 0 3 3 1 0 1 15 13 14 4 4 1 1.090247 0.000000 
40 2 1 1 1 2 0 1 5 6 8 2 2 1 1.386789 0.000000 
40 2 0 0 0 0 1 1 0 0 0 1 1 1 0.639940 0.000000 
40 2 0 1 2 2 1 0 6 10 20 3 3 1 0.905847 0.000000 
40 2 0 1 1 2 0 1 5 6 8 2 2 1 0.826140 0.000000 
40 2 0 2 0 3 0 0 8 3 41 1 1 1 1.357804 0.000000 
40 2 0 2 0 3 0 0 8 3 41 1 1 1 0.524258 0.000000 
40 2 1 1 2 0 0 0 6 8 41 2 2 1 1.459770 0.000000 
40 2 0 1 2 0 0 0 6 8 41 3 3 1 0.990285 0.000000 
40 2 0 3 1 1 1 0 13 5 26 2 2 1 1.946369 0.000000 
40 2 0 1 2 2 1 0 6 10 20 3 3 1 2.225746 0.000000 
40 2 0 2 2 0 0 1 10 8 10 3 3 1 1.109881 0.000000 
40 2 1 1 2 0 0 0 6 8 41 2 2 1 1.246266 0.000000 
40 2 0 1 1 2 0 1 5 6 8 2 2 1 0.745374 0.000000 
40 2 0 0 3 3 1 0 3 15 18 4 1 0 0.168274 0.000000 
40 2 0 3 1 1 1 0 13 5 26 2 2 1 1.225694 0.000000 
40 2 0 2 2 2 1 1 10 10 2 3 3 1 1.219973 0.000000 
40 2 0 0 0 0 1 1 0 0 0 1 1 1 0.655755 0.000000 
40 2 1 2 2 2 1 1 10 10 2 3 3 1 1.769976 0.000000 
40 2 1 0 3 3 1 0 3 15 18 1 1 1 1.215962 0.000000 
40 2 1 3 1 2 0 0 13 6 51 4 4 1 1.595973 0.000000 
40 2 0 1 2 2 1 0 6 10 20 3 3 1 1.328977 0.000000 
40 2 0 3 3 3 1 1 15 15 3 4 4 1 0.663746 0.000000 
40 2 1 3 3 3 1 1 15 15 3 4 4 1 1.041981 0.000000 
40 2 0 0 3 3 1 0 3 15 18 4 4 1 1.389025 0.000000 
40 2 1 2 0 3 0 0 8 3 41 3 3 1 1.354183 0.000000 
40 2 1 0 3 1 0 0 3 13 35 1 1 1 0.880682 0.000000 
40 2 0 1 2 0 0 0 6 8 41 3 3 1 0.986317 0.000000 
40 2 0 1 1 1 1 1 5 5 1 2 2 1 1.263368 0.000000 
40 2 0 0 0 3 0 1 0 3 6 1 1 1 0.704735 0.000000 
40 2 0 0 0 0 1 1 0 0 0 1 1 1 0.729033 0.000000 
40 2 0 1 2 0 0 0 6 8 41 3 3 1 0.704608 0.000000 
40 2 0 1 1 2 0 1 5 6 8 2 2 1 1.032840 0.000000 
40 2 1 3 3 1 0 1 15 13 14 4 4 1 1.044032 0.000000 
40 2 1 2 0 3 0 0 8 3 41 3 3 1 0.990886 0.000000 
40 2 0 1 1 2 0 1 5 6 8 2 2 1 0.803925 0.000000 
40 2 1 3 3 1 0 1 15 13 14 4 4 1 1.047152 0.000000 
40 2 0 3 1 1 1 0 13 5 26 2 2 1 1.258224 0.000000 
40 2 0 3 1 1 1 0 13 5 26 2 2 1 0.724657 0.000000 
40 2 0 3 1 1 1 0 13 5 26 2 2 1 0.556230 0.000000 
40 2 1 3 3 1 0 1 15 13 14 4 4 1 0.754396 0.000000 
40 2 0 2 0 0 1 0 8 0 22 1 1 1 0.928651 0.000000 
40 2 0 3 1 2 0 0 13 6 51 2 2 1 1.176308 0.000000 
40 2 0 3 3 3 1 1 15 15 3 4 4 1 0.693023 0.000000 
40 2 0 0 0 0 1 1 0 0 0 1 1 1 0.725962 0.000000 
40 2 0 1 2 2 1 0 6 10 20 3 3 1 0.933518 0.000000 
40 2 0 2 2 0 0 1 10 8 10 3 3 1 0.676490 0.000000 
40 2 0 0 3 1 0 0 3 13 35 4 4 1 1.206058 0.000000 
40 2 0 1 1 1 1 1 5 5 1 2 2 1 1.530502 0.000000 
40 2 0 2 2 0 0 1 10 8 10 3 3 1 0.730363 0.000000 
40 2 1 2 2 2 1 1 10 10 2 3 3 1 1.048926 0.000000 
40 2 0 3 3 3 1 1 15 15 3 4 4 1 0.659921 0.000000 
40 2 0 1 1 1 1 1 5 5 1 2 2 1 1.254218 0.000000 
40 2 0 2 0 3 0 0 8 3 41 1 1 1 1.288651 0.000000 
40 2 0 1 1 1 1 1 5 5 1 2 2 1 1.449813 0.000000 
40 2 0 2 0 3 0 0 8 3 41 1 1 1 0.884324 0.000000 
40 2 0 1 1 1 1 1 5 5 1 2 2 1 2.340407 0.000000 
40 2 0 3 1 2 0 0 13 6 51 2 2 1 0.779861 0.000000 
40 2 0 0 3 1 0 0 3 13 35 4 4 1 1.153483 0.000000 
40 2 0 3 1 2 0 0 13 6 51 2 2 1 0.783828 0.000000 
40 2 1 2 0 0 1 0 8 0 22 3 3 1 1.100788 0.000000 
40 2 0 1 2 0 0 0 6 8 41 3 3 1 0.677156 0.000000 
40 2 0 0 0 0 1 1 0 0 0 1 1 1 0.726740 0.000000 
40 2 0 0 0 0 1 1 0 0 0 1 1 1 0.477397 0.000000 
40 2 0 0 3 3 1 0 3 15 18 4 4 1 0.710763 0.000000 
40 2 0 1 1 2 0 1 5 6 8 2 2 1 0.766976 0.000000 
40 2 0 1 2 0 0 0 6 8 41 3 3 1 0.820546 0.000000 
40 2 0 0 3 1 0 0 3 13 35 4 4 1 1.440248 0.000000 
40 2 1 2 0 3 0 0 8 3 41 3 3 1 1.211399 0.000000 
40 2 1 0 0 0 1 1 0 0 0 1 2 0 1.095865 0.000000 
40 2 0 1 2 2 1 0 6 10 20 3 3 1 0.884923 0.000000 
40 2 0 2 2 2 1 1 10 10 2 3 3 1 0.548348 0.000000 
40 2 1 2 0 0 1 0 8 0 22 3 1 0 0.811206 0.000000 
40 2 0 3 1 2 0 0 13 6 51 2 2 1 1.059560 0.000000 
40 2 1 0 0 3 0 1 0 3 6 1 1 1 0.781427 0.000000 
40 2 1 0 0 0 1 1 0 0 0 1 1 1 0.826971 0.000000 
40 2 0 2 0 3 0 0 8 3 41 1 1 1 0.854608 0.000000 
40 2 0 2 0 0 1 0 8 0 22 1 1 1 0.536876 0.000000 
40 2 1 0 3 3 1 0 3 15 18 1 4 0 1.134768 0.000000 
40 2 1 1 2 2 1 0 6 10 20 2 2 1 1.097869 0.000000 
40 2 1 0 3 3 1 0 3 15 18 1 1 1 0.810392 0.000000 
40 2 0 1 2 2 1 0 6 10 20 3 3 1 0.990573 0.000000 
40 2 0 2 0 3 0 0 8 3 41 1 1 1 1.067696 0.000000 
40 2 0 1 2 2 1 0 6 10 20 3 3 1 2.237462 0.000000 
40 2 0 2 2 2 1 1 10 10 2 3 3 1 0.552879 0.000000 
40 2 0 0 3 1 0 0 3 13 35 4 4 1 0.838082 0.000000 
40 2 1 1 1 1 1 1 5 5 1 2 2 1 0.920915 0.000000 
40 2 0 0 3 1 0 0 3 13 35 4 4 1 0.800711 0.000000 
40 2 0 1 2 0 0 0 6 8 41 3 3 1 0.788925 0.000000 
40 2 1 0 3 1 0 0 3 13 35 1 4 0 0.921895 0.000000 
40 2 0 3 3 1 0 1 15 13 14 4 4 1 0.653327 0.000000 
40 2 0 0 3 3 1 0 3 15 18 4 4 1 0.855306 0.000000 
40 2 0 3 3 3 1 1 15 15 3 4 4 1 0.888572 0.000000 
40 2 0 0 0 0 1 1 0 0 0 1 1 1 0.625578 0.000000 
40 2 0 3 3 1 0 1 15 13 14 4 4 1 0.621047 0.000000 
40 2 0 3 3 1 0 1 15 13 14 4 4 1 0.712633 0.000000 
40 2 0 0 3 1 0 0 3 13 35 4 4 1 0.640864 0.000000 
40 2 0 2 0 3 0 0 8 3 41 1 1 1 0.827737 0.000000 
40 2 0 2 2 2 1 1 10 10 2 3 3 1 0.807359 0.000000 
40 2 0 3 3 3 1 1 15 15 3 4 4 1 0.843628 0.000000 
40 2 1 1 1 1 1 1 5 5 1 2 2 1 1.117557 0.000000 
40 2 1 1 2 0 0 0 6 8 41 2 2 1 0.997314 0.000000 
40 2 0 1 1 1 1 1 5 5 1 2 2 1 0.634296 0.000000 
40 2 0 3 3 1 0 1 15 13 14 4 4 1 0.741184 0.000000 
40 2 1 0 0 0 1 1 0 0 0 1 1 1 1.244069 0.000000 
40 2 1 0 0 3 0 1 0 3 6 1 1 1 0.807206 0.000000 
40 2 0 3 1 1 1 0 13 5 26 2 4 0 0.987475 0.000000 
40 2 0 3 1 2 0 0 13 6 51 2 2 1 1.011553 0.000000 
40 2 0 3 3 3 1 1 15 15 3 4 4 1 0.719362 0.000000 
40 2 0 0 0 3 0 1 0 3 6 1 1 1 0.790975 0.000000 
40 2 0 0 3 1 0 0 3 13 35 4 4 1 0.715900 0.000000 
40 2 0 0 3 1 0 0 3 13 35 4 4 1 0.579945 0.000000 
40 2 0 2 2 2 1 1 10 10 2 3 3 1 1.048937 0.000000 
40 2 1 1 1 1 1 1 5 5 1 2 2 1 1.515913 0.000000 
40 2 0 0 3 3 1 0 3 15 18 4 4 1 0.891139 0.000000 
40 2 0 1 2 2 1 0 6 10 20 3 3 1 0.987891 0.000000 
40 2 0 2 2 0 0 1 10 8 10 3 3 1 0.872891 0.000000 
40 2 0 1 1 2 0 1 5 6 8 2 2 1 0.834507 0.000000 
40 2 1 1 2 0 0 0 6 8 41 2 2 1 1.261486 0.000000 
40 2 0 1 2 0 0 0 6 8 41 3 2 0 0.615919 0.000000 
40 2 0 3 3 1 0 1 15 13 14 4 4 1 0.671010 0.000000 
40 2 1 0 3 3 1 0 3 15 18 1 1 1 1.352161 0.000000 
40 2 1 0 0 0 1 1 0 0 0 1 1 1 0.942692 0.000000 
40 2 0 2 0 3 0 0 8 3 41 1 1 1 0.829675 0.000000 
40 2 0 2 2 0 0 1 10 8 10 3 3 1 0.777290 0.000000 
40 2 1 3 3 3 1 1 15 15 3 4 4 1 1.134897 0.000000 
40 2 0 2 2 0 0 1 10 8 10 3 3 1 0.885968 0.000000 
40 2 0 3 3 3 1 1 15 15 3 4 4 1 0.654940 0.000000 
40 2 0 2 0 3 0 0 8 3 41 1 3 0 0.872112 0.000000 
40 2 0 0 0 3 0 1 0 3 6 1 1 1 0.821822 0.000000 
40 2 1 0 3 3 1 0 3 15 18 1 1 1 1.064953 0.000000 
40 2 0 0 0 3 0 1 0 3 6 1 1 1 0.715335 0.000000 
40 2 0 3 1 1 1 0 13 5 26 2 2 1 1.451585 0.000000 
40 2 1 3 1 2 0 0 13 6 51 4 4 1 1.558040 0.000000 
40 2 0 2 0 3 0 0 8 3 41 1 1 1 1.260668 0.000000 
40 2 0 2 0 0 1 0 8 0 22 1 1 1 0.629984 0.000000 
40 3 0 3 3 1 0 1 15 13 14 4 4 1 1.728359 0.000000 
40 3 1 0 0 3 0 1 0 3 6 1 1 1 1.040412 0.000000 
40 3 0 0 0 0 1 1 0 0 0 1 1 1 0.691446 0.000000 
40 3 0 2 2 2 1 1 10 10 2 3 3 1 1.259330 0.000000 
40 3 1 2 2 2 1 1 10 10 2 3 3 1 0.805777 0.000000 
40 3 0 0 0 0 1 1 0 0 0 1 1 1 0.714100 0.000000 
40 3 1 3 3 1 0 1 15 13 14 4 4 1 0.594314 0.000000 
40 3 0 3 1 1 1 0 13 5 26 2 3 0 1.159181 0.000000 
40 3 0 1 2 0 0 0 6 8 41 3 3 1 1.585639 0.000000 
40 3 0 0 3 3 1 0 3 15 18 4 4 1 0.902346 0.000000 
40 3 0 2 0 3 0 0 8 3 41 1 1 1 0.773593 0.000000 
40 3 0 1 1 2 0 1 5 6 8 2 3 0 0.859277 0.000000 
40 3 0 1 1 1 1 1 5 5 1 2 2 1 0.713589 0.000000 
40 3 1 3 1 1 1 0 13 5 26 4 4 1 1.185345 0.000000 
40 3 1 2 0 3 0 0 8 3 41 3 3 1 1.318436 0.000000 
40 3 0 0 3 3 1 0 3 15 18 4 4 1 0.942232 0.000000 
40 3 1 1 2 0 0 0 6 8 41 2 3 0 0.948231 0.000000 
40 3 0 2 0 0 1 0 8 0 22 1 1 1 0.991003 0.000000 
40 3 1 2 2 0 0 1 10 8 10 3 3 1 1.243779 0.000000 
40 3 0 3 3 3 1 1 15 15 3 4 4 1 0.670889 0.000000 
40 3 0 0 3 3 1 0 3 15 18 4 4 1 0.648452 0.000000 
40 3 0 0 0 3 0 1 0 3 6 1 1 1 0.779284 0.000000 
40 3 0 1 1 1 1 1 5 5 1 2 2 1 0.992903 0.000000 
40 3 0 3 3 1 0 1 15 13 14 4 4 1 0.676995 0.000000 
40 3 0 3 1 1 1 0 13 5 26 2 4 0 0.662455 0.000000 
40 3 0 2 0 3 0 0 8 3 41 1 1 1 0.908471 0.000000 
40 3 0 1 2 2 1 0 6 10 20 3 3 1 1.260551 0.000000 
40 3 0 3 3 1 0 1 15 13 14 4 4 1 0.790990 0.000000 
40 3 1 2 0 3 0 0 8 3 41 3 3 1 1.099916 0.000000 
40 3 0 0 0 3 0 1 0 3 6 1 1 1 0.804324 0.000000 
40 3 0 1 2 0 0 0 6 8 41 3 3 1 0.832583 0.000000 
40 3 0 3 3 1 0 1 15 13 14 4 4 1 0.658978 0.000000 
40 3 1 1 1 1 1 1 5 5 1 2 2 1 0.980783 0.000000 
40 3 0 0 3 3 1 0 3 15 18 4 4 1 1.042448 0.000000 
40 3 0 2 2 0 0 1 10 8 10 3 3 1 1.069472 0.000000 
40 3 0 0 0 3 0 1 0 3 6 1 1 1 1.215192 0.000000 
40 3 0 1 2 0 0 0 6 8 41 3 3 1 0.763608 0.000000 
40 3 0 3 3 3 1 1 15 15 3 4 4 1 0.769844 0.000000 
40 3 0 0 0 0 1 1 0 0 0 1 1 1 0.822473 0.000000 
40 3 0 2 2 2 1 1 10 10 2 3 3 1 1.025999 0.000000 
40 3 0 2 2 0 0 1 10 8 10 3 3 1 0.717732 0.000000 
40 3 1 0 0 0 1 1 0 0 0 1 1 1 1.005310 0.000000 
40 3 0 3 1 2 0 0 13 6 51 2 2 1 1.065688 0.000000 
40 3 1 0 0 0 1 1 0 0 0 1 1 1 0.843905 0.000000 
40 3 0 2 0 0 1 0 8 0 22 1 1 1 0.950935 0.000000 
40 3 0 2 2 2 1 1 10 10 2 3 3 1 0.764315 0.000000 
40 3 1 3 1 2 0 0 13 6 51 4 4 1 1.114573 0.000000 
40 3 0 1 1 1 1 1 5 5 1 2 1 0 0.802961 0.000000 
40 3 0 0 3 1 0 0 3 13 35 4 4 1 0.851029 0.000000 
40 3 1 3 1 2 0 0 13 6 51 4 4 1 1.173043 0.000000 
40 3 0 1 1 2 0 1 5 6 8 2 2 1 0.770841 0.000000 
40 3 0 2 2 0 0 1 10 8 10 3 3 1 1.024419 0.000000 
40 3 0 1 1 1 1 1 5 5 1 2 2 1 1.115037 0.000000 
40 3 0 3 1 2 0 0 13 6 51 2 2 1 1.187532 0.000000 
40 3 0 3 1 2 0 0 13 6 51 2 2 1 0.632595 0.000000 
40 3 0 3 1 2 0 0 13 6 51 2 2 1 0.691944 0.000000 
40 3 0 3 1 1 1 0 13 5 26 2 2 1 0.732347 0.000000 
40 3 0 2 0 0 1 0 8 0 22 1 1 1 0.915939 0.000000 
40 3 0 3 3 1 0 1 15 13 14 4 4 1 0.828079 0.000000 
40 3 0 1 1 1 1 1 5 5 1 2 2 1 0.807196 0.000000 
40 3 1 3 3 1 0 1 15 13 14 4 4 1 0.922456 0.000000 
40 3 0 0 0 3 0 1 0 3 6 1 1 1 0.746135 0.000000 
40 3 1 0 3 1 0 0 3 13 35 1 1 1 1.609027 0.000000 
40 3 1 2 2 2 1 1 10 10 2 3 3 1 0.893616 0.000000 
40 3 0 2 2 2 1 1 10 10 2 3 3 1 0.710578 0.000000 
40 3 1 2 0 0 1 0 8 0 22 3 3 1 1.046813 0.000000 
40 3 0 1 2 0 0 0 6 8 41 3 3 1 0.825865 0.000000 
40 3 0 0 3 1 0 0 3 13 35 4 4 1 1.140501 0.000000 
40 3 0 2 2 2 1 1 10 10 2 3 3 1 0.659523 0.000000 
40 3 1 2 0 0 1 0 8 0 22 3 3 1 0.917741 0.000000 
40 3 0 3 3 3 1 1 15 15 3 4 4 1 0.765412 0.000000 
40 3 0 0 3 1 0 0 3 13 35 4 4 1 0.563679 0.000000 
40 3 0 1 2 2 1 0 6 10 20 3 3 1 0.937839 0.000000 
40 3 1 3 3 1 0 1 15 13 14 4 4 1 0.903894 0.000000 
40 3 0 2 0 3 0 0 8 3 41 1 1 1 1.280120 0.000000 
40 3 0 3 3 3 1 1 15 15 3 4 4 1 0.785922 0.000000 
40 3 0 2 2 2 1 1 10 10 2 3 3 1 1.054848 0.000000 
40 3 0 0 3 1 0 0 3 13 35 4 4 1 0.681218 0.000000 
40 3 1 1 1 1 1 1 5 5 1 2 2 1 1.074788 0.000000 
40 3 0 2 0 3 0 0 8 3 41 1 1 1 0.812490 0.000000 
40 3 0 3 3 3 1 1 15 15 3 4 4 1 0.655843 0.000000 
40 3 0 2 0 0 1 0 8 0 22 1 1 1 1.497989 0.000000 
40 3 0 0 0 3 0 1 0 3 6 1 1 1 0.851200 0.000000 
40 3 0 3 3 1 0 1 15 13 14 4 4 1 0.725464 0.000000 
40 3 0 3 1 2 0 0 13 6 51 2 1 0 1.309013 0.000000 
40 3 0 3 3 1 0 1 15 13 14 4 4 1 0.737312 0.000000 
40 3 0 3 3 3 1 1 15 15 3 4 4 1 0.623977 0.000000 
40 3 0 3 1 2 0 0 13 6 51 2 2 1 0.851513 0.000000 
40 3 1 2 0 0 1 0 8 0 22 3 3 1 1.540726 0.000000 
40 3 0 0 0 0 1 1 0 0 0 1 1 1 1.036011 0.000000 
40 3 0 3 1 1 1 0 13 5 26 2 2 1 0.975019 0.000000 
40 3 0 1 1 2 0 1 5 6 8 2 2 1 0.772753 0.000000 
40 3 0 0 0 0 1 1 0 0 0 1 1 1 1.122362 0.000000 
40 3 0 0 3 3 1 0 3 15 18 4 4 1 1.906058 0.000000 
40 3 0 3 3 3 1 1 15 15 3 4 4 1 0.633841 0.000000 
40 3 0 2 2 0 0 1 10 8 10 3 3 1 1.260635 0.000000 
40 3 0 2 2 0 0 1 10 8 10 3 3 1 0.735049 0.000000 
40 3 0 2 2 0 0 1 10 8 10 3 3 1 0.549984 0.000000 
40 3 0 0 0 3 0 1 0 3 6 1 1 1 1.140221 0.000000 
40 3 0 0 3 3 1 0 3 15 18 4 4 1 0.819264 0.000000 
40 3 0 0 3 1 0 0 3 13 35 4 4 1 0.702881 0.000000 
40 3 0 2 0 0 1 0 8 0 22 1 1 1 1.287069 0.000000 
40 3 0 2 2 2 1 1 10 10 2 3 3 1 0.879221 0.000000 
40 3 0 2 0 0 1 0 8 0 22 1 1 1 0.632873 0.000000 
40 3 1 3 3 1 0 1 15 13 14 4 4 1 0.659960 0.000000 
40 3 0 2 0 0 1 0 8 0 22 1 1 1 1.685825 0.000000 
40 3 0 1 2 0 0 0 6 8 41 3 3 1 1.590610 0.000000 
40 3 0 2 2 0 0 1 10 8 10 3 3 1 0.643829 0.000000 
40 3 0 0 3 3 1 0 3 15 18 4 4 1 0.869837 0.000000 
40 3 0 2 0 0 1 0 8 0 22 1 1 1 1.431359 0.000000 
40 3 0 1 1 1 1 1 5 5 1 2 2 1 1.411238 0.000000 
40 3 0 3 3 3 1 1 15 15 3 4 4 1 0.591635 0.000000 
40 3 1 3 1 2 0 0 13 6 51 4 4 1 1.308578 0.000000 
40 3 0 0 3 3 1 0 3 15 18 4 4 1 0.709032 0.000000 
40 3 1 1 2 2 1 0 6 10 20 2 2 1 1.117264 0.000000 
40 3 1 1 2 2 1 0 6 10 20 2 2 1 0.700971 0.000000 
40 3 0 1 1 1 1 1 5 5 1 2 2 1 0.796224 0.000000 
40 3 0 0 3 1 0 0 3 13 35 4 1 0 0.833176 0.000000 
40 3 1 1 1 1 1 1 5 5 1 2 2 1 0.976166 0.000000 
40 3 0 2 0 3 0 0 8 3 41 1 4 0 0.757314 0.000000 
40 3 0 1 1 2 0 1 5 6 8 2 2 1 1.095640 0.000000 
40 3 0 2 0 3 0 0 8 3 41 1 1 1 0.952174 0.000000 
40 3 0 2 0 0 1 0 8 0 22 1 1 1 0.662496 0.000000 
40 3 1 0 0 0 1 1 0 0 0 1 1 1 0.871670 0.000000 
40 3 1 2 0 3 0 0 8 3 41 3 3 1 1.857386 0.000000 
40 3 0 0 3 3 1 0 3 15 18 4 4 1 0.676041 0.000000 
40 3 0 1 2 2 1 0 6 10 20 3 3 1 1.485619 0.000000 
40 3 0 3 3 3 1 1 15 15 3 4 4 1 1.622867 0.000000 
40 3 0 2 0 0 1 0 8 0 22 1 1 1 0.921808 0.000000 
40 3 0 1 2 0 0 0 6 8 41 3 3 1 0.873386 0.000000 
40 3 1 0 3 3 1 0 3 15 18 1 1 1 1.539069 0.000000 
40 3 0 3 1 2 0 0 13 6 51 2 2 1 1.466314 0.000000 
40 3 0 1 2 0 0 0 6 8 41 3 3 1 0.820146 0.000000 
40 3 1 0 3 1 0 0 3 13 35 1 1 1 1.191770 0.000000 
40 3 0 3 3 3 1 1 15 15 3 4 4 1 0.652804 0.000000 
40 3 0 1 1 2 0 1 5 6 8 2 2 1 0.855096 0.000000 
40 3 0 0 0 0 1 1 0 0 0 1 1 1 1.080373 0.000000 
40 3 0 1 2 0 0 0 6 8 41 3 3 1 1.362110 0.000000 
40 3 0 0 3 3 1 0 3 15 18 4 4 1 0.856570 0.000000 
40 3 1 0 0 0 1 1 0 0 0 1 1 1 1.130869 0.000000 
40 3 1 1 2 0 0 0 6 8 41 2 2 1 1.522539 0.000000 
40 3 0 2 0 0 1 0 8 0 22 1 1 1 1.266446 0.000000 
40 3 1 2 0 0 1 0 8 0 22 3 3 1 1.099295 0.000000 
40 3 1 0 0 3 0 1 0 3 6 1 1 1 1.219927 0.000000 
40 3 1 1 2 2 1 0 6 10 20 2 2 1 1.023441 0.000000 
40 3 0 3 1 2 0 0 13 6 51 2 2 1 1.067129 0.000000 
40 3 0 0 0 0 1 1 0 0 0 1 1 1 1.436903 0.000000 
40 3 1 1 1 1 1 1 5 5 1 2 2 1 1.088017 0.000000 
40 3 0 1 2 2 1 0 6 10 20 3 3 1 1.937143 0.000000 
40 3 0 3 1 2 0 0 13 6 51 2 3 0 0.799490 0.000000 
40 3 0 0 0 0 1 1 0 0 0 1 1 1 0.695970 0.000000 
40 3 1 0 3 1 0 0 3 13 35 1 4 0 0.808867 0.000000 
40 3 1 0 0 0 1 1 0 0 0 1 1 1 0.545152 0.000000 
40 3 0 1 2 0 0 0 6 8 41 3 3 1 0.871514 0.000000 
40 3 0 2 0 0 1 0 8 0 22 1 1 1 1.385164 0.000000 
40 3 0 3 3 3 1 1 15 15 3 4 4 1 1.349331 0.000000 
40 3 0 1 2 2 1 0 6 10 20 3 2 0 0.756033 0.000000 
40 3 0 3 3 3 1 1 15 15 3 4 4 1 0.942095 0.000000 
40 3 1 2 2 2 1 1 10 10 2 3 3 1 2.644639 0.000000 
40 3 0 3 1 2 0 0 13 6 51 2 2 1 0.968262 0.000000 
40 3 0 1 2 2 1 0 6 10 20 3 4 0 1.093950 0.000000 
40 3 0 1 1 1 1 1 5 5 1 2 2 1 1.514075 0.000000 
40 3 1 0 0 0 1 1 0 0 0 1 1 1 1.514111 0.000000 
40 3 0 1 1 2 0 1 5 6 8 2 2 1 0.954653 0.000000 
40 3 0 3 1 2 0 0 13 6 51 2 2 1 0.800967 0.000000 
40 3 1 1 1 2 0 1 5 6 8 2 2 1 1.461270 0.000000 
40 3 0 2 2 0 0 1 10 8 10 3 3 1 0.991803 0.000000 
40 3 0 1 1 2 0 1 5 6 8 2 2 1 0.716800 0.000000 
40 3 1 3 3 1 0 1 15 13 14 4 4 1 0.995323 0.000000 
40 3 1 1 2 2 1 0 6 10 20 2 2 1 0.888381 0.000000 
40 3 0 2 0 3 0 0 8 3 41 1 1 1 0.953358 0.000000 
40 3 0 1 2 2 1 0 6 10 20 3 3 1 0.903693 0.000000 
40 3 1 0 3 3 1 0 3 15 18 1 4 0 1.080000 0.000000 
40 3 1 0 0 3 0 1 0 3 6 1 1 1 1.077759 0.000000 
40 3 0 1 2 0 0 0 6 8 41 3 3 1 1.391008 0.000000 
40 3 0 1 2 0 0 0 6 8 41 3 3 1 0.635146 0.000000 
40 3 0 2 2 2 1 1 10 10 2 3 3 1 1.110009 0.000000 
40 3 0 0 0 3 0 1 0 3 6 1 1 1 1.134438 0.000000 
40 3 0 0 0 3 0 1 0 3 6 1 1 1 0.653491 0.000000 
40 3 1 3 1 2 0 0 13 6 51 4 4 1 1.503720 0.000000 
40 3 0 3 3 1 0 1 15 13 14 4 4 1 0.728222 0.000000 
40 3 0 2 2 2 1 1 10 10 2 3 3 1 0.911817 0.000000 
40 3 1 0 0 0 1 1 0 0 0 1 1 1 1.335138 0.000000 
40 3 0 3 3 1 0 1 15 13 14 4 4 1 0.678273 0.000000 
40 3 0 3 1 2 0 0 13 6 51 2 2 1 0.831839 0.000000 
40 3 0 2 2 2 1 1 10 10 2 3 3 1 0.867416 0.000000 
40 3 0 0 3 1 0 0 3 13 35 4 4 1 1.229094 0.000000 
40 3 0 1 2 0 0 0 6 8 41 3 3 1 0.760842 0.000000 
40 3 0 1 2 0 0 0 6 8 41 3 3 1 0.574152 0.000000 
40 3 0 3 1 2 0 0 13 6 51 2 4 0 1.115616 0.000000 
40 3 0 1 1 2 0 1 5 6 8 2 2 1 0.608025 0.000000 
40 3 1 1 1 2 0 1 5 6 8 2 2 1 1.107731 0.000000 
40 4 1 1 2 2 1 0 6 10 20 2 1 0 1.959067 0.000000 
40 4 0 3 1 1 1 0 13 5 26 2 2 1 1.009302 0.000000 
40 4 1 0 3 1 0 0 3 13 35 1 4 0 3.557233 0.000000 
40 4 1 3 3 3 1 1 15 15 3 4 4 1 0.880558 0.000000 
40 4 1 1 2 0 0 0 6 8 41 2 2 1 1.264720 0.000000 
40 4 0 2 0 3 0 0 8 3 41 1 1 1 1.203142 0.000000 
40 4 0 1 2 0 0 0 6 8 41 3 3 1 0.959611 0.000000 
40 4 0 1 1 1 1 1 5 5 1 2 2 1 1.101913 0.000000 
40 4 0 3 1 1 1 0 13 5 26 2 2 1 1.134332 0.000000 
40 4 0 2 2 0 0 1 10 8 10 3 3 1 0.861375 0.000000 
40 4 0 1 1 1 1 1 5 5 1 2 2 1 0.775696 0.000000 
40 4 1 2 2 2 1 1 10 10 2 3 3 1 0.956250 0.000000 
40 4 0 1 2 0 0 0 6 8 41 3 3 1 0.746595 0.000000 
40 4 0 0 3 3 1 0 3 15 18 4 4 1 0.609422 0.000000 
40 4 0 1 2 2 1 0 6 10 20 3 3 1 2.341763 0.000000 
40 4 1 0 0 3 0 1 0 3 6 1 1 1 0.917234 0.000000 
40 4 0 3 1 2 0 0 13 6 51 2 2 1 0.860915 0.000000 
40 4 0 1 2 0 0 0 6 8 41 3 3 1 0.895225 0.000000 
40 4 1 2 2 2 1 1 10 10 2 3 3 1 0.847166 0.000000 
40 4 0 1 2 0 0 0 6 8 41 3 3 1 0.650122 0.000000 
40 4 0 1 2 2 1 0 6 10 20 3 3 1 0.620336 0.000000 
40 4 0 0 0 3 0 1 0 3 6 1 1 1 0.767865 0.000000 
40 4 0 0 3 1 0 0 3 13 35 4 4 1 0.749447 0.000000 
40 4 0 0 0 0 1 1 0 0 0 1 1 1 0.635917 0.000000 
40 4 0 2 2 0 0 1 10 8 10 3 3 1 0.766589 0.000000 
40 4 0 2 0 0 1 0 8 0 22 1 2 0 0.804149 0.000000 
40 4 0 1 1 1 1 1 5 5 1 2 2 1 0.691202 0.000000 
40 4 1 0 3 1 0 0 3 13 35 1 1 1 1.171892 0.000000 
40 4 0 3 1 2 0 0 13 6 51 2 2 1 1.233672 0.000000 
40 4 0 3 3 3 1 1 15 15 3 4 4 1 1.140742 0.000000 
40 4 0 1 2 2 1 0 6 10 20 3 3 1 1.459843 0.000000 
40 4 1 1 1 1 1 1 5 5 1 2 2 1 0.750327 0.000000 
40 4 1 1 2 2 1 0 6 10 20 2 2 1 0.836583 0.000000 
40 4 0 0 3 3 1 0 3 15 18 4 1 0 0.782540 0.000000 
40 4 0 0 3 3 1 0 3 15 18 4 4 1 0.711930 0.000000 
40 4 0 3 1 1 1 0 13 5 26 2 2 1 2.712002 0.000000 
40 4 0 2 2 2 1 1 10 10 2 3 1 0 0.736928 0.000000 
40 4 0 0 3 1 0 0 3 13 35 4 4 1 2.900009 0.000000 
40 4 0 1 2 0 0 0 6 8 41 3 3 1 1.547549 0.000000 
40 4 1 3 3 1 0 1 15 13 14 4 4 1 1.058757 0.000000 
40 4 0 2 2 2 1 1 10 10 2 3 3 1 1.037143 0.000000 
40 4 0 3 1 2 0 0 13 6 51 2 2 1 0.976098 0.000000 
40 4 1 3 3 1 0 1 15 13 14 4 4 1 1.181830 0.000000 
40 4 1 2 2 2 1 1 10 10 2 3 3 1 1.707605 0.000000 
40 4 0 2 2 0 0 1 10 8 10 3 3 1 0.716191 0.000000 
40 4 0 0 0 3 0 1 0 3 6 1 1 1 0.955064 0.000000 
40 4 1 0 3 1 0 0 3 13 35 1 1 1 1.217156 0.000000 
40 4 0 2 0 0 1 0 8 0 22 1 1 1 0.956910 0.000000 
40 4 0 1 2 2 1 0 6 10 20 3 3 1 1.155247 0.000000 
40 4 1 1 2 2 1 0 6 10 20 2 3 0 1.585676 0.000000 
40 4 0 1 1 1 1 1 5 5 1 2 2 1 0.746952 0.000000 
40 4 0 2 2 0 0 1 10 8 10 3 3 1 0.744319 0.000000 
40 4 0 2 0 0 1 0 8 0 22 1 1 1 1.087277 0.000000 
40 4 0 3 3 1 0 1 15 13 14 4 3 0 0.728331 0.000000 
40 4 1 3 1 2 0 0 13 6 51 4 4 1 1.203885 0.000000 
40 4 0 2 0 3 0 0 8 3 41 1 1 1 2.039932 0.000000 
40 4 1 1 2 0 0 0 6 8 41 2 2 1 1.091298 0.000000 
40 4 0 1 2 0 0 0 6 8 41 3 3 1 1.555375 0.000000 
40 4 0 2 0 0 1 0 8 0 22 1 1 1 0.961922 0.000000 
40 4 0 1 1 2 0 1 5 6 8 2 2 1 0.800210 0.000000 
40 4 0 3 1 2 0 0 13 6 51 2 2 1 0.812545 0.000000 
40 4 1 2 2 0 0 1 10 8 10 3 3 1 1.224825 0.000000 
40 4 0 3 1 2 0 0 13 6 51 2 2 1 1.204612 0.000000 
40 4 0 1 1 1 1 1 5 5 1 2 2 1 0.745009 0.000000 
40 4 0 0 0 3 0 1 0 3 6 1 1 1 2.118991 0.000000 
40 4 1 1 1 1 1 1 5 5 1 2 2 1 0.799063 0.000000 
40 4 1 3 3 1 0 1 15 13 14 4 4 1 1.115863 0.000000 
40 4 1 0 3 3 1 0 3 15 18 1 1 1 0.947981 0.000000 
40 4 0 0 0 3 0 1 0 3 6 1 1 1 0.730727 0.000000 
40 4 0 3 1 1 1 0 13 5 26 2 2 1 0.834293 0.000000 
40 4 0 2 2 2 1 1 10 10 2 3 3 1 0.813246 0.000000 
40 4 0 2 0 0 1 0 8 0 22 1 1 1 0.745468 0.000000 
40 4 0 1 1 2 0 1 5 6 8 2 2 1 0.887449 0.000000 
40 4 0 3 3 1 0 1 15 13 14 4 3 0 0.632408 0.000000 
40 4 0 3 3 3 1 1 15 15 3 4 4 1 0.559969 0.000000 
40 4 0 3 1 2 0 0 13 6 51 2 2 1 2.093721 0.000000 
40 4 0 0 0 0 1 1 0 0 0 1 1 1 2.055163 0.000000 
40 4 0 0 3 1 0 0 3 13 35 4 4 1 0.865896 0.000000 
40 4 0 2 2 0 0 1 10 8 10 3 3 1 0.810972 0.000000 
40 4 1 2 2 0 0 1 10 8 10 3 3 1 1.246799 0.000000 
40 4 0 0 0 3 0 1 0 3 6 1 1 1 1.073931 0.000000 
40 4 0 1 2 0 0 0 6 8 41 3 3 1 0.819615 0.000000 
40 4 0 3 3 3 1 1 15 15 3 4 4 1 0.575238 0.000000 
40 4 0 3 3 1 0 1 15 13 14 4 4 1 0.572718 0.000000 
40 4 0 3 1 2 0 0 13 6 51 2 2 1 1.746298 0.000000 
40 4 0 3 3 1 0 1 15 13 14 4 4 1 1.032555 0.000000 
40 4 0 3 3 3 1 1 15 15 3 4 4 1 0.748091 0.000000 
40 4 0 3 1 1 1 0 13 5 26 2 2 1 1.458531 0.000000 
40 4 1 0 0 0 1 1 0 0 0 1 1 1 1.205051 0.000000 
40 4 0 0 3 3 1 0 3 15 18 4 4 1 0.873496 0.000000 
40 4 0 0 0 3 0 1 0 3 6 1 4 0 0.675111 0.000000 
40 4 0 0 0 0 1 1 0 0 0 1 1 1 0.568680 0.000000 
40 4 0 2 2 2 1 1 10 10 2 3 3 1 1.236732 0.000000 
40 4 0 1 1 1 1 1 5 5 1 2 2 1 0.695823 0.000000 
40 4 0 3 3 1 0 1 15 13 14 4 4 1 0.720728 0.000000 
40 4 0 2 2 2 1 1 10 10 2 3 3 1 1.424292 0.000000 
40 4 0 0 0 0 1 1 0 0 0 1 1 1 0.868151 0.000000 
40 4 0 3 3 1 0 1 15 13 14 4 4 1 0.677773 0.000000 
40 4 0 3 1 1 1 0 13 5 26 2 2 1 1.095360 0.000000 
40 4 0 2 2 2 1 1 10 10 2 3 3 1 4.415515 0.000000 
40 4 0 3 3 1 0 1 15 13 14 4 4 1 0.628424 0.000000 
40 4 1 3 3 3 1 1 15 15 3 4 4 1 0.911964 0.000000 
40 4 0 3 3 3 1 1 15 15 3 4 4 1 0.464266 0.000000 
40 4 0 2 2 2 1 1 10 10 2 3 3 1 0.674419 0.000000 
40 4 0 1 1 2 0 1 5 6 8 2 2 1 1.227998 0.000000 
40 4 0 0 3 3 1 0 3 15 18 4 1 0 0.702718 0.000000 
40 4 0 1 1 2 0 1 5 6 8 2 2 1 1.075048 0.000000 
40 4 0 3 3 3 1 1 15 15 3 4 4 1 0.748209 0.000000 
40 4 0 1 1 1 1 1 5 5 1 2 2 1 0.691131 0.000000 
40 4 1 2 0 3 0 0 8 3 41 3 3 1 2.052081 0.000000 
40 4 0 2 0 3 0 0 8 3 41 1 1 1 0.958791 0.000000 
40 4 0 2 0 3 0 0 8 3 41 1 1 1 0.693119 0.000000 
40 4 1 2 0 0 1 0 8 0 22 3 3 1 1.149022 0.000000 
40 4 0 1 1 2 0 1 5 6 8 2 2 1 0.827937 0.000000 
40 4 0 3 3 1 0 1 15 13 14 4 4 1 0.647058 0.000000 
40 4 0 0 3 1 0 0 3 13 35 4 4 1 0.577952 0.000000 
40 4 0 1 2 0 0 0 6 8 41 3 3 1 1.191438 0.000000 
40 4 0 1 2 2 1 0 6 10 20 3 3 1 0.820531 0.000000 
40 4 1 0 0 0 1 1 0 0 0 1 1 1 0.847199 0.000000 
40 4 0 1 2 2 1 0 6 10 20 3 3 1 1.450124 0.000000 
40 4 1 3 1 1 1 0 13 5 26 4 2 0 1.348662 0.000000 
40 4 0 1 1 2 0 1 5 6 8 2 2 1 1.095830 0.000000 
40 4 0 1 1 1 1 1 5 5 1 2 2 1 0.680360 0.000000 
40 4 0 0 3 3 1 0 3 15 18 4 4 1 0.849952 0.000000 
40 4 1 2 2 2 1 1 10 10 2 3 3 1 1.300221 0.000000 
40 4 0 0 3 1 0 0 3 13 35 4 4 1 0.772712 0.000000 
40 4 1 0 0 3 0 1 0 3 6 1 1 1 2.433356 0.000000 
40 4 0 1 1 1 1 1 5 5 1 2 2 1 0.716902 0.000000 
40 4 1 3 3 1 0 1 15 13 14 4 4 1 1.220442 0.000000 
40 4 0 2 2 2 1 1 10 10 2 3 3 1 1.312236 0.000000 
40 4 0 2 0 3 0 0 8 3 41 1 2 0 0.808702 0.000000 
40 4 0 0 3 1 0 0 3 13 35 4 4 1 0.913022 0.000000 
40 4 0 2 0 0 1 0 8 0 22 1 1 1 0.879844 0.000000 
40 4 0 1 2 2 1 0 6 10 20 3 3 1 1.105480 0.000000 
40 4 0 2 2 2 1 1 10 10 2 3 3 1 0.769838 0.000000 
40 4 1 1 2 0 0 0 6 8 41 2 2 1 2.647525 0.000000 
40 4 0 0 3 3 1 0 3 15 18 4 4 1 0.731120 0.000000 
40 4 0 0 3 1 0 0 3 13 35 4 4 1 0.682713 0.000000 
40 4 0 0 3 3 1 0 3 15 18 4 4 1 0.540070 0.000000 
40 4 0 2 0 3 0 0 8 3 41 1 1 1 1.865463 0.000000 
40 4 0 1 2 2 1 0 6 10 20 3 3 1 0.787952 0.000000 
40 4 0 0 3 1 0 0 3 13 35 4 4 1 0.744391 0.000000 
40 4 0 2 2 0 0 1 10 8 10 3 3 1 0.927303 0.000000 
40 4 0 1 1 2 0 1 5 6 8 2 2 1 0.870912 0.000000 
40 4 0 0 3 1 0 0 3 13 35 4 4 1 0.864591 0.000000 
40 4 0 0 0 0 1 1 0 0 0 1 1 1 1.161928 0.000000 
40 4 1 2 0 0 1 0 8 0 22 3 3 1 1.360287 0.000000 
40 4 0 0 3 1 0 0 3 13 35 4 4 1 0.806783 0.000000 
40 4 0 0 0 3 0 1 0 3 6 1 3 0 0.867067 0.000000 
40 4 1 2 2 2 1 1 10 10 2 3 3 1 0.920731 0.000000 
40 4 1 2 0 0 1 0 8 0 22 3 3 1 1.471888 0.000000 
40 4 0 3 3 1 0 1 15 13 14 4 4 1 0.761740 0.000000 
40 4 1 0 0 0 1 1 0 0 0 1 1 1 0.894969 0.000000 
40 4 1 0 3 1 0 0 3 13 35 1 1 1 0.847981 0.000000 
40 4 0 1 1 1 1 1 5 5 1 2 2 1 0.762935 0.000000 
40 4 0 1 2 0 0 0 6 8 41 3 3 1 1.097194 0.000000 
40 4 0 0 3 3 1 0 3 15 18 4 4 1 0.690247 0.000000 
40 4 0 1 2 0 0 0 6 8 41 3 3 1 1.675148 0.000000 
40 4 0 3 1 1 1 0 13 5 26 2 2 1 0.901057 0.000000 
40 4 0 3 3 3 1 1 15 15 3 4 4 1 2.028373 0.000000 
40 4 1 0 0 3 0 1 0 3 6 1 1 1 2.024522 0.000000 
40 4 0 0 3 1 0 0 3 13 35 4 1 0 0.620581 0.000000 
40 4 0 1 2 0 0 0 6 8 41 3 3 1 0.940160 0.000000 
40 4 0 2 2 0 0 1 10 8 10 3 3 1 0.634655 0.000000 
40 4 0 1 1 2 0 1 5 6 8 2 2 1 2.389597 0.000000 
40 4 1 0 0 0 1 1 0 0 0 1 1 1 1.098093 0.000000 
40 4 1 2 0 0 1 0 8 0 22 3 3 1 1.627178 0.000000 
40 4 0 3 1 2 0 0 13 6 51 2 2 1 1.015103 0.000000 
40 4 0 2 0 0 1 0 8 0 22 1 1 1 1.539471 0.000000 
40 4 0 2 2 0 0 1 10 8 10 3 3 1 0.866676 0.000000 
40 4 0 3 3 1 0 1 15 13 14 4 4 1 0.788317 0.000000 
40 4 0 3 1 2 0 0 13 6 51 2 2 1 0.929259 0.000000 
40 4 1 0 0 3 0 1 0 3 6 1 1 1 1.119868 0.000000 
40 4 0 2 0 0 1 0 8 0 22 1 1 1 0.919596 0.000000 
40 4 0 2 2 2 1 1 10 10 2 3 3 1 0.823264 0.000000 
40 4 0 3 1 1 1 0 13 5 26 2 2 1 2.450956 0.000000 
40 4 0 1 1 2 0 1 5 6 8 2 2 1 0.701809 0.000000 
40 4 1 3 1 1 1 0 13 5 26 4 4 1 1.182068 0.000000 
40 4 0 3 1 1 1 0 13 5 26 2 2 1 0.970801 0.000000 
40 4 0 2 0 0 1 0 8 0 22 1 1 1 1.168497 0.000000 
40 4 0 3 3 3 1 1 15 15 3 4 4 1 0.862255 0.000000 
40 4 0 0 0 3 0 1 0 3 6 1 1 1 0.920536 0.000000 
40 4 1 2 2 0 0 1 10 8 10 3 3 1 1.280198 0.000000 
40 4 1 0 3 1 0 0 3 13 35 1 4 0 1.170003 0.000000 
40 4 0 1 1 2 0 1 5 6 8 2 2 1 0.795518 0.000000 
40 4 1 3 1 1 1 0 13 5 26 4 4 1 1.351225 0.000000 
40 4 0 2 0 0 1 0 8 0 22 1 1 1 1.421714 0.000000 
40 4 0 3 3 3 1 1 15 15 3 4 4 1 0.801561 0.000000 
40 4 0 3 1 1 1 0 13 5 26 2 1 0 1.045749 0.000000 
40 4 1 2 0 3 0 0 8 3 41 3 3 1 1.476925 0.000000 
40 4 1 0 0 3 0 1 0 3 6 1 1 1 1.102265 0.000000 
40 4 1 1 1 1 1 1 5 5 1 2 2 1 1.317668 0.000000 
