37 1 1 0 2 2 1 0 2 10 17 1 1 1 1.567506 0.000000 
37 1 0 2 0 2 0 0 8 2 99 1 1 1 1.252254 0.000000 
37 1 0 0 0 0 1 1 0 0 0 1 1 1 0.718753 0.000000 
37 1 1 0 0 0 1 1 0 0 0 1 1 1 0.990296 0.000000 
37 1 0 3 3 1 0 1 15 13 14 4 4 1 0.843401 0.000000 
37 1 0 1 1 1 1 1 5 5 1 2 2 1 0.734423 0.000000 
37 1 0 1 3 3 1 0 7 15 21 4 4 1 0.549343 0.000000 
37 1 0 1 1 1 1 1 5 5 1 2 2 1 0.532017 0.000000 
37 1 0 2 0 2 0 0 8 2 99 1 1 1 0.995069 0.000000 
37 1 0 3 3 3 1 1 15 15 3 4 4 1 0.639118 0.000000 
37 1 0 1 1 3 0 1 5 7 9 2 2 1 0.690020 0.000000 
37 1 0 2 0 2 0 0 8 2 99 1 1 1 0.930905 0.000000 
37 1 1 0 2 2 1 0 2 10 17 1 1 1 0.962628 0.000000 
37 1 0 3 3 1 0 1 15 13 14 4 4 1 0.640969 0.000000 
37 1 0 2 0 0 1 0 8 0 22 1 1 1 0.787886 0.000000 
37 1 1 1 3 3 1 0 7 15 21 2 2 1 1.344888 0.000000 
37 1 0 2 2 0 0 1 10 8 10 3 3 1 0.887063 0.000000 
37 1 0 2 2 2 1 1 10 10 2 3 3 1 0.776039 0.000000 
37 1 1 3 1 3 0 0 13 7 99 4 4 1 0.765679 0.000000 
37 1 0 0 2 2 1 0 2 10 17 3 3 1 2.756052 0.000000 
37 1 1 1 1 3 0 1 5 7 9 2 2 1 1.563126 0.000000 
37 1 0 3 1 1 1 0 13 5 26 2 2 1 1.553752 0.000000 
37 1 0 0 2 2 1 0 2 10 17 3 3 1 1.159409 0.000000 
37 1 0 2 0 2 0 0 8 2 99 1 1 1 0.741805 0.000000 
37 1 0 3 3 3 1 1 15 15 3 4 4 1 0.612757 0.000000 
37 1 0 0 0 0 1 1 0 0 0 1 1 1 0.729000 0.000000 
37 1 0 0 2 0 0 0 2 8 31 3 3 1 0.736640 0.000000 
37 1 0 1 3 1 0 0 7 13 45 4 4 1 0.991575 0.000000 
37 1 0 1 1 3 0 1 5 7 9 2 2 1 0.732531 0.000000 
37 1 0 1 1 3 0 1 5 7 9 2 2 1 0.732031 0.000000 
37 1 0 2 2 2 1 1 10 10 2 3 3 1 0.818131 0.000000 
37 1 0 2 2 2 1 1 10 10 2 3 3 1 0.653759 0.000000 
37 1 0 0 2 0 0 0 2 8 31 3 3 1 0.824022 0.000000 
37 1 0 3 1 1 1 0 13 5 26 2 2 1 0.963789 0.000000 
37 1 0 2 0 0 1 0 8 0 22 1 1 1 0.786032 0.000000 
37 1 0 2 0 2 0 0 8 2 99 1 1 1 0.782932 0.000000 
37 1 1 2 0 0 1 0 8 0 22 3 3 1 1.660002 0.000000 
37 1 0 2 2 0 0 1 10 8 10 3 3 1 0.869638 0.000000 
37 1 0 3 3 3 1 1 15 15 3 4 4 1 0.839289 0.000000 
37 1 0 0 2 0 0 0 2 8 31 3 3 1 0.714342 0.000000 
37 1 0 3 1 1 1 0 13 5 26 2 2 1 1.074608 0.000000 
37 1 1 3 3 1 0 1 15 13 14 4 4 1 1.284316 0.000000 
37 1 0 1 3 3 1 0 7 15 21 4 2 0 0.909527 0.000000 
37 1 1 2 2 2 1 1 10 10 2 3 3 1 1.345652 0.000000 
37 1 0 1 1 3 0 1 5 7 9 2 2 1 0.815681 0.000000 
37 1 0 2 2 0 0 1 10 8 10 3 3 1 0.819807 0.000000 
37 1 0 3 3 3 1 1 15 15 3 4 4 1 0.687581 0.000000 
37 1 1 0 0 0 1 1 0 0 0 1 1 1 1.320489 0.000000 
37 1 1 3 1 3 0 0 13 7 99 4 4 1 1.120360 0.000000 
37 1 0 2 2 0 0 1 10 8 10 3 3 1 0.680134 0.000000 
37 1 0 1 1 1 1 1 5 5 1 2 2 1 0.649703 0.000000 
37 1 0 3 3 1 0 1 15 13 14 4 4 1 0.666972 0.000000 
37 1 0 1 3 3 1 0 7 15 21 4 4 1 2.132595 0.000000 
37 1 1 2 0 2 0 0 8 2 99 3 3 1 1.324055 0.000000 
37 1 1 3 3 3 1 1 15 15 3 4 4 1 0.811932 0.000000 
37 1 0 2 0 0 1 0 8 0 22 1 1 1 1.080252 0.000000 
37 1 0 2 2 0 0 1 10 8 10 3 3 1 0.649969 0.000000 
37 1 0 3 3 3 1 1 15 15 3 4 4 1 0.836280 0.000000 
37 1 0 0 2 2 1 0 2 10 17 3 3 1 1.398277 0.000000 
37 1 1 0 0 0 1 1 0 0 0 1 1 1 0.851449 0.000000 
37 1 0 2 0 2 0 0 8 2 99 1 3 0 0.669745 0.000000 
37 1 1 0 0 0 1 1 0 0 0 1 1 1 0.811415 0.000000 
37 1 0 0 0 0 1 1 0 0 0 1 1 1 0.751336 0.000000 
37 1 1 1 1 1 1 1 5 5 1 2 2 1 1.333535 0.000000 
37 1 0 2 2 2 1 1 10 10 2 3 3 1 0.787755 0.000000 
37 1 0 1 3 1 0 0 7 13 45 4 4 1 1.112662 0.000000 
37 1 0 1 1 1 1 1 5 5 1 2 2 1 0.785142 0.000000 
37 1 1 3 3 1 0 1 15 13 14 4 4 1 1.278112 0.000000 
37 1 0 2 0 2 0 0 8 2 99 1 1 1 0.879920 0.000000 
37 1 1 1 3 1 0 0 7 13 45 2 2 1 1.121593 0.000000 
37 1 0 3 3 1 0 1 15 13 14 4 4 1 0.609376 0.000000 
37 1 1 3 3 1 0 1 15 13 14 4 4 1 1.037563 0.000000 
37 1 0 0 0 0 1 1 0 0 0 1 1 1 0.863645 0.000000 
37 1 1 0 0 2 0 1 0 2 5 1 1 1 0.721935 0.000000 
37 1 0 3 3 3 1 1 15 15 3 4 4 1 0.553577 0.000000 
37 1 1 3 1 1 1 0 13 5 26 4 4 1 0.815791 0.000000 
37 1 0 2 2 0 0 1 10 8 10 3 3 1 0.659971 0.000000 
37 1 1 3 1 1 1 0 13 5 26 4 4 1 0.789708 0.000000 
37 1 0 3 3 1 0 1 15 13 14 4 4 1 0.650634 0.000000 
37 1 0 3 3 3 1 1 15 15 3 4 4 1 0.500894 0.000000 
37 1 0 3 3 1 0 1 15 13 14 4 4 1 0.556110 0.000000 
37 1 0 0 2 0 0 0 2 8 31 3 3 1 0.706306 0.000000 
37 1 1 0 2 0 0 0 2 8 31 1 1 1 1.082573 0.000000 
37 1 0 0 0 2 0 1 0 2 5 1 3 0 0.675910 0.000000 
37 1 0 1 3 3 1 0 7 15 21 4 2 0 1.184992 0.000000 
37 1 1 3 3 1 0 1 15 13 14 4 4 1 1.009694 0.000000 
37 1 1 0 0 2 0 1 0 2 5 1 1 1 1.053872 0.000000 
37 1 1 1 1 3 0 1 5 7 9 2 2 1 1.191306 0.000000 
37 1 0 1 1 3 0 1 5 7 9 2 2 1 0.620408 0.000000 
37 1 0 1 3 3 1 0 7 15 21 4 4 1 0.687939 0.000000 
37 1 0 3 1 3 0 0 13 7 99 2 4 0 0.528877 0.000000 
37 1 0 0 2 2 1 0 2 10 17 3 3 1 1.460278 0.000000 
37 1 0 0 0 2 0 1 0 2 5 1 1 1 0.582523 0.000000 
37 1 0 2 2 2 1 1 10 10 2 3 3 1 0.635952 0.000000 
37 1 0 3 3 3 1 1 15 15 3 4 4 1 0.597291 0.000000 
37 1 0 1 1 3 0 1 5 7 9 2 2 1 0.650172 0.000000 
37 1 0 3 1 3 0 0 13 7 99 2 2 1 0.796507 0.000000 
37 1 0 3 3 1 0 1 15 13 14 4 4 1 0.617447 0.000000 
37 1 1 1 1 1 1 1 5 5 1 2 2 1 2.061059 0.000000 
37 1 0 2 0 2 0 0 8 2 99 1 1 1 1.007816 0.000000 
37 1 0 0 2 0 0 0 2 8 31 3 3 1 0.812268 0.000000 
37 1 0 1 1 1 1 1 5 5 1 2 2 1 0.655537 0.000000 
37 1 0 3 3 1 0 1 15 13 14 4 4 1 0.617785 0.000000 
37 1 1 3 1 1 1 0 13 5 26 4 2 0 0.861361 0.000000 
37 1 0 1 1 1 1 1 5 5 1 2 2 1 0.763449 0.000000 
37 1 0 0 0 0 1 1 0 0 0 1 1 1 0.737545 0.000000 
37 1 0 2 0 2 0 0 8 2 99 1 3 0 0.664411 0.000000 
37 1 0 2 2 2 1 1 10 10 2 3 3 1 0.686513 0.000000 
37 1 1 1 3 3 1 0 7 15 21 2 2 1 1.318241 0.000000 
37 1 0 2 2 2 1 1 10 10 2 3 3 1 1.246016 0.000000 
37 1 1 3 3 3 1 1 15 15 3 4 4 1 0.785209 0.000000 
37 1 0 0 2 2 1 0 2 10 17 3 3 1 0.766193 0.000000 
37 1 0 3 1 1 1 0 13 5 26 2 2 1 0.732071 0.000000 
37 1 1 2 0 2 0 0 8 2 99 3 3 1 1.363402 0.000000 
37 1 0 1 1 3 0 1 5 7 9 2 2 1 0.849965 0.000000 
37 1 1 0 2 2 1 0 2 10 17 1 1 1 0.923285 0.000000 
37 1 0 1 3 3 1 0 7 15 21 4 4 1 1.138978 0.000000 
37 1 0 1 1 3 0 1 5 7 9 2 2 1 0.674094 0.000000 
37 1 0 2 2 0 0 1 10 8 10 3 3 1 0.635613 0.000000 
37 1 0 1 1 1 1 1 5 5 1 2 2 1 0.686601 0.000000 
37 1 0 1 3 1 0 0 7 13 45 4 2 0 0.663504 0.000000 
37 1 1 3 1 1 1 0 13 5 26 4 4 1 0.885506 0.000000 
37 1 0 1 3 3 1 0 7 15 21 4 2 0 0.702267 0.000000 
37 1 1 3 1 3 0 0 13 7 99 4 2 0 0.945346 0.000000 
37 1 0 0 2 0 0 0 2 8 31 3 3 1 0.755941 0.000000 
37 1 0 2 2 2 1 1 10 10 2 3 3 1 1.266001 0.000000 
37 1 1 3 3 3 1 1 15 15 3 4 4 1 0.732032 0.000000 
37 1 1 0 2 2 1 0 2 10 17 1 1 1 0.931453 0.000000 
37 1 0 0 2 2 1 0 2 10 17 3 3 1 0.923104 0.000000 
37 1 0 1 1 3 0 1 5 7 9 2 2 1 0.674811 0.000000 
37 1 0 2 2 2 1 1 10 10 2 3 3 1 0.643354 0.000000 
37 1 0 0 2 0 0 0 2 8 31 3 3 1 0.670325 0.000000 
37 1 0 2 2 2 1 1 10 10 2 3 3 1 0.671883 0.000000 
37 1 0 0 0 2 0 1 0 2 5 1 1 1 0.697491 0.000000 
37 1 0 0 0 0 1 1 0 0 0 1 1 1 0.658362 0.000000 
37 1 0 2 0 2 0 0 8 2 99 1 1 1 0.812657 0.000000 
37 1 1 1 3 1 0 0 7 13 45 2 2 1 0.824900 0.000000 
37 1 0 1 3 3 1 0 7 15 21 4 4 1 0.883598 0.000000 
37 1 1 1 3 3 1 0 7 15 21 2 2 1 1.204556 0.000000 
37 1 0 3 1 3 0 0 13 7 99 2 4 0 0.537042 0.000000 
37 1 0 3 1 3 0 0 13 7 99 2 2 1 0.915730 0.000000 
37 1 0 0 0 0 1 1 0 0 0 1 1 1 0.859895 0.000000 
37 1 0 1 1 3 0 1 5 7 9 2 2 1 0.742181 0.000000 
37 1 1 1 3 3 1 0 7 15 21 2 2 1 1.157161 0.000000 
37 1 0 0 2 0 0 0 2 8 31 3 3 1 0.739594 0.000000 
37 1 0 2 2 2 1 1 10 10 2 3 3 1 0.609525 0.000000 
37 1 1 3 1 1 1 0 13 5 26 4 4 1 1.413720 0.000000 
37 1 1 1 3 1 0 0 7 13 45 2 2 1 1.298322 0.000000 
37 1 0 0 2 0 0 0 2 8 31 3 3 1 1.131511 0.000000 
37 1 0 0 2 2 1 0 2 10 17 3 3 1 0.675341 0.000000 
37 1 0 0 2 0 0 0 2 8 31 3 3 1 0.564789 0.000000 
37 1 0 1 3 1 0 0 7 13 45 4 2 0 0.843076 0.000000 
37 1 1 3 1 1 1 0 13 5 26 4 4 1 0.768795 0.000000 
37 1 1 2 0 0 1 0 8 0 22 3 3 1 1.102078 0.000000 
37 1 0 0 2 2 1 0 2 10 17 3 3 1 0.693958 0.000000 
37 1 0 0 2 0 0 0 2 8 31 3 3 1 0.606908 0.000000 
37 1 0 0 2 0 0 0 2 8 31 3 3 1 0.539140 0.000000 
37 1 0 0 0 2 0 1 0 2 5 1 1 1 0.713978 0.000000 
37 1 1 3 3 1 0 1 15 13 14 4 4 1 1.042231 0.000000 
37 1 0 2 0 0 1 0 8 0 22 1 3 0 0.764375 0.000000 
37 1 0 1 1 3 0 1 5 7 9 2 2 1 1.038430 0.000000 
37 1 0 2 2 2 1 1 10 10 2 3 3 1 0.641171 0.000000 
37 1 0 0 0 2 0 1 0 2 5 1 1 1 0.676205 0.000000 
37 1 0 2 2 2 1 1 10 10 2 3 3 1 0.637715 0.000000 
37 1 0 1 3 1 0 0 7 13 45 4 4 1 0.960649 0.000000 
37 1 0 0 2 2 1 0 2 10 17 3 3 1 0.847044 0.000000 
37 1 0 1 1 3 0 1 5 7 9 2 2 1 0.745004 0.000000 
37 1 1 3 3 1 0 1 15 13 14 4 4 1 1.127958 0.000000 
37 1 0 1 1 1 1 1 5 5 1 2 2 1 0.879712 0.000000 
37 1 0 3 3 1 0 1 15 13 14 4 4 1 0.777402 0.000000 
37 1 0 2 0 2 0 0 8 2 99 1 1 1 0.879033 0.000000 
37 1 0 3 1 1 1 0 13 5 26 2 2 1 1.232746 0.000000 
37 1 0 2 2 0 0 1 10 8 10 3 3 1 1.076114 0.000000 
37 1 0 2 2 0 0 1 10 8 10 3 3 1 0.733597 0.000000 
37 1 0 1 3 1 0 0 7 13 45 4 4 1 1.019587 0.000000 
37 1 0 1 1 1 1 1 5 5 1 2 2 1 0.703280 0.000000 
37 1 0 2 0 2 0 0 8 2 99 1 1 1 0.855549 0.000000 
37 1 0 2 2 2 1 1 10 10 2 3 3 1 0.641871 0.000000 
37 1 1 2 0 2 0 0 8 2 99 3 3 1 1.268888 0.000000 
37 1 0 2 0 2 0 0 8 2 99 1 1 1 0.958550 0.000000 
37 1 0 3 1 1 1 0 13 5 26 2 2 1 1.325002 0.000000 
37 1 0 0 2 0 0 0 2 8 31 3 3 1 0.739873 0.000000 
37 1 0 0 0 2 0 1 0 2 5 1 1 1 0.714828 0.000000 
37 1 0 0 2 0 0 0 2 8 31 3 3 1 0.699045 0.000000 
37 1 0 3 1 3 0 0 13 7 99 2 2 1 1.099972 0.000000 
37 1 1 1 1 1 1 1 5 5 1 2 2 1 0.876446 0.000000 
37 1 0 0 2 2 1 0 2 10 17 3 1 0 0.734135 0.000000 
37 1 0 1 3 1 0 0 7 13 45 4 4 1 1.232872 0.000000 
37 1 0 3 1 3 0 0 13 7 99 2 2 1 0.754996 0.000000 
37 1 0 3 1 1 1 0 13 5 26 2 2 1 0.832970 0.000000 
37 1 1 2 0 0 1 0 8 0 22 3 3 1 1.019998 0.000000 
37 1 0 2 2 2 1 1 10 10 2 3 3 1 0.735811 0.000000 
37 2 0 1 1 1 1 1 5 5 1 2 2 1 1.743505 0.000000 
37 2 1 0 0 2 0 1 0 2 5 1 1 1 1.446395 0.000000 
37 2 0 1 1 1 1 1 5 5 1 2 2 1 0.633588 0.000000 
37 2 1 0 2 2 1 0 2 10 17 1 1 1 1.004463 0.000000 
37 2 0 1 3 1 0 0 7 13 45 4 2 0 0.760891 0.000000 
37 2 0 2 0 0 1 0 8 0 22 1 1 1 0.881921 0.000000 
37 2 0 2 2 2 1 1 10 10 2 3 3 1 0.715347 0.000000 
37 2 0 0 2 2 1 0 2 10 17 3 3 1 0.923693 0.000000 
37 2 0 1 3 3 1 0 7 15 21 4 4 1 0.843331 0.000000 
37 2 0 3 3 1 0 1 15 13 14 4 4 1 0.582328 0.000000 
37 2 0 1 3 1 0 0 7 13 45 4 4 1 0.899861 0.000000 
37 2 1 2 2 0 0 1 10 8 10 3 3 1 0.740191 0.000000 
37 2 0 3 1 1 1 0 13 5 26 2 2 1 1.034207 0.000000 
37 2 1 0 0 2 0 1 0 2 5 1 1 1 1.333204 0.000000 
37 2 0 1 3 3 1 0 7 15 21 4 4 1 1.092465 0.000000 
37 2 0 0 2 2 1 0 2 10 17 3 3 1 0.829560 0.000000 
37 2 1 0 2 0 0 0 2 8 31 1 1 1 1.273136 0.000000 
37 2 0 0 2 0 0 0 2 8 31 3 3 1 0.858985 0.000000 
37 2 0 2 2 0 0 1 10 8 10 3 3 1 0.685343 0.000000 
37 2 1 0 0 0 1 1 0 0 0 1 1 1 0.998315 0.000000 
37 2 0 2 2 0 0 1 10 8 10 3 3 1 0.762373 0.000000 
37 2 0 2 0 2 0 0 8 2 99 1 1 1 0.736614 0.000000 
37 2 0 1 3 1 0 0 7 13 45 4 4 1 1.063497 0.000000 
37 2 0 3 1 1 1 0 13 5 26 2 2 1 0.745961 0.000000 
37 2 0 3 1 3 0 0 13 7 99 2 2 1 1.008937 0.000000 
37 2 0 0 0 2 0 1 0 2 5 1 3 0 0.653308 0.000000 
37 2 1 2 0 2 0 0 8 2 99 3 3 1 1.106368 0.000000 
37 2 0 1 1 3 0 1 5 7 9 2 2 1 1.018540 0.000000 
37 2 0 3 1 1 1 0 13 5 26 2 2 1 0.750305 0.000000 
37 2 0 2 0 2 0 0 8 2 99 1 1 1 0.828594 0.000000 
37 2 0 3 1 1 1 0 13 5 26 2 2 1 1.216248 0.000000 
37 2 0 0 0 2 0 1 0 2 5 1 3 0 0.707989 0.000000 
37 2 0 2 0 2 0 0 8 2 99 1 1 1 0.752077 0.000000 
37 2 0 3 3 1 0 1 15 13 14 4 4 1 0.861155 0.000000 
37 2 0 0 0 2 0 1 0 2 5 1 1 1 0.831506 0.000000 
37 2 0 3 1 3 0 0 13 7 99 2 2 1 0.867108 0.000000 
37 2 0 3 1 1 1 0 13 5 26 2 2 1 0.748802 0.000000 
37 2 0 3 1 3 0 0 13 7 99 2 2 1 0.763714 0.000000 
37 2 0 3 1 1 1 0 13 5 26 2 2 1 0.618005 0.000000 
37 2 0 3 3 3 1 1 15 15 3 4 4 1 0.637552 0.000000 
37 2 1 0 0 0 1 1 0 0 0 1 1 1 0.760497 0.000000 
37 2 1 1 1 1 1 1 5 5 1 2 2 1 0.685707 0.000000 
37 2 0 1 1 1 1 1 5 5 1 2 2 1 0.558703 0.000000 
37 2 0 3 1 1 1 0 13 5 26 2 2 1 0.620944 0.000000 
37 2 0 1 3 1 0 0 7 13 45 4 4 1 0.800489 0.000000 
37 2 0 2 0 2 0 0 8 2 99 1 1 1 1.148729 0.000000 
37 2 1 0 2 0 0 0 2 8 31 1 1 1 1.219935 0.000000 
37 2 0 2 2 2 1 1 10 10 2 3 3 1 0.663699 0.000000 
37 2 0 2 2 2 1 1 10 10 2 3 3 1 0.529910 0.000000 
37 2 1 2 0 2 0 0 8 2 99 3 3 1 1.096402 0.000000 
37 2 1 3 3 1 0 1 15 13 14 4 4 1 1.089572 0.000000 
37 2 0 2 0 2 0 0 8 2 99 1 1 1 0.930621 0.000000 
37 2 1 0 0 2 0 1 0 2 5 1 1 1 1.002322 0.000000 
37 2 0 2 0 0 1 0 8 0 22 1 1 1 1.062753 0.000000 
37 2 0 0 0 0 1 1 0 0 0 1 1 1 0.553197 0.000000 
37 2 1 1 3 3 1 0 7 15 21 2 2 1 1.094452 0.000000 
37 2 0 2 0 2 0 0 8 2 99 1 1 1 0.927500 0.000000 
37 2 1 0 2 2 1 0 2 10 17 1 1 1 0.855128 0.000000 
37 2 0 3 3 1 0 1 15 13 14 4 4 1 1.025509 0.000000 
37 2 1 0 2 0 0 0 2 8 31 1 1 1 1.045259 0.000000 
37 2 0 0 0 0 1 1 0 0 0 1 1 1 0.736232 0.000000 
37 2 0 0 2 2 1 0 2 10 17 3 3 1 0.679206 0.000000 
37 2 0 2 0 0 1 0 8 0 22 1 1 1 0.752781 0.000000 
37 2 0 1 1 3 0 1 5 7 9 2 2 1 0.790123 0.000000 
37 2 0 2 0 2 0 0 8 2 99 1 1 1 0.715034 0.000000 
37 2 0 3 3 3 1 1 15 15 3 4 4 1 0.747386 0.000000 
37 2 1 3 3 1 0 1 15 13 14 4 4 1 0.986307 0.000000 
37 2 1 0 0 0 1 1 0 0 0 1 1 1 0.887348 0.000000 
37 2 1 1 3 1 0 0 7 13 45 2 4 0 1.160311 0.000000 
37 2 0 1 3 1 0 0 7 13 45 4 2 0 0.658610 0.000000 
37 2 1 3 3 1 0 1 15 13 14 4 4 1 1.032401 0.000000 
37 2 0 3 3 3 1 1 15 15 3 4 4 1 0.562918 0.000000 
37 2 0 1 1 1 1 1 5 5 1 2 2 1 0.617028 0.000000 
37 2 1 3 3 1 0 1 15 13 14 4 4 1 0.852570 0.000000 
37 2 0 3 1 1 1 0 13 5 26 2 2 1 0.870978 0.000000 
37 2 0 3 3 1 0 1 15 13 14 4 4 1 0.672611 0.000000 
37 2 0 2 2 0 0 1 10 8 10 3 1 0 0.802254 0.000000 
37 2 0 1 3 1 0 0 7 13 45 4 4 1 1.114356 0.000000 
37 2 0 1 1 3 0 1 5 7 9 2 2 1 0.649546 0.000000 
37 2 0 2 0 2 0 0 8 2 99 1 3 0 0.587984 0.000000 
37 2 0 1 3 1 0 0 7 13 45 4 2 0 0.796740 0.000000 
37 2 0 2 2 2 1 1 10 10 2 3 3 1 0.724957 0.000000 
37 2 0 1 1 1 1 1 5 5 1 2 2 1 0.644347 0.000000 
37 2 1 0 2 2 1 0 2 10 17 1 1 1 0.983256 0.000000 
37 2 1 2 2 0 0 1 10 8 10 3 3 1 1.180313 0.000000 
37 2 0 0 0 2 0 1 0 2 5 1 1 1 0.873151 0.000000 
37 2 1 1 1 1 1 1 5 5 1 2 2 1 0.762696 0.000000 
37 2 0 1 1 1 1 1 5 5 1 2 2 1 0.576988 0.000000 
37 2 1 3 3 1 0 1 15 13 14 4 4 1 0.654565 0.000000 
37 2 1 3 3 1 0 1 15 13 14 4 4 1 0.704753 0.000000 
37 2 0 2 0 0 1 0 8 0 22 1 1 1 0.945051 0.000000 
37 2 0 3 3 1 0 1 15 13 14 4 4 1 1.008154 0.000000 
37 2 1 3 1 1 1 0 13 5 26 4 4 1 0.900561 0.000000 
37 2 0 0 2 2 1 0 2 10 17 3 3 1 1.187872 0.000000 
37 2 0 2 0 2 0 0 8 2 99 1 1 1 0.912987 0.000000 
37 2 0 3 1 1 1 0 13 5 26 2 2 1 0.969394 0.000000 
37 2 0 3 3 3 1 1 15 15 3 4 4 1 0.479029 0.000000 
37 2 1 0 2 0 0 0 2 8 31 1 3 0 0.728551 0.000000 
37 2 0 3 3 3 1 1 15 15 3 4 4 1 0.635984 0.000000 
37 2 0 2 0 0 1 0 8 0 22 1 1 1 0.934664 0.000000 
37 2 0 1 1 3 0 1 5 7 9 2 2 1 0.900626 0.000000 
37 2 0 1 3 3 1 0 7 15 21 4 4 1 1.405037 0.000000 
37 2 0 2 2 2 1 1 10 10 2 3 3 1 0.729581 0.000000 
37 2 0 0 2 2 1 0 2 10 17 3 3 1 0.793229 0.000000 
37 2 0 3 1 3 0 0 13 7 99 2 2 1 0.966189 0.000000 
37 2 0 0 2 2 1 0 2 10 17 3 3 1 0.684116 0.000000 
37 2 0 0 2 0 0 0 2 8 31 3 3 1 0.612728 0.000000 
37 2 0 0 2 2 1 0 2 10 17 3 3 1 0.575922 0.000000 
37 2 1 3 3 3 1 1 15 15 3 4 4 1 1.173549 0.000000 
37 2 0 2 0 0 1 0 8 0 22 1 1 1 0.683337 0.000000 
37 2 1 3 3 1 0 1 15 13 14 4 4 1 1.156296 0.000000 
37 2 1 3 1 1 1 0 13 5 26 4 4 1 0.778738 0.000000 
37 2 0 1 3 1 0 0 7 13 45 4 4 1 1.032342 0.000000 
37 2 0 0 2 0 0 0 2 8 31 3 3 1 0.811956 0.000000 
37 2 0 1 3 1 0 0 7 13 45 4 4 1 0.902748 0.000000 
37 2 0 2 0 2 0 0 8 2 99 1 1 1 0.863111 0.000000 
37 2 1 2 0 0 1 0 8 0 22 3 3 1 1.657391 0.000000 
37 2 0 2 2 2 1 1 10 10 2 3 3 1 0.820129 0.000000 
37 2 0 1 1 3 0 1 5 7 9 2 2 1 0.815734 0.000000 
37 2 0 0 2 0 0 0 2 8 31 3 3 1 0.699938 0.000000 
37 2 0 1 1 1 1 1 5 5 1 2 2 1 0.732230 0.000000 
37 2 0 2 2 2 1 1 10 10 2 3 3 1 0.659973 0.000000 
37 2 0 2 2 0 0 1 10 8 10 3 3 1 0.853224 0.000000 
37 2 0 3 3 1 0 1 15 13 14 4 4 1 0.639551 0.000000 
37 2 1 1 3 3 1 0 7 15 21 2 4 0 0.898395 0.000000 
37 2 0 2 0 0 1 0 8 0 22 1 1 1 0.807208 0.000000 
37 2 0 0 2 2 1 0 2 10 17 3 3 1 0.587244 0.000000 
37 2 0 0 0 2 0 1 0 2 5 1 1 1 0.688142 0.000000 
37 2 0 0 2 2 1 0 2 10 17 3 3 1 0.777127 0.000000 
37 2 1 0 0 2 0 1 0 2 5 1 1 1 1.021663 0.000000 
37 2 1 2 2 2 1 1 10 10 2 3 3 1 0.825424 0.000000 
37 2 0 3 1 1 1 0 13 5 26 2 4 0 0.989083 0.000000 
37 2 0 0 2 2 1 0 2 10 17 3 3 1 0.797924 0.000000 
37 2 0 3 3 1 0 1 15 13 14 4 4 1 0.754644 0.000000 
37 2 1 2 2 0 0 1 10 8 10 3 3 1 1.192963 0.000000 
37 2 0 1 1 1 1 1 5 5 1 2 2 1 0.861982 0.000000 
37 2 0 3 1 1 1 0 13 5 26 2 2 1 0.607434 0.000000 
37 2 1 0 0 0 1 1 0 0 0 1 1 1 1.107645 0.000000 
37 2 0 3 3 1 0 1 15 13 14 4 4 1 0.876057 0.000000 
37 2 0 3 3 3 1 1 15 15 3 4 4 1 0.621774 0.000000 
37 2 0 0 0 0 1 1 0 0 0 1 3 0 0.849356 0.000000 
37 2 1 1 1 3 0 1 5 7 9 2 2 1 1.120082 0.000000 
37 2 0 0 2 0 0 0 2 8 31 3 3 1 0.743630 0.000000 
37 2 0 0 0 2 0 1 0 2 5 1 1 1 0.638590 0.000000 
37 2 0 2 2 2 1 1 10 10 2 3 3 1 0.688478 0.000000 
37 2 1 0 0 2 0 1 0 2 5 1 1 1 0.897405 0.000000 
37 2 0 3 3 3 1 1 15 15 3 4 4 1 0.546359 0.000000 
37 2 0 2 0 0 1 0 8 0 22 1 1 1 1.401308 0.000000 
37 2 0 0 0 0 1 1 0 0 0 1 1 1 0.869918 0.000000 
37 2 0 3 1 1 1 0 13 5 26 2 2 1 0.727525 0.000000 
37 2 0 2 2 2 1 1 10 10 2 3 3 1 0.647115 0.000000 
37 2 0 0 2 0 0 0 2 8 31 3 3 1 2.145092 0.000000 
37 2 0 1 3 3 1 0 7 15 21 4 2 0 1.008571 0.000000 
37 2 0 3 3 3 1 1 15 15 3 4 4 1 0.512723 0.000000 
37 2 0 1 3 1 0 0 7 13 45 4 4 1 0.720707 0.000000 
37 2 0 1 3 1 0 0 7 13 45 4 4 1 0.512272 0.000000 
37 2 1 1 1 3 0 1 5 7 9 2 2 1 0.720431 0.000000 
37 2 0 3 3 3 1 1 15 15 3 4 4 1 0.520027 0.000000 
37 2 0 1 3 3 1 0 7 15 21 4 4 1 0.462578 0.000000 
37 2 1 1 3 1 0 0 7 13 45 2 2 1 1.320795 0.000000 
37 2 1 1 3 3 1 0 7 15 21 2 2 1 0.856551 0.000000 
37 2 0 3 1 3 0 0 13 7 99 2 2 1 0.962895 0.000000 
37 2 0 1 3 3 1 0 7 15 21 4 4 1 0.817275 0.000000 
37 2 0 0 2 0 0 0 2 8 31 3 3 1 0.764949 0.000000 
37 2 0 2 0 2 0 0 8 2 99 1 1 1 0.635235 0.000000 
37 2 0 2 0 0 1 0 8 0 22 1 1 1 0.630130 0.000000 
37 2 0 0 0 0 1 1 0 0 0 1 1 1 0.480675 0.000000 
37 2 0 3 3 3 1 1 15 15 3 4 4 1 0.634216 0.000000 
37 2 0 0 0 2 0 1 0 2 5 1 1 1 0.613134 0.000000 
37 2 0 0 0 0 1 1 0 0 0 1 1 1 0.505330 0.000000 
37 2 1 3 3 1 0 1 15 13 14 4 4 1 0.753538 0.000000 
37 2 0 2 2 0 0 1 10 8 10 3 3 1 0.687821 0.000000 
37 2 0 1 1 3 0 1 5 7 9 2 2 1 0.768713 0.000000 
37 2 0 0 0 0 1 1 0 0 0 1 1 1 0.917409 0.000000 
37 2 0 2 0 0 1 0 8 0 22 1 1 1 0.509019 0.000000 
37 2 1 1 3 1 0 0 7 13 45 2 2 1 1.245255 0.000000 
37 2 1 1 3 1 0 0 7 13 45 2 2 1 0.736355 0.000000 
37 2 0 1 1 3 0 1 5 7 9 2 2 1 1.191407 0.000000 
37 2 1 1 1 1 1 1 5 5 1 2 2 1 0.988503 0.000000 
37 2 1 2 2 0 0 1 10 8 10 3 3 1 1.105481 0.000000 
37 2 0 1 3 3 1 0 7 15 21 4 4 1 0.914021 0.000000 
37 2 0 2 0 0 1 0 8 0 22 1 1 1 0.729256 0.000000 
37 2 0 1 1 1 1 1 5 5 1 2 2 1 0.648938 0.000000 
37 2 0 2 0 2 0 0 8 2 99 1 1 1 0.731821 0.000000 
37 2 1 3 3 3 1 1 15 15 3 4 4 1 0.779450 0.000000 
37 2 0 1 3 1 0 0 7 13 45 4 4 1 0.769019 0.000000 
37 2 0 2 2 0 0 1 10 8 10 3 3 1 0.726655 0.000000 
37 2 0 3 3 1 0 1 15 13 14 4 4 1 0.670323 0.000000 
37 2 0 0 0 0 1 1 0 0 0 1 1 1 0.558896 0.000000 
37 2 0 2 2 2 1 1 10 10 2 3 3 1 0.653093 0.000000 
37 2 0 1 1 3 0 1 5 7 9 2 2 1 0.607356 0.000000 
37 2 0 2 0 2 0 0 8 2 99 1 1 1 0.659523 0.000000 
37 3 0 2 2 0 0 1 10 8 10 3 3 1 0.746839 0.000000 
37 3 1 1 3 3 1 0 7 15 21 2 4 0 0.801262 0.000000 
37 3 0 0 0 0 1 1 0 0 0 1 1 1 0.721341 0.000000 
37 3 1 3 3 1 0 1 15 13 14 4 4 1 1.024682 0.000000 
37 3 0 3 3 1 0 1 15 13 14 4 4 1 0.851433 0.000000 
37 3 1 1 3 3 1 0 7 15 21 2 2 1 0.869783 0.000000 
37 3 0 0 2 2 1 0 2 10 17 3 3 1 0.799474 0.000000 
37 3 1 1 3 1 0 0 7 13 45 2 2 1 1.275978 0.000000 
37 3 0 3 1 3 0 0 13 7 99 2 2 1 1.021642 0.000000 
37 3 0 1 3 1 0 0 7 13 45 4 4 1 0.737376 0.000000 
37 3 1 1 3 3 1 0 7 15 21 2 2 1 0.848310 0.000000 
37 3 0 2 0 0 1 0 8 0 22 1 1 1 0.651320 0.000000 
37 3 0 3 1 3 0 0 13 7 99 2 2 1 0.756552 0.000000 
37 3 1 2 0 0 1 0 8 0 22 3 3 1 0.874784 0.000000 
37 3 1 1 3 1 0 0 7 13 45 2 2 1 0.924501 0.000000 
37 3 1 3 1 3 0 0 13 7 99 4 4 1 0.948182 0.000000 
37 3 0 1 3 3 1 0 7 15 21 4 2 0 0.675255 0.000000 
37 3 0 3 1 1 1 0 13 5 26 2 2 1 0.680596 0.000000 
37 3 0 0 2 0 0 0 2 8 31 3 3 1 0.729976 0.000000 
37 3 0 1 1 3 0 1 5 7 9 2 2 1 0.776493 0.000000 
37 3 1 1 3 3 1 0 7 15 21 2 2 1 0.950160 0.000000 
37 3 0 2 0 2 0 0 8 2 99 1 1 1 0.788531 0.000000 
37 3 0 1 1 1 1 1 5 5 1 2 2 1 0.705517 0.000000 
37 3 1 3 3 3 1 1 15 15 3 4 4 1 0.937762 0.000000 
37 3 0 1 1 3 0 1 5 7 9 2 2 1 0.768792 0.000000 
37 3 0 1 1 1 1 1 5 5 1 2 2 1 0.606375 0.000000 
37 3 1 3 1 1 1 0 13 5 26 4 4 1 0.770653 0.000000 
37 3 0 3 3 1 0 1 15 13 14 4 4 1 0.847314 0.000000 
37 3 0 3 3 1 0 1 15 13 14 4 4 1 0.602236 0.000000 
37 3 1 3 3 1 0 1 15 13 14 4 4 1 0.774468 0.000000 
37 3 0 2 0 2 0 0 8 2 99 1 1 1 0.796147 0.000000 
37 3 0 0 2 2 1 0 2 10 17 3 3 1 0.729124 0.000000 
37 3 0 2 2 0 0 1 10 8 10 3 3 1 0.656703 0.000000 
37 3 0 0 2 0 0 0 2 8 31 3 3 1 0.546957 0.000000 
37 3 0 2 2 2 1 1 10 10 2 3 3 1 0.568855 0.000000 
37 3 0 2 0 2 0 0 8 2 99 1 1 1 0.598323 0.000000 
37 3 0 1 1 1 1 1 5 5 1 2 2 1 0.747289 0.000000 
37 3 1 0 2 2 1 0 2 10 17 1 1 1 1.098183 0.000000 
37 3 1 0 0 0 1 1 0 0 0 1 1 1 0.755338 0.000000 
37 3 0 3 3 1 0 1 15 13 14 4 4 1 1.113543 0.000000 
37 3 0 0 2 0 0 0 2 8 31 3 3 1 0.730020 0.000000 
37 3 0 2 2 0 0 1 10 8 10 3 3 1 0.665600 0.000000 
37 3 0 1 3 1 0 0 7 13 45 4 2 0 0.803818 0.000000 
37 3 1 3 3 3 1 1 15 15 3 4 4 1 0.834923 0.000000 
37 3 0 2 0 0 1 0 8 0 22 1 1 1 0.709672 0.000000 
37 3 0 1 3 3 1 0 7 15 21 4 4 1 0.965987 0.000000 
37 3 0 0 0 2 0 1 0 2 5 1 1 1 0.819930 0.000000 
37 3 1 2 0 0 1 0 8 0 22 3 3 1 0.935318 0.000000 
37 3 0 0 0 2 0 1 0 2 5 1 1 1 0.806333 0.000000 
37 3 0 0 2 0 0 0 2 8 31 3 3 1 0.697705 0.000000 
37 3 0 1 3 1 0 0 7 13 45 4 4 1 0.922623 0.000000 
37 3 1 2 0 2 0 0 8 2 99 3 3 1 1.114267 0.000000 
37 3 0 1 1 1 1 1 5 5 1 2 2 1 0.626729 0.000000 
37 3 1 0 2 0 0 0 2 8 31 1 3 0 0.790250 0.000000 
37 3 0 3 3 1 0 1 15 13 14 4 4 1 0.767036 0.000000 
37 3 0 1 3 3 1 0 7 15 21 4 4 1 1.212486 0.000000 
37 3 0 1 1 3 0 1 5 7 9 2 2 1 0.640921 0.000000 
37 3 0 1 1 1 1 1 5 5 1 2 2 1 0.658827 0.000000 
37 3 0 0 2 2 1 0 2 10 17 3 1 0 0.805009 0.000000 
37 3 0 0 2 2 1 0 2 10 17 3 3 1 0.957212 0.000000 
37 3 0 3 3 1 0 1 15 13 14 4 4 1 0.755265 0.000000 
37 3 0 3 3 3 1 1 15 15 3 4 4 1 0.681600 0.000000 
37 3 0 2 2 0 0 1 10 8 10 3 3 1 0.651213 0.000000 
37 3 0 3 1 3 0 0 13 7 99 2 2 1 0.789430 0.000000 
37 3 0 0 2 0 0 0 2 8 31 3 3 1 0.673375 0.000000 
37 3 0 2 2 0 0 1 10 8 10 3 3 1 0.650897 0.000000 
37 3 0 0 2 0 0 0 2 8 31 3 3 1 0.589221 0.000000 
37 3 0 1 1 1 1 1 5 5 1 2 2 1 0.698117 0.000000 
37 3 0 2 2 0 0 1 10 8 10 3 3 1 0.627074 0.000000 
37 3 0 0 2 2 1 0 2 10 17 3 3 1 0.654552 0.000000 
37 3 0 0 2 2 1 0 2 10 17 3 3 1 0.552774 0.000000 
37 3 1 1 1 1 1 1 5 5 1 2 2 1 0.951021 0.000000 
37 3 0 3 3 1 0 1 15 13 14 4 4 1 0.589371 0.000000 
37 3 0 2 0 0 1 0 8 0 22 1 1 1 0.849318 0.000000 
37 3 1 3 1 1 1 0 13 5 26 4 4 1 1.332201 0.000000 
37 3 0 1 3 1 0 0 7 13 45 4 4 1 0.875537 0.000000 
37 3 0 3 1 3 0 0 13 7 99 2 2 1 0.637153 0.000000 
37 3 0 3 3 1 0 1 15 13 14 4 4 1 0.703923 0.000000 
37 3 1 2 0 0 1 0 8 0 22 3 3 1 0.824272 0.000000 
37 3 0 3 1 3 0 0 13 7 99 2 2 1 0.900019 0.000000 
37 3 0 2 2 0 0 1 10 8 10 3 3 1 0.739256 0.000000 
37 3 0 1 1 1 1 1 5 5 1 2 2 1 0.706277 0.000000 
37 3 0 1 1 3 0 1 5 7 9 2 2 1 0.634518 0.000000 
37 3 0 0 0 0 1 1 0 0 0 1 1 1 0.773458 0.000000 
37 3 0 2 2 0 0 1 10 8 10 3 3 1 0.691036 0.000000 
37 3 0 3 1 1 1 0 13 5 26 2 2 1 0.699951 0.000000 
37 3 1 2 0 0 1 0 8 0 22 3 3 1 0.876254 0.000000 
37 3 0 1 1 3 0 1 5 7 9 2 2 1 0.597922 0.000000 
37 3 0 2 0 0 1 0 8 0 22 1 1 1 0.833677 0.000000 
37 3 0 2 0 0 1 0 8 0 22 1 1 1 0.516759 0.000000 
37 3 1 3 3 1 0 1 15 13 14 4 4 1 0.956306 0.000000 
37 3 0 0 2 0 0 0 2 8 31 3 3 1 0.730630 0.000000 
37 3 0 0 0 0 1 1 0 0 0 1 1 1 0.674314 0.000000 
37 3 0 1 1 3 0 1 5 7 9 2 2 1 0.627803 0.000000 
37 3 0 0 0 0 1 1 0 0 0 1 1 1 0.735442 0.000000 
37 3 1 3 3 1 0 1 15 13 14 4 4 1 0.725386 0.000000 
37 3 0 3 1 3 0 0 13 7 99 2 4 0 0.724985 0.000000 
37 3 0 0 0 2 0 1 0 2 5 1 3 0 0.648442 0.000000 
37 3 0 0 2 2 1 0 2 10 17 3 3 1 0.638846 0.000000 
37 3 1 2 2 0 0 1 10 8 10 3 3 1 0.841488 0.000000 
37 3 0 2 0 0 1 0 8 0 22 1 1 1 0.716448 0.000000 
37 3 0 3 3 3 1 1 15 15 3 4 4 1 0.732036 0.000000 
37 3 0 3 1 1 1 0 13 5 26 2 2 1 0.562786 0.000000 
37 3 0 2 2 2 1 1 10 10 2 3 3 1 0.752947 0.000000 
37 3 1 0 2 0 0 0 2 8 31 1 3 0 0.911216 0.000000 
37 3 0 1 1 3 0 1 5 7 9 2 2 1 0.843378 0.000000 
37 3 0 3 3 1 0 1 15 13 14 4 4 1 0.678053 0.000000 
37 3 0 0 0 2 0 1 0 2 5 1 1 1 1.095716 0.000000 
37 3 0 3 1 3 0 0 13 7 99 2 2 1 0.840796 0.000000 
37 3 1 0 0 0 1 1 0 0 0 1 1 1 0.899760 0.000000 
37 3 1 1 3 1 0 0 7 13 45 2 2 1 1.011085 0.000000 
37 3 0 2 0 2 0 0 8 2 99 1 1 1 0.799520 0.000000 
37 3 1 1 1 3 0 1 5 7 9 2 2 1 0.812049 0.000000 
37 3 0 2 2 0 0 1 10 8 10 3 3 1 0.792141 0.000000 
37 3 0 0 0 2 0 1 0 2 5 1 1 1 0.661107 0.000000 
37 3 0 2 0 0 1 0 8 0 22 1 1 1 0.799364 0.000000 
37 3 0 0 0 0 1 1 0 0 0 1 1 1 0.595844 0.000000 
37 3 0 3 1 1 1 0 13 5 26 2 2 1 0.696530 0.000000 
37 3 1 3 1 3 0 0 13 7 99 4 4 1 0.928469 0.000000 
37 3 0 0 0 0 1 1 0 0 0 1 1 1 0.776170 0.000000 
37 3 0 1 3 3 1 0 7 15 21 4 4 1 1.565805 0.000000 
37 3 0 0 0 0 1 1 0 0 0 1 1 1 0.716005 0.000000 
37 3 1 3 1 1 1 0 13 5 26 4 4 1 0.939947 0.000000 
37 3 1 3 3 3 1 1 15 15 3 4 4 1 0.683003 0.000000 
37 3 0 1 1 3 0 1 5 7 9 2 2 1 0.835940 0.000000 
37 3 0 3 3 1 0 1 15 13 14 4 4 1 0.685946 0.000000 
37 3 0 1 3 3 1 0 7 15 21 4 4 1 1.879021 0.000000 
37 3 0 3 3 1 0 1 15 13 14 4 4 1 0.640985 0.000000 
37 3 0 1 1 1 1 1 5 5 1 2 2 1 0.643918 0.000000 
37 3 0 0 2 2 1 0 2 10 17 3 3 1 0.774776 0.000000 
37 3 0 0 2 2 1 0 2 10 17 3 3 1 0.628432 0.000000 
37 3 0 2 0 2 0 0 8 2 99 1 1 1 0.719985 0.000000 
37 3 0 2 2 0 0 1 10 8 10 3 3 1 0.718611 0.000000 
37 3 0 2 2 0 0 1 10 8 10 3 3 1 0.622218 0.000000 
37 3 1 1 1 3 0 1 5 7 9 2 2 1 1.129838 0.000000 
37 3 0 2 2 0 0 1 10 8 10 3 3 1 0.985477 0.000000 
37 3 0 1 3 3 1 0 7 15 21 4 4 1 0.926629 0.000000 
37 3 0 2 0 0 1 0 8 0 22 1 1 1 0.710283 0.000000 
37 3 0 2 0 2 0 0 8 2 99 1 1 1 0.614478 0.000000 
37 3 0 0 2 2 1 0 2 10 17 3 3 1 0.825809 0.000000 
37 3 0 3 1 1 1 0 13 5 26 2 2 1 0.781450 0.000000 
37 3 0 1 3 1 0 0 7 13 45 4 4 1 0.811108 0.000000 
37 3 0 0 0 2 0 1 0 2 5 1 1 1 0.631323 0.000000 
37 3 0 3 1 1 1 0 13 5 26 2 2 1 0.738915 0.000000 
37 3 0 0 2 2 1 0 2 10 17 3 3 1 0.857907 0.000000 
37 3 0 1 3 3 1 0 7 15 21 4 4 1 1.052222 0.000000 
37 3 0 2 2 2 1 1 10 10 2 3 3 1 0.662633 0.000000 
37 3 0 1 1 3 0 1 5 7 9 2 2 1 0.728850 0.000000 
37 3 1 1 1 3 0 1 5 7 9 2 2 1 0.695410 0.000000 
37 3 1 2 2 2 1 1 10 10 2 3 3 1 0.720346 0.000000 
37 3 0 3 3 3 1 1 15 15 3 4 4 1 0.567934 0.000000 
37 3 0 1 1 3 0 1 5 7 9 2 2 1 0.637518 0.000000 
37 3 1 2 0 2 0 0 8 2 99 3 3 1 0.816384 0.000000 
37 3 0 1 1 1 1 1 5 5 1 2 2 1 0.692114 0.000000 
37 3 0 2 0 0 1 0 8 0 22 1 1 1 1.084986 0.000000 
37 3 0 0 0 0 1 1 0 0 0 1 1 1 0.621116 0.000000 
37 3 0 0 2 2 1 0 2 10 17 3 3 1 0.576626 0.000000 
37 3 0 0 0 2 0 1 0 2 5 1 1 1 0.606266 0.000000 
37 3 0 1 3 3 1 0 7 15 21 4 2 0 0.626441 0.000000 
37 3 1 0 2 2 1 0 2 10 17 1 3 0 0.793828 0.000000 
37 3 0 2 0 2 0 0 8 2 99 1 1 1 0.834340 0.000000 
37 3 0 0 0 0 1 1 0 0 0 1 1 1 0.717085 0.000000 
37 3 1 2 2 2 1 1 10 10 2 3 3 1 0.875725 0.000000 
37 3 1 2 2 2 1 1 10 10 2 3 3 1 0.629340 0.000000 
37 3 0 3 1 1 1 0 13 5 26 2 2 1 1.000926 0.000000 
37 3 1 1 1 1 1 1 5 5 1 2 2 1 0.837302 0.000000 
37 3 0 3 3 1 0 1 15 13 14 4 4 1 0.672300 0.000000 
37 3 0 0 0 0 1 1 0 0 0 1 1 1 0.657903 0.000000 
37 3 1 0 2 2 1 0 2 10 17 1 1 1 0.876140 0.000000 
37 3 0 0 0 0 1 1 0 0 0 1 1 1 0.749837 0.000000 
37 3 1 3 1 3 0 0 13 7 99 4 4 1 1.171130 0.000000 
37 3 0 2 2 0 0 1 10 8 10 3 3 1 0.768888 0.000000 
37 3 0 0 0 0 1 1 0 0 0 1 1 1 0.670467 0.000000 
37 3 0 3 1 3 0 0 13 7 99 2 2 1 0.944115 0.000000 
37 3 1 2 0 2 0 0 8 2 99 3 3 1 1.039133 0.000000 
37 3 1 0 2 2 1 0 2 10 17 1 1 1 1.202187 0.000000 
37 3 1 0 2 2 1 0 2 10 17 1 1 1 0.558674 0.000000 
37 3 0 2 2 0 0 1 10 8 10 3 3 1 0.940905 0.000000 
37 3 0 3 3 3 1 1 15 15 3 4 4 1 1.186968 0.000000 
37 3 0 3 1 1 1 0 13 5 26 2 2 1 0.776061 0.000000 
37 3 1 1 1 1 1 1 5 5 1 2 2 1 0.933684 0.000000 
37 3 0 1 1 3 0 1 5 7 9 2 2 1 0.860702 0.000000 
37 3 0 2 2 0 0 1 10 8 10 3 3 1 1.191073 0.000000 
37 3 1 3 3 1 0 1 15 13 14 4 4 1 0.692156 0.000000 
37 3 0 2 0 0 1 0 8 0 22 1 1 1 0.781110 0.000000 
37 3 0 1 1 1 1 1 5 5 1 2 2 1 0.753721 0.000000 
37 3 0 1 3 3 1 0 7 15 21 4 4 1 0.776020 0.000000 
37 3 0 2 0 2 0 0 8 2 99 1 1 1 0.773603 0.000000 
37 3 0 3 1 3 0 0 13 7 99 2 2 1 0.771242 0.000000 
37 3 1 2 2 0 0 1 10 8 10 3 3 1 0.896901 0.000000 
37 3 0 0 0 0 1 1 0 0 0 1 1 1 0.665923 0.000000 
37 3 0 3 1 3 0 0 13 7 99 2 2 1 0.804036 0.000000 
37 4 0 0 2 2 1 0 2 10 17 3 3 1 1.294898 0.000000 
37 4 0 3 3 3 1 1 15 15 3 4 4 1 0.734587 0.000000 
37 4 0 0 0 0 1 1 0 0 0 1 1 1 1.253540 0.000000 
37 4 0 1 1 3 0 1 5 7 9 2 2 1 0.743985 0.000000 
37 4 0 1 3 3 1 0 7 15 21 4 4 1 0.614893 0.000000 
37 4 0 3 1 1 1 0 13 5 26 2 2 1 0.507145 0.000000 
37 4 1 1 1 1 1 1 5 5 1 2 2 1 0.819312 0.000000 
37 4 0 2 0 2 0 0 8 2 99 1 1 1 0.782975 0.000000 
37 4 0 1 1 1 1 1 5 5 1 2 2 1 0.619943 0.000000 
37 4 0 1 3 3 1 0 7 15 21 4 4 1 0.631513 0.000000 
37 4 0 2 0 0 1 0 8 0 22 1 1 1 0.730124 0.000000 
37 4 0 3 3 1 0 1 15 13 14 4 4 1 0.665720 0.000000 
37 4 0 3 3 3 1 1 15 15 3 4 4 1 0.595929 0.000000 
37 4 0 0 2 0 0 0 2 8 31 3 3 1 0.664909 0.000000 
37 4 1 2 0 0 1 0 8 0 22 3 3 1 0.763128 0.000000 
37 4 0 3 3 1 0 1 15 13 14 4 4 1 0.657297 0.000000 
37 4 1 3 1 1 1 0 13 5 26 4 2 0 1.283669 0.000000 
37 4 0 3 3 3 1 1 15 15 3 4 4 1 0.711861 0.000000 
37 4 1 3 3 3 1 1 15 15 3 4 4 1 0.903625 0.000000 
37 4 0 0 0 2 0 1 0 2 5 1 3 0 0.679958 0.000000 
37 4 0 1 3 1 0 0 7 13 45 4 4 1 1.069389 0.000000 
37 4 1 1 1 3 0 1 5 7 9 2 2 1 0.870792 0.000000 
37 4 0 0 2 2 1 0 2 10 17 3 3 1 0.824544 0.000000 
37 4 0 1 3 1 0 0 7 13 45 4 4 1 0.812179 0.000000 
37 4 0 0 0 0 1 1 0 0 0 1 1 1 0.695450 0.000000 
37 4 0 1 1 3 0 1 5 7 9 2 2 1 0.880436 0.000000 
37 4 1 3 3 3 1 1 15 15 3 4 4 1 0.906020 0.000000 
37 4 0 3 1 1 1 0 13 5 26 2 2 1 0.906430 0.000000 
37 4 0 2 0 2 0 0 8 2 99 1 1 1 0.834723 0.000000 
37 4 0 2 2 0 0 1 10 8 10 3 3 1 0.829756 0.000000 
37 4 1 2 0 2 0 0 8 2 99 3 3 1 0.969401 0.000000 
37 4 0 2 0 2 0 0 8 2 99 1 1 1 0.774145 0.000000 
37 4 1 2 2 0 0 1 10 8 10 3 3 1 0.683713 0.000000 
37 4 1 1 3 1 0 0 7 13 45 2 2 1 1.244654 0.000000 
37 4 0 0 2 2 1 0 2 10 17 3 3 1 0.783837 0.000000 
37 4 0 3 3 1 0 1 15 13 14 4 4 1 0.652825 0.000000 
37 4 0 1 1 3 0 1 5 7 9 2 2 1 1.679124 0.000000 
37 4 0 2 2 0 0 1 10 8 10 3 3 1 0.736983 0.000000 
37 4 1 1 1 3 0 1 5 7 9 2 2 1 0.990934 0.000000 
37 4 1 0 0 0 1 1 0 0 0 1 1 1 0.876011 0.000000 
37 4 0 3 1 1 1 0 13 5 26 2 2 1 1.373697 0.000000 
37 4 1 1 3 3 1 0 7 15 21 2 2 1 0.763574 0.000000 
37 4 0 2 2 2 1 1 10 10 2 3 3 1 0.601819 0.000000 
37 4 0 3 3 1 0 1 15 13 14 4 4 1 0.654078 0.000000 
37 4 1 3 3 3 1 1 15 15 3 4 4 1 0.704347 0.000000 
37 4 1 2 2 2 1 1 10 10 2 3 3 1 0.648602 0.000000 
37 4 0 2 2 0 0 1 10 8 10 3 3 1 0.666552 0.000000 
37 4 0 1 1 1 1 1 5 5 1 2 2 1 0.612107 0.000000 
37 4 0 1 3 3 1 0 7 15 21 4 4 1 0.648338 0.000000 
37 4 0 0 0 2 0 1 0 2 5 1 1 1 0.739301 0.000000 
37 4 0 3 3 1 0 1 15 13 14 4 4 1 0.618219 0.000000 
37 4 1 3 1 1 1 0 13 5 26 4 4 1 1.029738 0.000000 
37 4 0 3 3 3 1 1 15 15 3 4 4 1 0.625503 0.000000 
37 4 0 0 2 2 1 0 2 10 17 3 3 1 0.901024 0.000000 
37 4 0 3 1 3 0 0 13 7 99 2 2 1 0.684445 0.000000 
37 4 0 1 1 3 0 1 5 7 9 2 2 1 0.581383 0.000000 
37 4 0 0 2 2 1 0 2 10 17 3 3 1 0.706852 0.000000 
37 4 0 2 2 2 1 1 10 10 2 3 3 1 0.787061 0.000000 
37 4 0 0 2 2 1 0 2 10 17 3 3 1 0.552125 0.000000 
37 4 0 0 2 2 1 0 2 10 17 3 3 1 0.550372 0.000000 
37 4 0 0 0 0 1 1 0 0 0 1 1 1 0.820538 0.000000 
37 4 1 0 2 2 1 0 2 10 17 1 1 1 1.024197 0.000000 
37 4 0 3 1 1 1 0 13 5 26 2 2 1 1.418971 0.000000 
37 4 1 2 0 0 1 0 8 0 22 3 3 1 0.910738 0.000000 
37 4 0 0 0 2 0 1 0 2 5 1 3 0 0.647118 0.000000 
37 4 1 0 2 0 0 0 2 8 31 1 1 1 0.973825 0.000000 
37 4 0 1 1 1 1 1 5 5 1 2 2 1 0.683326 0.000000 
37 4 0 0 0 0 1 1 0 0 0 1 1 1 0.756259 0.000000 
37 4 0 1 3 1 0 0 7 13 45 4 4 1 0.802553 0.000000 
37 4 0 2 0 0 1 0 8 0 22 1 1 1 0.797900 0.000000 
37 4 0 2 0 2 0 0 8 2 99 1 1 1 0.810833 0.000000 
37 4 1 1 3 1 0 0 7 13 45 2 2 1 0.855179 0.000000 
37 4 0 3 3 3 1 1 15 15 3 4 4 1 0.625412 0.000000 
37 4 0 3 3 1 0 1 15 13 14 4 4 1 0.693008 0.000000 
37 4 1 3 1 3 0 0 13 7 99 4 4 1 1.093935 0.000000 
37 4 0 2 0 2 0 0 8 2 99 1 1 1 0.815013 0.000000 
37 4 0 2 0 2 0 0 8 2 99 1 1 1 0.587432 0.000000 
37 4 1 3 3 1 0 1 15 13 14 4 4 1 0.975260 0.000000 
37 4 0 1 1 1 1 1 5 5 1 2 2 1 0.668942 0.000000 
37 4 0 2 2 0 0 1 10 8 10 3 3 1 0.902550 0.000000 
37 4 1 0 0 0 1 1 0 0 0 1 1 1 0.854917 0.000000 
37 4 0 0 0 0 1 1 0 0 0 1 1 1 0.641237 0.000000 
37 4 1 3 3 1 0 1 15 13 14 4 4 1 0.836063 0.000000 
37 4 0 1 3 3 1 0 7 15 21 4 4 1 0.727117 0.000000 
37 4 1 0 0 2 0 1 0 2 5 1 1 1 0.973737 0.000000 
37 4 1 3 1 1 1 0 13 5 26 4 4 1 0.859390 0.000000 
37 4 0 2 0 2 0 0 8 2 99 1 1 1 0.709790 0.000000 
37 4 0 3 3 1 0 1 15 13 14 4 4 1 0.646032 0.000000 
37 4 0 2 0 2 0 0 8 2 99 1 1 1 0.776899 0.000000 
37 4 0 3 1 1 1 0 13 5 26 2 2 1 1.302623 0.000000 
37 4 0 1 1 1 1 1 5 5 1 2 2 1 0.607053 0.000000 
37 4 0 2 0 2 0 0 8 2 99 1 1 1 0.834251 0.000000 
37 4 0 2 2 2 1 1 10 10 2 3 3 1 0.573280 0.000000 
37 4 0 1 3 1 0 0 7 13 45 4 4 1 0.858861 0.000000 
37 4 0 1 1 1 1 1 5 5 1 2 2 1 0.565182 0.000000 
37 4 0 0 2 2 1 0 2 10 17 3 3 1 0.875403 0.000000 
37 4 0 3 3 3 1 1 15 15 3 4 4 1 0.629031 0.000000 
37 4 0 2 2 0 0 1 10 8 10 3 3 1 0.672592 0.000000 
37 4 0 0 0 2 0 1 0 2 5 1 1 1 0.642192 0.000000 
37 4 1 3 3 3 1 1 15 15 3 4 4 1 0.572096 0.000000 
37 4 0 0 2 0 0 0 2 8 31 3 3 1 0.753683 0.000000 
37 4 1 0 2 2 1 0 2 10 17 1 1 1 1.015935 0.000000 
37 4 0 1 3 1 0 0 7 13 45 4 4 1 0.763874 0.000000 
37 4 0 0 0 2 0 1 0 2 5 1 1 1 0.753942 0.000000 
37 4 0 0 0 2 0 1 0 2 5 1 1 1 0.488251 0.000000 
37 4 0 2 2 0 0 1 10 8 10 3 3 1 0.673034 0.000000 
37 4 0 3 3 1 0 1 15 13 14 4 4 1 0.626686 0.000000 
37 4 0 2 2 0 0 1 10 8 10 3 3 1 0.734282 0.000000 
37 4 0 0 0 2 0 1 0 2 5 1 1 1 0.596188 0.000000 
37 4 0 3 1 1 1 0 13 5 26 2 2 1 0.736978 0.000000 
37 4 1 0 2 0 0 0 2 8 31 1 1 1 0.975957 0.000000 
37 4 0 3 3 3 1 1 15 15 3 4 4 1 0.645702 0.000000 
37 4 0 2 0 2 0 0 8 2 99 1 1 1 0.832637 0.000000 
37 4 0 2 2 0 0 1 10 8 10 3 3 1 0.764145 0.000000 
37 4 0 1 1 3 0 1 5 7 9 2 2 1 1.241926 0.000000 
37 4 0 0 2 0 0 0 2 8 31 3 3 1 0.668098 0.000000 
37 4 0 0 2 0 0 0 2 8 31 3 3 1 0.669688 0.000000 
37 4 1 3 3 1 0 1 15 13 14 4 4 1 0.647187 0.000000 
37 4 0 1 3 3 1 0 7 15 21 4 4 1 0.818119 0.000000 
37 4 0 2 0 0 1 0 8 0 22 1 1 1 0.749824 0.000000 
37 4 0 1 1 1 1 1 5 5 1 2 2 1 0.748019 0.000000 
37 4 0 1 3 3 1 0 7 15 21 4 4 1 0.555046 0.000000 
37 4 1 1 1 1 1 1 5 5 1 2 4 0 0.713252 0.000000 
37 4 1 0 2 2 1 0 2 10 17 1 1 1 0.940333 0.000000 
37 4 1 3 1 1 1 0 13 5 26 4 4 1 0.739093 0.000000 
37 4 0 0 2 0 0 0 2 8 31 3 3 1 0.682005 0.000000 
37 4 0 0 2 2 1 0 2 10 17 3 3 1 0.587666 0.000000 
37 4 0 1 1 3 0 1 5 7 9 2 2 1 0.720529 0.000000 
37 4 0 1 3 3 1 0 7 15 21 4 2 0 0.544091 0.000000 
37 4 0 0 0 2 0 1 0 2 5 1 1 1 0.834785 0.000000 
37 4 1 1 3 1 0 0 7 13 45 2 2 1 2.052573 0.000000 
37 4 0 3 3 1 0 1 15 13 14 4 4 1 0.711367 0.000000 
37 4 0 2 2 0 0 1 10 8 10 3 1 0 0.855655 0.000000 
37 4 0 0 2 2 1 0 2 10 17 3 3 1 0.549720 0.000000 
37 4 1 3 3 1 0 1 15 13 14 4 4 1 0.979940 0.000000 
37 4 0 1 3 1 0 0 7 13 45 4 4 1 0.801425 0.000000 
37 4 0 1 3 3 1 0 7 15 21 4 4 1 0.893687 0.000000 
37 4 0 0 2 2 1 0 2 10 17 3 3 1 0.661637 0.000000 
37 4 0 2 0 0 1 0 8 0 22 1 1 1 0.935977 0.000000 
37 4 1 3 3 1 0 1 15 13 14 4 4 1 0.750974 0.000000 
37 4 1 0 2 2 1 0 2 10 17 1 3 0 1.245333 0.000000 
37 4 0 1 1 1 1 1 5 5 1 2 2 1 0.628264 0.000000 
37 4 0 0 0 0 1 1 0 0 0 1 1 1 0.895617 0.000000 
37 4 0 3 1 3 0 0 13 7 99 2 2 1 0.864549 0.000000 
37 4 0 2 0 2 0 0 8 2 99 1 1 1 0.857914 0.000000 
37 4 0 2 2 2 1 1 10 10 2 3 3 1 1.580221 0.000000 
37 4 0 2 2 0 0 1 10 8 10 3 3 1 0.602203 0.000000 
37 4 0 1 3 3 1 0 7 15 21 4 4 1 0.742394 0.000000 
37 4 0 1 1 1 1 1 5 5 1 2 2 1 0.669391 0.000000 
37 4 0 1 3 3 1 0 7 15 21 4 4 1 0.782976 0.000000 
37 4 0 2 2 0 0 1 10 8 10 3 3 1 0.643900 0.000000 
37 4 0 1 3 1 0 0 7 13 45 4 4 1 0.822903 0.000000 
37 4 1 2 2 0 0 1 10 8 10 3 3 1 1.329522 0.000000 
37 4 0 0 2 0 0 0 2 8 31 3 3 1 0.657378 0.000000 
37 4 0 3 3 1 0 1 15 13 14 4 4 1 0.667545 0.000000 
37 4 1 0 2 0 0 0 2 8 31 1 1 1 0.853190 0.000000 
37 4 1 2 2 0 0 1 10 8 10 3 3 1 0.871523 0.000000 
37 4 0 2 0 2 0 0 8 2 99 1 1 1 0.665189 0.000000 
37 4 0 1 1 3 0 1 5 7 9 2 2 1 2.011523 0.000000 
37 4 1 0 2 2 1 0 2 10 17 1 1 1 0.711208 0.000000 
37 4 0 2 2 0 0 1 10 8 10 3 3 1 0.623488 0.000000 
37 4 0 2 2 0 0 1 10 8 10 3 3 1 0.555040 0.000000 
37 4 0 3 3 3 1 1 15 15 3 4 4 1 0.529219 0.000000 
37 4 0 1 1 1 1 1 5 5 1 2 2 1 0.752732 0.000000 
37 4 0 2 0 2 0 0 8 2 99 1 1 1 0.863100 0.000000 
37 4 0 1 3 1 0 0 7 13 45 4 4 1 0.889437 0.000000 
37 4 0 3 3 3 1 1 15 15 3 4 4 1 0.697443 0.000000 
37 4 0 1 1 3 0 1 5 7 9 2 2 1 0.642361 0.000000 
37 4 0 0 0 2 0 1 0 2 5 1 1 1 0.725286 0.000000 
37 4 0 3 1 1 1 0 13 5 26 2 2 1 0.844882 0.000000 
37 4 1 3 3 1 0 1 15 13 14 4 4 1 0.719844 0.000000 
37 4 1 2 0 0 1 0 8 0 22 3 3 1 0.855408 0.000000 
37 4 1 2 0 0 1 0 8 0 22 3 3 1 0.625732 0.000000 
37 4 0 3 1 3 0 0 13 7 99 2 2 1 1.021379 0.000000 
37 4 0 3 1 3 0 0 13 7 99 2 2 1 0.545078 0.000000 
37 4 1 2 2 2 1 1 10 10 2 3 3 1 0.710868 0.000000 
37 4 0 0 2 2 1 0 2 10 17 3 3 1 0.735233 0.000000 
37 4 1 0 2 2 1 0 2 10 17 1 1 1 0.950197 0.000000 
37 4 0 1 3 3 1 0 7 15 21 4 4 1 0.988558 0.000000 
37 4 1 0 0 0 1 1 0 0 0 1 1 1 0.833600 0.000000 
37 4 0 1 3 3 1 0 7 15 21 4 2 0 0.772549 0.000000 
37 4 0 0 2 0 0 0 2 8 31 3 3 1 0.694019 0.000000 
37 4 0 3 1 1 1 0 13 5 26 2 2 1 0.917712 0.000000 
37 4 0 1 3 3 1 0 7 15 21 4 4 1 0.621381 0.000000 
37 4 0 2 2 2 1 1 10 10 2 3 3 1 0.704929 0.000000 
37 4 0 2 0 2 0 0 8 2 99 1 1 1 0.705176 0.000000 
37 4 0 2 2 0 0 1 10 8 10 3 3 1 0.665522 0.000000 
37 4 0 2 0 0 1 0 8 0 22 1 1 1 0.643698 0.000000 
37 4 1 1 1 3 0 1 5 7 9 2 4 0 1.110582 0.000000 
37 4 1 3 3 3 1 1 15 15 3 4 4 1 0.721851 0.000000 
37 4 0 3 1 1 1 0 13 5 26 2 2 1 0.833304 0.000000 
37 4 0 0 2 0 0 0 2 8 31 3 3 1 0.700247 0.000000 
