2 1 0 0 2 2 1 0 2 10 17 3 3 1 1.383044 0.000000 
2 1 1 2 2 2 1 1 10 10 2 3 3 1 1.739889 0.000000 
2 1 1 0 0 2 0 1 0 2 5 1 1 1 1.531288 0.000000 
2 1 0 0 0 0 1 1 0 0 0 1 1 1 0.675146 0.000000 
2 1 0 3 3 0 0 1 15 12 13 4 4 1 0.683699 0.000000 
2 1 1 0 2 2 1 0 2 10 17 1 3 0 0.684605 0.000000 
2 1 0 3 0 0 1 0 12 0 25 1 1 1 1.409317 0.000000 
2 1 1 1 1 1 1 1 5 5 1 2 2 1 0.645484 0.000000 
2 1 0 3 0 2 0 0 12 2 49 1 1 1 1.064390 0.000000 
2 1 0 1 1 1 1 1 5 5 1 2 2 1 0.754767 0.000000 
2 1 0 2 2 1 0 1 10 9 11 3 3 1 0.736981 0.000000 
2 1 0 0 2 1 0 0 2 9 32 3 3 1 0.599331 0.000000 
2 1 0 0 0 0 1 1 0 0 0 1 1 1 0.619592 0.000000 
2 1 0 0 0 2 0 1 0 2 5 1 1 1 0.790634 0.000000 
2 1 0 0 0 2 0 1 0 2 5 1 1 1 0.555591 0.000000 
2 1 0 2 2 1 0 1 10 9 11 3 3 1 0.705741 0.000000 
2 1 0 2 1 3 0 0 9 7 43 2 3 0 0.546323 0.000000 
2 1 0 2 1 1 1 0 9 5 23 2 2 1 0.788546 0.000000 
2 1 0 0 2 1 0 0 2 9 32 3 3 1 0.721304 0.000000 
2 1 0 3 3 0 0 1 15 12 13 4 4 1 0.615833 0.000000 
2 1 0 2 2 2 1 1 10 10 2 3 3 1 0.635878 0.000000 
2 1 0 3 3 3 1 1 15 15 3 4 4 1 0.518230 0.000000 
2 1 0 2 2 1 0 1 10 9 11 3 3 1 0.605719 0.000000 
2 1 0 3 3 0 0 1 15 12 13 4 4 1 0.569927 0.000000 
2 1 0 3 0 0 1 0 12 0 25 1 1 1 0.951452 0.000000 
2 1 1 3 3 0 0 1 15 12 13 4 4 1 0.677735 0.000000 
2 1 0 1 1 1 1 1 5 5 1 2 2 1 0.654400 0.000000 
2 1 0 3 0 2 0 0 12 2 49 1 1 1 0.776510 0.000000 
2 1 1 2 2 2 1 1 10 10 2 3 3 1 1.150101 0.000000 
2 1 0 2 2 2 1 1 10 10 2 3 3 1 0.532506 0.000000 
2 1 0 1 3 3 1 0 7 15 21 4 4 1 0.675914 0.000000 
2 1 0 2 1 1 1 0 9 5 23 2 2 1 0.573539 0.000000 
2 1 0 0 2 1 0 0 2 9 32 3 3 1 0.731080 0.000000 
2 1 0 2 2 2 1 1 10 10 2 3 3 1 0.562641 0.000000 
2 1 1 1 3 0 0 0 7 12 44 2 4 0 0.952791 0.000000 
2 1 0 0 2 2 1 0 2 10 17 3 3 1 1.906025 0.000000 
2 1 0 1 3 0 0 0 7 12 44 4 4 1 1.066419 0.000000 
2 1 0 3 3 3 1 1 15 15 3 4 4 1 0.516093 0.000000 
2 1 1 3 3 3 1 1 15 15 3 4 4 1 1.068147 0.000000 
2 1 0 0 2 1 0 0 2 9 32 3 3 1 1.317321 0.000000 
2 1 0 2 2 1 0 1 10 9 11 3 3 1 0.613105 0.000000 
2 1 0 2 2 2 1 1 10 10 2 3 3 1 0.753321 0.000000 
2 1 0 1 3 0 0 0 7 12 44 4 4 1 0.638526 0.000000 
2 1 0 3 3 3 1 1 15 15 3 4 4 1 0.481413 0.000000 
2 1 0 3 0 2 0 0 12 2 49 1 1 1 0.762913 0.000000 
2 1 0 1 1 3 0 1 5 7 9 2 2 1 0.649159 0.000000 
2 1 0 0 2 2 1 0 2 10 17 3 3 1 0.771913 0.000000 
2 1 0 1 3 3 1 0 7 15 21 4 4 1 0.657644 0.000000 
2 1 1 3 3 0 0 1 15 12 13 4 4 1 1.667852 0.000000 
2 1 0 0 2 1 0 0 2 9 32 3 3 1 0.812801 0.000000 
2 1 0 2 2 1 0 1 10 9 11 3 3 1 1.121053 0.000000 
2 1 1 1 3 3 1 0 7 15 21 2 1 0 0.968785 0.000000 
2 1 0 3 3 3 1 1 15 15 3 4 4 1 0.586233 0.000000 
2 1 0 1 3 3 1 0 7 15 21 4 4 1 0.494837 0.000000 
2 1 0 3 3 3 1 1 15 15 3 4 4 1 0.463640 0.000000 
2 1 0 0 2 2 1 0 2 10 17 3 1 0 0.721852 0.000000 
2 1 0 3 0 2 0 0 12 2 49 1 1 1 1.500194 0.000000 
2 1 1 0 0 0 1 1 0 0 0 1 1 1 1.220397 0.000000 
2 1 0 2 1 3 0 0 9 7 43 2 2 1 0.952205 0.000000 
2 1 0 3 0 0 1 0 12 0 25 1 1 1 0.774504 0.000000 
2 1 0 1 3 0 0 0 7 12 44 4 4 1 1.404183 0.000000 
2 1 1 3 0 2 0 0 12 2 49 4 4 1 1.624680 0.000000 
2 1 1 0 2 2 1 0 2 10 17 1 1 1 1.348629 0.000000 
2 1 0 1 3 3 1 0 7 15 21 4 4 1 0.730708 0.000000 
2 1 0 0 0 2 0 1 0 2 5 1 1 1 0.978332 0.000000 
2 1 0 1 3 0 0 0 7 12 44 4 4 1 0.831852 0.000000 
2 1 0 0 0 0 1 1 0 0 0 1 1 1 0.906898 0.000000 
2 1 1 1 1 1 1 1 5 5 1 2 2 1 1.499254 0.000000 
2 1 1 1 3 3 1 0 7 15 21 2 4 0 1.108036 0.000000 
2 1 1 0 0 0 1 1 0 0 0 1 1 1 0.735034 0.000000 
2 1 0 0 0 2 0 1 0 2 5 1 1 1 1.013657 0.000000 
2 1 0 3 0 2 0 0 12 2 49 1 1 1 0.665974 0.000000 
2 1 0 2 2 2 1 1 10 10 2 3 3 1 0.700094 0.000000 
2 1 0 1 3 3 1 0 7 15 21 4 4 1 0.724361 0.000000 
2 1 0 2 1 1 1 0 9 5 23 2 2 1 0.731315 0.000000 
2 1 0 2 2 2 1 1 10 10 2 3 3 1 0.650891 0.000000 
2 1 1 1 3 0 0 0 7 12 44 2 4 0 0.853113 0.000000 
2 1 0 1 1 3 0 1 5 7 9 2 2 1 1.274198 0.000000 
2 1 0 1 3 0 0 0 7 12 44 4 4 1 1.083782 0.000000 
2 1 1 0 2 1 0 0 2 9 32 1 1 1 1.196878 0.000000 
2 1 0 0 2 2 1 0 2 10 17 3 3 1 0.825893 0.000000 
2 1 0 1 1 3 0 1 5 7 9 2 2 1 0.941527 0.000000 
2 1 1 2 2 2 1 1 10 10 2 3 3 1 1.260482 0.000000 
2 1 1 0 0 0 1 1 0 0 0 1 1 1 0.878029 0.000000 
2 1 0 2 2 2 1 1 10 10 2 3 3 1 0.599536 0.000000 
2 1 0 2 2 2 1 1 10 10 2 3 3 1 0.539998 0.000000 
2 1 0 1 3 3 1 0 7 15 21 4 4 1 0.770593 0.000000 
2 1 0 2 1 3 0 0 9 7 43 2 2 1 1.328225 0.000000 
2 1 0 1 3 3 1 0 7 15 21 4 4 1 0.647940 0.000000 
2 1 0 3 0 0 1 0 12 0 25 1 1 1 0.642851 0.000000 
2 1 0 0 0 2 0 1 0 2 5 1 1 1 0.877746 0.000000 
2 1 1 2 2 2 1 1 10 10 2 3 3 1 0.951281 0.000000 
2 1 1 1 3 0 0 0 7 12 44 2 2 1 1.108691 0.000000 
2 1 0 3 0 2 0 0 12 2 49 1 1 1 0.949044 0.000000 
2 1 0 0 0 2 0 1 0 2 5 1 1 1 1.276354 0.000000 
2 1 0 3 0 2 0 0 12 2 49 1 1 1 0.789211 0.000000 
2 1 0 3 0 0 1 0 12 0 25 1 1 1 0.746128 0.000000 
2 1 0 3 3 0 0 1 15 12 13 4 4 1 0.704985 0.000000 
2 1 0 3 3 0 0 1 15 12 13 4 4 1 0.537259 0.000000 
2 1 0 0 2 2 1 0 2 10 17 3 3 1 0.703049 0.000000 
2 1 0 0 2 1 0 0 2 9 32 3 3 1 0.663278 0.000000 
2 1 1 1 1 1 1 1 5 5 1 2 2 1 0.961495 0.000000 
2 1 0 2 2 1 0 1 10 9 11 3 3 1 0.839880 0.000000 
2 1 0 1 3 3 1 0 7 15 21 4 4 1 0.602832 0.000000 
2 1 1 1 1 3 0 1 5 7 9 2 2 1 1.415055 0.000000 
2 1 0 1 1 1 1 1 5 5 1 2 2 1 0.659516 0.000000 
2 1 0 0 2 2 1 0 2 10 17 3 3 1 0.652698 0.000000 
2 1 1 2 1 3 0 0 9 7 43 3 3 1 1.518959 0.000000 
2 1 0 3 3 3 1 1 15 15 3 4 4 1 0.582851 0.000000 
2 1 0 3 3 0 0 1 15 12 13 4 4 1 0.660250 0.000000 
2 1 0 3 0 0 1 0 12 0 25 1 1 1 0.765968 0.000000 
2 1 0 2 1 1 1 0 9 5 23 2 2 1 1.155980 0.000000 
2 1 0 3 3 0 0 1 15 12 13 4 4 1 0.817895 0.000000 
2 1 0 2 2 2 1 1 10 10 2 3 3 1 0.709856 0.000000 
2 1 1 3 3 0 0 1 15 12 13 4 4 1 1.092732 0.000000 
2 1 1 0 2 1 0 0 2 9 32 1 1 1 0.893846 0.000000 
2 1 1 1 3 3 1 0 7 15 21 2 2 1 0.894706 0.000000 
2 1 1 0 2 2 1 0 2 10 17 1 3 0 0.855770 0.000000 
2 1 1 3 0 2 0 0 12 2 49 4 4 1 1.149836 0.000000 
2 1 0 0 0 0 1 1 0 0 0 1 1 1 0.691934 0.000000 
2 1 1 2 2 1 0 1 10 9 11 3 3 1 1.348885 0.000000 
2 1 1 1 1 3 0 1 5 7 9 2 2 1 0.770877 0.000000 
2 1 1 1 3 0 0 0 7 12 44 2 2 1 0.983952 0.000000 
2 1 0 0 0 0 1 1 0 0 0 1 1 1 0.636964 0.000000 
2 1 0 2 1 1 1 0 9 5 23 2 2 1 0.967870 0.000000 
2 1 0 2 2 1 0 1 10 9 11 3 3 1 0.805870 0.000000 
2 1 0 3 3 0 0 1 15 12 13 4 4 1 0.689790 0.000000 
2 1 0 3 3 0 0 1 15 12 13 4 4 1 0.570654 0.000000 
2 1 0 2 2 2 1 1 10 10 2 3 3 1 0.887176 0.000000 
2 1 0 2 1 1 1 0 9 5 23 2 2 1 0.712155 0.000000 
2 1 0 0 2 2 1 0 2 10 17 3 3 1 0.856411 0.000000 
2 1 0 0 0 0 1 1 0 0 0 1 1 1 1.242631 0.000000 
2 1 1 0 0 0 1 1 0 0 0 1 1 1 0.821717 0.000000 
2 1 0 2 2 2 1 1 10 10 2 3 3 1 0.897414 0.000000 
2 1 1 2 1 3 0 0 9 7 43 3 2 0 0.930362 0.000000 
2 1 0 1 3 0 0 0 7 12 44 4 4 1 1.517178 0.000000 
2 1 0 3 0 2 0 0 12 2 49 1 1 1 0.828325 0.000000 
2 1 0 0 0 0 1 1 0 0 0 1 1 1 0.567394 0.000000 
2 1 0 0 2 2 1 0 2 10 17 3 3 1 1.660877 0.000000 
2 1 0 2 2 2 1 1 10 10 2 3 3 1 0.647495 0.000000 
2 1 0 3 0 2 0 0 12 2 49 1 4 0 0.818381 0.000000 
2 1 0 3 3 0 0 1 15 12 13 4 4 1 0.576903 0.000000 
2 1 0 1 3 3 1 0 7 15 21 4 4 1 0.974040 0.000000 
2 1 1 3 3 3 1 1 15 15 3 4 4 1 0.908027 0.000000 
2 1 0 0 0 2 0 1 0 2 5 1 1 1 1.308076 0.000000 
2 1 0 2 2 2 1 1 10 10 2 3 3 1 0.732495 0.000000 
2 1 1 0 2 1 0 0 2 9 32 1 3 0 0.947944 0.000000 
2 1 0 2 2 1 0 1 10 9 11 3 3 1 0.766204 0.000000 
2 1 1 3 0 2 0 0 12 2 49 4 4 1 1.052442 0.000000 
2 1 0 1 3 0 0 0 7 12 44 4 4 1 1.428942 0.000000 
2 1 0 1 3 0 0 0 7 12 44 4 4 1 0.544764 0.000000 
2 1 0 1 3 0 0 0 7 12 44 4 4 1 0.503564 0.000000 
2 1 1 0 0 2 0 1 0 2 5 1 1 1 0.831752 0.000000 
2 1 0 3 0 0 1 0 12 0 25 1 1 1 1.179752 0.000000 
2 1 1 3 0 2 0 0 12 2 49 4 4 1 0.921032 0.000000 
2 1 0 2 2 2 1 1 10 10 2 3 3 1 0.687852 0.000000 
2 1 0 0 0 2 0 1 0 2 5 1 1 1 0.696655 0.000000 
2 1 0 1 1 1 1 1 5 5 1 2 2 1 0.833548 0.000000 
2 1 0 1 1 1 1 1 5 5 1 2 2 1 0.620486 0.000000 
2 1 0 0 2 1 0 0 2 9 32 3 3 1 1.064055 0.000000 
2 1 0 1 3 0 0 0 7 12 44 4 4 1 0.698395 0.000000 
2 1 0 2 1 3 0 0 9 7 43 2 2 1 0.683672 0.000000 
2 1 0 2 2 1 0 1 10 9 11 3 3 1 0.684158 0.000000 
2 1 1 2 2 2 1 1 10 10 2 3 3 1 1.005031 0.000000 
2 1 1 3 0 2 0 0 12 2 49 4 4 1 0.640396 0.000000 
2 1 1 1 3 0 0 0 7 12 44 2 2 1 0.899265 0.000000 
2 1 0 3 0 2 0 0 12 2 49 1 1 1 1.044122 0.000000 
2 1 0 3 0 2 0 0 12 2 49 1 1 1 0.542624 0.000000 
2 1 0 2 1 1 1 0 9 5 23 2 2 1 0.829777 0.000000 
2 1 0 2 2 2 1 1 10 10 2 3 3 1 0.705053 0.000000 
2 1 0 3 0 2 0 0 12 2 49 1 1 1 0.945305 0.000000 
2 1 1 1 3 3 1 0 7 15 21 2 2 1 2.023352 0.000000 
2 1 0 2 2 1 0 1 10 9 11 3 3 1 1.595401 0.000000 
2 1 0 0 0 2 0 1 0 2 5 1 1 1 0.624641 0.000000 
2 1 0 0 2 1 0 0 2 9 32 3 3 1 0.692175 0.000000 
2 1 0 2 1 3 0 0 9 7 43 2 2 1 0.693405 0.000000 
2 1 0 2 2 2 1 1 10 10 2 3 3 1 0.630267 0.000000 
2 1 0 3 0 0 1 0 12 0 25 1 1 1 0.793484 0.000000 
2 1 0 0 0 2 0 1 0 2 5 1 1 1 0.845439 0.000000 
2 1 0 0 2 1 0 0 2 9 32 3 3 1 0.664352 0.000000 
2 1 0 1 1 3 0 1 5 7 9 2 2 1 0.778624 0.000000 
2 1 1 3 0 0 1 0 12 0 25 4 4 1 1.120157 0.000000 
2 1 1 1 1 1 1 1 5 5 1 2 2 1 1.231876 0.000000 
2 1 0 1 3 0 0 0 7 12 44 4 4 1 1.011678 0.000000 
2 1 0 2 2 2 1 1 10 10 2 3 3 1 0.632012 0.000000 
2 1 0 0 0 0 1 1 0 0 0 1 1 1 0.611564 0.000000 
2 1 0 1 3 3 1 0 7 15 21 4 4 1 0.742731 0.000000 
2 1 0 2 2 1 0 1 10 9 11 3 3 1 0.629636 0.000000 
2 1 0 1 1 1 1 1 5 5 1 2 2 1 0.721187 0.000000 
2 1 1 3 0 0 1 0 12 0 25 4 4 1 1.040745 0.000000 
2 1 1 1 3 3 1 0 7 15 21 2 2 1 1.187780 0.000000 
2 1 0 1 1 3 0 1 5 7 9 2 3 0 0.696867 0.000000 
2 2 1 0 2 1 0 0 2 9 32 1 3 0 1.004412 0.000000 
2 2 1 0 0 0 1 1 0 0 0 1 1 1 0.971987 0.000000 
2 2 1 3 3 3 1 1 15 15 3 4 4 1 0.681421 0.000000 
2 2 0 0 2 1 0 0 2 9 32 3 3 1 0.746889 0.000000 
2 2 0 2 2 1 0 1 10 9 11 3 3 1 0.625880 0.000000 
2 2 1 0 0 0 1 1 0 0 0 1 1 1 0.805362 0.000000 
2 2 0 2 1 1 1 0 9 5 23 2 3 0 0.600594 0.000000 
2 2 0 0 0 2 0 1 0 2 5 1 1 1 0.648700 0.000000 
2 2 0 1 1 1 1 1 5 5 1 2 2 1 0.635296 0.000000 
2 2 0 2 2 2 1 1 10 10 2 3 3 1 0.662122 0.000000 
2 2 0 3 3 3 1 1 15 15 3 4 4 1 0.536399 0.000000 
2 2 1 1 3 3 1 0 7 15 21 2 2 1 0.807168 0.000000 
2 2 0 2 1 3 0 0 9 7 43 2 2 1 0.827428 0.000000 
2 2 0 3 3 3 1 1 15 15 3 4 4 1 0.581997 0.000000 
2 2 0 1 3 0 0 0 7 12 44 4 4 1 0.771607 0.000000 
2 2 1 0 0 2 0 1 0 2 5 1 1 1 0.673191 0.000000 
2 2 0 1 1 1 1 1 5 5 1 2 2 1 0.634735 0.000000 
2 2 0 1 1 3 0 1 5 7 9 2 2 1 0.789576 0.000000 
2 2 0 1 3 0 0 0 7 12 44 4 4 1 0.770552 0.000000 
2 2 0 3 0 0 1 0 12 0 25 1 1 1 1.792189 0.000000 
2 2 0 0 0 0 1 1 0 0 0 1 1 1 0.549468 0.000000 
2 2 0 2 1 3 0 0 9 7 43 2 3 0 0.666841 0.000000 
2 2 0 2 2 1 0 1 10 9 11 3 3 1 0.751998 0.000000 
2 2 0 1 1 3 0 1 5 7 9 2 2 1 0.749985 0.000000 
2 2 1 2 1 1 1 0 9 5 23 3 3 1 1.324262 0.000000 
2 2 0 0 2 2 1 0 2 10 17 3 3 1 1.163966 0.000000 
2 2 0 0 2 1 0 0 2 9 32 3 3 1 0.586502 0.000000 
2 2 0 2 1 1 1 0 9 5 23 2 2 1 0.839349 0.000000 
2 2 0 2 2 1 0 1 10 9 11 3 3 1 0.673244 0.000000 
2 2 0 3 3 3 1 1 15 15 3 4 4 1 0.618814 0.000000 
2 2 0 3 0 2 0 0 12 2 49 1 1 1 0.750287 0.000000 
2 2 0 2 2 1 0 1 10 9 11 3 3 1 0.612518 0.000000 
2 2 0 2 2 2 1 1 10 10 2 3 3 1 0.576752 0.000000 
2 2 0 1 3 0 0 0 7 12 44 4 4 1 0.718243 0.000000 
2 2 0 1 1 3 0 1 5 7 9 2 2 1 0.677800 0.000000 
2 2 0 0 2 2 1 0 2 10 17 3 3 1 1.007424 0.000000 
2 2 0 0 0 2 0 1 0 2 5 1 1 1 0.658745 0.000000 
2 2 0 0 0 2 0 1 0 2 5 1 1 1 0.548928 0.000000 
2 2 0 3 3 0 0 1 15 12 13 4 4 1 0.563651 0.000000 
2 2 0 2 2 1 0 1 10 9 11 3 3 1 0.657337 0.000000 
2 2 0 0 2 2 1 0 2 10 17 3 3 1 1.155555 0.000000 
2 2 1 0 2 2 1 0 2 10 17 1 1 1 0.921930 0.000000 
2 2 0 1 3 0 0 0 7 12 44 4 4 1 0.745602 0.000000 
2 2 1 0 0 0 1 1 0 0 0 1 1 1 0.840476 0.000000 
2 2 0 1 1 1 1 1 5 5 1 2 2 1 0.674427 0.000000 
2 2 0 2 1 3 0 0 9 7 43 2 2 1 0.908002 0.000000 
2 2 0 2 1 3 0 0 9 7 43 2 2 1 0.604303 0.000000 
2 2 0 3 3 0 0 1 15 12 13 4 4 1 0.536511 0.000000 
2 2 0 1 1 3 0 1 5 7 9 2 2 1 0.711333 0.000000 
2 2 1 3 0 0 1 0 12 0 25 4 4 1 1.255572 0.000000 
2 2 1 3 3 3 1 1 15 15 3 4 4 1 0.657807 0.000000 
2 2 0 3 0 0 1 0 12 0 25 1 2 0 1.242521 0.000000 
2 2 1 2 1 1 1 0 9 5 23 3 3 1 1.729777 0.000000 
2 2 0 2 1 1 1 0 9 5 23 2 3 0 0.585108 0.000000 
2 2 1 1 3 0 0 0 7 12 44 2 4 0 0.777806 0.000000 
2 2 0 3 0 0 1 0 12 0 25 1 1 1 1.339005 0.000000 
2 2 0 2 1 1 1 0 9 5 23 2 2 1 0.905877 0.000000 
2 2 1 3 3 3 1 1 15 15 3 4 4 1 1.089187 0.000000 
2 2 0 0 2 2 1 0 2 10 17 3 3 1 0.978247 0.000000 
2 2 1 1 1 1 1 1 5 5 1 2 2 1 1.639908 0.000000 
2 2 1 2 2 2 1 1 10 10 2 3 3 1 0.923166 0.000000 
2 2 0 2 2 1 0 1 10 9 11 3 3 1 0.658809 0.000000 
2 2 0 1 1 3 0 1 5 7 9 2 2 1 0.804905 0.000000 
2 2 0 2 2 2 1 1 10 10 2 3 3 1 0.593270 0.000000 
2 2 0 3 3 0 0 1 15 12 13 4 4 1 0.574102 0.000000 
2 2 0 3 0 2 0 0 12 2 49 1 1 1 0.730610 0.000000 
2 2 0 2 1 1 1 0 9 5 23 2 2 1 0.754213 0.000000 
2 2 0 2 2 2 1 1 10 10 2 3 3 1 0.664479 0.000000 
2 2 0 3 3 0 0 1 15 12 13 4 4 1 0.586643 0.000000 
2 2 0 3 0 0 1 0 12 0 25 1 1 1 0.583481 0.000000 
2 2 0 3 3 3 1 1 15 15 3 4 4 1 1.052442 0.000000 
2 2 0 0 2 2 1 0 2 10 17 3 3 1 0.822803 0.000000 
2 2 0 1 1 3 0 1 5 7 9 2 2 1 0.593297 0.000000 
2 2 0 1 3 0 0 0 7 12 44 4 4 1 0.934193 0.000000 
2 2 0 1 1 1 1 1 5 5 1 2 2 1 0.637172 0.000000 
2 2 1 0 0 0 1 1 0 0 0 1 1 1 0.840053 0.000000 
2 2 0 0 0 2 0 1 0 2 5 1 1 1 0.810960 0.000000 
2 2 0 3 0 2 0 0 12 2 49 1 1 1 0.671267 0.000000 
2 2 1 0 2 2 1 0 2 10 17 1 1 1 1.440894 0.000000 
2 2 1 3 3 0 0 1 15 12 13 4 4 1 0.971027 0.000000 
2 2 1 1 3 0 0 0 7 12 44 2 4 0 0.664676 0.000000 
2 2 0 3 0 0 1 0 12 0 25 1 1 1 1.350780 0.000000 
2 2 1 1 1 1 1 1 5 5 1 2 2 1 0.956860 0.000000 
2 2 1 3 0 2 0 0 12 2 49 4 1 0 0.962635 0.000000 
2 2 0 2 1 1 1 0 9 5 23 2 2 1 0.908719 0.000000 
2 2 0 0 0 0 1 1 0 0 0 1 1 1 0.588784 0.000000 
2 2 0 1 1 1 1 1 5 5 1 2 2 1 0.649689 0.000000 
2 2 0 2 2 1 0 1 10 9 11 3 3 1 0.626823 0.000000 
2 2 1 0 2 1 0 0 2 9 32 1 1 1 0.950364 0.000000 
2 2 0 2 1 3 0 0 9 7 43 2 2 1 1.180744 0.000000 
2 2 1 2 1 1 1 0 9 5 23 3 3 1 1.418523 0.000000 
2 2 0 3 0 2 0 0 12 2 49 1 1 1 0.726343 0.000000 
2 2 0 1 3 0 0 0 7 12 44 4 4 1 0.765928 0.000000 
2 2 0 1 1 3 0 1 5 7 9 2 2 1 0.707968 0.000000 
2 2 0 1 1 1 1 1 5 5 1 2 2 1 0.563087 0.000000 
2 2 1 0 0 2 0 1 0 2 5 1 1 1 0.768894 0.000000 
2 2 0 0 2 1 0 0 2 9 32 3 3 1 1.678551 0.000000 
2 2 0 3 0 0 1 0 12 0 25 1 1 1 0.776462 0.000000 
2 2 1 2 1 1 1 0 9 5 23 3 3 1 1.022011 0.000000 
2 2 0 3 3 3 1 1 15 15 3 4 4 1 0.634098 0.000000 
2 2 0 2 2 2 1 1 10 10 2 3 3 1 0.660532 0.000000 
2 2 0 2 1 3 0 0 9 7 43 2 2 1 0.621794 0.000000 
2 2 1 0 2 2 1 0 2 10 17 1 1 1 0.737319 0.000000 
2 2 0 2 2 2 1 1 10 10 2 3 3 1 0.600246 0.000000 
2 2 1 2 1 1 1 0 9 5 23 3 3 1 0.996402 0.000000 
2 2 0 3 0 0 1 0 12 0 25 1 1 1 0.721385 0.000000 
2 2 0 2 2 2 1 1 10 10 2 3 3 1 0.744967 0.000000 
2 2 1 2 1 3 0 0 9 7 43 3 3 1 1.431943 0.000000 
2 2 0 2 2 1 0 1 10 9 11 3 3 1 0.827189 0.000000 
2 2 0 3 0 2 0 0 12 2 49 1 1 1 0.734358 0.000000 
2 2 0 1 3 3 1 0 7 15 21 4 4 1 0.637303 0.000000 
2 2 0 0 0 0 1 1 0 0 0 1 1 1 0.536183 0.000000 
2 2 0 1 1 3 0 1 5 7 9 2 2 1 0.799020 0.000000 
2 2 0 2 1 3 0 0 9 7 43 2 2 1 0.739713 0.000000 
2 2 0 3 3 3 1 1 15 15 3 4 4 1 0.530562 0.000000 
2 2 0 1 1 3 0 1 5 7 9 2 2 1 0.809671 0.000000 
2 2 0 0 0 0 1 1 0 0 0 1 1 1 0.588870 0.000000 
2 2 0 0 2 1 0 0 2 9 32 3 3 1 0.729139 0.000000 
2 2 0 3 0 2 0 0 12 2 49 1 1 1 1.064671 0.000000 
2 2 0 3 3 0 0 1 15 12 13 4 4 1 0.683030 0.000000 
2 2 1 2 2 2 1 1 10 10 2 3 3 1 1.051968 0.000000 
2 2 0 0 0 0 1 1 0 0 0 1 1 1 0.534342 0.000000 
2 2 0 3 0 2 0 0 12 2 49 1 1 1 0.805003 0.000000 
2 2 1 0 2 2 1 0 2 10 17 1 1 1 1.241846 0.000000 
2 2 1 1 1 3 0 1 5 7 9 2 2 1 2.147605 0.000000 
2 2 0 3 0 0 1 0 12 0 25 1 1 1 0.618977 0.000000 
2 2 0 3 0 0 1 0 12 0 25 1 1 1 0.534542 0.000000 
2 2 0 1 3 0 0 0 7 12 44 4 4 1 0.941337 0.000000 
2 2 0 3 0 2 0 0 12 2 49 1 1 1 0.660369 0.000000 
2 2 0 1 3 0 0 0 7 12 44 4 4 1 0.726530 0.000000 
2 2 1 0 2 1 0 0 2 9 32 1 1 1 0.950158 0.000000 
2 2 0 2 1 3 0 0 9 7 43 2 3 0 1.139502 0.000000 
2 2 1 1 1 3 0 1 5 7 9 2 3 0 1.022713 0.000000 
2 2 0 0 2 1 0 0 2 9 32 3 3 1 1.325589 0.000000 
2 2 0 2 2 1 0 1 10 9 11 3 3 1 0.749088 0.000000 
2 2 0 0 0 0 1 1 0 0 0 1 1 1 0.563882 0.000000 
2 2 0 0 0 2 0 1 0 2 5 1 1 1 1.026262 0.000000 
2 2 0 2 2 2 1 1 10 10 2 3 3 1 0.597933 0.000000 
2 2 0 1 3 0 0 0 7 12 44 4 4 1 0.705754 0.000000 
2 2 1 2 1 1 1 0 9 5 23 3 3 1 0.914002 0.000000 
2 2 0 2 1 3 0 0 9 7 43 2 2 1 0.866293 0.000000 
2 2 0 3 0 2 0 0 12 2 49 1 1 1 0.779890 0.000000 
2 2 0 3 0 0 1 0 12 0 25 1 1 1 0.825556 0.000000 
2 2 0 0 0 0 1 1 0 0 0 1 1 1 0.597150 0.000000 
2 2 0 1 3 3 1 0 7 15 21 4 4 1 0.657915 0.000000 
2 2 0 3 0 0 1 0 12 0 25 1 1 1 0.604214 0.000000 
2 2 0 0 2 2 1 0 2 10 17 3 3 1 0.831366 0.000000 
2 2 0 3 0 2 0 0 12 2 49 1 1 1 0.690940 0.000000 
2 2 1 3 0 2 0 0 12 2 49 4 4 1 0.979883 0.000000 
2 2 0 1 3 3 1 0 7 15 21 4 4 1 0.769586 0.000000 
2 2 0 3 0 0 1 0 12 0 25 1 1 1 0.583178 0.000000 
2 2 0 2 2 1 0 1 10 9 11 3 3 1 0.700008 0.000000 
2 2 0 3 3 0 0 1 15 12 13 4 4 1 0.644188 0.000000 
2 2 0 2 2 2 1 1 10 10 2 3 3 1 0.654977 0.000000 
2 2 0 0 0 0 1 1 0 0 0 1 1 1 0.568278 0.000000 
2 2 0 1 3 3 1 0 7 15 21 4 4 1 0.645631 0.000000 
2 2 0 1 3 3 1 0 7 15 21 4 4 1 0.544033 0.000000 
2 2 1 0 0 2 0 1 0 2 5 1 1 1 1.310844 0.000000 
2 2 0 2 1 3 0 0 9 7 43 2 3 0 0.775319 0.000000 
2 2 0 1 3 3 1 0 7 15 21 4 4 1 0.576666 0.000000 
2 2 0 1 1 1 1 1 5 5 1 2 2 1 0.797925 0.000000 
2 2 0 1 3 0 0 0 7 12 44 4 4 1 0.729842 0.000000 
2 2 0 3 0 2 0 0 12 2 49 1 1 1 0.593486 0.000000 
2 2 0 0 0 0 1 1 0 0 0 1 1 1 0.550340 0.000000 
2 2 0 1 1 1 1 1 5 5 1 2 2 1 0.684545 0.000000 
2 2 1 0 0 2 0 1 0 2 5 1 1 1 0.981403 0.000000 
2 2 1 1 1 3 0 1 5 7 9 2 2 1 0.914997 0.000000 
2 2 0 1 1 3 0 1 5 7 9 2 2 1 0.643328 0.000000 
2 2 1 0 2 2 1 0 2 10 17 1 1 1 1.285346 0.000000 
2 2 0 1 1 1 1 1 5 5 1 2 2 1 0.702353 0.000000 
2 2 0 1 3 0 0 0 7 12 44 4 4 1 0.782564 0.000000 
2 2 1 0 0 0 1 1 0 0 0 1 1 1 0.667988 0.000000 
2 2 0 3 0 2 0 0 12 2 49 1 1 1 0.765042 0.000000 
2 2 0 1 1 3 0 1 5 7 9 2 2 1 0.675341 0.000000 
2 2 0 2 1 3 0 0 9 7 43 2 2 1 1.740922 0.000000 
2 2 1 0 2 1 0 0 2 9 32 1 1 1 1.059318 0.000000 
2 2 0 3 3 3 1 1 15 15 3 4 4 1 0.573508 0.000000 
2 2 0 0 0 0 1 1 0 0 0 1 1 1 0.547053 0.000000 
2 2 1 1 1 1 1 1 5 5 1 2 2 1 0.705851 0.000000 
2 2 1 0 0 2 0 1 0 2 5 1 1 1 1.194154 0.000000 
2 2 1 2 1 3 0 0 9 7 43 3 3 1 1.479185 0.000000 
2 2 1 3 0 0 1 0 12 0 25 4 4 1 1.105003 0.000000 
2 2 0 0 0 2 0 1 0 2 5 1 1 1 0.721454 0.000000 
2 2 0 1 1 1 1 1 5 5 1 2 2 1 0.615854 0.000000 
2 2 0 2 2 1 0 1 10 9 11 3 3 1 0.812116 0.000000 
2 2 0 1 1 1 1 1 5 5 1 2 2 1 0.727819 0.000000 
2 2 0 3 0 0 1 0 12 0 25 1 1 1 0.695438 0.000000 
2 2 0 3 0 2 0 0 12 2 49 1 1 1 0.744336 0.000000 
2 2 1 0 2 1 0 0 2 9 32 1 1 1 0.983202 0.000000 
2 2 1 3 3 0 0 1 15 12 13 4 4 1 0.668225 0.000000 
2 2 0 2 2 2 1 1 10 10 2 3 3 1 0.677826 0.000000 
2 2 0 0 0 2 0 1 0 2 5 1 1 1 0.574313 0.000000 
2 3 1 1 1 3 0 1 5 7 9 2 2 1 1.242103 0.000000 
2 3 1 1 3 3 1 0 7 15 21 2 4 0 1.244628 0.000000 
2 3 0 3 0 0 1 0 12 0 25 1 1 1 1.322819 0.000000 
2 3 0 1 3 3 1 0 7 15 21 4 4 1 0.746137 0.000000 
2 3 0 0 2 2 1 0 2 10 17 3 3 1 0.713017 0.000000 
2 3 0 2 2 1 0 1 10 9 11 3 3 1 0.665263 0.000000 
2 3 0 1 1 3 0 1 5 7 9 2 2 1 0.739520 0.000000 
2 3 1 3 0 2 0 0 12 2 49 4 1 0 0.706333 0.000000 
2 3 0 3 3 3 1 1 15 15 3 4 4 1 0.758425 0.000000 
2 3 0 2 1 1 1 0 9 5 23 2 2 1 1.043471 0.000000 
2 3 0 3 3 0 0 1 15 12 13 4 1 0 0.662450 0.000000 
2 3 0 2 1 1 1 0 9 5 23 2 2 1 0.796727 0.000000 
2 3 1 1 1 3 0 1 5 7 9 2 2 1 0.777098 0.000000 
2 3 0 2 2 1 0 1 10 9 11 3 3 1 0.647098 0.000000 
2 3 0 1 3 0 0 0 7 12 44 4 4 1 0.745587 0.000000 
2 3 0 1 1 3 0 1 5 7 9 2 2 1 0.632501 0.000000 
2 3 0 0 2 1 0 0 2 9 32 3 3 1 0.747889 0.000000 
2 3 1 0 0 2 0 1 0 2 5 1 1 1 1.065261 0.000000 
2 3 0 3 3 0 0 1 15 12 13 4 4 1 0.619553 0.000000 
2 3 1 0 2 1 0 0 2 9 32 1 3 0 1.135154 0.000000 
2 3 0 0 0 2 0 1 0 2 5 1 1 1 0.610046 0.000000 
2 3 0 0 0 2 0 1 0 2 5 1 1 1 0.509925 0.000000 
2 3 0 2 2 2 1 1 10 10 2 3 3 1 0.614050 0.000000 
2 3 0 1 1 3 0 1 5 7 9 2 2 1 0.626323 0.000000 
2 3 0 3 3 3 1 1 15 15 3 4 4 1 0.549859 0.000000 
2 3 1 1 3 3 1 0 7 15 21 2 2 1 1.378943 0.000000 
2 3 0 1 3 3 1 0 7 15 21 4 2 0 0.784861 0.000000 
2 3 1 2 1 1 1 0 9 5 23 3 3 1 1.025589 0.000000 
2 3 1 0 0 2 0 1 0 2 5 1 1 1 0.748900 0.000000 
2 3 0 2 1 1 1 0 9 5 23 2 2 1 1.099916 0.000000 
2 3 0 1 1 1 1 1 5 5 1 2 2 1 0.668250 0.000000 
2 3 0 3 3 3 1 1 15 15 3 4 4 1 0.501818 0.000000 
2 3 0 0 2 2 1 0 2 10 17 3 3 1 0.732890 0.000000 
2 3 0 2 1 3 0 0 9 7 43 2 2 1 1.019873 0.000000 
2 3 0 2 1 3 0 0 9 7 43 2 2 1 0.543606 0.000000 
2 3 0 0 2 2 1 0 2 10 17 3 3 1 0.862459 0.000000 
2 3 0 2 1 1 1 0 9 5 23 2 2 1 0.704675 0.000000 
2 3 1 0 0 0 1 1 0 0 0 1 1 1 0.688995 0.000000 
2 3 1 1 3 3 1 0 7 15 21 2 2 1 0.913870 0.000000 
2 3 0 1 3 3 1 0 7 15 21 4 4 1 1.257194 0.000000 
2 3 0 2 2 2 1 1 10 10 2 3 3 1 0.747616 0.000000 
2 3 1 0 0 0 1 1 0 0 0 1 1 1 0.618438 0.000000 
2 3 1 2 2 1 0 1 10 9 11 3 3 1 1.046039 0.000000 
2 3 0 1 3 3 1 0 7 15 21 4 4 1 0.993032 0.000000 
2 3 0 3 0 0 1 0 12 0 25 1 1 1 0.694036 0.000000 
2 3 0 3 3 3 1 1 15 15 3 4 4 1 0.566845 0.000000 
2 3 0 3 3 3 1 1 15 15 3 4 4 1 0.524089 0.000000 
2 3 1 1 3 0 0 0 7 12 44 2 2 1 1.082355 0.000000 
2 3 0 1 1 1 1 1 5 5 1 2 2 1 0.699909 0.000000 
2 3 0 2 1 3 0 0 9 7 43 2 2 1 0.835833 0.000000 
2 3 0 3 3 3 1 1 15 15 3 4 4 1 0.582549 0.000000 
2 3 0 3 0 0 1 0 12 0 25 1 1 1 0.587881 0.000000 
2 3 0 3 3 3 1 1 15 15 3 4 4 1 0.624293 0.000000 
2 3 0 3 3 0 0 1 15 12 13 4 4 1 0.819625 0.000000 
2 3 0 1 1 3 0 1 5 7 9 2 2 1 0.774751 0.000000 
2 3 1 3 3 3 1 1 15 15 3 4 4 1 0.955277 0.000000 
2 3 0 0 0 0 1 1 0 0 0 1 1 1 0.545705 0.000000 
2 3 0 0 0 2 0 1 0 2 5 1 1 1 0.536458 0.000000 
2 3 0 1 1 3 0 1 5 7 9 2 2 1 0.655299 0.000000 
2 3 0 0 0 0 1 1 0 0 0 1 1 1 0.561543 0.000000 
2 3 1 1 1 1 1 1 5 5 1 2 2 1 0.712072 0.000000 
2 3 1 2 2 2 1 1 10 10 2 3 3 1 0.759771 0.000000 
2 3 1 1 1 3 0 1 5 7 9 2 2 1 0.822169 0.000000 
2 3 1 1 3 3 1 0 7 15 21 2 2 1 1.056796 0.000000 
2 3 0 2 2 2 1 1 10 10 2 3 3 1 0.579182 0.000000 
2 3 0 0 2 1 0 0 2 9 32 3 3 1 0.656709 0.000000 
2 3 1 1 1 3 0 1 5 7 9 2 2 1 0.746890 0.000000 
2 3 1 1 3 0 0 0 7 12 44 2 2 1 0.705786 0.000000 
2 3 0 0 2 2 1 0 2 10 17 3 1 0 0.817955 0.000000 
2 3 0 0 2 1 0 0 2 9 32 3 1 0 0.632569 0.000000 
2 3 0 1 1 1 1 1 5 5 1 2 2 1 0.735765 0.000000 
2 3 0 2 1 1 1 0 9 5 23 2 3 0 0.646149 0.000000 
2 3 0 0 2 1 0 0 2 9 32 3 3 1 1.204859 0.000000 
2 3 0 2 2 2 1 1 10 10 2 3 3 1 0.689018 0.000000 
2 3 0 2 1 1 1 0 9 5 23 2 2 1 0.865883 0.000000 
2 3 1 1 3 3 1 0 7 15 21 2 2 1 0.908078 0.000000 
2 3 0 3 0 2 0 0 12 2 49 1 1 1 0.771848 0.000000 
2 3 1 3 0 2 0 0 12 2 49 4 4 1 1.736414 0.000000 
2 3 0 0 2 2 1 0 2 10 17 3 3 1 1.415806 0.000000 
2 3 0 3 3 0 0 1 15 12 13 4 4 1 0.819870 0.000000 
2 3 1 0 2 1 0 0 2 9 32 1 1 1 0.775205 0.000000 
2 3 1 3 0 2 0 0 12 2 49 4 4 1 0.684796 0.000000 
2 3 0 0 0 2 0 1 0 2 5 1 1 1 0.693659 0.000000 
2 3 0 2 2 1 0 1 10 9 11 3 3 1 0.630530 0.000000 
2 3 0 2 2 2 1 1 10 10 2 3 3 1 0.585121 0.000000 
2 3 1 1 1 3 0 1 5 7 9 2 2 1 0.885722 0.000000 
2 3 1 2 2 1 0 1 10 9 11 3 3 1 0.990885 0.000000 
2 3 1 2 1 1 1 0 9 5 23 3 3 1 0.995946 0.000000 
2 3 0 0 0 0 1 1 0 0 0 1 1 1 0.616878 0.000000 
2 3 0 3 0 0 1 0 12 0 25 1 4 0 0.588357 0.000000 
2 3 0 2 2 1 0 1 10 9 11 3 3 1 0.573100 0.000000 
2 3 0 1 3 0 0 0 7 12 44 4 4 1 1.721396 0.000000 
2 3 1 0 0 2 0 1 0 2 5 1 1 1 0.793707 0.000000 
2 3 0 0 2 2 1 0 2 10 17 3 3 1 0.894321 0.000000 
2 3 0 1 1 3 0 1 5 7 9 2 2 1 0.727224 0.000000 
2 3 0 1 1 1 1 1 5 5 1 2 2 1 0.654839 0.000000 
2 3 0 1 3 0 0 0 7 12 44 4 4 1 0.712952 0.000000 
2 3 0 2 1 1 1 0 9 5 23 2 2 1 1.185302 0.000000 
2 3 1 3 3 3 1 1 15 15 3 4 4 1 0.798689 0.000000 
2 3 0 2 2 2 1 1 10 10 2 3 3 1 0.834268 0.000000 
2 3 0 3 3 0 0 1 15 12 13 4 4 1 0.645238 0.000000 
2 3 0 0 0 0 1 1 0 0 0 1 1 1 0.576113 0.000000 
2 3 0 0 0 0 1 1 0 0 0 1 1 1 0.661594 0.000000 
2 3 1 3 0 0 1 0 12 0 25 4 4 1 1.175859 0.000000 
2 3 0 0 2 1 0 0 2 9 32 3 3 1 0.813623 0.000000 
2 3 0 0 0 0 1 1 0 0 0 1 1 1 0.569821 0.000000 
2 3 0 0 0 0 1 1 0 0 0 1 1 1 0.614352 0.000000 
2 3 1 2 1 1 1 0 9 5 23 3 3 1 0.770485 0.000000 
2 3 1 3 0 2 0 0 12 2 49 4 4 1 1.176158 0.000000 
2 3 0 3 0 2 0 0 12 2 49 1 3 0 1.125707 0.000000 
2 3 0 2 1 3 0 0 9 7 43 2 2 1 1.041451 0.000000 
2 3 0 0 0 2 0 1 0 2 5 1 1 1 0.764220 0.000000 
2 3 0 0 0 2 0 1 0 2 5 1 1 1 0.721918 0.000000 
2 3 1 3 3 0 0 1 15 12 13 4 4 1 0.954327 0.000000 
2 3 0 3 3 0 0 1 15 12 13 4 4 1 0.551310 0.000000 
2 3 0 0 0 2 0 1 0 2 5 1 1 1 0.573587 0.000000 
2 3 0 1 1 1 1 1 5 5 1 2 2 1 0.626995 0.000000 
2 3 0 1 3 3 1 0 7 15 21 4 4 1 0.678519 0.000000 
2 3 0 0 2 2 1 0 2 10 17 3 3 1 0.688085 0.000000 
2 3 0 3 0 2 0 0 12 2 49 1 1 1 0.833026 0.000000 
2 3 0 1 3 3 1 0 7 15 21 4 4 1 0.755988 0.000000 
2 3 0 3 0 2 0 0 12 2 49 1 1 1 0.753256 0.000000 
2 3 0 0 2 2 1 0 2 10 17 3 3 1 1.311504 0.000000 
2 3 0 2 1 1 1 0 9 5 23 2 2 1 0.727742 0.000000 
2 3 0 2 1 1 1 0 9 5 23 2 2 1 0.638793 0.000000 
2 3 0 3 0 0 1 0 12 0 25 1 1 1 0.953615 0.000000 
2 3 0 3 3 0 0 1 15 12 13 4 4 1 0.647849 0.000000 
2 3 1 1 1 3 0 1 5 7 9 2 2 1 1.306224 0.000000 
2 3 0 0 0 2 0 1 0 2 5 1 1 1 0.642734 0.000000 
2 3 0 0 0 2 0 1 0 2 5 1 1 1 0.620627 0.000000 
2 3 0 2 1 3 0 0 9 7 43 2 2 1 0.832006 0.000000 
2 3 0 3 3 0 0 1 15 12 13 4 4 1 0.667742 0.000000 
2 3 1 3 3 3 1 1 15 15 3 4 4 1 0.837235 0.000000 
2 3 0 3 0 2 0 0 12 2 49 1 1 1 0.720192 0.000000 
2 3 0 3 3 0 0 1 15 12 13 4 4 1 0.919817 0.000000 
2 3 0 3 0 2 0 0 12 2 49 1 1 1 0.823468 0.000000 
2 3 0 2 1 1 1 0 9 5 23 2 2 1 0.771075 0.000000 
2 3 0 1 3 0 0 0 7 12 44 4 4 1 1.095703 0.000000 
2 3 0 2 2 2 1 1 10 10 2 3 3 1 0.720617 0.000000 
2 3 0 1 3 0 0 0 7 12 44 4 4 1 0.856316 0.000000 
2 3 0 3 3 0 0 1 15 12 13 4 4 1 0.658502 0.000000 
2 3 0 2 2 2 1 1 10 10 2 3 3 1 1.276762 0.000000 
2 3 1 1 1 3 0 1 5 7 9 2 2 1 0.790552 0.000000 
2 3 0 2 2 2 1 1 10 10 2 3 3 1 1.091520 0.000000 
2 3 1 1 3 3 1 0 7 15 21 2 2 1 1.051535 0.000000 
2 3 0 1 1 3 0 1 5 7 9 2 2 1 1.389963 0.000000 
2 3 0 3 3 0 0 1 15 12 13 4 4 1 0.627054 0.000000 
2 3 0 1 3 3 1 0 7 15 21 4 4 1 1.126654 0.000000 
2 3 0 2 1 1 1 0 9 5 23 2 2 1 1.198392 0.000000 
2 3 0 0 0 0 1 1 0 0 0 1 1 1 0.571425 0.000000 
2 3 0 3 0 0 1 0 12 0 25 1 1 1 0.712975 0.000000 
2 3 0 2 1 1 1 0 9 5 23 2 3 0 0.656209 0.000000 
2 3 0 0 0 0 1 1 0 0 0 1 1 1 0.550462 0.000000 
2 3 0 3 0 2 0 0 12 2 49 1 1 1 0.700134 0.000000 
2 3 0 2 1 3 0 0 9 7 43 2 2 1 0.820305 0.000000 
2 3 0 2 1 1 1 0 9 5 23 2 2 1 0.615938 0.000000 
2 3 0 2 2 2 1 1 10 10 2 3 3 1 0.635993 0.000000 
2 3 0 0 2 1 0 0 2 9 32 3 3 1 0.606372 0.000000 
2 3 0 2 2 1 0 1 10 9 11 3 3 1 0.610547 0.000000 
2 3 0 1 3 0 0 0 7 12 44 4 4 1 0.717545 0.000000 
2 3 1 2 2 2 1 1 10 10 2 3 3 1 0.868587 0.000000 
2 3 0 1 3 3 1 0 7 15 21 4 4 1 0.718239 0.000000 
2 3 1 2 1 3 0 0 9 7 43 3 3 1 1.157723 0.000000 
2 3 0 3 0 0 1 0 12 0 25 1 1 1 1.019606 0.000000 
2 3 0 0 2 1 0 0 2 9 32 3 3 1 0.887308 0.000000 
2 3 0 0 2 2 1 0 2 10 17 3 3 1 0.520224 0.000000 
2 3 0 1 3 3 1 0 7 15 21 4 4 1 0.614741 0.000000 
2 3 0 2 1 1 1 0 9 5 23 2 2 1 0.730933 0.000000 
2 3 0 3 3 3 1 1 15 15 3 4 4 1 0.594516 0.000000 
2 3 1 2 2 2 1 1 10 10 2 3 3 1 0.671357 0.000000 
2 3 1 2 1 3 0 0 9 7 43 3 3 1 0.816896 0.000000 
2 3 0 3 3 3 1 1 15 15 3 4 4 1 0.636467 0.000000 
2 3 0 0 0 2 0 1 0 2 5 1 1 1 0.703411 0.000000 
2 3 0 0 2 1 0 0 2 9 32 3 3 1 0.615667 0.000000 
2 3 0 3 3 0 0 1 15 12 13 4 4 1 0.834839 0.000000 
2 3 0 0 2 1 0 0 2 9 32 3 3 1 0.693723 0.000000 
2 3 0 2 1 3 0 0 9 7 43 2 2 1 0.726948 0.000000 
2 3 0 3 0 2 0 0 12 2 49 1 1 1 0.758232 0.000000 
2 3 1 1 3 0 0 0 7 12 44 2 2 1 1.516466 0.000000 
2 3 0 0 2 2 1 0 2 10 17 3 3 1 1.276416 0.000000 
2 3 1 2 2 1 0 1 10 9 11 3 3 1 1.038109 0.000000 
2 3 1 0 2 1 0 0 2 9 32 1 1 1 0.712218 0.000000 
2 3 0 1 1 3 0 1 5 7 9 2 2 1 0.704437 0.000000 
2 3 1 1 1 3 0 1 5 7 9 2 2 1 0.880621 0.000000 
2 3 0 3 3 0 0 1 15 12 13 4 4 1 0.698263 0.000000 
2 3 0 3 3 3 1 1 15 15 3 4 4 1 0.587117 0.000000 
2 3 0 2 1 1 1 0 9 5 23 2 2 1 0.807909 0.000000 
2 3 0 1 1 3 0 1 5 7 9 2 2 1 0.580599 0.000000 
2 3 1 1 3 3 1 0 7 15 21 2 2 1 1.353776 0.000000 
2 3 0 3 0 2 0 0 12 2 49 1 1 1 0.775264 0.000000 
2 3 0 0 0 0 1 1 0 0 0 1 1 1 0.508909 0.000000 
2 3 1 0 2 1 0 0 2 9 32 1 3 0 0.916678 0.000000 
2 4 0 0 2 1 0 0 2 9 32 3 3 1 1.228955 0.000000 
2 4 0 2 1 3 0 0 9 7 43 2 2 1 0.783083 0.000000 
2 4 0 0 0 2 0 1 0 2 5 1 1 1 0.636006 0.000000 
2 4 0 2 2 2 1 1 10 10 2 3 3 1 0.590780 0.000000 
2 4 0 0 2 2 1 0 2 10 17 3 3 1 0.731825 0.000000 
2 4 0 3 0 0 1 0 12 0 25 1 1 1 0.611361 0.000000 
2 4 0 0 0 0 1 1 0 0 0 1 1 1 0.503582 0.000000 
2 4 1 1 3 0 0 0 7 12 44 2 2 1 0.911645 0.000000 
2 4 0 3 0 0 1 0 12 0 25 1 1 1 1.607056 0.000000 
2 4 0 1 3 3 1 0 7 15 21 4 4 1 0.699606 0.000000 
2 4 0 0 2 1 0 0 2 9 32 3 3 1 0.588408 0.000000 
2 4 0 1 1 3 0 1 5 7 9 2 2 1 0.616636 0.000000 
2 4 0 1 3 3 1 0 7 15 21 4 4 1 0.628252 0.000000 
2 4 0 2 2 2 1 1 10 10 2 3 3 1 0.575705 0.000000 
2 4 0 1 1 3 0 1 5 7 9 2 2 1 0.581273 0.000000 
2 4 0 1 3 3 1 0 7 15 21 4 4 1 0.650796 0.000000 
2 4 0 1 3 3 1 0 7 15 21 4 4 1 0.484058 0.000000 
2 4 1 1 1 1 1 1 5 5 1 2 2 1 0.780757 0.000000 
2 4 0 2 1 1 1 0 9 5 23 2 2 1 0.858395 0.000000 
2 4 0 0 0 2 0 1 0 2 5 1 1 1 0.716706 0.000000 
2 4 0 1 3 0 0 0 7 12 44 4 4 1 0.572251 0.000000 
2 4 0 0 2 2 1 0 2 10 17 3 3 1 0.633809 0.000000 
2 4 0 0 2 1 0 0 2 9 32 3 4 0 0.524692 0.000000 
2 4 0 1 3 0 0 0 7 12 44 4 4 1 0.807933 0.000000 
2 4 1 3 3 3 1 1 15 15 3 4 4 1 0.795933 0.000000 
2 4 1 1 3 0 0 0 7 12 44 2 2 1 0.831869 0.000000 
2 4 1 3 3 3 1 1 15 15 3 4 4 1 0.795415 0.000000 
2 4 1 1 3 0 0 0 7 12 44 2 2 1 0.728394 0.000000 
2 4 0 2 1 3 0 0 9 7 43 2 2 1 1.016297 0.000000 
2 4 1 2 2 1 0 1 10 9 11 3 3 1 1.659697 0.000000 
2 4 0 1 3 3 1 0 7 15 21 4 4 1 0.694268 0.000000 
2 4 0 0 0 0 1 1 0 0 0 1 1 1 0.655174 0.000000 
2 4 0 3 0 2 0 0 12 2 49 1 1 1 0.648366 0.000000 
2 4 0 3 0 0 1 0 12 0 25 1 1 1 0.515242 0.000000 
2 4 1 3 0 2 0 0 12 2 49 4 4 1 0.811411 0.000000 
2 4 0 1 3 0 0 0 7 12 44 4 2 0 0.799697 0.000000 
2 4 1 2 1 3 0 0 9 7 43 3 2 0 1.560170 0.000000 
2 4 0 3 3 0 0 1 15 12 13 4 4 1 0.930777 0.000000 
2 4 0 0 2 1 0 0 2 9 32 3 3 1 0.889941 0.000000 
2 4 0 0 0 2 0 1 0 2 5 1 1 1 0.673906 0.000000 
2 4 1 1 3 0 0 0 7 12 44 2 2 1 0.755445 0.000000 
2 4 1 2 1 3 0 0 9 7 43 3 2 0 1.281739 0.000000 
2 4 1 2 1 3 0 0 9 7 43 3 3 1 1.263661 0.000000 
2 4 0 2 1 1 1 0 9 5 23 2 2 1 1.073493 0.000000 
2 4 0 2 1 1 1 0 9 5 23 2 2 1 1.243157 0.000000 
2 4 0 1 3 0 0 0 7 12 44 4 3 0 0.654305 0.000000 
2 4 1 0 2 1 0 0 2 9 32 1 1 1 1.003343 0.000000 
2 4 0 2 1 1 1 0 9 5 23 2 2 1 0.879414 0.000000 
2 4 1 3 3 0 0 1 15 12 13 4 4 1 0.737010 0.000000 
2 4 1 3 3 0 0 1 15 12 13 4 4 1 0.712004 0.000000 
2 4 0 0 0 2 0 1 0 2 5 1 1 1 0.784198 0.000000 
2 4 0 0 0 2 0 1 0 2 5 1 1 1 0.565111 0.000000 
2 4 0 3 3 0 0 1 15 12 13 4 4 1 0.642368 0.000000 
2 4 1 3 3 3 1 1 15 15 3 4 4 1 0.709494 0.000000 
2 4 0 1 1 1 1 1 5 5 1 2 2 1 0.757369 0.000000 
2 4 1 1 3 3 1 0 7 15 21 2 2 1 1.051627 0.000000 
2 4 0 1 3 0 0 0 7 12 44 4 4 1 0.870003 0.000000 
2 4 0 3 0 0 1 0 12 0 25 1 1 1 0.615552 0.000000 
2 4 0 3 0 0 1 0 12 0 25 1 1 1 0.683849 0.000000 
2 4 1 2 2 2 1 1 10 10 2 3 3 1 0.716698 0.000000 
2 4 0 1 1 3 0 1 5 7 9 2 2 1 0.723330 0.000000 
2 4 0 0 0 0 1 1 0 0 0 1 1 1 0.610815 0.000000 
2 4 0 2 1 3 0 0 9 7 43 2 2 1 0.710916 0.000000 
2 4 1 0 0 0 1 1 0 0 0 1 1 1 1.007269 0.000000 
2 4 0 1 3 3 1 0 7 15 21 4 4 1 0.707588 0.000000 
2 4 0 0 0 0 1 1 0 0 0 1 1 1 0.547637 0.000000 
2 4 1 2 2 1 0 1 10 9 11 3 3 1 1.265940 0.000000 
2 4 0 3 0 2 0 0 12 2 49 1 1 1 0.972005 0.000000 
2 4 0 0 0 2 0 1 0 2 5 1 1 1 0.632481 0.000000 
2 4 1 2 2 2 1 1 10 10 2 3 3 1 0.627901 0.000000 
2 4 0 2 1 1 1 0 9 5 23 2 2 1 0.727530 0.000000 
2 4 0 3 0 2 0 0 12 2 49 1 1 1 0.711026 0.000000 
2 4 1 2 2 1 0 1 10 9 11 3 3 1 0.727258 0.000000 
2 4 0 1 3 3 1 0 7 15 21 4 4 1 0.622933 0.000000 
2 4 0 3 0 0 1 0 12 0 25 1 1 1 0.586429 0.000000 
2 4 0 2 2 1 0 1 10 9 11 3 3 1 0.735278 0.000000 
2 4 1 1 1 1 1 1 5 5 1 2 2 1 0.861205 0.000000 
2 4 0 0 0 2 0 1 0 2 5 1 1 1 0.639494 0.000000 
2 4 0 3 0 2 0 0 12 2 49 1 1 1 0.642360 0.000000 
2 4 0 1 1 1 1 1 5 5 1 2 2 1 0.653227 0.000000 
2 4 1 3 3 0 0 1 15 12 13 4 4 1 0.975431 0.000000 
2 4 1 2 1 3 0 0 9 7 43 3 3 1 1.036985 0.000000 
2 4 0 1 1 1 1 1 5 5 1 2 2 1 0.776150 0.000000 
2 4 0 3 0 2 0 0 12 2 49 1 4 0 0.573652 0.000000 
2 4 0 1 1 1 1 1 5 5 1 2 2 1 0.589940 0.000000 
2 4 0 0 2 1 0 0 2 9 32 3 3 1 0.690680 0.000000 
2 4 1 3 0 0 1 0 12 0 25 4 4 1 0.915432 0.000000 
2 4 1 3 3 3 1 1 15 15 3 4 4 1 0.787826 0.000000 
2 4 0 2 1 3 0 0 9 7 43 2 2 1 1.264751 0.000000 
2 4 0 3 3 3 1 1 15 15 3 4 4 1 0.595165 0.000000 
2 4 0 3 3 3 1 1 15 15 3 4 4 1 0.526943 0.000000 
2 4 0 1 1 1 1 1 5 5 1 2 2 1 0.622517 0.000000 
2 4 0 2 1 1 1 0 9 5 23 2 3 0 0.746023 0.000000 
2 4 0 0 0 2 0 1 0 2 5 1 1 1 0.684811 0.000000 
2 4 0 2 1 3 0 0 9 7 43 2 2 1 0.957386 0.000000 
2 4 0 2 1 1 1 0 9 5 23 2 2 1 0.955686 0.000000 
2 4 0 3 3 0 0 1 15 12 13 4 4 1 0.682029 0.000000 
2 4 0 1 1 3 0 1 5 7 9 2 2 1 0.715629 0.000000 
2 4 0 2 1 3 0 0 9 7 43 2 2 1 0.891812 0.000000 
2 4 0 3 3 3 1 1 15 15 3 4 4 1 0.627808 0.000000 
2 4 0 2 2 2 1 1 10 10 2 3 3 1 0.615342 0.000000 
2 4 0 1 1 1 1 1 5 5 1 2 2 1 0.787517 0.000000 
2 4 0 2 2 2 1 1 10 10 2 3 3 1 1.056480 0.000000 
2 4 0 0 2 1 0 0 2 9 32 3 3 1 0.586816 0.000000 
2 4 1 3 3 0 0 1 15 12 13 4 4 1 0.839707 0.000000 
2 4 0 3 0 0 1 0 12 0 25 1 1 1 0.610698 0.000000 
2 4 0 1 1 1 1 1 5 5 1 2 2 1 0.646807 0.000000 
2 4 0 2 2 1 0 1 10 9 11 3 3 1 0.648670 0.000000 
2 4 1 1 3 3 1 0 7 15 21 2 2 1 1.187877 0.000000 
2 4 1 2 2 1 0 1 10 9 11 3 3 1 0.856628 0.000000 
2 4 0 3 0 0 1 0 12 0 25 1 1 1 0.714973 0.000000 
2 4 0 2 2 2 1 1 10 10 2 3 3 1 0.587199 0.000000 
2 4 0 0 0 2 0 1 0 2 5 1 1 1 0.576019 0.000000 
2 4 0 0 2 2 1 0 2 10 17 3 3 1 0.757574 0.000000 
2 4 0 0 2 1 0 0 2 9 32 3 3 1 0.579611 0.000000 
2 4 0 3 0 0 1 0 12 0 25 1 1 1 0.664641 0.000000 
2 4 0 2 2 1 0 1 10 9 11 3 3 1 0.610459 0.000000 
2 4 1 3 3 3 1 1 15 15 3 4 4 1 0.774619 0.000000 
2 4 0 0 2 1 0 0 2 9 32 3 3 1 0.708337 0.000000 
2 4 1 0 0 0 1 1 0 0 0 1 1 1 0.908551 0.000000 
2 4 1 0 2 2 1 0 2 10 17 1 1 1 1.196884 0.000000 
2 4 0 3 0 2 0 0 12 2 49 1 1 1 1.385937 0.000000 
2 4 0 0 0 0 1 1 0 0 0 1 1 1 0.710119 0.000000 
2 4 0 2 1 3 0 0 9 7 43 2 2 1 0.766291 0.000000 
2 4 0 3 3 0 0 1 15 12 13 4 4 1 0.627887 0.000000 
2 4 1 3 3 0 0 1 15 12 13 4 4 1 0.687414 0.000000 
2 4 0 1 1 3 0 1 5 7 9 2 2 1 0.816320 0.000000 
2 4 0 0 2 1 0 0 2 9 32 3 3 1 0.819962 0.000000 
2 4 1 2 1 3 0 0 9 7 43 3 3 1 1.303542 0.000000 
2 4 1 1 1 1 1 1 5 5 1 2 2 1 1.518941 0.000000 
2 4 0 0 2 1 0 0 2 9 32 3 1 0 0.814237 0.000000 
2 4 0 2 1 1 1 0 9 5 23 2 2 1 1.030376 0.000000 
2 4 0 0 2 2 1 0 2 10 17 3 3 1 1.001768 0.000000 
2 4 0 2 2 1 0 1 10 9 11 3 3 1 0.606083 0.000000 
2 4 1 3 3 0 0 1 15 12 13 4 4 1 0.738356 0.000000 
2 4 0 2 2 2 1 1 10 10 2 3 3 1 1.025271 0.000000 
2 4 0 0 2 2 1 0 2 10 17 3 3 1 0.691906 0.000000 
2 4 0 2 2 1 0 1 10 9 11 3 3 1 0.556845 0.000000 
2 4 0 1 3 3 1 0 7 15 21 4 4 1 0.642912 0.000000 
2 4 1 3 0 0 1 0 12 0 25 4 4 1 0.901821 0.000000 
2 4 0 0 2 1 0 0 2 9 32 3 3 1 0.806194 0.000000 
2 4 0 1 3 3 1 0 7 15 21 4 4 1 0.706464 0.000000 
2 4 0 3 3 0 0 1 15 12 13 4 4 1 0.578667 0.000000 
2 4 1 2 1 3 0 0 9 7 43 3 2 0 1.136197 0.000000 
2 4 0 0 2 2 1 0 2 10 17 3 3 1 0.698088 0.000000 
2 4 0 2 1 3 0 0 9 7 43 2 2 1 0.938713 0.000000 
2 4 0 1 3 3 1 0 7 15 21 4 4 1 0.721695 0.000000 
2 4 0 2 2 1 0 1 10 9 11 3 3 1 0.673244 0.000000 
2 4 0 1 3 0 0 0 7 12 44 4 4 1 0.834822 0.000000 
2 4 1 1 3 3 1 0 7 15 21 2 2 1 1.189744 0.000000 
2 4 1 3 3 3 1 1 15 15 3 4 4 1 0.769928 0.000000 
2 4 0 1 1 1 1 1 5 5 1 2 2 1 0.655457 0.000000 
2 4 0 1 1 3 0 1 5 7 9 2 2 1 0.809655 0.000000 
2 4 0 3 3 3 1 1 15 15 3 4 4 1 0.541919 0.000000 
2 4 0 0 0 2 0 1 0 2 5 1 1 1 0.676774 0.000000 
2 4 0 2 2 1 0 1 10 9 11 3 3 1 0.630293 0.000000 
2 4 0 2 1 3 0 0 9 7 43 2 2 1 0.705836 0.000000 
2 4 0 0 2 1 0 0 2 9 32 3 3 1 1.098092 0.000000 
2 4 0 1 1 1 1 1 5 5 1 2 2 1 0.578213 0.000000 
2 4 1 3 3 3 1 1 15 15 3 4 4 1 0.663600 0.000000 
2 4 0 2 2 1 0 1 10 9 11 3 3 1 0.569824 0.000000 
2 4 0 0 0 0 1 1 0 0 0 1 1 1 0.543345 0.000000 
2 4 0 3 3 0 0 1 15 12 13 4 4 1 1.150233 0.000000 
2 4 0 2 1 1 1 0 9 5 23 2 2 1 0.788598 0.000000 
2 4 0 3 3 3 1 1 15 15 3 4 4 1 0.577520 0.000000 
2 4 0 1 3 0 0 0 7 12 44 4 4 1 0.887365 0.000000 
2 4 1 1 3 3 1 0 7 15 21 2 2 1 0.823064 0.000000 
2 4 0 1 1 1 1 1 5 5 1 2 2 1 1.090639 0.000000 
2 4 0 1 3 3 1 0 7 15 21 4 4 1 1.139676 0.000000 
2 4 0 1 1 3 0 1 5 7 9 2 2 1 0.730746 0.000000 
2 4 0 3 0 0 1 0 12 0 25 1 1 1 0.682304 0.000000 
2 4 1 2 2 1 0 1 10 9 11 3 3 1 1.123849 0.000000 
2 4 0 2 2 2 1 1 10 10 2 3 3 1 0.803585 0.000000 
2 4 1 3 3 0 0 1 15 12 13 4 4 1 1.142956 0.000000 
2 4 0 0 2 2 1 0 2 10 17 3 3 1 1.053950 0.000000 
2 4 0 0 0 2 0 1 0 2 5 1 1 1 0.672315 0.000000 
2 4 0 3 3 3 1 1 15 15 3 4 4 1 0.833856 0.000000 
2 4 0 1 1 1 1 1 5 5 1 2 2 1 0.628813 0.000000 
2 4 0 0 0 2 0 1 0 2 5 1 1 1 1.224422 0.000000 
2 4 0 0 0 2 0 1 0 2 5 1 1 1 0.596110 0.000000 
2 4 1 0 0 0 1 1 0 0 0 1 1 1 0.872050 0.000000 
2 4 1 3 3 3 1 1 15 15 3 4 4 1 0.649556 0.000000 
2 4 1 0 0 0 1 1 0 0 0 1 1 1 0.692058 0.000000 
2 4 0 3 3 0 0 1 15 12 13 4 4 1 0.876691 0.000000 
2 4 0 0 2 2 1 0 2 10 17 3 3 1 0.718284 0.000000 
2 4 0 2 1 3 0 0 9 7 43 2 2 1 0.709864 0.000000 
2 4 0 3 0 0 1 0 12 0 25 1 1 1 0.638115 0.000000 
2 4 0 2 2 2 1 1 10 10 2 3 3 1 0.608963 0.000000 
2 4 0 1 1 3 0 1 5 7 9 2 2 1 0.724283 0.000000 
2 4 0 0 2 2 1 0 2 10 17 3 3 1 0.708130 0.000000 
2 4 0 0 2 1 0 0 2 9 32 3 3 1 0.555988 0.000000 
2 4 0 0 2 2 1 0 2 10 17 3 3 1 0.562208 0.000000 
