16 1 0 2 2 2 1 1 10 10 2 3 3 1 1.811900 0.000000 
16 1 0 1 3 3 1 0 7 15 21 4 4 1 1.656329 0.000000 
16 1 1 2 2 0 0 1 10 8 10 3 3 1 2.754944 0.000000 
16 1 1 1 3 2 0 0 7 14 43 2 2 1 2.328903 0.000000 
16 1 0 2 2 2 1 1 10 10 2 3 3 1 1.664989 0.000000 
16 1 0 3 3 3 1 1 15 15 3 4 4 1 0.923609 0.000000 
16 1 0 2 2 2 1 1 10 10 2 3 3 1 1.075304 0.000000 
16 1 0 3 2 0 0 0 14 8 53 3 3 1 2.180173 0.000000 
16 1 0 0 0 1 0 1 0 1 4 1 1 1 1.602111 0.000000 
16 1 1 2 2 0 0 1 10 8 10 3 3 1 1.894705 0.000000 
16 1 0 3 2 2 1 0 14 10 27 3 3 1 1.592048 0.000000 
16 1 0 3 3 2 0 1 15 14 15 4 4 1 0.997234 0.000000 
16 1 0 1 1 1 1 1 5 5 1 2 2 1 0.794216 0.000000 
16 1 0 0 1 1 1 0 1 5 16 2 2 1 0.719139 0.000000 
16 1 0 0 1 1 1 0 1 5 16 2 2 1 0.630694 0.000000 
16 1 0 0 0 1 0 1 0 1 4 1 1 1 1.385195 0.000000 
16 1 0 3 2 0 0 0 14 8 53 3 3 1 1.038375 0.000000 
16 1 0 0 0 1 0 1 0 1 4 1 1 1 0.753327 0.000000 
16 1 0 3 3 2 0 1 15 14 15 4 4 1 0.799601 0.000000 
16 1 1 2 2 0 0 1 10 8 10 3 3 1 1.508056 0.000000 
16 1 0 1 3 2 0 0 7 14 43 4 4 1 1.044380 0.000000 
16 1 0 1 3 3 1 0 7 15 21 4 4 1 0.790332 0.000000 
16 1 0 0 0 0 1 1 0 0 0 1 1 1 0.643290 0.000000 
16 1 0 0 1 1 1 0 1 5 16 2 2 1 0.606153 0.000000 
16 1 1 2 2 2 1 1 10 10 2 3 3 1 1.186318 0.000000 
16 1 0 3 2 2 1 0 14 10 27 3 3 1 0.783361 0.000000 
16 1 0 3 2 2 1 0 14 10 27 3 3 1 0.564244 0.000000 
16 1 0 2 2 0 0 1 10 8 10 3 3 1 0.954407 0.000000 
16 1 0 3 3 3 1 1 15 15 3 4 4 1 0.744790 0.000000 
16 1 0 0 1 3 0 0 1 7 30 2 2 1 0.871675 0.000000 
16 1 1 0 1 1 1 0 1 5 16 1 1 1 1.560339 0.000000 
16 1 0 2 2 2 1 1 10 10 2 3 3 1 0.942828 0.000000 
16 1 0 2 0 0 1 0 8 0 22 1 1 1 0.797718 0.000000 
16 1 0 1 3 3 1 0 7 15 21 4 4 1 0.810679 0.000000 
16 1 1 1 1 3 0 1 5 7 9 2 2 1 1.150956 0.000000 
16 1 0 0 1 3 0 0 1 7 30 2 2 1 0.693301 0.000000 
16 1 0 1 3 2 0 0 7 14 43 4 4 1 0.781157 0.000000 
16 1 0 2 0 0 1 0 8 0 22 1 1 1 1.234744 0.000000 
16 1 0 3 3 3 1 1 15 15 3 4 4 1 0.669791 0.000000 
16 1 0 2 2 0 0 1 10 8 10 3 3 1 0.847390 0.000000 
16 1 0 2 2 2 1 1 10 10 2 3 3 1 0.922327 0.000000 
16 1 1 3 2 0 0 0 14 8 53 4 4 1 1.633977 0.000000 
16 1 0 0 1 1 1 0 1 5 16 2 2 1 1.093228 0.000000 
16 1 0 2 0 0 1 0 8 0 22 1 1 1 0.741211 0.000000 
16 1 0 1 3 3 1 0 7 15 21 4 4 1 0.756061 0.000000 
16 1 0 3 3 2 0 1 15 14 15 4 4 1 0.866346 0.000000 
16 1 0 2 2 2 1 1 10 10 2 3 3 1 0.860181 0.000000 
16 1 0 0 0 1 0 1 0 1 4 1 1 1 1.038255 0.000000 
16 1 0 3 3 2 0 1 15 14 15 4 4 1 0.713237 0.000000 
16 1 0 0 1 1 1 0 1 5 16 2 2 1 1.025470 0.000000 
16 1 0 2 0 0 1 0 8 0 22 1 1 1 0.660046 0.000000 
16 1 1 3 3 2 0 1 15 14 15 4 4 1 1.286338 0.000000 
16 1 0 0 1 1 1 0 1 5 16 2 2 1 0.679431 0.000000 
16 1 0 1 3 2 0 0 7 14 43 4 4 1 0.976917 0.000000 
16 1 0 3 2 2 1 0 14 10 27 3 3 1 0.878588 0.000000 
16 1 0 2 0 0 1 0 8 0 22 1 1 1 1.144208 0.000000 
16 1 0 1 3 2 0 0 7 14 43 4 4 1 0.791261 0.000000 
16 1 0 3 2 2 1 0 14 10 27 3 1 0 0.716143 0.000000 
16 1 0 0 1 1 1 0 1 5 16 2 2 1 0.870734 0.000000 
16 1 0 0 0 0 1 1 0 0 0 1 1 1 0.663858 0.000000 
16 1 1 1 3 2 0 0 7 14 43 2 2 1 1.578017 0.000000 
16 1 1 0 0 1 0 1 0 1 4 1 1 1 0.975933 0.000000 
16 1 1 0 1 1 1 0 1 5 16 1 1 1 1.237621 0.000000 
16 1 1 2 0 0 1 0 8 0 22 3 3 1 1.392653 0.000000 
16 1 0 3 2 0 0 0 14 8 53 3 3 1 1.085854 0.000000 
16 1 0 3 2 0 0 0 14 8 53 3 3 1 0.637842 0.000000 
16 1 0 0 0 1 0 1 0 1 4 1 1 1 0.720719 0.000000 
16 1 0 3 2 0 0 0 14 8 53 3 3 1 0.832237 0.000000 
16 1 0 2 0 1 0 0 8 1 41 1 1 1 0.915860 0.000000 
16 1 0 2 2 2 1 1 10 10 2 3 3 1 1.380005 0.000000 
16 1 0 0 1 3 0 0 1 7 30 2 2 1 0.905302 0.000000 
16 1 1 0 1 3 0 0 1 7 30 1 1 1 1.569629 0.000000 
16 1 0 3 2 0 0 0 14 8 53 3 3 1 0.830452 0.000000 
16 1 0 0 1 1 1 0 1 5 16 2 2 1 0.946010 0.000000 
16 1 0 0 0 0 1 1 0 0 0 1 1 1 0.681034 0.000000 
16 1 0 2 0 0 1 0 8 0 22 1 1 1 0.962555 0.000000 
16 1 0 1 3 2 0 0 7 14 43 4 4 1 1.416915 0.000000 
16 1 0 2 0 1 0 0 8 1 41 1 1 1 0.932684 0.000000 
16 1 1 2 2 2 1 1 10 10 2 3 3 1 1.276166 0.000000 
16 1 0 0 0 1 0 1 0 1 4 1 1 1 0.676441 0.000000 
16 1 0 1 3 3 1 0 7 15 21 4 4 1 0.613966 0.000000 
16 1 0 1 3 2 0 0 7 14 43 4 4 1 0.794125 0.000000 
16 1 0 1 1 1 1 1 5 5 1 2 2 1 0.726963 0.000000 
16 1 0 0 0 1 0 1 0 1 4 1 1 1 0.766603 0.000000 
16 1 0 2 2 2 1 1 10 10 2 3 3 1 1.476148 0.000000 
16 1 1 0 1 3 0 0 1 7 30 1 1 1 1.566034 0.000000 
16 1 0 0 0 1 0 1 0 1 4 1 1 1 0.819090 0.000000 
16 1 0 1 3 3 1 0 7 15 21 4 4 1 0.670486 0.000000 
16 1 0 2 0 0 1 0 8 0 22 1 1 1 0.784012 0.000000 
16 1 0 2 0 0 1 0 8 0 22 1 1 1 0.580922 0.000000 
16 1 1 3 2 0 0 0 14 8 53 4 4 1 1.778484 0.000000 
16 1 0 1 1 1 1 1 5 5 1 2 2 1 0.784400 0.000000 
16 1 0 1 1 3 0 1 5 7 9 2 2 1 1.340355 0.000000 
16 1 0 0 0 1 0 1 0 1 4 1 1 1 0.899461 0.000000 
16 1 0 1 3 2 0 0 7 14 43 4 4 1 1.555941 0.000000 
16 1 0 3 3 2 0 1 15 14 15 4 4 1 1.002253 0.000000 
16 1 0 2 0 1 0 0 8 1 41 1 1 1 0.854543 0.000000 
16 1 0 3 2 2 1 0 14 10 27 3 3 1 1.000868 0.000000 
16 1 1 2 2 0 0 1 10 8 10 3 3 1 1.565227 0.000000 
16 1 0 0 1 3 0 0 1 7 30 2 2 1 1.098724 0.000000 
16 1 0 0 0 1 0 1 0 1 4 1 1 1 0.723725 0.000000 
16 1 1 1 1 3 0 1 5 7 9 2 0 0 5.000003 0.000000 
16 1 0 3 3 3 1 1 15 15 3 4 4 1 0.717018 0.000000 
16 1 0 1 1 1 1 1 5 5 1 2 2 1 1.132301 0.000000 
16 1 0 3 3 3 1 1 15 15 3 4 4 1 0.786963 0.000000 
16 1 0 2 2 2 1 1 10 10 2 3 3 1 1.247984 0.000000 
16 1 0 0 1 1 1 0 1 5 16 2 2 1 0.811002 0.000000 
16 1 0 3 3 3 1 1 15 15 3 4 4 1 0.519281 0.000000 
16 1 0 1 3 2 0 0 7 14 43 4 4 1 0.926781 0.000000 
16 1 0 0 0 1 0 1 0 1 4 1 1 1 0.670398 0.000000 
16 1 0 0 0 1 0 1 0 1 4 1 1 1 0.663929 0.000000 
16 1 0 3 3 3 1 1 15 15 3 4 4 1 0.618045 0.000000 
16 1 1 0 1 1 1 0 1 5 16 1 2 0 1.220605 0.000000 
16 1 0 3 2 2 1 0 14 10 27 3 3 1 0.908387 0.000000 
16 1 1 1 1 3 0 1 5 7 9 2 2 1 1.692247 0.000000 
16 1 0 2 2 2 1 1 10 10 2 3 3 1 1.029428 0.000000 
16 1 1 3 2 2 1 0 14 10 27 4 4 1 1.521109 0.000000 
16 1 1 1 3 3 1 0 7 15 21 2 2 1 1.073016 0.000000 
16 1 0 1 1 1 1 1 5 5 1 2 2 1 0.898710 0.000000 
16 1 0 0 0 1 0 1 0 1 4 1 1 1 0.842606 0.000000 
16 1 0 2 2 2 1 1 10 10 2 3 3 1 0.989589 0.000000 
16 1 0 2 0 1 0 0 8 1 41 1 1 1 3.210651 0.000000 
16 1 0 3 2 0 0 0 14 8 53 3 3 1 0.807765 0.000000 
16 1 1 3 3 3 1 1 15 15 3 4 4 1 1.075993 0.000000 
16 1 1 3 2 2 1 0 14 10 27 4 4 1 1.309704 0.000000 
16 1 0 1 1 3 0 1 5 7 9 2 2 1 1.101173 0.000000 
16 1 0 1 1 1 1 1 5 5 1 2 2 1 0.757508 0.000000 
16 1 1 3 2 0 0 0 14 8 53 4 3 0 0.843701 0.000000 
16 1 1 1 1 3 0 1 5 7 9 2 2 1 1.810753 0.000000 
16 1 0 3 2 2 1 0 14 10 27 3 3 1 1.166875 0.000000 
16 1 0 3 2 2 1 0 14 10 27 3 3 1 2.203647 0.000000 
16 1 0 1 3 3 1 0 7 15 21 4 4 1 0.680388 0.000000 
16 1 1 1 1 1 1 1 5 5 1 2 2 1 1.281915 0.000000 
16 1 0 3 2 2 1 0 14 10 27 3 3 1 1.131719 0.000000 
16 1 0 0 1 3 0 0 1 7 30 2 2 1 0.963431 0.000000 
16 1 1 1 1 3 0 1 5 7 9 2 2 1 1.481752 0.000000 
16 1 1 2 2 0 0 1 10 8 10 3 3 1 1.346625 0.000000 
16 1 1 1 3 3 1 0 7 15 21 2 2 1 1.193705 0.000000 
16 1 1 1 3 3 1 0 7 15 21 2 2 1 1.054777 0.000000 
16 1 0 1 1 1 1 1 5 5 1 2 3 0 1.657173 0.000000 
16 1 0 2 2 0 0 1 10 8 10 3 3 1 0.711710 0.000000 
16 1 0 2 2 0 0 1 10 8 10 3 3 1 1.207459 0.000000 
16 1 0 3 3 2 0 1 15 14 15 4 4 1 1.843922 0.000000 
16 1 1 0 0 1 0 1 0 1 4 1 1 1 1.350219 0.000000 
16 1 1 1 3 2 0 0 7 14 43 2 2 1 1.052654 0.000000 
16 1 1 2 0 0 1 0 8 0 22 3 3 1 1.374941 0.000000 
16 1 0 2 0 0 1 0 8 0 22 1 1 1 1.388836 0.000000 
16 1 0 2 0 1 0 0 8 1 41 1 1 1 1.209984 0.000000 
16 1 1 3 3 3 1 1 15 15 3 4 4 1 1.150463 0.000000 
16 1 1 0 1 3 0 0 1 7 30 1 1 1 1.123727 0.000000 
16 1 0 1 3 3 1 0 7 15 21 4 4 1 1.427436 0.000000 
16 1 0 3 3 2 0 1 15 14 15 4 4 1 0.991306 0.000000 
16 1 1 3 3 2 0 1 15 14 15 4 4 1 1.212290 0.000000 
16 1 0 2 0 0 1 0 8 0 22 1 1 1 0.960701 0.000000 
16 1 0 3 2 2 1 0 14 10 27 3 3 1 1.575052 0.000000 
16 1 0 2 2 2 1 1 10 10 2 3 3 1 0.747882 0.000000 
16 1 1 3 3 2 0 1 15 14 15 4 4 1 1.594826 0.000000 
16 1 0 2 2 2 1 1 10 10 2 3 3 1 1.144019 0.000000 
16 1 0 1 3 2 0 0 7 14 43 4 4 1 1.367085 0.000000 
16 1 1 0 1 1 1 0 1 5 16 1 1 1 2.660889 0.000000 
16 1 1 1 3 2 0 0 7 14 43 2 2 1 1.455860 0.000000 
16 1 0 0 0 0 1 1 0 0 0 1 1 1 0.929423 0.000000 
16 1 0 0 1 3 0 0 1 7 30 2 2 1 1.200966 0.000000 
16 1 0 3 2 2 1 0 14 10 27 3 3 1 1.445435 0.000000 
16 1 0 3 3 2 0 1 15 14 15 4 4 1 1.000567 0.000000 
16 1 0 0 1 3 0 0 1 7 30 2 2 1 1.004871 0.000000 
16 1 0 2 2 0 0 1 10 8 10 3 3 1 1.161257 0.000000 
16 1 0 2 2 0 0 1 10 8 10 3 3 1 0.671591 0.000000 
16 1 0 2 2 0 0 1 10 8 10 3 3 1 0.696091 0.000000 
16 1 0 0 0 1 0 1 0 1 4 1 1 1 0.841025 0.000000 
16 1 0 0 1 1 1 0 1 5 16 2 2 1 0.779881 0.000000 
16 1 1 1 1 3 0 1 5 7 9 2 2 1 1.457534 0.000000 
16 1 0 0 0 1 0 1 0 1 4 1 1 1 0.803960 0.000000 
16 1 1 1 1 3 0 1 5 7 9 2 2 1 1.624314 0.000000 
16 1 0 2 2 2 1 1 10 10 2 3 3 1 1.972182 0.000000 
16 1 0 1 1 3 0 1 5 7 9 2 2 1 1.353237 0.000000 
16 1 1 1 1 3 0 1 5 7 9 2 2 1 1.311718 0.000000 
16 1 0 2 2 2 1 1 10 10 2 3 3 1 1.008106 0.000000 
16 1 0 3 2 2 1 0 14 10 27 3 3 1 1.020331 0.000000 
16 1 0 0 1 1 1 0 1 5 16 2 2 1 1.064168 0.000000 
16 1 0 1 3 2 0 0 7 14 43 4 4 1 1.234537 0.000000 
16 1 1 3 3 2 0 1 15 14 15 4 4 1 1.229530 0.000000 
16 1 1 2 2 2 1 1 10 10 2 3 3 1 2.208373 0.000000 
16 1 0 1 1 1 1 1 5 5 1 2 2 1 1.197170 0.000000 
16 1 0 1 1 1 1 1 5 5 1 2 2 1 0.690186 0.000000 
16 1 1 1 1 3 0 1 5 7 9 2 2 1 2.595123 0.000000 
16 1 0 2 0 0 1 0 8 0 22 1 1 1 0.864693 0.000000 
16 1 0 0 1 3 0 0 1 7 30 2 2 1 0.978022 0.000000 
16 1 1 1 3 2 0 0 7 14 43 2 2 1 4.759827 0.000000 
16 1 0 3 2 0 0 0 14 8 53 3 3 1 1.479469 0.000000 
16 1 0 3 3 2 0 1 15 14 15 4 4 1 0.761258 0.000000 
16 1 0 0 0 0 1 1 0 0 0 1 1 1 0.663469 0.000000 
16 2 0 1 1 3 0 1 5 7 9 2 2 1 2.822146 0.000000 
16 2 0 2 0 1 0 0 8 1 41 1 1 1 0.802550 0.000000 
16 2 0 0 1 3 0 0 1 7 30 2 2 1 0.694840 0.000000 
16 2 0 1 1 1 1 1 5 5 1 2 2 1 0.815729 0.000000 
16 2 0 3 2 0 0 0 14 8 53 3 0 0 5.000004 0.000000 
16 2 0 0 1 1 1 0 1 5 16 2 2 1 0.789894 0.000000 
16 2 0 2 2 2 1 1 10 10 2 3 3 1 1.089332 0.000000 
16 2 0 0 1 3 0 0 1 7 30 2 2 1 0.746365 0.000000 
16 2 0 1 1 1 1 1 5 5 1 2 2 1 0.689250 0.000000 
16 2 0 3 2 2 1 0 14 10 27 3 3 1 0.890107 0.000000 
16 2 0 3 3 3 1 1 15 15 3 4 4 1 0.610982 0.000000 
16 2 0 3 3 3 1 1 15 15 3 4 4 1 0.583223 0.000000 
16 2 0 2 0 1 0 0 8 1 41 1 1 1 0.739986 0.000000 
16 2 0 2 0 0 1 0 8 0 22 1 1 1 0.529866 0.000000 
16 2 0 0 1 3 0 0 1 7 30 2 2 1 0.633430 0.000000 
16 2 1 1 3 2 0 0 7 14 43 2 2 1 1.396320 0.000000 
16 2 0 1 1 3 0 1 5 7 9 2 2 1 0.817413 0.000000 
16 2 0 1 1 1 1 1 5 5 1 2 2 1 0.524974 0.000000 
16 2 0 2 0 1 0 0 8 1 41 1 1 1 0.676484 0.000000 
16 2 0 1 1 3 0 1 5 7 9 2 2 1 0.718015 0.000000 
16 2 0 2 2 2 1 1 10 10 2 3 3 1 1.069572 0.000000 
16 2 0 0 0 0 1 1 0 0 0 1 1 1 0.574266 0.000000 
16 2 0 2 2 2 1 1 10 10 2 3 3 1 0.923761 0.000000 
16 2 0 3 3 3 1 1 15 15 3 4 4 1 0.715355 0.000000 
16 2 0 1 3 3 1 0 7 15 21 4 4 1 0.467583 0.000000 
16 2 0 2 2 2 1 1 10 10 2 3 1 0 0.612992 0.000000 
16 2 1 0 1 3 0 0 1 7 30 1 2 0 1.581026 0.000000 
16 2 1 3 3 2 0 1 15 14 15 4 4 1 1.294698 0.000000 
16 2 0 0 0 0 1 1 0 0 0 1 1 1 0.734313 0.000000 
16 2 0 0 1 3 0 0 1 7 30 2 2 1 0.805207 0.000000 
16 2 0 2 0 1 0 0 8 1 41 1 1 1 0.873432 0.000000 
16 2 1 3 3 2 0 1 15 14 15 4 4 1 1.379017 0.000000 
16 2 1 2 0 0 1 0 8 0 22 3 1 0 1.120855 0.000000 
16 2 0 2 0 0 1 0 8 0 22 1 1 1 0.764560 0.000000 
16 2 0 3 3 2 0 1 15 14 15 4 4 1 2.785449 0.000000 
16 2 0 3 3 3 1 1 15 15 3 4 4 1 0.590985 0.000000 
16 2 0 0 1 1 1 0 1 5 16 2 2 1 0.747832 0.000000 
16 2 0 2 2 2 1 1 10 10 2 3 3 1 1.194772 0.000000 
16 2 0 0 1 1 1 0 1 5 16 2 2 1 0.647828 0.000000 
16 2 1 3 3 2 0 1 15 14 15 4 4 1 1.202693 0.000000 
16 2 0 0 0 1 0 1 0 1 4 1 1 1 0.679082 0.000000 
16 2 0 0 0 0 1 1 0 0 0 1 1 1 0.736632 0.000000 
16 2 0 0 1 3 0 0 1 7 30 2 2 1 0.750528 0.000000 
16 2 0 3 3 2 0 1 15 14 15 4 4 1 1.700759 0.000000 
16 2 0 3 2 0 0 0 14 8 53 3 3 1 0.821313 0.000000 
16 2 0 1 1 1 1 1 5 5 1 2 2 1 0.640932 0.000000 
16 2 0 1 1 1 1 1 5 5 1 2 2 1 0.723798 0.000000 
16 2 0 0 1 1 1 0 1 5 16 2 2 1 0.627353 0.000000 
16 2 0 2 2 0 0 1 10 8 10 3 3 1 2.381905 0.000000 
16 2 0 3 3 2 0 1 15 14 15 4 4 1 0.683904 0.000000 
16 2 0 2 0 1 0 0 8 1 41 1 1 1 0.724889 0.000000 
16 2 0 1 3 2 0 0 7 14 43 4 4 1 0.972501 0.000000 
16 2 1 1 1 1 1 1 5 5 1 2 2 1 1.194096 0.000000 
16 2 0 2 0 0 1 0 8 0 22 1 1 1 0.839130 0.000000 
16 2 1 1 1 3 0 1 5 7 9 2 2 1 1.186091 0.000000 
16 2 0 3 3 2 0 1 15 14 15 4 4 1 0.894159 0.000000 
16 2 1 2 0 1 0 0 8 1 41 3 3 1 1.463171 0.000000 
16 2 0 1 3 3 1 0 7 15 21 4 4 1 0.729659 0.000000 
16 2 0 2 2 2 1 1 10 10 2 3 3 1 0.857151 0.000000 
16 2 0 2 0 1 0 0 8 1 41 1 1 1 1.683507 0.000000 
16 2 1 3 3 2 0 1 15 14 15 4 4 1 1.444733 0.000000 
16 2 1 0 1 3 0 0 1 7 30 1 2 0 0.879901 0.000000 
16 2 0 1 1 1 1 1 5 5 1 2 2 1 0.716536 0.000000 
16 2 0 0 1 3 0 0 1 7 30 2 2 1 2.940210 0.000000 
16 2 0 2 0 1 0 0 8 1 41 1 1 1 0.875363 0.000000 
16 2 0 0 1 1 1 0 1 5 16 2 2 1 0.861000 0.000000 
16 2 1 1 3 2 0 0 7 14 43 2 2 1 1.679281 0.000000 
16 2 0 0 0 0 1 1 0 0 0 1 1 1 1.969266 0.000000 
16 2 1 0 1 1 1 0 1 5 16 1 1 1 1.470240 0.000000 
16 2 0 1 3 3 1 0 7 15 21 4 4 1 2.416115 0.000000 
16 2 0 0 1 1 1 0 1 5 16 2 2 1 0.868295 0.000000 
16 2 0 2 0 1 0 0 8 1 41 1 1 1 0.781838 0.000000 
16 2 0 1 3 2 0 0 7 14 43 4 4 1 0.915501 0.000000 
16 2 1 1 3 2 0 0 7 14 43 2 2 1 1.275781 0.000000 
16 2 0 0 0 0 1 1 0 0 0 1 1 1 0.828564 0.000000 
16 2 0 2 2 0 0 1 10 8 10 3 3 1 1.144064 0.000000 
16 2 1 2 0 0 1 0 8 0 22 3 3 1 1.287132 0.000000 
16 2 1 0 0 0 1 1 0 0 0 1 1 1 1.536325 0.000000 
16 2 1 3 2 2 1 0 14 10 27 4 4 1 1.655536 0.000000 
16 2 1 3 2 0 0 0 14 8 53 4 4 1 1.585008 0.000000 
16 2 0 3 3 3 1 1 15 15 3 4 4 1 0.902289 0.000000 
16 2 0 3 2 2 1 0 14 10 27 3 4 0 0.862541 0.000000 
16 2 1 3 2 2 1 0 14 10 27 4 4 1 2.692985 0.000000 
16 2 0 3 3 2 0 1 15 14 15 4 4 1 1.230060 0.000000 
16 2 0 0 1 1 1 0 1 5 16 2 2 1 0.857822 0.000000 
16 2 0 1 3 2 0 0 7 14 43 4 4 1 1.060057 0.000000 
16 2 1 1 1 3 0 1 5 7 9 2 2 1 1.301441 0.000000 
16 2 0 1 3 3 1 0 7 15 21 4 4 1 1.341893 0.000000 
16 2 1 1 3 2 0 0 7 14 43 2 2 1 1.893047 0.000000 
16 2 0 2 2 2 1 1 10 10 2 3 3 1 1.086350 0.000000 
16 2 0 0 1 3 0 0 1 7 30 2 2 1 1.871467 0.000000 
16 2 0 2 0 1 0 0 8 1 41 1 1 1 0.817422 0.000000 
16 2 0 3 3 3 1 1 15 15 3 4 4 1 0.860004 0.000000 
16 2 0 1 1 3 0 1 5 7 9 2 2 1 1.454291 0.000000 
16 2 0 2 0 1 0 0 8 1 41 1 1 1 0.800749 0.000000 
16 2 0 0 1 3 0 0 1 7 30 2 2 1 0.805034 0.000000 
16 2 0 0 0 0 1 1 0 0 0 1 1 1 0.785218 0.000000 
16 2 0 2 0 1 0 0 8 1 41 1 1 1 0.758155 0.000000 
16 2 0 1 1 3 0 1 5 7 9 2 2 1 0.819478 0.000000 
16 2 0 0 0 1 0 1 0 1 4 1 1 1 0.718954 0.000000 
16 2 1 0 1 1 1 0 1 5 16 1 1 1 1.374529 0.000000 
16 2 1 0 1 3 0 0 1 7 30 1 1 1 1.348370 0.000000 
16 2 0 0 0 0 1 1 0 0 0 1 1 1 0.715436 0.000000 
16 2 0 3 3 3 1 1 15 15 3 4 4 1 0.611639 0.000000 
16 2 1 1 3 3 1 0 7 15 21 2 4 0 1.407851 0.000000 
16 2 0 3 2 2 1 0 14 10 27 3 3 1 0.999381 0.000000 
16 2 0 0 0 1 0 1 0 1 4 1 1 1 0.787890 0.000000 
16 2 1 2 0 0 1 0 8 0 22 3 3 1 1.424785 0.000000 
16 2 1 1 3 3 1 0 7 15 21 2 2 1 1.548647 0.000000 
16 2 0 3 2 0 0 0 14 8 53 3 3 1 1.627870 0.000000 
16 2 0 2 2 0 0 1 10 8 10 3 3 1 0.783738 0.000000 
16 2 0 3 2 2 1 0 14 10 27 3 3 1 0.940614 0.000000 
16 2 0 3 2 2 1 0 14 10 27 3 3 1 0.571584 0.000000 
16 2 0 2 2 0 0 1 10 8 10 3 3 1 0.688093 0.000000 
16 2 0 3 3 2 0 1 15 14 15 4 4 1 0.712913 0.000000 
16 2 1 0 1 1 1 0 1 5 16 1 1 1 1.689236 0.000000 
16 2 0 1 1 1 1 1 5 5 1 2 1 0 0.618383 0.000000 
16 2 1 1 1 1 1 1 5 5 1 2 2 1 1.634038 0.000000 
16 2 1 3 2 0 0 0 14 8 53 4 4 1 1.444754 0.000000 
16 2 0 1 1 3 0 1 5 7 9 2 2 1 0.886869 0.000000 
16 2 0 3 2 2 1 0 14 10 27 3 3 1 0.959868 0.000000 
16 2 0 2 2 2 1 1 10 10 2 3 3 1 0.638144 0.000000 
16 2 1 2 0 0 1 0 8 0 22 3 0 0 5.000004 0.000000 
16 2 0 1 3 2 0 0 7 14 43 4 4 1 0.906901 0.000000 
16 2 0 3 2 0 0 0 14 8 53 3 3 1 1.809822 0.000000 
16 2 0 0 1 3 0 0 1 7 30 2 2 1 0.830440 0.000000 
16 2 0 2 2 2 1 1 10 10 2 3 3 1 1.041956 0.000000 
16 2 0 3 2 2 1 0 14 10 27 3 3 1 0.596978 0.000000 
16 2 0 1 3 2 0 0 7 14 43 4 4 1 1.025871 0.000000 
16 2 0 2 0 1 0 0 8 1 41 1 1 1 0.773496 0.000000 
16 2 1 3 2 0 0 0 14 8 53 4 4 1 1.235076 0.000000 
16 2 0 1 3 3 1 0 7 15 21 4 4 1 1.045134 0.000000 
16 2 0 2 0 1 0 0 8 1 41 1 1 1 0.928185 0.000000 
16 2 0 1 1 1 1 1 5 5 1 2 2 1 0.847773 0.000000 
16 2 0 3 2 0 0 0 14 8 53 3 3 1 0.858762 0.000000 
16 2 0 0 0 0 1 1 0 0 0 1 1 1 0.741047 0.000000 
16 2 1 1 1 3 0 1 5 7 9 2 2 1 1.307864 0.000000 
16 2 0 1 3 3 1 0 7 15 21 4 4 1 0.892365 0.000000 
16 2 0 1 1 3 0 1 5 7 9 2 2 1 1.916372 0.000000 
16 2 0 0 1 3 0 0 1 7 30 2 2 1 0.700295 0.000000 
16 2 1 2 2 0 0 1 10 8 10 3 3 1 0.924511 0.000000 
16 2 0 3 2 2 1 0 14 10 27 3 3 1 0.964185 0.000000 
16 2 0 3 3 3 1 1 15 15 3 4 4 1 0.610457 0.000000 
16 2 0 3 2 2 1 0 14 10 27 3 3 1 1.134677 0.000000 
16 2 0 2 0 1 0 0 8 1 41 1 1 1 0.965689 0.000000 
16 2 0 0 0 1 0 1 0 1 4 1 1 1 0.674929 0.000000 
16 2 0 0 0 1 0 1 0 1 4 1 1 1 0.548495 0.000000 
16 2 0 1 1 3 0 1 5 7 9 2 2 1 1.491392 0.000000 
16 2 0 0 0 1 0 1 0 1 4 1 1 1 0.700545 0.000000 
16 2 0 3 2 2 1 0 14 10 27 3 3 1 0.924771 0.000000 
16 2 0 1 1 1 1 1 5 5 1 2 2 1 1.212405 0.000000 
16 2 1 2 0 0 1 0 8 0 22 3 3 1 1.407870 0.000000 
16 2 0 0 0 0 1 1 0 0 0 1 1 1 0.652226 0.000000 
16 2 0 3 3 3 1 1 15 15 3 4 4 1 0.758462 0.000000 
16 2 0 0 0 0 1 1 0 0 0 1 1 1 0.876662 0.000000 
16 2 1 1 3 3 1 0 7 15 21 2 2 1 1.582337 0.000000 
16 2 0 3 3 2 0 1 15 14 15 4 4 1 1.260037 0.000000 
16 2 1 1 3 3 1 0 7 15 21 2 2 1 1.445990 0.000000 
16 2 1 0 0 1 0 1 0 1 4 1 1 1 0.825126 0.000000 
16 2 1 1 3 3 1 0 7 15 21 2 2 1 0.963661 0.000000 
16 2 1 2 2 2 1 1 10 10 2 3 3 1 1.554041 0.000000 
16 2 1 2 0 0 1 0 8 0 22 3 3 1 0.944533 0.000000 
16 2 1 0 0 0 1 1 0 0 0 1 1 1 0.895554 0.000000 
16 2 1 0 0 0 1 1 0 0 0 1 1 1 0.768505 0.000000 
16 2 0 3 3 2 0 1 15 14 15 4 4 1 1.085996 0.000000 
16 2 1 2 2 2 1 1 10 10 2 3 3 1 1.903129 0.000000 
16 2 0 3 3 2 0 1 15 14 15 4 4 1 0.774784 0.000000 
16 2 0 3 3 3 1 1 15 15 3 4 4 1 0.780314 0.000000 
16 2 0 2 0 0 1 0 8 0 22 1 1 1 0.673903 0.000000 
16 2 1 0 0 0 1 1 0 0 0 1 1 1 1.939526 0.000000 
16 2 1 2 0 0 1 0 8 0 22 3 3 1 0.994823 0.000000 
16 2 0 1 1 3 0 1 5 7 9 2 2 1 1.279845 0.000000 
16 2 0 3 3 2 0 1 15 14 15 4 4 1 0.745508 0.000000 
16 2 0 1 1 3 0 1 5 7 9 2 3 0 1.119496 0.000000 
16 2 0 3 2 0 0 0 14 8 53 3 3 1 1.179229 0.000000 
16 2 1 0 0 0 1 1 0 0 0 1 1 1 1.440477 0.000000 
16 2 0 2 0 0 1 0 8 0 22 1 3 0 1.387646 0.000000 
16 2 0 1 1 3 0 1 5 7 9 2 2 1 2.028842 0.000000 
16 2 0 2 2 2 1 1 10 10 2 3 3 1 1.327329 0.000000 
16 2 0 1 1 3 0 1 5 7 9 2 2 1 1.295115 0.000000 
16 2 0 1 1 3 0 1 5 7 9 2 2 1 0.672196 0.000000 
16 2 0 0 0 0 1 1 0 0 0 1 1 1 0.681780 0.000000 
16 2 0 1 1 3 0 1 5 7 9 2 2 1 0.875343 0.000000 
16 2 0 3 2 0 0 0 14 8 53 3 3 1 1.180971 0.000000 
16 2 0 3 3 2 0 1 15 14 15 4 4 1 0.874660 0.000000 
16 2 0 3 2 0 0 0 14 8 53 3 3 1 1.212298 0.000000 
16 2 0 0 0 1 0 1 0 1 4 1 1 1 0.735645 0.000000 
16 2 0 2 0 1 0 0 8 1 41 1 1 1 0.702566 0.000000 
16 2 1 0 0 0 1 1 0 0 0 1 1 1 1.158798 0.000000 
16 2 0 2 0 1 0 0 8 1 41 1 1 1 0.637161 0.000000 
16 2 0 2 2 2 1 1 10 10 2 3 3 1 0.895995 0.000000 
16 2 1 2 0 1 0 0 8 1 41 3 1 0 2.472980 0.000000 
16 3 1 3 2 2 1 0 14 10 27 4 4 1 2.190938 0.000000 
16 3 0 2 2 0 0 1 10 8 10 3 3 1 1.083847 0.000000 
16 3 0 0 1 3 0 0 1 7 30 2 2 1 0.764875 0.000000 
16 3 0 1 3 3 1 0 7 15 21 4 4 1 1.274075 0.000000 
16 3 0 0 0 1 0 1 0 1 4 1 1 1 0.667877 0.000000 
16 3 0 0 0 0 1 1 0 0 0 1 1 1 0.845428 0.000000 
16 3 0 0 0 0 1 1 0 0 0 1 1 1 0.488336 0.000000 
16 3 1 3 2 2 1 0 14 10 27 4 4 1 1.433147 0.000000 
16 3 0 2 2 0 0 1 10 8 10 3 3 1 0.772301 0.000000 
16 3 1 0 0 0 1 1 0 0 0 1 1 1 1.017830 0.000000 
16 3 0 0 0 0 1 1 0 0 0 1 1 1 0.709552 0.000000 
16 3 0 0 0 1 0 1 0 1 4 1 1 1 0.740767 0.000000 
16 3 1 1 1 3 0 1 5 7 9 2 2 1 1.683698 0.000000 
16 3 0 0 1 3 0 0 1 7 30 2 2 1 1.172909 0.000000 
16 3 0 1 3 2 0 0 7 14 43 4 4 1 1.426688 0.000000 
16 3 0 2 0 1 0 0 8 1 41 1 1 1 0.982455 0.000000 
16 3 0 1 1 1 1 1 5 5 1 2 2 1 0.907941 0.000000 
16 3 0 1 1 1 1 1 5 5 1 2 2 1 0.722715 0.000000 
16 3 0 2 0 1 0 0 8 1 41 1 1 1 0.746301 0.000000 
16 3 0 1 1 1 1 1 5 5 1 2 2 1 0.953203 0.000000 
16 3 0 2 0 1 0 0 8 1 41 1 1 1 0.687494 0.000000 
16 3 0 0 1 1 1 0 1 5 16 2 2 1 1.008395 0.000000 
16 3 0 1 3 2 0 0 7 14 43 4 4 1 1.036723 0.000000 
16 3 1 1 3 3 1 0 7 15 21 2 2 1 1.263642 0.000000 
16 3 0 2 0 1 0 0 8 1 41 1 1 1 0.705132 0.000000 
16 3 0 1 1 3 0 1 5 7 9 2 2 1 0.873350 0.000000 
16 3 0 0 0 0 1 1 0 0 0 1 1 1 0.602915 0.000000 
16 3 1 0 0 0 1 1 0 0 0 1 1 1 1.039143 0.000000 
16 3 1 3 3 3 1 1 15 15 3 4 4 1 0.874099 0.000000 
16 3 0 2 2 0 0 1 10 8 10 3 3 1 0.883732 0.000000 
16 3 0 2 0 1 0 0 8 1 41 1 1 1 0.980709 0.000000 
16 3 1 0 1 1 1 0 1 5 16 1 1 1 1.313381 0.000000 
16 3 0 0 1 1 1 0 1 5 16 2 2 1 0.889816 0.000000 
16 3 0 0 0 1 0 1 0 1 4 1 1 1 0.874770 0.000000 
16 3 1 3 2 2 1 0 14 10 27 4 4 1 1.108378 0.000000 
16 3 1 2 2 0 0 1 10 8 10 3 3 1 0.812625 0.000000 
16 3 0 2 2 0 0 1 10 8 10 3 3 1 0.800912 0.000000 
16 3 0 3 2 2 1 0 14 10 27 3 3 1 1.197245 0.000000 
16 3 0 1 3 2 0 0 7 14 43 4 4 1 0.969330 0.000000 
16 3 1 0 1 1 1 0 1 5 16 1 1 1 1.870940 0.000000 
16 3 0 1 3 2 0 0 7 14 43 4 4 1 1.032875 0.000000 
16 3 1 1 1 3 0 1 5 7 9 2 2 1 1.532222 0.000000 
16 3 0 2 0 0 1 0 8 0 22 1 1 1 0.707803 0.000000 
16 3 0 1 1 3 0 1 5 7 9 2 2 1 1.036021 0.000000 
16 3 0 2 2 0 0 1 10 8 10 3 3 1 0.934096 0.000000 
16 3 0 3 2 2 1 0 14 10 27 3 3 1 1.534049 0.000000 
16 3 0 2 0 0 1 0 8 0 22 1 1 1 0.796215 0.000000 
16 3 1 1 1 1 1 1 5 5 1 2 2 1 1.281160 0.000000 
16 3 1 2 0 1 0 0 8 1 41 3 3 1 2.474967 0.000000 
16 3 1 0 0 1 0 1 0 1 4 1 1 1 1.653129 0.000000 
16 3 0 3 3 3 1 1 15 15 3 4 4 1 0.839740 0.000000 
16 3 0 1 1 1 1 1 5 5 1 2 2 1 0.809691 0.000000 
16 3 1 1 3 3 1 0 7 15 21 2 2 1 1.149856 0.000000 
16 3 0 2 0 0 1 0 8 0 22 1 1 1 1.196319 0.000000 
16 3 0 0 1 1 1 0 1 5 16 2 2 1 0.729377 0.000000 
16 3 0 2 0 1 0 0 8 1 41 1 1 1 0.816924 0.000000 
16 3 0 2 0 0 1 0 8 0 22 1 1 1 1.036509 0.000000 
16 3 0 1 1 1 1 1 5 5 1 2 2 1 0.783532 0.000000 
16 3 1 3 2 2 1 0 14 10 27 4 4 1 1.324448 0.000000 
16 3 0 0 0 1 0 1 0 1 4 1 1 1 0.835256 0.000000 
16 3 0 2 0 1 0 0 8 1 41 1 1 1 0.790150 0.000000 
16 3 1 3 3 3 1 1 15 15 3 4 4 1 0.986995 0.000000 
16 3 0 1 3 2 0 0 7 14 43 4 4 1 0.880035 0.000000 
16 3 1 1 3 3 1 0 7 15 21 2 2 1 1.441633 0.000000 
16 3 0 1 1 3 0 1 5 7 9 2 2 1 1.740876 0.000000 
16 3 0 3 2 2 1 0 14 10 27 3 3 1 3.163192 0.000000 
16 3 0 0 1 3 0 0 1 7 30 2 2 1 0.802285 0.000000 
16 3 0 3 3 2 0 1 15 14 15 4 4 1 0.790540 0.000000 
16 3 0 2 2 2 1 1 10 10 2 3 3 1 1.091466 0.000000 
16 3 1 3 2 2 1 0 14 10 27 4 4 1 0.956430 0.000000 
16 3 0 0 1 3 0 0 1 7 30 2 2 1 0.882817 0.000000 
16 3 0 1 3 3 1 0 7 15 21 4 4 1 1.635019 0.000000 
16 3 1 2 2 2 1 1 10 10 2 3 3 1 1.269975 0.000000 
16 3 1 0 1 1 1 0 1 5 16 1 1 1 2.239737 0.000000 
16 3 0 2 2 2 1 1 10 10 2 3 3 1 1.067245 0.000000 
16 3 0 1 1 1 1 1 5 5 1 2 2 1 0.700949 0.000000 
16 3 0 1 1 3 0 1 5 7 9 2 2 1 1.165160 0.000000 
16 3 0 1 3 3 1 0 7 15 21 4 4 1 1.163563 0.000000 
16 3 1 0 1 3 0 0 1 7 30 1 1 1 2.433000 0.000000 
16 3 0 3 2 0 0 0 14 8 53 3 3 1 1.220508 0.000000 
16 3 0 3 3 2 0 1 15 14 15 4 4 1 0.704164 0.000000 
16 3 0 0 0 0 1 1 0 0 0 1 1 1 1.320498 0.000000 
16 3 1 3 3 2 0 1 15 14 15 4 4 1 1.112222 0.000000 
16 3 1 2 2 2 1 1 10 10 2 3 3 1 0.992587 0.000000 
16 3 0 1 3 2 0 0 7 14 43 4 4 1 0.772568 0.000000 
16 3 1 3 3 2 0 1 15 14 15 4 4 1 1.402200 0.000000 
16 3 1 0 1 3 0 0 1 7 30 1 1 1 1.158671 0.000000 
16 3 0 0 0 1 0 1 0 1 4 1 1 1 1.029066 0.000000 
16 3 1 3 2 0 0 0 14 8 53 4 3 0 1.920761 0.000000 
16 3 0 2 0 0 1 0 8 0 22 1 1 1 0.812701 0.000000 
16 3 0 0 0 1 0 1 0 1 4 1 1 1 0.783493 0.000000 
16 3 0 3 2 0 0 0 14 8 53 3 3 1 1.164455 0.000000 
16 3 0 1 3 2 0 0 7 14 43 4 4 1 0.802825 0.000000 
16 3 0 3 3 3 1 1 15 15 3 4 4 1 0.895031 0.000000 
16 3 1 3 3 2 0 1 15 14 15 4 4 1 1.912069 0.000000 
16 3 0 2 0 0 1 0 8 0 22 1 1 1 1.256670 0.000000 
16 3 0 0 0 1 0 1 0 1 4 1 1 1 0.739128 0.000000 
16 3 0 1 1 1 1 1 5 5 1 2 2 1 0.705021 0.000000 
16 3 1 2 0 1 0 0 8 1 41 3 3 1 1.529234 0.000000 
16 3 0 2 2 0 0 1 10 8 10 3 3 1 0.849105 0.000000 
16 3 0 2 2 0 0 1 10 8 10 3 3 1 0.611932 0.000000 
16 3 0 2 2 0 0 1 10 8 10 3 3 1 0.784190 0.000000 
16 3 0 0 1 3 0 0 1 7 30 2 2 1 0.733051 0.000000 
16 3 1 3 3 3 1 1 15 15 3 4 4 1 1.187997 0.000000 
16 3 0 3 2 0 0 0 14 8 53 3 3 1 0.744013 0.000000 
16 3 1 3 3 2 0 1 15 14 15 4 4 1 0.894960 0.000000 
16 3 0 0 1 3 0 0 1 7 30 2 2 1 0.703939 0.000000 
16 3 0 1 1 3 0 1 5 7 9 2 2 1 0.760085 0.000000 
16 3 0 3 2 0 0 0 14 8 53 3 3 1 0.710367 0.000000 
16 3 0 3 3 3 1 1 15 15 3 4 4 1 0.878574 0.000000 
16 3 0 2 0 1 0 0 8 1 41 1 1 1 1.120204 0.000000 
16 3 1 3 2 2 1 0 14 10 27 4 4 1 1.934941 0.000000 
16 3 1 1 3 3 1 0 7 15 21 2 2 1 1.206252 0.000000 
16 3 0 1 1 1 1 1 5 5 1 2 2 1 1.690717 0.000000 
16 3 0 3 2 0 0 0 14 8 53 3 3 1 0.779932 0.000000 
16 3 0 3 3 3 1 1 15 15 3 4 4 1 0.737451 0.000000 
16 3 0 0 0 0 1 1 0 0 0 1 1 1 0.696390 0.000000 
16 3 0 1 1 3 0 1 5 7 9 2 2 1 0.857287 0.000000 
16 3 0 1 3 2 0 0 7 14 43 4 4 1 0.707506 0.000000 
16 3 0 0 1 3 0 0 1 7 30 2 2 1 0.706707 0.000000 
16 3 0 3 2 2 1 0 14 10 27 3 3 1 1.034919 0.000000 
16 3 0 1 1 1 1 1 5 5 1 2 2 1 0.677969 0.000000 
16 3 0 2 2 0 0 1 10 8 10 3 3 1 0.719475 0.000000 
16 3 0 1 1 3 0 1 5 7 9 2 2 1 0.767023 0.000000 
16 3 0 2 0 1 0 0 8 1 41 1 1 1 0.796576 0.000000 
16 3 0 3 3 3 1 1 15 15 3 4 4 1 0.640572 0.000000 
16 3 0 0 1 1 1 0 1 5 16 2 2 1 1.243434 0.000000 
16 3 0 3 3 2 0 1 15 14 15 4 4 1 1.230497 0.000000 
16 3 0 3 3 3 1 1 15 15 3 4 4 1 0.842193 0.000000 
16 3 0 1 3 2 0 0 7 14 43 4 4 1 0.989143 0.000000 
16 3 0 3 2 0 0 0 14 8 53 3 3 1 0.858097 0.000000 
16 3 0 0 1 3 0 0 1 7 30 2 2 1 0.684415 0.000000 
16 3 0 2 2 2 1 1 10 10 2 3 3 1 1.389308 0.000000 
16 3 1 2 2 2 1 1 10 10 2 3 3 1 1.129422 0.000000 
16 3 0 0 0 1 0 1 0 1 4 1 1 1 0.897164 0.000000 
16 3 0 2 0 0 1 0 8 0 22 1 1 1 0.786063 0.000000 
16 3 0 3 3 3 1 1 15 15 3 4 4 1 1.055001 0.000000 
16 3 0 3 2 0 0 0 14 8 53 3 3 1 0.705323 0.000000 
16 3 0 0 1 1 1 0 1 5 16 2 2 1 1.385608 0.000000 
16 3 0 2 0 0 1 0 8 0 22 1 1 1 0.661751 0.000000 
16 3 0 1 1 1 1 1 5 5 1 2 2 1 0.679847 0.000000 
16 3 0 3 2 0 0 0 14 8 53 3 3 1 0.769419 0.000000 
16 3 0 1 3 2 0 0 7 14 43 4 4 1 0.766953 0.000000 
16 3 0 1 3 3 1 0 7 15 21 4 4 1 0.828534 0.000000 
16 3 0 1 1 1 1 1 5 5 1 2 2 1 0.648155 0.000000 
16 3 1 3 3 2 0 1 15 14 15 4 4 1 1.314973 0.000000 
16 3 0 2 2 2 1 1 10 10 2 3 3 1 0.803382 0.000000 
16 3 0 2 2 0 0 1 10 8 10 3 3 1 0.918657 0.000000 
16 3 0 0 1 1 1 0 1 5 16 2 2 1 0.790303 0.000000 
16 3 0 0 0 0 1 1 0 0 0 1 1 1 0.699260 0.000000 
16 3 0 1 1 1 1 1 5 5 1 2 2 1 0.707884 0.000000 
16 3 0 2 0 0 1 0 8 0 22 1 1 1 0.668342 0.000000 
16 3 0 3 3 2 0 1 15 14 15 4 4 1 0.885829 0.000000 
16 3 0 3 3 2 0 1 15 14 15 4 4 1 0.726810 0.000000 
16 3 0 0 0 0 1 1 0 0 0 1 1 1 0.718359 0.000000 
16 3 0 3 3 3 1 1 15 15 3 4 4 1 0.596848 0.000000 
16 3 0 1 1 1 1 1 5 5 1 2 2 1 0.657691 0.000000 
16 3 1 0 1 1 1 0 1 5 16 1 1 1 1.195949 0.000000 
16 3 0 2 0 1 0 0 8 1 41 1 1 1 1.217011 0.000000 
16 3 0 0 1 3 0 0 1 7 30 2 2 1 0.844781 0.000000 
16 3 0 2 2 0 0 1 10 8 10 3 3 1 0.711622 0.000000 
16 3 0 1 3 3 1 0 7 15 21 4 4 1 0.743903 0.000000 
16 3 0 0 0 1 0 1 0 1 4 1 1 1 1.205834 0.000000 
16 3 1 1 3 3 1 0 7 15 21 2 2 1 1.146215 0.000000 
16 3 0 0 1 1 1 0 1 5 16 2 2 1 1.025273 0.000000 
16 3 1 2 2 2 1 1 10 10 2 3 3 1 1.300925 0.000000 
16 3 1 3 2 0 0 0 14 8 53 4 4 1 1.317386 0.000000 
16 3 1 3 2 0 0 0 14 8 53 4 4 1 1.349166 0.000000 
16 3 0 0 1 1 1 0 1 5 16 2 2 1 0.868118 0.000000 
16 3 0 1 3 2 0 0 7 14 43 4 4 1 0.876180 0.000000 
16 3 0 0 1 1 1 0 1 5 16 2 2 1 0.797851 0.000000 
16 3 0 0 0 0 1 1 0 0 0 1 1 1 0.730711 0.000000 
16 3 1 2 0 1 0 0 8 1 41 3 3 1 1.642325 0.000000 
16 3 0 1 1 1 1 1 5 5 1 2 2 1 0.749553 0.000000 
16 3 0 0 0 0 1 1 0 0 0 1 1 1 0.700009 0.000000 
16 3 0 0 1 1 1 0 1 5 16 2 2 1 0.844009 0.000000 
16 3 0 3 3 2 0 1 15 14 15 4 4 1 1.061895 0.000000 
16 3 0 3 3 3 1 1 15 15 3 4 4 1 0.832281 0.000000 
16 3 0 1 1 3 0 1 5 7 9 2 2 1 1.059827 0.000000 
16 3 1 2 0 1 0 0 8 1 41 3 3 1 1.518209 0.000000 
16 3 0 1 3 3 1 0 7 15 21 4 4 1 1.069997 0.000000 
16 3 1 2 2 0 0 1 10 8 10 3 3 1 1.263758 0.000000 
16 3 0 2 2 2 1 1 10 10 2 3 3 1 1.018174 0.000000 
16 3 0 1 1 3 0 1 5 7 9 2 2 1 1.004832 0.000000 
16 3 0 2 2 0 0 1 10 8 10 3 3 1 1.025191 0.000000 
16 3 1 3 2 2 1 0 14 10 27 4 4 1 1.300832 0.000000 
16 3 0 3 2 2 1 0 14 10 27 3 4 0 0.821307 0.000000 
16 3 0 2 0 1 0 0 8 1 41 1 1 1 0.892918 0.000000 
16 3 0 0 1 1 1 0 1 5 16 2 2 1 0.933359 0.000000 
16 3 1 2 2 0 0 1 10 8 10 3 3 1 1.372373 0.000000 
16 3 1 3 2 2 1 0 14 10 27 4 4 1 1.321180 0.000000 
16 3 1 3 3 2 0 1 15 14 15 4 4 1 1.328957 0.000000 
16 4 0 1 3 2 0 0 7 14 43 4 4 1 1.330842 0.000000 
16 4 1 0 0 1 0 1 0 1 4 1 1 1 1.546080 0.000000 
16 4 0 2 0 1 0 0 8 1 41 1 1 1 1.209388 0.000000 
16 4 0 2 0 1 0 0 8 1 41 1 1 1 0.829751 0.000000 
16 4 0 2 0 1 0 0 8 1 41 1 1 1 0.585331 0.000000 
16 4 0 3 3 3 1 1 15 15 3 4 4 1 0.622196 0.000000 
16 4 1 3 2 2 1 0 14 10 27 4 4 1 0.905701 0.000000 
16 4 0 2 2 2 1 1 10 10 2 3 3 1 1.017023 0.000000 
16 4 0 0 1 1 1 0 1 5 16 2 2 1 1.004698 0.000000 
16 4 0 2 0 0 1 0 8 0 22 1 1 1 1.169011 0.000000 
16 4 0 2 2 2 1 1 10 10 2 3 3 1 1.150758 0.000000 
16 4 0 2 0 0 1 0 8 0 22 1 1 1 0.669098 0.000000 
16 4 0 1 3 3 1 0 7 15 21 4 4 1 0.654595 0.000000 
16 4 0 0 1 3 0 0 1 7 30 2 2 1 0.728786 0.000000 
16 4 1 2 2 2 1 1 10 10 2 3 3 1 1.279387 0.000000 
16 4 0 0 0 0 1 1 0 0 0 1 1 1 0.809151 0.000000 
16 4 0 1 1 3 0 1 5 7 9 2 2 1 1.045368 0.000000 
16 4 0 2 2 2 1 1 10 10 2 3 3 1 1.080415 0.000000 
16 4 0 0 0 1 0 1 0 1 4 1 1 1 0.850136 0.000000 
16 4 0 2 2 2 1 1 10 10 2 3 3 1 0.900374 0.000000 
16 4 0 2 0 1 0 0 8 1 41 1 1 1 0.884671 0.000000 
16 4 0 0 0 0 1 1 0 0 0 1 1 1 1.164635 0.000000 
16 4 0 0 1 3 0 0 1 7 30 2 2 1 0.690960 0.000000 
16 4 1 0 0 1 0 1 0 1 4 1 1 1 1.539912 0.000000 
16 4 0 0 0 0 1 1 0 0 0 1 1 1 0.811035 0.000000 
16 4 1 0 1 1 1 0 1 5 16 1 1 1 1.023348 0.000000 
16 4 0 0 1 3 0 0 1 7 30 2 2 1 0.938987 0.000000 
16 4 1 0 1 1 1 0 1 5 16 1 1 1 1.001968 0.000000 
16 4 0 3 3 3 1 1 15 15 3 4 4 1 0.646308 0.000000 
16 4 0 0 0 1 0 1 0 1 4 1 1 1 0.712129 0.000000 
16 4 0 1 1 1 1 1 5 5 1 2 2 1 1.232378 0.000000 
16 4 0 3 3 2 0 1 15 14 15 4 4 1 0.723961 0.000000 
16 4 0 0 1 1 1 0 1 5 16 2 2 1 0.739685 0.000000 
16 4 0 3 3 3 1 1 15 15 3 4 4 1 0.586518 0.000000 
16 4 0 1 3 2 0 0 7 14 43 4 4 1 0.695333 0.000000 
16 4 0 1 1 3 0 1 5 7 9 2 2 1 0.688258 0.000000 
16 4 0 3 3 2 0 1 15 14 15 4 4 1 0.728138 0.000000 
16 4 0 3 2 0 0 0 14 8 53 3 3 1 0.791676 0.000000 
16 4 0 3 3 2 0 1 15 14 15 4 4 1 0.724596 0.000000 
16 4 1 0 1 1 1 0 1 5 16 1 1 1 0.972145 0.000000 
16 4 1 2 0 0 1 0 8 0 22 3 3 1 1.241813 0.000000 
16 4 1 1 3 2 0 0 7 14 43 2 2 1 1.180876 0.000000 
16 4 1 2 2 0 0 1 10 8 10 3 3 1 0.938591 0.000000 
16 4 0 1 1 1 1 1 5 5 1 2 2 1 1.000584 0.000000 
16 4 0 1 3 2 0 0 7 14 43 4 4 1 1.172943 0.000000 
16 4 0 2 2 0 0 1 10 8 10 3 3 1 0.914588 0.000000 
16 4 0 0 1 1 1 0 1 5 16 2 2 1 0.970946 0.000000 
16 4 0 2 0 0 1 0 8 0 22 1 1 1 1.216539 0.000000 
16 4 1 2 0 1 0 0 8 1 41 3 3 1 1.540355 0.000000 
16 4 0 3 2 2 1 0 14 10 27 3 4 0 0.779535 0.000000 
16 4 0 3 3 2 0 1 15 14 15 4 4 1 0.620123 0.000000 
16 4 1 3 2 2 1 0 14 10 27 4 4 1 1.063158 0.000000 
16 4 0 2 2 0 0 1 10 8 10 3 3 1 0.729504 0.000000 
16 4 0 0 1 1 1 0 1 5 16 2 2 1 0.737050 0.000000 
16 4 1 3 2 2 1 0 14 10 27 4 4 1 1.111907 0.000000 
16 4 0 3 3 2 0 1 15 14 15 4 4 1 0.944312 0.000000 
16 4 0 3 2 2 1 0 14 10 27 3 3 1 1.119306 0.000000 
16 4 1 1 3 3 1 0 7 15 21 2 2 1 1.469972 0.000000 
16 4 0 1 1 3 0 1 5 7 9 2 2 1 0.823851 0.000000 
16 4 0 0 1 1 1 0 1 5 16 2 2 1 0.931450 0.000000 
16 4 0 0 1 1 1 0 1 5 16 2 2 1 0.754996 0.000000 
16 4 1 3 2 0 0 0 14 8 53 4 4 1 1.673340 0.000000 
16 4 0 3 2 0 0 0 14 8 53 3 4 0 0.995221 0.000000 
16 4 1 2 0 0 1 0 8 0 22 3 3 1 1.028226 0.000000 
16 4 0 1 1 3 0 1 5 7 9 2 2 1 0.838416 0.000000 
16 4 0 2 2 0 0 1 10 8 10 3 3 1 0.841339 0.000000 
16 4 0 2 2 0 0 1 10 8 10 3 3 1 0.612271 0.000000 
16 4 0 0 1 1 1 0 1 5 16 2 2 1 0.888472 0.000000 
16 4 1 0 1 3 0 0 1 7 30 1 1 1 1.401433 0.000000 
16 4 0 0 1 1 1 0 1 5 16 2 2 1 1.533937 0.000000 
16 4 1 3 3 3 1 1 15 15 3 4 4 1 1.116076 0.000000 
16 4 1 2 2 0 0 1 10 8 10 3 3 1 1.588051 0.000000 
16 4 0 0 0 1 0 1 0 1 4 1 1 1 1.129041 0.000000 
16 4 0 1 1 3 0 1 5 7 9 2 2 1 0.848690 0.000000 
16 4 0 0 1 1 1 0 1 5 16 2 2 1 1.131633 0.000000 
16 4 0 1 3 3 1 0 7 15 21 4 4 1 0.819366 0.000000 
16 4 0 1 1 3 0 1 5 7 9 2 2 1 1.102971 0.000000 
16 4 0 1 3 3 1 0 7 15 21 4 4 1 1.550321 0.000000 
16 4 0 3 3 2 0 1 15 14 15 4 4 1 0.972852 0.000000 
16 4 0 0 0 1 0 1 0 1 4 1 1 1 0.706539 0.000000 
16 4 0 3 2 2 1 0 14 10 27 3 3 1 1.170777 0.000000 
16 4 0 3 2 2 1 0 14 10 27 3 3 1 1.296489 0.000000 
16 4 1 1 3 2 0 0 7 14 43 2 2 1 1.297587 0.000000 
16 4 1 2 2 2 1 1 10 10 2 3 3 1 1.025705 0.000000 
16 4 0 0 0 1 0 1 0 1 4 1 1 1 1.213385 0.000000 
16 4 1 3 3 3 1 1 15 15 3 4 4 1 1.265778 0.000000 
16 4 0 1 1 3 0 1 5 7 9 2 2 1 1.259989 0.000000 
16 4 0 3 3 2 0 1 15 14 15 4 4 1 1.405935 0.000000 
16 4 1 1 1 3 0 1 5 7 9 2 2 1 1.618475 0.000000 
16 4 1 3 3 2 0 1 15 14 15 4 4 1 2.069370 0.000000 
16 4 0 2 0 1 0 0 8 1 41 1 1 1 1.023442 0.000000 
16 4 0 1 1 3 0 1 5 7 9 2 2 1 1.499150 0.000000 
16 4 0 3 3 2 0 1 15 14 15 4 4 1 0.988125 0.000000 
16 4 0 3 2 0 0 0 14 8 53 3 3 1 1.856686 0.000000 
16 4 0 1 1 1 1 1 5 5 1 2 2 1 0.955234 0.000000 
16 4 0 0 1 1 1 0 1 5 16 2 2 1 0.689587 0.000000 
16 4 0 2 2 0 0 1 10 8 10 3 3 1 1.153458 0.000000 
16 4 0 0 0 0 1 1 0 0 0 1 1 1 0.847824 0.000000 
16 4 1 0 0 0 1 1 0 0 0 1 1 1 1.090814 0.000000 
16 4 1 0 0 0 1 1 0 0 0 1 1 1 0.827764 0.000000 
16 4 0 0 1 3 0 0 1 7 30 2 2 1 0.959442 0.000000 
16 4 0 1 3 3 1 0 7 15 21 4 4 1 0.861723 0.000000 
16 4 0 1 3 2 0 0 7 14 43 4 4 1 1.208014 0.000000 
16 4 0 0 1 3 0 0 1 7 30 2 2 1 0.748365 0.000000 
16 4 0 0 1 1 1 0 1 5 16 2 2 1 0.770311 0.000000 
16 4 1 0 1 1 1 0 1 5 16 1 1 1 0.959872 0.000000 
16 4 1 2 2 2 1 1 10 10 2 3 3 1 1.814206 0.000000 
16 4 0 3 2 0 0 0 14 8 53 3 3 1 1.026853 0.000000 
16 4 1 3 3 3 1 1 15 15 3 4 4 1 1.918526 0.000000 
16 4 0 1 1 3 0 1 5 7 9 2 2 1 1.198530 0.000000 
16 4 1 0 0 1 0 1 0 1 4 1 1 1 1.250601 0.000000 
16 4 0 1 3 3 1 0 7 15 21 4 4 1 1.284988 0.000000 
16 4 0 2 2 0 0 1 10 8 10 3 3 1 0.854102 0.000000 
16 4 0 3 3 3 1 1 15 15 3 4 4 1 0.696335 0.000000 
16 4 1 1 3 3 1 0 7 15 21 2 2 1 2.641350 0.000000 
16 4 1 3 2 0 0 0 14 8 53 4 4 1 1.148901 0.000000 
16 4 0 2 0 1 0 0 8 1 41 1 1 1 1.018937 0.000000 
16 4 0 3 2 0 0 0 14 8 53 3 3 1 1.030630 0.000000 
16 4 1 3 3 2 0 1 15 14 15 4 4 1 1.498320 0.000000 
16 4 0 3 2 2 1 0 14 10 27 3 4 0 0.739492 0.000000 
16 4 0 3 3 2 0 1 15 14 15 4 4 1 0.854370 0.000000 
16 4 0 0 0 1 0 1 0 1 4 1 1 1 0.824182 0.000000 
16 4 0 2 2 2 1 1 10 10 2 3 3 1 1.139768 0.000000 
16 4 1 2 0 0 1 0 8 0 22 3 3 1 1.833860 0.000000 
16 4 1 0 1 3 0 0 1 7 30 1 1 1 2.621233 0.000000 
16 4 0 2 0 1 0 0 8 1 41 1 1 1 1.153442 0.000000 
16 4 0 0 1 3 0 0 1 7 30 2 2 1 0.719814 0.000000 
16 4 1 1 3 2 0 0 7 14 43 2 2 1 1.303409 0.000000 
16 4 1 2 0 1 0 0 8 1 41 3 3 1 1.399829 0.000000 
16 4 0 2 0 0 1 0 8 0 22 1 1 1 1.523293 0.000000 
16 4 0 3 3 3 1 1 15 15 3 4 4 1 0.747189 0.000000 
16 4 0 0 1 1 1 0 1 5 16 2 2 1 0.826104 0.000000 
16 4 0 3 3 2 0 1 15 14 15 4 4 1 0.885678 0.000000 
16 4 1 1 1 3 0 1 5 7 9 2 2 1 1.302638 0.000000 
16 4 0 1 3 2 0 0 7 14 43 4 4 1 0.990997 0.000000 
16 4 0 0 1 1 1 0 1 5 16 2 2 1 0.843016 0.000000 
16 4 0 1 3 2 0 0 7 14 43 4 4 1 0.918010 0.000000 
16 4 0 1 3 3 1 0 7 15 21 4 4 1 0.741534 0.000000 
16 4 0 2 0 0 1 0 8 0 22 1 1 1 1.452528 0.000000 
16 4 1 2 2 2 1 1 10 10 2 3 3 1 1.271007 0.000000 
16 4 0 1 1 1 1 1 5 5 1 2 2 1 0.928767 0.000000 
16 4 0 0 1 1 1 0 1 5 16 2 2 1 0.704439 0.000000 
16 4 1 2 2 2 1 1 10 10 2 3 3 1 1.191581 0.000000 
16 4 0 0 1 3 0 0 1 7 30 2 2 1 1.636755 0.000000 
16 4 0 1 1 3 0 1 5 7 9 2 2 1 1.327976 0.000000 
16 4 0 2 2 2 1 1 10 10 2 3 3 1 1.463764 0.000000 
16 4 1 3 2 0 0 0 14 8 53 4 4 1 1.290244 0.000000 
16 4 0 3 3 3 1 1 15 15 3 4 4 1 0.755341 0.000000 
16 4 0 1 3 3 1 0 7 15 21 4 4 1 1.728598 0.000000 
16 4 0 1 1 1 1 1 5 5 1 2 2 1 1.840526 0.000000 
16 4 0 2 0 1 0 0 8 1 41 1 1 1 0.907843 0.000000 
16 4 0 1 1 1 1 1 5 5 1 2 2 1 1.060140 0.000000 
16 4 0 3 3 3 1 1 15 15 3 4 4 1 0.606471 0.000000 
16 4 1 1 1 1 1 1 5 5 1 2 2 1 1.258680 0.000000 
16 4 0 2 2 2 1 1 10 10 2 3 3 1 1.340073 0.000000 
16 4 0 3 3 2 0 1 15 14 15 4 4 1 0.795210 0.000000 
16 4 0 3 3 2 0 1 15 14 15 4 4 1 1.368165 0.000000 
16 4 0 2 2 0 0 1 10 8 10 3 3 1 0.837901 0.000000 
16 4 0 2 2 0 0 1 10 8 10 3 3 1 0.704787 0.000000 
16 4 0 3 3 3 1 1 15 15 3 4 4 1 0.753057 0.000000 
16 4 1 2 2 2 1 1 10 10 2 3 3 1 1.631329 0.000000 
16 4 0 1 1 1 1 1 5 5 1 2 2 1 1.155250 0.000000 
16 4 0 0 1 1 1 0 1 5 16 2 2 1 0.816628 0.000000 
16 4 0 2 0 0 1 0 8 0 22 1 1 1 1.956249 0.000000 
16 4 0 1 1 1 1 1 5 5 1 2 2 1 1.122874 0.000000 
16 4 0 1 1 3 0 1 5 7 9 2 2 1 1.114600 0.000000 
16 4 0 2 2 0 0 1 10 8 10 3 3 1 0.850961 0.000000 
16 4 0 3 2 2 1 0 14 10 27 3 3 1 0.933270 0.000000 
16 4 0 0 0 0 1 1 0 0 0 1 1 1 0.907234 0.000000 
16 4 1 1 3 3 1 0 7 15 21 2 2 1 1.635532 0.000000 
16 4 0 2 0 0 1 0 8 0 22 1 4 0 2.246820 0.000000 
16 4 0 2 0 1 0 0 8 1 41 1 1 1 0.877948 0.000000 
16 4 0 0 1 3 0 0 1 7 30 2 2 1 0.759336 0.000000 
16 4 1 3 3 2 0 1 15 14 15 4 4 1 2.413697 0.000000 
16 4 0 0 1 1 1 0 1 5 16 2 2 1 0.849495 0.000000 
16 4 0 3 3 2 0 1 15 14 15 4 4 1 0.956007 0.000000 
16 4 1 3 2 0 0 0 14 8 53 4 4 1 2.010030 0.000000 
16 4 0 1 3 2 0 0 7 14 43 4 4 1 1.246827 0.000000 
16 4 0 1 1 3 0 1 5 7 9 2 2 1 0.873846 0.000000 
16 4 0 2 2 2 1 1 10 10 2 3 3 1 1.178623 0.000000 
16 4 0 0 0 0 1 1 0 0 0 1 1 1 1.377274 0.000000 
16 4 0 3 2 2 1 0 14 10 27 3 3 1 1.902088 0.000000 
16 4 1 3 3 3 1 1 15 15 3 4 4 1 0.982719 0.000000 
16 4 0 1 3 3 1 0 7 15 21 4 3 0 1.899996 0.000000 
16 4 0 1 1 3 0 1 5 7 9 2 2 1 1.568453 0.000000 
16 4 0 2 0 1 0 0 8 1 41 1 1 1 0.893819 0.000000 
16 4 1 1 3 2 0 0 7 14 43 2 2 1 2.437851 0.000000 
16 4 0 2 0 0 1 0 8 0 22 1 1 1 1.833366 0.000000 
16 4 0 1 3 2 0 0 7 14 43 4 4 1 0.796666 0.000000 
16 4 0 0 0 1 0 1 0 1 4 1 1 1 0.785559 0.000000 
16 4 0 3 2 2 1 0 14 10 27 3 3 1 1.742547 0.000000 
16 4 0 1 1 3 0 1 5 7 9 2 2 1 1.085768 0.000000 
