15 1 0 3 0 1 0 0 12 1 48 1 1 1 1.607114 0.000000 
15 1 0 3 3 0 0 1 15 12 13 4 4 1 0.899397 0.000000 
15 1 0 2 2 2 1 1 10 10 2 3 3 1 1.460051 0.000000 
15 1 0 3 3 3 1 1 15 15 3 4 4 1 0.934127 0.000000 
15 1 0 1 1 2 0 1 5 6 8 2 2 1 1.460564 0.000000 
15 1 0 1 2 3 0 0 6 11 40 3 3 1 1.230578 0.000000 
15 1 0 1 2 2 1 0 6 10 20 3 3 1 1.674306 0.000000 
15 1 0 3 0 0 1 0 12 0 25 1 1 1 1.580203 0.000000 
15 1 1 1 2 3 0 0 6 11 40 2 2 1 1.874020 0.000000 
15 1 0 2 3 3 1 0 11 15 24 4 4 1 1.060000 0.000000 
15 1 0 0 0 1 0 1 0 1 4 1 1 1 1.078345 0.000000 
15 1 0 0 1 1 1 0 1 5 16 2 2 1 0.886989 0.000000 
15 1 0 1 2 2 1 0 6 10 20 3 3 1 0.959886 0.000000 
15 1 1 3 0 0 1 0 12 0 25 4 4 1 1.294159 0.000000 
15 1 0 1 2 3 0 0 6 11 40 3 3 1 1.031284 0.000000 
15 1 0 2 2 2 1 1 10 10 2 3 3 1 1.402932 0.000000 
15 1 1 2 3 3 1 0 11 15 24 3 3 1 2.023408 0.000000 
15 1 1 0 1 2 0 0 1 6 29 1 1 1 2.354460 0.000000 
15 1 1 2 2 3 0 1 10 11 12 3 3 1 1.817236 0.000000 
15 1 0 3 3 0 0 1 15 12 13 4 4 1 1.173139 0.000000 
15 1 0 0 1 1 1 0 1 5 16 2 2 1 1.402902 0.000000 
15 1 0 2 2 3 0 1 10 11 12 3 3 1 1.767347 0.000000 
15 1 1 1 1 2 0 1 5 6 8 2 2 1 1.581274 0.000000 
15 1 0 1 2 3 0 0 6 11 40 3 3 1 1.682121 0.000000 
15 1 1 3 0 1 0 0 12 1 48 4 4 1 1.836022 0.000000 
15 1 0 3 3 3 1 1 15 15 3 4 4 1 0.719279 0.000000 
15 1 1 2 3 0 0 0 11 12 44 3 3 1 1.542850 0.000000 
15 1 0 2 2 2 1 1 10 10 2 3 3 1 2.422024 0.000000 
15 1 0 3 3 0 0 1 15 12 13 4 4 1 0.818200 0.000000 
15 1 0 0 1 2 0 0 1 6 29 2 2 1 0.940749 0.000000 
15 1 0 2 2 2 1 1 10 10 2 3 3 1 0.699680 0.000000 
15 1 0 2 3 0 0 0 11 12 44 4 4 1 1.156042 0.000000 
15 1 1 0 1 2 0 0 1 6 29 1 1 1 1.298208 0.000000 
15 1 0 1 1 2 0 1 5 6 8 2 2 1 1.067313 0.000000 
15 1 0 3 3 3 1 1 15 15 3 4 4 1 0.716962 0.000000 
15 1 0 2 2 2 1 1 10 10 2 3 3 1 1.116542 0.000000 
15 1 1 1 2 2 1 0 6 10 20 2 2 1 1.563193 0.000000 
15 1 1 1 2 2 1 0 6 10 20 2 2 1 1.953721 0.000000 
15 1 0 0 1 1 1 0 1 5 16 2 2 1 1.560399 0.000000 
15 1 0 0 0 1 0 1 0 1 4 1 1 1 0.806881 0.000000 
15 1 0 0 1 2 0 0 1 6 29 2 2 1 1.019116 0.000000 
15 1 0 0 0 1 0 1 0 1 4 1 1 1 0.790740 0.000000 
15 1 1 1 1 2 0 1 5 6 8 2 2 1 1.202638 0.000000 
15 1 0 1 1 2 0 1 5 6 8 2 2 1 0.919018 0.000000 
15 1 0 3 0 1 0 0 12 1 48 1 1 1 1.310629 0.000000 
15 1 0 0 0 0 1 1 0 0 0 1 1 1 2.655072 0.000000 
15 1 0 0 0 1 0 1 0 1 4 1 1 1 0.785971 0.000000 
15 1 0 2 3 3 1 0 11 15 24 4 4 1 1.406862 0.000000 
15 1 0 0 0 0 1 1 0 0 0 1 1 1 1.266335 0.000000 
15 1 0 2 3 3 1 0 11 15 24 4 4 1 1.387979 0.000000 
15 1 0 3 0 1 0 0 12 1 48 1 1 1 0.977162 0.000000 
15 1 0 1 1 1 1 1 5 5 1 2 2 1 0.958762 0.000000 
15 1 0 1 1 1 1 1 5 5 1 2 2 1 0.677022 0.000000 
15 1 0 0 0 1 0 1 0 1 4 1 1 1 0.750599 0.000000 
15 1 1 3 3 0 0 1 15 12 13 4 4 1 1.676827 0.000000 
15 1 1 2 2 2 1 1 10 10 2 3 3 1 1.245670 0.000000 
15 1 0 1 2 2 1 0 6 10 20 3 3 1 2.408792 0.000000 
15 1 0 0 0 0 1 1 0 0 0 1 1 1 0.821587 0.000000 
15 1 0 0 1 2 0 0 1 6 29 2 2 1 1.097177 0.000000 
15 1 1 2 3 0 0 0 11 12 44 3 3 1 1.498134 0.000000 
15 1 0 3 3 3 1 1 15 15 3 4 4 1 0.835322 0.000000 
15 1 0 2 2 3 0 1 10 11 12 3 3 1 1.397225 0.000000 
15 1 0 2 3 0 0 0 11 12 44 4 4 1 0.858316 0.000000 
15 1 1 1 2 3 0 0 6 11 40 2 2 1 1.284601 0.000000 
15 1 0 3 3 0 0 1 15 12 13 4 4 1 0.885658 0.000000 
15 1 0 3 0 0 1 0 12 0 25 1 1 1 2.310655 0.000000 
15 1 0 2 2 3 0 1 10 11 12 3 3 1 1.327402 0.000000 
15 1 0 2 3 0 0 0 11 12 44 4 4 1 2.614233 0.000000 
15 1 0 3 3 3 1 1 15 15 3 4 4 1 0.683008 0.000000 
15 1 0 1 2 3 0 0 6 11 40 3 3 1 1.604168 0.000000 
15 1 1 0 0 1 0 1 0 1 4 1 1 1 1.440461 0.000000 
15 1 1 0 0 0 1 1 0 0 0 1 1 1 1.587603 0.000000 
15 1 0 1 2 2 1 0 6 10 20 3 3 1 1.160771 0.000000 
15 1 0 1 1 2 0 1 5 6 8 2 2 1 1.270168 0.000000 
15 1 1 0 1 2 0 0 1 6 29 1 1 1 1.511880 0.000000 
15 1 1 1 2 3 0 0 6 11 40 2 2 1 1.864391 0.000000 
15 1 0 2 2 2 1 1 10 10 2 3 3 1 1.259013 0.000000 
15 1 0 2 2 2 1 1 10 10 2 3 3 1 0.757372 0.000000 
15 1 0 1 2 2 1 0 6 10 20 3 3 1 1.379644 0.000000 
15 1 0 3 3 0 0 1 15 12 13 4 4 1 1.024446 0.000000 
15 1 1 3 0 0 1 0 12 0 25 4 4 1 1.540033 0.000000 
15 1 0 1 2 2 1 0 6 10 20 3 3 1 1.835232 0.000000 
15 1 0 0 1 2 0 0 1 6 29 2 2 1 1.182476 0.000000 
15 1 0 1 2 3 0 0 6 11 40 3 3 1 2.572059 0.000000 
15 1 0 1 2 3 0 0 6 11 40 3 3 1 0.722411 0.000000 
15 1 0 0 1 1 1 0 1 5 16 2 2 1 1.489035 0.000000 
15 1 1 3 3 3 1 1 15 15 3 4 4 1 1.378129 0.000000 
15 1 1 1 1 1 1 1 5 5 1 2 2 1 1.207902 0.000000 
15 1 0 3 3 3 1 1 15 15 3 4 4 1 1.044309 0.000000 
15 1 0 0 0 0 1 1 0 0 0 1 1 1 0.871266 0.000000 
15 1 0 2 2 3 0 1 10 11 12 3 3 1 1.272869 0.000000 
15 1 0 1 1 1 1 1 5 5 1 2 2 1 2.145672 0.000000 
15 1 0 2 2 2 1 1 10 10 2 3 3 1 0.856968 0.000000 
15 1 1 2 3 0 0 0 11 12 44 3 3 1 1.923287 0.000000 
15 1 0 1 1 1 1 1 5 5 1 2 2 1 2.067268 0.000000 
15 1 0 1 1 2 0 1 5 6 8 2 2 1 0.941249 0.000000 
15 1 1 1 1 2 0 1 5 6 8 2 2 1 1.436235 0.000000 
15 1 0 1 1 1 1 1 5 5 1 2 2 1 0.783379 0.000000 
15 1 0 1 2 2 1 0 6 10 20 3 3 1 1.187256 0.000000 
15 1 0 3 3 0 0 1 15 12 13 4 4 1 0.752280 0.000000 
15 1 0 3 0 0 1 0 12 0 25 1 1 1 2.374566 0.000000 
15 1 0 1 2 3 0 0 6 11 40 3 3 1 1.588656 0.000000 
15 1 0 2 2 3 0 1 10 11 12 3 3 1 0.881844 0.000000 
15 1 0 3 0 0 1 0 12 0 25 1 1 1 1.547470 0.000000 
15 1 0 0 0 1 0 1 0 1 4 1 1 1 0.761585 0.000000 
15 1 0 1 2 3 0 0 6 11 40 3 3 1 2.951917 0.000000 
15 1 1 0 1 1 1 0 1 5 16 1 1 1 1.406887 0.000000 
15 1 1 1 2 2 1 0 6 10 20 2 2 1 1.307304 0.000000 
15 1 0 2 2 2 1 1 10 10 2 3 3 1 1.395766 0.000000 
15 1 0 1 1 2 0 1 5 6 8 2 2 1 0.824845 0.000000 
15 1 0 3 3 0 0 1 15 12 13 4 4 1 0.923452 0.000000 
15 1 0 0 1 1 1 0 1 5 16 2 2 1 0.738984 0.000000 
15 1 0 2 3 3 1 0 11 15 24 4 4 1 0.785900 0.000000 
15 1 0 1 1 1 1 1 5 5 1 2 2 1 0.846801 0.000000 
15 1 0 1 2 3 0 0 6 11 40 3 3 1 0.961704 0.000000 
15 1 0 2 3 3 1 0 11 15 24 4 4 1 1.103974 0.000000 
15 1 1 3 3 0 0 1 15 12 13 4 4 1 1.520349 0.000000 
15 1 0 0 0 0 1 1 0 0 0 1 1 1 1.007148 0.000000 
15 1 0 0 1 2 0 0 1 6 29 2 2 1 1.019452 0.000000 
15 1 0 3 3 3 1 1 15 15 3 4 4 1 1.143047 0.000000 
15 1 1 2 3 3 1 0 11 15 24 3 3 1 1.910144 0.000000 
15 1 0 1 2 3 0 0 6 11 40 3 3 1 1.902802 0.000000 
15 1 1 2 2 2 1 1 10 10 2 3 3 1 1.791433 0.000000 
15 1 0 3 0 1 0 0 12 1 48 1 1 1 1.179671 0.000000 
15 1 1 3 0 1 0 0 12 1 48 4 4 1 1.545425 0.000000 
15 1 0 3 0 1 0 0 12 1 48 1 1 1 1.080562 0.000000 
15 1 0 0 1 2 0 0 1 6 29 2 2 1 0.882240 0.000000 
15 1 0 2 2 3 0 1 10 11 12 3 3 1 0.931811 0.000000 
15 1 0 0 1 2 0 0 1 6 29 2 2 1 0.915429 0.000000 
15 1 0 3 0 0 1 0 12 0 25 1 1 1 2.203784 0.000000 
15 1 0 2 3 3 1 0 11 15 24 4 4 1 0.871413 0.000000 
15 1 0 2 2 2 1 1 10 10 2 3 3 1 1.296989 0.000000 
15 1 1 0 1 2 0 0 1 6 29 1 1 1 1.162092 0.000000 
15 1 0 1 2 2 1 0 6 10 20 3 3 1 1.576476 0.000000 
15 1 1 0 0 1 0 1 0 1 4 1 1 1 1.390323 0.000000 
15 1 1 3 0 0 1 0 12 0 25 4 4 1 1.595501 0.000000 
15 1 0 2 2 3 0 1 10 11 12 3 3 1 2.591699 0.000000 
15 1 0 3 0 1 0 0 12 1 48 1 1 1 1.277260 0.000000 
15 1 0 2 2 2 1 1 10 10 2 3 3 1 1.510959 0.000000 
15 1 0 1 1 1 1 1 5 5 1 2 2 1 0.991432 0.000000 
15 1 0 2 3 3 1 0 11 15 24 4 4 1 0.892393 0.000000 
15 1 0 0 1 1 1 0 1 5 16 2 2 1 0.925335 0.000000 
15 1 1 0 1 1 1 0 1 5 16 1 1 1 1.251948 0.000000 
15 1 1 1 1 2 0 1 5 6 8 2 2 1 1.606360 0.000000 
15 1 1 1 1 1 1 1 5 5 1 2 2 1 1.722907 0.000000 
15 1 0 3 3 0 0 1 15 12 13 4 4 1 0.994789 0.000000 
15 1 0 0 1 2 0 0 1 6 29 2 2 1 0.799747 0.000000 
15 1 0 0 0 0 1 1 0 0 0 1 1 1 0.964186 0.000000 
15 1 0 0 1 1 1 0 1 5 16 2 2 1 0.954284 0.000000 
15 1 0 0 1 1 1 0 1 5 16 2 2 1 1.095551 0.000000 
15 1 1 3 0 1 0 0 12 1 48 4 4 1 1.536555 0.000000 
15 1 0 2 3 3 1 0 11 15 24 4 4 1 1.071710 0.000000 
15 1 0 3 0 0 1 0 12 0 25 1 1 1 1.233390 0.000000 
15 1 0 2 2 3 0 1 10 11 12 3 3 1 2.004496 0.000000 
15 1 1 3 0 0 1 0 12 0 25 4 4 1 1.224172 0.000000 
15 1 1 3 3 3 1 1 15 15 3 4 4 1 1.603876 0.000000 
15 1 0 2 2 3 0 1 10 11 12 3 3 1 0.896381 0.000000 
15 1 1 2 3 3 1 0 11 15 24 3 3 1 1.641283 0.000000 
15 1 0 1 1 1 1 1 5 5 1 2 2 1 0.780488 0.000000 
15 1 0 0 1 1 1 0 1 5 16 2 2 1 1.330046 0.000000 
15 1 0 3 3 0 0 1 15 12 13 4 4 1 0.961823 0.000000 
15 1 1 1 1 2 0 1 5 6 8 2 2 1 1.935131 0.000000 
15 1 1 0 1 2 0 0 1 6 29 1 1 1 0.902425 0.000000 
15 1 0 2 3 0 0 0 11 12 44 4 4 1 1.062680 0.000000 
15 1 0 0 0 1 0 1 0 1 4 1 1 1 1.768990 0.000000 
15 1 1 2 2 2 1 1 10 10 2 3 3 1 2.279006 0.000000 
15 1 0 3 0 0 1 0 12 0 25 1 1 1 1.505050 0.000000 
15 1 1 3 3 0 0 1 15 12 13 4 4 1 1.304571 0.000000 
15 1 0 2 2 2 1 1 10 10 2 3 3 1 1.241012 0.000000 
15 1 1 2 2 3 0 1 10 11 12 3 3 1 2.708066 0.000000 
15 1 1 3 3 3 1 1 15 15 3 4 4 1 0.908962 0.000000 
15 1 0 2 3 3 1 0 11 15 24 4 4 1 1.021253 0.000000 
15 1 0 0 1 1 1 0 1 5 16 2 2 1 0.832911 0.000000 
15 1 0 1 1 2 0 1 5 6 8 2 2 1 1.107041 0.000000 
15 1 0 2 2 3 0 1 10 11 12 3 3 1 1.571196 0.000000 
15 1 0 1 1 2 0 1 5 6 8 2 2 1 0.888985 0.000000 
15 1 0 0 0 1 0 1 0 1 4 1 1 1 1.033949 0.000000 
15 1 0 2 3 0 0 0 11 12 44 4 4 1 0.692895 0.000000 
15 1 0 0 0 1 0 1 0 1 4 1 1 1 0.829744 0.000000 
15 1 0 2 3 3 1 0 11 15 24 4 4 1 1.369348 0.000000 
15 1 0 0 1 1 1 0 1 5 16 2 2 1 1.158128 0.000000 
15 1 0 0 0 0 1 1 0 0 0 1 1 1 0.756466 0.000000 
15 1 0 0 0 0 1 1 0 0 0 1 1 1 0.578659 0.000000 
15 1 0 3 3 0 0 1 15 12 13 4 4 1 0.776146 0.000000 
15 1 0 3 3 3 1 1 15 15 3 4 4 1 0.797701 0.000000 
15 1 0 1 2 3 0 0 6 11 40 3 3 1 1.530615 0.000000 
15 1 0 3 0 0 1 0 12 0 25 1 1 1 1.618450 0.000000 
15 1 0 3 0 0 1 0 12 0 25 1 1 1 0.949287 0.000000 
15 1 0 3 0 1 0 0 12 1 48 1 1 1 1.012005 0.000000 
15 1 0 0 0 1 0 1 0 1 4 1 1 1 0.808557 0.000000 
15 1 1 0 1 1 1 0 1 5 16 1 1 1 1.492788 0.000000 
15 1 0 3 3 0 0 1 15 12 13 4 4 1 0.733919 0.000000 
15 2 0 1 1 2 0 1 5 6 8 2 2 1 1.513951 0.000000 
15 2 1 1 1 2 0 1 5 6 8 2 2 1 1.482561 0.000000 
15 2 0 1 2 2 1 0 6 10 20 3 3 1 1.540195 0.000000 
15 2 0 1 1 1 1 1 5 5 1 2 2 1 1.274900 0.000000 
15 2 0 0 1 2 0 0 1 6 29 2 2 1 0.828652 0.000000 
15 2 0 0 1 2 0 0 1 6 29 2 2 1 0.704211 0.000000 
15 2 0 3 3 0 0 1 15 12 13 4 4 1 1.103458 0.000000 
15 2 1 0 1 2 0 0 1 6 29 1 1 1 1.567774 0.000000 
15 2 0 2 3 0 0 0 11 12 44 4 4 1 1.141584 0.000000 
15 2 0 2 2 2 1 1 10 10 2 3 3 1 1.076582 0.000000 
15 2 1 1 1 1 1 1 5 5 1 2 2 1 2.278350 0.000000 
15 2 1 0 0 1 0 1 0 1 4 1 1 1 0.952431 0.000000 
15 2 1 1 2 3 0 0 6 11 40 2 2 1 1.309687 0.000000 
15 2 0 0 1 2 0 0 1 6 29 2 2 1 1.038127 0.000000 
15 2 0 3 0 0 1 0 12 0 25 1 1 1 1.457073 0.000000 
15 2 0 1 2 3 0 0 6 11 40 3 3 1 1.075588 0.000000 
15 2 0 2 3 3 1 0 11 15 24 4 4 1 0.845194 0.000000 
15 2 0 0 0 0 1 1 0 0 0 1 1 1 2.064197 0.000000 
15 2 1 0 1 2 0 0 1 6 29 1 1 1 1.370851 0.000000 
15 2 0 3 0 0 1 0 12 0 25 1 1 1 1.263619 0.000000 
15 2 0 1 1 2 0 1 5 6 8 2 2 1 0.705971 0.000000 
15 2 0 1 1 2 0 1 5 6 8 2 2 1 0.626193 0.000000 
15 2 0 2 2 2 1 1 10 10 2 3 3 1 0.805689 0.000000 
15 2 0 2 3 0 0 0 11 12 44 4 4 1 0.801906 0.000000 
15 2 0 3 3 0 0 1 15 12 13 4 4 1 0.718125 0.000000 
15 2 0 2 3 3 1 0 11 15 24 4 4 1 0.725679 0.000000 
15 2 1 0 1 2 0 0 1 6 29 1 2 0 1.324191 0.000000 
15 2 1 0 0 1 0 1 0 1 4 1 1 1 1.655948 0.000000 
15 2 1 2 2 2 1 1 10 10 2 3 3 1 2.834085 0.000000 
15 2 0 0 1 2 0 0 1 6 29 2 2 1 0.877719 0.000000 
15 2 0 0 0 0 1 1 0 0 0 1 1 1 0.759292 0.000000 
15 2 0 2 3 0 0 0 11 12 44 4 4 1 0.853491 0.000000 
15 2 0 1 2 3 0 0 6 11 40 3 3 1 0.910814 0.000000 
15 2 0 0 1 2 0 0 1 6 29 2 2 1 0.935009 0.000000 
15 2 0 3 0 1 0 0 12 1 48 1 1 1 1.277978 0.000000 
15 2 0 1 1 2 0 1 5 6 8 2 2 1 0.807622 0.000000 
15 2 1 2 3 0 0 0 11 12 44 3 3 1 1.811922 0.000000 
15 2 0 0 1 1 1 0 1 5 16 2 2 1 0.864539 0.000000 
15 2 1 2 3 3 1 0 11 15 24 3 3 1 1.402804 0.000000 
15 2 0 3 0 0 1 0 12 0 25 1 1 1 1.390236 0.000000 
15 2 0 3 3 0 0 1 15 12 13 4 4 1 0.939359 0.000000 
15 2 1 3 3 3 1 1 15 15 3 4 4 1 1.826347 0.000000 
15 2 0 1 2 3 0 0 6 11 40 3 3 1 1.366264 0.000000 
15 2 1 3 0 1 0 0 12 1 48 4 4 1 1.564039 0.000000 
15 2 0 3 3 0 0 1 15 12 13 4 4 1 0.898511 0.000000 
15 2 1 0 0 0 1 1 0 0 0 1 1 1 1.322473 0.000000 
15 2 0 1 2 3 0 0 6 11 40 3 3 1 2.018292 0.000000 
15 2 0 3 3 3 1 1 15 15 3 4 4 1 0.726251 0.000000 
15 2 0 3 0 1 0 0 12 1 48 1 1 1 1.077805 0.000000 
15 2 0 3 3 0 0 1 15 12 13 4 4 1 0.991473 0.000000 
15 2 0 0 1 1 1 0 1 5 16 2 2 1 1.404443 0.000000 
15 2 0 1 1 1 1 1 5 5 1 2 2 1 0.624835 0.000000 
15 2 0 1 1 2 0 1 5 6 8 2 2 1 0.763362 0.000000 
15 2 0 3 3 0 0 1 15 12 13 4 4 1 0.689564 0.000000 
15 2 0 0 0 0 1 1 0 0 0 1 1 1 1.346438 0.000000 
15 2 0 3 0 0 1 0 12 0 25 1 1 1 0.593475 0.000000 
15 2 0 2 2 2 1 1 10 10 2 3 3 1 1.190338 0.000000 
15 2 0 3 0 0 1 0 12 0 25 1 1 1 1.571401 0.000000 
15 2 0 3 0 0 1 0 12 0 25 1 1 1 0.553205 0.000000 
15 2 1 0 0 0 1 1 0 0 0 1 1 1 1.206367 0.000000 
15 2 1 3 3 3 1 1 15 15 3 4 4 1 1.178734 0.000000 
15 2 0 0 1 1 1 0 1 5 16 2 2 1 1.672456 0.000000 
15 2 0 2 2 3 0 1 10 11 12 3 3 1 1.090292 0.000000 
15 2 1 1 2 2 1 0 6 10 20 2 2 1 1.387327 0.000000 
15 2 0 0 0 0 1 1 0 0 0 1 1 1 0.872448 0.000000 
15 2 0 1 1 2 0 1 5 6 8 2 2 1 0.913979 0.000000 
15 2 0 1 1 1 1 1 5 5 1 2 2 1 0.729264 0.000000 
15 2 0 2 3 0 0 0 11 12 44 4 4 1 0.936813 0.000000 
15 2 0 1 1 2 0 1 5 6 8 2 2 1 0.767731 0.000000 
15 2 0 0 0 0 1 1 0 0 0 1 1 1 0.637297 0.000000 
15 2 1 1 2 3 0 0 6 11 40 2 2 1 1.664128 0.000000 
15 2 0 1 1 1 1 1 5 5 1 2 2 1 0.746672 0.000000 
15 2 1 0 1 2 0 0 1 6 29 1 1 1 1.337563 0.000000 
15 2 1 0 1 1 1 0 1 5 16 1 1 1 1.135648 0.000000 
15 2 0 3 3 0 0 1 15 12 13 4 4 1 0.846681 0.000000 
15 2 0 2 2 2 1 1 10 10 2 3 3 1 1.329593 0.000000 
15 2 0 1 1 2 0 1 5 6 8 2 2 1 0.897345 0.000000 
15 2 0 2 3 0 0 0 11 12 44 4 4 1 0.730216 0.000000 
15 2 1 2 2 3 0 1 10 11 12 3 3 1 1.545810 0.000000 
15 2 0 2 3 3 1 0 11 15 24 4 4 1 1.448008 0.000000 
15 2 1 1 1 1 1 1 5 5 1 2 2 1 1.163078 0.000000 
15 2 0 1 1 2 0 1 5 6 8 2 2 1 0.937462 0.000000 
15 2 0 3 3 3 1 1 15 15 3 4 4 1 1.496442 0.000000 
15 2 1 1 2 2 1 0 6 10 20 2 2 1 2.513641 0.000000 
15 2 0 2 2 3 0 1 10 11 12 3 3 1 1.298441 0.000000 
15 2 0 2 2 3 0 1 10 11 12 3 3 1 0.643505 0.000000 
15 2 0 1 2 3 0 0 6 11 40 3 3 1 0.669307 0.000000 
15 2 0 3 0 0 1 0 12 0 25 1 1 1 1.286849 0.000000 
15 2 0 0 0 1 0 1 0 1 4 1 1 1 1.815981 0.000000 
15 2 0 0 1 1 1 0 1 5 16 2 2 1 0.884077 0.000000 
15 2 1 1 1 1 1 1 5 5 1 2 2 1 1.340805 0.000000 
15 2 0 2 3 0 0 0 11 12 44 4 4 1 0.947890 0.000000 
15 2 0 2 3 0 0 0 11 12 44 4 4 1 0.546861 0.000000 
15 2 1 3 0 1 0 0 12 1 48 4 4 1 1.680666 0.000000 
15 2 0 3 0 1 0 0 12 1 48 1 4 0 0.810488 0.000000 
15 2 0 3 0 1 0 0 12 1 48 1 1 1 0.954704 0.000000 
15 2 1 1 1 1 1 1 5 5 1 2 2 1 1.160567 0.000000 
15 2 0 2 2 2 1 1 10 10 2 3 3 1 1.046935 0.000000 
15 2 1 0 1 2 0 0 1 6 29 1 1 1 1.401910 0.000000 
15 2 1 0 0 1 0 1 0 1 4 1 1 1 1.277388 0.000000 
15 2 0 1 1 1 1 1 5 5 1 2 2 1 0.791104 0.000000 
15 2 0 2 2 2 1 1 10 10 2 3 3 1 0.731977 0.000000 
15 2 1 3 0 0 1 0 12 0 25 4 1 0 1.699585 0.000000 
15 2 1 1 1 2 0 1 5 6 8 2 2 1 2.168355 0.000000 
15 2 1 0 0 1 0 1 0 1 4 1 1 1 1.166385 0.000000 
15 2 0 2 2 3 0 1 10 11 12 3 3 1 1.315057 0.000000 
15 2 0 3 3 0 0 1 15 12 13 4 4 1 0.827500 0.000000 
15 2 0 0 0 1 0 1 0 1 4 1 1 1 1.575049 0.000000 
15 2 1 0 0 0 1 1 0 0 0 1 1 1 1.028923 0.000000 
15 2 0 0 1 2 0 0 1 6 29 2 2 1 0.984567 0.000000 
15 2 0 0 1 2 0 0 1 6 29 2 2 1 0.725512 0.000000 
15 2 0 3 3 3 1 1 15 15 3 4 4 1 0.821019 0.000000 
15 2 0 3 3 0 0 1 15 12 13 4 4 1 0.615615 0.000000 
15 2 1 1 1 1 1 1 5 5 1 2 2 1 1.307769 0.000000 
15 2 0 1 2 3 0 0 6 11 40 3 3 1 1.028175 0.000000 
15 2 0 0 0 1 0 1 0 1 4 1 1 1 0.783815 0.000000 
15 2 0 1 1 2 0 1 5 6 8 2 2 1 0.828718 0.000000 
15 2 0 1 1 2 0 1 5 6 8 2 2 1 0.608259 0.000000 
15 2 0 0 1 1 1 0 1 5 16 2 2 1 0.852427 0.000000 
15 2 0 3 0 0 1 0 12 0 25 1 1 1 1.686766 0.000000 
15 2 0 2 3 0 0 0 11 12 44 4 4 1 0.982903 0.000000 
15 2 0 3 0 0 1 0 12 0 25 1 1 1 1.164053 0.000000 
15 2 0 2 3 3 1 0 11 15 24 4 4 1 0.930222 0.000000 
15 2 1 1 2 2 1 0 6 10 20 2 2 1 1.241826 0.000000 
15 2 0 0 1 2 0 0 1 6 29 2 2 1 0.860908 0.000000 
15 2 1 2 3 3 1 0 11 15 24 3 3 1 1.495151 0.000000 
15 2 0 1 1 1 1 1 5 5 1 2 2 1 2.551372 0.000000 
15 2 1 2 3 3 1 0 11 15 24 3 3 1 2.782213 0.000000 
15 2 1 3 3 0 0 1 15 12 13 4 4 1 1.356026 0.000000 
15 2 0 0 0 1 0 1 0 1 4 1 1 1 0.906289 0.000000 
15 2 0 2 2 3 0 1 10 11 12 3 3 1 1.066534 0.000000 
15 2 0 1 2 3 0 0 6 11 40 3 3 1 1.884253 0.000000 
15 2 0 1 2 2 1 0 6 10 20 3 3 1 1.412521 0.000000 
15 2 0 1 1 1 1 1 5 5 1 2 2 1 1.048999 0.000000 
15 2 0 2 3 3 1 0 11 15 24 4 4 1 0.955975 0.000000 
15 2 0 0 1 1 1 0 1 5 16 2 2 1 1.098274 0.000000 
15 2 0 2 3 3 1 0 11 15 24 4 4 1 1.011243 0.000000 
15 2 0 0 1 2 0 0 1 6 29 2 2 1 0.775547 0.000000 
15 2 1 3 0 1 0 0 12 1 48 4 4 1 1.476106 0.000000 
15 2 0 2 2 2 1 1 10 10 2 3 3 1 1.141916 0.000000 
15 2 0 2 3 3 1 0 11 15 24 4 4 1 0.828932 0.000000 
15 2 0 2 2 2 1 1 10 10 2 3 3 1 1.072494 0.000000 
15 2 1 2 3 3 1 0 11 15 24 3 3 1 2.314212 0.000000 
15 2 1 0 1 1 1 0 1 5 16 1 1 1 1.298978 0.000000 
15 2 0 3 3 0 0 1 15 12 13 4 4 1 0.771982 0.000000 
15 2 0 3 0 1 0 0 12 1 48 1 1 1 1.176610 0.000000 
15 2 0 1 1 2 0 1 5 6 8 2 2 1 0.886301 0.000000 
15 2 0 2 2 3 0 1 10 11 12 3 3 1 0.855204 0.000000 
15 2 0 3 0 0 1 0 12 0 25 1 1 1 1.297439 0.000000 
15 2 0 2 3 0 0 0 11 12 44 4 4 1 0.986533 0.000000 
15 2 0 3 0 0 1 0 12 0 25 1 1 1 0.959503 0.000000 
15 2 0 3 3 0 0 1 15 12 13 4 4 1 1.316904 0.000000 
15 2 1 1 1 1 1 1 5 5 1 2 2 1 1.252521 0.000000 
15 2 0 2 3 3 1 0 11 15 24 4 4 1 0.758919 0.000000 
15 2 0 0 0 0 1 1 0 0 0 1 1 1 1.005190 0.000000 
15 2 1 2 2 2 1 1 10 10 2 3 3 1 3.409573 0.000000 
15 2 1 3 3 3 1 1 15 15 3 4 4 1 1.614686 0.000000 
15 2 0 0 1 1 1 0 1 5 16 2 2 1 1.187218 0.000000 
15 2 0 0 0 0 1 1 0 0 0 1 1 1 0.759248 0.000000 
15 2 1 2 3 3 1 0 11 15 24 3 3 1 1.685463 0.000000 
15 2 0 0 1 2 0 0 1 6 29 2 2 1 0.822662 0.000000 
15 2 0 1 2 2 1 0 6 10 20 3 3 1 2.002288 0.000000 
15 2 0 3 0 0 1 0 12 0 25 1 1 1 0.934930 0.000000 
15 2 0 2 2 3 0 1 10 11 12 3 3 1 0.941893 0.000000 
15 2 1 1 1 1 1 1 5 5 1 2 2 1 1.035838 0.000000 
15 2 0 1 1 1 1 1 5 5 1 2 2 1 0.774775 0.000000 
15 2 0 3 0 0 1 0 12 0 25 1 1 1 1.180381 0.000000 
15 2 0 0 1 1 1 0 1 5 16 2 2 1 0.794022 0.000000 
15 2 0 1 2 2 1 0 6 10 20 3 3 1 1.862970 0.000000 
15 2 0 0 1 2 0 0 1 6 29 2 2 1 0.897581 0.000000 
15 2 0 2 2 2 1 1 10 10 2 3 3 1 1.330495 0.000000 
15 2 0 2 3 3 1 0 11 15 24 4 4 1 0.737292 0.000000 
15 2 0 1 2 2 1 0 6 10 20 3 3 1 0.888148 0.000000 
15 2 0 2 2 2 1 1 10 10 2 3 3 1 0.696983 0.000000 
15 2 0 2 3 3 1 0 11 15 24 4 4 1 0.673901 0.000000 
15 2 1 0 0 0 1 1 0 0 0 1 1 1 1.355463 0.000000 
15 2 0 2 2 3 0 1 10 11 12 3 3 1 1.297865 0.000000 
15 2 0 1 2 3 0 0 6 11 40 3 3 1 0.858922 0.000000 
15 2 0 3 0 1 0 0 12 1 48 1 1 1 0.820199 0.000000 
15 2 0 3 3 0 0 1 15 12 13 4 4 1 0.871725 0.000000 
15 2 0 2 2 3 0 1 10 11 12 3 3 1 0.769327 0.000000 
15 2 0 3 0 0 1 0 12 0 25 1 1 1 0.934890 0.000000 
15 2 0 2 2 3 0 1 10 11 12 3 3 1 0.821783 0.000000 
15 2 0 3 3 3 1 1 15 15 3 4 4 1 0.889355 0.000000 
15 2 0 3 3 0 0 1 15 12 13 4 4 1 0.562262 0.000000 
15 2 0 0 0 1 0 1 0 1 4 1 1 1 0.799508 0.000000 
15 2 1 1 2 2 1 0 6 10 20 2 2 1 1.540113 0.000000 
15 2 0 3 3 3 1 1 15 15 3 4 4 1 0.634813 0.000000 
15 2 0 0 1 2 0 0 1 6 29 2 2 1 0.853657 0.000000 
15 2 0 3 3 3 1 1 15 15 3 4 4 1 0.535907 0.000000 
15 2 0 0 1 2 0 0 1 6 29 2 2 1 0.806675 0.000000 
15 2 1 3 3 0 0 1 15 12 13 4 4 1 1.530901 0.000000 
15 3 0 1 1 2 0 1 5 6 8 2 2 1 3.139598 0.000000 
15 3 0 3 3 3 1 1 15 15 3 4 4 1 1.259421 0.000000 
15 3 0 3 0 0 1 0 12 0 25 1 1 1 1.173786 0.000000 
15 3 1 0 1 2 0 0 1 6 29 1 1 1 1.611534 0.000000 
15 3 1 1 2 2 1 0 6 10 20 2 2 1 3.000110 0.000000 
15 3 1 0 0 1 0 1 0 1 4 1 1 1 1.884136 0.000000 
15 3 0 2 3 0 0 0 11 12 44 4 4 1 1.005413 0.000000 
15 3 0 0 0 1 0 1 0 1 4 1 1 1 1.657772 0.000000 
15 3 0 2 2 3 0 1 10 11 12 3 3 1 0.980271 0.000000 
15 3 0 0 0 0 1 1 0 0 0 1 1 1 0.929874 0.000000 
15 3 0 1 2 3 0 0 6 11 40 3 3 1 1.105513 0.000000 
15 3 0 0 1 2 0 0 1 6 29 2 2 1 1.009867 0.000000 
15 3 1 0 0 0 1 1 0 0 0 1 1 1 1.149183 0.000000 
15 3 1 0 1 2 0 0 1 6 29 1 2 0 1.556015 0.000000 
15 3 0 1 1 2 0 1 5 6 8 2 2 1 0.774618 0.000000 
15 3 0 0 1 2 0 0 1 6 29 2 2 1 0.683749 0.000000 
15 3 0 3 0 1 0 0 12 1 48 1 1 1 2.532678 0.000000 
15 3 0 2 3 3 1 0 11 15 24 4 4 1 0.868143 0.000000 
15 3 0 3 3 0 0 1 15 12 13 4 4 1 0.749755 0.000000 
15 3 0 2 2 2 1 1 10 10 2 3 3 1 0.987172 0.000000 
15 3 0 1 1 2 0 1 5 6 8 2 2 1 0.951905 0.000000 
15 3 0 2 2 3 0 1 10 11 12 3 3 1 0.990221 0.000000 
15 3 0 2 3 0 0 0 11 12 44 4 4 1 1.147172 0.000000 
15 3 0 1 2 3 0 0 6 11 40 3 3 1 1.202209 0.000000 
15 3 1 3 3 0 0 1 15 12 13 4 4 1 1.342585 0.000000 
15 3 0 3 3 0 0 1 15 12 13 4 4 1 0.852715 0.000000 
15 3 0 3 3 3 1 1 15 15 3 4 4 1 0.694891 0.000000 
15 3 1 2 2 2 1 1 10 10 2 3 3 1 1.599749 0.000000 
15 3 0 2 2 2 1 1 10 10 2 3 3 1 1.076329 0.000000 
15 3 0 2 3 0 0 0 11 12 44 4 4 1 1.309967 0.000000 
15 3 1 1 2 2 1 0 6 10 20 2 2 1 2.430423 0.000000 
15 3 0 2 3 3 1 0 11 15 24 4 4 1 0.898532 0.000000 
15 3 0 0 1 2 0 0 1 6 29 2 2 1 0.810477 0.000000 
15 3 0 1 2 3 0 0 6 11 40 3 3 1 1.062683 0.000000 
15 3 0 0 1 1 1 0 1 5 16 2 2 1 0.761017 0.000000 
15 3 0 3 3 3 1 1 15 15 3 4 4 1 0.959224 0.000000 
15 3 0 3 0 0 1 0 12 0 25 1 1 1 1.189544 0.000000 
15 3 0 3 3 3 1 1 15 15 3 4 4 1 0.730546 0.000000 
15 3 0 1 2 2 1 0 6 10 20 3 3 1 1.210104 0.000000 
15 3 0 1 1 1 1 1 5 5 1 2 2 1 0.821471 0.000000 
15 3 0 0 1 1 1 0 1 5 16 2 2 1 1.217033 0.000000 
15 3 1 0 1 1 1 0 1 5 16 1 1 1 1.444781 0.000000 
15 3 0 2 2 2 1 1 10 10 2 3 3 1 0.775860 0.000000 
15 3 1 3 0 0 1 0 12 0 25 4 4 1 2.109493 0.000000 
15 3 0 1 1 1 1 1 5 5 1 2 2 1 1.926198 0.000000 
15 3 0 1 2 2 1 0 6 10 20 3 3 1 1.157171 0.000000 
15 3 0 1 2 2 1 0 6 10 20 3 3 1 0.755524 0.000000 
15 3 0 0 1 2 0 0 1 6 29 2 2 1 1.033718 0.000000 
15 3 1 3 0 0 1 0 12 0 25 4 4 1 3.356827 0.000000 
15 3 0 3 3 3 1 1 15 15 3 4 4 1 0.715850 0.000000 
15 3 0 2 2 3 0 1 10 11 12 3 3 1 1.612035 0.000000 
15 3 0 2 2 2 1 1 10 10 2 3 3 1 0.759618 0.000000 
15 3 0 1 2 2 1 0 6 10 20 3 3 1 1.109853 0.000000 
15 3 0 1 2 2 1 0 6 10 20 3 3 1 0.686159 0.000000 
15 3 0 2 3 0 0 0 11 12 44 4 4 1 0.822997 0.000000 
15 3 0 2 2 2 1 1 10 10 2 3 4 0 0.746591 0.000000 
15 3 1 3 3 0 0 1 15 12 13 4 4 1 1.429452 0.000000 
15 3 0 1 2 3 0 0 6 11 40 3 2 0 0.904898 0.000000 
15 3 0 1 1 2 0 1 5 6 8 2 2 1 1.908072 0.000000 
15 3 0 0 0 0 1 1 0 0 0 1 1 1 0.852232 0.000000 
15 3 0 0 1 2 0 0 1 6 29 2 2 1 0.878478 0.000000 
15 3 0 1 1 1 1 1 5 5 1 2 2 1 0.792027 0.000000 
15 3 0 0 0 0 1 1 0 0 0 1 1 1 1.004986 0.000000 
15 3 0 2 2 2 1 1 10 10 2 3 3 1 1.113261 0.000000 
15 3 1 3 3 0 0 1 15 12 13 4 4 1 1.425615 0.000000 
15 3 1 3 0 0 1 0 12 0 25 4 4 1 1.092407 0.000000 
15 3 0 0 0 0 1 1 0 0 0 1 1 1 1.045426 0.000000 
15 3 0 3 3 3 1 1 15 15 3 4 4 1 0.896373 0.000000 
15 3 0 2 3 0 0 0 11 12 44 4 4 1 1.177332 0.000000 
15 3 1 3 0 1 0 0 12 1 48 4 4 1 1.527022 0.000000 
15 3 0 2 3 3 1 0 11 15 24 4 4 1 1.038842 0.000000 
15 3 0 0 1 1 1 0 1 5 16 2 2 1 0.992823 0.000000 
15 3 1 0 0 1 0 1 0 1 4 1 1 1 1.277812 0.000000 
15 3 0 0 1 1 1 0 1 5 16 2 1 0 1.071551 0.000000 
15 3 0 0 1 2 0 0 1 6 29 2 2 1 1.165164 0.000000 
15 3 1 3 0 1 0 0 12 1 48 4 4 1 1.499085 0.000000 
15 3 0 1 2 3 0 0 6 11 40 3 3 1 1.092022 0.000000 
15 3 0 3 3 3 1 1 15 15 3 4 4 1 1.084586 0.000000 
15 3 1 2 2 2 1 1 10 10 2 3 3 1 1.444597 0.000000 
15 3 0 3 3 0 0 1 15 12 13 4 4 1 0.895721 0.000000 
15 3 0 3 3 0 0 1 15 12 13 4 4 1 0.536639 0.000000 
15 3 0 0 0 1 0 1 0 1 4 1 1 1 1.487469 0.000000 
15 3 0 3 3 0 0 1 15 12 13 4 4 1 1.248596 0.000000 
15 3 1 1 2 2 1 0 6 10 20 2 2 1 2.627716 0.000000 
15 3 0 1 2 2 1 0 6 10 20 3 3 1 2.366969 0.000000 
15 3 0 0 1 2 0 0 1 6 29 2 2 1 1.093012 0.000000 
15 3 0 1 2 2 1 0 6 10 20 3 3 1 1.670077 0.000000 
15 3 0 0 1 2 0 0 1 6 29 2 2 1 1.872020 0.000000 
15 3 0 0 0 0 1 1 0 0 0 1 1 1 0.889926 0.000000 
15 3 0 1 1 2 0 1 5 6 8 2 2 1 0.922885 0.000000 
15 3 0 2 2 2 1 1 10 10 2 3 3 1 1.041492 0.000000 
15 3 0 3 0 1 0 0 12 1 48 1 1 1 1.716472 0.000000 
15 3 0 3 3 3 1 1 15 15 3 4 4 1 0.900352 0.000000 
15 3 0 0 0 0 1 1 0 0 0 1 1 1 0.828630 0.000000 
15 3 0 1 1 2 0 1 5 6 8 2 2 1 0.928172 0.000000 
15 3 0 0 1 2 0 0 1 6 29 2 2 1 0.815823 0.000000 
15 3 0 3 3 3 1 1 15 15 3 4 4 1 0.716006 0.000000 
15 3 1 2 2 3 0 1 10 11 12 3 3 1 2.179011 0.000000 
15 3 0 0 1 2 0 0 1 6 29 2 2 1 0.968628 0.000000 
15 3 1 1 1 1 1 1 5 5 1 2 2 1 1.310275 0.000000 
15 3 0 3 3 3 1 1 15 15 3 4 4 1 0.774654 0.000000 
15 3 0 0 1 2 0 0 1 6 29 2 2 1 1.236266 0.000000 
15 3 0 2 3 0 0 0 11 12 44 4 4 1 0.655380 0.000000 
15 3 1 3 3 0 0 1 15 12 13 4 4 1 2.224534 0.000000 
15 3 0 3 3 3 1 1 15 15 3 4 4 1 0.628510 0.000000 
15 3 0 2 2 3 0 1 10 11 12 3 3 1 0.887990 0.000000 
15 3 0 1 1 1 1 1 5 5 1 2 2 1 1.521027 0.000000 
15 3 1 0 1 2 0 0 1 6 29 1 1 1 1.400782 0.000000 
15 3 1 3 0 0 1 0 12 0 25 4 4 1 1.317259 0.000000 
15 3 1 3 3 3 1 1 15 15 3 4 4 1 1.061012 0.000000 
15 3 0 2 3 3 1 0 11 15 24 4 4 1 1.198348 0.000000 
15 3 0 1 2 3 0 0 6 11 40 3 3 1 1.131390 0.000000 
15 3 0 3 3 3 1 1 15 15 3 4 4 1 0.714978 0.000000 
15 3 0 0 0 1 0 1 0 1 4 1 1 1 0.899236 0.000000 
15 3 0 2 2 3 0 1 10 11 12 3 3 1 1.428047 0.000000 
15 3 0 0 0 0 1 1 0 0 0 1 1 1 0.759951 0.000000 
15 3 0 0 0 1 0 1 0 1 4 1 1 1 0.982196 0.000000 
15 3 1 3 3 0 0 1 15 12 13 4 4 1 1.330806 0.000000 
15 3 0 3 0 1 0 0 12 1 48 1 1 1 1.602593 0.000000 
15 3 0 1 2 2 1 0 6 10 20 3 3 1 1.215115 0.000000 
15 3 0 2 2 2 1 1 10 10 2 3 3 1 0.851448 0.000000 
15 3 0 2 3 0 0 0 11 12 44 4 4 1 0.917724 0.000000 
15 3 0 1 2 2 1 0 6 10 20 3 3 1 1.117307 0.000000 
15 3 0 1 2 2 1 0 6 10 20 3 3 1 0.652049 0.000000 
15 3 1 0 1 1 1 0 1 5 16 1 1 1 2.982287 0.000000 
15 3 0 1 1 1 1 1 5 5 1 2 2 1 2.708179 0.000000 
15 3 0 1 2 2 1 0 6 10 20 3 3 1 1.812880 0.000000 
15 3 0 3 0 1 0 0 12 1 48 1 1 1 1.193502 0.000000 
15 3 0 2 3 3 1 0 11 15 24 4 4 1 1.118528 0.000000 
15 3 1 0 0 0 1 1 0 0 0 1 1 1 1.109199 0.000000 
15 3 1 2 2 2 1 1 10 10 2 3 3 1 1.445555 0.000000 
15 3 0 2 2 3 0 1 10 11 12 3 3 1 1.080669 0.000000 
15 3 0 1 1 2 0 1 5 6 8 2 2 1 0.898333 0.000000 
15 3 1 1 2 2 1 0 6 10 20 2 2 1 1.403275 0.000000 
15 3 0 2 3 0 0 0 11 12 44 4 4 1 0.935720 0.000000 
15 3 0 3 0 0 1 0 12 0 25 1 1 1 1.413741 0.000000 
15 3 0 1 2 3 0 0 6 11 40 3 3 1 1.154139 0.000000 
15 3 0 2 2 3 0 1 10 11 12 3 3 1 0.824457 0.000000 
15 3 0 2 3 0 0 0 11 12 44 4 4 1 0.803987 0.000000 
15 3 1 3 3 3 1 1 15 15 3 4 4 1 1.344289 0.000000 
15 3 0 1 2 2 1 0 6 10 20 3 3 1 1.007378 0.000000 
15 3 1 0 0 1 0 1 0 1 4 1 1 1 1.171680 0.000000 
15 3 0 2 2 2 1 1 10 10 2 3 3 1 1.256407 0.000000 
15 3 0 0 1 2 0 0 1 6 29 2 2 1 0.994785 0.000000 
15 3 0 2 3 0 0 0 11 12 44 4 4 1 1.095737 0.000000 
15 3 1 2 3 0 0 0 11 12 44 3 3 1 1.480755 0.000000 
15 3 1 3 0 1 0 0 12 1 48 4 4 1 2.770632 0.000000 
15 3 1 2 2 2 1 1 10 10 2 3 3 1 1.864864 0.000000 
15 3 0 0 1 1 1 0 1 5 16 2 2 1 1.866550 0.000000 
15 3 1 0 1 2 0 0 1 6 29 1 1 1 1.284479 0.000000 
15 3 0 1 2 3 0 0 6 11 40 3 3 1 1.101543 0.000000 
15 3 0 1 1 1 1 1 5 5 1 2 2 1 0.797869 0.000000 
15 3 0 1 2 2 1 0 6 10 20 3 3 1 1.282805 0.000000 
15 3 0 2 3 3 1 0 11 15 24 4 4 1 0.964019 0.000000 
15 3 0 2 2 2 1 1 10 10 2 3 3 1 0.970134 0.000000 
15 3 0 1 1 2 0 1 5 6 8 2 2 1 0.934780 0.000000 
15 3 0 0 1 1 1 0 1 5 16 2 2 1 1.365741 0.000000 
15 3 0 3 0 1 0 0 12 1 48 1 1 1 1.084015 0.000000 
15 3 0 1 1 1 1 1 5 5 1 2 2 1 1.053163 0.000000 
15 3 1 0 1 2 0 0 1 6 29 1 1 1 1.327492 0.000000 
15 3 0 2 3 0 0 0 11 12 44 4 3 0 0.951196 0.000000 
15 3 0 3 0 1 0 0 12 1 48 1 1 1 0.897474 0.000000 
15 3 0 3 3 0 0 1 15 12 13 4 4 1 0.864959 0.000000 
15 3 1 3 3 0 0 1 15 12 13 4 4 1 1.699250 0.000000 
15 3 1 1 2 2 1 0 6 10 20 2 2 1 1.340013 0.000000 
15 3 0 3 3 0 0 1 15 12 13 4 4 1 0.690866 0.000000 
15 3 1 0 1 1 1 0 1 5 16 1 1 1 1.323746 0.000000 
15 3 1 0 0 1 0 1 0 1 4 1 1 1 1.339506 0.000000 
15 3 0 3 3 0 0 1 15 12 13 4 4 1 1.209614 0.000000 
15 3 0 2 2 3 0 1 10 11 12 3 3 1 0.885953 0.000000 
15 3 1 3 0 0 1 0 12 0 25 4 4 1 1.182897 0.000000 
15 3 0 3 0 1 0 0 12 1 48 1 1 1 1.100141 0.000000 
15 3 1 1 1 2 0 1 5 6 8 2 2 1 1.460301 0.000000 
15 3 0 0 1 1 1 0 1 5 16 2 2 1 1.422779 0.000000 
15 3 0 1 1 2 0 1 5 6 8 2 2 1 1.041558 0.000000 
15 3 0 0 1 1 1 0 1 5 16 2 2 1 1.164553 0.000000 
15 3 0 3 0 0 1 0 12 0 25 1 1 1 1.498912 0.000000 
15 3 1 3 0 1 0 0 12 1 48 4 4 1 1.395987 0.000000 
15 3 0 2 3 3 1 0 11 15 24 4 4 1 1.553155 0.000000 
15 3 1 0 1 2 0 0 1 6 29 1 1 1 1.311659 0.000000 
15 3 0 1 1 1 1 1 5 5 1 2 2 1 0.976039 0.000000 
15 3 0 2 2 3 0 1 10 11 12 3 3 1 0.844715 0.000000 
15 3 0 1 1 1 1 1 5 5 1 2 2 1 0.975635 0.000000 
15 3 0 2 2 2 1 1 10 10 2 3 3 1 1.029261 0.000000 
15 3 0 2 2 2 1 1 10 10 2 3 3 1 0.664851 0.000000 
15 3 0 2 2 2 1 1 10 10 2 3 3 1 0.547047 0.000000 
15 3 1 0 0 0 1 1 0 0 0 1 1 1 1.297866 0.000000 
15 3 0 1 1 2 0 1 5 6 8 2 2 1 1.938995 0.000000 
15 3 0 2 3 0 0 0 11 12 44 4 4 1 0.865245 0.000000 
15 3 1 2 2 3 0 1 10 11 12 3 3 1 1.347511 0.000000 
15 3 1 1 1 2 0 1 5 6 8 2 2 1 1.314614 0.000000 
15 3 0 0 1 2 0 0 1 6 29 2 2 1 1.123035 0.000000 
15 4 0 1 2 2 1 0 6 10 20 3 3 1 3.467429 0.000000 
15 4 1 1 1 2 0 1 5 6 8 2 2 1 2.326055 0.000000 
15 4 0 0 0 1 0 1 0 1 4 1 1 1 1.022127 0.000000 
15 4 1 3 3 0 0 1 15 12 13 4 4 1 1.241789 0.000000 
15 4 0 0 0 1 0 1 0 1 4 1 1 1 0.908856 0.000000 
15 4 0 2 3 3 1 0 11 15 24 4 4 1 1.076117 0.000000 
15 4 0 1 1 1 1 1 5 5 1 2 2 1 1.053782 0.000000 
15 4 0 1 2 3 0 0 6 11 40 3 3 1 1.024125 0.000000 
15 4 1 1 2 2 1 0 6 10 20 2 2 1 1.491734 0.000000 
15 4 0 0 1 1 1 0 1 5 16 2 2 1 0.868879 0.000000 
15 4 0 1 1 2 0 1 5 6 8 2 2 1 0.734473 0.000000 
15 4 0 1 2 3 0 0 6 11 40 3 3 1 0.821312 0.000000 
15 4 1 2 3 0 0 0 11 12 44 3 3 1 1.247893 0.000000 
15 4 0 3 3 0 0 1 15 12 13 4 4 1 0.850981 0.000000 
15 4 0 1 1 2 0 1 5 6 8 2 2 1 0.781184 0.000000 
15 4 0 0 0 0 1 1 0 0 0 1 1 1 1.050783 0.000000 
15 4 0 2 2 3 0 1 10 11 12 3 3 1 0.789002 0.000000 
15 4 0 0 1 2 0 0 1 6 29 2 2 1 0.809990 0.000000 
15 4 0 0 1 2 0 0 1 6 29 2 2 1 1.030215 0.000000 
15 4 0 3 0 0 1 0 12 0 25 1 1 1 1.312891 0.000000 
15 4 0 3 0 0 1 0 12 0 25 1 1 1 1.193286 0.000000 
15 4 0 0 1 2 0 0 1 6 29 2 2 1 0.894301 0.000000 
15 4 0 3 3 3 1 1 15 15 3 4 4 1 0.719182 0.000000 
15 4 1 0 1 2 0 0 1 6 29 1 1 1 1.414734 0.000000 
15 4 0 0 0 0 1 1 0 0 0 1 1 1 0.963223 0.000000 
15 4 0 3 0 1 0 0 12 1 48 1 1 1 0.865501 0.000000 
15 4 1 0 1 2 0 0 1 6 29 1 1 1 1.091734 0.000000 
15 4 1 3 0 0 1 0 12 0 25 4 4 1 2.435803 0.000000 
15 4 1 1 2 2 1 0 6 10 20 2 2 1 1.695290 0.000000 
15 4 0 1 2 2 1 0 6 10 20 3 3 1 1.336527 0.000000 
15 4 0 3 0 1 0 0 12 1 48 1 1 1 1.663625 0.000000 
15 4 0 1 1 1 1 1 5 5 1 2 2 1 1.058135 0.000000 
15 4 0 0 0 1 0 1 0 1 4 1 1 1 0.771567 0.000000 
15 4 0 1 2 3 0 0 6 11 40 3 3 1 1.625046 0.000000 
15 4 0 3 0 0 1 0 12 0 25 1 1 1 0.956855 0.000000 
15 4 1 2 3 0 0 0 11 12 44 3 3 1 1.427153 0.000000 
15 4 0 3 0 1 0 0 12 1 48 1 1 1 1.094970 0.000000 
15 4 1 1 2 3 0 0 6 11 40 2 2 1 1.567982 0.000000 
15 4 0 3 0 0 1 0 12 0 25 1 1 1 1.022005 0.000000 
15 4 0 3 0 0 1 0 12 0 25 1 1 1 0.928463 0.000000 
15 4 0 3 3 0 0 1 15 12 13 4 4 1 0.712041 0.000000 
15 4 0 1 1 2 0 1 5 6 8 2 2 1 1.024270 0.000000 
15 4 0 2 3 3 1 0 11 15 24 4 4 1 1.827923 0.000000 
15 4 1 1 1 2 0 1 5 6 8 2 2 1 1.599896 0.000000 
15 4 0 3 3 0 0 1 15 12 13 4 4 1 0.908358 0.000000 
15 4 0 1 1 1 1 1 5 5 1 2 2 1 1.100668 0.000000 
15 4 0 3 0 0 1 0 12 0 25 1 1 1 0.875988 0.000000 
15 4 0 0 0 0 1 1 0 0 0 1 1 1 0.693571 0.000000 
15 4 0 0 1 2 0 0 1 6 29 2 2 1 0.966426 0.000000 
15 4 0 2 3 3 1 0 11 15 24 4 4 1 0.988018 0.000000 
15 4 1 1 1 1 1 1 5 5 1 2 2 1 1.393056 0.000000 
15 4 1 3 3 0 0 1 15 12 13 4 4 1 1.198128 0.000000 
15 4 0 0 0 0 1 1 0 0 0 1 1 1 2.074217 0.000000 
15 4 0 0 0 0 1 1 0 0 0 1 1 1 1.036240 0.000000 
15 4 0 2 2 2 1 1 10 10 2 3 3 1 1.271183 0.000000 
15 4 0 1 2 2 1 0 6 10 20 3 3 1 1.080956 0.000000 
15 4 0 3 0 1 0 0 12 1 48 1 1 1 0.930612 0.000000 
15 4 0 2 2 2 1 1 10 10 2 3 3 1 1.146204 0.000000 
15 4 1 2 3 3 1 0 11 15 24 3 3 1 1.689254 0.000000 
15 4 0 0 0 0 1 1 0 0 0 1 1 1 1.121465 0.000000 
15 4 0 1 1 2 0 1 5 6 8 2 2 1 0.881161 0.000000 
15 4 1 2 3 3 1 0 11 15 24 3 3 1 1.298705 0.000000 
15 4 0 1 2 3 0 0 6 11 40 3 3 1 0.915829 0.000000 
15 4 0 2 3 3 1 0 11 15 24 4 4 1 1.155993 0.000000 
15 4 0 1 1 2 0 1 5 6 8 2 2 1 0.938414 0.000000 
15 4 0 3 0 0 1 0 12 0 25 1 1 1 1.241397 0.000000 
15 4 0 0 0 0 1 1 0 0 0 1 1 1 1.083466 0.000000 
15 4 0 1 2 2 1 0 6 10 20 3 3 1 0.996409 0.000000 
15 4 0 2 2 2 1 1 10 10 2 3 3 1 1.217404 0.000000 
15 4 1 0 1 2 0 0 1 6 29 1 1 1 1.437127 0.000000 
15 4 0 3 3 0 0 1 15 12 13 4 4 1 0.992233 0.000000 
15 4 0 3 3 0 0 1 15 12 13 4 4 1 0.997201 0.000000 
15 4 1 2 2 2 1 1 10 10 2 3 3 1 1.217212 0.000000 
15 4 1 1 1 2 0 1 5 6 8 2 2 1 1.380887 0.000000 
15 4 1 2 2 2 1 1 10 10 2 3 3 1 1.290670 0.000000 
15 4 0 1 1 2 0 1 5 6 8 2 2 1 1.899825 0.000000 
15 4 0 0 0 1 0 1 0 1 4 1 1 1 0.820399 0.000000 
15 4 1 3 0 1 0 0 12 1 48 4 4 1 1.567961 0.000000 
15 4 0 1 2 3 0 0 6 11 40 3 3 1 1.044926 0.000000 
15 4 0 2 3 0 0 0 11 12 44 4 4 1 1.007810 0.000000 
15 4 0 1 1 2 0 1 5 6 8 2 2 1 0.876100 0.000000 
15 4 1 2 3 3 1 0 11 15 24 3 3 1 1.781741 0.000000 
15 4 0 0 0 1 0 1 0 1 4 1 1 1 1.515667 0.000000 
15 4 0 0 1 1 1 0 1 5 16 2 2 1 1.139970 0.000000 
15 4 0 3 3 0 0 1 15 12 13 4 4 1 0.715153 0.000000 
15 4 1 3 3 3 1 1 15 15 3 4 4 1 1.794384 0.000000 
15 4 1 0 1 2 0 0 1 6 29 1 1 1 2.679666 0.000000 
15 4 1 0 0 0 1 1 0 0 0 1 1 1 1.177898 0.000000 
15 4 0 2 3 3 1 0 11 15 24 4 4 1 1.103594 0.000000 
15 4 1 2 3 3 1 0 11 15 24 3 3 1 1.231898 0.000000 
15 4 0 0 0 1 0 1 0 1 4 1 1 1 0.851650 0.000000 
15 4 0 0 1 2 0 0 1 6 29 2 2 1 0.764916 0.000000 
15 4 0 1 2 3 0 0 6 11 40 3 3 1 0.819086 0.000000 
15 4 1 1 2 2 1 0 6 10 20 2 2 1 1.454693 0.000000 
15 4 0 1 1 1 1 1 5 5 1 2 2 1 1.121157 0.000000 
15 4 0 0 1 1 1 0 1 5 16 2 2 1 1.144824 0.000000 
15 4 1 3 3 3 1 1 15 15 3 4 4 1 1.199820 0.000000 
15 4 1 3 3 0 0 1 15 12 13 4 4 1 1.252227 0.000000 
15 4 0 1 2 3 0 0 6 11 40 3 3 1 0.885623 0.000000 
15 4 0 0 1 1 1 0 1 5 16 2 2 1 1.206555 0.000000 
15 4 0 0 1 1 1 0 1 5 16 2 2 1 0.699056 0.000000 
15 4 1 2 2 3 0 1 10 11 12 3 3 1 1.587783 0.000000 
15 4 0 2 2 2 1 1 10 10 2 3 3 1 1.761001 0.000000 
15 4 1 2 2 3 0 1 10 11 12 3 3 1 1.183568 0.000000 
15 4 0 3 3 3 1 1 15 15 3 4 4 1 1.003650 0.000000 
15 4 0 2 3 0 0 0 11 12 44 4 4 1 0.759886 0.000000 
15 4 1 2 2 2 1 1 10 10 2 3 3 1 1.030081 0.000000 
15 4 0 2 2 3 0 1 10 11 12 3 3 1 1.409777 0.000000 
15 4 1 2 2 3 0 1 10 11 12 3 3 1 1.286221 0.000000 
15 4 0 0 1 2 0 0 1 6 29 2 2 1 1.047279 0.000000 
15 4 0 1 1 1 1 1 5 5 1 2 2 1 0.738262 0.000000 
15 4 1 0 0 1 0 1 0 1 4 1 1 1 1.240152 0.000000 
15 4 0 0 1 1 1 0 1 5 16 2 2 1 0.843204 0.000000 
15 4 0 2 2 2 1 1 10 10 2 3 3 1 0.806110 0.000000 
15 4 0 0 0 0 1 1 0 0 0 1 1 1 0.786300 0.000000 
15 4 0 1 1 1 1 1 5 5 1 2 2 1 0.903219 0.000000 
15 4 0 0 1 2 0 0 1 6 29 2 2 1 1.647532 0.000000 
15 4 1 3 0 1 0 0 12 1 48 4 4 1 1.450679 0.000000 
15 4 0 3 0 0 1 0 12 0 25 1 1 1 0.964176 0.000000 
15 4 0 0 0 1 0 1 0 1 4 1 1 1 1.154471 0.000000 
15 4 0 1 2 2 1 0 6 10 20 3 3 1 1.152811 0.000000 
15 4 0 2 3 0 0 0 11 12 44 4 4 1 0.767157 0.000000 
15 4 1 3 3 0 0 1 15 12 13 4 4 1 1.452742 0.000000 
15 4 0 2 3 0 0 0 11 12 44 4 4 1 1.103171 0.000000 
15 4 0 0 1 1 1 0 1 5 16 2 2 1 0.879545 0.000000 
15 4 0 0 0 0 1 1 0 0 0 1 1 1 0.792092 0.000000 
15 4 0 0 0 1 0 1 0 1 4 1 1 1 0.732994 0.000000 
15 4 0 0 0 0 1 1 0 0 0 1 1 1 0.660073 0.000000 
15 4 0 2 3 0 0 0 11 12 44 4 4 1 0.709993 0.000000 
15 4 1 3 0 1 0 0 12 1 48 4 4 1 1.294235 0.000000 
15 4 0 3 3 3 1 1 15 15 3 4 4 1 0.631302 0.000000 
15 4 0 1 1 2 0 1 5 6 8 2 2 1 0.826812 0.000000 
15 4 0 1 1 1 1 1 5 5 1 2 2 1 0.718348 0.000000 
15 4 1 0 0 1 0 1 0 1 4 1 1 1 1.316881 0.000000 
15 4 0 3 3 3 1 1 15 15 3 4 4 1 0.644647 0.000000 
15 4 1 3 0 1 0 0 12 1 48 4 4 1 1.471492 0.000000 
15 4 0 2 2 3 0 1 10 11 12 3 3 1 0.905269 0.000000 
15 4 1 2 3 0 0 0 11 12 44 3 3 1 2.177607 0.000000 
15 4 0 3 0 0 1 0 12 0 25 1 1 1 1.095684 0.000000 
15 4 0 0 1 1 1 0 1 5 16 2 2 1 1.095669 0.000000 
15 4 1 3 0 0 1 0 12 0 25 4 4 1 1.416670 0.000000 
15 4 0 3 0 1 0 0 12 1 48 1 1 1 1.020440 0.000000 
15 4 0 1 2 3 0 0 6 11 40 3 3 1 0.760054 0.000000 
15 4 0 3 3 3 1 1 15 15 3 4 4 1 0.886271 0.000000 
15 4 0 1 1 2 0 1 5 6 8 2 2 1 0.871209 0.000000 
15 4 0 3 0 1 0 0 12 1 48 1 1 1 1.096809 0.000000 
15 4 0 2 2 2 1 1 10 10 2 3 3 1 1.304820 0.000000 
15 4 0 1 2 3 0 0 6 11 40 3 3 1 0.745216 0.000000 
15 4 0 2 2 2 1 1 10 10 2 3 3 1 0.744040 0.000000 
15 4 0 0 0 0 1 1 0 0 0 1 1 1 0.966972 0.000000 
15 4 0 3 3 3 1 1 15 15 3 4 4 1 1.020570 0.000000 
15 4 0 2 2 3 0 1 10 11 12 3 3 1 0.848206 0.000000 
15 4 0 3 0 1 0 0 12 1 48 1 1 1 1.291141 0.000000 
15 4 1 2 3 3 1 0 11 15 24 3 3 1 1.667232 0.000000 
15 4 0 0 0 0 1 1 0 0 0 1 1 1 0.749097 0.000000 
15 4 0 2 2 2 1 1 10 10 2 3 3 1 1.356004 0.000000 
15 4 0 3 0 0 1 0 12 0 25 1 1 1 0.978395 0.000000 
15 4 0 2 2 2 1 1 10 10 2 3 3 1 1.224002 0.000000 
15 4 0 3 0 1 0 0 12 1 48 1 1 1 1.651775 0.000000 
15 4 0 2 3 0 0 0 11 12 44 4 4 1 0.894290 0.000000 
15 4 0 1 1 1 1 1 5 5 1 2 2 1 1.230210 0.000000 
15 4 0 3 0 0 1 0 12 0 25 1 1 1 0.769963 0.000000 
15 4 0 0 0 0 1 1 0 0 0 1 1 1 0.815514 0.000000 
15 4 0 2 2 3 0 1 10 11 12 3 3 1 0.859709 0.000000 
15 4 0 0 0 1 0 1 0 1 4 1 1 1 1.309965 0.000000 
15 4 0 1 2 2 1 0 6 10 20 3 3 1 1.198372 0.000000 
15 4 0 2 2 3 0 1 10 11 12 3 3 1 0.731409 0.000000 
15 4 0 1 2 3 0 0 6 11 40 3 3 1 0.593946 0.000000 
15 4 1 0 0 0 1 1 0 0 0 1 1 1 1.670774 0.000000 
15 4 0 2 2 3 0 1 10 11 12 3 3 1 0.800645 0.000000 
15 4 0 2 2 2 1 1 10 10 2 3 3 1 0.780981 0.000000 
15 4 0 0 0 0 1 1 0 0 0 1 1 1 1.074412 0.000000 
15 4 0 1 2 2 1 0 6 10 20 3 3 1 1.316086 0.000000 
15 4 0 1 1 2 0 1 5 6 8 2 2 1 0.940023 0.000000 
15 4 0 1 1 1 1 1 5 5 1 2 2 1 1.369804 0.000000 
15 4 0 3 0 1 0 0 12 1 48 1 1 1 0.839567 0.000000 
15 4 0 2 2 3 0 1 10 11 12 3 3 1 1.418470 0.000000 
15 4 0 3 3 0 0 1 15 12 13 4 4 1 0.782266 0.000000 
15 4 0 1 2 2 1 0 6 10 20 3 3 1 2.027882 0.000000 
15 4 1 3 0 1 0 0 12 1 48 4 4 1 1.455848 0.000000 
15 4 1 3 0 0 1 0 12 0 25 4 4 1 1.857341 0.000000 
15 4 1 3 0 1 0 0 12 1 48 4 4 1 2.027976 0.000000 
15 4 1 1 2 2 1 0 6 10 20 2 2 1 1.863993 0.000000 
15 4 0 1 1 1 1 1 5 5 1 2 2 1 1.146621 0.000000 
15 4 1 0 1 2 0 0 1 6 29 1 1 1 2.169692 0.000000 
15 4 0 2 3 3 1 0 11 15 24 4 4 1 1.175675 0.000000 
15 4 0 1 2 2 1 0 6 10 20 3 2 0 1.564424 0.000000 
15 4 0 0 0 1 0 1 0 1 4 1 1 1 2.150928 0.000000 
15 4 0 2 3 0 0 0 11 12 44 4 4 1 1.309216 0.000000 
15 4 0 2 2 2 1 1 10 10 2 3 3 1 0.973611 0.000000 
15 4 1 2 3 0 0 0 11 12 44 3 3 1 1.611270 0.000000 
15 4 0 2 3 3 1 0 11 15 24 4 4 1 0.886805 0.000000 
