5 1 0 2 1 0 0 0 9 4 42 2 0 0 5.000013 0.000000 
5 1 0 3 3 3 1 1 15 15 3 4 4 1 1.273841 0.000000 
5 1 0 3 3 2 0 1 15 14 15 4 4 1 0.683417 0.000000 
5 1 0 1 1 1 1 1 5 5 1 2 2 1 0.603297 0.000000 
5 1 1 2 1 1 1 0 9 5 23 3 3 1 2.247511 0.000000 
5 1 0 2 2 1 0 1 10 9 11 3 3 1 0.850993 0.000000 
5 1 1 2 1 1 1 0 9 5 23 3 3 1 1.437330 0.000000 
5 1 1 1 1 1 1 1 5 5 1 2 2 1 1.480464 0.000000 
5 1 0 0 0 0 1 1 0 0 0 1 1 1 0.594379 0.000000 
5 1 0 1 1 0 0 1 5 4 7 2 2 1 0.990155 0.000000 
5 1 0 1 0 0 1 0 4 0 19 1 1 1 0.627188 0.000000 
5 1 0 1 0 0 1 0 4 0 19 1 1 1 0.494773 0.000000 
5 1 0 0 3 2 0 0 3 14 36 4 4 1 0.927561 0.000000 
5 1 1 1 1 1 1 1 5 5 1 2 2 1 0.999165 0.000000 
5 1 0 3 3 3 1 1 15 15 3 4 4 1 0.604073 0.000000 
5 1 0 3 2 2 1 0 14 10 27 3 3 1 0.695792 0.000000 
5 1 0 0 3 3 1 0 3 15 18 4 4 1 0.912692 0.000000 
5 1 0 1 0 0 1 0 4 0 19 1 1 1 1.151999 0.000000 
5 1 0 3 3 2 0 1 15 14 15 4 4 1 0.678391 0.000000 
5 1 0 3 3 3 1 1 15 15 3 4 4 1 0.471933 0.000000 
5 1 0 1 1 0 0 1 5 4 7 2 2 1 0.601429 0.000000 
5 1 1 1 1 0 0 1 5 4 7 2 2 1 1.701580 0.000000 
5 1 0 2 2 1 0 1 10 9 11 3 3 1 1.494264 0.000000 
5 1 0 0 0 3 0 1 0 3 6 1 1 1 0.598414 0.000000 
5 1 0 0 0 3 0 1 0 3 6 1 1 1 0.451312 0.000000 
5 1 0 1 1 1 1 1 5 5 1 2 2 1 0.613444 0.000000 
5 1 0 2 2 1 0 1 10 9 11 3 3 1 0.641619 0.000000 
5 1 0 0 3 2 0 0 3 14 36 4 4 1 0.468438 0.000000 
5 1 1 2 2 2 1 1 10 10 2 3 3 1 0.877952 0.000000 
5 1 1 1 0 3 0 0 4 3 38 2 2 1 2.199666 0.000000 
5 1 1 1 0 0 1 0 4 0 19 2 2 1 0.956407 0.000000 
5 1 0 2 2 2 1 1 10 10 2 3 3 1 0.657774 0.000000 
5 1 0 0 0 0 1 1 0 0 0 1 1 1 0.619996 0.000000 
5 1 0 0 0 0 1 1 0 0 0 1 1 1 0.583477 0.000000 
5 1 1 2 1 0 0 0 9 4 42 3 3 1 1.236302 0.000000 
5 1 0 2 2 1 0 1 10 9 11 3 3 1 1.183433 0.000000 
5 1 0 0 3 2 0 0 3 14 36 4 4 1 0.676565 0.000000 
5 1 1 0 0 0 1 1 0 0 0 1 1 1 1.142091 0.000000 
5 1 0 3 2 2 1 0 14 10 27 3 3 1 1.396197 0.000000 
5 1 0 2 1 1 1 0 9 5 23 2 2 1 0.857358 0.000000 
5 1 0 2 2 2 1 1 10 10 2 3 3 1 1.011665 0.000000 
5 1 1 1 0 3 0 0 4 3 38 2 2 1 1.127955 0.000000 
5 1 0 0 0 3 0 1 0 3 6 1 1 1 0.639739 0.000000 
5 1 0 2 1 0 0 0 9 4 42 2 2 1 1.458637 0.000000 
5 1 0 2 1 0 0 0 9 4 42 2 2 1 0.501115 0.000000 
5 1 0 1 1 0 0 1 5 4 7 2 2 1 0.573300 0.000000 
5 1 0 0 3 3 1 0 3 15 18 4 4 1 0.985821 0.000000 
5 1 0 2 2 1 0 1 10 9 11 3 3 1 0.934755 0.000000 
5 1 0 0 0 3 0 1 0 3 6 1 1 1 0.605817 0.000000 
5 1 0 0 3 3 1 0 3 15 18 4 4 1 0.610009 0.000000 
5 1 0 2 1 1 1 0 9 5 23 2 2 1 0.878172 0.000000 
5 1 0 0 0 3 0 1 0 3 6 1 1 1 0.735831 0.000000 
5 1 0 1 0 0 1 0 4 0 19 1 1 1 0.558721 0.000000 
5 1 0 2 1 0 0 0 9 4 42 2 2 1 0.843910 0.000000 
5 1 0 3 3 2 0 1 15 14 15 4 4 1 0.590844 0.000000 
5 1 0 1 0 3 0 0 4 3 38 1 1 1 0.667661 0.000000 
5 1 0 1 1 0 0 1 5 4 7 2 2 1 0.677257 0.000000 
5 1 0 2 2 2 1 1 10 10 2 3 3 1 1.038823 0.000000 
5 1 0 0 0 3 0 1 0 3 6 1 1 1 0.577840 0.000000 
5 1 0 1 0 0 1 0 4 0 19 1 1 1 0.679347 0.000000 
5 1 0 3 2 2 1 0 14 10 27 3 3 1 0.680867 0.000000 
5 1 1 1 1 1 1 1 5 5 1 2 2 1 0.985441 0.000000 
5 1 0 1 0 3 0 0 4 3 38 1 1 1 0.766463 0.000000 
5 1 1 2 1 1 1 0 9 5 23 3 3 1 0.891999 0.000000 
5 1 1 1 1 1 1 1 5 5 1 2 2 1 1.037006 0.000000 
5 1 0 0 0 0 1 1 0 0 0 1 1 1 0.592063 0.000000 
5 1 0 1 1 0 0 1 5 4 7 2 2 1 1.892995 0.000000 
5 1 1 1 1 1 1 1 5 5 1 2 2 1 0.917208 0.000000 
5 1 0 3 3 3 1 1 15 15 3 4 4 1 0.516894 0.000000 
5 1 0 0 0 0 1 1 0 0 0 1 1 1 0.556421 0.000000 
5 1 0 2 1 1 1 0 9 5 23 2 2 1 0.618584 0.000000 
5 1 0 0 3 3 1 0 3 15 18 4 1 0 0.526126 0.000000 
5 1 1 0 0 3 0 1 0 3 6 1 1 1 1.233661 0.000000 
5 1 1 3 3 2 0 1 15 14 15 4 4 1 1.292279 0.000000 
5 1 1 0 0 3 0 1 0 3 6 1 1 1 0.717397 0.000000 
5 1 1 0 3 3 1 0 3 15 18 1 1 1 0.821002 0.000000 
5 1 1 0 0 3 0 1 0 3 6 1 1 1 0.639552 0.000000 
5 1 0 0 0 3 0 1 0 3 6 1 1 1 0.818413 0.000000 
5 1 1 3 2 1 0 0 14 9 54 4 4 1 0.918048 0.000000 
5 1 0 0 0 3 0 1 0 3 6 1 1 1 0.597714 0.000000 
5 1 0 0 3 3 1 0 3 15 18 4 4 1 0.666565 0.000000 
5 1 0 1 1 1 1 1 5 5 1 2 2 1 0.588122 0.000000 
5 1 0 2 1 0 0 0 9 4 42 2 2 1 0.848956 0.000000 
5 1 0 2 2 1 0 1 10 9 11 3 3 1 0.858928 0.000000 
5 1 0 3 3 2 0 1 15 14 15 4 4 1 0.621213 0.000000 
5 1 0 3 2 1 0 0 14 9 54 3 4 0 0.584743 0.000000 
5 1 0 3 2 1 0 0 14 9 54 3 3 1 0.729575 0.000000 
5 1 0 0 3 2 0 0 3 14 36 4 4 1 0.944731 0.000000 
5 1 0 2 1 0 0 0 9 4 42 2 2 1 0.783625 0.000000 
5 1 0 3 3 3 1 1 15 15 3 4 4 1 0.548609 0.000000 
5 1 1 3 2 2 1 0 14 10 27 4 4 1 0.987468 0.000000 
5 1 0 3 3 3 1 1 15 15 3 4 4 1 0.567457 0.000000 
5 1 1 0 0 3 0 1 0 3 6 1 1 1 0.732978 0.000000 
5 1 0 1 0 0 1 0 4 0 19 1 1 1 0.700128 0.000000 
5 1 1 3 2 2 1 0 14 10 27 4 4 1 0.756093 0.000000 
5 1 1 0 3 3 1 0 3 15 18 1 4 0 0.874380 0.000000 
5 1 1 3 2 1 0 0 14 9 54 4 4 1 0.880038 0.000000 
5 1 1 3 3 2 0 1 15 14 15 4 4 1 0.857112 0.000000 
5 1 0 3 2 2 1 0 14 10 27 3 3 1 1.066439 0.000000 
5 1 0 1 0 0 1 0 4 0 19 1 1 1 0.804162 0.000000 
5 1 1 1 1 1 1 1 5 5 1 2 2 1 0.928442 0.000000 
5 1 1 3 3 2 0 1 15 14 15 4 4 1 0.952099 0.000000 
5 1 1 1 0 0 1 0 4 0 19 2 2 1 1.406467 0.000000 
5 1 1 1 1 1 1 1 5 5 1 2 2 1 0.834938 0.000000 
5 1 0 0 3 3 1 0 3 15 18 4 4 1 0.869920 0.000000 
5 1 0 3 2 2 1 0 14 10 27 3 3 1 0.702537 0.000000 
5 1 0 2 2 1 0 1 10 9 11 3 3 1 0.758756 0.000000 
5 1 1 2 1 0 0 0 9 4 42 3 3 1 0.980991 0.000000 
5 1 0 3 2 1 0 0 14 9 54 3 3 1 0.874643 0.000000 
5 1 0 3 2 1 0 0 14 9 54 3 3 1 0.668326 0.000000 
5 1 1 1 0 3 0 0 4 3 38 2 2 1 1.013865 0.000000 
5 1 0 3 3 2 0 1 15 14 15 4 4 1 0.810205 0.000000 
5 1 1 1 0 3 0 0 4 3 38 2 2 1 1.053450 0.000000 
5 1 1 0 3 3 1 0 3 15 18 1 1 1 1.127898 0.000000 
5 1 0 2 1 1 1 0 9 5 23 2 2 1 1.087604 0.000000 
5 1 1 3 2 2 1 0 14 10 27 4 4 1 0.896642 0.000000 
5 1 0 0 3 2 0 0 3 14 36 4 4 1 0.625632 0.000000 
5 1 1 3 2 2 1 0 14 10 27 4 4 1 0.765134 0.000000 
5 1 0 1 1 1 1 1 5 5 1 2 2 1 0.651395 0.000000 
5 1 0 1 0 3 0 0 4 3 38 1 1 1 0.716627 0.000000 
5 1 0 3 3 2 0 1 15 14 15 4 4 1 0.588183 0.000000 
5 1 0 3 3 2 0 1 15 14 15 4 4 1 0.544989 0.000000 
5 1 0 1 1 1 1 1 5 5 1 2 2 1 0.687874 0.000000 
5 1 0 2 2 1 0 1 10 9 11 3 3 1 0.576694 0.000000 
5 1 0 2 2 2 1 1 10 10 2 3 3 1 0.630195 0.000000 
5 1 0 0 3 3 1 0 3 15 18 4 4 1 0.681795 0.000000 
5 1 1 0 3 2 0 0 3 14 36 1 1 1 1.099359 0.000000 
5 1 0 0 3 2 0 0 3 14 36 4 4 1 0.778995 0.000000 
5 1 0 2 2 2 1 1 10 10 2 3 3 1 0.656283 0.000000 
5 1 1 3 3 3 1 1 15 15 3 4 4 1 0.810462 0.000000 
5 1 0 2 2 1 0 1 10 9 11 3 3 1 0.726814 0.000000 
5 1 1 2 1 0 0 0 9 4 42 3 3 1 0.926322 0.000000 
5 1 0 3 3 2 0 1 15 14 15 4 4 1 0.550020 0.000000 
5 1 0 3 2 2 1 0 14 10 27 3 3 1 0.924232 0.000000 
5 1 0 3 3 2 0 1 15 14 15 4 4 1 0.491856 0.000000 
5 1 0 1 1 0 0 1 5 4 7 2 2 1 0.636669 0.000000 
5 1 0 1 1 1 1 1 5 5 1 2 2 1 0.734553 0.000000 
5 1 0 1 1 1 1 1 5 5 1 2 2 1 0.629456 0.000000 
5 1 0 1 1 0 0 1 5 4 7 2 2 1 0.648965 0.000000 
5 1 0 3 2 1 0 0 14 9 54 3 4 0 0.659850 0.000000 
5 1 0 3 3 3 1 1 15 15 3 4 4 1 0.722084 0.000000 
5 1 0 1 1 1 1 1 5 5 1 2 2 1 0.633178 0.000000 
5 1 0 2 2 2 1 1 10 10 2 3 3 1 0.724002 0.000000 
5 1 0 1 0 0 1 0 4 0 19 1 2 0 0.675615 0.000000 
5 1 0 2 1 0 0 0 9 4 42 2 2 1 0.952203 0.000000 
5 1 1 3 2 1 0 0 14 9 54 4 4 1 1.190047 0.000000 
5 1 0 0 3 2 0 0 3 14 36 4 4 1 0.811096 0.000000 
5 1 0 1 1 0 0 1 5 4 7 2 2 1 0.655405 0.000000 
5 1 0 1 0 0 1 0 4 0 19 1 1 1 0.665621 0.000000 
5 1 0 2 2 2 1 1 10 10 2 3 3 1 1.251854 0.000000 
5 1 0 2 1 0 0 0 9 4 42 2 2 1 0.726227 0.000000 
5 1 0 3 2 1 0 0 14 9 54 3 3 1 0.828863 0.000000 
5 1 0 2 1 1 1 0 9 5 23 2 2 1 1.152485 0.000000 
5 1 1 0 3 2 0 0 3 14 36 1 1 1 1.206893 0.000000 
5 1 0 2 1 0 0 0 9 4 42 2 2 1 0.779252 0.000000 
5 1 0 0 3 2 0 0 3 14 36 4 4 1 0.832852 0.000000 
5 1 0 3 3 3 1 1 15 15 3 4 4 1 0.660042 0.000000 
5 1 1 3 3 3 1 1 15 15 3 4 4 1 0.798051 0.000000 
5 1 0 3 2 1 0 0 14 9 54 3 3 1 0.897944 0.000000 
5 1 0 1 0 0 1 0 4 0 19 1 1 1 0.882975 0.000000 
5 1 0 3 3 2 0 1 15 14 15 4 4 1 0.684167 0.000000 
5 1 1 0 3 3 1 0 3 15 18 1 1 1 0.892772 0.000000 
5 1 0 2 2 2 1 1 10 10 2 3 3 1 0.829815 0.000000 
5 1 0 1 0 0 1 0 4 0 19 1 1 1 0.833391 0.000000 
5 1 1 2 1 1 1 0 9 5 23 3 3 1 1.052345 0.000000 
5 1 0 0 0 0 1 1 0 0 0 1 1 1 0.869735 0.000000 
5 1 0 1 1 1 1 1 5 5 1 2 2 1 0.663361 0.000000 
5 1 0 0 3 2 0 0 3 14 36 4 4 1 0.993578 0.000000 
5 1 0 2 1 1 1 0 9 5 23 2 2 1 0.830622 0.000000 
5 1 0 1 0 3 0 0 4 3 38 1 1 1 0.746190 0.000000 
5 1 1 0 3 3 1 0 3 15 18 1 1 1 0.953071 0.000000 
5 1 0 2 1 0 0 0 9 4 42 2 2 1 0.791384 0.000000 
5 1 1 2 1 0 0 0 9 4 42 3 3 1 0.987376 0.000000 
5 1 0 0 0 3 0 1 0 3 6 1 1 1 0.832416 0.000000 
5 1 0 2 2 1 0 1 10 9 11 3 3 1 0.827893 0.000000 
5 1 0 3 3 2 0 1 15 14 15 4 4 1 0.631595 0.000000 
5 1 0 2 1 0 0 0 9 4 42 2 2 1 0.811171 0.000000 
5 1 0 2 2 2 1 1 10 10 2 3 3 1 0.775413 0.000000 
5 1 0 0 0 0 1 1 0 0 0 1 1 1 0.965005 0.000000 
5 1 0 1 0 0 1 0 4 0 19 1 1 1 0.659335 0.000000 
5 1 0 2 1 0 0 0 9 4 42 2 2 1 0.708496 0.000000 
5 1 0 3 2 2 1 0 14 10 27 3 3 1 0.892784 0.000000 
5 1 0 2 1 0 0 0 9 4 42 2 2 1 1.957809 0.000000 
5 1 0 1 1 0 0 1 5 4 7 2 2 1 0.620476 0.000000 
5 1 0 3 3 3 1 1 15 15 3 4 4 1 0.791978 0.000000 
5 1 0 2 2 2 1 1 10 10 2 3 3 1 0.892946 0.000000 
5 1 0 0 0 0 1 1 0 0 0 1 1 1 0.597012 0.000000 
5 1 0 3 2 2 1 0 14 10 27 3 3 1 0.897731 0.000000 
5 1 0 3 2 1 0 0 14 9 54 3 3 1 0.754718 0.000000 
5 1 0 0 0 3 0 1 0 3 6 1 1 1 0.704985 0.000000 
5 1 1 0 3 3 1 0 3 15 18 1 1 1 0.745222 0.000000 
5 1 0 0 0 3 0 1 0 3 6 1 1 1 0.536134 0.000000 
5 2 0 2 2 2 1 1 10 10 2 3 3 1 2.549187 0.000000 
5 2 0 1 1 0 0 1 5 4 7 2 2 1 0.835025 0.000000 
5 2 0 1 0 3 0 0 4 3 38 1 1 1 1.397586 0.000000 
5 2 0 2 2 1 0 1 10 9 11 3 3 1 0.658649 0.000000 
5 2 1 2 1 0 0 0 9 4 42 3 3 1 1.132915 0.000000 
5 2 1 0 3 2 0 0 3 14 36 1 4 0 1.236008 0.000000 
5 2 0 2 1 1 1 0 9 5 23 2 2 1 1.082220 0.000000 
5 2 0 1 0 3 0 0 4 3 38 1 1 1 0.556352 0.000000 
5 2 0 3 2 1 0 0 14 9 54 3 3 1 0.721554 0.000000 
5 2 0 2 2 1 0 1 10 9 11 3 3 1 1.009066 0.000000 
5 2 0 0 0 3 0 1 0 3 6 1 1 1 0.685468 0.000000 
5 2 0 2 2 1 0 1 10 9 11 3 3 1 0.630359 0.000000 
5 2 0 3 2 1 0 0 14 9 54 3 3 1 1.049882 0.000000 
5 2 1 0 3 2 0 0 3 14 36 1 1 1 1.060251 0.000000 
5 2 1 0 3 2 0 0 3 14 36 1 1 1 0.710608 0.000000 
5 2 0 2 1 1 1 0 9 5 23 2 2 1 0.853824 0.000000 
5 2 0 0 3 3 1 0 3 15 18 4 4 1 1.080169 0.000000 
5 2 0 3 2 2 1 0 14 10 27 3 3 1 1.025872 0.000000 
5 2 1 3 3 3 1 1 15 15 3 4 4 1 1.117556 0.000000 
5 2 1 3 2 1 0 0 14 9 54 4 4 1 1.349309 0.000000 
5 2 0 2 1 0 0 0 9 4 42 2 2 1 0.723996 0.000000 
5 2 0 2 1 0 0 0 9 4 42 2 2 1 0.482415 0.000000 
5 2 1 2 1 1 1 0 9 5 23 3 3 1 0.619783 0.000000 
5 2 0 2 1 1 1 0 9 5 23 2 2 1 0.871356 0.000000 
5 2 0 2 1 1 1 0 9 5 23 2 2 1 0.456968 0.000000 
5 2 0 2 2 2 1 1 10 10 2 3 3 1 0.603041 0.000000 
5 2 0 0 0 0 1 1 0 0 0 1 1 1 0.663322 0.000000 
5 2 0 1 1 1 1 1 5 5 1 2 2 1 0.625481 0.000000 
5 2 0 0 3 2 0 0 3 14 36 4 4 1 0.773003 0.000000 
5 2 0 3 3 3 1 1 15 15 3 4 4 1 0.601733 0.000000 
5 2 0 3 2 1 0 0 14 9 54 3 3 1 0.765781 0.000000 
5 2 1 2 2 1 0 1 10 9 11 3 3 1 0.771904 0.000000 
5 2 0 2 2 1 0 1 10 9 11 3 3 1 0.680988 0.000000 
5 2 0 3 3 2 0 1 15 14 15 4 4 1 0.602570 0.000000 
5 2 0 1 0 0 1 0 4 0 19 1 1 1 0.742726 0.000000 
5 2 0 3 2 1 0 0 14 9 54 3 3 1 0.829626 0.000000 
5 2 1 1 1 0 0 1 5 4 7 2 2 1 1.369278 0.000000 
5 2 0 1 0 0 1 0 4 0 19 1 1 1 0.687065 0.000000 
5 2 1 3 3 2 0 1 15 14 15 4 4 1 0.966960 0.000000 
5 2 0 2 1 1 1 0 9 5 23 2 2 1 0.772675 0.000000 
5 2 0 3 2 1 0 0 14 9 54 3 3 1 0.698254 0.000000 
5 2 0 1 0 3 0 0 4 3 38 1 1 1 1.051171 0.000000 
5 2 0 0 0 3 0 1 0 3 6 1 1 1 0.621514 0.000000 
5 2 0 3 3 3 1 1 15 15 3 4 4 1 0.624992 0.000000 
5 2 1 1 0 3 0 0 4 3 38 2 2 1 1.268605 0.000000 
5 2 0 3 2 1 0 0 14 9 54 3 3 1 0.845373 0.000000 
5 2 0 1 1 0 0 1 5 4 7 2 2 1 0.768338 0.000000 
5 2 1 2 1 1 1 0 9 5 23 3 3 1 1.485933 0.000000 
5 2 0 0 0 3 0 1 0 3 6 1 1 1 0.607159 0.000000 
5 2 0 2 2 1 0 1 10 9 11 3 3 1 0.795330 0.000000 
5 2 0 0 0 0 1 1 0 0 0 1 1 1 0.552271 0.000000 
5 2 0 2 1 0 0 0 9 4 42 2 2 1 1.582455 0.000000 
5 2 1 1 1 0 0 1 5 4 7 2 2 1 1.099159 0.000000 
5 2 0 1 1 0 0 1 5 4 7 2 2 1 0.571689 0.000000 
5 2 1 2 1 0 0 0 9 4 42 3 3 1 0.937212 0.000000 
5 2 0 1 0 0 1 0 4 0 19 1 1 1 0.712226 0.000000 
5 2 1 2 1 1 1 0 9 5 23 3 3 1 0.928456 0.000000 
5 2 0 3 2 2 1 0 14 10 27 3 3 1 1.232085 0.000000 
5 2 0 0 3 3 1 0 3 15 18 4 4 1 0.587889 0.000000 
5 2 0 3 3 2 0 1 15 14 15 4 4 1 0.695682 0.000000 
5 2 1 3 3 2 0 1 15 14 15 4 4 1 1.016631 0.000000 
5 2 0 0 3 3 1 0 3 15 18 4 4 1 0.604329 0.000000 
5 2 0 3 2 1 0 0 14 9 54 3 3 1 1.728541 0.000000 
5 2 1 3 3 3 1 1 15 15 3 4 4 1 0.992467 0.000000 
5 2 1 2 1 0 0 0 9 4 42 3 3 1 1.341508 0.000000 
5 2 0 2 2 1 0 1 10 9 11 3 3 1 0.628635 0.000000 
5 2 0 1 0 0 1 0 4 0 19 1 1 1 0.583215 0.000000 
5 2 1 1 1 1 1 1 5 5 1 2 2 1 1.219988 0.000000 
5 2 0 0 3 2 0 0 3 14 36 4 1 0 1.039837 0.000000 
5 2 0 0 3 3 1 0 3 15 18 4 4 1 0.974885 0.000000 
5 2 0 0 0 0 1 1 0 0 0 1 1 1 0.724019 0.000000 
5 2 0 1 0 0 1 0 4 0 19 1 1 1 1.483650 0.000000 
5 2 0 2 2 1 0 1 10 9 11 3 3 1 0.884842 0.000000 
5 2 0 2 1 1 1 0 9 5 23 2 2 1 0.748772 0.000000 
5 2 0 1 0 0 1 0 4 0 19 1 1 1 0.595733 0.000000 
5 2 0 3 3 3 1 1 15 15 3 4 4 1 0.496559 0.000000 
5 2 0 0 0 3 0 1 0 3 6 1 1 1 1.433435 0.000000 
5 2 0 1 0 3 0 0 4 3 38 1 1 1 0.588516 0.000000 
5 2 0 1 1 0 0 1 5 4 7 2 2 1 0.721425 0.000000 
5 2 0 0 0 3 0 1 0 3 6 1 1 1 1.041002 0.000000 
5 2 0 2 2 1 0 1 10 9 11 3 3 1 1.187058 0.000000 
5 2 0 3 3 3 1 1 15 15 3 4 4 1 0.512042 0.000000 
5 2 0 1 0 3 0 0 4 3 38 1 1 1 0.640262 0.000000 
5 2 0 2 2 2 1 1 10 10 2 3 4 0 0.763146 0.000000 
5 2 0 1 0 0 1 0 4 0 19 1 1 1 1.213455 0.000000 
5 2 1 1 0 3 0 0 4 3 38 2 2 1 1.041363 0.000000 
5 2 0 0 3 3 1 0 3 15 18 4 4 1 0.756422 0.000000 
5 2 1 1 1 0 0 1 5 4 7 2 2 1 1.082677 0.000000 
5 2 0 1 0 3 0 0 4 3 38 1 1 1 0.858930 0.000000 
5 2 0 0 0 0 1 1 0 0 0 1 1 1 0.580999 0.000000 
5 2 0 0 0 0 1 1 0 0 0 1 1 1 0.482521 0.000000 
5 2 0 1 1 0 0 1 5 4 7 2 2 1 0.739944 0.000000 
5 2 0 1 0 3 0 0 4 3 38 1 1 1 0.786880 0.000000 
5 2 0 0 0 3 0 1 0 3 6 1 1 1 0.551825 0.000000 
5 2 0 0 0 0 1 1 0 0 0 1 1 1 0.477981 0.000000 
5 2 0 2 2 1 0 1 10 9 11 3 3 1 0.743457 0.000000 
5 2 0 1 1 1 1 1 5 5 1 2 2 1 0.597333 0.000000 
5 2 0 2 2 1 0 1 10 9 11 3 3 1 0.810221 0.000000 
5 2 0 2 2 1 0 1 10 9 11 3 3 1 0.670463 0.000000 
5 2 1 1 0 3 0 0 4 3 38 2 2 1 0.831988 0.000000 
5 2 0 1 0 0 1 0 4 0 19 1 1 1 0.723679 0.000000 
5 2 1 3 3 3 1 1 15 15 3 4 4 1 0.835200 0.000000 
5 2 0 3 2 2 1 0 14 10 27 3 3 1 0.950188 0.000000 
5 2 1 1 0 0 1 0 4 0 19 2 2 1 1.092529 0.000000 
5 2 1 0 0 0 1 1 0 0 0 1 1 1 0.932564 0.000000 
5 2 1 1 0 0 1 0 4 0 19 2 2 1 1.028044 0.000000 
5 2 1 1 0 3 0 0 4 3 38 2 2 1 1.247220 0.000000 
5 2 0 3 2 2 1 0 14 10 27 3 3 1 0.866373 0.000000 
5 2 0 1 1 1 1 1 5 5 1 2 2 1 0.723989 0.000000 
5 2 0 2 1 1 1 0 9 5 23 2 2 1 0.675528 0.000000 
5 2 1 3 3 2 0 1 15 14 15 4 4 1 1.068126 0.000000 
5 2 0 0 3 2 0 0 3 14 36 4 4 1 1.205858 0.000000 
5 2 1 0 3 2 0 0 3 14 36 1 1 1 1.114275 0.000000 
5 2 0 0 0 0 1 1 0 0 0 1 1 1 0.674649 0.000000 
5 2 0 1 1 1 1 1 5 5 1 2 2 1 0.636203 0.000000 
5 2 0 0 0 0 1 1 0 0 0 1 1 1 0.599003 0.000000 
5 2 1 1 1 1 1 1 5 5 1 2 2 1 0.971879 0.000000 
5 2 0 2 2 2 1 1 10 10 2 3 3 1 0.720715 0.000000 
5 2 1 3 3 3 1 1 15 15 3 4 4 1 0.744126 0.000000 
5 2 1 2 1 0 0 0 9 4 42 3 3 1 1.015014 0.000000 
5 2 0 1 1 0 0 1 5 4 7 2 2 1 0.771444 0.000000 
5 2 0 0 0 3 0 1 0 3 6 1 1 1 0.608993 0.000000 
5 2 0 1 1 1 1 1 5 5 1 2 2 1 0.693208 0.000000 
5 2 0 2 2 2 1 1 10 10 2 3 3 1 0.598078 0.000000 
5 2 0 2 2 1 0 1 10 9 11 3 3 1 0.754940 0.000000 
5 2 0 3 3 2 0 1 15 14 15 4 4 1 0.665151 0.000000 
5 2 0 0 0 3 0 1 0 3 6 1 1 1 0.842420 0.000000 
5 2 0 3 2 2 1 0 14 10 27 3 3 1 1.093394 0.000000 
5 2 1 3 2 1 0 0 14 9 54 4 4 1 0.646392 0.000000 
5 2 0 1 1 1 1 1 5 5 1 2 2 1 0.601310 0.000000 
5 2 0 3 3 2 0 1 15 14 15 4 4 1 0.581481 0.000000 
5 2 0 1 1 1 1 1 5 5 1 2 2 1 0.618975 0.000000 
5 2 0 2 2 2 1 1 10 10 2 3 3 1 0.870531 0.000000 
5 2 0 3 3 2 0 1 15 14 15 4 4 1 0.624160 0.000000 
5 2 0 0 3 2 0 0 3 14 36 4 4 1 0.706696 0.000000 
5 2 0 1 1 0 0 1 5 4 7 2 2 1 0.634916 0.000000 
5 2 0 0 3 3 1 0 3 15 18 4 4 1 0.637784 0.000000 
5 2 0 3 3 2 0 1 15 14 15 4 4 1 0.504628 0.000000 
5 2 0 0 3 3 1 0 3 15 18 4 4 1 0.640819 0.000000 
5 2 1 3 2 2 1 0 14 10 27 4 4 1 1.339707 0.000000 
5 2 1 0 3 3 1 0 3 15 18 1 1 1 1.074821 0.000000 
5 2 0 2 1 1 1 0 9 5 23 2 2 1 1.059550 0.000000 
5 2 0 3 2 2 1 0 14 10 27 3 3 1 0.845916 0.000000 
5 2 0 1 1 0 0 1 5 4 7 2 2 1 0.656869 0.000000 
5 2 1 0 0 3 0 1 0 3 6 1 1 1 1.179013 0.000000 
5 2 0 2 1 0 0 0 9 4 42 2 2 1 0.816826 0.000000 
5 2 1 3 3 3 1 1 15 15 3 4 4 1 0.948446 0.000000 
5 2 0 0 3 3 1 0 3 15 18 4 4 1 0.811463 0.000000 
5 2 1 3 2 2 1 0 14 10 27 4 4 1 0.823699 0.000000 
5 2 0 3 3 2 0 1 15 14 15 4 4 1 0.538277 0.000000 
5 2 0 1 1 1 1 1 5 5 1 2 2 1 0.601154 0.000000 
5 2 0 0 3 3 1 0 3 15 18 4 1 0 0.557305 0.000000 
5 2 0 0 3 3 1 0 3 15 18 4 4 1 0.967537 0.000000 
5 2 0 0 0 0 1 1 0 0 0 1 1 1 0.564726 0.000000 
5 2 0 3 2 1 0 0 14 9 54 3 3 1 0.842911 0.000000 
5 2 0 2 2 2 1 1 10 10 2 3 3 1 0.757835 0.000000 
5 2 1 1 0 0 1 0 4 0 19 2 2 1 1.443046 0.000000 
5 2 0 1 0 0 1 0 4 0 19 1 1 1 1.126293 0.000000 
5 2 0 2 2 1 0 1 10 9 11 3 3 1 0.781980 0.000000 
5 2 1 3 3 3 1 1 15 15 3 4 4 1 0.803597 0.000000 
5 2 1 1 0 3 0 0 4 3 38 2 2 1 0.783890 0.000000 
5 2 0 2 1 1 1 0 9 5 23 2 2 1 1.004816 0.000000 
5 2 1 1 0 3 0 0 4 3 38 2 2 1 0.976193 0.000000 
5 2 0 0 3 2 0 0 3 14 36 4 4 1 0.797827 0.000000 
5 2 1 0 0 3 0 1 0 3 6 1 1 1 0.818757 0.000000 
5 2 0 0 3 3 1 0 3 15 18 4 4 1 0.662389 0.000000 
5 2 0 3 2 2 1 0 14 10 27 3 3 1 0.736600 0.000000 
5 2 0 0 0 0 1 1 0 0 0 1 1 1 0.735504 0.000000 
5 2 0 1 1 1 1 1 5 5 1 2 2 1 0.678412 0.000000 
5 2 0 2 1 1 1 0 9 5 23 2 2 1 0.831947 0.000000 
5 2 1 3 3 3 1 1 15 15 3 4 4 1 0.698617 0.000000 
5 2 0 0 0 3 0 1 0 3 6 1 1 1 0.659440 0.000000 
5 2 0 3 2 1 0 0 14 9 54 3 3 1 0.701672 0.000000 
5 2 1 0 0 0 1 1 0 0 0 1 1 1 0.805935 0.000000 
5 2 0 2 1 1 1 0 9 5 23 2 2 1 0.770156 0.000000 
5 2 0 3 2 1 0 0 14 9 54 3 3 1 0.911778 0.000000 
5 2 0 2 2 1 0 1 10 9 11 3 3 1 0.624011 0.000000 
5 2 0 3 3 3 1 1 15 15 3 4 4 1 0.523613 0.000000 
5 2 1 3 2 2 1 0 14 10 27 4 4 1 1.163060 0.000000 
5 2 1 3 3 3 1 1 15 15 3 4 4 1 0.736451 0.000000 
5 2 0 3 2 1 0 0 14 9 54 3 3 1 0.799406 0.000000 
5 2 0 2 2 2 1 1 10 10 2 3 3 1 0.715924 0.000000 
5 2 0 3 3 3 1 1 15 15 3 4 4 1 0.555931 0.000000 
5 2 0 3 2 1 0 0 14 9 54 3 3 1 0.698056 0.000000 
5 2 1 2 1 1 1 0 9 5 23 3 3 1 0.994960 0.000000 
5 2 0 0 0 3 0 1 0 3 6 1 1 1 0.719993 0.000000 
5 2 0 2 2 1 0 1 10 9 11 3 3 1 0.782615 0.000000 
5 2 0 2 1 1 1 0 9 5 23 2 2 1 0.883987 0.000000 
5 2 0 0 0 3 0 1 0 3 6 1 1 1 0.540466 0.000000 
5 2 0 1 0 0 1 0 4 0 19 1 1 1 0.539303 0.000000 
5 2 0 0 0 3 0 1 0 3 6 1 1 1 0.434096 0.000000 
5 2 0 0 3 2 0 0 3 14 36 4 4 1 0.820885 0.000000 
5 3 1 2 2 1 0 1 10 9 11 3 3 1 1.804395 0.000000 
5 3 0 0 3 2 0 0 3 14 36 4 4 1 1.944571 0.000000 
5 3 0 1 0 3 0 0 4 3 38 1 1 1 0.910911 0.000000 
5 3 1 0 3 2 0 0 3 14 36 1 1 1 0.895245 0.000000 
5 3 1 3 3 3 1 1 15 15 3 4 4 1 1.160207 0.000000 
5 3 0 3 3 3 1 1 15 15 3 4 4 1 0.446543 0.000000 
5 3 0 2 2 1 0 1 10 9 11 3 3 1 0.585372 0.000000 
5 3 0 1 0 0 1 0 4 0 19 1 1 1 0.838274 0.000000 
5 3 0 2 1 1 1 0 9 5 23 2 2 1 0.728251 0.000000 
5 3 0 0 3 3 1 0 3 15 18 4 4 1 0.943776 0.000000 
5 3 0 1 1 1 1 1 5 5 1 2 2 1 0.638792 0.000000 
5 3 0 3 3 2 0 1 15 14 15 4 4 1 0.569655 0.000000 
5 3 0 2 1 0 0 0 9 4 42 2 3 0 0.607161 0.000000 
5 3 0 3 2 2 1 0 14 10 27 3 3 1 0.799384 0.000000 
5 3 0 2 2 1 0 1 10 9 11 3 3 1 1.035834 0.000000 
5 3 0 3 2 1 0 0 14 9 54 3 3 1 0.710859 0.000000 
5 3 0 0 3 2 0 0 3 14 36 4 4 1 0.823048 0.000000 
5 3 0 0 3 3 1 0 3 15 18 4 4 1 0.561673 0.000000 
5 3 0 1 1 0 0 1 5 4 7 2 2 1 1.167891 0.000000 
5 3 0 2 2 2 1 1 10 10 2 3 3 1 0.749605 0.000000 
5 3 0 0 0 3 0 1 0 3 6 1 1 1 0.524065 0.000000 
5 3 0 3 2 2 1 0 14 10 27 3 3 1 0.739382 0.000000 
5 3 0 1 1 1 1 1 5 5 1 2 2 1 0.706254 0.000000 
5 3 0 2 1 1 1 0 9 5 23 2 2 1 0.794468 0.000000 
5 3 0 2 2 1 0 1 10 9 11 3 3 1 0.822434 0.000000 
5 3 1 3 2 1 0 0 14 9 54 4 4 1 1.057991 0.000000 
5 3 1 2 1 0 0 0 9 4 42 3 3 1 0.724388 0.000000 
5 3 1 2 1 0 0 0 9 4 42 3 3 1 0.731925 0.000000 
5 3 0 0 0 0 1 1 0 0 0 1 1 1 0.651557 0.000000 
5 3 0 3 3 2 0 1 15 14 15 4 4 1 0.557764 0.000000 
5 3 0 0 0 0 1 1 0 0 0 1 1 1 0.547941 0.000000 
5 3 0 1 0 0 1 0 4 0 19 1 1 1 0.818786 0.000000 
5 3 0 3 2 2 1 0 14 10 27 3 3 1 0.909405 0.000000 
5 3 0 0 0 0 1 1 0 0 0 1 1 1 1.277697 0.000000 
5 3 0 0 0 3 0 1 0 3 6 1 1 1 0.591471 0.000000 
5 3 0 1 1 1 1 1 5 5 1 2 2 1 0.724344 0.000000 
5 3 1 3 3 2 0 1 15 14 15 4 4 1 0.955914 0.000000 
5 3 0 1 1 1 1 1 5 5 1 2 2 1 0.650236 0.000000 
5 3 1 0 3 2 0 0 3 14 36 1 1 1 1.068472 0.000000 
5 3 0 1 1 0 0 1 5 4 7 2 2 1 0.622145 0.000000 
5 3 0 2 2 2 1 1 10 10 2 3 3 1 0.728699 0.000000 
5 3 0 1 0 0 1 0 4 0 19 1 1 1 0.616254 0.000000 
5 3 1 1 0 3 0 0 4 3 38 2 2 1 1.356046 0.000000 
5 3 0 0 3 2 0 0 3 14 36 4 4 1 0.922305 0.000000 
5 3 0 0 0 3 0 1 0 3 6 1 1 1 0.681943 0.000000 
5 3 0 1 0 3 0 0 4 3 38 1 1 1 0.859501 0.000000 
5 3 1 1 0 3 0 0 4 3 38 2 2 1 1.005791 0.000000 
5 3 0 1 1 1 1 1 5 5 1 2 2 1 0.641105 0.000000 
5 3 1 1 1 1 1 1 5 5 1 2 2 1 0.755975 0.000000 
5 3 0 3 3 2 0 1 15 14 15 4 4 1 0.586242 0.000000 
5 3 1 0 0 3 0 1 0 3 6 1 1 1 0.935090 0.000000 
5 3 0 2 1 0 0 0 9 4 42 2 2 1 0.878052 0.000000 
5 3 0 3 3 2 0 1 15 14 15 4 4 1 0.543709 0.000000 
5 3 0 1 1 1 1 1 5 5 1 2 2 1 0.710574 0.000000 
5 3 0 2 2 2 1 1 10 10 2 3 3 1 0.702783 0.000000 
5 3 1 0 3 3 1 0 3 15 18 1 1 1 0.957970 0.000000 
5 3 0 2 1 0 0 0 9 4 42 2 2 1 0.796347 0.000000 
5 3 0 2 1 0 0 0 9 4 42 2 2 1 0.665256 0.000000 
5 3 0 0 3 3 1 0 3 15 18 4 4 1 0.787523 0.000000 
5 3 0 3 3 2 0 1 15 14 15 4 4 1 0.608429 0.000000 
5 3 0 0 3 3 1 0 3 15 18 4 4 1 0.804631 0.000000 
5 3 0 2 1 1 1 0 9 5 23 2 2 1 1.096897 0.000000 
5 3 0 0 3 3 1 0 3 15 18 4 4 1 0.577950 0.000000 
5 3 1 2 1 0 0 0 9 4 42 3 3 1 1.286457 0.000000 
5 3 1 0 3 3 1 0 3 15 18 1 1 1 1.647636 0.000000 
5 3 1 1 1 1 1 1 5 5 1 2 2 1 0.938844 0.000000 
5 3 0 2 1 0 0 0 9 4 42 2 2 1 0.825839 0.000000 
5 3 0 1 1 1 1 1 5 5 1 2 2 1 0.533449 0.000000 
5 3 1 0 0 3 0 1 0 3 6 1 1 1 0.980326 0.000000 
5 3 0 0 0 3 0 1 0 3 6 1 1 1 0.744982 0.000000 
5 3 1 3 2 1 0 0 14 9 54 4 4 1 1.279896 0.000000 
5 3 0 0 3 3 1 0 3 15 18 4 4 1 0.697661 0.000000 
5 3 0 0 3 3 1 0 3 15 18 4 4 1 0.490549 0.000000 
5 3 0 1 0 3 0 0 4 3 38 1 1 1 0.795318 0.000000 
5 3 0 3 2 1 0 0 14 9 54 3 3 1 0.760296 0.000000 
5 3 0 3 3 3 1 1 15 15 3 4 4 1 0.614557 0.000000 
5 3 1 3 2 1 0 0 14 9 54 4 4 1 1.202746 0.000000 
5 3 0 0 3 3 1 0 3 15 18 4 4 1 0.606157 0.000000 
5 3 1 2 2 2 1 1 10 10 2 3 3 1 0.914345 0.000000 
5 3 1 1 1 0 0 1 5 4 7 2 2 1 0.674648 0.000000 
5 3 1 0 0 3 0 1 0 3 6 1 1 1 0.700221 0.000000 
5 3 0 1 1 1 1 1 5 5 1 2 2 1 0.612419 0.000000 
5 3 0 1 1 0 0 1 5 4 7 2 2 1 0.600642 0.000000 
5 3 1 0 3 2 0 0 3 14 36 1 1 1 1.108867 0.000000 
5 3 0 2 1 1 1 0 9 5 23 2 2 1 0.741223 0.000000 
5 3 1 0 3 3 1 0 3 15 18 1 1 1 0.803113 0.000000 
5 3 0 3 3 3 1 1 15 15 3 4 4 1 0.567412 0.000000 
5 3 0 3 2 2 1 0 14 10 27 3 3 1 1.164951 0.000000 
5 3 0 3 2 2 1 0 14 10 27 3 3 1 0.451328 0.000000 
5 3 0 0 0 3 0 1 0 3 6 1 1 1 0.589480 0.000000 
5 3 0 0 3 3 1 0 3 15 18 4 4 1 0.834353 0.000000 
5 3 0 2 1 0 0 0 9 4 42 2 2 1 0.773228 0.000000 
5 3 0 1 0 3 0 0 4 3 38 1 1 1 0.586797 0.000000 
5 3 1 2 1 0 0 0 9 4 42 3 3 1 0.822704 0.000000 
5 3 0 2 2 1 0 1 10 9 11 3 3 1 0.762321 0.000000 
5 3 1 2 2 1 0 1 10 9 11 3 3 1 0.712557 0.000000 
5 3 0 0 0 0 1 1 0 0 0 1 1 1 0.544748 0.000000 
5 3 0 2 1 0 0 0 9 4 42 2 2 1 0.759625 0.000000 
5 3 1 2 1 1 1 0 9 5 23 3 3 1 0.837879 0.000000 
5 3 0 3 3 3 1 1 15 15 3 4 4 1 0.616854 0.000000 
5 3 0 3 2 1 0 0 14 9 54 3 3 1 0.643396 0.000000 
5 3 0 0 0 3 0 1 0 3 6 1 1 1 0.566248 0.000000 
5 3 0 3 3 2 0 1 15 14 15 4 4 1 0.595998 0.000000 
5 3 1 0 3 2 0 0 3 14 36 1 1 1 0.896611 0.000000 
5 3 1 3 2 1 0 0 14 9 54 4 4 1 1.201602 0.000000 
5 3 1 3 2 2 1 0 14 10 27 4 4 1 0.789968 0.000000 
5 3 0 2 2 2 1 1 10 10 2 3 3 1 0.690921 0.000000 
5 3 0 2 1 1 1 0 9 5 23 2 2 1 0.842904 0.000000 
5 3 0 2 1 1 1 0 9 5 23 2 2 1 0.805760 0.000000 
5 3 1 1 1 1 1 1 5 5 1 2 2 1 0.873996 0.000000 
5 3 1 2 2 1 0 1 10 9 11 3 3 1 0.755672 0.000000 
5 3 1 2 2 2 1 1 10 10 2 3 3 1 0.625903 0.000000 
5 3 0 1 0 0 1 0 4 0 19 1 1 1 0.821464 0.000000 
5 3 0 3 2 1 0 0 14 9 54 3 3 1 0.905008 0.000000 
5 3 0 1 0 0 1 0 4 0 19 1 1 1 0.777385 0.000000 
5 3 0 2 1 1 1 0 9 5 23 2 2 1 0.878979 0.000000 
5 3 0 2 2 2 1 1 10 10 2 3 3 1 0.551601 0.000000 
5 3 0 1 1 1 1 1 5 5 1 2 2 1 0.597757 0.000000 
5 3 0 0 0 3 0 1 0 3 6 1 1 1 0.554633 0.000000 
5 3 0 0 3 3 1 0 3 15 18 4 4 1 0.536812 0.000000 
5 3 0 1 0 3 0 0 4 3 38 1 1 1 0.567634 0.000000 
5 3 0 2 2 1 0 1 10 9 11 3 3 1 0.661134 0.000000 
5 3 0 3 2 2 1 0 14 10 27 3 3 1 0.591339 0.000000 
5 3 1 1 1 0 0 1 5 4 7 2 2 1 0.851256 0.000000 
5 3 0 2 1 1 1 0 9 5 23 2 2 1 0.805475 0.000000 
5 3 0 3 2 2 1 0 14 10 27 3 3 1 0.777756 0.000000 
5 3 1 1 1 0 0 1 5 4 7 2 2 1 0.911318 0.000000 
5 3 0 3 3 3 1 1 15 15 3 4 4 1 0.551638 0.000000 
5 3 0 2 1 1 1 0 9 5 23 2 2 1 1.085849 0.000000 
5 3 1 3 3 3 1 1 15 15 3 4 4 1 0.782879 0.000000 
5 3 1 1 0 0 1 0 4 0 19 2 2 1 1.284027 0.000000 
5 3 0 3 2 2 1 0 14 10 27 3 3 1 0.899923 0.000000 
5 3 0 1 1 0 0 1 5 4 7 2 2 1 0.636262 0.000000 
5 3 0 1 1 0 0 1 5 4 7 2 2 1 0.487143 0.000000 
5 3 0 2 2 2 1 1 10 10 2 3 3 1 0.847963 0.000000 
5 3 0 3 3 2 0 1 15 14 15 4 4 1 0.642877 0.000000 
5 3 0 1 1 0 0 1 5 4 7 2 2 1 1.021777 0.000000 
5 3 0 3 2 2 1 0 14 10 27 3 3 1 0.817465 0.000000 
5 3 0 3 3 2 0 1 15 14 15 4 4 1 0.573033 0.000000 
5 3 0 2 1 0 0 0 9 4 42 2 2 1 0.857538 0.000000 
5 3 0 0 0 3 0 1 0 3 6 1 1 1 0.811882 0.000000 
5 3 0 3 3 3 1 1 15 15 3 4 4 1 0.568122 0.000000 
5 3 0 3 3 2 0 1 15 14 15 4 4 1 0.717658 0.000000 
5 3 0 3 2 1 0 0 14 9 54 3 3 1 0.725241 0.000000 
5 3 1 3 2 2 1 0 14 10 27 4 4 1 0.844768 0.000000 
5 3 0 3 3 2 0 1 15 14 15 4 4 1 0.591739 0.000000 
5 3 0 2 2 1 0 1 10 9 11 3 3 1 0.659635 0.000000 
5 3 0 0 0 0 1 1 0 0 0 1 1 1 0.573796 0.000000 
5 3 0 1 0 3 0 0 4 3 38 1 1 1 0.731344 0.000000 
5 3 1 3 2 1 0 0 14 9 54 4 4 1 0.754868 0.000000 
5 3 0 2 2 2 1 1 10 10 2 3 3 1 0.617125 0.000000 
5 3 0 1 0 3 0 0 4 3 38 1 1 1 0.844672 0.000000 
5 3 1 2 1 1 1 0 9 5 23 3 3 1 0.919624 0.000000 
5 3 0 1 1 0 0 1 5 4 7 2 2 1 0.919227 0.000000 
5 3 0 0 3 3 1 0 3 15 18 4 4 1 0.630917 0.000000 
5 3 1 0 0 3 0 1 0 3 6 1 1 1 0.937476 0.000000 
5 3 0 1 1 0 0 1 5 4 7 2 2 1 0.632446 0.000000 
5 3 0 2 2 2 1 1 10 10 2 3 3 1 0.563930 0.000000 
5 3 1 1 0 3 0 0 4 3 38 2 2 1 0.866197 0.000000 
5 3 0 0 0 3 0 1 0 3 6 1 1 1 0.588026 0.000000 
5 3 0 2 2 1 0 1 10 9 11 3 3 1 0.600629 0.000000 
5 3 1 0 3 3 1 0 3 15 18 1 1 1 0.859926 0.000000 
5 3 0 3 3 2 0 1 15 14 15 4 4 1 0.622024 0.000000 
5 3 0 2 1 0 0 0 9 4 42 2 2 1 0.825637 0.000000 
5 3 0 1 0 0 1 0 4 0 19 1 1 1 0.677260 0.000000 
5 3 1 1 0 0 1 0 4 0 19 2 2 1 1.030821 0.000000 
5 3 0 1 1 0 0 1 5 4 7 2 2 1 0.738478 0.000000 
5 3 0 2 2 2 1 1 10 10 2 3 3 1 0.609401 0.000000 
5 3 1 0 3 2 0 0 3 14 36 1 1 1 1.013606 0.000000 
5 3 1 0 3 3 1 0 3 15 18 1 1 1 0.625021 0.000000 
5 3 0 0 0 3 0 1 0 3 6 1 1 1 0.668475 0.000000 
5 3 0 3 2 2 1 0 14 10 27 3 3 1 1.077999 0.000000 
5 3 0 3 2 2 1 0 14 10 27 3 3 1 0.871776 0.000000 
5 3 0 1 1 1 1 1 5 5 1 2 2 1 0.681382 0.000000 
5 3 0 0 0 3 0 1 0 3 6 1 1 1 0.618950 0.000000 
5 3 0 1 1 1 1 1 5 5 1 2 2 1 0.766463 0.000000 
5 3 0 1 0 3 0 0 4 3 38 1 1 1 0.772004 0.000000 
5 3 0 0 0 3 0 1 0 3 6 1 1 1 0.769637 0.000000 
5 3 1 2 2 2 1 1 10 10 2 3 3 1 0.982212 0.000000 
5 3 0 2 1 1 1 0 9 5 23 2 2 1 0.779895 0.000000 
5 3 0 1 0 3 0 0 4 3 38 1 1 1 0.601495 0.000000 
5 3 0 0 3 3 1 0 3 15 18 4 4 1 0.781713 0.000000 
5 3 0 3 3 3 1 1 15 15 3 4 4 1 0.491275 0.000000 
5 3 0 0 3 3 1 0 3 15 18 4 4 1 0.572013 0.000000 
5 3 0 3 3 3 1 1 15 15 3 4 4 1 0.529570 0.000000 
5 3 0 0 0 0 1 1 0 0 0 1 1 1 0.528099 0.000000 
5 3 0 3 3 3 1 1 15 15 3 4 4 1 0.487537 0.000000 
5 3 1 3 2 2 1 0 14 10 27 4 4 1 0.888386 0.000000 
5 3 0 1 1 0 0 1 5 4 7 2 2 1 0.785374 0.000000 
5 3 0 2 2 1 0 1 10 9 11 3 3 1 0.646282 0.000000 
5 3 0 3 3 3 1 1 15 15 3 4 4 1 0.529154 0.000000 
5 3 0 1 0 3 0 0 4 3 38 1 1 1 0.528633 0.000000 
5 4 0 0 0 3 0 1 0 3 6 1 1 1 1.502263 0.000000 
5 4 0 2 1 1 1 0 9 5 23 2 2 1 0.766913 0.000000 
5 4 1 1 1 1 1 1 5 5 1 2 2 1 1.076524 0.000000 
5 4 1 2 1 0 0 0 9 4 42 3 3 1 1.190212 0.000000 
5 4 0 0 3 2 0 0 3 14 36 4 4 1 0.971330 0.000000 
5 4 0 0 3 2 0 0 3 14 36 4 4 1 0.504968 0.000000 
5 4 0 1 1 1 1 1 5 5 1 2 2 1 0.617142 0.000000 
5 4 1 0 3 2 0 0 3 14 36 1 1 1 0.995689 0.000000 
5 4 0 0 3 3 1 0 3 15 18 4 4 1 0.696701 0.000000 
5 4 0 3 3 3 1 1 15 15 3 4 4 1 0.529566 0.000000 
5 4 0 1 1 0 0 1 5 4 7 2 2 1 0.633056 0.000000 
5 4 1 0 3 3 1 0 3 15 18 1 1 1 0.843915 0.000000 
5 4 0 3 2 1 0 0 14 9 54 3 3 1 0.974905 0.000000 
5 4 0 1 0 0 1 0 4 0 19 1 1 1 0.780560 0.000000 
5 4 0 3 3 3 1 1 15 15 3 4 4 1 0.497227 0.000000 
5 4 0 3 3 3 1 1 15 15 3 4 4 1 0.489986 0.000000 
5 4 0 3 2 1 0 0 14 9 54 3 3 1 0.730772 0.000000 
5 4 0 0 3 3 1 0 3 15 18 4 4 1 1.066388 0.000000 
5 4 0 1 1 0 0 1 5 4 7 2 2 1 0.763996 0.000000 
5 4 1 0 3 3 1 0 3 15 18 1 1 1 0.842300 0.000000 
5 4 0 2 1 0 0 0 9 4 42 2 2 1 1.117253 0.000000 
5 4 1 1 0 3 0 0 4 3 38 2 2 1 1.020983 0.000000 
5 4 0 0 3 3 1 0 3 15 18 4 4 1 0.680659 0.000000 
5 4 1 0 0 3 0 1 0 3 6 1 1 1 0.825234 0.000000 
5 4 0 1 1 1 1 1 5 5 1 2 2 1 0.644851 0.000000 
5 4 0 2 2 1 0 1 10 9 11 3 3 1 0.807707 0.000000 
5 4 0 0 0 0 1 1 0 0 0 1 1 1 0.739999 0.000000 
5 4 0 0 3 2 0 0 3 14 36 4 4 1 0.730911 0.000000 
5 4 0 3 2 2 1 0 14 10 27 3 3 1 0.874482 0.000000 
5 4 0 1 0 0 1 0 4 0 19 1 1 1 0.868047 0.000000 
5 4 0 3 3 3 1 1 15 15 3 4 4 1 0.524762 0.000000 
5 4 1 1 0 0 1 0 4 0 19 2 2 1 1.020242 0.000000 
5 4 0 3 3 2 0 1 15 14 15 4 4 1 0.623906 0.000000 
5 4 0 0 3 3 1 0 3 15 18 4 4 1 0.739451 0.000000 
5 4 1 3 3 3 1 1 15 15 3 4 4 1 0.842300 0.000000 
5 4 0 0 0 3 0 1 0 3 6 1 1 1 0.709324 0.000000 
5 4 0 3 3 3 1 1 15 15 3 4 4 1 0.533520 0.000000 
5 4 1 0 0 0 1 1 0 0 0 1 1 1 0.772373 0.000000 
5 4 0 1 1 0 0 1 5 4 7 2 2 1 0.616932 0.000000 
5 4 0 3 2 1 0 0 14 9 54 3 3 1 0.812503 0.000000 
5 4 0 2 1 1 1 0 9 5 23 2 3 0 0.664776 0.000000 
5 4 0 1 1 0 0 1 5 4 7 2 2 1 0.879013 0.000000 
5 4 0 2 1 0 0 0 9 4 42 2 2 1 1.352165 0.000000 
5 4 0 1 0 3 0 0 4 3 38 1 1 1 1.014606 0.000000 
5 4 1 0 0 3 0 1 0 3 6 1 1 1 0.786954 0.000000 
5 4 0 0 0 0 1 1 0 0 0 1 1 1 0.527932 0.000000 
5 4 0 2 2 1 0 1 10 9 11 3 3 1 0.742398 0.000000 
5 4 0 0 0 0 1 1 0 0 0 1 1 1 0.581335 0.000000 
5 4 0 1 1 1 1 1 5 5 1 2 2 1 0.698827 0.000000 
5 4 0 2 1 1 1 0 9 5 23 2 2 1 0.459704 0.000000 
5 4 0 3 3 3 1 1 15 15 3 4 4 1 0.509850 0.000000 
5 4 0 2 1 1 1 0 9 5 23 2 2 1 0.701967 0.000000 
5 4 0 3 2 2 1 0 14 10 27 3 3 1 0.758261 0.000000 
5 4 0 2 2 2 1 1 10 10 2 3 3 1 0.476444 0.000000 
5 4 0 2 2 2 1 1 10 10 2 3 3 1 0.476926 0.000000 
5 4 0 3 2 2 1 0 14 10 27 3 3 1 0.422420 0.000000 
5 4 0 2 1 1 1 0 9 5 23 2 2 1 0.753870 0.000000 
5 4 1 0 0 0 1 1 0 0 0 1 1 1 0.664080 0.000000 
5 4 0 3 2 2 1 0 14 10 27 3 3 1 0.762340 0.000000 
5 4 1 3 2 1 0 0 14 9 54 4 4 1 0.872583 0.000000 
5 4 0 2 1 1 1 0 9 5 23 2 2 1 0.810198 0.000000 
5 4 0 1 1 0 0 1 5 4 7 2 2 1 0.606493 0.000000 
5 4 0 2 1 1 1 0 9 5 23 2 2 1 0.649626 0.000000 
5 4 0 0 3 3 1 0 3 15 18 4 4 1 0.644108 0.000000 
5 4 0 3 3 3 1 1 15 15 3 4 4 1 0.462757 0.000000 
5 4 0 1 0 3 0 0 4 3 38 1 1 1 0.640893 0.000000 
5 4 0 2 1 1 1 0 9 5 23 2 2 1 0.691706 0.000000 
5 4 1 2 2 1 0 1 10 9 11 3 3 1 1.004646 0.000000 
5 4 1 3 2 2 1 0 14 10 27 4 4 1 0.824979 0.000000 
5 4 0 1 0 0 1 0 4 0 19 1 1 1 0.596605 0.000000 
5 4 0 0 3 3 1 0 3 15 18 4 4 1 0.640486 0.000000 
5 4 1 3 2 1 0 0 14 9 54 4 4 1 0.835330 0.000000 
5 4 0 2 1 0 0 0 9 4 42 2 2 1 0.942298 0.000000 
5 4 1 0 0 3 0 1 0 3 6 1 1 1 0.861300 0.000000 
5 4 0 3 2 2 1 0 14 10 27 3 4 0 1.103600 0.000000 
5 4 0 0 0 3 0 1 0 3 6 1 1 1 1.068013 0.000000 
5 4 0 3 3 2 0 1 15 14 15 4 4 1 0.629219 0.000000 
5 4 1 1 1 1 1 1 5 5 1 2 2 1 1.215756 0.000000 
5 4 0 2 2 2 1 1 10 10 2 3 3 1 1.292030 0.000000 
5 4 0 1 1 0 0 1 5 4 7 2 2 1 0.764652 0.000000 
5 4 0 1 0 0 1 0 4 0 19 1 1 1 0.578913 0.000000 
5 4 0 0 3 3 1 0 3 15 18 4 4 1 0.608437 0.000000 
5 4 0 1 0 3 0 0 4 3 38 1 1 1 0.716622 0.000000 
5 4 0 0 3 3 1 0 3 15 18 4 4 1 0.692190 0.000000 
5 4 0 1 0 3 0 0 4 3 38 1 1 1 0.764001 0.000000 
5 4 0 3 3 2 0 1 15 14 15 4 4 1 0.626320 0.000000 
5 4 0 1 0 3 0 0 4 3 38 1 1 1 0.437845 0.000000 
5 4 1 3 2 1 0 0 14 9 54 4 4 1 0.848636 0.000000 
5 4 0 3 3 2 0 1 15 14 15 4 4 1 0.603611 0.000000 
5 4 0 0 3 2 0 0 3 14 36 4 4 1 0.807805 0.000000 
5 4 0 3 2 1 0 0 14 9 54 3 3 1 0.876008 0.000000 
5 4 0 2 1 1 1 0 9 5 23 2 2 1 0.565668 0.000000 
5 4 0 2 1 1 1 0 9 5 23 2 2 1 0.746860 0.000000 
5 4 1 2 2 2 1 1 10 10 2 3 3 1 0.945761 0.000000 
5 4 0 2 2 1 0 1 10 9 11 3 3 1 0.664746 0.000000 
5 4 1 3 2 2 1 0 14 10 27 4 4 1 0.674940 0.000000 
5 4 0 0 3 2 0 0 3 14 36 4 4 1 0.444523 0.000000 
5 4 0 2 2 1 0 1 10 9 11 3 3 1 0.679300 0.000000 
5 4 1 3 2 2 1 0 14 10 27 4 4 1 0.624848 0.000000 
5 4 0 2 1 0 0 0 9 4 42 2 2 1 0.860407 0.000000 
5 4 1 3 2 1 0 0 14 9 54 4 4 1 0.693633 0.000000 
5 4 1 3 2 1 0 0 14 9 54 4 4 1 0.766567 0.000000 
5 4 0 0 0 0 1 1 0 0 0 1 1 1 0.660201 0.000000 
5 4 0 0 3 3 1 0 3 15 18 4 4 1 0.566357 0.000000 
5 4 1 0 3 3 1 0 3 15 18 1 1 1 0.708102 0.000000 
5 4 1 3 3 2 0 1 15 14 15 4 4 1 0.628049 0.000000 
5 4 1 3 3 2 0 1 15 14 15 4 4 1 0.607631 0.000000 
5 4 0 3 3 3 1 1 15 15 3 4 4 1 0.515813 0.000000 
5 4 1 1 1 0 0 1 5 4 7 2 2 1 1.170957 0.000000 
5 4 0 1 1 1 1 1 5 5 1 2 2 1 0.608726 0.000000 
5 4 0 0 0 0 1 1 0 0 0 1 1 1 0.644891 0.000000 
5 4 0 1 1 1 1 1 5 5 1 2 2 1 0.663786 0.000000 
5 4 0 2 1 0 0 0 9 4 42 2 2 1 0.689993 0.000000 
5 4 0 2 2 1 0 1 10 9 11 3 3 1 1.042920 0.000000 
5 4 0 2 2 2 1 1 10 10 2 3 3 1 0.661910 0.000000 
5 4 0 1 0 0 1 0 4 0 19 1 1 1 0.512140 0.000000 
5 4 0 1 1 1 1 1 5 5 1 2 2 1 0.615252 0.000000 
5 4 0 3 2 2 1 0 14 10 27 3 3 1 0.715488 0.000000 
5 4 0 3 2 2 1 0 14 10 27 3 3 1 0.483692 0.000000 
5 4 1 1 0 3 0 0 4 3 38 2 2 1 1.116540 0.000000 
5 4 0 3 3 3 1 1 15 15 3 4 4 1 0.572243 0.000000 
5 4 1 2 2 2 1 1 10 10 2 3 3 1 0.761757 0.000000 
5 4 0 1 0 0 1 0 4 0 19 1 1 1 0.751987 0.000000 
5 4 0 3 2 1 0 0 14 9 54 3 3 1 0.805362 0.000000 
5 4 0 0 0 3 0 1 0 3 6 1 1 1 0.529510 0.000000 
5 4 0 1 0 3 0 0 4 3 38 1 1 1 0.520975 0.000000 
5 4 0 2 2 1 0 1 10 9 11 3 3 1 1.192527 0.000000 
5 4 0 2 2 2 1 1 10 10 2 3 3 1 0.453605 0.000000 
5 4 1 0 0 0 1 1 0 0 0 1 1 1 0.783730 0.000000 
5 4 0 2 2 1 0 1 10 9 11 3 3 1 0.692663 0.000000 
5 4 0 1 1 1 1 1 5 5 1 2 2 1 0.717573 0.000000 
5 4 0 1 1 1 1 1 5 5 1 2 2 1 0.564211 0.000000 
5 4 0 0 3 3 1 0 3 15 18 4 4 1 0.882338 0.000000 
5 4 0 1 1 0 0 1 5 4 7 2 2 1 0.595924 0.000000 
5 4 0 2 2 1 0 1 10 9 11 3 3 1 0.656807 0.000000 
5 4 0 2 2 2 1 1 10 10 2 3 3 1 0.570995 0.000000 
5 4 0 3 3 2 0 1 15 14 15 4 4 1 0.624521 0.000000 
5 4 0 3 2 1 0 0 14 9 54 3 3 1 0.787998 0.000000 
5 4 0 2 2 1 0 1 10 9 11 3 3 1 0.680977 0.000000 
5 4 0 2 1 0 0 0 9 4 42 2 2 1 0.658473 0.000000 
5 4 0 3 2 2 1 0 14 10 27 3 3 1 0.851713 0.000000 
5 4 0 3 2 2 1 0 14 10 27 3 3 1 0.645991 0.000000 
5 4 0 2 2 1 0 1 10 9 11 3 3 1 0.672897 0.000000 
5 4 0 2 2 2 1 1 10 10 2 3 3 1 0.482432 0.000000 
5 4 0 1 1 1 1 1 5 5 1 2 2 1 0.707937 0.000000 
5 4 1 2 1 0 0 0 9 4 42 3 3 1 1.348150 0.000000 
5 4 1 1 1 0 0 1 5 4 7 2 2 1 0.954398 0.000000 
5 4 0 1 0 3 0 0 4 3 38 1 1 1 0.856651 0.000000 
5 4 0 1 0 0 1 0 4 0 19 1 2 0 0.634923 0.000000 
5 4 0 0 3 3 1 0 3 15 18 4 4 1 0.737819 0.000000 
5 4 0 2 2 2 1 1 10 10 2 3 3 1 0.680247 0.000000 
5 4 0 3 2 2 1 0 14 10 27 3 3 1 1.273831 0.000000 
5 4 0 1 1 0 0 1 5 4 7 2 2 1 0.787611 0.000000 
5 4 0 3 3 3 1 1 15 15 3 4 4 1 0.592530 0.000000 
5 4 1 0 0 0 1 1 0 0 0 1 1 1 0.828446 0.000000 
5 4 0 1 1 0 0 1 5 4 7 2 2 1 0.695969 0.000000 
5 4 0 2 2 2 1 1 10 10 2 3 3 1 0.592888 0.000000 
5 4 1 2 1 0 0 0 9 4 42 3 3 1 0.869704 0.000000 
5 4 1 2 1 0 0 0 9 4 42 3 3 1 0.807328 0.000000 
5 4 1 0 0 3 0 1 0 3 6 1 1 1 0.803658 0.000000 
5 4 1 0 3 3 1 0 3 15 18 1 1 1 0.743869 0.000000 
5 4 1 0 3 2 0 0 3 14 36 1 1 1 0.782812 0.000000 
5 4 0 1 1 1 1 1 5 5 1 2 2 1 0.715989 0.000000 
5 4 0 3 2 2 1 0 14 10 27 3 4 0 0.946957 0.000000 
5 4 1 0 0 3 0 1 0 3 6 1 1 1 0.893989 0.000000 
5 4 0 3 2 1 0 0 14 9 54 3 3 1 0.958477 0.000000 
5 4 0 0 0 3 0 1 0 3 6 1 1 1 0.828824 0.000000 
5 4 1 1 1 0 0 1 5 4 7 2 2 1 1.192423 0.000000 
5 4 0 1 0 3 0 0 4 3 38 1 1 1 0.773517 0.000000 
5 4 0 2 1 1 1 0 9 5 23 2 2 1 0.954028 0.000000 
5 4 1 0 3 2 0 0 3 14 36 1 1 1 0.824441 0.000000 
5 4 0 0 0 3 0 1 0 3 6 1 1 1 0.756040 0.000000 
5 4 0 2 1 0 0 0 9 4 42 2 2 1 0.650302 0.000000 
5 4 0 1 1 0 0 1 5 4 7 2 2 1 0.588456 0.000000 
5 4 0 3 2 1 0 0 14 9 54 3 3 1 0.649369 0.000000 
5 4 1 2 1 1 1 0 9 5 23 3 3 1 0.916052 0.000000 
5 4 0 0 3 2 0 0 3 14 36 4 1 0 0.555865 0.000000 
5 4 1 1 1 0 0 1 5 4 7 2 2 1 1.029106 0.000000 
5 4 0 1 0 3 0 0 4 3 38 1 1 1 0.800286 0.000000 
5 4 0 2 2 1 0 1 10 9 11 3 3 1 1.020555 0.000000 
5 4 0 0 0 3 0 1 0 3 6 1 1 1 0.560261 0.000000 
5 4 1 3 3 2 0 1 15 14 15 4 4 1 0.798420 0.000000 
5 4 0 0 0 3 0 1 0 3 6 1 1 1 0.571368 0.000000 
5 4 0 3 3 2 0 1 15 14 15 4 4 1 0.648856 0.000000 
5 4 0 2 2 2 1 1 10 10 2 3 3 1 0.835746 0.000000 
5 4 0 0 3 2 0 0 3 14 36 4 1 0 0.901649 0.000000 
5 4 0 3 3 3 1 1 15 15 3 4 4 1 0.666003 0.000000 
5 4 1 1 1 0 0 1 5 4 7 2 2 1 2.355827 0.000000 
5 4 1 1 1 0 0 1 5 4 7 2 2 1 0.674636 0.000000 
5 4 1 0 3 3 1 0 3 15 18 1 1 1 0.844199 0.000000 
5 4 0 1 0 0 1 0 4 0 19 1 1 1 0.839165 0.000000 
5 4 0 2 2 1 0 1 10 9 11 3 3 1 0.785073 0.000000 
