3 1 0 3 3 3 1 1 15 15 3 4 4 1 2.647924 0.000000 
3 1 0 1 2 1 0 0 6 9 42 3 3 1 1.475278 0.000000 
3 1 0 0 0 0 1 1 0 0 0 1 1 1 1.021118 0.000000 
3 1 1 3 0 3 0 0 12 3 99 4 1 0 1.224789 0.000000 
3 1 0 3 0 0 1 0 12 0 25 1 1 1 1.863595 0.000000 
3 1 0 1 1 1 1 1 5 5 1 2 2 1 0.817690 0.000000 
3 1 0 3 3 0 0 1 15 12 13 4 4 1 0.813324 0.000000 
3 1 0 1 2 2 1 0 6 10 20 3 3 1 0.905598 0.000000 
3 1 0 2 1 2 0 0 9 6 43 2 2 1 1.089874 0.000000 
3 1 0 1 2 1 0 0 6 9 42 3 3 1 0.977994 0.000000 
3 1 0 3 3 0 0 1 15 12 13 4 4 1 0.727513 0.000000 
3 1 0 2 1 1 1 0 9 5 23 2 2 1 1.223068 0.000000 
3 1 0 2 2 1 0 1 10 9 11 3 3 1 1.594875 0.000000 
3 1 0 0 3 0 0 0 3 12 34 4 4 1 0.856084 0.000000 
3 1 0 3 3 3 1 1 15 15 3 4 4 1 0.842346 0.000000 
3 1 0 2 2 2 1 1 10 10 2 3 3 1 1.221274 0.000000 
3 1 0 1 2 2 1 0 6 10 20 3 3 1 0.681006 0.000000 
3 1 1 2 1 1 1 0 9 5 23 3 3 1 1.369550 0.000000 
3 1 0 1 2 2 1 0 6 10 20 3 3 1 2.719475 0.000000 
3 1 0 0 3 0 0 0 3 12 34 4 4 1 0.615681 0.000000 
3 1 1 1 2 1 0 0 6 9 42 2 2 1 1.483841 0.000000 
3 1 1 0 0 3 0 1 0 3 6 1 1 1 1.661101 0.000000 
3 1 0 1 2 1 0 0 6 9 42 3 3 1 1.207603 0.000000 
3 1 0 3 3 3 1 1 15 15 3 4 4 1 0.602992 0.000000 
3 1 0 0 0 0 1 1 0 0 0 1 1 1 0.695233 0.000000 
3 1 0 0 0 3 0 1 0 3 6 1 1 1 0.736063 0.000000 
3 1 0 0 3 3 1 0 3 15 18 4 4 1 1.126966 0.000000 
3 1 1 2 1 1 1 0 9 5 23 3 3 1 1.230714 0.000000 
3 1 0 1 1 1 1 1 5 5 1 2 2 1 1.098456 0.000000 
3 1 0 1 1 1 1 1 5 5 1 2 2 1 0.595467 0.000000 
3 1 0 1 1 1 1 1 5 5 1 2 2 1 0.615314 0.000000 
3 1 0 2 1 1 1 0 9 5 23 2 2 1 1.243501 0.000000 
3 1 1 3 0 3 0 0 12 3 99 4 4 1 1.654610 0.000000 
3 1 0 1 1 1 1 1 5 5 1 2 2 1 1.025150 0.000000 
3 1 0 1 2 2 1 0 6 10 20 3 3 1 0.708842 0.000000 
3 1 0 0 0 3 0 1 0 3 6 1 1 1 0.941050 0.000000 
3 1 0 2 2 1 0 1 10 9 11 3 3 1 0.867087 0.000000 
3 1 1 2 1 2 0 0 9 6 43 3 3 1 1.300573 0.000000 
3 1 0 0 0 0 1 1 0 0 0 1 1 1 0.716970 0.000000 
3 1 1 2 2 2 1 1 10 10 2 3 3 1 1.140563 0.000000 
3 1 0 2 1 2 0 0 9 6 43 2 1 0 1.091666 0.000000 
3 1 0 3 3 3 1 1 15 15 3 4 4 1 0.632634 0.000000 
3 1 0 3 3 0 0 1 15 12 13 4 4 1 0.691738 0.000000 
3 1 1 0 0 0 1 1 0 0 0 1 1 1 0.996563 0.000000 
3 1 1 2 2 1 0 1 10 9 11 3 3 1 1.360589 0.000000 
3 1 0 3 3 0 0 1 15 12 13 4 4 1 0.903064 0.000000 
3 1 0 0 3 3 1 0 3 15 18 4 4 1 0.551383 0.000000 
3 1 0 2 1 2 0 0 9 6 43 2 2 1 1.013534 0.000000 
3 1 1 3 0 0 1 0 12 0 25 4 4 1 2.073884 0.000000 
3 1 0 2 2 2 1 1 10 10 2 3 3 1 1.627958 0.000000 
3 1 0 2 2 1 0 1 10 9 11 3 3 1 1.014859 0.000000 
3 1 0 0 3 0 0 0 3 12 34 4 4 1 0.899209 0.000000 
3 1 0 3 0 3 0 0 12 3 99 1 1 1 2.596034 0.000000 
3 1 1 3 0 3 0 0 12 3 99 4 4 1 1.281745 0.000000 
3 1 1 0 0 3 0 1 0 3 6 1 1 1 1.011523 0.000000 
3 1 0 3 3 0 0 1 15 12 13 4 4 1 0.767839 0.000000 
3 1 0 0 0 0 1 1 0 0 0 1 1 1 0.693414 0.000000 
3 1 0 2 2 2 1 1 10 10 2 3 3 1 0.701244 0.000000 
3 1 1 1 1 2 0 1 5 6 8 2 2 1 1.477517 0.000000 
3 1 0 3 0 3 0 0 12 3 99 1 1 1 1.367369 0.000000 
3 1 0 0 3 3 1 0 3 15 18 4 4 1 0.997174 0.000000 
3 1 0 2 2 1 0 1 10 9 11 3 3 1 0.714131 0.000000 
3 1 1 1 1 1 1 1 5 5 1 2 2 1 0.986283 0.000000 
3 1 0 1 1 1 1 1 5 5 1 2 2 1 0.639340 0.000000 
3 1 1 1 1 1 1 1 5 5 1 2 2 1 0.977152 0.000000 
3 1 0 2 1 2 0 0 9 6 43 2 2 1 1.654871 0.000000 
3 1 0 0 3 0 0 0 3 12 34 4 4 1 0.873428 0.000000 
3 1 0 1 1 1 1 1 5 5 1 2 2 1 1.147056 0.000000 
3 1 0 3 3 3 1 1 15 15 3 4 4 1 0.530068 0.000000 
3 1 0 3 0 0 1 0 12 0 25 1 1 1 0.641526 0.000000 
3 1 1 0 0 3 0 1 0 3 6 1 1 1 1.219336 0.000000 
3 1 1 0 3 3 1 0 3 15 18 1 1 1 1.222472 0.000000 
3 1 0 1 1 1 1 1 5 5 1 2 2 1 0.682236 0.000000 
3 1 0 2 2 1 0 1 10 9 11 3 3 1 0.723736 0.000000 
3 1 0 0 3 3 1 0 3 15 18 4 4 1 1.187353 0.000000 
3 1 0 3 3 0 0 1 15 12 13 4 4 1 0.664331 0.000000 
3 1 1 3 3 0 0 1 15 12 13 4 4 1 1.098548 0.000000 
3 1 0 0 0 3 0 1 0 3 6 1 1 1 0.875607 0.000000 
3 1 1 1 2 1 0 0 6 9 42 2 3 0 1.084195 0.000000 
3 1 0 3 0 0 1 0 12 0 25 1 1 1 0.721253 0.000000 
3 1 1 1 2 1 0 0 6 9 42 2 2 1 1.664401 0.000000 
3 1 0 1 2 2 1 0 6 10 20 3 3 1 1.026866 0.000000 
3 1 1 2 1 2 0 0 9 6 43 3 3 1 1.470549 0.000000 
3 1 1 2 2 2 1 1 10 10 2 3 3 1 1.008430 0.000000 
3 1 1 2 1 1 1 0 9 5 23 3 3 1 1.107808 0.000000 
3 1 0 1 2 2 1 0 6 10 20 3 3 1 1.180164 0.000000 
3 1 1 3 3 0 0 1 15 12 13 4 4 1 0.977867 0.000000 
3 1 0 1 2 2 1 0 6 10 20 3 3 1 0.999537 0.000000 
3 1 1 1 2 1 0 0 6 9 42 2 2 1 1.628061 0.000000 
3 1 0 3 0 0 1 0 12 0 25 1 1 1 0.991753 0.000000 
3 1 1 0 3 0 0 0 3 12 34 1 1 1 1.019836 0.000000 
3 1 0 0 0 3 0 1 0 3 6 1 1 1 1.135424 0.000000 
3 1 0 2 1 1 1 0 9 5 23 2 2 1 0.814454 0.000000 
3 1 0 3 0 0 1 0 12 0 25 1 1 1 1.042677 0.000000 
3 1 1 1 1 1 1 1 5 5 1 2 2 1 1.077729 0.000000 
3 1 0 1 2 2 1 0 6 10 20 3 3 1 0.903424 0.000000 
3 1 1 1 2 1 0 0 6 9 42 2 2 1 1.527674 0.000000 
3 1 0 2 2 1 0 1 10 9 11 3 3 1 1.175568 0.000000 
3 1 0 0 3 3 1 0 3 15 18 4 4 1 0.908318 0.000000 
3 1 0 1 1 2 0 1 5 6 8 2 2 1 0.936516 0.000000 
3 1 0 2 1 2 0 0 9 6 43 2 2 1 2.187605 0.000000 
3 1 0 1 2 1 0 0 6 9 42 3 3 1 1.017037 0.000000 
3 1 0 2 1 1 1 0 9 5 23 2 2 1 1.060704 0.000000 
3 1 0 2 2 1 0 1 10 9 11 3 3 1 0.687020 0.000000 
3 1 0 1 1 2 0 1 5 6 8 2 2 1 0.847915 0.000000 
3 1 0 2 1 1 1 0 9 5 23 2 2 1 0.825782 0.000000 
3 1 1 2 1 1 1 0 9 5 23 3 3 1 1.389460 0.000000 
3 1 0 0 3 0 0 0 3 12 34 4 4 1 0.890594 0.000000 
3 1 0 3 3 0 0 1 15 12 13 4 4 1 0.651527 0.000000 
3 1 0 0 3 3 1 0 3 15 18 4 4 1 0.661728 0.000000 
3 1 0 0 3 3 1 0 3 15 18 4 4 1 0.503915 0.000000 
3 1 0 3 0 3 0 0 12 3 99 1 1 1 1.560090 0.000000 
3 1 0 0 3 0 0 0 3 12 34 4 4 1 0.813607 0.000000 
3 1 0 3 0 0 1 0 12 0 25 1 1 1 1.041852 0.000000 
3 1 0 1 1 1 1 1 5 5 1 2 2 1 0.732807 0.000000 
3 1 1 0 3 0 0 0 3 12 34 1 1 1 1.252231 0.000000 
3 1 0 3 3 3 1 1 15 15 3 4 4 1 0.798181 0.000000 
3 1 0 3 0 3 0 0 12 3 99 1 1 1 0.819094 0.000000 
3 1 0 3 0 0 1 0 12 0 25 1 1 1 1.053779 0.000000 
3 1 0 0 3 0 0 0 3 12 34 4 4 1 1.272068 0.000000 
3 1 1 1 2 1 0 0 6 9 42 2 2 1 1.241794 0.000000 
3 1 0 2 2 1 0 1 10 9 11 3 3 1 0.956822 0.000000 
3 1 0 0 3 3 1 0 3 15 18 4 4 1 0.603196 0.000000 
3 1 1 3 0 3 0 0 12 3 99 4 4 1 1.215381 0.000000 
3 1 0 2 1 1 1 0 9 5 23 2 2 1 1.443803 0.000000 
3 1 0 0 0 3 0 1 0 3 6 1 1 1 0.822893 0.000000 
3 1 0 2 1 2 0 0 9 6 43 2 2 1 0.913512 0.000000 
3 1 0 3 0 3 0 0 12 3 99 1 1 1 1.585878 0.000000 
3 1 0 1 2 1 0 0 6 9 42 3 3 1 0.743034 0.000000 
3 1 0 3 0 0 1 0 12 0 25 1 1 1 0.685945 0.000000 
3 1 0 2 1 2 0 0 9 6 43 2 2 1 0.974768 0.000000 
3 1 0 2 2 2 1 1 10 10 2 3 3 1 0.980415 0.000000 
3 1 0 0 3 3 1 0 3 15 18 4 4 1 0.737176 0.000000 
3 1 0 1 2 2 1 0 6 10 20 3 3 1 0.864007 0.000000 
3 1 0 3 0 0 1 0 12 0 25 1 1 1 0.818278 0.000000 
3 1 1 2 1 2 0 0 9 6 43 3 3 1 1.341874 0.000000 
3 1 0 2 2 2 1 1 10 10 2 3 3 1 0.644979 0.000000 
3 1 1 0 3 0 0 0 3 12 34 1 1 1 1.119859 0.000000 
3 1 0 1 1 1 1 1 5 5 1 2 2 1 0.719552 0.000000 
3 1 1 2 1 1 1 0 9 5 23 3 3 1 1.175106 0.000000 
3 1 0 1 1 1 1 1 5 5 1 2 2 1 0.707795 0.000000 
3 1 0 0 0 3 0 1 0 3 6 1 1 1 1.084059 0.000000 
3 1 0 0 3 3 1 0 3 15 18 4 4 1 1.173059 0.000000 
3 1 1 1 1 1 1 1 5 5 1 2 2 1 1.234810 0.000000 
3 1 0 2 1 1 1 0 9 5 23 2 2 1 0.997878 0.000000 
3 1 0 0 3 0 0 0 3 12 34 4 4 1 1.074908 0.000000 
3 1 0 1 2 1 0 0 6 9 42 3 3 1 0.835616 0.000000 
3 1 0 2 2 2 1 1 10 10 2 3 3 1 0.734358 0.000000 
3 1 0 1 1 1 1 1 5 5 1 2 2 1 0.701335 0.000000 
3 1 0 0 3 0 0 0 3 12 34 4 4 1 1.157629 0.000000 
3 1 0 2 2 2 1 1 10 10 2 3 3 1 0.787972 0.000000 
3 1 1 0 0 3 0 1 0 3 6 1 4 0 1.272921 0.000000 
3 1 0 2 2 1 0 1 10 9 11 3 3 1 0.886683 0.000000 
3 1 0 0 0 3 0 1 0 3 6 1 1 1 0.615080 0.000000 
3 1 0 3 3 3 1 1 15 15 3 4 4 1 0.570321 0.000000 
3 1 0 3 3 0 0 1 15 12 13 4 4 1 0.687819 0.000000 
3 1 0 1 2 2 1 0 6 10 20 3 3 1 0.784639 0.000000 
3 1 0 3 3 3 1 1 15 15 3 4 4 1 0.573580 0.000000 
3 1 0 3 0 0 1 0 12 0 25 1 1 1 0.803048 0.000000 
3 1 1 3 3 0 0 1 15 12 13 4 4 1 1.199336 0.000000 
3 1 0 0 0 3 0 1 0 3 6 1 1 1 0.691967 0.000000 
3 1 1 1 1 2 0 1 5 6 8 2 2 1 1.364628 0.000000 
3 1 0 3 0 3 0 0 12 3 99 1 1 1 1.018103 0.000000 
3 1 0 3 0 0 1 0 12 0 25 1 1 1 0.549752 0.000000 
3 1 1 2 2 2 1 1 10 10 2 3 3 1 1.004114 0.000000 
3 1 0 3 0 0 1 0 12 0 25 1 1 1 1.184268 0.000000 
3 1 1 0 0 3 0 1 0 3 6 1 1 1 1.421330 0.000000 
3 1 1 2 2 2 1 1 10 10 2 3 3 1 0.897112 0.000000 
3 1 0 1 1 2 0 1 5 6 8 2 2 1 1.161113 0.000000 
3 1 0 3 3 0 0 1 15 12 13 4 4 1 0.703464 0.000000 
3 1 0 0 0 3 0 1 0 3 6 1 1 1 0.671692 0.000000 
3 1 0 0 3 0 0 0 3 12 34 4 4 1 1.089264 0.000000 
3 1 0 3 3 0 0 1 15 12 13 4 4 1 0.610231 0.000000 
3 1 0 0 0 3 0 1 0 3 6 1 1 1 0.622421 0.000000 
3 1 0 2 2 2 1 1 10 10 2 3 3 1 0.617946 0.000000 
3 1 0 3 0 0 1 0 12 0 25 1 1 1 0.845379 0.000000 
3 1 0 1 2 1 0 0 6 9 42 3 3 1 0.919367 0.000000 
3 1 0 0 3 3 1 0 3 15 18 4 4 1 0.903008 0.000000 
3 1 0 2 1 1 1 0 9 5 23 2 2 1 1.095293 0.000000 
3 1 0 0 0 0 1 1 0 0 0 1 1 1 0.672335 0.000000 
3 1 0 3 3 0 0 1 15 12 13 4 4 1 0.697846 0.000000 
3 1 1 2 1 2 0 0 9 6 43 3 3 1 1.498745 0.000000 
3 1 0 1 1 1 1 1 5 5 1 2 2 1 0.627909 0.000000 
3 1 0 1 1 2 0 1 5 6 8 2 2 1 1.254435 0.000000 
3 1 0 1 1 1 1 1 5 5 1 2 2 1 0.624839 0.000000 
3 1 1 2 2 1 0 1 10 9 11 3 3 1 1.156357 0.000000 
3 1 1 1 1 2 0 1 5 6 8 2 2 1 1.202748 0.000000 
3 1 1 0 0 3 0 1 0 3 6 1 1 1 1.175220 0.000000 
3 1 0 2 2 1 0 1 10 9 11 3 3 1 0.732852 0.000000 
3 1 0 3 3 3 1 1 15 15 3 4 4 1 0.619994 0.000000 
3 1 0 0 0 0 1 1 0 0 0 1 1 1 0.551169 0.000000 
3 1 1 3 3 3 1 1 15 15 3 4 4 1 0.828407 0.000000 
3 2 0 1 1 1 1 1 5 5 1 2 2 1 2.051418 0.000000 
3 2 1 0 0 3 0 1 0 3 6 1 1 1 1.318266 0.000000 
3 2 1 2 1 2 0 0 9 6 43 3 2 0 1.174028 0.000000 
3 2 0 3 3 0 0 1 15 12 13 4 4 1 0.718831 0.000000 
3 2 0 2 2 1 0 1 10 9 11 3 3 1 0.973809 0.000000 
3 2 0 3 3 0 0 1 15 12 13 4 4 1 1.003519 0.000000 
3 2 0 0 3 0 0 0 3 12 34 4 4 1 0.711807 0.000000 
3 2 1 1 1 1 1 1 5 5 1 2 2 1 0.935970 0.000000 
3 2 0 0 3 3 1 0 3 15 18 4 4 1 1.159047 0.000000 
3 2 1 2 1 1 1 0 9 5 23 3 3 1 1.101398 0.000000 
3 2 0 1 2 1 0 0 6 9 42 3 3 1 1.469759 0.000000 
3 2 1 2 2 2 1 1 10 10 2 3 3 1 1.014614 0.000000 
3 2 0 3 0 3 0 0 12 3 99 1 1 1 1.594903 0.000000 
3 2 0 3 0 0 1 0 12 0 25 1 1 1 0.960187 0.000000 
3 2 0 2 2 2 1 1 10 10 2 3 3 1 0.846470 0.000000 
3 2 0 3 3 0 0 1 15 12 13 4 4 1 0.745398 0.000000 
3 2 0 3 0 0 1 0 12 0 25 1 1 1 1.128324 0.000000 
3 2 0 0 3 0 0 0 3 12 34 4 4 1 0.712016 0.000000 
3 2 0 3 3 3 1 1 15 15 3 4 4 1 0.495178 0.000000 
3 2 0 0 3 3 1 0 3 15 18 4 4 1 0.415929 0.000000 
3 2 1 0 3 0 0 0 3 12 34 1 1 1 1.075958 0.000000 
3 2 1 2 1 2 0 0 9 6 43 3 3 1 1.461800 0.000000 
3 2 0 1 2 2 1 0 6 10 20 3 3 1 0.904246 0.000000 
3 2 0 1 2 2 1 0 6 10 20 3 3 1 0.480578 0.000000 
3 2 0 1 1 2 0 1 5 6 8 2 2 1 0.993166 0.000000 
3 2 0 0 0 3 0 1 0 3 6 1 1 1 0.822035 0.000000 
3 2 0 2 2 1 0 1 10 9 11 3 3 1 0.737673 0.000000 
3 2 0 2 2 1 0 1 10 9 11 3 3 1 0.568442 0.000000 
3 2 0 3 0 0 1 0 12 0 25 1 1 1 0.742004 0.000000 
3 2 0 0 0 0 1 1 0 0 0 1 1 1 0.580904 0.000000 
3 2 1 3 3 0 0 1 15 12 13 4 4 1 1.098409 0.000000 
3 2 1 3 3 3 1 1 15 15 3 4 4 1 0.931415 0.000000 
3 2 0 3 0 0 1 0 12 0 25 1 1 1 0.987056 0.000000 
3 2 0 2 2 1 0 1 10 9 11 3 3 1 0.759022 0.000000 
3 2 0 1 2 1 0 0 6 9 42 3 3 1 0.605273 0.000000 
3 2 0 2 2 1 0 1 10 9 11 3 3 1 0.609480 0.000000 
3 2 0 0 0 0 1 1 0 0 0 1 1 1 0.653591 0.000000 
3 2 0 3 0 0 1 0 12 0 25 1 1 1 1.055829 0.000000 
3 2 0 0 3 3 1 0 3 15 18 4 4 1 0.642150 0.000000 
3 2 0 0 3 3 1 0 3 15 18 4 4 1 0.508994 0.000000 
3 2 0 2 2 2 1 1 10 10 2 3 3 1 0.868159 0.000000 
3 2 1 2 2 1 0 1 10 9 11 3 3 1 1.277773 0.000000 
3 2 0 3 3 0 0 1 15 12 13 4 4 1 0.839512 0.000000 
3 2 1 0 0 3 0 1 0 3 6 1 1 1 1.034457 0.000000 
3 2 1 2 2 1 0 1 10 9 11 3 3 1 1.021389 0.000000 
3 2 1 2 1 2 0 0 9 6 43 3 3 1 1.009109 0.000000 
3 2 0 1 1 1 1 1 5 5 1 2 2 1 0.885471 0.000000 
3 2 0 2 2 1 0 1 10 9 11 3 3 1 1.061439 0.000000 
3 2 1 2 1 1 1 0 9 5 23 3 3 1 1.631770 0.000000 
3 2 0 2 1 1 1 0 9 5 23 2 3 0 0.803664 0.000000 
3 2 0 1 1 1 1 1 5 5 1 2 2 1 1.211889 0.000000 
3 2 1 1 2 2 1 0 6 10 20 2 2 1 1.223808 0.000000 
3 2 0 2 1 1 1 0 9 5 23 2 2 1 1.891592 0.000000 
3 2 0 2 2 1 0 1 10 9 11 3 3 1 0.724942 0.000000 
3 2 0 2 2 2 1 1 10 10 2 3 3 1 0.851451 0.000000 
3 2 0 0 0 0 1 1 0 0 0 1 1 1 0.741799 0.000000 
3 2 0 0 0 3 0 1 0 3 6 1 1 1 0.580658 0.000000 
3 2 0 2 2 2 1 1 10 10 2 3 3 1 0.794102 0.000000 
3 2 1 3 3 0 0 1 15 12 13 4 4 1 1.079075 0.000000 
3 2 1 2 2 1 0 1 10 9 11 3 3 1 1.336729 0.000000 
3 2 1 1 1 1 1 1 5 5 1 2 2 1 0.903869 0.000000 
3 2 0 0 3 3 1 0 3 15 18 4 4 1 1.495225 0.000000 
3 2 0 0 0 0 1 1 0 0 0 1 1 1 0.576356 0.000000 
3 2 0 1 2 2 1 0 6 10 20 3 3 1 1.189815 0.000000 
3 2 0 3 3 3 1 1 15 15 3 4 4 1 0.682929 0.000000 
3 2 1 3 0 0 1 0 12 0 25 4 4 1 0.867953 0.000000 
3 2 0 1 2 2 1 0 6 10 20 3 3 1 1.421431 0.000000 
3 2 0 0 0 0 1 1 0 0 0 1 1 1 0.633160 0.000000 
3 2 0 0 0 3 0 1 0 3 6 1 1 1 0.851034 0.000000 
3 2 0 1 2 2 1 0 6 10 20 3 3 1 0.765357 0.000000 
3 2 0 1 2 1 0 0 6 9 42 3 3 1 0.955594 0.000000 
3 2 0 1 1 2 0 1 5 6 8 2 2 1 0.913848 0.000000 
3 2 0 2 2 1 0 1 10 9 11 3 3 1 0.714167 0.000000 
3 2 1 0 3 0 0 0 3 12 34 1 1 1 0.994392 0.000000 
3 2 0 0 3 3 1 0 3 15 18 4 4 1 0.751398 0.000000 
3 2 0 3 0 0 1 0 12 0 25 1 1 1 0.988670 0.000000 
3 2 0 3 3 3 1 1 15 15 3 4 4 1 0.665595 0.000000 
3 2 1 0 0 0 1 1 0 0 0 1 1 1 0.843784 0.000000 
3 2 0 1 1 1 1 1 5 5 1 2 2 1 0.798743 0.000000 
3 2 0 0 3 0 0 0 3 12 34 4 4 1 0.827632 0.000000 
3 2 0 1 1 1 1 1 5 5 1 2 2 1 0.615212 0.000000 
3 2 1 3 0 0 1 0 12 0 25 4 4 1 0.811395 0.000000 
3 2 0 1 1 2 0 1 5 6 8 2 3 0 0.759643 0.000000 
3 2 0 2 2 1 0 1 10 9 11 3 3 1 1.136862 0.000000 
3 2 0 1 2 2 1 0 6 10 20 3 3 1 1.495411 0.000000 
3 2 0 1 2 2 1 0 6 10 20 3 3 1 0.792587 0.000000 
3 2 1 0 0 3 0 1 0 3 6 1 1 1 1.069577 0.000000 
3 2 0 1 2 1 0 0 6 9 42 3 3 1 0.847189 0.000000 
3 2 0 0 3 0 0 0 3 12 34 4 4 1 1.106192 0.000000 
3 2 0 2 1 1 1 0 9 5 23 2 2 1 1.081599 0.000000 
3 2 0 1 1 2 0 1 5 6 8 2 2 1 1.291253 0.000000 
3 2 0 2 2 1 0 1 10 9 11 3 3 1 0.948290 0.000000 
3 2 0 3 3 0 0 1 15 12 13 4 4 1 0.715304 0.000000 
3 2 1 1 2 1 0 0 6 9 42 2 2 1 1.651540 0.000000 
3 2 0 1 2 2 1 0 6 10 20 3 3 1 0.774099 0.000000 
3 2 1 2 1 1 1 0 9 5 23 3 3 1 1.331683 0.000000 
3 2 1 0 3 0 0 0 3 12 34 1 1 1 1.130427 0.000000 
3 2 0 0 0 3 0 1 0 3 6 1 1 1 1.026198 0.000000 
3 2 0 1 1 2 0 1 5 6 8 2 2 1 1.677923 0.000000 
3 2 0 1 1 2 0 1 5 6 8 2 2 1 1.551832 0.000000 
3 2 0 3 0 0 1 0 12 0 25 1 1 1 1.142282 0.000000 
3 2 0 2 2 1 0 1 10 9 11 3 3 1 0.893374 0.000000 
3 2 0 3 0 0 1 0 12 0 25 1 1 1 0.822269 0.000000 
3 2 0 0 3 0 0 0 3 12 34 4 4 1 0.712888 0.000000 
3 2 0 3 3 0 0 1 15 12 13 4 4 1 0.649061 0.000000 
3 2 1 2 1 1 1 0 9 5 23 3 3 1 2.340044 0.000000 
3 2 0 3 3 3 1 1 15 15 3 4 4 1 0.699497 0.000000 
3 2 0 2 2 2 1 1 10 10 2 3 3 1 0.804178 0.000000 
3 2 0 3 0 0 1 0 12 0 25 1 1 1 0.879963 0.000000 
3 2 1 2 2 1 0 1 10 9 11 3 3 1 1.233557 0.000000 
3 2 0 1 2 1 0 0 6 9 42 3 3 1 1.083648 0.000000 
3 2 0 1 1 1 1 1 5 5 1 2 2 1 1.044623 0.000000 
3 2 0 0 3 0 0 0 3 12 34 4 4 1 0.743703 0.000000 
3 2 0 3 0 0 1 0 12 0 25 1 1 1 1.398616 0.000000 
3 2 0 0 0 3 0 1 0 3 6 1 1 1 0.755723 0.000000 
3 2 0 2 1 1 1 0 9 5 23 2 2 1 0.953947 0.000000 
3 2 0 0 3 0 0 0 3 12 34 4 4 1 1.200307 0.000000 
3 2 1 1 1 2 0 1 5 6 8 2 2 1 1.267698 0.000000 
3 2 1 3 0 3 0 0 12 3 99 4 4 1 1.109441 0.000000 
3 2 0 1 1 1 1 1 5 5 1 2 2 1 0.805821 0.000000 
3 2 1 3 3 3 1 1 15 15 3 4 4 1 0.874086 0.000000 
3 2 0 1 1 2 0 1 5 6 8 2 2 1 1.291708 0.000000 
3 2 0 0 0 3 0 1 0 3 6 1 1 1 0.804763 0.000000 
3 2 0 3 3 0 0 1 15 12 13 4 4 1 0.704975 0.000000 
3 2 1 0 0 3 0 1 0 3 6 1 1 1 0.928253 0.000000 
3 2 0 3 0 0 1 0 12 0 25 1 1 1 1.119918 0.000000 
3 2 0 3 0 3 0 0 12 3 99 1 4 0 0.831599 0.000000 
3 2 0 3 3 0 0 1 15 12 13 4 4 1 1.279212 0.000000 
3 2 1 1 1 1 1 1 5 5 1 2 2 1 1.072487 0.000000 
3 2 0 2 1 1 1 0 9 5 23 2 2 1 0.817252 0.000000 
3 2 0 2 2 2 1 1 10 10 2 3 3 1 0.788663 0.000000 
3 2 0 3 3 0 0 1 15 12 13 4 4 1 0.729664 0.000000 
3 2 0 3 0 3 0 0 12 3 99 1 1 1 0.849171 0.000000 
3 2 0 2 1 2 0 0 9 6 43 2 2 1 1.004022 0.000000 
3 2 1 2 1 2 0 0 9 6 43 3 3 1 1.320492 0.000000 
3 2 1 2 2 1 0 1 10 9 11 3 3 1 1.576300 0.000000 
3 2 0 3 0 3 0 0 12 3 99 1 1 1 1.118174 0.000000 
3 2 1 0 3 3 1 0 3 15 18 1 1 1 0.900873 0.000000 
3 2 0 0 0 0 1 1 0 0 0 1 1 1 0.661177 0.000000 
3 2 0 0 0 3 0 1 0 3 6 1 1 1 0.711352 0.000000 
3 2 0 2 1 2 0 0 9 6 43 2 2 1 0.855556 0.000000 
3 2 0 1 1 1 1 1 5 5 1 2 2 1 0.745834 0.000000 
3 2 0 1 1 2 0 1 5 6 8 2 2 1 0.736728 0.000000 
3 2 0 3 0 0 1 0 12 0 25 1 1 1 1.167635 0.000000 
3 2 0 0 3 0 0 0 3 12 34 4 4 1 0.693374 0.000000 
3 2 1 3 0 3 0 0 12 3 99 4 4 1 1.365233 0.000000 
3 2 0 2 2 1 0 1 10 9 11 3 3 1 1.059720 0.000000 
3 2 0 0 3 0 0 0 3 12 34 4 4 1 0.813985 0.000000 
3 2 0 1 1 1 1 1 5 5 1 2 2 1 0.706285 0.000000 
3 2 0 3 0 3 0 0 12 3 99 1 1 1 1.402524 0.000000 
3 2 0 2 1 2 0 0 9 6 43 2 2 1 1.399009 0.000000 
3 2 1 1 2 2 1 0 6 10 20 2 2 1 1.243001 0.000000 
3 2 0 3 0 0 1 0 12 0 25 1 1 1 1.158242 0.000000 
3 2 0 3 0 0 1 0 12 0 25 1 1 1 0.908604 0.000000 
3 2 0 0 0 0 1 1 0 0 0 1 1 1 0.676845 0.000000 
3 2 0 1 1 2 0 1 5 6 8 2 2 1 0.870379 0.000000 
3 2 0 2 2 2 1 1 10 10 2 3 3 1 0.848040 0.000000 
3 2 1 0 3 0 0 0 3 12 34 1 1 1 1.034964 0.000000 
3 2 0 0 0 0 1 1 0 0 0 1 1 1 0.541974 0.000000 
3 2 0 3 3 3 1 1 15 15 3 4 4 1 0.683724 0.000000 
3 2 1 0 0 0 1 1 0 0 0 1 1 1 0.980611 0.000000 
3 2 0 3 0 3 0 0 12 3 99 1 4 0 1.010326 0.000000 
3 2 0 1 2 2 1 0 6 10 20 3 3 1 1.634674 0.000000 
3 2 1 3 0 3 0 0 12 3 99 4 4 1 1.117408 0.000000 
3 2 0 1 2 1 0 0 6 9 42 3 3 1 0.892226 0.000000 
3 2 0 0 3 3 1 0 3 15 18 4 4 1 1.029080 0.000000 
3 2 0 0 3 0 0 0 3 12 34 4 4 1 0.784753 0.000000 
3 2 1 0 3 0 0 0 3 12 34 1 1 1 1.317690 0.000000 
3 2 1 1 2 2 1 0 6 10 20 2 2 1 1.309469 0.000000 
3 2 0 2 1 1 1 0 9 5 23 2 2 1 1.077899 0.000000 
3 2 1 2 2 1 0 1 10 9 11 3 3 1 1.535619 0.000000 
3 2 0 3 0 0 1 0 12 0 25 1 1 1 1.006796 0.000000 
3 2 0 0 0 3 0 1 0 3 6 1 1 1 0.714102 0.000000 
3 2 1 1 2 1 0 0 6 9 42 2 3 0 1.714390 0.000000 
3 2 0 3 0 0 1 0 12 0 25 1 1 1 1.030956 0.000000 
3 2 0 0 0 0 1 1 0 0 0 1 1 1 0.682165 0.000000 
3 2 0 1 2 2 1 0 6 10 20 3 3 1 0.835685 0.000000 
3 2 1 2 1 2 0 0 9 6 43 3 3 1 1.414613 0.000000 
3 2 0 1 2 2 1 0 6 10 20 3 3 1 1.002120 0.000000 
3 2 0 1 1 2 0 1 5 6 8 2 2 1 0.830365 0.000000 
3 2 0 2 1 1 1 0 9 5 23 2 2 1 0.753994 0.000000 
3 2 0 3 3 0 0 1 15 12 13 4 4 1 1.208269 0.000000 
3 2 0 1 2 2 1 0 6 10 20 3 3 1 0.900664 0.000000 
3 2 1 1 2 1 0 0 6 9 42 2 3 0 1.244915 0.000000 
3 2 0 3 3 3 1 1 15 15 3 4 4 1 0.684030 0.000000 
3 2 1 3 3 3 1 1 15 15 3 4 4 1 0.859441 0.000000 
3 2 0 0 0 0 1 1 0 0 0 1 1 1 0.845666 0.000000 
3 2 0 2 1 2 0 0 9 6 43 2 2 1 1.328607 0.000000 
3 2 0 1 2 2 1 0 6 10 20 3 3 1 0.736431 0.000000 
3 2 0 0 3 0 0 0 3 12 34 4 4 1 0.735289 0.000000 
3 2 0 2 2 2 1 1 10 10 2 3 3 1 0.694173 0.000000 
3 2 0 2 2 2 1 1 10 10 2 3 3 1 0.719088 0.000000 
3 3 0 1 1 2 0 1 5 6 8 2 2 1 1.478178 0.000000 
3 3 1 1 2 2 1 0 6 10 20 2 2 1 1.520097 0.000000 
3 3 1 1 2 1 0 0 6 9 42 2 2 1 1.176010 0.000000 
3 3 0 1 2 1 0 0 6 9 42 3 3 1 1.013748 0.000000 
3 3 1 2 2 2 1 1 10 10 2 3 3 1 1.169985 0.000000 
3 3 0 2 1 1 1 0 9 5 23 2 2 1 0.862769 0.000000 
3 3 0 3 0 3 0 0 12 3 99 1 4 0 1.265020 0.000000 
3 3 0 3 3 0 0 1 15 12 13 4 4 1 1.071512 0.000000 
3 3 0 2 1 2 0 0 9 6 43 2 1 0 1.696759 0.000000 
3 3 0 2 2 1 0 1 10 9 11 3 3 1 0.782004 0.000000 
3 3 0 3 0 0 1 0 12 0 25 1 1 1 1.019002 0.000000 
3 3 0 1 1 1 1 1 5 5 1 2 2 1 0.765741 0.000000 
3 3 0 3 0 3 0 0 12 3 99 1 1 1 0.755979 0.000000 
3 3 0 2 1 1 1 0 9 5 23 2 2 1 0.834209 0.000000 
3 3 1 0 0 0 1 1 0 0 0 1 1 1 0.884962 0.000000 
3 3 0 0 0 3 0 1 0 3 6 1 1 1 0.725445 0.000000 
3 3 0 3 3 0 0 1 15 12 13 4 4 1 0.956989 0.000000 
3 3 0 2 2 2 1 1 10 10 2 3 3 1 0.891313 0.000000 
3 3 0 1 1 1 1 1 5 5 1 2 2 1 0.692238 0.000000 
3 3 1 3 3 3 1 1 15 15 3 4 4 1 1.212016 0.000000 
3 3 0 1 1 1 1 1 5 5 1 2 2 1 0.656497 0.000000 
3 3 1 3 0 3 0 0 12 3 99 4 4 1 1.210690 0.000000 
3 3 1 1 1 2 0 1 5 6 8 2 2 1 1.199033 0.000000 
3 3 1 0 3 3 1 0 3 15 18 1 1 1 1.244026 0.000000 
3 3 0 0 0 3 0 1 0 3 6 1 1 1 0.742614 0.000000 
3 3 0 2 1 1 1 0 9 5 23 2 2 1 1.133532 0.000000 
3 3 0 1 1 1 1 1 5 5 1 2 2 1 0.667504 0.000000 
3 3 1 1 1 2 0 1 5 6 8 2 2 1 1.125057 0.000000 
3 3 0 0 3 3 1 0 3 15 18 4 4 1 1.332845 0.000000 
3 3 1 0 3 3 1 0 3 15 18 1 1 1 1.060057 0.000000 
3 3 1 3 3 0 0 1 15 12 13 4 4 1 1.022270 0.000000 
3 3 0 1 1 2 0 1 5 6 8 2 2 1 1.097978 0.000000 
3 3 0 0 3 3 1 0 3 15 18 4 4 1 0.882038 0.000000 
3 3 1 2 2 1 0 1 10 9 11 3 3 1 1.259622 0.000000 
3 3 0 2 2 2 1 1 10 10 2 3 3 1 0.845988 0.000000 
3 3 0 3 0 0 1 0 12 0 25 1 1 1 0.968953 0.000000 
3 3 0 2 1 2 0 0 9 6 43 2 2 1 0.974600 0.000000 
3 3 1 0 3 0 0 0 3 12 34 1 1 1 0.796254 0.000000 
3 3 0 0 3 3 1 0 3 15 18 4 4 1 0.761174 0.000000 
3 3 0 0 3 0 0 0 3 12 34 4 4 1 0.727396 0.000000 
3 3 1 1 2 1 0 0 6 9 42 2 2 1 1.237941 0.000000 
3 3 1 2 2 2 1 1 10 10 2 3 3 1 1.065000 0.000000 
3 3 1 1 1 2 0 1 5 6 8 2 2 1 1.131414 0.000000 
3 3 1 1 1 2 0 1 5 6 8 2 2 1 0.883036 0.000000 
3 3 0 1 1 2 0 1 5 6 8 2 2 1 1.316017 0.000000 
3 3 0 2 1 1 1 0 9 5 23 2 2 1 0.780014 0.000000 
3 3 0 2 1 1 1 0 9 5 23 2 2 1 0.809386 0.000000 
3 3 0 2 1 2 0 0 9 6 43 2 2 1 0.860654 0.000000 
3 3 0 2 2 1 0 1 10 9 11 3 3 1 1.174930 0.000000 
3 3 0 2 2 2 1 1 10 10 2 3 3 1 0.756626 0.000000 
3 3 0 1 1 1 1 1 5 5 1 2 2 1 1.002880 0.000000 
3 3 1 0 3 3 1 0 3 15 18 1 1 1 0.959211 0.000000 
3 3 0 0 3 3 1 0 3 15 18 4 1 0 0.549520 0.000000 
3 3 0 2 1 2 0 0 9 6 43 2 2 1 0.936036 0.000000 
3 3 1 3 3 0 0 1 15 12 13 4 4 1 1.237838 0.000000 
3 3 0 2 1 1 1 0 9 5 23 2 2 1 0.784626 0.000000 
3 3 0 0 0 3 0 1 0 3 6 1 1 1 0.733833 0.000000 
3 3 0 0 3 0 0 0 3 12 34 4 4 1 0.828738 0.000000 
3 3 0 2 1 2 0 0 9 6 43 2 2 1 0.984315 0.000000 
3 3 1 0 3 0 0 0 3 12 34 1 1 1 0.829291 0.000000 
3 3 1 0 0 3 0 1 0 3 6 1 1 1 0.936898 0.000000 
3 3 0 2 2 1 0 1 10 9 11 3 3 1 1.062850 0.000000 
3 3 0 2 2 1 0 1 10 9 11 3 3 1 0.785225 0.000000 
3 3 0 1 2 2 1 0 6 10 20 3 3 1 0.774076 0.000000 
3 3 0 2 2 1 0 1 10 9 11 3 3 1 0.739668 0.000000 
3 3 0 0 3 0 0 0 3 12 34 4 4 1 0.890584 0.000000 
3 3 0 0 3 0 0 0 3 12 34 4 4 1 0.547540 0.000000 
3 3 1 2 2 2 1 1 10 10 2 3 3 1 1.354350 0.000000 
3 3 0 2 1 2 0 0 9 6 43 2 2 1 1.031802 0.000000 
3 3 0 3 0 3 0 0 12 3 99 1 1 1 0.795485 0.000000 
3 3 0 2 2 2 1 1 10 10 2 3 3 1 0.832374 0.000000 
3 3 1 1 1 1 1 1 5 5 1 2 2 1 0.899953 0.000000 
3 3 0 3 3 3 1 1 15 15 3 4 4 1 0.676247 0.000000 
3 3 0 3 0 0 1 0 12 0 25 1 1 1 0.661786 0.000000 
3 3 0 1 1 2 0 1 5 6 8 2 2 1 0.968001 0.000000 
3 3 0 3 0 3 0 0 12 3 99 1 1 1 1.333662 0.000000 
3 3 0 0 3 0 0 0 3 12 34 4 4 1 0.891760 0.000000 
3 3 0 3 0 3 0 0 12 3 99 1 1 1 0.908767 0.000000 
3 3 0 3 0 0 1 0 12 0 25 1 1 1 0.853002 0.000000 
3 3 0 2 1 1 1 0 9 5 23 2 2 1 0.783277 0.000000 
3 3 0 2 1 2 0 0 9 6 43 2 2 1 0.796186 0.000000 
3 3 0 3 3 3 1 1 15 15 3 4 4 1 0.593039 0.000000 
3 3 1 1 1 2 0 1 5 6 8 2 2 1 1.213950 0.000000 
3 3 0 0 3 3 1 0 3 15 18 4 4 1 0.961324 0.000000 
3 3 0 3 0 3 0 0 12 3 99 1 1 1 0.759642 0.000000 
3 3 0 0 0 0 1 1 0 0 0 1 1 1 0.565877 0.000000 
3 3 0 0 3 0 0 0 3 12 34 4 4 1 0.723970 0.000000 
3 3 1 0 3 3 1 0 3 15 18 1 1 1 0.995601 0.000000 
3 3 0 2 1 1 1 0 9 5 23 2 2 1 0.744547 0.000000 
3 3 0 1 2 1 0 0 6 9 42 3 3 1 1.039473 0.000000 
3 3 0 3 0 3 0 0 12 3 99 1 1 1 0.890474 0.000000 
3 3 0 0 0 0 1 1 0 0 0 1 1 1 0.522407 0.000000 
3 3 0 1 2 2 1 0 6 10 20 3 3 1 0.977838 0.000000 
3 3 1 2 2 1 0 1 10 9 11 3 3 1 1.191530 0.000000 
3 3 0 3 0 0 1 0 12 0 25 1 1 1 1.196625 0.000000 
3 3 1 0 3 0 0 0 3 12 34 1 1 1 0.905687 0.000000 
3 3 1 0 3 0 0 0 3 12 34 1 1 1 0.817931 0.000000 
3 3 1 3 3 3 1 1 15 15 3 4 4 1 1.101557 0.000000 
3 3 0 3 3 0 0 1 15 12 13 4 4 1 1.004919 0.000000 
3 3 0 2 2 1 0 1 10 9 11 3 3 1 0.737236 0.000000 
3 3 0 1 1 1 1 1 5 5 1 2 2 1 0.656143 0.000000 
3 3 1 0 0 0 1 1 0 0 0 1 1 1 0.730278 0.000000 
3 3 1 3 0 3 0 0 12 3 99 4 4 1 0.761882 0.000000 
3 3 0 1 1 2 0 1 5 6 8 2 2 1 0.920055 0.000000 
3 3 0 0 0 0 1 1 0 0 0 1 1 1 0.775764 0.000000 
3 3 1 0 3 0 0 0 3 12 34 1 1 1 1.124337 0.000000 
3 3 0 1 2 2 1 0 6 10 20 3 3 1 0.844005 0.000000 
3 3 0 0 0 0 1 1 0 0 0 1 1 1 0.582960 0.000000 
3 3 0 3 3 0 0 1 15 12 13 4 4 1 0.756017 0.000000 
3 3 0 0 0 3 0 1 0 3 6 1 1 1 0.641993 0.000000 
3 3 0 3 3 3 1 1 15 15 3 4 4 1 0.660834 0.000000 
3 3 0 1 2 2 1 0 6 10 20 3 3 1 1.151028 0.000000 
3 3 1 3 3 0 0 1 15 12 13 4 4 1 0.957442 0.000000 
3 3 0 2 1 1 1 0 9 5 23 2 2 1 0.890764 0.000000 
3 3 0 0 0 0 1 1 0 0 0 1 1 1 0.595695 0.000000 
3 3 0 3 3 0 0 1 15 12 13 4 4 1 0.696533 0.000000 
3 3 0 2 1 2 0 0 9 6 43 2 2 1 0.937399 0.000000 
3 3 1 3 0 0 1 0 12 0 25 4 4 1 1.064379 0.000000 
3 3 0 3 3 3 1 1 15 15 3 4 4 1 0.674695 0.000000 
3 3 1 2 1 2 0 0 9 6 43 3 3 1 1.275355 0.000000 
3 3 0 0 0 0 1 1 0 0 0 1 1 1 0.621001 0.000000 
3 3 0 1 1 2 0 1 5 6 8 2 2 1 1.000559 0.000000 
3 3 0 3 0 3 0 0 12 3 99 1 1 1 1.012882 0.000000 
3 3 0 1 2 1 0 0 6 9 42 3 3 1 0.865208 0.000000 
3 3 1 1 1 2 0 1 5 6 8 2 2 1 1.067469 0.000000 
3 3 1 0 3 0 0 0 3 12 34 1 1 1 0.909172 0.000000 
3 3 1 0 3 3 1 0 3 15 18 1 1 1 2.141512 0.000000 
3 3 0 3 3 3 1 1 15 15 3 4 4 1 0.675870 0.000000 
3 3 0 2 1 1 1 0 9 5 23 2 2 1 0.765414 0.000000 
3 3 0 2 2 2 1 1 10 10 2 3 3 1 0.843610 0.000000 
3 3 0 0 0 3 0 1 0 3 6 1 1 1 0.846471 0.000000 
3 3 0 1 1 1 1 1 5 5 1 2 2 1 0.761500 0.000000 
3 3 1 2 1 1 1 0 9 5 23 3 3 1 1.423789 0.000000 
3 3 0 1 2 2 1 0 6 10 20 3 3 1 1.195561 0.000000 
3 3 0 3 0 3 0 0 12 3 99 1 1 1 0.775637 0.000000 
3 3 0 1 2 2 1 0 6 10 20 3 3 1 1.605245 0.000000 
3 3 0 1 1 1 1 1 5 5 1 2 2 1 0.673767 0.000000 
3 3 1 3 3 3 1 1 15 15 3 4 4 1 1.043222 0.000000 
3 3 0 2 2 1 0 1 10 9 11 3 3 1 0.950306 0.000000 
3 3 0 2 2 2 1 1 10 10 2 3 3 1 0.652620 0.000000 
3 3 0 1 1 2 0 1 5 6 8 2 2 1 1.038841 0.000000 
3 3 0 2 1 1 1 0 9 5 23 2 2 1 0.736803 0.000000 
3 3 0 3 0 0 1 0 12 0 25 1 1 1 0.887702 0.000000 
3 3 0 2 1 1 1 0 9 5 23 2 2 1 1.000677 0.000000 
3 3 0 3 0 0 1 0 12 0 25 1 1 1 0.636991 0.000000 
3 3 1 1 1 1 1 1 5 5 1 2 2 1 1.087799 0.000000 
3 3 0 3 3 3 1 1 15 15 3 4 4 1 0.712862 0.000000 
3 3 1 0 3 0 0 0 3 12 34 1 1 1 0.953101 0.000000 
3 3 0 2 1 2 0 0 9 6 43 2 2 1 0.966382 0.000000 
3 3 0 0 0 3 0 1 0 3 6 1 1 1 0.676069 0.000000 
3 3 0 3 3 0 0 1 15 12 13 4 4 1 0.685584 0.000000 
3 3 1 3 0 0 1 0 12 0 25 4 4 1 1.126465 0.000000 
3 3 0 3 0 3 0 0 12 3 99 1 1 1 0.774162 0.000000 
3 3 0 0 3 3 1 0 3 15 18 4 4 1 1.427788 0.000000 
3 3 0 1 1 2 0 1 5 6 8 2 2 1 1.463587 0.000000 
3 3 0 1 1 1 1 1 5 5 1 2 2 1 0.642037 0.000000 
3 3 0 1 2 1 0 0 6 9 42 3 3 1 0.763907 0.000000 
3 3 0 1 1 2 0 1 5 6 8 2 2 1 0.938184 0.000000 
3 3 0 1 2 2 1 0 6 10 20 3 3 1 0.809104 0.000000 
3 3 1 2 2 1 0 1 10 9 11 3 3 1 1.077347 0.000000 
3 3 0 0 0 0 1 1 0 0 0 1 1 1 1.743054 0.000000 
3 3 0 3 0 0 1 0 12 0 25 1 1 1 0.614331 0.000000 
3 3 0 2 2 2 1 1 10 10 2 3 3 1 0.953538 0.000000 
3 3 0 1 1 2 0 1 5 6 8 2 2 1 0.799851 0.000000 
3 3 0 0 3 0 0 0 3 12 34 4 4 1 0.756042 0.000000 
3 3 0 1 1 2 0 1 5 6 8 2 2 1 1.122326 0.000000 
3 3 1 3 3 0 0 1 15 12 13 4 4 1 1.058005 0.000000 
3 3 0 1 1 1 1 1 5 5 1 2 2 1 0.700358 0.000000 
3 3 1 1 1 1 1 1 5 5 1 2 2 1 1.052583 0.000000 
3 3 0 3 0 0 1 0 12 0 25 1 1 1 0.646903 0.000000 
3 3 0 3 3 0 0 1 15 12 13 4 4 1 0.704729 0.000000 
3 3 0 3 3 3 1 1 15 15 3 4 4 1 0.760974 0.000000 
3 3 0 2 1 1 1 0 9 5 23 2 2 1 1.247238 0.000000 
3 3 0 1 2 2 1 0 6 10 20 3 3 1 0.658294 0.000000 
3 3 0 1 1 1 1 1 5 5 1 2 2 1 0.692447 0.000000 
3 3 0 0 3 3 1 0 3 15 18 4 4 1 1.101388 0.000000 
3 3 1 3 3 3 1 1 15 15 3 4 4 1 1.501716 0.000000 
3 3 0 0 3 3 1 0 3 15 18 4 4 1 0.973265 0.000000 
3 3 0 2 1 1 1 0 9 5 23 2 2 1 1.314924 0.000000 
3 3 0 2 2 1 0 1 10 9 11 3 3 1 0.755356 0.000000 
3 3 0 0 3 0 0 0 3 12 34 4 4 1 0.945603 0.000000 
3 3 0 0 0 3 0 1 0 3 6 1 1 1 0.832567 0.000000 
3 3 0 3 3 0 0 1 15 12 13 4 4 1 0.707973 0.000000 
3 3 0 1 2 2 1 0 6 10 20 3 3 1 0.756307 0.000000 
3 3 0 3 3 3 1 1 15 15 3 4 4 1 0.641588 0.000000 
3 3 0 2 1 2 0 0 9 6 43 2 2 1 1.692426 0.000000 
3 3 0 0 3 0 0 0 3 12 34 4 4 1 0.725716 0.000000 
3 3 0 3 0 0 1 0 12 0 25 1 1 1 0.853228 0.000000 
3 3 1 0 0 3 0 1 0 3 6 1 1 1 1.071541 0.000000 
3 3 0 1 2 2 1 0 6 10 20 3 3 1 0.993210 0.000000 
3 3 0 2 2 1 0 1 10 9 11 3 3 1 0.717290 0.000000 
3 3 0 0 0 3 0 1 0 3 6 1 1 1 0.532752 0.000000 
3 4 1 2 2 1 0 1 10 9 11 3 3 1 1.595023 0.000000 
3 4 1 1 1 2 0 1 5 6 8 2 2 1 2.311788 0.000000 
3 4 0 3 0 0 1 0 12 0 25 1 1 1 1.016569 0.000000 
3 4 1 2 2 1 0 1 10 9 11 3 3 1 1.172246 0.000000 
3 4 1 0 0 0 1 1 0 0 0 1 1 1 0.897965 0.000000 
3 4 0 0 3 0 0 0 3 12 34 4 4 1 0.810926 0.000000 
3 4 0 3 3 3 1 1 15 15 3 4 4 1 0.590132 0.000000 
3 4 0 3 3 3 1 1 15 15 3 4 4 1 0.474980 0.000000 
3 4 0 0 3 3 1 0 3 15 18 4 4 1 0.716479 0.000000 
3 4 0 0 3 0 0 0 3 12 34 4 4 1 0.635995 0.000000 
3 4 0 3 0 3 0 0 12 3 99 1 1 1 1.006890 0.000000 
3 4 0 2 2 2 1 1 10 10 2 3 3 1 0.675176 0.000000 
3 4 0 1 2 1 0 0 6 9 42 3 3 1 0.748725 0.000000 
3 4 1 2 2 2 1 1 10 10 2 3 3 1 1.171652 0.000000 
3 4 0 0 3 0 0 0 3 12 34 4 4 1 0.952319 0.000000 
3 4 0 2 1 2 0 0 9 6 43 2 2 1 1.046645 0.000000 
3 4 1 0 3 0 0 0 3 12 34 1 1 1 1.121660 0.000000 
3 4 0 1 1 2 0 1 5 6 8 2 2 1 1.609435 0.000000 
3 4 0 2 2 2 1 1 10 10 2 3 3 1 0.789903 0.000000 
3 4 0 1 1 2 0 1 5 6 8 2 2 1 0.866845 0.000000 
3 4 0 3 0 0 1 0 12 0 25 1 1 1 1.059506 0.000000 
3 4 1 1 1 1 1 1 5 5 1 2 2 1 1.005811 0.000000 
3 4 1 3 0 0 1 0 12 0 25 4 4 1 0.930053 0.000000 
3 4 0 2 1 1 1 0 9 5 23 2 2 1 0.785760 0.000000 
3 4 0 1 1 1 1 1 5 5 1 2 2 1 0.598670 0.000000 
3 4 0 2 2 1 0 1 10 9 11 3 3 1 0.699506 0.000000 
3 4 0 0 3 3 1 0 3 15 18 4 4 1 1.139980 0.000000 
3 4 1 1 2 1 0 0 6 9 42 2 2 1 1.714793 0.000000 
3 4 0 2 1 2 0 0 9 6 43 2 2 1 1.074325 0.000000 
3 4 1 2 2 2 1 1 10 10 2 3 3 1 0.987997 0.000000 
3 4 1 3 0 0 1 0 12 0 25 4 4 1 0.808973 0.000000 
3 4 0 1 2 2 1 0 6 10 20 3 3 1 1.133332 0.000000 
3 4 0 3 3 0 0 1 15 12 13 4 4 1 0.732347 0.000000 
3 4 0 0 0 3 0 1 0 3 6 1 1 1 1.211946 0.000000 
3 4 0 2 1 2 0 0 9 6 43 2 2 1 0.992295 0.000000 
3 4 0 3 3 3 1 1 15 15 3 4 4 1 0.684279 0.000000 
3 4 0 0 3 3 1 0 3 15 18 4 4 1 0.597193 0.000000 
3 4 0 3 0 3 0 0 12 3 99 1 1 1 0.714009 0.000000 
3 4 1 2 2 1 0 1 10 9 11 3 3 1 1.098204 0.000000 
3 4 1 2 2 2 1 1 10 10 2 3 3 1 1.123242 0.000000 
3 4 0 3 3 0 0 1 15 12 13 4 4 1 0.706977 0.000000 
3 4 0 2 2 1 0 1 10 9 11 3 3 1 0.811142 0.000000 
3 4 0 0 0 3 0 1 0 3 6 1 1 1 0.774427 0.000000 
3 4 0 0 3 0 0 0 3 12 34 4 4 1 0.603975 0.000000 
3 4 0 2 1 1 1 0 9 5 23 2 2 1 1.056191 0.000000 
3 4 0 2 1 2 0 0 9 6 43 2 2 1 0.650473 0.000000 
3 4 0 2 2 2 1 1 10 10 2 3 3 1 0.828678 0.000000 
3 4 1 1 1 2 0 1 5 6 8 2 2 1 1.312303 0.000000 
3 4 0 1 1 1 1 1 5 5 1 2 2 1 0.720717 0.000000 
3 4 0 3 0 0 1 0 12 0 25 1 1 1 0.743197 0.000000 
3 4 1 0 0 0 1 1 0 0 0 1 1 1 0.886171 0.000000 
3 4 0 1 2 1 0 0 6 9 42 3 3 1 0.911071 0.000000 
3 4 1 3 0 0 1 0 12 0 25 4 4 1 1.063397 0.000000 
3 4 0 3 0 3 0 0 12 3 99 1 1 1 0.793766 0.000000 
3 4 0 2 2 2 1 1 10 10 2 3 3 1 0.662653 0.000000 
3 4 0 2 1 1 1 0 9 5 23 2 2 1 0.776800 0.000000 
3 4 0 3 3 0 0 1 15 12 13 4 4 1 0.734416 0.000000 
3 4 1 2 2 2 1 1 10 10 2 3 3 1 1.500318 0.000000 
3 4 1 0 3 3 1 0 3 15 18 1 1 1 0.844851 0.000000 
3 4 0 2 2 2 1 1 10 10 2 3 3 1 0.727763 0.000000 
3 4 0 2 2 2 1 1 10 10 2 3 3 1 0.855324 0.000000 
3 4 0 0 3 0 0 0 3 12 34 4 4 1 0.793617 0.000000 
3 4 0 2 1 2 0 0 9 6 43 2 2 1 1.006517 0.000000 
3 4 0 0 0 0 1 1 0 0 0 1 1 1 0.618795 0.000000 
3 4 0 1 2 1 0 0 6 9 42 3 3 1 1.389341 0.000000 
3 4 0 3 0 0 1 0 12 0 25 1 1 1 0.874507 0.000000 
3 4 0 2 2 1 0 1 10 9 11 3 3 1 0.716005 0.000000 
3 4 0 0 0 3 0 1 0 3 6 1 1 1 0.780130 0.000000 
3 4 0 0 3 3 1 0 3 15 18 4 4 1 0.633219 0.000000 
3 4 0 3 3 3 1 1 15 15 3 4 4 1 0.515993 0.000000 
3 4 0 1 2 2 1 0 6 10 20 3 3 1 0.716013 0.000000 
3 4 1 0 0 0 1 1 0 0 0 1 1 1 0.994833 0.000000 
3 4 0 1 2 1 0 0 6 9 42 3 3 1 0.823737 0.000000 
3 4 0 2 2 1 0 1 10 9 11 3 3 1 0.731349 0.000000 
3 4 0 3 3 3 1 1 15 15 3 4 4 1 0.722884 0.000000 
3 4 0 0 3 0 0 0 3 12 34 4 4 1 0.618467 0.000000 
3 4 0 3 3 0 0 1 15 12 13 4 4 1 0.589951 0.000000 
3 4 0 0 3 0 0 0 3 12 34 4 4 1 0.586804 0.000000 
3 4 0 0 0 0 1 1 0 0 0 1 1 1 0.951631 0.000000 
3 4 0 1 1 2 0 1 5 6 8 2 2 1 0.836962 0.000000 
3 4 0 3 3 0 0 1 15 12 13 4 4 1 0.703802 0.000000 
3 4 0 1 2 1 0 0 6 9 42 3 3 1 0.719997 0.000000 
3 4 0 0 0 0 1 1 0 0 0 1 1 1 0.647624 0.000000 
3 4 0 1 2 2 1 0 6 10 20 3 3 1 0.738471 0.000000 
3 4 0 2 2 1 0 1 10 9 11 3 3 1 0.625331 0.000000 
3 4 0 0 3 3 1 0 3 15 18 4 4 1 0.772889 0.000000 
3 4 1 3 3 0 0 1 15 12 13 4 4 1 1.162452 0.000000 
3 4 0 3 3 0 0 1 15 12 13 4 4 1 0.783778 0.000000 
3 4 0 2 2 1 0 1 10 9 11 3 3 1 0.732724 0.000000 
3 4 0 3 3 3 1 1 15 15 3 4 4 1 0.628096 0.000000 
3 4 0 2 1 2 0 0 9 6 43 2 2 1 1.271098 0.000000 
3 4 0 0 0 3 0 1 0 3 6 1 1 1 0.952912 0.000000 
3 4 0 3 3 3 1 1 15 15 3 4 4 1 0.663204 0.000000 
3 4 1 2 1 1 1 0 9 5 23 3 3 1 1.473446 0.000000 
3 4 0 1 1 2 0 1 5 6 8 2 3 0 0.898250 0.000000 
3 4 0 1 2 1 0 0 6 9 42 3 3 1 0.846985 0.000000 
3 4 0 1 1 2 0 1 5 6 8 2 2 1 0.921681 0.000000 
3 4 1 1 1 1 1 1 5 5 1 2 2 1 1.113302 0.000000 
3 4 0 0 3 3 1 0 3 15 18 4 4 1 0.849683 0.000000 
3 4 0 1 1 2 0 1 5 6 8 2 2 1 1.052188 0.000000 
3 4 1 0 0 3 0 1 0 3 6 1 1 1 0.974296 0.000000 
3 4 0 1 2 1 0 0 6 9 42 3 3 1 0.946921 0.000000 
3 4 1 2 1 1 1 0 9 5 23 3 3 1 1.033901 0.000000 
3 4 0 3 0 0 1 0 12 0 25 1 1 1 1.036921 0.000000 
3 4 0 0 0 3 0 1 0 3 6 1 1 1 0.759942 0.000000 
3 4 0 1 2 1 0 0 6 9 42 3 3 1 0.854153 0.000000 
3 4 1 2 2 1 0 1 10 9 11 3 3 1 1.072434 0.000000 
3 4 0 3 0 3 0 0 12 3 99 1 1 1 0.858055 0.000000 
3 4 1 2 1 2 0 0 9 6 43 3 3 1 1.235370 0.000000 
3 4 1 0 0 0 1 1 0 0 0 1 1 1 0.750470 0.000000 
3 4 0 3 3 3 1 1 15 15 3 4 4 1 0.780709 0.000000 
3 4 0 2 2 1 0 1 10 9 11 3 3 1 0.706282 0.000000 
3 4 0 0 0 3 0 1 0 3 6 1 1 1 0.714497 0.000000 
3 4 0 0 3 3 1 0 3 15 18 4 4 1 0.786709 0.000000 
3 4 1 3 0 0 1 0 12 0 25 4 4 1 1.215608 0.000000 
3 4 0 3 0 0 1 0 12 0 25 1 1 1 0.971971 0.000000 
3 4 0 2 2 1 0 1 10 9 11 3 3 1 0.808666 0.000000 
3 4 0 2 2 2 1 1 10 10 2 3 3 1 0.716917 0.000000 
3 4 0 3 3 0 0 1 15 12 13 4 4 1 0.748457 0.000000 
3 4 1 2 1 1 1 0 9 5 23 3 3 1 1.115344 0.000000 
3 4 0 1 1 1 1 1 5 5 1 2 2 1 0.899740 0.000000 
3 4 1 3 0 0 1 0 12 0 25 4 4 1 0.979993 0.000000 
3 4 1 0 0 0 1 1 0 0 0 1 1 1 0.849657 0.000000 
3 4 0 3 0 0 1 0 12 0 25 1 1 1 0.891155 0.000000 
3 4 0 0 3 0 0 0 3 12 34 4 4 1 0.763879 0.000000 
3 4 0 2 2 2 1 1 10 10 2 3 3 1 0.658042 0.000000 
3 4 0 1 1 2 0 1 5 6 8 2 2 1 1.020368 0.000000 
3 4 0 0 0 3 0 1 0 3 6 1 1 1 0.879968 0.000000 
3 4 0 3 0 3 0 0 12 3 99 1 1 1 0.713565 0.000000 
3 4 1 2 1 1 1 0 9 5 23 3 3 1 1.081792 0.000000 
3 4 0 2 1 1 1 0 9 5 23 2 2 1 0.986484 0.000000 
3 4 0 1 2 1 0 0 6 9 42 3 3 1 0.775461 0.000000 
3 4 0 0 3 3 1 0 3 15 18 4 4 1 0.701015 0.000000 
3 4 0 3 3 0 0 1 15 12 13 4 4 1 0.645253 0.000000 
3 4 0 3 0 0 1 0 12 0 25 1 1 1 0.560039 0.000000 
3 4 0 3 3 0 0 1 15 12 13 4 4 1 1.270286 0.000000 
3 4 0 0 3 0 0 0 3 12 34 4 4 1 0.632004 0.000000 
3 4 0 1 1 1 1 1 5 5 1 2 2 1 0.803541 0.000000 
3 4 1 1 1 1 1 1 5 5 1 2 2 1 1.062775 0.000000 
3 4 0 0 0 0 1 1 0 0 0 1 1 1 0.705138 0.000000 
3 4 0 1 2 1 0 0 6 9 42 3 3 1 0.785353 0.000000 
3 4 0 1 1 1 1 1 5 5 1 2 2 1 0.822266 0.000000 
3 4 0 0 0 3 0 1 0 3 6 1 1 1 0.761849 0.000000 
3 4 0 1 1 1 1 1 5 5 1 2 2 1 0.680018 0.000000 
3 4 0 1 2 2 1 0 6 10 20 3 3 1 0.785621 0.000000 
3 4 1 2 1 1 1 0 9 5 23 3 3 1 1.285553 0.000000 
3 4 1 0 3 0 0 0 3 12 34 1 1 1 1.238645 0.000000 
3 4 0 3 3 3 1 1 15 15 3 4 4 1 0.761705 0.000000 
3 4 0 2 2 1 0 1 10 9 11 3 3 1 0.839935 0.000000 
3 4 0 0 3 0 0 0 3 12 34 4 4 1 0.962899 0.000000 
3 4 0 0 3 3 1 0 3 15 18 4 4 1 0.857187 0.000000 
3 4 1 1 1 1 1 1 5 5 1 2 2 1 1.107454 0.000000 
3 4 0 2 1 1 1 0 9 5 23 2 2 1 0.714862 0.000000 
3 4 0 0 0 3 0 1 0 3 6 1 1 1 1.187016 0.000000 
3 4 1 3 3 3 1 1 15 15 3 4 4 1 0.936053 0.000000 
3 4 0 1 1 2 0 1 5 6 8 2 2 1 1.055036 0.000000 
3 4 0 2 1 2 0 0 9 6 43 2 2 1 1.177452 0.000000 
3 4 0 3 0 0 1 0 12 0 25 1 1 1 0.839156 0.000000 
3 4 1 1 1 1 1 1 5 5 1 2 2 1 1.058027 0.000000 
3 4 0 3 0 0 1 0 12 0 25 1 1 1 0.788453 0.000000 
3 4 0 1 1 1 1 1 5 5 1 2 2 1 0.760329 0.000000 
3 4 0 0 0 3 0 1 0 3 6 1 1 1 0.814591 0.000000 
3 4 1 2 1 2 0 0 9 6 43 3 3 1 1.386837 0.000000 
3 4 0 1 2 2 1 0 6 10 20 3 3 1 0.951971 0.000000 
3 4 1 2 2 1 0 1 10 9 11 3 3 1 1.398287 0.000000 
3 4 0 3 0 3 0 0 12 3 99 1 1 1 1.027443 0.000000 
3 4 1 1 2 2 1 0 6 10 20 2 2 1 1.262031 0.000000 
3 4 1 3 3 3 1 1 15 15 3 4 4 1 1.096529 0.000000 
3 4 0 1 1 2 0 1 5 6 8 2 2 1 0.961563 0.000000 
3 4 0 2 2 2 1 1 10 10 2 3 3 1 0.775856 0.000000 
3 4 0 1 2 2 1 0 6 10 20 3 3 1 0.765442 0.000000 
3 4 0 1 2 2 1 0 6 10 20 3 3 1 0.603647 0.000000 
3 4 1 0 3 0 0 0 3 12 34 1 1 1 0.975815 0.000000 
3 4 0 3 0 0 1 0 12 0 25 1 1 1 0.733494 0.000000 
3 4 0 0 3 0 0 0 3 12 34 4 4 1 1.035402 0.000000 
3 4 0 0 3 0 0 0 3 12 34 4 4 1 0.734388 0.000000 
3 4 0 3 0 0 1 0 12 0 25 1 1 1 0.821284 0.000000 
3 4 0 2 1 1 1 0 9 5 23 2 2 1 0.720874 0.000000 
3 4 1 3 3 0 0 1 15 12 13 4 4 1 1.168435 0.000000 
3 4 0 3 0 0 1 0 12 0 25 1 1 1 0.910153 0.000000 
3 4 1 1 2 1 0 0 6 9 42 2 2 1 1.253495 0.000000 
3 4 0 0 3 0 0 0 3 12 34 4 4 1 0.903829 0.000000 
3 4 1 3 3 3 1 1 15 15 3 4 4 1 0.944152 0.000000 
3 4 0 0 3 3 1 0 3 15 18 4 4 1 1.007159 0.000000 
3 4 1 1 2 1 0 0 6 9 42 2 2 1 1.035444 0.000000 
3 4 0 3 0 3 0 0 12 3 99 1 1 1 0.766459 0.000000 
3 4 0 1 2 1 0 0 6 9 42 3 3 1 1.116014 0.000000 
3 4 0 1 1 2 0 1 5 6 8 2 2 1 0.819969 0.000000 
3 4 0 2 1 2 0 0 9 6 43 2 2 1 0.806296 0.000000 
3 4 0 0 3 0 0 0 3 12 34 4 4 1 0.986622 0.000000 
3 4 0 1 1 1 1 1 5 5 1 2 2 1 0.767583 0.000000 
3 4 1 1 1 1 1 1 5 5 1 2 2 1 1.021145 0.000000 
