8 1 0 0 1 1 1 0 1 5 16 2 2 1 2.241596 0.000000 
8 1 0 1 1 1 1 1 5 5 1 2 2 1 0.932695 0.000000 
8 1 1 0 1 0 0 0 1 4 28 1 1 1 0.475071 0.000000 
8 1 0 3 2 3 0 0 14 11 99 3 4 0 1.548150 0.000000 
8 1 0 0 1 0 0 0 1 4 28 2 2 1 0.742983 0.000000 
8 1 1 1 0 1 0 0 4 1 39 2 2 1 1.661732 0.000000 
8 1 0 3 3 3 1 1 15 15 3 4 4 1 0.632261 0.000000 
8 1 0 3 3 2 0 1 15 14 15 4 4 1 0.699747 0.000000 
8 1 0 1 0 0 1 0 4 0 19 1 1 1 0.724114 0.000000 
8 1 1 2 2 2 1 1 10 10 2 3 3 1 1.170482 0.000000 
8 1 0 3 3 2 0 1 15 14 15 4 4 1 0.616137 0.000000 
8 1 0 3 3 3 1 1 15 15 3 4 4 1 0.556025 0.000000 
8 1 0 0 1 1 1 0 1 5 16 2 2 1 1.417721 0.000000 
8 1 0 1 0 0 1 0 4 0 19 1 1 1 0.533508 0.000000 
8 1 1 3 2 2 1 0 14 10 27 4 4 1 0.908318 0.000000 
8 1 0 3 2 3 0 0 14 11 99 3 3 1 0.892630 0.000000 
8 1 1 2 2 2 1 1 10 10 2 3 3 1 0.964555 0.000000 
8 1 0 0 0 0 1 1 0 0 0 1 1 1 0.610840 0.000000 
8 1 0 0 1 0 0 0 1 4 28 2 2 1 0.662957 0.000000 
8 1 0 3 3 2 0 1 15 14 15 4 4 1 0.681128 0.000000 
8 1 0 0 0 1 0 1 0 1 4 1 1 1 0.986649 0.000000 
8 1 0 1 0 1 0 0 4 1 39 1 1 1 0.567595 0.000000 
8 1 1 1 0 1 0 0 4 1 39 2 2 1 1.245093 0.000000 
8 1 1 2 3 2 0 0 11 14 46 3 4 0 0.576121 0.000000 
8 1 0 2 2 2 1 1 10 10 2 3 3 1 0.648530 0.000000 
8 1 0 0 1 1 1 0 1 5 16 2 2 1 1.218999 0.000000 
8 1 0 2 3 3 1 0 11 15 24 4 4 1 0.758683 0.000000 
8 1 1 1 1 1 1 1 5 5 1 2 2 1 0.948925 0.000000 
8 1 0 0 1 1 1 0 1 5 16 2 2 1 0.787869 0.000000 
8 1 0 1 0 1 0 0 4 1 39 1 1 1 0.656729 0.000000 
8 1 0 2 3 2 0 0 11 14 46 4 4 1 0.554874 0.000000 
8 1 0 0 0 1 0 1 0 1 4 1 1 1 0.736996 0.000000 
8 1 0 0 1 1 1 0 1 5 16 2 2 1 0.678872 0.000000 
8 1 0 3 2 2 1 0 14 10 27 3 3 1 0.752373 0.000000 
8 1 1 2 2 3 0 1 10 11 12 3 3 1 0.998528 0.000000 
8 1 0 2 2 3 0 1 10 11 12 3 3 1 0.499568 0.000000 
8 1 0 2 3 2 0 0 11 14 46 4 4 1 0.692085 0.000000 
8 1 0 0 1 1 1 0 1 5 16 2 2 1 0.772545 0.000000 
8 1 0 1 0 0 1 0 4 0 19 1 1 1 0.641982 0.000000 
8 1 1 0 1 1 1 0 1 5 16 1 1 1 1.131899 0.000000 
8 1 0 1 0 1 0 0 4 1 39 1 2 0 0.683582 0.000000 
8 1 0 0 1 1 1 0 1 5 16 2 2 1 0.752395 0.000000 
8 1 0 2 2 2 1 1 10 10 2 3 3 1 0.670160 0.000000 
8 1 1 0 0 0 1 1 0 0 0 1 1 1 0.719645 0.000000 
8 1 1 3 3 3 1 1 15 15 3 4 4 1 0.807142 0.000000 
8 1 1 3 3 3 1 1 15 15 3 4 4 1 0.571423 0.000000 
8 1 0 1 1 1 1 1 5 5 1 2 2 1 0.688892 0.000000 
8 1 0 2 3 3 1 0 11 15 24 4 4 1 0.744754 0.000000 
8 1 1 2 2 3 0 1 10 11 12 3 3 1 1.255633 0.000000 
8 1 0 3 3 3 1 1 15 15 3 4 4 1 0.570016 0.000000 
8 1 0 2 2 2 1 1 10 10 2 3 3 1 0.543464 0.000000 
8 1 0 2 2 3 0 1 10 11 12 3 3 1 0.694252 0.000000 
8 1 1 1 1 1 1 1 5 5 1 2 2 1 0.735123 0.000000 
8 1 0 3 3 2 0 1 15 14 15 4 4 1 0.677958 0.000000 
8 1 0 1 0 0 1 0 4 0 19 1 1 1 0.799502 0.000000 
8 1 1 0 0 1 0 1 0 1 4 1 1 1 1.083104 0.000000 
8 1 1 2 3 2 0 0 11 14 46 3 4 0 0.708153 0.000000 
8 1 0 0 0 1 0 1 0 1 4 1 1 1 0.855880 0.000000 
8 1 0 2 2 3 0 1 10 11 12 3 3 1 0.785672 0.000000 
8 1 0 1 0 1 0 0 4 1 39 1 1 1 0.782565 0.000000 
8 1 0 2 3 2 0 0 11 14 46 4 4 1 0.595999 0.000000 
8 1 1 1 1 0 0 1 5 4 7 2 2 1 1.000929 0.000000 
8 1 0 2 2 3 0 1 10 11 12 3 3 1 0.732214 0.000000 
8 1 0 1 1 0 0 1 5 4 7 2 2 1 0.819757 0.000000 
8 1 0 0 1 1 1 0 1 5 16 2 1 0 0.983279 0.000000 
8 1 0 3 2 3 0 0 14 11 99 3 3 1 0.936231 0.000000 
8 1 1 3 3 2 0 1 15 14 15 4 4 1 0.670759 0.000000 
8 1 1 0 1 0 0 0 1 4 28 1 1 1 0.824238 0.000000 
8 1 0 2 2 3 0 1 10 11 12 3 3 1 0.763832 0.000000 
8 1 0 0 0 0 1 1 0 0 0 1 1 1 0.826013 0.000000 
8 1 0 0 1 1 1 0 1 5 16 2 2 1 0.956635 0.000000 
8 1 0 1 1 1 1 1 5 5 1 2 2 1 0.610889 0.000000 
8 1 1 3 2 2 1 0 14 10 27 4 4 1 0.830962 0.000000 
8 1 1 3 2 3 0 0 14 11 99 4 4 1 1.082621 0.000000 
8 1 0 2 3 3 1 0 11 15 24 4 3 0 0.820014 0.000000 
8 1 0 1 0 1 0 0 4 1 39 1 1 1 1.747189 0.000000 
8 1 0 2 2 3 0 1 10 11 12 3 3 1 0.800959 0.000000 
8 1 0 3 2 3 0 0 14 11 99 3 3 1 0.765193 0.000000 
8 1 1 1 1 1 1 1 5 5 1 2 2 1 0.699395 0.000000 
8 1 0 0 0 0 1 1 0 0 0 1 1 1 0.564008 0.000000 
8 1 1 3 3 2 0 1 15 14 15 4 4 1 0.786317 0.000000 
8 1 1 3 2 3 0 0 14 11 99 4 4 1 0.935274 0.000000 
8 1 1 2 3 2 0 0 11 14 46 3 3 1 0.774197 0.000000 
8 1 0 1 0 0 1 0 4 0 19 1 1 1 1.323714 0.000000 
8 1 1 2 2 3 0 1 10 11 12 3 3 1 0.786465 0.000000 
8 1 0 0 0 0 1 1 0 0 0 1 1 1 0.671343 0.000000 
8 1 0 2 2 3 0 1 10 11 12 3 3 1 0.776833 0.000000 
8 1 0 0 0 0 1 1 0 0 0 1 1 1 0.574399 0.000000 
8 1 0 2 2 3 0 1 10 11 12 3 3 1 0.563886 0.000000 
8 1 0 0 1 0 0 0 1 4 28 2 2 1 0.890020 0.000000 
8 1 0 3 3 3 1 1 15 15 3 4 4 1 0.514928 0.000000 
8 1 0 0 0 0 1 1 0 0 0 1 1 1 0.819066 0.000000 
8 1 1 3 2 3 0 0 14 11 99 4 4 1 1.341647 0.000000 
8 1 1 0 0 0 1 1 0 0 0 1 1 1 0.636713 0.000000 
8 1 1 1 0 1 0 0 4 1 39 2 2 1 1.039577 0.000000 
8 1 0 3 3 3 1 1 15 15 3 4 4 1 0.730564 0.000000 
8 1 0 1 0 1 0 0 4 1 39 1 1 1 0.770071 0.000000 
8 1 0 0 0 0 1 1 0 0 0 1 1 1 0.567578 0.000000 
8 1 0 0 1 1 1 0 1 5 16 2 2 1 0.645091 0.000000 
8 1 0 3 3 2 0 1 15 14 15 4 4 1 0.615929 0.000000 
8 1 0 0 1 1 1 0 1 5 16 2 2 1 1.258994 0.000000 
8 1 0 0 1 0 0 0 1 4 28 2 2 1 0.613467 0.000000 
8 1 1 0 0 1 0 1 0 1 4 1 1 1 0.753615 0.000000 
8 1 0 1 1 1 1 1 5 5 1 2 2 1 0.655764 0.000000 
8 1 0 1 0 0 1 0 4 0 19 1 1 1 0.994007 0.000000 
8 1 0 2 2 2 1 1 10 10 2 3 3 1 0.478904 0.000000 
8 1 0 2 3 3 1 0 11 15 24 4 4 1 0.608396 0.000000 
8 1 0 3 3 3 1 1 15 15 3 4 4 1 0.420486 0.000000 
8 1 0 2 3 2 0 0 11 14 46 4 4 1 0.646941 0.000000 
8 1 0 0 1 1 1 0 1 5 16 2 2 1 0.977786 0.000000 
8 1 0 1 0 0 1 0 4 0 19 1 1 1 0.583390 0.000000 
8 1 0 1 1 1 1 1 5 5 1 2 2 1 0.676207 0.000000 
8 1 0 3 2 2 1 0 14 10 27 3 3 1 0.669725 0.000000 
8 1 0 0 0 1 0 1 0 1 4 1 1 1 0.863219 0.000000 
8 1 0 3 3 3 1 1 15 15 3 4 4 1 0.785452 0.000000 
8 1 0 3 3 3 1 1 15 15 3 4 4 1 0.454343 0.000000 
8 1 1 2 3 2 0 0 11 14 46 3 3 1 1.055430 0.000000 
8 1 0 0 0 1 0 1 0 1 4 1 1 1 0.761778 0.000000 
8 1 0 2 2 3 0 1 10 11 12 3 3 1 0.615960 0.000000 
8 1 0 0 0 0 1 1 0 0 0 1 1 1 0.707982 0.000000 
8 1 0 1 0 1 0 0 4 1 39 1 1 1 0.876325 0.000000 
8 1 0 3 2 3 0 0 14 11 99 3 3 1 0.709906 0.000000 
8 1 0 2 2 3 0 1 10 11 12 3 3 1 0.486063 0.000000 
8 1 0 1 1 1 1 1 5 5 1 2 2 1 0.702793 0.000000 
8 1 0 3 2 2 1 0 14 10 27 3 3 1 0.758008 0.000000 
8 1 0 2 2 3 0 1 10 11 12 3 4 0 0.628242 0.000000 
8 1 0 1 0 0 1 0 4 0 19 1 1 1 0.827685 0.000000 
8 1 0 0 0 1 0 1 0 1 4 1 1 1 0.606780 0.000000 
8 1 0 1 1 1 1 1 5 5 1 2 2 1 0.658989 0.000000 
8 1 0 3 2 3 0 0 14 11 99 3 3 1 0.749152 0.000000 
8 1 0 2 2 2 1 1 10 10 2 3 3 1 0.547976 0.000000 
8 1 0 0 1 1 1 0 1 5 16 2 2 1 0.698759 0.000000 
8 1 1 2 2 2 1 1 10 10 2 3 3 1 0.826649 0.000000 
8 1 0 2 2 3 0 1 10 11 12 3 3 1 0.582202 0.000000 
8 1 0 3 2 3 0 0 14 11 99 3 3 1 0.475689 0.000000 
8 1 0 1 1 1 1 1 5 5 1 2 2 1 0.661125 0.000000 
8 1 0 2 3 2 0 0 11 14 46 4 3 0 0.615275 0.000000 
8 1 1 0 1 1 1 0 1 5 16 1 1 1 1.623447 0.000000 
8 1 0 2 3 2 0 0 11 14 46 4 4 1 0.842828 0.000000 
8 1 0 1 1 0 0 1 5 4 7 2 2 1 1.012755 0.000000 
8 1 0 1 1 0 0 1 5 4 7 2 2 1 0.593013 0.000000 
8 1 0 3 2 2 1 0 14 10 27 3 3 1 0.909835 0.000000 
8 1 0 3 3 2 0 1 15 14 15 4 4 1 0.686124 0.000000 
8 1 0 0 1 0 0 0 1 4 28 2 2 1 1.119006 0.000000 
8 1 1 3 3 2 0 1 15 14 15 4 4 1 1.182671 0.000000 
8 1 1 2 2 2 1 1 10 10 2 3 3 1 0.668081 0.000000 
8 1 1 3 2 3 0 0 14 11 99 4 4 1 0.908248 0.000000 
8 1 0 1 0 0 1 0 4 0 19 1 1 1 0.860478 0.000000 
8 1 0 3 3 3 1 1 15 15 3 4 4 1 0.542723 0.000000 
8 1 0 3 3 3 1 1 15 15 3 4 4 1 0.717502 0.000000 
8 1 0 3 2 3 0 0 14 11 99 3 3 1 0.668990 0.000000 
8 1 1 3 3 2 0 1 15 14 15 4 4 1 0.774482 0.000000 
8 1 0 3 2 3 0 0 14 11 99 3 3 1 0.652061 0.000000 
8 1 0 2 3 3 1 0 11 15 24 4 4 1 0.742245 0.000000 
8 1 0 1 0 0 1 0 4 0 19 1 1 1 0.612977 0.000000 
8 1 0 1 1 1 1 1 5 5 1 2 2 1 0.624287 0.000000 
8 1 1 1 0 1 0 0 4 1 39 2 2 1 1.467803 0.000000 
8 1 1 0 0 0 1 1 0 0 0 1 1 1 0.653552 0.000000 
8 1 0 2 2 3 0 1 10 11 12 3 3 1 0.703691 0.000000 
8 1 1 3 3 3 1 1 15 15 3 4 4 1 0.583883 0.000000 
8 1 0 1 0 1 0 0 4 1 39 1 1 1 0.836712 0.000000 
8 1 1 1 0 0 1 0 4 0 19 2 2 1 0.927654 0.000000 
8 1 0 0 0 1 0 1 0 1 4 1 1 1 0.870229 0.000000 
8 1 1 3 2 3 0 0 14 11 99 4 4 1 0.567813 0.000000 
8 1 0 1 1 0 0 1 5 4 7 2 2 1 0.845314 0.000000 
8 1 0 3 3 3 1 1 15 15 3 4 4 1 0.584212 0.000000 
8 1 0 1 0 1 0 0 4 1 39 1 1 1 0.805008 0.000000 
8 1 0 2 3 3 1 0 11 15 24 4 4 1 0.569245 0.000000 
8 1 0 2 3 3 1 0 11 15 24 4 4 1 0.486724 0.000000 
8 1 0 3 2 3 0 0 14 11 99 3 3 1 0.607491 0.000000 
8 1 0 3 3 3 1 1 15 15 3 4 4 1 0.586600 0.000000 
8 1 1 2 2 3 0 1 10 11 12 3 3 1 0.647422 0.000000 
8 1 0 0 0 0 1 1 0 0 0 1 1 1 0.618269 0.000000 
8 1 0 1 1 1 1 1 5 5 1 2 2 1 0.557757 0.000000 
8 1 0 2 3 2 0 0 11 14 46 4 4 1 0.811872 0.000000 
8 1 0 0 1 0 0 0 1 4 28 2 2 1 0.768036 0.000000 
8 1 0 0 0 0 1 1 0 0 0 1 1 1 0.669660 0.000000 
8 1 0 1 0 1 0 0 4 1 39 1 1 1 0.783170 0.000000 
8 1 0 1 0 0 1 0 4 0 19 1 1 1 0.907015 0.000000 
8 1 0 2 2 3 0 1 10 11 12 3 3 1 0.803331 0.000000 
8 1 0 2 3 3 1 0 11 15 24 4 4 1 0.487533 0.000000 
8 1 0 1 1 0 0 1 5 4 7 2 2 1 0.664312 0.000000 
8 1 0 3 2 2 1 0 14 10 27 3 3 1 0.738464 0.000000 
8 1 0 0 1 0 0 0 1 4 28 2 2 1 0.665371 0.000000 
8 1 1 0 0 0 1 1 0 0 0 1 1 1 0.803528 0.000000 
8 1 0 1 1 1 1 1 5 5 1 2 2 1 0.591722 0.000000 
8 1 0 1 0 1 0 0 4 1 39 1 1 1 0.627524 0.000000 
8 1 0 0 1 0 0 0 1 4 28 2 2 1 0.759005 0.000000 
8 1 1 3 2 2 1 0 14 10 27 4 4 1 0.877256 0.000000 
8 1 1 2 3 2 0 0 11 14 46 3 3 1 1.342845 0.000000 
8 1 1 2 3 3 1 0 11 15 24 3 3 1 1.005897 0.000000 
8 1 0 1 1 0 0 1 5 4 7 2 2 1 0.794221 0.000000 
8 2 0 0 0 1 0 1 0 1 4 1 1 1 1.481633 0.000000 
8 2 0 1 1 0 0 1 5 4 7 2 2 1 0.763558 0.000000 
8 2 0 3 2 3 0 0 14 11 99 3 3 1 0.873782 0.000000 
8 2 1 1 1 0 0 1 5 4 7 2 2 1 1.291379 0.000000 
8 2 1 1 0 1 0 0 4 1 39 2 2 1 0.660420 0.000000 
8 2 0 2 2 2 1 1 10 10 2 3 3 1 0.614555 0.000000 
8 2 0 0 0 0 1 1 0 0 0 1 1 1 0.562756 0.000000 
8 2 1 3 3 2 0 1 15 14 15 4 4 1 0.679833 0.000000 
8 2 0 2 3 2 0 0 11 14 46 4 4 1 1.033393 0.000000 
8 2 0 3 3 2 0 1 15 14 15 4 4 1 0.564362 0.000000 
8 2 0 2 2 2 1 1 10 10 2 3 3 1 0.650456 0.000000 
8 2 1 0 0 0 1 1 0 0 0 1 1 1 0.596644 0.000000 
8 2 0 1 0 0 1 0 4 0 19 1 1 1 0.889438 0.000000 
8 2 1 3 2 2 1 0 14 10 27 4 4 1 0.954383 0.000000 
8 2 0 3 2 2 1 0 14 10 27 3 3 1 1.015620 0.000000 
8 2 0 2 3 3 1 0 11 15 24 4 4 1 0.932000 0.000000 
8 2 0 2 3 2 0 0 11 14 46 4 4 1 0.771559 0.000000 
8 2 0 2 3 2 0 0 11 14 46 4 4 1 0.537112 0.000000 
8 2 1 3 3 3 1 1 15 15 3 4 4 1 0.887937 0.000000 
8 2 0 2 2 2 1 1 10 10 2 3 3 1 0.704819 0.000000 
8 2 0 3 2 2 1 0 14 10 27 3 4 0 0.592988 0.000000 
8 2 0 0 1 1 1 0 1 5 16 2 2 1 1.025818 0.000000 
8 2 0 1 1 0 0 1 5 4 7 2 2 1 0.771972 0.000000 
8 2 0 0 0 0 1 1 0 0 0 1 1 1 0.529533 0.000000 
8 2 0 1 0 1 0 0 4 1 39 1 1 1 0.921001 0.000000 
8 2 1 1 0 1 0 0 4 1 39 2 2 1 0.912615 0.000000 
8 2 1 3 3 2 0 1 15 14 15 4 4 1 1.000840 0.000000 
8 2 1 2 3 2 0 0 11 14 46 3 3 1 1.173196 0.000000 
8 2 0 2 2 2 1 1 10 10 2 3 3 1 0.578890 0.000000 
8 2 0 1 1 1 1 1 5 5 1 2 2 1 0.607373 0.000000 
8 2 0 3 3 2 0 1 15 14 15 4 4 1 0.795517 0.000000 
8 2 0 2 2 2 1 1 10 10 2 3 3 1 0.832382 0.000000 
8 2 0 3 3 2 0 1 15 14 15 4 4 1 0.619924 0.000000 
8 2 0 3 2 2 1 0 14 10 27 3 3 1 0.759412 0.000000 
8 2 0 3 3 3 1 1 15 15 3 4 4 1 0.669597 0.000000 
8 2 0 2 2 2 1 1 10 10 2 3 3 1 0.543157 0.000000 
8 2 0 0 0 0 1 1 0 0 0 1 1 1 0.653917 0.000000 
8 2 0 2 3 2 0 0 11 14 46 4 4 1 0.775139 0.000000 
8 2 1 3 2 2 1 0 14 10 27 4 4 1 0.876657 0.000000 
8 2 0 3 3 2 0 1 15 14 15 4 4 1 0.862282 0.000000 
8 2 1 0 1 1 1 0 1 5 16 1 1 1 1.016497 0.000000 
8 2 0 1 1 1 1 1 5 5 1 2 2 1 0.836127 0.000000 
8 2 0 0 0 1 0 1 0 1 4 1 1 1 0.606948 0.000000 
8 2 1 3 2 2 1 0 14 10 27 4 4 1 0.739189 0.000000 
8 2 0 0 0 0 1 1 0 0 0 1 1 1 0.745988 0.000000 
8 2 0 0 0 0 1 1 0 0 0 1 1 1 0.447932 0.000000 
8 2 1 3 2 2 1 0 14 10 27 4 3 0 0.666682 0.000000 
8 2 0 0 0 0 1 1 0 0 0 1 1 1 0.592120 0.000000 
8 2 1 0 1 0 0 0 1 4 28 1 1 1 1.212554 0.000000 
8 2 0 0 0 0 1 1 0 0 0 1 1 1 0.456821 0.000000 
8 2 0 0 1 0 0 0 1 4 28 2 2 1 0.978942 0.000000 
8 2 0 0 1 0 0 0 1 4 28 2 2 1 0.472575 0.000000 
8 2 0 2 2 2 1 1 10 10 2 3 3 1 0.633965 0.000000 
8 2 1 2 2 2 1 1 10 10 2 3 3 1 1.019864 0.000000 
8 2 0 3 2 3 0 0 14 11 99 3 3 1 0.591520 0.000000 
8 2 1 0 0 0 1 1 0 0 0 1 1 1 0.980373 0.000000 
8 2 1 1 0 0 1 0 4 0 19 2 2 1 0.889951 0.000000 
8 2 0 2 3 2 0 0 11 14 46 4 4 1 0.826833 0.000000 
8 2 0 3 3 3 1 1 15 15 3 4 4 1 0.494369 0.000000 
8 2 1 3 2 2 1 0 14 10 27 4 3 0 0.895215 0.000000 
8 2 0 1 0 0 1 0 4 0 19 1 1 1 0.651130 0.000000 
8 2 0 1 0 0 1 0 4 0 19 1 1 1 0.484833 0.000000 
8 2 1 2 2 2 1 1 10 10 2 3 2 0 0.741607 0.000000 
8 2 0 1 0 1 0 0 4 1 39 1 1 1 0.832455 0.000000 
8 2 0 2 3 3 1 0 11 15 24 4 4 1 0.587572 0.000000 
8 2 0 0 0 0 1 1 0 0 0 1 1 1 0.600341 0.000000 
8 2 0 3 3 2 0 1 15 14 15 4 4 1 0.836503 0.000000 
8 2 0 2 2 3 0 1 10 11 12 3 3 1 0.687444 0.000000 
8 2 0 2 2 3 0 1 10 11 12 3 3 1 0.511296 0.000000 
8 2 0 0 1 0 0 0 1 4 28 2 1 0 0.623417 0.000000 
8 2 0 2 2 2 1 1 10 10 2 3 3 1 0.614855 0.000000 
8 2 0 3 2 3 0 0 14 11 99 3 3 1 0.890501 0.000000 
8 2 0 1 0 0 1 0 4 0 19 1 1 1 0.795481 0.000000 
8 2 0 1 0 0 1 0 4 0 19 1 1 1 0.832340 0.000000 
8 2 1 3 2 2 1 0 14 10 27 4 4 1 0.819937 0.000000 
8 2 0 2 3 3 1 0 11 15 24 4 4 1 1.183527 0.000000 
8 2 0 0 0 0 1 1 0 0 0 1 1 1 0.523548 0.000000 
8 2 0 3 2 3 0 0 14 11 99 3 3 1 0.866979 0.000000 
8 2 0 2 3 2 0 0 11 14 46 4 3 0 0.548550 0.000000 
8 2 0 2 3 3 1 0 11 15 24 4 4 1 0.519290 0.000000 
8 2 0 0 0 0 1 1 0 0 0 1 1 1 0.550338 0.000000 
8 2 0 1 1 0 0 1 5 4 7 2 2 1 1.076512 0.000000 
8 2 0 2 2 2 1 1 10 10 2 3 3 1 0.654095 0.000000 
8 2 0 2 3 2 0 0 11 14 46 4 4 1 0.695325 0.000000 
8 2 0 2 2 2 1 1 10 10 2 3 4 0 0.776162 0.000000 
8 2 0 0 1 1 1 0 1 5 16 2 2 1 0.729638 0.000000 
8 2 0 1 0 1 0 0 4 1 39 1 1 1 0.768710 0.000000 
8 2 0 1 0 1 0 0 4 1 39 1 1 1 0.926334 0.000000 
8 2 0 0 0 1 0 1 0 1 4 1 1 1 0.669872 0.000000 
8 2 1 3 3 2 0 1 15 14 15 4 4 1 0.887417 0.000000 
8 2 0 3 3 2 0 1 15 14 15 4 4 1 0.800310 0.000000 
8 2 1 0 0 1 0 1 0 1 4 1 1 1 1.115589 0.000000 
8 2 0 3 2 2 1 0 14 10 27 3 3 1 0.739928 0.000000 
8 2 1 1 0 1 0 0 4 1 39 2 2 1 1.250795 0.000000 
8 2 1 0 1 1 1 0 1 5 16 1 2 0 0.773178 0.000000 
8 2 0 1 0 0 1 0 4 0 19 1 1 1 0.614686 0.000000 
8 2 0 1 1 0 0 1 5 4 7 2 2 1 0.874421 0.000000 
8 2 0 0 0 1 0 1 0 1 4 1 1 1 0.659995 0.000000 
8 2 0 3 2 2 1 0 14 10 27 3 3 1 0.765167 0.000000 
8 2 0 3 3 2 0 1 15 14 15 4 4 1 0.643328 0.000000 
8 2 1 3 2 2 1 0 14 10 27 4 4 1 0.830174 0.000000 
8 2 0 3 3 3 1 1 15 15 3 4 4 1 0.697772 0.000000 
8 2 0 1 0 1 0 0 4 1 39 1 1 1 0.786612 0.000000 
8 2 0 1 0 1 0 0 4 1 39 1 1 1 0.615445 0.000000 
8 2 0 0 0 1 0 1 0 1 4 1 1 1 0.643676 0.000000 
8 2 0 3 2 2 1 0 14 10 27 3 3 1 0.622478 0.000000 
8 2 0 2 3 2 0 0 11 14 46 4 4 1 0.640983 0.000000 
8 2 0 2 2 2 1 1 10 10 2 3 4 0 0.547763 0.000000 
8 2 1 2 2 2 1 1 10 10 2 3 3 1 0.862561 0.000000 
8 2 0 3 2 3 0 0 14 11 99 3 3 1 0.944406 0.000000 
8 2 0 3 3 2 0 1 15 14 15 4 3 0 0.535282 0.000000 
8 2 0 3 3 2 0 1 15 14 15 4 4 1 0.641969 0.000000 
8 2 1 2 2 3 0 1 10 11 12 3 3 1 0.644436 0.000000 
8 2 0 2 2 3 0 1 10 11 12 3 3 1 0.670625 0.000000 
8 2 0 3 2 2 1 0 14 10 27 3 3 1 1.119797 0.000000 
8 2 0 0 0 0 1 1 0 0 0 1 1 1 0.623463 0.000000 
8 2 0 1 1 0 0 1 5 4 7 2 2 1 0.898979 0.000000 
8 2 1 0 1 1 1 0 1 5 16 1 1 1 0.939887 0.000000 
8 2 1 1 0 0 1 0 4 0 19 2 2 1 0.898836 0.000000 
8 2 1 1 1 1 1 1 5 5 1 2 2 1 0.651733 0.000000 
8 2 1 2 2 3 0 1 10 11 12 3 3 1 0.829915 0.000000 
8 2 0 1 0 1 0 0 4 1 39 1 1 1 1.720547 0.000000 
8 2 0 0 1 0 0 0 1 4 28 2 2 1 0.864364 0.000000 
8 2 0 1 1 1 1 1 5 5 1 2 2 1 0.818635 0.000000 
8 2 1 0 0 0 1 1 0 0 0 1 1 1 0.854226 0.000000 
8 2 0 3 3 3 1 1 15 15 3 4 4 1 0.672395 0.000000 
8 2 0 2 3 2 0 0 11 14 46 4 4 1 0.721933 0.000000 
8 2 0 1 0 1 0 0 4 1 39 1 1 1 0.825512 0.000000 
8 2 1 1 0 0 1 0 4 0 19 2 2 1 0.893016 0.000000 
8 2 0 2 3 3 1 0 11 15 24 4 4 1 0.692964 0.000000 
8 2 1 2 3 2 0 0 11 14 46 3 4 0 0.637751 0.000000 
8 2 1 0 1 1 1 0 1 5 16 1 1 1 0.796617 0.000000 
8 2 0 0 0 1 0 1 0 1 4 1 1 1 0.777040 0.000000 
8 2 0 0 1 0 0 0 1 4 28 2 2 1 0.974570 0.000000 
8 2 0 0 0 1 0 1 0 1 4 1 1 1 0.508239 0.000000 
8 2 0 3 3 3 1 1 15 15 3 4 4 1 0.812339 0.000000 
8 2 0 0 1 0 0 0 1 4 28 2 2 1 0.887627 0.000000 
8 2 1 2 3 2 0 0 11 14 46 3 4 0 1.008510 0.000000 
8 2 1 1 0 1 0 0 4 1 39 2 2 1 1.072756 0.000000 
8 2 0 3 3 3 1 1 15 15 3 4 4 1 0.601997 0.000000 
8 2 0 0 0 0 1 1 0 0 0 1 1 1 0.566147 0.000000 
8 2 1 0 0 0 1 1 0 0 0 1 1 1 1.036032 0.000000 
8 2 0 1 0 1 0 0 4 1 39 1 1 1 0.886722 0.000000 
8 2 0 0 0 1 0 1 0 1 4 1 1 1 0.486561 0.000000 
8 2 0 2 3 2 0 0 11 14 46 4 4 1 0.671319 0.000000 
8 2 0 3 3 2 0 1 15 14 15 4 4 1 0.472784 0.000000 
8 2 0 3 2 2 1 0 14 10 27 3 3 1 0.818264 0.000000 
8 2 0 1 0 1 0 0 4 1 39 1 1 1 1.301844 0.000000 
8 2 0 1 1 0 0 1 5 4 7 2 2 1 0.678222 0.000000 
8 2 1 1 0 0 1 0 4 0 19 2 1 0 0.687697 0.000000 
8 2 0 2 2 3 0 1 10 11 12 3 3 1 0.828555 0.000000 
8 2 1 1 0 1 0 0 4 1 39 2 2 1 0.782658 0.000000 
8 2 0 0 0 1 0 1 0 1 4 1 1 1 0.620016 0.000000 
8 2 0 1 0 1 0 0 4 1 39 1 2 0 1.071733 0.000000 
8 2 0 3 3 3 1 1 15 15 3 4 4 1 0.525293 0.000000 
8 2 1 0 0 0 1 1 0 0 0 1 1 1 0.620363 0.000000 
8 2 0 2 3 2 0 0 11 14 46 4 3 0 0.759816 0.000000 
8 2 1 2 2 2 1 1 10 10 2 3 3 1 0.970033 0.000000 
8 2 0 0 0 1 0 1 0 1 4 1 1 1 0.599194 0.000000 
8 2 0 3 2 2 1 0 14 10 27 3 3 1 1.363009 0.000000 
8 2 0 1 0 0 1 0 4 0 19 1 1 1 0.713417 0.000000 
8 2 0 1 0 0 1 0 4 0 19 1 1 1 0.737654 0.000000 
8 2 0 1 1 1 1 1 5 5 1 2 2 1 0.704479 0.000000 
8 2 0 1 1 1 1 1 5 5 1 2 2 1 0.616696 0.000000 
8 2 0 1 0 1 0 0 4 1 39 1 1 1 0.724186 0.000000 
8 2 0 0 1 1 1 0 1 5 16 2 2 1 1.211764 0.000000 
8 2 0 2 3 2 0 0 11 14 46 4 4 1 0.887102 0.000000 
8 2 0 2 3 2 0 0 11 14 46 4 4 1 0.439970 0.000000 
8 2 1 0 0 0 1 1 0 0 0 1 1 1 0.714741 0.000000 
8 2 0 1 1 1 1 1 5 5 1 2 2 1 0.610932 0.000000 
8 2 0 2 2 2 1 1 10 10 2 3 3 1 0.727127 0.000000 
8 2 0 3 3 2 0 1 15 14 15 4 4 1 0.694631 0.000000 
8 2 0 0 0 1 0 1 0 1 4 1 1 1 0.663491 0.000000 
8 2 0 2 3 3 1 0 11 15 24 4 4 1 0.737649 0.000000 
8 2 0 3 3 2 0 1 15 14 15 4 4 1 0.647521 0.000000 
8 2 0 1 1 1 1 1 5 5 1 2 2 1 0.634341 0.000000 
8 2 1 2 2 2 1 1 10 10 2 3 3 1 0.845171 0.000000 
8 2 1 1 0 1 0 0 4 1 39 2 2 1 1.024073 0.000000 
8 2 0 1 0 1 0 0 4 1 39 1 1 1 1.068332 0.000000 
8 2 0 3 3 2 0 1 15 14 15 4 4 1 0.997398 0.000000 
8 2 1 3 3 2 0 1 15 14 15 4 4 1 1.058316 0.000000 
8 2 0 2 3 2 0 0 11 14 46 4 4 1 0.651689 0.000000 
8 2 0 0 1 0 0 0 1 4 28 2 1 0 0.717823 0.000000 
8 2 0 1 1 0 0 1 5 4 7 2 2 1 0.873349 0.000000 
8 2 0 2 3 3 1 0 11 15 24 4 4 1 0.770439 0.000000 
8 2 1 0 0 0 1 1 0 0 0 1 1 1 0.751993 0.000000 
8 2 0 3 2 3 0 0 14 11 99 3 4 0 0.678210 0.000000 
8 2 1 3 2 3 0 0 14 11 99 4 4 1 1.515726 0.000000 
8 2 0 0 1 1 1 0 1 5 16 2 2 1 0.802841 0.000000 
8 2 0 2 3 2 0 0 11 14 46 4 4 1 0.750956 0.000000 
8 2 0 1 1 1 1 1 5 5 1 2 2 1 0.661145 0.000000 
8 2 0 0 1 0 0 0 1 4 28 2 2 1 0.799377 0.000000 
8 3 0 3 2 2 1 0 14 10 27 3 3 1 1.000457 0.000000 
8 3 1 0 0 0 1 1 0 0 0 1 1 1 0.652871 0.000000 
8 3 0 1 1 1 1 1 5 5 1 2 2 1 0.663006 0.000000 
8 3 0 0 0 1 0 1 0 1 4 1 1 1 0.785259 0.000000 
8 3 0 2 2 3 0 1 10 11 12 3 3 1 0.845121 0.000000 
8 3 1 2 3 2 0 0 11 14 46 3 4 0 0.759939 0.000000 
8 3 0 0 0 0 1 1 0 0 0 1 1 1 0.546156 0.000000 
8 3 0 1 0 0 1 0 4 0 19 1 1 1 0.928523 0.000000 
8 3 0 2 2 2 1 1 10 10 2 3 3 1 0.672153 0.000000 
8 3 0 0 0 0 1 1 0 0 0 1 1 1 0.537676 0.000000 
8 3 0 0 0 0 1 1 0 0 0 1 1 1 0.560631 0.000000 
8 3 0 2 2 3 0 1 10 11 12 3 3 1 0.670588 0.000000 
8 3 0 1 0 1 0 0 4 1 39 1 1 1 0.815107 0.000000 
8 3 0 0 1 1 1 0 1 5 16 2 2 1 0.939330 0.000000 
8 3 1 3 2 2 1 0 14 10 27 4 4 1 1.186226 0.000000 
8 3 0 1 1 0 0 1 5 4 7 2 2 1 0.863309 0.000000 
8 3 0 0 0 0 1 1 0 0 0 1 1 1 0.633566 0.000000 
8 3 0 3 3 3 1 1 15 15 3 4 4 1 0.580378 0.000000 
8 3 1 3 2 3 0 0 14 11 99 4 4 1 0.881799 0.000000 
8 3 0 2 3 3 1 0 11 15 24 4 4 1 1.202448 0.000000 
8 3 0 3 3 3 1 1 15 15 3 4 4 1 0.414792 0.000000 
8 3 0 0 0 0 1 1 0 0 0 1 1 1 0.578905 0.000000 
8 3 0 3 2 2 1 0 14 10 27 3 3 1 0.800367 0.000000 
8 3 0 1 1 1 1 1 5 5 1 2 2 1 0.644588 0.000000 
8 3 0 0 1 1 1 0 1 5 16 2 2 1 0.511390 0.000000 
8 3 0 1 1 1 1 1 5 5 1 2 2 1 0.471506 0.000000 
8 3 0 1 1 1 1 1 5 5 1 2 2 1 0.464933 0.000000 
8 3 0 3 3 2 0 1 15 14 15 4 4 1 0.738035 0.000000 
8 3 1 2 3 3 1 0 11 15 24 3 3 1 0.912842 0.000000 
8 3 1 1 1 0 0 1 5 4 7 2 2 1 0.785169 0.000000 
8 3 0 1 1 1 1 1 5 5 1 2 2 1 0.646011 0.000000 
8 3 1 1 1 0 0 1 5 4 7 2 2 1 0.776811 0.000000 
8 3 1 1 0 1 0 0 4 1 39 2 2 1 0.814446 0.000000 
8 3 1 3 3 3 1 1 15 15 3 4 4 1 0.890628 0.000000 
8 3 1 1 1 1 1 1 5 5 1 2 2 1 0.643549 0.000000 
8 3 0 1 1 0 0 1 5 4 7 2 2 1 0.909445 0.000000 
8 3 0 2 3 2 0 0 11 14 46 4 4 1 0.661672 0.000000 
8 3 0 2 3 2 0 0 11 14 46 4 4 1 0.487809 0.000000 
8 3 0 2 2 2 1 1 10 10 2 3 3 1 1.008565 0.000000 
8 3 0 3 3 3 1 1 15 15 3 4 4 1 0.612869 0.000000 
8 3 0 0 0 1 0 1 0 1 4 1 1 1 0.753027 0.000000 
8 3 0 2 2 2 1 1 10 10 2 3 3 1 0.655275 0.000000 
8 3 1 2 3 2 0 0 11 14 46 3 3 1 1.377465 0.000000 
8 3 1 3 3 2 0 1 15 14 15 4 4 1 0.886160 0.000000 
8 3 0 2 2 2 1 1 10 10 2 3 3 1 0.727143 0.000000 
8 3 0 2 2 2 1 1 10 10 2 3 3 1 0.502686 0.000000 
8 3 0 0 0 1 0 1 0 1 4 1 1 1 0.678762 0.000000 
8 3 0 0 1 0 0 0 1 4 28 2 2 1 0.656310 0.000000 
8 3 0 2 3 3 1 0 11 15 24 4 4 1 0.698421 0.000000 
8 3 0 0 0 1 0 1 0 1 4 1 1 1 0.707360 0.000000 
8 3 0 0 1 0 0 0 1 4 28 2 2 1 0.643470 0.000000 
8 3 0 1 0 0 1 0 4 0 19 1 1 1 0.605303 0.000000 
8 3 0 2 2 2 1 1 10 10 2 3 3 1 0.753393 0.000000 
8 3 0 3 3 3 1 1 15 15 3 4 4 1 0.487671 0.000000 
8 3 0 3 3 2 0 1 15 14 15 4 4 1 0.768455 0.000000 
8 3 0 0 0 1 0 1 0 1 4 1 1 1 0.686015 0.000000 
8 3 1 3 3 2 0 1 15 14 15 4 4 1 1.030817 0.000000 
8 3 0 1 0 0 1 0 4 0 19 1 1 1 0.922443 0.000000 
8 3 0 3 3 3 1 1 15 15 3 4 4 1 0.554021 0.000000 
8 3 0 1 0 1 0 0 4 1 39 1 1 1 0.831225 0.000000 
8 3 1 1 0 1 0 0 4 1 39 2 2 1 0.930712 0.000000 
8 3 1 1 0 0 1 0 4 0 19 2 2 1 0.650383 0.000000 
8 3 1 2 3 3 1 0 11 15 24 3 3 1 0.804464 0.000000 
8 3 1 1 0 1 0 0 4 1 39 2 2 1 0.848773 0.000000 
8 3 0 1 0 1 0 0 4 1 39 1 1 1 1.035703 0.000000 
8 3 0 1 1 0 0 1 5 4 7 2 2 1 1.094660 0.000000 
8 3 0 1 1 1 1 1 5 5 1 2 2 1 0.798666 0.000000 
8 3 0 3 2 3 0 0 14 11 99 3 3 1 0.899570 0.000000 
8 3 0 3 2 3 0 0 14 11 99 3 3 1 0.556009 0.000000 
8 3 0 1 1 1 1 1 5 5 1 2 2 1 0.841924 0.000000 
8 3 0 0 1 0 0 0 1 4 28 2 2 1 0.844880 0.000000 
8 3 1 1 1 0 0 1 5 4 7 2 2 1 1.007735 0.000000 
8 3 0 2 2 3 0 1 10 11 12 3 3 1 0.676022 0.000000 
8 3 0 0 0 1 0 1 0 1 4 1 1 1 0.901553 0.000000 
8 3 1 3 2 3 0 0 14 11 99 4 4 1 0.908836 0.000000 
8 3 0 0 1 0 0 0 1 4 28 2 2 1 0.957110 0.000000 
8 3 0 3 3 2 0 1 15 14 15 4 4 1 0.947434 0.000000 
8 3 1 2 3 2 0 0 11 14 46 3 3 1 0.770308 0.000000 
8 3 0 2 3 3 1 0 11 15 24 4 4 1 0.911884 0.000000 
8 3 0 3 3 3 1 1 15 15 3 4 4 1 0.528195 0.000000 
8 3 0 1 1 0 0 1 5 4 7 2 2 1 0.791567 0.000000 
8 3 0 3 3 2 0 1 15 14 15 4 4 1 0.748484 0.000000 
8 3 0 2 2 2 1 1 10 10 2 3 3 1 0.714365 0.000000 
8 3 1 2 3 2 0 0 11 14 46 3 3 1 1.002521 0.000000 
8 3 0 2 2 3 0 1 10 11 12 3 3 1 0.662821 0.000000 
8 3 1 2 2 2 1 1 10 10 2 3 3 1 0.912999 0.000000 
8 3 0 0 1 1 1 0 1 5 16 2 1 0 0.849283 0.000000 
8 3 0 0 0 0 1 1 0 0 0 1 1 1 0.672131 0.000000 
8 3 1 3 3 3 1 1 15 15 3 4 4 1 0.737197 0.000000 
8 3 1 2 3 3 1 0 11 15 24 3 3 1 1.351066 0.000000 
8 3 0 3 2 3 0 0 14 11 99 3 3 1 1.229461 0.000000 
8 3 1 3 2 2 1 0 14 10 27 4 4 1 1.377249 0.000000 
8 3 0 1 0 1 0 0 4 1 39 1 1 1 1.022984 0.000000 
8 3 0 0 0 1 0 1 0 1 4 1 1 1 1.098667 0.000000 
8 3 0 0 0 1 0 1 0 1 4 1 1 1 0.627671 0.000000 
8 3 0 2 2 2 1 1 10 10 2 3 3 1 0.727097 0.000000 
8 3 0 3 2 3 0 0 14 11 99 3 3 1 0.565673 0.000000 
8 3 0 0 0 1 0 1 0 1 4 1 1 1 0.835808 0.000000 
8 3 0 2 3 3 1 0 11 15 24 4 4 1 0.814702 0.000000 
8 3 0 1 1 0 0 1 5 4 7 2 2 1 0.786916 0.000000 
8 3 0 1 1 0 0 1 5 4 7 2 2 1 0.559829 0.000000 
8 3 1 3 3 2 0 1 15 14 15 4 4 1 1.325961 0.000000 
8 3 0 1 1 1 1 1 5 5 1 2 2 1 0.925683 0.000000 
8 3 1 2 3 3 1 0 11 15 24 3 3 1 0.828337 0.000000 
8 3 0 2 3 2 0 0 11 14 46 4 4 1 0.991863 0.000000 
8 3 0 2 2 2 1 1 10 10 2 3 3 1 0.860825 0.000000 
8 3 0 2 3 3 1 0 11 15 24 4 4 1 0.663064 0.000000 
8 3 0 0 0 1 0 1 0 1 4 1 1 1 0.697208 0.000000 
8 3 1 3 2 3 0 0 14 11 99 4 4 1 0.914120 0.000000 
8 3 0 3 3 2 0 1 15 14 15 4 4 1 0.770349 0.000000 
8 3 0 2 3 3 1 0 11 15 24 4 4 1 0.703904 0.000000 
8 3 0 2 3 2 0 0 11 14 46 4 4 1 0.583086 0.000000 
8 3 0 2 2 2 1 1 10 10 2 3 3 1 0.684099 0.000000 
8 3 1 0 1 1 1 0 1 5 16 1 1 1 1.020765 0.000000 
8 3 0 0 0 0 1 1 0 0 0 1 1 1 0.728373 0.000000 
8 3 0 0 0 0 1 1 0 0 0 1 1 1 0.495912 0.000000 
8 3 0 2 2 3 0 1 10 11 12 3 3 1 0.776660 0.000000 
8 3 0 3 3 2 0 1 15 14 15 4 4 1 0.670225 0.000000 
8 3 0 3 3 3 1 1 15 15 3 4 4 1 0.711746 0.000000 
8 3 1 3 2 2 1 0 14 10 27 4 4 1 0.734935 0.000000 
8 3 0 3 2 3 0 0 14 11 99 3 3 1 0.901813 0.000000 
8 3 1 2 2 3 0 1 10 11 12 3 3 1 0.990005 0.000000 
8 3 0 0 0 1 0 1 0 1 4 1 1 1 0.699006 0.000000 
8 3 0 0 1 0 0 0 1 4 28 2 2 1 0.675883 0.000000 
8 3 0 1 0 0 1 0 4 0 19 1 1 1 0.797342 0.000000 
8 3 1 2 3 2 0 0 11 14 46 3 4 0 0.866271 0.000000 
8 3 0 0 1 1 1 0 1 5 16 2 1 0 1.056048 0.000000 
8 3 0 3 2 3 0 0 14 11 99 3 3 1 1.285325 0.000000 
8 3 0 2 3 2 0 0 11 14 46 4 4 1 0.653956 0.000000 
8 3 0 0 1 1 1 0 1 5 16 2 2 1 0.808125 0.000000 
8 3 0 3 2 3 0 0 14 11 99 3 3 1 1.348423 0.000000 
8 3 0 1 0 1 0 0 4 1 39 1 1 1 0.779487 0.000000 
8 3 0 2 3 3 1 0 11 15 24 4 4 1 0.704903 0.000000 
8 3 1 2 2 3 0 1 10 11 12 3 3 1 0.769211 0.000000 
8 3 0 2 3 2 0 0 11 14 46 4 4 1 0.693761 0.000000 
8 3 0 2 2 2 1 1 10 10 2 3 3 1 0.582599 0.000000 
8 3 1 1 0 1 0 0 4 1 39 2 1 0 0.923988 0.000000 
8 3 1 0 1 1 1 0 1 5 16 1 1 1 1.447677 0.000000 
8 3 0 0 0 1 0 1 0 1 4 1 1 1 0.746356 0.000000 
8 3 0 0 1 0 0 0 1 4 28 2 1 0 0.729210 0.000000 
8 3 0 3 2 2 1 0 14 10 27 3 3 1 0.884736 0.000000 
8 3 1 3 2 2 1 0 14 10 27 4 4 1 0.892169 0.000000 
8 3 1 1 0 1 0 0 4 1 39 2 2 1 0.757015 0.000000 
8 3 1 2 2 3 0 1 10 11 12 3 3 1 1.107307 0.000000 
8 3 0 0 1 1 1 0 1 5 16 2 1 0 1.067670 0.000000 
8 3 0 3 2 2 1 0 14 10 27 3 3 1 0.929301 0.000000 
8 3 1 3 2 2 1 0 14 10 27 4 4 1 1.064490 0.000000 
8 3 1 0 1 0 0 0 1 4 28 1 1 1 0.954810 0.000000 
8 3 0 3 2 2 1 0 14 10 27 3 3 1 0.992013 0.000000 
8 3 0 1 0 0 1 0 4 0 19 1 2 0 0.980999 0.000000 
8 3 0 1 1 1 1 1 5 5 1 2 2 1 0.830618 0.000000 
8 3 0 3 2 2 1 0 14 10 27 3 3 1 0.753744 0.000000 
8 3 0 0 1 1 1 0 1 5 16 2 2 1 1.280027 0.000000 
8 3 0 1 0 1 0 0 4 1 39 1 1 1 0.945658 0.000000 
8 3 0 3 2 3 0 0 14 11 99 3 3 1 0.696651 0.000000 
8 3 0 1 0 0 1 0 4 0 19 1 1 1 0.688471 0.000000 
8 3 0 0 1 0 0 0 1 4 28 2 2 1 0.745294 0.000000 
8 3 0 3 2 3 0 0 14 11 99 3 3 1 0.752224 0.000000 
8 3 0 2 3 3 1 0 11 15 24 4 4 1 0.694340 0.000000 
8 3 1 1 0 1 0 0 4 1 39 2 1 0 0.711266 0.000000 
8 3 0 0 1 1 1 0 1 5 16 2 2 1 0.691416 0.000000 
8 3 1 3 3 2 0 1 15 14 15 4 4 1 0.755832 0.000000 
8 3 0 2 2 3 0 1 10 11 12 3 3 1 0.769062 0.000000 
8 3 0 1 1 0 0 1 5 4 7 2 2 1 0.934563 0.000000 
8 3 1 2 3 2 0 0 11 14 46 3 3 1 1.365515 0.000000 
8 3 0 1 1 1 1 1 5 5 1 2 2 1 0.963980 0.000000 
8 3 0 0 1 0 0 0 1 4 28 2 2 1 0.746279 0.000000 
8 3 0 0 1 1 1 0 1 5 16 2 2 1 0.825053 0.000000 
8 3 0 0 0 0 1 1 0 0 0 1 1 1 0.508633 0.000000 
8 3 0 0 0 1 0 1 0 1 4 1 1 1 0.972720 0.000000 
8 3 0 0 1 0 0 0 1 4 28 2 2 1 0.529374 0.000000 
8 3 0 2 3 2 0 0 11 14 46 4 4 1 0.984836 0.000000 
8 3 0 3 2 2 1 0 14 10 27 3 3 1 0.525790 0.000000 
8 3 0 0 1 1 1 0 1 5 16 2 2 1 0.765299 0.000000 
8 3 0 3 3 2 0 1 15 14 15 4 4 1 0.827472 0.000000 
8 3 0 2 3 3 1 0 11 15 24 4 4 1 0.798994 0.000000 
8 3 1 1 0 0 1 0 4 0 19 2 2 1 0.955938 0.000000 
8 3 0 3 3 3 1 1 15 15 3 4 4 1 0.730199 0.000000 
8 3 0 1 1 1 1 1 5 5 1 2 2 1 0.680705 0.000000 
8 3 1 1 1 0 0 1 5 4 7 2 2 1 1.170175 0.000000 
8 3 0 0 1 1 1 0 1 5 16 2 2 1 1.319983 0.000000 
8 3 0 0 0 0 1 1 0 0 0 1 1 1 0.671730 0.000000 
8 3 0 3 3 2 0 1 15 14 15 4 4 1 0.745220 0.000000 
8 3 0 1 1 1 1 1 5 5 1 2 2 1 0.728107 0.000000 
8 3 0 2 3 2 0 0 11 14 46 4 4 1 0.639571 0.000000 
8 3 0 3 3 2 0 1 15 14 15 4 4 1 1.025473 0.000000 
8 3 0 1 1 1 1 1 5 5 1 2 2 1 0.677112 0.000000 
8 3 1 0 0 1 0 1 0 1 4 1 1 1 0.878610 0.000000 
8 3 0 3 3 2 0 1 15 14 15 4 4 1 0.656133 0.000000 
8 3 1 1 0 0 1 0 4 0 19 2 2 1 0.754333 0.000000 
8 3 0 1 1 1 1 1 5 5 1 2 2 1 0.744566 0.000000 
8 3 1 1 0 0 1 0 4 0 19 2 2 1 0.999426 0.000000 
8 4 0 3 3 3 1 1 15 15 3 4 4 1 0.844815 0.000000 
8 4 0 2 2 3 0 1 10 11 12 3 3 1 0.839824 0.000000 
8 4 0 3 3 2 0 1 15 14 15 4 4 1 0.674725 0.000000 
8 4 1 2 2 3 0 1 10 11 12 3 3 1 0.724227 0.000000 
8 4 0 3 3 3 1 1 15 15 3 4 4 1 0.595768 0.000000 
8 4 0 2 3 3 1 0 11 15 24 4 4 1 0.768534 0.000000 
8 4 0 0 0 1 0 1 0 1 4 1 1 1 0.646039 0.000000 
8 4 0 1 1 1 1 1 5 5 1 2 2 1 0.640898 0.000000 
8 4 1 0 1 0 0 0 1 4 28 1 1 1 1.098759 0.000000 
8 4 0 0 1 0 0 0 1 4 28 2 2 1 1.187838 0.000000 
8 4 0 3 2 2 1 0 14 10 27 3 3 1 0.792819 0.000000 
8 4 0 0 0 1 0 1 0 1 4 1 1 1 0.781713 0.000000 
8 4 0 1 1 0 0 1 5 4 7 2 2 1 0.707270 0.000000 
8 4 0 0 0 1 0 1 0 1 4 1 1 1 0.547441 0.000000 
8 4 0 0 0 0 1 1 0 0 0 1 1 1 0.658192 0.000000 
8 4 0 0 0 1 0 1 0 1 4 1 1 1 0.620402 0.000000 
8 4 1 1 0 1 0 0 4 1 39 2 2 1 0.894826 0.000000 
8 4 1 1 1 0 0 1 5 4 7 2 2 1 0.647799 0.000000 
8 4 0 2 2 2 1 1 10 10 2 3 3 1 0.674634 0.000000 
8 4 0 1 1 1 1 1 5 5 1 2 2 1 0.924156 0.000000 
8 4 0 1 1 1 1 1 5 5 1 2 2 1 0.523705 0.000000 
8 4 0 2 3 3 1 0 11 15 24 4 4 1 0.875200 0.000000 
8 4 0 0 1 0 0 0 1 4 28 2 2 1 0.948822 0.000000 
8 4 0 3 2 3 0 0 14 11 99 3 3 1 0.834780 0.000000 
8 4 1 2 3 2 0 0 11 14 46 3 3 1 1.405610 0.000000 
8 4 0 1 0 0 1 0 4 0 19 1 1 1 0.930009 0.000000 
8 4 1 2 2 3 0 1 10 11 12 3 3 1 0.961695 0.000000 
8 4 0 1 1 0 0 1 5 4 7 2 2 1 1.015923 0.000000 
8 4 0 2 2 2 1 1 10 10 2 3 3 1 0.676024 0.000000 
8 4 0 0 1 1 1 0 1 5 16 2 2 1 0.877154 0.000000 
8 4 0 3 2 3 0 0 14 11 99 3 3 1 0.830716 0.000000 
8 4 1 0 1 0 0 0 1 4 28 1 1 1 1.201283 0.000000 
8 4 1 2 2 3 0 1 10 11 12 3 3 1 0.893623 0.000000 
8 4 1 2 3 2 0 0 11 14 46 3 3 1 0.662515 0.000000 
8 4 0 1 0 0 1 0 4 0 19 1 1 1 1.256736 0.000000 
8 4 0 0 1 0 0 0 1 4 28 2 2 1 0.803100 0.000000 
8 4 0 1 0 0 1 0 4 0 19 1 1 1 0.615370 0.000000 
8 4 0 1 0 1 0 0 4 1 39 1 1 1 0.739515 0.000000 
8 4 0 2 2 2 1 1 10 10 2 3 3 1 0.633367 0.000000 
8 4 0 0 0 1 0 1 0 1 4 1 1 1 0.740232 0.000000 
8 4 0 3 3 2 0 1 15 14 15 4 3 0 0.635007 0.000000 
8 4 1 0 1 0 0 0 1 4 28 1 1 1 1.177893 0.000000 
8 4 0 1 0 1 0 0 4 1 39 1 1 1 0.815103 0.000000 
8 4 0 2 3 3 1 0 11 15 24 4 4 1 0.587372 0.000000 
8 4 1 0 0 1 0 1 0 1 4 1 1 1 0.952200 0.000000 
8 4 0 0 0 0 1 1 0 0 0 1 1 1 0.542483 0.000000 
8 4 0 3 3 2 0 1 15 14 15 4 4 1 0.748251 0.000000 
8 4 0 1 1 0 0 1 5 4 7 2 2 1 0.819169 0.000000 
8 4 1 0 1 1 1 0 1 5 16 1 1 1 1.118699 0.000000 
8 4 1 0 0 1 0 1 0 1 4 1 1 1 0.662369 0.000000 
8 4 0 0 1 1 1 0 1 5 16 2 2 1 0.928562 0.000000 
8 4 0 2 2 2 1 1 10 10 2 3 3 1 0.616139 0.000000 
8 4 0 1 0 0 1 0 4 0 19 1 1 1 1.116075 0.000000 
8 4 0 3 2 3 0 0 14 11 99 3 3 1 0.972004 0.000000 
8 4 0 2 2 2 1 1 10 10 2 3 3 1 0.576584 0.000000 
8 4 0 0 1 1 1 0 1 5 16 2 2 1 0.854056 0.000000 
8 4 0 1 0 1 0 0 4 1 39 1 1 1 0.840316 0.000000 
8 4 0 3 2 2 1 0 14 10 27 3 3 1 0.779227 0.000000 
8 4 0 1 0 1 0 0 4 1 39 1 1 1 0.768755 0.000000 
8 4 0 0 1 0 0 0 1 4 28 2 2 1 0.894328 0.000000 
8 4 0 0 0 0 1 1 0 0 0 1 1 1 0.623219 0.000000 
8 4 0 0 0 1 0 1 0 1 4 1 3 0 0.873716 0.000000 
8 4 0 0 1 1 1 0 1 5 16 2 2 1 0.719250 0.000000 
8 4 1 2 3 2 0 0 11 14 46 3 3 1 1.102317 0.000000 
8 4 0 2 3 2 0 0 11 14 46 4 4 1 0.806711 0.000000 
8 4 1 0 1 1 1 0 1 5 16 1 1 1 1.146960 0.000000 
8 4 0 3 3 3 1 1 15 15 3 4 4 1 0.553936 0.000000 
8 4 0 0 1 1 1 0 1 5 16 2 2 1 0.768106 0.000000 
8 4 1 3 3 3 1 1 15 15 3 4 4 1 1.044625 0.000000 
8 4 0 0 1 1 1 0 1 5 16 2 2 1 0.695632 0.000000 
8 4 1 1 0 1 0 0 4 1 39 2 2 1 1.192458 0.000000 
8 4 0 3 2 3 0 0 14 11 99 3 3 1 0.813524 0.000000 
8 4 0 2 2 3 0 1 10 11 12 3 3 1 0.633716 0.000000 
8 4 0 3 3 2 0 1 15 14 15 4 4 1 0.684572 0.000000 
8 4 0 3 3 3 1 1 15 15 3 4 4 1 0.565352 0.000000 
8 4 0 3 2 3 0 0 14 11 99 3 3 1 0.627535 0.000000 
8 4 0 0 0 1 0 1 0 1 4 1 1 1 0.574015 0.000000 
8 4 1 2 3 3 1 0 11 15 24 3 2 0 0.971494 0.000000 
8 4 0 1 0 1 0 0 4 1 39 1 1 1 1.213081 0.000000 
8 4 0 2 2 2 1 1 10 10 2 3 3 1 0.688959 0.000000 
8 4 0 3 3 3 1 1 15 15 3 4 4 1 0.537870 0.000000 
8 4 0 1 1 0 0 1 5 4 7 2 2 1 0.688672 0.000000 
8 4 0 0 1 0 0 0 1 4 28 2 2 1 0.657482 0.000000 
8 4 0 1 0 1 0 0 4 1 39 1 1 1 0.739666 0.000000 
8 4 0 1 0 1 0 0 4 1 39 1 1 1 0.873570 0.000000 
8 4 1 2 2 3 0 1 10 11 12 3 3 1 0.915138 0.000000 
8 4 0 2 3 3 1 0 11 15 24 4 4 1 0.747390 0.000000 
8 4 0 2 3 2 0 0 11 14 46 4 4 1 0.682261 0.000000 
8 4 0 3 3 2 0 1 15 14 15 4 4 1 0.563782 0.000000 
8 4 0 1 1 1 1 1 5 5 1 2 2 1 0.649896 0.000000 
8 4 0 0 0 0 1 1 0 0 0 1 1 1 0.508014 0.000000 
8 4 0 3 2 2 1 0 14 10 27 3 3 1 0.884210 0.000000 
8 4 0 3 3 2 0 1 15 14 15 4 4 1 0.660024 0.000000 
8 4 1 1 0 1 0 0 4 1 39 2 2 1 1.278300 0.000000 
8 4 0 2 3 3 1 0 11 15 24 4 4 1 0.775967 0.000000 
8 4 1 1 1 0 0 1 5 4 7 2 2 1 0.757553 0.000000 
8 4 0 0 1 0 0 0 1 4 28 2 2 1 0.683763 0.000000 
8 4 0 1 1 1 1 1 5 5 1 2 2 1 0.700647 0.000000 
8 4 0 0 1 1 1 0 1 5 16 2 2 1 0.764819 0.000000 
8 4 0 2 3 2 0 0 11 14 46 4 4 1 0.674001 0.000000 
8 4 0 1 0 1 0 0 4 1 39 1 1 1 0.811539 0.000000 
8 4 0 3 2 2 1 0 14 10 27 3 3 1 0.743732 0.000000 
8 4 1 1 1 1 1 1 5 5 1 2 2 1 0.982689 0.000000 
8 4 1 0 1 0 0 0 1 4 28 1 1 1 1.324055 0.000000 
8 4 0 1 0 1 0 0 4 1 39 1 1 1 0.851354 0.000000 
8 4 0 3 2 2 1 0 14 10 27 3 3 1 0.797563 0.000000 
8 4 0 2 2 2 1 1 10 10 2 3 3 1 0.666452 0.000000 
8 4 0 1 1 1 1 1 5 5 1 2 2 1 0.619181 0.000000 
8 4 0 0 0 1 0 1 0 1 4 1 1 1 0.598464 0.000000 
8 4 0 2 3 2 0 0 11 14 46 4 4 1 0.763250 0.000000 
8 4 0 3 2 2 1 0 14 10 27 3 3 1 0.441472 0.000000 
8 4 0 3 2 2 1 0 14 10 27 3 3 1 0.468235 0.000000 
8 4 1 3 3 3 1 1 15 15 3 4 4 1 0.621713 0.000000 
8 4 0 3 3 3 1 1 15 15 3 4 4 1 0.529140 0.000000 
8 4 1 1 0 0 1 0 4 0 19 2 2 1 0.784541 0.000000 
8 4 0 2 2 3 0 1 10 11 12 3 3 1 0.692480 0.000000 
8 4 0 3 3 2 0 1 15 14 15 4 4 1 0.685296 0.000000 
8 4 1 3 3 2 0 1 15 14 15 4 4 1 0.958150 0.000000 
8 4 1 2 3 2 0 0 11 14 46 3 3 1 1.756467 0.000000 
8 4 0 0 1 1 1 0 1 5 16 2 2 1 1.347057 0.000000 
8 4 1 2 3 2 0 0 11 14 46 3 3 1 1.162156 0.000000 
8 4 1 0 1 0 0 0 1 4 28 1 1 1 1.080523 0.000000 
8 4 0 3 3 3 1 1 15 15 3 4 4 1 0.649135 0.000000 
8 4 0 2 2 2 1 1 10 10 2 3 3 1 0.947995 0.000000 
8 4 0 3 3 2 0 1 15 14 15 4 4 1 0.706931 0.000000 
8 4 1 2 2 3 0 1 10 11 12 3 3 1 0.699135 0.000000 
8 4 0 0 1 1 1 0 1 5 16 2 2 1 1.059972 0.000000 
8 4 1 0 0 0 1 1 0 0 0 1 1 1 0.734294 0.000000 
8 4 1 3 2 2 1 0 14 10 27 4 4 1 0.773145 0.000000 
8 4 0 1 1 1 1 1 5 5 1 2 2 1 0.698684 0.000000 
8 4 0 1 0 0 1 0 4 0 19 1 1 1 0.682573 0.000000 
8 4 1 0 1 0 0 0 1 4 28 1 1 1 1.556003 0.000000 
8 4 1 2 3 2 0 0 11 14 46 3 3 1 0.650553 0.000000 
8 4 1 0 0 0 1 1 0 0 0 1 1 1 0.652750 0.000000 
8 4 0 3 2 2 1 0 14 10 27 3 4 0 0.750900 0.000000 
8 4 0 2 2 2 1 1 10 10 2 3 3 1 0.577047 0.000000 
8 4 0 0 0 0 1 1 0 0 0 1 1 1 0.638144 0.000000 
8 4 0 3 3 3 1 1 15 15 3 4 4 1 0.607956 0.000000 
8 4 0 3 2 3 0 0 14 11 99 3 3 1 0.980057 0.000000 
8 4 0 3 3 3 1 1 15 15 3 4 4 1 1.025745 0.000000 
8 4 0 1 1 1 1 1 5 5 1 2 2 1 0.613386 0.000000 
8 4 0 0 0 0 1 1 0 0 0 1 1 1 0.577473 0.000000 
8 4 0 3 2 3 0 0 14 11 99 3 3 1 0.750964 0.000000 
8 4 0 0 1 1 1 0 1 5 16 2 2 1 0.765245 0.000000 
8 4 1 2 2 3 0 1 10 11 12 3 3 1 0.827399 0.000000 
8 4 0 2 2 3 0 1 10 11 12 3 3 1 0.517969 0.000000 
8 4 0 3 3 2 0 1 15 14 15 4 4 1 0.701400 0.000000 
8 4 0 1 1 0 0 1 5 4 7 2 2 1 0.701567 0.000000 
8 4 0 2 2 3 0 1 10 11 12 3 3 1 0.629788 0.000000 
8 4 0 3 2 2 1 0 14 10 27 3 3 1 0.753285 0.000000 
8 4 0 3 3 3 1 1 15 15 3 4 4 1 0.559423 0.000000 
8 4 1 0 1 0 0 0 1 4 28 1 2 0 0.861533 0.000000 
8 4 1 2 3 3 1 0 11 15 24 3 4 0 0.899772 0.000000 
8 4 0 1 0 0 1 0 4 0 19 1 1 1 0.783033 0.000000 
8 4 1 2 2 2 1 1 10 10 2 3 3 1 0.820172 0.000000 
8 4 0 1 0 0 1 0 4 0 19 1 1 1 0.903338 0.000000 
8 4 0 3 2 2 1 0 14 10 27 3 3 1 0.679586 0.000000 
8 4 1 3 3 2 0 1 15 14 15 4 4 1 0.793007 0.000000 
8 4 0 2 2 3 0 1 10 11 12 3 3 1 0.893959 0.000000 
8 4 0 2 3 2 0 0 11 14 46 4 4 1 0.670823 0.000000 
8 4 0 0 0 1 0 1 0 1 4 1 1 1 0.823442 0.000000 
8 4 0 0 0 0 1 1 0 0 0 1 1 1 0.682966 0.000000 
8 4 0 1 0 1 0 0 4 1 39 1 1 1 1.436014 0.000000 
8 4 0 3 3 3 1 1 15 15 3 4 4 1 0.550897 0.000000 
8 4 1 1 1 0 0 1 5 4 7 2 2 1 0.997053 0.000000 
8 4 1 3 2 2 1 0 14 10 27 4 4 1 0.929994 0.000000 
8 4 1 3 3 2 0 1 15 14 15 4 4 1 0.945647 0.000000 
8 4 1 2 3 2 0 0 11 14 46 3 3 1 0.640574 0.000000 
8 4 0 3 3 3 1 1 15 15 3 4 4 1 0.770374 0.000000 
8 4 0 2 2 2 1 1 10 10 2 3 3 1 0.975964 0.000000 
8 4 0 1 1 1 1 1 5 5 1 2 2 1 0.597581 0.000000 
8 4 0 1 1 0 0 1 5 4 7 2 2 1 0.954419 0.000000 
8 4 0 1 1 1 1 1 5 5 1 2 2 1 0.776681 0.000000 
8 4 1 0 1 1 1 0 1 5 16 1 1 1 1.070219 0.000000 
8 4 1 2 2 3 0 1 10 11 12 3 3 1 0.647918 0.000000 
8 4 0 3 2 2 1 0 14 10 27 3 3 1 1.465750 0.000000 
8 4 0 2 2 2 1 1 10 10 2 3 3 1 0.675953 0.000000 
8 4 0 1 1 0 0 1 5 4 7 2 2 1 0.685703 0.000000 
8 4 0 2 3 3 1 0 11 15 24 4 4 1 0.790495 0.000000 
8 4 0 3 3 2 0 1 15 14 15 4 4 1 0.971834 0.000000 
8 4 0 1 1 1 1 1 5 5 1 2 2 1 0.680993 0.000000 
8 4 0 1 0 1 0 0 4 1 39 1 1 1 0.714549 0.000000 
8 4 1 0 1 1 1 0 1 5 16 1 1 1 0.810707 0.000000 
8 4 0 0 1 1 1 0 1 5 16 2 2 1 1.014022 0.000000 
8 4 0 2 3 3 1 0 11 15 24 4 4 1 0.762254 0.000000 
8 4 0 1 1 0 0 1 5 4 7 2 2 1 1.096475 0.000000 
8 4 0 3 2 2 1 0 14 10 27 3 3 1 0.449494 0.000000 
8 4 0 1 1 0 0 1 5 4 7 2 2 1 0.764011 0.000000 
8 4 0 1 0 0 1 0 4 0 19 1 1 1 0.657800 0.000000 
8 4 0 2 3 3 1 0 11 15 24 4 4 1 0.643948 0.000000 
8 4 1 2 3 2 0 0 11 14 46 3 4 0 0.877817 0.000000 
8 4 0 1 0 0 1 0 4 0 19 1 3 0 1.011277 0.000000 
