30 1 0 1 0 1 1 0 0 5000    1 
30 1 0 0 0 1 2 2 1 2390    0 
30 1 1 1 0 0 1 1 1 3358    1 
30 1 0 0 2 3 4 4 1 1231    1 
30 1 0 0 1 2 3 3 1 1893    1 
30 1 1 0 0 0 1 1 1  761    1 
30 1 0 0 0 1 2 2 1 1729    1 
30 1 0 0 0 1 2 4 0  156    1 
30 1 0 0 3 0 1 1 1  922    1 
30 1 0 0 1 2 3 3 1 1452    1 
30 1 1 0 0 0 1 1 1  905    1 
30 1 1 0 0 0 1 1 1  964    0 
30 1 1 0 2 2 3 3 1 2413    1 
30 1 0 0 3 0 1 1 1  684    1 
30 1 1 0 3 3 4 4 1 1279    1 
30 1 0 0 1 2 3 3 1  828    1 
30 1 1 1 2 2 3 1 0 2306    1 
30 1 1 0 0 0 1 1 1  587    1 
30 1 1 0 2 2 3 3 1  994    1 
30 1 1 0 2 2 3 3 1  730    1 
30 1 1 0 0 0 1 1 1  524    1 
30 1 1 1 0 0 1 1 1 1198    1 
30 1 0 0 3 0 1 1 1  557    1 
30 1 0 1 2 3 3 3 1 1134    1 
30 1 0 0 2 3 4 4 1  648    1 
30 1 1 0 2 2 3 3 1  741    1 
30 1 0 0 3 0 1 1 1  407    1 
30 1 0 1 2 3 3 3 1 1053    1 
30 1 1 0 3 3 4 4 1  706    1 
30 1 0 0 1 2 3 3 1 1821    1 
30 1 0 1 0 1 1 1 1  923    1 
30 1 1 0 3 3 4 4 1 1229    1 
30 1 1 0 2 2 3 3 1  660    0 
30 1 1 0 2 2 3 3 1  672    1 
30 1 1 1 3 3 4 4 1  828    1 
30 1 0 0 1 2 3 3 1 1267    1 
30 1 0 1 0 1 1 1 1  703    1 
30 1 1 0 2 2 3 3 1  818    1 
30 1 1 0 3 3 4 4 1  496    1 
30 1 0 1 1 2 2 2 1 1171    1 
30 1 0 0 3 0 1 1 1  571    1 
30 1 1 0 1 1 2 2 1  539    1 
30 1 1 0 3 3 4 4 1  605    1 
30 1 0 0 0 1 2 2 1 1100    1 
30 1 1 0 1 1 2 2 1  503    1 
30 1 0 0 0 1 2 2 1  441    1 
30 1 0 1 3 0 4 4 1  935    1 
30 1 0 1 1 2 2 2 1  968    1 
30 1 1 0 0 0 1 1 1  568    1 
30 1 1 0 0 0 1 1 1 1425    1 
30 1 0 0 3 0 1 1 1  399    1 
30 1 0 0 2 3 4 4 1  613    1 
30 1 1 0 3 3 4 4 1  508    1 
30 1 1 0 2 2 3 3 1 1383    1 
30 1 0 1 0 1 1 1 1  647    1 
30 1 0 0 1 2 3 3 1  732    1 
30 1 0 0 0 1 2 2 1  630    1 
30 1 1 0 3 3 4 4 1  636    1 
30 1 0 0 1 2 3 3 1  705    1 
30 1 0 0 2 3 4 4 1  500    1 
30 1 1 0 1 1 2 2 1  567    1 
30 1 0 0 2 3 4 4 1  607    1 
30 1 0 0 3 0 1 1 1  654    1 
30 1 0 0 0 1 2 2 1  698    1 
30 1 0 0 3 0 1 1 1  470    1 
30 1 1 1 1 1 2 2 1  978    1 
30 1 1 0 1 1 2 2 1  850    1 
30 1 1 0 1 1 2 2 1  447    1 
30 1 1 0 2 2 3 3 1  588    1 
30 1 0 1 3 0 4 4 1  612    1 
30 1 1 0 1 1 2 2 1  675    1 
30 1 1 0 2 2 3 3 1  775    1 
30 1 1 0 1 1 2 2 1  735    1 
30 1 0 1 1 2 2 2 1  800    1 
30 1 1 1 3 3 4 4 1  591    1 
30 1 0 0 3 0 1 1 1  567    1 
30 1 1 1 2 2 3 3 1  735    0 
30 1 1 0 2 2 3 3 1  424    1 
30 1 0 0 1 2 3 3 1  374    1 
30 1 0 0 2 3 4 4 1  486    5 
30 1 0 0 1 2 3 3 1  434    1 
30 1 0 0 2 3 4 4 1  607    1 
30 1 1 0 2 2 3 3 1  382    1 
30 1 1 1 1 1 2 1 0  654    1 
30 1 1 0 1 1 2 2 1  480    1 
30 1 0 0 2 3 4 4 1  445    1 
30 1 1 1 0 0 1 1 1  618    1 
30 1 1 0 3 3 4 4 1  744    1 
30 1 0 1 1 2 2 2 1  842    1 
30 1 0 0 3 0 1 1 1  647    1 
30 1 0 1 3 0 4 4 1 1196    1 
30 1 1 1 0 0 1 1 1  732    1 
30 1 1 1 3 3 4 4 1  869    1 
30 1 1 0 0 0 1 2 0  682    1 
30 1 0 0 1 2 3 2 0  627    1 
30 1 1 0 0 0 1 1 1  879    0 
30 1 0 1 0 1 1 1 1 2613    1 
30 1 0 0 3 0 1 4 0 3180    1 
30 1 1 0 3 3 4 4 1 1347    1 
30 1 1 0 2 2 3 3 1 1476    1 
30 1 1 0 2 2 3 3 1  664    1 
30 1 0 1 0 1 1 1 1  901    1 
30 1 1 0 0 0 1 1 1  472    1 
30 1 0 0 2 3 4 3 0  820    1 
30 1 1 0 0 0 1 1 1 1600    1 
30 1 0 0 2 3 4 4 1 1119    0 
30 1 1 0 1 1 2 2 1 1593    0 
30 1 1 0 0 0 1 1 1 1385    0 
30 1 1 0 1 1 2 2 1  736    1 
30 1 1 0 3 3 4 4 1  618    1 
30 1 0 0 1 2 3 3 1 2056    1 
30 1 1 1 3 3 4 4 1  613    1 
30 1 0 0 2 3 4 4 1  492    0 
30 1 0 0 1 2 3 3 1  967    1 
30 1 1 0 3 3 4 4 1 1287    1 
30 1 0 0 2 3 4 4 1  427    1 
30 1 0 0 0 1 2 2 1 1025    1 
30 1 0 0 1 2 3 3 1  631    1 
30 1 1 0 1 1 2 4 0 2133    1 
30 1 0 0 0 1 2 2 1  645    1 
30 1 1 0 3 3 4 4 1  514    1 
30 1 0 1 0 1 1 2 0 1709    1 
30 1 1 1 3 3 4 4 1 1614    1 
30 1 0 1 1 2 2 3 0  821    1 
30 1 0 1 1 2 2 2 1 2665    1 
30 1 1 0 0 0 1 1 1 2046    1 
30 1 0 0 3 0 1 4 0 1083    1 
30 1 0 0 0 1 2 2 1 1573    1 
30 1 0 0 1 2 3 3 1 2077    1 
30 1 1 0 1 1 2 2 1 1089    1 
30 1 1 1 0 0 1 1 1 1677    1 
30 1 1 0 0 0 1 1 1  457    1 
30 1 1 0 2 2 3 3 1 1470    1 
30 1 1 0 1 1 2 2 1  698    1 
30 1 0 1 2 3 3 4 0 1950    1 
30 1 1 0 1 1 2 2 1 1100    1 
30 1 0 0 1 2 3 3 1 1191    1 
30 1 1 0 2 2 3 3 1  503    1 
30 1 0 0 1 2 3 3 1  394    1 
30 1 0 0 1 2 3 3 1  361    1 
30 1 1 0 1 1 2 2 1  842    1 
30 1 0 1 2 3 3 3 1 2583    1 
30 1 0 0 1 2 3 3 1  975    1 
30 1 0 1 1 2 2 3 0  447    1 
30 1 0 0 0 1 2 2 1 2555    1 
30 1 0 0 2 3 4 4 1  547    1 
30 1 1 0 1 1 2 2 1 1069    1 
30 1 0 0 2 3 4 4 1  585    1 
30 1 0 0 1 2 3 3 1  768    1 
30 1 1 0 2 2 3 3 1  625    1 
30 1 1 1 2 2 3 3 1 1919    1 
30 1 1 1 0 0 1 1 1 1545    1 
30 1 0 0 2 3 4 4 1  819    1 
30 1 0 0 1 2 3 3 1  785    1 
30 1 0 0 0 1 2 2 1  968    1 
30 1 0 0 3 0 1 1 1 1080    1 
30 1 1 0 1 1 2 2 1  876    1 
30 1 0 0 2 3 4 4 1  649    1 
30 1 0 1 0 1 1 1 1 1645    1 
30 1 1 0 1 1 2 2 1  883    1 
30 1 1 0 3 3 4 4 1  526    1 
30 1 1 0 2 2 3 3 1  857    0 
30 1 0 0 1 2 3 3 1  517    1 
30 1 0 0 3 0 1 1 1  879    1 
30 1 1 0 0 0 1 1 1  516    1 
30 1 1 0 3 3 4 4 1  622    1 
30 1 1 0 3 3 4 4 1  428    1 
30 1 1 0 1 1 2 2 1  658    1 
30 1 1 1 0 0 1 1 1 1143    1 
30 1 0 0 1 2 3 3 1 1072    1 
30 1 1 0 3 3 4 4 1  548    1 
30 1 0 1 0 1 1 2 0 1398    1 
30 1 1 0 2 2 3 4 0 2435    1 
30 1 1 0 0 0 1 1 1  910    1 
30 1 1 0 0 0 1 1 1  593    1 
30 1 0 0 0 1 2 2 1 1369    1 
30 1 1 0 2 2 3 3 1  713   21 
30 1 0 0 0 1 2 2 1 1772    1 
30 1 1 0 3 3 4 4 1  676    1 
30 1 0 1 2 3 3 3 1 1712    1 
30 1 0 0 0 1 2 2 1 1515    1 
30 1 1 0 2 2 3 3 1  718    1 
30 1 0 0 3 0 1 1 1  840    1 
30 1 1 0 3 3 4 4 1  653    1 
30 1 1 0 3 3 4 4 1  466    1 
30 1 1 0 2 2 3 2 0 2670    1 
30 1 0 0 2 3 4 4 1  696    1 
30 1 1 0 1 1 2 3 0  740    1 
30 1 1 1 3 3 4 4 1 1356    0 
30 1 1 0 1 1 2 2 1 1164    1 
30 1 1 0 3 3 4 4 1  701    1 
30 1 1 0 0 0 1 1 1  720    0 
30 1 0 0 2 3 4 4 1  466    1 
30 1 0 1 1 2 2 2 1 1606    1 
30 1 0 1 1 2 2 2 1  645    1 
30 1 1 1 1 1 2 2 1 1106    1 
30 1 1 0 3 3 4 4 1  637    1 
30 1 1 0 1 1 2 4 0  627    1 
30 1 1 0 2 2 3 3 1  703    1 
30 1 0 0 1 2 3 2 0 1514    1 
30 1 0 0 3 0 1 1 1  931    1 
30 1 0 1 0 1 1 1 1 2645    1 
30 1 1 0 3 3 4 4 1  570    1 
30 1 1 1 0 0 1 1 1 1123    1 
30 1 0 0 0 1 2 2 1  869    1 
30 1 0 0 3 0 1 1 1  841    1 
30 1 1 0 0 0 1 1 1  462    1 
30 1 1 0 0 0 1 1 1  475    1 
30 1 1 0 2 2 3 3 1 1119    1 
30 1 1 1 3 3 4 4 1 1249    1 
30 1 0 1 3 0 4 4 1 1238    1 
30 1 0 1 3 0 4 4 1  604   42 
30 1 0 0 0 1 2 2 1 1163    1 
30 1 0 0 0 1 2 2 1  515    0 
30 1 1 0 2 2 3 3 1 1901    1 
30 1 0 0 2 3 4 3 0  976    1 
30 1 1 1 2 2 3 3 1 1278    1 
30 1 0 0 1 2 3 2 0  971    1 
30 1 0 0 2 3 4 4 1  617   48 
30 1 0 1 2 3 3 4 0 1695    1 
30 1 1 1 1 1 2 2 1 1241    1 
30 1 1 1 2 2 3 3 1 1006    1 
30 1 1 0 1 1 2 2 1  981    1 
30 1 1 0 2 2 3 3 1 1237    1 
30 1 0 0 2 3 4 4 1  635    1 
30 1 0 0 1 2 3 3 1 1216    1 
30 1 1 0 3 3 4 4 1  558    1 
30 1 1 0 3 3 4 4 1  487    0 
30 1 1 0 1 1 2 2 1  722    1 
30 1 1 1 3 3 4 4 1 1084    1 
30 1 1 0 0 0 1 1 1  704    1 
30 1 0 0 3 0 1 1 1 1043    1 
30 1 1 0 2 2 3 3 1 1168    1 
30 1 0 1 1 2 2 2 1 1384    1 
30 1 0 1 1 2 2 2 1  608    1 
30 1 0 0 0 1 2 2 1 1031    1 
30 1 1 0 3 3 4 4 1  565    1 
30 1 0 0 1 2 3 3 1  734    1 
30 1 0 0 2 3 4 4 1  959    1 
30 1 0 0 1 2 3 3 1 1080    1 
30 1 0 1 2 3 3 4 0  828    1 
30 1 0 0 0 1 2 2 1  848    1 
30 1 0 0 0 1 2 2 1 2598    1 
30 1 0 0 0 1 2 2 1  437    1 
30 1 1 0 1 1 2 2 1  403    1 
30 1 0 0 3 0 1 1 1  818    1 
30 1 1 1 2 2 3 3 1 1568    1 
30 1 1 0 3 3 4 4 1  696    0 
30 1 1 0 0 0 1 1 1  843    1 
30 1 1 0 3 3 4 4 1  745    1 
30 1 0 0 1 2 3 2 0 1074    1 
30 1 1 1 1 1 2 2 1 1293    1 
30 1 0 1 2 3 3 4 0  808    1 
30 1 0 1 3 0 4 4 1 2645    1 
30 1 1 1 0 0 1 2 0  811    1 
30 1 0 0 0 1 2 2 1 3495    1 
30 1 1 0 3 3 4 4 1  483    1 
30 1 1 1 2 2 3 3 1 1966    1 
30 1 0 1 0 1 1 1 1 1455    0 
30 1 1 0 0 0 1 1 1  851    1 
30 1 1 0 3 3 4 4 1  488    1 
30 1 0 1 0 1 1 1 1  900    1 
30 1 0 0 1 2 3 3 1 1087    1 
30 1 0 0 3 0 1 1 1 1018    1 
30 1 0 0 3 0 1 1 1  848    1 
30 1 0 0 3 0 1 1 1  342    0 
30 1 0 0 1 2 3 3 1 1063    1 
30 1 0 1 2 3 3 4 0 1252    0 
30 1 0 0 3 0 1 1 1  799    1 
30 1 1 0 2 2 3 3 1 1054    1 
30 1 1 1 0 0 1 1 1 1186    1 
30 1 0 0 1 2 3 3 1 3074    1 
30 1 1 0 0 0 1 1 1  598    1 
30 1 0 0 2 3 4 4 1  470    1 
30 1 1 0 3 3 4 4 1  354    1 
30 1 1 0 2 2 3 3 1  843    1 
30 1 0 1 3 0 4 4 1 1992    1 
30 1 0 0 3 0 1 4 0  552    1 
30 1 1 0 2 2 3 3 1  991    1 
30 1 0 1 3 0 4 4 1 1478    0 
30 1 1 0 0 0 1 1 1 1010    1 
30 1 1 0 3 3 4 4 1 1289    1 
30 1 0 0 2 3 4 4 1 3060    1 
30 1 1 0 2 2 3 4 0  674    0 
30 1 0 0 0 1 2 2 1 2788    1 
30 1 1 0 3 3 4 4 1  571    1 
30 1 0 1 0 1 1 1 1 1371    1 
30 1 1 1 2 2 3 3 1 1980    1 
30 1 1 0 1 1 2 2 1 1495    1 
30 1 0 0 3 2 3 1 0  979    1 
30 1 0 0 0 3 4 4 1  561    1 
30 1 1 0 1 1 2 2 1 1162    1 
30 1 1 0 1 1 2 2 1  603    1 
30 1 0 0 3 2 3 3 1  634    1 
30 1 0 1 1 0 2 2 1 1519    1 
30 1 0 0 2 1 2 2 1 1913    1 
30 1 0 0 1 0 1 1 1  580    1 
30 1 1 0 3 3 4 4 1 1060    1 
30 1 1 0 0 0 1 1 1  713    1 
30 1 0 0 2 1 2 3 0  700    1 
30 1 0 0 1 0 1 1 1  741    1 
30 1 0 1 2 1 3 3 1 1174    1 
30 1 1 0 1 1 2 2 1  966    1 
30 1 0 1 1 0 2 2 1 2446    1 
30 1 1 0 0 0 1 1 1  660    1 
30 1 0 1 2 1 3 3 1 1409    1 
30 1 0 1 0 3 1 1 1 1104    1 
30 1 1 0 3 3 4 4 1  826    1 
30 1 0 1 1 0 2 2 1  929    1 
30 1 1 0 2 2 3 3 1  739    1 
30 1 1 0 2 2 3 3 1  620    1 
30 1 0 0 1 0 1 1 1  874    1 
30 1 0 0 2 1 2 2 1  846    1 
30 1 1 0 2 2 3 3 1 1156    1 
30 1 0 0 3 2 3 4 0  821    1 
30 1 0 0 1 0 1 1 1  793    1 
30 1 1 0 1 1 2 2 1 1040    1 
30 1 1 0 2 2 3 3 1  694    1 
30 1 1 1 3 3 4 4 1 1121    1 
30 1 0 1 2 1 3 3 1  979    1 
30 1 0 0 1 0 1 1 1  836    1 
30 1 0 0 0 3 4 4 1  577    1 
30 1 1 1 3 3 4 4 1 1081    1 
30 1 1 0 3 3 4 4 1  477    1 
30 1 1 1 3 3 4 4 1  802    1 
30 1 1 1 0 0 1 1 1  864    1 
30 1 0 1 1 0 2 2 1  933    1 
30 1 1 0 2 2 3 3 1  855    1 
30 1 0 0 2 1 2 2 1  891    1 
30 1 1 0 2 2 3 3 1  791    0 
30 1 1 0 2 2 3 3 1  462    1 
30 1 1 0 2 2 3 3 1  435    1 
30 1 1 1 3 3 4 4 1 1001    1 
30 1 1 0 0 0 1 1 1  551    1 
30 1 0 0 1 0 1 1 1  448    1 
30 1 0 0 0 3 4 4 1  630    1 
30 1 1 0 3 3 4 4 1  452    1 
30 1 1 0 3 3 4 4 1  353    1 
30 1 0 0 0 3 4 4 1  337    1 
30 1 0 0 1 0 1 1 1  691    1 
30 1 1 0 0 0 1 1 1  494    1 
30 1 1 0 1 1 2 2 1  674    1 
30 1 1 0 0 0 1 1 1  558    1 
30 1 1 1 0 0 1 1 1  871    1 
30 1 0 1 3 2 4 4 1 1659    0 
30 1 1 1 2 2 3 3 1  928    1 
30 1 1 0 0 0 1 1 1  610    1 
30 1 0 0 1 0 1 2 0  857    1 
30 1 1 0 3 3 4 4 1  579    1 
30 1 0 0 1 0 1 1 1  787    1 
30 1 0 1 1 0 2 2 1 1291    1 
30 1 0 0 3 2 3 3 1 1598    1 
30 1 1 0 1 1 2 2 1 1566    1 
30 1 1 0 0 0 1 1 1  662   45 
30 1 0 1 0 3 1 1 1 1635    0 
30 1 1 0 0 0 1 1 1  665    1 
30 1 1 0 1 1 2 2 1  773    1 
30 1 1 0 1 1 2 2 1  581    1 
30 1 1 0 1 1 2 2 1  422    0 
30 1 0 0 1 0 1 1 1  540    1 
30 1 1 0 0 0 1 1 1  421    1 
30 1 1 0 3 3 4 4 1  555    1 
30 1 0 0 1 0 1 1 1  636    1 
30 1 0 0 1 0 1 1 1  410    1 
30 1 0 0 1 0 1 1 1  344    1 
30 1 1 0 1 1 2 2 1  650    1 
30 1 1 1 2 2 3 3 1 1031    1 
30 1 1 0 2 2 3 3 1  781    1 
30 1 0 0 0 3 4 4 1  637    1 
30 1 0 0 0 3 4 4 1  394    1 
30 1 0 0 3 2 3 3 1  986    1 
30 1 0 1 0 3 1 1 1 1145    1 
30 1 0 0 1 0 1 1 1  803    1 
30 1 0 1 0 3 1 1 1 1425    1 
30 1 0 0 0 3 4 4 1 1248    1 
30 1 0 1 0 3 1 1 1 1109    1 
30 1 1 0 2 2 3 3 1  808    0 
30 1 0 1 2 1 3 3 1 1111    1 
30 1 0 0 1 0 1 1 1  818    1 
30 1 0 0 0 3 4 4 1  608    1 
30 1 0 0 2 1 2 2 1 1455    1 
30 1 1 0 0 0 1 1 1  531    1 
30 1 0 0 2 1 2 2 1  934    1 
30 1 1 0 2 2 3 3 1  631    1 
30 1 0 0 3 2 3 3 1  869    1 
30 1 0 0 0 3 4 4 1  777    1 
30 1 1 0 3 3 4 4 1  385    1 
30 1 0 0 0 3 4 4 1  361    1 
30 1 0 0 0 3 4 4 1  330    1 
30 1 0 1 2 1 3 3 1 1091    1 
30 1 0 0 0 3 4 1 0  551    1 
30 1 1 0 3 3 4 4 1  957    1 
30 1 0 0 0 3 4 4 1  382    1 
30 1 1 1 0 0 1 1 1 1014    1 
30 1 0 0 1 0 1 1 1 1372    1 
30 1 0 0 3 2 3 3 1  845    1 
30 1 1 1 0 0 1 1 1  658    1 
30 1 1 0 1 1 2 2 1  631    1 
30 1 0 0 1 0 1 1 1 2093    1 
30 1 1 0 3 3 4 4 1  505    1 
30 1 0 0 0 3 4 4 1  363    1 
30 1 1 0 0 0 1 1 1  564    1 
30 1 1 0 1 1 2 2 1 1077    1 
30 1 1 1 2 2 3 3 1  945    1 
30 1 1 1 0 0 1 1 1  771    1 
30 1 1 0 3 3 4 4 1  739    1 
30 1 1 0 3 3 4 4 1  372    1 
30 1 1 0 3 3 4 4 1  332    1 
30 1 1 0 3 3 4 4 1  318    1 
30 1 0 0 2 1 2 2 1 1104    1 
30 1 1 0 0 0 1 1 1  539    1 
30 1 1 0 2 2 3 3 1  652    1 
30 1 1 0 3 3 4 4 1  713    1 
30 1 0 0 2 1 2 2 1  820    1 
30 1 1 0 3 3 4 4 1  578    1 
30 1 0 1 1 0 2 2 1 1330    1 
30 1 1 1 3 3 4 4 1  604    1 
30 1 0 0 2 1 2 3 0  875    1 
30 1 1 0 0 0 1 1 1  613    1 
30 1 0 0 2 1 2 2 1  788    1 
30 1 0 1 0 3 1 1 1 1339    1 
30 1 0 1 2 1 3 3 1 1261    1 
30 1 0 0 2 1 2 4 0 1282    1 
30 1 0 0 3 2 3 3 1 2187    1 
30 1 0 0 1 0 1 1 1  779    1 
30 1 1 0 3 3 4 4 1  499    1 
30 1 0 0 3 2 3 3 1 1190    1 
30 1 1 0 3 3 4 4 1  629    1 
30 1 1 0 0 0 1 1 1  555    1 
30 1 0 0 2 1 2 2 1 1092    1 
30 1 1 1 1 1 2 2 1 1112    1 
30 1 1 0 1 1 2 2 1  946    1 
30 1 0 1 3 2 4 4 1 1292    1 
30 1 0 0 3 2 3 3 1 1319    1 
30 1 0 0 3 2 3 3 1  522    1 
30 1 1 0 2 2 3 3 1 1068    1 
30 1 0 0 2 1 2 2 1  824    1 
30 1 1 0 0 0 1 1 1  766    1 
30 1 1 0 1 1 2 2 1  790    0 
30 1 0 0 3 2 3 3 1  766    1 
30 1 0 1 1 0 2 2 1 2070    1 
30 1 0 0 2 1 2 3 0 1234    1 
30 1 1 0 1 1 2 2 1  813    1 
30 1 1 0 0 0 1 1 1  564    1 
30 1 1 0 1 1 2 2 1 1101    1 
30 1 0 0 1 0 1 1 1  520    1 
30 1 1 0 3 3 4 4 1  626    1 
30 1 0 0 0 3 4 4 1 1144    0 
30 1 1 1 2 2 3 3 1 1002    0 
30 1 1 0 3 3 4 4 1  640    1 
30 1 0 0 3 2 3 3 1  846    1 
30 1 0 0 0 3 4 4 1  851    1 
30 1 1 0 3 3 4 4 1  416    1 
30 1 1 1 2 2 3 3 1  918    8 
30 1 1 0 2 2 3 3 1  864    1 
30 1 0 1 0 3 1 4 0  789    1 
30 1 0 1 2 1 3 3 1 2499    1 
30 1 1 0 0 0 1 1 1  566    1 
30 1 1 1 2 2 3 3 1  974    1 
30 1 0 0 2 1 2 4 0 1054    1 
30 1 1 1 2 2 3 3 1 1817    1 
30 1 0 0 1 0 1 1 1 1007    1 
30 1 1 1 3 3 4 4 1 1294    1 
30 1 0 0 1 0 1 1 1  769    1 
30 1 1 1 0 0 1 1 1 1057    1 
30 1 0 0 2 1 2 2 1 1182    1 
30 1 0 0 3 2 3 3 1  790    1 
30 1 0 0 0 3 4 4 1  757    1 
30 1 1 0 3 3 4 4 1  462    1 
30 1 1 0 3 3 4 4 1  371    1 
30 1 1 1 1 1 2 2 1 1339    1 
30 1 1 1 3 3 4 4 1 1204    0 
30 1 0 0 3 2 3 3 1 1627    1 
30 1 0 0 3 2 3 3 1  465    1 
30 1 0 1 2 1 3 3 1 1398    1 
30 1 0 1 2 1 3 3 1  517    1 
30 1 1 0 1 1 2 2 1 1175    1 
30 1 0 1 2 1 3 3 1 1151    1 
30 1 1 0 2 2 3 3 1  944    0 
30 1 1 0 0 0 1 1 1  586    1 
