28 1 0 0 1 3 4 4 1 1411    1 
28 1 0 0 1 3 4 4 1  514    1 
28 1 0 0 3 1 2 4 0  101    0 
28 1 0 0 3 1 2 2 1 2166    1 
28 1 1 0 2 2 3 3 1 2470    1 
28 1 1 0 3 3 4 4 1  810    1 
28 1 1 0 1 1 2 2 1  953    1 
28 1 1 0 2 2 3 3 1 1170    1 
28 1 1 1 1 1 2 2 1 2098    1 
28 1 1 0 2 2 3 3 1 1389    1 
28 1 0 0 1 3 4 4 1  685    1 
28 1 1 0 0 0 1 1 1  672    1 
28 1 1 0 2 2 3 3 1 1261    1 
28 1 1 1 3 3 4 4 1 1242    1 
28 1 0 1 0 2 1 1 1  919    1 
28 1 1 1 0 0 1 1 1  617    1 
28 1 0 0 3 1 2 2 1  967    1 
28 1 1 0 2 2 3 3 1  648    1 
28 1 0 0 3 1 2 2 1 1229    1 
28 1 0 0 2 0 1 1 1  667    1 
28 1 0 0 3 1 2 2 1  887    1 
28 1 1 0 1 1 2 2 1  539    1 
28 1 0 0 1 3 4 4 1  748    1 
28 1 0 1 2 0 3 3 1 1262    1 
28 1 0 0 1 3 4 4 1  923    1 
28 1 1 0 0 0 1 1 1  685    1 
28 1 0 1 3 1 4 4 1 1120    1 
28 1 1 0 0 0 1 1 1  674    1 
28 1 0 1 1 3 2 2 1 1247    1 
28 1 0 0 2 0 1 1 1  708    1 
28 1 1 0 0 0 1 1 1  631    1 
28 1 0 0 0 2 3 3 1 1413    1 
28 1 0 0 0 2 3 3 1  508    1 
28 1 0 0 3 1 2 2 1  767    1 
28 1 1 0 1 1 2 2 1  663    1 
28 1 0 0 0 2 3 3 1  772    2 
28 1 1 0 0 0 1 1 1  620    1 
28 1 0 1 3 1 4 4 1 1434    1 
28 1 0 0 2 0 1 1 1  607    1 
28 1 0 0 1 3 4 4 1  630    1 
28 1 0 1 1 3 2 2 1  828    1 
28 1 0 0 3 1 2 2 1  698   83 
28 1 1 0 3 3 4 4 1  574    1 
28 1 1 0 1 1 2 2 1  590    1 
28 1 0 1 1 3 2 2 1  926    1 
28 1 1 0 3 3 4 4 1  680    1 
28 1 0 1 2 0 3 3 1 1596    1 
28 1 1 1 2 2 3 3 1  675    1 
28 1 0 0 1 3 4 4 1  688    1 
28 1 1 0 2 2 3 3 1  595    0 
28 1 1 0 2 2 3 3 1  667    1 
28 1 0 0 0 2 3 3 1  655    1 
28 1 1 0 1 1 2 2 1  604    1 
28 1 0 0 1 3 4 4 1  618    1 
28 1 0 0 3 1 2 2 1  728    1 
28 1 0 0 0 2 3 3 1  579    1 
28 1 0 0 0 2 3 3 1  523    1 
28 1 1 0 3 3 4 4 1  661    1 
28 1 1 0 0 0 1 1 1  546    1 
28 1 0 0 2 0 1 1 1  475    1 
28 1 0 1 0 2 1 1 1  703    1 
28 1 1 0 1 1 2 2 1 1210    0 
28 1 1 0 2 2 3 3 1  665    0 
28 1 0 1 0 2 1 1 1  926    1 
28 1 0 0 1 3 4 4 1  632    1 
28 1 1 0 3 3 4 4 1  630    1 
28 1 1 0 0 0 1 1 1  540    1 
28 1 0 1 1 3 2 2 1 1046    1 
28 1 1 1 2 2 3 3 1  611    1 
28 1 1 0 3 3 4 4 1  658    1 
28 1 0 1 2 0 3 3 1  879    1 
28 1 0 0 0 2 3 3 1  835    1 
28 1 1 1 2 2 3 3 1  832    1 
28 1 1 0 3 3 4 4 1  558    1 
28 1 1 1 3 3 4 4 1  743   40 
28 1 0 0 0 2 3 3 1  584    1 
28 1 1 0 3 3 4 4 1  576    1 
28 1 1 0 2 2 3 3 1  448    1 
28 1 1 0 0 0 1 1 1  533    1 
28 1 1 1 3 3 4 4 1  967    1 
28 1 0 0 2 0 1 1 1  631    1 
28 1 0 0 0 2 3 3 1  949    0 
28 1 0 0 0 2 3 3 1  566    1 
28 1 1 0 2 2 3 3 1  598    1 
28 1 0 1 2 0 3 3 1  869   40 
28 1 1 0 3 3 4 4 1  554    1 
28 1 0 0 2 0 1 1 1  554    1 
28 1 1 0 3 3 4 4 1  747    1 
28 1 0 0 1 3 4 4 1  445    1 
28 1 0 1 1 3 2 2 1  722    1 
28 1 1 1 1 1 2 2 1  484    1 
28 1 1 1 1 1 2 2 1  392    1 
28 1 1 0 0 0 1 3 0  871    1 
28 1 1 0 2 2 3 3 1 1673    1 
28 1 1 0 0 0 1 1 1  606    1 
28 1 1 0 3 3 4 4 1  652    1 
28 1 0 0 0 2 3 3 1 1713    1 
28 1 1 0 2 2 3 3 1 2004    1 
28 1 1 0 1 1 2 2 1 1051    0 
28 1 0 0 0 2 3 1 0 1192    1 
28 1 0 0 3 1 2 3 0 2381    0 
28 1 0 1 1 3 2 2 1 2771    1 
28 1 1 0 2 2 3 3 1 1051    1 
28 1 0 1 3 1 4 4 1 1368    1 
28 1 1 0 3 3 4 4 1 1104    1 
28 1 0 1 3 1 4 4 1 1579    1 
28 1 1 0 3 3 4 4 1  707    1 
28 1 0 0 1 3 4 4 1 1758    1 
28 1 1 0 2 2 3 3 1  719    1 
28 1 0 0 0 2 3 1 0  641    1 
28 1 1 0 3 3 4 4 1  605    1 
28 1 1 0 0 0 1 1 1  691    1 
28 1 1 0 2 2 3 3 1  711    1 
28 1 1 0 0 0 1 1 1  658    1 
28 1 1 0 0 0 1 1 1  630    1 
28 1 0 0 0 2 3 3 1 2293    1 
28 1 1 0 3 3 4 4 1  624    1 
28 1 0 1 3 1 4 4 1 1382    0 
28 1 0 1 1 3 2 2 1 1734    1 
28 1 1 1 1 1 2 2 1 1071    1 
28 1 0 0 0 2 3 3 1 1348    1 
28 1 1 0 2 2 3 3 1  789    1 
28 1 1 0 1 1 2 2 1  997    0 
28 1 0 0 1 3 4 4 1 1076    1 
28 1 1 1 0 0 1 1 1 1208    0 
28 1 0 0 2 0 1 1 1 1679    1 
28 1 1 0 2 2 3 3 1  691    0 
28 1 0 0 1 3 4 4 1  975    1 
28 1 0 0 0 2 3 3 1 1119    1 
28 1 0 0 2 0 1 1 1 1073    1 
28 1 0 0 2 0 1 1 1 1125    1 
28 1 0 0 1 3 4 4 1 1008    1 
28 1 0 0 1 3 4 4 1  830    1 
28 1 0 0 3 1 2 2 1 1677    1 
28 1 0 0 3 1 2 2 1 1249    1 
28 1 1 1 1 1 2 2 1  990    1 
28 1 1 1 0 0 1 1 1  853    1 
28 1 1 0 1 1 2 2 1  946    1 
28 1 1 0 0 0 1 1 1  875    1 
28 1 1 1 2 2 3 3 1 1288    1 
28 1 0 0 0 2 3 3 1 1883    1 
28 1 1 0 0 0 1 1 1  687    0 
28 1 1 0 1 1 2 2 1 1602    1 
28 1 0 1 2 0 3 3 1 1145    1 
28 1 0 0 1 3 4 4 1 1355    1 
28 1 1 0 0 0 1 1 1 1443    1 
28 1 1 1 2 2 3 3 1 1465    1 
28 1 0 0 3 1 2 4 0 1654    1 
28 1 1 0 3 3 4 4 1  697    1 
28 1 0 0 1 3 4 2 0  660    1 
28 1 0 0 3 1 2 2 1 1639    1 
28 1 1 0 1 1 2 2 1  589    1 
28 1 0 0 0 2 3 3 1 1308    1 
28 1 0 0 0 2 3 3 1  519    1 
28 1 1 0 0 0 1 1 1  689    1 
28 1 1 0 2 2 3 3 1  861    1 
28 1 1 1 0 0 1 1 1 1289    1 
28 1 0 1 2 0 3 3 1 1637    0 
28 1 0 0 2 0 1 1 1 1562    1 
28 1 0 1 0 2 1 1 1 1227    1 
28 1 0 1 2 0 3 3 1 1761    0 
28 1 0 0 1 3 4 4 1  818    1 
28 1 0 0 2 0 1 1 1 1761    1 
28 1 1 0 0 0 1 1 1  641    1 
28 1 1 0 1 1 2 2 1  903    1 
28 1 1 0 1 1 2 2 1  634    0 
28 1 1 0 1 1 2 2 1  463    1 
28 1 0 0 0 2 3 1 0 1060    1 
28 1 1 1 2 2 3 3 1 2831    1 
28 1 0 0 1 3 4 4 1 1685    1 
28 1 0 0 0 2 3 3 1 1465    1 
28 1 1 1 3 3 4 4 1 1062    1 
28 1 0 1 3 1 4 4 1 1763    1 
28 1 1 0 2 2 3 3 1 1083    1 
28 1 1 0 2 2 3 3 1  591    1 
28 1 1 1 1 1 2 2 1 1366    1 
28 1 1 1 0 0 1 1 1 1015    1 
28 1 1 0 3 3 4 4 1  877    1 
28 1 0 0 0 2 3 3 1 1050    1 
28 1 0 1 1 3 2 2 1 1430    1 
28 1 0 0 3 1 2 4 0 1421    1 
28 1 0 0 3 1 2 2 1 1137    1 
28 1 0 0 3 1 2 2 1  986    1 
28 1 1 0 0 0 1 1 1  874    1 
28 1 0 0 3 1 2 2 1 1590    1 
28 1 1 0 2 2 3 3 1 1022    1 
28 1 1 0 1 1 2 2 1  788    1 
28 1 1 1 3 3 4 4 1 1323    1 
28 1 0 1 3 1 4 4 1 1453    1 
28 1 1 1 1 1 2 2 1  954    1 
28 1 1 1 2 2 3 3 1  763    1 
28 1 0 0 2 0 1 1 1  948    1 
28 1 1 0 3 3 4 4 1  645    1 
28 1 0 0 0 2 3 3 1 2259    1 
28 1 1 0 3 3 4 4 1  664    1 
28 1 0 0 0 2 3 3 1  741    1 
28 1 0 0 2 0 1 1 1  702    1 
28 1 0 0 1 3 4 2 0  905    1 
28 1 0 1 0 2 1 1 1 1210    1 
28 1 1 0 2 2 3 3 1 1089    1 
28 1 0 0 0 2 3 3 1  996    1 
28 1 0 0 2 0 1 1 1 1548    1 
28 1 0 0 1 3 4 4 1  837    1 
28 1 0 0 0 2 3 3 1  843    1 
28 1 0 0 2 0 1 1 1  704   86 
28 1 0 0 3 1 2 2 1 1195    1 
28 1 0 0 3 1 2 2 1  923    1 
28 1 1 0 3 3 4 4 1  669    1 
28 1 0 0 1 3 4 4 1  489    1 
28 1 1 0 2 2 3 3 1  732    1 
28 1 1 1 3 3 4 4 1 1270    1 
28 1 0 1 3 1 4 4 1 1274    1 
28 1 1 0 0 0 1 1 1 1062    1 
28 1 1 0 2 2 3 3 1  731    1 
28 1 0 1 1 3 2 2 1 1509    1 
28 1 1 1 3 3 4 4 1 1008    1 
28 1 0 1 3 1 4 4 1  951    1 
28 1 1 0 0 0 1 1 1  872    1 
28 1 0 0 0 2 3 1 0  772    1 
28 1 1 1 0 0 1 1 1 1074    1 
28 1 1 0 0 0 1 1 1  758    1 
28 1 0 1 1 3 2 2 1 1127    1 
28 1 1 1 2 2 3 3 1  841    1 
28 1 0 0 2 0 1 1 1 1103    1 
28 1 0 0 3 1 2 2 1 1009    1 
28 1 1 1 3 3 4 4 1 1096    1 
28 1 1 1 2 2 3 3 1  884    1 
28 1 0 0 3 1 2 2 1 1047    1 
28 1 0 0 3 1 2 2 1 1365    1 
28 1 0 0 3 1 2 2 1  518    1 
28 1 0 0 2 0 1 1 1  720    1 
28 1 1 0 2 2 3 3 1  818    1 
28 1 1 0 1 1 2 2 1  712    1 
28 1 0 0 3 1 2 2 1  531    1 
28 1 0 0 1 3 4 4 1  589    1 
28 1 1 0 2 2 3 3 1  813    1 
28 1 0 0 1 3 4 4 1  611    1 
28 1 0 0 2 0 1 1 1 1690    1 
28 1 0 0 2 0 1 1 1  566    0 
28 1 1 1 1 1 2 2 1  982    1 
28 1 0 0 2 0 1 1 1  837    1 
28 1 1 1 0 0 1 1 1 1731    1 
28 1 1 0 0 0 1 1 1  813    1 
28 1 0 0 2 0 1 1 1  700    1 
28 1 1 0 2 2 3 3 1  735    1 
28 1 1 0 1 1 2 2 1  656    1 
28 1 0 0 1 3 4 4 1  629    1 
28 1 1 1 1 1 2 2 1 1107    1 
28 1 1 0 2 2 3 3 1  942    1 
28 1 1 1 1 1 2 2 1 1303    1 
28 1 1 0 2 2 3 3 1 1186    1 
28 1 1 0 1 1 2 2 1  962    1 
28 1 1 0 0 0 1 1 1  611    1 
28 1 1 1 2 2 3 3 1 1202    1 
28 1 1 0 0 0 1 1 1  784    1 
28 1 0 0 3 1 2 2 1  928    1 
28 1 0 1 3 1 4 4 1 1682    1 
28 1 0 0 3 1 2 2 1 1006    1 
28 1 1 0 3 3 4 4 1  844    1 
28 1 0 0 1 3 4 4 1  778    1 
28 1 1 0 1 1 2 2 1  866    1 
28 1 1 0 1 1 2 2 1  614    1 
28 1 1 1 0 0 1 1 1  941    1 
28 1 1 0 0 0 1 1 1  822    1 
28 1 0 0 1 3 4 4 1  789    1 
28 1 1 0 3 3 4 4 1  508    1 
28 1 0 0 3 1 2 2 1 1711    1 
28 1 0 0 0 2 3 3 1 2290    1 
28 1 0 1 1 3 2 2 1 1253    1 
28 1 1 0 2 2 3 3 1 2082    1 
28 1 1 0 1 1 2 2 1  854    1 
28 1 0 0 0 2 3 3 1 1747    1 
28 1 0 0 0 2 3 3 1  564    1 
28 1 0 0 2 0 1 1 1  733    0 
28 1 1 0 1 1 2 2 1 1087    1 
28 1 0 0 0 2 3 3 1  834    1 
28 1 0 0 3 1 2 2 1  856    1 
28 1 0 0 2 0 1 1 1  780    1 
28 1 1 1 0 0 1 1 1 1252    1 
28 1 0 0 0 2 3 3 1 1225    1 
28 1 1 1 2 2 3 3 1 1168    1 
28 1 1 0 3 3 4 4 1  888    1 
28 1 1 0 3 3 4 4 1  867    1 
28 1 1 0 1 1 2 2 1  743    1 
28 1 1 0 2 2 3 3 1  689    1 
28 1 1 0 3 3 4 4 1  660    0 
28 1 1 1 3 3 4 4 1  905    1 
28 1 0 0 1 3 4 4 1 1124    1 
28 1 0 0 1 2 3 3 1 2732    0 
28 1 1 0 1 1 2 1 0  502    1 
28 1 0 0 1 2 3 3 1  926    1 
28 1 1 1 2 2 3 3 1 1001    0 
28 1 1 0 2 2 3 3 1 1551    1 
28 1 0 0 3 0 1 1 1 1560    1 
28 1 0 1 1 2 2 3 0  881    1 
28 1 0 0 2 3 4 4 1  763    1 
28 1 0 0 2 3 4 4 1  676    1 
28 1 1 0 3 3 4 4 1  960    1 
28 1 1 0 2 2 3 3 1  624    1 
28 1 1 0 3 3 4 4 1  591    1 
28 1 0 0 1 2 3 3 1 1158    1 
28 1 0 0 3 0 1 1 1  583    1 
28 1 0 0 1 2 3 3 1  734    1 
28 1 1 1 3 3 4 4 1  936    1 
28 1 0 1 2 3 3 3 1  849    1 
28 1 1 1 1 1 2 2 1  838    1 
28 1 0 0 0 1 2 2 1 1404    1 
28 1 1 0 0 0 1 1 1  547    1 
28 1 0 0 3 0 1 1 1 1092    1 
28 1 0 0 3 0 1 1 1  384    1 
28 1 1 1 2 2 3 3 1  663    1 
28 1 0 0 1 2 3 3 1  636    1 
28 1 1 1 1 1 2 2 1  785    1 
28 1 0 0 0 1 2 2 1  497    1 
28 1 1 0 1 1 2 2 1  412    0 
28 1 0 0 1 2 3 3 1  435    1 
28 1 0 0 0 1 2 2 1 1224    1 
28 1 1 0 2 2 3 3 1  591    1 
28 1 0 1 1 2 2 2 1 1342    1 
28 1 0 0 0 1 2 2 1  792    1 
28 1 1 0 2 2 3 3 1  583    1 
28 1 1 0 2 2 3 3 1  503    1 
28 1 1 1 1 1 2 2 1 1161    1 
28 1 0 0 3 0 1 1 1  570    1 
28 1 0 1 0 1 1 1 1  986    1 
28 1 1 0 3 3 4 4 1  714    1 
28 1 1 1 3 3 4 4 1  997    1 
28 1 1 0 1 1 2 2 1 1020    1 
28 1 1 0 0 0 1 1 1  610    1 
28 1 1 0 3 3 4 4 1  585    0 
28 1 1 1 0 0 1 1 1  953    1 
28 1 1 0 1 1 2 2 1  777    1 
28 1 0 0 1 2 3 3 1  506    1 
28 1 1 0 0 0 1 1 1  540    1 
28 1 0 1 0 1 1 1 1  942    1 
28 1 0 1 3 0 4 4 1 1047    1 
28 1 1 1 0 0 1 1 1  757    1 
28 1 0 1 0 1 1 1 1  758    1 
28 1 1 0 3 3 4 4 1  974    1 
28 1 0 1 0 1 1 1 1  951    1 
28 1 0 1 2 3 3 3 1 1112    0 
28 1 1 1 2 2 3 3 1  610    1 
28 1 0 1 3 0 4 4 1 1001    1 
28 1 1 0 2 2 3 3 1  680    1 
28 1 0 1 2 3 3 3 1 1212    1 
28 1 0 0 0 1 2 2 1 1083    1 
28 1 1 1 0 0 1 1 1  943    1 
28 1 1 1 2 2 3 3 1  816    1 
28 1 0 0 1 2 3 3 1  926    1 
28 1 0 0 1 2 3 3 1  616    1 
28 1 1 1 2 2 3 3 1 1214    1 
28 1 0 0 1 2 3 3 1  653    1 
28 1 0 0 3 0 1 1 1  938    1 
28 1 1 0 3 3 4 4 1  604    1 
28 1 1 1 3 3 4 4 1  994    1 
28 1 1 1 0 0 1 1 1  602    1 
28 1 1 0 3 3 4 4 1  641    1 
28 1 0 0 1 2 3 3 1  598    1 
28 1 1 0 0 0 1 1 1  574    1 
28 1 0 1 1 2 2 2 1 1158    1 
28 1 0 1 1 2 2 2 1  799    1 
28 1 0 1 2 3 3 3 1 1013    0 
28 1 1 0 0 0 1 1 1  820    1 
28 1 1 0 3 3 4 4 1  514    1 
28 1 0 0 0 1 2 2 1  829    1 
28 1 1 0 1 1 2 1 0  507    1 
28 1 1 0 0 0 1 1 1  748    1 
28 1 1 0 3 3 4 4 1  630    1 
28 1 0 0 0 1 2 2 1  596    1 
28 1 0 0 2 3 4 1 0  667    1 
28 1 1 0 3 3 4 4 1  717    1 
28 1 1 0 3 3 4 4 1  456    1 
28 1 1 0 1 1 2 2 1  812    1 
28 1 1 0 2 2 3 3 1  547    1 
28 1 1 0 3 3 4 4 1  549    1 
28 1 1 0 3 3 4 4 1  613    1 
28 1 0 0 3 0 1 1 1 1204    0 
28 1 1 0 3 3 4 4 1  579    1 
28 1 1 0 3 3 4 4 1  603    1 
28 1 0 0 0 1 2 2 1 1050    1 
28 1 0 0 2 3 4 4 1  671    1 
28 1 0 0 0 1 2 2 1  923    1 
28 1 1 0 1 1 2 2 1 1029    1 
28 1 1 0 0 0 1 1 1  771    1 
28 1 1 0 2 2 3 3 1  659    1 
28 1 1 0 3 3 4 4 1  872    1 
28 1 0 1 3 0 4 4 1 1204    1 
28 1 0 0 2 3 4 4 1  747    1 
28 1 1 1 2 2 3 3 1 1117    1 
28 1 0 0 1 2 3 3 1  743    1 
28 1 0 0 3 0 1 2 0  552    1 
28 1 0 0 0 1 2 2 1 1263    1 
28 1 1 0 1 1 2 2 1  644    1 
28 1 1 1 2 2 3 3 1  922    1 
28 1 0 0 3 0 1 1 1  716    1 
28 1 1 0 1 1 2 3 0  686    1 
28 1 0 1 0 1 1 1 1 1071    1 
28 1 0 0 1 2 3 3 1  740    1 
28 1 1 0 2 2 3 3 1  965    1 
28 1 1 0 2 2 3 3 1  478    1 
28 1 0 0 0 1 2 2 1  762    1 
28 1 0 0 2 3 4 4 1  635    1 
28 1 1 0 2 2 3 3 1  624   99 
28 1 1 0 3 3 4 4 1  582    1 
28 1 0 0 3 0 1 1 1  694    1 
28 1 1 0 0 0 1 1 1  505    1 
28 1 0 0 1 2 3 3 1  932    1 
28 1 1 1 1 1 2 2 1 1046    1 
28 1 0 0 2 3 4 4 1  731    1 
28 1 0 0 2 3 4 4 1  517    1 
28 1 1 0 3 3 4 4 1  415    1 
28 1 0 0 3 0 1 1 1  726    1 
28 1 1 1 1 1 2 2 1 1216    1 
28 1 0 0 1 2 3 3 1  966    1 
28 1 0 0 2 3 4 4 1  726    1 
28 1 0 0 2 3 4 4 1  360    1 
28 1 1 1 1 1 2 2 1 1209    1 
28 1 1 0 0 0 1 1 1  720    1 
28 1 0 0 0 1 2 1 0  618    1 
28 1 0 0 0 1 2 1 0  838    1 
28 1 0 0 3 0 1 1 1 1146    1 
28 1 1 0 1 1 2 2 1  827    1 
28 1 0 0 0 1 2 2 1  513   73 
28 1 0 0 3 0 1 1 1  860    1 
28 1 1 0 2 2 3 3 1 1113    1 
28 1 0 0 3 0 1 1 1  532    1 
28 1 1 0 1 1 2 2 1  710    1 
28 1 0 1 1 2 2 2 1  873    1 
28 1 0 0 0 1 2 1 0  669    1 
28 1 0 1 2 3 3 3 1  743    1 
28 1 0 0 2 3 4 4 1  977    1 
28 1 0 0 3 0 1 1 1  681    1 
28 1 0 0 1 2 3 3 1  605    1 
28 1 1 0 3 3 4 4 1  540    1 
28 1 0 1 1 2 2 2 1 1029    1 
28 1 1 1 0 0 1 1 1  619    1 
28 1 1 0 2 2 3 3 1  649    1 
28 1 0 0 3 0 1 1 1 1030    1 
28 1 1 0 3 3 4 4 1  580    1 
28 1 1 0 1 1 2 2 1  669    1 
28 1 0 0 1 2 3 3 1  865    0 
28 1 0 1 0 1 1 1 1  822    1 
28 1 1 0 2 2 3 3 1  628    1 
28 1 1 0 1 1 2 2 1  586    1 
28 1 0 1 1 2 2 2 1 1105    1 
28 1 1 0 1 1 2 2 1  588    1 
28 1 0 1 0 1 1 1 1 1092    1 
28 1 0 0 2 3 4 4 1  727    1 
28 1 0 0 0 1 2 1 0  609    1 
28 1 1 0 3 3 4 4 1  686    1 
28 1 1 0 0 0 1 1 1  666    1 
28 1 1 0 3 3 4 4 1  478    1 
28 1 1 0 2 2 3 3 1  602    1 
28 1 1 0 3 3 4 4 1  777    1 
28 1 1 0 0 0 1 1 1  593    1 
28 1 0 0 0 1 2 2 1  832    1 
28 1 0 1 1 2 2 2 1  822    1 
28 1 1 0 0 0 1 1 1  548    1 
28 1 0 0 0 1 2 2 1 1013    1 
28 1 0 0 2 3 4 4 1 1020    1 
28 1 0 0 0 1 2 2 1  746    1 
28 1 0 1 0 1 1 2 0  892    1 
28 1 0 0 2 3 4 4 1  829    1 
28 1 0 0 1 2 3 3 1  659    1 
28 1 1 0 2 2 3 3 1  480    1 
28 1 0 0 0 1 2 2 1  788    1 
28 1 1 0 1 1 2 2 1  652    1 
28 1 1 0 3 3 4 4 1  737    1 
28 1 1 0 2 2 3 3 1  618    1 
28 1 0 0 3 0 1 1 1  952    1 
28 1 0 1 2 3 3 3 1  857    1 
28 1 1 1 0 0 1 1 1  822    1 
28 1 1 0 2 2 3 3 1  628    1 
28 1 1 0 2 2 3 3 1  546    1 
28 1 1 0 3 3 4 4 1  532    1 
28 1 1 0 0 0 1 1 1  766    1 
28 1 0 0 2 3 4 4 1  838    1 
28 1 1 0 1 1 2 2 1  667    1 
28 1 1 0 2 2 3 3 1  632    0 
28 1 0 1 0 1 1 1 1  950    1 
