8 1 0 0 2 0 1 0 0 5000    1 
8 1 0 0 2 0 1 1 1 2867    1 
8 1 1 1 1 1 2 2 1 3703    1 
8 1 0 0 1 3 4 4 1 1490    1 
8 1 0 1 0 2 1 1 1 2302    1 
8 1 1 0 3 3 4 4 1 1785    1 
8 1 0 0 3 1 2 2 1 1272    1 
8 1 0 0 1 3 4 4 1  844    1 
8 1 1 0 3 3 4 4 1  522    1 
8 1 1 0 3 3 4 4 1  420    1 
8 1 0 0 1 3 4 4 1  378    1 
8 1 0 0 2 0 1 1 1  850    1 
8 1 0 0 3 1 2 2 1  711    1 
8 1 0 1 2 0 3 3 1 1914    1 
8 1 0 1 0 2 1 1 1  837    1 
8 1 0 0 2 0 1 1 1  602    1 
8 1 1 1 2 2 3 3 1  849    1 
8 1 1 0 0 0 1 1 1 1366    1 
8 1 0 0 1 3 4 4 1  630    1 
8 1 1 0 0 0 1 1 1  836    1 
8 1 1 1 0 0 1 1 1 1090    1 
8 1 0 0 2 0 1 1 1 1013    1 
8 1 1 0 1 1 2 2 1 3228    1 
8 1 1 0 0 0 1 1 1 1042    1 
8 1 0 1 3 1 4 4 1 1640    1 
8 1 1 0 1 1 2 2 1 1805    1 
8 1 1 0 1 1 2 2 1 1044    1 
8 1 1 0 0 0 1 1 1  602    1 
8 1 1 1 3 3 4 4 1  904    1 
8 1 0 0 3 1 2 2 1 2291    1 
8 1 0 0 3 1 2 2 1  639    1 
8 1 1 0 3 3 4 4 1  716    0 
8 1 0 0 0 2 3 3 1 1798    1 
8 1 1 0 3 3 4 4 1 4302    1 
8 1 1 1 1 1 2 0 0 5000    1 
8 1 0 1 0 2 1 1 1 1238    1 
8 1 1 0 2 2 3 3 1 1436    0 
8 1 1 1 2 2 3 3 1 1161    1 
8 1 0 0 0 2 3 3 1 1026    1 
8 1 1 0 2 2 3 3 1  640    1 
8 1 0 0 1 3 4 4 1  734    1 
8 1 1 0 3 3 4 4 1  607    1 
8 1 1 0 2 2 3 3 1 1310    1 
8 1 0 0 3 1 2 2 1  929    1 
8 1 0 1 2 0 3 3 1 1139    1 
8 1 0 0 2 0 1 1 1  765    1 
8 1 1 0 0 0 1 1 1 1029    1 
8 1 0 0 0 2 3 2 0 1027    1 
8 1 1 0 3 3 4 4 1  752    1 
8 1 0 1 2 0 3 3 1 1240    1 
8 1 0 1 1 3 2 2 1 1022    1 
8 1 0 0 0 2 3 3 1 1524    1 
8 1 1 1 3 3 4 4 1  806    1 
8 1 1 1 2 2 3 3 1  837    1 
8 1 0 0 1 3 4 4 1 1187   48 
8 1 0 0 1 3 4 4 1  754    1 
8 1 1 0 0 0 1 1 1  819    1 
8 1 0 0 1 3 4 4 1  721    1 
8 1 1 1 0 0 1 1 1 1067    1 
8 1 0 0 1 3 4 4 1 1119    1 
8 1 1 0 2 2 3 3 1  977    1 
8 1 1 0 1 1 2 2 1 1306    0 
8 1 0 0 1 3 4 4 1 1092    1 
8 1 1 0 0 0 1 1 1  992    1 
8 1 1 0 2 2 3 2 0 1359    1 
8 1 0 1 2 0 3 3 1 1062    1 
8 1 0 0 1 3 4 4 1  779    1 
8 1 0 0 3 1 2 2 1 4915    1 
8 1 1 0 1 1 2 2 1  830    1 
8 1 1 0 0 0 1 1 1  756    1 
8 1 1 0 2 2 3 3 1 1125    1 
8 1 0 0 1 3 4 4 1  879    1 
8 1 0 0 1 3 4 4 1  739    1 
8 1 0 0 3 1 2 3 0 1084    1 
8 1 0 0 0 2 3 3 1  710    1 
8 1 0 0 2 0 1 1 1  905    1 
8 1 1 1 3 3 4 4 1  780    1 
8 1 0 0 1 3 4 4 1  652    1 
8 1 0 1 3 1 4 4 1  617    1 
8 1 1 0 1 1 2 2 1  935    1 
8 1 1 0 0 0 1 1 1  552    1 
8 1 1 1 3 3 4 4 1  745    1 
8 1 1 0 2 2 3 3 1 1130    1 
8 1 0 0 0 2 3 3 1  485    1 
8 1 0 0 3 1 2 2 1  592    1 
8 1 1 0 3 3 4 4 1  584    1 
8 1 1 1 3 3 4 4 1  831    1 
8 1 1 0 2 2 3 3 1  741    1 
8 1 0 1 1 3 2 2 1 1399    1 
8 1 1 0 0 0 1 1 1  653    1 
8 1 1 0 0 0 1 1 1  570    1 
8 1 1 0 0 0 1 1 1  386    1 
8 1 0 1 0 2 1 1 1  554    1 
8 1 0 0 2 0 1 1 1  539    1 
8 1 1 0 3 3 4 4 1  596    1 
8 1 1 0 2 2 3 3 1  700    1 
8 1 0 1 2 3 3 3 1 4895    1 
8 1 1 0 2 2 3 3 1 1211    1 
8 1 0 0 3 0 1 1 1 3570    1 
8 1 1 1 3 3 4 4 1  970    1 
8 1 1 0 2 2 3 3 1 1531    1 
8 1 0 1 3 0 4 1 0 1109    1 
8 1 1 0 2 2 3 3 1 3806    1 
8 1 0 0 1 2 3 3 1 2077    1 
8 1 1 0 1 1 2 2 1 1017    1 
8 1 1 0 2 2 3 3 1  775    1 
8 1 1 0 0 0 1 1 1  927    1 
8 1 1 1 1 1 2 2 1 1849    1 
8 1 0 0 1 2 3 3 1 1286    1 
8 1 0 1 2 3 3 4 0 2378    1 
8 1 0 1 1 2 2 2 1 1976    1 
8 1 0 0 3 0 1 1 1 1552    1 
8 1 0 1 3 0 4 4 1 2033    1 
8 1 0 0 2 3 4 4 1 2191    1 
8 1 0 1 3 0 4 4 1 3886    1 
8 1 0 1 2 3 3 4 0 1962    1 
8 1 1 0 2 2 3 3 1 1497    1 
8 1 0 0 0 1 2 2 1 1948    0 
8 1 1 0 0 0 1 1 1 1350    1 
8 1 0 0 1 2 3 3 1  919    1 
8 1 0 0 0 1 2 2 1 1617    1 
8 1 1 1 1 1 2 2 1 1127    1 
8 1 1 0 3 3 4 4 1  801    1 
8 1 1 0 0 0 1 1 1  896    1 
8 1 0 0 3 0 1 1 1 1004    1 
8 1 1 0 2 2 3 3 1  674    1 
8 1 1 0 1 1 2 2 1  679    1 
8 1 0 0 2 3 4 4 1  923    1 
8 1 1 0 1 1 2 2 1  669    1 
8 1 1 1 1 1 2 2 1  961    0 
8 1 1 0 1 1 2 2 1  674    1 
8 1 1 0 0 0 1 1 1  790    1 
8 1 1 0 3 3 4 4 1  637    1 
8 1 1 0 2 2 3 3 1  691    1 
8 1 0 0 1 2 3 3 1 1662    1 
8 1 0 0 0 1 2 2 1 1067    1 
8 1 1 0 0 0 1 1 1  911    1 
8 1 0 0 0 1 2 2 1  858    1 
8 1 1 0 2 2 3 3 1 1015    1 
8 1 0 0 1 2 3 3 1 1022    1 
8 1 0 1 0 1 1 1 1 1860    1 
8 1 0 0 0 1 2 2 1  969    1 
8 1 0 1 0 1 1 1 1 1321    1 
8 1 1 1 1 1 2 2 1 1299    1 
8 1 0 0 2 3 4 4 1 1598    1 
8 1 1 1 3 3 4 4 1 1350    0 
8 1 0 0 2 3 4 4 1 1766    1 
8 1 0 1 2 3 3 4 0 1655    1 
8 1 1 1 0 0 1 1 1 1705    1 
8 1 0 0 0 1 2 2 1 1276    1 
8 1 0 0 2 3 4 4 1 2937    1 
8 1 0 0 0 1 2 2 1 1834    1 
8 1 1 0 3 3 4 4 1  720    1 
8 1 0 1 1 2 2 2 1 2154    1 
8 1 1 0 0 0 1 1 1  683    1 
8 1 0 1 0 1 1 1 1 2190    0 
8 1 1 0 3 3 4 4 1  926    1 
8 1 1 0 0 0 1 1 1  976    1 
8 1 1 1 1 1 2 2 1 2496    1 
8 1 0 0 3 0 1 4 0 1228    1 
8 1 1 0 1 1 2 2 1 3208    0 
8 1 0 0 0 1 2 2 1  927    1 
8 1 0 0 2 3 4 4 1 3041    1 
8 1 0 0 2 3 4 4 1  791    1 
8 1 1 0 2 2 3 3 1 2814    0 
8 1 1 0 3 3 4 4 1  757    0 
8 1 1 0 3 3 4 4 1  430    1 
8 1 1 0 1 1 2 2 1  708    1 
8 1 1 0 1 1 2 2 1  575    1 
8 1 0 0 2 3 4 4 1 2111    1 
8 1 1 0 2 2 3 3 1  882    1 
8 1 1 0 1 1 2 2 1  766    1 
8 1 0 0 3 0 1 1 1 1910    1 
8 1 0 0 0 1 2 2 1  857    1 
8 1 1 0 3 3 4 4 1  926    1 
8 1 1 0 3 3 4 4 1  432    1 
8 1 0 0 1 2 3 3 1 1341    1 
8 1 1 0 3 3 4 4 1  943    1 
8 1 0 0 1 2 3 3 1  968    1 
8 1 1 1 3 3 4 4 1 1257    0 
8 1 1 1 2 2 3 3 1 1109    1 
8 1 1 0 2 2 3 3 1  968    1 
8 1 1 0 2 2 3 3 1  472    1 
8 1 1 0 1 1 2 2 1 1005    1 
8 1 0 0 1 2 3 3 1  995    1 
8 1 1 0 3 3 4 4 1  667    1 
8 1 1 0 3 3 4 4 1  479    1 
8 1 0 0 3 0 1 1 1  627    1 
8 1 1 0 1 1 2 2 1  873    1 
8 1 0 1 3 0 4 1 0 1230  236 
8 1 1 0 2 2 3 3 1 2666    1 
8 1 0 0 3 0 1 1 1 1718    1 
8 1 0 1 3 0 4 4 1 1824    1 
8 1 0 0 3 0 1 1 1 1526    1 
8 1 0 1 2 3 3 3 1 3256    1 
8 1 1 1 1 1 2 2 1 1437    1 
8 1 0 1 1 2 2 2 1 1515    1 
8 1 0 1 0 1 1 1 1 1718    1 
8 1 0 0 3 0 1 1 1 1856    1 
8 1 0 1 2 3 3 3 1 1437    0 
8 1 0 1 2 3 3 3 1  906    1 
8 1 1 0 0 0 1 1 1  685    1 
8 1 0 0 1 2 3 3 1 1281    1 
8 1 0 1 1 2 2 2 1 1285    1 
8 1 1 0 2 2 3 3 1 1032    1 
8 1 1 0 2 2 3 3 1  574    1 
8 1 1 1 3 3 4 4 1 1294    1 
8 1 1 1 2 2 3 3 1 1130    1 
8 1 1 0 3 3 4 4 1  748    1 
8 1 1 1 2 2 3 3 1  797    1 
8 1 0 0 0 1 2 2 1 1061    1 
8 1 0 0 2 3 4 4 1 1449    1 
8 1 1 0 1 1 2 2 1 2606    1 
8 1 0 0 0 1 2 2 1  957    1 
8 1 1 0 3 3 4 4 1  758    1 
8 1 0 0 1 2 3 3 1 1087    1 
8 1 1 0 1 1 2 2 1  890    1 
8 1 1 1 2 2 3 3 1 1414    1 
8 1 0 0 2 3 4 4 1  781    1 
8 1 1 0 0 0 1 1 1 1405    1 
8 1 0 0 3 0 1 1 1 1132    1 
8 1 0 1 0 1 1 1 1 2086    1 
8 1 0 0 1 2 3 3 1 2825    1 
8 1 0 1 3 0 4 1 0 1144    1 
8 1 1 0 0 0 1 0 0 5000    1 
8 1 0 1 0 1 1 1 1 2908    1 
8 1 1 0 0 0 1 1 1  743    1 
8 1 1 0 3 3 4 4 1 1193    1 
8 1 0 0 3 0 1 1 1 2008    1 
8 1 1 0 0 0 1 1 1 1119    1 
8 1 0 0 3 0 1 1 1  625    1 
8 1 0 1 3 0 4 4 1 1776    1 
8 1 0 0 0 1 2 2 1 1216    1 
8 1 0 0 2 3 4 4 1 1446    1 
8 1 1 0 3 3 4 4 1 1539    1 
8 1 1 1 3 3 4 4 1 2509    1 
8 1 0 0 2 3 4 4 1  952    1 
8 1 0 0 0 1 2 2 1  889    1 
8 1 0 0 2 3 4 4 1 1268    1 
8 1 1 1 1 1 2 2 1 1160  313 
8 1 1 0 1 1 2 2 1  601    1 
8 1 1 0 2 2 3 3 1  744    1 
8 1 1 0 0 0 1 1 1 1449    1 
8 1 0 0 0 1 2 2 1  894  127 
8 1 0 0 0 1 2 2 1 1226    1 
8 1 1 0 0 0 1 1 1  976    1 
8 1 0 0 0 1 2 1 0  608    1 
8 1 0 0 3 0 1 1 1  989    1 
8 1 1 0 2 2 3 3 1  812    1 
8 1 0 0 1 2 3 3 1 1299    1 
8 1 1 0 0 0 1 1 1 1566    1 
8 1 0 0 1 2 3 3 1 1718    1 
8 1 1 0 2 2 3 3 1  880    1 
8 1 1 0 3 3 4 4 1 1253  127 
8 1 1 0 1 1 2 2 1  730    1 
8 1 1 0 3 3 4 4 1  668    1 
8 1 0 1 3 0 4 1 0 2112    1 
8 1 0 0 1 2 3 3 1 2593    1 
8 1 1 0 0 0 1 1 1 1408    1 
8 1 0 0 3 0 1 1 1 1543    1 
8 1 1 0 0 0 1 1 1 1177    1 
8 1 1 0 0 0 1 1 1  633    1 
8 1 0 0 0 1 2 2 1  726    1 
8 1 1 0 0 0 1 1 1  744    1 
8 1 1 0 1 1 2 2 1 1210    1 
8 1 0 0 0 1 2 2 1  841    1 
8 1 1 0 2 2 3 3 1  654    1 
8 1 0 0 1 2 3 3 1 1339    1 
8 1 0 0 1 2 3 3 1  525    1 
8 1 0 0 2 3 4 4 1  639    1 
8 1 0 0 2 3 4 4 1  628    1 
8 1 0 0 1 2 3 2 0  962    1 
8 1 1 1 2 2 3 3 1 1681    1 
8 1 1 0 0 0 1 1 1  781    1 
8 1 1 0 0 0 1 1 1  573    1 
8 1 1 1 2 2 3 3 1 3022    1 
8 1 0 0 1 2 3 3 1  852    1 
8 1 1 0 3 3 4 4 1  729    1 
8 1 1 1 1 1 2 2 1 2779    1 
8 1 0 0 1 2 3 3 1 1411    1 
8 1 1 0 2 2 3 3 1  594    1 
8 1 0 0 1 2 3 3 1  953    1 
8 1 0 1 0 1 1 1 1 1794    1 
8 1 0 0 0 1 2 1 0  482    1 
8 1 0 1 3 0 4 4 1 1515    1 
8 1 1 0 3 3 4 4 1  573    1 
8 1 1 1 1 1 2 2 1 1870    1 
8 1 0 0 3 0 1 1 1 1690    1 
8 1 1 1 3 3 4 0 0 5000    1 
8 1 1 0 3 3 4 4 1  845    1 
8 1 0 1 1 3 2 2 1 1722    1 
8 1 1 0 2 2 3 3 1 4084    1 
8 1 1 1 2 2 3 3 1  936    1 
8 1 0 0 2 0 1 1 1 1226    1 
8 1 0 1 0 2 1 1 1 1400    1 
8 1 1 0 2 2 3 3 1 1087    1 
8 1 0 0 2 0 1 1 1 2714    1 
8 1 1 0 2 2 3 3 1 1317    1 
8 1 1 0 2 2 3 3 1  567   70 
8 1 1 0 1 1 2 2 1  727    1 
8 1 1 1 2 2 3 3 1 2682    1 
8 1 0 0 0 2 3 3 1 3022    1 
8 1 1 0 2 2 3 3 1  524    1 
8 1 0 0 0 2 3 3 1  582    1 
8 1 0 0 3 1 2 2 1  806    1 
8 1 0 0 1 3 4 4 1  892    1 
8 1 1 0 1 1 2 2 1  848    1 
8 1 0 0 2 0 1 1 1 1029   61 
8 1 1 0 1 1 2 2 1  892    1 
8 1 0 0 3 1 2 2 1 1351    1 
8 1 0 0 1 3 4 4 1 2928    1 
8 1 1 0 0 0 1 1 1  834    1 
8 1 0 0 3 1 2 2 1 1744    1 
8 1 0 0 3 1 2 2 1  585    1 
8 1 1 0 0 0 1 1 1  633    1 
8 1 1 0 1 1 2 2 1  654    1 
8 1 1 1 1 1 2 2 1 1715    1 
8 1 0 0 1 3 4 4 1  814   89 
8 1 0 0 2 0 1 1 1 1197    1 
8 1 1 0 3 3 4 4 1 1876    1 
8 1 0 0 1 3 4 4 1 1024  116 
8 1 0 0 0 2 3 3 1 2103    1 
8 1 1 0 3 3 4 4 1 1489    1 
8 1 1 0 0 0 1 1 1 3677    1 
8 1 1 1 1 1 2 2 1 1065    1 
8 1 1 0 1 1 2 2 1  997    1 
8 1 0 0 3 1 2 2 1 1381    1 
8 1 0 1 0 2 1 1 1 1677    0 
8 1 1 0 0 0 1 1 1  649    1 
8 1 0 0 3 1 2 4 0  966    1 
8 1 1 0 2 2 3 3 1  772    1 
8 1 0 0 0 2 3 3 1 1628    1 
8 1 1 1 1 1 2 2 1 1011    1 
8 1 0 0 2 0 1 1 1 1041    1 
8 1 1 0 3 3 4 4 1  615    1 
8 1 0 1 1 3 2 2 1 1550    0 
8 1 1 0 0 0 1 1 1 2551    1 
8 1 1 1 3 3 4 4 1  928   50 
8 1 0 0 2 0 1 1 1 1130    1 
8 1 0 0 0 2 3 3 1 1524    1 
8 1 0 1 3 1 4 4 1 4046    1 
8 1 1 0 3 3 4 4 1  676    1 
8 1 0 1 1 3 2 2 1  944    1 
8 1 1 0 3 3 4 4 1  849    1 
8 1 0 0 2 0 1 1 1 1478    1 
8 1 1 0 0 0 1 1 1  618    1 
8 1 0 1 2 0 3 3 1 1176    0 
8 1 1 0 2 2 3 3 1  873    1 
8 1 1 0 0 0 1 1 1  885    1 
8 1 0 1 1 3 2 2 1 1808    1 
8 1 0 0 0 2 3 3 1 2079    1 
8 1 1 0 3 3 4 4 1  603    1 
8 1 1 0 3 3 4 4 1  506    1 
8 1 1 0 2 2 3 3 1  909   25 
8 1 0 1 3 1 4 4 1 2008    1 
8 1 0 0 0 2 3 3 1 3327    1 
8 1 1 0 2 2 3 3 1  729    1 
8 1 0 1 1 3 2 2 1 1979    1 
8 1 1 0 2 2 3 3 1 1155    0 
8 1 0 1 1 3 2 2 1 1820    1 
8 1 1 0 1 1 2 2 1  826    1 
8 1 1 0 3 3 4 4 1  753    1 
8 1 1 0 2 2 3 3 1 1057    1 
8 1 0 0 1 3 4 4 1 1414    1 
8 1 1 0 0 0 1 1 1  693    1 
8 1 1 1 3 3 4 4 1 1248    1 
8 1 1 0 3 3 4 4 1  902    1 
8 1 1 1 3 3 4 4 1 1041    1 
8 1 1 1 0 0 1 1 1 1910    1 
8 1 0 0 3 1 2 2 1  961    1 
8 1 1 0 1 1 2 2 1 1458    1 
8 1 0 0 0 2 3 3 1 1479    1 
8 1 1 1 2 2 3 3 1 1187    1 
8 1 1 1 2 2 3 3 1 1435    0 
8 1 0 0 2 0 1 1 1  800    1 
8 1 0 1 1 3 2 2 1 1055    1 
8 1 1 0 1 1 2 2 1  732    1 
8 1 0 1 3 1 4 4 1  998    1 
8 1 0 1 1 3 2 2 1 1741    0 
8 1 1 0 2 2 3 3 1  815    1 
8 1 1 0 1 1 2 2 1 1046    1 
8 1 1 1 0 0 1 1 1  971    1 
8 1 1 0 1 1 2 2 1  771    1 
8 1 0 1 2 0 3 3 1 2227  123 
8 1 1 0 0 0 1 1 1  802    1 
8 1 0 0 2 0 1 3 0  913    1 
8 1 1 0 1 1 2 2 1 3233    1 
8 1 1 0 1 1 2 2 1  735    1 
8 1 0 0 1 3 4 4 1 2960    1 
8 1 1 1 2 2 3 3 1 1105    1 
8 1 0 0 2 0 1 1 1  892    1 
8 1 1 1 2 2 3 3 1 2056    1 
8 1 0 0 1 3 4 4 1  981    1 
8 1 1 0 1 1 2 2 1  605    1 
8 1 1 0 0 0 1 1 1  636    1 
8 1 1 0 3 3 4 4 1  673    1 
8 1 0 1 0 2 1 1 1 1557    1 
8 1 0 1 1 3 2 2 1 1182    1 
8 1 1 0 3 3 4 4 1  854    1 
8 1 0 0 0 2 3 3 1 1354    1 
8 1 1 1 3 3 4 4 1 2091    1 
8 1 1 0 1 1 2 2 1  903    1 
8 1 0 0 0 2 3 3 1 2754    1 
8 1 0 0 1 3 4 4 1 1243    1 
8 1 0 0 2 0 1 1 1 1248    1 
8 1 1 0 0 0 1 1 1  678    1 
8 1 1 0 1 1 2 2 1  738    1 
8 1 1 1 2 2 3 3 1 3019    1 
8 1 1 0 0 0 1 1 1  817    1 
8 1 0 1 3 1 4 4 1 1704    1 
8 1 0 0 2 0 1 1 1 1426    1 
8 1 0 0 0 2 3 3 1 2329    1 
8 1 1 0 0 0 1 1 1  731    1 
8 1 0 0 3 1 2 2 1 2493    1 
8 1 0 0 1 3 4 4 1 1113    1 
8 1 0 0 1 3 4 4 1 1188    1 
8 1 0 0 0 2 3 3 1 1451    1 
8 1 0 0 3 1 2 2 1 1632    0 
8 1 1 1 0 0 1 1 1  885    1 
8 1 0 0 2 0 1 1 1 3097    1 
8 1 0 0 3 1 2 2 1 1325    1 
8 1 0 0 0 2 3 3 1 2655    1 
8 1 1 1 0 0 1 1 1 1132    1 
8 1 1 0 1 1 2 2 1  966    1 
8 1 1 0 2 2 3 3 1 1014    1 
8 1 0 0 3 1 2 2 1 1293    1 
8 1 1 0 2 2 3 3 1 1544   25 
8 1 0 0 2 0 1 1 1  994    1 
8 1 1 0 3 3 4 4 1  841    1 
8 1 1 1 0 0 1 1 1 1343    1 
8 1 0 0 3 1 2 2 1 2288    1 
8 1 1 0 0 0 1 1 1  668    1 
8 1 1 0 1 1 2 2 1 1144    1 
8 1 0 0 0 2 3 3 1  921    1 
8 1 0 1 3 1 4 4 1 2044    1 
8 1 0 0 0 2 3 3 1 1105    0 
8 1 1 1 3 3 4 4 1 1476    1 
8 1 1 0 1 1 2 2 1 2168    1 
8 1 1 0 2 2 3 3 1 1304    1 
8 1 1 0 3 3 4 4 1 2219    1 
8 1 0 0 0 2 3 3 1 2522    1 
8 1 1 0 3 3 4 4 1 1132    1 
8 1 0 0 2 0 1 1 1 3302    1 
8 1 1 1 0 0 1 1 1  937    0 
8 1 0 1 2 0 3 3 1 2650    1 
8 1 0 0 3 1 2 2 1 3199    1 
8 1 0 0 3 1 2 2 1  702    1 
8 1 0 0 1 3 4 4 1 1561    1 
8 1 0 0 3 1 2 0 0 5000    1 
8 1 0 0 2 0 1 1 1 2007    1 
8 1 1 0 2 2 3 3 1  894    1 
8 1 0 1 0 2 1 3 0 3401    1 
8 1 1 0 2 2 3 3 1 1607    1 
8 1 0 1 1 3 2 2 1 1093    1 
8 1 0 0 0 2 3 3 1 1497    1 
8 1 1 1 0 0 1 1 1  964    1 
8 1 1 1 0 0 1 1 1  709    1 
8 1 0 0 2 0 1 1 1 1800  136 
8 1 0 0 1 3 4 4 1  991    1 
8 1 0 0 3 1 2 2 1 1886    1 
8 1 0 0 3 1 2 2 1  842    1 
8 1 0 0 3 1 2 2 1  791    1 
8 1 0 0 0 2 3 3 1 1055    1 
8 1 0 0 1 3 4 4 1 1052    1 
8 1 0 0 2 0 1 1 1 1041    1 
8 1 1 0 2 2 3 3 1 1030    1 
8 1 0 0 0 2 3 3 1 1156    1 
8 1 1 0 1 1 2 2 1 1061    1 
8 1 0 1 1 3 2 2 1 1642    1 
8 1 1 0 0 0 1 1 1 1415    1 
8 1 0 0 3 1 2 2 1 1598    1 
8 1 1 0 1 1 2 2 1 1349    1 
8 1 1 1 3 3 4 4 1 1110    1 
8 1 1 0 2 2 3 3 1 1073    1 
8 1 1 0 3 3 4 4 1  749    1 
8 1 0 0 3 1 2 2 1 1886    1 
8 1 1 0 1 1 2 2 1  809   50 
8 1 0 0 0 2 3 3 1  944    1 
8 1 0 0 0 2 3 3 1  666    1 
8 1 0 0 2 0 1 1 1  958    1 
