26 1 1 0 0 0 1 1 1 3125    1 
26 1 1 1 3 3 4 4 1 2543    0 
26 1 1 0 2 2 3 3 1 2033    1 
26 1 1 0 1 1 2 4 0  110    1 
26 1 0 0 0 1 2 2 1 1463    1 
26 1 1 1 3 3 4 4 1 4612    1 
26 1 0 1 1 2 2 2 1 1955    1 
26 1 0 0 0 1 2 2 1 2428    1 
26 1 1 1 3 3 4 4 1 1274    1 
26 1 0 0 3 0 1 1 1 1766    1 
26 1 1 0 0 0 1 1 1 1287    1 
26 1 0 0 0 1 2 4 0  130    1 
26 1 0 1 0 1 1 1 1 1170    1 
26 1 1 0 0 0 1 1 1  747   67 
26 1 0 0 1 2 3 3 1 1740    1 
26 1 1 0 0 0 1 1 1  582    1 
26 1 1 0 0 0 1 1 1  590    1 
26 1 0 0 3 0 1 1 1  637    1 
26 1 1 0 1 1 2 2 1  819    1 
26 1 0 1 1 2 2 2 1 1265    0 
26 1 0 1 2 3 3 3 1 1270    1 
26 1 1 0 1 1 2 2 1 1146    1 
26 1 1 0 2 2 3 3 1 2099    1 
26 1 1 0 3 3 4 4 1  822    1 
26 1 1 0 1 1 2 2 1 1148    1 
26 1 0 0 0 1 2 2 1  830    1 
26 1 0 0 0 1 2 2 1  668    1 
26 1 1 1 2 2 3 3 1 1760    1 
26 1 0 0 2 3 4 4 1  873    0 
26 1 1 0 0 0 1 1 1  677    1 
26 1 1 1 1 1 2 2 1 1377    1 
26 1 0 0 3 0 1 1 1 1090    1 
26 1 1 1 0 0 1 1 1 1349    1 
26 1 1 0 1 1 2 2 1  750    1 
26 1 0 0 3 0 1 1 1 1831    1 
26 1 1 0 0 0 1 1 1  693    1 
26 1 0 0 1 2 3 3 1 1545    1 
26 1 1 0 3 3 4 4 1  754    1 
26 1 0 0 3 0 1 1 1 1051    1 
26 1 0 1 2 3 3 3 1 1680    1 
26 1 0 1 1 2 2 2 1 1340    1 
26 1 0 0 2 3 4 4 1  910    1 
26 1 1 1 2 2 3 3 1 1072    1 
26 1 1 0 1 1 2 2 1 1341    1 
26 1 1 0 2 2 3 4 0  630    1 
26 1 0 0 0 1 2 2 1  834    1 
26 1 0 0 3 0 1 1 1  704    0 
26 1 0 0 0 1 2 2 1 2066    1 
26 1 1 1 3 3 4 4 1  975    1 
26 1 0 0 1 2 3 3 1 1311    1 
26 1 1 0 1 1 2 2 1 1002    1 
26 1 0 0 3 0 1 1 1  641    1 
26 1 1 0 2 2 3 3 1 1502    1 
26 1 1 0 0 0 1 1 1  553    1 
26 1 0 0 1 2 3 3 1  698    1 
26 1 1 0 1 1 2 2 1  781    0 
26 1 1 0 2 2 3 3 1  813    1 
26 1 1 0 1 1 2 2 1  660    1 
26 1 0 0 2 3 4 4 1  625    1 
26 1 1 1 2 2 3 3 1 2287    1 
26 1 0 0 2 3 4 4 1  803    0 
26 1 1 0 3 3 4 4 1  538    1 
26 1 0 0 0 1 2 2 1 1147    1 
26 1 0 1 1 2 2 2 1  709    1 
26 1 1 0 2 2 3 3 1  807    1 
26 1 1 0 3 3 4 4 1  806    1 
26 1 1 1 1 1 2 2 1  925    1 
26 1 0 0 3 0 1 1 1  503    1 
26 1 0 0 1 2 3 3 1  994    1 
26 1 0 0 3 0 1 1 1  593    1 
26 1 0 0 1 2 3 3 1  745    1 
26 1 0 1 3 0 4 4 1  978    1 
26 1 1 0 2 2 3 3 1 1011    1 
26 1 0 0 2 3 4 4 1  601    1 
26 1 0 0 0 1 2 2 1  792    1 
26 1 0 0 2 3 4 4 1  584    0 
26 1 1 0 2 2 3 3 1 1247    1 
26 1 0 0 3 0 1 1 1  533    0 
26 1 0 0 3 0 1 1 1 2006    1 
26 1 1 1 1 1 2 2 1 1485    1 
26 1 1 1 0 0 1 1 1  833    1 
26 1 0 0 2 3 4 4 1  558    1 
26 1 0 0 0 1 2 2 1  671    1 
26 1 0 1 3 0 4 4 1  643    1 
26 1 0 0 0 1 2 2 1  624    1 
26 1 0 0 2 3 4 4 1  583    1 
26 1 1 1 2 2 3 3 1 1574    1 
26 1 0 0 1 2 3 3 1  990    1 
26 1 1 0 3 3 4 4 1  622    1 
26 1 0 0 3 0 1 1 1  636    1 
26 1 1 0 1 1 2 2 1 1513    1 
26 1 1 0 0 0 1 1 1  596    1 
26 1 1 0 2 2 3 3 1 1060    1 
26 1 1 0 0 0 1 1 1  481    1 
26 1 0 1 3 0 4 4 1  805    1 
26 1 1 1 2 2 3 3 1 1244    1 
26 1 1 0 3 3 4 4 1  783    1 
26 1 0 0 2 1 2 3 0 1599    1 
26 1 0 0 1 0 1 1 1 1644    1 
26 1 0 0 0 3 4 4 1  681    1 
26 1 1 0 3 3 4 4 1  637    1 
26 1 0 0 3 2 3 4 0  915    1 
26 1 0 1 0 3 1 1 1 1995    1 
26 1 1 0 0 0 1 1 1  955    1 
26 1 1 0 2 2 3 3 1 1684    0 
26 1 0 0 2 1 2 2 1 1839    1 
26 1 0 1 0 3 1 1 1 1645    1 
26 1 1 1 3 3 4 4 1 1074    0 
26 1 0 0 3 2 3 2 0 1782    1 
26 1 0 0 1 0 1 1 1 1596    1 
26 1 0 0 2 1 2 2 1 2820    1 
26 1 1 0 0 0 1 1 1  938    1 
26 1 1 0 1 1 2 2 1 1267    1 
26 1 1 0 3 3 4 4 1  800    1 
26 1 1 0 1 1 2 2 1 1206    1 
26 1 0 0 0 3 4 4 1  829    1 
26 1 0 0 0 3 4 4 1  699    1 
26 1 0 0 3 2 3 3 1 1502    1 
26 1 1 1 0 0 1 1 1  945    1 
26 1 0 1 2 1 3 3 1 2971    1 
26 1 0 1 3 2 4 4 1  915    1 
26 1 1 0 1 1 2 2 1 1694    1 
26 1 1 0 2 2 3 3 1 1137    1 
26 1 0 0 3 2 3 3 1 1419    1 
26 1 1 0 1 1 2 2 1 1369    1 
26 1 0 0 1 0 1 1 1  881    1 
26 1 0 0 2 1 2 2 1 1453    1 
26 1 1 1 1 1 2 2 1 3594    1 
26 1 1 0 1 1 2 2 1 1218    1 
26 1 1 1 1 1 2 2 1 2216    1 
26 1 1 0 2 2 3 3 1 1278    1 
26 1 0 0 0 3 4 4 1  651    1 
26 1 0 0 3 2 3 3 1 1383    1 
26 1 0 0 0 3 4 4 1  623    1 
26 1 1 0 1 1 2 2 1 1317    1 
26 1 1 1 0 0 1 1 1  839    1 
26 1 0 0 3 2 3 3 1 2269    1 
26 1 1 1 3 3 4 4 1 1121    1 
26 1 0 0 0 3 4 4 1 1459    1 
26 1 1 0 3 3 4 4 1  744    1 
26 1 1 0 0 0 1 1 1  698    1 
26 1 1 0 0 0 1 1 1  605    1 
26 1 0 0 2 1 2 2 1 2284    1 
26 1 0 0 2 1 2 2 1 1191    1 
26 1 0 0 3 2 3 3 1 1399    1 
26 1 0 0 0 3 4 4 1  814    1 
26 1 1 1 3 3 4 4 1 1029    1 
26 1 0 0 0 3 4 4 1 1195    0 
26 1 0 0 1 0 1 1 1 1242    1 
26 1 0 0 3 2 3 3 1 2576    1 
26 1 1 0 3 3 4 4 1  664    1 
26 1 0 0 3 2 3 3 1  733    1 
26 1 0 1 3 2 4 4 1  902    1 
26 1 0 1 2 1 3 2 0 1513    1 
26 1 1 0 1 1 2 2 1 2138    1 
26 1 1 0 3 3 4 4 1  692    1 
26 1 1 1 2 2 3 3 1 2071    1 
26 1 0 0 0 3 4 4 1  747    1 
26 1 1 1 2 2 3 3 1 1261    1 
26 1 1 0 1 1 2 2 1 1730    1 
26 1 1 0 3 3 4 4 1  588    1 
26 1 0 1 2 1 3 3 1 2115    1 
26 1 1 0 0 0 1 1 1  654    1 
26 1 1 0 3 3 4 4 1  819    1 
26 1 0 0 3 2 3 3 1 1433    1 
26 1 0 0 2 1 2 2 1 1382    1 
26 1 1 0 1 1 2 2 1 1014    1 
26 1 1 0 0 0 1 1 1  589    1 
26 1 0 1 2 1 3 3 1 1092    1 
26 1 1 0 3 3 4 4 1  592    1 
26 1 1 1 2 2 3 3 1 1255    0 
26 1 1 0 0 0 1 1 1  468    0 
26 1 0 1 2 1 3 3 1 1304    1 
26 1 1 1 0 0 1 1 1  611    1 
26 1 0 0 3 2 3 3 1 1666    1 
26 1 0 0 3 2 3 3 1  702    1 
26 1 0 0 2 1 2 2 1  881    1 
26 1 0 0 1 0 1 1 1  581    1 
26 1 1 0 2 2 3 3 1  941    1 
26 1 0 0 1 0 1 1 1  535    1 
26 1 1 0 0 0 1 1 1  552    1 
26 1 1 0 0 0 1 1 1  401    1 
26 1 0 0 2 1 2 2 1 1184    1 
26 1 1 1 3 3 4 4 1  975    1 
26 1 0 0 0 3 4 4 1  591    1 
26 1 1 1 2 2 3 3 1 1071    1 
26 1 1 0 1 1 2 2 1 1563    1 
26 1 0 1 1 0 2 2 1 3452    1 
26 1 1 0 2 2 3 3 1  841    1 
26 1 0 0 1 0 1 1 1  614    1 
26 1 1 1 2 2 3 3 1 2173    1 
26 1 1 0 0 0 1 1 1  525    1 
26 1 0 0 3 2 3 3 1 2279    1 
26 1 0 0 3 2 3 3 1  788    1 
26 1 1 0 2 2 3 3 1 1091    1 
26 1 0 0 2 1 2 2 1  871    1 
26 1 0 0 2 1 2 2 1  467    1 
26 1 1 1 1 1 2 2 1 1127    0 
26 1 0 1 3 2 4 4 1  849    1 
26 1 1 1 1 1 2 2 1 1678    1 
26 1 0 0 1 0 1 1 1  866    1 
26 1 0 0 1 0 1 1 1  566    1 
26 1 0 0 3 2 3 3 1 2151    1 
26 1 1 0 0 0 1 1 1  535    0 
26 1 0 0 0 3 4 4 1  593    1 
26 1 1 0 0 0 1 1 1  528    1 
26 1 1 0 3 3 4 4 1  963    0 
26 1 1 0 1 1 2 2 1 1011    1 
26 1 0 0 1 0 1 1 1  842    1 
26 1 0 1 2 1 3 3 1 1672    1 
26 1 1 0 0 0 1 1 1  516    1 
26 1 1 1 0 0 1 1 1  998    1 
26 1 0 0 2 1 2 3 0 3677    1 
26 1 1 0 3 3 4 4 1 1344    1 
26 1 1 1 3 3 4 4 1  706    1 
26 1 1 0 3 3 4 4 1  700    1 
26 1 1 0 1 1 2 2 1 1023    0 
26 1 1 0 3 3 4 4 1  685    1 
26 1 1 0 2 2 3 3 1  641    1 
26 1 1 1 0 0 1 1 1 1030    1 
26 1 0 0 0 3 4 4 1  884    1 
26 1 0 1 1 0 2 2 1 1912    1 
26 1 1 0 3 3 4 4 1  579    1 
26 1 0 0 2 1 2 2 1 2091    1 
26 1 1 0 0 0 1 1 1  655    1 
26 1 1 0 1 1 2 2 1  819    1 
26 1 0 0 2 1 2 2 1  905    1 
26 1 0 0 2 1 2 2 1  628    1 
26 1 1 0 0 0 1 1 1  466    1 
26 1 0 0 1 0 1 1 1  751    1 
26 1 0 1 0 3 1 4 0  927    1 
26 1 0 0 2 1 2 2 1 2536    1 
26 1 0 0 0 3 4 4 1  849    1 
26 1 1 0 2 2 3 3 1 1358    1 
26 1 0 0 0 3 4 4 1  663    1 
26 1 1 0 2 2 3 3 1 1316    1 
26 1 1 0 2 2 3 3 1  630    1 
26 1 0 1 2 1 3 3 1 1196    0 
26 1 1 0 0 0 1 1 1  595    1 
26 1 1 0 1 1 2 2 1 1283    1 
26 1 0 0 1 0 1 1 1  583    1 
26 1 1 0 1 1 2 2 1  686    1 
26 1 1 0 1 1 2 2 1  577    1 
26 1 0 1 3 2 4 4 1 1250    1 
26 1 0 0 1 0 1 1 1 1070    1 
26 1 1 0 1 1 2 2 1  819    1 
26 1 1 1 0 0 1 1 1 1105    0 
26 1 1 1 3 3 4 4 1  868    1 
26 1 0 0 2 1 2 2 1 2016    1 
26 1 1 0 0 0 1 1 1  574    1 
26 1 1 0 0 0 1 1 1  534    1 
26 1 0 0 1 0 1 1 1 1112    1 
26 1 1 0 2 2 3 3 1 1138    1 
26 1 0 1 0 3 1 1 1 1012    1 
26 1 0 0 2 1 2 2 1 1475    1 
26 1 1 0 2 2 3 3 1 1095    1 
26 1 1 1 3 3 4 4 1 1395    1 
26 1 0 0 1 0 1 1 1  570    1 
26 1 0 1 0 3 1 1 1  962    1 
26 1 0 1 3 2 4 4 1 1227    1 
26 1 1 0 0 0 1 1 1  945    1 
26 1 0 0 2 1 2 2 1 1123    1 
26 1 1 0 0 0 1 1 1  677    1 
26 1 0 1 1 0 2 2 1 1113    1 
26 1 1 0 3 3 4 4 1  708    1 
26 1 0 0 1 0 1 1 1 1455    1 
26 1 1 0 2 2 3 3 1  884    1 
26 1 0 0 1 0 1 1 1  743    0 
26 1 0 1 3 2 4 4 1  872    1 
26 1 0 0 0 3 4 1 0  501    1 
26 1 0 0 2 1 2 2 1 3094    1 
26 1 0 1 2 1 3 3 1 1225    1 
26 1 1 0 1 1 2 2 1 1415    1 
26 1 0 1 1 0 2 2 1 1166    1 
26 1 1 1 1 1 2 2 1 1086    0 
26 1 0 1 3 2 4 4 1  961    1 
26 1 1 0 0 0 1 1 1  666    1 
26 1 0 0 1 0 1 1 1 1222    1 
26 1 0 0 0 3 4 4 1  676    0 
26 1 1 0 2 2 3 3 1 2457    1 
26 1 0 0 1 0 1 1 1  958    1 
26 1 1 1 2 2 3 3 1 1878    1 
26 1 1 0 3 3 4 4 1  683    1 
26 1 0 0 3 2 3 4 0 1038    1 
26 1 0 0 3 2 3 3 1 1778    1 
26 1 1 0 1 1 2 2 1 1258    1 
26 1 1 0 3 3 4 4 1  623    1 
26 1 1 0 1 1 2 2 1  573    1 
26 1 0 1 0 2 1 1 1 1312    1 
26 1 1 0 0 0 1 1 1  747    1 
26 1 1 0 3 3 4 4 1 1773    1 
26 1 1 0 3 3 4 4 1  533    1 
26 1 0 0 3 1 2 2 1 2598    1 
26 1 1 0 0 0 1 1 1  549    1 
26 1 1 0 1 1 2 2 1  806    1 
26 1 0 0 0 2 3 3 1  725    1 
26 1 1 0 3 3 4 4 1  559    1 
26 1 0 0 3 1 2 2 1 1632    1 
26 1 0 0 1 3 4 4 1  765    1 
26 1 1 0 1 1 2 2 1  590    1 
26 1 0 0 2 0 1 1 1  637    1 
26 1 0 0 0 2 3 3 1 1931    1 
26 1 0 0 3 1 2 2 1 1789    1 
26 1 0 0 0 2 3 3 1 1204    1 
26 1 0 0 1 3 4 4 1  619    1 
26 1 0 0 3 1 2 2 1 1313    1 
26 1 0 0 2 0 1 1 1  660    1 
26 1 1 0 3 3 4 4 1  889    1 
26 1 1 0 0 0 1 1 1 1196    1 
26 1 1 0 2 2 3 3 1  652    1 
26 1 0 1 2 0 3 3 1 1809    1 
26 1 1 0 1 1 2 2 1  608    1 
26 1 0 0 3 1 2 2 1 1238    1 
26 1 0 0 0 2 3 3 1 1652    1 
26 1 0 1 2 0 3 3 1 1329    1 
26 1 0 1 3 1 4 4 1  875    1 
26 1 0 0 2 0 1 1 1  935    1 
26 1 0 0 2 0 1 1 1  593    1 
26 1 1 0 0 0 1 1 1  512    1 
26 1 0 0 2 0 1 1 1  491    1 
26 1 0 0 3 1 2 2 1 1166    1 
26 1 1 0 1 1 2 2 1  655    0 
26 1 1 1 3 3 4 4 1  907    1 
26 1 0 1 1 3 2 2 1 1598    1 
26 1 1 0 0 0 1 1 1  670    1 
26 1 1 0 3 3 4 4 1 2250    1 
26 1 0 0 2 0 1 1 1 1399    1 
26 1 0 0 2 0 1 1 1  942    1 
26 1 1 0 0 0 1 1 1  575    1 
26 1 1 0 2 2 3 3 1  783    1 
26 1 0 0 2 0 1 1 1 1231    1 
26 1 0 0 0 2 3 3 1  757    1 
26 1 0 0 3 1 2 2 1  974    1 
26 1 0 0 3 1 2 2 1  526    1 
26 1 0 0 2 0 1 1 1  760    1 
26 1 0 0 1 3 4 4 1 1353    1 
26 1 0 1 3 1 4 4 1  930    1 
26 1 0 0 2 0 1 1 1  724    1 
26 1 1 0 1 1 2 2 1 1294    1 
26 1 0 1 3 1 4 4 1  818    1 
26 1 0 1 3 1 4 4 1  800    1 
26 1 0 0 2 0 1 1 1 1311    1 
26 1 1 0 3 3 4 4 1  593    1 
26 1 1 0 2 2 3 3 1 1249    1 
26 1 1 0 1 1 2 2 1  726    1 
26 1 0 0 0 2 3 3 1 1048    1 
26 1 0 0 2 0 1 1 1  637    1 
26 1 1 1 0 0 1 1 1  883    1 
26 1 0 0 2 0 1 1 1  958    1 
26 1 1 1 0 0 1 1 1  783    1 
26 1 1 1 1 1 2 2 1 1287    1 
26 1 0 1 1 3 2 2 1  842    1 
26 1 1 0 3 3 4 4 1  704    1 
26 1 0 0 0 2 3 3 1 1435    1 
26 1 1 0 0 0 1 1 1  984    1 
26 1 1 0 1 1 2 2 1 1040    1 
26 1 0 0 3 1 2 2 1 1037    1 
26 1 1 1 0 0 1 1 1  899    1 
26 1 1 0 1 1 2 2 1  757    1 
26 1 1 1 2 2 3 3 1 1134    1 
26 1 1 1 2 2 3 3 1 1080    1 
26 1 0 1 2 0 3 3 1 1356    1 
26 1 1 0 2 2 3 3 1  853    0 
26 1 0 1 2 0 3 3 1  866    1 
26 1 1 0 2 2 3 3 1  638    1 
26 1 1 1 0 0 1 1 1  923    1 
26 1 0 0 1 3 4 4 1 1085    1 
26 1 1 0 1 1 2 2 1 1041    1 
26 1 1 1 3 3 4 4 1  774    1 
26 1 0 0 0 2 3 3 1 1151    1 
26 1 1 0 1 1 2 2 1  727    1 
26 1 0 0 3 1 2 2 1 1106    1 
26 1 0 0 3 1 2 2 1  724    1 
26 1 1 0 3 3 4 4 1  727    1 
26 1 0 1 3 1 4 4 1 1057    1 
26 1 0 1 0 2 1 1 1 1086    1 
26 1 1 0 1 1 2 2 1  865    1 
26 1 0 0 3 1 2 2 1 1030    1 
26 1 1 1 2 2 3 3 1 1036    0 
26 1 1 1 0 0 1 1 1 1194    1 
26 1 1 0 3 3 4 4 1  729    1 
26 1 1 0 2 2 3 3 1 1051    1 
26 1 0 0 3 1 2 2 1 1032    1 
26 1 1 0 1 1 2 2 1  662    1 
26 1 0 0 2 0 1 1 1 1178    1 
26 1 1 0 2 2 3 3 1 1035    0 
26 1 1 0 0 0 1 1 1  672    1 
26 1 0 0 2 0 1 1 1 1156    1 
26 1 0 0 0 2 3 3 1  781    1 
26 1 1 0 0 0 1 1 1  669    1 
26 1 1 1 1 1 2 2 1 1081    1 
26 1 1 0 0 0 1 1 1  677    1 
26 1 0 0 1 3 4 4 1 1026    1 
26 1 0 0 3 1 2 2 1 1312    1 
26 1 1 0 3 3 4 4 1 1043    1 
26 1 0 0 0 2 3 3 1 1168    1 
26 1 0 0 2 0 1 1 1 1320    1 
26 1 0 0 1 3 4 4 1  683    1 
26 1 0 0 0 2 3 3 1 1030    1 
26 1 1 0 1 1 2 2 1  820    1 
26 1 1 0 2 2 3 3 1  922    1 
26 1 0 0 0 2 3 3 1  644    1 
26 1 0 0 2 0 1 1 1  826    1 
26 1 1 0 1 1 2 2 1  912    1 
26 1 1 0 1 1 2 2 1 1019    0 
26 1 0 1 1 3 2 2 1  945    1 
26 1 0 1 1 3 2 2 1  939    1 
26 1 0 0 0 2 3 3 1  980    1 
26 1 0 1 0 2 1 1 1 1340    1 
26 1 0 0 3 1 2 2 1 1654    1 
26 1 0 1 2 0 3 3 1 1395    1 
26 1 0 0 1 3 4 4 1 1194    1 
26 1 1 0 0 0 1 1 1  602    1 
26 1 1 1 3 3 4 4 1  873    1 
26 1 1 1 2 2 3 3 1 1205    1 
26 1 1 0 1 1 2 2 1 1300    1 
26 1 1 0 0 0 1 1 1  702    1 
26 1 0 0 0 2 3 3 1  945    1 
26 1 1 1 1 1 2 2 1 1027    1 
26 1 1 0 1 1 2 2 1  889    1 
26 1 1 0 0 0 1 1 1  732    1 
26 1 1 0 2 2 3 3 1  750    1 
26 1 0 0 1 3 4 4 1  975    1 
26 1 1 0 3 3 4 4 1  759    1 
26 1 1 1 2 2 3 3 1 1064    1 
26 1 1 0 2 2 3 3 1 1100    1 
26 1 1 0 3 3 4 4 1  735    1 
26 1 1 0 2 2 3 3 1  929    1 
26 1 1 0 3 3 4 4 1  659    1 
26 1 0 1 0 2 1 1 1 1304    1 
26 1 0 0 0 2 3 3 1 1883    1 
26 1 0 0 1 3 4 4 1  662    0 
26 1 1 1 1 1 2 2 1 1051    1 
26 1 0 1 3 1 4 4 1  808    1 
26 1 0 0 1 3 4 4 1  999    1 
26 1 1 0 1 1 2 2 1 1454    1 
26 1 1 0 2 2 3 3 1  738    1 
26 1 0 0 2 0 1 1 1  804    1 
26 1 0 0 0 2 3 3 1  939    1 
26 1 1 0 3 3 4 4 1  636    1 
26 1 1 0 1 1 2 2 1  810    1 
26 1 0 1 3 1 4 4 1 1440    1 
26 1 1 0 1 1 2 2 1  758    1 
26 1 0 0 1 3 4 4 1  959    1 
26 1 0 0 1 3 4 4 1  776    1 
26 1 1 0 2 2 3 3 1  976    1 
26 1 1 1 0 0 1 1 1 1008    1 
26 1 0 0 3 1 2 2 1  999    1 
26 1 0 0 1 3 4 4 1  774    1 
26 1 1 0 3 3 4 4 1  702    1 
26 1 1 1 3 3 4 4 1  969    1 
26 1 1 0 0 0 1 1 1 1025    1 
26 1 0 0 1 3 4 4 1  751    1 
26 1 0 0 0 2 3 3 1 3264    1 
26 1 0 1 1 3 2 2 1 1181    1 
26 1 0 0 0 2 3 3 1  733    1 
26 1 1 0 2 2 3 3 1 1086    0 
26 1 1 1 2 2 3 3 1 1010    1 
26 1 1 0 0 0 1 1 1  985    1 
26 1 0 1 2 0 3 3 1 1584    1 
26 1 0 0 2 0 1 1 1  944    1 
26 1 1 0 3 3 4 4 1  777    1 
26 1 1 1 3 3 4 4 1  865    1 
26 1 1 1 2 2 3 3 1 1022    1 
26 1 0 0 1 3 4 4 1 1196    1 
26 1 1 0 3 3 4 4 1  691    1 
26 1 1 1 0 0 1 1 1 1223    1 
26 1 1 0 3 3 4 4 1  765    1 
26 1 0 0 2 0 1 1 1 1182    1 
26 1 0 0 1 3 4 4 1  726    1 
26 1 0 1 3 1 4 4 1 1080    1 
26 1 1 0 0 0 1 1 1  636    1 
26 1 0 0 1 3 4 4 1  730    1 
26 1 1 1 3 3 4 4 1  852    1 
26 1 0 0 0 2 3 3 1 2361    1 
26 1 1 0 0 0 1 1 1  890    1 
26 1 1 0 2 2 3 3 1  893    1 
26 1 1 0 0 0 1 1 1 1025    1 
26 1 1 1 1 1 2 2 1 1223    1 
26 1 0 0 1 3 4 4 1 1005    1 
