2 1 1 0 0 0 1 1 1 1018    1 
2 1 0 0 3 0 1 1 1  968    1 
2 1 1 0 3 3 4 4 1 1112    1 
2 1 0 0 3 0 1 1 1  715    1 
2 1 0 0 2 3 4 4 1 1062    1 
2 1 0 0 3 0 1 1 1  802    1 
2 1 0 0 0 1 2 2 1  465    1 
2 1 1 1 1 1 2 2 1 3630    1 
2 1 1 1 0 0 1 1 1 2116    1 
2 1 1 0 1 1 2 2 1 1078    1 
2 1 0 0 1 2 3 3 1  827    1 
2 1 1 0 2 2 3 3 1 1113    1 
2 1 1 0 2 2 3 3 1  644    1 
2 1 0 0 2 3 4 4 1 1025    1 
2 1 1 1 2 2 3 3 1 4199    1 
2 1 1 0 2 2 3 3 1  838    1 
2 1 1 0 3 3 4 4 1  724    1 
2 1 1 0 0 0 1 1 1  670    1 
2 1 1 0 1 1 2 2 1  834    0 
2 1 0 0 0 1 2 2 1 2960    1 
2 1 0 1 0 1 1 1 1 1321    1 
2 1 0 0 2 3 4 4 1  603    1 
2 1 1 1 3 3 4 4 1  858    1 
2 1 1 0 3 3 4 4 1 1278    1 
2 1 0 1 3 0 4 4 1  530    1 
2 1 1 0 3 3 4 4 1  597    1 
2 1 0 0 1 2 3 3 1  900    1 
2 1 1 0 0 0 1 1 1  551    1 
2 1 0 0 1 2 3 3 1  712    1 
2 1 1 0 3 3 4 4 1  770    1 
2 1 1 0 3 3 4 4 1  547    1 
2 1 0 0 3 0 1 1 1  668    1 
2 1 1 0 0 0 1 1 1  512    1 
2 1 1 1 3 3 4 4 1  835    1 
2 1 0 1 1 2 2 2 1 1000    1 
2 1 1 0 2 2 3 3 1  671    1 
2 1 0 1 2 3 3 3 1  699    1 
2 1 0 1 3 0 4 4 1  678    1 
2 1 1 0 2 2 3 3 1  746    1 
2 1 1 0 1 1 2 2 1 1500    1 
2 1 0 0 1 2 3 2 0  799    1 
2 1 1 1 2 2 3 3 1  900    1 
2 1 1 0 0 0 1 1 1  654    1 
2 1 0 0 0 1 2 2 1  859    1 
2 1 1 1 1 1 2 2 1 1344    1 
2 1 0 0 3 0 1 1 1  706    1 
2 1 0 0 2 3 4 4 1  588    1 
2 1 1 0 1 1 2 2 1  956    1 
2 1 1 1 2 2 3 3 1 1349    1 
2 1 1 0 1 1 2 2 1  877    1 
2 1 1 0 2 2 3 3 1  890    1 
2 1 1 0 1 1 2 2 1  853    1 
2 1 0 0 0 1 2 2 1  890    1 
2 1 0 0 0 1 2 2 1  637    1 
2 1 1 0 3 3 4 4 1  731    0 
2 1 1 0 3 3 4 4 1  749    1 
2 1 1 0 2 2 3 3 1  798    1 
2 1 1 1 0 0 1 1 1 1021    1 
2 1 0 0 0 1 2 2 1  683    1 
2 1 0 0 1 2 3 3 1  607    1 
2 1 0 0 2 3 4 4 1  422    1 
2 1 0 1 1 2 2 2 1  980    1 
2 1 0 0 1 2 3 3 1  700    1 
2 1 1 0 1 1 2 3 0  783    1 
2 1 0 1 0 1 1 1 1  812    1 
2 1 0 0 1 2 3 3 1 1027    1 
2 1 0 1 2 3 3 3 1 1601    1 
2 1 1 0 3 3 4 4 1  576    1 
2 1 0 1 0 1 1 1 1  776    1 
2 1 0 0 2 3 4 4 1  656    1 
2 1 0 0 2 3 4 4 1  597    1 
2 1 0 1 2 3 3 3 1  981    1 
2 1 1 0 1 1 2 2 1  661    1 
2 1 1 0 2 2 3 3 1  777    1 
2 1 1 0 1 1 2 2 1 1018    1 
2 1 1 0 2 2 3 3 1  696    1 
2 1 0 0 0 1 2 2 1  859    0 
2 1 0 1 3 0 4 4 1  608    1 
2 1 0 1 0 1 1 1 1  727    1 
2 1 0 0 1 2 3 3 1 1257    1 
2 1 1 1 1 1 2 2 1  742    1 
2 1 1 0 2 2 3 3 1  863    1 
2 1 0 1 3 0 4 4 1  612    1 
2 1 0 0 3 0 1 1 1  859    1 
2 1 1 0 3 3 4 4 1  560    1 
2 1 0 0 1 2 3 3 1 1056    1 
2 1 0 0 0 1 2 2 1  557    1 
2 1 0 0 3 0 1 1 1  638    1 
2 1 0 1 3 0 4 4 1  580    1 
2 1 0 0 0 1 2 2 1 1148    1 
2 1 1 0 0 0 1 1 1  621    1 
2 1 1 0 0 0 1 1 1  651    1 
2 1 0 0 1 2 3 3 1  664    1 
2 1 0 0 2 3 4 4 1  541    1 
2 1 1 0 0 0 1 1 1  566    1 
2 1 1 0 0 0 1 1 1  535    1 
2 1 0 0 1 3 4 2 0 4075    1 
2 1 0 0 1 3 4 4 1 1566    1 
2 1 1 0 0 0 1 1 1  686    1 
2 1 1 1 0 0 1 1 1 1186    1 
2 1 0 0 2 0 1 3 0  873    1 
2 1 0 0 1 3 4 2 0 4451    1 
2 1 1 0 2 2 3 3 1 2382   11 
2 1 1 0 1 1 2 2 1 1742    1 
2 1 0 1 3 1 4 4 1 2319    1 
2 1 0 0 2 0 1 1 1 2394    1 
2 1 0 0 1 3 4 4 1 1977    1 
2 1 1 0 0 0 1 1 1  754    1 
2 1 1 0 0 0 1 1 1  650    1 
2 1 1 1 1 1 2 2 1 2047    1 
2 1 1 0 3 3 4 4 1 1029    1 
2 1 0 0 3 1 2 2 1 1555    1 
2 1 0 1 1 3 2 2 1 1668    1 
2 1 1 1 2 2 3 3 1 1328    1 
2 1 1 0 3 3 4 4 1  698    1 
2 1 1 0 0 0 1 1 1  574    1 
2 1 1 0 0 0 1 1 1  414    1 
2 1 1 0 3 3 4 4 1  700    1 
2 1 1 1 2 2 3 3 1 1903    1 
2 1 0 1 0 2 1 1 1 1186    1 
2 1 0 0 1 3 4 4 1 1402    1 
2 1 0 1 0 2 1 1 1 1488    1 
2 1 1 0 2 2 3 3 1  796    1 
2 1 0 0 0 2 3 1 0  851    1 
2 1 1 0 3 3 4 4 1  774    1 
2 1 0 1 3 1 4 4 1 1662    1 
2 1 1 0 1 1 2 2 1 1539    1 
2 1 0 1 0 2 1 1 1 1405    1 
2 1 0 0 3 1 2 2 1 1532    1 
2 1 1 1 2 2 3 3 1 2166    1 
2 1 0 0 3 1 2 2 1 1702    1 
2 1 1 1 2 2 3 3 1 1297    1 
2 1 1 0 2 2 3 3 1 1149    1 
2 1 0 1 0 2 1 1 1  981    1 
2 1 0 1 1 3 2 3 0 1910    1 
2 1 1 0 1 1 2 2 1  702    1 
2 1 1 0 3 3 4 4 1  889    1 
2 1 1 0 3 3 4 4 1  717    1 
2 1 0 0 2 0 1 1 1 2271    1 
2 1 0 0 2 0 1 1 1 1531    1 
2 1 1 0 0 0 1 1 1  765    1 
2 1 0 1 1 3 2 2 1 1557    1 
2 1 0 0 3 1 2 1 0 1318    1 
2 1 0 0 3 1 2 2 1 2094    1 
2 1 0 0 3 1 2 2 1  578    1 
2 1 1 0 2 2 3 3 1 1666    1 
2 1 1 0 0 0 1 1 1  646    1 
2 1 1 0 2 2 3 3 1 4332    1 
2 1 1 1 3 3 4 4 1 1038    1 
2 1 0 0 2 0 1 1 1  931    1 
2 1 0 0 1 3 4 4 1 1093    1 
2 1 0 0 2 0 1 1 1 2777    1 
2 1 0 0 1 3 4 4 1 1401    1 
2 1 1 0 1 1 2 2 1 1552    1 
2 1 0 1 3 1 4 4 1 1161    1 
2 1 0 0 2 0 1 1 1 1554    1 
2 1 1 0 3 3 4 4 1  810    1 
2 1 1 0 2 2 3 3 1 1665    1 
2 1 0 0 3 1 2 2 1  917    1 
2 1 0 0 3 1 2 2 1 1200    1 
2 1 0 0 0 2 3 3 1 1726    1 
2 1 0 0 2 0 1 1 1 1233    1 
2 1 1 0 2 2 3 3 1 1062    1 
2 1 0 0 0 2 3 3 1  795    1 
2 1 0 0 1 3 4 4 1  722    1 
2 1 1 0 3 3 4 4 1  717    1 
2 1 0 0 3 1 2 2 1  951    1 
2 1 1 0 2 2 3 3 1 1080    1 
2 1 1 0 0 0 1 1 1 1060    1 
2 1 0 0 3 1 2 2 1 1057    1 
2 1 1 0 1 1 2 2 1  645    1 
2 1 1 0 0 0 1 1 1  795    1 
2 1 0 0 1 3 4 4 1  850    1 
2 1 0 1 0 2 1 1 1 2743    1 
2 1 1 1 1 1 2 2 1 1305    1 
2 1 1 0 3 3 4 4 1  708    1 
2 1 1 0 1 1 2 2 1 1118    1 
2 1 1 0 0 0 1 1 1  736    1 
2 1 1 0 1 1 2 2 1 1338    1 
2 1 0 0 0 2 3 3 1 1243    1 
2 1 0 0 3 1 2 3 0  577    1 
2 1 1 1 3 3 4 4 1 1447    1 
2 1 0 1 3 1 4 4 1  661    1 
2 1 1 0 1 1 2 2 1 1521    1 
2 1 0 1 3 1 4 4 1  892    1 
2 1 1 1 2 2 3 3 1 1055    1 
2 1 0 1 2 0 3 3 1  924    1 
2 1 0 0 2 0 1 1 1  926    1 
2 1 0 0 2 0 1 1 1  888    1 
2 1 1 0 3 3 4 4 1  684    0 
2 1 1 0 1 1 2 2 1 3455    1 
2 1 1 0 2 2 3 3 1 1132   22 
2 1 1 0 2 2 3 3 1  662    1 
2 1 1 0 3 3 4 4 1  586    1 
2 1 1 0 1 1 2 2 1 1026    1 
2 1 1 0 1 1 2 1 0  888    1 
2 1 1 1 1 1 2 2 1 1610    1 
2 1 1 0 0 0 1 1 1  584    1 
2 1 0 0 0 2 3 3 1 1480    1 
2 1 0 0 1 3 4 4 1  868    1 
2 1 1 0 3 3 4 4 1  496    1 
2 1 0 1 2 0 3 3 1 2076    1 
2 1 0 1 1 3 2 2 1  936    1 
2 1 0 1 2 0 3 3 1  961    1 
2 1 1 0 2 2 3 3 1 1226    1 
2 1 0 0 2 0 1 1 1  624    1 
2 1 0 0 1 3 4 4 1  623    1 
2 1 1 0 0 0 1 1 1  669    1 
2 1 0 0 0 2 3 3 1 1017    1 
2 1 0 0 3 1 2 2 1 1799    1 
2 1 0 0 0 2 3 3 1  830    1 
2 1 1 0 3 3 4 4 1  668    1 
2 1 1 0 1 1 2 2 1 3528    1 
2 1 0 0 0 2 3 3 1  986    1 
2 1 0 0 2 0 1 1 1 1034    1 
2 1 0 1 3 1 4 4 1 2167    1 
2 1 0 0 0 2 3 3 1 1312    1 
2 1 0 0 0 2 3 3 1  595    1 
2 1 1 1 0 0 1 1 1  898    1 
2 1 1 0 2 2 3 3 1 1422    1 
2 1 1 0 1 1 2 2 1  884    1 
2 1 0 0 1 3 4 4 1  535    1 
2 1 1 1 2 2 3 3 1 2305    1 
2 1 1 0 2 2 3 3 1  627    1 
2 1 0 0 2 0 1 1 1  666    1 
2 1 1 0 1 1 2 3 0  790    1 
2 1 0 0 0 2 3 3 1  899    1 
2 1 0 1 0 2 1 1 1 1382    1 
2 1 0 0 3 1 2 2 1 1582    1 
2 1 1 1 3 3 4 4 1 1326    1 
2 1 1 0 0 0 1 1 1  672    1 
2 1 1 0 3 3 4 4 1  716    1 
2 1 1 1 1 1 2 2 1 2502    1 
2 1 1 1 0 0 1 1 1  665    1 
2 1 1 1 1 1 2 2 1  710    1 
2 1 1 0 2 2 3 3 1 1241    1 
2 1 1 0 3 3 4 4 1  990    1 
2 1 0 1 3 1 4 2 0 1694    1 
2 1 0 0 0 2 3 1 0 1023    1 
2 1 1 1 1 1 2 2 1 2043    1 
2 1 0 1 1 3 2 4 0  905    1 
2 1 1 1 3 3 4 4 1 1058    1 
2 1 1 0 3 3 4 4 1  527    1 
2 1 1 0 3 3 4 4 1  505    1 
2 1 0 1 2 0 3 3 1 2572    1 
2 1 1 0 2 2 3 3 1  748    1 
2 1 1 0 0 0 1 1 1  501    1 
2 1 0 0 0 2 3 3 1 1648    1 
2 1 0 0 2 0 1 1 1  862    1 
2 1 0 0 2 0 1 1 1  570    1 
2 1 1 0 0 0 1 1 1  443    1 
2 1 0 0 0 2 3 3 1 1232    1 
2 1 1 0 3 3 4 4 1 1214    1 
2 1 0 0 3 1 2 2 1 1540    1 
2 1 0 0 1 3 4 4 1  886    1 
2 1 1 0 0 0 1 1 1  585    1 
2 1 1 0 0 0 1 1 1  601    1 
2 1 0 0 2 0 1 1 1  464    0 
2 1 1 0 0 0 1 1 1  404    1 
2 1 1 0 0 0 1 1 1  363    1 
2 1 1 0 1 1 2 2 1 1132    1 
2 1 1 0 2 2 3 3 1  421    1 
2 1 1 0 1 1 2 2 1  948    1 
2 1 1 0 0 0 1 1 1  581    1 
2 1 0 0 2 0 1 1 1  781    1 
2 1 0 0 2 0 1 1 1  469    1 
2 1 0 1 1 3 2 2 1 2001    1 
2 1 0 0 1 3 4 4 1  848    1 
2 1 0 0 1 3 4 4 1  822    1 
2 1 0 1 0 2 1 1 1 1500    0 
2 1 1 0 2 2 3 3 1 1479    1 
2 1 0 0 1 3 4 4 1  595    1 
2 1 0 0 1 3 4 4 1  530    1 
2 1 1 1 3 3 4 4 1  837    1 
2 1 0 0 2 0 1 1 1  714    1 
2 1 1 0 0 0 1 1 1  637    1 
2 1 0 0 3 1 2 2 1 2346    1 
2 1 1 0 3 3 4 4 1  684    1 
2 1 0 0 1 3 4 4 1  527    1 
2 1 0 0 3 1 2 2 1 1153    1 
2 1 1 1 3 3 4 4 1 1386    1 
2 1 0 1 0 2 1 1 1  834    1 
2 1 1 1 2 2 3 3 1  887    1 
2 1 0 1 1 3 2 2 1  627    1 
2 1 0 0 1 3 4 4 1  897    1 
2 1 1 0 2 2 3 3 1 1412    1 
2 1 0 0 0 2 3 3 1  651    1 
2 1 0 0 0 2 3 3 1  824    1 
2 1 1 0 3 3 4 4 1 1936    1 
2 1 1 0 2 2 3 3 1 2490    1 
2 1 1 0 3 3 4 4 1  613    1 
2 1 1 0 0 0 1 1 1  788    1 
2 1 1 0 2 2 3 3 1 2100    1 
2 1 0 0 3 0 1 1 1 1471    1 
2 1 1 0 0 0 1 1 1  787    1 
2 1 0 0 3 0 1 1 1  522    1 
2 1 1 0 3 3 4 4 1 1028    1 
2 1 0 1 3 0 4 1 0  987    1 
2 1 0 0 1 2 3 3 1  800    1 
2 1 0 0 3 0 1 1 1  727    1 
2 1 0 1 3 0 4 4 1 1017    1 
2 1 1 0 1 1 2 2 1  759    1 
2 1 0 0 1 2 3 3 1  672    1 
2 1 1 0 3 3 4 4 1  452    1 
2 1 1 0 1 1 2 2 1 1689    1 
2 1 1 1 0 0 1 1 1 1220    1 
2 1 0 0 1 2 3 3 1  987    1 
2 1 0 0 0 1 2 2 1 1666    1 
2 1 0 0 1 2 3 3 1  998    1 
2 1 1 0 3 3 4 4 1  462    1 
2 1 0 1 0 1 1 1 1 1114    1 
2 1 1 0 1 1 2 2 1  997    1 
2 1 1 1 1 1 2 2 1  845    1 
2 1 1 0 0 0 1 1 1  594    1 
2 1 0 1 3 0 4 4 1 1034    1 
2 1 1 0 2 2 3 3 1  743    1 
2 1 1 0 2 2 3 3 1  753    1 
2 1 1 0 2 2 3 3 1  569    1 
2 1 1 1 1 1 2 2 1 1682    1 
2 1 0 0 3 0 1 1 1  974    0 
2 1 0 0 0 1 2 2 1 1942    1 
2 1 0 0 2 3 4 4 1  784    1 
2 1 0 0 2 3 4 4 1  551    1 
2 1 1 1 3 3 4 4 1 1312    1 
2 1 1 1 2 2 3 3 1 1315    1 
2 1 0 0 1 2 3 3 1  829    1 
2 1 1 0 0 0 1 1 1  708    1 
2 1 0 0 3 0 1 1 1  526    1 
2 1 1 0 1 1 2 2 1 1121    1 
2 1 0 0 1 2 3 3 1 1523    1 
2 1 1 0 1 1 2 2 1  853    1 
2 1 1 0 1 1 2 2 1  698    1 
2 1 1 0 1 1 2 2 1  461    1 
2 1 0 0 1 2 3 3 1  690    1 
2 1 0 0 3 0 1 1 1  637    1 
2 1 0 0 2 3 4 4 1  659    1 
2 1 1 1 0 0 1 1 1  984    1 
2 1 1 0 0 0 1 1 1  655    1 
2 1 1 0 1 1 2 2 1 1692    1 
2 1 1 0 0 0 1 1 1  687    1 
2 1 0 1 2 3 3 3 1 1179    1 
2 1 1 0 0 0 1 1 1  979    1 
2 1 1 0 0 0 1 1 1  507    1 
2 1 0 1 0 1 1 1 1 1238    1 
2 1 0 1 0 1 1 1 1  676    1 
2 1 0 0 3 0 1 1 1 1024    1 
2 1 1 0 1 1 2 2 1  870    1 
2 1 0 1 0 1 1 1 1 1314    1 
2 1 0 0 1 2 3 3 1  829    1 
2 1 1 1 0 0 1 1 1  939    1 
2 1 0 1 0 1 1 1 1  676    1 
2 1 1 1 0 0 1 1 1  625    1 
2 1 0 1 1 2 2 2 1 1583    1 
2 1 1 1 2 2 3 3 1  998    1 
2 1 1 0 2 2 3 3 1 1022    1 
2 1 0 0 1 2 3 3 1  548    1 
2 1 0 0 3 0 1 1 1  885    1 
2 1 1 0 2 2 3 3 1 2201    0 
2 1 0 0 2 3 4 4 1  680    1 
2 1 1 0 0 0 1 1 1  628    1 
2 1 0 1 3 0 4 4 1  882    1 
2 1 1 0 2 2 3 3 1  973    1 
2 1 1 1 0 0 1 1 1  790    1 
2 1 1 0 1 1 2 2 1 1037    1 
2 1 1 0 3 3 4 4 1  691    1 
2 1 1 1 3 3 4 4 1  934    1 
2 1 1 0 0 0 1 1 1  704    1 
2 1 1 0 2 2 3 3 1  682    1 
2 1 1 0 0 0 1 1 1  526    1 
2 1 1 0 1 1 2 2 1  704    1 
2 1 1 0 2 2 3 3 1  891    1 
2 1 0 0 3 0 1 1 1  638    1 
2 1 0 0 0 1 2 2 1  620    1 
2 1 1 0 1 1 2 2 1  546    1 
2 1 0 0 0 1 2 2 1  555    1 
2 1 1 0 0 0 1 1 1  716    1 
2 1 0 0 0 1 2 2 1  822    1 
2 1 1 0 2 2 3 3 1  388    1 
2 1 0 0 2 3 4 4 1  476    1 
2 1 1 0 1 1 2 2 1  424    1 
2 1 1 0 1 1 2 2 1  734    1 
2 1 0 1 2 3 3 3 1 1191    1 
2 1 0 0 3 0 1 1 1 1415    1 
2 1 0 1 2 3 3 3 1 2486    1 
2 1 1 1 1 1 2 2 1  609    1 
2 1 0 0 1 2 3 3 1 1080    1 
2 1 0 0 3 0 1 1 1  716    1 
2 1 1 0 2 2 3 3 1  478    1 
2 1 0 0 0 1 2 2 1  403    0 
2 1 0 0 1 2 3 3 1  617    0 
2 1 0 0 2 3 4 4 1  567    1 
2 1 1 1 1 1 2 2 1 1560    1 
2 1 1 0 2 2 3 3 1  992    1 
2 1 0 0 1 2 3 3 1  816    1 
2 1 1 0 2 2 3 3 1  550    1 
2 1 0 0 2 3 4 4 1  583    1 
2 1 0 0 3 0 1 1 1  574    0 
2 1 1 0 2 2 3 3 1 1814    1 
2 1 0 0 3 0 1 1 1  581    1 
2 1 0 0 1 2 3 3 1  469    1 
2 1 1 0 0 0 1 2 0  570    1 
2 1 0 0 1 2 3 3 1 1064    1 
2 1 1 0 3 3 4 4 1  484    1 
2 1 0 0 3 0 1 1 1  952    1 
2 1 0 1 2 3 3 3 1  705    1 
2 1 1 0 3 3 4 4 1  724    1 
2 1 1 0 0 0 1 1 1  614    1 
2 1 0 0 2 3 4 4 1  525    1 
2 1 1 1 0 0 1 1 1  871    1 
2 1 1 0 1 1 2 2 1  891    1 
2 1 0 0 1 2 3 2 0  654    1 
2 1 0 1 2 3 3 3 1  913    1 
2 1 1 0 1 1 2 2 1  836    1 
2 1 1 0 1 1 2 2 1  657    0 
2 1 1 0 3 3 4 4 1  662    1 
2 1 1 1 2 2 3 3 1 1195    1 
2 1 0 0 2 3 4 4 1  746    1 
2 1 1 0 0 0 1 1 1  660    1 
2 1 0 0 3 0 1 1 1  465    1 
2 1 0 1 2 3 3 3 1 1173    1 
2 1 0 0 0 1 2 2 1  486    1 
2 1 0 0 1 2 3 3 1  705    1 
2 1 0 0 0 1 2 3 0  476    1 
2 1 1 0 2 2 3 3 1  718    1 
2 1 0 0 1 2 3 3 1  496    1 
2 1 1 0 3 3 4 4 1  732    1 
2 1 0 1 3 0 4 4 1 1126    1 
2 1 0 0 1 2 3 3 1  928    1 
2 1 1 0 3 3 4 4 1  586    1 
2 1 1 0 1 1 2 2 1  473    1 
2 1 1 0 0 0 1 1 1  406    1 
2 1 1 0 0 0 1 1 1  620    1 
2 1 0 0 3 0 1 1 1  482    1 
2 1 1 0 1 1 2 2 1  430    1 
2 1 1 1 1 1 2 2 1  972    1 
2 1 0 0 1 2 3 3 1  980    1 
2 1 0 0 2 3 4 4 1  796    1 
2 1 1 1 2 2 3 3 1 1508    1 
2 1 0 0 2 3 4 4 1  847    1 
2 1 0 0 0 1 2 2 1 1436    1 
2 1 1 0 2 2 3 3 1  714    1 
2 1 0 1 3 0 4 4 1 1012    1 
2 1 1 0 3 3 4 4 1  651    1 
2 1 1 1 0 0 1 1 1 1400    1 
2 1 1 0 0 0 1 1 1  431    1 
2 1 1 1 2 2 3 3 1 1093    1 
2 1 1 1 3 3 4 4 1  649    1 
2 1 1 0 2 2 3 3 1 1190    1 
2 1 0 0 3 0 1 1 1  989    1 
2 1 0 1 3 0 4 4 1 1541    1 
2 1 1 0 2 2 3 3 1  775    1 
2 1 0 1 3 0 4 1 0  959    0 
2 1 0 0 1 2 3 3 1  725    1 
2 1 0 1 3 0 4 4 1 1728    1 
2 1 1 1 2 2 3 4 0  434    1 
2 1 0 1 0 1 1 1 1  757    1 
2 1 1 0 0 0 1 1 1  694    1 
2 1 0 0 0 1 2 2 1 1818    1 
2 1 1 0 0 0 1 1 1 1224    1 
2 1 0 0 3 0 1 1 1 1086    1 
2 1 0 0 1 2 3 3 1  641    1 
2 1 1 0 3 3 4 4 1  551    1 
2 1 0 0 0 1 2 2 1  400    1 
2 1 1 1 0 0 1 1 1  982    1 
2 1 0 1 2 3 3 3 1  806    1 
2 1 0 0 0 1 2 2 1  805    0 
2 1 0 0 0 1 2 2 1  515    1 
2 1 0 0 2 3 4 4 1  566    1 
2 1 0 0 3 0 1 1 1  686    1 
2 1 1 1 1 1 2 2 1 1401    1 
2 1 0 0 3 0 1 1 1  840    1 
2 1 0 0 2 3 4 4 1  990    0 
2 1 0 1 3 0 4 4 1  933    1 
2 1 0 0 3 0 1 1 1  879   47 
2 1 1 0 3 3 4 4 1  515    1 
2 1 0 0 0 1 2 2 1 1469    1 
2 1 0 0 2 3 4 4 1  754    1 
2 1 0 1 2 3 3 3 1 1266    1 
2 1 1 0 1 1 2 2 1  599    1 
2 1 0 0 2 3 4 4 1  605    1 
