18 1 1 0 0 0 1 1 1 2105    1 
18 1 0 0 2 3 4 4 1  292    0 
18 1 0 0 1 2 3 4 0   79    0 
18 1 1 0 0 0 1 1 1 1569    1 
18 1 1 0 2 2 3 4 0  241    1 
18 1 0 0 3 0 1 1 1 1501    1 
18 1 1 0 2 2 3 4 0  120    1 
18 1 0 0 0 1 2 2 1 2312    1 
18 1 0 0 1 2 3 4 0  339    1 
18 1 1 0 0 0 1 1 1  890    1 
18 1 0 0 0 1 2 3 0 2174    1 
18 1 0 0 0 1 2 2 1  924    1 
18 1 1 0 3 3 4 4 1  870    1 
18 1 1 0 2 2 3 3 1 1674    1 
18 1 1 0 0 0 1 1 1  734    1 
18 1 1 0 0 0 1 1 1  880    1 
18 1 1 1 0 0 1 1 1 3596    1 
18 1 0 1 2 3 3 3 1 1956    1 
18 1 1 0 1 1 2 2 1 1412    1 
18 1 0 1 1 2 2 2 1 2323    1 
18 1 0 0 0 1 2 2 1  902    1 
18 1 1 0 1 1 2 2 1  616    1 
18 1 1 0 2 2 3 3 1  862    1 
18 1 0 0 3 0 1 1 1  659    1 
18 1 0 0 3 0 1 1 1  640    1 
18 1 0 1 2 3 3 3 1 2990    1 
18 1 0 0 1 2 3 3 1  877    1 
18 1 1 0 1 1 2 2 1  777    1 
18 1 1 1 1 1 2 2 1 2170   25 
18 1 1 1 1 1 2 2 1 1178    1 
18 1 1 1 0 0 1 1 1 1242    0 
18 1 1 0 3 3 4 4 1 1151    1 
18 1 0 1 3 0 4 4 1 1232    1 
18 1 0 0 3 0 1 1 1  726    1 
18 1 0 0 1 2 3 3 1  864    0 
18 1 1 0 2 2 3 3 1  605    1 
18 1 1 0 0 0 1 1 1 1308    1 
18 1 0 1 1 2 2 2 1 1566    0 
18 1 1 0 1 1 2 2 1  702    1 
18 1 0 0 2 3 4 4 1  713    1 
18 1 0 1 3 0 4 4 1 1500    1 
18 1 1 0 1 1 2 2 1 1271    1 
18 1 0 0 3 0 1 1 1  587    1 
18 1 1 0 0 0 1 1 1  531    1 
18 1 1 1 2 2 3 3 1 1557    1 
18 1 0 0 1 2 3 3 1  662    1 
18 1 0 0 3 0 1 1 1  842    1 
18 1 1 0 1 1 2 2 1  648    1 
18 1 0 0 2 3 4 4 1  589    1 
18 1 1 1 1 1 2 2 1 1269    1 
18 1 0 0 0 1 2 2 1  585    1 
18 1 0 0 3 0 1 1 1  608    1 
18 1 1 0 2 2 3 3 1  543    1 
18 1 1 0 3 3 4 4 1  361    1 
18 1 0 0 2 3 4 4 1  465    1 
18 1 1 0 3 3 4 4 1  526    1 
18 1 1 0 1 1 2 2 1  672    1 
18 1 1 1 0 0 1 1 1 1068    1 
18 1 0 1 0 1 1 1 1  552    1 
18 1 0 0 1 2 3 3 1 1177    1 
18 1 1 0 2 2 3 3 1  465    1 
18 1 0 1 2 3 3 3 1 1182    1 
18 1 0 0 2 3 4 4 1  782    1 
18 1 0 1 0 1 1 1 1  653    1 
18 1 1 0 0 0 1 1 1  666    1 
18 1 1 0 3 3 4 4 1  510    1 
18 1 0 0 3 0 1 1 1  761    1 
18 1 1 0 2 2 3 3 1  778    1 
18 1 1 0 2 2 3 3 1  514    1 
18 1 0 0 0 1 2 2 1  557    1 
18 1 1 0 3 3 4 4 1  557   16 
18 1 0 1 3 0 4 4 1 1326    1 
18 1 0 0 3 0 1 1 1  745    1 
18 1 0 0 2 3 4 4 1  538    1 
18 1 1 0 2 2 3 3 1  603    0 
18 1 1 0 3 3 4 4 1  506    1 
18 1 0 0 2 3 4 4 1  413    1 
18 1 0 0 2 3 4 4 1  300    1 
18 1 0 0 0 1 2 2 1  607    1 
18 1 1 0 0 0 1 1 1  621    1 
18 1 0 0 0 1 2 2 1  780    1 
18 1 1 0 2 2 3 3 1  676    1 
18 1 1 1 1 1 2 2 1 1128    1 
18 1 1 1 0 0 1 1 1  842    1 
18 1 1 1 1 1 2 2 1  567    1 
18 1 0 0 1 2 3 3 1  752    1 
18 1 1 1 3 3 4 4 1  528    1 
18 1 1 0 0 0 1 1 1  554    1 
18 1 0 0 2 3 4 4 1  739    1 
18 1 0 0 3 0 1 1 1  533    1 
18 1 0 1 3 0 4 4 1  910    1 
18 1 1 0 3 3 4 4 1  473    1 
18 1 0 1 1 2 2 2 1  685    1 
18 1 1 0 1 1 2 2 1  672    1 
18 1 0 0 1 2 3 3 1  477  107 
18 1 0 1 3 0 4 4 1  513    1 
18 1 1 0 3 3 4 4 1 2384    1 
18 1 0 0 0 1 2 2 1 3127    1 
18 1 1 0 1 1 2 2 1  546    1 
18 1 0 1 2 3 3 3 1 2099    1 
18 1 1 0 3 3 4 4 1  830    1 
18 1 0 0 3 0 1 1 1  684    1 
18 1 1 0 3 3 4 4 1  552    1 
18 1 0 0 2 3 4 4 1  800    1 
18 1 0 0 2 3 4 4 1  487    1 
18 1 1 1 3 3 4 4 1 1011   13 
18 1 0 0 0 1 2 2 1 1138    1 
18 1 1 0 2 2 3 3 1  691    1 
18 1 0 1 1 2 2 2 1 1198    1 
18 1 1 0 1 1 2 2 1 1006   63 
18 1 1 0 1 1 2 2 1  509    1 
18 1 1 0 0 0 1 1 1  559   67 
18 1 1 1 3 3 4 4 1  736    1 
18 1 0 0 0 1 2 2 1  810    1 
18 1 0 0 3 0 1 1 1 1088    1 
18 1 1 0 3 3 4 4 1  612    1 
18 1 1 1 0 0 1 1 1  843    1 
18 1 0 1 1 2 2 3 0 1008   73 
18 1 0 0 1 2 3 3 1 1365    1 
18 1 1 1 0 0 1 1 1 1342    1 
18 1 1 0 3 3 4 4 1  591    1 
18 1 0 0 1 2 3 3 1  823    1 
18 1 1 1 3 3 4 4 1 1141    1 
18 1 1 1 0 0 1 1 1  951    1 
18 1 0 0 2 3 4 4 1  743    1 
18 1 1 0 0 0 1 1 1  857    1 
18 1 1 0 3 3 4 4 1  606    1 
18 1 1 0 2 2 3 3 1  796    1 
18 1 1 1 3 3 4 4 1 1276    1 
18 1 1 0 3 3 4 4 1  720    0 
18 1 0 0 2 3 4 4 1  434    1 
18 1 1 0 3 3 4 4 1  384    1 
18 1 0 0 3 0 1 1 1  663    1 
18 1 1 0 0 0 1 1 1  540    1 
18 1 1 1 2 2 3 3 1 1741    1 
18 1 0 1 2 3 3 3 1 1775    1 
18 1 0 0 1 2 3 3 1 1079    1 
18 1 0 0 1 2 3 3 1  411    1 
18 1 0 1 2 3 3 3 1 1378    1 
18 1 0 0 2 3 4 4 1  986    1 
18 1 1 0 3 3 4 4 1  386    1 
18 1 1 1 1 1 2 2 1 1225    1 
18 1 1 0 1 1 2 2 1  512    1 
18 1 1 1 3 3 4 4 1 1010    1 
18 1 1 0 0 0 1 1 1  617    1 
18 1 0 1 2 3 3 3 1 1335    1 
18 1 0 0 2 3 4 4 1  761    1 
18 1 0 0 0 1 2 2 1  873    0 
18 1 1 1 3 3 4 4 1  782    1 
18 1 1 1 3 3 4 4 1  822    1 
18 1 1 0 1 1 2 2 1  756    1 
18 1 1 0 2 2 3 3 1  981    1 
18 1 1 0 1 1 2 2 1  677    1 
18 1 1 0 0 0 1 1 1  593    1 
18 1 0 0 0 1 2 1 0  752    1 
18 1 0 0 0 1 2 2 1 1415    1 
18 1 0 0 1 2 3 3 1  621    1 
18 1 1 0 0 0 1 1 1  643    1 
18 1 0 0 0 1 2 3 0  769    1 
18 1 0 0 3 0 1 1 1  871    1 
18 1 1 0 3 3 4 4 1  939    1 
18 1 0 0 3 0 1 1 1  773    1 
18 1 0 0 0 1 2 2 1  749    1 
18 1 0 0 3 0 1 1 1  678    1 
18 1 0 0 0 1 2 2 1  954    1 
18 1 0 0 1 2 3 3 1  587    1 
18 1 0 0 0 1 2 2 1  682    1 
18 1 1 0 1 1 2 2 1  582    0 
18 1 0 0 0 1 2 2 1  566    1 
18 1 1 0 0 0 1 1 1  566    1 
18 1 1 0 1 1 2 2 1  606    0 
18 1 0 0 0 1 2 2 1  581    1 
18 1 0 0 2 3 4 4 1  789   55 
18 1 1 0 2 2 3 3 1  596    1 
18 1 1 0 0 0 1 1 1  516    1 
18 1 0 0 2 3 4 4 1  494    1 
18 1 0 0 1 2 3 3 1  833    1 
18 1 0 1 1 2 2 2 1 1287    1 
18 1 0 0 3 0 1 1 1  634    1 
18 1 0 0 0 1 2 2 1  632    1 
18 1 0 0 1 2 3 3 1  621    1 
18 1 0 1 0 1 1 1 1 1203    1 
18 1 0 1 1 2 2 2 1 1146    1 
18 1 1 0 1 1 2 2 1  748    1 
18 1 0 1 1 2 2 2 1  933    1 
18 1 1 0 1 1 2 2 1  503    1 
18 1 0 0 2 3 4 4 1  769    1 
18 1 0 0 0 1 2 2 1  610    1 
18 1 0 0 2 3 4 4 1  416   54 
18 1 1 1 0 0 1 1 1 1038    1 
18 1 0 0 0 1 2 2 1  644   51 
18 1 0 0 0 1 2 2 1  393    1 
18 1 1 1 3 3 4 4 1 1073    1 
18 1 0 0 0 1 2 2 1  805    1 
18 1 0 0 3 0 1 1 1  692    1 
18 1 0 1 1 2 2 2 1 1215    1 
18 1 0 1 1 2 2 2 1  581   11 
18 1 1 0 0 0 1 1 1  542   47 
18 1 1 0 2 2 3 3 1  567    1 
18 1 0 0 3 0 1 4 0  663    1 
18 1 1 1 0 0 1 1 1 1450    1 
18 1 1 0 0 0 1 1 1  447    1 
18 1 1 1 0 0 1 1 1 1284    1 
18 1 1 0 1 1 2 2 1 1304    1 
18 1 1 0 2 2 3 3 1  611    1 
18 1 1 1 1 1 2 2 1 1129    1 
18 1 1 1 3 3 4 4 1 1036    1 
18 1 0 1 1 2 2 2 1 1425    0 
18 1 0 1 1 2 2 2 1 1047    1 
18 1 0 0 1 2 3 3 1 1693    1 
18 1 1 0 1 1 2 2 1  848    1 
18 1 1 0 2 2 3 3 1  598   36 
18 1 1 1 2 2 3 3 1  973    1 
18 1 0 0 2 3 4 4 1  749    1 
18 1 1 0 3 3 4 4 1  454    1 
18 1 0 1 2 3 3 3 1 1355    1 
18 1 0 0 2 3 4 4 1  780    1 
18 1 0 0 0 1 2 2 1  644    1 
18 1 1 1 2 2 3 3 1 1113    1 
18 1 1 0 1 1 2 2 1  972    1 
18 1 0 0 2 3 4 4 1  484    1 
18 1 1 0 2 2 3 3 1  640    1 
18 1 0 0 1 2 3 3 1 1757    1 
18 1 1 1 2 2 3 3 1  870    1 
18 1 0 0 0 1 2 2 1 1090    1 
18 1 1 0 2 2 3 3 1  838    1 
18 1 1 0 3 3 4 4 1  627    1 
18 1 0 0 1 2 3 3 1  793    1 
18 1 0 0 2 3 4 4 1  665    1 
18 1 1 0 1 1 2 2 1  726    0 
18 1 1 0 2 2 3 3 1  808    1 
18 1 0 0 0 1 2 2 1 1143    1 
18 1 1 0 2 2 3 3 1  688    1 
18 1 0 0 1 2 3 3 1 1051    1 
18 1 0 0 1 2 3 3 1  432    1 
18 1 1 0 1 1 2 2 1  606    1 
18 1 1 1 3 3 4 4 1 1045    1 
18 1 1 0 1 1 2 2 1  898    1 
18 1 0 0 0 1 2 2 1  446    1 
18 1 0 0 3 0 1 1 1  675    1 
18 1 0 0 3 0 1 1 1  439    1 
18 1 1 1 3 3 4 4 1 1005   13 
18 1 1 0 3 3 4 4 1  507    1 
18 1 0 0 3 0 1 1 1  710    1 
18 1 0 0 3 0 1 1 1  401   60 
18 1 1 0 2 2 3 3 1  728    1 
18 1 1 0 0 0 1 1 1  570    1 
18 1 0 1 1 2 2 2 1 1234   51 
18 1 1 0 3 3 4 4 1  544    1 
18 1 1 0 1 1 2 2 1 1089    1 
18 1 0 0 2 3 4 4 1  788    1 
18 1 0 0 0 1 2 2 1  604    1 
18 1 1 0 0 0 1 1 1  731    1 
18 1 0 0 3 0 1 1 1  613    1 
18 1 0 1 0 1 1 1 1 1292    1 
18 1 0 0 3 0 1 1 1  791    1 
18 1 0 0 2 3 4 4 1  599    1 
18 1 0 1 2 3 3 3 1 1029    1 
18 1 1 0 2 2 3 3 1  940    1 
18 1 1 1 2 2 3 3 1  797    1 
18 1 1 0 2 2 3 3 1  725    1 
18 1 0 0 3 0 1 1 1 1727    1 
18 1 1 0 0 0 1 1 1  473    1 
18 1 1 0 0 0 1 1 1  413    1 
18 1 1 0 2 2 3 3 1  692    1 
18 1 0 1 3 0 4 4 1 1151    1 
18 1 1 0 3 3 4 4 1  584    1 
18 1 0 1 2 3 3 3 1  944    1 
18 1 1 0 3 3 4 4 1  561    1 
18 1 0 1 0 1 1 1 1  938    1 
18 1 1 0 1 1 2 2 1 1083    1 
18 1 1 1 3 3 4 4 1 1007    1 
18 1 0 0 1 2 3 3 1 1006    1 
18 1 0 1 0 1 1 1 1  828    1 
18 1 1 1 3 3 4 4 1 1003    1 
18 1 0 0 2 3 4 4 1  729    1 
18 1 1 0 2 2 3 3 1  771    1 
18 1 1 0 0 0 1 1 1  724    1 
18 1 0 0 1 2 3 3 1  630    1 
18 1 1 0 1 1 2 2 1  668    1 
18 1 0 0 2 3 4 4 1  648    1 
18 1 1 0 2 2 3 3 1  894    1 
18 1 1 0 0 0 1 1 1  545    1 
18 1 0 0 1 2 3 3 1  626    1 
18 1 1 0 3 3 4 4 1  489    1 
18 1 1 0 2 2 3 3 1  444    1 
18 1 0 0 1 2 3 3 1  505    1 
18 1 0 0 3 0 1 1 1  620    1 
18 1 1 0 0 0 1 1 1 2176    0 
18 1 0 0 3 2 3 3 1  753    0 
18 1 1 0 2 2 3 3 1  490    1 
18 1 0 1 3 2 4 4 1  749    1 
18 1 0 0 1 0 1 1 1  726    1 
18 1 1 0 2 2 3 3 1  520    1 
18 1 0 0 3 2 3 3 1  418    1 
18 1 0 0 1 0 1 1 1  616    1 
18 1 0 1 3 2 4 4 1  774    1 
18 1 1 1 2 2 3 3 1  758    1 
18 1 0 1 1 0 2 2 1  799    1 
18 1 1 0 2 2 3 3 1  622    1 
18 1 1 1 1 1 2 2 1  636    1 
18 1 1 0 3 3 4 4 1  522    1 
18 1 1 1 2 2 3 3 1  884    1 
18 1 0 1 0 3 1 2 0  783    1 
18 1 0 0 1 0 1 1 1 2021    1 
18 1 1 1 0 0 1 1 1  803    1 
18 1 1 1 3 3 4 4 1  914    1 
18 1 1 0 1 1 2 2 1  693    1 
18 1 0 1 3 2 4 4 1  752    1 
18 1 1 0 0 0 1 1 1  569    1 
18 1 1 0 0 0 1 1 1  449    1 
18 1 0 0 3 2 3 3 1  870    1 
18 1 0 0 0 3 4 4 1  778    1 
18 1 0 0 0 3 4 4 1  666    1 
18 1 1 0 0 0 1 1 1  766    1 
18 1 0 0 2 1 2 2 1  534    1 
18 1 1 1 0 0 1 1 1  920    1 
18 1 1 1 1 1 2 2 1 1034    1 
18 1 0 1 2 1 3 3 1  719    1 
18 1 1 0 2 2 3 3 1  617    1 
18 1 0 0 0 3 4 4 1  608    1 
18 1 1 0 2 2 3 3 1  654    1 
18 1 1 0 3 3 4 4 1  531    1 
18 1 0 1 2 1 3 3 1  925    1 
18 1 0 0 1 0 1 1 1  647    1 
18 1 1 0 3 3 4 4 1  597    1 
18 1 0 0 0 3 4 4 1  940    1 
18 1 0 0 2 1 2 2 1  838    1 
18 1 0 0 2 1 2 2 1  587    1 
18 1 0 0 0 3 4 4 1  963    1 
18 1 0 0 3 2 3 3 1  644    1 
18 1 0 0 0 3 4 4 1  801    1 
18 1 0 0 1 0 1 1 1  712    1 
18 1 1 1 2 2 3 3 1  939    1 
18 1 0 0 1 0 1 1 1  948    1 
18 1 0 0 2 1 2 2 1  686    1 
18 1 1 0 2 2 3 3 1  537    1 
18 1 1 1 1 1 2 2 1 1011    1 
18 1 0 0 3 2 3 3 1  689    1 
18 1 0 0 2 1 2 2 1  629   41 
18 1 1 0 0 0 1 1 1  483    1 
18 1 1 1 2 2 3 3 1  886    1 
18 1 0 0 3 2 3 3 1  490    1 
18 1 0 0 2 1 2 2 1  581    1 
18 1 0 1 1 0 2 2 1  877    1 
18 1 1 0 3 3 4 4 1  642    1 
18 1 1 0 2 2 3 3 1  663    1 
18 1 0 0 2 1 2 2 1  652    1 
18 1 0 0 0 3 4 4 1  833    1 
18 1 0 0 2 1 2 3 0  550    1 
18 1 0 0 3 2 3 3 1  645    1 
18 1 1 0 0 0 1 1 1  618   41 
18 1 0 0 3 2 3 3 1  833    1 
18 1 1 0 1 1 2 2 1  774    1 
18 1 1 0 1 1 2 2 1  502    1 
18 1 1 0 1 1 2 2 1  505    1 
18 1 0 1 2 1 3 3 1  804    1 
18 1 1 0 3 3 4 4 1  482    1 
18 1 1 0 2 2 3 3 1  590    1 
18 1 0 1 1 0 2 2 1  909    1 
18 1 0 0 0 3 4 4 1  752    1 
18 1 0 0 0 3 4 4 1  457    1 
18 1 1 1 0 0 1 1 1 1686    1 
18 1 0 0 1 0 1 1 1 1041    1 
18 1 0 0 0 3 4 4 1  607    0 
18 1 0 0 2 1 2 2 1 1454    1 
18 1 1 0 1 1 2 2 1  523   90 
18 1 1 0 1 1 2 2 1  405    1 
18 1 1 0 1 1 2 2 1  411    1 
18 1 1 0 1 1 2 2 1  346    1 
18 1 1 0 3 3 4 4 1  660    1 
18 1 1 1 3 3 4 4 1  832    1 
18 1 1 0 2 2 3 3 1  670    1 
18 1 0 0 3 2 3 3 1  426   59 
18 1 0 1 1 0 2 2 1  904    1 
18 1 0 0 2 1 2 3 0  619    1 
18 1 1 0 1 1 2 2 1  775    1 
18 1 1 0 3 3 4 4 1  799    1 
18 1 1 1 3 3 4 4 1 2390    1 
18 1 0 1 3 2 4 4 1  750    1 
18 1 1 0 0 0 1 1 1  590    1 
18 1 1 1 3 3 4 4 1  590    1 
18 1 0 1 1 0 2 2 1  629    1 
18 1 1 0 0 0 1 1 1  771   76 
18 1 0 0 2 1 2 2 1  972    1 
18 1 1 0 0 0 1 1 1  572    1 
18 1 1 0 0 0 1 1 1  460    1 
18 1 1 1 1 1 2 2 1  761    1 
18 1 1 0 3 3 4 4 1  553    1 
18 1 1 1 0 0 1 1 1  714    0 
18 1 0 0 1 0 1 1 1  765    1 
18 1 0 0 1 0 1 1 1  502    1 
18 1 0 0 3 2 3 3 1  649    1 
18 1 1 1 2 2 3 3 1  541    1 
18 1 1 0 1 1 2 2 1  735    1 
18 1 0 0 3 2 3 3 1  568    1 
18 1 0 0 2 1 2 2 1  504    0 
18 1 1 0 1 1 2 2 1  659    1 
18 1 0 0 2 1 2 2 1  520    1 
18 1 1 0 1 1 2 2 1  634    0 
18 1 1 0 0 0 1 1 1  576    1 
18 1 1 0 0 0 1 1 1  440    1 
18 1 0 0 0 3 4 4 1  549    1 
18 1 0 0 3 2 3 3 1  574    1 
18 1 1 0 3 3 4 4 1  454    1 
18 1 0 0 0 3 4 4 1  547    1 
18 1 0 0 1 0 1 1 1  652    1 
18 1 1 0 2 2 3 3 1  577    1 
18 1 0 0 2 1 2 2 1  729    1 
18 1 1 0 1 1 2 2 1  475    1 
18 1 0 0 3 2 3 3 1  727    1 
18 1 0 0 2 1 2 2 1  562    1 
18 1 0 0 0 3 4 1 0  538    1 
18 1 0 0 2 1 2 2 1 1634    1 
18 1 0 0 2 1 2 2 1  559    1 
18 1 0 1 0 3 1 1 1  976    1 
18 1 0 0 1 0 1 1 1  712    1 
18 1 0 0 0 3 4 4 1  651    1 
18 1 1 0 3 3 4 4 1  368    1 
18 1 0 0 2 1 2 2 1  816    1 
18 1 1 0 0 0 1 1 1  606    1 
18 1 1 1 1 1 2 2 1  709    1 
18 1 0 0 2 1 2 2 1  504    1 
18 1 1 0 3 3 4 4 1  571    1 
18 1 1 0 0 0 1 1 1  523    1 
18 1 0 0 1 0 1 1 1  477    1 
18 1 1 0 0 0 1 1 1  409    1 
18 1 0 1 3 2 4 4 1 1144    1 
18 1 0 0 3 2 3 3 1  881   69 
18 1 1 0 3 3 4 4 1  525    1 
18 1 1 1 3 3 4 4 1  895    1 
18 1 1 0 0 0 1 1 1  643    1 
18 1 1 0 0 0 1 1 1  560    1 
18 1 1 0 2 2 3 3 1  673    1 
18 1 1 0 3 3 4 4 1  589    1 
18 1 1 1 1 1 2 2 1 1477    1 
18 1 1 0 0 0 1 1 1  737    1 
18 1 1 0 1 1 2 2 1  930    1 
18 1 0 0 1 0 1 1 1  869    1 
18 1 1 0 1 1 2 2 1  641    1 
18 1 1 1 0 0 1 1 1  670    1 
18 1 1 0 2 2 3 3 1  594    1 
18 1 0 0 2 1 2 2 1  682    1 
18 1 1 0 2 2 3 3 1  390    1 
18 1 1 0 0 0 1 1 1  509    1 
18 1 0 1 2 1 3 3 1  696    1 
18 1 0 0 2 1 2 3 0  491    1 
18 1 0 0 3 2 3 3 1  749    1 
18 1 1 0 2 2 3 3 1  430    0 
18 1 1 0 3 3 4 4 1  572    1 
18 1 1 1 1 1 2 2 1  732    1 
18 1 1 0 3 3 4 4 1  470    1 
18 1 1 1 2 2 3 3 1  586    1 
18 1 0 0 0 3 4 4 1  705    1 
18 1 1 1 3 3 4 4 1  692    1 
18 1 1 0 0 0 1 1 1  487    1 
18 1 1 0 2 2 3 3 1  547    1 
18 1 1 0 0 0 1 1 1  540    1 
18 1 0 0 1 0 1 1 1  918    1 
18 1 0 0 1 0 1 1 1  448    1 
18 1 0 1 0 3 1 1 1  917    1 
18 1 0 0 3 2 3 3 1  855    1 
18 1 0 1 3 2 4 3 0  692    1 
18 1 1 0 2 2 3 3 1  582    1 
18 1 1 0 0 0 1 1 1  566    1 
18 1 0 1 0 3 1 1 1  814    1 
18 1 1 1 1 1 2 2 1 1021    1 
18 1 1 0 3 3 4 4 1  547    1 
18 1 0 0 0 3 4 4 1  748    1 
18 1 0 1 1 0 2 2 1 1246    1 
18 1 0 0 0 3 4 4 1  875    1 
18 1 0 0 3 2 3 3 1  776    1 
18 1 0 0 3 2 3 3 1  416    1 
18 1 1 1 3 3 4 4 1  566    1 
18 1 0 1 1 0 2 2 1  702    1 
18 1 0 0 1 0 1 1 1  873    1 
18 1 0 0 3 2 3 3 1  685    1 
18 1 1 0 1 1 2 2 1  672    1 
18 1 0 0 2 1 2 2 1  612    1 
18 1 0 1 1 0 2 2 1  835    1 
