23 1 0 0 3 0 1 1 1 3107    1 
23 1 0 0 2 3 4 4 1 1478    1 
23 1 1 0 1 1 2 2 1 1506    1 
23 1 1 0 3 3 4 4 1  237    1 
23 1 0 0 3 0 1 4 0    0    0 
23 1 0 0 3 0 1 1 1  767    1 
23 1 0 0 1 2 3 4 0  103    1 
23 1 0 0 0 1 2 2 1  928    1 
23 1 0 1 2 3 3 4 0  186    1 
23 1 1 1 0 0 1 1 1 1344    1 
23 1 1 0 0 0 1 1 1  633    0 
23 1 0 0 0 1 2 2 1 1143    1 
23 1 1 1 3 3 4 4 1  808    1 
23 1 0 0 3 0 1 1 1  799    1 
23 1 1 0 0 0 1 1 1  694    1 
23 1 0 1 3 0 4 4 1  849    1 
23 1 1 0 3 3 4 4 1  766    1 
23 1 0 1 1 2 2 2 1  878    1 
23 1 1 1 0 0 1 1 1  682    0 
23 1 0 1 3 0 4 4 1  702    1 
23 1 0 0 1 2 3 3 1  737    1 
23 1 0 0 1 2 3 3 1  474    1 
23 1 1 0 0 0 1 1 1  542    1 
23 1 1 0 3 3 4 4 1  616    1 
23 1 1 1 3 3 4 4 1  950    1 
23 1 1 1 1 1 2 2 1  703    1 
23 1 0 1 3 0 4 4 1  626    0 
23 1 0 0 3 0 1 1 1  688    1 
23 1 0 0 2 3 4 4 1  667    1 
23 1 1 1 3 3 4 4 1  599    1 
23 1 1 0 1 1 2 2 1  846    1 
23 1 1 0 2 2 3 3 1 1355    1 
23 1 0 0 1 2 3 3 1  396    1 
23 1 0 0 1 2 3 3 1  524    1 
23 1 1 1 1 1 2 2 1  686    1 
23 1 1 0 3 3 4 4 1  713    1 
23 1 0 0 2 3 4 4 1  532    1 
23 1 1 0 2 2 3 2 0  686    1 
23 1 1 1 2 2 3 3 1  983    1 
23 1 1 0 3 3 4 4 1 1087    0 
23 1 0 1 1 2 2 2 1  970    1 
23 1 1 0 0 0 1 1 1  530    1 
23 1 1 1 0 0 1 1 1  652    1 
23 1 1 0 0 0 1 1 1  441    1 
23 1 1 0 0 0 1 1 1  375    1 
23 1 1 0 2 2 3 3 1 1519    1 
23 1 1 0 3 3 4 4 1 1089    1 
23 1 0 0 1 2 3 3 1  492    1 
23 1 1 0 2 2 3 3 1  440    1 
23 1 0 0 0 1 2 2 1 1045    1 
23 1 1 0 1 1 2 2 1  499    1 
23 1 1 0 0 0 1 1 1  574    1 
23 1 0 0 0 1 2 2 1  582    0 
23 1 0 0 0 1 2 2 1  438    1 
23 1 1 0 2 2 3 3 1  915    1 
23 1 1 0 2 2 3 3 1  461    1 
23 1 0 0 2 3 4 4 1  594    1 
23 1 0 0 2 3 4 4 1  498    1 
23 1 0 0 2 3 4 4 1  365    1 
23 1 0 0 2 3 4 4 1  478    0 
23 1 1 0 0 0 1 1 1  602    1 
23 1 0 0 1 2 3 3 1  953    1 
23 1 1 0 1 1 2 2 1  794    1 
23 1 0 0 2 3 4 4 1  369    1 
23 1 0 0 0 1 2 2 1 1121    1 
23 1 1 1 1 1 2 2 1  907    1 
23 1 0 1 1 2 2 2 1  422    1 
23 1 0 0 1 2 3 3 1  852    1 
23 1 1 0 2 2 3 3 1  385    1 
23 1 1 0 3 3 4 4 1  608    1 
23 1 0 0 0 1 2 2 1  535    1 
23 1 0 1 2 3 3 3 1  577    1 
23 1 1 1 1 1 2 2 1  681    1 
23 1 1 0 1 1 2 2 1  381    1 
23 1 1 0 0 0 1 1 1  573    1 
23 1 0 0 2 3 4 4 1  645    1 
23 1 0 0 0 1 2 2 1  747    0 
23 1 1 0 1 1 2 2 1  412    1 
23 1 1 0 2 2 3 3 1  819    1 
23 1 1 0 3 3 4 4 1  673    1 
23 1 0 0 3 0 1 1 1  605    1 
23 1 1 1 0 0 1 1 1  644    1 
23 1 0 0 2 3 4 4 1  641    1 
23 1 1 1 1 1 2 2 1  919    1 
23 1 1 0 2 2 3 3 1  633    1 
23 1 1 1 1 1 2 2 1  622    1 
23 1 0 0 3 0 1 1 1  573    1 
23 1 0 0 3 0 1 1 1  493    1 
23 1 0 0 3 0 1 1 1  400    1 
23 1 1 1 0 0 1 1 1  407    1 
23 1 0 0 2 3 4 4 1  646    0 
23 1 0 0 0 1 2 2 1  915    1 
23 1 0 0 3 0 1 1 1  550    1 
23 1 1 0 0 0 1 1 1  391    1 
23 1 0 0 1 2 3 3 1  686    1 
23 1 0 1 2 3 3 3 1  602    1 
23 1 0 1 3 2 4 4 1 1783    1 
23 1 0 1 1 0 2 2 1 1215    1 
23 1 0 0 2 1 2 3 0  725    0 
23 1 1 0 1 1 2 2 1 1141    1 
23 1 1 0 1 1 2 2 1  687    1 
23 1 1 0 2 2 3 3 1 1186    1 
23 1 0 1 3 2 4 4 1 1194    1 
23 1 0 0 1 0 1 1 1 1473    1 
23 1 0 0 0 3 4 4 1  886    1 
23 1 0 0 1 0 1 1 1 1705    1 
23 1 1 1 1 1 2 2 1  564    1 
23 1 0 1 2 1 3 2 0  501    1 
23 1 0 0 3 2 3 4 0 1078    1 
23 1 0 0 0 3 4 1 0 1568    1 
23 1 0 0 3 2 3 3 1 2590    1 
23 1 1 0 3 3 4 4 1 1222    1 
23 1 0 0 1 0 1 1 1 1340    1 
23 1 0 0 2 1 2 3 0 2037    1 
23 1 1 0 0 0 1 1 1 1289    1 
23 1 1 0 1 1 2 2 1 2180    1 
23 1 0 0 0 3 4 4 1 1909    1 
23 1 0 1 1 0 2 2 1 2151    1 
23 1 0 1 2 1 3 3 1 1512    1 
23 1 1 0 2 2 3 3 1 1123    1 
23 1 0 0 3 2 3 4 0  957    1 
23 1 0 1 2 1 3 3 1 1348    1 
23 1 1 0 1 1 2 2 1 1014    1 
23 1 1 0 1 1 2 2 1  548    1 
23 1 1 1 0 0 1 1 1 1078    1 
23 1 1 0 0 0 1 1 1  778    1 
23 1 1 0 2 2 3 3 1  738    1 
23 1 0 1 0 3 1 1 1 1220    1 
23 1 1 0 0 0 1 1 1  850    1 
23 1 0 0 3 2 3 3 1 1647    1 
23 1 0 0 0 3 4 4 1 1564    1 
23 1 1 0 2 2 3 3 1  901    1 
23 1 1 0 0 0 1 1 1  768    1 
23 1 1 0 2 2 3 3 1  840    1 
23 1 1 1 0 0 1 1 1 1030    1 
23 1 0 0 0 3 4 4 1 1116    1 
23 1 1 1 0 0 1 1 1  838    1 
23 1 1 0 1 1 2 2 1  923    1 
23 1 1 0 2 2 3 3 1  517    1 
23 1 1 0 2 2 3 3 1  488    1 
23 1 1 1 0 0 1 1 1  803    1 
23 1 0 1 1 0 2 1 0 1162    1 
23 1 0 1 2 1 3 3 1 2553    1 
23 1 1 1 2 2 3 3 1 1874    1 
23 1 1 0 3 3 4 4 1  830    1 
23 1 1 0 2 2 3 3 1  908    1 
23 1 0 0 1 0 1 1 1 1303    1 
23 1 0 1 2 1 3 3 1 1042    1 
23 1 0 1 1 0 2 2 1 1151    1 
23 1 1 0 1 1 2 2 1  848    1 
23 1 1 0 1 1 2 2 1  541    1 
23 1 0 0 3 2 3 3 1 1215    1 
23 1 0 0 2 1 2 2 1 1862    1 
23 1 1 0 2 2 3 3 1 1171    1 
23 1 1 1 2 2 3 3 1  971    1 
23 1 1 0 0 0 1 1 1  947    1 
23 1 0 0 2 1 2 2 1 1060    1 
23 1 1 1 3 3 4 4 1 1081    1 
23 1 0 0 0 3 4 2 0 1181    1 
23 1 1 0 3 3 4 4 1  995    1 
23 1 0 0 1 0 1 1 1 1546    1 
23 1 0 0 1 0 1 1 1  804    1 
23 1 0 0 1 0 1 1 1 1051    1 
23 1 1 0 2 2 3 3 1  888    1 
23 1 1 0 0 0 1 1 1  859    1 
23 1 0 0 3 2 3 3 1 1144    1 
23 1 1 0 3 3 4 4 1  865    1 
23 1 0 1 3 2 4 4 1 1013    1 
23 1 1 0 0 0 1 1 1  916    1 
23 1 0 0 2 1 2 2 1 1878    1 
23 1 1 0 1 1 2 2 1  603    1 
23 1 0 0 3 2 3 3 1 1193    1 
23 1 0 0 1 0 1 1 1  913    1 
23 1 1 0 2 2 3 3 1  980    1 
23 1 0 0 0 3 4 4 1 1268    1 
23 1 0 1 1 0 2 2 1  936    1 
23 1 1 0 3 3 4 4 1  954    1 
23 1 0 0 2 1 2 2 1 1122    1 
23 1 1 0 2 2 3 3 1  565    1 
23 1 1 0 0 0 1 1 1  565    1 
23 1 1 0 1 1 2 2 1 1125    1 
23 1 1 0 3 3 4 4 1  520    1 
23 1 0 1 1 0 2 2 1 1010    1 
23 1 1 0 3 3 4 4 1  993    1 
23 1 1 1 2 2 3 3 1 1680    1 
23 1 0 0 3 2 3 3 1 1140    1 
23 1 0 0 0 3 4 4 1  990    1 
23 1 1 0 1 1 2 2 1  997    1 
23 1 1 0 1 1 2 2 1  477    1 
23 1 1 1 3 3 4 4 1  961    1 
23 1 0 0 0 3 4 4 1  890    1 
23 1 0 1 2 1 3 3 1 1533    1 
23 1 1 0 2 2 3 3 1  655    1 
23 1 0 0 3 2 3 4 0  699    1 
23 1 1 0 2 2 3 3 1  748    1 
23 1 1 0 2 2 3 3 1  414    1 
23 1 1 0 3 3 4 4 1  788    1 
23 1 0 1 0 3 1 1 1 1676    1 
23 1 0 1 0 3 1 1 1  472    1 
23 1 0 1 3 2 4 4 1  988    1 
23 1 1 0 3 3 4 4 1  564    1 
23 1 1 1 0 0 1 1 1  869    1 
23 1 1 0 1 1 2 2 1  945    1 
23 1 0 0 3 2 3 3 1 1226    1 
23 1 1 1 3 3 4 4 1  992    1 
23 1 0 0 1 0 1 1 1 2280    1 
23 1 0 1 3 2 4 4 1 1292    1 
23 1 0 0 2 1 2 2 1 1408    0 
23 1 0 0 3 2 3 3 1 1158    1 
23 1 1 0 3 3 4 4 1  919    1 
23 1 0 1 3 2 4 4 1  953    1 
23 1 1 0 0 0 1 1 1  650    1 
23 1 1 0 0 0 1 1 1  463    1 
23 1 1 0 1 1 2 2 1  484    1 
23 1 0 0 0 3 4 4 1 1047    1 
23 1 1 0 0 0 1 1 1  749    1 
23 1 1 0 2 2 3 3 1  605    1 
23 1 0 0 3 2 3 3 1  676    1 
23 1 0 0 2 1 2 2 1 1024    1 
23 1 0 0 0 3 4 4 1  831    1 
23 1 1 1 1 1 2 2 1  965    1 
23 1 0 0 2 1 2 2 1 1013    1 
23 1 0 0 1 0 1 1 1  652    1 
23 1 0 0 3 2 3 3 1  889    1 
23 1 0 0 3 2 3 3 1  461    1 
23 1 1 0 1 1 2 2 1 1905    0 
23 1 1 0 1 1 2 2 1  476    1 
23 1 1 0 0 0 1 1 1  640    1 
23 1 0 0 1 0 1 1 1  550    1 
23 1 0 1 1 0 2 2 1  967    1 
23 1 0 1 1 0 2 2 1  807    1 
23 1 0 0 0 3 4 4 1 1510    1 
23 1 1 0 2 2 3 3 1  744    1 
23 1 0 0 1 0 1 1 1  986    1 
23 1 1 0 3 3 4 4 1  977    0 
23 1 0 1 0 3 1 1 1 1338    1 
23 1 1 0 2 2 3 3 1  955    1 
23 1 0 0 0 3 4 4 1  908    1 
23 1 0 1 1 0 2 2 1 1087    1 
23 1 1 0 0 0 1 1 1  626    1 
23 1 1 0 3 3 4 4 1  808    1 
23 1 0 0 3 2 3 4 0 1111    1 
23 1 0 0 0 3 4 4 1 2104    1 
23 1 1 0 2 2 3 3 1  755    1 
23 1 1 0 2 2 3 3 1 1044    1 
23 1 0 0 0 3 4 4 1  841    1 
23 1 1 0 2 2 3 3 1  991    1 
23 1 0 0 0 3 4 4 1  798    1 
23 1 1 1 0 0 1 1 1 1118    1 
23 1 1 0 0 0 1 1 1  704    1 
23 1 0 1 1 0 2 2 1 1419    1 
23 1 0 0 2 1 2 2 1 1001    1 
23 1 0 0 3 2 3 3 1  999    1 
23 1 0 0 3 2 3 3 1  414    1 
23 1 1 0 2 2 3 3 1  493    1 
23 1 1 0 0 0 1 1 1  577    1 
23 1 1 0 2 2 3 3 1  641    1 
23 1 0 1 0 3 1 1 1  862    1 
23 1 0 0 2 1 2 2 1 1043    1 
23 1 1 0 1 1 2 2 1  600    1 
23 1 1 0 0 0 1 1 1  647    1 
23 1 1 0 0 0 1 1 1  461    1 
23 1 0 0 0 3 4 4 1  873    1 
23 1 0 0 3 2 3 3 1 1078    1 
23 1 0 1 0 3 1 1 1  810    1 
23 1 1 1 1 1 2 2 1 1265    1 
23 1 0 1 1 0 2 2 1 1149    1 
23 1 0 1 3 2 4 4 1 1406    1 
23 1 0 0 0 3 4 4 1  941    1 
23 1 1 1 3 3 4 4 1  975    0 
23 1 0 0 2 1 2 2 1 1095    1 
23 1 1 0 1 1 2 2 1  450    1 
23 1 1 0 1 1 2 2 1  447    1 
23 1 0 0 0 3 4 4 1  956    1 
23 1 0 0 3 2 3 3 1 1477    1 
23 1 1 0 3 3 4 4 1  633    1 
23 1 1 0 2 2 3 3 1  823    1 
23 1 1 0 3 3 4 4 1 1101    1 
23 1 0 0 2 1 2 2 1  928    1 
23 1 0 0 2 1 2 2 1  818    1 
23 1 1 0 3 3 4 4 1  600    1 
23 1 0 0 3 2 3 3 1  831    1 
23 1 1 0 1 1 2 2 1  973    1 
23 1 0 1 2 1 3 3 1 1189    1 
23 1 1 0 3 3 4 4 1  797    1 
23 1 1 1 3 3 4 4 1  980    1 
23 1 1 0 1 1 2 2 1  796    1 
23 1 1 0 1 1 2 2 1  508    1 
23 1 1 0 2 2 3 3 1 1532    1 
23 1 0 1 0 1 1 1 1  950    1 
23 1 1 1 3 3 4 4 1  903    1 
23 1 0 0 0 1 2 2 1 1137    1 
23 1 1 0 3 3 4 4 1  547    1 
23 1 0 0 0 1 2 2 1 1164    1 
23 1 1 0 2 2 3 3 1  637    1 
23 1 0 0 1 2 3 3 1  411    1 
23 1 0 0 0 1 2 2 1  929    1 
23 1 0 0 3 0 1 1 1  915    1 
23 1 0 0 0 1 2 2 1  862    0 
23 1 0 0 2 3 4 4 1  658    1 
23 1 0 0 3 0 1 1 1  591    1 
23 1 0 0 2 3 4 4 1  839    1 
23 1 1 0 0 0 1 1 1  564    1 
23 1 0 0 0 1 2 2 1  701    1 
23 1 1 1 3 3 4 4 1  712    1 
23 1 1 0 1 1 2 2 1  707    1 
23 1 1 0 3 3 4 4 1  613    1 
23 1 1 1 1 1 2 2 1  724    0 
23 1 1 1 1 1 2 2 1  742    1 
23 1 0 0 0 1 2 2 1  944    1 
23 1 0 1 1 2 2 2 1  729    0 
23 1 0 0 2 3 4 4 1  971    1 
23 1 1 0 1 1 2 2 1  612    1 
23 1 0 0 3 0 1 1 1 1234    1 
23 1 1 0 2 2 3 3 1  648    1 
23 1 1 1 1 1 2 2 1  773    0 
23 1 0 0 0 1 2 2 1  717    1 
23 1 1 1 3 3 4 4 1  727    1 
23 1 0 1 1 2 2 2 1  610    1 
23 1 0 1 2 3 3 3 1 1352    1 
23 1 1 0 3 3 4 3 0  769    1 
23 1 1 1 0 0 1 1 1 2207    1 
23 1 0 0 1 2 3 3 1 1950    1 
23 1 1 0 2 2 3 3 1  871    1 
23 1 0 0 2 3 4 4 1  699    1 
23 1 0 0 3 0 1 1 1  966    1 
23 1 1 1 1 1 2 2 1  878    1 
23 1 1 0 2 2 3 3 1  698    1 
23 1 0 0 3 0 1 1 1  870    1 
23 1 0 0 1 2 3 3 1 1146    1 
23 1 1 0 3 3 4 4 1  628    1 
23 1 0 0 2 3 4 4 1  578    1 
23 1 1 0 2 2 3 3 1 1290    1 
23 1 1 0 0 0 1 1 1  573    1 
23 1 0 1 1 2 2 2 1  773    1 
23 1 1 1 2 2 3 3 1 1110    1 
23 1 1 0 2 2 3 3 1  464    1 
23 1 0 0 0 1 2 2 1  661    1 
23 1 0 1 0 1 1 1 1  778    1 
23 1 0 0 0 1 2 2 1  730    1 
23 1 1 1 2 2 3 3 1  604    1 
23 1 1 0 3 3 4 4 1  699    1 
23 1 1 0 2 2 3 3 1  726    1 
23 1 0 0 0 1 2 2 1  864    1 
23 1 0 0 2 3 4 4 1 2701    1 
23 1 1 1 0 0 1 1 1  744    1 
23 1 1 0 3 3 4 4 1  769    1 
23 1 1 0 2 2 3 3 1  705    1 
23 1 0 1 2 3 3 3 1 1244    1 
23 1 0 0 3 0 1 1 1 1674    1 
23 1 0 0 3 0 1 1 1  454    1 
23 1 1 0 1 1 2 2 1  547    1 
23 1 0 0 0 1 2 2 1  476    1 
23 1 1 1 2 2 3 3 1  872    1 
23 1 1 0 0 0 1 1 1  756    1 
23 1 1 0 3 3 4 4 1  805    1 
23 1 0 0 2 3 4 4 1  564    1 
23 1 1 0 2 2 3 3 1  589    1 
23 1 1 1 2 2 3 3 1 1156    1 
23 1 0 0 3 0 1 1 1 1373    1 
23 1 1 1 2 2 3 3 1  669    1 
23 1 1 0 1 1 2 2 1  697    1 
23 1 0 1 3 0 4 1 0  685    1 
23 1 1 0 0 0 1 1 1  750    1 
23 1 0 0 3 0 1 1 1  719    1 
23 1 1 0 1 1 2 2 1 1337    1 
23 1 0 1 0 1 1 1 1  747    1 
23 1 0 0 2 3 4 4 1  844    1 
23 1 1 1 1 1 2 2 1  802    1 
23 1 0 0 0 1 2 2 1  656    1 
23 1 0 0 0 1 2 2 1  501    1 
23 1 0 0 1 2 3 3 1  944    1 
23 1 1 0 0 0 1 1 1 1137    1 
23 1 1 0 0 0 1 1 1  539    1 
23 1 0 0 2 3 4 4 1  644    1 
23 1 0 0 3 0 1 1 1  698    1 
23 1 0 0 0 1 2 2 1  853    1 
23 1 1 1 2 2 3 3 1  922    1 
23 1 0 0 3 0 1 1 1 1340    1 
23 1 1 0 1 1 2 2 1  734    1 
23 1 0 0 3 0 1 1 1  919    1 
23 1 0 1 0 1 1 1 1 1361    1 
23 1 1 0 1 1 2 2 1  682    1 
23 1 1 0 1 1 2 2 1  414    0 
23 1 0 0 1 2 3 3 1  772    1 
23 1 0 0 0 1 2 2 1  509    1 
23 1 1 0 0 0 1 1 1  599    1 
23 1 0 0 1 2 3 2 0  646    1 
23 1 0 0 1 2 3 3 1  930    1 
23 1 1 0 1 1 2 2 1  700    1 
23 1 1 0 1 1 2 2 1  527    1 
23 1 1 1 0 0 1 1 1  761    1 
23 1 1 0 1 1 2 2 1  905    1 
23 1 1 0 1 1 2 2 1  708    1 
23 1 1 0 3 3 4 4 1 1327    1 
23 1 1 0 1 1 2 2 1 2169    1 
23 1 1 0 3 3 4 4 1  513    1 
23 1 0 0 3 0 1 1 1  652    1 
23 1 0 0 3 0 1 1 1  617    1 
23 1 0 1 1 2 2 2 1 1183    1 
23 1 1 0 2 2 3 3 1  671    1 
23 1 0 0 0 1 2 2 1 1051    0 
23 1 1 1 1 1 2 2 1  792    1 
23 1 0 0 3 0 1 1 1  767    1 
23 1 0 1 0 1 1 1 1 1087    1 
23 1 0 0 3 0 1 1 1 1563    1 
23 1 1 0 1 1 2 2 1  860    1 
23 1 0 1 3 0 4 4 1 1344    1 
23 1 0 1 3 0 4 4 1  706    1 
23 1 1 0 1 1 2 2 1 1397    1 
23 1 0 1 0 1 1 1 1  764    1 
23 1 1 1 2 2 3 3 1  829    1 
23 1 0 0 2 3 4 4 1 1035    1 
23 1 0 1 0 1 1 1 1  673    1 
23 1 1 0 1 1 2 2 1 1429    1 
23 1 0 0 3 0 1 1 1 1211    1 
23 1 1 1 3 3 4 4 1  906    1 
23 1 1 0 1 1 2 2 1  701    1 
23 1 0 0 2 3 4 4 1 1255    0 
23 1 0 0 3 0 1 1 1  748    1 
23 1 1 0 1 1 2 2 1  742    1 
23 1 0 1 1 2 2 2 1  823    1 
23 1 0 0 1 2 3 3 1 1325    1 
23 1 0 1 2 3 3 3 1 1175    1 
23 1 1 0 1 1 2 2 1  704    1 
23 1 0 0 1 2 3 3 1  786    1 
23 1 1 0 0 0 1 1 1  554    0 
23 1 0 0 1 2 3 2 0  859    1 
23 1 1 0 2 2 3 3 1  830    1 
23 1 0 0 2 3 4 4 1  892    1 
23 1 0 1 1 2 2 2 1  855    1 
23 1 0 0 0 1 2 2 1  868    1 
23 1 1 0 2 2 3 3 1  744    1 
23 1 1 0 3 3 4 4 1  562    1 
23 1 1 1 2 2 3 3 1  938    1 
23 1 1 0 0 0 1 1 1  596    1 
23 1 0 0 2 3 4 4 1  875    1 
23 1 1 1 2 2 3 3 1 1015    1 
23 1 1 1 2 2 3 3 1 1190    1 
23 1 0 1 1 2 2 2 1 1333    1 
23 1 1 0 1 1 2 2 1  751    1 
23 1 0 0 2 3 4 4 1  935    1 
23 1 1 0 3 3 4 4 1  417    1 
23 1 0 0 2 3 4 4 1  423    1 
23 1 1 0 3 3 4 4 1  421    1 
23 1 0 0 0 1 2 2 1  939    1 
23 1 1 0 0 0 1 1 1  701    1 
23 1 0 1 2 3 3 3 1  887    0 
23 1 1 0 0 0 1 1 1  675    1 
23 1 0 0 3 0 1 1 1  647    1 
23 1 1 0 3 3 4 4 1  493    1 
23 1 0 0 3 0 1 1 1  608    1 
23 1 0 0 0 1 2 2 1  639    1 
23 1 1 1 3 3 4 4 1  828    1 
23 1 0 0 1 2 3 3 1  914    1 
23 1 0 0 3 0 1 1 1  725    1 
23 1 1 0 0 0 1 1 1  495    1 
23 1 1 0 1 1 2 2 1  651    1 
23 1 1 0 2 2 3 3 1  928    1 
23 1 1 1 3 3 4 4 1 1154    1 
23 1 0 0 0 1 2 2 1  747    1 
23 1 1 0 0 0 1 1 1  676    1 
23 1 1 0 2 2 3 3 1  688    1 
23 1 0 0 0 1 2 2 1  788    1 
23 1 1 0 3 3 4 4 1  515    1 
23 1 0 0 1 2 3 3 1  718    1 
23 1 1 1 3 3 4 4 1  696    1 
23 1 1 0 2 2 3 3 1  971    1 
23 1 1 0 0 0 1 1 1  588    1 
23 1 0 0 0 1 2 2 1  787    1 
23 1 1 0 2 2 3 3 1 1042    1 
23 1 0 0 1 2 3 3 1  472    1 
23 1 0 0 3 0 1 1 1 1132    1 
23 1 0 1 3 0 4 4 1  870    1 
23 1 0 0 2 3 4 4 1  554    1 
23 1 1 0 3 3 4 4 1  434    1 
23 1 1 0 0 0 1 1 1  544    1 
23 1 1 0 1 1 2 2 1  521    1 
23 1 0 0 0 1 2 2 1  500    1 
23 1 1 0 2 2 3 3 1  766    0 
