22 1 1 1 2 2 3 0 0 5000    1 
22 1 1 1 0 0 1 1 1 1352    1 
22 1 1 0 0 0 1 1 1 4768    1 
22 1 0 0 0 2 3 3 1 3009    1 
22 1 0 1 0 2 1 1 1 1272    1 
22 1 1 0 2 2 3 3 1 1924    1 
22 1 1 0 3 3 4 4 1  726    0 
22 1 1 1 2 2 3 3 1 1480    1 
22 1 0 0 1 3 4 4 1  837    1 
22 1 0 0 3 1 2 2 1  906    1 
22 1 0 0 0 2 3 3 1  981    1 
22 1 0 0 2 0 1 1 1  965    1 
22 1 1 0 2 2 3 3 1  998    1 
22 1 0 1 2 0 3 3 1 1173    1 
22 1 1 0 0 0 1 1 1 1054    1 
22 1 1 0 0 0 1 1 1  674    1 
22 1 0 0 1 3 4 4 1  687    1 
22 1 0 0 0 2 3 3 1  666    1 
22 1 1 0 0 0 1 1 1  670    0 
22 1 1 1 3 3 4 4 1  826    1 
22 1 1 1 3 3 4 4 1  793    1 
22 1 0 0 2 0 1 1 1  776    1 
22 1 0 0 0 2 3 3 1  888    1 
22 1 1 1 3 3 4 4 1  668    1 
22 1 0 0 1 3 4 4 1  672    1 
22 1 0 0 1 3 4 4 1  700    1 
22 1 1 0 0 0 1 1 1  591    1 
22 1 1 0 3 3 4 4 1  766    1 
22 1 1 0 2 2 3 3 1  758    1 
22 1 0 1 1 3 2 2 1 1775    1 
22 1 0 1 2 0 3 3 1 1031    1 
22 1 0 0 0 2 3 3 1  830    1 
22 1 1 1 2 2 3 3 1  924    1 
22 1 1 1 2 2 3 3 1  726    1 
22 1 0 0 0 2 3 3 1  712    1 
22 1 1 0 2 2 3 3 1  699    1 
22 1 1 1 3 3 4 4 1  670    1 
22 1 0 0 3 1 2 2 1  874    1 
22 1 0 0 2 0 1 1 1  654    1 
22 1 1 1 1 1 2 2 1 1035    1 
22 1 0 0 3 1 2 2 1  800    1 
22 1 1 0 2 2 3 3 1  791    1 
22 1 1 0 0 0 1 1 1  735    1 
22 1 0 0 2 0 1 1 1  616    1 
22 1 1 1 2 2 3 3 1  870    1 
22 1 0 0 3 1 2 2 1  834    1 
22 1 0 0 2 0 1 1 1  832    1 
22 1 0 0 1 3 4 4 1  918    1 
22 1 0 0 3 1 2 2 1  648    1 
22 1 1 0 0 0 1 1 1  750    1 
22 1 1 0 0 0 1 1 1  670    1 
22 1 1 0 0 0 1 1 1  563    1 
22 1 1 0 0 0 1 1 1  619    1 
22 1 0 0 2 0 1 1 1  657    1 
22 1 0 0 3 1 2 2 1  806    1 
22 1 0 1 1 3 2 2 1  877    1 
22 1 0 0 3 1 2 2 1  681    1 
22 1 1 0 1 1 2 2 1  701    1 
22 1 1 0 3 3 4 4 1  768    1 
22 1 0 1 3 1 4 4 1  800    1 
22 1 1 0 2 2 3 3 1 1599    1 
22 1 1 0 0 0 1 1 1  630    1 
22 1 1 0 2 2 3 3 1  964    1 
22 1 0 0 1 3 4 4 1  701    1 
22 1 0 0 3 1 2 2 1  704    1 
22 1 0 0 0 2 3 3 1  883    1 
22 1 0 0 3 1 2 2 1 1030    1 
22 1 1 0 1 1 2 2 1  716    1 
22 1 0 0 1 3 4 4 1  678    1 
22 1 0 0 1 3 4 4 1  707    1 
22 1 0 0 1 3 4 4 1  677    1 
22 1 1 0 1 1 2 2 1 1234    1 
22 1 0 0 3 1 2 2 1  583    1 
22 1 0 0 3 1 2 2 1  559    1 
22 1 0 0 1 3 4 4 1 1303    1 
22 1 0 1 1 3 2 2 1 1058    1 
22 1 0 0 3 1 2 2 1  711    1 
22 1 0 0 0 2 3 3 1  770    1 
22 1 1 0 1 1 2 2 1  898    1 
22 1 0 0 3 1 2 2 1  702    1 
22 1 0 1 2 0 3 3 1  808    1 
22 1 1 0 2 2 3 3 1  719    1 
22 1 1 0 1 1 2 2 1  913    1 
22 1 1 0 1 1 2 2 1  724    1 
22 1 0 0 1 3 4 4 1 1430    1 
22 1 1 1 2 2 3 3 1 1180    1 
22 1 0 0 3 1 2 2 1  989    1 
22 1 1 0 0 0 1 1 1  740    1 
22 1 1 0 2 2 3 3 1  766    1 
22 1 1 0 0 0 1 1 1  502    0 
22 1 1 0 3 3 4 4 1  729    1 
22 1 1 1 0 0 1 1 1 1091    1 
22 1 1 1 1 1 2 2 1  726    1 
22 1 0 0 1 3 4 4 1  728    1 
22 1 1 1 1 1 2 2 1 1418    1 
22 1 1 1 3 3 4 4 1  977    1 
22 1 0 0 2 3 4 3 0 2685    1 
22 1 1 0 0 0 1 1 1 4887    1 
22 1 1 1 3 3 4 4 1 1195    1 
22 1 0 0 2 3 4 3 0 1602    1 
22 1 1 0 1 1 2 2 1 3199    1 
22 1 1 0 0 0 1 1 1 2134    1 
22 1 1 0 2 2 3 3 1 2544    1 
22 1 1 1 3 3 4 4 1  889    1 
22 1 0 0 0 1 2 1 0 1173    1 
22 1 0 0 0 1 2 2 1 1907    1 
22 1 1 0 0 0 1 1 1 1094    1 
22 1 0 0 3 0 1 4 0 1737    1 
22 1 0 1 0 1 1 2 0 4129    1 
22 1 0 1 0 1 1 1 1  697    1 
22 1 0 0 3 0 1 4 0 1437    1 
22 1 0 0 0 1 2 1 0 4112    1 
22 1 1 1 1 1 2 2 1 1137    1 
22 1 0 0 0 1 2 2 1 1931    1 
22 1 1 0 2 2 3 3 1 1605    1 
22 1 0 0 2 3 4 4 1 1188    1 
22 1 1 0 1 1 2 2 1 1916    1 
22 1 0 0 1 2 3 3 1 1462    1 
22 1 0 0 3 0 1 1 1 2203    1 
22 1 0 1 3 0 4 1 0 2658    1 
22 1 1 0 1 1 2 2 1 1517    1 
22 1 0 0 2 3 4 4 1 1655    1 
22 1 0 1 2 3 3 4 0 1172    1 
22 1 0 1 0 1 1 2 0 3690    1 
22 1 0 1 1 2 2 3 0 1508    1 
22 1 1 0 3 3 4 4 1 3981    1 
22 1 0 0 1 2 3 2 0 1861    1 
22 1 0 1 0 1 1 0 0 5000    1 
22 1 1 0 3 3 4 4 1  957    1 
22 1 1 1 1 1 2 2 1 2334    1 
22 1 1 0 3 3 4 4 1  864    1 
22 1 0 1 3 0 4 1 0 1076    1 
22 1 1 1 1 1 2 2 1 1263    1 
22 1 0 0 3 0 1 4 0 1339    1 
22 1 0 0 0 1 2 0 0 5000    1 
22 1 1 0 2 2 3 3 1 1880    1 
22 1 1 0 3 3 4 4 1  972    1 
22 1 1 0 3 3 4 4 1 2236    1 
22 1 1 0 3 3 4 4 1  674    1 
22 1 1 0 1 1 2 2 1 2014    1 
22 1 0 1 1 2 2 3 0 1677    1 
22 1 0 0 2 3 4 4 1 4423    1 
22 1 0 0 2 3 4 4 1 1142    1 
22 1 0 0 3 0 1 1 1 1319    1 
22 1 0 0 1 2 3 3 1 1618    1 
22 1 1 0 1 1 2 2 1 1864    1 
22 1 1 0 0 0 1 1 1 1357    1 
22 1 0 0 0 1 2 2 1 1390    1 
22 1 0 0 2 3 4 4 1 1325    1 
22 1 1 0 0 0 1 1 1 1719    1 
22 1 0 0 2 3 4 4 1 1001    1 
22 1 1 0 0 0 1 1 1  840    1 
22 1 1 0 0 0 1 1 1  782    1 
22 1 1 0 3 3 4 4 1  654    1 
22 1 1 0 2 2 3 3 1 1283    1 
22 1 0 0 3 0 1 1 1 1126    1 
22 1 1 0 3 3 4 4 1  720    1 
22 1 0 0 1 2 3 3 1 1675    1 
22 1 1 0 3 3 4 1 0  791    1 
22 1 0 0 1 2 3 3 1 2756    1 
22 1 1 0 3 3 4 4 1  709    1 
22 1 1 1 1 1 2 2 1 1304    1 
22 1 1 0 0 0 1 1 1 2795    0 
22 1 0 0 3 0 1 1 1 1035    1 
22 1 1 0 1 1 2 2 1 2488    1 
22 1 0 0 2 3 4 4 1 1156    0 
22 1 1 1 0 0 1 1 1 2237    1 
22 1 0 0 1 2 3 3 1 1370    1 
22 1 1 1 3 3 4 4 1  994    1 
22 1 0 0 2 3 4 4 1 1290    1 
22 1 1 1 2 2 3 3 1 1325    1 
22 1 0 0 0 1 2 2 1 1904    1 
22 1 0 0 0 1 2 2 1  835    1 
22 1 1 0 3 3 4 4 1 3392    1 
22 1 1 0 0 0 1 1 1  808    1 
22 1 1 0 2 2 3 3 1  830    1 
22 1 0 1 3 0 4 1 0 1309    1 
22 1 0 0 2 3 4 3 0 4982    1 
22 1 1 1 1 1 2 2 1 2659    1 
22 1 1 0 3 3 4 4 1 1304    1 
22 1 1 0 1 1 2 2 1 1275    0 
22 1 0 0 1 2 3 3 1 1271    1 
22 1 1 0 2 2 3 3 1  844    1 
22 1 0 0 3 0 1 1 1  985    1 
22 1 0 1 1 2 2 2 1 2657    1 
22 1 0 1 2 3 3 3 1 1614    1 
22 1 1 0 0 0 1 1 1 1028    1 
22 1 0 0 0 1 2 1 0 1675    1 
22 1 1 0 1 1 2 2 1  781    1 
22 1 1 1 1 1 2 2 1 1485    1 
22 1 0 0 1 2 3 3 1 2713    1 
22 1 1 0 1 1 2 2 1  867    1 
22 1 0 0 2 3 4 4 1 1336    1 
22 1 0 0 1 2 3 3 1 1489    1 
22 1 0 1 2 3 3 3 1 2301    1 
22 1 1 0 2 2 3 3 1 1200    1 
22 1 0 0 2 3 4 4 1 1118    1 
22 1 1 0 0 0 1 1 1 1561    1 
22 1 1 0 1 1 2 2 1 1946    1 
22 1 0 0 2 3 4 4 1 1235    1 
22 1 1 0 0 0 1 1 1 1161    1 
22 1 1 0 1 1 2 2 1 1506    1 
22 1 1 0 3 3 4 4 1 1236    1 
22 1 0 0 0 1 2 2 1 2434    1 
22 1 0 0 1 2 3 3 1 1376    1 
22 1 0 0 0 1 2 2 1 1472    1 
22 1 0 0 2 3 4 4 1 1052    1 
22 1 0 0 2 3 4 4 1  881    1 
22 1 1 1 1 1 2 2 1 1597    1 
22 1 1 0 0 0 1 1 1  948    1 
22 1 0 1 3 0 4 4 1 2374    1 
22 1 0 0 3 0 1 1 1 1198    1 
22 1 0 0 0 1 2 2 1 2070    1 
22 1 0 0 2 3 4 4 1 1490    1 
22 1 1 1 1 1 2 2 1 1310    1 
22 1 1 1 1 1 2 2 1  840    1 
22 1 1 0 2 2 3 3 1 1734    1 
22 1 1 0 3 3 4 4 1 1335    1 
22 1 1 1 3 3 4 4 1 1153    1 
22 1 0 0 2 3 4 4 1 1234    1 
22 1 1 1 1 1 2 2 1 1703    0 
22 1 1 0 3 3 4 4 1 1418    1 
22 1 1 0 3 3 4 4 1  840    0 
22 1 1 0 2 2 3 3 1 1694    1 
22 1 0 0 1 2 3 3 1 2905    1 
22 1 1 1 0 0 1 1 1 1460    1 
22 1 1 0 2 2 3 3 1 3177    1 
22 1 1 0 0 0 1 1 1 1258    1 
22 1 0 0 1 2 3 3 1 1527    1 
22 1 1 0 0 0 1 1 1  769    1 
22 1 0 1 3 0 4 4 1 1505    1 
22 1 1 1 1 1 2 2 1 1356    1 
22 1 0 0 3 0 1 1 1 2205    1 
22 1 0 1 1 2 2 2 1 1284    1 
22 1 1 1 3 3 4 4 1 1431    1 
22 1 0 0 0 1 2 2 1 1733    1 
22 1 1 0 2 2 3 3 1 1047    1 
22 1 0 1 2 3 3 4 0 3276    1 
22 1 1 0 0 0 1 1 1 1143    1 
22 1 0 1 0 1 1 1 1 1688    1 
22 1 0 0 2 3 4 4 1 1308    1 
22 1 0 0 0 1 2 2 1 1751    1 
22 1 0 0 0 1 2 2 1 1016    1 
22 1 1 0 1 1 2 2 1 1006    1 
22 1 1 0 3 3 4 4 1  869    1 
22 1 1 0 3 3 4 4 1  833    1 
22 1 0 0 2 3 4 4 1 1662    1 
22 1 0 0 0 1 2 2 1 1259    1 
22 1 1 0 0 0 1 1 1  744    1 
22 1 1 0 2 2 3 3 1 1009    1 
22 1 1 1 3 3 4 4 1 1880    1 
22 1 0 0 3 0 1 1 1 1308    1 
22 1 1 1 2 2 3 3 1 1055    1 
22 1 0 1 1 2 2 2 1 1772    1 
22 1 1 0 0 0 1 1 1 1188    1 
22 1 0 0 1 2 3 3 1 1548    1 
22 1 0 1 3 0 4 4 1 1837    1 
22 1 0 1 1 2 2 2 1 1643    1 
22 1 0 0 3 0 1 1 1 1409    1 
22 1 1 0 0 0 1 1 1 1159    1 
22 1 1 1 0 0 1 1 1  968    1 
22 1 1 0 0 0 1 1 1 1208    1 
22 1 0 0 2 3 4 4 1 1479    1 
22 1 0 1 2 3 3 3 1 1020    1 
22 1 0 0 2 3 4 4 1 1194    1 
22 1 0 0 0 1 2 2 1 2369    1 
22 1 1 0 1 1 2 2 1  945    0 
22 1 0 0 2 3 4 4 1 1419    1 
22 1 0 0 2 3 4 4 1  889    1 
22 1 0 0 0 1 2 2 1 2229    1 
22 1 0 0 3 0 1 1 1 2555    1 
22 1 0 0 1 2 3 3 1 1740    1 
22 1 0 0 2 3 4 4 1 2453    1 
22 1 0 0 3 0 1 1 1 2274    1 
22 1 1 0 3 3 4 4 1 1655    1 
22 1 1 0 2 2 3 3 1 1092    1 
22 1 1 0 2 2 3 3 1  879    0 
22 1 1 0 2 2 3 3 1  603    1 
22 1 1 0 1 1 2 2 1  986    1 
22 1 1 0 1 1 2 2 1  642    1 
22 1 1 1 1 1 2 2 1 1015    1 
22 1 0 0 0 1 2 2 1 1534    1 
22 1 1 1 1 1 2 2 1 1079    1 
22 1 0 0 3 0 1 1 1 1140    1 
22 1 0 1 0 1 1 1 1 1941    1 
22 1 1 0 3 3 4 4 1 2503    1 
22 1 1 0 3 3 4 4 1  818    1 
22 1 1 1 2 2 3 3 1 1200    1 
22 1 1 1 3 3 4 4 1 3960    1 
22 1 0 0 2 0 1 1 1 2017    1 
22 1 1 0 3 3 4 4 1 1256    0 
22 1 1 0 3 3 4 4 1  564    1 
22 1 1 0 0 0 1 1 1 2453    1 
22 1 0 1 1 3 2 2 1 1178    1 
22 1 0 0 2 0 1 1 1 1066    1 
22 1 1 1 3 3 4 4 1 1319    1 
22 1 0 1 0 2 1 1 1 1481    1 
22 1 1 0 2 2 3 3 1 1029    1 
22 1 0 0 1 3 4 4 1 1771    1 
22 1 1 0 0 0 1 1 1  779    1 
22 1 0 1 3 1 4 4 1 1419    0 
22 1 1 0 3 3 4 4 1  674    1 
22 1 0 0 0 2 3 3 1 1238    1 
22 1 0 0 1 3 4 4 1 1051    1 
22 1 0 0 2 0 1 1 1 1432    1 
22 1 1 0 3 3 4 4 1 2278    1 
22 1 1 1 1 1 2 2 1 1282    1 
22 1 1 0 3 3 4 4 1  925    1 
22 1 1 1 1 1 2 2 1 1104    1 
22 1 1 0 1 1 2 2 1  674    1 
22 1 0 1 1 3 2 2 1 1791    1 
22 1 1 0 2 2 3 3 1 1062    1 
22 1 1 0 1 1 2 2 1  971    1 
22 1 1 0 0 0 1 1 1  955    1 
22 1 1 0 1 1 2 2 1  876    1 
22 1 0 0 1 3 4 4 1  944    1 
22 1 0 0 0 2 3 3 1 1010    1 
22 1 1 0 2 2 3 3 1  673    1 
22 1 0 0 3 1 2 2 1 1133    1 
22 1 1 0 1 1 2 2 1  774    1 
22 1 0 0 1 3 4 4 1  758    1 
22 1 0 0 3 1 2 2 1 1143    1 
22 1 0 0 2 0 1 1 1 1145    1 
22 1 0 1 2 0 3 3 1 1074    1 
22 1 1 1 2 2 3 3 1  966    1 
22 1 1 0 0 0 1 1 1  903    1 
22 1 0 1 0 2 1 1 1 1377    1 
22 1 1 0 3 3 4 4 1 1170    1 
22 1 1 0 3 3 4 4 1  722    1 
22 1 0 1 2 0 3 3 1 1308    1 
22 1 1 0 1 1 2 2 1 1231    1 
22 1 1 0 2 2 3 3 1 1013    1 
22 1 0 0 0 2 3 3 1 1084    1 
22 1 1 0 1 1 2 2 1 1271    1 
22 1 1 0 1 1 2 2 1  699    1 
22 1 1 0 3 3 4 4 1 2694    1 
22 1 0 0 1 3 4 4 1 1186    1 
22 1 0 1 0 2 1 1 1  969    1 
22 1 0 1 1 3 2 2 1  994    1 
22 1 0 0 3 1 2 2 1 1209    1 
22 1 0 0 0 2 3 3 1 1616    1 
22 1 1 0 2 2 3 3 1 1646    1 
22 1 1 1 2 2 3 3 1  884    1 
22 1 0 0 2 0 1 1 1  951    1 
22 1 0 0 3 1 2 3 0  992    1 
22 1 0 1 2 0 3 3 1 2109    1 
22 1 1 0 2 2 3 3 1 1128    1 
22 1 0 1 2 0 3 3 1 1139    1 
22 1 0 0 3 1 2 2 1 1212    1 
22 1 1 0 3 3 4 4 1  875    1 
22 1 0 0 3 1 2 2 1 1207    1 
22 1 0 0 0 2 3 3 1 3406    1 
22 1 1 0 3 3 4 4 1  709    1 
22 1 1 0 3 3 4 4 1  544    1 
22 1 1 1 0 0 1 1 1 1929    1 
22 1 0 0 3 1 2 2 1 2604    1 
22 1 0 1 1 3 2 2 1  906    1 
22 1 0 0 1 3 4 4 1  909    1 
22 1 1 0 1 1 2 2 1 1064    1 
22 1 0 0 0 2 3 3 1 1085    1 
22 1 1 0 1 1 2 2 1 1416    1 
22 1 0 0 1 3 4 4 1  967    1 
22 1 0 0 2 0 1 1 1 1031    0 
22 1 0 0 2 0 1 1 1  925    1 
22 1 1 0 0 0 1 1 1  639    1 
22 1 1 0 2 2 3 3 1  781    1 
22 1 1 0 0 0 1 1 1  613    1 
22 1 1 0 1 1 2 2 1  836    1 
22 1 0 1 3 1 4 4 1 1161    1 
22 1 1 0 0 0 1 1 1 2154    1 
22 1 0 0 1 3 4 4 1 1379    1 
22 1 0 0 3 1 2 2 1 2195    1 
22 1 1 0 0 0 1 1 1  715    1 
22 1 0 0 1 3 4 4 1  909    1 
22 1 1 0 2 2 3 3 1 1848    1 
22 1 1 0 1 1 2 2 1 2062    1 
22 1 0 0 0 2 3 3 1 3371    1 
22 1 1 0 2 2 3 3 1  619    1 
22 1 0 0 0 2 3 3 1  537    1 
22 1 1 0 3 3 4 4 1  683    1 
22 1 0 0 2 0 1 1 1  710    1 
22 1 0 0 1 3 4 4 1 1489    1 
22 1 0 0 1 3 4 4 1 1013    1 
22 1 0 0 1 3 4 4 1  571    1 
22 1 0 0 0 2 3 3 1 3772    1 
22 1 1 0 1 1 2 2 1 1756    1 
22 1 0 0 2 0 1 1 1 3333    1 
22 1 0 0 0 2 3 3 1 1087    1 
22 1 1 1 2 2 3 3 1  978    1 
22 1 0 0 3 1 2 2 1 2050    1 
22 1 0 0 1 3 4 4 1  775   48 
22 1 0 1 1 3 2 2 1 1767    1 
22 1 1 0 1 1 2 2 1  968    1 
22 1 0 1 3 1 4 4 1  936    1 
22 1 1 0 2 2 3 3 1 2697    1 
22 1 1 0 0 0 1 1 1 1165    1 
22 1 1 1 3 3 4 4 1 1334    0 
22 1 0 0 2 0 1 1 1 1431    1 
22 1 0 0 0 2 3 3 1 1173    1 
22 1 1 0 3 3 4 4 1  838    1 
22 1 1 1 2 2 3 3 1 1123    1 
22 1 1 0 0 0 1 1 1  877   48 
22 1 1 0 0 0 1 1 1  625    1 
22 1 1 0 3 3 4 4 1  744    1 
22 1 0 1 2 0 3 3 1 1017    1 
22 1 0 1 2 0 3 3 1 1247    1 
22 1 0 0 0 2 3 3 1 2661    1 
22 1 1 0 3 3 4 4 1  762    1 
22 1 0 0 1 3 4 4 1 1090    1 
22 1 0 0 3 1 2 2 1  942   36 
22 1 1 0 0 0 1 1 1  783    1 
22 1 0 1 3 1 4 4 1 1007    1 
22 1 1 0 1 1 2 2 1 1014    1 
22 1 1 0 2 2 3 3 1  909    1 
22 1 0 0 3 1 2 2 1 1719    1 
22 1 1 1 3 3 4 4 1 1138    1 
22 1 0 0 3 1 2 2 1  899    1 
22 1 1 0 2 2 3 3 1  726    1 
22 1 0 1 3 1 4 4 1 1104    1 
22 1 1 1 2 2 3 3 1 1027    1 
22 1 1 1 0 0 1 1 1  969    1 
22 1 0 0 0 2 3 3 1  977    1 
22 1 0 0 0 2 3 3 1  729    1 
22 1 0 0 2 0 1 1 1  972    1 
22 1 1 1 3 3 4 4 1 1724    1 
22 1 1 1 3 3 4 4 1  670    1 
22 1 1 1 1 1 2 2 1 1082    0 
22 1 1 0 1 1 2 2 1  934    1 
22 1 1 0 1 1 2 2 1  815    0 
22 1 1 0 0 0 1 1 1  861    1 
22 1 0 0 1 3 4 4 1  922    1 
22 1 1 0 1 1 2 2 1  972    1 
22 1 0 0 1 3 4 4 1  708   37 
22 1 1 1 0 0 1 1 1 1039    1 
22 1 1 0 0 0 1 1 1  733    1 
22 1 1 0 3 3 4 4 1  950    1 
22 1 0 0 0 2 3 3 1 1207    1 
22 1 0 0 1 3 4 4 1 1702    1 
22 1 1 0 2 2 3 3 1 1289    1 
22 1 1 0 0 0 1 1 1 1844    1 
22 1 1 1 2 2 3 3 1 1026    1 
22 1 1 1 2 2 3 3 1  640    1 
22 1 1 1 3 3 4 4 1  814    1 
22 1 1 0 2 2 3 3 1  836    1 
22 1 1 0 2 2 3 3 1  762    1 
22 1 0 0 0 2 3 3 1  883    1 
22 1 0 0 0 2 3 3 1  726    1 
22 1 1 0 2 2 3 3 1  944    1 
22 1 0 0 1 3 4 4 1 1194    1 
22 1 0 0 0 2 3 3 1 1169    1 
22 1 0 1 3 1 4 4 1 1065    1 
22 1 0 1 0 2 1 1 1 1102    1 
22 1 0 1 2 0 3 3 1 1433    1 
22 1 1 0 0 0 1 1 1  766    1 
22 1 0 0 3 1 2 2 1 1222    1 
22 1 0 0 3 1 2 2 1  660    1 
22 1 1 1 2 2 3 3 1 1633    1 
22 1 1 0 3 3 4 4 1  927    1 
22 1 1 0 2 2 3 3 1 1001    1 
22 1 1 0 0 0 1 1 1  832    1 
22 1 0 0 2 0 1 1 1 1910    1 
22 1 0 0 0 2 3 3 1 1881    1 
22 1 0 0 3 1 2 2 1  997    0 
22 1 1 0 1 1 2 2 1  669    1 
22 1 0 0 0 2 3 3 1 2497    1 
22 1 1 0 1 1 2 2 1  940    1 
22 1 0 0 2 0 1 1 1 1030    1 
22 1 1 0 1 1 2 2 1  932    1 
22 1 1 0 1 1 2 2 1  933    1 
22 1 0 0 0 2 3 3 1 1007    1 
22 1 0 0 2 0 1 1 1 1302    1 
22 1 1 0 1 1 2 2 1  825    1 
22 1 0 1 3 1 4 4 1  967    1 
22 1 1 0 2 2 3 3 1  847    1 
22 1 0 1 0 2 1 1 1  948    1 
22 1 0 1 0 2 1 1 1 1078    1 
22 1 1 0 3 3 4 4 1  738    1 
22 1 0 0 3 1 2 2 1  844    1 
22 1 0 1 0 2 1 1 1 1161    1 
22 1 0 1 2 0 3 3 1  954    1 
