16 1 0 0 2 0 1 1 1  966    1 
16 1 1 1 3 3 4 4 1  174    1 
16 1 0 0 0 2 3 1 0  678    1 
16 1 0 0 3 1 2 2 1  768    1 
16 1 1 0 2 2 3 3 1  840    1 
16 1 1 0 3 3 4 4 1  622    1 
16 1 0 1 3 1 4 4 1   92    0 
16 1 1 0 2 2 3 1 0  743    1 
16 1 1 0 0 0 1 1 1  623    1 
16 1 1 0 1 1 2 2 1  701    1 
16 1 0 0 3 1 2 2 1  616    1 
16 1 1 0 1 1 2 2 1  646    1 
16 1 1 0 3 3 4 4 1  907    1 
16 1 1 0 3 3 4 4 1  438    1 
16 1 1 0 0 0 1 1 1  500    1 
16 1 1 0 3 3 4 4 1  735    1 
16 1 0 0 0 2 3 1 0  944    1 
16 1 0 0 1 3 4 4 1  607   15 
16 1 0 1 2 0 3 4 0 1902    1 
16 1 0 0 0 2 3 3 1  983    1 
16 1 1 0 1 1 2 4 0  127    1 
16 1 1 0 1 1 2 2 1  887    1 
16 1 1 1 2 2 3 4 0 1498    1 
16 1 1 0 3 3 4 4 1 1035    1 
16 1 0 0 3 1 2 2 1 1241    1 
16 1 1 0 1 1 2 2 1  574    1 
16 1 1 0 0 0 1 1 1  574    1 
16 1 1 0 3 3 4 4 1 1439    1 
16 1 0 1 0 2 1 1 1 1036    1 
16 1 0 0 3 1 2 2 1  954    1 
16 1 1 0 1 1 2 2 1  514    1 
16 1 0 1 2 0 3 3 1  797    1 
16 1 1 0 0 0 1 1 1  741    1 
16 1 1 0 0 0 1 1 1  454    0 
16 1 1 1 2 2 3 3 1  867    1 
16 1 0 0 2 0 1 1 1  527    1 
16 1 0 0 1 3 4 4 1  865    1 
16 1 0 1 1 3 2 2 1  917    1 
16 1 1 0 2 2 3 3 1  592    1 
16 1 0 0 0 2 3 3 1  575    1 
16 1 0 0 2 0 1 1 1  543    1 
16 1 0 0 0 2 3 3 1 1145    1 
16 1 0 0 1 3 4 4 1  810    1 
16 1 1 0 2 2 3 1 0  505    1 
16 1 0 1 0 2 1 1 1  578    1 
16 1 0 0 3 1 2 2 1 1370    1 
16 1 0 1 0 2 1 1 1  770    1 
16 1 1 0 3 3 4 4 1  794    0 
16 1 0 0 1 3 4 4 1  554    1 
16 1 1 0 3 3 4 4 1  483    1 
16 1 1 0 3 3 4 4 1  478    1 
16 1 1 0 1 1 2 2 1  810    1 
16 1 1 0 2 2 3 3 1  625    1 
16 1 0 0 0 2 3 3 1  551    1 
16 1 1 0 1 1 2 2 1  760    1 
16 1 0 1 0 2 1 1 1  673    1 
16 1 0 0 1 3 4 4 1  637    1 
16 1 1 0 2 2 3 3 1  994    1 
16 1 1 0 2 2 3 3 1  490    1 
16 1 1 1 2 2 3 3 1  933    1 
16 1 1 0 3 3 4 4 1  535    1 
16 1 0 1 0 2 1 1 1  800    1 
16 1 0 0 1 3 4 4 1  599    1 
16 1 0 0 1 3 4 4 1  494    1 
16 1 0 1 3 1 4 4 1 1289    1 
16 1 0 0 0 2 3 2 0  693    1 
16 1 0 0 2 0 1 1 1  478    1 
16 1 1 0 3 3 4 4 1  595    1 
16 1 1 0 1 1 2 2 1  778    1 
16 1 1 0 0 0 1 1 1  506    1 
16 1 0 0 0 2 3 3 1 1069    1 
16 1 0 1 2 0 3 3 1  777    1 
16 1 1 0 0 0 1 1 1  561    1 
16 1 1 0 2 2 3 3 1 1098    1 
16 1 1 0 3 3 4 4 1  598    0 
16 1 1 0 2 2 3 3 1 1997    1 
16 1 1 1 3 3 4 4 1  861    1 
16 1 0 0 0 2 3 3 1  561    0 
16 1 1 0 1 1 2 2 1  674    1 
16 1 0 1 0 2 1 1 1  606    1 
16 1 0 0 2 0 1 1 1  541    1 
16 1 0 0 1 3 4 4 1  919    1 
16 1 0 0 1 3 4 4 1  417    1 
16 1 0 0 2 0 1 1 1  495    1 
16 1 1 1 0 0 1 1 1  786    1 
16 1 0 1 1 3 2 2 1 1034    1 
16 1 1 1 1 1 2 2 1  511    1 
16 1 0 1 0 2 1 1 1  610    1 
16 1 0 0 3 1 2 2 1  657    1 
16 1 0 1 1 3 2 2 1  518    1 
16 1 0 0 3 1 2 2 1  472    1 
16 1 1 0 2 2 3 3 1  852    1 
16 1 0 0 1 3 4 4 1  553    1 
16 1 1 0 2 2 3 3 1  666    1 
16 1 1 1 2 2 3 3 1  966   77 
16 1 0 1 3 1 4 4 1  678    1 
16 1 1 0 1 1 2 3 0 1747    1 
16 1 0 0 1 0 1 1 1  858    1 
16 1 1 0 1 1 2 2 1 2063    1 
16 1 0 0 3 2 3 4 0  780    1 
16 1 0 0 2 1 2 2 1 2642    1 
16 1 1 1 3 3 4 4 1 1904    1 
16 1 1 1 3 3 4 4 1 1011    1 
16 1 0 0 2 1 2 3 0  770    1 
16 1 1 0 1 1 2 2 1 1808    1 
16 1 1 1 3 3 4 4 1  767    1 
16 1 1 0 3 3 4 4 1  527    1 
16 1 1 0 2 2 3 3 1  609    1 
16 1 1 1 3 3 4 4 1  648    1 
16 1 1 0 0 0 1 1 1  733    1 
16 1 0 0 1 0 1 2 0  687    1 
16 1 1 0 3 3 4 4 1 1296    1 
16 1 1 1 1 1 2 2 1 1660    1 
16 1 0 0 0 3 4 1 0  817    1 
16 1 1 0 1 1 2 2 1 1197    1 
16 1 1 1 3 3 4 4 1  612    1 
16 1 0 1 1 0 2 1 0  843    1 
16 1 1 0 3 3 4 4 1  679    1 
16 1 0 1 1 0 2 2 1 2275    0 
16 1 1 0 3 3 4 4 1  943   49 
16 1 0 0 1 0 1 1 1 1025    1 
16 1 1 0 3 3 4 4 1  535    1 
16 1 1 0 3 3 4 4 1  464    1 
16 1 0 0 2 1 2 2 1 1253    1 
16 1 1 0 3 3 4 4 1  642    1 
16 1 0 0 3 2 3 3 1  687    1 
16 1 0 1 1 0 2 1 0  779    1 
16 1 1 0 2 2 3 3 1  681    1 
16 1 1 0 1 1 2 2 1  677    0 
16 1 1 1 1 1 2 2 1 1497    1 
16 1 0 0 1 0 1 1 1  893    1 
16 1 1 0 2 2 3 3 1  552    1 
16 1 0 0 0 3 4 4 1  897    1 
16 1 0 0 3 2 3 3 1  693    1 
16 1 0 0 3 2 3 3 1  488    1 
16 1 1 0 0 0 1 1 1  595    1 
16 1 1 0 2 2 3 3 1  491    1 
16 1 0 0 0 3 4 4 1  614    1 
16 1 1 0 3 3 4 4 1  861   64 
16 1 0 0 1 0 1 1 1  714    1 
16 1 1 0 1 1 2 2 1  661    1 
16 1 1 1 0 0 1 1 1 1026    1 
16 1 0 0 0 3 4 4 1  776    1 
16 1 1 0 3 3 4 4 1  720    1 
16 1 0 0 1 0 1 1 1  690    1 
16 1 0 1 2 1 3 3 1  958    1 
16 1 0 1 0 3 1 1 1  966    1 
16 1 0 0 0 3 4 4 1  775    1 
16 1 1 0 0 0 1 1 1  647    1 
16 1 0 0 2 1 2 2 1  916    1 
16 1 1 0 2 2 3 3 1  966    1 
16 1 1 0 2 2 3 3 1  719    1 
16 1 0 0 3 2 3 4 0  641    1 
16 1 1 1 3 3 4 4 1  612    1 
16 1 0 0 2 1 2 2 1  771    1 
16 1 0 1 1 0 2 1 0  619    0 
16 1 1 0 3 3 4 4 1  895    1 
16 1 1 0 0 0 1 1 1  971    1 
16 1 1 0 3 3 4 4 1  587    0 
16 1 1 1 3 3 4 4 1  946    1 
16 1 1 0 2 2 3 3 1  612    1 
16 1 0 0 0 3 4 1 0  595    1 
16 1 0 1 3 2 4 4 1 1288    1 
16 1 1 0 0 0 1 1 1  660    1 
16 1 1 1 2 2 3 3 1  896    1 
16 1 0 0 2 1 2 2 1  892    1 
16 1 1 0 1 1 2 2 1  856    1 
16 1 0 0 0 3 4 4 1  996    1 
16 1 0 1 2 1 3 3 1 1100    1 
16 1 0 0 1 0 1 1 1  839    1 
16 1 0 1 1 0 2 2 1  908    1 
16 1 0 1 1 0 2 2 1  631    1 
16 1 0 1 0 3 1 1 1 1245    1 
16 1 1 0 1 1 2 2 1  875    1 
16 1 0 0 0 3 4 1 0  487    1 
16 1 0 1 1 0 2 2 1 1896    1 
16 1 0 0 2 1 2 3 0  764    1 
16 1 0 1 2 1 3 2 0  707   61 
16 1 1 0 3 3 4 4 1  548    1 
16 1 1 0 1 1 2 2 1  813    1 
16 1 1 0 1 1 2 2 1  516    0 
16 1 1 1 2 2 3 3 1  694    1 
16 1 1 1 0 0 1 1 1  737    1 
16 1 0 0 2 1 2 3 0  867    1 
16 1 0 0 2 1 2 2 1  757    1 
16 1 1 0 1 1 2 2 1  710    1 
16 1 0 1 1 0 2 1 0  729    1 
16 1 0 0 0 3 4 4 1  969    1 
16 1 0 0 2 1 2 2 1 1161    1 
16 1 0 0 2 1 2 2 1  474    0 
16 1 1 0 3 3 4 4 1  654    0 
16 1 1 0 1 1 2 2 1  619    1 
16 1 1 0 1 1 2 2 1  649    0 
16 1 0 0 2 1 2 3 0  838    1 
16 1 1 0 0 0 1 1 1  537    1 
16 1 1 1 1 1 2 2 1  811    1 
16 1 0 0 0 3 4 1 0  722    1 
16 1 0 0 1 0 1 2 0 1586    1 
16 1 1 0 1 1 2 2 1  751    1 
16 1 1 1 1 1 2 2 1 1032    1 
16 1 0 0 3 2 3 3 1  870    1 
16 1 1 0 0 0 1 1 1  858    1 
16 1 0 1 0 3 1 4 0 1199    1 
16 1 1 0 0 0 1 1 1 1228    1 
16 1 1 1 3 3 4 4 1 1098    1 
16 1 0 0 2 1 2 3 0  861    0 
16 1 0 0 2 1 2 2 1  984    1 
16 1 0 0 1 0 1 1 1  632    1 
16 1 1 1 1 1 2 2 1 1214    1 
16 1 1 0 3 3 4 4 1  581    1 
16 1 0 1 0 3 1 1 1  965    1 
16 1 1 0 3 3 4 4 1  582    1 
16 1 0 0 3 2 3 3 1  638    1 
16 1 1 0 1 1 2 2 1  579    1 
16 1 0 0 2 1 2 3 0  587    1 
16 1 0 1 0 3 1 1 1  985    1 
16 1 0 0 2 1 2 2 1 1032    1 
16 1 0 0 0 3 4 4 1  854    1 
16 1 0 0 1 0 1 1 1  699    1 
16 1 1 0 1 1 2 2 1  613    1 
16 1 0 0 1 0 1 2 0  628    1 
16 1 1 0 0 0 1 1 1  520    1 
16 1 0 0 3 2 3 3 1  746    1 
16 1 0 0 2 1 2 2 1 1092    1 
16 1 1 0 2 2 3 3 1  679    1 
16 1 1 1 2 2 3 3 1  884    1 
16 1 0 0 2 1 2 2 1  639    1 
16 1 1 1 3 3 4 4 1  581    1 
16 1 0 0 0 3 4 1 0  525    1 
16 1 1 0 3 3 4 4 1  901    1 
16 1 1 0 2 2 3 3 1  640    1 
16 1 0 0 3 2 3 3 1 1045    1 
16 1 0 0 1 0 1 1 1  675    1 
16 1 1 1 0 0 1 1 1  975    1 
16 1 0 0 0 3 4 4 1 1367    1 
16 1 1 0 3 3 4 4 1  623    1 
16 1 0 0 0 3 4 4 1  773    1 
16 1 0 0 0 3 4 4 1  437    1 
16 1 0 0 0 3 4 4 1  451    1 
16 1 1 0 0 0 1 1 1  608    1 
16 1 1 0 2 2 3 3 1  679    1 
16 1 1 1 0 0 1 1 1  939    1 
16 1 1 0 2 2 3 3 1  796    1 
16 1 0 0 2 1 2 2 1 1068    1 
16 1 0 0 3 2 3 3 1  848    1 
16 1 0 0 3 2 3 3 1  605    1 
16 1 1 0 0 0 1 1 1  756    1 
16 1 1 0 1 1 2 2 1  765    1 
16 1 0 0 1 0 1 1 1  638    1 
16 1 1 0 3 3 4 4 1 1043    1 
16 1 1 0 0 0 1 1 1  633    1 
16 1 1 0 0 0 1 1 1  454    1 
16 1 0 1 3 2 4 4 1 1451    1 
16 1 0 1 2 1 3 2 0  952    1 
16 1 1 0 1 1 2 2 1  767    1 
16 1 0 0 1 0 1 1 1  575    1 
16 1 0 0 1 0 1 1 1  735    1 
16 1 0 0 2 1 2 2 1 1040    1 
16 1 1 0 1 1 2 2 1  702    1 
16 1 0 1 2 1 3 3 1 1305    1 
16 1 0 0 3 2 3 4 0 1068    1 
16 1 0 0 1 0 1 1 1 1190    1 
16 1 0 1 0 3 1 4 0 1333    1 
16 1 0 0 2 1 2 2 1  885    1 
16 1 1 0 0 0 1 1 1  584    1 
16 1 1 0 0 0 1 1 1  560    1 
16 1 0 0 3 2 3 3 1  833    0 
16 1 0 1 2 1 3 3 1  942    1 
16 1 0 0 0 3 4 4 1 1032    1 
16 1 0 1 3 2 4 4 1 1150    1 
16 1 1 0 0 0 1 1 1  687    1 
16 1 1 1 0 0 1 1 1  762    1 
16 1 0 1 2 1 3 2 0 1291    1 
16 1 1 0 2 2 3 3 1  589    1 
16 1 1 0 0 0 1 1 1  532    1 
16 1 1 0 3 3 4 4 1  622    1 
16 1 1 1 2 2 3 3 1 1004    1 
16 1 1 1 0 0 1 1 1  626    0 
16 1 1 0 2 2 3 3 1  729    1 
16 1 0 0 2 1 2 2 1 2115    1 
16 1 0 0 3 2 3 4 0  838    1 
16 1 0 0 3 2 3 3 1  937    1 
16 1 1 0 0 0 1 1 1  539    1 
16 1 0 0 2 1 2 2 1  860    1 
16 1 0 0 3 2 3 4 0 1297    1 
16 1 1 0 2 2 3 3 1  515    1 
16 1 1 0 3 3 4 4 1  749    1 
16 1 1 0 0 0 1 1 1  502    1 
16 1 1 0 1 1 2 3 0 1190    1 
16 1 1 0 2 2 3 3 1  571    1 
16 1 0 0 3 1 2 3 0  531    1 
16 1 0 0 1 3 4 4 1 1707    1 
16 1 0 0 1 3 4 4 1  446    1 
16 1 0 1 0 2 1 1 1 1275    1 
16 1 0 0 3 1 2 2 1  759    0 
16 1 1 0 3 3 4 4 1  456    1 
16 1 1 1 2 2 3 3 1  853    1 
16 1 0 0 0 2 3 3 1  746    1 
16 1 0 0 2 0 1 1 1  675    1 
16 1 0 1 1 3 2 2 1 1055    1 
16 1 1 0 1 1 2 2 1 2372    1 
16 1 0 0 1 3 4 4 1  701    1 
16 1 1 0 0 0 1 1 1  599    1 
16 1 1 1 1 1 2 2 1  702    1 
16 1 1 0 0 0 1 1 1  617    1 
16 1 1 1 2 2 3 3 1  815    1 
16 1 1 0 0 0 1 1 1  614    1 
16 1 0 1 3 1 4 4 1 2133    1 
16 1 0 0 1 3 4 2 0 3438    1 
16 1 0 0 1 3 4 4 1  802    0 
16 1 0 1 0 2 1 1 1 1257    1 
16 1 0 0 0 2 3 3 1  958    1 
16 1 0 0 3 1 2 2 1  679    1 
16 1 1 0 2 2 3 3 1  827    1 
16 1 1 0 3 3 4 4 1  537    1 
16 1 1 0 2 2 3 4 0 1554    1 
16 1 1 1 2 2 3 3 1 1881    1 
16 1 1 0 1 1 2 2 1  622    1 
16 1 0 1 2 0 3 3 1 1244    0 
16 1 1 0 1 1 2 2 1  737    1 
16 1 0 0 0 2 3 4 0 1379    1 
16 1 1 0 3 3 4 4 1  537    1 
16 1 0 1 1 3 2 3 0  874    1 
16 1 0 1 1 3 2 4 0 1524    1 
16 1 1 0 3 3 4 4 1 1093    1 
16 1 0 0 2 0 1 1 1  776    1 
16 1 0 1 3 1 4 2 0  912    1 
16 1 0 1 3 1 4 4 1 1681    1 
16 1 1 0 0 0 1 1 1  589    1 
16 1 1 1 2 2 3 3 1  653    1 
16 1 1 0 3 3 4 4 1  586    1 
16 1 0 0 2 0 1 1 1  937    1 
16 1 1 0 2 2 3 3 1 1307    1 
16 1 0 1 2 0 3 3 1 1054    1 
16 1 0 0 2 0 1 1 1  770    1 
16 1 1 1 0 0 1 1 1  787    1 
16 1 0 0 2 0 1 3 0  714    1 
16 1 0 0 0 2 3 3 1  851    1 
16 1 1 0 1 1 2 2 1  720    1 
16 1 0 0 2 0 1 1 1  882    1 
16 1 0 0 3 1 2 2 1 1373    1 
16 1 0 0 2 0 1 1 1  565    1 
16 1 0 0 0 2 3 3 1  846    1 
16 1 1 0 1 1 2 2 1  707    1 
16 1 0 0 0 2 3 3 1  758    1 
16 1 0 1 0 2 1 1 1  943    1 
16 1 1 0 0 0 1 1 1  576    1 
16 1 0 0 1 3 4 4 1  832    1 
16 1 0 0 2 0 1 1 1  830    1 
16 1 0 0 1 3 4 4 1 2236    1 
16 1 0 1 2 0 3 3 1  538    1 
16 1 0 0 3 1 2 2 1  635    1 
16 1 0 0 3 1 2 4 0  937    1 
16 1 0 1 1 3 2 2 1  928    1 
16 1 1 0 0 0 1 1 1  610    1 
16 1 0 1 1 3 2 2 1  537    1 
16 1 0 0 0 2 3 3 1 1227    1 
16 1 0 0 1 3 4 4 1 1017    1 
16 1 1 0 1 1 2 2 1  567    1 
16 1 1 0 2 2 3 3 1  999    1 
16 1 0 0 0 2 3 3 1  766    1 
16 1 0 0 3 1 2 4 0 1438    1 
16 1 1 0 3 3 4 4 1  578    0 
16 1 1 0 3 3 4 4 1  586    1 
16 1 0 0 3 1 2 4 0  489    1 
16 1 1 0 0 0 1 1 1  467    1 
16 1 1 0 0 0 1 4 0  639    1 
16 1 0 0 3 1 2 2 1 1426    1 
16 1 0 0 3 1 2 2 1  472    1 
16 1 0 1 1 3 2 4 0  845    1 
16 1 1 1 2 2 3 3 1  856    1 
16 1 1 0 2 2 3 3 1  749    1 
16 1 1 0 0 0 1 1 1  502    0 
16 1 1 0 2 2 3 3 1  513    1 
16 1 0 0 1 3 4 4 1  651    1 
16 1 1 1 2 2 3 3 1  832    1 
16 1 1 0 2 2 3 3 1  486    1 
16 1 0 0 0 2 3 3 1 1105    1 
16 1 0 0 2 0 1 1 1  940    1 
16 1 0 0 2 0 1 1 1  653    1 
16 1 1 0 0 0 1 1 1  418    1 
16 1 1 0 1 1 2 2 1  688    1 
16 1 1 0 3 3 4 4 1  636    1 
16 1 1 0 0 0 1 1 1  593    1 
16 1 1 0 2 2 3 3 1  593    1 
16 1 1 1 3 3 4 4 1  680    1 
16 1 0 1 3 1 4 1 0  860    1 
16 1 1 0 2 2 3 3 1 1015    1 
16 1 0 1 1 3 2 2 1 1157    1 
16 1 0 0 3 1 2 2 1 1014    1 
16 1 0 0 3 1 2 2 1  517    1 
16 1 1 0 3 3 4 4 1  551    1 
16 1 0 0 3 1 2 2 1  808    1 
16 1 0 0 3 1 2 2 1  479    1 
16 1 1 1 3 3 4 4 1  595    1 
16 1 0 1 3 1 4 2 0  587    1 
16 1 0 0 1 3 4 4 1  456    1 
16 1 0 1 1 3 2 4 0  509    1 
16 1 1 1 1 1 2 2 1  662    1 
16 1 1 0 2 2 3 3 1 1122    1 
16 1 1 0 1 1 2 2 1  589    1 
16 1 0 0 0 2 3 3 1 1332    1 
16 1 1 0 2 2 3 3 1  486    1 
16 1 1 1 1 1 2 2 1  681    1 
16 1 1 0 1 1 2 2 1  645    1 
16 1 1 0 3 3 4 4 1  739    0 
16 1 1 0 0 0 1 1 1  516    1 
16 1 1 0 0 0 1 1 1  430    1 
16 1 0 0 1 3 4 4 1  708    1 
16 1 1 0 1 1 2 2 1 1503    1 
16 1 1 1 2 2 3 3 1  754    1 
16 1 1 0 2 2 3 3 1  483    1 
16 1 0 0 1 3 4 4 1  630    1 
16 1 0 0 0 2 3 1 0  940    1 
16 1 1 1 0 0 1 1 1  876    1 
16 1 0 0 0 2 3 3 1  776    1 
16 1 0 1 2 0 3 3 1  784    1 
16 1 0 1 1 3 2 4 0  808    1 
16 1 0 1 2 0 3 1 0 1749    1 
16 1 1 0 2 2 3 2 0 4516    1 
16 1 1 1 2 2 3 3 1 1788    1 
16 1 0 0 0 2 3 3 1  964    1 
16 1 1 0 2 2 3 3 1  436    1 
16 1 0 0 1 3 4 4 1 1058    1 
16 1 1 1 3 3 4 4 1  839  109 
16 1 1 1 0 0 1 1 1  820    1 
16 1 0 0 2 0 1 4 0  642    1 
16 1 1 0 1 1 2 2 1  726    1 
16 1 0 0 3 1 2 2 1 1112    1 
16 1 1 0 0 0 1 1 1  811    1 
16 1 0 1 0 2 1 4 0 2106    1 
16 1 0 0 3 1 2 2 1  987    1 
16 1 1 0 0 0 1 1 1  890    1 
16 1 0 0 2 0 1 1 1  446    1 
16 1 1 0 1 1 2 2 1  659    1 
16 1 1 0 0 0 1 1 1  656    1 
16 1 1 0 3 3 4 4 1  613    1 
16 1 0 0 1 3 4 4 1  491    1 
16 1 0 0 2 0 1 1 1  479    1 
16 1 1 0 3 3 4 4 1  531    1 
16 1 1 0 1 1 2 2 1  637    1 
16 1 0 1 2 0 3 1 0  899    1 
16 1 1 0 3 3 4 4 1  540    1 
16 1 1 0 2 2 3 3 1  701    1 
16 1 1 0 3 3 4 4 1  720    1 
16 1 1 0 0 0 1 1 1  474    1 
16 1 1 0 3 3 4 4 1  526    1 
16 1 1 0 2 2 3 3 1  680    1 
16 1 0 0 3 1 2 2 1  940    1 
16 1 0 0 0 2 3 1 0  678    1 
16 1 1 1 0 0 1 1 1  832    1 
16 1 1 1 2 2 3 3 1  597    1 
16 1 0 0 0 2 3 1 0  717    1 
16 1 0 0 0 2 3 3 1  565    1 
16 1 1 0 0 0 1 1 1  510    1 
16 1 0 0 1 3 4 4 1 1041    1 
16 1 1 0 3 3 4 4 1  462    1 
16 1 0 1 3 1 4 4 1 1499    1 
16 1 1 0 1 1 2 2 1 1030    1 
16 1 0 0 3 1 2 4 0  780    1 
16 1 1 0 3 3 4 4 1  498    1 
16 1 1 0 3 3 4 4 1  454    1 
16 1 1 0 0 0 1 1 1  682    1 
16 1 0 0 3 1 2 2 1  878    1 
16 1 0 0 1 3 4 3 0  746    1 
16 1 0 1 0 2 1 3 0 1250    1 
16 1 0 0 3 1 2 2 1  909    1 
16 1 1 0 2 2 3 3 1 1327    1 
16 1 0 0 2 0 1 1 1  658    1 
16 1 0 0 0 2 3 3 1  766    0 
16 1 1 0 3 3 4 4 1  566    0 
16 1 1 0 1 1 2 1 0  607    1 
16 1 0 1 0 2 1 3 0 1635    1 
16 1 1 1 1 1 2 2 1  903    1 
16 1 1 0 1 1 2 2 1  578    1 
16 1 1 0 2 2 3 3 1 1978    1 
16 1 1 0 1 1 2 2 1  810    1 
16 1 0 1 1 3 2 2 1 2121    1 
16 1 0 0 0 2 3 3 1 1251    1 
16 1 1 0 0 0 1 1 1  752    1 
