12 1 0 0 3 2 3 0 0 5000    1 
12 1 0 1 3 2 4 4 1 2908    1 
12 1 0 0 0 3 4 4 1 2039    0 
12 1 0 0 1 0 1 4 0  133    1 
12 1 1 0 1 1 2 0 0 5000    1 
12 1 1 0 2 2 3 2 0 2129    1 
12 1 1 1 1 1 2 0 0 5000    1 
12 1 0 0 1 0 1 1 1 2758    0 
12 1 1 1 0 0 1 1 1 1383    1 
12 1 0 1 1 0 2 2 1 1975    1 
12 1 1 1 1 1 2 2 1 1359    1 
12 1 0 0 2 1 2 2 1 1664    1 
12 1 1 0 0 0 1 1 1 1293    1 
12 1 0 1 3 2 4 4 1 1704    1 
12 1 1 0 3 3 4 4 1 1043    1 
12 1 1 0 0 0 1 1 1  832    1 
12 1 0 0 3 2 3 3 1 3174    1 
12 1 1 0 2 2 3 3 1 1134    1 
12 1 0 0 2 1 2 2 1 1335    1 
12 1 1 0 0 0 1 1 1 1001    1 
12 1 0 0 1 0 1 1 1 1080    1 
12 1 0 0 0 3 4 4 1  908    0 
12 1 1 0 1 1 2 2 1 1311    1 
12 1 0 0 1 0 1 1 1 1657    1 
12 1 1 0 3 3 4 4 1  846    1 
12 1 1 0 2 2 3 3 1 1300    1 
12 1 0 1 1 0 2 2 1 1926    1 
12 1 1 0 0 0 1 1 1 1345    1 
12 1 1 0 2 2 3 3 1 1130    1 
12 1 1 0 0 0 1 1 1 1348    1 
12 1 1 0 1 1 2 2 1 1838    1 
12 1 0 0 1 0 1 1 1  819    1 
12 1 1 1 0 0 1 1 1  953    1 
12 1 1 0 0 0 1 1 1  810    1 
12 1 0 0 0 3 4 4 1  721    1 
12 1 0 0 2 1 2 2 1  843    1 
12 1 1 1 2 2 3 3 1  768    1 
12 1 0 0 0 3 4 4 1  672    1 
12 1 1 0 2 2 3 3 1 1101    1 
12 1 1 0 1 1 2 2 1  759    1 
12 1 1 0 2 2 3 3 1  752    1 
12 1 0 0 2 1 2 2 1  889    0 
12 1 1 1 0 0 1 1 1  820    1 
12 1 0 0 2 1 2 2 1  978    1 
12 1 1 0 1 1 2 2 1  570    1 
12 1 1 1 3 3 4 4 1  899    1 
12 1 1 0 1 1 2 2 1 1022    1 
12 1 1 0 2 2 3 3 1  764    1 
12 1 0 0 0 3 4 4 1 1149    1 
12 1 1 0 3 3 4 4 1  550    1 
12 1 1 0 0 0 1 1 1  542    1 
12 1 1 0 2 2 3 3 1  592    1 
12 1 1 1 2 2 3 3 1  991    1 
12 1 1 0 0 0 1 1 1  703    1 
12 1 0 0 3 2 3 3 1 1249    1 
12 1 1 1 0 0 1 1 1  918    1 
12 1 0 1 2 1 3 3 1  864    1 
12 1 0 1 3 2 4 4 1  717    1 
12 1 0 0 1 0 1 1 1  823    0 
12 1 0 0 3 2 3 3 1  997    1 
12 1 1 0 3 3 4 4 1  997    1 
12 1 1 0 2 2 3 3 1 1316    1 
12 1 0 0 0 3 4 4 1 1134    1 
12 1 1 1 2 2 3 3 1  960    2 
12 1 1 0 1 1 2 2 1 1625    1 
12 1 0 0 3 2 3 3 1  687    1 
12 1 0 1 3 2 4 4 1  706    1 
12 1 0 1 3 2 4 4 1  565    1 
12 1 1 1 3 3 4 4 1  478    1 
12 1 1 0 3 3 4 4 1  634    0 
12 1 0 0 3 2 3 3 1  607    1 
12 1 0 1 1 0 2 2 1 1070    1 
12 1 1 1 1 1 2 2 1  506    1 
12 1 1 0 3 3 4 4 1  525    1 
12 1 0 0 2 1 2 2 1  751    1 
12 1 0 1 3 2 4 4 1  672    1 
12 1 0 0 0 3 4 4 1  532    1 
12 1 0 0 1 0 1 1 1  814    0 
12 1 0 0 1 0 1 1 1  645    1 
12 1 0 0 2 1 2 2 1 1882    1 
12 1 0 0 0 3 4 4 1  558    1 
12 1 1 0 0 0 1 1 1  614    1 
12 1 0 0 0 3 4 4 1  701    1 
12 1 0 0 3 2 3 3 1 2240    1 
12 1 0 0 1 0 1 1 1  549    1 
12 1 0 0 1 0 1 1 1  438    1 
12 1 1 1 2 2 3 3 1  940    1 
12 1 0 0 3 2 3 3 1  541    1 
12 1 1 0 1 1 2 2 1  590    1 
12 1 1 0 3 3 4 4 1  486    1 
12 1 0 0 0 3 4 4 1  633    1 
12 1 0 1 2 1 3 3 1 1023    1 
12 1 0 0 2 1 2 2 1  957    1 
12 1 0 0 2 1 2 2 1  542    1 
12 1 1 0 3 3 4 4 1  679    1 
12 1 1 0 0 0 1 1 1  547    1 
12 1 1 0 0 0 1 1 1 2393    1 
12 1 0 0 1 0 1 2 0 2337    1 
12 1 1 1 3 3 4 4 1 4032    1 
12 1 0 0 1 0 1 2 0 3166    1 
12 1 0 0 1 0 1 1 1 1844    1 
12 1 0 0 0 3 4 4 1 4682    1 
12 1 1 1 3 3 4 4 1 2685    1 
12 1 0 0 3 2 3 3 1 3233    1 
12 1 1 1 1 1 2 2 1 4695    1 
12 1 1 0 2 2 3 3 1  866    1 
12 1 1 0 1 1 2 2 1 2958    1 
12 1 0 0 1 0 1 1 1 2055    1 
12 1 0 1 1 0 2 1 0 3044    1 
12 1 1 0 2 2 3 3 1 3512    0 
12 1 0 0 2 1 2 2 1 1955    1 
12 1 1 0 2 2 3 3 1 1667    1 
12 1 0 0 3 2 3 3 1 2080    1 
12 1 0 0 3 2 3 3 1 1812    1 
12 1 1 0 2 2 3 3 1 1394    1 
12 1 0 0 1 0 1 1 1  954    1 
12 1 1 1 0 0 1 1 1 2475    1 
12 1 0 1 0 3 1 1 1 2119    1 
12 1 0 0 2 1 2 2 1 1017    0 
12 1 1 0 2 2 3 3 1 1751    1 
12 1 1 1 0 0 1 1 1 1136    1 
12 1 1 0 0 0 1 1 1  482    1 
12 1 0 1 1 0 2 2 1 2326    1 
12 1 1 0 3 3 4 4 1 1016    1 
12 1 0 0 3 2 3 3 1  926    1 
12 1 0 1 2 1 3 3 1 1496    1 
12 1 1 0 0 0 1 1 1 1019    1 
12 1 0 1 1 0 2 2 1 1042    1 
12 1 1 1 3 3 4 3 0 1535    1 
12 1 1 0 2 2 3 3 1  743    1 
12 1 1 0 2 2 3 3 1 1032    1 
12 1 1 1 3 3 4 4 1 2181    1 
12 1 0 0 3 2 3 3 1 1374    1 
12 1 1 0 2 2 3 3 1  934    1 
12 1 0 0 1 0 1 1 1 1695    1 
12 1 0 0 0 3 4 4 1 2227    1 
12 1 1 0 3 3 4 4 1  497    1 
12 1 0 0 1 0 1 1 1 1108    1 
12 1 0 0 1 0 1 1 1  815    1 
12 1 1 1 0 0 1 1 1 1046    1 
12 1 1 1 2 2 3 3 1 1395    1 
12 1 0 1 1 0 2 2 1 1443    1 
12 1 1 1 3 3 4 4 1  800    1 
12 1 0 0 3 2 3 3 1 1263    1 
12 1 1 0 3 3 4 4 1  780    1 
12 1 0 1 2 1 3 3 1 1564    1 
12 1 1 0 3 3 4 4 1  893    1 
12 1 0 1 3 2 4 4 1 1056    1 
12 1 0 0 0 3 4 4 1 2021    1 
12 1 1 0 1 1 2 2 1 1107    1 
12 1 1 0 2 2 3 3 1  734    1 
12 1 1 1 2 2 3 3 1 1183    1 
12 1 0 0 3 2 3 4 0  903    1 
12 1 1 0 0 0 1 1 1  928    1 
12 1 1 0 1 1 2 2 1 2298    1 
12 1 0 0 1 0 1 1 1 1397    1 
12 1 1 0 1 1 2 2 1  853    1 
12 1 1 0 3 3 4 4 1  761    1 
12 1 1 0 1 1 2 2 1 1338    1 
12 1 1 0 3 3 4 4 1  796    1 
12 1 0 0 2 1 2 2 1 1419    1 
12 1 0 0 3 2 3 3 1 1929    1 
12 1 0 0 2 1 2 2 1  843    0 
12 1 1 1 3 3 4 4 1  769    1 
12 1 0 0 0 3 4 4 1 1081    1 
12 1 1 1 2 2 3 3 1 1109    1 
12 1 1 1 3 3 4 4 1 1032    1 
12 1 0 0 3 2 3 3 1 1053    1 
12 1 0 0 3 2 3 3 1  570    1 
12 1 0 0 1 0 1 1 1 1082    1 
12 1 0 0 3 2 3 3 1  710    1 
12 1 1 0 2 2 3 3 1  616    1 
12 1 0 0 0 3 4 4 1  942    1 
12 1 0 0 3 2 3 3 1 1152    1 
12 1 0 0 3 2 3 3 1  961    1 
12 1 0 1 3 2 4 4 1 2026    1 
12 1 1 0 3 3 4 4 1  728    1 
12 1 0 0 2 1 2 2 1 1226    1 
12 1 1 0 2 2 3 3 1  704    1 
12 1 1 1 1 1 2 2 1 1147    1 
12 1 1 0 2 2 3 3 1 1180    1 
12 1 0 0 3 2 3 3 1 1132    1 
12 1 1 0 3 3 4 4 1  510    1 
12 1 0 0 0 3 4 4 1 1217    1 
12 1 0 0 0 3 4 4 1  799    1 
12 1 1 0 2 2 3 3 1  717    1 
12 1 1 0 2 2 3 3 1  824    0 
12 1 1 0 0 0 1 1 1  662   78 
12 1 1 1 1 1 2 2 1  850    1 
12 1 0 0 0 3 4 4 1  871    1 
12 1 1 0 1 1 2 2 1 1315    1 
12 1 1 0 1 1 2 2 1  621    1 
12 1 0 0 2 1 2 2 1 1315    1 
12 1 1 0 0 0 1 1 1  662    1 
12 1 1 0 0 0 1 1 1  658    1 
12 1 1 0 2 2 3 3 1  711    1 
12 1 0 1 2 1 3 3 1 1210    1 
12 1 1 0 1 1 2 2 1  857    1 
12 1 0 0 0 3 4 4 1  725    1 
12 1 1 1 1 1 2 2 1 1000    1 
12 1 1 0 1 1 2 2 1  670    1 
12 1 0 1 3 2 4 4 1 1146    1 
12 1 0 1 0 3 1 1 1 1484    1 
12 1 1 0 2 2 3 3 1 3303    1 
12 1 1 0 1 1 2 2 1  706    1 
12 1 0 1 0 3 1 1 1 4693    1 
12 1 0 0 0 3 4 3 0 1041    1 
12 1 0 1 1 0 2 2 1 1980    1 
12 1 0 0 3 2 3 3 1 1596    1 
12 1 0 0 1 0 1 1 1  828    1 
12 1 1 0 1 1 2 2 1  626    1 
12 1 1 1 2 2 3 3 1  888    1 
12 1 1 0 2 2 3 3 1  779    1 
12 1 0 1 0 3 1 1 1 1348    1 
12 1 0 0 3 2 3 3 1 1285    1 
12 1 0 0 1 0 1 1 1  729    1 
12 1 0 0 0 3 4 4 1  475    1 
12 1 0 0 1 0 1 1 1  727    1 
12 1 1 0 3 3 4 4 1  609    1 
12 1 1 0 0 0 1 1 1  600    1 
12 1 0 0 2 1 2 2 1  734    1 
12 1 0 0 0 3 4 4 1  704    1 
12 1 0 0 0 3 4 4 1 1067    1 
12 1 0 1 2 1 3 3 1 1015    1 
12 1 1 1 1 1 2 2 1 1869    1 
12 1 0 0 0 3 4 4 1  802    1 
12 1 1 0 1 1 2 2 1  608    1 
12 1 0 0 2 1 2 2 1  479    1 
12 1 0 1 0 3 1 1 1 1451    1 
12 1 1 0 0 0 1 1 1  744    1 
12 1 0 0 0 3 4 4 1 1625    1 
12 1 1 0 0 0 1 1 1  608    1 
12 1 0 0 3 2 3 3 1 1774    1 
12 1 1 0 2 2 3 3 1  542    1 
12 1 1 1 0 0 1 1 1 1128    1 
12 1 0 1 1 0 2 2 1 1354    1 
12 1 0 1 0 3 1 1 1 2123    1 
12 1 0 0 1 0 1 1 1 1037    1 
12 1 1 0 0 0 1 1 1  890    1 
12 1 0 0 2 1 2 2 1  958    1 
12 1 1 0 3 3 4 4 1  711    1 
12 1 0 1 3 2 4 4 1 1793    1 
12 1 1 0 0 0 1 1 1 1321    1 
12 1 1 0 2 2 3 3 1 1107    1 
12 1 0 0 1 0 1 1 1 1238    1 
12 1 0 1 3 2 4 4 1 1131    1 
12 1 0 0 0 3 4 4 1 3125    1 
12 1 1 0 1 1 2 2 1 1304    1 
12 1 1 0 2 2 3 3 1  682    1 
12 1 0 0 1 0 1 1 1 1390    1 
12 1 0 0 0 3 4 4 1  741    1 
12 1 0 0 2 1 2 2 1 1407    1 
12 1 0 0 2 1 2 2 1  678    1 
12 1 1 0 0 0 1 1 1  586    1 
12 1 1 0 2 2 3 3 1  641    1 
12 1 1 0 2 2 3 3 1  415    1 
12 1 0 0 2 1 2 2 1  525    1 
12 1 0 0 3 2 3 3 1  735    1 
12 1 0 0 0 3 4 4 1  881    1 
12 1 1 0 1 1 2 2 1  885    1 
12 1 0 0 2 1 2 2 1  776    1 
12 1 1 0 1 1 2 2 1  497    0 
12 1 1 0 2 2 3 3 1  596    1 
12 1 0 0 0 3 4 4 1  763    1 
12 1 1 0 2 2 3 3 1  628    1 
12 1 0 1 3 2 4 4 1 1218    1 
12 1 1 0 3 3 4 4 1  688    1 
12 1 1 0 3 3 4 4 1  572    1 
12 1 1 1 0 0 1 1 1 1124    1 
12 1 1 1 0 0 1 1 1  702    1 
12 1 0 0 2 1 2 2 1  993    1 
12 1 0 0 0 3 4 4 1  712    1 
12 1 0 0 1 0 1 1 1  931    1 
12 1 1 0 1 1 2 2 1 1141    1 
12 1 1 0 3 3 4 4 1 1551    1 
12 1 0 1 0 3 1 1 1 1079    1 
12 1 0 1 1 0 2 2 1 1651    1 
12 1 1 0 1 1 2 2 1 1144    1 
12 1 1 0 3 3 4 4 1  602    1 
12 1 1 0 2 2 3 3 1 1289    1 
12 1 1 0 0 0 1 1 1 1084    1 
12 1 1 0 0 0 1 1 1  439    1 
12 1 1 1 3 3 4 4 1  957    1 
12 1 1 0 3 3 4 4 1  454    1 
12 1 0 1 2 1 3 3 1 1554    1 
12 1 0 0 1 0 1 1 1 1835    0 
12 1 1 0 3 3 4 4 1  737    1 
12 1 0 0 1 0 1 1 1 1146    1 
12 1 1 1 0 0 1 1 1 3098    1 
12 1 1 0 3 3 4 4 1  870    1 
12 1 0 0 3 1 2 2 1  730    1 
12 1 0 0 0 2 3 3 1 2004    1 
12 1 0 1 2 0 3 3 1 1139    1 
12 1 0 0 0 2 3 3 1  964    1 
12 1 0 1 3 1 4 4 1 2045    1 
12 1 0 1 2 0 3 3 1 1146    1 
12 1 0 0 2 0 1 1 1 1524    1 
12 1 0 0 2 0 1 1 1  982    0 
12 1 0 0 3 1 2 2 1  613    1 
12 1 0 0 1 3 4 4 1  564    1 
12 1 1 0 3 3 4 4 1  557    0 
12 1 1 0 3 3 4 4 1  486    1 
12 1 0 0 0 2 3 3 1  937    0 
12 1 0 0 3 1 2 2 1  827    1 
12 1 1 0 1 1 2 2 1  913    1 
12 1 0 1 0 2 1 1 1 1131    1 
12 1 1 0 2 2 3 3 1 2350    1 
12 1 1 0 0 0 1 1 1  582    1 
12 1 1 1 1 1 2 2 1  862    1 
12 1 1 0 2 2 3 3 1  635    1 
12 1 0 0 2 0 1 1 1  624    1 
12 1 0 0 3 1 2 2 1  590    1 
12 1 0 0 1 3 4 4 1  830    1 
12 1 1 0 0 0 1 1 1  796    1 
12 1 0 1 0 2 1 1 1  739    1 
12 1 0 0 2 0 1 1 1  853    1 
12 1 0 1 0 2 1 1 1  825    1 
12 1 1 0 2 2 3 3 1  655    1 
12 1 1 0 3 3 4 4 1  516    1 
12 1 0 0 1 3 4 4 1  462    1 
12 1 1 0 2 2 3 3 1  795    1 
12 1 1 0 0 0 1 1 1  754    1 
12 1 1 1 1 1 2 2 1 1067    1 
12 1 1 0 2 2 3 3 1  591    1 
12 1 0 0 0 2 3 3 1  935    0 
12 1 0 0 2 0 1 1 1  552    1 
12 1 0 1 1 3 2 2 1  961    1 
12 1 0 1 1 3 2 2 1  674    1 
12 1 0 0 1 3 4 4 1  902    1 
12 1 1 0 2 2 3 3 1  569    1 
12 1 0 0 1 3 4 4 1  729    1 
12 1 1 1 1 1 2 2 1  915    1 
12 1 0 0 3 1 2 2 1  638    1 
12 1 1 0 2 2 3 3 1  667    1 
12 1 1 0 3 3 4 4 1  559    1 
12 1 1 0 3 3 4 4 1  744    1 
12 1 0 1 2 0 3 3 1 1385    1 
12 1 0 0 1 3 4 4 1  841    1 
12 1 1 0 0 0 1 1 1  638    1 
12 1 1 0 3 3 4 4 1  476    1 
12 1 0 0 1 3 4 4 1  472    1 
12 1 1 0 1 1 2 2 1  620    1 
12 1 0 0 1 3 4 4 1  762    1 
12 1 1 0 1 1 2 2 1  611    1 
12 1 1 0 2 2 3 3 1  609    1 
12 1 1 0 1 1 2 2 1  632    1 
12 1 1 0 1 1 2 2 1  542    1 
12 1 0 0 1 3 4 4 1 1455    1 
12 1 1 0 1 1 2 2 1  620    1 
12 1 0 0 3 1 2 2 1  514    1 
12 1 1 1 1 1 2 2 1  885    1 
12 1 1 1 0 0 1 1 1  952    1 
12 1 1 0 0 0 1 1 1  553    1 
12 1 0 1 1 3 2 2 1  938    1 
12 1 0 0 0 2 3 3 1 1003    1 
12 1 0 0 3 1 2 2 1  802    1 
12 1 1 0 0 0 1 1 1  561    1 
12 1 1 0 0 0 1 1 1  609    1 
12 1 0 0 1 3 4 4 1  872    1 
12 1 0 1 3 1 4 4 1 1092    1 
12 1 0 0 3 1 2 2 1 1120    1 
12 1 1 1 0 0 1 1 1  658    1 
12 1 0 1 1 3 2 2 1 1375    1 
12 1 1 0 1 1 2 2 1  759    1 
12 1 0 0 0 2 3 3 1  824    1 
12 1 1 0 0 0 1 1 1  790    1 
12 1 0 0 2 0 1 1 1  445    1 
12 1 1 0 0 0 1 1 1  419    1 
12 1 1 0 0 0 1 1 1  433    1 
12 1 1 1 0 0 1 1 1  670    1 
12 1 0 0 0 2 3 3 1  762    1 
12 1 0 1 2 0 3 3 1  955    1 
12 1 0 0 0 2 3 3 1  724    1 
12 1 1 1 0 0 1 1 1  710    1 
12 1 0 0 3 1 2 2 1  737    1 
12 1 0 0 2 0 1 1 1 1178    1 
12 1 1 0 2 2 3 3 1  930    1 
12 1 1 1 3 3 4 4 1  732    1 
12 1 0 0 3 1 2 2 1  910    1 
12 1 0 0 3 1 2 2 1  504    1 
12 1 1 1 2 2 3 3 1  835    1 
12 1 1 0 2 2 3 3 1  529    1 
12 1 1 0 2 2 3 3 1  427    1 
12 1 1 0 3 3 4 4 1  561    1 
12 1 1 0 2 2 3 3 1  682    1 
12 1 0 1 2 0 3 3 1 1046    1 
12 1 0 1 1 3 2 2 1  883    1 
12 1 1 0 0 0 1 1 1  775    1 
12 1 0 1 0 2 1 1 1  903    1 
12 1 0 1 2 0 3 3 1 1009    1 
12 1 0 0 1 3 4 4 1  688    1 
12 1 0 1 2 0 3 3 1 1508    1 
12 1 1 0 3 3 4 4 1  583    1 
12 1 0 0 0 2 3 3 1  918    1 
12 1 0 0 3 1 2 2 1  648    1 
12 1 0 1 2 0 3 3 1 2589    1 
12 1 0 0 1 3 4 4 1  661    1 
12 1 0 0 3 1 2 2 1  722    1 
12 1 0 0 1 3 4 4 1  780    1 
12 1 1 0 1 1 2 2 1  892    1 
12 1 1 0 3 3 4 4 1  879    1 
12 1 1 0 3 3 4 4 1  596    0 
12 1 1 0 0 0 1 1 1 1123    1 
12 1 1 0 3 3 4 4 1  517    1 
12 1 1 0 2 2 3 3 1  855    1 
12 1 1 1 1 1 2 2 1  652    1 
12 1 0 0 0 2 3 3 1  905    1 
12 1 1 0 1 1 2 2 1  659    1 
12 1 0 0 1 3 4 4 1  696    1 
12 1 0 1 0 2 1 1 1 1012    1 
12 1 0 0 2 0 1 1 1 1162    1 
12 1 1 0 1 1 2 2 1  811    1 
12 1 0 1 3 1 4 4 1 1482    1 
12 1 0 0 1 3 4 4 1  694    1 
12 1 1 0 0 0 1 1 1  625    1 
12 1 0 0 3 1 2 2 1  943    1 
12 1 0 0 1 3 4 4 1  648    1 
12 1 0 1 0 2 1 1 1  766    1 
12 1 1 0 3 3 4 4 1  574    1 
12 1 1 1 1 1 2 2 1 1062    1 
12 1 1 0 1 1 2 2 1  467    1 
12 1 1 0 3 3 4 4 1  471    1 
12 1 0 0 0 2 3 3 1  947    1 
12 1 0 0 3 1 2 2 1  765    1 
12 1 1 0 0 0 1 1 1  645    1 
12 1 0 1 0 2 1 1 1 1339    1 
12 1 1 0 1 1 2 1 0  524    1 
12 1 0 0 2 0 1 1 1  876    1 
12 1 0 0 3 1 2 2 1  872    1 
12 1 1 1 2 2 3 3 1 1717    1 
12 1 1 0 1 1 2 2 1  639    1 
12 1 0 0 1 3 4 4 1  812    1 
12 1 1 0 3 3 4 4 1  435    1 
12 1 1 0 2 2 3 3 1  632    1 
12 1 0 0 2 0 1 1 1  894    1 
12 1 0 1 2 0 3 3 1 1137    1 
12 1 1 0 3 3 4 4 1  755    1 
12 1 1 0 3 3 4 4 1  435    1 
12 1 1 0 2 2 3 3 1  929    0 
12 1 1 0 2 2 3 3 1  515    1 
12 1 0 1 3 1 4 4 1  966    0 
12 1 0 1 1 3 2 2 1  790    1 
12 1 1 0 0 0 1 1 1  557    1 
12 1 0 0 1 3 4 4 1  942    1 
12 1 1 1 2 2 3 3 1  743    1 
12 1 0 0 3 1 2 2 1  809    1 
12 1 1 0 1 1 2 2 1  608    1 
12 1 0 0 2 0 1 1 1  806    1 
12 1 0 0 3 1 2 2 1  877    1 
12 1 0 0 2 0 1 1 1  873    1 
12 1 0 1 3 1 4 4 1  861    1 
12 1 1 0 2 2 3 3 1  698    1 
12 1 1 1 0 0 1 1 1 1438    1 
12 1 1 0 2 2 3 3 1  627    1 
12 1 1 0 2 2 3 3 1  457    1 
12 1 1 0 0 0 1 1 1  678    1 
12 1 1 1 0 0 1 1 1  826    0 
12 1 1 0 3 3 4 4 1  528    1 
12 1 0 0 3 1 2 2 1 1074    1 
12 1 0 0 3 1 2 2 1  870    1 
12 1 0 0 3 1 2 2 1  698    1 
12 1 0 0 2 0 1 1 1  878    1 
12 1 1 0 0 0 1 1 1  642    1 
12 1 0 0 3 1 2 2 1  647    1 
12 1 1 1 2 2 3 3 1 1061    1 
12 1 0 0 1 3 4 4 1  746    1 
12 1 1 0 2 2 3 3 1  883    1 
12 1 1 1 1 1 2 2 1  790    1 
12 1 1 0 0 0 1 1 1  590    1 
12 1 1 0 0 0 1 1 1  501    1 
12 1 1 0 3 3 4 4 1  448    1 
12 1 1 0 1 1 2 2 1  662    1 
12 1 0 1 1 3 2 2 1  882    1 
12 1 1 0 2 2 3 3 1 1078    1 
12 1 1 1 0 0 1 1 1  818    1 
12 1 0 0 3 1 2 2 1  728    0 
12 1 0 0 0 2 3 3 1  922    1 
12 1 1 0 2 2 3 3 1  484    1 
12 1 0 0 0 2 3 3 1  416    1 
12 1 1 0 0 0 1 1 1  878    1 
