39 1 0 9 2 1 3 3 1 2.818513 0.000000 
39 1 1 0 0 0 1 1 1 0.782079 0.000000 
39 1 1 15 3 3 4 4 1 0.738971 0.000000 
39 1 1 5 1 1 2 2 1 0.993197 0.000000 
39 1 0 12 3 0 4 4 1 0.933755 0.000000 
39 1 0 6 1 2 2 2 1 1.235665 0.000000 
39 1 1 15 3 3 4 4 1 0.630737 0.000000 
39 1 0 6 1 2 2 2 1 1.226245 0.000000 
39 1 0 3 0 3 1 1 1 0.797912 0.000000 
39 1 0 9 2 1 3 3 1 0.946820 0.000000 
39 1 1 10 2 2 3 3 1 0.993774 0.000000 
39 1 0 6 1 2 2 2 1 1.446768 0.000000 
39 1 0 6 1 2 2 2 1 0.624864 0.000000 
39 1 0 6 1 2 2 2 1 0.652325 0.000000 
39 1 0 6 1 2 2 2 1 0.526540 0.000000 
39 1 0 12 3 0 4 4 1 0.901959 0.000000 
39 1 1 0 0 0 1 1 1 0.846267 0.000000 
39 1 1 0 0 0 1 1 1 0.529158 0.000000 
39 1 1 15 3 3 4 4 1 0.736621 0.000000 
39 1 1 15 3 3 4 4 1 0.559407 0.000000 
39 1 1 0 0 0 1 1 1 0.652553 0.000000 
39 1 1 0 0 0 1 1 1 0.478672 0.000000 
39 1 1 15 3 3 4 4 1 0.632161 0.000000 
39 1 1 0 0 0 1 1 1 0.979689 0.000000 
39 1 0 6 1 2 2 2 1 0.889345 0.000000 
39 1 1 0 0 0 1 1 1 0.594186 0.000000 
39 1 0 9 2 1 3 3 1 0.950996 0.000000 
39 1 1 5 1 1 2 2 1 1.549362 0.000000 
39 1 1 10 2 2 3 3 1 0.739020 0.000000 
39 1 1 10 2 2 3 3 1 0.625650 0.000000 
39 1 1 15 3 3 4 4 1 0.605210 0.000000 
39 1 1 0 0 0 1 1 1 0.569333 0.000000 
39 1 1 5 1 1 2 2 1 0.766780 0.000000 
39 1 1 0 0 0 1 1 1 0.604356 0.000000 
39 1 1 5 1 1 2 2 1 0.904514 0.000000 
39 1 1 15 3 3 4 4 1 0.592741 0.000000 
39 1 0 9 2 1 3 3 1 0.980612 0.000000 
39 1 0 6 1 2 2 2 1 0.914193 0.000000 
39 1 1 0 0 0 1 1 1 0.530466 0.000000 
39 1 1 10 2 2 3 2 0 0.657909 0.000000 
39 1 0 6 1 2 2 2 1 1.064021 0.000000 
39 1 0 12 3 0 4 4 1 0.777937 0.000000 
39 1 1 15 3 3 4 4 1 0.487482 0.000000 
39 1 1 10 2 2 3 3 1 1.455268 0.000000 
39 1 1 0 0 0 1 1 1 0.601693 0.000000 
39 1 1 5 1 1 2 2 1 0.797888 0.000000 
39 1 1 0 0 0 1 1 1 0.594713 0.000000 
39 1 1 15 3 3 4 4 1 0.551518 0.000000 
39 1 0 12 3 0 4 4 1 0.829679 0.000000 
39 1 1 10 2 2 3 3 1 0.705276 0.000000 
39 1 1 15 3 3 4 4 1 0.449435 0.000000 
39 1 1 5 1 1 2 4 0 0.482967 0.000000 
39 1 0 9 2 1 3 3 1 0.999942 0.000000 
39 1 0 9 2 1 3 3 1 0.603997 0.000000 
39 1 1 5 1 1 2 2 1 0.679920 0.000000 
39 1 1 5 1 1 2 2 1 0.529456 0.000000 
39 1 1 5 1 1 2 2 1 0.592911 0.000000 
39 1 0 3 0 3 1 1 1 0.957742 0.000000 
39 1 1 0 0 0 1 1 1 0.603981 0.000000 
39 1 0 12 3 0 4 4 1 0.663156 0.000000 
39 1 0 3 0 3 1 1 1 1.089371 0.000000 
39 1 1 10 2 2 3 3 1 0.778347 0.000000 
39 1 1 10 2 2 3 3 1 0.607836 0.000000 
39 1 0 9 2 1 3 3 1 0.972007 0.000000 
39 1 0 3 0 3 1 1 1 0.625667 0.000000 
39 1 1 0 0 0 1 1 1 0.629137 0.000000 
39 1 0 12 3 0 4 4 1 0.608578 0.000000 
39 1 1 5 1 1 2 2 1 1.043797 0.000000 
39 1 0 9 2 1 3 3 1 0.646764 0.000000 
39 1 1 0 0 0 1 1 1 0.617597 0.000000 
39 1 1 0 0 0 1 1 1 0.565080 0.000000 
39 1 0 9 2 1 3 3 1 0.755242 0.000000 
39 1 0 9 2 1 3 3 1 0.561386 0.000000 
39 1 0 12 3 0 4 4 1 0.599542 0.000000 
39 1 1 0 0 0 1 1 1 0.572059 0.000000 
39 1 0 12 3 0 4 4 1 0.616166 0.000000 
39 1 0 9 2 1 3 3 1 0.700034 0.000000 
39 1 1 15 3 3 4 4 1 0.587994 0.000000 
39 1 1 10 2 2 3 4 0 0.488651 0.000000 
39 1 0 3 0 3 1 1 1 0.765379 0.000000 
39 1 0 6 1 2 2 2 1 0.843171 0.000000 
39 1 0 3 0 3 1 1 1 0.998044 0.000000 
39 1 1 15 3 3 4 4 1 0.570032 0.000000 
39 1 0 6 1 2 2 2 1 0.847558 0.000000 
39 1 0 3 0 3 1 1 1 0.698401 0.000000 
39 1 0 3 0 3 1 1 1 0.587246 0.000000 
39 1 0 6 1 2 2 2 1 1.640051 0.000000 
39 1 1 0 0 0 1 1 1 0.531222 0.000000 
39 1 0 3 0 3 1 1 1 1.330762 0.000000 
39 1 0 6 1 2 2 2 1 1.002504 0.000000 
39 1 1 15 3 3 4 4 1 0.381765 0.000000 
39 1 0 12 3 0 4 4 1 0.579168 0.000000 
39 1 0 6 1 2 2 2 1 0.808617 0.000000 
39 1 1 5 1 1 2 2 1 0.660856 0.000000 
39 1 0 6 1 2 2 2 1 0.623034 0.000000 
39 1 1 0 0 0 1 1 1 0.570514 0.000000 
39 1 1 0 0 0 1 1 1 0.551884 0.000000 
39 1 1 15 3 3 4 4 1 0.622138 0.000000 
39 1 0 3 0 3 1 4 0 0.161608 0.000000 
39 1 1 5 1 1 2 2 1 0.810350 0.000000 
39 1 1 15 3 3 4 4 1 0.542306 0.000000 
39 1 1 15 3 3 4 4 1 0.389020 0.000000 
39 1 1 15 3 3 4 4 1 0.377856 0.000000 
39 1 1 15 3 3 4 4 1 0.455255 0.000000 
39 1 1 15 3 3 4 4 1 0.513310 0.000000 
39 1 1 15 3 3 4 4 1 0.609395 0.000000 
39 1 0 3 0 3 1 1 1 0.741614 0.000000 
39 1 0 12 3 0 4 4 1 0.707477 0.000000 
39 1 0 9 2 1 3 4 0 0.331669 0.000000 
39 1 0 9 2 1 3 3 1 0.942967 0.000000 
39 1 0 6 1 2 2 2 1 1.445544 0.000000 
39 1 0 12 3 0 4 4 1 0.864707 0.000000 
39 1 1 5 1 1 2 2 1 1.530928 0.000000 
39 1 0 9 2 1 3 3 1 1.154750 0.000000 
39 1 1 15 3 3 4 4 1 0.512085 0.000000 
39 1 1 0 0 0 1 1 1 0.648202 0.000000 
39 1 0 3 0 3 1 1 1 1.675049 0.000000 
39 1 0 6 1 2 2 2 1 1.100928 0.000000 
39 1 1 15 3 3 4 4 1 0.645254 0.000000 
39 1 0 3 0 3 1 1 1 1.032118 0.000000 
39 1 0 9 2 1 3 3 1 1.651786 0.000000 
39 1 1 10 2 2 3 3 1 0.997203 0.000000 
39 1 0 12 3 0 4 4 1 0.650244 0.000000 
39 1 1 5 1 1 2 2 1 0.748427 0.000000 
39 1 1 5 1 1 2 2 1 1.707354 0.000000 
39 1 0 6 1 2 2 2 1 0.779876 0.000000 
39 1 0 9 2 1 3 0 0 5.000002 0.000000 
39 1 1 5 1 1 2 2 1 1.978021 0.000000 
39 1 0 3 0 3 1 1 1 0.639792 0.000000 
39 1 1 10 2 2 3 3 1 0.810549 0.000000 
39 1 1 0 0 0 1 1 1 0.526845 0.000000 
39 1 0 9 2 1 3 3 1 0.838263 0.000000 
39 1 0 9 2 1 3 3 1 1.273239 0.000000 
39 1 1 5 1 1 2 2 1 4.466102 0.000000 
39 1 0 6 1 2 2 2 1 0.668903 0.000000 
39 1 0 6 1 2 2 2 1 0.598403 0.000000 
39 1 0 9 2 1 3 3 1 0.923248 0.000000 
39 1 1 5 1 1 2 2 1 0.786833 0.000000 
39 1 1 0 0 0 1 1 1 0.631740 0.000000 
39 1 0 12 3 0 4 4 1 1.466279 0.000000 
39 1 1 10 2 2 3 4 0 0.555983 0.000000 
39 1 0 6 1 2 2 2 1 0.870095 0.000000 
39 1 0 9 2 1 3 3 1 0.663267 0.000000 
39 1 0 12 3 0 4 4 1 0.569436 0.000000 
39 1 0 9 2 1 3 3 1 0.966918 0.000000 
39 1 1 10 2 2 3 3 1 3.524663 0.000000 
39 1 0 12 3 0 4 4 1 0.604038 0.000000 
39 1 0 9 2 1 3 3 1 0.840287 0.000000 
39 1 0 9 2 1 3 3 1 0.691159 0.000000 
39 1 1 0 0 0 1 1 1 0.755959 0.000000 
39 1 1 15 3 3 4 4 1 0.690255 0.000000 
39 1 0 9 2 1 3 3 1 0.787027 0.000000 
39 1 1 15 3 3 4 4 1 4.535125 0.000000 
39 1 0 6 1 2 2 2 1 1.247332 0.000000 
39 1 0 3 0 3 1 1 1 0.650345 0.000000 
39 1 0 12 3 0 4 4 1 0.540508 0.000000 
39 1 1 5 1 1 2 2 1 0.795305 0.000000 
39 1 0 3 0 3 1 1 1 0.664206 0.000000 
39 1 0 3 0 3 1 1 1 0.450363 0.000000 
39 1 1 10 2 2 3 3 1 0.932505 0.000000 
39 1 1 0 0 0 1 1 1 0.554876 0.000000 
39 1 0 9 2 1 3 3 1 0.833222 0.000000 
39 1 0 12 3 0 4 4 1 0.532053 0.000000 
39 1 1 10 2 2 3 3 1 0.859583 0.000000 
39 1 0 9 2 1 3 3 1 1.589841 0.000000 
39 1 0 3 0 3 1 4 0 0.450959 0.000000 
39 1 1 0 0 0 1 1 1 0.672967 0.000000 
39 1 0 6 1 2 2 2 1 0.953076 0.000000 
39 1 0 12 3 0 4 4 1 0.015360 0.000000 
39 1 1 5 1 1 2 2 1 1.299359 0.000000 
39 1 0 3 0 3 1 1 1 0.811925 0.000000 
39 1 0 6 1 2 2 2 1 0.864008 0.000000 
39 1 0 12 3 0 4 4 1 0.578221 0.000000 
39 1 0 9 2 1 3 3 1 0.791663 0.000000 
39 1 1 15 3 3 4 4 1 0.564571 0.000000 
39 1 0 9 2 1 3 3 1 0.881715 0.000000 
39 1 0 3 0 3 1 4 0 1.251331 0.000000 
39 1 1 10 2 2 3 3 1 1.249636 0.000000 
39 1 1 5 1 1 2 2 1 1.172076 0.000000 
39 1 1 5 1 1 2 2 1 0.689294 0.000000 
39 1 1 10 2 2 3 3 1 1.170199 0.000000 
39 1 1 15 3 3 4 4 1 0.567873 0.000000 
39 1 0 12 3 0 4 4 1 0.564342 0.000000 
39 1 0 6 1 2 2 2 1 1.026593 0.000000 
39 1 1 10 2 2 3 3 1 0.734113 0.000000 
39 1 1 0 0 0 1 1 1 0.596975 0.000000 
39 1 0 6 1 2 2 4 0 0.433775 0.000000 
39 1 0 12 3 0 4 4 1 0.664438 0.000000 
39 1 1 10 2 2 3 3 1 0.762214 0.000000 
39 1 1 0 0 0 1 4 0 0.008369 0.000000 
39 1 0 12 3 0 4 4 1 0.639563 0.000000 
39 1 1 10 2 2 3 3 1 0.858389 0.000000 
39 1 1 5 1 1 2 2 1 4.051927 0.000000 
39 1 0 12 3 0 4 4 1 0.734557 0.000000 
39 1 1 5 1 1 2 2 1 0.564986 0.000000 
39 1 0 12 3 0 4 4 1 0.635173 0.000000 
39 1 0 9 2 1 3 3 1 0.717706 0.000000 
39 1 1 10 2 2 3 3 1 0.539801 0.000000 
39 1 1 5 1 1 2 2 1 0.570564 0.000000 
39 1 1 0 0 0 1 1 1 0.671870 0.000000 
39 1 0 12 3 0 4 4 1 0.552953 0.000000 
39 1 0 12 3 0 4 4 1 0.527082 0.000000 
39 1 0 3 0 3 1 1 1 0.750536 0.000000 
39 1 0 6 1 2 2 2 1 0.628719 0.000000 
39 1 0 6 1 2 2 2 1 0.584200 0.000000 
39 1 0 12 3 0 4 4 1 0.531963 0.000000 
39 1 1 15 3 3 4 4 1 0.643511 0.000000 
39 1 1 15 3 3 4 4 1 0.510284 0.000000 
39 1 0 9 2 1 3 3 1 0.846436 0.000000 
39 1 1 0 0 0 1 1 1 0.537329 0.000000 
39 1 1 10 2 2 3 3 1 0.528139 0.000000 
39 1 1 10 2 2 3 3 1 0.615579 0.000000 
39 1 1 10 2 2 3 3 1 0.523733 0.000000 
39 1 0 12 3 0 4 4 1 0.610226 0.000000 
39 1 1 10 2 2 3 3 1 0.670324 0.000000 
39 1 0 9 2 1 3 3 1 0.535795 0.000000 
39 1 1 5 1 1 2 2 1 0.646612 0.000000 
39 1 0 12 3 0 4 4 1 0.537463 0.000000 
39 1 0 6 1 2 2 3 0 0.664205 0.000000 
39 1 1 5 1 1 2 2 1 0.686359 0.000000 
39 1 1 15 3 3 4 4 1 0.622778 0.000000 
39 1 0 9 2 1 3 3 1 0.546226 0.000000 
39 1 1 10 2 2 3 3 1 0.544022 0.000000 
39 1 1 10 2 2 3 3 1 0.502859 0.000000 
39 1 1 15 3 3 4 4 1 0.502961 0.000000 
39 1 0 12 3 0 4 4 1 0.623096 0.000000 
39 1 1 10 2 2 3 3 1 0.938591 0.000000 
39 1 1 5 1 1 2 2 1 0.537490 0.000000 
39 1 1 5 1 1 2 2 1 0.504277 0.000000 
39 1 1 15 3 3 4 4 1 0.544389 0.000000 
39 1 0 3 0 3 1 1 1 0.598207 0.000000 
39 1 0 9 2 1 3 4 0 0.530987 0.000000 
39 1 0 3 0 3 1 1 1 0.710401 0.000000 
39 1 1 0 0 0 1 1 1 0.566137 0.000000 
39 1 0 12 3 0 4 4 1 0.564042 0.000000 
39 1 0 6 1 2 2 2 1 0.745734 0.000000 
39 1 0 6 1 2 2 2 1 0.576626 0.000000 
39 1 0 3 0 3 1 1 1 0.614115 0.000000 
39 1 0 9 2 1 3 3 1 0.633246 0.000000 
39 1 0 3 0 3 1 1 1 0.556095 0.000000 
39 1 0 3 0 3 1 1 1 0.658211 0.000000 
39 1 0 3 0 3 1 1 1 0.716401 0.000000 
39 1 0 9 2 1 3 3 1 0.612089 0.000000 
39 1 1 10 2 2 3 3 1 0.552028 0.000000 
39 1 1 15 3 3 4 4 1 0.598183 0.000000 
39 1 0 3 0 3 1 1 1 0.498997 0.000000 
39 1 0 6 1 2 2 2 1 0.650828 0.000000 
39 1 0 12 3 0 4 4 1 0.580943 0.000000 
39 1 1 5 1 1 2 2 1 0.730433 0.000000 
39 1 0 12 3 0 4 4 1 0.705940 0.000000 
39 1 1 5 1 1 2 2 1 0.626084 0.000000 
39 1 1 10 2 2 3 3 1 0.869637 0.000000 
39 1 1 5 1 1 2 2 1 0.655213 0.000000 
39 1 0 6 1 2 2 2 1 0.641327 0.000000 
39 1 0 3 0 3 1 1 1 0.595182 0.000000 
39 1 1 0 0 0 1 1 1 0.543965 0.000000 
39 1 1 10 2 2 3 3 1 0.678732 0.000000 
39 1 0 9 2 1 3 3 1 0.608300 0.000000 
39 1 1 10 2 2 3 3 1 0.540403 0.000000 
39 1 0 9 2 1 3 3 1 0.595080 0.000000 
39 1 1 10 2 2 3 3 1 0.495978 0.000000 
39 1 1 15 3 3 4 4 1 0.592808 0.000000 
39 1 0 3 0 3 1 1 1 0.525597 0.000000 
39 1 1 10 2 2 3 3 1 0.587974 0.000000 
39 1 0 3 0 3 1 1 1 0.544888 0.000000 
39 1 1 10 2 2 3 3 1 0.623681 0.000000 
39 1 1 10 2 2 3 4 0 0.667134 0.000000 
39 1 1 5 1 1 2 2 1 0.544569 0.000000 
39 1 0 3 0 3 1 1 1 0.718989 0.000000 
39 1 0 3 0 3 1 1 1 0.662490 0.000000 
39 1 0 12 3 0 4 4 1 0.720666 0.000000 
39 1 1 5 1 1 2 2 1 0.599230 0.000000 
39 1 1 10 2 2 3 3 1 0.579949 0.000000 
39 1 1 0 0 0 1 1 1 0.577495 0.000000 
39 1 1 10 2 2 3 3 1 0.726931 0.000000 
39 1 0 12 3 0 4 4 1 0.646514 0.000000 
39 1 1 10 2 2 3 3 1 0.617283 0.000000 
39 1 0 12 3 0 4 4 1 0.548760 0.000000 
39 1 0 6 1 2 2 2 1 0.827610 0.000000 
39 1 0 6 1 2 2 3 0 0.758141 0.000000 
39 1 1 5 1 1 2 2 1 0.664321 0.000000 
39 1 0 6 1 2 2 2 1 0.570056 0.000000 
39 1 1 5 1 1 2 2 1 0.695548 0.000000 
39 1 1 15 3 3 4 4 1 0.560355 0.000000 
39 1 0 12 3 0 4 4 1 0.566500 0.000000 
39 1 1 5 1 1 2 2 1 0.620186 0.000000 
39 1 1 15 3 3 4 4 1 0.495499 0.000000 
39 1 0 9 2 1 3 4 0 0.559219 0.000000 
39 1 0 12 3 0 4 4 1 0.633346 0.000000 
39 1 1 10 2 2 3 3 1 0.564156 0.000000 
39 1 0 3 0 3 1 1 1 0.633810 0.000000 
39 1 0 6 1 2 2 2 1 0.732695 0.000000 
39 1 0 9 2 1 3 3 1 0.595954 0.000000 
39 1 0 12 3 0 4 4 1 0.848393 0.000000 
39 1 1 15 3 3 4 4 1 0.483243 0.000000 
39 1 0 3 0 3 1 1 1 0.515981 0.000000 
39 1 0 3 0 3 1 1 1 0.530985 0.000000 
39 1 1 5 1 1 2 2 1 0.658614 0.000000 
39 1 1 0 0 0 1 1 1 0.636782 0.000000 
39 1 0 12 3 0 4 4 1 0.551561 0.000000 
39 1 1 15 3 3 4 4 1 0.541757 0.000000 
39 1 0 12 3 0 4 4 1 0.596486 0.000000 
39 1 1 15 3 3 4 4 1 0.441307 0.000000 
39 1 1 5 1 1 2 1 0 0.492079 0.000000 
39 1 0 3 0 3 1 1 1 0.583813 0.000000 
39 1 1 15 3 3 4 4 1 0.524123 0.000000 
39 1 0 3 0 3 1 1 1 0.571644 0.000000 
39 1 0 3 0 3 1 1 1 0.497127 0.000000 
39 1 0 12 3 0 4 4 1 0.545811 0.000000 
39 1 1 5 1 1 2 2 1 0.664634 0.000000 
39 1 1 10 2 2 3 3 1 0.578829 0.000000 
39 1 0 12 3 0 4 4 1 0.560261 0.000000 
39 1 0 9 2 1 3 4 0 0.917470 0.000000 
39 1 1 0 0 0 1 1 1 0.585029 0.000000 
39 1 1 0 0 0 1 1 1 0.501397 0.000000 
39 1 1 0 0 0 1 1 1 0.445478 0.000000 
39 1 1 0 0 0 1 1 1 0.848244 0.000000 
39 1 1 10 2 2 3 3 1 2.699208 0.000000 
39 1 1 15 3 3 4 4 1 0.588063 0.000000 
39 1 1 5 1 1 2 2 1 0.543896 0.000000 
39 1 0 9 2 1 3 3 1 0.582683 0.000000 
39 1 1 15 3 3 4 4 1 0.491984 0.000000 
39 1 1 0 0 0 1 1 1 0.500912 0.000000 
39 1 0 6 1 2 2 2 1 0.764971 0.000000 
39 1 0 3 0 3 1 1 1 0.531282 0.000000 
39 1 1 5 1 1 2 2 1 0.626690 0.000000 
39 1 0 9 2 1 3 3 1 0.574202 0.000000 
39 1 1 10 2 2 3 3 1 0.507651 0.000000 
39 1 0 9 2 1 3 3 1 0.466750 0.000000 
39 1 0 3 0 3 1 1 1 0.484229 0.000000 
39 1 0 6 1 2 2 2 1 0.973001 0.000000 
39 1 1 10 2 2 3 3 1 0.650599 0.000000 
39 1 1 0 0 0 1 1 1 0.540749 0.000000 
39 1 1 5 1 1 2 2 1 0.675566 0.000000 
39 1 0 3 0 3 1 1 1 1.149122 0.000000 
39 1 1 15 3 3 4 4 1 0.539967 0.000000 
39 1 0 6 1 2 2 2 1 0.593847 0.000000 
39 1 1 15 3 3 4 4 1 0.518696 0.000000 
39 1 1 5 1 1 2 2 1 0.598139 0.000000 
39 1 0 6 1 2 2 2 1 0.658955 0.000000 
39 1 0 3 0 3 1 1 1 0.533109 0.000000 
39 1 1 10 2 2 3 3 1 0.604132 0.000000 
39 1 1 10 2 2 3 3 1 0.463950 0.000000 
39 1 0 9 2 1 3 3 1 0.522137 0.000000 
39 1 1 0 0 0 1 1 1 0.473560 0.000000 
39 1 0 6 1 2 2 2 1 0.665977 0.000000 
39 1 0 12 3 0 4 4 1 0.611994 0.000000 
39 1 1 15 3 3 4 4 1 0.568348 0.000000 
39 1 1 15 3 3 4 4 1 0.437809 0.000000 
39 1 0 6 1 2 2 2 1 0.728592 0.000000 
39 1 0 6 1 2 2 2 1 0.504066 0.000000 
39 1 1 5 1 1 2 2 1 0.856175 0.000000 
39 1 0 9 2 1 3 3 1 0.602354 0.000000 
39 1 0 9 2 1 3 3 1 0.557585 0.000000 
39 1 1 15 3 3 4 4 1 0.515728 0.000000 
39 1 0 9 2 1 3 3 1 0.587845 0.000000 
39 1 0 9 2 1 3 3 1 0.496630 0.000000 
39 1 1 5 1 1 2 2 1 0.617421 0.000000 
39 1 0 9 2 1 3 3 1 0.564934 0.000000 
39 1 0 3 0 3 1 1 1 0.602996 0.000000 
39 1 1 15 3 3 4 4 1 0.575173 0.000000 
39 1 1 15 3 3 4 4 1 0.516624 0.000000 
39 1 1 0 0 0 1 1 1 0.563086 0.000000 
39 1 0 6 1 2 2 3 0 0.737250 0.000000 
39 1 1 0 0 0 1 1 1 0.612030 0.000000 
39 1 0 3 0 3 1 1 1 0.815805 0.000000 
39 1 1 0 0 0 1 1 1 0.443961 0.000000 
39 1 0 3 0 3 1 1 1 0.406731 0.000000 
39 1 0 6 1 2 2 3 0 0.554828 0.000000 
39 1 0 12 3 0 4 4 1 0.572859 0.000000 
39 1 1 5 1 1 2 2 1 0.664981 0.000000 
39 1 1 15 3 3 4 4 1 0.499122 0.000000 
39 1 1 15 3 3 4 4 1 0.435921 0.000000 
39 1 0 3 0 3 1 1 1 0.574653 0.000000 
39 1 1 0 0 0 1 1 1 0.556116 0.000000 
39 1 0 6 1 2 2 2 1 0.746266 0.000000 
39 1 0 12 3 0 4 4 1 0.553111 0.000000 
39 1 1 0 0 0 1 1 1 0.527228 0.000000 
39 1 0 9 2 1 3 3 1 0.573716 0.000000 
39 1 0 6 1 2 2 2 1 0.675129 0.000000 
39 1 1 0 0 0 1 1 1 0.444672 0.000000 
39 1 0 3 0 3 1 1 1 0.799374 0.000000 
39 1 1 0 0 0 1 1 1 0.532085 0.000000 
39 1 1 5 1 1 2 1 0 0.467079 0.000000 
