5 1 0 4 1 0 2 2 1 2.506349 0.000000 
5 1 1 0 0 0 1 1 1 0.786515 0.000000 
5 1 0 14 3 2 4 4 1 0.790785 0.000000 
5 1 1 10 2 2 3 3 1 1.699149 0.000000 
5 1 0 9 2 1 3 3 1 0.843908 0.000000 
5 1 1 10 2 2 3 3 1 0.566865 0.000000 
5 1 1 5 1 1 2 2 1 0.779350 0.000000 
5 1 0 4 1 0 2 2 1 0.728952 0.000000 
5 1 1 5 1 1 2 2 1 0.528457 0.000000 
5 1 0 4 1 0 2 2 1 0.455994 0.000000 
5 1 1 15 3 3 4 4 1 0.714173 0.000000 
5 1 1 0 0 0 1 1 1 0.674388 0.000000 
5 1 0 14 3 2 4 4 1 0.683933 0.000000 
5 1 0 14 3 2 4 4 1 0.492768 0.000000 
5 1 0 9 2 1 3 3 1 0.772593 0.000000 
5 1 1 0 0 0 1 1 1 0.586169 0.000000 
5 1 0 3 0 3 1 1 1 0.575082 0.000000 
5 1 0 14 3 2 4 4 1 0.700530 0.000000 
5 1 1 0 0 0 1 1 1 0.756825 0.000000 
5 1 0 14 3 2 4 4 1 0.603019 0.000000 
5 1 1 0 0 0 1 1 1 0.575267 0.000000 
5 1 1 0 0 0 1 1 1 0.580761 0.000000 
5 1 0 14 3 2 4 4 1 0.530285 0.000000 
5 1 1 10 2 2 3 4 0 0.752766 0.000000 
5 1 1 0 0 0 1 1 1 0.586981 0.000000 
5 1 0 14 3 2 4 4 1 0.575419 0.000000 
5 1 1 15 3 3 4 4 1 0.524868 0.000000 
5 1 1 10 2 2 3 3 1 0.788370 0.000000 
5 1 1 10 2 2 3 3 1 0.481289 0.000000 
5 1 1 0 0 0 1 1 1 0.578760 0.000000 
5 1 1 15 3 3 4 4 1 0.543293 0.000000 
5 1 0 4 1 0 2 2 1 0.734177 0.000000 
5 1 1 15 3 3 4 4 1 0.468978 0.000000 
5 1 0 9 2 1 3 3 1 0.822556 0.000000 
5 1 1 5 1 1 2 2 1 0.722094 0.000000 
5 1 0 14 3 2 4 4 1 0.561647 0.000000 
5 1 1 15 3 3 4 4 1 0.495884 0.000000 
5 1 1 15 3 3 4 4 1 0.416704 0.000000 
5 1 0 4 1 0 2 2 1 0.644167 0.000000 
5 1 0 9 2 1 3 3 1 0.773969 0.000000 
5 1 0 4 1 0 2 2 1 0.651607 0.000000 
5 1 0 4 1 0 2 2 1 0.517816 0.000000 
5 1 0 4 1 0 2 2 1 0.429319 0.000000 
5 1 0 9 2 1 3 3 1 0.856781 0.000000 
5 1 0 3 0 3 1 1 1 0.587058 0.000000 
5 1 1 10 2 2 3 3 1 1.423940 0.000000 
5 1 1 10 2 2 3 3 1 0.451750 0.000000 
5 1 1 5 1 1 2 2 1 0.756885 0.000000 
5 1 1 10 2 2 3 4 0 0.579141 0.000000 
5 1 0 14 3 2 4 4 1 0.676670 0.000000 
5 1 1 15 3 3 4 4 1 0.613742 0.000000 
5 1 0 4 1 0 2 2 1 0.545917 0.000000 
5 1 1 0 0 0 1 1 1 0.496753 0.000000 
5 1 1 15 3 3 4 4 1 0.761580 0.000000 
5 1 0 9 2 1 3 3 1 0.735805 0.000000 
5 1 0 3 0 3 1 1 1 0.549726 0.000000 
5 1 1 5 1 1 2 2 1 0.652132 0.000000 
5 1 0 3 0 3 1 1 1 0.638113 0.000000 
5 1 1 10 2 2 3 3 1 0.888992 0.000000 
5 1 1 15 3 3 4 4 1 0.625902 0.000000 
5 1 0 9 2 1 3 3 1 0.765434 0.000000 
5 1 0 3 0 3 1 1 1 0.595722 0.000000 
5 1 0 4 1 0 2 2 1 0.728578 0.000000 
5 1 1 5 1 1 2 2 1 0.831160 0.000000 
5 1 0 14 3 2 4 4 1 0.618772 0.000000 
5 1 1 5 1 1 2 2 1 0.774309 0.000000 
5 1 0 9 2 1 3 3 1 0.739897 0.000000 
5 1 0 9 2 1 3 3 1 0.706746 0.000000 
5 1 0 3 0 3 1 1 1 0.506981 0.000000 
5 1 1 0 0 0 1 1 1 0.515172 0.000000 
5 1 0 4 1 0 2 2 1 0.530280 0.000000 
5 1 1 5 1 1 2 2 1 0.513814 0.000000 
5 1 1 0 0 0 1 1 1 0.521952 0.000000 
5 1 0 9 2 1 3 3 1 0.569468 0.000000 
5 1 0 4 1 0 2 2 1 0.638965 0.000000 
5 1 0 3 0 3 1 1 1 0.537792 0.000000 
5 1 0 14 3 2 4 4 1 0.576617 0.000000 
5 1 1 15 3 3 4 4 1 0.430107 0.000000 
5 1 1 0 0 0 1 1 1 0.569568 0.000000 
5 1 1 5 1 1 2 2 1 0.582112 0.000000 
5 1 1 15 3 3 4 4 1 0.475650 0.000000 
5 1 1 5 1 1 2 1 0 0.645128 0.000000 
5 1 1 5 1 1 2 2 1 1.364046 0.000000 
5 1 0 14 3 2 4 4 1 0.585958 0.000000 
5 1 1 0 0 0 1 1 1 0.534874 0.000000 
5 1 0 4 1 0 2 2 1 0.597699 0.000000 
5 1 1 15 3 3 4 4 1 0.474549 0.000000 
5 1 0 4 1 0 2 2 1 0.579005 0.000000 
5 1 0 3 0 3 1 1 1 0.536473 0.000000 
5 1 1 5 1 1 2 2 1 0.615346 0.000000 
5 1 1 0 0 0 1 1 1 0.491493 0.000000 
5 1 1 15 3 3 4 4 1 0.484282 0.000000 
5 1 0 4 1 0 2 2 1 0.965194 0.000000 
5 1 0 4 1 0 2 2 1 0.547454 0.000000 
5 1 0 9 2 1 3 3 1 0.898354 0.000000 
5 1 1 15 3 3 4 4 1 0.570261 0.000000 
5 1 0 4 1 0 2 2 1 0.695822 0.000000 
5 1 1 15 3 3 4 4 1 0.576712 0.000000 
5 1 1 10 2 2 3 3 1 0.782236 0.000000 
5 1 1 5 1 1 2 2 1 1.027842 0.000000 
5 1 1 10 2 2 3 3 1 0.719492 0.000000 
5 1 0 14 3 2 4 4 1 0.767050 0.000000 
5 1 1 0 0 0 1 1 1 0.684664 0.000000 
5 1 0 3 0 3 1 1 1 0.532528 0.000000 
5 1 0 3 0 3 1 1 1 0.451942 0.000000 
5 1 1 5 1 1 2 2 1 0.622182 0.000000 
5 1 0 14 3 2 4 4 1 0.601660 0.000000 
5 1 1 10 2 2 3 3 1 0.845913 0.000000 
5 1 0 9 2 1 3 3 1 0.632847 0.000000 
5 1 1 15 3 3 4 4 1 0.547952 0.000000 
5 1 0 14 3 2 4 4 1 1.177536 0.000000 
5 1 0 3 0 3 1 1 1 0.631282 0.000000 
5 1 0 3 0 3 1 1 1 0.514816 0.000000 
5 1 1 0 0 0 1 1 1 0.418910 0.000000 
5 1 1 15 3 3 4 4 1 0.630422 0.000000 
5 1 1 15 3 3 4 4 1 0.449871 0.000000 
5 1 0 14 3 2 4 4 1 0.572073 0.000000 
5 1 0 14 3 2 4 4 1 0.449590 0.000000 
5 1 0 3 0 3 1 1 1 0.571930 0.000000 
5 1 1 15 3 3 4 4 1 0.697239 0.000000 
5 1 0 14 3 2 4 4 1 0.977113 0.000000 
5 1 1 5 1 1 2 2 1 0.758777 0.000000 
5 1 0 3 0 3 1 1 1 0.525034 0.000000 
5 1 0 3 0 3 1 1 1 0.644530 0.000000 
5 1 1 15 3 3 4 4 1 0.551411 0.000000 
5 1 1 10 2 2 3 3 1 0.901591 0.000000 
5 1 1 0 0 0 1 1 1 0.509883 0.000000 
5 1 1 10 2 2 3 3 1 0.796997 0.000000 
5 1 0 9 2 1 3 3 1 0.657953 0.000000 
5 1 1 5 1 1 2 2 1 0.900129 0.000000 
5 1 1 5 1 1 2 2 1 3.348572 0.000000 
5 1 1 15 3 3 4 4 1 0.572000 0.000000 
5 1 0 9 2 1 3 3 1 0.657300 0.000000 
5 1 0 4 1 0 2 2 1 0.626573 0.000000 
5 1 1 15 3 3 4 4 1 0.461973 0.000000 
5 1 1 5 1 1 2 2 1 0.592178 0.000000 
5 1 1 10 2 2 3 3 1 0.652975 0.000000 
5 1 0 3 0 3 1 1 1 0.407235 0.000000 
5 1 1 10 2 2 3 3 1 0.603356 0.000000 
5 1 0 9 2 1 3 3 1 0.487559 0.000000 
5 1 0 14 3 2 4 4 1 0.584354 0.000000 
5 1 0 14 3 2 4 4 1 0.549195 0.000000 
5 1 0 14 3 2 4 4 1 0.450941 0.000000 
5 1 1 15 3 3 4 4 1 0.565156 0.000000 
5 1 0 3 0 3 1 1 1 0.611322 0.000000 
5 1 1 5 1 1 2 2 1 0.687522 0.000000 
5 1 0 4 1 0 2 2 1 0.448280 0.000000 
5 1 0 3 0 3 1 1 1 1.299232 0.000000 
5 1 1 0 0 0 1 1 1 0.532138 0.000000 
5 1 0 9 2 1 3 3 1 0.531160 0.000000 
5 1 0 9 2 1 3 4 0 0.546663 0.000000 
5 1 1 10 2 2 3 3 1 0.476485 0.000000 
5 1 1 0 0 0 1 1 1 0.549501 0.000000 
5 1 1 0 0 0 1 1 1 0.452085 0.000000 
5 1 0 4 1 0 2 2 1 0.621743 0.000000 
5 1 1 0 0 0 1 1 1 0.377295 0.000000 
5 1 1 10 2 2 3 3 1 0.654701 0.000000 
5 1 0 3 0 3 1 1 1 0.488931 0.000000 
5 1 0 4 1 0 2 2 1 0.633779 0.000000 
5 1 0 9 2 1 3 3 1 0.515625 0.000000 
5 1 1 0 0 0 1 1 1 0.491794 0.000000 
5 1 1 5 1 1 2 2 1 0.644539 0.000000 
5 1 0 4 1 0 2 2 1 0.543413 0.000000 
5 1 1 10 2 2 3 3 1 0.518305 0.000000 
5 1 1 0 0 0 1 1 1 0.653798 0.000000 
5 1 0 3 0 3 1 1 1 0.567997 0.000000 
5 1 1 0 0 0 1 1 1 0.533523 0.000000 
5 1 0 9 2 1 3 3 1 0.923319 0.000000 
5 1 0 14 3 2 4 4 1 0.562993 0.000000 
5 1 1 10 2 2 3 3 1 0.505089 0.000000 
5 1 1 0 0 0 1 1 1 0.481128 0.000000 
5 1 0 3 0 3 1 1 1 0.410105 0.000000 
5 1 0 3 0 3 1 1 1 0.382195 0.000000 
5 1 0 9 2 1 3 3 1 0.619671 0.000000 
5 1 1 5 1 1 2 2 1 0.743210 0.000000 
5 1 0 4 1 0 2 2 1 0.869111 0.000000 
5 1 0 14 3 2 4 4 1 1.310774 0.000000 
5 1 1 10 2 2 3 3 1 0.599146 0.000000 
5 1 1 5 1 1 2 2 1 0.683938 0.000000 
5 1 0 9 2 1 3 3 1 0.572941 0.000000 
5 1 0 9 2 1 3 3 1 0.442399 0.000000 
5 1 0 4 1 0 2 2 1 0.613246 0.000000 
5 1 1 10 2 2 3 3 1 0.617395 0.000000 
5 1 0 9 2 1 3 3 1 0.468952 0.000000 
5 1 0 9 2 1 3 3 1 0.477431 0.000000 
5 1 1 0 0 0 1 1 1 0.542908 0.000000 
5 1 1 5 1 1 2 2 1 0.613735 0.000000 
5 1 0 14 3 2 4 4 1 0.577921 0.000000 
5 1 1 10 2 2 3 3 1 1.263482 0.000000 
5 1 1 15 3 3 4 4 1 0.553819 0.000000 
5 1 0 4 1 0 2 2 1 0.544065 0.000000 
5 1 0 9 2 1 3 3 1 0.574909 0.000000 
5 1 0 4 1 0 2 2 1 1.133494 0.000000 
5 1 0 4 1 0 2 2 1 0.636024 0.000000 
5 1 1 5 1 1 2 2 1 0.669880 0.000000 
5 1 1 5 1 1 2 2 1 0.447499 0.000000 
5 1 0 4 1 0 2 2 1 0.418258 0.000000 
5 1 1 10 2 2 3 3 1 0.685543 0.000000 
5 1 0 3 0 3 1 1 1 0.597772 0.000000 
5 1 0 9 2 1 3 3 1 1.234183 0.000000 
5 1 1 0 0 0 1 1 1 0.765239 0.000000 
5 1 0 14 3 2 4 4 1 0.619343 0.000000 
5 1 1 5 1 1 2 2 1 0.661380 0.000000 
5 1 0 9 2 1 3 3 1 0.575589 0.000000 
5 1 1 0 0 0 1 1 1 1.549158 0.000000 
5 1 0 4 1 0 2 2 1 0.571907 0.000000 
5 1 0 4 1 0 2 2 1 0.465103 0.000000 
5 1 0 9 2 1 3 3 1 0.715342 0.000000 
5 1 0 3 0 3 1 1 1 0.587543 0.000000 
5 1 0 9 2 1 3 3 1 0.672395 0.000000 
5 1 1 5 1 1 2 2 1 0.681959 0.000000 
5 1 1 5 1 1 2 2 1 0.610493 0.000000 
5 1 1 0 0 0 1 1 1 0.774700 0.000000 
5 1 0 3 0 3 1 1 1 0.508267 0.000000 
5 1 1 0 0 0 1 1 1 0.484419 0.000000 
5 1 0 14 3 2 4 4 1 0.605245 0.000000 
5 1 1 0 0 0 1 1 1 1.057459 0.000000 
5 1 0 9 2 1 3 3 1 0.819820 0.000000 
5 1 1 0 0 0 1 1 1 0.503400 0.000000 
5 1 1 5 1 1 2 2 1 0.622564 0.000000 
5 1 1 5 1 1 2 2 1 0.514049 0.000000 
5 1 1 10 2 2 3 3 1 0.602257 0.000000 
5 1 1 5 1 1 2 2 1 0.598438 0.000000 
5 1 1 5 1 1 2 2 1 0.475283 0.000000 
5 1 1 15 3 3 4 4 1 0.484758 0.000000 
5 1 0 9 2 1 3 3 1 0.621494 0.000000 
5 1 0 3 0 3 1 1 1 0.497057 0.000000 
5 1 1 0 0 0 1 1 1 0.528907 0.000000 
5 1 1 5 1 1 2 2 1 0.560343 0.000000 
5 1 1 15 3 3 4 4 1 0.502562 0.000000 
5 1 1 5 1 1 2 2 1 0.558713 0.000000 
5 1 1 15 3 3 4 4 1 0.396875 0.000000 
5 1 1 10 2 2 3 3 1 0.537656 0.000000 
5 1 0 14 3 2 4 4 1 0.584417 0.000000 
5 1 0 4 1 0 2 2 1 0.501336 0.000000 
5 1 0 3 0 3 1 1 1 0.405457 0.000000 
5 1 0 4 1 0 2 2 1 0.568597 0.000000 
5 1 1 0 0 0 1 1 1 0.534067 0.000000 
5 1 0 4 1 0 2 2 1 0.460927 0.000000 
5 1 1 15 3 3 4 4 1 0.446998 0.000000 
5 1 1 5 1 1 2 2 1 0.609811 0.000000 
5 1 0 9 2 1 3 3 1 0.446002 0.000000 
5 1 1 10 2 2 3 3 1 0.600837 0.000000 
5 1 0 3 0 3 1 1 1 0.548988 0.000000 
5 1 0 4 1 0 2 2 1 0.586804 0.000000 
5 1 0 3 0 3 1 1 1 0.535704 0.000000 
5 1 1 5 1 1 2 2 1 0.630479 0.000000 
5 1 0 3 0 3 1 1 1 0.569963 0.000000 
5 1 1 10 2 2 3 3 1 0.743579 0.000000 
5 1 0 14 3 2 4 4 1 0.534475 0.000000 
5 1 0 9 2 1 3 3 1 0.469310 0.000000 
5 1 0 14 3 2 4 4 1 0.462791 0.000000 
5 1 1 15 3 3 4 4 1 0.544924 0.000000 
5 1 1 15 3 3 4 4 1 0.502733 0.000000 
5 1 0 9 2 1 3 3 1 0.662895 0.000000 
5 1 1 15 3 3 4 4 1 0.512926 0.000000 
5 1 1 10 2 2 3 3 1 0.529173 0.000000 
5 1 0 14 3 2 4 4 1 0.528715 0.000000 
5 1 0 9 2 1 3 3 1 0.488211 0.000000 
5 1 0 4 1 0 2 2 1 0.601024 0.000000 
5 1 1 10 2 2 3 3 1 0.709233 0.000000 
5 1 1 15 3 3 4 4 1 0.500440 0.000000 
5 1 1 10 2 2 3 3 1 0.660628 0.000000 
5 1 0 14 3 2 4 4 1 0.422831 0.000000 
5 1 1 15 3 3 4 4 1 0.522282 0.000000 
5 1 1 15 3 3 4 4 1 0.561765 0.000000 
5 1 1 10 2 2 3 3 1 0.495931 0.000000 
5 1 1 15 3 3 4 4 1 0.488740 0.000000 
5 1 0 4 1 0 2 2 1 0.465554 0.000000 
5 1 1 15 3 3 4 4 1 0.562662 0.000000 
5 1 1 10 2 2 3 3 1 0.624865 0.000000 
5 1 1 15 3 3 4 4 1 0.588388 0.000000 
5 1 1 10 2 2 3 3 1 0.617229 0.000000 
5 1 1 0 0 0 1 1 1 0.516767 0.000000 
5 1 0 4 1 0 2 2 1 0.572263 0.000000 
5 1 1 15 3 3 4 4 1 0.473780 0.000000 
5 1 0 3 0 3 1 1 1 0.547248 0.000000 
5 1 0 14 3 2 4 4 1 0.586083 0.000000 
5 1 0 14 3 2 4 4 1 0.501833 0.000000 
5 1 0 4 1 0 2 2 1 1.046055 0.000000 
5 1 1 15 3 3 4 4 1 0.489044 0.000000 
5 1 0 3 0 3 1 1 1 0.609896 0.000000 
5 1 1 15 3 3 4 4 1 0.510026 0.000000 
5 1 0 3 0 3 1 1 1 0.534256 0.000000 
5 1 1 10 2 2 3 3 1 0.709118 0.000000 
5 1 0 14 3 2 4 4 1 0.533307 0.000000 
5 1 0 3 0 3 1 1 1 0.595127 0.000000 
5 1 1 5 1 1 2 2 1 0.495987 0.000000 
5 1 0 3 0 3 1 1 1 0.624806 0.000000 
5 1 1 10 2 2 3 3 1 0.716289 0.000000 
5 1 0 3 0 3 1 1 1 0.956153 0.000000 
5 1 1 0 0 0 1 1 1 0.570211 0.000000 
5 1 1 5 1 1 2 2 1 0.631729 0.000000 
5 1 1 15 3 3 4 4 1 0.555278 0.000000 
5 1 1 5 1 1 2 2 1 0.680407 0.000000 
5 1 0 4 1 0 2 2 1 0.649914 0.000000 
5 1 1 15 3 3 4 4 1 0.524196 0.000000 
5 1 1 0 0 0 1 1 1 0.579696 0.000000 
5 1 0 4 1 0 2 2 1 0.601200 0.000000 
5 1 0 9 2 1 3 3 1 0.693444 0.000000 
5 1 0 14 3 2 4 4 1 0.574255 0.000000 
5 1 0 4 1 0 2 2 1 0.754871 0.000000 
5 1 0 9 2 1 3 3 1 0.609074 0.000000 
5 1 0 14 3 2 4 4 1 0.557240 0.000000 
5 1 1 15 3 3 4 4 1 0.491406 0.000000 
5 1 0 3 0 3 1 1 1 0.572207 0.000000 
5 1 0 3 0 3 1 1 1 0.577736 0.000000 
5 1 1 10 2 2 3 3 1 0.671240 0.000000 
5 1 0 4 1 0 2 2 1 0.624804 0.000000 
5 1 0 3 0 3 1 1 1 0.532325 0.000000 
5 1 0 9 2 1 3 3 1 0.699810 0.000000 
5 1 1 5 1 1 2 2 1 0.875061 0.000000 
5 1 0 14 3 2 4 4 1 0.612680 0.000000 
5 1 1 15 3 3 4 4 1 0.496865 0.000000 
5 1 1 10 2 2 3 3 1 1.081696 0.000000 
5 1 1 10 2 2 3 3 1 0.539374 0.000000 
5 1 1 5 1 1 2 2 1 0.586224 0.000000 
5 1 1 10 2 2 3 3 1 0.879081 0.000000 
5 1 1 0 0 0 1 1 1 0.575729 0.000000 
5 1 1 15 3 3 4 4 1 0.493155 0.000000 
5 1 0 9 2 1 3 3 1 0.662012 0.000000 
5 1 0 14 3 2 4 4 1 0.520229 0.000000 
5 1 0 14 3 2 4 4 1 0.567666 0.000000 
5 1 1 0 0 0 1 1 1 0.541190 0.000000 
5 1 0 3 0 3 1 1 1 0.508032 0.000000 
5 1 0 9 2 1 3 3 1 0.692222 0.000000 
5 1 0 9 2 1 3 3 1 0.564153 0.000000 
5 1 0 4 1 0 2 2 1 0.626244 0.000000 
5 1 1 0 0 0 1 1 1 0.573749 0.000000 
5 1 1 15 3 3 4 4 1 0.483290 0.000000 
5 1 0 3 0 3 1 1 1 0.540061 0.000000 
5 1 0 3 0 3 1 1 1 0.538938 0.000000 
5 1 0 9 2 1 3 3 1 0.649787 0.000000 
5 1 0 3 0 3 1 1 1 0.531987 0.000000 
5 1 1 15 3 3 4 4 1 0.507478 0.000000 
5 1 1 0 0 0 1 1 1 0.819596 0.000000 
5 1 1 5 1 1 2 2 1 0.622232 0.000000 
5 1 1 10 2 2 3 3 1 0.649783 0.000000 
5 1 1 0 0 0 1 1 1 0.587971 0.000000 
5 1 0 14 3 2 4 4 1 0.584826 0.000000 
5 1 1 0 0 0 1 1 1 0.581684 0.000000 
5 1 0 14 3 2 4 4 1 0.579190 0.000000 
5 1 0 14 3 2 4 4 1 0.464700 0.000000 
5 1 0 14 3 2 4 4 1 0.786846 0.000000 
5 1 0 4 1 0 2 2 1 1.670822 0.000000 
5 1 1 5 1 1 2 2 1 0.504707 0.000000 
5 1 0 4 1 0 2 2 1 0.456875 0.000000 
5 1 1 10 2 2 3 3 1 0.642982 0.000000 
5 1 1 0 0 0 1 1 1 0.573913 0.000000 
5 1 1 10 2 2 3 3 1 0.635309 0.000000 
5 1 1 5 1 1 2 2 1 0.646250 0.000000 
5 1 0 3 0 3 1 1 1 0.537115 0.000000 
5 1 0 3 0 3 1 1 1 0.454927 0.000000 
5 1 0 4 1 0 2 2 1 0.657089 0.000000 
5 1 0 9 2 1 3 3 1 0.603233 0.000000 
5 1 1 5 1 1 2 2 1 0.607483 0.000000 
5 1 0 14 3 2 4 4 1 0.547669 0.000000 
5 1 0 9 2 1 3 3 1 0.730509 0.000000 
5 1 0 4 1 0 2 2 1 0.762072 0.000000 
5 1 0 9 2 1 3 3 1 0.479379 0.000000 
5 1 1 5 1 1 2 2 1 0.760796 0.000000 
5 1 0 3 0 3 1 1 1 0.559014 0.000000 
5 1 0 9 2 1 3 3 1 0.757178 0.000000 
5 1 0 9 2 1 3 3 1 0.531459 0.000000 
5 1 1 5 1 1 2 2 1 0.586971 0.000000 
5 1 0 3 0 3 1 1 1 0.583802 0.000000 
5 1 1 5 1 1 2 2 1 0.828667 0.000000 
5 1 1 10 2 2 3 3 1 0.719331 0.000000 
5 1 1 10 2 2 3 3 1 0.438809 0.000000 
5 1 1 15 3 3 4 4 1 0.481632 0.000000 
5 1 0 9 2 1 3 3 1 0.771113 0.000000 
5 1 0 3 0 3 1 1 1 0.544687 0.000000 
5 1 1 10 2 2 3 3 1 0.975495 0.000000 
5 1 1 0 0 0 1 1 1 0.565190 0.000000 
5 1 0 14 3 2 4 4 1 0.531361 0.000000 
5 1 0 3 0 3 1 1 1 0.562797 0.000000 
5 1 1 15 3 3 4 4 1 0.528005 0.000000 
5 1 1 15 3 3 4 4 1 0.399437 0.000000 
5 1 1 0 0 0 1 1 1 0.564089 0.000000 
5 1 1 15 3 3 4 4 1 0.521803 0.000000 
5 1 0 9 2 1 3 3 1 0.745294 0.000000 
5 1 1 0 0 0 1 1 1 0.952222 0.000000 
5 1 0 9 2 1 3 3 1 0.958483 0.000000 
5 1 0 4 1 0 2 2 1 1.076877 0.000000 
