13 1 1 0 0 0 1 1 1 1.765422 0.000000 
13 1 0 13 3 1 4 4 1 2.667428 0.000000 
13 1 1 0 0 0 1 1 1 0.821164 0.000000 
13 1 0 13 3 1 4 4 1 0.608846 0.000000 
13 1 0 8 2 0 3 3 1 0.812871 0.000000 
13 1 1 15 3 3 4 4 1 0.767643 0.000000 
13 1 0 3 0 3 1 1 1 0.597259 0.000000 
13 1 0 13 3 1 4 4 1 0.674084 0.000000 
13 1 0 3 0 3 1 1 1 0.747650 0.000000 
13 1 0 3 0 3 1 1 1 0.498496 0.000000 
13 1 0 6 1 2 2 2 1 1.115210 0.000000 
13 1 0 8 2 0 3 3 1 0.931107 0.000000 
13 1 0 3 0 3 1 1 1 0.537698 0.000000 
13 1 1 10 2 2 3 3 1 1.048582 0.000000 
13 1 0 13 3 1 4 4 1 0.443596 0.000000 
13 1 0 8 2 0 3 3 1 0.734397 0.000000 
13 1 1 0 0 0 1 1 1 0.565232 0.000000 
13 1 1 10 2 2 3 1 0 0.563414 0.000000 
13 1 1 10 2 2 3 3 1 0.724712 0.000000 
13 1 1 15 3 3 4 4 1 0.548019 0.000000 
13 1 0 13 3 1 4 4 1 0.906940 0.000000 
13 1 1 10 2 2 3 3 1 0.770195 0.000000 
13 1 0 13 3 1 4 4 1 0.599786 0.000000 
13 1 0 13 3 1 4 4 1 0.683932 0.000000 
13 1 0 8 2 0 3 3 1 0.652890 0.000000 
13 1 1 15 3 3 4 4 1 0.551058 0.000000 
13 1 1 5 1 1 2 4 0 0.589267 0.000000 
13 1 1 15 3 3 4 4 1 0.454087 0.000000 
13 1 0 8 2 0 3 3 1 0.710847 0.000000 
13 1 1 0 0 0 1 1 1 0.558973 0.000000 
13 1 0 3 0 3 1 1 1 0.661187 0.000000 
13 1 1 15 3 3 4 4 1 0.615421 0.000000 
13 1 1 10 2 2 3 3 1 0.739605 0.000000 
13 1 1 10 2 2 3 3 1 0.650476 0.000000 
13 1 1 0 0 0 1 1 1 0.572687 0.000000 
13 1 0 8 2 0 3 3 1 0.786263 0.000000 
13 1 0 8 2 0 3 3 1 0.750148 0.000000 
13 1 1 0 0 0 1 1 1 0.524365 0.000000 
13 1 1 5 1 1 2 2 1 0.683905 0.000000 
13 1 1 15 3 3 4 4 1 0.556749 0.000000 
13 1 0 13 3 1 4 4 1 0.642952 0.000000 
13 1 1 10 2 2 3 3 1 0.605804 0.000000 
13 1 1 0 0 0 1 1 1 0.490035 0.000000 
13 1 1 15 3 3 4 4 1 0.506824 0.000000 
13 1 1 0 0 0 1 1 1 0.506892 0.000000 
13 1 0 6 1 2 2 2 1 0.674119 0.000000 
13 1 0 13 3 1 4 4 1 0.579689 0.000000 
13 1 0 6 1 2 2 2 1 0.737198 0.000000 
13 1 1 15 3 3 4 4 1 0.416043 0.000000 
13 1 1 0 0 0 1 1 1 0.499962 0.000000 
13 1 1 15 3 3 4 4 1 0.436167 0.000000 
13 1 1 15 3 3 4 4 1 0.414476 0.000000 
13 1 0 13 3 1 4 4 1 0.594602 0.000000 
13 1 1 5 1 1 2 2 1 0.671448 0.000000 
13 1 0 13 3 1 4 4 1 0.527967 0.000000 
13 1 1 0 0 0 1 1 1 0.551490 0.000000 
13 1 0 8 2 0 3 3 1 0.653664 0.000000 
13 1 1 5 1 1 2 2 1 0.943892 0.000000 
13 1 0 8 2 0 3 3 1 0.702799 0.000000 
13 1 0 8 2 0 3 3 1 0.543089 0.000000 
13 1 1 10 2 2 3 3 1 0.605001 0.000000 
13 1 1 0 0 0 1 1 1 0.505057 0.000000 
13 1 1 5 1 1 2 2 1 0.705270 0.000000 
13 1 1 0 0 0 1 1 1 0.505431 0.000000 
13 1 0 6 1 2 2 3 0 0.689629 0.000000 
13 1 1 15 3 3 4 4 1 1.406578 0.000000 
13 1 1 5 1 1 2 2 1 0.570516 0.000000 
13 1 1 5 1 1 2 2 1 0.496044 0.000000 
13 1 1 10 2 2 3 3 1 0.576878 0.000000 
13 1 0 6 1 2 2 2 1 0.653339 0.000000 
13 1 1 5 1 1 2 2 1 0.631607 0.000000 
13 1 1 10 2 2 3 3 1 0.595151 0.000000 
13 1 0 6 1 2 2 2 1 0.687941 0.000000 
13 1 1 10 2 2 3 3 1 0.720882 0.000000 
13 1 1 0 0 0 1 1 1 0.560441 0.000000 
13 1 1 5 1 1 2 2 1 0.670582 0.000000 
13 1 1 5 1 1 2 2 1 0.608135 0.000000 
13 1 0 6 1 2 2 2 1 0.707339 0.000000 
13 1 0 13 3 1 4 4 1 0.619587 0.000000 
13 1 0 13 3 1 4 4 1 0.495073 0.000000 
13 1 0 6 1 2 2 2 1 0.671947 0.000000 
13 1 0 8 2 0 3 3 1 0.569491 0.000000 
13 1 0 3 0 3 1 1 1 0.591006 0.000000 
13 1 1 15 3 3 4 4 1 0.499834 0.000000 
13 1 1 0 0 0 1 1 1 0.492008 0.000000 
13 1 1 5 1 1 2 2 1 0.612786 0.000000 
13 1 1 10 2 2 3 3 1 0.527949 0.000000 
13 1 0 13 3 1 4 4 1 0.543434 0.000000 
13 1 0 8 2 0 3 2 0 0.654274 0.000000 
13 1 0 8 2 0 3 3 1 0.556539 0.000000 
13 1 1 15 3 3 4 4 1 0.434177 0.000000 
13 1 1 15 3 3 4 4 1 0.540944 0.000000 
13 1 0 8 2 0 3 3 1 0.611815 0.000000 
13 1 1 15 3 3 4 4 1 0.503110 0.000000 
13 1 1 15 3 3 4 4 1 0.591187 0.000000 
13 1 0 13 3 1 4 4 1 0.563952 0.000000 
13 1 1 10 2 2 3 3 1 0.634221 0.000000 
13 1 1 5 1 1 2 2 1 0.789085 0.000000 
13 1 0 3 0 3 1 1 1 0.794021 0.000000 
13 1 0 8 2 0 3 3 1 0.678959 0.000000 
13 1 0 6 1 2 2 2 1 0.704459 0.000000 
13 1 0 3 0 3 1 1 1 0.616739 0.000000 
13 1 1 15 3 3 4 4 1 0.539226 0.000000 
13 1 1 0 0 0 1 1 1 0.658015 0.000000 
13 1 0 13 3 1 4 4 1 0.564288 0.000000 
13 1 1 15 3 3 4 4 1 0.418386 0.000000 
13 1 1 0 0 0 1 1 1 0.613892 0.000000 
13 1 0 6 1 2 2 2 1 0.690086 0.000000 
13 1 1 15 3 3 4 4 1 0.410933 0.000000 
13 1 0 6 1 2 2 2 1 0.703099 0.000000 
13 1 1 0 0 0 1 1 1 0.567341 0.000000 
13 1 1 10 2 2 3 3 1 0.851865 0.000000 
13 1 1 0 0 0 1 1 1 0.510135 0.000000 
13 1 1 5 1 1 2 2 1 0.598249 0.000000 
13 1 0 3 0 3 1 1 1 0.683151 0.000000 
13 1 0 8 2 0 3 3 1 0.636007 0.000000 
13 1 0 8 2 0 3 3 1 0.502851 0.000000 
13 1 1 15 3 3 4 4 1 0.582993 0.000000 
13 1 0 13 3 1 4 4 1 0.636128 0.000000 
13 1 0 3 0 3 1 1 1 0.525759 0.000000 
13 1 0 8 2 0 3 3 1 0.541257 0.000000 
13 1 1 15 3 3 4 4 1 0.444086 0.000000 
13 1 0 8 2 0 3 3 1 0.518867 0.000000 
13 1 1 0 0 0 1 1 1 0.598310 0.000000 
13 1 0 6 1 2 2 2 1 0.715282 0.000000 
13 1 0 6 1 2 2 2 1 0.555398 0.000000 
13 1 1 10 2 2 3 3 1 0.561619 0.000000 
13 1 0 6 1 2 2 2 1 0.743797 0.000000 
13 1 0 13 3 1 4 3 0 0.469676 0.000000 
13 1 0 6 1 2 2 2 1 0.691124 0.000000 
13 1 1 5 1 1 2 2 1 0.603594 0.000000 
13 1 1 0 0 0 1 1 1 0.535792 0.000000 
13 1 0 3 0 3 1 1 1 0.638564 0.000000 
13 1 0 8 2 0 3 3 1 0.593491 0.000000 
13 1 1 5 1 1 2 2 1 0.686336 0.000000 
13 1 0 6 1 2 2 2 1 0.551206 0.000000 
13 1 1 0 0 0 1 1 1 0.492340 0.000000 
13 1 1 0 0 0 1 1 1 0.541191 0.000000 
13 1 1 5 1 1 2 2 1 0.684028 0.000000 
13 1 1 15 3 3 4 4 1 0.476861 0.000000 
13 1 0 6 1 2 2 2 1 0.526396 0.000000 
13 1 1 0 0 0 1 1 1 0.549876 0.000000 
13 1 1 0 0 0 1 1 1 0.556025 0.000000 
13 1 0 3 0 3 1 1 1 0.610226 0.000000 
13 1 1 5 1 1 2 2 1 0.725419 0.000000 
13 1 0 13 3 1 4 4 1 0.508975 0.000000 
13 1 0 8 2 0 3 3 1 0.821149 0.000000 
13 1 0 13 3 1 4 4 1 0.552676 0.000000 
13 1 1 10 2 2 3 3 1 0.606919 0.000000 
13 1 0 3 0 3 1 1 1 0.587105 0.000000 
13 1 0 6 1 2 2 2 1 0.727957 0.000000 
13 1 0 6 1 2 2 2 1 0.575509 0.000000 
13 1 0 8 2 0 3 3 1 0.676016 0.000000 
13 1 0 3 0 3 1 1 1 0.541578 0.000000 
13 1 0 8 2 0 3 3 1 0.556414 0.000000 
13 1 1 5 1 1 2 2 1 0.642594 0.000000 
13 1 0 3 0 3 1 1 1 0.613399 0.000000 
13 1 1 0 0 0 1 1 1 0.769641 0.000000 
13 1 1 10 2 2 3 3 1 0.639255 0.000000 
13 1 1 0 0 0 1 1 1 0.458086 0.000000 
13 1 0 13 3 1 4 4 1 0.587167 0.000000 
13 1 0 6 1 2 2 3 0 0.512101 0.000000 
13 1 0 6 1 2 2 2 1 0.644228 0.000000 
13 1 1 5 1 1 2 2 1 0.574623 0.000000 
13 1 0 6 1 2 2 2 1 0.620159 0.000000 
13 1 0 6 1 2 2 2 1 0.519682 0.000000 
13 1 1 10 2 2 3 3 1 0.583124 0.000000 
13 1 0 8 2 0 3 3 1 0.604004 0.000000 
13 1 1 0 0 0 1 1 1 0.559198 0.000000 
13 1 0 13 3 1 4 4 1 0.501376 0.000000 
13 1 0 3 0 3 1 1 1 0.613536 0.000000 
13 1 0 8 2 0 3 3 1 0.601742 0.000000 
13 1 1 5 1 1 2 1 0 0.573915 0.000000 
13 1 1 0 0 0 1 1 1 0.567425 0.000000 
13 1 0 13 3 1 4 4 1 0.580481 0.000000 
13 1 0 13 3 1 4 4 1 0.577985 0.000000 
13 1 1 15 3 3 4 4 1 0.446446 0.000000 
13 1 1 0 0 0 1 1 1 0.537288 0.000000 
13 1 1 10 2 2 3 4 0 0.416107 0.000000 
13 1 0 8 2 0 3 3 1 0.487975 0.000000 
13 1 1 10 2 2 3 3 1 0.440563 0.000000 
13 1 1 0 0 0 1 1 1 0.523367 0.000000 
13 1 0 3 0 3 1 1 1 0.634801 0.000000 
13 1 0 13 3 1 4 4 1 0.653735 0.000000 
13 1 1 10 2 2 3 3 1 0.559911 0.000000 
13 1 0 3 0 3 1 1 1 0.557030 0.000000 
13 1 0 8 2 0 3 3 1 0.515253 0.000000 
13 1 1 5 1 1 2 2 1 0.579364 0.000000 
13 1 0 6 1 2 2 2 1 0.720921 0.000000 
13 1 0 6 1 2 2 2 1 0.544503 0.000000 
13 1 1 5 1 1 2 2 1 0.479328 0.000000 
13 1 0 6 1 2 2 2 1 0.520801 0.000000 
13 1 0 8 2 0 3 3 1 1.424781 0.000000 
13 1 1 0 0 0 1 1 1 0.803940 0.000000 
13 1 1 5 1 1 2 2 1 0.694567 0.000000 
13 1 0 6 1 2 2 2 1 0.630938 0.000000 
13 1 1 0 0 0 1 1 1 0.506488 0.000000 
13 1 1 10 2 2 3 3 1 0.618635 0.000000 
13 1 0 6 1 2 2 2 1 0.598165 0.000000 
13 1 1 15 3 3 4 4 1 0.562832 0.000000 
13 1 0 6 1 2 2 2 1 0.608523 0.000000 
13 1 0 3 0 3 1 1 1 0.532669 0.000000 
13 1 0 6 1 2 2 2 1 0.508012 0.000000 
13 1 0 6 1 2 2 2 1 0.466657 0.000000 
13 1 0 6 1 2 2 2 1 0.500184 0.000000 
13 1 1 0 0 0 1 1 1 0.556315 0.000000 
13 1 1 15 3 3 4 4 1 0.434483 0.000000 
13 1 1 15 3 3 4 4 1 0.421210 0.000000 
13 1 1 15 3 3 4 4 1 0.400706 0.000000 
13 1 0 3 0 3 1 1 1 0.516824 0.000000 
13 1 1 10 2 2 3 3 1 0.620333 0.000000 
13 1 0 8 2 0 3 3 1 0.607846 0.000000 
13 1 0 6 1 2 2 2 1 0.627041 0.000000 
13 1 0 8 2 0 3 3 1 0.646585 0.000000 
13 1 0 8 2 0 3 3 1 0.497445 0.000000 
13 1 0 3 0 3 1 1 1 0.538275 0.000000 
13 1 0 6 1 2 2 2 1 0.713086 0.000000 
13 1 1 0 0 0 1 1 1 0.505320 0.000000 
13 1 0 6 1 2 2 2 1 0.737461 0.000000 
13 1 0 3 0 3 1 1 1 0.511475 0.000000 
13 1 1 10 2 2 3 3 1 0.535473 0.000000 
13 1 0 6 1 2 2 2 1 0.694364 0.000000 
13 1 0 8 2 0 3 3 1 1.551284 0.000000 
13 1 1 10 2 2 3 3 1 0.605797 0.000000 
13 1 0 13 3 1 4 4 1 0.586008 0.000000 
13 1 0 8 2 0 3 3 1 0.510858 0.000000 
13 1 1 15 3 3 4 4 1 0.407004 0.000000 
13 1 1 10 2 2 3 3 1 0.491116 0.000000 
13 1 1 5 1 1 2 2 1 0.634917 0.000000 
13 1 1 5 1 1 2 2 1 0.501778 0.000000 
13 1 1 0 0 0 1 1 1 0.581989 0.000000 
13 1 1 10 2 2 3 3 1 0.579464 0.000000 
13 1 0 8 2 0 3 3 1 0.600980 0.000000 
13 1 0 13 3 1 4 4 1 0.517160 0.000000 
13 1 1 0 0 0 1 1 1 0.516638 0.000000 
13 1 0 3 0 3 1 1 1 0.572092 0.000000 
13 1 1 5 1 1 2 3 0 0.464662 0.000000 
13 1 0 13 3 1 4 4 1 0.534140 0.000000 
13 1 1 10 2 2 3 3 1 0.532475 0.000000 
13 1 0 13 3 1 4 4 1 0.507945 0.000000 
13 1 1 10 2 2 3 3 1 0.660143 0.000000 
13 1 0 8 2 0 3 3 1 0.630337 0.000000 
13 1 0 3 0 3 1 1 1 0.497883 0.000000 
13 1 0 8 2 0 3 3 1 0.554686 0.000000 
13 1 1 15 3 3 4 4 1 0.488817 0.000000 
13 1 1 15 3 3 4 4 1 0.424459 0.000000 
13 1 1 0 0 0 1 1 1 0.531456 0.000000 
13 1 0 6 1 2 2 2 1 0.730950 0.000000 
13 1 0 6 1 2 2 2 1 0.642515 0.000000 
13 1 0 13 3 1 4 4 1 0.533380 0.000000 
13 1 1 0 0 0 1 1 1 0.524206 0.000000 
13 1 0 13 3 1 4 4 1 0.523695 0.000000 
13 1 0 6 1 2 2 2 1 0.530248 0.000000 
13 1 1 0 0 0 1 1 1 0.505698 0.000000 
13 1 1 0 0 0 1 1 1 0.569835 0.000000 
13 1 1 10 2 2 3 3 1 0.583344 0.000000 
13 1 1 5 1 1 2 2 1 0.652202 0.000000 
13 1 0 13 3 1 4 4 1 0.542406 0.000000 
13 1 0 6 1 2 2 2 1 0.573233 0.000000 
13 1 1 0 0 0 1 1 1 0.490749 0.000000 
13 1 1 15 3 3 4 4 1 0.459516 0.000000 
13 1 1 10 2 2 3 3 1 0.589672 0.000000 
13 1 0 13 3 1 4 4 1 0.497517 0.000000 
13 1 0 8 2 0 3 3 1 0.474335 0.000000 
13 1 1 5 1 1 2 2 1 0.547821 0.000000 
13 1 1 10 2 2 3 3 1 0.562651 0.000000 
13 1 1 0 0 0 1 1 1 0.536805 0.000000 
13 1 1 5 1 1 2 2 1 0.575631 0.000000 
13 1 1 10 2 2 3 3 1 0.661145 0.000000 
13 1 1 15 3 3 4 4 1 0.599381 0.000000 
13 1 1 5 1 1 2 3 0 0.434968 0.000000 
13 1 1 10 2 2 3 3 1 0.633355 0.000000 
13 1 0 3 0 3 1 1 1 0.555985 0.000000 
13 1 1 15 3 3 4 4 1 0.697895 0.000000 
13 1 0 8 2 0 3 3 1 0.498775 0.000000 
13 1 0 3 0 3 1 1 1 0.491617 0.000000 
13 1 0 8 2 0 3 3 1 0.516443 0.000000 
13 1 0 8 2 0 3 3 1 0.475240 0.000000 
13 1 1 0 0 0 1 1 1 0.517352 0.000000 
13 1 0 13 3 1 4 4 1 0.579894 0.000000 
13 1 1 10 2 2 3 3 1 0.505394 0.000000 
13 1 0 3 0 3 1 1 1 0.529551 0.000000 
13 1 0 8 2 0 3 3 1 0.513017 0.000000 
13 1 0 13 3 1 4 4 1 0.561190 0.000000 
13 1 1 5 1 1 2 2 1 0.679375 0.000000 
13 1 0 3 0 3 1 1 1 0.568910 0.000000 
13 1 1 10 2 2 3 3 1 0.558455 0.000000 
13 1 0 13 3 1 4 4 1 0.459571 0.000000 
13 1 1 15 3 3 4 4 1 0.405703 0.000000 
13 1 1 15 3 3 4 4 1 0.425823 0.000000 
13 1 0 6 1 2 2 2 1 0.565277 0.000000 
13 1 0 6 1 2 2 2 1 0.531447 0.000000 
13 1 1 10 2 2 3 3 1 0.570935 0.000000 
13 1 1 5 1 1 2 2 1 0.824459 0.000000 
13 1 1 0 0 0 1 1 1 0.540066 0.000000 
13 1 0 6 1 2 2 2 1 0.641932 0.000000 
13 1 1 5 1 1 2 2 1 0.532755 0.000000 
13 1 0 8 2 0 3 3 1 0.652052 0.000000 
13 1 1 5 1 1 2 2 1 0.589803 0.000000 
13 1 0 3 0 3 1 1 1 0.490639 0.000000 
13 1 1 0 0 0 1 1 1 0.523478 0.000000 
13 1 0 13 3 1 4 4 1 1.010961 0.000000 
13 1 0 8 2 0 3 3 1 0.559295 0.000000 
13 1 1 15 3 3 4 4 1 0.541466 0.000000 
13 1 0 6 1 2 2 2 1 0.619293 0.000000 
13 1 0 8 2 0 3 3 1 0.606839 0.000000 
13 1 0 13 3 1 4 4 1 0.555000 0.000000 
13 1 1 10 2 2 3 3 1 0.537195 0.000000 
13 1 0 6 1 2 2 2 1 0.608029 0.000000 
13 1 1 5 1 1 2 2 1 0.692205 0.000000 
13 1 0 8 2 0 3 3 1 0.525093 0.000000 
13 1 0 13 3 1 4 4 1 0.460578 0.000000 
13 1 0 6 1 2 2 2 1 0.557685 0.000000 
13 1 1 0 0 0 1 1 1 0.531891 0.000000 
13 1 1 15 3 3 4 4 1 0.427372 0.000000 
13 1 1 0 0 0 1 1 1 0.494817 0.000000 
13 1 1 5 1 1 2 2 1 0.655647 0.000000 
13 1 0 8 2 0 3 3 1 0.593854 0.000000 
13 1 1 0 0 0 1 1 1 0.510702 0.000000 
13 1 0 13 3 1 4 4 1 0.550860 0.000000 
13 1 0 8 2 0 3 3 1 0.564002 0.000000 
13 1 0 8 2 0 3 3 1 0.498192 0.000000 
13 1 1 15 3 3 4 4 1 0.891015 0.000000 
13 1 0 6 1 2 2 2 1 0.571909 0.000000 
13 1 1 0 0 0 1 1 1 0.585471 0.000000 
13 1 1 5 1 1 2 2 1 0.606328 0.000000 
13 1 1 0 0 0 1 1 1 0.522518 0.000000 
13 1 1 5 1 1 2 2 1 0.482011 0.000000 
13 1 0 13 3 1 4 4 1 0.459469 0.000000 
13 1 1 15 3 3 4 4 1 0.452586 0.000000 
13 1 0 3 0 3 1 1 1 0.526733 0.000000 
13 1 1 15 3 3 4 4 1 0.446223 0.000000 
13 1 1 0 0 0 1 1 1 0.497019 0.000000 
13 1 1 10 2 2 3 3 1 0.561829 0.000000 
13 1 0 6 1 2 2 2 1 0.623969 0.000000 
13 1 0 13 3 1 4 4 1 0.443489 0.000000 
13 1 0 8 2 0 3 3 1 0.558265 0.000000 
13 1 0 3 0 3 1 1 1 0.532475 0.000000 
13 1 0 8 2 0 3 3 1 0.530924 0.000000 
13 1 0 3 0 3 1 1 1 0.538462 0.000000 
13 1 0 13 3 1 4 4 1 0.473280 0.000000 
13 1 1 10 2 2 3 3 1 0.538748 0.000000 
13 1 1 5 1 1 2 2 1 0.609550 0.000000 
13 1 1 0 0 0 1 1 1 0.541732 0.000000 
13 1 1 15 3 3 4 4 1 0.484612 0.000000 
13 1 1 5 1 1 2 2 1 0.573423 0.000000 
13 1 0 13 3 1 4 4 1 0.593893 0.000000 
13 1 1 0 0 0 1 1 1 0.486762 0.000000 
13 1 1 5 1 1 2 2 1 0.487538 0.000000 
13 1 0 13 3 1 4 4 1 0.424392 0.000000 
13 1 1 10 2 2 3 3 1 0.571806 0.000000 
13 1 1 10 2 2 3 3 1 0.529309 0.000000 
13 1 1 0 0 0 1 1 1 0.488841 0.000000 
13 1 1 5 1 1 2 2 1 0.473560 0.000000 
13 1 1 15 3 3 4 4 1 0.395056 0.000000 
13 1 0 3 0 3 1 1 1 0.518854 0.000000 
13 1 0 3 0 3 1 1 1 0.574349 0.000000 
13 1 0 3 0 3 1 1 1 0.403901 0.000000 
13 1 1 10 2 2 3 3 1 0.520022 0.000000 
13 1 1 0 0 0 1 1 1 0.463502 0.000000 
13 1 0 8 2 0 3 3 1 0.553760 0.000000 
13 1 1 15 3 3 4 4 1 0.519779 0.000000 
13 1 1 15 3 3 4 4 1 0.479242 0.000000 
13 1 0 3 0 3 1 1 1 0.496753 0.000000 
13 1 0 3 0 3 1 1 1 0.456514 0.000000 
13 1 1 5 1 1 2 2 1 0.578681 0.000000 
13 1 1 10 2 2 3 3 1 0.584178 0.000000 
13 1 0 6 1 2 2 2 1 0.580938 0.000000 
13 1 0 13 3 1 4 4 1 0.522572 0.000000 
13 1 1 5 1 1 2 2 1 0.506022 0.000000 
13 1 0 6 1 2 2 2 1 0.602153 0.000000 
13 1 1 5 1 1 2 2 1 0.462339 0.000000 
13 1 0 13 3 1 4 4 1 0.519476 0.000000 
13 1 0 13 3 1 4 4 1 0.462960 0.000000 
13 1 1 0 0 0 1 1 1 0.521094 0.000000 
13 1 0 13 3 1 4 4 1 0.504588 0.000000 
13 1 0 6 1 2 2 2 1 0.680780 0.000000 
13 1 1 0 0 0 1 1 1 0.530284 0.000000 
13 1 0 8 2 0 3 3 1 0.529840 0.000000 
13 1 0 13 3 1 4 4 1 0.473270 0.000000 
13 1 0 13 3 1 4 4 1 0.513779 0.000000 
13 1 0 3 0 3 1 1 1 0.505929 0.000000 
13 1 1 15 3 3 4 4 1 0.386091 0.000000 
13 1 1 0 0 0 1 1 1 0.478853 0.000000 
