44 1 0 4 1 0 2 0 0 5.000012 0.000000 
44 1 0 1 0 1 1 1 1 1.203610 0.000000 
44 1 1 0 0 0 1 1 1 1.031552 0.000000 
44 1 1 5 1 1 2 2 1 1.235235 0.000000 
44 1 1 15 3 3 4 4 1 1.078186 0.000000 
44 1 0 4 1 0 2 2 1 1.246425 0.000000 
44 1 0 14 3 2 4 4 1 0.921526 0.000000 
44 1 0 4 1 0 2 2 1 0.873160 0.000000 
44 1 0 14 3 2 4 4 1 0.730806 0.000000 
44 1 1 10 2 2 3 3 1 1.338406 0.000000 
44 1 1 0 0 0 1 1 1 0.833524 0.000000 
44 1 1 0 0 0 1 1 1 0.636466 0.000000 
44 1 1 15 3 3 4 4 1 0.662329 0.000000 
44 1 1 10 2 2 3 3 1 1.336566 0.000000 
44 1 1 10 2 2 3 3 1 0.623712 0.000000 
44 1 0 1 0 1 1 1 1 0.747250 0.000000 
44 1 0 1 0 1 1 1 1 0.578139 0.000000 
44 1 1 10 2 2 3 3 1 0.943636 0.000000 
44 1 0 11 2 3 3 3 1 0.758654 0.000000 
44 1 1 0 0 0 1 1 1 0.588897 0.000000 
44 1 0 11 2 3 3 3 1 0.776745 0.000000 
44 1 1 15 3 3 4 4 1 0.774366 0.000000 
44 1 1 15 3 3 4 4 1 0.547944 0.000000 
44 1 0 11 2 3 3 3 1 0.882737 0.000000 
44 1 0 11 2 3 3 3 1 0.684223 0.000000 
44 1 0 4 1 0 2 2 1 1.012652 0.000000 
44 1 0 11 2 3 3 3 1 0.977007 0.000000 
44 1 0 1 0 1 1 1 1 0.598643 0.000000 
44 1 0 11 2 3 3 3 1 0.586465 0.000000 
44 1 0 1 0 1 1 1 1 0.759381 0.000000 
44 1 1 15 3 3 4 4 1 0.773618 0.000000 
44 1 1 15 3 3 4 4 1 0.539193 0.000000 
44 1 1 10 2 2 3 3 1 0.794068 0.000000 
44 1 0 4 1 0 2 2 1 0.902984 0.000000 
44 1 0 14 3 2 4 4 1 0.679295 0.000000 
44 1 1 10 2 2 3 3 1 1.143807 0.000000 
44 1 0 4 1 0 2 2 1 0.886885 0.000000 
44 1 0 4 1 0 2 2 1 0.567856 0.000000 
44 1 1 5 1 1 2 2 1 0.861346 0.000000 
44 1 0 4 1 0 2 2 1 0.583663 0.000000 
44 1 1 15 3 3 4 4 1 0.604518 0.000000 
44 1 1 5 1 1 2 2 1 1.040762 0.000000 
44 1 0 14 3 2 4 4 1 0.619746 0.000000 
44 1 1 15 3 3 4 4 1 0.598227 0.000000 
44 1 1 10 2 2 3 3 1 0.755138 0.000000 
44 1 1 0 0 0 1 1 1 0.833404 0.000000 
44 1 1 10 2 2 3 3 1 0.764329 0.000000 
44 1 0 4 1 0 2 2 1 0.762594 0.000000 
44 1 0 14 3 2 4 4 1 0.688833 0.000000 
44 1 1 0 0 0 1 1 1 0.857687 0.000000 
44 1 1 10 2 2 3 3 1 1.044039 0.000000 
44 1 1 0 0 0 1 1 1 0.678061 0.000000 
44 1 0 1 0 1 1 1 1 0.799609 0.000000 
44 1 0 11 2 3 3 3 1 0.700110 0.000000 
44 1 0 1 0 1 1 1 1 0.628050 0.000000 
44 1 0 4 1 0 2 2 1 0.639634 0.000000 
44 1 1 15 3 3 4 4 1 0.786520 0.000000 
44 1 0 14 3 2 4 4 1 0.583429 0.000000 
44 1 1 5 1 1 2 2 1 0.716297 0.000000 
44 1 0 14 3 2 4 4 1 0.627040 0.000000 
44 1 0 11 2 3 3 3 1 0.702390 0.000000 
44 1 0 14 3 2 4 4 1 0.606631 0.000000 
44 1 0 1 0 1 1 1 1 0.682818 0.000000 
44 1 0 4 1 0 2 2 1 0.692171 0.000000 
44 1 0 1 0 1 1 1 1 0.900602 0.000000 
44 1 1 5 1 1 2 2 1 0.676919 0.000000 
44 1 0 11 2 3 3 3 1 0.670491 0.000000 
44 1 1 15 3 3 4 4 1 0.559003 0.000000 
44 1 0 14 3 2 4 4 1 0.613181 0.000000 
44 1 1 15 3 3 4 4 1 0.513376 0.000000 
44 1 0 14 3 2 4 4 1 0.577521 0.000000 
44 1 0 1 0 1 1 1 1 0.743018 0.000000 
44 1 1 10 2 2 3 3 1 0.597956 0.000000 
44 1 0 4 1 0 2 2 1 0.722811 0.000000 
44 1 1 10 2 2 3 3 1 1.090393 0.000000 
44 1 1 10 2 2 3 3 1 0.482339 0.000000 
44 1 1 5 1 1 2 2 1 0.731890 0.000000 
44 1 1 0 0 0 1 1 1 0.579391 0.000000 
44 1 0 4 1 0 2 2 1 0.672958 0.000000 
44 1 1 15 3 3 4 4 1 0.474531 0.000000 
44 1 0 4 1 0 2 2 1 0.683936 0.000000 
44 1 1 0 0 0 1 1 1 0.484848 0.000000 
44 1 0 4 1 0 2 2 1 0.453684 0.000000 
44 1 1 15 3 3 4 4 1 0.518804 0.000000 
44 1 0 11 2 3 3 3 1 0.526332 0.000000 
44 1 1 0 0 0 1 1 1 0.573817 0.000000 
44 1 0 1 0 1 1 1 1 0.707322 0.000000 
44 1 1 10 2 2 3 3 1 0.763567 0.000000 
44 1 0 4 1 0 2 2 1 0.761778 0.000000 
44 1 1 10 2 2 3 3 1 0.616000 0.000000 
44 1 0 4 1 0 2 2 1 0.508070 0.000000 
44 1 1 15 3 3 4 4 1 0.722726 0.000000 
44 1 0 4 1 0 2 2 1 0.538288 0.000000 
44 1 0 14 3 2 4 4 1 0.673127 0.000000 
44 1 1 5 1 1 2 2 1 0.770687 0.000000 
44 1 1 0 0 0 1 1 1 0.576275 0.000000 
44 1 0 14 3 2 4 4 1 0.685777 0.000000 
44 1 1 0 0 0 1 1 1 0.574654 0.000000 
44 1 0 1 0 1 1 1 1 0.660179 0.000000 
44 1 0 11 2 3 3 3 1 0.877387 0.000000 
44 1 1 10 2 2 3 3 1 0.935003 0.000000 
44 1 1 0 0 0 1 1 1 0.589996 0.000000 
44 1 0 14 3 2 4 4 1 0.634866 0.000000 
44 1 1 15 3 3 4 4 1 0.597755 0.000000 
44 1 0 14 3 2 4 4 1 0.554577 0.000000 
44 1 0 14 3 2 4 4 1 0.528751 0.000000 
44 1 0 1 0 1 1 1 1 0.552250 0.000000 
44 1 1 10 2 2 3 3 1 0.630430 0.000000 
44 1 1 0 0 0 1 1 1 0.584939 0.000000 
44 1 1 10 2 2 3 4 0 0.621798 0.000000 
44 1 1 0 0 0 1 1 1 0.821365 0.000000 
44 1 1 10 2 2 3 3 1 0.680496 0.000000 
44 1 0 4 1 0 2 2 1 0.713919 0.000000 
44 1 0 1 0 1 1 1 1 0.666262 0.000000 
44 1 1 5 1 1 2 2 1 0.652046 0.000000 
44 1 0 1 0 1 1 1 1 0.557027 0.000000 
44 1 0 11 2 3 3 3 1 0.579234 0.000000 
44 1 0 14 3 2 4 4 1 0.632707 0.000000 
44 1 1 0 0 0 1 1 1 0.500048 0.000000 
44 1 0 4 1 0 2 2 1 1.755963 0.000000 
44 1 1 5 1 1 2 2 1 0.762384 0.000000 
44 1 1 5 1 1 2 2 1 0.648648 0.000000 
44 1 1 15 3 3 4 4 1 0.619502 0.000000 
44 1 0 1 0 1 1 1 1 0.558035 0.000000 
44 1 0 14 3 2 4 4 1 0.700199 0.000000 
44 1 0 4 1 0 2 2 1 0.516356 0.000000 
44 1 0 1 0 1 1 1 1 0.651932 0.000000 
44 1 1 5 1 1 2 2 1 0.750093 0.000000 
44 1 0 1 0 1 1 1 1 0.620397 0.000000 
44 1 1 0 0 0 1 1 1 0.503918 0.000000 
44 1 1 0 0 0 1 1 1 0.600076 0.000000 
44 1 0 1 0 1 1 1 1 0.475259 0.000000 
44 1 0 11 2 3 3 3 1 0.588652 0.000000 
44 1 0 14 3 2 4 4 1 0.561584 0.000000 
44 1 0 4 1 0 2 2 1 0.831777 0.000000 
44 1 0 4 1 0 2 2 1 0.515346 0.000000 
44 1 0 14 3 2 4 4 1 0.803541 0.000000 
44 1 1 10 2 2 3 3 1 0.559793 0.000000 
44 1 1 10 2 2 3 3 1 0.517950 0.000000 
44 1 1 5 1 1 2 2 1 0.676458 0.000000 
44 1 1 10 2 2 3 3 1 0.630009 0.000000 
44 1 1 0 0 0 1 1 1 0.529501 0.000000 
44 1 0 11 2 3 3 3 1 0.721029 0.000000 
44 1 1 5 1 1 2 2 1 0.856615 0.000000 
44 1 1 0 0 0 1 1 1 0.530881 0.000000 
44 1 0 4 1 0 2 2 1 0.634386 0.000000 
44 1 1 5 1 1 2 2 1 0.557247 0.000000 
44 1 0 11 2 3 3 3 1 0.570371 0.000000 
44 1 1 5 1 1 2 2 1 0.703937 0.000000 
44 1 0 14 3 2 4 3 0 0.536104 0.000000 
44 1 1 15 3 3 4 4 1 0.523007 0.000000 
44 1 0 14 3 2 4 4 1 0.610015 0.000000 
44 1 1 10 2 2 3 3 1 0.670223 0.000000 
44 1 0 14 3 2 4 4 1 0.543767 0.000000 
44 1 0 4 1 0 2 2 1 0.646605 0.000000 
44 1 0 4 1 0 2 2 1 0.609454 0.000000 
44 1 0 14 3 2 4 4 1 0.564650 0.000000 
44 1 1 5 1 1 2 2 1 0.690836 0.000000 
44 1 0 4 1 0 2 2 1 0.563720 0.000000 
44 1 1 10 2 2 3 3 1 0.809905 0.000000 
44 1 1 5 1 1 2 2 1 0.638157 0.000000 
44 1 1 0 0 0 1 1 1 0.552942 0.000000 
44 1 0 11 2 3 3 3 1 0.871217 0.000000 
44 1 1 5 1 1 2 2 1 0.640830 0.000000 
44 1 1 15 3 3 4 4 1 0.722728 0.000000 
44 1 1 0 0 0 1 1 1 0.578292 0.000000 
44 1 0 11 2 3 3 3 1 0.591807 0.000000 
44 1 0 1 0 1 1 1 1 0.812647 0.000000 
44 1 1 0 0 0 1 1 1 0.512914 0.000000 
44 1 1 0 0 0 1 1 1 0.377056 0.000000 
44 1 1 15 3 3 4 4 1 0.550490 0.000000 
44 1 1 0 0 0 1 1 1 0.444653 0.000000 
44 1 1 10 2 2 3 3 1 0.574453 0.000000 
44 1 1 10 2 2 3 3 1 0.627965 0.000000 
44 1 1 15 3 3 4 4 1 0.735504 0.000000 
44 1 0 4 1 0 2 2 1 0.846416 0.000000 
44 1 0 1 0 1 1 1 1 0.761374 0.000000 
44 1 0 14 3 2 4 4 1 0.679612 0.000000 
44 1 0 4 1 0 2 2 1 0.585126 0.000000 
44 1 0 14 3 2 4 4 1 0.710008 0.000000 
44 1 1 10 2 2 3 3 1 0.477218 0.000000 
44 1 1 15 3 3 4 4 1 0.582706 0.000000 
44 1 1 10 2 2 3 3 1 0.644035 0.000000 
44 1 0 1 0 1 1 1 1 0.534406 0.000000 
44 1 1 15 3 3 4 4 1 0.581248 0.000000 
44 1 0 4 1 0 2 2 1 0.650768 0.000000 
44 1 1 15 3 3 4 4 1 0.556935 0.000000 
44 1 0 11 2 3 3 3 1 0.587174 0.000000 
44 1 1 10 2 2 3 3 1 0.598949 0.000000 
44 1 0 11 2 3 3 3 1 0.547862 0.000000 
44 1 1 10 2 2 3 3 1 0.498675 0.000000 
44 1 1 0 0 0 1 1 1 0.627510 0.000000 
44 1 0 4 1 0 2 2 1 2.563850 0.000000 
44 1 0 4 1 0 2 2 1 0.986255 0.000000 
44 1 1 5 1 1 2 2 1 0.791272 0.000000 
44 1 1 5 1 1 2 2 1 0.484194 0.000000 
44 1 1 15 3 3 4 4 1 0.700842 0.000000 
44 1 1 5 1 1 2 2 1 0.587567 0.000000 
44 1 0 4 1 0 2 2 1 0.704444 0.000000 
44 1 1 15 3 3 4 4 1 0.560659 0.000000 
44 1 1 15 3 3 4 4 1 0.702829 0.000000 
44 1 1 0 0 0 1 1 1 1.030905 0.000000 
44 1 1 5 1 1 2 2 1 0.706092 0.000000 
44 1 1 5 1 1 2 2 1 0.562331 0.000000 
44 1 1 10 2 2 3 3 1 0.768341 0.000000 
44 1 0 1 0 1 1 1 1 0.748434 0.000000 
44 1 0 11 2 3 3 3 1 0.659336 0.000000 
44 1 1 5 1 1 2 2 1 0.949458 0.000000 
44 1 0 11 2 3 3 3 1 0.612128 0.000000 
44 1 0 14 3 2 4 4 1 0.696052 0.000000 
44 1 0 1 0 1 1 1 1 0.688943 0.000000 
44 1 0 1 0 1 1 1 1 0.593551 0.000000 
44 1 0 4 1 0 2 2 1 0.694644 0.000000 
44 1 0 11 2 3 3 3 1 0.630578 0.000000 
44 1 1 15 3 3 4 4 1 0.522054 0.000000 
44 1 0 11 2 3 3 3 1 0.953574 0.000000 
44 1 1 10 2 2 3 3 1 0.759862 0.000000 
44 1 1 5 1 1 2 2 1 0.638179 0.000000 
44 1 0 14 3 2 4 4 1 0.625010 0.000000 
44 1 1 0 0 0 1 1 1 0.628502 0.000000 
44 1 1 10 2 2 3 3 1 0.560120 0.000000 
44 1 1 0 0 0 1 1 1 0.541301 0.000000 
44 1 1 15 3 3 4 4 1 0.612084 0.000000 
44 1 0 11 2 3 3 3 1 0.752324 0.000000 
44 1 0 14 3 2 4 4 1 0.630571 0.000000 
44 1 0 11 2 3 3 3 1 0.610104 0.000000 
44 1 1 10 2 2 3 3 1 1.686351 0.000000 
44 1 0 1 0 1 1 1 1 0.607577 0.000000 
44 1 1 0 0 0 1 1 1 0.618793 0.000000 
44 1 0 1 0 1 1 1 1 0.550327 0.000000 
44 1 0 11 2 3 3 3 1 0.532494 0.000000 
44 1 1 10 2 2 3 3 1 0.603946 0.000000 
44 1 0 11 2 3 3 3 1 0.528169 0.000000 
44 1 1 15 3 3 4 4 1 0.535665 0.000000 
44 1 1 0 0 0 1 1 1 0.598483 0.000000 
44 1 1 5 1 1 2 2 1 0.523339 0.000000 
44 1 0 1 0 1 1 1 1 0.490835 0.000000 
44 1 1 15 3 3 4 4 1 0.538624 0.000000 
44 1 0 1 0 1 1 1 1 0.617461 0.000000 
44 1 1 5 1 1 2 2 1 0.597001 0.000000 
44 1 0 4 1 0 2 1 0 0.601858 0.000000 
44 1 0 14 3 2 4 4 1 0.682077 0.000000 
44 1 1 10 2 2 3 3 1 0.611147 0.000000 
44 1 1 5 1 1 2 2 1 0.711323 0.000000 
44 1 1 0 0 0 1 1 1 0.647559 0.000000 
44 1 0 4 1 0 2 2 1 0.585424 0.000000 
44 1 1 10 2 2 3 3 1 0.654294 0.000000 
44 1 0 4 1 0 2 2 1 0.736507 0.000000 
44 1 1 5 1 1 2 2 1 0.959417 0.000000 
44 1 0 4 1 0 2 2 1 0.557720 0.000000 
44 1 1 10 2 2 3 3 1 0.643910 0.000000 
44 1 1 10 2 2 3 3 1 0.502780 0.000000 
44 1 1 0 0 0 1 1 1 0.622936 0.000000 
44 1 0 4 1 0 2 2 1 0.585460 0.000000 
44 1 1 15 3 3 4 4 1 0.558304 0.000000 
44 1 0 1 0 1 1 1 1 0.772483 0.000000 
44 1 1 5 1 1 2 2 1 0.570026 0.000000 
44 1 1 15 3 3 4 4 1 0.559598 0.000000 
44 1 1 0 0 0 1 1 1 0.605774 0.000000 
44 1 1 15 3 3 4 4 1 0.537945 0.000000 
44 1 0 14 3 2 4 4 1 0.584774 0.000000 
44 1 0 4 1 0 2 2 1 2.020702 0.000000 
44 1 0 11 2 3 3 3 1 0.688712 0.000000 
44 1 1 10 2 2 3 3 1 0.537608 0.000000 
44 1 1 10 2 2 3 3 1 0.504451 0.000000 
44 1 1 10 2 2 3 3 1 0.472599 0.000000 
44 1 1 0 0 0 1 1 1 0.562077 0.000000 
44 1 0 4 1 0 2 2 1 0.648245 0.000000 
44 1 1 10 2 2 3 3 1 0.595120 0.000000 
44 1 1 5 1 1 2 2 1 0.598966 0.000000 
44 1 0 4 1 0 2 2 1 0.595833 0.000000 
44 1 1 10 2 2 3 3 1 0.624661 0.000000 
44 1 1 10 2 2 3 3 1 0.540134 0.000000 
44 1 0 14 3 2 4 4 1 0.627023 0.000000 
44 1 0 1 0 1 1 1 1 0.686570 0.000000 
44 1 0 14 3 2 4 4 1 0.599440 0.000000 
44 1 0 14 3 2 4 4 1 0.532106 0.000000 
44 1 1 5 1 1 2 2 1 0.618119 0.000000 
44 1 0 11 2 3 3 3 1 0.757668 0.000000 
44 1 0 1 0 1 1 1 1 0.579908 0.000000 
44 1 0 14 3 2 4 4 1 0.625425 0.000000 
44 1 1 0 0 0 1 1 1 0.524953 0.000000 
44 1 0 1 0 1 1 1 1 0.532442 0.000000 
44 1 0 4 1 0 2 2 1 0.571935 0.000000 
44 1 1 0 0 0 1 1 1 0.513444 0.000000 
44 1 1 10 2 2 3 3 1 0.592579 0.000000 
44 1 1 5 1 1 2 2 1 0.629450 0.000000 
44 1 0 4 1 0 2 2 1 0.544982 0.000000 
44 1 1 15 3 3 4 4 1 0.567798 0.000000 
44 1 1 0 0 0 1 1 1 0.581315 0.000000 
44 1 1 10 2 2 3 3 1 0.618801 0.000000 
44 1 0 11 2 3 3 3 1 0.566345 0.000000 
44 1 0 11 2 3 3 3 1 0.460090 0.000000 
44 1 1 5 1 1 2 2 1 2.013017 0.000000 
44 1 1 15 3 3 4 4 1 0.585703 0.000000 
44 1 1 15 3 3 4 4 1 0.502589 0.000000 
44 1 0 1 0 1 1 1 1 0.566720 0.000000 
44 1 1 5 1 1 2 2 1 0.556265 0.000000 
44 1 1 0 0 0 1 1 1 0.682450 0.000000 
44 1 1 10 2 2 3 3 1 0.611923 0.000000 
44 1 0 14 3 2 4 4 1 0.648186 0.000000 
44 1 0 14 3 2 4 4 1 0.970046 0.000000 
44 1 1 5 1 1 2 2 1 0.647725 0.000000 
44 1 1 5 1 1 2 2 1 0.546597 0.000000 
44 1 0 11 2 3 3 3 1 0.673438 0.000000 
44 1 0 1 0 1 1 1 1 0.602973 0.000000 
44 1 0 14 3 2 4 3 0 0.623159 0.000000 
44 1 1 5 1 1 2 2 1 1.550767 0.000000 
44 1 1 15 3 3 4 4 1 0.660805 0.000000 
44 1 0 14 3 2 4 4 1 0.630025 0.000000 
44 1 0 14 3 2 4 4 1 0.489551 0.000000 
44 1 0 11 2 3 3 3 1 0.586392 0.000000 
44 1 0 11 2 3 3 3 1 0.519212 0.000000 
44 1 0 1 0 1 1 1 1 0.622719 0.000000 
44 1 0 1 0 1 1 1 1 0.658226 0.000000 
44 1 0 4 1 0 2 2 1 0.868461 0.000000 
44 1 1 5 1 1 2 2 1 0.614068 0.000000 
44 1 0 14 3 2 4 4 1 0.633257 0.000000 
44 1 1 15 3 3 4 4 1 0.564145 0.000000 
44 1 1 10 2 2 3 3 1 0.658334 0.000000 
44 1 1 0 0 0 1 1 1 0.516532 0.000000 
44 1 0 1 0 1 1 1 1 0.563984 0.000000 
44 1 0 11 2 3 3 3 1 0.554189 0.000000 
44 1 1 0 0 0 1 1 1 0.784365 0.000000 
44 1 0 1 0 1 1 1 1 0.597272 0.000000 
44 1 0 11 2 3 3 3 1 0.665144 0.000000 
44 1 0 4 1 0 2 2 1 0.683369 0.000000 
44 1 0 4 1 0 2 2 1 0.564202 0.000000 
44 1 1 15 3 3 4 4 1 0.594429 0.000000 
44 1 0 4 1 0 2 2 1 0.631272 0.000000 
44 1 1 0 0 0 1 1 1 0.586803 0.000000 
44 1 1 0 0 0 1 1 1 0.511645 0.000000 
44 1 0 1 0 1 1 1 1 0.583788 0.000000 
44 1 0 11 2 3 3 3 1 0.612656 0.000000 
44 1 1 5 1 1 2 1 0 0.551848 0.000000 
44 1 0 11 2 3 3 3 1 0.642031 0.000000 
44 1 1 0 0 0 1 1 1 0.564440 0.000000 
44 1 0 1 0 1 1 1 1 0.594583 0.000000 
44 1 0 11 2 3 3 3 1 0.551445 0.000000 
44 1 0 14 3 2 4 4 1 0.757631 0.000000 
44 1 0 1 0 1 1 1 1 0.635869 0.000000 
44 1 0 11 2 3 3 3 1 0.694746 0.000000 
44 1 1 15 3 3 4 4 1 0.614655 0.000000 
44 1 1 0 0 0 1 1 1 0.610789 0.000000 
44 1 1 5 1 1 2 2 1 0.686994 0.000000 
44 1 0 11 2 3 3 3 1 0.623900 0.000000 
44 1 1 10 2 2 3 3 1 0.555418 0.000000 
44 1 0 4 1 0 2 2 1 0.577584 0.000000 
44 1 0 1 0 1 1 1 1 0.591118 0.000000 
44 1 1 10 2 2 3 3 1 0.931987 0.000000 
44 1 1 15 3 3 4 4 1 0.594637 0.000000 
44 1 0 14 3 2 4 4 1 0.775473 0.000000 
44 1 0 4 1 0 2 2 1 0.605062 0.000000 
44 1 0 14 3 2 4 4 1 0.649161 0.000000 
44 1 1 10 2 2 3 3 1 0.627883 0.000000 
44 1 1 0 0 0 1 1 1 0.830993 0.000000 
44 1 1 15 3 3 4 4 1 0.530607 0.000000 
44 1 0 1 0 1 1 1 1 0.674110 0.000000 
44 1 1 15 3 3 4 4 1 0.650654 0.000000 
44 1 0 1 0 1 1 1 1 0.660871 0.000000 
44 1 0 14 3 2 4 4 1 0.751073 0.000000 
44 1 1 0 0 0 1 1 1 0.589312 0.000000 
44 1 1 15 3 3 4 4 1 0.522164 0.000000 
44 1 0 14 3 2 4 4 1 0.649660 0.000000 
44 1 0 14 3 2 4 4 1 0.580113 0.000000 
44 1 1 15 3 3 4 4 1 0.521334 0.000000 
44 1 1 0 0 0 1 1 1 0.575871 0.000000 
44 1 1 5 1 1 2 2 1 0.589388 0.000000 
44 1 1 10 2 2 3 3 1 0.682289 0.000000 
44 1 0 11 2 3 3 3 1 0.579787 0.000000 
44 1 0 4 1 0 2 2 1 0.633298 0.000000 
44 1 0 4 1 0 2 2 1 0.692190 0.000000 
44 1 0 14 3 2 4 4 1 0.613035 0.000000 
44 1 1 5 1 1 2 2 1 0.697243 0.000000 
44 1 1 10 2 2 3 3 1 0.665150 0.000000 
44 1 0 11 2 3 3 3 1 0.507365 0.000000 
44 1 1 15 3 3 4 4 1 0.539498 0.000000 
44 1 0 4 1 0 2 2 1 0.602335 0.000000 
44 1 1 0 0 0 1 1 1 0.606524 0.000000 
44 1 0 14 3 2 4 4 1 0.602730 0.000000 
44 1 1 0 0 0 1 1 1 0.566922 0.000000 
44 1 0 14 3 2 4 4 1 0.604387 0.000000 
44 1 0 1 0 1 1 1 1 0.616588 0.000000 
44 1 0 14 3 2 4 4 1 0.571141 0.000000 
