17 1 1 15 3 3 4 4 1 1.804168 0.000000 
17 1 1 5 1 1 2 2 1 1.056189 0.000000 
17 1 0 11 2 3 3 3 1 2.225988 0.000000 
17 1 0 1 0 1 1 1 1 0.965511 0.000000 
17 1 0 1 0 1 1 1 1 0.507391 0.000000 
17 1 0 14 3 2 4 4 1 0.771584 0.000000 
17 1 1 0 0 0 1 1 1 0.705164 0.000000 
17 1 1 10 2 2 3 3 1 0.808461 0.000000 
17 1 0 11 2 3 3 3 1 0.772757 0.000000 
17 1 1 5 1 1 2 2 1 0.898431 0.000000 
17 1 1 15 3 3 4 4 1 0.883442 0.000000 
17 1 1 5 1 1 2 1 0 0.620433 0.000000 
17 1 1 0 0 0 1 1 1 0.547780 0.000000 
17 1 0 14 3 2 4 4 1 1.322446 0.000000 
17 1 0 11 2 3 3 3 1 0.666249 0.000000 
17 1 1 5 1 1 2 2 1 0.858864 0.000000 
17 1 0 11 2 3 3 3 1 2.445285 0.000000 
17 1 0 4 1 0 2 2 1 1.024882 0.000000 
17 1 0 14 3 2 4 4 1 0.804565 0.000000 
17 1 0 1 0 1 1 1 1 0.760902 0.000000 
17 1 0 14 3 2 4 4 1 0.871255 0.000000 
17 1 1 0 0 0 1 1 1 0.776929 0.000000 
17 1 1 5 1 1 2 2 1 0.789537 0.000000 
17 1 1 0 0 0 1 1 1 0.890509 0.000000 
17 1 1 0 0 0 1 1 1 0.555519 0.000000 
17 1 0 11 2 3 3 4 0 0.737732 0.000000 
17 1 1 10 2 2 3 3 1 0.876476 0.000000 
17 1 0 14 3 2 4 4 1 0.693909 0.000000 
17 1 1 10 2 2 3 4 0 0.829903 0.000000 
17 1 0 4 1 0 2 2 1 0.893232 0.000000 
17 1 0 1 0 1 1 2 0 1.582086 0.000000 
17 1 1 5 1 1 2 2 1 1.039812 0.000000 
17 1 0 14 3 2 4 4 1 0.714654 0.000000 
17 1 1 5 1 1 2 2 1 0.946896 0.000000 
17 1 0 1 0 1 1 1 1 0.633879 0.000000 
17 1 0 1 0 1 1 1 1 0.612802 0.000000 
17 1 1 5 1 1 2 2 1 0.688150 0.000000 
17 1 0 14 3 2 4 4 1 0.921013 0.000000 
17 1 0 14 3 2 4 4 1 0.456650 0.000000 
17 1 0 14 3 2 4 4 1 0.434831 0.000000 
17 1 0 4 1 0 2 2 1 0.789672 0.000000 
17 1 0 1 0 1 1 1 1 0.730690 0.000000 
17 1 1 0 0 0 1 1 1 0.522220 0.000000 
17 1 0 11 2 3 3 3 1 0.784862 0.000000 
17 1 0 4 1 0 2 2 1 0.661804 0.000000 
17 1 1 10 2 2 3 3 1 0.807987 0.000000 
17 1 1 0 0 0 1 2 0 0.924371 0.000000 
17 1 0 1 0 1 1 1 1 0.631870 0.000000 
17 1 0 11 2 3 3 3 1 0.667162 0.000000 
17 1 1 0 0 0 1 1 1 0.588757 0.000000 
17 1 0 1 0 1 1 1 1 0.537607 0.000000 
17 1 1 0 0 0 1 1 1 0.431463 0.000000 
17 1 1 10 2 2 3 3 1 0.707003 0.000000 
17 1 1 0 0 0 1 1 1 0.635274 0.000000 
17 1 1 15 3 3 4 4 1 0.702156 0.000000 
17 1 1 10 2 2 3 3 1 0.734468 0.000000 
17 1 1 15 3 3 4 4 1 0.581427 0.000000 
17 1 0 4 1 0 2 2 1 0.754882 0.000000 
17 1 0 11 2 3 3 3 1 0.721234 0.000000 
17 1 0 14 3 2 4 4 1 0.599819 0.000000 
17 1 1 0 0 0 1 1 1 0.668011 0.000000 
17 1 1 0 0 0 1 1 1 0.557615 0.000000 
17 1 0 11 2 3 3 3 1 0.843843 0.000000 
17 1 1 10 2 2 3 3 1 0.534864 0.000000 
17 1 0 11 2 3 3 3 1 0.453716 0.000000 
17 1 0 14 3 2 4 4 1 0.559892 0.000000 
17 1 1 0 0 0 1 1 1 0.542069 0.000000 
17 1 1 15 3 3 4 4 1 0.652859 0.000000 
17 1 1 5 1 1 2 2 1 0.718203 0.000000 
17 1 1 5 1 1 2 2 1 0.573825 0.000000 
17 1 1 10 2 2 3 3 1 0.675379 0.000000 
17 1 0 4 1 0 2 2 1 0.748943 0.000000 
17 1 0 4 1 0 2 2 1 0.507877 0.000000 
17 1 0 1 0 1 1 1 1 0.644096 0.000000 
17 1 1 5 1 1 2 2 1 0.718928 0.000000 
17 1 1 5 1 1 2 2 1 0.430609 0.000000 
17 1 1 15 3 3 4 4 1 0.505111 0.000000 
17 1 1 5 1 1 2 2 1 0.697263 0.000000 
17 1 0 11 2 3 3 3 1 0.754183 0.000000 
17 1 1 5 1 1 2 3 0 0.856470 0.000000 
17 1 0 4 1 0 2 2 1 0.622611 0.000000 
17 1 0 11 2 3 3 3 1 0.777934 0.000000 
17 1 1 10 2 2 3 4 0 0.815624 0.000000 
17 1 1 5 1 1 2 2 1 0.862694 0.000000 
17 1 1 10 2 2 3 3 1 0.712810 0.000000 
17 1 0 14 3 2 4 4 1 0.993062 0.000000 
17 1 1 0 0 0 1 1 1 0.678103 0.000000 
17 1 0 1 0 1 1 1 1 0.559679 0.000000 
17 1 0 14 3 2 4 3 0 0.621908 0.000000 
17 1 0 1 0 1 1 1 1 0.805265 0.000000 
17 1 0 14 3 2 4 4 1 0.809317 0.000000 
17 1 0 11 2 3 3 3 1 0.724687 0.000000 
17 1 1 5 1 1 2 2 1 0.804196 0.000000 
17 1 0 1 0 1 1 1 1 0.656599 0.000000 
17 1 0 1 0 1 1 1 1 0.594808 0.000000 
17 1 1 5 1 1 2 2 1 0.519720 0.000000 
17 1 0 4 1 0 2 1 0 0.623244 0.000000 
17 1 1 0 0 0 1 1 1 0.766613 0.000000 
17 1 1 10 2 2 3 3 1 0.762971 0.000000 
17 1 1 5 1 1 2 2 1 0.665268 0.000000 
17 1 0 14 3 2 4 4 1 0.787545 0.000000 
17 1 0 11 2 3 3 3 1 0.552494 0.000000 
17 1 0 4 1 0 2 2 1 0.646697 0.000000 
17 1 1 0 0 0 1 1 1 0.609606 0.000000 
17 1 1 10 2 2 3 3 1 0.589887 0.000000 
17 1 1 5 1 1 2 2 1 0.578680 0.000000 
17 1 0 11 2 3 3 3 1 0.672277 0.000000 
17 1 1 0 0 0 1 1 1 0.560835 0.000000 
17 1 0 4 1 0 2 2 1 0.575014 0.000000 
17 1 0 14 3 2 4 4 1 1.028650 0.000000 
17 1 0 11 2 3 3 3 1 1.576389 0.000000 
17 1 1 10 2 2 3 3 1 0.798308 0.000000 
17 1 1 5 1 1 2 2 1 0.747289 0.000000 
17 1 1 15 3 3 4 4 1 0.642224 0.000000 
17 1 1 15 3 3 4 4 1 0.444129 0.000000 
17 1 1 0 0 0 1 1 1 0.686960 0.000000 
17 1 1 0 0 0 1 1 1 0.575922 0.000000 
17 1 0 11 2 3 3 3 1 0.621484 0.000000 
17 1 0 11 2 3 3 3 1 0.472987 0.000000 
17 1 0 4 1 0 2 2 1 0.834523 0.000000 
17 1 0 14 3 2 4 4 1 0.637530 0.000000 
17 1 0 14 3 2 4 4 1 0.480422 0.000000 
17 1 1 10 2 2 3 3 1 0.657939 0.000000 
17 1 1 15 3 3 4 4 1 0.587189 0.000000 
17 1 1 15 3 3 4 4 1 0.384019 0.000000 
17 1 0 4 1 0 2 2 1 0.844891 0.000000 
17 1 0 11 2 3 3 3 1 0.687879 0.000000 
17 1 1 0 0 0 1 1 1 0.664789 0.000000 
17 1 1 15 3 3 4 4 1 0.643074 0.000000 
17 1 0 4 1 0 2 2 1 0.765963 0.000000 
17 1 0 1 0 1 1 1 1 0.636112 0.000000 
17 1 1 5 1 1 2 2 1 0.709485 0.000000 
17 1 1 15 3 3 4 4 1 0.701734 0.000000 
17 1 1 15 3 3 4 4 1 0.406006 0.000000 
17 1 0 11 2 3 3 3 1 0.690154 0.000000 
17 1 1 10 2 2 3 3 1 0.699170 0.000000 
17 1 0 11 2 3 3 3 1 0.459869 0.000000 
17 1 1 0 0 0 1 1 1 0.557570 0.000000 
17 1 1 15 3 3 4 4 1 0.579740 0.000000 
17 1 0 4 1 0 2 2 1 0.768295 0.000000 
17 1 1 15 3 3 4 4 1 0.501898 0.000000 
17 1 0 11 2 3 3 3 1 0.574088 0.000000 
17 1 0 14 3 2 4 4 1 0.675647 0.000000 
17 1 0 11 2 3 3 3 1 0.645270 0.000000 
17 1 1 5 1 1 2 2 1 0.904139 0.000000 
17 1 1 5 1 1 2 2 1 0.664532 0.000000 
17 1 1 0 0 0 1 1 1 0.602756 0.000000 
17 1 1 10 2 2 3 3 1 0.709955 0.000000 
17 1 0 11 2 3 3 3 1 0.542223 0.000000 
17 1 1 15 3 3 4 4 1 0.509148 0.000000 
17 1 1 0 0 0 1 1 1 0.709324 0.000000 
17 1 0 14 3 2 4 4 1 0.845547 0.000000 
17 1 1 0 0 0 1 1 1 0.752559 0.000000 
17 1 1 15 3 3 4 4 1 0.566828 0.000000 
17 1 1 5 1 1 2 2 1 0.692435 0.000000 
17 1 0 1 0 1 1 1 1 0.956413 0.000000 
17 1 0 14 3 2 4 4 1 0.650706 0.000000 
17 1 0 4 1 0 2 2 1 0.804943 0.000000 
17 1 1 0 0 0 1 1 1 0.681261 0.000000 
17 1 1 10 2 2 3 3 1 0.738780 0.000000 
17 1 1 15 3 3 4 4 1 0.537850 0.000000 
17 1 0 1 0 1 1 1 1 0.792691 0.000000 
17 1 0 11 2 3 3 3 1 0.597677 0.000000 
17 1 0 1 0 1 1 1 1 0.841582 0.000000 
17 1 0 4 1 0 2 2 1 0.956592 0.000000 
17 1 0 11 2 3 3 3 1 0.722933 0.000000 
17 1 1 0 0 0 1 1 1 0.738546 0.000000 
17 1 1 10 2 2 3 3 1 0.881520 0.000000 
17 1 1 5 1 1 2 2 1 0.851225 0.000000 
17 1 0 1 0 1 1 1 1 0.733455 0.000000 
17 1 0 4 1 0 2 2 1 0.772418 0.000000 
17 1 0 14 3 2 4 4 1 0.873073 0.000000 
17 1 1 15 3 3 4 4 1 0.402731 0.000000 
17 1 0 14 3 2 4 4 1 0.470866 0.000000 
17 1 1 10 2 2 3 3 1 0.472375 0.000000 
17 1 0 4 1 0 2 2 1 0.777935 0.000000 
17 1 0 14 3 2 4 4 1 0.607565 0.000000 
17 1 0 4 1 0 2 2 1 0.787803 0.000000 
17 1 1 5 1 1 2 2 1 0.975722 0.000000 
17 1 1 15 3 3 4 4 1 0.533476 0.000000 
17 1 1 10 2 2 3 3 1 0.612304 0.000000 
17 1 0 14 3 2 4 4 1 0.584545 0.000000 
17 1 1 5 1 1 2 3 0 0.581433 0.000000 
17 1 1 5 1 1 2 2 1 0.526793 0.000000 
17 1 0 1 0 1 1 1 1 0.742091 0.000000 
17 1 0 14 3 2 4 4 1 0.605015 0.000000 
17 1 0 11 2 3 3 3 1 0.560271 0.000000 
17 1 0 11 2 3 3 3 1 0.798440 0.000000 
17 1 1 0 0 0 1 1 1 0.883473 0.000000 
17 1 0 1 0 1 1 1 1 0.724408 0.000000 
17 1 0 14 3 2 4 4 1 0.732077 0.000000 
17 1 1 15 3 3 4 4 1 0.467661 0.000000 
17 1 1 15 3 3 4 4 1 0.981955 0.000000 
17 1 0 1 0 1 1 1 1 0.675004 0.000000 
17 1 0 14 3 2 4 4 1 0.572040 0.000000 
17 1 1 10 2 2 3 3 1 0.640498 0.000000 
17 1 0 1 0 1 1 1 1 0.618857 0.000000 
17 1 0 14 3 2 4 4 1 0.502378 0.000000 
17 1 1 15 3 3 4 4 1 0.398528 0.000000 
17 1 1 15 3 3 4 4 1 0.371449 0.000000 
17 1 1 0 0 0 1 1 1 0.600925 0.000000 
17 1 0 11 2 3 3 3 1 0.589113 0.000000 
17 1 0 14 3 2 4 4 1 0.721977 0.000000 
17 1 0 1 0 1 1 1 1 0.552553 0.000000 
17 1 1 10 2 2 3 3 1 0.622833 0.000000 
17 1 0 14 3 2 4 4 1 0.602416 0.000000 
17 1 1 10 2 2 3 3 1 0.550593 0.000000 
17 1 1 0 0 0 1 1 1 0.620822 0.000000 
17 1 1 10 2 2 3 3 1 0.776386 0.000000 
17 1 0 11 2 3 3 3 1 0.509976 0.000000 
17 1 1 5 1 1 2 2 1 0.846077 0.000000 
17 1 1 0 0 0 1 4 0 0.527492 0.000000 
17 1 0 4 1 0 2 2 1 0.658921 0.000000 
17 1 0 14 3 2 4 4 1 0.540880 0.000000 
17 1 0 11 2 3 3 3 1 0.587784 0.000000 
17 1 0 11 2 3 3 3 1 0.528621 0.000000 
17 1 1 5 1 1 2 2 1 0.752157 0.000000 
17 1 0 1 0 1 1 1 1 0.734469 0.000000 
17 1 1 15 3 3 4 4 1 0.501383 0.000000 
17 1 0 4 1 0 2 2 1 1.116618 0.000000 
17 1 1 15 3 3 4 4 1 0.604348 0.000000 
17 1 1 15 3 3 4 4 1 0.464579 0.000000 
17 1 0 14 3 2 4 4 1 0.530781 0.000000 
17 1 0 4 1 0 2 2 1 1.058242 0.000000 
17 1 1 15 3 3 4 4 1 0.500712 0.000000 
17 1 1 5 1 1 2 2 1 0.836918 0.000000 
17 1 1 10 2 2 3 3 1 0.639883 0.000000 
17 1 0 4 1 0 2 2 1 0.649792 0.000000 
17 1 0 4 1 0 2 2 1 0.628038 0.000000 
17 1 0 4 1 0 2 2 1 0.439635 0.000000 
17 1 0 1 0 1 1 4 0 0.778461 0.000000 
17 1 0 1 0 1 1 1 1 0.659850 0.000000 
17 1 1 15 3 3 4 4 1 0.693905 0.000000 
17 1 0 11 2 3 3 3 1 0.510767 0.000000 
17 1 0 14 3 2 4 4 1 0.591016 0.000000 
17 1 1 5 1 1 2 2 1 0.738885 0.000000 
17 1 1 10 2 2 3 3 1 0.721860 0.000000 
17 1 1 0 0 0 1 1 1 0.545456 0.000000 
17 1 0 14 3 2 4 4 1 0.664416 0.000000 
17 1 1 0 0 0 1 1 1 0.746514 0.000000 
17 1 0 1 0 1 1 1 1 0.553556 0.000000 
17 1 1 5 1 1 2 2 1 0.519711 0.000000 
17 1 1 0 0 0 1 1 1 0.511230 0.000000 
17 1 0 14 3 2 4 4 1 0.670448 0.000000 
17 1 0 11 2 3 3 3 1 0.528037 0.000000 
17 1 0 1 0 1 1 1 1 0.679568 0.000000 
17 1 0 4 1 0 2 2 1 0.617098 0.000000 
17 1 1 10 2 2 3 3 1 0.684704 0.000000 
17 1 0 1 0 1 1 1 1 0.581646 0.000000 
17 1 0 14 3 2 4 4 1 0.611211 0.000000 
17 1 1 15 3 3 4 4 1 0.391414 0.000000 
17 1 0 1 0 1 1 1 1 0.580199 0.000000 
17 1 0 4 1 0 2 2 1 0.640763 0.000000 
17 1 0 1 0 1 1 1 1 0.515666 0.000000 
17 1 0 11 2 3 3 3 1 0.643922 0.000000 
17 1 1 0 0 0 1 1 1 0.646776 0.000000 
17 1 1 15 3 3 4 4 1 0.729710 0.000000 
17 1 1 10 2 2 3 3 1 0.529442 0.000000 
17 1 0 4 1 0 2 1 0 0.560786 0.000000 
17 1 1 15 3 3 4 4 1 0.498824 0.000000 
17 1 1 10 2 2 3 2 0 0.810452 0.000000 
17 1 0 4 1 0 2 2 1 0.714552 0.000000 
17 1 0 14 3 2 4 4 1 0.546573 0.000000 
17 1 0 1 0 1 1 1 1 0.689409 0.000000 
17 1 0 4 1 0 2 1 0 0.658365 0.000000 
17 1 1 10 2 2 3 3 1 1.208430 0.000000 
17 1 0 4 1 0 2 2 1 0.804727 0.000000 
17 1 1 5 1 1 2 2 1 0.583943 0.000000 
17 1 0 1 0 1 1 1 1 0.612873 0.000000 
17 1 1 0 0 0 1 1 1 0.665062 0.000000 
17 1 1 0 0 0 1 1 1 0.587315 0.000000 
17 1 1 0 0 0 1 1 1 0.632214 0.000000 
17 1 1 15 3 3 4 4 1 0.651810 0.000000 
17 1 0 11 2 3 3 3 1 0.582088 0.000000 
17 1 0 14 3 2 4 4 1 0.475587 0.000000 
17 1 0 1 0 1 1 1 1 0.700102 0.000000 
17 1 0 14 3 2 4 4 1 0.668396 0.000000 
17 1 1 5 1 1 2 2 1 0.709965 0.000000 
17 1 1 0 0 0 1 1 1 0.630281 0.000000 
17 1 0 11 2 3 3 3 1 0.801791 0.000000 
17 1 1 10 2 2 3 3 1 0.574104 0.000000 
17 1 1 10 2 2 3 3 1 0.467682 0.000000 
17 1 1 15 3 3 4 4 1 0.621195 0.000000 
17 1 1 5 1 1 2 2 1 0.767697 0.000000 
17 1 1 15 3 3 4 4 1 0.653373 0.000000 
17 1 0 1 0 1 1 1 1 0.615600 0.000000 
17 1 1 5 1 1 2 1 0 0.891955 0.000000 
17 1 1 10 2 2 3 3 1 0.984671 0.000000 
17 1 0 4 1 0 2 2 1 0.901491 0.000000 
17 1 0 11 2 3 3 3 1 0.701821 0.000000 
17 1 1 5 1 1 2 2 1 0.701129 0.000000 
17 1 1 15 3 3 4 4 1 0.517317 0.000000 
17 1 0 4 1 0 2 2 1 0.884941 0.000000 
17 1 0 14 3 2 4 4 1 0.565858 0.000000 
17 1 0 14 3 2 4 4 1 0.467989 0.000000 
17 1 0 4 1 0 2 2 1 0.892959 0.000000 
17 1 0 1 0 1 1 1 1 0.757974 0.000000 
17 1 0 11 2 3 3 3 1 0.756275 0.000000 
17 1 1 10 2 2 3 3 1 0.458563 0.000000 
17 1 1 5 1 1 2 2 1 0.691732 0.000000 
17 1 0 4 1 0 2 2 1 0.604671 0.000000 
17 1 1 15 3 3 4 4 1 0.536838 0.000000 
17 1 0 14 3 2 4 4 1 0.471773 0.000000 
17 1 1 10 2 2 3 3 1 0.697270 0.000000 
17 1 1 5 1 1 2 2 1 0.890221 0.000000 
17 1 0 14 3 2 4 4 1 0.555203 0.000000 
17 1 1 15 3 3 4 4 1 0.424473 0.000000 
17 1 0 11 2 3 3 4 0 0.419961 0.000000 
17 1 1 15 3 3 4 4 1 0.451178 0.000000 
17 1 0 1 0 1 1 1 1 0.861022 0.000000 
17 1 0 1 0 1 1 1 1 0.551496 0.000000 
17 1 0 1 0 1 1 1 1 0.549671 0.000000 
17 1 0 14 3 2 4 4 1 0.660123 0.000000 
17 1 1 0 0 0 1 1 1 0.998111 0.000000 
17 1 1 0 0 0 1 1 1 0.443159 0.000000 
17 1 1 0 0 0 1 1 1 0.412945 0.000000 
17 1 1 0 0 0 1 1 1 0.361143 0.000000 
17 1 1 10 2 2 3 3 1 0.767243 0.000000 
17 1 0 1 0 1 1 1 1 2.156978 0.000000 
17 1 1 5 1 1 2 2 1 0.907777 0.000000 
17 1 1 10 2 2 3 3 1 0.636150 0.000000 
17 1 0 11 2 3 3 3 1 0.567025 0.000000 
17 1 1 10 2 2 3 3 1 0.420583 0.000000 
17 1 0 1 0 1 1 1 1 0.711034 0.000000 
17 1 0 14 3 2 4 4 1 0.623350 0.000000 
17 1 0 4 1 0 2 2 1 2.154958 0.000000 
17 1 1 0 0 0 1 1 1 0.729759 0.000000 
17 1 1 10 2 2 3 3 1 0.649388 0.000000 
17 1 1 5 1 1 2 2 1 1.011908 0.000000 
17 1 0 4 1 0 2 2 1 0.504051 0.000000 
17 1 1 0 0 0 1 1 1 0.583225 0.000000 
17 1 0 1 0 1 1 1 1 0.628092 0.000000 
17 1 0 11 2 3 3 3 1 0.671741 0.000000 
17 1 1 15 3 3 4 4 1 0.513320 0.000000 
17 1 1 10 2 2 3 3 1 0.561482 0.000000 
17 1 1 5 1 1 2 2 1 0.783756 0.000000 
17 1 1 15 3 3 4 4 1 0.500644 0.000000 
17 1 1 15 3 3 4 4 1 0.516845 0.000000 
17 1 0 11 2 3 3 3 1 0.675376 0.000000 
17 1 0 14 3 2 4 4 1 0.756918 0.000000 
17 1 1 0 0 0 1 1 1 0.779275 0.000000 
17 1 0 11 2 3 3 3 1 0.872930 0.000000 
17 1 1 5 1 1 2 2 1 0.858572 0.000000 
17 1 0 14 3 2 4 4 1 0.556844 0.000000 
17 1 1 0 0 0 1 1 1 0.611089 0.000000 
17 1 1 10 2 2 3 3 1 0.799372 0.000000 
17 1 1 0 0 0 1 1 1 0.690883 0.000000 
17 1 0 1 0 1 1 1 1 0.707562 0.000000 
17 1 1 0 0 0 1 1 1 0.515831 0.000000 
17 1 1 0 0 0 1 1 1 0.395891 0.000000 
17 1 1 5 1 1 2 2 1 1.344257 0.000000 
17 1 0 4 1 0 2 2 1 0.631368 0.000000 
17 1 0 11 2 3 3 3 1 0.602918 0.000000 
17 1 0 4 1 0 2 3 0 0.631180 0.000000 
17 1 1 10 2 2 3 4 0 0.693555 0.000000 
17 1 0 14 3 2 4 4 1 0.633970 0.000000 
17 1 0 4 1 0 2 2 1 0.860717 0.000000 
17 1 0 11 2 3 3 3 1 0.647001 0.000000 
17 1 1 5 1 1 2 2 1 0.865941 0.000000 
17 1 1 10 2 2 3 3 1 0.715857 0.000000 
17 1 1 10 2 2 3 3 1 0.475900 0.000000 
17 1 1 5 1 1 2 2 1 0.660438 0.000000 
17 1 0 4 1 0 2 2 1 0.542617 0.000000 
17 1 1 15 3 3 4 4 1 0.517488 0.000000 
17 1 0 11 2 3 3 3 1 0.621046 0.000000 
17 1 0 4 1 0 2 2 1 0.800621 0.000000 
17 1 1 10 2 2 3 3 1 1.252983 0.000000 
17 1 0 4 1 0 2 2 1 0.663445 0.000000 
17 1 1 5 1 1 2 2 1 0.649679 0.000000 
17 1 0 11 2 3 3 2 0 0.874916 0.000000 
17 1 0 1 0 1 1 1 1 3.360549 0.000000 
17 1 1 15 3 3 4 4 1 0.559479 0.000000 
17 1 1 5 1 1 2 2 1 0.709761 0.000000 
17 1 1 0 0 0 1 1 1 0.622019 0.000000 
17 1 0 14 3 2 4 4 1 0.753606 0.000000 
17 1 0 11 2 3 3 3 1 0.654951 0.000000 
17 1 0 11 2 3 3 3 1 0.545148 0.000000 
17 1 0 14 3 2 4 4 1 0.575942 0.000000 
17 1 1 10 2 2 3 3 1 0.485545 0.000000 
17 1 0 14 3 2 4 4 1 0.574342 0.000000 
17 1 1 5 1 1 2 2 1 1.443968 0.000000 
17 1 1 5 1 1 2 2 1 0.615202 0.000000 
17 1 1 5 1 1 2 2 1 0.475448 0.000000 
17 1 0 1 0 1 1 1 1 0.572925 0.000000 
