11 1 0 7 1 3 2 1 0 0.749315 0.000000 
11 1 0 7 1 3 2 2 1 0.895284 0.000000 
11 1 0 0 3 0 4 1 0 0.552147 0.000000 
11 1 1 10 2 2 3 3 1 0.785675 0.000000 
11 1 0 9 2 1 3 3 1 1.029411 0.000000 
11 1 0 2 0 2 1 1 1 0.688963 0.000000 
11 1 1 10 2 2 3 3 1 0.697378 0.000000 
11 1 0 0 3 0 4 4 1 0.626279 0.000000 
11 1 1 5 1 1 2 2 1 0.765907 0.000000 
11 1 0 9 2 1 3 3 1 0.668000 0.000000 
11 1 0 2 0 2 1 1 1 0.701034 0.000000 
11 1 1 15 3 3 4 4 1 0.661339 0.000000 
11 1 0 9 2 1 3 3 1 0.606569 0.000000 
11 1 1 15 3 3 4 4 1 0.442812 0.000000 
11 1 1 5 1 1 2 2 1 0.645628 0.000000 
11 1 0 2 0 2 1 1 1 0.656523 0.000000 
11 1 1 15 3 3 4 4 1 0.434766 0.000000 
11 1 1 15 3 3 4 4 1 0.477610 0.000000 
11 1 0 9 2 1 3 3 1 0.663137 0.000000 
11 1 0 2 0 2 1 1 1 0.593353 0.000000 
11 1 0 9 2 1 3 3 1 0.925226 0.000000 
11 1 1 5 1 1 2 2 1 0.700906 0.000000 
11 1 0 2 0 2 1 1 1 0.581255 0.000000 
11 1 1 5 1 1 2 2 1 0.690754 0.000000 
11 1 1 5 1 1 2 2 1 0.651653 0.000000 
11 1 0 9 2 1 3 3 1 0.813930 0.000000 
11 1 0 0 3 0 4 4 1 0.546191 0.000000 
11 1 1 15 3 3 4 4 1 0.440992 0.000000 
11 1 1 10 2 2 3 3 1 0.715846 0.000000 
11 1 0 9 2 1 3 3 1 0.619012 0.000000 
11 1 0 9 2 1 3 3 1 0.558024 0.000000 
11 1 1 10 2 2 3 3 1 0.524262 0.000000 
11 1 0 7 1 3 2 2 1 0.819817 0.000000 
11 1 0 0 3 0 4 4 1 0.631408 0.000000 
11 1 0 7 1 3 2 2 1 0.875058 0.000000 
11 1 0 7 1 3 2 2 1 0.604644 0.000000 
11 1 1 15 3 3 4 4 1 0.520860 0.000000 
11 1 1 15 3 3 4 4 1 0.535420 0.000000 
11 1 1 0 0 0 1 1 1 0.646271 0.000000 
11 1 0 9 2 1 3 3 1 0.761215 0.000000 
11 1 1 5 1 1 2 2 1 0.711438 0.000000 
11 1 0 7 1 3 2 2 1 0.751761 0.000000 
11 1 0 0 3 0 4 4 1 0.469963 0.000000 
11 1 1 10 2 2 3 2 0 0.583528 0.000000 
11 1 1 10 2 2 3 3 1 0.751250 0.000000 
11 1 1 0 0 0 1 1 1 0.573274 0.000000 
11 1 1 5 1 1 2 2 1 0.418787 0.000000 
11 1 1 5 1 1 2 2 1 0.510276 0.000000 
11 1 0 7 1 3 2 2 1 0.550444 0.000000 
11 1 0 2 0 2 1 1 1 0.660658 0.000000 
11 1 1 0 0 0 1 1 1 0.582913 0.000000 
11 1 0 2 0 2 1 1 1 0.436017 0.000000 
11 1 0 0 3 0 4 4 1 0.526594 0.000000 
11 1 0 2 0 2 1 1 1 0.590128 0.000000 
11 1 0 7 1 3 2 2 1 0.641952 0.000000 
11 1 1 0 0 0 1 1 1 0.548888 0.000000 
11 1 0 2 0 2 1 1 1 0.547794 0.000000 
11 1 1 0 0 0 1 1 1 0.418638 0.000000 
11 1 1 0 0 0 1 1 1 0.398108 0.000000 
11 1 0 0 3 0 4 4 1 0.538913 0.000000 
11 1 1 10 2 2 3 3 1 0.553786 0.000000 
11 1 1 0 0 0 1 1 1 0.503014 0.000000 
11 1 0 0 3 0 4 4 1 0.439187 0.000000 
11 1 0 7 1 3 2 2 1 0.665991 0.000000 
11 1 0 0 3 0 4 4 1 0.484056 0.000000 
11 1 1 5 1 1 2 4 0 0.452432 0.000000 
11 1 0 9 2 1 3 3 1 0.850378 0.000000 
11 1 0 0 3 0 4 4 1 0.556464 0.000000 
11 1 0 0 3 0 4 4 1 0.514647 0.000000 
11 1 1 10 2 2 3 3 1 0.602863 0.000000 
11 1 1 5 1 1 2 2 1 0.630011 0.000000 
11 1 1 5 1 1 2 2 1 0.489649 0.000000 
11 1 1 10 2 2 3 3 1 0.674465 0.000000 
11 1 0 2 0 2 1 1 1 0.892115 0.000000 
11 1 1 5 1 1 2 1 0 0.557099 0.000000 
11 1 0 2 0 2 1 1 1 0.671129 0.000000 
11 1 1 0 0 0 1 1 1 0.552432 0.000000 
11 1 0 0 3 0 4 4 1 0.606630 0.000000 
11 1 0 0 3 0 4 4 1 0.505853 0.000000 
11 1 0 7 1 3 2 1 0 0.562024 0.000000 
11 1 0 2 0 2 1 1 1 0.524014 0.000000 
11 1 0 2 0 2 1 1 1 0.555317 0.000000 
11 1 1 0 0 0 1 1 1 0.865526 0.000000 
11 1 0 2 0 2 1 1 1 0.587860 0.000000 
11 1 1 15 3 3 4 4 1 0.536673 0.000000 
11 1 1 5 1 1 2 2 1 0.591573 0.000000 
11 1 0 0 3 0 4 4 1 0.579488 0.000000 
11 1 1 10 2 2 3 3 1 0.729007 0.000000 
11 1 1 0 0 0 1 1 1 0.496596 0.000000 
11 1 0 2 0 2 1 1 1 0.521429 0.000000 
11 1 1 15 3 3 4 4 1 0.472934 0.000000 
11 1 1 5 1 1 2 2 1 0.770544 0.000000 
11 1 0 0 3 0 4 4 1 0.568129 0.000000 
11 1 1 15 3 3 4 4 1 0.461690 0.000000 
11 1 1 15 3 3 4 4 1 0.495856 0.000000 
11 1 0 9 2 1 3 3 1 0.975687 0.000000 
11 1 1 0 0 0 1 1 1 0.557346 0.000000 
11 1 0 2 0 2 1 1 1 0.635588 0.000000 
11 1 1 5 1 1 2 2 1 0.758436 0.000000 
11 1 1 5 1 1 2 2 1 0.684733 0.000000 
11 1 0 9 2 1 3 3 1 0.869696 0.000000 
11 1 1 10 2 2 3 3 1 0.663388 0.000000 
11 1 0 7 1 3 2 2 1 0.920639 0.000000 
11 1 0 0 3 0 4 4 1 0.560299 0.000000 
11 1 1 0 0 0 1 1 1 0.558537 0.000000 
11 1 1 5 1 1 2 2 1 0.628747 0.000000 
11 1 1 15 3 3 4 4 1 0.456272 0.000000 
11 1 0 7 1 3 2 2 1 0.602455 0.000000 
11 1 1 5 1 1 2 1 0 0.526653 0.000000 
11 1 1 0 0 0 1 1 1 0.497996 0.000000 
11 1 1 10 2 2 3 3 1 0.609599 0.000000 
11 1 1 15 3 3 4 4 1 0.469787 0.000000 
11 1 1 10 2 2 3 3 1 0.711296 0.000000 
11 1 0 0 3 0 4 4 1 0.623595 0.000000 
11 1 1 5 1 1 2 2 1 0.659137 0.000000 
11 1 0 9 2 1 3 3 1 0.733413 0.000000 
11 1 0 9 2 1 3 3 1 0.652345 0.000000 
11 1 1 0 0 0 1 1 1 0.526596 0.000000 
11 1 0 7 1 3 2 2 1 0.638120 0.000000 
11 1 1 10 2 2 3 3 1 0.735964 0.000000 
11 1 1 5 1 1 2 2 1 0.630937 0.000000 
11 1 0 7 1 3 2 2 1 0.650536 0.000000 
11 1 1 15 3 3 4 4 1 0.556775 0.000000 
11 1 1 10 2 2 3 3 1 0.850978 0.000000 
11 1 1 10 2 2 3 3 1 0.509249 0.000000 
11 1 0 2 0 2 1 1 1 0.589443 0.000000 
11 1 1 5 1 1 2 2 1 0.602330 0.000000 
11 1 0 2 0 2 1 1 1 0.637551 0.000000 
11 1 1 0 0 0 1 1 1 0.632536 0.000000 
11 1 0 9 2 1 3 3 1 0.683922 0.000000 
11 1 0 0 3 0 4 4 1 0.548350 0.000000 
11 1 0 7 1 3 2 2 1 0.699236 0.000000 
11 1 0 9 2 1 3 3 1 0.708004 0.000000 
11 1 1 10 2 2 3 3 1 0.587683 0.000000 
11 1 0 9 2 1 3 3 1 0.688629 0.000000 
11 1 0 2 0 2 1 1 1 0.592505 0.000000 
11 1 0 7 1 3 2 2 1 0.845375 0.000000 
11 1 0 0 3 0 4 4 1 0.696387 0.000000 
11 1 0 7 1 3 2 2 1 0.641353 0.000000 
11 1 1 5 1 1 2 2 1 0.724201 0.000000 
11 1 1 10 2 2 3 3 1 0.699809 0.000000 
11 1 1 15 3 3 4 4 1 0.492102 0.000000 
11 1 0 7 1 3 2 2 1 0.636948 0.000000 
11 1 1 0 0 0 1 2 0 0.646902 0.000000 
11 1 1 0 0 0 1 1 1 0.549808 0.000000 
11 1 0 0 3 0 4 4 1 0.492010 0.000000 
11 1 1 10 2 2 3 3 1 0.684365 0.000000 
11 1 0 2 0 2 1 1 1 0.733308 0.000000 
11 1 1 0 0 0 1 1 1 0.556197 0.000000 
11 1 0 0 3 0 4 4 1 0.698435 0.000000 
11 1 0 7 1 3 2 2 1 0.651368 0.000000 
11 1 1 10 2 2 3 3 1 0.596655 0.000000 
11 1 1 5 1 1 2 2 1 0.641467 0.000000 
11 1 0 2 0 2 1 1 1 0.956354 0.000000 
11 1 1 10 2 2 3 3 1 0.530765 0.000000 
11 1 0 7 1 3 2 1 0 0.570299 0.000000 
11 1 1 10 2 2 3 3 1 0.683636 0.000000 
11 1 1 10 2 2 3 3 1 0.508291 0.000000 
11 1 1 10 2 2 3 3 1 0.452478 0.000000 
11 1 1 15 3 3 4 4 1 0.629617 0.000000 
11 1 0 9 2 1 3 3 1 0.689250 0.000000 
11 1 1 10 2 2 3 3 1 0.562150 0.000000 
11 1 1 5 1 1 2 2 1 0.656324 0.000000 
11 1 0 7 1 3 2 2 1 0.546564 0.000000 
11 1 1 15 3 3 4 4 1 0.521445 0.000000 
11 1 0 0 3 0 4 4 1 0.833060 0.000000 
11 1 0 9 2 1 3 3 1 0.611976 0.000000 
11 1 0 9 2 1 3 3 1 0.703179 0.000000 
11 1 0 2 0 2 1 1 1 0.799444 0.000000 
11 1 0 9 2 1 3 3 1 0.868016 0.000000 
11 1 0 2 0 2 1 1 1 0.621439 0.000000 
11 1 1 0 0 0 1 1 1 0.577026 0.000000 
11 1 0 0 3 0 4 4 1 0.574550 0.000000 
11 1 1 0 0 0 1 1 1 0.532128 0.000000 
11 1 1 10 2 2 3 3 1 0.667672 0.000000 
11 1 0 0 3 0 4 4 1 0.564185 0.000000 
11 1 0 7 1 3 2 2 1 0.874445 0.000000 
11 1 1 15 3 3 4 4 1 0.628106 0.000000 
11 1 0 9 2 1 3 3 1 0.863657 0.000000 
11 1 1 0 0 0 1 1 1 1.226000 0.000000 
11 1 0 2 0 2 1 1 1 0.861831 0.000000 
11 1 1 0 0 0 1 1 1 0.520104 0.000000 
11 1 1 15 3 3 4 4 1 0.702651 0.000000 
11 1 1 0 0 0 1 1 1 0.574890 0.000000 
11 1 1 5 1 1 2 2 1 0.668477 0.000000 
11 1 1 5 1 1 2 2 1 0.669982 0.000000 
11 1 1 15 3 3 4 4 1 0.559587 0.000000 
11 1 1 15 3 3 4 4 1 0.461837 0.000000 
11 1 0 0 3 0 4 4 1 0.671967 0.000000 
11 1 0 0 3 0 4 4 1 0.593585 0.000000 
11 1 0 0 3 0 4 4 1 0.462417 0.000000 
11 1 0 2 0 2 1 1 1 0.791637 0.000000 
11 1 0 0 3 0 4 4 1 1.611228 0.000000 
11 1 0 9 2 1 3 3 1 1.350164 0.000000 
11 1 1 5 1 1 2 1 0 0.612020 0.000000 
11 1 0 0 3 0 4 4 1 0.531530 0.000000 
11 1 1 5 1 1 2 2 1 0.594800 0.000000 
11 1 0 2 0 2 1 1 1 0.551546 0.000000 
11 1 0 7 1 3 2 2 1 0.701220 0.000000 
11 1 1 15 3 3 4 4 1 0.509547 0.000000 
11 1 0 0 3 0 4 4 1 0.541741 0.000000 
11 1 0 2 0 2 1 1 1 0.547565 0.000000 
11 1 0 7 1 3 2 2 1 0.658557 0.000000 
11 1 1 0 0 0 1 1 1 0.604682 0.000000 
11 1 1 5 1 1 2 2 1 0.632847 0.000000 
11 1 1 5 1 1 2 2 1 0.724023 0.000000 
11 1 1 5 1 1 2 2 1 0.555387 0.000000 
11 1 1 10 2 2 3 4 0 0.617666 0.000000 
11 1 0 7 1 3 2 3 0 0.512990 0.000000 
11 1 0 7 1 3 2 2 1 0.675711 0.000000 
11 1 1 10 2 2 3 3 1 0.573112 0.000000 
11 1 0 7 1 3 2 2 1 0.666645 0.000000 
11 1 1 15 3 3 4 4 1 0.444172 0.000000 
11 1 1 5 1 1 2 2 1 0.518989 0.000000 
11 1 1 15 3 3 4 4 1 0.566569 0.000000 
11 1 0 0 3 0 4 4 1 0.732069 0.000000 
11 1 1 0 0 0 1 1 1 0.554789 0.000000 
11 1 0 2 0 2 1 1 1 0.536892 0.000000 
11 1 0 9 2 1 3 3 1 0.695725 0.000000 
11 1 1 0 0 0 1 1 1 0.416662 0.000000 
11 1 1 10 2 2 3 3 1 0.540161 0.000000 
11 1 1 5 1 1 2 2 1 0.715113 0.000000 
11 1 0 0 3 0 4 4 1 0.459315 0.000000 
11 1 0 0 3 0 4 4 1 0.453526 0.000000 
11 1 1 15 3 3 4 4 1 0.391638 0.000000 
11 1 1 5 1 1 2 2 1 0.619420 0.000000 
11 1 0 7 1 3 2 2 1 0.471021 0.000000 
11 1 0 9 2 1 3 3 1 0.592493 0.000000 
11 1 1 10 2 2 3 3 1 0.413373 0.000000 
11 1 1 0 0 0 1 1 1 0.465497 0.000000 
11 1 0 9 2 1 3 3 1 0.539736 0.000000 
11 1 0 0 3 0 4 4 1 0.474578 0.000000 
11 1 0 0 3 0 4 4 1 0.380093 0.000000 
11 1 0 2 0 2 1 1 1 0.505570 0.000000 
11 1 0 2 0 2 1 1 1 0.497697 0.000000 
11 1 1 10 2 2 3 3 1 0.521579 0.000000 
11 1 1 10 2 2 3 3 1 0.393008 0.000000 
11 1 0 9 2 1 3 3 1 0.405910 0.000000 
11 1 0 0 3 0 4 4 1 0.474052 0.000000 
11 1 0 2 0 2 1 1 1 0.779597 0.000000 
11 1 1 15 3 3 4 4 1 0.505215 0.000000 
11 1 1 0 0 0 1 1 1 0.473309 0.000000 
11 1 1 0 0 0 1 1 1 0.538865 0.000000 
11 1 0 9 2 1 3 1 0 0.520700 0.000000 
11 1 1 10 2 2 3 3 1 0.532027 0.000000 
11 1 1 5 1 1 2 1 0 0.587331 0.000000 
11 1 0 0 3 0 4 4 1 0.451945 0.000000 
11 1 1 5 1 1 2 2 1 0.541922 0.000000 
11 1 1 5 1 1 2 2 1 0.508757 0.000000 
11 1 1 5 1 1 2 2 1 0.508960 0.000000 
11 1 0 7 1 3 2 2 1 0.421163 0.000000 
11 1 0 2 0 2 1 2 0 0.447606 0.000000 
11 1 1 5 1 1 2 2 1 0.638258 0.000000 
11 1 1 0 0 0 1 1 1 0.776869 0.000000 
11 1 0 2 0 2 1 1 1 0.478520 0.000000 
11 1 1 5 1 1 2 2 1 0.728023 0.000000 
11 1 0 0 3 0 4 2 0 0.479644 0.000000 
11 1 1 5 1 1 2 2 1 0.476932 0.000000 
11 1 0 9 2 1 3 4 0 0.606177 0.000000 
11 1 0 2 0 2 1 1 1 0.581242 0.000000 
11 1 0 9 2 1 3 3 1 0.706522 0.000000 
11 1 1 0 0 0 1 1 1 0.786765 0.000000 
11 1 1 10 2 2 3 3 1 0.511759 0.000000 
11 1 1 15 3 3 4 4 1 0.471947 0.000000 
11 1 0 7 1 3 2 2 1 0.665517 0.000000 
11 1 1 10 2 2 3 3 1 0.491680 0.000000 
11 1 1 15 3 3 4 4 1 0.443637 0.000000 
11 1 1 0 0 0 1 2 0 0.542327 0.000000 
11 1 0 7 1 3 2 1 0 0.561018 0.000000 
11 1 1 15 3 3 4 4 1 0.474786 0.000000 
11 1 1 15 3 3 4 4 1 0.459969 0.000000 
11 1 1 15 3 3 4 4 1 0.446176 0.000000 
11 1 1 15 3 3 4 4 1 0.408974 0.000000 
11 1 0 9 2 1 3 3 1 0.685194 0.000000 
11 1 0 7 1 3 2 2 1 0.637130 0.000000 
11 1 0 7 1 3 2 2 1 0.479896 0.000000 
11 1 1 10 2 2 3 3 1 0.665493 0.000000 
11 1 0 9 2 1 3 3 1 0.555759 0.000000 
11 1 0 0 3 0 4 4 1 0.481952 0.000000 
11 1 0 7 1 3 2 2 1 0.739492 0.000000 
11 1 0 0 3 0 4 3 0 0.522392 0.000000 
11 1 1 0 0 0 1 1 1 0.581771 0.000000 
11 1 0 2 0 2 1 1 1 0.595039 0.000000 
11 1 0 9 2 1 3 3 1 0.614916 0.000000 
11 1 1 0 0 0 1 1 1 0.531161 0.000000 
11 1 0 2 0 2 1 1 1 0.594731 0.000000 
11 1 0 0 3 0 4 4 1 0.463596 0.000000 
11 1 0 0 3 0 4 4 1 0.473775 0.000000 
11 1 1 10 2 2 3 3 1 0.755219 0.000000 
11 1 0 7 1 3 2 1 0 0.513470 0.000000 
11 1 1 0 0 0 1 1 1 0.525463 0.000000 
11 1 0 9 2 1 3 3 1 0.835782 0.000000 
11 1 1 15 3 3 4 4 1 0.478775 0.000000 
11 1 0 2 0 2 1 1 1 0.720295 0.000000 
11 1 0 7 1 3 2 2 1 0.823837 0.000000 
11 1 0 0 3 0 4 4 1 0.539495 0.000000 
11 1 1 15 3 3 4 4 1 0.474442 0.000000 
11 1 0 2 0 2 1 1 1 0.675880 0.000000 
11 1 0 2 0 2 1 1 1 0.581503 0.000000 
11 1 1 15 3 3 4 4 1 0.427015 0.000000 
11 1 1 10 2 2 3 3 1 0.605513 0.000000 
11 1 1 5 1 1 2 2 1 0.689731 0.000000 
11 1 1 5 1 1 2 2 1 0.450685 0.000000 
11 1 0 0 3 0 4 4 1 0.468796 0.000000 
11 1 1 10 2 2 3 3 1 0.614337 0.000000 
11 1 1 5 1 1 2 2 1 0.546526 0.000000 
11 1 0 2 0 2 1 1 1 0.545452 0.000000 
11 1 1 15 3 3 4 4 1 0.440277 0.000000 
11 1 0 7 1 3 2 2 1 0.578151 0.000000 
11 1 1 0 0 0 1 1 1 0.567623 0.000000 
11 1 0 7 1 3 2 2 1 0.605228 0.000000 
11 1 1 10 2 2 3 3 1 0.473387 0.000000 
11 1 1 0 0 0 1 1 1 0.522931 0.000000 
11 1 1 5 1 1 2 3 0 0.506435 0.000000 
11 1 1 0 0 0 1 1 1 0.574439 0.000000 
11 1 1 0 0 0 1 3 0 0.819716 0.000000 
11 1 1 5 1 1 2 1 0 0.514180 0.000000 
11 1 1 0 0 0 1 1 1 0.621944 0.000000 
11 1 1 10 2 2 3 3 1 0.545203 0.000000 
11 1 1 0 0 0 1 1 1 0.520148 0.000000 
11 1 0 9 2 1 3 3 1 0.623624 0.000000 
11 1 0 0 3 0 4 4 1 0.547175 0.000000 
11 1 0 2 0 2 1 1 1 0.554030 0.000000 
11 1 0 2 0 2 1 1 1 0.528363 0.000000 
11 1 1 5 1 1 2 2 1 0.614761 0.000000 
11 1 0 9 2 1 3 3 1 0.747060 0.000000 
11 1 0 9 2 1 3 3 1 0.649960 0.000000 
11 1 0 9 2 1 3 3 1 0.548236 0.000000 
11 1 1 0 0 0 1 1 1 0.515101 0.000000 
11 1 1 10 2 2 3 3 1 0.507259 0.000000 
11 1 0 7 1 3 2 1 0 0.691459 0.000000 
11 1 1 10 2 2 3 3 1 0.639281 0.000000 
11 1 0 0 3 0 4 4 1 0.489902 0.000000 
11 1 0 0 3 0 4 4 1 0.466612 0.000000 
11 1 1 0 0 0 1 1 1 0.508234 0.000000 
11 1 1 15 3 3 4 4 1 0.508362 0.000000 
11 1 0 9 2 1 3 3 1 0.692543 0.000000 
11 1 0 9 2 1 3 3 1 0.525433 0.000000 
11 1 1 0 0 0 1 1 1 0.365009 0.000000 
11 1 0 7 1 3 2 2 1 0.523205 0.000000 
11 1 0 7 1 3 2 2 1 0.506611 0.000000 
11 1 0 9 2 1 3 3 1 0.617856 0.000000 
11 1 0 0 3 0 4 4 1 0.485440 0.000000 
11 1 0 9 2 1 3 3 1 0.742254 0.000000 
11 1 1 0 0 0 1 1 1 0.573218 0.000000 
11 1 0 7 1 3 2 2 1 0.586697 0.000000 
11 1 0 0 3 0 4 4 1 0.495621 0.000000 
11 1 1 10 2 2 3 3 1 0.576490 0.000000 
11 1 1 0 0 0 1 1 1 0.565949 0.000000 
11 1 1 15 3 3 4 4 1 0.428025 0.000000 
11 1 1 0 0 0 1 1 1 0.614037 0.000000 
11 1 0 2 0 2 1 1 1 0.546283 0.000000 
11 1 1 5 1 1 2 2 1 0.553126 0.000000 
11 1 1 5 1 1 2 2 1 0.447311 0.000000 
11 1 1 15 3 3 4 4 1 0.482128 0.000000 
11 1 1 10 2 2 3 3 1 0.499766 0.000000 
11 1 1 10 2 2 3 3 1 0.523832 0.000000 
11 1 0 7 1 3 2 1 0 0.531415 0.000000 
11 1 0 2 0 2 1 1 1 0.573933 0.000000 
11 1 1 0 0 0 1 2 0 0.410977 0.000000 
11 1 0 0 3 0 4 4 1 0.554930 0.000000 
11 1 0 9 2 1 3 3 1 0.688846 0.000000 
11 1 1 15 3 3 4 4 1 0.481794 0.000000 
11 1 1 0 0 0 1 1 1 0.899347 0.000000 
11 1 0 9 2 1 3 3 1 0.755935 0.000000 
11 1 1 10 2 2 3 3 1 0.473948 0.000000 
11 1 0 0 3 0 4 4 1 0.538516 0.000000 
11 1 0 9 2 1 3 3 1 0.521383 0.000000 
11 1 1 5 1 1 2 2 1 0.656833 0.000000 
11 1 0 9 2 1 3 2 0 0.723143 0.000000 
11 1 0 9 2 1 3 3 1 0.510462 0.000000 
11 1 1 5 1 1 2 2 1 0.886432 0.000000 
11 1 0 2 0 2 1 1 1 0.679492 0.000000 
11 1 0 2 0 2 1 1 1 0.600988 0.000000 
11 1 0 7 1 3 2 2 1 0.604257 0.000000 
11 1 0 7 1 3 2 2 1 0.624473 0.000000 
11 1 1 15 3 3 4 4 1 0.468052 0.000000 
11 1 1 10 2 2 3 3 1 0.589545 0.000000 
11 1 0 0 3 0 4 3 0 0.474437 0.000000 
11 1 1 10 2 2 3 3 1 0.655996 0.000000 
11 1 0 0 3 0 4 4 1 0.489765 0.000000 
11 1 1 0 0 0 1 1 1 0.690651 0.000000 
11 1 1 15 3 3 4 4 1 0.674486 0.000000 
11 1 0 0 3 0 4 4 1 0.468092 0.000000 
