43 1 1 5 1 1 2 2 1 1.037466 0.000000 
43 1 1 0 0 0 1 1 1 0.799824 0.000000 
43 1 0 14 3 2 4 3 0 1.500051 0.000000 
43 1 1 0 0 0 1 1 1 0.711994 0.000000 
43 1 0 7 1 3 2 2 1 2.599901 0.000000 
43 1 1 10 2 2 3 3 1 0.924731 0.000000 
43 1 0 14 3 2 4 4 1 0.867293 0.000000 
43 1 1 15 3 3 4 4 1 0.588875 0.000000 
43 1 0 14 3 2 4 4 1 0.681724 0.000000 
43 1 1 5 1 1 2 2 1 1.099248 0.000000 
43 1 1 0 0 0 1 1 1 0.667968 0.000000 
43 1 0 1 0 1 1 1 1 0.749757 0.000000 
43 1 1 10 2 2 3 3 1 0.860155 0.000000 
43 1 1 10 2 2 3 3 1 0.590181 0.000000 
43 1 0 8 2 0 3 3 1 1.001989 0.000000 
43 1 0 8 2 0 3 3 1 0.782268 0.000000 
43 1 1 0 0 0 1 1 1 0.731848 0.000000 
43 1 0 1 0 1 1 1 1 0.675374 0.000000 
43 1 1 5 1 1 2 2 1 0.668895 0.000000 
43 1 1 0 0 0 1 1 1 0.686417 0.000000 
43 1 0 7 1 3 2 2 1 0.847260 0.000000 
43 1 0 7 1 3 2 2 1 0.633178 0.000000 
43 1 1 10 2 2 3 3 1 0.747947 0.000000 
43 1 0 1 0 1 1 1 1 0.698841 0.000000 
43 1 1 0 0 0 1 1 1 0.579667 0.000000 
43 1 0 14 3 2 4 4 1 0.673154 0.000000 
43 1 0 1 0 1 1 1 1 0.698657 0.000000 
43 1 1 15 3 3 4 4 1 0.731526 0.000000 
43 1 0 1 0 1 1 1 1 0.611004 0.000000 
43 1 0 1 0 1 1 1 1 0.607131 0.000000 
43 1 0 7 1 3 2 2 1 0.714292 0.000000 
43 1 1 5 1 1 2 2 1 0.722516 0.000000 
43 1 0 8 2 0 3 3 1 0.793986 0.000000 
43 1 1 0 0 0 1 1 1 0.662882 0.000000 
43 1 1 0 0 0 1 1 1 0.625144 0.000000 
43 1 1 0 0 0 1 1 1 0.580588 0.000000 
43 1 0 14 3 2 4 4 1 0.601988 0.000000 
43 1 0 7 1 3 2 2 1 0.718215 0.000000 
43 1 0 7 1 3 2 2 1 0.972706 0.000000 
43 1 0 1 0 1 1 1 1 0.690355 0.000000 
43 1 0 1 0 1 1 1 1 0.563134 0.000000 
43 1 0 1 0 1 1 1 1 0.505283 0.000000 
43 1 1 0 0 0 1 1 1 0.529436 0.000000 
43 1 0 8 2 0 3 4 0 0.624918 0.000000 
43 1 0 8 2 0 3 3 1 0.632355 0.000000 
43 1 0 8 2 0 3 3 1 0.659421 0.000000 
43 1 1 10 2 2 3 3 1 0.748516 0.000000 
43 1 1 0 0 0 1 1 1 0.675484 0.000000 
43 1 1 15 3 3 4 4 1 0.572888 0.000000 
43 1 1 0 0 0 1 1 1 0.578430 0.000000 
43 1 1 10 2 2 3 3 1 0.703891 0.000000 
43 1 1 5 1 1 2 2 1 0.672055 0.000000 
43 1 1 5 1 1 2 2 1 0.689583 0.000000 
43 1 1 5 1 1 2 2 1 0.546421 0.000000 
43 1 1 10 2 2 3 3 1 0.752225 0.000000 
43 1 0 1 0 1 1 1 1 0.574392 0.000000 
43 1 1 15 3 3 4 4 1 0.635869 0.000000 
43 1 1 5 1 1 2 2 1 0.758676 0.000000 
43 1 0 1 0 1 1 1 1 0.716927 0.000000 
43 1 0 1 0 1 1 1 1 0.700472 0.000000 
43 1 1 5 1 1 2 2 1 0.700660 0.000000 
43 1 1 0 0 0 1 1 1 0.692853 0.000000 
43 1 1 15 3 3 4 4 1 0.652666 0.000000 
43 1 0 1 0 1 1 1 1 0.622812 0.000000 
43 1 1 10 2 2 3 3 1 0.698336 0.000000 
43 1 1 0 0 0 1 1 1 1.011217 0.000000 
43 1 1 10 2 2 3 3 1 0.719490 0.000000 
43 1 1 15 3 3 4 4 1 0.646975 0.000000 
43 1 1 15 3 3 4 4 1 0.561790 0.000000 
43 1 1 10 2 2 3 3 1 0.847974 0.000000 
43 1 0 14 3 2 4 4 1 0.625868 0.000000 
43 1 1 5 1 1 2 2 1 0.797330 0.000000 
43 1 1 0 0 0 1 1 1 0.970273 0.000000 
43 1 1 15 3 3 4 4 1 0.607835 0.000000 
43 1 1 15 3 3 4 4 1 0.604015 0.000000 
43 1 1 15 3 3 4 4 1 0.520115 0.000000 
43 1 1 15 3 3 4 4 1 0.487613 0.000000 
43 1 1 15 3 3 4 4 1 0.472353 0.000000 
43 1 0 8 2 0 3 3 1 0.872820 0.000000 
43 1 0 7 1 3 2 2 1 0.786416 0.000000 
43 1 1 0 0 0 1 1 1 0.671286 0.000000 
43 1 0 7 1 3 2 2 1 0.712823 0.000000 
43 1 0 14 3 2 4 4 1 0.656917 0.000000 
43 1 0 14 3 2 4 4 1 0.467089 0.000000 
43 1 0 7 1 3 2 2 1 0.764540 0.000000 
43 1 0 8 2 0 3 3 1 0.786788 0.000000 
43 1 1 5 1 1 2 2 1 1.182667 0.000000 
43 1 1 10 2 2 3 3 1 1.092104 0.000000 
43 1 0 14 3 2 4 4 1 0.812704 0.000000 
43 1 0 8 2 0 3 3 1 0.808880 0.000000 
43 1 0 8 2 0 3 3 1 0.685189 0.000000 
43 1 1 0 0 0 1 1 1 0.646003 0.000000 
43 1 1 5 1 1 2 2 1 0.840867 0.000000 
43 1 1 15 3 3 4 4 1 0.547684 0.000000 
43 1 0 14 3 2 4 4 1 0.569512 0.000000 
43 1 1 15 3 3 4 4 1 0.486998 0.000000 
43 1 0 7 1 3 2 2 1 0.887762 0.000000 
43 1 0 14 3 2 4 4 1 0.848678 0.000000 
43 1 1 10 2 2 3 3 1 1.139650 0.000000 
43 1 0 14 3 2 4 4 1 0.634618 0.000000 
43 1 1 10 2 2 3 3 1 0.677464 0.000000 
43 1 0 7 1 3 2 2 1 0.670995 0.000000 
43 1 0 7 1 3 2 2 1 0.735451 0.000000 
43 1 0 8 2 0 3 3 1 0.710367 0.000000 
43 1 1 15 3 3 4 4 1 0.622513 0.000000 
43 1 1 10 2 2 3 3 1 0.682003 0.000000 
43 1 1 15 3 3 4 4 1 0.563548 0.000000 
43 1 0 8 2 0 3 3 1 0.833645 0.000000 
43 1 0 14 3 2 4 4 1 1.484532 0.000000 
43 1 0 8 2 0 3 3 1 0.717678 0.000000 
43 1 1 5 1 1 2 2 1 0.836258 0.000000 
43 1 1 5 1 1 2 2 1 0.535161 0.000000 
43 1 0 1 0 1 1 1 1 0.685917 0.000000 
43 1 1 10 2 2 3 3 1 0.702779 0.000000 
43 1 1 10 2 2 3 3 1 0.646985 0.000000 
43 1 0 7 1 3 2 2 1 0.801789 0.000000 
43 1 0 7 1 3 2 2 1 0.557985 0.000000 
43 1 1 15 3 3 4 4 1 0.523135 0.000000 
43 1 0 7 1 3 2 2 1 0.706623 0.000000 
43 1 1 5 1 1 2 2 1 0.554799 0.000000 
43 1 0 8 2 0 3 3 1 0.720949 0.000000 
43 1 0 1 0 1 1 1 1 0.752464 0.000000 
43 1 1 0 0 0 1 1 1 0.558672 0.000000 
43 1 0 14 3 2 4 4 1 0.700805 0.000000 
43 1 1 10 2 2 3 3 1 1.301012 0.000000 
43 1 0 1 0 1 1 1 1 0.652454 0.000000 
43 1 1 15 3 3 4 4 1 0.678583 0.000000 
43 1 1 5 1 1 2 2 1 0.960024 0.000000 
43 1 1 10 2 2 3 3 1 0.782384 0.000000 
43 1 1 0 0 0 1 1 1 0.660303 0.000000 
43 1 0 7 1 3 2 2 1 0.862072 0.000000 
43 1 0 7 1 3 2 2 1 0.592325 0.000000 
43 1 0 14 3 2 4 4 1 0.693134 0.000000 
43 1 1 0 0 0 1 1 1 0.604989 0.000000 
43 1 1 0 0 0 1 1 1 0.641136 0.000000 
43 1 1 15 3 3 4 4 1 0.699942 0.000000 
43 1 0 14 3 2 4 4 1 0.564144 0.000000 
43 1 0 1 0 1 1 1 1 0.674295 0.000000 
43 1 1 5 1 1 2 2 1 0.947747 0.000000 
43 1 1 10 2 2 3 3 1 0.826674 0.000000 
43 1 0 1 0 1 1 1 1 1.422312 0.000000 
43 1 0 8 2 0 3 3 1 0.657091 0.000000 
43 1 0 1 0 1 1 1 1 0.579221 0.000000 
43 1 0 8 2 0 3 3 1 0.656726 0.000000 
43 1 1 5 1 1 2 2 1 0.714878 0.000000 
43 1 0 7 1 3 2 2 1 0.851072 0.000000 
43 1 1 15 3 3 4 4 1 0.541261 0.000000 
43 1 0 1 0 1 1 1 1 0.828309 0.000000 
43 1 1 0 0 0 1 1 1 0.559633 0.000000 
43 1 1 0 0 0 1 1 1 0.452819 0.000000 
43 1 0 14 3 2 4 1 0 0.214879 0.000000 
43 1 1 0 0 0 1 1 1 0.502783 0.000000 
43 1 0 7 1 3 2 2 1 1.494587 0.000000 
43 1 0 14 3 2 4 4 1 0.479687 0.000000 
43 1 0 1 0 1 1 1 1 0.609069 0.000000 
43 1 0 7 1 3 2 2 1 0.693227 0.000000 
43 1 0 8 2 0 3 3 1 0.662071 0.000000 
43 1 1 15 3 3 4 4 1 0.527294 0.000000 
43 1 0 14 3 2 4 4 1 0.654743 0.000000 
43 1 0 8 2 0 3 3 1 1.488966 0.000000 
43 1 1 15 3 3 4 4 1 1.610042 0.000000 
43 1 0 8 2 0 3 3 1 0.774512 0.000000 
43 1 0 14 3 2 4 4 1 0.580147 0.000000 
43 1 0 7 1 3 2 2 1 0.705568 0.000000 
43 1 0 7 1 3 2 2 1 0.505801 0.000000 
43 1 0 8 2 0 3 3 1 0.704916 0.000000 
43 1 0 8 2 0 3 3 1 0.609013 0.000000 
43 1 1 5 1 1 2 2 1 0.629196 0.000000 
43 1 0 7 1 3 2 2 1 0.608732 0.000000 
43 1 0 1 0 1 1 1 1 0.724852 0.000000 
43 1 1 10 2 2 3 3 1 0.812411 0.000000 
43 1 0 8 2 0 3 3 1 0.952672 0.000000 
43 1 0 7 1 3 2 4 0 0.158872 0.000000 
43 1 0 14 3 2 4 4 1 0.607867 0.000000 
43 1 1 10 2 2 3 3 1 0.771590 0.000000 
43 1 0 1 0 1 1 1 1 0.713144 0.000000 
43 1 1 15 3 3 4 4 1 0.569316 0.000000 
43 1 1 10 2 2 3 3 1 0.758795 0.000000 
43 1 0 7 1 3 2 2 1 0.973016 0.000000 
43 1 0 7 1 3 2 2 1 0.506608 0.000000 
43 1 1 10 2 2 3 3 1 0.666674 0.000000 
43 1 0 14 3 2 4 4 1 0.643163 0.000000 
43 1 1 10 2 2 3 3 1 0.709973 0.000000 
43 1 1 5 1 1 2 2 1 1.438300 0.000000 
43 1 1 15 3 3 4 4 1 0.689376 0.000000 
43 1 0 8 2 0 3 3 1 0.722183 0.000000 
43 1 1 15 3 3 4 4 1 0.553697 0.000000 
43 1 0 7 1 3 2 2 1 0.703885 0.000000 
43 1 1 15 3 3 4 4 1 0.519995 0.000000 
43 1 1 10 2 2 3 3 1 0.638532 0.000000 
43 1 1 0 0 0 1 1 1 0.585362 0.000000 
43 1 0 7 1 3 2 2 1 0.590148 0.000000 
43 1 0 8 2 0 3 3 1 1.560211 0.000000 
43 1 0 14 3 2 4 4 1 0.581996 0.000000 
43 1 0 7 1 3 2 2 1 0.890818 0.000000 
43 1 0 7 1 3 2 2 1 0.475372 0.000000 
43 1 1 5 1 1 2 2 1 0.795749 0.000000 
43 1 1 0 0 0 1 1 1 0.632391 0.000000 
43 1 1 15 3 3 4 4 1 0.579481 0.000000 
43 1 0 7 1 3 2 2 1 0.608900 0.000000 
43 1 1 5 1 1 2 2 1 0.557078 0.000000 
43 1 1 15 3 3 4 4 1 0.499196 0.000000 
43 1 1 0 0 0 1 1 1 0.651967 0.000000 
43 1 1 15 3 3 4 4 1 0.582147 0.000000 
43 1 0 1 0 1 1 1 1 0.618627 0.000000 
43 1 0 14 3 2 4 4 1 0.534129 0.000000 
43 1 0 8 2 0 3 2 0 0.620886 0.000000 
43 1 1 0 0 0 1 1 1 0.548353 0.000000 
43 1 1 5 1 1 2 2 1 0.666714 0.000000 
43 1 1 10 2 2 3 3 1 0.772203 0.000000 
43 1 1 10 2 2 3 3 1 0.561777 0.000000 
43 1 1 10 2 2 3 3 1 0.527893 0.000000 
43 1 1 5 1 1 2 2 1 0.726296 0.000000 
43 1 1 5 1 1 2 2 1 0.581874 0.000000 
43 1 1 10 2 2 3 3 1 0.923344 0.000000 
43 1 0 14 3 2 4 4 1 0.602960 0.000000 
43 1 1 15 3 3 4 4 1 0.463079 0.000000 
43 1 1 10 2 2 3 3 1 0.521182 0.000000 
43 1 0 1 0 1 1 1 1 0.664660 0.000000 
43 1 0 7 1 3 2 2 1 0.682837 0.000000 
43 1 1 5 1 1 2 2 1 0.603073 0.000000 
43 1 0 7 1 3 2 2 1 0.582791 0.000000 
43 1 1 0 0 0 1 1 1 0.636043 0.000000 
43 1 1 5 1 1 2 2 1 0.670449 0.000000 
43 1 0 7 1 3 2 2 1 0.607964 0.000000 
43 1 0 14 3 2 4 4 1 0.572098 0.000000 
43 1 1 5 1 1 2 2 1 0.593574 0.000000 
43 1 1 15 3 3 4 4 1 0.510355 0.000000 
43 1 1 5 1 1 2 2 1 0.590472 0.000000 
43 1 0 8 2 0 3 3 1 0.866296 0.000000 
43 1 0 8 2 0 3 3 1 0.644109 0.000000 
43 1 1 15 3 3 4 4 1 0.494717 0.000000 
43 1 1 10 2 2 3 3 1 0.623466 0.000000 
43 1 0 14 3 2 4 4 1 0.563025 0.000000 
43 1 0 14 3 2 4 4 1 0.545075 0.000000 
43 1 1 10 2 2 3 3 1 0.727868 0.000000 
43 1 0 14 3 2 4 4 1 0.567391 0.000000 
43 1 0 14 3 2 4 4 1 0.523877 0.000000 
43 1 0 7 1 3 2 2 1 0.779325 0.000000 
43 1 1 5 1 1 2 2 1 0.592891 0.000000 
43 1 1 5 1 1 2 2 1 0.589706 0.000000 
43 1 1 5 1 1 2 2 1 0.498498 0.000000 
43 1 1 10 2 2 3 3 1 0.699265 0.000000 
43 1 0 8 2 0 3 3 1 0.531981 0.000000 
43 1 0 14 3 2 4 4 1 0.563588 0.000000 
43 1 0 14 3 2 4 4 1 0.696756 0.000000 
43 1 0 7 1 3 2 2 1 0.705538 0.000000 
43 1 1 10 2 2 3 3 1 0.825744 0.000000 
43 1 0 8 2 0 3 3 1 0.525280 0.000000 
43 1 0 14 3 2 4 4 1 0.564751 0.000000 
43 1 0 1 0 1 1 1 1 0.658892 0.000000 
43 1 0 14 3 2 4 4 1 0.644976 0.000000 
43 1 0 1 0 1 1 1 1 0.695872 0.000000 
43 1 1 0 0 0 1 1 1 0.504709 0.000000 
43 1 0 1 0 1 1 1 1 0.543815 0.000000 
43 1 0 8 2 0 3 3 1 0.718626 0.000000 
43 1 0 1 0 1 1 1 1 0.598159 0.000000 
43 1 0 8 2 0 3 3 1 0.778981 0.000000 
43 1 0 1 0 1 1 1 1 0.664505 0.000000 
43 1 1 15 3 3 4 4 1 0.530667 0.000000 
43 1 1 0 0 0 1 1 1 0.594129 0.000000 
43 1 0 1 0 1 1 1 1 0.406913 0.000000 
43 1 0 8 2 0 3 3 1 0.794019 0.000000 
43 1 0 14 3 2 4 4 1 0.582884 0.000000 
43 1 1 15 3 3 4 4 1 0.484097 0.000000 
43 1 1 0 0 0 1 1 1 0.572475 0.000000 
43 1 0 1 0 1 1 1 1 0.529951 0.000000 
43 1 0 8 2 0 3 3 1 0.841418 0.000000 
43 1 1 10 2 2 3 3 1 0.668310 0.000000 
43 1 1 0 0 0 1 1 1 0.589821 0.000000 
43 1 1 5 1 1 2 2 1 1.745681 0.000000 
43 1 0 14 3 2 4 4 1 0.640884 0.000000 
43 1 0 14 3 2 4 4 1 0.555717 0.000000 
43 1 1 0 0 0 1 1 1 0.641821 0.000000 
43 1 1 10 2 2 3 3 1 1.148680 0.000000 
43 1 1 10 2 2 3 3 1 0.563644 0.000000 
43 1 1 5 1 1 2 2 1 0.841824 0.000000 
43 1 0 8 2 0 3 3 1 0.644720 0.000000 
43 1 0 8 2 0 3 3 1 0.598559 0.000000 
43 1 1 5 1 1 2 2 1 0.923351 0.000000 
43 1 1 15 3 3 4 4 1 0.658984 0.000000 
43 1 1 15 3 3 4 4 1 0.613073 0.000000 
43 1 1 0 0 0 1 1 1 0.673265 0.000000 
43 1 1 15 3 3 4 4 1 0.610767 0.000000 
43 1 1 0 0 0 1 1 1 0.630929 0.000000 
43 1 0 14 3 2 4 4 1 0.634367 0.000000 
43 1 0 14 3 2 4 4 1 0.492215 0.000000 
43 1 1 0 0 0 1 1 1 0.653015 0.000000 
43 1 1 5 1 1 2 2 1 0.767206 0.000000 
43 1 1 10 2 2 3 3 1 0.708727 0.000000 
43 1 0 1 0 1 1 1 1 0.604912 0.000000 
43 1 0 8 2 0 3 3 1 0.600996 0.000000 
43 1 1 0 0 0 1 1 1 0.589176 0.000000 
43 1 1 0 0 0 1 1 1 0.545978 0.000000 
43 1 1 0 0 0 1 1 1 0.488800 0.000000 
43 1 1 5 1 1 2 2 1 0.616599 0.000000 
43 1 0 7 1 3 2 2 1 0.499991 0.000000 
43 1 0 1 0 1 1 1 1 0.620169 0.000000 
43 1 1 0 0 0 1 1 1 0.463652 0.000000 
43 1 0 8 2 0 3 3 1 1.009739 0.000000 
43 1 0 14 3 2 4 4 1 0.534057 0.000000 
43 1 0 14 3 2 4 4 1 0.500838 0.000000 
43 1 0 1 0 1 1 1 1 0.692982 0.000000 
43 1 0 1 0 1 1 1 1 0.524830 0.000000 
43 1 1 15 3 3 4 4 1 0.564273 0.000000 
43 1 0 1 0 1 1 1 1 0.578387 0.000000 
43 1 0 1 0 1 1 1 1 0.599861 0.000000 
43 1 0 7 1 3 2 2 1 0.715990 0.000000 
43 1 1 10 2 2 3 3 1 1.196002 0.000000 
43 1 0 1 0 1 1 1 1 1.001233 0.000000 
43 1 0 14 3 2 4 4 1 0.637554 0.000000 
43 1 1 5 1 1 2 2 1 0.743368 0.000000 
43 1 1 0 0 0 1 1 1 0.030209 0.000000 
43 1 0 8 2 0 3 3 1 1.049515 0.000000 
43 1 1 15 3 3 4 4 1 0.484001 0.000000 
43 1 1 0 0 0 1 1 1 0.548553 0.000000 
43 1 1 5 1 1 2 2 1 0.571325 0.000000 
43 1 0 14 3 2 4 4 1 0.600852 0.000000 
43 1 0 7 1 3 2 2 1 0.684991 0.000000 
43 1 0 7 1 3 2 2 1 0.532859 0.000000 
43 1 1 0 0 0 1 1 1 0.604044 0.000000 
43 1 0 8 2 0 3 3 1 0.671775 0.000000 
43 1 0 1 0 1 1 1 1 0.929274 0.000000 
43 1 0 8 2 0 3 3 1 0.640892 0.000000 
43 1 1 5 1 1 2 2 1 0.707716 0.000000 
43 1 1 10 2 2 3 3 1 0.771918 0.000000 
43 1 0 1 0 1 1 1 1 1.049474 0.000000 
43 1 1 10 2 2 3 3 1 0.555176 0.000000 
43 1 1 0 0 0 1 1 1 0.656904 0.000000 
43 1 1 5 1 1 2 2 1 1.259097 0.000000 
43 1 0 7 1 3 2 2 1 0.981489 0.000000 
43 1 1 10 2 2 3 3 1 0.963086 0.000000 
43 1 1 15 3 3 4 4 1 0.625364 0.000000 
43 1 0 14 3 2 4 4 1 1.828924 0.000000 
43 1 0 14 3 2 4 4 1 0.559841 0.000000 
43 1 0 8 2 0 3 3 1 0.661892 0.000000 
43 1 0 14 3 2 4 4 1 0.600150 0.000000 
43 1 1 0 0 0 1 1 1 0.652279 0.000000 
43 1 1 5 1 1 2 2 1 0.630430 0.000000 
43 1 1 5 1 1 2 2 1 0.657920 0.000000 
43 1 0 7 1 3 2 2 1 0.644091 0.000000 
43 1 0 8 2 0 3 3 1 0.766899 0.000000 
43 1 1 0 0 0 1 1 1 0.667533 0.000000 
43 1 0 1 0 1 1 1 1 0.836967 0.000000 
43 1 0 7 1 3 2 2 1 0.607845 0.000000 
43 1 1 0 0 0 1 1 1 0.683975 0.000000 
43 1 0 7 1 3 2 2 1 0.636885 0.000000 
43 1 1 5 1 1 2 2 1 0.663674 0.000000 
43 1 1 10 2 2 3 3 1 0.697872 0.000000 
43 1 1 10 2 2 3 3 1 0.682677 0.000000 
43 1 0 8 2 0 3 3 1 0.635033 0.000000 
43 1 1 10 2 2 3 3 1 0.526032 0.000000 
43 1 1 10 2 2 3 3 1 0.525529 0.000000 
43 1 1 0 0 0 1 1 1 0.596958 0.000000 
43 1 1 0 0 0 1 1 1 0.513720 0.000000 
43 1 0 8 2 0 3 3 1 0.665887 0.000000 
43 1 1 15 3 3 4 4 1 0.467973 0.000000 
43 1 0 7 1 3 2 2 1 1.013500 0.000000 
43 1 1 0 0 0 1 1 1 0.857792 0.000000 
43 1 0 7 1 3 2 2 1 1.195001 0.000000 
43 1 1 15 3 3 4 4 1 0.536041 0.000000 
43 1 1 0 0 0 1 1 1 0.614859 0.000000 
43 1 1 15 3 3 4 4 1 0.498961 0.000000 
43 1 1 10 2 2 3 3 1 1.043768 0.000000 
43 1 0 1 0 1 1 1 1 0.574782 0.000000 
43 1 0 14 3 2 4 4 1 0.548186 0.000000 
43 1 0 14 3 2 4 4 1 0.474986 0.000000 
43 1 0 14 3 2 4 4 1 0.411407 0.000000 
43 1 0 8 2 0 3 3 1 0.639520 0.000000 
43 1 1 5 1 1 2 2 1 0.738357 0.000000 
43 1 1 5 1 1 2 2 1 0.857225 0.000000 
43 1 0 14 3 2 4 4 1 0.595456 0.000000 
43 1 1 15 3 3 4 4 1 0.640292 0.000000 
43 1 0 8 2 0 3 3 1 0.835071 0.000000 
43 1 0 7 1 3 2 2 1 0.701997 0.000000 
43 1 1 10 2 2 3 3 1 0.677178 0.000000 
43 1 0 7 1 3 2 2 1 0.814670 0.000000 
43 1 1 5 1 1 2 2 1 0.650930 0.000000 
43 1 0 7 1 3 2 2 1 0.621077 0.000000 
43 1 0 1 0 1 1 1 1 0.912590 0.000000 
43 1 1 10 2 2 3 3 1 1.088868 0.000000 
43 1 0 14 3 2 4 4 1 0.665849 0.000000 
43 1 0 8 2 0 3 3 1 0.635969 0.000000 
43 1 0 14 3 2 4 4 1 0.581848 0.000000 
