2 1 1 10 2 2 3 3 1 1.231265 0.000000 
2 1 1 10 2 2 3 3 1 0.570804 0.000000 
2 1 0 9 2 1 3 3 1 0.647971 0.000000 
2 1 1 15 3 3 4 4 1 0.682713 0.000000 
2 1 0 0 3 0 4 4 1 0.499751 0.000000 
2 1 1 0 0 0 1 1 1 0.899759 0.000000 
2 1 1 15 3 3 4 3 0 0.580062 0.000000 
2 1 0 7 1 3 2 2 1 1.123813 0.000000 
2 1 0 9 2 1 3 3 1 0.697966 0.000000 
2 1 0 7 1 3 2 3 0 0.562887 0.000000 
2 1 1 0 0 0 1 1 1 0.844885 0.000000 
2 1 1 15 3 3 4 4 1 0.639562 0.000000 
2 1 1 5 1 1 2 2 1 0.786456 0.000000 
2 1 1 15 3 3 4 4 1 0.599370 0.000000 
2 1 0 9 2 1 3 3 1 0.732066 0.000000 
2 1 1 5 1 1 2 2 1 0.794199 0.000000 
2 1 0 7 1 3 2 2 1 0.623067 0.000000 
2 1 1 0 0 0 1 1 1 0.626603 0.000000 
2 1 1 10 2 2 3 3 1 0.766105 0.000000 
2 1 1 15 3 3 4 4 1 0.531958 0.000000 
2 1 0 0 3 0 4 4 1 0.619195 0.000000 
2 1 0 7 1 3 2 2 1 0.774744 0.000000 
2 1 1 5 1 1 2 2 1 0.580330 0.000000 
2 1 0 2 0 2 1 1 1 0.769816 0.000000 
2 1 1 15 3 3 4 4 1 2.270507 0.000000 
2 1 1 5 1 1 2 2 1 0.664604 0.000000 
2 1 0 2 0 2 1 1 1 0.698822 0.000000 
2 1 1 15 3 3 4 4 1 0.603707 0.000000 
2 1 1 0 0 0 1 1 1 0.679889 0.000000 
2 1 1 15 3 3 4 4 1 0.489479 0.000000 
2 1 1 15 3 3 4 4 1 0.449374 0.000000 
2 1 1 10 2 2 3 3 1 0.747918 0.000000 
2 1 0 2 0 2 1 1 1 0.578331 0.000000 
2 1 0 9 2 1 3 3 1 0.831829 0.000000 
2 1 1 15 3 3 4 4 1 0.499428 0.000000 
2 1 1 5 1 1 2 2 1 0.795809 0.000000 
2 1 1 5 1 1 2 2 1 0.496315 0.000000 
2 1 1 10 2 2 3 3 1 0.793290 0.000000 
2 1 0 0 3 0 4 4 1 0.534228 0.000000 
2 1 1 10 2 2 3 3 1 0.692052 0.000000 
2 1 1 10 2 2 3 3 1 0.524962 0.000000 
2 1 0 2 0 2 1 1 1 0.604450 0.000000 
2 1 0 2 0 2 1 1 1 0.520635 0.000000 
2 1 1 10 2 2 3 3 1 0.616131 0.000000 
2 1 1 15 3 3 4 4 1 0.491779 0.000000 
2 1 1 0 0 0 1 1 1 0.596467 0.000000 
2 1 0 7 1 3 2 2 1 0.665322 0.000000 
2 1 0 7 1 3 2 2 1 0.499533 0.000000 
2 1 1 10 2 2 3 4 0 0.666918 0.000000 
2 1 0 0 3 0 4 4 1 0.632002 0.000000 
2 1 0 2 0 2 1 1 1 0.643278 0.000000 
2 1 0 9 2 1 3 3 1 0.710166 0.000000 
2 1 1 5 1 1 2 2 1 0.918414 0.000000 
2 1 0 0 3 0 4 4 1 0.542022 0.000000 
2 1 1 5 1 1 2 2 1 0.948900 0.000000 
2 1 0 2 0 2 1 1 1 0.626644 0.000000 
2 1 0 7 1 3 2 2 1 0.622419 0.000000 
2 1 0 7 1 3 2 2 1 0.617717 0.000000 
2 1 1 15 3 3 4 4 1 0.572775 0.000000 
2 1 1 5 1 1 2 2 1 0.666277 0.000000 
2 1 1 10 2 2 3 3 1 0.699750 0.000000 
2 1 1 0 0 0 1 1 1 0.547957 0.000000 
2 1 1 5 1 1 2 2 1 0.770781 0.000000 
2 1 1 15 3 3 4 4 1 1.631033 0.000000 
2 1 1 10 2 2 3 3 1 0.634607 0.000000 
2 1 0 0 3 0 4 4 1 0.621441 0.000000 
2 1 0 7 1 3 2 2 1 0.608382 0.000000 
2 1 0 2 0 2 1 1 1 0.611813 0.000000 
2 1 1 5 1 1 2 2 1 0.767383 0.000000 
2 1 0 7 1 3 2 2 1 0.540351 0.000000 
2 1 1 10 2 2 3 3 1 0.987181 0.000000 
2 1 1 0 0 0 1 1 1 0.583125 0.000000 
2 1 1 10 2 2 3 3 1 0.588051 0.000000 
2 1 1 15 3 3 4 4 1 0.488349 0.000000 
2 1 1 15 3 3 4 4 1 0.481121 0.000000 
2 1 0 2 0 2 1 1 1 0.698628 0.000000 
2 1 1 0 0 0 1 1 1 0.651526 0.000000 
2 1 1 10 2 2 3 3 1 0.605724 0.000000 
2 1 1 10 2 2 3 3 1 0.529923 0.000000 
2 1 1 0 0 0 1 1 1 0.528381 0.000000 
2 1 0 7 1 3 2 2 1 0.591914 0.000000 
2 1 0 2 0 2 1 1 1 0.636772 0.000000 
2 1 1 0 0 0 1 1 1 0.479605 0.000000 
2 1 0 2 0 2 1 1 1 0.544957 0.000000 
2 1 0 0 3 0 4 4 1 0.695965 0.000000 
2 1 1 10 2 2 3 3 1 0.632778 0.000000 
2 1 1 10 2 2 3 3 1 0.499933 0.000000 
2 1 1 10 2 2 3 3 1 0.500033 0.000000 
2 1 0 7 1 3 2 1 0 0.531941 0.000000 
2 1 0 7 1 3 2 2 1 0.462514 0.000000 
2 1 1 10 2 2 3 3 1 0.608126 0.000000 
2 1 0 0 3 0 4 4 1 0.532340 0.000000 
2 1 0 7 1 3 2 2 1 0.619774 0.000000 
2 1 1 10 2 2 3 3 1 0.591329 0.000000 
2 1 0 0 3 0 4 4 1 0.572198 0.000000 
2 1 0 9 2 1 3 3 1 0.769729 0.000000 
2 1 0 0 3 0 4 4 1 0.695302 0.000000 
2 1 0 0 3 0 4 4 1 0.543178 0.000000 
2 1 1 0 0 0 1 1 1 0.622024 0.000000 
2 1 1 0 0 0 1 1 1 0.601552 0.000000 
2 1 0 7 1 3 2 2 1 0.709751 0.000000 
2 1 1 0 0 0 1 1 1 0.581938 0.000000 
2 1 0 9 2 1 3 3 1 0.603473 0.000000 
2 1 0 2 0 2 1 1 1 0.591658 0.000000 
2 1 0 9 2 1 3 3 1 0.691541 0.000000 
2 1 1 5 1 1 2 2 1 0.668472 0.000000 
2 1 1 15 3 3 4 4 1 0.597954 0.000000 
2 1 1 5 1 1 2 2 1 0.690804 0.000000 
2 1 0 7 1 3 2 2 1 0.499713 0.000000 
2 1 0 2 0 2 1 1 1 0.596107 0.000000 
2 1 1 10 2 2 3 3 1 0.632681 0.000000 
2 1 1 10 2 2 3 3 1 0.572066 0.000000 
2 1 1 0 0 0 1 1 1 0.576106 0.000000 
2 1 1 15 3 3 4 4 1 0.533615 0.000000 
2 1 0 0 3 0 4 4 1 0.596445 0.000000 
2 1 1 0 0 0 1 1 1 0.537299 0.000000 
2 1 0 7 1 3 2 2 1 0.656106 0.000000 
2 1 0 2 0 2 1 1 1 0.706322 0.000000 
2 1 1 5 1 1 2 2 1 0.586851 0.000000 
2 1 0 0 3 0 4 4 1 0.575388 0.000000 
2 1 0 7 1 3 2 2 1 0.532877 0.000000 
2 1 0 0 3 0 4 4 1 0.538958 0.000000 
2 1 0 7 1 3 2 2 1 0.601550 0.000000 
2 1 0 9 2 1 3 3 1 0.589595 0.000000 
2 1 1 0 0 0 1 1 1 0.578597 0.000000 
2 1 1 5 1 1 2 2 1 0.680117 0.000000 
2 1 1 10 2 2 3 3 1 0.601640 0.000000 
2 1 0 0 3 0 4 4 1 0.621860 0.000000 
2 1 1 5 1 1 2 2 1 0.657361 0.000000 
2 1 1 15 3 3 4 4 1 0.586537 0.000000 
2 1 1 15 3 3 4 4 1 0.503439 0.000000 
2 1 0 9 2 1 3 3 1 0.623463 0.000000 
2 1 1 0 0 0 1 1 1 0.595115 0.000000 
2 1 0 9 2 1 3 3 1 0.567967 0.000000 
2 1 1 0 0 0 1 1 1 0.533838 0.000000 
2 1 0 9 2 1 3 3 1 0.620305 0.000000 
2 1 0 7 1 3 2 2 1 0.622930 0.000000 
2 1 1 0 0 0 1 1 1 0.578375 0.000000 
2 1 0 2 0 2 1 1 1 0.727857 0.000000 
2 1 0 2 0 2 1 1 1 0.583431 0.000000 
2 1 1 15 3 3 4 4 1 0.540281 0.000000 
2 1 0 2 0 2 1 1 1 0.619140 0.000000 
2 1 0 0 3 0 4 4 1 0.558632 0.000000 
2 1 1 5 1 1 2 2 1 0.724819 0.000000 
2 1 0 0 3 0 4 4 1 0.572747 0.000000 
2 1 0 2 0 2 1 1 1 0.633875 0.000000 
2 1 0 0 3 0 4 4 1 0.587661 0.000000 
2 1 1 15 3 3 4 4 1 0.544609 0.000000 
2 1 1 0 0 0 1 1 1 0.503409 0.000000 
2 1 0 0 3 0 4 4 1 0.599592 0.000000 
2 1 1 0 0 0 1 1 1 0.540016 0.000000 
2 1 1 15 3 3 4 4 1 0.442592 0.000000 
2 1 0 0 3 0 4 4 1 0.533372 0.000000 
2 1 0 2 0 2 1 1 1 0.636261 0.000000 
2 1 0 9 2 1 3 3 1 0.606070 0.000000 
2 1 0 7 1 3 2 2 1 0.746289 0.000000 
2 1 1 5 1 1 2 2 1 0.553173 0.000000 
2 1 0 9 2 1 3 4 0 0.591357 0.000000 
2 1 1 15 3 3 4 4 1 0.535991 0.000000 
2 1 0 9 2 1 3 3 1 0.598573 0.000000 
2 1 0 7 1 3 2 2 1 0.667407 0.000000 
2 1 0 2 0 2 1 1 1 0.636936 0.000000 
2 1 0 7 1 3 2 2 1 0.750858 0.000000 
2 1 1 5 1 1 2 2 1 0.629090 0.000000 
2 1 0 7 1 3 2 2 1 0.624620 0.000000 
2 1 0 9 2 1 3 3 1 0.580135 0.000000 
2 1 1 5 1 1 2 2 1 0.681696 0.000000 
2 1 0 9 2 1 3 3 1 0.555220 0.000000 
2 1 1 15 3 3 4 4 1 0.545362 0.000000 
2 1 0 2 0 2 1 1 1 0.664222 0.000000 
2 1 0 2 0 2 1 1 1 0.593415 0.000000 
2 1 1 0 0 0 1 1 1 0.686275 0.000000 
2 1 1 0 0 0 1 1 1 0.487157 0.000000 
2 1 0 9 2 1 3 3 1 0.735965 0.000000 
2 1 0 9 2 1 3 3 1 0.494838 0.000000 
2 1 1 5 1 1 2 2 1 0.615721 0.000000 
2 1 1 10 2 2 3 3 1 0.547839 0.000000 
2 1 1 10 2 2 3 3 1 0.490619 0.000000 
2 1 0 7 1 3 2 2 1 0.627523 0.000000 
2 1 0 0 3 0 4 4 1 0.718029 0.000000 
2 1 0 7 1 3 2 2 1 0.629459 0.000000 
2 1 0 2 0 2 1 1 1 0.608480 0.000000 
2 1 0 2 0 2 1 1 1 0.604665 0.000000 
2 1 0 9 2 1 3 3 1 0.592856 0.000000 
2 1 1 10 2 2 3 3 1 0.741719 0.000000 
2 1 1 10 2 2 3 3 1 0.540625 0.000000 
2 1 0 0 3 0 4 4 1 0.554525 0.000000 
2 1 0 7 1 3 2 2 1 0.576626 0.000000 
2 1 0 0 3 0 4 4 1 0.598103 0.000000 
2 1 0 2 0 2 1 1 1 0.618932 0.000000 
2 1 0 9 2 1 3 3 1 0.654497 0.000000 
2 1 1 15 3 3 4 4 1 0.568618 0.000000 
2 1 1 15 3 3 4 3 0 2.549676 0.000000 
2 1 1 5 1 1 2 2 1 0.967466 0.000000 
2 1 1 0 0 0 1 1 1 0.732466 0.000000 
2 1 1 5 1 1 2 2 1 0.643518 0.000000 
2 1 0 2 0 2 1 1 1 0.670401 0.000000 
2 1 0 0 3 0 4 4 1 0.726956 0.000000 
2 1 0 9 2 1 3 3 1 0.686540 0.000000 
2 1 0 7 1 3 2 2 1 0.615409 0.000000 
2 1 0 9 2 1 3 3 1 0.635556 0.000000 
2 1 0 9 2 1 3 3 1 0.526449 0.000000 
2 1 1 10 2 2 3 3 1 0.493935 0.000000 
2 1 0 2 0 2 1 1 1 0.526764 0.000000 
2 1 1 15 3 3 4 4 1 0.534256 0.000000 
2 1 0 2 0 2 1 1 1 0.645065 0.000000 
2 1 1 15 3 3 4 4 1 0.518903 0.000000 
2 1 0 7 1 3 2 2 1 0.638451 0.000000 
2 1 0 2 0 2 1 1 1 0.585374 0.000000 
2 1 0 9 2 1 3 3 1 0.590198 0.000000 
2 1 0 7 1 3 2 2 1 0.643010 0.000000 
2 1 1 10 2 2 3 3 1 0.613879 0.000000 
2 1 1 10 2 2 3 3 1 0.474093 0.000000 
2 1 1 15 3 3 4 4 1 0.515552 0.000000 
2 1 0 0 3 0 4 4 1 0.538675 0.000000 
2 1 0 0 3 0 4 4 1 0.497513 0.000000 
2 1 1 15 3 3 4 4 1 0.498318 0.000000 
2 1 1 5 1 1 2 2 1 0.603107 0.000000 
2 1 0 7 1 3 2 2 1 0.839302 0.000000 
2 1 0 0 3 0 4 4 1 0.530228 0.000000 
2 1 1 0 0 0 1 1 1 0.561772 0.000000 
2 1 1 0 0 0 1 1 1 0.447955 0.000000 
2 1 1 10 2 2 3 3 1 0.489770 0.000000 
2 1 1 0 0 0 1 1 1 0.522897 0.000000 
2 1 1 15 3 3 4 4 1 0.617942 0.000000 
2 1 0 0 3 0 4 4 1 0.533902 0.000000 
2 1 0 9 2 1 3 3 1 0.636744 0.000000 
2 1 1 5 1 1 2 2 1 0.599210 0.000000 
2 1 0 9 2 1 3 3 1 0.643903 0.000000 
2 1 0 9 2 1 3 3 1 0.550269 0.000000 
2 1 0 7 1 3 2 2 1 0.620423 0.000000 
2 1 1 0 0 0 1 1 1 0.598952 0.000000 
2 1 1 5 1 1 2 2 1 0.699892 0.000000 
2 1 0 0 3 0 4 4 1 0.547983 0.000000 
2 1 1 10 2 2 3 3 1 0.594880 0.000000 
2 1 0 7 1 3 2 2 1 0.599773 0.000000 
2 1 0 2 0 2 1 1 1 0.595890 0.000000 
2 1 1 10 2 2 3 3 1 0.608811 0.000000 
2 1 1 10 2 2 3 3 1 0.508983 0.000000 
2 1 1 0 0 0 1 1 1 0.500117 0.000000 
2 1 1 15 3 3 4 4 1 0.564295 0.000000 
2 1 1 5 1 1 2 2 1 0.602434 0.000000 
2 1 1 10 2 2 3 3 1 0.518690 0.000000 
2 1 0 7 1 3 2 2 1 0.494095 0.000000 
2 1 0 0 3 0 4 4 1 0.510958 0.000000 
2 1 0 9 2 1 3 3 1 0.519043 0.000000 
2 1 1 0 0 0 1 1 1 0.582551 0.000000 
2 1 1 10 2 2 3 3 1 0.507900 0.000000 
2 1 1 15 3 3 4 4 1 0.530554 0.000000 
2 1 1 10 2 2 3 3 1 0.506081 0.000000 
2 1 1 15 3 3 4 4 1 0.514190 0.000000 
2 1 0 7 1 3 2 2 1 0.746409 0.000000 
2 1 1 0 0 0 1 1 1 0.561289 0.000000 
2 1 0 2 0 2 1 1 1 0.543494 0.000000 
2 1 0 0 3 0 4 4 1 0.638241 0.000000 
2 1 0 0 3 0 4 4 1 0.489121 0.000000 
2 1 0 9 2 1 3 3 1 0.497915 0.000000 
2 1 1 5 1 1 2 2 1 0.609772 0.000000 
2 1 0 0 3 0 4 4 1 0.549936 0.000000 
2 1 1 0 0 0 1 1 1 0.556086 0.000000 
2 1 0 9 2 1 3 3 1 0.642308 0.000000 
2 1 0 2 0 2 1 1 1 0.533171 0.000000 
2 1 1 10 2 2 3 3 1 0.595905 0.000000 
2 1 1 15 3 3 4 4 1 0.480830 0.000000 
2 1 0 9 2 1 3 3 1 0.482333 0.000000 
2 1 0 2 0 2 1 1 1 0.602780 0.000000 
2 1 0 9 2 1 3 3 1 0.526974 0.000000 
2 1 1 5 1 1 2 2 1 0.590478 0.000000 
2 1 1 5 1 1 2 2 1 0.523407 0.000000 
2 1 0 9 2 1 3 3 1 0.538817 0.000000 
2 1 0 2 0 2 1 1 1 0.545646 0.000000 
2 1 1 15 3 3 4 4 1 0.560437 0.000000 
2 1 1 5 1 1 2 2 1 0.694604 0.000000 
2 1 1 5 1 1 2 2 1 0.654521 0.000000 
2 1 0 9 2 1 3 3 1 0.528744 0.000000 
2 1 0 2 0 2 1 1 1 0.528234 0.000000 
2 1 1 15 3 3 4 4 1 0.599707 0.000000 
2 1 0 0 3 0 4 4 1 0.475908 0.000000 
2 1 1 0 0 0 1 1 1 0.573390 0.000000 
2 1 0 9 2 1 3 3 1 0.562906 0.000000 
2 1 0 0 3 0 4 4 1 0.473064 0.000000 
2 1 1 0 0 0 1 1 1 0.522538 0.000000 
2 1 0 9 2 1 3 3 1 0.552975 0.000000 
2 1 1 10 2 2 3 3 1 0.487184 0.000000 
2 1 1 0 0 0 1 1 1 0.511995 0.000000 
2 1 1 5 1 1 2 1 0 0.872183 0.000000 
2 1 0 0 3 0 4 4 1 0.565879 0.000000 
2 1 0 2 0 2 1 1 1 0.651634 0.000000 
2 1 1 0 0 0 1 1 1 0.581713 0.000000 
2 1 0 7 1 3 2 2 1 0.602291 0.000000 
2 1 1 5 1 1 2 2 1 0.526340 0.000000 
2 1 0 0 3 0 4 3 0 0.485891 0.000000 
2 1 0 9 2 1 3 3 1 0.602508 0.000000 
2 1 1 15 3 3 4 4 1 0.406428 0.000000 
2 1 0 9 2 1 3 3 1 0.690557 0.000000 
2 1 0 9 2 1 3 3 1 0.531435 0.000000 
2 1 0 0 3 0 4 4 1 0.482918 0.000000 
2 1 0 7 1 3 2 2 1 0.627977 0.000000 
2 1 0 7 1 3 2 2 1 0.518267 0.000000 
2 1 0 9 2 1 3 3 1 0.613756 0.000000 
2 1 0 9 2 1 3 3 1 0.489942 0.000000 
2 1 1 10 2 2 3 3 1 0.722672 0.000000 
2 1 1 15 3 3 4 4 1 0.490318 0.000000 
2 1 1 5 1 1 2 2 1 0.563145 0.000000 
2 1 0 2 0 2 1 1 1 0.713319 0.000000 
2 1 0 2 0 2 1 1 1 0.528623 0.000000 
2 1 1 5 1 1 2 2 1 0.632020 0.000000 
2 1 0 0 3 0 4 4 1 0.499539 0.000000 
2 1 1 0 0 0 1 1 1 0.555933 0.000000 
2 1 0 7 1 3 2 2 1 0.713862 0.000000 
2 1 1 15 3 3 4 4 1 0.522101 0.000000 
2 1 0 2 0 2 1 1 1 0.577599 0.000000 
2 1 0 9 2 1 3 3 1 0.559102 0.000000 
2 1 0 2 0 2 1 1 1 0.597276 0.000000 
2 1 0 9 2 1 3 3 1 0.881207 0.000000 
2 1 1 10 2 2 3 3 1 0.498703 0.000000 
2 1 1 10 2 2 3 3 1 0.459534 0.000000 
2 1 0 7 1 3 2 2 1 0.821704 0.000000 
2 1 1 0 0 0 1 1 1 0.609307 0.000000 
2 1 1 0 0 0 1 1 1 0.509432 0.000000 
2 1 1 5 1 1 2 2 1 0.629632 0.000000 
2 1 1 15 3 3 4 4 1 0.545173 0.000000 
2 1 1 10 2 2 3 3 1 0.672010 0.000000 
2 1 0 7 1 3 2 2 1 0.608543 0.000000 
2 1 0 2 0 2 1 1 1 0.604770 0.000000 
2 1 0 0 3 0 4 4 1 0.624934 0.000000 
2 1 1 5 1 1 2 2 1 0.636476 0.000000 
2 1 1 10 2 2 3 3 1 0.535298 0.000000 
2 1 0 9 2 1 3 3 1 0.550154 0.000000 
2 1 1 15 3 3 4 4 1 0.500327 0.000000 
2 1 1 15 3 3 4 4 1 0.483560 0.000000 
2 1 1 15 3 3 4 4 1 0.493284 0.000000 
2 1 0 2 0 2 1 1 1 0.781106 0.000000 
2 1 1 10 2 2 3 3 1 0.586692 0.000000 
2 1 1 5 1 1 2 2 1 0.711553 0.000000 
2 1 1 0 0 0 1 1 1 0.567768 0.000000 
2 1 0 7 1 3 2 2 1 0.693258 0.000000 
2 1 0 9 2 1 3 3 1 0.662164 0.000000 
2 1 1 15 3 3 4 4 1 0.456376 0.000000 
2 1 0 2 0 2 1 1 1 0.617554 0.000000 
2 1 1 0 0 0 1 1 1 0.549044 0.000000 
2 1 1 0 0 0 1 1 1 0.475884 0.000000 
2 1 1 0 0 0 1 1 1 0.469340 0.000000 
2 1 1 15 3 3 4 4 1 0.526840 0.000000 
2 1 1 0 0 0 1 1 1 0.574309 0.000000 
2 1 0 9 2 1 3 3 1 0.515666 0.000000 
2 1 1 15 3 3 4 4 1 0.435926 0.000000 
2 1 0 9 2 1 3 3 1 0.765844 0.000000 
2 1 1 10 2 2 3 3 1 0.483835 0.000000 
2 1 0 7 1 3 2 1 0 0.524152 0.000000 
2 1 0 9 2 1 3 3 1 0.591388 0.000000 
2 1 1 15 3 3 4 4 1 0.572008 0.000000 
2 1 1 5 1 1 2 2 1 0.577586 0.000000 
2 1 0 2 0 2 1 1 1 0.615000 0.000000 
2 1 1 0 0 0 1 1 1 0.619258 0.000000 
2 1 1 15 3 3 4 4 1 0.494778 0.000000 
2 1 0 2 0 2 1 1 1 0.558615 0.000000 
2 1 1 15 3 3 4 4 1 0.628760 0.000000 
2 1 0 2 0 2 1 1 1 0.680339 0.000000 
2 1 0 2 0 2 1 1 1 0.497834 0.000000 
2 1 0 7 1 3 2 2 1 0.618647 0.000000 
2 1 1 0 0 0 1 1 1 0.494177 0.000000 
2 1 0 0 3 0 4 4 1 0.542924 0.000000 
2 1 1 5 1 1 2 2 1 0.589811 0.000000 
2 1 1 5 1 1 2 2 1 0.682698 0.000000 
2 1 0 0 3 0 4 4 1 0.547008 0.000000 
2 1 1 5 1 1 2 2 1 0.761392 0.000000 
2 1 0 7 1 3 2 2 1 0.503635 0.000000 
2 1 0 2 0 2 1 1 1 0.591785 0.000000 
2 1 0 0 3 0 4 4 1 0.588617 0.000000 
2 1 0 0 3 0 4 4 1 0.489467 0.000000 
2 1 0 7 1 3 2 2 1 0.570291 0.000000 
2 1 1 5 1 1 2 2 1 0.543824 0.000000 
2 1 0 2 0 2 1 1 1 0.565607 0.000000 
2 1 1 5 1 1 2 2 1 0.667819 0.000000 
2 1 1 5 1 1 2 2 1 0.461329 0.000000 
2 1 1 15 3 3 4 4 1 0.535464 0.000000 
2 1 0 7 1 3 2 2 1 0.654308 0.000000 
2 1 1 5 1 1 2 2 1 0.480491 0.000000 
2 1 1 0 0 0 1 1 1 0.521979 0.000000 
2 1 0 7 1 3 2 2 1 0.537489 0.000000 
2 1 0 7 1 3 2 2 1 0.440328 0.000000 
2 1 0 0 3 0 4 4 1 0.498016 0.000000 
2 1 1 10 2 2 3 3 1 0.618909 0.000000 
