1 1 0 2 0 2 1 1 1 1.439044 0.000000 
1 1 0 7 1 3 2 3 0 0.808598 0.000000 
1 1 1 5 1 1 2 1 0 0.864231 0.000000 
1 1 1 5 1 1 2 2 1 0.718124 0.000000 
1 1 0 7 1 3 2 2 1 0.621363 0.000000 
1 1 0 2 0 2 1 1 1 0.768947 0.000000 
1 1 0 8 2 0 3 3 1 1.222629 0.000000 
1 1 0 2 0 2 1 1 1 0.802435 0.000000 
1 1 0 13 3 1 4 4 1 0.909654 0.000000 
1 1 1 0 0 0 1 1 1 0.813431 0.000000 
1 1 1 5 1 1 2 2 1 0.881716 0.000000 
1 1 1 0 0 0 1 1 1 1.115491 0.000000 
1 1 1 15 3 3 4 4 1 0.739856 0.000000 
1 1 0 13 3 1 4 4 1 0.674783 0.000000 
1 1 1 15 3 3 4 4 1 0.428410 0.000000 
1 1 1 10 2 2 3 3 1 0.703903 0.000000 
1 1 1 5 1 1 2 2 1 0.679046 0.000000 
1 1 0 13 3 1 4 4 1 0.640645 0.000000 
1 1 1 10 2 2 3 4 0 0.659685 0.000000 
1 1 1 5 1 1 2 2 1 0.697680 0.000000 
1 1 0 8 2 0 3 3 1 1.090412 0.000000 
1 1 1 10 2 2 3 3 1 0.675411 0.000000 
1 1 0 8 2 0 3 3 1 0.477028 0.000000 
1 1 0 8 2 0 3 3 1 0.470511 0.000000 
1 1 0 2 0 2 1 1 1 0.702985 0.000000 
1 1 1 0 0 0 1 1 1 0.591364 0.000000 
1 1 0 13 3 1 4 3 0 0.684212 0.000000 
1 1 1 15 3 3 4 4 1 0.664933 0.000000 
1 1 1 10 2 2 3 3 1 0.722948 0.000000 
1 1 1 10 2 2 3 3 1 0.554547 0.000000 
1 1 1 15 3 3 4 4 1 0.496680 0.000000 
1 1 0 7 1 3 2 2 1 0.713528 0.000000 
1 1 0 8 2 0 3 3 1 0.832857 0.000000 
1 1 1 0 0 0 1 1 1 0.740029 0.000000 
1 1 1 15 3 3 4 4 1 0.530724 0.000000 
1 1 0 8 2 0 3 3 1 0.618270 0.000000 
1 1 0 8 2 0 3 3 1 0.509866 0.000000 
1 1 0 2 0 2 1 1 1 0.541983 0.000000 
1 1 0 13 3 1 4 4 1 0.508865 0.000000 
1 1 0 13 3 1 4 4 1 0.533091 0.000000 
1 1 0 13 3 1 4 4 1 0.426981 0.000000 
1 1 0 8 2 0 3 3 1 0.558451 0.000000 
1 1 1 15 3 3 4 4 1 0.540679 0.000000 
1 1 0 2 0 2 1 1 1 0.595535 0.000000 
1 1 1 15 3 3 4 4 1 0.552428 0.000000 
1 1 1 0 0 0 1 1 1 0.870645 0.000000 
1 1 1 5 1 1 2 2 1 0.720277 0.000000 
1 1 0 2 0 2 1 1 1 0.671853 0.000000 
1 1 1 15 3 3 4 4 1 0.520429 0.000000 
1 1 1 0 0 0 1 1 1 0.527990 0.000000 
1 1 0 8 2 0 3 3 1 0.735456 0.000000 
1 1 1 5 1 1 2 1 0 0.478441 0.000000 
1 1 0 7 1 3 2 2 1 1.011756 0.000000 
1 1 0 7 1 3 2 2 1 0.471895 0.000000 
1 1 0 2 0 2 1 1 1 0.561395 0.000000 
1 1 1 15 3 3 4 4 1 0.583507 0.000000 
1 1 0 2 0 2 1 1 1 1.099493 0.000000 
1 1 1 5 1 1 2 2 1 0.635935 0.000000 
1 1 0 2 0 2 1 1 1 0.502765 0.000000 
1 1 0 2 0 2 1 1 1 0.582920 0.000000 
1 1 0 2 0 2 1 1 1 0.428075 0.000000 
1 1 0 13 3 1 4 4 1 0.543387 0.000000 
1 1 0 2 0 2 1 1 1 0.486248 0.000000 
1 1 1 15 3 3 4 4 1 0.414966 0.000000 
1 1 0 13 3 1 4 4 1 0.523230 0.000000 
1 1 0 13 3 1 4 4 1 0.441707 0.000000 
1 1 0 2 0 2 1 1 1 0.500583 0.000000 
1 1 0 2 0 2 1 1 1 0.508744 0.000000 
1 1 0 7 1 3 2 2 1 0.436856 0.000000 
1 1 1 5 1 1 2 2 1 0.479725 0.000000 
1 1 0 13 3 1 4 4 1 0.721221 0.000000 
1 1 0 7 1 3 2 2 1 0.816842 0.000000 
1 1 1 10 2 2 3 3 1 0.652475 0.000000 
1 1 1 0 0 0 1 1 1 0.621743 0.000000 
1 1 1 0 0 0 1 1 1 0.401312 0.000000 
1 1 0 8 2 0 3 3 1 0.637471 0.000000 
1 1 1 5 1 1 2 1 0 0.400346 0.000000 
1 1 1 15 3 3 4 4 1 0.600250 0.000000 
1 1 1 0 0 0 1 1 1 0.660235 0.000000 
1 1 0 13 3 1 4 4 1 0.558495 0.000000 
1 1 0 7 1 3 2 2 1 0.716714 0.000000 
1 1 1 5 1 1 2 2 1 0.563292 0.000000 
1 1 0 13 3 1 4 4 1 0.593490 0.000000 
1 1 0 8 2 0 3 3 1 0.606385 0.000000 
1 1 1 10 2 2 3 3 1 0.442581 0.000000 
1 1 0 2 0 2 1 1 1 0.709439 0.000000 
1 1 1 0 0 0 1 1 1 0.565697 0.000000 
1 1 0 13 3 1 4 4 1 1.163962 0.000000 
1 1 0 8 2 0 3 3 1 0.594363 0.000000 
1 1 1 10 2 2 3 3 1 0.486295 0.000000 
1 1 1 15 3 3 4 4 1 0.511115 0.000000 
1 1 0 13 3 1 4 4 1 0.511389 0.000000 
1 1 1 0 0 0 1 1 1 0.631439 0.000000 
1 1 1 0 0 0 1 1 1 0.499005 0.000000 
1 1 0 13 3 1 4 4 1 0.475906 0.000000 
1 1 1 5 1 1 2 2 1 0.725380 0.000000 
1 1 0 7 1 3 2 2 1 0.588992 0.000000 
1 1 0 8 2 0 3 3 1 0.753861 0.000000 
1 1 1 15 3 3 4 4 1 0.455171 0.000000 
1 1 1 15 3 3 4 4 1 0.361343 0.000000 
1 1 0 8 2 0 3 3 1 0.559397 0.000000 
1 1 0 8 2 0 3 3 1 0.533632 0.000000 
1 1 1 5 1 1 2 1 0 0.444490 0.000000 
1 1 0 7 1 3 2 2 1 0.651128 0.000000 
1 1 0 2 0 2 1 1 1 0.661111 0.000000 
1 1 1 15 3 3 4 4 1 0.567379 0.000000 
1 1 0 8 2 0 3 3 1 0.587956 0.000000 
1 1 1 0 0 0 1 1 1 0.664820 0.000000 
1 1 1 15 3 3 4 4 1 0.483060 0.000000 
1 1 0 7 1 3 2 2 1 0.659877 0.000000 
1 1 0 8 2 0 3 3 1 0.718148 0.000000 
1 1 0 2 0 2 1 1 1 0.573756 0.000000 
1 1 0 7 1 3 2 2 1 0.595215 0.000000 
1 1 0 7 1 3 2 2 1 0.520166 0.000000 
1 1 1 15 3 3 4 4 1 0.462699 0.000000 
1 1 1 5 1 1 2 2 1 0.752845 0.000000 
1 1 0 8 2 0 3 3 1 0.639146 0.000000 
1 1 0 13 3 1 4 4 1 0.458051 0.000000 
1 1 0 7 1 3 2 3 0 0.540158 0.000000 
1 1 1 10 2 2 3 3 1 0.542900 0.000000 
1 1 0 8 2 0 3 3 1 0.533492 0.000000 
1 1 1 15 3 3 4 4 1 0.468299 0.000000 
1 1 1 10 2 2 3 3 1 0.557799 0.000000 
1 1 0 7 1 3 2 2 1 0.651034 0.000000 
1 1 1 5 1 1 2 2 1 0.533322 0.000000 
1 1 1 15 3 3 4 4 1 0.508129 0.000000 
1 1 1 15 3 3 4 4 1 0.420380 0.000000 
1 1 0 8 2 0 3 3 1 0.567810 0.000000 
1 1 1 5 1 1 2 2 1 1.093436 0.000000 
1 1 1 10 2 2 3 3 1 0.646500 0.000000 
1 1 0 2 0 2 1 1 1 0.617426 0.000000 
1 1 1 15 3 3 4 4 1 0.499893 0.000000 
1 1 0 7 1 3 2 2 1 0.644106 0.000000 
1 1 0 13 3 1 4 4 1 0.542998 0.000000 
1 1 1 0 0 0 1 1 1 0.541880 0.000000 
1 1 0 2 0 2 1 2 0 0.636758 0.000000 
1 1 0 7 1 3 2 2 1 0.675436 0.000000 
1 1 0 7 1 3 2 2 1 0.436761 0.000000 
1 1 1 5 1 1 2 2 1 0.463645 0.000000 
1 1 1 10 2 2 3 3 1 0.664747 0.000000 
1 1 1 5 1 1 2 2 1 0.763021 0.000000 
1 1 1 10 2 2 3 4 0 0.489310 0.000000 
1 1 0 2 0 2 1 1 1 0.973972 0.000000 
1 1 1 10 2 2 3 3 1 0.715374 0.000000 
1 1 1 0 0 0 1 1 1 0.571766 0.000000 
1 1 1 10 2 2 3 3 1 0.545229 0.000000 
1 1 1 5 1 1 2 1 0 0.776131 0.000000 
1 1 1 0 0 0 1 1 1 0.624544 0.000000 
1 1 1 0 0 0 1 1 1 0.427862 0.000000 
1 1 1 0 0 0 1 1 1 0.431322 0.000000 
1 1 1 15 3 3 4 4 1 0.506773 0.000000 
1 1 0 13 3 1 4 4 1 0.698989 0.000000 
1 1 1 10 2 2 3 3 1 0.579963 0.000000 
1 1 1 0 0 0 1 1 1 1.041492 0.000000 
1 1 1 15 3 3 4 4 1 0.532541 0.000000 
1 1 1 0 0 0 1 1 1 0.570955 0.000000 
1 1 1 10 2 2 3 3 1 1.816592 0.000000 
1 1 1 10 2 2 3 3 1 0.468672 0.000000 
1 1 0 8 2 0 3 3 1 0.558121 0.000000 
1 1 0 7 1 3 2 2 1 0.732329 0.000000 
1 1 0 2 0 2 1 1 1 0.915950 0.000000 
1 1 0 8 2 0 3 3 1 0.651966 0.000000 
1 1 0 7 1 3 2 2 1 0.804888 0.000000 
1 1 0 7 1 3 2 2 1 0.649157 0.000000 
1 1 1 5 1 1 2 2 1 0.531961 0.000000 
1 1 0 7 1 3 2 2 1 0.483005 0.000000 
1 1 0 8 2 0 3 3 1 0.708053 0.000000 
1 1 1 15 3 3 4 4 1 0.508082 0.000000 
1 1 1 0 0 0 1 1 1 0.596230 0.000000 
1 1 1 10 2 2 3 3 1 0.769225 0.000000 
1 1 0 7 1 3 2 1 0 0.477822 0.000000 
1 1 1 0 0 0 1 1 1 0.547123 0.000000 
1 1 0 7 1 3 2 2 1 1.305724 0.000000 
1 1 1 0 0 0 1 1 1 0.602245 0.000000 
1 1 1 10 2 2 3 3 1 0.918482 0.000000 
1 1 1 10 2 2 3 3 1 0.414122 0.000000 
1 1 1 5 1 1 2 2 1 1.074308 0.000000 
1 1 0 7 1 3 2 2 1 0.500024 0.000000 
1 1 0 13 3 1 4 4 1 0.603233 0.000000 
1 1 0 2 0 2 1 1 1 0.943479 0.000000 
1 1 1 5 1 1 2 2 1 0.694510 0.000000 
1 1 0 8 2 0 3 3 1 0.615439 0.000000 
1 1 0 13 3 1 4 4 1 0.507675 0.000000 
1 1 1 15 3 3 4 4 1 0.507827 0.000000 
1 1 0 13 3 1 4 4 1 0.523924 0.000000 
1 1 1 0 0 0 1 1 1 1.099584 0.000000 
1 1 1 15 3 3 4 4 1 0.490973 0.000000 
1 1 1 10 2 2 3 3 1 0.635852 0.000000 
1 1 1 10 2 2 3 3 1 0.558690 0.000000 
1 1 0 7 1 3 2 2 1 0.700938 0.000000 
1 1 1 10 2 2 3 3 1 0.629196 0.000000 
1 1 0 2 0 2 1 1 1 0.576727 0.000000 
1 1 0 2 0 2 1 1 1 3.685812 0.000000 
1 1 1 10 2 2 3 3 1 2.910310 0.000000 
1 1 0 2 0 2 1 1 1 0.686843 0.000000 
1 1 1 0 0 0 1 1 1 0.527849 0.000000 
1 1 1 10 2 2 3 3 1 0.455334 0.000000 
1 1 1 10 2 2 3 3 1 0.377511 0.000000 
1 1 0 13 3 1 4 4 1 0.566811 0.000000 
1 1 0 13 3 1 4 4 1 0.460086 0.000000 
1 1 1 15 3 3 4 4 1 0.373951 0.000000 
1 1 0 7 1 3 2 2 1 0.731335 0.000000 
1 1 0 2 0 2 1 1 1 0.641420 0.000000 
1 1 1 5 1 1 2 2 1 1.572341 0.000000 
1 1 1 15 3 3 4 4 1 0.506248 0.000000 
1 1 1 5 1 1 2 2 1 0.546475 0.000000 
1 1 1 0 0 0 1 1 1 0.673359 0.000000 
1 1 0 2 0 2 1 1 1 0.602913 0.000000 
1 1 0 7 1 3 2 2 1 0.855146 0.000000 
1 1 1 0 0 0 1 1 1 0.393498 0.000000 
1 1 1 15 3 3 4 4 1 0.493255 0.000000 
1 1 1 0 0 0 1 1 1 0.518127 0.000000 
1 1 0 7 1 3 2 2 1 0.613706 0.000000 
1 1 1 15 3 3 4 4 1 0.489929 0.000000 
1 1 1 10 2 2 3 3 1 0.594719 0.000000 
1 1 1 15 3 3 4 4 1 0.495613 0.000000 
1 1 0 2 0 2 1 1 1 0.600482 0.000000 
1 1 1 0 0 0 1 1 1 0.468656 0.000000 
1 1 0 2 0 2 1 1 1 0.565136 0.000000 
1 1 1 5 1 1 2 1 0 0.763415 0.000000 
1 1 0 8 2 0 3 3 1 0.749495 0.000000 
1 1 0 2 0 2 1 1 1 0.660042 0.000000 
1 1 1 15 3 3 4 4 1 0.509752 0.000000 
1 1 0 2 0 2 1 1 1 0.629975 0.000000 
1 1 1 10 2 2 3 3 1 0.569533 0.000000 
1 1 0 7 1 3 2 2 1 0.695025 0.000000 
1 1 0 7 1 3 2 2 1 0.518974 0.000000 
1 1 0 7 1 3 2 2 1 0.454527 0.000000 
1 1 0 7 1 3 2 2 1 0.440669 0.000000 
1 1 0 8 2 0 3 3 1 0.531456 0.000000 
1 1 1 0 0 0 1 1 1 0.451074 0.000000 
1 1 0 7 1 3 2 3 0 0.845202 0.000000 
1 1 1 10 2 2 3 3 1 0.588012 0.000000 
1 1 0 8 2 0 3 3 1 0.408551 0.000000 
1 1 0 7 1 3 2 1 0 0.516756 0.000000 
1 1 1 15 3 3 4 4 1 0.559052 0.000000 
1 1 0 7 1 3 2 2 1 0.821012 0.000000 
1 1 1 10 2 2 3 3 1 0.608641 0.000000 
1 1 1 15 3 3 4 4 1 0.604884 0.000000 
1 1 0 8 2 0 3 3 1 0.513126 0.000000 
1 1 0 8 2 0 3 3 1 0.457314 0.000000 
1 1 1 0 0 0 1 1 1 0.635509 0.000000 
1 1 1 0 0 0 1 1 1 0.502406 0.000000 
1 1 0 13 3 1 4 4 1 0.501556 0.000000 
1 1 1 10 2 2 3 3 1 0.629786 0.000000 
1 1 1 5 1 1 2 2 1 0.649309 0.000000 
1 1 0 13 3 1 4 4 1 0.540111 0.000000 
1 1 0 7 1 3 2 2 1 0.546469 0.000000 
1 1 1 10 2 2 3 3 1 0.513328 0.000000 
1 1 0 7 1 3 2 2 1 0.609512 0.000000 
1 1 1 15 3 3 4 4 1 0.509696 0.000000 
1 1 0 13 3 1 4 4 1 0.532855 0.000000 
1 1 1 0 0 0 1 1 1 0.539976 0.000000 
1 1 1 0 0 0 1 1 1 0.402620 0.000000 
1 1 1 15 3 3 4 4 1 0.718789 0.000000 
1 1 1 15 3 3 4 4 1 0.382353 0.000000 
1 1 0 2 0 2 1 1 1 0.571918 0.000000 
1 1 1 0 0 0 1 1 1 0.401404 0.000000 
1 1 1 15 3 3 4 4 1 0.477553 0.000000 
1 1 0 7 1 3 2 2 1 0.647050 0.000000 
1 1 1 0 0 0 1 1 1 0.528925 0.000000 
1 1 0 7 1 3 2 1 0 0.432435 0.000000 
1 1 1 0 0 0 1 1 1 0.495768 0.000000 
1 1 1 5 1 1 2 2 1 0.616309 0.000000 
1 1 0 8 2 0 3 3 1 0.531901 0.000000 
1 1 1 15 3 3 4 4 1 0.499401 0.000000 
1 1 0 13 3 1 4 4 1 0.411861 0.000000 
1 1 1 5 1 1 2 2 1 0.591738 0.000000 
1 1 0 2 0 2 1 1 1 0.667659 0.000000 
1 1 1 0 0 0 1 1 1 0.677270 0.000000 
1 1 1 15 3 3 4 4 1 0.446819 0.000000 
1 1 1 10 2 2 3 3 1 0.641660 0.000000 
1 1 0 2 0 2 1 1 1 0.556527 0.000000 
1 1 0 2 0 2 1 1 1 0.410722 0.000000 
1 1 0 8 2 0 3 3 1 0.630901 0.000000 
1 1 1 0 0 0 1 1 1 0.530470 0.000000 
1 1 1 0 0 0 1 1 1 0.456934 0.000000 
1 1 0 7 1 3 2 1 0 0.547093 0.000000 
1 1 0 8 2 0 3 3 1 0.701836 0.000000 
1 1 1 15 3 3 4 4 1 0.517875 0.000000 
1 1 1 0 0 0 1 1 1 0.709370 0.000000 
1 1 0 7 1 3 2 2 1 0.757615 0.000000 
1 1 0 8 2 0 3 3 1 0.603906 0.000000 
1 1 1 5 1 1 2 2 1 0.704181 0.000000 
1 1 1 10 2 2 3 3 1 0.967384 0.000000 
1 1 0 13 3 1 4 4 1 0.501145 0.000000 
1 1 1 10 2 2 3 3 1 0.533296 0.000000 
1 1 1 0 0 0 1 1 1 0.652197 0.000000 
1 1 0 7 1 3 2 2 1 0.678390 0.000000 
1 1 0 8 2 0 3 3 1 0.679970 0.000000 
1 1 1 15 3 3 4 4 1 0.513544 0.000000 
1 1 1 15 3 3 4 4 1 0.393717 0.000000 
1 1 0 7 1 3 2 2 1 0.566580 0.000000 
1 1 0 13 3 1 4 4 1 0.499100 0.000000 
1 1 1 15 3 3 4 4 1 0.427835 0.000000 
1 1 0 8 2 0 3 3 1 0.471429 0.000000 
1 1 0 2 0 2 1 1 1 0.536975 0.000000 
1 1 0 13 3 1 4 4 1 0.479819 0.000000 
1 1 1 15 3 3 4 4 1 0.345262 0.000000 
1 1 1 10 2 2 3 3 1 0.560075 0.000000 
1 1 1 15 3 3 4 4 1 0.446312 0.000000 
1 1 1 0 0 0 1 1 1 0.472136 0.000000 
1 1 1 10 2 2 3 3 1 0.417659 0.000000 
1 1 1 15 3 3 4 3 0 0.413111 0.000000 
1 1 1 0 0 0 1 1 1 0.525015 0.000000 
1 1 0 2 0 2 1 1 1 0.572289 0.000000 
1 1 0 8 2 0 3 3 1 0.905887 0.000000 
1 1 0 8 2 0 3 3 1 0.490169 0.000000 
1 1 0 2 0 2 1 1 1 0.547099 0.000000 
1 1 0 7 1 3 2 2 1 0.673944 0.000000 
1 1 0 13 3 1 4 4 1 0.538507 0.000000 
1 1 1 5 1 1 2 3 0 0.569325 0.000000 
1 1 0 13 3 1 4 4 1 0.554712 0.000000 
1 1 1 10 2 2 3 3 1 0.600625 0.000000 
1 1 1 15 3 3 4 4 1 0.492884 0.000000 
1 1 0 7 1 3 2 2 1 0.773793 0.000000 
1 1 0 7 1 3 2 2 1 0.483396 0.000000 
1 1 1 15 3 3 4 4 1 0.516216 0.000000 
1 1 0 2 0 2 1 1 1 0.642986 0.000000 
1 1 1 0 0 0 1 1 1 0.557661 0.000000 
1 1 0 2 0 2 1 1 1 0.483887 0.000000 
1 1 0 8 2 0 3 3 1 0.556677 0.000000 
1 1 0 8 2 0 3 3 1 0.450888 0.000000 
1 1 1 5 1 1 2 2 1 0.780990 0.000000 
1 1 0 13 3 1 4 4 1 0.538671 0.000000 
1 1 1 10 2 2 3 3 1 0.736655 0.000000 
1 1 1 10 2 2 3 3 1 0.407479 0.000000 
1 1 0 13 3 1 4 4 1 0.483607 0.000000 
1 1 1 5 1 1 2 2 1 0.636500 0.000000 
1 1 1 0 0 0 1 1 1 0.631370 0.000000 
1 1 0 8 2 0 3 3 1 0.594985 0.000000 
1 1 0 2 0 2 1 1 1 0.631865 0.000000 
1 1 1 5 1 1 2 2 1 0.803474 0.000000 
1 1 1 0 0 0 1 1 1 0.519738 0.000000 
1 1 0 8 2 0 3 3 1 0.463257 0.000000 
1 1 0 2 0 2 1 1 1 0.616488 0.000000 
1 1 0 13 3 1 4 3 0 0.475897 0.000000 
1 1 1 5 1 1 2 2 1 0.833284 0.000000 
1 1 1 5 1 1 2 2 1 0.468029 0.000000 
1 1 1 15 3 3 4 4 1 0.453508 0.000000 
1 1 0 13 3 1 4 4 1 0.495704 0.000000 
1 1 1 10 2 2 3 3 1 0.544526 0.000000 
1 1 0 8 2 0 3 3 1 0.639410 0.000000 
1 1 0 2 0 2 1 1 1 0.537289 0.000000 
1 1 0 7 1 3 2 2 1 0.600218 0.000000 
1 1 0 7 1 3 2 2 1 0.428366 0.000000 
1 1 0 2 0 2 1 1 1 0.527870 0.000000 
1 1 1 5 1 1 2 1 0 0.391402 0.000000 
1 1 1 5 1 1 2 2 1 0.656008 0.000000 
1 1 1 15 3 3 4 4 1 0.505965 0.000000 
1 1 0 13 3 1 4 4 1 0.434173 0.000000 
1 1 0 13 3 1 4 4 1 0.420857 0.000000 
1 1 1 5 1 1 2 2 1 0.679507 0.000000 
1 1 1 5 1 1 2 2 1 0.457074 0.000000 
1 1 0 7 1 3 2 2 1 0.419271 0.000000 
1 1 1 15 3 3 4 4 1 0.438714 0.000000 
1 1 1 0 0 0 1 1 1 0.521556 0.000000 
1 1 1 10 2 2 3 3 1 0.681112 0.000000 
1 1 1 10 2 2 3 2 0 0.466621 0.000000 
1 1 0 2 0 2 1 1 1 0.662981 0.000000 
1 1 0 8 2 0 3 3 1 0.592909 0.000000 
1 1 0 7 1 3 2 2 1 0.685884 0.000000 
1 1 0 13 3 1 4 4 1 0.606838 0.000000 
1 1 1 15 3 3 4 4 1 0.578963 0.000000 
1 1 0 8 2 0 3 3 1 0.696585 0.000000 
1 1 1 5 1 1 2 2 1 2.361500 0.000000 
1 1 0 8 2 0 3 4 0 0.520446 0.000000 
1 1 0 8 2 0 3 3 1 0.506756 0.000000 
1 1 0 8 2 0 3 3 1 0.458738 0.000000 
1 1 1 15 3 3 4 4 1 0.476831 0.000000 
1 1 1 5 1 1 2 2 1 0.878431 0.000000 
1 1 0 7 1 3 2 2 1 0.440058 0.000000 
1 1 1 5 1 1 2 2 1 0.474855 0.000000 
1 1 0 13 3 1 4 4 1 0.564380 0.000000 
1 1 0 2 0 2 1 1 1 0.578608 0.000000 
1 1 1 5 1 1 2 2 1 0.551130 0.000000 
1 1 0 8 2 0 3 3 1 0.621328 0.000000 
1 1 0 8 2 0 3 3 1 0.408871 0.000000 
1 1 1 10 2 2 3 3 1 0.421029 0.000000 
1 1 0 7 1 3 2 2 1 0.544523 0.000000 
1 1 0 13 3 1 4 4 1 0.559351 0.000000 
1 1 1 10 2 2 3 3 1 0.477594 0.000000 
1 1 0 2 0 2 1 1 1 0.535094 0.000000 
1 1 1 10 2 2 3 3 1 0.637938 0.000000 
