40 1 1 0 0 0 1 1 1 0.117970 0.000000 
40 1 0 6 1 2 2 2 1 1.332695 0.000000 
40 1 0 8 2 0 3 3 1 1.371855 0.000000 
40 1 1 5 1 1 2 2 1 1.441182 0.000000 
40 1 0 13 3 1 4 4 1 1.380213 0.000000 
40 1 0 6 1 2 2 2 1 1.920599 0.000000 
40 1 0 6 1 2 2 2 1 0.552578 0.000000 
40 1 1 5 1 1 2 2 1 0.798755 0.000000 
40 1 1 5 1 1 2 2 1 1.099647 0.000000 
40 1 0 6 1 2 2 2 1 0.940092 0.000000 
40 1 1 0 0 0 1 1 1 0.715079 0.000000 
40 1 0 6 1 2 2 2 1 0.731301 0.000000 
40 1 0 8 2 0 3 3 1 0.594882 0.000000 
40 1 0 13 3 1 4 4 1 0.518689 0.000000 
40 1 0 3 0 3 1 1 1 0.758193 0.000000 
40 1 1 5 1 1 2 2 1 0.580481 0.000000 
40 1 1 0 0 0 1 1 1 0.601976 0.000000 
40 1 1 15 3 3 4 4 1 0.598114 0.000000 
40 1 0 13 3 1 4 4 1 0.499005 0.000000 
40 1 0 6 1 2 2 2 1 0.691846 0.000000 
40 1 0 8 2 0 3 3 1 0.748741 0.000000 
40 1 0 13 3 1 4 4 1 0.570580 0.000000 
40 1 1 10 2 2 3 3 1 0.688137 0.000000 
40 1 1 10 2 2 3 3 1 0.657026 0.000000 
40 1 1 5 1 1 2 2 1 0.787243 0.000000 
40 1 1 0 0 0 1 1 1 0.696186 0.000000 
40 1 1 10 2 2 3 3 1 0.697068 0.000000 
40 1 1 0 0 0 1 1 1 0.585912 0.000000 
40 1 1 5 1 1 2 2 1 0.654809 0.000000 
40 1 1 15 3 3 4 4 1 0.511966 0.000000 
40 1 1 0 0 0 1 1 1 0.568156 0.000000 
40 1 1 15 3 3 4 4 1 0.477666 0.000000 
40 1 0 6 1 2 2 2 1 0.751142 0.000000 
40 1 1 0 0 0 1 1 1 0.549382 0.000000 
40 1 1 15 3 3 4 4 1 0.508053 0.000000 
40 1 0 3 0 3 1 1 1 0.883724 0.000000 
40 1 1 5 1 1 2 2 1 0.700687 0.000000 
40 1 0 13 3 1 4 4 1 0.587943 0.000000 
40 1 0 6 1 2 2 2 1 0.624766 0.000000 
40 1 1 15 3 3 4 4 1 1.596353 0.000000 
40 1 0 3 0 3 1 1 1 0.561536 0.000000 
40 1 1 0 0 0 1 1 1 0.759737 0.000000 
40 1 0 13 3 1 4 1 0 0.501958 0.000000 
40 1 0 8 2 0 3 3 1 1.690196 0.000000 
40 1 0 3 0 3 1 1 1 0.713972 0.000000 
40 1 1 10 2 2 3 3 1 0.626197 0.000000 
40 1 0 6 1 2 2 2 1 0.821739 0.000000 
40 1 0 3 0 3 1 1 1 0.625345 0.000000 
40 1 1 0 0 0 1 1 1 0.596855 0.000000 
40 1 0 8 2 0 3 3 1 0.673717 0.000000 
40 1 0 6 1 2 2 2 1 0.771260 0.000000 
40 1 1 15 3 3 4 4 1 0.567931 0.000000 
40 1 0 8 2 0 3 3 1 0.765382 0.000000 
40 1 0 6 1 2 2 2 1 0.747657 0.000000 
40 1 1 5 1 1 2 2 1 0.666510 0.000000 
40 1 1 15 3 3 4 4 1 0.756086 0.000000 
40 1 1 15 3 3 4 4 1 0.458339 0.000000 
40 1 0 8 2 0 3 3 1 0.588454 0.000000 
40 1 0 13 3 1 4 4 1 0.609303 0.000000 
40 1 1 5 1 1 2 2 1 0.973498 0.000000 
40 1 0 13 3 1 4 4 1 0.547146 0.000000 
40 1 1 15 3 3 4 4 1 0.600948 0.000000 
40 1 1 10 2 2 3 3 1 3.365278 0.000000 
40 1 1 15 3 3 4 4 1 0.532029 0.000000 
40 1 1 5 1 1 2 2 1 0.595333 0.000000 
40 1 1 0 0 0 1 1 1 0.536155 0.000000 
40 1 1 10 2 2 3 3 1 1.599030 0.000000 
40 1 1 15 3 3 4 4 1 0.636081 0.000000 
40 1 1 5 1 1 2 2 1 1.421515 0.000000 
40 1 0 6 1 2 2 2 1 0.785322 0.000000 
40 1 1 15 3 3 4 4 1 0.566240 0.000000 
40 1 0 8 2 0 3 3 1 0.836018 0.000000 
40 1 0 3 0 3 1 1 1 0.526706 0.000000 
40 1 1 10 2 2 3 3 1 0.470201 0.000000 
40 1 1 10 2 2 3 3 1 0.495674 0.000000 
40 1 0 6 1 2 2 1 0 0.815450 0.000000 
40 1 0 6 1 2 2 2 1 0.551786 0.000000 
40 1 1 10 2 2 3 3 1 0.661483 0.000000 
40 1 0 8 2 0 3 3 1 0.503669 0.000000 
40 1 0 6 1 2 2 2 1 0.895864 0.000000 
40 1 0 8 2 0 3 3 1 0.656778 0.000000 
40 1 1 0 0 0 1 1 1 0.666989 0.000000 
40 1 0 8 2 0 3 1 0 0.692551 0.000000 
40 1 0 6 1 2 2 2 1 0.856486 0.000000 
40 1 1 0 0 0 1 1 1 2.450376 0.000000 
40 1 1 5 1 1 2 2 1 0.725216 0.000000 
40 1 0 13 3 1 4 4 1 0.732747 0.000000 
40 1 1 15 3 3 4 4 1 0.579947 0.000000 
40 1 1 15 3 3 4 4 1 1.337246 0.000000 
40 1 1 5 1 1 2 2 1 0.759298 0.000000 
40 1 0 8 2 0 3 3 1 0.765628 0.000000 
40 1 0 3 0 3 1 1 1 0.683866 0.000000 
40 1 0 13 3 1 4 4 1 0.532757 0.000000 
40 1 0 13 3 1 4 4 1 0.580084 0.000000 
40 1 1 15 3 3 4 4 1 0.481045 0.000000 
40 1 0 8 2 0 3 3 1 0.818586 0.000000 
40 1 1 0 0 0 1 1 1 0.622137 0.000000 
40 1 0 8 2 0 3 3 1 1.297741 0.000000 
40 1 1 5 1 1 2 2 1 0.793848 0.000000 
40 1 0 13 3 1 4 4 1 0.550783 0.000000 
40 1 0 8 2 0 3 3 1 0.652947 0.000000 
40 1 1 10 2 2 3 4 0 0.495167 0.000000 
40 1 1 5 1 1 2 2 1 0.675996 0.000000 
40 1 0 13 3 1 4 4 1 0.973013 0.000000 
40 1 1 5 1 1 2 2 1 0.698734 0.000000 
40 1 1 5 1 1 2 2 1 0.626633 0.000000 
40 1 0 6 1 2 2 2 1 0.638172 0.000000 
40 1 0 8 2 0 3 3 1 1.377012 0.000000 
40 1 1 0 0 0 1 1 1 0.582859 0.000000 
40 1 1 10 2 2 3 3 1 1.243972 0.000000 
40 1 1 10 2 2 3 3 1 0.526822 0.000000 
40 1 1 15 3 3 4 4 1 0.518313 0.000000 
40 1 1 5 1 1 2 2 1 0.725819 0.000000 
40 1 0 3 0 3 1 1 1 0.564367 0.000000 
40 1 1 10 2 2 3 3 1 0.634477 0.000000 
40 1 1 10 2 2 3 3 1 0.477395 0.000000 
40 1 1 10 2 2 3 3 1 0.502892 0.000000 
40 1 0 8 2 0 3 3 1 0.510974 0.000000 
40 1 1 15 3 3 4 4 1 0.535179 0.000000 
40 1 0 13 3 1 4 4 1 0.437954 0.000000 
40 1 0 8 2 0 3 3 1 0.880814 0.000000 
40 1 1 0 0 0 1 1 1 0.649423 0.000000 
40 1 0 13 3 1 4 4 1 0.668137 0.000000 
40 1 1 15 3 3 4 4 1 0.557194 0.000000 
40 1 0 8 2 0 3 3 1 0.723368 0.000000 
40 1 0 3 0 3 1 1 1 0.594913 0.000000 
40 1 0 6 1 2 2 2 1 1.743796 0.000000 
40 1 1 10 2 2 3 3 1 0.695079 0.000000 
40 1 0 6 1 2 2 3 0 0.647013 0.000000 
40 1 1 5 1 1 2 2 1 0.613663 0.000000 
40 1 1 5 1 1 2 2 1 0.425585 0.000000 
40 1 0 3 0 3 1 1 1 0.557063 0.000000 
40 1 1 0 0 0 1 1 1 0.563212 0.000000 
40 1 0 3 0 3 1 1 1 0.473386 0.000000 
40 1 0 13 3 1 4 4 1 0.722839 0.000000 
40 1 1 5 1 1 2 2 1 0.817430 0.000000 
40 1 1 5 1 1 2 2 1 0.549052 0.000000 
40 1 0 13 3 1 4 4 1 0.587884 0.000000 
40 1 0 3 0 3 1 1 1 0.680742 0.000000 
40 1 0 13 3 1 4 4 1 0.498273 0.000000 
40 1 1 0 0 0 1 1 1 0.451043 0.000000 
40 1 1 5 1 1 2 2 1 0.669221 0.000000 
40 1 0 13 3 1 4 4 1 0.550754 0.000000 
40 1 0 8 2 0 3 3 1 1.004951 0.000000 
40 1 1 10 2 2 3 3 1 0.593269 0.000000 
40 1 0 3 0 3 1 4 0 0.861152 0.000000 
40 1 1 15 3 3 4 4 1 0.587202 0.000000 
40 1 0 8 2 0 3 3 1 1.831856 0.000000 
40 1 0 6 1 2 2 2 1 0.771830 0.000000 
40 1 0 3 0 3 1 1 1 0.641424 0.000000 
40 1 0 8 2 0 3 3 1 0.780304 0.000000 
40 1 1 10 2 2 3 3 1 0.528926 0.000000 
40 1 0 3 0 3 1 1 1 0.672347 0.000000 
40 1 1 10 2 2 3 3 1 0.577945 0.000000 
40 1 1 15 3 3 4 4 1 0.591441 0.000000 
40 1 0 3 0 3 1 1 1 0.588288 0.000000 
40 1 0 3 0 3 1 1 1 0.521127 0.000000 
40 1 1 0 0 0 1 1 1 0.840632 0.000000 
40 1 0 6 1 2 2 2 1 0.795595 0.000000 
40 1 1 10 2 2 3 3 1 0.719561 0.000000 
40 1 1 10 2 2 3 3 1 0.511045 0.000000 
40 1 0 13 3 1 4 4 1 0.615245 0.000000 
40 1 1 0 0 0 1 1 1 0.579434 0.000000 
40 1 0 8 2 0 3 3 1 0.672939 0.000000 
40 1 0 3 0 3 1 1 1 0.578490 0.000000 
40 1 1 15 3 3 4 4 1 0.567989 0.000000 
40 1 0 3 0 3 1 1 1 0.541506 0.000000 
40 1 0 8 2 0 3 3 1 0.732345 0.000000 
40 1 1 0 0 0 1 1 1 0.554860 0.000000 
40 1 1 0 0 0 1 1 1 0.537090 0.000000 
40 1 1 15 3 3 4 4 1 0.567905 0.000000 
40 1 0 13 3 1 4 4 1 0.661421 0.000000 
40 1 1 10 2 2 3 3 1 1.135649 0.000000 
40 1 0 3 0 3 1 1 1 0.598685 0.000000 
40 1 1 10 2 2 3 3 1 0.659542 0.000000 
40 1 0 6 1 2 2 2 1 0.653766 0.000000 
40 1 0 13 3 1 4 4 1 0.566994 0.000000 
40 1 0 6 1 2 2 2 1 0.740274 0.000000 
40 1 0 3 0 3 1 1 1 0.451396 0.000000 
40 1 0 13 3 1 4 4 1 0.557547 0.000000 
40 1 0 3 0 3 1 1 1 0.515698 0.000000 
40 1 1 0 0 0 1 1 1 0.643860 0.000000 
40 1 0 3 0 3 1 1 1 0.414699 0.000000 
40 1 1 0 0 0 1 1 1 0.418825 0.000000 
40 1 0 3 0 3 1 1 1 0.398263 0.000000 
40 1 0 6 1 2 2 2 1 1.106058 0.000000 
40 1 1 15 3 3 4 4 1 0.554438 0.000000 
40 1 1 10 2 2 3 3 1 0.840615 0.000000 
40 1 1 15 3 3 4 4 1 0.419538 0.000000 
40 1 1 0 0 0 1 1 1 0.518994 0.000000 
40 1 1 5 1 1 2 2 1 0.502486 0.000000 
40 1 0 13 3 1 4 3 0 0.558642 0.000000 
40 1 0 6 1 2 2 2 1 0.950693 0.000000 
40 1 1 15 3 3 4 4 1 0.628336 0.000000 
40 1 1 15 3 3 4 4 1 0.407383 0.000000 
40 1 1 10 2 2 3 3 1 0.843352 0.000000 
40 1 1 15 3 3 4 4 1 0.509766 0.000000 
40 1 1 0 0 0 1 1 1 0.556792 0.000000 
40 1 1 10 2 2 3 3 1 1.402475 0.000000 
40 1 1 0 0 0 1 1 1 0.574939 0.000000 
40 1 0 8 2 0 3 3 1 0.844484 0.000000 
40 1 1 15 3 3 4 4 1 0.559415 0.000000 
40 1 0 13 3 1 4 4 1 0.605597 0.000000 
40 1 0 6 1 2 2 2 1 0.753788 0.000000 
40 1 0 13 3 1 4 4 1 0.560022 0.000000 
40 1 1 0 0 0 1 1 1 0.533183 0.000000 
40 1 1 10 2 2 3 3 1 0.956019 0.000000 
40 1 0 8 2 0 3 3 1 0.690360 0.000000 
40 1 0 13 3 1 4 4 1 0.571258 0.000000 
40 1 1 15 3 3 4 4 1 0.536756 0.000000 
40 1 1 10 2 2 3 3 1 0.823606 0.000000 
40 1 0 6 1 2 2 2 1 0.739163 0.000000 
40 1 0 8 2 0 3 3 1 0.673171 0.000000 
40 1 0 8 2 0 3 3 1 0.514608 0.000000 
40 1 1 0 0 0 1 1 1 0.594811 0.000000 
40 1 0 13 3 1 4 4 1 0.599652 0.000000 
40 1 1 5 1 1 2 2 1 0.940120 0.000000 
40 1 1 0 0 0 1 1 1 2.266923 0.000000 
40 1 1 5 1 1 2 2 1 1.061055 0.000000 
40 1 0 6 1 2 2 2 1 1.599405 0.000000 
40 1 1 10 2 2 3 4 0 0.618948 0.000000 
40 1 1 0 0 0 1 2 0 0.642331 0.000000 
40 1 0 13 3 1 4 4 1 0.640984 0.000000 
40 1 0 3 0 3 1 1 1 0.627374 0.000000 
40 1 1 10 2 2 3 3 1 0.734923 0.000000 
40 1 0 8 2 0 3 3 1 0.613831 0.000000 
40 1 1 5 1 1 2 1 0 1.290040 0.000000 
40 1 0 13 3 1 4 4 1 0.606132 0.000000 
40 1 1 0 0 0 1 1 1 0.665884 0.000000 
40 1 0 8 2 0 3 3 1 0.955958 0.000000 
40 1 1 5 1 1 2 2 1 0.738417 0.000000 
40 1 1 5 1 1 2 2 1 0.513328 0.000000 
40 1 0 8 2 0 3 3 1 0.785486 0.000000 
40 1 1 0 0 0 1 1 1 1.894477 0.000000 
40 1 0 13 3 1 4 4 1 0.806747 0.000000 
40 1 1 15 3 3 4 4 1 0.587083 0.000000 
40 1 1 0 0 0 1 1 1 0.695925 0.000000 
40 1 0 8 2 0 3 3 1 0.616796 0.000000 
40 1 0 3 0 3 1 1 1 0.644349 0.000000 
40 1 1 15 3 3 4 4 1 0.591178 0.000000 
40 1 0 3 0 3 1 1 1 0.964087 0.000000 
40 1 0 8 2 0 3 3 1 1.770445 0.000000 
40 1 0 6 1 2 2 2 1 1.071408 0.000000 
40 1 0 13 3 1 4 4 1 0.593093 0.000000 
40 1 0 13 3 1 4 4 1 0.573954 0.000000 
40 1 0 13 3 1 4 4 1 0.507468 0.000000 
40 1 1 10 2 2 3 3 1 0.739612 0.000000 
40 1 1 5 1 1 2 2 1 0.642511 0.000000 
40 1 1 0 0 0 1 1 1 0.597395 0.000000 
40 1 1 10 2 2 3 3 1 0.706246 0.000000 
40 1 0 13 3 1 4 4 1 0.681475 0.000000 
40 1 1 0 0 0 1 1 1 0.531019 0.000000 
40 1 0 13 3 1 4 4 1 0.538496 0.000000 
40 1 0 13 3 1 4 4 1 0.545308 0.000000 
40 1 1 0 0 0 1 1 1 0.600171 0.000000 
40 1 0 8 2 0 3 4 0 0.524350 0.000000 
40 1 1 0 0 0 1 1 1 0.495624 0.000000 
40 1 0 13 3 1 4 4 1 0.535251 0.000000 
40 1 0 8 2 0 3 3 1 0.653880 0.000000 
40 1 1 0 0 0 1 2 0 0.536235 0.000000 
40 1 0 6 1 2 2 2 1 0.795118 0.000000 
40 1 0 6 1 2 2 2 1 0.607545 0.000000 
40 1 1 5 1 1 2 2 1 0.555739 0.000000 
40 1 0 8 2 0 3 3 1 1.025930 0.000000 
40 1 1 5 1 1 2 2 1 0.693602 0.000000 
40 1 0 8 2 0 3 3 1 0.734500 0.000000 
40 1 0 3 0 3 1 1 1 0.580384 0.000000 
40 1 0 8 2 0 3 3 1 0.737912 0.000000 
40 1 0 8 2 0 3 3 1 0.552818 0.000000 
40 1 1 10 2 2 3 3 1 0.614999 0.000000 
40 1 1 5 1 1 2 2 1 0.947206 0.000000 
40 1 0 8 2 0 3 3 1 1.002226 0.000000 
40 1 0 8 2 0 3 3 1 0.702538 0.000000 
40 1 1 5 1 1 2 2 1 0.877780 0.000000 
40 1 1 0 0 0 1 1 1 0.543404 0.000000 
40 1 0 3 0 3 1 1 1 0.790229 0.000000 
40 1 0 13 3 1 4 4 1 0.547159 0.000000 
40 1 1 0 0 0 1 1 1 0.665985 0.000000 
40 1 0 8 2 0 3 3 1 0.940030 0.000000 
40 1 1 15 3 3 4 4 1 0.610523 0.000000 
40 1 1 15 3 3 4 4 1 0.590711 0.000000 
40 1 0 8 2 0 3 3 1 1.090543 0.000000 
40 1 0 13 3 1 4 4 1 0.603639 0.000000 
40 1 1 5 1 1 2 2 1 0.743787 0.000000 
40 1 0 6 1 2 2 2 1 0.742677 0.000000 
40 1 0 13 3 1 4 4 1 0.589647 0.000000 
40 1 0 3 0 3 1 1 1 0.650521 0.000000 
40 1 1 0 0 0 1 1 1 0.580698 0.000000 
40 1 1 0 0 0 1 1 1 0.554206 0.000000 
40 1 0 8 2 0 3 3 1 0.631351 0.000000 
40 1 0 6 1 2 2 2 1 0.738905 0.000000 
40 1 0 6 1 2 2 2 1 0.577809 0.000000 
40 1 1 5 1 1 2 2 1 0.615355 0.000000 
40 1 1 15 3 3 4 4 1 0.579533 0.000000 
40 1 1 0 0 0 1 1 1 0.608925 0.000000 
40 1 0 6 1 2 2 1 0 0.613225 0.000000 
40 1 1 0 0 0 1 1 1 0.845196 0.000000 
40 1 1 15 3 3 4 4 1 0.566872 0.000000 
40 1 0 6 1 2 2 2 1 0.844440 0.000000 
40 1 0 6 1 2 2 2 1 0.567363 0.000000 
40 1 0 3 0 3 1 1 1 1.948947 0.000000 
40 1 0 3 0 3 1 1 1 0.532104 0.000000 
40 1 1 5 1 1 2 2 1 0.675131 0.000000 
40 1 0 6 1 2 2 2 1 0.692658 0.000000 
40 1 1 10 2 2 3 3 1 0.685549 0.000000 
40 1 0 3 0 3 1 1 1 0.629438 0.000000 
40 1 1 0 0 0 1 1 1 0.560986 0.000000 
40 1 1 10 2 2 3 3 1 0.631146 0.000000 
40 1 0 13 3 1 4 4 1 0.682689 0.000000 
40 1 0 13 3 1 4 4 1 0.524040 0.000000 
40 1 0 13 3 1 4 4 1 0.514975 0.000000 
40 1 0 3 0 3 1 1 1 0.651194 0.000000 
40 1 1 5 1 1 2 2 1 1.140483 0.000000 
40 1 1 15 3 3 4 4 1 1.579528 0.000000 
40 1 1 10 2 2 3 3 1 1.145423 0.000000 
40 1 1 15 3 3 4 4 1 0.552476 0.000000 
40 1 1 5 1 1 2 2 1 0.798663 0.000000 
40 1 1 5 1 1 2 2 1 0.595586 0.000000 
40 1 0 3 0 3 1 1 1 0.792431 0.000000 
40 1 1 15 3 3 4 4 1 0.653368 0.000000 
40 1 1 0 0 0 1 1 1 0.654539 0.000000 
40 1 0 3 0 3 1 1 1 0.800795 0.000000 
40 1 1 0 0 0 1 1 1 0.605024 0.000000 
40 1 0 6 1 2 2 2 1 0.705240 0.000000 
40 1 0 8 2 0 3 3 1 0.697487 0.000000 
40 1 0 3 0 3 1 1 1 1.754415 0.000000 
40 1 1 5 1 1 2 2 1 0.705015 0.000000 
40 1 1 5 1 1 2 2 1 0.553236 0.000000 
40 1 1 15 3 3 4 4 1 0.606402 0.000000 
40 1 0 8 2 0 3 3 1 0.714614 0.000000 
40 1 0 13 3 1 4 4 1 0.618847 0.000000 
40 1 1 10 2 2 3 3 1 1.950436 0.000000 
40 1 1 10 2 2 3 3 1 0.517052 0.000000 
40 1 0 6 1 2 2 2 1 0.732611 0.000000 
40 1 0 8 2 0 3 3 1 0.700000 0.000000 
40 1 0 3 0 3 1 1 1 0.570950 0.000000 
40 1 0 13 3 1 4 4 1 0.696251 0.000000 
40 1 1 10 2 2 3 3 1 0.593154 0.000000 
40 1 1 0 0 0 1 1 1 0.629986 0.000000 
40 1 1 5 1 1 2 2 1 0.769535 0.000000 
40 1 0 3 0 3 1 1 1 0.575123 0.000000 
40 1 0 3 0 3 1 1 1 0.460627 0.000000 
40 1 0 13 3 1 4 4 1 0.654765 0.000000 
40 1 1 15 3 3 4 4 1 0.480000 0.000000 
40 1 0 6 1 2 2 2 1 0.785436 0.000000 
40 1 1 15 3 3 4 4 1 0.566374 0.000000 
40 1 1 10 2 2 3 3 1 0.564119 0.000000 
40 1 1 10 2 2 3 3 1 0.553974 0.000000 
40 1 0 3 0 3 1 2 0 0.632242 0.000000 
40 1 1 10 2 2 3 3 1 0.615771 0.000000 
40 1 1 5 1 1 2 2 1 0.667509 0.000000 
40 1 0 8 2 0 3 3 1 0.763990 0.000000 
40 1 1 0 0 0 1 1 1 0.690214 0.000000 
40 1 1 5 1 1 2 2 1 3.163297 0.000000 
40 1 0 3 0 3 1 1 1 0.658387 0.000000 
40 1 0 6 1 2 2 2 1 0.764616 0.000000 
40 1 0 6 1 2 2 2 1 0.562858 0.000000 
40 1 0 3 0 3 1 1 1 0.560103 0.000000 
40 1 1 0 0 0 1 1 1 0.518212 0.000000 
40 1 0 13 3 1 4 4 1 0.717702 0.000000 
40 1 1 15 3 3 4 4 1 0.469265 0.000000 
40 1 0 6 1 2 2 2 1 1.190757 0.000000 
40 1 1 15 3 3 4 4 1 0.555825 0.000000 
40 1 1 15 3 3 4 4 1 0.465968 0.000000 
40 1 1 10 2 2 3 3 1 0.659962 0.000000 
40 1 1 15 3 3 4 4 1 0.533680 0.000000 
40 1 1 10 2 2 3 3 1 0.651506 0.000000 
40 1 1 5 1 1 2 2 1 0.685726 0.000000 
40 1 0 8 2 0 3 3 1 0.718596 0.000000 
40 1 1 5 1 1 2 2 1 0.742182 0.000000 
40 1 0 6 1 2 2 2 1 0.757075 0.000000 
40 1 0 6 1 2 2 2 1 0.563353 0.000000 
40 1 1 15 3 3 4 4 1 0.585525 0.000000 
40 1 1 5 1 1 2 2 1 0.662380 0.000000 
40 1 0 3 0 3 1 1 1 0.599560 0.000000 
40 1 1 10 2 2 3 4 0 0.652006 0.000000 
40 1 0 3 0 3 1 1 1 0.602009 0.000000 
40 1 1 10 2 2 3 3 1 0.645713 0.000000 
40 1 0 6 1 2 2 2 1 0.640591 0.000000 
40 1 1 15 3 3 4 4 1 0.571459 0.000000 
40 1 0 8 2 0 3 3 1 0.608970 0.000000 
40 1 0 13 3 1 4 4 1 0.581150 0.000000 
40 1 1 0 0 0 1 1 1 0.601708 0.000000 
40 1 0 6 1 2 2 2 1 0.997890 0.000000 
