12 1 1 15 3 3 4 4 1 1.261952 0.000000 
12 1 1 10 2 2 3 3 1 0.759765 0.000000 
12 1 1 10 2 2 3 3 1 1.868586 0.000000 
12 1 0 6 1 2 2 2 1 1.622520 0.000000 
12 1 1 15 3 3 4 4 1 0.649887 0.000000 
12 1 0 9 2 1 3 2 0 1.092120 0.000000 
12 1 0 12 3 0 4 4 1 0.849056 0.000000 
12 1 0 3 0 3 1 1 1 0.987682 0.000000 
12 1 0 3 0 3 1 1 1 0.503200 0.000000 
12 1 0 6 1 2 2 2 1 0.999424 0.000000 
12 1 0 9 2 1 3 2 0 0.819998 0.000000 
12 1 0 12 3 0 4 4 1 0.611201 0.000000 
12 1 0 6 1 2 2 2 1 1.167144 0.000000 
12 1 0 3 0 3 1 1 1 0.484918 0.000000 
12 1 0 9 2 1 3 3 1 1.053796 0.000000 
12 1 1 10 2 2 3 3 1 1.000205 0.000000 
12 1 0 12 3 0 4 4 1 0.547606 0.000000 
12 1 0 9 2 1 3 3 1 0.930465 0.000000 
12 1 0 3 0 3 1 1 1 0.674110 0.000000 
12 1 0 12 3 0 4 4 1 0.707722 0.000000 
12 1 0 9 2 1 3 3 1 1.131964 0.000000 
12 1 0 6 1 2 2 2 1 1.147802 0.000000 
12 1 0 9 2 1 3 3 1 1.049983 0.000000 
12 1 1 5 1 1 2 1 0 0.964318 0.000000 
12 1 1 0 0 0 1 1 1 1.222449 0.000000 
12 1 0 12 3 0 4 4 1 0.490003 0.000000 
12 1 1 10 2 2 3 3 1 0.842871 0.000000 
12 1 1 5 1 1 2 2 1 1.293880 0.000000 
12 1 0 3 0 3 1 1 1 0.783049 0.000000 
12 1 1 5 1 1 2 1 0 0.771969 0.000000 
12 1 1 10 2 2 3 3 1 0.668389 0.000000 
12 1 1 0 0 0 1 1 1 0.685786 0.000000 
12 1 1 0 0 0 1 1 1 0.622669 0.000000 
12 1 1 15 3 3 4 4 1 0.498214 0.000000 
12 1 1 0 0 0 1 1 1 0.595056 0.000000 
12 1 0 3 0 3 1 1 1 0.695956 0.000000 
12 1 0 9 2 1 3 4 0 0.704863 0.000000 
12 1 1 15 3 3 4 4 1 0.644938 0.000000 
12 1 1 10 2 2 3 3 1 0.806613 0.000000 
12 1 0 9 2 1 3 3 1 0.762862 0.000000 
12 1 1 10 2 2 3 3 1 0.545220 0.000000 
12 1 0 12 3 0 4 4 1 0.663986 0.000000 
12 1 1 15 3 3 4 4 1 0.618284 0.000000 
12 1 0 3 0 3 1 1 1 0.653876 0.000000 
12 1 0 12 3 0 4 4 1 0.624114 0.000000 
12 1 1 15 3 3 4 4 1 0.603663 0.000000 
12 1 0 3 0 3 1 1 1 0.630896 0.000000 
12 1 0 6 1 2 2 2 1 1.250489 0.000000 
12 1 1 5 1 1 2 1 0 1.020976 0.000000 
12 1 1 15 3 3 4 4 1 0.612449 0.000000 
12 1 0 6 1 2 2 2 1 0.880437 0.000000 
12 1 0 3 0 3 1 1 1 0.650152 0.000000 
12 1 1 15 3 3 4 4 1 0.588351 0.000000 
12 1 0 12 3 0 4 4 1 0.752185 0.000000 
12 1 1 0 0 0 1 1 1 0.638528 0.000000 
12 1 1 5 1 1 2 2 1 0.985446 0.000000 
12 1 1 10 2 2 3 3 1 0.958464 0.000000 
12 1 1 5 1 1 2 2 1 1.020851 0.000000 
12 1 0 12 3 0 4 4 1 0.672617 0.000000 
12 1 0 6 1 2 2 2 1 1.674194 0.000000 
12 1 0 9 2 1 3 3 1 0.795155 0.000000 
12 1 1 5 1 1 2 2 1 0.864149 0.000000 
12 1 0 6 1 2 2 2 1 0.658409 0.000000 
12 1 0 3 0 3 1 1 1 0.708694 0.000000 
12 1 1 0 0 0 1 1 1 0.524947 0.000000 
12 1 1 10 2 2 3 3 1 0.676501 0.000000 
12 1 1 5 1 1 2 2 1 0.670080 0.000000 
12 1 1 0 0 0 1 1 1 0.631684 0.000000 
12 1 1 5 1 1 2 2 1 0.954278 0.000000 
12 1 1 0 0 0 1 1 1 0.552613 0.000000 
12 1 1 10 2 2 3 3 1 0.598791 0.000000 
12 1 0 3 0 3 1 1 1 0.627634 0.000000 
12 1 0 3 0 3 1 1 1 0.839271 0.000000 
12 1 1 10 2 2 3 3 1 0.554127 0.000000 
12 1 1 10 2 2 3 3 1 0.720453 0.000000 
12 1 0 6 1 2 2 1 0 0.712003 0.000000 
12 1 0 9 2 1 3 3 1 1.091137 0.000000 
12 1 0 3 0 3 1 1 1 0.579958 0.000000 
12 1 1 10 2 2 3 3 1 0.665467 0.000000 
12 1 0 9 2 1 3 3 1 0.555765 0.000000 
12 1 0 3 0 3 1 1 1 0.537894 0.000000 
12 1 1 5 1 1 2 3 0 1.400838 0.000000 
12 1 1 15 3 3 4 4 1 0.593092 0.000000 
12 1 0 6 1 2 2 2 1 0.692818 0.000000 
12 1 0 12 3 0 4 4 1 0.605689 0.000000 
12 1 0 9 2 1 3 3 1 0.929922 0.000000 
12 1 0 12 3 0 4 4 1 0.561569 0.000000 
12 1 1 5 1 1 2 1 0 0.471835 0.000000 
12 1 1 5 1 1 2 2 1 0.885091 0.000000 
12 1 1 5 1 1 2 2 1 0.509858 0.000000 
12 1 1 5 1 1 2 2 1 0.438067 0.000000 
12 1 1 15 3 3 4 4 1 0.527816 0.000000 
12 1 1 15 3 3 4 4 1 0.559392 0.000000 
12 1 0 9 2 1 3 3 1 0.909601 0.000000 
12 1 1 15 3 3 4 4 1 0.509962 0.000000 
12 1 0 3 0 3 1 1 1 0.654135 0.000000 
12 1 0 3 0 3 1 1 1 0.472359 0.000000 
12 1 0 6 1 2 2 2 1 0.577891 0.000000 
12 1 0 6 1 2 2 2 1 0.543422 0.000000 
12 1 1 15 3 3 4 4 1 0.605330 0.000000 
12 1 1 5 1 1 2 2 1 0.881480 0.000000 
12 1 1 0 0 0 1 1 1 0.723190 0.000000 
12 1 0 12 3 0 4 4 1 0.594787 0.000000 
12 1 1 10 2 2 3 3 1 0.839636 0.000000 
12 1 0 3 0 3 1 1 1 0.538607 0.000000 
12 1 1 0 0 0 1 1 1 0.689535 0.000000 
12 1 1 5 1 1 2 2 1 0.738480 0.000000 
12 1 0 9 2 1 3 3 1 0.937393 0.000000 
12 1 1 0 0 0 1 1 1 0.647410 0.000000 
12 1 1 15 3 3 4 4 1 0.554306 0.000000 
12 1 1 10 2 2 3 3 1 0.808553 0.000000 
12 1 1 15 3 3 4 4 1 0.556807 0.000000 
12 1 1 15 3 3 4 4 1 0.514967 0.000000 
12 1 1 15 3 3 4 4 1 0.435232 0.000000 
12 1 1 10 2 2 3 3 1 0.830010 0.000000 
12 1 1 10 2 2 3 3 1 0.528718 0.000000 
12 1 1 0 0 0 1 1 1 0.568119 0.000000 
12 1 0 6 1 2 2 2 1 0.989758 0.000000 
12 1 1 15 3 3 4 4 1 0.554810 0.000000 
12 1 0 12 3 0 4 4 1 0.761055 0.000000 
12 1 1 0 0 0 1 1 1 0.519271 0.000000 
12 1 0 9 2 1 3 3 1 0.678773 0.000000 
12 1 0 12 3 0 4 4 1 0.560385 0.000000 
12 1 1 0 0 0 1 1 1 0.550555 0.000000 
12 1 0 3 0 3 1 1 1 0.459793 0.000000 
12 1 0 12 3 0 4 4 1 0.605945 0.000000 
12 1 1 10 2 2 3 3 1 0.650127 0.000000 
12 1 0 9 2 1 3 3 1 0.516384 0.000000 
12 1 0 3 0 3 1 1 1 0.571960 0.000000 
12 1 1 5 1 1 2 2 1 1.097504 0.000000 
12 1 1 10 2 2 3 3 1 0.786558 0.000000 
12 1 1 0 0 0 1 1 1 0.535514 0.000000 
12 1 1 5 1 1 2 3 0 0.661396 0.000000 
12 1 0 3 0 3 1 2 0 0.523498 0.000000 
12 1 0 9 2 1 3 3 1 0.718542 0.000000 
12 1 0 9 2 1 3 3 1 0.533856 0.000000 
12 1 1 5 1 1 2 2 1 1.324766 0.000000 
12 1 0 9 2 1 3 3 1 0.748538 0.000000 
12 1 0 6 1 2 2 2 1 0.755540 0.000000 
12 1 1 10 2 2 3 3 1 0.960856 0.000000 
12 1 0 3 0 3 1 1 1 0.527183 0.000000 
12 1 1 0 0 0 1 1 1 0.494718 0.000000 
12 1 0 12 3 0 4 4 1 0.615536 0.000000 
12 1 0 6 1 2 2 2 1 0.771802 0.000000 
12 1 0 3 0 3 1 1 1 0.529468 0.000000 
12 1 1 0 0 0 1 1 1 0.664942 0.000000 
12 1 1 0 0 0 1 1 1 0.547182 0.000000 
12 1 0 3 0 3 1 1 1 0.624997 0.000000 
12 1 1 5 1 1 2 2 1 1.396614 0.000000 
12 1 0 12 3 0 4 4 1 0.633828 0.000000 
12 1 0 6 1 2 2 2 1 0.788744 0.000000 
12 1 0 12 3 0 4 4 1 0.577684 0.000000 
12 1 1 10 2 2 3 2 0 0.703243 0.000000 
12 1 0 6 1 2 2 2 1 0.787300 0.000000 
12 1 0 9 2 1 3 3 1 0.816003 0.000000 
12 1 1 15 3 3 4 4 1 0.562931 0.000000 
12 1 1 15 3 3 4 4 1 0.488898 0.000000 
12 1 0 12 3 0 4 4 1 0.673709 0.000000 
12 1 1 15 3 3 4 4 1 0.475216 0.000000 
12 1 1 15 3 3 4 4 1 0.508836 0.000000 
12 1 0 12 3 0 4 4 1 0.492930 0.000000 
12 1 1 5 1 1 2 1 0 0.517814 0.000000 
12 1 0 3 0 3 1 1 1 0.777179 0.000000 
12 1 1 5 1 1 2 2 1 0.821525 0.000000 
12 1 1 5 1 1 2 2 1 0.449179 0.000000 
12 1 0 9 2 1 3 4 0 0.675940 0.000000 
12 1 0 3 0 3 1 1 1 0.697394 0.000000 
12 1 0 6 1 2 2 2 1 1.218002 0.000000 
12 1 1 15 3 3 4 4 1 0.461862 0.000000 
12 1 1 5 1 1 2 2 1 0.791996 0.000000 
12 1 0 12 3 0 4 4 1 0.651931 0.000000 
12 1 1 15 3 3 4 4 1 0.534258 0.000000 
12 1 0 9 2 1 3 3 1 0.725064 0.000000 
12 1 1 15 3 3 4 4 1 0.500690 0.000000 
12 1 0 12 3 0 4 4 1 0.612923 0.000000 
12 1 1 5 1 1 2 2 1 0.641115 0.000000 
12 1 1 0 0 0 1 1 1 0.627991 0.000000 
12 1 1 5 1 1 2 2 1 0.687554 0.000000 
12 1 0 9 2 1 3 2 0 0.503565 0.000000 
12 1 1 0 0 0 1 1 1 0.659470 0.000000 
12 1 0 9 2 1 3 3 1 0.765495 0.000000 
12 1 0 6 1 2 2 3 0 0.723755 0.000000 
12 1 1 10 2 2 3 3 1 1.023178 0.000000 
12 1 1 5 1 1 2 2 1 0.818731 0.000000 
12 1 0 3 0 3 1 1 1 0.670310 0.000000 
12 1 0 3 0 3 1 1 1 0.559883 0.000000 
12 1 0 3 0 3 1 1 1 0.454093 0.000000 
12 1 1 10 2 2 3 3 1 1.783315 0.000000 
12 1 0 6 1 2 2 2 1 0.684602 0.000000 
12 1 0 9 2 1 3 2 0 0.645550 0.000000 
12 1 1 5 1 1 2 2 1 0.652243 0.000000 
12 1 0 12 3 0 4 4 1 0.678247 0.000000 
12 1 1 10 2 2 3 3 1 2.363851 0.000000 
12 1 1 10 2 2 3 3 1 0.530235 0.000000 
12 1 1 0 0 0 1 1 1 0.553620 0.000000 
12 1 0 3 0 3 1 1 1 0.527257 0.000000 
12 1 1 15 3 3 4 4 1 0.486656 0.000000 
12 1 0 12 3 0 4 4 1 0.558986 0.000000 
12 1 1 0 0 0 1 1 1 0.541207 0.000000 
12 1 1 15 3 3 4 4 1 0.548071 0.000000 
12 1 0 6 1 2 2 3 0 0.578802 0.000000 
12 1 1 5 1 1 2 2 1 0.602631 0.000000 
12 1 0 3 0 3 1 1 1 0.718589 0.000000 
12 1 1 10 2 2 3 3 1 0.622202 0.000000 
12 1 0 9 2 1 3 3 1 0.801747 0.000000 
12 1 0 12 3 0 4 4 1 0.654087 0.000000 
12 1 1 15 3 3 4 4 1 0.504331 0.000000 
12 1 1 15 3 3 4 4 1 0.760503 0.000000 
12 1 1 0 0 0 1 1 1 0.533803 0.000000 
12 1 1 5 1 1 2 2 1 0.772705 0.000000 
12 1 1 0 0 0 1 1 1 0.570294 0.000000 
12 1 1 5 1 1 2 2 1 0.703849 0.000000 
12 1 0 12 3 0 4 4 1 0.568119 0.000000 
12 1 0 6 1 2 2 2 1 0.701683 0.000000 
12 1 1 5 1 1 2 2 1 0.613941 0.000000 
12 1 0 3 0 3 1 1 1 0.610116 0.000000 
12 1 1 0 0 0 1 1 1 0.581365 0.000000 
12 1 1 10 2 2 3 3 1 0.722940 0.000000 
12 1 0 9 2 1 3 2 0 0.594531 0.000000 
12 1 1 15 3 3 4 4 1 0.555184 0.000000 
12 1 1 5 1 1 2 2 1 1.009217 0.000000 
12 1 1 5 1 1 2 2 1 0.541632 0.000000 
12 1 1 15 3 3 4 4 1 0.540425 0.000000 
12 1 1 0 0 0 1 1 1 0.627319 0.000000 
12 1 0 9 2 1 3 3 1 0.702847 0.000000 
12 1 0 3 0 3 1 1 1 0.686090 0.000000 
12 1 0 6 1 2 2 2 1 0.767083 0.000000 
12 1 1 0 0 0 1 1 1 0.644725 0.000000 
12 1 0 6 1 2 2 2 1 0.983597 0.000000 
12 1 0 6 1 2 2 2 1 0.564725 0.000000 
12 1 0 12 3 0 4 4 1 0.602865 0.000000 
12 1 1 10 2 2 3 2 0 0.727143 0.000000 
12 1 0 12 3 0 4 4 1 0.617494 0.000000 
12 1 0 9 2 1 3 3 1 1.084857 0.000000 
12 1 1 15 3 3 4 4 1 0.677958 0.000000 
12 1 1 5 1 1 2 2 1 0.983513 0.000000 
12 1 0 9 2 1 3 3 1 0.812603 0.000000 
12 1 1 0 0 0 1 1 1 0.728874 0.000000 
12 1 0 6 1 2 2 2 1 0.920480 0.000000 
12 1 1 10 2 2 3 3 1 0.775241 0.000000 
12 1 0 12 3 0 4 4 1 0.652786 0.000000 
12 1 1 0 0 0 1 1 1 0.687036 0.000000 
12 1 1 5 1 1 2 2 1 0.767982 0.000000 
12 1 1 0 0 0 1 1 1 0.605549 0.000000 
12 1 1 15 3 3 4 4 1 0.633800 0.000000 
12 1 0 9 2 1 3 3 1 0.748734 0.000000 
12 1 0 3 0 3 1 1 1 0.579739 0.000000 
12 1 1 10 2 2 3 3 1 0.736255 0.000000 
12 1 0 12 3 0 4 4 1 0.623205 0.000000 
12 1 0 3 0 3 1 1 1 0.602772 0.000000 
12 1 1 15 3 3 4 4 1 0.582965 0.000000 
12 1 1 5 1 1 2 2 1 1.075864 0.000000 
12 1 1 15 3 3 4 4 1 0.549623 0.000000 
12 1 1 10 2 2 3 3 1 0.644093 0.000000 
12 1 0 9 2 1 3 3 1 0.870761 0.000000 
12 1 0 3 0 3 1 1 1 0.647406 0.000000 
12 1 0 12 3 0 4 4 1 0.722306 0.000000 
12 1 0 12 3 0 4 4 1 0.641917 0.000000 
12 1 1 15 3 3 4 4 1 0.708844 0.000000 
12 1 0 12 3 0 4 4 1 0.845128 0.000000 
12 1 1 5 1 1 2 2 1 0.832085 0.000000 
12 1 0 9 2 1 3 3 1 1.035799 0.000000 
12 1 1 5 1 1 2 2 1 0.654842 0.000000 
12 1 1 10 2 2 3 3 1 0.576070 0.000000 
12 1 1 15 3 3 4 4 1 0.589602 0.000000 
12 1 0 3 0 3 1 1 1 0.618526 0.000000 
12 1 1 15 3 3 4 4 1 0.582050 0.000000 
12 1 0 3 0 3 1 1 1 0.683647 0.000000 
12 1 0 3 0 3 1 1 1 0.572502 0.000000 
12 1 0 3 0 3 1 1 1 0.434105 0.000000 
12 1 1 5 1 1 2 2 1 0.820878 0.000000 
12 1 1 5 1 1 2 2 1 0.591577 0.000000 
12 1 1 0 0 0 1 1 1 0.676468 0.000000 
12 1 1 10 2 2 3 3 1 0.654033 0.000000 
12 1 1 10 2 2 3 3 1 0.648272 0.000000 
12 1 0 3 0 3 1 1 1 0.531222 0.000000 
12 1 0 9 2 1 3 2 0 0.674710 0.000000 
12 1 0 9 2 1 3 3 1 0.936140 0.000000 
12 1 1 10 2 2 3 3 1 0.622889 0.000000 
12 1 1 15 3 3 4 4 1 0.769507 0.000000 
12 1 0 9 2 1 3 3 1 0.887077 0.000000 
12 1 0 3 0 3 1 1 1 0.760136 0.000000 
12 1 0 12 3 0 4 4 1 0.830423 0.000000 
12 1 1 15 3 3 4 4 1 0.569986 0.000000 
12 1 1 15 3 3 4 4 1 0.447577 0.000000 
12 1 0 6 1 2 2 2 1 0.874406 0.000000 
12 1 1 10 2 2 3 3 1 0.571104 0.000000 
12 1 0 12 3 0 4 4 1 0.568608 0.000000 
12 1 0 6 1 2 2 2 1 1.022192 0.000000 
12 1 1 0 0 0 1 1 1 0.673913 0.000000 
12 1 0 3 0 3 1 1 1 0.707507 0.000000 
12 1 0 12 3 0 4 4 1 0.651792 0.000000 
12 1 1 10 2 2 3 4 0 0.605958 0.000000 
12 1 1 10 2 2 3 3 1 0.702002 0.000000 
12 1 0 12 3 0 4 4 1 0.645062 0.000000 
12 1 0 9 2 1 3 3 1 0.767918 0.000000 
12 1 0 6 1 2 2 2 1 0.973583 0.000000 
12 1 1 5 1 1 2 2 1 0.675297 0.000000 
12 1 0 6 1 2 2 2 1 0.716888 0.000000 
12 1 1 0 0 0 1 1 1 0.676462 0.000000 
12 1 1 10 2 2 3 3 1 0.598064 0.000000 
12 1 0 6 1 2 2 2 1 1.218999 0.000000 
12 1 0 3 0 3 1 1 1 0.581783 0.000000 
12 1 1 0 0 0 1 1 1 0.515331 0.000000 
12 1 0 6 1 2 2 2 1 0.907537 0.000000 
12 1 1 15 3 3 4 4 1 0.651882 0.000000 
12 1 0 6 1 2 2 2 1 0.750121 0.000000 
12 1 0 9 2 1 3 3 1 0.780405 0.000000 
12 1 1 15 3 3 4 4 1 0.618022 0.000000 
12 1 0 9 2 1 3 3 1 0.956702 0.000000 
12 1 0 12 3 0 4 4 1 0.683044 0.000000 
12 1 0 9 2 1 3 2 0 0.803893 0.000000 
12 1 0 3 0 3 1 1 1 0.675991 0.000000 
12 1 0 12 3 0 4 4 1 0.565323 0.000000 
12 1 0 3 0 3 1 1 1 0.539601 0.000000 
12 1 0 12 3 0 4 4 1 0.642429 0.000000 
12 1 1 5 1 1 2 2 1 0.789404 0.000000 
12 1 1 15 3 3 4 4 1 0.626318 0.000000 
12 1 1 15 3 3 4 4 1 0.452873 0.000000 
12 1 0 9 2 1 3 2 0 1.022976 0.000000 
12 1 0 3 0 3 1 1 1 0.694598 0.000000 
12 1 0 12 3 0 4 4 1 0.663300 0.000000 
12 1 1 15 3 3 4 4 1 0.473453 0.000000 
12 1 0 6 1 2 2 2 1 1.379009 0.000000 
12 1 1 0 0 0 1 1 1 0.616865 0.000000 
12 1 1 0 0 0 1 1 1 0.747454 0.000000 
12 1 1 10 2 2 3 3 1 0.626495 0.000000 
12 1 0 6 1 2 2 2 1 0.717975 0.000000 
12 1 1 15 3 3 4 4 1 0.509557 0.000000 
12 1 0 9 2 1 3 2 0 1.013788 0.000000 
12 1 1 5 1 1 2 2 1 0.710004 0.000000 
12 1 0 6 1 2 2 2 1 0.821952 0.000000 
12 1 1 0 0 0 1 1 1 0.680710 0.000000 
12 1 0 3 0 3 1 1 1 0.714221 0.000000 
12 1 1 0 0 0 1 1 1 0.658489 0.000000 
12 1 1 5 1 1 2 2 1 0.948748 0.000000 
12 1 0 12 3 0 4 4 1 0.667814 0.000000 
12 1 0 6 1 2 2 2 1 0.957401 0.000000 
12 1 0 6 1 2 2 2 1 1.019792 0.000000 
12 1 1 5 1 1 2 2 1 2.023530 0.000000 
12 1 1 5 1 1 2 2 1 0.682621 0.000000 
12 1 0 3 0 3 1 1 1 0.740075 0.000000 
12 1 0 9 2 1 3 2 0 0.810546 0.000000 
12 1 0 3 0 3 1 1 1 0.634636 0.000000 
12 1 0 9 2 1 3 3 1 0.941285 0.000000 
12 1 0 3 0 3 1 1 1 0.684346 0.000000 
12 1 1 5 1 1 2 2 1 1.085309 0.000000 
12 1 1 5 1 1 2 2 1 0.893380 0.000000 
12 1 1 10 2 2 3 3 1 1.038332 0.000000 
12 1 0 6 1 2 2 2 1 0.849405 0.000000 
12 1 0 9 2 1 3 2 0 1.156040 0.000000 
12 1 1 15 3 3 4 4 1 0.694014 0.000000 
12 1 1 5 1 1 2 2 1 1.094705 0.000000 
12 1 0 6 1 2 2 2 1 1.191826 0.000000 
12 1 1 5 1 1 2 2 1 0.699920 0.000000 
12 1 0 12 3 0 4 4 1 0.644212 0.000000 
12 1 0 9 2 1 3 3 1 0.895083 0.000000 
12 1 0 9 2 1 3 3 1 0.608101 0.000000 
12 1 1 10 2 2 3 3 1 0.500305 0.000000 
12 1 1 0 0 0 1 1 1 0.652546 0.000000 
12 1 0 3 0 3 1 1 1 0.678777 0.000000 
12 1 1 10 2 2 3 2 0 0.863508 0.000000 
12 1 0 12 3 0 4 4 1 0.629514 0.000000 
12 1 1 0 0 0 1 1 1 0.608879 0.000000 
12 1 1 15 3 3 4 4 1 0.557037 0.000000 
12 1 1 10 2 2 3 2 0 0.803247 0.000000 
12 1 1 15 3 3 4 4 1 0.563338 0.000000 
12 1 0 3 0 3 1 1 1 0.705316 0.000000 
12 1 0 6 1 2 2 2 1 1.641646 0.000000 
12 1 0 9 2 1 3 3 1 0.787940 0.000000 
12 1 1 0 0 0 1 1 1 0.712788 0.000000 
12 1 1 10 2 2 3 3 1 0.713175 0.000000 
12 1 0 3 0 3 1 1 1 0.721446 0.000000 
12 1 1 10 2 2 3 2 0 1.881121 0.000000 
12 1 0 3 0 3 1 1 1 0.646898 0.000000 
12 1 0 9 2 1 3 3 1 1.217590 0.000000 
12 1 0 12 3 0 4 4 1 0.668398 0.000000 
12 1 1 5 1 1 2 2 1 0.901982 0.000000 
12 1 0 6 1 2 2 2 1 0.854365 0.000000 
12 1 1 0 0 0 1 1 1 0.688708 0.000000 
12 1 1 5 1 1 2 2 1 0.841629 0.000000 
12 1 1 5 1 1 2 2 1 0.700555 0.000000 
12 1 0 9 2 1 3 3 1 0.996933 0.000000 
12 1 0 12 3 0 4 4 1 0.745894 0.000000 
